18929
2736
4 2 100 98
2 2 100 97
2 8 100 95
1 2 100 92
1 2 100 89
2 4 100 87
4 3 100 84
4 3 100 82
1 2 100 77
4 3 100 76
1 3 100 75
2 2 100 74
1 2 100 71
1 5 100 68
4 3 100 67
3 2 100 64
1 3 100 58
3 2 100 57
4 4 100 54
1 4 100 51
4 6 100 49
2 4 100 46
4 2 100 42
2 5 100 39
4 3 100 38
2 2 100 34
2 2 100 29
3 6 100 26
3 3 100 22
1 2 100 19
4 2 100 18
1 3 100 16
3 3 100 15
1 2 100 13
4 3 100 9
1 3 100 7
3 3 100 3
3 3 99 89
2 2 99 88
4 4 99 87
2 2 99 83
1 2 99 79
3 2 99 74
4 2 99 73
2 2 99 72
2 2 99 62
4 2 99 59
3 2 99 54
1 3 99 46
2 2 99 43
3 2 99 42
2 2 99 41
3 3 99 38
4 2 99 28
2 2 99 21
2 3 99 18
2 4 99 15
2 2 99 12
2 2 99 4
1 8 98 93
1 2 98 84
3 2 98 78
3 2 98 72
3 3 98 63
1 6 98 61
4 2 98 56
1 2 98 57
2 4 98 56
2 3 98 53
2 3 98 48
1 2 98 48
1 2 98 35
1 2 99 36
2 2 98 36
4 7 98 34
3 5 98 33
2 3 98 31
4 2 98 29
3 2 98 28
2 4 98 27
1 2 98 25
4 4 98 24
4 4 98 22
1 2 98 14
4 6 98 2
1 2 98 5
4 2 98 6
2 2 97 98
2 4 97 84
4 4 97 83
3 2 97 82
1 3 97 78
2 2 97 79
4 2 97 79
3 2 97 78
3 4 97 76
3 4 97 73
2 8 97 71
4 3 97 67
2 3 97 64
3 3 97 61
1 2 97 59
1 2 97 51
1 6 97 44
3 2 97 31
3 3 97 7
1 2 97 1
1 4 96 97
4 3 96 94
1 15 96 88
4 2 96 75
2 6 96 67
3 2 97 69
2 2 96 69
1 2 96 54
3 2 96 53
4 2 96 52
4 5 96 48
2 2 96 45
1 2 96 44
3 5 96 36
1 4 96 28
3 2 96 16
1 4 96 14
2 2 96 13
3 4 96 12
1 5 96 9
1 2 97 8
2 2 97 8
4 2 97 7
1 2 96 5
3 7 96 3
3 7 95 99
4 2 95 96
2 3 95 94
1 3 95 79
2 3 95 75
1 2 95 74
4 4 95 65
4 5 95 63
1 2 95 56
4 4 95 55
3 4 95 52
2 2 95 42
4 8 95 42
1 8 95 33
4 3 95 27
3 2 95 19
2 2 96 18
1 3 96 19
4 3 96 19
4 2 96 17
4 4 95 15
1 3 95 11
2 7 95 6
4 3 95 5
1 2 95 2
3 2 95 1
2 6 94 96
2 2 94 92
3 4 94 92
3 2 94 89
1 3 94 81
1 2 94 82
4 4 94 81
1 3 94 77
4 2 94 74
1 2 94 72
2 2 94 59
2 7 94 55
4 3 94 49
2 6 94 49
2 2 94 44
3 3 94 39
1 2 95 38
3 2 94 38
2 3 94 37
2 3 94 29
3 11 94 27
1 2 96 23
1 2 94 23
4 2 94 22
2 3 94 23
3 2 94 21
2 3 94 15
3 3 93 95
4 4 93 89
2 4 93 87
2 2 93 84
3 2 93 83
2 3 93 82
3 2 93 79
3 3 93 76
4 2 93 69
1 2 94 68
2 3 93 67
3 4 93 66
4 2 93 63
2 3 93 61
4 4 93 53
2 2 93 52
1 3 93 47
3 3 93 45
1 2 93 39
3 2 93 36
1 3 93 37
4 4 93 35
4 2 93 32
4 3 93 24
3 2 93 19
4 2 93 17
3 3 93 16
4 2 93 12
4 3 93 9
1 2 93 7
2 3 93 1
4 2 92 98
1 2 92 96
1 2 92 93
1 2 93 94
4 2 92 94
3 3 92 87
4 2 92 79
4 3 92 74
3 2 92 69
1 5 92 66
4 2 92 59
2 2 94 58
4 2 94 58
1 2 92 58
1 3 92 55
1 2 92 19
1 2 92 16
4 2 92 15
3 2 92 7
4 2 92 5
4 2 92 2
1 2 90 97
4 3 90 94
1 3 90 89
2 6 90 85
4 3 90 83
3 2 90 78
4 2 90 77
3 2 90 75
1 2 90 74
3 2 90 68
2 4 90 66
1 2 90 58
4 3 90 57
2 3 90 55
4 2 90 49
3 2 92 49
2 8 90 47
2 2 90 42
4 2 90 39
2 3 90 37
1 4 90 36
3 4 90 33
3 2 90 29
1 3 90 28
2 2 90 26
4 3 90 22
3 2 90 22
2 3 90 19
4 2 90 15
2 2 90 13
3 5 90 9
4 4 90 6
3 4 90 5
4 7 90 2
3 2 89 97
3 2 89 89
3 4 89 87
1 4 89 82
1 2 89 72
4 4 89 67
3 3 89 64
4 2 89 64
4 2 91 65
1 5 89 62
2 5 89 59
1 3 89 56
1 2 89 45
4 2 90 45
3 4 89 44
3 3 89 41
4 2 89 32
3 3 89 18
3 2 89 1
2 3 88 99
4 3 88 98
2 2 88 96
4 3 88 94
1 3 88 93
4 4 88 84
2 5 88 79
4 9 88 77
1 5 88 76
4 9 88 73
4 2 88 62
4 8 88 53
1 2 88 52
4 3 88 46
1 2 88 43
4 2 88 43
4 4 88 37
3 2 88 38
2 2 88 31
3 12 88 26
4 4 88 17
2 2 88 19
1 3 88 15
4 2 88 14
1 8 88 5
3 2 88 6
3 4 87 96
1 7 87 95
4 2 87 87
2 4 87 87
2 2 87 82
1 2 87 71
3 3 87 62
3 4 87 59
2 4 87 56
3 2 87 55
2 2 87 52
1 2 87 49
3 5 87 48
1 3 87 38
1 2 87 29
4 3 87 23
1 3 87 21
3 2 87 19
3 13 87 16
2 3 87 7
4 3 86 99
2 9 86 92
3 2 86 92
2 2 86 91
4 2 86 85
3 2 86 84
1 3 86 81
2 7 86 74
2 2 86 71
4 3 86 69
1 2 86 69
2 8 86 69
4 2 86 64
3 2 88 65
2 2 87 65
4 2 86 57
1 2 86 54
4 9 86 48
1 2 86 42
3 2 86 35
1 4 86 34
1 6 86 32
2 2 88 33
3 3 86 29
1 3 88 29
4 2 86 28
1 2 86 27
1 2 86 19
2 2 86 14
1 2 89 13
1 4 86 13
3 2 86 13
4 3 86 11
1 3 86 8
3 5 86 3
3 2 85 99
1 2 85 98
2 2 85 97
2 3 85 95
3 2 85 94
4 4 85 92
3 3 85 82
3 4 85 73
4 3 85 65
2 2 88 66
1 3 85 67
2 5 85 62
2 3 85 58
1 4 85 56
1 2 85 58
3 2 85 55
3 4 85 51
3 3 85 43
2 2 87 44
4 4 85 41
1 2 85 39
2 5 85 38
4 5 85 33
2 2 85 29
4 7 85 25
2 3 85 24
4 2 85 19
3 3 85 11
3 4 85 9
4 11 85 5
3 2 84 92
1 2 84 88
4 2 87 89
3 2 84 87
2 3 84 85
3 4 84 83
1 4 84 79
3 2 84 77
1 2 84 76
3 8 84 66
3 3 84 59
1 2 84 53
2 4 84 52
2 6 84 45
1 2 84 44
4 3 84 37
4 2 84 35
2 3 84 36
1 2 85 34
3 2 84 34
1 2 84 23
3 2 84 24
2 2 84 19
4 2 84 13
1 6 84 9
2 2 84 5
3 2 84 6
2 5 84 1
2 2 83 99
3 3 83 98
4 3 83 88
3 2 84 89
1 2 83 86
4 2 83 79
4 3 83 77
2 2 83 77
3 2 83 76
4 3 83 73
3 2 83 72
1 3 83 71
3 2 83 69
2 3 83 59
4 4 83 55
2 3 83 48
4 2 83 44
1 2 83 42
3 4 83 39
1 3 83 34
3 3 83 31
1 2 83 29
3 3 83 28
2 4 83 27
2 2 83 24
2 4 83 17
1 3 83 18
2 2 83 15
1 3 83 12
4 2 82 95
3 2 82 96
2 3 82 88
2 2 83 89
4 3 82 69
3 2 82 58
3 2 82 53
2 3 82 34
1 2 82 25
2 2 82 19
3 2 82 14
1 2 82 15
2 3 82 7
1 2 82 3
1 2 80 97
5 2 81 96
6 2 81 95
3 4 80 94
3 2 81 94
5 2 80 94
4 2 80 95
6 2 80 93
4 2 80 92
1 5 80 92
4 3 80 88
6 2 81 87
5 2 81 86
1 2 80 85
1 3 80 83
6 2 81 84
4 2 81 84
3 7 80 77
2 2 80 78
5 2 80 76
1 9 80 68
4 2 80 63
1 2 82 64
1 3 80 57
6 2 81 58
6 2 81 55
1 2 80 53
1 4 80 48
6 3 80 48
5 2 81 46
4 3 81 45
3 2 80 49
6 2 80 45
5 2 81 44
3 5 80 44
1 8 80 43
4 6 80 34
2 2 80 31
2 3 80 28
5 2 81 26
6 2 81 25
5 2 81 24
1 2 80 25
4 4 80 25
4 2 80 15
1 8 80 14
2 3 80 9
4 2 80 7
6 2 80 8
4 2 80 5
6 2 81 6
1 2 81 6
2 2 79 96
1 2 79 87
3 4 79 86
5 2 79 84
2 13 79 83
4 2 79 79
6 3 79 78
4 2 79 76
6 2 80 75
5 2 81 74
1 3 81 74
6 2 81 73
2 2 80 75
3 4 79 72
1 3 79 72
3 2 79 67
3 2 79 64
5 2 81 65
3 3 79 62
4 2 81 63
4 2 79 55
2 4 79 51
2 10 79 48
6 2 79 43
3 2 79 43
2 3 79 41
1 3 79 33
6 2 79 33
4 2 79 23
3 2 82 22
3 3 79 24
6 2 80 23
1 2 80 23
2 4 80 22
4 4 79 23
4 2 79 21
2 3 79 18
3 4 79 17
6 4 79 16
3 2 79 6
5 2 79 7
1 3 78 97
6 2 81 98
4 2 81 98
4 2 78 86
3 2 78 79
4 3 78 73
1 5 78 66
2 2 80 67
2 3 78 63
6 2 78 64
2 2 78 65
4 2 78 66
3 3 78 65
2 2 78 59
5 2 80 58
1 2 78 54
1 2 78 49
5 2 78 48
1 3 78 46
4 2 78 39
5 2 81 38
4 2 81 39
6 2 81 37
3 2 82 36
3 5 78 39
2 2 80 36
3 2 79 36
5 2 78 34
3 4 78 33
1 2 78 32
4 3 78 32
1 7 78 28
4 2 78 29
1 3 78 19
1 3 78 17
2 2 78 14
5 3 78 15
4 4 78 11
3 4 78 8
1 5 78 7
4 2 78 6
4 2 78 2
5 2 81 3
2 8 77 96
1 2 80 99
1 2 78 99
3 2 77 99
5 2 77 98
3 5 77 93
2 2 77 89
4 2 77 88
3 2 77 89
3 2 77 85
1 4 77 84
1 2 77 79
4 7 77 77
2 3 77 76
2 5 77 74
4 2 77 68
1 2 77 57
4 4 77 56
3 3 77 52
1 2 77 51
4 2 77 48
3 5 77 42
1 3 77 39
1 2 78 37
2 2 77 33
4 2 77 26
2 2 77 25
3 2 77 24
3 4 77 22
2 3 77 17
3 2 77 13
3 2 77 3
1 2 78 3
2 11 77 2
2 2 77 6
1 2 76 99
4 4 76 99
3 2 76 82
1 2 76 76
3 3 76 75
2 3 76 66
1 2 76 65
4 8 76 62
5 2 76 63
4 2 76 59
1 3 76 58
2 3 76 56
5 2 77 56
3 4 76 55
5 2 79 54
1 5 76 54
3 2 76 47
2 6 76 39
5 2 79 36
3 3 76 34
2 3 76 31
4 2 76 29
5 2 78 28
1 2 76 29
2 2 76 28
3 4 76 27
1 2 76 25
4 3 76 19
3 4 76 16
4 2 76 16
5 2 76 17
6 2 76 18
4 8 76 9
3 5 76 6
3 2 75 94
4 2 75 95
2 3 75 94
4 5 75 92
1 3 75 89
4 3 75 88
2 3 75 71
4 2 75 69
5 2 77 68
1 2 77 67
6 3 76 68
3 3 75 68
2 4 75 67
3 4 75 64
4 4 75 53
3 3 75 45
4 5 75 42
1 5 75 17
2 2 75 14
1 5 75 13
1 4 75 4
5 2 75 5
3 5 74 99
1 2 74 95
3 3 74 88
1 2 74 89
2 5 74 85
3 2 74 82
1 2 75 82
4 7 74 81
1 4 74 77
4 2 74 76
1 5 74 72
4 4 74 66
4 2 74 57
4 2 75 58
2 2 77 59
3 4 74 58
3 2 75 59
1 5 74 58
2 3 74 55
6 2 74 53
1 2 74 49
2 6 74 47
4 3 74 36
4 2 75 37
4 2 74 33
3 3 74 29
2 6 74 28
2 3 74 25
3 3 74 23
1 2 74 15
4 2 74 14
4 2 74 5
3 2 74 1
1 3 73 97
4 4 73 97
2 4 73 92
4 7 73 89
1 3 73 86
3 2 73 79
1 2 73 79
2 4 73 75
2 2 73 65
4 2 73 59
3 4 73 54
3 2 74 52
4 2 73 49
2 2 75 49
1 2 73 44
1 2 74 43
3 2 73 38
3 3 73 34
2 2 73 35
1 5 73 32
1 4 73 26
3 2 73 24
4 4 73 23
2 2 73 19
3 3 73 18
2 2 73 16
2 4 73 9
1 3 73 2
5 2 72 92
2 2 72 87
6 2 72 85
4 3 72 74
5 2 72 72
1 2 72 69
3 2 72 67
6 2 72 65
1 2 72 38
2 2 72 37
3 2 72 38
5 2 72 32
1 4 72 18
5 2 72 18
5 2 72 8
1 2 72 7
1 5 71 65
2 4 70 97
6 2 71 96
4 2 70 94
2 2 70 92
4 3 70 88
5 2 70 88
3 3 70 86
3 2 70 79
2 2 70 77
4 4 70 73
1 6 70 59
3 5 70 57
1 4 70 56
4 3 70 54
2 2 70 55
1 3 70 52
2 2 71 52
5 2 71 52
4 2 71 51
3 2 70 47
4 2 70 44
3 2 70 41
2 8 70 38
2 2 70 29
3 2 70 27
1 3 70 26
6 2 70 26
3 3 70 24
2 2 70 22
4 4 70 17
3 2 70 11
4 6 70 4
3 2 72 5
6 3 71 5
1 4 69 99
3 2 69 97
1 2 71 96
3 2 70 96
1 5 69 95
4 2 69 89
3 2 69 88
1 2 69 85
2 2 69 82
6 2 71 83
4 7 69 83
1 2 69 79
2 2 69 79
4 2 69 77
4 2 70 76
1 2 69 74
2 2 69 65
3 3 69 62
2 2 72 62
4 5 69 62
1 2 72 64
4 3 72 64
6 2 70 63
2 2 69 59
1 3 69 54
2 4 69 52
1 5 69 49
4 2 72 49
3 2 71 49
1 2 70 46
2 2 69 45
4 7 69 42
1 2 70 42
5 2 70 42
4 4 69 36
2 2 69 33
1 2 69 29
1 2 69 23
1 8 69 18
4 3 69 13
2 2 73 12
3 3 72 13
1 2 71 13
3 3 69 8
2 2 69 7
1 3 69 7
2 9 69 2
3 2 68 99
4 2 68 92
3 3 68 78
1 2 68 77
3 9 68 75
2 2 68 72
4 2 68 69
2 2 69 68
4 3 68 66
1 2 68 61
4 5 68 49
2 2 68 43
1 4 68 39
2 6 68 34
2 3 68 26
4 6 68 25
1 4 68 22
5 2 68 22
4 2 68 19
3 2 68 14
2 5 68 14
2 4 68 12
4 6 68 6
3 2 69 6
2 4 69 6
3 3 68 4
4 2 68 1
4 2 67 98
2 2 67 96
4 6 67 95
2 4 67 94
3 2 67 89
2 5 67 75
3 3 67 68
3 6 67 65
1 3 67 63
3 3 67 54
4 2 67 54
3 2 67 53
2 3 67 49
3 5 67 47
2 4 67 44
3 2 67 44
1 2 67 42
4 4 67 34
1 4 67 32
6 2 67 34
3 2 67 25
4 3 67 17
3 6 67 15
1 2 66 99
2 3 66 99
3 3 66 95
3 2 66 92
3 3 66 86
2 2 67 85
3 2 66 85
2 3 66 83
1 3 66 79
2 4 66 78
3 2 66 78
4 3 66 76
2 5 66 64
2 2 66 59
1 4 66 56
2 7 66 55
4 3 66 41
1 2 66 39
2 3 66 38
6 2 66 38
1 2 66 24
3 2 66 23
3 5 66 18
3 2 66 9
1 2 66 8
3 8 66 6
2 2 65 89
1 5 65 85
3 5 65 82
2 2 65 78
1 4 65 72
4 2 65 68
1 2 65 69
2 2 65 69
1 7 65 66
4 4 65 61
4 3 65 58
1 3 65 47
2 3 65 46
1 5 65 45
3 3 65 42
4 2 65 39
4 2 65 36
1 2 67 36
2 3 65 34
4 3 65 32
2 2 65 26
1 6 65 16
1 5 65 12
4 3 65 5
4 5 64 99
3 9 64 94
1 2 64 91
1 2 64 89
2 2 67 89
3 2 65 89
4 2 65 88
2 3 64 85
1 2 64 76
3 4 64 77
1 2 66 74
5 2 65 78
4 5 64 73
1 2 64 69
4 4 64 64
1 2 64 65
4 4 64 56
4 4 64 54
1 3 64 52
2 2 64 49
1 2 66 49
4 5 64 48
4 2 64 45
2 4 64 43
1 5 64 33
3 3 64 34
1 5 64 28
4 2 66 29
2 4 64 29
6 2 67 28
4 2 67 27
2 2 64 28
3 2 64 25
2 3 64 19
4 7 64 9
1 2 64 5
1 2 64 1
2 3 63 92
4 4 63 77
4 2 63 75
3 3 63 71
2 2 63 63
3 2 63 59
4 3 63 46
2 5 63 39
1 4 63 36
2 3 63 36
3 4 63 29
1 3 63 29
1 2 63 24
4 5 63 25
2 2 64 22
3 2 63 18
2 2 63 14
4 3 63 12
2 2 66 12
2 2 62 95
1 2 62 96
2 2 62 97
1 2 62 85
4 2 62 68
3 2 63 69
2 2 62 69
3 2 62 67
1 3 62 59
6 2 63 57
1 2 62 55
2 2 62 48
3 2 62 44
3 2 62 36
2 3 62 23
1 2 62 13
2 2 62 6
3 2 62 2
2 5 60 99
1 3 60 94
3 3 60 93
2 2 60 92
1 2 60 93
1 2 60 87
4 2 60 86
2 2 64 87
1 3 64 86
3 2 63 88
2 2 63 87
2 2 60 82
4 2 60 78
6 2 61 77
4 16 60 73
2 3 60 67
6 2 61 68
5 2 61 66
3 2 62 65
3 4 60 65
4 10 60 63
1 3 60 58
3 3 60 53
2 3 62 53
1 2 61 53
6 2 61 54
5 2 61 55
2 2 60 51
3 2 60 49
3 3 60 46
5 2 61 47
6 2 61 48
4 2 60 42
1 2 60 42
2 2 60 38
4 3 60 34
1 4 60 31
3 2 60 27
4 2 60 27
5 2 61 26
3 3 60 24
2 3 60 22
3 4 60 19
2 2 60 17
6 2 61 17
2 2 62 16
4 2 62 15
3 4 60 9
2 12 60 7
1 3 60 2
6 2 63 2
4 2 62 3
5 2 61 3
4 2 59 96
6 2 59 93
1 2 59 85
5 2 61 84
1 4 59 82
4 2 60 83
5 2 60 82
3 2 59 78
2 2 59 77
5 2 59 78
1 4 59 76
4 2 59 59
1 4 59 55
1 2 59 52
4 10 59 47
1 2 59 48
3 3 59 41
4 2 59 36
2 2 61 37
5 2 60 37
3 3 59 35
3 2 59 32
4 2 59 29
2 3 59 29
1 2 59 26
3 4 59 25
5 2 59 24
4 2 59 19
3 5 59 16
5 2 61 14
6 2 61 13
5 2 60 16
6 2 60 15
3 2 60 14
2 2 60 13
1 3 59 13
4 3 59 12
4 2 59 8
2 3 59 2
1 2 58 99
5 2 59 98
1 8 58 96
4 4 58 92
4 2 58 89
6 2 62 88
4 2 62 88
3 7 58 87
2 2 58 83
4 2 58 82
3 3 58 68
3 4 58 62
2 3 58 61
3 2 58 57
5 2 60 58
2 2 60 57
6 2 60 56
2 3 58 56
3 3 58 55
2 2 58 53
3 4 58 48
1 5 58 45
2 2 58 38
1 4 58 37
2 3 58 35
4 2 60 35
1 3 58 34
2 4 58 23
6 2 59 23
2 3 58 18
1 2 58 14
3 6 58 13
3 3 58 7
3 3 58 3
2 2 57 99
5 2 57 96
2 2 57 94
1 2 57 87
2 2 57 86
4 2 57 85
2 2 58 84
3 7 57 84
3 6 57 76
3 2 57 73
6 3 58 74
1 5 57 73
1 2 57 68
1 6 57 59
4 6 57 54
6 2 57 46
2 3 57 42
2 2 57 44
3 4 57 37
3 3 57 33
5 2 57 34
2 3 57 33
4 4 57 28
4 6 57 26
4 3 57 19
4 4 57 17
4 2 58 16
4 4 57 14
4 2 57 9
4 2 57 6
5 2 57 6
4 2 57 4
1 10 57 3
4 4 56 99
2 2 56 97
4 2 56 94
2 4 56 92
2 4 56 88
4 2 56 86
3 7 56 86
2 3 56 79
4 4 56 79
1 3 56 74
2 2 56 68
2 2 57 67
3 2 56 65
1 6 56 64
4 2 56 59
3 5 56 59
2 3 56 51
4 2 56 52
2 7 56 48
3 6 56 44
4 2 56 39
3 4 56 31
3 4 56 23
2 3 56 17
3 3 56 16
1 4 56 8
3 7 55 96
2 5 55 84
2 4 55 81
3 3 55 79
2 2 55 74
4 2 55 72
2 2 55 69
1 6 55 68
5 2 55 68
3 5 55 64
2 7 55 62
3 2 55 62
3 2 55 55
1 4 55 52
1 2 55 47
6 3 55 44
2 7 55 44
4 4 55 41
3 4 55 38
2 5 55 36
4 3 55 35
3 2 55 29
1 2 55 28
3 2 55 27
5 2 56 28
1 4 55 25
4 3 55 22
3 3 55 18
1 2 55 16
2 2 55 15
1 6 55 14
3 2 55 8
4 3 55 7
6 2 55 7
3 9 55 5
3 2 57 4
1 3 57 3
3 2 56 3
2 2 56 4
6 2 55 4
4 2 55 1
1 2 54 97
6 2 56 98
3 2 55 98
2 4 54 93
1 2 54 92
3 3 54 91
1 2 54 89
1 3 54 83
4 2 54 82
1 2 54 77
5 2 54 76
2 4 54 72
3 2 54 68
2 3 54 66
4 3 54 65
2 3 54 59
4 3 54 57
1 2 54 54
2 2 54 53
2 2 54 39
1 6 54 35
6 2 54 35
4 5 54 32
1 4 54 27
3 4 54 25
3 2 54 21
3 5 54 13
4 5 54 3
1 2 53 99
4 2 53 97
2 2 54 98
1 2 53 95
3 3 53 88
5 2 54 88
4 3 53 78
4 2 53 79
2 2 53 79
3 3 53 77
1 2 53 74
4 2 53 73
4 3 53 68
5 2 53 64
3 3 53 62
1 3 53 59
4 3 53 52
4 2 53 49
3 3 53 48
2 2 53 49
1 2 53 49
1 2 53 46
4 2 53 37
4 2 53 29
2 3 53 28
2 2 53 27
1 3 53 21
1 2 53 23
1 2 53 15
2 2 53 12
3 2 53 11
4 3 53 9
2 3 52 98
3 2 52 99
4 2 52 92
4 2 52 89
4 2 52 86
1 2 52 87
2 2 52 75
3 2 52 72
1 2 52 66
1 2 52 53
5 2 52 48
1 3 52 44
5 3 52 45
2 2 52 42
1 2 52 38
4 2 52 27
4 2 52 24
4 2 52 18
2 2 53 17
1 2 52 13
5 2 52 12
4 3 51 44
6 2 51 13
2 5 50 98
1 2 50 94
5 2 52 94
6 3 51 95
4 3 51 94
3 2 50 96
2 2 50 95
3 3 50 88
2 2 50 87
6 2 51 86
5 2 51 85
6 2 51 84
3 3 50 84
4 2 50 82
1 2 50 79
6 2 51 78
3 3 50 71
4 2 50 69
3 6 50 65
3 4 50 58
4 2 50 56
2 2 52 55
2 2 50 53
5 2 51 54
2 3 50 48
1 7 50 39
6 2 50 38
5 2 50 38
2 2 50 37
6 2 51 36
3 2 53 35
2 2 52 35
5 2 51 35
2 2 50 31
3 2 52 32
4 2 50 28
6 2 52 27
1 7 50 26
2 4 50 24
6 3 50 25
3 2 50 22
1 2 50 21
3 5 50 19
4 3 50 14
3 7 50 11
4 4 50 9
3 3 50 7
5 2 50 8
1 2 50 6
2 2 50 3
3 2 49 85
2 5 49 78
2 4 49 74
4 15 49 72
1 3 49 69
4 4 49 59
2 3 49 56
1 2 50 55
3 2 49 49
4 7 49 47
3 3 49 44
1 4 49 43
4 4 49 37
3 2 49 36
1 7 49 33
6 2 49 33
4 5 49 25
4 2 49 19
4 2 49 7
4 3 49 4
6 2 51 2
3 2 49 5
4 3 48 99
4 2 48 95
1 5 48 85
2 4 48 82
2 3 48 66
6 2 49 67
3 3 49 68
4 4 48 64
2 5 48 63
6 2 48 63
1 2 48 63
5 2 48 62
3 6 48 55
4 2 48 43
3 5 48 42
3 3 48 19
2 3 48 17
5 2 48 18
4 3 48 13
1 3 48 6
2 2 47 98
3 5 47 97
2 2 47 96
4 4 47 96
1 4 47 94
2 2 48 93
3 4 48 92
2 10 47 89
1 4 47 76
1 2 47 75
5 2 47 74
3 5 47 74
1 4 47 66
1 8 47 59
1 2 47 54
2 4 47 53
1 3 47 51
3 6 47 48
4 2 49 47
2 2 47 41
1 2 47 37
2 2 47 36
3 2 47 36
4 6 47 35
3 16 47 33
2 3 47 29
1 3 47 29
6 2 48 28
3 2 48 27
4 4 47 27
2 2 47 25
4 3 47 7
1 4 46 99
2 3 46 93
2 3 46 86
4 3 46 86
1 2 46 83
3 2 46 81
3 2 47 82
2 2 46 79
3 3 46 79
4 12 46 77
1 2 46 71
4 7 46 67
3 5 46 61
4 2 46 55
3 4 46 53
1 6 46 49
4 3 46 49
1 3 46 45
4 3 46 44
2 2 46 39
3 2 46 38
1 3 46 27
1 8 46 23
3 2 50 22
4 2 49 22
3 7 46 18
4 4 46 15
4 3 46 12
2 2 46 12
1 9 46 9
3 2 46 5
4 2 46 4
3 2 47 3
3 2 49 2
1 4 47 2
1 2 47 4
2 2 46 4
2 3 46 1
4 2 45 93
1 3 45 89
2 2 45 83
4 3 45 82
1 2 45 81
2 4 45 72
1 3 45 69
4 2 45 66
2 2 46 65
5 2 45 66
2 3 45 59
4 2 45 56
3 3 45 48
2 4 45 46
4 2 45 42
4 6 45 19
4 4 45 9
3 4 45 3
2 10 44 98
1 2 44 95
3 4 44 94
4 3 44 91
4 4 44 89
3 4 44 87
6 2 44 88
3 2 44 84
1 3 44 79
2 3 44 77
2 5 44 65
4 2 44 54
2 2 44 55
3 3 44 55
1 2 44 53
4 3 44 52
3 8 44 44
2 2 44 39
2 2 44 34
4 6 44 33
4 5 44 27
2 3 44 24
4 2 44 23
2 2 47 22
4 2 45 22
3 2 45 21
3 2 44 12
2 2 43 92
2 2 43 86
1 5 43 85
1 2 43 72
1 4 43 64
4 4 43 59
3 2 43 58
2 3 43 53
3 4 43 53
1 4 43 39
2 2 43 31
1 3 43 29
3 7 43 25
2 2 43 19
6 2 43 18
1 4 43 17
2 4 43 16
1 2 43 12
4 2 43 5
2 2 43 2
1 2 42 94
4 3 42 86
3 2 42 76
4 2 42 73
3 2 42 67
4 2 42 64
2 2 42 59
4 2 42 42
2 4 42 37
1 2 42 15
1 2 46 14
2 2 46 14
4 2 43 14
2 2 43 13
3 2 42 14
1 2 42 4
2 2 43 5
5 2 43 4
2 5 40 99
5 2 40 98
4 5 40 94
5 2 41 94
3 4 40 89
4 3 40 87
5 3 40 88
5 2 41 86
1 2 40 85
4 2 40 83
1 3 40 77
5 2 41 76
6 2 41 75
3 2 40 75
4 2 40 75
1 2 40 74
2 3 40 73
4 2 40 72
3 4 40 69
3 2 43 68
2 2 43 69
4 2 43 68
4 2 40 66
6 2 41 65
5 2 41 64
3 2 40 64
4 2 40 63
1 2 40 62
2 3 40 59
1 3 40 57
1 2 42 56
6 3 40 58
5 2 41 56
6 2 41 55
3 3 40 56
4 2 40 54
3 4 40 51
4 2 40 49
2 2 40 48
2 11 40 45
4 4 40 42
2 5 40 37
3 2 40 32
5 2 41 33
2 2 40 29
1 3 40 26
3 2 40 22
5 2 41 23
4 2 40 21
2 4 40 16
1 2 40 13
2 2 40 9
1 2 46 9
2 2 46 8
3 2 45 8
1 2 43 9
6 2 43 8
3 2 40 9
1 2 40 7
1 2 40 4
6 2 41 3
1 2 42 2
3 2 39 99
3 3 39 97
6 2 39 98
1 7 39 97
1 2 39 88
3 2 39 84
2 3 39 82
5 2 39 74
3 2 39 73
1 3 39 73
2 2 39 71
1 2 39 66
3 2 39 62
3 2 39 58
5 2 39 58
1 2 39 55
1 4 39 48
1 4 39 43
1 10 39 38
1 2 40 35
2 4 39 31
1 2 39 29
4 5 39 27
2 2 39 25
3 2 39 15
2 3 39 7
4 2 39 5
4 2 41 5
2 2 39 1
4 2 41 2
1 2 38 95
2 5 38 93
1 2 38 92
2 3 38 91
1 2 38 89
4 4 38 81
1 4 38 79
6 2 38 73
1 3 38 64
1 4 38 59
4 8 38 58
4 4 38 53
1 2 38 52
4 3 38 33
3 8 38 27
1 2 40 25
4 2 38 24
5 2 38 25
3 3 38 23
1 2 38 19
4 2 38 16
1 2 38 14
4 8 38 14
5 2 38 13
4 3 38 3
3 2 38 5
2 2 37 96
4 2 37 92
4 4 37 89
3 2 37 87
2 5 37 87
4 2 37 86
2 4 37 85
3 7 37 79
6 2 39 76
4 4 37 76
3 6 37 73
1 2 37 68
2 2 39 68
4 3 38 69
2 4 37 63
2 2 37 54
6 2 38 53
4 4 37 48
2 2 37 49
1 2 37 49
6 2 37 46
3 2 37 44
4 4 37 42
3 3 37 38
2 5 37 36
5 2 37 36
6 2 39 35
3 2 39 34
4 2 37 35
1 3 37 34
2 4 37 33
1 2 37 23
2 2 37 19
4 2 37 18
3 2 37 9
4 4 37 8
2 2 39 9
1 3 37 8
1 2 37 5
2 3 37 3
5 2 39 2
3 2 37 1
3 2 36 97
1 2 36 95
3 2 36 92
1 2 36 82
2 2 36 82
5 2 36 83
6 2 36 82
3 5 36 81
2 4 36 78
2 2 36 68
3 2 36 66
3 2 37 67
4 3 36 65
3 4 36 63
4 2 41 62
1 3 41 61
2 2 36 57
3 3 36 46
5 2 36 47
6 2 37 48
1 2 36 44
3 2 36 41
2 2 37 42
1 4 36 39
1 6 36 36
2 3 36 24
4 4 36 22
1 2 36 22
1 5 36 19
1 2 37 17
4 7 36 16
5 2 36 16
3 2 36 14
1 3 36 2
2 3 35 96
1 2 35 93
4 5 35 87
3 3 35 85
3 5 35 76
1 3 35 69
1 3 35 67
4 3 35 67
2 6 35 65
4 3 35 62
1 4 35 62
1 7 35 57
3 2 35 52
1 5 35 51
1 2 35 54
3 2 35 55
1 2 35 56
3 2 35 56
1 8 35 48
3 2 35 34
4 3 35 26
3 5 35 25
3 2 35 18
3 2 36 19
3 4 35 15
1 6 35 14
2 4 35 12
1 5 35 6
6 2 37 5
4 3 35 2
2 2 35 3
1 5 34 98
3 3 34 96
4 2 34 94
3 2 34 92
3 3 34 88
1 7 34 75
4 4 34 71
4 3 34 69
3 3 34 61
4 3 34 59
4 4 34 55
4 5 34 48
3 2 34 45
4 4 34 43
6 2 36 43
1 2 35 43
3 4 34 37
4 6 34 33
2 6 34 26
1 2 34 22
3 2 34 21
2 3 34 18
1 2 34 18
3 3 34 11
4 2 34 9
2 5 34 8
3 5 34 8
1 2 34 4
3 5 34 3
3 4 33 98
3 2 33 86
1 3 33 85
4 4 33 84
2 3 33 82
2 3 33 79
2 2 33 79
4 2 33 78
1 4 33 77
2 5 33 75
3 2 33 66
4 2 33 63
2 2 33 56
3 2 33 49
2 3 33 41
5 2 34 43
3 2 33 43
4 2 33 38
2 2 33 35
2 2 33 32
1 3 33 32
4 3 33 22
2 2 33 15
1 2 34 16
4 2 33 13
4 4 33 5
2 2 33 2
1 3 33 1
4 2 32 97
5 2 34 96
4 2 33 96
6 2 33 96
2 3 33 95
3 2 33 94
2 2 32 93
3 2 32 72
2 2 32 59
5 2 32 56
4 2 32 54
2 2 32 48
2 2 32 45
1 2 32 43
3 2 32 32
1 3 32 29
4 3 32 25
2 2 32 19
1 2 32 17
1 2 32 12
2 3 31 56
3 9 30 99
2 11 30 95
3 2 30 92
4 3 30 89
6 2 31 88
2 2 32 87
1 2 30 87
4 2 30 85
1 3 30 83
1 2 30 79
2 2 30 78
5 2 32 78
6 2 31 78
3 2 30 78
1 6 30 77
2 3 30 69
1 2 30 68
2 3 30 65
2 2 30 59
3 2 32 59
1 2 30 58
2 3 30 53
3 2 30 51
1 3 30 49
1 3 30 45
5 2 31 46
3 2 31 46
3 3 30 42
2 2 30 39
4 4 30 34
3 2 30 29
4 2 30 29
2 2 32 28
2 2 33 29
3 2 30 26
1 2 30 23
2 2 30 21
2 2 30 18
3 8 30 16
1 3 30 9
4 2 32 9
1 2 32 8
1 2 30 6
5 2 31 5
2 3 31 4
5 2 31 3
6 2 29 94
1 2 29 93
1 2 29 89
2 2 30 89
3 6 29 86
6 2 29 86
3 6 29 81
4 2 29 76
4 5 29 74
3 2 29 67
5 2 31 67
1 2 31 67
1 4 29 66
3 2 29 67
2 2 29 66
4 3 29 58
3 2 29 54
4 2 29 49
2 4 29 45
2 3 29 36
6 2 31 37
5 2 31 38
1 2 31 38
3 2 29 31
1 2 29 28
3 2 30 29
5 2 32 28
6 3 30 28
1 3 29 24
4 5 29 19
6 2 29 17
3 2 29 16
6 2 30 15
3 3 29 13
4 3 29 8
6 2 30 8
5 2 30 7
4 11 30 7
1 3 29 2
4 2 29 3
4 2 28 92
4 5 28 85
2 15 28 79
6 2 28 67
2 2 28 63
1 2 28 53
4 2 32 52
2 2 31 52
5 2 30 54
2 11 28 47
1 2 28 48
4 2 28 43
5 2 29 43
1 2 28 39
4 4 28 39
3 4 28 38
1 2 28 35
2 2 28 33
1 2 32 32
1 2 28 32
4 3 28 31
4 2 28 28
3 2 28 28
4 2 28 25
6 2 29 24
2 2 29 23
2 10 28 25
3 2 28 22
4 8 28 22
1 7 28 14
4 3 28 12
6 2 29 13
3 8 28 7
3 3 28 3
1 2 27 97
4 2 27 94
3 2 27 92
3 2 27 89
1 3 27 87
1 3 27 84
4 2 30 84
6 2 28 84
2 3 28 84
4 3 27 82
3 2 27 72
3 2 27 69
4 3 27 68
3 2 27 69
2 3 27 67
2 2 27 65
2 2 27 59
1 2 27 58
2 4 27 55
3 2 27 54
4 5 27 54
3 4 27 49
4 4 27 35
1 3 27 21
2 3 27 13
1 2 27 11
6 2 27 6
2 7 27 6
3 3 26 97
1 5 26 94
2 3 26 93
4 4 26 87
3 2 26 79
4 4 26 78
3 6 26 77
3 2 26 74
4 2 27 74
1 3 26 65
6 2 27 65
4 4 26 63
4 2 26 66
4 2 26 59
3 2 26 59
3 3 26 56
4 3 26 55
2 2 26 52
3 3 26 43
3 7 26 35
1 2 26 37
3 2 26 33
2 3 26 32
1 5 26 26
4 2 26 19
1 2 26 18
2 3 26 11
2 5 25 97
4 2 25 96
1 3 25 81
1 2 25 83
4 4 25 83
4 2 25 76
1 4 25 76
4 2 25 67
3 2 25 66
5 2 25 65
4 2 25 61
3 2 25 53
1 4 25 48
4 2 25 46
1 5 25 45
4 2 25 44
1 4 25 42
2 9 25 37
4 2 25 29
1 3 25 27
3 3 25 26
3 2 25 24
3 2 25 16
2 3 25 15
1 2 25 13
4 7 25 12
1 2 25 6
2 2 25 5
1 2 25 3
1 2 24 96
3 2 24 95
1 10 24 85
2 2 24 89
2 2 24 81
4 2 24 74
4 2 24 69
3 3 24 68
2 3 24 66
1 2 24 61
2 2 33 62
4 2 24 58
3 3 24 54
1 2 24 56
1 2 24 53
4 3 24 52
4 2 24 49
2 2 24 42
4 4 24 41
3 3 24 33
4 2 24 25
4 2 24 18
4 2 25 17
2 4 25 17
1 2 24 9
3 3 24 5
2 2 24 3
2 3 23 95
4 2 23 92
3 3 23 91
1 3 23 89
3 2 23 84
2 2 23 79
2 2 23 76
3 2 23 72
3 2 24 73
3 6 23 63
3 3 23 64
4 2 27 62
1 2 23 62
2 3 23 61
3 2 23 59
4 6 23 56
2 5 23 54
3 3 23 52
3 2 23 48
2 2 23 49
2 2 23 41
1 2 23 34
1 2 23 32
6 2 23 33
4 2 23 33
3 3 23 28
1 2 23 24
1 2 23 22
3 4 23 17
3 2 23 15
1 5 23 4
2 3 23 2
1 2 22 99
4 3 22 95
3 2 22 88
1 2 22 77
2 2 22 74
1 3 22 73
2 2 22 23
1 2 22 17
5 2 23 18
2 2 22 9
1 3 22 7
4 3 22 3
3 2 20 99
4 2 22 98
4 2 23 99
1 3 23 99
2 5 20 95
6 2 21 96
5 3 20 95
3 4 20 89
5 2 20 88
4 2 20 75
5 2 21 74
1 3 20 73
3 2 20 71
4 2 20 69
3 9 20 65
3 2 21 67
1 2 21 68
2 2 21 69
3 2 20 59
4 3 20 55
6 2 20 55
1 2 20 56
3 2 20 54
2 7 20 53
4 2 20 46
3 2 20 45
3 2 20 42
3 2 22 43
1 2 20 39
4 2 20 38
4 2 23 39
4 2 22 37
1 2 22 37
2 2 22 38
4 2 21 39
6 2 21 38
2 9 20 36
5 2 20 33
3 3 20 29
4 2 22 27
2 7 20 26
6 2 20 26
5 2 20 27
1 4 20 22
5 2 21 23
6 2 21 22
4 5 20 17
2 2 20 14
2 2 22 13
3 2 22 12
2 3 20 7
4 2 21 7
5 2 21 6
4 2 20 5
4 5 20 3
6 2 21 4
2 2 21 4
1 5 19 99
3 2 19 98
2 2 19 97
1 3 19 92
2 6 19 91
2 2 19 89
2 2 19 87
2 2 19 85
1 5 19 84
3 3 19 82
2 2 19 82
5 2 20 83
4 2 19 79
4 5 19 76
3 2 19 69
5 2 20 68
6 2 20 68
1 2 19 52
3 2 19 49
2 2 19 45
1 4 19 42
3 10 19 35
1 3 19 27
2 4 19 28
3 3 19 26
2 2 19 22
2 4 19 19
1 2 19 15
5 2 19 16
3 2 19 9
3 5 19 6
1 2 19 4
4 2 19 4
1 4 18 96
6 2 18 98
3 2 18 96
4 9 18 81
1 3 18 77
2 4 18 78
5 2 18 76
6 2 19 75
3 2 18 74
4 7 18 68
2 2 18 65
1 2 18 62
3 3 18 57
6 2 21 58
2 2 21 58
1 3 18 48
4 2 21 49
2 3 18 49
3 4 18 44
4 2 20 46
1 2 19 45
6 2 21 44
5 2 20 44
6 2 19 46
3 2 18 43
2 5 18 43
2 3 18 39
3 3 18 39
1 7 18 37
3 2 18 29
5 2 18 26
1 3 18 25
4 3 18 14
5 2 19 14
3 3 19 13
2 4 18 12
3 4 18 3
1 2 18 2
4 2 17 98
3 3 17 94
1 2 17 96
5 2 17 97
4 2 17 94
4 2 17 89
3 2 17 87
1 3 17 86
1 5 17 74
4 2 17 72
2 3 17 72
4 4 17 64
2 3 17 63
3 4 17 61
3 2 17 59
4 3 17 57
1 2 19 58
1 3 17 54
4 2 17 52
5 2 18 53
1 2 20 52
4 2 17 48
5 2 18 48
4 12 17 46
6 3 17 36
5 2 17 37
4 2 17 36
4 6 17 33
1 2 17 28
4 3 17 26
3 2 17 24
4 2 17 22
3 3 17 19
2 2 20 19
6 2 20 18
2 2 18 18
4 2 17 17
2 3 17 9
4 2 20 9
2 2 17 9
1 3 17 7
2 2 17 5
4 3 16 96
1 7 16 93
4 4 16 91
3 6 16 89
3 4 16 84
5 2 16 85
2 3 16 82
1 5 16 75
2 3 16 74
1 2 16 69
3 2 16 68
2 7 16 67
1 2 16 63
6 3 17 64
4 2 17 64
2 3 16 57
2 3 16 53
2 2 16 49
1 7 16 48
3 4 16 42
5 2 16 35
2 3 16 28
2 2 16 22
1 2 16 18
2 2 16 13
1 4 16 9
5 2 17 8
4 7 16 7
1 3 16 4
4 2 16 3
1 2 16 2
3 2 15 99
3 6 15 93
3 3 15 74
2 2 15 62
4 2 15 59
2 2 15 55
4 4 15 53
1 2 15 52
6 2 15 53
4 2 16 52
3 5 15 51
2 7 15 38
1 3 15 34
2 6 15 32
4 3 15 28
3 4 15 26
4 5 15 24
3 3 15 23
1 2 15 19
4 2 15 19
1 2 15 16
4 3 15 15
2 2 15 15
3 8 15 5
2 2 15 2
3 2 15 1
1 2 14 98
4 3 14 97
3 2 14 97
1 3 14 88
4 7 14 85
1 2 15 82
3 3 15 81
2 4 14 79
1 2 21 79
1 2 17 79
4 2 17 78
4 6 14 75
2 5 14 75
1 3 14 68
3 2 14 66
3 2 15 65
1 3 14 66
2 4 14 64
1 5 14 61
3 2 17 62
4 3 17 61
3 2 14 59
5 2 16 58
1 3 14 55
1 6 14 43
4 5 14 41
1 5 14 37
4 4 14 22
4 2 14 16
3 5 14 15
2 2 14 18
3 3 14 18
3 4 14 13
1 2 16 12
4 2 15 12
3 3 14 9
2 3 13 96
4 2 13 92
4 2 13 87
2 3 13 82
1 3 13 78
4 2 15 78
4 3 13 77
1 2 13 72
6 2 13 73
2 3 13 71
4 3 13 64
3 2 13 62
3 2 13 57
2 3 13 53
2 4 13 48
3 3 13 47
6 2 13 48
3 2 13 44
3 6 13 34
1 3 13 27
2 2 13 25
2 4 13 19
2 3 13 15
1 3 13 14
4 3 13 11
1 3 13 8
1 3 12 94
1 2 12 89
2 2 12 88
2 2 12 85
3 2 12 86
2 4 12 68
5 2 12 68
4 3 12 53
4 2 12 49
2 2 12 28
6 3 12 15
1 2 12 12
4 3 12 3
3 4 10 95
6 3 10 95
1 2 10 88
2 4 10 86
6 2 10 88
1 3 10 85
6 2 11 84
4 2 10 83
3 3 10 79
5 2 14 78
3 2 14 77
2 2 13 77
4 3 10 75
3 2 10 74
4 2 10 69
4 3 10 67
6 2 11 66
5 2 11 65
3 3 10 65
4 2 10 67
1 9 10 64
4 2 10 59
2 3 10 52
4 2 10 48
3 2 10 46
2 3 10 45
6 2 11 44
5 2 10 45
3 2 10 44
4 3 10 43
2 2 10 43
1 2 10 38
3 2 12 37
1 2 10 35
3 5 10 27
3 3 10 23
3 4 10 18
3 3 10 8
4 2 10 9
6 2 10 8
2 7 10 5
1 2 10 6
1 4 9 98
3 2 9 99
4 3 9 96
1 3 9 93
4 3 9 87
1 2 9 83
4 5 9 81
2 9 9 64
5 2 9 63
4 2 9 62
1 3 9 53
4 2 12 52
3 2 9 49
3 2 9 41
1 2 9 39
2 2 9 38
2 2 10 37
1 7 9 28
6 2 9 28
5 2 9 28
3 2 9 25
4 2 9 24
1 4 9 21
2 8 9 16
6 2 9 17
4 2 9 13
3 4 9 12
4 4 9 3
6 2 11 2
3 5 9 1
2 3 8 98
4 2 8 92
3 2 8 88
4 2 8 79
2 2 8 78
6 2 11 78
3 2 9 78
1 3 8 77
4 3 8 77
3 2 8 75
1 2 8 74
2 2 8 73
3 3 8 72
1 3 8 59
2 3 8 57
5 2 11 55
1 2 9 58
3 3 8 56
1 4 8 55
3 2 8 53
4 4 8 49
1 2 8 47
4 2 8 46
1 2 8 43
1 2 10 42
4 2 8 37
1 3 8 33
2 2 8 34
4 5 8 32
4 6 8 27
2 3 8 25
6 3 8 25
5 2 8 24
2 2 8 23
1 7 8 14
1 3 8 9
5 3 8 4
4 3 7 99
3 3 7 96
1 2 7 94
3 3 7 92
2 2 7 89
3 2 7 81
1 4 7 72
4 3 7 73
3 3 7 69
3 3 7 66
3 2 7 63
4 2 7 58
2 2 9 59
3 4 7 55
2 5 7 48
1 4 7 45
3 2 7 39
2 6 7 28
3 4 7 22
4 4 7 18
2 2 7 9
4 4 7 5
4 2 8 7
2 2 7 7
1 3 7 7
1 2 7 2
2 2 6 99
1 2 6 92
2 2 6 91
1 2 6 89
3 3 6 73
1 3 6 73
5 2 6 72
4 2 6 69
1 4 6 68
2 3 6 62
3 4 6 62
2 4 6 59
4 2 7 59
2 9 6 53
4 5 6 47
3 4 6 46
2 8 6 45
2 3 6 39
1 5 6 35
1 2 9 36
4 2 6 31
1 2 6 32
2 2 6 23
1 4 6 22
1 2 6 15
4 3 6 14
4 2 6 12
6 2 8 13
3 3 6 5
2 4 6 2
3 2 6 2
4 2 5 95
3 3 5 94
4 6 5 93
4 6 5 89
3 2 7 84
4 2 7 85
3 2 5 89
2 6 5 87
3 2 5 84
1 2 5 83
2 4 5 82
1 5 5 81
2 5 5 79
3 2 5 76
4 6 5 76
2 2 5 74
2 2 5 71
3 6 5 59
4 4 5 42
3 6 5 41
4 2 5 36
2 7 5 37
4 2 7 35
3 4 5 35
3 3 5 31
4 2 5 29
1 3 5 25
4 3 5 23
1 3 5 13
2 2 5 11
3 2 5 7
1 4 5 4
2 2 4 94
3 8 4 86
4 3 4 79
3 2 4 77
4 2 4 75
1 3 4 69
1 2 6 69
2 5 4 68
4 3 4 67
1 2 4 64
3 3 4 64
4 2 4 62
4 2 4 57
3 4 4 55
1 5 4 52
2 2 4 51
4 2 5 52
1 2 4 52
3 2 4 51
3 2 4 49
4 5 4 46
1 9 4 39
4 4 4 32
3 3 4 27
2 4 4 25
3 2 4 18
1 4 4 16
3 5 4 15
1 2 4 7
4 12 4 4
4 2 4 1
3 2 3 99
4 2 3 99
3 2 6 98
1 2 4 98
2 3 4 97
1 2 3 94
2 3 3 89
1 2 3 78
2 3 3 77
4 5 3 73
1 4 3 65
2 2 3 57
2 3 3 47
1 2 3 44
2 5 3 29
1 2 3 26
2 3 3 22
4 2 3 19
4 7 3 16
1 2 4 17
2 2 3 6
3 2 2 96
4 2 2 97
2 3 2 95
2 2 2 83
4 2 2 84
1 2 2 76
4 2 2 63
1 2 6 62
1 2 3 62
3 2 2 62
1 3 2 57
3 2 2 46
3 2 2 35
2 2 2 32
6 2 4 33
4 2 2 26
3 2 2 16
2 2 2 15
3 2 2 9
3 2 2 6
