37454
2869
4 2 100 100
5 6 100 97
4 3 100 94
3 3 100 91
6 7 100 89
5 5 100 87
6 6 100 85
7 7 100 81
5 6 100 75
3 6 100 66
3 4 100 64
2 4 100 60
3 3 100 58
4 5 100 57
3 4 100 53
5 2 100 51
4 3 100 50
3 6 100 49
4 2 100 44
2 4 100 42
3 5 100 40
4 2 100 38
6 5 100 37
7 3 100 27
6 2 100 26
2 2 100 24
1 2 100 23
2 2 100 21
7 2 100 18
1 2 100 12
6 4 100 7
3 2 100 3
2 11 99 93
7 2 99 84
6 2 99 78
6 3 99 75
5 5 99 71
6 3 99 70
2 3 99 68
5 10 99 46
5 2 99 34
3 7 99 32
4 2 99 23
2 3 99 22
5 2 99 20
3 5 99 18
4 3 99 16
7 3 99 13
5 2 99 14
7 16 99 6
6 2 99 10
4 2 98 100
4 3 98 86
5 2 98 84
6 2 98 80
5 4 98 78
3 3 98 73
6 4 98 73
3 5 98 69
8 2 98 61
2 14 98 54
3 2 98 43
8 2 98 42
3 2 98 38
4 2 98 36
4 4 98 33
6 2 98 21
8 2 98 21
6 4 98 12
2 2 97 100
4 6 97 98
6 2 97 95
4 2 97 90
3 18 97 83
3 2 97 60
4 5 97 58
4 2 97 49
4 2 98 48
6 2 97 50
2 12 97 42
2 15 97 31
6 3 97 26
8 2 97 27
1 2 97 24
5 11 97 16
4 2 97 14
3 2 97 2
5 4 96 96
3 4 96 94
5 2 96 90
3 2 96 78
7 3 96 78
4 4 96 77
3 3 96 75
5 5 96 68
4 4 96 65
5 4 96 64
8 2 96 64
7 4 96 62
4 2 96 60
8 2 96 51
4 7 96 50
5 2 96 37
6 7 96 28
5 6 96 25
3 4 96 21
2 2 96 8
5 4 96 4
2 4 96 2
6 2 95 86
5 2 95 82
5 3 95 75
3 4 95 72
2 3 95 70
7 2 95 64
6 12 95 59
5 4 95 57
5 2 95 48
6 2 95 49
3 3 95 48
6 2 95 43
4 2 95 42
3 4 95 35
7 2 97 35
3 2 95 36
2 3 95 35
6 2 95 34
4 2 95 22
4 2 95 19
5 2 95 18
4 4 95 13
7 2 95 10
8 2 95 5
7 2 96 4
3 3 95 2
2 3 94 98
6 2 94 90
6 2 94 77
2 3 94 76
4 4 94 73
4 2 94 71
3 2 94 69
4 5 94 68
4 2 94 64
7 2 94 65
3 3 94 56
1 2 94 55
2 2 94 50
4 3 94 47
4 2 94 45
3 3 94 41
7 2 94 33
8 2 94 32
7 2 94 30
4 6 94 29
4 2 94 28
4 2 94 20
7 4 94 19
6 2 94 16
3 3 94 15
3 3 94 12
6 2 94 5
7 3 94 4
3 7 93 99
8 3 93 91
4 3 93 92
2 3 93 87
2 3 93 83
7 6 93 77
1 2 93 74
5 5 93 73
3 2 93 66
1 2 93 62
7 2 93 58
8 3 93 57
4 3 93 55
3 2 93 53
5 12 93 46
3 15 93 28
2 2 93 23
3 4 93 22
8 5 93 18
5 2 93 10
6 2 93 7
5 2 92 100
7 3 92 96
3 2 93 95
2 5 92 90
1 3 92 85
7 2 92 83
2 3 92 81
5 2 92 75
5 3 92 70
2 3 92 61
5 6 92 56
6 7 92 51
6 3 92 42
6 3 92 38
6 9 92 34
7 2 92 21
7 10 92 16
5 2 92 14
4 3 92 11
4 5 92 6
1 2 91 97
6 2 92 96
3 3 91 95
3 10 91 90
6 2 91 72
6 15 91 69
5 2 91 67
7 3 91 60
5 2 91 58
8 2 91 51
5 5 91 42
1 2 91 24
6 12 91 14
4 2 91 12
3 5 91 11
7 2 91 6
3 2 91 4
6 2 92 3
7 3 90 99
7 2 91 100
8 2 91 98
4 5 91 97
2 2 90 96
5 2 90 93
2 18 90 94
4 7 90 89
2 4 90 86
3 3 90 82
6 3 90 67
7 4 90 63
7 3 90 50
4 2 90 49
7 2 90 48
6 2 90 47
4 3 90 44
3 6 90 44
6 7 90 36
1 2 90 31
4 7 90 24
5 2 90 21
6 2 90 21
6 5 90 3
5 7 89 90
4 3 89 77
3 4 89 67
3 2 89 65
2 2 90 65
4 9 89 60
8 2 89 55
7 5 89 52
1 2 89 48
5 3 89 49
4 2 89 46
4 3 89 41
7 3 89 38
5 2 89 34
5 3 89 29
8 2 89 27
4 2 89 13
5 2 89 4
7 3 88 100
4 2 88 92
2 2 88 91
6 16 88 88
7 2 88 84
7 2 88 80
4 2 89 80
4 2 90 81
7 2 89 79
6 4 89 79
1 2 88 75
4 3 88 75
4 3 88 69
5 3 88 65
6 2 90 64
5 2 88 56
1 2 88 53
7 2 88 54
3 3 88 55
8 2 88 53
6 8 88 50
3 4 88 47
1 2 88 43
7 2 88 40
5 9 88 37
7 5 88 32
4 3 88 28
5 3 88 26
5 4 88 17
2 2 88 16
5 4 88 15
3 7 88 13
8 2 87 96
4 3 87 79
3 4 87 78
8 2 87 75
5 3 87 69
6 7 87 64
6 2 87 63
2 2 87 54
5 7 87 51
4 3 87 48
2 2 87 46
2 6 87 44
5 7 87 41
3 2 89 39
4 2 87 42
7 3 87 42
8 3 87 36
6 9 87 30
3 2 87 25
3 24 87 23
4 2 87 21
6 2 87 15
8 12 87 7
6 5 87 2
2 2 86 100
4 2 86 96
3 3 86 92
2 2 86 93
5 5 86 91
3 2 86 87
5 2 86 82
5 4 86 79
1 2 88 81
8 2 87 80
5 3 87 80
2 3 86 75
4 2 86 73
4 2 86 67
2 2 86 66
5 2 86 65
5 2 86 61
3 6 86 57
3 6 86 43
6 4 86 36
7 2 86 35
5 4 86 30
5 2 87 31
8 2 87 30
6 2 86 31
4 11 86 19
8 3 86 17
5 2 86 10
8 2 89 10
1 2 94 9
6 2 92 9
7 2 89 10
1 2 89 9
6 3 86 10
3 2 88 8
2 2 86 10
7 4 86 8
8 2 86 3
8 2 87 4
6 4 85 100
5 2 85 99
5 2 86 98
7 2 86 97
1 2 85 100
8 2 85 93
4 7 85 85
1 2 85 74
8 3 85 70
7 6 85 69
6 4 85 68
7 2 86 68
5 6 86 67
6 3 85 65
7 6 85 64
4 2 85 61
3 10 85 60
2 2 85 62
6 15 85 61
3 2 85 56
3 3 85 50
4 2 85 47
5 2 85 37
7 4 85 33
4 2 85 29
7 5 85 2
1 2 86 3
5 2 86 4
7 2 86 4
5 2 85 5
5 2 84 96
4 3 84 95
5 4 84 86
6 2 84 82
4 2 86 83
5 2 86 82
4 2 85 82
6 5 84 78
4 2 84 77
5 3 84 76
7 6 84 75
8 5 84 74
8 2 85 72
1 2 84 68
1 3 84 55
4 3 84 54
8 4 84 40
8 2 84 37
5 2 84 35
4 2 84 31
3 3 84 31
3 9 84 16
8 2 84 14
6 3 84 10
8 2 84 9
2 2 84 8
6 2 84 6
4 2 84 1
3 2 83 98
8 2 83 99
3 2 83 95
6 2 83 89
7 4 83 88
3 2 83 73
6 2 83 46
7 5 83 38
5 4 83 33
7 2 83 27
4 5 83 18
7 2 83 18
2 5 83 13
7 11 83 6
5 2 83 9
5 3 82 100
4 2 82 99
1 2 82 96
5 2 82 88
4 12 82 84
7 2 82 78
8 4 82 79
7 3 82 72
2 2 83 72
5 2 82 70
4 3 82 69
3 4 82 68
8 3 82 68
3 2 82 65
4 3 82 65
8 2 82 63
4 10 82 57
6 2 82 57
1 2 82 57
1 3 82 51
6 2 83 53
2 3 82 50
5 11 82 44
5 4 82 39
6 2 87 39
4 2 87 38
6 4 82 38
4 2 82 36
4 2 83 35
3 3 83 34
6 2 82 35
1 4 82 34
3 18 82 30
5 2 82 25
2 2 82 23
1 2 82 18
6 3 82 17
1 2 82 12
3 6 81 95
5 9 81 94
4 3 81 94
6 2 81 88
7 2 81 79
2 2 83 80
3 2 83 80
1 2 81 73
6 4 81 71
2 4 81 54
2 2 81 53
1 2 81 53
3 2 81 48
5 2 84 49
2 2 84 48
8 2 82 47
7 3 82 48
7 2 81 36
6 2 81 32
6 3 81 25
4 3 81 20
2 2 85 20
5 2 82 21
5 11 81 19
4 6 81 11
3 2 81 8
7 2 82 9
8 2 81 9
2 7 81 2
6 2 80 99
4 4 80 98
5 2 80 89
4 7 80 87
4 2 80 89
3 8 80 85
3 2 80 84
5 4 80 80
1 2 80 79
6 2 80 79
3 3 80 76
6 9 80 74
8 2 80 72
5 13 80 72
2 2 80 58
6 3 80 56
5 2 80 56
2 2 80 48
2 2 80 39
4 2 81 38
1 4 81 38
6 4 80 37
4 2 80 27
2 2 80 26
8 3 80 24
1 2 80 21
3 10 80 6
3 3 80 3
4 2 79 96
4 3 79 91
3 3 79 90
1 2 80 91
2 3 79 91
1 3 79 82
4 2 79 80
8 2 79 81
7 2 79 78
6 2 79 77
5 2 79 69
4 3 79 67
5 2 79 65
6 2 80 64
7 4 79 62
5 2 79 60
5 2 79 58
4 5 79 56
3 2 79 53
5 3 79 51
3 4 79 49
6 3 79 42
4 3 79 41
3 2 79 41
7 4 79 40
4 3 79 33
5 2 80 33
2 3 79 31
6 3 79 28
7 3 79 26
1 2 79 23
4 6 79 17
1 2 79 15
5 2 79 11
6 2 79 10
7 2 79 9
4 2 79 3
4 3 79 1
7 4 78 100
5 3 78 96
5 3 78 85
6 2 79 84
2 2 78 83
5 4 78 82
5 9 78 78
2 2 78 77
6 7 78 69
6 2 78 65
1 2 79 66
7 4 78 64
2 2 78 63
5 3 78 54
3 2 79 55
7 3 78 51
2 3 78 49
4 5 78 45
6 3 78 44
5 4 78 35
2 2 79 34
1 2 79 33
7 2 78 32
4 2 78 22
5 3 78 17
3 5 78 16
5 4 78 12
5 7 78 10
6 4 78 5
5 2 78 5
3 2 78 5
6 3 77 97
4 4 77 95
7 5 77 94
4 2 77 90
5 8 77 91
5 7 77 88
8 2 77 84
4 2 77 83
3 2 77 77
5 2 77 76
7 2 77 70
7 2 77 54
8 2 77 48
4 2 77 43
5 2 77 42
7 3 77 42
5 5 77 39
4 2 77 31
1 2 77 27
3 4 77 24
3 4 77 22
2 2 78 19
4 3 77 19
6 7 77 18
8 2 77 10
2 2 77 4
5 2 76 99
7 2 76 100
6 2 76 92
6 2 76 86
4 10 76 74
3 2 76 71
1 3 76 70
8 2 76 66
5 5 76 61
8 2 76 60
4 2 76 59
3 10 76 57
5 3 76 52
6 5 76 51
5 2 76 48
8 2 76 43
2 2 76 41
6 13 76 37
5 3 76 33
4 5 76 32
2 2 76 30
6 3 76 28
4 5 76 28
7 11 76 25
4 3 76 23
6 2 76 12
1 2 76 10
7 2 76 9
4 2 76 7
8 2 76 6
5 2 76 3
7 2 79 2
5 3 79 1
3 7 75 100
3 2 76 98
5 2 76 97
8 2 75 95
6 3 75 94
8 2 75 92
4 2 75 79
1 2 75 79
2 3 75 71
5 2 75 68
7 4 75 66
8 2 75 63
5 2 75 59
7 2 76 60
8 3 75 49
6 18 75 48
4 2 75 38
2 4 75 23
3 2 75 20
7 8 75 15
6 3 75 8
7 5 75 5
1 2 75 5
8 2 75 4
1 2 74 92
6 15 74 86
3 2 74 86
6 3 74 82
5 2 74 78
6 4 74 67
2 7 74 64
6 2 74 60
4 2 74 58
2 2 74 56
1 3 74 55
4 2 74 51
6 2 74 42
2 2 74 43
7 2 74 42
1 2 74 40
7 13 74 39
3 2 74 33
5 9 74 19
4 3 74 15
4 8 73 99
8 2 73 98
6 2 73 98
2 8 73 96
5 4 73 93
7 3 73 92
3 2 73 90
6 4 73 78
7 2 73 75
3 2 73 66
1 2 73 60
6 2 73 58
7 4 73 57
6 14 73 55
7 12 73 51
7 2 73 35
5 2 73 29
2 3 73 28
1 2 73 27
8 2 73 26
8 2 73 20
2 2 73 17
4 2 73 11
7 3 73 8
6 20 73 2
3 4 72 97
1 2 72 90
7 5 72 88
4 9 72 81
6 2 73 81
2 2 73 82
5 10 72 74
7 3 72 73
6 7 72 71
5 3 72 68
6 2 72 66
4 2 72 63
4 2 73 63
5 2 72 46
4 2 75 46
7 2 72 44
3 2 74 45
4 2 72 41
5 2 72 42
6 2 72 40
2 6 72 35
5 2 72 34
6 2 72 29
5 2 72 27
6 11 72 22
6 2 72 20
6 7 72 11
3 2 73 13
5 2 71 91
4 2 71 89
5 14 71 83
2 2 71 85
3 3 71 71
5 4 71 70
8 2 71 69
3 2 72 68
4 2 71 67
3 5 71 65
4 4 71 58
4 2 71 43
8 2 71 40
7 2 71 29
8 2 71 28
6 2 71 27
2 2 71 21
1 2 71 20
5 3 71 20
3 5 71 19
4 3 71 16
4 6 70 97
3 4 70 92
6 4 70 85
7 2 70 85
3 2 70 82
7 2 70 78
5 14 70 59
5 2 71 62
3 2 71 63
2 2 71 63
5 3 70 54
2 2 70 50
8 2 71 50
3 6 70 44
4 4 70 41
5 2 70 36
4 7 70 32
5 2 72 31
7 3 70 30
3 6 70 16
5 6 70 13
3 2 71 14
6 3 70 14
5 3 70 9
5 3 69 100
6 9 69 96
8 2 69 96
4 2 69 89
1 3 69 85
2 2 70 86
4 2 70 86
5 2 69 87
4 3 69 84
8 2 69 73
6 2 69 71
4 3 69 69
3 3 69 68
7 2 69 66
5 6 69 50
3 2 69 51
2 3 69 48
8 2 69 38
6 2 69 30
2 2 69 27
7 2 69 26
4 2 69 21
3 3 69 21
2 3 69 10
4 2 70 9
5 2 70 8
4 2 70 7
7 14 69 3
5 2 68 97
7 10 68 96
4 2 68 93
5 2 68 89
4 3 68 67
2 2 68 66
5 2 68 65
6 10 68 63
4 3 68 55
6 8 68 50
8 2 70 46
4 2 69 46
4 2 70 45
7 2 69 46
2 2 68 43
8 2 68 44
5 2 68 45
3 2 68 34
5 2 68 31
1 2 70 31
7 2 70 30
3 3 68 25
4 17 68 13
6 5 67 99
3 3 67 98
5 9 67 93
6 9 67 88
4 8 67 85
4 2 67 80
6 2 67 79
3 2 67 78
4 6 67 77
6 2 67 73
2 2 68 73
3 2 67 70
3 3 67 61
6 3 67 59
3 2 67 55
2 7 67 54
2 2 67 53
8 2 68 52
4 3 67 53
5 2 67 49
5 5 67 41
6 3 67 39
5 2 67 38
8 2 67 32
6 3 67 32
2 7 67 31
4 2 67 24
3 5 67 19
2 2 68 18
7 2 67 15
4 2 67 7
4 3 66 97
4 2 66 83
4 4 66 74
5 2 66 73
7 4 66 64
5 3 66 61
5 2 66 58
7 3 66 59
4 14 66 57
1 2 66 52
3 11 66 52
4 13 66 49
8 2 67 46
7 7 66 45
3 3 66 39
1 2 66 37
2 2 72 37
3 2 70 37
5 2 70 37
5 2 66 33
3 2 66 27
3 10 66 23
6 2 66 27
3 4 66 16
1 2 66 17
4 2 66 14
2 2 66 15
6 2 66 15
5 2 66 14
1 2 66 12
5 4 66 7
5 2 65 100
2 2 65 95
3 2 65 93
2 2 65 93
7 2 65 90
3 9 65 82
5 2 65 83
1 2 65 84
6 2 66 85
2 3 65 81
6 2 65 81
2 3 65 77
2 2 65 68
4 4 65 66
8 2 65 63
6 3 65 44
4 2 65 40
8 2 65 40
3 4 65 37
6 2 65 38
1 2 65 35
2 2 65 36
7 4 65 33
3 2 65 30
8 2 65 29
7 2 65 28
4 2 65 27
5 2 65 27
2 3 65 23
6 2 68 24
7 3 65 21
4 2 65 16
5 4 65 5
6 2 65 4
8 3 65 2
2 2 67 3
3 2 67 2
2 2 68 2
4 2 67 2
5 2 67 1
1 2 65 3
1 2 64 97
5 2 64 89
1 2 65 88
4 3 64 83
3 5 64 76
6 2 64 76
8 2 64 74
4 3 64 72
3 2 64 72
2 10 64 70
4 2 64 62
7 2 65 61
2 2 65 61
7 2 64 53
5 2 64 43
6 2 64 41
2 3 64 38
4 4 64 37
1 2 64 35
5 2 64 34
4 3 64 24
2 5 64 18
3 4 64 16
2 2 64 6
7 4 63 100
7 3 63 94
3 2 63 95
4 2 63 94
6 2 63 92
3 2 63 90
4 2 63 91
3 2 63 91
8 4 63 83
2 2 63 81
4 2 63 80
5 6 63 76
1 2 65 76
3 2 63 68
7 2 64 69
6 12 63 66
5 2 63 63
2 8 63 60
3 2 63 47
5 2 63 37
8 2 63 37
2 2 63 36
6 6 63 30
6 2 64 32
2 2 63 29
7 2 63 27
6 4 63 26
7 2 66 23
4 2 66 22
5 5 63 23
8 2 63 21
7 2 63 19
3 8 63 11
8 2 63 12
1 2 64 13
7 2 65 14
2 2 63 13
4 2 63 11
2 4 63 8
6 2 63 6
5 3 62 97
2 2 62 99
2 5 62 91
6 2 62 80
2 4 62 78
6 4 62 74
2 2 62 56
8 2 63 57
5 17 62 54
5 2 62 46
2 2 64 46
8 2 64 45
3 5 63 46
6 2 62 41
8 2 65 42
3 2 62 41
4 2 62 41
1 3 62 36
3 3 62 33
1 3 62 30
7 3 62 24
3 3 62 21
4 10 62 16
5 3 62 15
6 4 62 7
2 2 63 8
1 2 63 7
7 2 62 8
3 2 63 9
6 4 62 4
1 2 62 2
4 2 62 1
6 3 61 99
2 5 61 85
5 2 62 87
8 2 64 88
3 2 61 87
4 2 61 77
8 2 61 69
2 3 61 64
5 2 61 65
6 2 61 62
3 5 61 61
6 8 61 52
5 4 61 42
4 2 61 43
3 4 61 39
2 3 61 35
4 2 61 32
2 2 61 31
6 15 61 27
2 3 61 20
3 12 61 19
1 3 61 9
7 2 61 3
4 2 60 93
3 3 60 91
3 2 60 89
7 3 60 86
1 3 60 82
1 2 61 82
4 2 60 82
7 3 60 81
2 3 60 76
3 2 60 62
8 2 60 61
4 5 60 60
5 2 60 59
1 3 60 41
7 2 60 40
4 2 60 35
2 3 60 32
5 4 60 18
4 4 60 5
3 2 60 2
5 2 60 3
4 7 59 98
5 2 59 95
3 2 59 96
6 4 59 91
2 2 59 88
1 2 59 86
5 6 59 84
1 2 63 85
7 3 63 85
4 4 59 80
5 9 59 80
3 2 59 59
2 2 59 58
6 5 59 54
5 2 59 50
3 13 59 48
7 2 59 38
3 7 59 31
3 2 59 25
8 2 59 22
7 2 59 14
6 3 59 15
2 2 59 10
8 2 61 11
5 2 60 9
2 2 60 10
6 2 60 10
4 2 60 9
4 2 58 94
3 3 58 94
5 2 59 93
8 3 59 92
3 5 58 90
4 7 58 89
2 2 58 86
3 4 58 77
4 2 61 76
8 2 58 76
3 12 58 73
5 2 58 60
4 4 58 52
4 3 58 46
3 2 58 45
7 4 58 41
4 14 58 40
3 2 58 33
4 2 58 22
4 5 58 20
4 4 58 17
7 4 58 12
3 3 58 10
8 2 58 8
3 3 57 98
5 6 57 96
6 3 57 86
5 2 60 84
6 2 59 84
8 2 58 84
1 2 57 84
6 2 57 76
2 2 57 69
8 2 57 70
5 2 57 70
4 2 57 69
5 2 58 68
1 2 58 68
3 3 57 69
7 2 57 67
3 2 58 66
4 2 59 65
5 2 58 65
6 4 57 63
2 12 57 52
5 3 57 51
6 2 57 51
2 4 57 50
5 2 57 40
5 4 57 28
2 2 58 29
8 2 58 28
5 2 57 28
6 4 57 11
4 2 57 9
7 2 57 7
8 8 57 6
3 9 56 94
1 2 56 92
7 2 56 86
6 2 56 82
5 2 56 76
4 2 56 75
4 3 56 71
1 2 58 73
6 2 56 70
1 2 56 71
5 2 56 66
2 2 56 67
4 2 56 65
7 2 56 65
4 4 56 60
4 2 56 58
8 2 56 59
4 5 56 56
7 2 56 44
5 2 58 45
6 2 58 45
2 2 57 46
5 2 57 45
8 9 56 42
5 5 56 35
5 2 57 33
8 2 57 33
4 8 56 32
4 2 56 24
8 2 57 25
5 2 57 25
4 2 56 25
2 3 56 25
5 4 56 22
7 2 56 20
5 2 56 21
2 4 56 17
8 2 58 18
6 3 58 17
3 3 56 18
4 10 56 18
3 2 56 13
5 4 56 11
7 2 57 12
4 3 56 12
6 2 56 7
3 2 56 8
6 2 57 7
4 2 57 7
8 2 56 8
5 2 56 7
7 3 56 6
6 5 56 3
6 2 55 100
6 2 55 94
6 2 57 95
1 2 55 94
5 2 55 89
7 3 55 88
8 5 55 87
7 12 55 84
3 2 57 79
7 3 55 78
6 2 55 72
3 2 55 71
7 2 58 72
2 2 57 72
6 2 56 72
4 2 56 72
5 3 55 71
4 2 55 69
3 11 55 66
3 3 55 59
4 6 55 46
5 3 55 44
5 3 55 39
8 2 55 39
2 2 56 39
5 2 58 40
7 11 56 39
2 2 55 40
6 3 55 34
3 2 55 35
5 2 55 25
7 2 56 24
6 2 55 22
5 7 55 14
7 6 55 1
7 2 54 99
6 6 54 98
2 5 54 92
1 2 54 88
3 2 54 87
5 2 54 85
2 2 54 79
1 2 55 78
3 2 54 68
2 4 54 67
1 2 54 64
4 2 54 52
7 2 54 51
1 9 54 51
1 2 54 47
7 2 54 33
6 3 54 31
5 3 54 30
8 2 54 28
5 5 54 27
7 7 54 24
2 2 54 12
2 12 54 8
5 2 53 96
2 5 53 94
6 4 53 89
1 2 53 83
6 16 53 81
4 2 53 75
8 2 56 76
6 2 56 76
5 2 55 75
6 2 53 72
3 2 53 71
6 7 53 70
5 4 53 69
4 7 53 58
3 7 53 55
6 2 53 49
8 2 53 31
6 4 53 29
8 2 53 26
6 9 53 25
1 2 53 23
5 25 53 21
1 2 53 5
6 7 53 3
6 2 53 2
5 3 52 99
8 2 53 100
4 8 52 99
4 23 52 95
7 2 52 87
5 7 52 79
3 6 52 76
5 3 52 74
4 3 52 69
7 3 52 65
4 5 52 63
2 2 52 61
3 2 52 48
2 3 52 47
6 4 52 43
7 3 52 41
3 2 52 35
4 7 52 35
4 3 52 28
1 4 52 10
8 2 52 10
3 5 52 5
5 2 51 89
5 5 51 85
7 2 51 74
2 8 51 67
3 2 51 64
8 2 51 63
7 3 51 53
2 6 51 50
7 3 51 42
4 18 51 41
1 3 51 35
3 21 51 33
4 2 52 34
5 2 51 33
8 2 51 20
1 2 51 21
6 2 51 19
4 3 51 14
3 6 51 13
2 9 51 10
5 5 51 4
1 2 50 94
3 2 50 90
7 2 50 90
4 2 50 86
2 2 50 83
4 4 50 83
3 2 50 82
6 3 50 78
5 3 50 76
5 4 50 59
4 6 50 57
6 2 50 58
2 3 50 55
2 2 50 47
5 2 51 48
5 3 50 37
2 2 50 36
4 27 50 32
2 2 50 28
6 17 50 16
7 3 50 7
4 3 50 8
3 6 49 98
2 2 49 92
7 2 49 93
1 3 49 92
3 3 49 86
5 2 50 87
8 2 49 86
4 2 49 77
4 8 49 73
3 6 49 69
3 2 49 68
6 18 49 61
3 2 49 58
3 2 51 57
8 2 51 56
5 2 49 57
3 3 49 46
3 2 49 37
5 3 49 25
8 2 49 23
6 2 50 22
3 4 49 22
1 2 49 9
3 2 49 8
6 2 49 6
1 3 48 95
1 2 48 97
5 7 48 94
1 3 48 88
1 2 48 86
3 2 48 77
8 2 48 70
4 3 48 70
2 2 48 69
4 2 48 68
6 4 48 67
4 2 48 64
5 4 48 55
3 2 48 52
6 2 48 49
1 2 49 49
4 2 48 49
5 7 48 45
8 2 52 45
5 6 48 37
3 2 48 39
7 2 48 27
4 2 48 24
3 3 48 24
3 2 48 18
8 2 48 10
3 2 48 10
6 2 48 7
7 4 48 6
8 2 47 98
5 2 47 91
3 2 47 89
2 2 49 88
4 4 47 85
7 2 47 84
4 4 47 82
5 7 47 76
7 2 48 80
3 2 47 80
5 3 47 73
4 3 47 67
7 2 47 67
3 2 47 63
5 2 47 62
3 2 47 61
3 2 50 60
3 6 47 58
4 8 47 52
2 2 47 44
3 2 52 45
1 2 52 45
4 2 52 44
6 7 47 44
5 2 47 38
6 3 47 36
1 2 47 35
4 3 47 29
4 2 47 12
5 6 47 8
6 7 47 4
8 2 47 3
5 2 47 2
7 2 47 2
4 2 46 100
3 2 46 100
2 2 47 100
5 2 46 99
4 4 46 96
3 3 46 93
5 2 46 88
3 3 46 86
4 2 46 77
8 2 46 73
2 2 47 73
4 2 46 73
3 2 46 72
6 2 46 71
5 4 46 71
2 2 46 65
3 2 46 66
8 2 46 66
8 2 46 57
1 2 46 56
5 2 46 51
7 19 46 49
7 2 46 43
5 5 46 43
5 3 46 41
1 2 46 41
8 2 46 37
2 4 46 28
2 2 46 25
1 8 46 23
8 2 46 21
3 2 46 20
5 3 46 17
6 3 46 12
4 2 46 7
3 2 47 6
6 2 45 96
2 7 45 96
4 3 45 92
5 2 45 90
6 4 45 88
8 2 46 90
3 2 46 90
4 2 45 88
5 2 45 84
4 3 45 79
6 4 45 73
3 2 46 74
1 2 46 74
4 7 45 67
2 4 45 55
7 3 45 51
8 2 45 50
6 2 45 46
7 2 45 46
2 2 45 45
4 2 45 38
3 6 45 34
3 3 45 27
8 2 45 26
2 18 45 21
8 2 45 15
8 2 49 14
2 2 45 6
5 2 45 7
2 3 45 3
3 2 45 2
6 6 44 100
5 2 44 87
1 2 44 83
8 2 44 82
1 2 44 76
3 2 44 75
7 2 44 74
8 3 44 69
8 2 44 70
5 2 44 65
4 4 44 59
3 4 44 53
6 2 44 52
6 7 44 50
6 2 44 43
2 4 44 38
5 2 44 36
4 5 44 36
6 3 44 33
8 3 44 31
2 5 44 29
2 5 44 25
4 2 47 26
1 2 46 26
6 2 44 26
3 6 44 26
4 2 44 11
5 3 44 10
5 2 44 3
3 3 43 100
1 4 43 98
3 14 43 97
8 2 43 93
6 2 43 91
7 2 43 89
3 4 43 84
6 2 43 84
2 2 43 83
3 2 43 69
3 2 44 69
7 2 43 62
2 2 44 63
6 2 45 64
5 2 43 58
4 2 43 50
6 2 43 13
6 2 43 10
6 3 43 6
7 2 45 6
8 2 45 6
5 2 43 7
7 3 42 99
6 5 42 92
4 2 44 91
7 2 42 90
5 5 42 86
5 2 43 86
1 2 43 85
2 4 42 81
6 2 42 82
2 2 42 75
5 3 42 72
7 2 42 71
4 6 42 69
3 2 42 67
2 11 42 66
4 2 42 56
5 2 42 44
6 3 42 42
5 9 42 41
6 2 42 38
1 2 42 28
4 2 42 24
7 2 42 22
8 3 42 21
8 2 42 15
7 4 42 5
4 2 42 5
2 2 42 5
5 2 42 3
6 4 42 3
1 3 41 91
7 2 41 77
6 2 41 75
3 5 41 62
2 2 44 60
4 8 41 54
3 2 41 58
3 2 41 53
4 2 41 48
7 15 41 38
5 2 41 33
5 4 41 23
4 4 41 20
3 2 41 7
8 2 41 6
6 4 40 100
2 3 40 91
6 4 40 90
2 5 40 84
3 5 40 80
3 2 40 80
6 2 40 79
5 2 42 78
5 8 40 78
4 8 40 74
4 2 40 72
1 2 40 73
5 2 40 70
4 6 40 66
4 2 40 63
6 2 40 53
4 16 40 52
2 2 41 52
4 2 40 52
6 6 40 36
7 17 40 32
3 2 40 27
2 2 40 28
7 3 40 26
6 6 40 24
4 2 40 16
2 5 40 9
8 2 41 9
3 2 41 10
7 9 40 3
6 2 40 1
2 2 39 98
5 2 39 90
4 5 39 88
3 4 39 87
4 2 39 80
4 2 40 81
6 12 39 77
3 4 39 72
3 2 40 71
6 3 39 69
8 2 39 64
3 2 39 64
5 2 39 63
1 2 39 54
2 2 39 55
6 2 39 54
5 4 39 44
4 2 40 45
1 2 39 31
3 2 39 30
3 2 39 18
7 2 41 19
6 4 39 14
4 2 44 13
2 2 45 14
5 2 45 14
6 2 44 14
7 2 42 15
5 3 39 11
7 2 40 12
5 3 40 12
2 2 42 13
6 2 42 12
8 2 43 13
2 11 39 10
5 4 39 7
6 2 39 8
7 2 39 9
4 2 39 9
4 2 39 5
8 2 39 2
6 2 38 97
6 2 39 98
2 2 38 89
3 12 38 89
5 4 38 87
6 2 39 86
3 4 38 84
6 9 38 66
1 17 38 62
4 2 40 59
5 2 42 60
4 2 42 60
8 2 42 59
7 2 38 61
1 2 39 60
5 2 38 58
3 2 38 56
3 2 38 54
4 4 38 43
6 2 38 37
2 2 38 34
8 2 38 35
4 3 38 27
2 2 38 23
7 5 38 22
6 2 38 15
2 2 40 15
4 2 41 14
3 3 40 14
7 3 38 15
2 2 38 14
5 6 37 97
7 2 38 98
1 3 37 97
4 14 37 94
6 4 37 88
4 2 37 86
3 2 37 82
2 2 37 81
1 2 37 79
6 16 37 70
5 18 37 51
7 2 37 51
1 2 37 50
5 2 37 49
7 2 37 44
1 2 37 42
4 3 37 38
6 2 37 28
5 2 39 29
1 3 37 27
3 4 37 25
1 5 37 24
6 2 37 20
4 2 40 19
4 2 38 19
6 2 38 18
5 2 38 17
4 2 37 17
2 2 37 4
1 2 38 5
6 2 38 4
3 2 37 5
5 3 37 4
2 2 39 2
7 2 39 1
4 10 36 99
6 2 36 85
4 4 36 85
5 2 36 84
5 2 36 82
7 2 36 80
4 3 36 78
5 2 36 76
2 3 36 76
2 7 36 57
6 2 37 54
4 4 36 53
3 2 36 52
3 6 36 50
1 2 36 49
3 2 36 37
6 4 36 38
5 2 36 35
4 9 36 21
7 3 36 17
4 2 36 14
4 2 36 11
1 2 37 12
2 5 36 5
8 10 36 2
1 3 35 86
1 4 35 67
6 2 35 42
8 2 37 43
4 2 35 42
3 7 35 42
4 4 35 38
6 2 37 40
1 2 36 40
7 2 36 41
6 2 35 28
7 2 35 26
2 6 35 26
7 2 35 23
3 13 35 17
6 2 35 11
8 2 35 8
1 3 35 8
3 3 34 98
4 5 34 88
7 6 34 86
5 2 34 82
4 3 34 81
7 2 37 82
7 2 35 82
3 4 34 82
6 3 34 79
2 15 34 75
3 2 34 73
5 15 34 72
3 7 34 66
7 2 34 63
3 2 34 61
1 2 34 57
4 2 37 58
1 2 36 56
7 2 36 56
8 2 35 58
3 3 34 55
1 2 34 48
8 2 34 46
1 2 36 45
3 2 36 45
2 3 34 37
4 2 34 36
6 3 34 34
8 2 34 32
5 3 34 30
6 2 34 31
5 2 34 32
4 3 34 29
3 2 34 27
3 3 34 11
7 2 34 12
5 2 34 8
6 5 34 5
6 2 36 7
2 3 36 7
7 8 34 4
6 2 33 99
2 2 33 97
3 6 33 96
5 20 33 91
3 2 33 84
8 2 33 74
2 2 33 69
8 2 33 68
2 5 33 60
5 2 35 61
7 2 33 61
8 2 33 60
5 2 33 58
7 3 33 58
4 2 33 55
3 13 33 49
2 3 33 46
6 2 34 44
6 2 33 46
1 2 33 44
6 2 33 40
5 3 33 39
5 2 33 37
8 2 33 36
2 5 33 35
7 4 33 31
7 2 34 32
3 3 33 24
3 2 33 20
7 2 33 20
5 3 33 19
4 2 33 17
2 2 33 15
8 2 32 99
5 2 32 88
4 2 32 83
6 2 32 83
2 2 33 82
1 2 32 82
3 2 32 79
1 5 32 79
5 6 32 70
2 2 32 67
2 6 32 64
8 3 32 56
8 2 32 40
8 2 32 33
4 3 32 32
3 2 32 30
4 2 36 29
2 2 32 24
2 2 33 23
2 2 32 19
4 2 32 14
4 5 32 11
5 9 32 7
1 2 32 2
6 2 31 88
4 3 31 78
5 2 31 67
3 2 31 62
4 2 31 61
4 2 31 58
5 2 31 56
7 4 31 52
4 2 31 44
3 2 31 40
4 3 31 38
2 2 31 39
3 2 31 32
6 3 31 31
3 2 31 28
6 2 31 26
5 3 31 17
8 2 31 16
5 4 31 13
7 3 31 10
8 2 31 4
7 3 30 100
6 2 30 100
4 4 30 97
6 3 30 94
4 2 31 93
8 2 30 89
6 8 30 84
3 2 30 82
2 2 30 81
3 2 30 78
3 2 30 75
7 3 30 69
1 2 33 67
6 2 33 67
3 2 32 68
4 2 32 67
4 4 30 68
4 2 30 53
4 2 30 47
3 2 30 47
8 2 30 47
4 3 30 42
5 4 30 41
8 2 30 39
5 2 30 39
8 2 30 31
3 2 30 21
2 3 30 20
3 2 30 18
1 2 30 19
8 2 30 11
5 2 30 10
4 2 30 5
8 9 30 1
5 2 29 100
7 2 29 95
8 2 31 96
7 2 31 95
2 2 29 88
4 2 29 80
1 2 29 73
7 2 32 74
3 2 32 74
3 3 29 66
1 3 29 66
7 2 29 60
6 2 29 59
4 2 29 56
2 2 32 57
6 2 32 57
5 2 31 57
2 2 29 55
5 5 29 45
6 2 29 40
1 2 29 36
5 2 29 26
7 2 30 25
8 2 30 25
6 4 30 24
6 2 32 23
8 2 32 23
3 2 32 22
1 2 30 23
4 2 29 25
5 2 29 22
2 2 29 23
3 2 29 20
4 4 29 19
6 3 29 16
7 10 29 14
6 5 29 8
4 2 28 100
6 4 28 97
5 2 29 95
2 2 30 94
3 3 30 93
5 2 28 93
6 4 28 91
4 10 28 89
1 4 28 87
4 3 28 73
4 2 29 73
8 2 28 68
2 2 28 69
3 2 28 69
5 2 28 67
4 2 28 65
4 9 28 57
7 2 28 53
7 2 28 51
5 2 32 51
8 2 31 52
3 6 28 39
2 2 28 38
4 8 28 33
4 2 28 28
5 2 32 29
2 2 30 28
4 2 30 27
8 2 28 29
4 2 28 30
5 2 28 30
6 2 28 29
3 5 28 27
6 3 28 22
1 2 28 22
7 17 28 7
6 2 29 6
4 2 28 3
3 3 28 4
7 3 28 5
2 2 27 99
3 2 27 100
5 12 27 98
4 2 27 93
4 2 27 83
8 2 27 83
5 2 27 80
2 2 27 72
1 2 30 71
3 5 27 67
3 2 27 65
4 6 27 63
7 2 27 62
4 2 27 62
5 4 27 61
8 7 27 52
4 2 27 49
3 2 27 44
4 3 27 43
8 2 27 39
3 2 27 38
4 3 27 25
5 3 27 25
6 5 27 19
1 2 26 89
3 2 27 88
2 3 27 87
5 3 26 89
8 3 26 88
1 2 26 85
5 2 26 85
6 3 26 82
1 2 26 79
8 2 26 80
3 17 26 79
6 9 26 71
7 2 26 71
6 3 26 71
1 2 26 61
2 2 26 61
8 2 26 62
6 2 26 60
7 2 27 59
4 4 27 59
3 2 27 59
3 2 26 56
5 10 26 54
5 2 26 51
4 2 27 50
5 2 26 48
2 2 26 49
4 3 26 48
7 7 26 48
5 2 26 35
2 2 27 36
4 2 27 34
3 2 26 36
6 2 26 34
8 2 26 32
7 3 26 32
6 2 26 29
3 2 26 28
7 2 26 26
7 2 26 23
6 3 26 23
5 3 26 20
6 2 26 16
6 2 27 15
1 2 26 17
5 2 26 18
7 3 26 17
6 3 26 13
2 3 26 6
6 2 26 5
2 2 26 6
6 2 26 2
2 2 25 95
3 4 25 94
1 2 25 86
6 10 25 84
7 2 25 74
6 2 25 75
2 2 27 74
4 2 25 76
5 7 25 73
8 3 25 66
4 4 25 66
3 3 25 64
2 2 25 59
5 2 25 39
4 2 25 40
6 8 25 39
2 2 25 36
5 3 25 32
7 2 25 29
5 2 25 26
8 13 25 13
2 6 25 9
3 3 25 9
3 2 25 3
4 2 25 4
6 2 24 96
5 2 24 95
6 2 24 88
5 2 24 74
7 2 24 73
1 2 24 72
2 2 24 71
4 2 24 70
8 2 24 63
5 3 24 62
3 2 25 63
6 8 24 63
3 2 24 56
1 3 24 57
4 2 24 54
8 4 24 53
6 3 24 48
5 2 24 40
4 3 24 35
1 3 24 29
6 5 24 27
4 2 24 21
2 2 25 22
6 2 24 17
1 3 24 15
3 3 24 12
8 2 24 13
6 2 24 14
2 4 24 3
6 2 23 93
5 2 23 83
6 2 24 83
5 2 24 83
7 2 24 82
3 4 23 82
2 11 23 81
2 2 23 77
1 2 23 77
6 7 23 77
7 3 23 71
5 4 23 67
4 2 23 64
6 2 23 57
4 2 23 55
4 2 23 43
7 2 24 44
6 3 24 45
3 3 23 43
4 4 23 32
5 2 23 21
5 2 23 11
8 3 23 9
8 2 24 9
3 2 23 3
5 4 23 2
5 2 22 97
8 2 22 98
7 2 25 99
6 2 24 99
2 2 22 94
3 3 22 94
3 2 22 92
4 2 22 90
3 2 22 88
5 4 22 78
8 2 22 66
3 3 22 65
1 2 22 59
5 3 22 58
4 2 22 57
3 10 22 56
5 2 22 48
8 2 22 47
1 2 22 45
5 4 22 43
5 2 22 37
3 2 22 37
4 3 22 35
6 3 22 28
8 2 22 29
4 5 22 24
6 4 22 21
7 6 22 18
5 3 22 18
7 5 22 15
5 2 22 8
2 5 22 6
4 4 21 97
3 5 21 96
1 5 21 93
2 2 21 92
2 4 21 89
1 3 21 89
5 4 21 86
2 2 21 75
5 6 21 73
6 4 21 70
4 4 21 63
8 2 21 60
3 2 21 44
6 2 21 43
6 5 21 40
6 3 21 33
3 2 23 34
7 2 23 35
2 2 23 33
7 2 21 28
3 4 21 25
2 2 21 18
6 3 21 13
2 2 21 12
4 2 21 8
3 2 21 7
6 2 21 3
2 2 20 100
4 3 20 99
3 2 20 99
2 7 20 90
8 2 20 92
1 3 20 92
4 5 20 85
4 3 20 82
1 2 20 77
4 2 20 78
5 2 20 75
3 2 21 75
4 2 20 66
2 3 20 65
3 2 20 63
3 2 20 60
4 2 20 54
6 2 22 54
4 2 20 51
5 2 23 50
2 2 23 51
4 2 22 50
7 2 25 51
4 2 24 51
3 2 24 51
8 2 21 50
1 3 21 49
4 2 20 48
3 6 20 47
6 2 22 46
6 2 20 34
3 3 21 35
8 2 21 34
7 2 20 33
7 2 20 31
5 2 20 21
2 4 20 16
8 7 20 16
8 2 20 14
3 2 20 13
5 2 20 11
3 4 20 8
3 4 20 5
6 2 19 91
5 3 19 90
3 9 19 85
3 2 19 81
1 2 19 81
6 4 19 80
5 2 19 77
2 2 19 72
6 3 19 61
1 2 19 62
2 3 19 56
2 2 19 46
7 2 21 46
5 7 19 42
4 2 19 38
4 3 19 36
7 2 20 37
5 5 19 35
6 3 19 32
7 4 19 27
2 3 19 24
5 2 21 23
7 2 20 23
1 2 19 23
8 4 19 22
8 3 19 19
8 2 20 19
1 2 19 18
4 7 19 13
1 4 19 7
6 2 19 8
8 2 18 99
6 2 18 98
2 3 18 96
3 4 18 91
6 2 18 87
3 2 18 76
3 2 18 73
1 2 18 72
6 8 18 71
4 2 19 71
5 2 18 66
3 4 18 65
3 12 18 59
2 3 18 57
7 9 18 50
2 2 20 53
5 6 18 48
4 6 18 42
2 3 18 39
5 6 18 37
4 2 18 32
7 2 18 14
5 10 18 9
8 4 18 3
2 2 19 2
4 2 17 95
5 4 17 85
3 3 17 82
6 19 17 78
4 4 17 71
4 2 17 65
2 5 17 63
4 2 17 62
6 3 17 54
5 2 17 54
1 2 17 55
6 13 17 48
4 2 17 52
4 9 17 46
2 2 19 46
1 2 19 45
4 2 18 47
3 3 18 45
7 2 17 45
5 2 17 44
3 2 17 39
2 2 17 36
2 3 17 31
7 2 19 30
4 5 17 29
8 2 17 26
6 2 17 25
3 3 17 24
8 3 17 20
7 2 17 18
6 4 17 3
6 2 18 5
3 2 18 5
1 3 17 5
3 2 16 100
2 14 16 96
4 5 16 89
2 2 17 88
4 2 16 88
2 2 16 84
2 3 16 76
6 2 18 75
2 2 16 70
7 2 16 66
3 2 16 52
5 4 16 47
8 2 16 45
1 2 16 42
3 2 16 34
6 2 16 30
5 3 16 26
4 2 16 25
6 2 16 22
7 2 16 22
3 4 16 15
4 2 16 15
5 2 16 6
1 2 16 3
3 2 17 2
7 2 16 2
4 2 15 99
3 3 15 98
4 2 16 98
5 2 15 98
1 3 15 93
2 5 15 92
5 2 15 88
6 4 15 86
5 2 15 75
1 7 15 73
5 3 15 71
5 2 16 69
4 4 15 69
5 16 15 66
4 6 15 61
1 2 15 57
8 2 15 51
6 2 15 46
2 3 15 45
3 2 15 43
5 4 15 41
6 4 15 37
3 2 17 36
2 3 15 32
3 8 15 30
7 3 15 25
4 5 15 20
8 2 15 13
2 2 15 14
5 5 15 4
6 4 14 88
1 2 14 85
7 7 14 84
3 2 14 76
8 2 15 77
2 5 14 58
7 2 14 39
5 2 14 31
2 4 14 26
8 4 14 18
4 4 14 16
7 5 14 15
4 7 14 10
4 2 16 9
4 3 14 9
4 15 14 3
5 2 13 92
3 2 13 91
4 9 13 90
2 2 13 73
2 2 14 72
3 2 14 72
8 2 13 64
5 2 13 61
3 3 13 54
6 4 13 46
3 2 13 44
4 4 13 43
7 2 14 43
6 2 14 42
2 4 13 42
5 8 13 38
6 6 13 36
4 2 14 37
5 2 14 37
4 2 13 33
4 3 13 30
3 2 13 31
6 2 13 30
2 2 13 30
3 3 13 23
5 2 13 24
7 2 13 20
1 2 13 20
6 3 13 14
1 2 13 13
1 2 14 12
5 4 13 8
2 2 13 5
5 3 12 98
1 2 12 99
4 4 12 98
5 5 12 78
2 3 12 76
1 2 12 72
4 2 12 73
6 2 12 74
5 2 12 74
2 2 12 71
1 4 12 67
2 2 12 68
5 4 12 54
3 2 16 54
6 2 12 54
5 6 12 49
8 2 12 43
6 2 12 40
2 2 12 39
5 4 12 33
8 3 12 30
3 3 12 25
4 2 12 24
5 2 12 19
4 2 12 16
5 2 12 13
7 3 12 6
6 3 11 97
2 3 11 94
2 2 13 95
6 2 13 94
3 3 11 93
5 4 11 91
6 2 11 90
3 2 11 86
3 2 11 82
4 2 11 77
3 3 11 76
2 5 11 75
5 2 11 72
3 3 11 68
8 2 11 68
7 2 11 61
5 4 11 58
1 2 12 59
6 3 11 57
3 2 15 56
3 2 11 54
1 2 13 55
2 2 13 55
5 2 13 54
8 2 12 56
5 2 12 56
7 2 11 55
2 4 11 51
3 4 11 50
7 8 11 44
4 2 11 43
5 4 11 41
4 2 11 39
7 3 11 30
4 3 11 29
4 2 11 22
2 2 11 21
7 10 11 19
2 2 11 12
5 4 10 100
5 3 10 89
4 3 10 85
6 2 10 84
2 4 10 83
7 3 10 81
5 2 10 76
6 3 10 75
3 4 10 74
6 2 10 70
7 9 10 68
6 4 10 60
7 2 12 61
8 2 11 61
1 2 10 53
3 2 10 43
5 2 10 43
6 10 10 41
8 2 10 37
1 2 13 36
7 2 13 36
5 3 13 35
7 2 10 34
7 2 11 35
5 2 10 29
6 3 10 25
2 2 10 16
8 2 10 17
6 5 10 17
5 3 10 10
6 8 10 10
1 2 10 5
4 4 10 5
3 8 10 2
4 2 9 96
5 6 9 96
6 4 9 93
2 11 9 88
6 2 9 83
5 2 9 83
1 2 9 82
7 6 9 76
5 3 9 70
3 2 9 71
7 2 9 66
6 2 9 65
6 2 11 64
2 2 9 64
7 6 9 63
3 5 9 57
2 2 9 54
6 2 9 52
4 6 9 51
1 2 9 45
4 2 9 30
5 7 9 24
1 2 13 26
4 2 10 26
8 2 10 27
1 2 10 23
5 2 10 22
3 2 9 19
4 4 9 13
3 4 9 14
5 11 9 6
6 2 9 7
1 2 11 8
1 2 8 100
5 2 8 94
2 2 8 87
4 4 8 83
4 7 8 72
8 2 8 65
2 11 8 55
3 2 8 53
3 3 8 46
5 6 8 38
2 2 8 36
6 22 8 35
4 2 8 34
1 2 8 25
6 6 8 21
3 2 8 21
1 2 8 18
4 5 8 16
6 2 8 13
5 2 8 14
4 2 7 99
8 2 9 98
6 2 8 100
3 4 7 89
5 2 7 91
3 2 7 86
6 3 7 79
4 3 7 79
4 2 11 80
8 2 10 80
5 2 9 80
2 2 9 81
3 2 7 78
6 5 7 77
1 3 7 75
8 4 7 68
5 3 7 64
4 2 7 62
4 2 10 63
3 2 10 62
6 3 7 63
4 2 7 59
5 2 7 60
5 11 7 49
5 6 7 43
6 3 7 31
7 2 7 32
3 8 7 29
3 2 10 27
1 2 7 28
3 2 7 26
4 4 7 23
6 2 7 24
3 2 7 23
4 4 7 19
7 6 7 14
5 2 7 12
7 4 7 9
5 2 8 9
1 2 8 9
7 4 8 8
6 4 7 3
4 5 6 97
3 2 8 95
7 2 6 98
2 11 6 97
3 4 6 93
3 4 6 87
6 10 6 84
5 2 6 79
4 8 6 74
3 2 6 73
2 2 6 68
6 2 8 68
3 2 8 67
3 2 6 63
3 7 6 59
3 3 6 56
3 3 6 52
4 2 7 53
2 2 7 53
6 5 6 47
4 2 6 48
3 2 6 44
7 2 6 44
6 2 6 43
4 2 6 40
6 4 6 29
3 3 6 18
5 2 6 18
2 2 6 18
1 2 6 13
2 3 6 10
6 4 6 6
8 2 8 7
3 2 8 7
3 2 5 98
7 2 7 99
6 2 5 93
2 5 5 71
6 8 5 65
6 3 5 63
4 2 6 61
7 2 7 60
5 7 5 63
7 3 5 61
3 2 6 60
4 3 5 55
4 3 5 50
1 3 5 43
5 4 5 39
4 4 5 37
2 2 5 33
3 2 5 25
6 3 5 19
6 3 5 17
3 3 5 15
6 4 5 12
5 4 5 11
2 2 5 7
4 2 5 6
7 4 5 4
4 3 4 98
2 2 7 99
2 2 5 99
3 2 5 99
8 2 4 96
3 2 4 94
2 5 4 93
1 2 4 91
1 4 4 89
3 2 4 83
2 3 4 82
6 2 4 80
3 2 6 81
1 2 4 72
6 4 4 69
1 2 4 70
1 2 4 61
6 3 4 60
2 2 4 59
6 2 4 50
7 14 4 49
4 8 4 44
6 2 4 32
2 3 4 30
5 2 4 28
4 6 4 26
5 2 4 24
1 2 4 14
8 2 4 13
7 10 4 7
6 5 4 4
5 4 4 3
7 2 3 98
5 2 3 95
1 2 3 94
5 3 3 86
4 4 3 85
7 4 3 84
7 2 4 83
8 2 4 83
6 2 3 83
5 3 3 81
3 5 3 78
5 2 3 77
4 3 3 67
4 2 3 64
6 4 3 44
7 3 3 38
7 2 3 36
3 2 3 37
5 4 3 31
1 3 5 32
3 2 3 30
4 2 3 30
8 3 3 27
2 2 3 24
7 2 3 22
7 2 5 21
8 2 3 20
7 8 3 19
6 4 3 9
2 2 3 9
4 4 3 2
5 2 2 96
8 5 2 95
7 2 2 93
3 4 2 90
5 2 2 89
4 2 2 88
7 2 7 88
3 2 2 86
2 2 2 77
8 2 2 75
1 2 2 75
3 4 2 73
6 2 3 71
6 2 2 69
3 2 2 67
7 2 2 65
3 4 2 62
8 7 2 46
7 2 2 44
5 3 2 41
5 2 2 39
8 2 2 36
6 2 2 35
1 2 2 33
8 2 2 34
2 3 2 32
5 8 2 25
2 2 3 22
8 4 3 22
6 3 2 20
1 2 2 12
8 2 2 9
3 2 2 7
5 2 2 4
3 2 1 77
4 2 2 76
2 3 2 76
3 3 2 76
2 4 1 58
6 2 1 50
5 2 2 51
5 2 3 52
5 2 1 49
2 2 1 45
8 3 1 42
1 2 3 40
6 2 1 40
7 3 1 39
4 2 1 37
5 2 1 18
4 2 1 15
6 3 1 14
8 2 2 15
5 2 2 14
2 2 2 15
7 2 2 15
3 2 1 12
4 2 1 9
8 3 1 7
