9776
4037
2 3 100 100
6 2 100 96
2 2 100 92
7 3 100 80
4 2 100 78
6 3 100 76
2 2 100 70
1 2 100 68
3 2 100 63
2 2 100 59
8 4 100 50
2 2 100 47
3 3 100 45
1 3 100 44
8 2 100 42
3 2 100 41
5 2 100 39
2 2 100 31
1 4 100 24
5 2 100 20
6 2 100 16
3 3 100 12
4 4 100 7
6 2 99 99
4 2 99 99
7 3 99 91
4 2 99 88
2 2 99 85
6 2 99 84
3 3 99 77
4 2 99 68
5 2 99 60
6 6 99 57
2 3 99 53
6 2 99 52
8 2 99 47
6 2 99 43
2 2 99 40
3 2 99 37
3 2 99 31
8 3 99 27
6 2 99 29
5 3 99 22
8 3 99 16
6 4 99 9
7 2 99 8
1 2 98 96
8 2 99 95
5 2 98 95
7 3 98 75
7 2 98 70
8 3 98 70
3 3 98 60
5 2 98 56
7 2 98 56
1 2 98 55
3 2 98 51
1 2 98 49
7 2 98 46
6 2 98 45
4 2 98 44
2 2 98 42
4 2 98 40
6 3 98 36
7 5 98 31
1 2 98 8
1 2 97 94
2 2 97 92
3 2 97 77
4 2 97 74
7 2 98 73
2 4 97 66
8 2 97 66
6 2 97 67
8 2 97 63
5 7 97 61
6 2 97 63
5 2 97 50
2 2 97 49
2 2 97 40
8 2 97 37
7 2 97 32
1 2 97 29
4 2 97 25
1 2 97 20
8 2 97 21
5 3 97 19
4 3 97 18
8 2 97 13
6 2 97 14
2 2 97 13
6 2 97 11
8 2 97 8
4 2 97 5
8 2 97 3
4 2 97 2
8 2 96 100
2 3 96 96
3 3 96 94
4 2 96 91
6 2 96 90
8 2 96 90
3 2 96 83
8 2 99 82
2 3 96 84
8 2 96 85
5 2 97 86
3 3 96 80
5 2 97 79
1 2 96 81
8 2 96 79
4 3 96 72
3 2 97 73
1 2 96 72
1 2 96 68
3 2 96 69
3 5 96 66
3 2 96 64
4 2 96 55
4 2 97 54
1 3 96 50
3 2 96 48
7 2 96 41
6 4 96 40
8 2 96 32
5 2 96 29
6 3 96 27
1 2 96 27
4 2 98 26
2 3 96 22
8 2 96 17
1 2 96 14
8 2 97 15
7 4 95 84
4 2 95 80
6 3 95 79
4 3 95 77
4 2 95 75
2 3 95 71
8 2 95 64
2 2 95 63
6 3 95 52
4 4 95 47
3 2 95 44
1 2 95 41
5 2 95 36
5 2 99 35
2 3 95 36
8 2 96 38
4 2 95 38
1 2 95 38
1 2 95 31
2 2 95 31
7 2 95 21
3 6 95 20
8 3 95 15
4 2 95 9
2 2 95 7
7 3 95 6
5 2 96 6
6 3 95 5
2 2 94 99
5 2 94 83
6 2 95 82
6 3 94 71
4 2 94 72
8 2 94 69
2 2 94 68
8 2 94 67
7 2 94 60
6 2 94 59
4 2 94 57
2 2 95 56
5 2 94 54
4 2 94 52
2 3 94 46
5 5 94 46
1 2 94 43
3 3 94 37
4 2 94 25
5 2 94 22
5 4 94 17
3 2 94 8
1 2 94 5
4 4 94 3
1 2 95 4
2 3 95 3
6 2 94 3
8 3 93 96
8 2 98 98
2 2 93 95
7 3 93 91
8 2 94 92
7 2 93 87
8 2 95 88
8 2 93 88
3 2 94 87
4 2 94 86
3 2 93 88
8 2 94 89
6 2 93 83
4 2 93 82
2 4 93 79
7 3 93 78
1 2 93 70
5 2 93 69
2 2 93 64
8 2 93 64
4 2 93 60
3 4 93 57
4 2 95 58
3 2 94 58
2 2 93 53
8 7 93 42
7 2 93 35
3 3 93 25
8 2 94 24
5 5 94 23
4 3 93 21
7 3 93 17
6 2 92 99
6 4 92 96
2 7 92 93
4 4 92 89
2 2 92 87
5 2 92 87
1 2 92 65
6 3 92 54
2 3 92 47
3 2 93 48
4 2 92 45
4 3 92 39
6 2 92 37
1 4 92 35
7 2 94 33
4 2 96 34
3 3 96 33
8 2 92 34
8 2 94 35
4 2 92 34
6 3 92 34
2 2 93 33
8 2 92 30
6 2 92 25
7 3 92 23
1 2 92 22
4 2 92 18
1 5 92 14
8 3 92 11
2 3 94 11
7 2 94 11
3 2 94 10
3 3 92 9
5 2 94 10
1 2 92 9
3 2 91 99
8 2 91 95
5 2 91 94
3 2 91 86
1 2 91 83
7 2 91 82
1 4 91 78
2 3 91 75
1 2 91 72
8 2 92 73
6 2 93 74
3 2 93 73
1 2 93 74
8 2 91 71
6 2 91 69
3 2 91 68
4 2 91 55
2 2 91 51
3 2 91 47
6 2 91 48
1 2 91 41
3 2 91 42
5 2 91 39
2 2 91 37
4 2 91 28
7 2 93 27
2 2 93 26
8 2 91 28
1 2 91 28
7 2 91 20
6 2 91 18
1 2 91 12
2 2 94 13
6 2 93 13
6 2 91 10
7 2 91 2
4 3 90 91
3 2 94 92
3 2 93 89
7 2 90 87
6 2 90 86
3 3 90 78
6 2 90 77
5 2 91 76
8 2 91 77
4 2 90 76
7 3 90 69
2 2 92 67
1 3 90 62
6 2 90 59
4 2 90 58
6 2 90 52
4 2 90 53
8 2 90 51
1 2 90 50
4 2 90 46
1 2 90 43
7 2 91 44
2 2 90 43
8 2 90 44
5 3 90 43
3 2 90 34
7 2 90 30
4 2 91 31
4 3 90 25
7 3 89 94
1 2 91 93
1 3 89 87
7 2 90 86
2 2 91 85
8 4 89 86
4 2 89 84
3 2 90 83
5 2 89 82
3 2 89 81
6 3 89 69
5 2 89 68
4 7 89 67
3 4 89 54
6 2 89 48
1 3 89 45
1 2 89 38
3 2 89 37
1 2 89 34
3 3 89 32
8 2 89 27
1 2 89 24
7 2 89 16
2 2 89 12
6 2 89 3
3 2 89 2
2 2 88 100
1 2 88 98
8 2 89 97
4 2 89 97
3 2 89 96
5 3 88 97
7 2 88 84
2 2 88 79
1 2 88 78
5 3 88 74
3 3 88 63
4 2 91 62
2 2 89 64
4 2 88 64
6 3 88 63
1 2 88 58
8 2 90 58
2 3 89 59
6 2 89 57
4 2 89 56
6 2 89 55
5 4 88 56
7 2 89 57
7 2 88 55
6 4 88 39
7 2 88 33
6 3 88 23
8 2 88 18
4 2 90 19
2 2 88 19
1 2 88 20
1 2 89 21
3 2 88 18
3 4 88 10
5 2 90 12
2 2 89 12
1 2 88 10
4 2 89 9
2 2 89 8
8 2 89 8
6 3 89 7
4 3 88 7
7 2 87 100
8 5 87 97
2 2 87 94
7 2 87 93
7 2 87 87
5 2 87 86
4 3 87 77
4 2 87 74
7 2 90 73
7 2 87 64
8 5 87 58
7 2 87 53
5 2 90 54
3 2 89 54
4 2 89 53
3 5 87 52
8 5 87 38
5 2 87 32
6 2 89 31
3 2 89 30
3 2 87 23
1 2 89 24
4 2 87 9
8 2 87 3
2 2 88 3
5 2 90 2
7 2 87 2
5 2 87 2
4 2 87 3
3 4 86 99
4 2 91 99
7 2 90 100
6 2 88 98
1 3 88 97
5 3 87 98
2 2 86 91
4 2 89 92
1 2 90 91
3 2 89 92
7 2 88 92
6 2 88 91
5 2 86 90
6 2 90 89
2 2 89 89
2 2 90 90
5 3 90 89
6 2 89 89
6 2 86 89
5 2 86 80
7 2 87 81
1 2 86 78
7 2 86 78
7 6 86 75
2 2 87 73
5 4 86 72
5 3 86 66
6 2 87 67
5 2 87 66
3 2 87 66
2 2 86 65
2 2 86 62
1 2 86 52
8 2 86 41
7 2 87 41
2 2 86 40
1 2 86 35
2 2 86 24
8 3 87 25
5 2 87 26
6 2 87 26
4 2 88 27
5 2 90 28
1 2 86 27
7 2 87 28
8 2 87 27
2 2 87 26
6 2 87 26
3 2 86 28
5 2 86 28
7 2 86 25
8 2 86 19
5 2 87 20
3 2 86 15
6 2 86 6
7 2 86 5
4 2 88 5
3 2 87 5
6 2 85 94
7 2 85 92
4 2 85 91
3 2 85 90
5 2 85 86
1 2 85 85
7 2 85 84
4 2 86 84
1 2 85 82
4 2 87 82
5 2 90 81
8 2 86 82
3 2 89 81
8 2 85 80
4 2 85 64
4 2 86 64
7 2 85 64
3 3 85 61
1 2 89 62
3 2 90 61
4 2 89 61
3 2 88 62
7 2 87 61
6 2 85 60
5 2 86 59
4 3 85 49
4 2 85 42
7 3 85 40
7 2 85 34
6 2 85 33
7 2 87 32
2 5 85 32
5 2 85 33
8 2 85 29
6 2 87 30
8 2 86 30
2 2 86 30
4 3 85 28
6 2 85 22
3 2 88 22
8 3 85 21
7 2 85 21
1 2 85 19
1 2 85 5
7 2 87 6
2 2 87 6
5 3 86 6
6 2 85 6
7 3 84 100
6 2 84 97
5 2 84 91
3 2 84 88
6 2 84 86
1 2 84 64
5 2 84 44
6 2 86 45
5 2 88 46
6 4 84 30
2 2 84 28
5 4 84 26
4 3 84 25
2 2 84 21
4 2 84 21
2 2 84 16
4 2 87 17
4 2 85 17
3 2 87 16
7 2 84 13
8 2 85 12
4 2 84 5
5 3 84 2
3 2 84 2
2 2 83 97
5 2 83 96
1 2 83 96
7 2 84 95
1 2 84 94
6 2 84 94
7 2 83 96
7 4 83 94
2 2 83 86
4 2 83 86
6 3 83 78
4 2 83 75
1 2 83 73
6 3 83 72
5 3 83 69
1 2 86 70
3 2 85 70
8 2 85 71
6 2 83 66
3 2 83 58
1 2 83 56
4 2 87 55
8 2 83 55
7 2 87 54
6 2 83 48
7 2 88 48
3 2 86 48
6 2 84 49
2 2 85 50
6 2 85 51
7 2 85 51
5 2 85 52
8 2 85 52
6 3 83 42
8 2 83 43
8 2 84 42
6 4 83 38
1 2 84 39
8 4 83 35
2 2 83 36
4 2 84 35
7 2 87 36
5 2 84 36
7 2 83 29
6 2 83 14
5 2 85 15
5 2 83 8
1 2 84 9
1 2 86 8
2 2 85 10
1 3 83 7
7 2 83 7
8 3 83 6
6 2 83 4
2 2 82 94
5 2 83 93
1 2 82 80
6 2 85 81
1 2 85 82
5 4 82 79
4 2 84 81
8 2 82 78
3 4 82 77
7 5 82 71
1 2 82 70
5 2 82 66
8 2 82 62
5 2 82 57
3 2 83 58
4 2 82 56
1 3 82 44
4 3 83 45
5 2 82 44
4 2 82 42
2 3 82 38
3 2 82 30
2 3 82 25
1 3 82 25
6 2 82 24
1 2 82 20
3 2 82 19
5 2 82 11
5 2 82 3
7 2 82 4
1 2 82 3
8 2 82 2
2 2 81 90
3 4 81 90
4 2 82 89
8 2 81 91
3 2 82 92
6 2 82 92
4 3 81 91
8 2 81 93
8 2 81 85
8 2 84 84
6 2 81 86
6 2 81 83
5 2 81 70
1 3 81 58
6 2 81 57
1 2 81 54
5 2 84 54
2 2 81 52
1 2 81 50
5 2 81 49
4 2 81 50
2 2 83 49
8 2 84 48
1 2 85 47
3 2 82 49
4 2 82 48
6 2 83 47
1 3 82 47
7 4 81 44
2 3 81 36
1 2 83 35
7 2 82 36
4 2 82 37
3 3 81 36
5 3 81 32
3 2 81 33
6 2 81 32
7 2 81 30
5 2 81 15
8 4 81 14
5 2 86 17
3 2 81 13
1 2 86 14
6 2 81 11
4 2 82 10
8 2 82 10
7 3 83 11
3 2 83 12
6 4 82 11
4 2 81 8
7 3 81 7
6 5 81 4
1 2 80 97
5 2 80 86
1 3 80 85
7 2 81 83
6 2 82 82
1 2 82 81
2 2 80 78
2 3 80 71
8 3 80 69
4 3 80 65
6 2 80 64
3 4 80 63
5 2 82 62
1 2 84 61
6 4 80 61
4 2 80 62
2 3 80 59
3 2 83 60
6 2 83 60
4 2 80 58
5 2 80 57
2 5 80 55
4 4 80 34
3 2 80 21
6 2 80 20
7 2 83 19
8 2 80 21
2 2 80 19
3 4 80 14
4 2 82 16
6 2 82 15
5 2 81 14
4 2 81 13
8 4 81 12
4 2 80 16
1 2 83 17
7 2 80 15
7 3 80 13
5 3 80 9
2 3 80 8
5 3 79 100
6 2 82 100
7 2 79 93
4 2 80 94
3 2 79 93
6 2 79 75
1 2 85 76
3 2 84 76
8 3 79 57
1 2 79 56
6 4 79 54
5 2 79 38
2 2 79 37
4 7 79 37
8 3 79 31
7 2 79 32
8 2 79 28
8 2 80 29
1 2 80 30
8 2 79 26
7 2 79 21
4 2 79 20
1 2 79 18
2 2 80 19
6 2 79 19
3 2 79 10
2 5 79 1
5 2 78 97
2 2 80 96
6 2 78 89
3 2 82 88
5 2 82 87
2 2 80 90
2 5 78 88
4 2 80 88
7 2 80 87
3 5 78 85
5 2 80 84
3 2 80 83
3 2 78 81
6 2 79 82
2 2 81 81
4 3 78 80
3 2 78 66
4 2 82 67
4 2 78 64
2 2 78 61
2 2 79 62
8 2 78 62
6 2 80 63
3 2 79 63
5 2 78 60
3 2 78 60
8 2 78 59
4 2 78 55
1 2 78 50
4 2 78 42
8 2 83 41
5 2 82 41
2 2 79 43
5 3 79 42
4 6 78 44
5 2 79 45
1 2 78 37
4 2 78 32
2 3 78 31
3 2 78 29
1 2 78 25
5 3 78 19
8 2 78 20
6 2 77 94
7 2 77 91
1 3 77 89
7 3 77 86
2 2 77 81
8 2 78 82
4 2 77 74
6 2 81 75
2 2 77 68
1 2 83 69
8 2 81 69
8 2 83 68
4 2 81 68
5 2 77 67
7 2 80 68
5 2 80 68
3 2 80 67
7 2 77 68
3 3 77 58
8 3 77 57
7 2 77 44
4 2 77 39
7 2 79 40
6 2 79 40
1 2 78 40
6 2 81 41
7 2 81 40
1 2 79 41
2 2 79 41
3 2 78 39
5 2 77 34
6 2 77 30
5 6 77 12
6 2 77 14
1 2 78 15
8 2 78 14
3 2 77 14
7 2 77 13
5 5 77 6
5 2 78 6
7 2 76 97
8 5 76 88
1 4 76 81
1 2 76 82
7 2 76 73
1 2 81 73
3 2 81 73
8 2 76 61
2 2 76 50
3 2 79 51
8 2 77 51
8 3 76 49
4 2 79 47
4 2 76 49
6 2 79 49
2 2 79 49
2 2 76 44
5 3 76 41
2 2 76 38
6 2 76 37
7 2 76 36
1 2 76 31
7 3 76 29
1 2 76 27
2 2 77 26
7 3 76 26
7 2 76 22
3 2 81 23
3 2 76 20
1 2 76 19
3 2 76 1
1 3 75 100
8 2 79 100
4 2 83 99
8 2 77 100
4 2 78 99
2 2 75 99
6 2 79 100
3 2 81 99
1 2 78 100
1 2 75 98
6 2 75 98
7 2 77 99
4 2 76 97
3 3 75 97
4 4 75 95
5 2 76 95
2 2 75 95
6 2 76 96
8 3 75 96
4 2 75 95
3 2 75 94
4 2 75 93
2 3 75 90
8 4 75 83
2 2 78 84
5 3 75 81
2 4 75 73
5 3 75 74
2 2 77 75
4 2 81 76
5 2 78 76
1 2 80 77
8 2 76 72
3 2 75 73
8 2 75 64
2 2 78 65
2 2 76 65
7 2 76 63
3 2 75 51
5 2 78 52
7 2 75 49
4 3 75 38
2 2 75 35
5 2 75 30
2 2 76 29
3 2 75 31
3 2 75 28
5 3 75 16
4 4 75 16
1 2 77 17
7 2 77 17
2 2 75 5
4 2 78 4
1 2 75 6
1 2 76 7
4 2 75 5
1 2 75 1
2 2 80 2
6 2 75 2
5 2 77 3
4 3 77 2
7 2 74 98
5 2 74 99
6 2 74 91
2 2 76 92
5 2 74 90
1 2 74 88
7 3 74 88
8 2 74 88
2 4 74 86
4 2 74 79
2 2 74 79
1 2 76 78
5 3 74 76
8 2 75 75
3 2 76 76
5 2 78 77
2 2 75 76
4 4 75 76
6 3 74 76
8 2 75 78
6 2 74 77
2 2 74 76
3 2 74 66
3 2 74 61
7 2 74 58
3 2 74 58
1 2 74 59
2 2 74 59
3 2 74 54
8 2 74 49
3 2 76 48
5 2 74 50
1 2 74 51
7 2 74 44
3 2 76 43
3 2 74 43
1 2 74 42
8 2 74 42
6 2 74 41
3 2 74 40
8 4 74 35
6 2 74 34
6 2 74 28
7 2 74 25
4 5 74 23
5 2 75 21
7 3 75 20
6 2 74 19
4 2 76 18
8 2 74 18
3 3 74 17
2 2 74 17
7 2 74 17
8 2 76 17
2 2 76 17
1 2 74 8
8 2 77 9
1 3 77 10
5 2 77 8
2 2 74 7
5 4 74 7
7 2 74 4
3 7 73 95
8 3 73 90
3 2 74 92
6 2 73 84
6 2 76 84
7 2 76 83
4 2 73 85
6 2 74 86
5 3 73 80
7 3 73 81
2 2 73 68
1 3 73 69
6 2 77 70
3 2 77 70
4 2 77 69
2 2 73 70
2 2 73 62
4 2 75 63
1 2 75 63
1 3 73 61
4 5 73 58
4 2 74 60
5 2 74 59
3 2 73 50
2 2 73 51
3 2 76 52
7 2 73 52
1 2 73 50
8 2 73 47
2 2 74 46
5 6 73 43
5 2 74 46
2 3 73 40
3 2 73 32
1 2 73 22
6 2 75 22
5 2 75 22
1 2 75 23
8 3 73 2
8 2 75 4
2 2 75 4
5 2 73 1
5 2 72 84
4 3 72 82
5 2 72 84
8 3 72 76
8 2 74 77
2 2 72 73
4 3 72 72
5 2 72 70
6 2 74 71
4 2 72 70
2 3 72 54
8 2 75 54
1 2 72 53
6 2 72 51
7 4 72 34
1 2 72 32
4 2 73 31
2 2 72 31
1 2 73 31
3 2 73 31
8 2 72 30
2 2 72 27
3 2 77 27
6 2 75 27
8 2 75 26
2 3 72 22
6 2 72 17
3 2 72 15
7 2 72 13
3 2 76 12
2 2 72 10
6 3 72 6
4 2 74 8
3 2 73 8
6 2 72 8
1 2 72 5
3 2 72 5
1 3 71 100
1 2 71 86
4 2 73 87
6 2 71 85
6 2 71 81
3 2 71 78
5 4 71 74
4 2 73 72
1 2 71 72
5 2 71 65
3 2 75 65
6 2 77 66
4 2 71 63
3 2 71 63
7 2 71 60
1 2 71 56
1 2 71 51
4 2 71 43
4 4 71 29
3 2 71 30
5 2 71 25
5 2 73 25
3 2 71 22
7 2 71 20
8 3 71 19
7 3 71 15
5 2 72 17
3 3 71 10
4 2 74 11
8 2 75 12
1 2 75 13
8 2 74 10
6 2 73 11
7 2 71 9
6 2 71 9
8 8 70 98
4 2 73 100
5 2 72 97
1 2 71 100
8 2 71 100
3 2 70 100
5 3 70 92
3 2 71 91
6 2 71 90
2 2 70 91
3 2 70 89
1 3 70 81
2 2 70 77
1 2 70 78
8 4 70 73
6 2 70 72
2 2 70 67
6 2 71 68
8 2 72 67
8 2 71 68
2 2 71 69
4 3 71 67
7 2 71 66
5 3 70 69
1 2 70 58
2 4 70 56
6 2 72 55
4 3 72 55
1 2 71 54
3 4 70 53
8 3 70 53
3 2 70 50
1 3 70 48
7 2 71 49
6 2 71 48
4 2 72 47
7 2 72 46
4 2 72 45
8 2 70 49
1 2 71 48
6 2 70 43
5 2 70 41
8 2 70 35
6 2 70 33
5 2 70 32
1 2 70 31
3 2 70 27
1 2 71 28
6 2 70 22
5 2 70 20
5 2 70 11
5 2 74 12
8 2 71 12
7 5 69 93
1 2 70 95
7 2 69 95
2 2 72 96
3 2 69 85
3 2 70 85
1 2 70 84
4 2 69 84
2 2 69 83
3 2 70 83
2 2 69 80
2 3 69 71
3 2 69 62
7 2 70 62
3 2 69 51
5 3 69 50
7 4 69 23
5 3 70 23
8 2 74 24
1 2 69 22
2 2 70 21
3 2 69 21
6 2 69 16
4 2 69 15
2 2 69 9
2 2 70 8
8 2 70 7
3 2 69 3
1 2 69 2
1 2 71 3
4 2 70 3
8 2 70 3
6 3 69 2
7 3 68 96
4 2 68 94
1 2 68 93
7 3 68 91
8 2 68 90
2 3 68 89
3 2 68 82
7 2 68 81
8 2 68 74
5 2 68 71
1 2 68 64
6 2 68 63
6 2 69 62
8 2 69 61
4 2 70 60
2 2 70 59
1 3 69 60
7 2 68 61
4 2 68 58
7 5 68 56
2 2 71 56
8 2 69 56
6 3 68 57
2 2 68 57
5 6 68 39
5 2 72 37
7 2 69 41
1 2 68 40
8 2 70 39
7 2 69 39
3 2 68 33
5 5 68 31
5 2 69 29
8 2 69 30
6 2 69 28
7 2 72 27
8 2 69 27
5 4 68 23
7 2 68 20
6 4 68 14
6 2 73 14
1 2 68 11
2 2 71 12
3 2 71 13
2 2 68 11
4 4 68 8
4 2 68 1
2 2 67 100
6 2 67 99
8 3 67 95
3 2 67 89
5 2 67 86
2 2 71 87
8 2 67 79
6 2 68 79
3 2 68 78
6 4 67 77
2 2 72 76
3 2 67 75
7 2 67 74
8 3 67 68
4 2 67 66
6 2 69 66
6 2 71 65
2 4 67 65
3 2 67 64
3 2 67 61
4 2 67 56
7 3 67 52
1 2 67 51
4 4 67 41
8 2 67 40
7 2 67 37
8 2 67 37
3 2 68 37
5 2 67 36
4 2 67 35
6 3 67 34
1 2 67 33
4 2 68 34
2 2 68 34
7 3 67 31
7 2 67 29
1 4 67 26
1 2 69 25
6 2 69 24
4 2 68 26
7 7 67 24
4 4 67 10
7 2 68 10
3 2 68 9
3 2 67 2
6 2 66 97
4 2 66 92
3 2 66 87
8 2 66 88
5 2 69 87
7 3 66 85
6 2 66 81
1 2 66 79
1 2 67 80
7 2 66 80
3 2 66 69
3 2 70 70
7 2 70 69
4 2 66 64
7 2 66 64
2 2 67 65
4 2 68 66
1 2 68 67
8 2 68 65
5 2 66 65
2 3 66 63
3 2 66 49
2 2 66 47
3 2 70 46
7 4 70 45
2 2 69 45
3 2 74 46
7 2 72 46
2 2 72 45
1 2 69 44
8 2 68 45
6 3 66 43
4 4 66 36
8 2 66 34
2 3 66 21
2 2 67 19
4 5 67 18
3 3 70 18
7 2 67 17
4 2 68 18
2 2 66 17
1 3 66 16
6 3 66 13
4 2 66 14
2 2 66 13
4 2 69 14
8 2 69 14
7 3 65 93
7 2 65 90
5 2 65 90
8 2 65 75
8 2 65 71
6 2 65 71
5 2 65 72
7 2 65 71
3 2 66 72
1 2 66 72
8 2 65 72
7 2 65 66
3 2 65 61
5 2 65 60
2 2 66 59
6 2 65 56
5 2 66 55
3 4 66 55
8 2 65 57
4 2 65 57
6 2 65 58
7 2 65 56
7 3 65 49
6 2 67 47
5 2 67 47
3 2 67 46
2 2 65 50
7 2 65 50
7 3 65 43
1 2 65 42
3 2 65 41
7 2 67 42
4 2 65 40
7 2 65 37
5 3 65 34
6 2 66 33
1 6 65 32
7 2 65 28
2 5 65 29
8 3 65 24
1 3 65 24
3 2 65 21
2 2 65 16
3 4 65 2
5 3 64 95
5 2 65 95
3 2 64 89
4 3 64 82
6 2 64 80
1 2 64 70
4 2 65 69
4 4 64 66
3 3 64 67
5 2 64 68
2 2 64 58
1 2 64 55
1 2 64 52
4 2 67 53
6 2 66 53
2 3 66 52
5 2 65 53
8 3 64 52
4 7 64 51
2 2 64 50
3 2 64 48
6 2 65 47
2 2 65 48
8 2 64 47
8 2 64 42
4 2 64 43
5 2 64 42
3 2 64 39
5 2 65 39
7 2 65 38
2 2 64 39
5 2 64 36
2 2 64 36
6 2 65 37
5 2 65 36
7 3 64 34
3 3 64 33
4 2 64 23
5 2 64 20
8 2 64 13
5 2 68 14
6 2 67 14
1 2 64 11
2 2 66 10
6 5 64 11
4 2 64 13
5 2 64 7
6 3 63 91
1 2 63 86
5 2 65 87
3 2 68 88
1 3 63 82
7 2 63 78
2 2 63 74
5 2 64 75
1 2 63 72
8 3 63 65
8 10 63 60
8 2 63 56
2 3 63 55
6 3 63 55
2 3 63 42
3 2 63 36
8 2 63 35
8 2 63 31
6 2 63 27
7 2 63 25
3 2 63 26
1 3 63 25
7 2 63 22
8 2 63 19
6 2 63 17
2 2 66 18
7 4 63 17
8 2 63 14
2 2 63 10
8 2 63 9
1 2 63 7
4 2 63 4
5 2 69 5
3 2 69 6
6 2 69 4
7 2 66 4
8 2 69 5
4 2 66 5
2 2 66 3
2 2 62 99
6 2 66 100
7 2 63 100
3 2 64 99
8 2 62 100
2 2 63 99
4 2 62 100
8 2 62 97
7 2 66 97
8 2 67 98
5 2 66 98
8 2 62 86
1 2 63 85
2 2 62 85
7 4 62 83
5 2 62 84
6 3 62 72
6 2 64 70
6 2 62 62
4 2 64 63
7 2 63 63
5 3 63 62
3 2 62 57
3 3 62 55
5 2 62 53
6 4 62 51
8 2 62 49
4 2 62 47
7 2 63 46
4 2 66 45
1 2 66 45
2 3 63 45
7 3 62 47
3 2 62 43
1 3 62 40
6 2 62 35
4 2 62 27
7 2 62 18
5 3 62 13
1 2 62 11
5 2 62 10
7 2 62 8
7 3 61 87
6 3 61 86
4 2 64 88
5 2 64 88
1 2 61 84
6 3 61 81
5 2 65 80
4 3 61 82
6 2 61 75
1 2 64 76
2 2 65 77
8 2 63 76
7 2 64 77
6 2 64 76
6 3 61 68
2 2 61 62
7 2 61 58
6 3 61 56
5 3 61 45
2 2 61 42
3 2 61 35
7 2 61 30
8 2 64 31
3 2 64 30
7 2 62 31
1 3 61 28
3 4 61 22
6 2 61 22
3 2 61 9
2 2 61 2
5 2 60 98
1 2 60 96
4 2 63 95
2 2 62 97
4 2 60 92
5 2 63 92
8 2 63 92
6 2 64 93
1 2 63 93
1 2 60 91
1 3 60 88
1 2 60 86
8 3 60 87
7 2 60 88
8 2 60 89
1 2 60 68
2 3 60 67
1 2 60 67
8 3 60 67
2 2 60 69
2 2 60 65
3 2 61 64
8 2 60 58
5 2 60 57
8 3 60 50
2 2 60 51
6 2 60 43
8 2 60 44
6 2 60 38
1 2 63 39
6 2 63 39
5 2 62 39
6 2 61 38
1 2 60 35
3 3 60 28
7 2 61 28
5 2 61 27
2 2 60 20
7 3 60 3
4 3 60 3
7 2 61 4
3 3 60 4
5 2 60 1
8 5 59 97
5 2 61 99
2 2 59 93
7 2 60 94
8 3 59 93
7 5 59 92
4 2 59 91
4 2 59 88
7 2 59 89
3 2 59 84
2 4 59 76
7 2 60 76
5 2 62 77
4 2 62 75
6 2 63 74
3 2 62 74
7 3 61 75
5 2 60 76
4 2 60 75
8 2 63 74
7 2 63 74
2 2 63 73
6 2 62 74
5 2 62 73
3 2 60 74
1 3 59 65
1 2 60 64
5 2 59 63
1 2 59 61
6 2 59 60
6 3 59 53
7 4 59 51
4 2 59 41
6 2 59 36
4 2 59 30
3 3 59 30
4 3 59 25
2 2 59 26
1 2 59 26
1 3 59 18
8 2 60 18
3 2 60 18
6 2 59 18
4 3 59 12
8 2 59 6
1 2 59 4
4 2 59 3
3 2 58 99
4 4 58 97
3 2 58 89
5 2 58 88
5 4 58 79
3 2 59 80
3 2 63 79
6 3 63 79
5 3 59 80
8 2 59 82
2 3 58 81
8 2 58 79
1 2 58 74
8 2 59 75
4 3 58 72
8 2 58 73
1 5 58 70
8 6 58 69
3 2 58 71
2 2 58 70
8 2 59 70
4 2 58 71
4 3 58 64
3 3 58 60
8 2 58 61
2 2 58 57
3 2 58 57
6 2 58 56
2 3 58 47
2 2 58 45
6 2 58 44
1 2 58 34
2 2 60 34
2 2 58 27
3 3 58 24
7 2 58 23
2 2 58 21
8 3 58 20
6 2 58 20
1 2 58 16
8 2 58 17
1 3 57 98
4 2 59 96
3 2 59 95
3 3 57 97
5 2 57 92
6 3 57 91
2 2 58 90
2 2 57 87
6 2 57 86
2 2 58 87
3 5 57 83
6 2 63 84
4 2 61 84
8 2 57 83
7 2 59 83
2 2 59 84
1 2 58 84
6 2 58 85
7 2 58 85
4 3 57 82
8 2 57 77
5 2 57 75
1 2 57 63
8 4 57 62
2 2 57 58
5 3 57 57
3 6 57 56
2 2 61 53
1 2 61 52
4 2 57 43
5 2 57 42
6 4 57 41
7 3 57 36
2 2 57 31
4 2 59 32
6 3 59 32
4 2 57 15
3 2 62 15
4 2 58 16
5 2 58 15
7 2 61 14
4 2 57 11
3 2 57 7
6 2 60 7
4 2 57 8
3 2 57 9
5 2 57 6
5 2 57 3
6 2 56 100
6 2 56 95
6 2 57 94
7 3 56 83
3 2 56 74
1 2 56 67
7 2 57 66
4 2 57 66
3 2 57 65
7 2 56 67
1 2 56 62
2 2 56 61
4 3 56 61
1 4 56 60
4 2 56 58
7 2 56 38
4 4 56 37
4 2 56 28
6 2 57 29
7 2 57 29
5 2 56 30
5 3 56 25
4 2 58 24
8 2 59 23
2 3 59 23
3 4 57 25
6 3 57 24
7 2 56 22
5 2 56 20
7 3 56 17
2 2 56 17
4 2 56 13
2 2 60 14
5 2 60 14
2 2 56 13
7 2 56 11
2 3 56 9
7 3 56 7
4 2 56 6
3 2 56 4
2 2 55 95
3 2 55 94
5 2 55 89
1 4 55 84
6 4 55 80
8 2 55 81
7 2 55 75
5 2 55 68
6 2 55 63
4 2 55 63
6 2 55 58
5 5 55 57
8 4 55 56
2 3 55 55
5 3 55 53
4 2 56 53
5 2 57 52
3 2 55 54
2 2 55 51
7 2 55 46
6 2 57 47
4 2 57 48
8 3 57 46
1 2 57 45
4 4 57 45
3 2 56 46
5 2 56 47
6 2 55 47
4 2 55 46
7 2 55 42
3 2 56 43
3 2 55 35
6 6 55 26
7 2 56 27
8 2 55 27
2 3 55 19
6 2 56 21
8 3 55 15
7 3 55 15
1 2 57 13
6 2 55 15
1 2 55 13
5 2 56 12
6 3 55 13
4 2 55 11
3 3 55 9
8 2 55 6
1 2 58 6
1 2 55 5
8 4 55 1
6 2 56 2
3 2 54 97
1 2 54 98
1 2 54 94
2 2 56 94
2 4 54 87
1 2 55 87
8 2 54 83
5 2 54 79
6 2 54 67
5 2 54 66
2 2 58 65
5 2 57 65
6 2 57 64
7 2 55 65
5 3 54 40
7 4 54 38
1 3 54 37
7 2 55 37
8 3 54 37
5 3 54 30
6 2 55 29
3 2 54 29
2 3 54 28
8 2 54 24
3 2 54 17
1 2 55 18
4 3 55 17
1 3 54 17
3 2 54 14
8 2 54 13
4 2 54 7
6 3 54 2
2 2 54 3
5 3 54 4
8 2 58 5
2 2 57 5
1 2 59 6
7 2 57 5
6 2 56 5
2 2 53 100
8 2 57 100
6 3 53 98
5 2 53 99
7 2 53 100
7 2 54 99
6 2 54 98
7 2 53 98
4 2 53 91
5 2 53 83
7 2 53 81
8 2 53 78
1 2 55 79
4 2 53 77
1 2 56 76
6 2 55 76
3 2 54 78
5 2 54 79
5 3 53 77
8 2 54 77
1 3 53 77
3 2 53 76
7 4 53 72
3 2 54 73
2 2 53 68
5 2 53 62
4 3 53 60
6 2 54 61
8 2 53 57
8 2 53 52
5 2 53 48
2 2 54 48
7 2 58 49
6 2 58 49
4 2 58 48
3 2 53 47
8 2 53 39
8 2 53 32
5 2 60 33
5 2 53 32
6 2 53 33
1 2 59 34
7 2 59 34
4 2 57 34
4 3 53 31
7 4 53 26
5 2 53 24
2 3 53 22
6 3 53 22
5 2 53 12
8 2 54 11
7 2 53 11
6 2 53 10
7 2 53 8
8 3 53 5
5 2 54 5
8 3 52 90
1 2 53 91
6 2 52 82
6 3 52 75
5 5 52 73
1 2 52 65
3 2 52 64
4 2 52 65
1 2 52 54
7 4 52 53
2 3 54 54
7 2 54 52
5 2 53 55
6 2 52 53
4 2 52 54
8 3 52 54
4 2 52 38
8 2 54 39
3 3 52 37
8 2 52 30
3 8 52 27
7 2 52 21
5 2 52 18
2 2 52 9
1 2 52 10
6 3 52 4
4 2 51 98
3 2 51 91
4 8 51 86
4 2 51 79
2 2 52 78
8 2 51 80
1 2 51 79
6 2 51 73
8 2 52 72
2 2 52 73
5 2 51 70
6 2 51 62
1 3 51 61
1 2 51 56
6 2 51 51
3 2 52 50
4 2 53 49
7 4 53 49
3 2 52 50
8 2 53 51
1 2 53 50
4 2 52 51
4 2 51 49
2 3 51 47
4 2 51 46
2 2 51 45
5 3 51 46
8 2 53 44
6 2 53 43
2 2 54 42
5 2 53 43
5 2 51 36
2 2 51 32
2 2 53 33
1 2 54 34
1 2 51 28
2 2 52 29
8 2 52 28
4 2 51 27
6 2 51 8
2 2 51 6
5 2 51 7
2 2 50 91
7 3 50 90
3 2 50 90
2 2 50 88
8 2 50 87
8 2 52 86
1 2 50 88
1 3 50 83
3 3 50 76
6 3 50 75
7 4 50 73
1 2 50 72
7 2 50 62
5 2 50 63
4 2 50 63
7 3 50 59
5 3 50 53
1 2 50 42
1 2 56 41
4 2 54 41
5 2 50 43
8 2 50 32
3 2 51 33
7 2 53 34
5 2 52 34
8 2 52 34
6 3 50 31
6 2 50 29
3 2 50 28
5 2 50 21
5 2 52 22
1 2 52 21
6 2 50 20
8 2 50 14
5 2 51 15
7 2 50 14
3 2 50 15
4 2 52 16
7 2 50 12
3 6 50 11
7 2 51 13
4 2 51 13
3 2 51 12
8 2 50 9
5 2 50 10
4 2 50 10
6 3 49 99
7 2 50 100
8 2 50 100
4 4 50 99
5 6 49 97
3 2 49 96
7 4 49 93
1 3 50 94
8 3 49 91
5 2 49 90
5 2 49 85
3 2 49 86
8 2 49 68
4 2 52 69
4 2 50 69
2 2 50 70
1 2 50 70
8 2 50 67
5 3 50 67
6 3 49 66
3 2 49 66
7 2 49 65
4 4 49 55
8 2 49 52
7 2 49 46
6 2 49 45
4 2 49 42
8 2 49 42
7 2 50 41
3 2 49 40
3 2 51 39
7 2 50 39
1 2 50 40
6 2 49 39
7 2 51 40
1 2 51 38
4 2 49 36
2 2 49 35
3 4 49 30
1 2 49 29
4 2 49 29
8 2 49 23
1 2 49 23
1 3 49 9
7 3 49 7
3 2 51 6
1 2 49 4
2 2 52 4
5 2 52 4
7 4 52 4
3 2 51 4
1 2 50 4
5 2 49 2
5 2 50 3
3 3 48 94
1 2 52 95
4 2 49 94
2 2 48 89
5 2 49 88
2 4 48 86
3 2 48 73
2 2 48 72
3 2 49 71
3 5 48 61
5 2 51 60
6 2 49 60
3 2 50 59
8 2 48 53
4 2 48 52
1 2 48 42
6 2 48 26
5 2 48 27
7 3 48 26
4 2 48 23
1 4 48 21
2 2 48 24
3 2 48 21
5 2 48 20
8 2 49 20
6 2 48 16
4 3 48 8
3 3 48 7
2 2 48 5
1 2 47 100
2 2 47 99
1 2 47 93
8 2 47 93
4 2 47 93
4 3 47 85
4 2 47 79
7 2 49 80
7 4 47 74
3 5 47 71
7 2 47 70
3 2 48 70
7 2 48 69
8 2 48 69
6 2 49 69
2 2 48 68
4 2 48 68
4 3 47 63
1 2 47 36
4 2 49 35
6 2 50 34
6 2 47 35
7 2 47 36
5 3 47 35
2 2 47 33
1 2 49 32
8 4 47 29
8 2 47 24
5 2 47 15
7 2 47 10
6 3 47 11
8 2 47 4
4 4 47 3
1 3 46 94
5 2 46 91
2 2 46 90
2 2 46 82
2 3 46 78
5 2 48 78
4 2 48 78
6 2 48 77
4 3 46 69
3 2 46 68
8 2 46 64
1 2 46 62
4 2 46 59
7 2 47 59
8 2 49 58
1 3 49 57
1 2 47 60
2 2 46 51
1 2 46 52
6 2 48 51
7 2 46 51
5 2 46 50
5 2 47 49
6 2 49 48
5 2 48 48
2 2 46 51
8 4 46 50
3 2 46 49
8 2 46 47
3 2 46 46
1 2 46 47
8 3 46 46
4 2 46 41
6 2 46 33
3 2 48 33
2 2 46 34
8 2 48 33
7 4 46 33
7 3 46 28
4 2 46 26
5 5 46 10
2 2 46 5
6 2 46 3
7 2 47 2
6 2 45 96
7 2 52 96
5 2 52 95
7 2 48 96
6 2 48 95
5 2 45 93
5 6 45 83
8 2 46 84
2 2 46 84
5 3 46 82
8 2 45 73
7 2 45 69
8 3 45 61
6 2 45 60
3 2 45 52
2 3 45 48
4 2 45 44
1 2 49 44
7 3 45 44
7 2 48 44
8 2 45 44
3 2 45 44
6 2 45 42
3 3 45 41
5 2 49 39
8 2 50 38
2 2 50 37
3 2 49 39
4 2 45 24
8 2 45 23
6 2 45 20
3 2 49 19
4 2 47 21
2 2 45 18
6 3 45 8
5 4 45 6
1 2 45 6
4 2 45 5
7 4 45 4
1 2 44 100
6 2 45 100
1 3 44 91
2 2 44 87
4 4 44 85
3 2 47 85
5 2 47 86
4 2 44 82
6 2 45 81
2 2 46 80
4 2 46 80
1 3 46 80
6 6 44 82
5 3 44 61
4 2 45 60
8 3 45 60
5 2 44 50
8 2 44 47
6 5 44 46
2 3 44 41
6 2 47 41
5 2 47 40
7 3 44 40
3 2 44 35
5 2 44 32
7 2 47 31
1 2 45 33
6 2 44 28
1 2 45 27
4 2 44 22
8 6 44 20
6 2 49 18
1 2 47 18
3 2 48 19
8 3 44 6
7 2 43 93
3 2 43 92
5 2 43 87
7 2 45 87
6 2 45 86
1 2 45 85
8 3 43 79
5 2 43 72
6 2 46 71
7 2 43 70
1 3 43 68
3 2 43 65
8 2 43 63
3 2 43 61
6 2 43 54
4 2 43 53
8 3 43 52
7 2 43 54
7 2 43 48
1 2 43 45
5 2 45 44
3 2 43 43
8 2 43 40
2 2 43 41
3 2 43 41
4 3 43 35
7 2 43 37
7 2 48 38
8 2 47 38
3 3 47 37
4 3 46 39
3 2 43 36
1 2 43 33
4 2 43 28
2 3 43 25
5 2 44 24
1 2 43 22
3 2 43 23
5 3 43 17
5 2 46 18
5 3 43 10
4 3 43 2
5 2 42 94
2 2 44 95
1 2 42 89
3 2 42 87
6 3 42 83
3 2 42 83
7 4 42 82
6 3 42 79
4 2 45 77
8 2 46 76
6 2 42 73
1 2 43 74
7 5 42 66
5 2 42 64
1 2 43 64
8 2 42 59
1 2 42 58
5 2 44 58
3 3 42 54
2 3 42 47
8 2 42 42
6 2 42 36
2 2 42 31
8 2 42 25
4 2 44 26
8 2 43 26
6 2 42 21
2 2 42 16
2 2 43 17
1 2 44 16
2 2 45 15
8 2 46 14
6 3 42 10
8 2 42 8
8 2 42 3
4 3 41 100
4 2 44 99
8 2 43 99
2 3 41 97
4 2 46 96
8 2 44 96
1 2 46 97
2 3 44 96
6 2 43 96
1 2 42 96
7 2 43 97
2 2 43 96
8 2 43 95
5 3 43 95
4 3 41 98
3 2 42 99
6 3 41 88
4 2 47 89
8 2 47 88
6 2 46 89
8 2 43 86
8 2 41 85
7 2 41 77
5 2 41 77
2 4 41 64
7 2 41 65
5 2 41 63
4 2 41 62
3 2 41 60
1 2 41 61
6 3 41 59
7 2 41 58
2 5 41 56
8 2 41 48
6 2 41 49
7 2 43 50
6 2 41 43
7 2 41 43
7 2 41 38
1 2 44 39
6 3 41 31
4 2 41 27
7 2 41 25
3 2 41 23
7 2 44 23
4 2 42 24
6 2 42 24
7 2 41 21
6 2 42 20
4 7 42 19
8 2 41 16
5 3 41 15
3 2 45 14
2 2 45 13
1 2 46 12
2 3 41 10
2 2 41 8
6 2 41 8
8 2 41 8
2 2 41 7
6 2 43 6
7 2 41 7
7 2 40 93
7 3 40 87
3 4 40 87
1 2 40 85
2 3 40 79
2 3 40 72
4 2 43 70
7 3 40 69
6 2 40 70
1 2 40 70
5 2 40 69
3 3 40 67
1 2 42 67
6 2 42 67
1 3 40 65
6 4 40 64
2 2 40 61
4 5 40 57
7 2 40 47
1 2 40 46
3 2 40 36
2 2 40 30
1 2 40 26
5 2 40 27
1 3 40 21
5 2 40 18
4 2 40 12
1 2 42 13
4 2 40 5
3 2 41 5
4 2 41 5
7 3 39 91
3 3 39 84
4 2 39 81
1 2 39 69
2 2 39 66
3 3 39 63
8 3 39 56
7 2 46 56
7 2 41 56
3 2 41 57
7 2 42 56
2 2 41 55
6 2 40 57
5 2 40 56
8 3 39 50
1 2 42 51
4 2 41 50
5 2 40 49
2 3 39 49
6 2 39 41
7 3 39 41
5 2 39 39
6 2 40 40
4 2 39 31
1 2 43 30
6 2 43 30
2 2 43 29
5 2 41 32
8 2 41 30
3 2 40 30
5 2 39 32
8 2 41 33
3 2 40 33
1 2 39 30
7 2 39 27
5 2 41 28
6 2 41 28
2 2 41 27
8 2 39 27
6 3 39 26
7 2 39 16
3 2 39 17
3 2 40 16
5 2 42 15
1 4 39 14
2 2 42 12
7 2 42 11
7 2 40 14
8 2 40 13
6 2 40 14
4 2 40 14
5 2 40 13
6 2 39 10
3 2 41 9
7 2 41 9
5 2 39 11
6 2 38 97
5 2 39 98
8 2 38 96
5 3 38 96
6 3 38 97
4 2 38 98
8 3 38 95
2 3 38 91
4 2 40 90
3 2 42 89
5 3 39 91
8 2 39 90
1 3 38 86
5 2 38 84
2 3 38 81
5 2 38 77
3 2 40 76
7 2 42 77
4 2 42 76
2 2 39 76
3 2 41 75
6 2 40 75
1 4 40 75
8 2 39 76
4 2 38 78
2 3 38 72
6 2 38 71
6 2 38 64
7 3 38 63
6 3 38 60
6 2 38 58
7 2 38 58
6 2 38 39
6 2 38 35
4 3 38 22
2 2 41 23
3 4 38 22
6 2 39 23
8 2 40 24
1 2 39 24
6 2 38 20
2 2 39 19
7 2 39 18
1 2 38 17
6 2 39 16
8 5 39 15
7 2 38 14
2 2 38 13
3 2 38 12
4 2 38 12
1 2 38 12
6 2 38 8
4 2 38 7
5 2 38 4
5 3 38 2
5 2 39 2
2 2 39 2
1 3 37 98
2 2 37 94
3 2 37 92
6 2 38 93
4 2 38 92
4 4 37 83
7 2 37 76
6 3 37 74
4 3 37 72
3 2 37 67
3 2 39 66
2 2 39 67
7 2 39 65
4 2 38 65
8 3 37 65
8 4 37 51
6 2 40 52
2 3 40 52
5 3 39 53
7 2 39 51
7 2 37 42
4 2 37 39
4 2 40 38
8 2 40 38
2 2 40 37
3 2 38 38
3 2 37 40
5 2 37 37
5 3 37 30
6 2 37 27
7 2 37 26
3 2 37 16
6 2 37 13
2 2 37 11
4 3 37 10
3 5 37 2
2 2 36 100
7 2 40 100
3 2 36 98
2 4 36 90
5 2 36 81
7 2 39 80
7 2 36 80
1 3 36 76
2 2 37 76
5 2 36 73
2 2 36 70
7 3 36 69
5 2 36 64
5 4 36 59
4 2 36 59
8 2 36 58
3 2 36 55
3 2 38 55
2 2 38 56
6 2 38 56
7 2 37 55
4 2 38 54
4 2 36 48
1 2 37 47
6 2 37 46
6 2 36 38
1 4 36 38
8 5 36 34
4 2 36 33
3 4 36 32
7 2 37 33
4 2 37 33
1 2 36 26
2 2 36 23
4 2 37 23
4 2 38 24
2 2 38 23
8 2 37 23
5 3 37 22
8 2 37 21
1 2 36 21
6 3 36 17
4 2 36 14
3 2 36 12
8 3 36 10
5 2 36 3
6 2 35 99
8 2 35 98
6 3 35 93
1 2 36 94
8 2 35 94
4 2 35 88
6 2 35 79
2 3 35 76
8 2 35 74
7 2 35 73
3 3 35 73
1 2 35 71
3 2 35 63
2 2 35 63
4 2 36 62
8 3 35 56
5 2 35 55
6 2 35 49
3 3 35 50
5 2 35 34
8 2 36 35
7 2 35 30
8 4 35 25
3 2 35 24
6 2 35 23
2 3 35 21
7 2 35 16
2 2 35 11
2 3 35 8
5 3 35 6
2 2 36 6
8 2 36 5
1 3 36 4
4 2 35 6
6 4 35 4
8 2 35 3
3 2 35 3
5 2 35 1
3 3 34 100
2 3 34 98
7 4 34 96
8 4 34 89
1 2 37 89
7 2 37 90
4 2 35 90
3 2 36 91
1 2 34 89
2 2 35 88
6 2 34 88
3 2 34 87
3 2 34 84
7 2 38 85
3 2 34 80
4 2 34 76
4 4 34 66
7 3 34 60
7 3 34 57
7 2 34 44
3 2 41 45
3 2 35 45
2 2 38 44
5 2 36 44
8 2 35 46
2 4 35 44
7 2 35 45
2 2 38 44
4 2 34 43
1 2 36 42
3 2 36 42
6 2 34 39
3 2 34 34
6 2 34 35
2 2 34 34
7 2 34 33
6 2 34 32
4 5 34 28
4 2 34 27
1 2 34 14
2 2 34 6
5 2 33 95
3 3 33 94
4 2 33 91
2 2 33 87
4 2 34 86
7 3 33 72
2 2 34 70
7 4 33 68
8 2 34 68
1 2 34 67
6 2 34 66
5 2 34 66
8 2 33 64
3 3 33 60
8 2 33 49
4 2 33 46
6 3 33 44
3 2 36 45
8 2 36 45
5 3 33 42
2 2 35 41
7 3 35 40
2 3 33 41
5 2 33 23
4 2 33 24
6 2 33 24
3 2 33 22
5 3 33 19
2 2 33 17
3 2 33 15
7 2 34 15
8 3 33 9
1 2 33 9
7 2 34 8
3 2 33 9
6 2 33 8
7 2 33 6
8 2 33 4
4 2 32 99
2 2 32 98
3 2 32 91
5 3 32 91
6 2 32 82
6 2 34 81
1 2 35 82
6 2 33 83
7 2 32 81
1 2 32 81
8 7 32 81
4 2 32 72
5 2 32 73
8 2 32 73
2 2 32 71
4 2 32 67
2 3 32 67
8 3 32 53
4 2 32 37
2 2 32 30
1 2 32 27
5 2 32 25
5 3 32 15
4 2 32 10
8 2 33 11
5 2 32 11
2 3 32 5
1 2 32 2
7 2 32 3
8 2 31 89
7 3 31 86
2 2 31 84
8 2 34 85
2 2 34 84
3 6 31 81
7 4 31 75
7 2 33 76
2 2 32 76
3 2 32 76
3 2 31 69
6 2 31 68
7 2 31 67
8 2 31 66
7 2 31 56
2 4 31 55
4 2 31 51
1 2 31 52
5 2 33 53
4 2 33 53
1 2 34 53
6 2 34 53
3 2 31 50
8 3 31 48
2 2 35 48
8 2 31 42
6 2 31 41
3 3 31 38
2 2 32 39
7 3 31 36
7 3 31 32
2 2 34 32
4 2 34 31
7 2 31 29
2 3 31 27
1 2 31 14
6 2 31 7
8 2 31 8
2 2 31 8
2 3 30 91
5 2 30 85
4 2 32 84
6 2 31 86
2 3 30 82
4 2 30 78
2 3 30 70
6 2 30 71
1 2 30 69
6 2 30 64
7 2 30 65
4 2 30 64
4 2 30 55
1 5 30 55
5 2 31 53
7 2 30 45
5 2 32 45
3 2 31 46
4 2 31 45
4 2 30 38
5 4 30 37
1 2 30 33
4 2 30 32
3 2 30 31
3 3 30 7
1 3 29 96
1 2 31 98
4 2 31 96
4 4 29 93
6 2 31 95
5 2 31 95
8 2 29 92
3 2 29 90
8 3 29 87
4 3 29 88
7 2 29 89
2 2 29 89
2 3 29 85
1 2 29 85
7 2 29 83
3 2 29 54
4 2 29 50
4 3 29 43
5 2 29 40
1 6 29 35
4 2 30 36
3 2 29 35
7 2 29 30
1 2 29 29
7 2 34 29
6 3 29 27
3 2 29 22
1 2 29 23
4 2 29 17
4 2 31 18
8 2 32 19
3 3 32 20
5 2 34 19
4 3 33 20
2 2 32 20
1 3 32 19
5 3 29 11
4 2 33 12
1 2 33 12
5 2 29 13
2 2 30 14
6 3 29 4
6 2 30 2
4 2 28 97
5 2 28 93
1 2 28 92
6 3 28 88
3 2 28 86
1 2 28 79
5 2 30 80
4 2 30 80
8 2 30 79
5 3 28 74
2 2 30 75
7 2 28 74
3 2 28 65
6 2 28 66
1 2 28 65
2 2 28 59
5 3 28 60
3 2 29 58
5 3 28 56
1 2 28 58
6 2 28 56
3 2 28 46
8 3 28 37
3 2 28 29
6 2 28 30
6 2 28 24
7 2 28 20
7 2 29 21
4 2 29 20
7 2 34 19
8 2 34 18
5 2 31 19
1 2 31 19
3 2 31 19
7 2 30 21
6 2 28 20
5 2 28 19
1 2 28 17
2 2 28 16
4 2 28 14
8 2 28 12
5 2 30 11
1 2 28 12
7 2 28 13
2 2 28 11
7 2 28 11
8 3 28 3
1 2 29 4
3 2 28 4
7 2 28 1
2 2 28 2
8 2 28 1
6 6 27 99
8 2 29 99
7 2 30 100
5 2 30 99
1 3 29 100
2 2 27 97
3 2 29 96
2 2 28 96
4 2 27 89
6 2 29 90
5 2 27 87
5 4 27 81
5 2 27 75
4 5 27 74
2 2 27 71
6 2 27 68
5 2 29 69
6 2 27 59
5 2 27 53
7 2 28 54
8 2 27 53
1 2 27 49
3 2 36 48
3 4 27 48
5 2 29 48
2 2 29 47
7 2 29 48
8 2 29 48
1 3 28 48
5 2 27 42
3 4 27 38
2 2 27 36
4 2 28 35
7 3 28 34
3 2 27 30
8 3 27 29
2 2 27 25
1 2 29 25
3 2 27 14
3 3 27 12
4 3 27 3
5 3 27 3
1 2 26 97
1 2 27 96
3 2 26 94
3 2 26 85
1 2 26 84
7 2 26 82
1 2 26 81
2 4 26 79
6 2 26 74
5 2 26 74
7 4 26 72
7 2 28 71
1 2 26 55
6 2 26 54
3 3 26 54
2 5 26 42
1 2 28 40
2 2 27 40
3 3 26 28
3 2 26 17
7 2 26 6
1 3 26 4
6 2 26 3
7 3 25 99
4 2 25 87
7 3 25 77
4 2 34 78
3 2 34 78
5 2 31 78
4 2 30 78
1 2 30 77
8 2 27 78
4 2 26 78
6 3 26 78
5 2 26 77
4 2 26 75
3 2 26 74
2 2 25 77
6 2 26 78
7 2 25 78
2 2 25 79
1 4 25 77
3 2 25 76
6 2 25 72
2 2 25 73
5 2 25 71
5 2 25 67
2 2 25 65
6 2 25 63
6 2 29 63
1 2 35 62
1 2 28 63
2 2 29 62
7 3 29 62
3 2 29 61
8 2 25 52
3 2 28 52
7 2 29 51
8 2 27 52
3 3 25 46
5 2 26 47
6 2 26 48
1 2 26 45
3 2 26 44
7 2 26 44
2 2 25 46
4 2 25 39
1 2 25 39
8 2 25 27
8 2 25 21
4 2 25 19
5 2 25 11
6 5 25 8
2 2 29 9
7 2 27 6
4 2 25 6
6 2 26 7
1 4 26 6
4 2 25 8
8 2 28 9
5 2 27 9
4 2 24 99
8 2 25 98
5 3 24 98
4 2 24 92
6 2 28 93
8 2 26 91
8 2 25 93
2 3 25 94
6 2 25 92
3 2 25 91
1 2 24 93
7 2 24 92
6 4 24 81
8 3 24 74
8 2 24 76
7 2 24 73
5 2 24 65
7 2 24 65
6 2 24 59
2 2 26 59
5 2 26 58
4 2 27 58
1 2 24 59
1 2 24 56
8 2 25 56
2 2 25 55
5 3 24 55
8 2 24 48
1 2 25 48
4 3 24 46
7 2 24 38
2 5 24 36
6 3 24 28
2 2 28 29
4 2 27 29
5 2 24 29
2 2 25 30
6 2 25 29
7 3 24 24
3 2 26 26
4 2 26 26
1 2 25 25
7 2 24 22
5 2 26 22
6 2 24 18
6 2 26 19
2 2 27 18
5 2 24 19
7 2 24 14
4 2 24 13
7 3 24 11
4 2 26 10
3 2 26 9
1 2 24 10
5 2 24 2
5 3 23 100
6 2 23 99
4 2 23 88
3 2 23 88
7 2 23 88
5 2 23 79
1 3 23 63
6 2 23 64
4 4 23 59
6 2 23 57
4 4 23 44
6 2 26 45
1 2 23 44
5 4 23 42
3 2 25 41
7 2 25 40
2 2 23 40
5 2 24 39
6 2 23 39
1 2 23 38
8 2 23 34
8 2 27 33
1 2 25 35
5 3 25 34
6 3 24 34
3 2 23 35
5 3 23 34
3 2 26 33
4 2 23 33
4 2 23 28
7 4 23 28
6 3 23 26
8 2 23 19
8 2 23 14
8 2 24 13
6 3 24 13
5 7 23 14
2 10 23 10
5 2 27 6
6 2 25 6
8 3 25 5
6 2 23 6
8 3 23 3
1 2 22 99
2 2 22 89
8 2 22 88
6 2 22 85
3 2 22 84
2 3 22 84
5 2 24 85
4 2 25 84
2 2 24 84
7 2 22 86
5 3 22 82
4 2 22 75
1 4 22 74
8 2 23 73
4 2 24 72
1 2 22 68
1 3 22 36
2 2 21 100
4 5 21 92
6 2 21 92
7 5 21 90
3 2 21 91
2 2 22 92
5 2 21 86
3 2 21 86
6 2 21 79
1 2 21 78
5 3 21 78
8 2 21 73
3 2 21 73
8 2 21 63
2 2 21 63
5 2 21 60
1 2 21 61
5 3 21 56
6 3 21 55
4 3 21 53
1 2 23 54
7 2 21 46
6 2 21 42
7 2 21 43
4 2 21 41
6 2 21 39
7 3 21 36
8 2 21 32
2 2 22 31
3 2 22 32
2 2 21 32
6 2 22 33
4 2 21 31
5 2 21 31
1 4 21 30
8 2 21 24
7 2 24 23
4 2 22 25
4 2 23 24
7 3 21 23
3 2 24 21
1 3 24 21
4 3 21 16
7 2 26 17
4 2 26 16
8 3 25 16
3 2 22 16
2 2 21 15
1 6 21 12
4 2 20 96
4 2 24 95
1 2 23 97
2 2 20 93
1 2 20 92
7 2 20 93
1 2 20 89
6 2 20 89
5 2 22 90
4 2 20 88
8 2 20 79
3 2 20 78
4 4 20 79
1 2 20 64
5 2 20 63
7 3 20 62
2 2 20 60
5 2 24 61
6 2 20 53
8 3 20 48
3 3 20 43
1 2 24 44
7 3 20 40
4 2 20 34
6 2 20 25
2 2 20 23
4 2 23 23
8 2 23 23
8 2 20 22
2 2 20 23
3 2 23 24
4 2 23 23
5 3 20 24
3 2 20 25
2 2 22 26
4 2 20 20
5 2 22 19
1 2 22 18
5 3 20 15
8 2 20 14
6 2 20 8
8 2 21 7
4 2 21 6
7 3 20 9
5 2 20 3
2 2 20 4
5 2 20 1
8 2 19 88
4 3 19 83
5 3 19 78
8 2 19 56
5 2 19 47
4 2 19 40
3 3 19 41
7 2 20 41
2 3 19 42
1 2 19 39
5 5 19 39
8 2 20 37
6 2 19 37
5 2 19 37
7 4 19 25
2 3 19 19
8 2 19 4
3 2 18 100
7 2 18 99
1 2 18 98
6 2 18 98
4 2 18 97
8 2 23 96
6 2 23 95
5 2 20 96
7 4 18 87
3 2 22 85
8 2 21 85
6 3 21 85
1 2 19 87
1 3 18 85
5 2 18 81
2 2 19 82
1 4 18 77
7 2 18 69
6 4 18 66
5 2 19 65
3 2 19 64
8 2 18 62
4 2 20 62
2 2 18 60
6 2 18 61
7 2 21 62
2 2 21 61
8 2 20 61
1 3 18 62
8 2 18 60
7 2 20 60
5 2 18 57
1 2 18 44
4 4 18 42
3 2 18 38
7 6 18 33
4 2 18 36
1 3 18 36
2 2 18 33
2 8 18 30
2 2 18 27
1 2 18 26
7 2 18 27
4 3 18 26
5 2 18 25
7 3 18 6
3 2 19 6
4 2 19 7
5 2 19 8
1 5 18 7
2 2 18 5
6 4 17 96
3 3 19 95
5 2 19 93
6 2 19 92
8 3 18 94
5 2 20 92
3 2 20 93
7 2 17 96
1 2 17 94
7 2 17 79
2 2 17 78
4 2 17 75
2 2 19 74
8 2 17 70
3 2 22 71
6 3 22 71
2 2 17 57
7 2 17 58
5 4 17 54
3 3 17 46
2 2 20 45
6 2 18 45
6 2 19 44
5 2 17 45
6 2 17 43
8 2 17 40
7 3 17 38
7 2 17 30
7 2 17 24
8 4 17 17
1 2 19 17
4 2 17 12
3 3 17 11
6 2 19 10
7 2 19 10
8 3 17 7
7 2 17 2
8 3 17 3
1 2 17 2
3 6 16 98
8 2 16 91
7 2 16 90
1 2 16 90
3 3 16 87
3 2 16 84
8 3 16 78
6 2 17 80
2 2 16 75
1 2 16 69
4 2 20 69
3 2 26 68
7 2 26 67
3 2 22 68
3 2 20 68
8 2 20 68
4 2 23 67
4 2 20 67
8 2 16 66
5 2 19 67
3 2 19 67
1 3 16 66
7 2 16 67
4 4 16 65
3 2 16 63
4 2 16 64
7 3 16 62
6 2 16 58
8 2 16 59
6 3 16 59
8 2 16 55
7 2 16 48
3 2 18 49
4 2 26 50
2 2 18 50
5 2 22 51
5 2 18 50
8 2 24 50
7 2 19 51
6 2 23 50
1 2 24 51
6 2 24 52
4 2 24 51
3 2 24 50
3 2 22 52
1 2 21 52
7 2 21 52
3 2 21 50
5 2 21 50
8 2 20 50
2 2 19 52
3 2 16 33
6 2 16 30
2 3 16 27
8 2 16 24
6 6 16 21
5 2 20 21
6 2 16 21
6 2 19 22
8 2 17 22
5 3 16 20
3 2 16 15
6 2 20 15
2 2 18 15
2 5 16 12
5 2 16 14
5 3 16 7
1 2 16 5
6 2 15 82
5 2 21 83
8 3 21 82
7 2 20 83
1 3 18 83
6 2 18 83
4 2 18 82
7 2 15 81
7 2 16 82
2 2 15 82
7 3 15 75
3 2 17 76
7 2 16 76
6 3 16 77
6 2 16 74
1 3 16 73
1 2 19 72
8 2 21 71
3 2 21 71
8 3 20 71
6 2 22 71
1 2 21 71
7 2 21 71
5 2 20 71
4 2 19 72
2 2 19 71
6 3 18 71
7 2 17 72
2 2 15 77
7 2 15 73
1 2 16 72
2 3 15 72
5 2 17 70
7 2 15 70
6 3 15 65
8 2 15 67
1 2 15 64
2 4 15 63
1 2 15 58
4 2 15 51
2 2 15 50
1 2 16 51
4 2 15 51
3 2 15 51
2 2 15 44
3 2 17 45
8 2 17 45
4 2 15 45
5 2 15 46
2 2 15 46
8 2 15 45
1 2 15 40
5 3 15 36
3 2 15 30
7 4 15 28
6 2 15 24
1 2 15 20
7 2 15 15
1 2 15 14
3 2 15 2
8 2 14 98
8 2 14 96
3 2 16 96
1 2 14 89
8 2 15 88
5 2 14 89
6 2 14 88
6 2 14 85
5 3 14 85
2 2 14 83
8 2 14 84
7 2 14 79
1 4 14 78
1 2 14 68
5 2 14 68
2 2 20 69
7 2 20 69
5 2 17 69
4 2 14 69
2 4 14 69
2 2 14 66
7 2 14 61
6 3 14 53
8 2 17 54
8 2 14 53
2 2 14 51
6 2 14 50
6 2 16 49
5 2 19 48
2 2 18 48
4 2 16 49
7 2 14 40
4 2 14 40
4 3 14 35
2 2 14 36
8 2 15 35
7 2 14 21
2 2 15 22
7 2 14 18
5 2 14 18
6 2 15 17
3 2 14 12
2 5 14 7
3 2 13 94
8 2 15 95
5 2 13 83
5 3 13 72
5 3 13 66
1 5 13 62
2 3 13 59
3 3 15 59
2 2 15 57
4 2 13 60
6 2 13 61
8 2 14 62
1 3 13 56
4 2 13 51
3 3 13 46
2 3 13 32
3 2 13 31
5 2 13 28
4 2 13 21
7 4 13 11
7 2 13 12
6 5 13 5
5 2 13 4
4 2 12 97
7 2 12 98
7 2 13 99
6 2 13 97
2 2 13 96
6 2 12 95
2 2 12 92
8 2 12 88
1 3 12 86
4 2 12 76
5 6 12 75
6 3 12 66
8 2 13 67
1 2 13 66
7 3 12 65
8 2 12 52
5 3 12 43
1 2 13 44
6 4 12 38
8 2 12 32
7 2 12 28
6 2 12 17
4 3 12 18
6 2 13 18
5 3 13 17
4 2 12 6
7 2 12 7
8 2 12 3
5 2 11 99
3 4 11 97
5 3 11 94
2 3 11 95
4 2 12 95
7 2 12 94
5 3 11 95
8 2 11 93
4 2 11 89
3 2 14 90
7 2 14 89
3 3 13 89
2 2 14 91
8 2 11 82
4 2 11 79
3 2 11 74
4 2 13 74
2 2 11 72
3 2 11 71
2 4 11 65
1 2 11 64
3 2 11 63
8 6 11 59
4 2 11 61
6 2 11 55
3 2 12 56
7 2 12 56
4 5 12 55
2 4 11 45
3 2 11 44
2 2 13 43
4 2 12 43
7 3 12 42
8 2 12 41
3 2 11 42
6 2 11 41
1 2 11 41
6 2 11 39
4 2 11 38
7 3 11 24
7 2 12 25
2 2 12 25
8 2 14 26
5 3 11 20
6 2 12 21
3 2 13 20
1 2 12 22
7 2 12 20
3 2 11 15
2 2 11 14
4 3 11 13
1 2 10 95
4 2 10 75
2 3 10 74
1 2 10 73
1 2 10 68
1 2 13 69
8 2 13 68
2 2 10 61
4 2 10 58
3 3 10 49
1 2 12 50
2 2 12 48
7 4 10 45
5 3 10 43
4 2 10 35
2 3 10 32
5 2 10 24
2 3 10 23
3 2 11 22
8 3 11 22
3 2 11 23
4 3 10 21
6 2 10 17
7 2 10 17
5 2 10 15
6 2 10 13
8 2 11 12
7 2 10 8
8 2 12 8
3 2 12 8
2 2 10 7
5 3 9 100
3 2 13 100
4 2 9 100
8 3 9 90
8 2 10 91
3 2 13 92
4 2 13 92
6 2 10 90
6 3 9 84
6 3 9 82
8 2 13 81
2 2 12 82
3 2 9 83
6 2 9 81
2 2 9 80
3 2 9 78
6 3 9 74
1 2 10 75
5 2 9 75
3 2 9 66
7 2 9 61
5 2 13 62
3 2 12 62
3 2 9 54
1 2 9 53
7 2 12 54
2 2 9 52
5 2 9 53
2 3 9 53
5 3 9 48
8 2 11 48
3 2 10 49
7 2 11 48
7 2 10 49
6 2 9 49
1 3 9 41
8 2 9 38
1 2 9 37
5 2 10 38
3 2 10 36
8 2 9 38
5 2 9 33
6 2 11 32
7 2 11 33
4 2 11 34
5 2 10 32
3 2 11 31
6 2 12 30
7 2 12 30
1 2 9 34
2 2 9 35
8 2 9 35
6 5 9 34
3 2 9 31
1 2 9 30
3 4 9 26
7 3 10 27
1 2 10 27
8 3 10 28
2 5 9 27
5 2 9 26
2 3 9 15
4 2 11 16
7 4 8 100
7 2 8 96
6 2 8 92
8 2 8 83
8 3 8 73
8 2 9 72
4 3 8 68
5 2 8 66
4 2 8 64
4 3 8 62
4 2 9 63
2 2 8 63
8 2 8 62
3 2 8 59
5 2 12 58
8 2 12 58
3 2 8 53
4 5 8 53
2 2 8 48
4 2 10 47
4 2 8 48
8 2 8 44
2 2 8 39
3 2 8 36
4 2 8 29
4 6 8 25
4 4 8 18
8 2 10 19
4 2 10 18
1 2 9 18
7 3 8 7
8 2 7 98
8 2 9 99
3 2 7 99
7 2 7 98
5 2 8 98
1 2 7 95
6 2 9 94
2 2 9 93
1 3 7 89
2 2 9 87
4 2 9 86
7 3 9 85
1 2 9 84
3 2 7 90
7 2 8 89
8 4 7 86
6 2 8 85
2 2 7 85
4 3 7 79
5 2 7 75
6 4 7 67
3 2 7 65
4 2 7 45
2 2 7 44
7 2 7 37
1 2 8 38
5 2 7 33
3 2 7 34
4 2 7 30
3 3 7 28
6 2 7 28
1 9 7 27
7 2 7 26
3 3 7 26
1 2 7 23
5 2 7 22
6 2 7 20
7 2 7 19
1 2 7 17
5 2 7 14
3 3 7 14
7 2 13 16
3 2 7 11
2 2 13 10
6 2 11 10
6 2 8 12
1 3 7 10
5 2 12 10
2 2 14 9
4 3 8 11
6 2 10 9
1 2 6 97
6 3 6 97
8 2 6 97
5 3 6 89
4 2 6 87
3 2 6 83
7 2 6 82
1 2 6 75
1 3 6 65
8 3 6 64
6 2 6 63
5 4 6 61
4 2 6 49
7 2 6 45
6 2 6 38
5 3 6 38
4 2 6 37
6 2 6 33
1 2 6 32
6 2 6 23
8 3 6 21
6 2 7 20
6 2 6 17
8 4 6 14
2 2 6 11
8 2 8 10
3 2 7 10
1 2 10 9
6 2 10 9
5 4 6 10
8 2 6 9
7 3 6 9
6 2 6 8
2 3 6 7
5 3 6 4
1 2 9 4
4 2 9 3
6 2 6 4
4 2 5 97
6 2 5 94
8 2 5 95
7 2 5 89
8 2 5 88
2 2 5 89
5 3 5 88
3 2 6 86
4 2 6 85
7 3 5 85
7 5 5 78
7 2 5 56
6 2 8 56
1 2 8 57
3 3 8 56
2 2 8 58
8 2 7 58
2 2 6 57
6 2 6 58
1 2 7 59
5 3 7 58
4 4 6 57
6 2 5 59
3 2 5 55
2 3 5 53
6 2 8 52
2 2 9 51
7 2 6 52
1 5 5 51
8 2 5 46
6 4 5 46
8 4 5 37
8 2 5 32
6 2 5 26
7 3 5 22
1 3 5 20
5 2 5 12
4 3 5 11
2 2 5 2
1 2 8 2
2 2 8 1
8 2 7 2
7 2 4 98
2 4 4 94
2 2 5 94
5 2 6 93
4 2 7 92
2 2 7 91
7 2 7 92
5 2 7 91
5 2 4 96
5 3 4 92
1 2 5 93
7 2 5 94
3 2 5 93
3 2 5 91
1 2 4 91
6 2 4 89
6 3 4 82
3 3 6 82
6 2 6 80
1 3 4 62
6 2 6 61
6 2 4 56
5 2 4 43
6 2 4 44
8 4 4 43
7 2 7 43
4 2 4 42
1 2 4 42
6 2 4 36
4 2 4 31
1 2 4 29
7 2 6 30
8 2 4 28
6 2 4 15
1 2 11 16
4 2 4 12
2 3 4 11
8 2 4 11
1 2 4 1
6 2 6 2
2 2 7 3
3 2 9 4
7 2 10 5
8 2 10 5
5 2 7 4
4 2 7 3
3 2 3 87
6 2 3 87
1 2 3 84
1 2 3 77
3 2 3 77
4 2 3 76
1 2 5 77
2 2 5 78
8 3 3 76
5 3 3 73
3 2 5 72
7 2 5 71
2 2 4 73
2 2 3 68
4 2 9 69
8 2 9 68
8 2 4 69
5 3 4 68
3 2 3 68
3 2 5 67
4 2 3 64
2 3 3 61
3 2 3 52
7 2 3 50
3 2 4 51
5 3 3 48
3 2 5 47
4 2 3 37
6 4 3 32
5 2 6 35
7 2 5 35
2 2 5 35
3 2 3 30
8 2 3 30
6 2 3 29
5 3 3 7
4 2 4 8
3 2 4 8
5 3 3 4
8 4 3 3
5 3 2 99
6 3 2 97
8 3 2 93
8 2 3 92
1 2 2 90
7 2 2 74
7 2 3 73
4 2 3 72
4 2 2 68
5 2 2 66
6 2 2 64
5 3 2 63
4 3 2 59
4 2 4 59
2 3 3 61
1 2 2 59
3 2 2 60
8 3 2 60
4 2 2 55
6 3 2 53
2 2 2 54
4 2 2 41
6 2 3 42
5 2 2 40
3 3 2 39
4 2 2 39
2 2 2 34
5 3 2 31
3 2 2 29
1 2 2 29
6 2 2 25
4 2 4 24
3 2 2 24
7 2 2 20
3 2 2 19
2 2 5 19
1 2 2 13
2 3 2 12
1 2 2 11
7 3 2 2
7 2 5 2
2 2 5 2
7 2 1 69
4 2 1 70
7 2 1 60
8 2 1 53
1 2 1 53
7 2 2 52
8 2 4 53
6 2 4 53
5 2 2 52
7 2 1 53
1 2 2 53
4 2 3 54
8 2 2 52
8 2 1 50
3 2 1 49
7 2 1 26
1 2 1 27
6 2 1 28
3 2 1 22
8 2 3 23
8 2 1 19
1 2 1 17
4 2 1 14
1 2 1 8
4 2 2 9
5 2 2 9
