9849
3979
3 2 100 97
4 4 100 90
8 2 100 81
7 3 100 80
2 5 100 75
7 2 100 73
5 2 100 66
6 2 100 57
4 3 100 43
6 2 100 34
2 4 100 32
2 2 100 30
4 2 100 18
4 2 100 14
1 2 100 11
2 3 100 8
4 2 100 5
5 2 100 3
2 2 99 100
5 2 99 95
3 2 99 94
6 2 99 78
4 2 99 65
2 2 99 64
6 2 99 63
4 2 99 60
2 4 99 58
4 2 99 56
4 2 99 51
2 2 99 50
8 2 99 48
3 2 99 37
8 2 99 38
2 3 99 35
6 2 99 27
1 3 99 25
3 4 99 21
7 2 99 10
8 4 98 97
1 2 98 92
5 3 98 90
3 2 98 92
4 2 98 83
5 2 98 84
5 2 98 80
3 2 98 63
1 2 98 56
5 2 98 45
6 2 98 44
7 2 98 43
1 2 98 41
4 3 98 40
1 2 98 32
1 2 98 29
5 2 98 28
4 2 98 27
1 4 98 11
8 2 98 8
7 2 98 6
3 3 98 6
1 2 98 2
3 2 97 100
8 5 97 99
8 2 97 91
7 3 97 85
8 2 97 85
7 3 97 78
5 3 97 77
6 2 97 74
2 2 97 73
7 3 97 71
8 2 98 70
3 2 98 69
4 2 97 69
1 3 97 68
7 2 97 67
7 4 97 63
2 2 97 62
6 2 97 60
5 3 97 47
5 2 97 44
8 2 97 36
4 2 97 35
1 2 97 23
4 2 97 14
5 2 97 6
2 2 97 1
4 2 96 98
2 2 97 99
7 2 97 98
7 2 96 94
1 3 96 95
2 2 96 96
7 2 96 77
8 2 96 74
1 2 96 72
4 2 96 71
6 2 96 70
8 3 96 66
6 2 96 66
5 2 96 65
7 2 96 59
3 2 96 57
6 3 96 54
6 2 98 54
8 2 98 53
5 2 96 53
2 2 96 44
4 2 96 43
8 2 96 41
2 2 97 40
7 2 98 39
3 2 97 39
7 3 96 41
5 5 96 40
4 2 96 30
8 2 96 28
3 2 96 27
4 2 96 26
4 2 96 8
4 3 96 5
5 3 96 2
1 2 95 100
4 2 95 96
8 2 95 96
4 3 95 91
1 2 95 90
5 3 95 89
7 3 96 89
6 2 95 88
1 2 96 87
5 2 95 87
7 2 96 88
2 2 95 88
3 2 95 82
5 2 95 73
5 2 95 70
7 2 95 68
1 2 95 59
2 2 95 58
8 2 95 57
7 3 95 56
1 3 95 39
5 2 95 37
3 2 95 36
2 2 95 30
8 2 95 31
1 2 95 30
4 4 95 23
7 2 96 23
1 2 97 22
4 2 96 22
3 3 96 22
1 2 95 21
8 2 96 20
1 2 95 16
2 2 96 15
8 2 95 15
7 2 95 16
6 2 95 17
5 2 98 18
7 2 96 18
4 3 95 18
5 5 95 16
6 3 95 8
7 2 94 99
3 2 94 96
5 2 94 93
8 2 94 88
3 2 94 84
1 2 94 85
2 2 94 83
4 2 94 82
8 2 95 81
2 2 94 79
4 2 94 77
7 2 94 73
2 2 94 72
8 4 94 70
4 2 94 68
5 2 94 67
3 2 94 61
2 6 94 55
8 5 94 48
4 2 95 46
1 2 94 36
3 2 94 33
5 3 94 27
2 2 94 18
8 3 94 17
1 2 94 15
6 2 94 12
7 2 94 11
3 2 94 7
2 2 94 5
3 2 94 2
4 2 93 95
8 2 93 90
7 2 93 89
5 2 93 87
8 2 93 83
6 2 94 82
4 2 95 81
5 2 93 72
8 2 93 64
1 3 93 60
2 2 93 42
2 2 94 43
6 3 93 41
8 3 93 31
1 2 93 26
1 2 93 19
7 2 95 20
6 2 95 20
8 2 93 12
8 2 96 13
5 2 93 9
6 3 93 9
8 3 93 8
5 5 93 3
2 2 95 4
6 2 95 4
7 2 92 96
8 3 92 88
8 2 92 76
3 3 92 72
6 2 92 65
7 2 94 66
5 2 92 63
6 2 92 61
6 2 92 54
7 2 92 53
1 2 92 47
7 2 92 23
4 4 92 15
5 3 92 14
3 2 94 12
1 3 92 8
6 3 91 94
6 2 94 94
7 2 94 93
7 3 91 78
6 2 91 77
7 6 91 75
1 2 92 75
4 3 91 75
2 3 91 75
2 3 91 73
1 2 91 68
4 2 93 67
3 2 91 67
1 2 92 66
2 4 92 65
7 2 91 64
5 2 91 53
5 2 91 48
2 2 91 49
7 3 91 48
5 2 96 50
6 2 96 50
7 3 95 51
2 2 94 49
6 2 92 49
1 2 92 49
4 2 91 49
3 6 91 23
3 3 94 26
6 2 91 23
5 4 91 19
3 2 92 19
6 3 91 13
2 2 93 12
4 6 91 12
8 2 91 10
5 2 91 10
1 3 91 4
1 3 93 4
7 3 91 5
5 2 90 100
4 2 91 99
6 3 90 96
2 6 90 87
1 2 90 85
7 2 92 86
3 2 92 86
4 2 92 85
3 5 90 77
4 4 90 67
5 2 90 59
2 3 90 54
8 2 90 52
2 2 90 53
6 2 90 52
1 2 90 46
7 2 92 45
6 4 92 44
2 2 90 39
6 2 90 38
8 2 93 38
2 2 92 38
6 2 91 38
8 3 90 38
5 2 90 39
2 2 90 38
2 2 90 35
8 2 95 34
3 3 95 34
3 2 91 34
7 2 91 35
2 2 92 36
8 2 91 35
5 3 91 35
1 2 90 28
2 2 92 29
6 2 90 28
1 3 90 22
3 4 90 17
4 2 90 6
3 2 90 7
3 2 90 4
4 5 90 3
3 2 89 97
5 2 92 98
2 2 91 98
2 2 89 93
2 2 91 93
7 4 89 91
6 2 89 91
7 2 89 82
1 2 92 83
3 2 92 82
2 2 89 81
5 2 92 81
6 3 89 80
3 2 91 80
8 2 89 82
2 2 89 81
4 2 89 79
1 2 89 77
5 2 89 76
6 3 89 71
8 2 90 73
1 2 90 73
6 2 90 72
5 2 89 70
8 3 89 69
7 2 89 69
5 2 89 69
1 2 89 64
4 2 89 65
1 2 89 60
4 2 89 61
7 2 89 62
8 2 89 58
8 2 91 58
8 2 89 53
8 2 89 49
8 2 90 48
3 2 89 42
1 2 89 43
5 2 89 43
4 2 89 42
1 2 89 40
7 2 89 32
3 3 89 28
2 2 89 26
6 2 89 26
5 3 89 23
6 2 89 21
4 2 89 19
8 2 90 20
6 3 89 9
2 2 89 2
5 2 88 94
7 2 90 95
1 2 90 95
3 2 88 92
5 3 88 92
8 2 88 93
5 2 88 84
8 2 90 85
6 2 90 86
5 2 89 85
3 2 88 59
5 2 89 58
3 2 90 57
2 2 89 57
4 2 89 56
6 2 88 60
8 3 88 56
2 4 88 51
4 2 89 52
5 3 88 51
6 2 88 48
1 4 88 47
2 2 90 46
5 2 90 45
1 2 91 45
8 3 89 45
5 3 88 39
8 5 88 37
6 2 88 36
8 2 88 34
6 2 88 32
6 2 92 33
5 2 92 32
8 2 91 32
3 2 88 33
8 2 88 34
8 5 88 30
3 2 89 30
5 2 89 30
7 2 88 25
1 2 88 24
3 5 88 21
6 3 88 17
7 2 90 17
2 3 88 14
7 2 88 5
8 3 87 83
7 2 88 84
3 2 88 85
5 2 88 83
3 2 87 82
3 2 87 77
6 2 87 76
8 3 87 67
5 2 87 54
4 2 87 43
3 3 87 44
7 3 87 41
8 2 87 40
5 2 87 37
4 3 87 32
5 2 87 33
1 2 87 31
4 2 87 27
6 2 87 26
2 3 87 21
1 4 87 16
4 2 89 17
2 2 88 17
7 2 88 14
3 2 87 17
3 2 87 11
2 2 88 10
4 4 87 10
3 4 86 97
2 2 88 95
7 2 87 95
2 3 86 95
1 2 86 93
2 2 87 92
4 2 88 93
3 2 87 93
7 3 87 91
5 3 86 82
2 3 86 79
6 2 90 79
6 2 87 79
8 2 87 80
1 2 86 78
3 4 86 75
2 2 86 74
6 2 86 73
6 2 86 69
7 2 86 62
8 2 89 63
8 2 87 61
2 2 87 62
6 2 86 61
5 2 90 62
6 3 86 57
4 2 86 53
2 4 86 40
3 3 86 38
8 2 86 36
6 3 86 33
7 2 86 17
6 2 86 10
1 2 86 8
7 2 86 7
4 3 86 4
1 5 85 100
8 2 89 100
2 2 88 100
6 2 87 100
7 2 86 99
8 2 87 98
8 2 85 100
5 2 85 94
3 2 85 83
7 3 85 78
5 2 85 73
8 2 85 72
2 5 85 71
7 2 85 66
7 2 86 65
2 2 85 61
3 2 90 62
4 4 85 61
1 3 85 56
6 2 87 55
3 2 85 53
2 2 86 52
4 2 85 49
6 3 85 48
7 2 87 47
8 2 86 47
6 2 86 47
3 3 85 46
5 2 85 45
4 4 85 46
6 2 85 42
5 2 85 42
1 2 85 41
8 2 85 37
4 4 85 33
5 2 85 28
6 2 85 12
2 2 86 13
3 2 86 12
8 2 85 10
5 3 85 8
8 2 85 7
6 2 85 6
6 2 86 7
3 3 84 100
7 2 84 96
6 3 84 93
4 3 84 93
5 2 84 92
5 3 84 86
6 2 86 87
4 2 87 88
6 2 88 89
3 2 87 89
5 2 86 87
2 3 85 88
7 3 84 71
1 2 85 72
7 2 84 72
5 4 84 68
8 3 84 67
1 2 84 64
8 2 84 64
8 2 84 55
5 2 84 54
8 4 84 53
1 2 84 52
7 2 87 51
4 2 84 51
3 3 84 51
5 2 84 48
7 3 84 45
2 2 84 43
8 2 84 42
6 2 84 42
7 2 84 37
4 2 84 38
3 2 84 29
6 2 84 30
2 2 85 29
4 2 84 30
7 2 84 28
6 4 84 28
8 2 84 21
7 2 84 19
8 2 84 14
3 2 85 15
2 2 85 15
5 2 84 13
3 3 84 4
2 3 83 100
6 2 83 97
1 2 83 94
4 2 83 90
2 3 83 89
6 2 85 90
3 2 83 88
4 2 83 84
3 2 83 72
1 2 83 64
8 2 85 64
7 2 85 63
6 2 84 63
5 4 84 62
5 2 83 59
1 2 87 58
7 2 83 58
2 2 84 58
4 2 86 59
4 2 83 57
6 2 83 53
2 2 83 50
5 2 85 50
8 2 85 50
3 2 83 44
6 2 83 37
3 2 85 36
2 2 84 36
6 2 87 35
3 2 86 35
2 2 85 35
1 2 83 34
8 2 83 35
3 4 83 30
5 2 83 20
6 2 83 17
5 2 85 16
1 2 83 16
8 2 83 13
6 2 83 7
8 2 83 3
1 2 87 2
7 2 82 100
3 2 82 97
2 2 82 93
4 2 82 88
7 2 82 85
4 3 82 79
6 4 82 79
8 2 82 81
1 2 82 68
2 3 82 64
6 2 84 66
6 2 82 66
5 3 82 65
8 2 82 61
6 3 82 54
6 2 83 55
8 4 82 53
3 2 82 52
7 3 82 49
7 2 82 46
6 2 82 47
7 2 82 33
8 4 82 29
5 2 82 27
1 3 82 23
8 2 85 24
1 2 84 23
1 2 82 13
2 2 83 14
7 2 83 13
6 2 83 12
1 2 82 10
8 3 82 5
7 2 81 97
1 3 81 88
3 3 81 83
3 3 81 80
6 2 82 81
5 2 81 82
8 2 82 83
4 2 81 74
7 2 84 75
5 2 81 74
8 2 81 72
4 2 81 69
1 2 81 70
4 2 81 63
4 2 82 64
5 2 81 63
1 2 81 59
3 2 82 60
3 2 81 55
4 2 81 55
1 3 81 55
4 2 81 52
8 3 81 50
6 2 81 49
5 3 81 47
1 2 81 46
7 2 81 36
5 2 81 23
5 2 81 13
8 2 81 2
8 2 80 100
3 2 80 93
1 2 80 85
4 2 80 81
5 2 81 80
2 2 81 79
1 2 81 79
5 2 81 78
6 2 84 77
1 2 83 77
5 4 83 76
3 2 81 78
8 5 80 77
1 2 80 75
3 2 80 66
4 3 80 60
5 2 83 59
2 2 81 59
7 2 83 58
6 2 80 57
8 2 80 48
2 2 80 48
8 2 80 45
4 2 80 39
4 2 80 35
4 2 80 28
2 2 80 20
4 3 80 15
7 2 80 15
1 2 81 16
7 3 80 10
7 2 81 9
5 2 80 10
3 2 82 9
1 2 80 8
4 2 80 4
3 2 80 2
1 3 80 2
6 2 81 2
8 2 81 2
2 2 79 98
1 3 79 99
8 2 80 99
6 5 80 98
5 2 79 100
7 3 79 92
2 2 79 89
3 2 80 90
7 2 79 84
7 2 79 82
8 2 79 83
2 3 79 83
4 2 79 79
8 3 79 79
2 2 79 75
6 4 79 74
7 2 80 74
6 3 80 73
2 2 79 72
7 2 80 71
4 2 79 71
6 2 79 66
3 2 79 64
7 2 79 61
1 2 80 62
6 2 80 62
6 3 79 52
1 2 79 50
3 2 79 51
5 2 79 49
5 2 79 46
4 3 79 44
1 2 81 44
7 2 81 43
4 2 80 44
1 2 79 35
8 2 79 34
7 3 79 32
4 2 79 25
2 2 84 26
4 2 82 24
7 4 79 20
4 2 79 21
6 2 79 21
6 2 81 21
8 2 82 22
5 3 79 16
6 4 79 17
3 2 79 14
6 2 79 14
2 4 79 12
4 2 80 12
8 2 79 9
5 2 79 7
1 2 79 5
3 2 78 98
7 2 78 97
8 3 78 96
2 5 78 93
3 4 78 90
4 3 78 76
7 2 78 73
1 2 78 66
7 4 78 65
3 3 78 58
5 2 80 57
7 4 78 53
3 2 78 48
2 4 78 48
5 3 78 43
4 2 80 42
6 2 78 42
2 3 78 41
7 3 79 41
3 2 82 39
3 2 80 39
6 3 78 41
3 2 78 41
8 5 78 39
2 2 80 37
8 2 80 37
3 2 80 36
5 2 79 36
5 4 78 30
3 2 78 27
2 3 78 27
7 2 83 26
1 2 79 26
2 2 80 25
3 2 81 24
7 2 78 25
4 2 81 26
8 3 81 25
6 2 81 25
7 2 78 17
7 2 78 8
7 2 77 100
2 2 77 100
5 2 77 94
6 2 77 85
8 3 77 86
5 2 80 87
5 2 78 87
4 2 78 88
7 2 79 89
5 2 79 89
3 3 77 87
8 2 77 86
4 2 77 85
7 2 77 82
3 3 77 74
2 2 77 71
5 2 78 72
4 2 77 68
1 2 78 67
5 3 77 67
7 3 77 60
8 2 79 59
4 2 79 58
5 2 77 59
7 3 77 58
3 2 77 51
1 3 77 43
2 3 77 40
4 2 77 30
3 3 77 28
8 3 77 25
5 2 77 25
4 2 77 14
3 3 77 11
3 2 78 10
6 2 77 8
3 2 79 7
3 3 77 7
8 2 86 6
1 2 80 6
3 2 77 4
8 2 76 97
6 2 76 98
1 2 76 99
6 2 76 100
7 2 76 94
7 3 76 89
2 6 76 86
3 3 76 79
5 3 76 72
6 2 76 70
3 2 76 68
6 3 76 66
4 2 76 64
3 2 76 62
6 2 76 60
4 2 76 58
6 2 77 57
3 2 79 56
2 3 77 57
1 2 77 57
7 2 76 56
8 3 76 51
5 2 76 31
1 4 76 25
8 3 76 23
8 2 77 23
2 2 80 22
1 3 80 21
1 3 76 16
1 2 78 18
5 2 78 19
8 2 78 18
8 2 80 19
1 2 80 19
6 3 76 16
6 4 76 12
7 2 77 11
5 2 76 9
8 4 76 8
7 2 76 6
8 2 76 6
2 2 78 7
5 3 78 6
7 2 76 3
4 3 75 99
2 2 75 83
8 3 75 75
3 2 78 77
2 2 75 72
3 2 75 71
2 3 75 64
3 2 75 57
2 2 75 55
1 5 75 53
6 2 75 54
8 2 76 55
2 2 75 48
2 2 75 44
2 2 75 35
6 2 75 36
3 2 75 37
2 2 75 37
5 4 75 34
2 2 75 32
5 2 75 26
2 2 75 21
6 2 77 21
2 2 77 22
7 2 77 22
3 2 77 20
7 2 77 20
4 2 76 23
5 2 76 22
1 4 75 21
8 2 75 15
3 2 75 13
2 2 75 9
4 3 75 7
2 2 75 6
3 2 74 96
1 3 74 97
5 2 74 95
4 2 75 95
1 3 74 89
3 2 74 80
6 2 74 77
5 2 75 78
1 2 75 78
2 2 74 74
6 4 74 69
2 2 76 69
5 3 74 66
3 4 74 63
8 2 74 55
2 2 75 55
5 2 74 53
2 2 74 50
4 2 74 48
7 2 74 49
2 2 74 42
1 2 74 32
2 2 78 33
8 2 79 32
3 2 74 33
6 2 77 32
6 2 75 32
5 3 75 33
7 3 74 31
5 2 74 29
7 3 74 27
5 3 74 23
7 2 74 15
5 2 74 12
6 4 73 98
4 2 75 98
4 2 73 97
3 3 73 96
2 2 73 93
8 3 73 82
3 2 73 76
6 2 76 77
8 3 73 71
7 4 73 68
3 2 73 66
7 3 73 63
2 2 73 60
2 2 73 57
5 3 73 49
4 2 74 49
3 5 73 48
1 2 74 47
4 2 74 46
8 2 73 47
7 2 73 46
6 2 73 46
4 2 76 46
4 2 73 44
7 5 73 44
7 3 73 40
8 2 77 39
5 2 77 38
4 2 75 41
5 2 75 42
7 2 75 41
5 2 73 41
1 2 73 37
3 2 73 31
4 3 73 30
4 2 73 25
3 3 73 20
5 2 73 16
3 2 74 17
2 2 75 18
8 2 74 18
6 2 73 17
3 2 74 18
6 2 77 19
4 2 77 19
2 3 74 19
8 2 74 19
1 3 73 8
4 2 73 1
6 4 72 95
7 2 75 95
4 3 72 89
5 3 72 90
8 2 78 91
7 2 78 90
4 2 77 91
6 2 77 91
5 2 77 90
8 2 72 90
8 3 72 88
6 2 73 87
6 2 72 84
1 4 72 77
6 3 72 73
1 3 72 68
4 2 72 66
5 2 72 62
8 2 72 56
4 2 72 54
3 2 72 52
7 2 72 37
8 2 72 31
2 2 72 28
7 2 75 28
1 2 75 28
2 2 72 26
6 2 73 27
2 2 73 26
1 2 72 18
4 2 72 17
4 3 72 11
8 2 72 11
5 3 72 6
1 2 74 6
7 2 75 5
3 2 75 5
2 2 75 4
6 2 75 3
5 2 74 7
4 3 74 5
3 2 71 100
2 5 71 98
7 5 71 98
5 4 71 97
2 2 71 87
4 2 72 86
3 2 72 85
6 2 73 84
7 5 73 84
8 4 71 83
1 2 73 84
5 2 72 82
4 2 73 81
3 2 71 80
7 2 75 80
4 2 72 80
3 2 73 81
6 3 72 81
5 2 71 73
4 3 71 70
4 2 74 71
6 2 71 67
8 2 72 68
4 2 72 67
6 2 71 62
1 2 71 56
6 4 71 54
4 2 73 55
3 2 71 54
5 2 71 46
8 4 71 46
3 2 71 36
2 2 71 31
2 2 72 32
7 3 71 30
3 2 71 25
1 3 71 23
4 2 72 22
6 2 72 21
2 2 71 24
7 3 71 24
5 2 71 25
6 2 71 23
1 2 71 11
7 2 74 12
2 2 71 12
3 2 71 2
4 2 70 86
3 2 70 87
3 3 70 84
6 3 70 84
1 2 70 80
7 2 71 81
7 2 70 79
8 2 70 73
7 2 70 72
2 3 70 67
8 2 70 59
5 2 70 57
8 2 71 58
7 2 70 53
1 3 70 53
1 2 70 29
5 3 70 20
4 2 70 16
2 2 72 15
8 3 72 14
1 2 71 14
2 2 71 13
2 2 70 4
8 2 73 5
4 2 73 3
3 2 74 2
7 2 71 3
5 2 72 4
1 6 69 100
4 4 69 96
6 2 69 95
3 4 69 93
1 2 72 92
4 2 74 91
1 2 74 91
5 2 69 94
3 3 69 85
8 2 69 80
8 2 70 79
6 2 70 78
2 4 69 79
5 3 69 71
6 3 69 69
4 2 69 65
1 3 69 66
8 2 69 67
5 2 69 66
4 3 69 63
4 2 77 62
1 2 74 62
4 2 70 62
4 2 73 61
2 2 69 56
5 3 69 42
5 3 69 37
4 2 74 35
5 5 69 31
6 2 70 29
3 2 69 24
5 3 69 21
1 2 69 19
8 2 69 18
7 3 69 17
2 3 69 11
7 7 69 10
6 2 69 11
5 2 69 12
1 2 69 10
7 2 69 9
6 2 68 97
4 2 68 95
8 2 68 94
7 2 69 94
4 4 68 86
6 2 68 87
5 2 68 81
7 3 68 67
6 2 68 65
3 2 68 54
6 2 68 54
4 3 68 47
4 2 68 49
8 2 68 50
4 2 68 50
7 2 68 50
1 2 68 46
7 5 68 45
6 2 68 37
6 2 68 29
6 6 68 20
8 2 68 12
5 2 68 7
3 3 68 8
3 5 68 3
6 2 71 2
6 2 69 3
8 2 68 2
5 2 68 1
8 3 67 100
8 4 67 96
1 2 67 94
8 2 67 84
2 3 67 83
1 2 67 62
8 2 69 63
1 3 69 62
5 2 69 62
3 2 68 61
6 3 68 62
1 2 68 63
2 2 69 64
5 2 68 60
3 2 68 59
2 2 67 63
7 2 67 61
2 2 67 60
1 2 67 59
3 2 69 58
3 2 67 50
3 2 67 44
8 2 68 44
7 3 67 38
6 2 71 39
5 2 67 35
1 2 69 36
4 2 69 35
6 2 70 36
8 2 70 36
6 2 69 34
8 2 70 34
6 2 71 33
5 2 70 33
1 2 69 34
2 2 68 35
7 2 68 36
3 2 68 34
6 2 69 33
2 2 67 32
8 2 67 30
3 3 67 27
8 2 70 26
6 3 67 27
4 2 67 24
2 5 67 23
1 3 67 15
5 2 68 16
7 2 67 14
5 2 67 8
2 5 67 6
3 2 68 7
6 2 68 6
2 2 68 5
8 2 67 7
7 2 67 5
3 2 66 96
2 2 66 95
7 3 66 92
5 2 70 92
8 2 70 92
1 2 67 92
4 3 67 92
7 2 67 91
3 2 71 90
2 2 66 93
6 2 66 87
4 2 67 88
1 2 69 89
6 2 66 85
8 2 66 81
3 2 66 82
1 2 66 78
3 2 66 77
5 2 71 76
7 2 72 75
8 3 71 76
4 3 70 76
1 2 68 76
2 3 68 75
4 2 67 78
5 3 67 76
7 2 66 75
3 6 66 61
7 2 67 59
8 2 66 58
1 2 66 59
1 3 66 56
3 2 66 53
8 4 66 52
3 4 66 35
6 5 66 29
8 2 66 13
5 3 66 12
7 3 66 6
1 2 66 4
8 4 66 3
2 3 66 2
1 4 65 98
4 2 65 99
2 3 65 98
5 2 65 91
2 2 65 86
5 5 65 87
5 2 66 88
3 2 65 84
7 2 65 84
4 6 65 80
3 2 65 74
8 4 65 73
4 3 65 73
5 2 65 71
2 2 66 71
6 4 65 70
4 2 65 71
8 2 66 70
7 2 68 69
5 2 66 69
6 2 68 68
2 2 68 67
1 2 66 68
4 5 65 68
5 5 65 68
4 2 65 69
3 2 65 68
7 5 65 63
7 2 65 57
6 2 65 55
8 2 65 54
1 2 65 49
6 2 65 46
2 2 66 46
6 2 66 46
4 2 65 40
8 2 67 41
2 2 68 40
3 2 70 39
6 2 69 41
8 2 69 41
1 2 69 40
3 3 68 41
3 2 66 39
5 3 65 40
7 2 65 42
1 2 65 27
3 2 68 28
2 2 68 29
1 2 65 16
4 2 65 17
2 2 66 16
6 3 65 16
6 2 66 14
4 2 65 14
4 2 65 12
1 5 65 9
1 2 65 4
4 2 65 3
2 2 64 96
8 4 64 90
6 3 64 81
1 2 64 72
6 2 64 69
2 3 64 62
4 2 64 60
1 3 64 55
1 2 64 52
5 2 64 53
6 2 68 52
1 2 68 51
6 2 64 51
3 6 64 46
3 2 64 43
4 2 64 29
5 2 64 30
2 2 64 28
1 2 64 22
8 2 64 22
6 2 64 21
4 2 65 20
7 4 64 22
7 3 64 19
5 2 64 3
7 2 63 97
6 2 63 96
4 2 63 90
5 2 63 75
2 3 63 74
2 2 67 74
7 2 63 69
3 3 63 66
6 2 64 64
2 2 64 64
5 2 63 55
2 2 63 54
3 2 63 53
8 2 63 52
2 2 63 53
7 2 63 41
2 2 63 37
5 2 63 36
2 2 65 37
2 2 63 37
7 2 63 24
2 2 67 25
1 2 67 25
1 2 63 22
2 4 63 22
3 3 63 15
3 2 64 16
1 2 63 15
2 2 63 13
1 2 63 12
7 2 63 13
8 4 63 9
4 3 63 1
3 4 62 93
6 2 64 94
3 2 62 84
8 2 62 82
1 2 65 83
6 3 62 80
7 2 62 78
1 3 62 74
7 3 62 72
1 2 62 65
7 2 63 66
6 3 63 66
7 2 62 64
8 2 62 63
7 2 62 61
4 4 62 59
6 4 62 56
8 2 66 58
7 3 62 54
4 3 62 53
1 2 62 51
2 2 64 50
3 2 63 50
7 2 65 49
3 2 65 48
7 2 63 51
3 2 62 43
8 2 62 44
3 3 62 44
7 4 62 38
3 4 62 30
1 2 62 24
8 2 64 25
4 2 64 26
5 2 64 27
5 2 62 20
6 3 62 11
7 2 62 3
5 2 61 99
3 2 62 98
1 2 62 99
2 2 61 99
6 2 61 98
6 3 61 89
7 2 61 89
4 2 62 88
7 2 64 89
8 2 63 89
6 3 63 89
5 2 61 87
2 2 61 88
2 2 61 83
8 3 61 80
7 2 61 81
5 3 61 72
6 3 61 74
3 2 61 72
3 3 61 65
6 3 61 62
8 4 61 60
2 2 63 59
3 2 63 59
2 2 61 50
5 2 63 49
2 2 64 48
2 2 61 45
4 2 61 42
4 2 64 43
2 2 63 42
3 2 61 39
4 3 61 37
8 3 61 25
4 3 61 22
8 2 61 21
5 2 63 20
7 2 61 18
1 2 64 18
5 2 61 16
5 2 62 17
1 2 61 14
3 3 61 11
8 2 61 2
4 2 60 88
7 3 60 86
8 2 62 86
1 2 60 81
4 3 60 80
4 2 60 77
2 2 60 68
7 3 60 66
5 2 60 65
7 2 60 64
5 3 60 59
4 2 61 58
1 2 60 58
2 2 60 54
1 2 60 53
7 3 60 50
1 2 61 49
8 2 61 48
6 3 61 48
7 2 61 47
4 2 60 51
1 2 60 43
4 2 60 34
6 2 63 34
3 2 64 33
2 2 63 33
1 2 63 32
2 2 61 35
4 2 62 34
6 2 62 33
4 2 63 33
8 2 63 32
7 2 62 33
1 3 62 33
5 2 60 35
3 2 60 35
8 2 60 34
8 2 60 32
6 2 61 31
7 2 60 27
2 6 60 20
3 2 60 18
2 2 62 18
8 2 60 18
3 2 60 17
6 4 60 17
2 2 60 15
3 2 60 6
4 2 60 4
4 2 61 4
2 2 61 3
5 2 59 92
2 2 63 91
5 2 62 93
7 2 60 91
6 2 61 92
1 2 59 93
1 2 60 92
5 4 59 93
4 2 59 93
3 2 59 82
8 3 59 83
1 2 59 84
3 3 59 83
5 2 59 81
7 2 59 79
6 3 59 78
3 5 59 73
7 2 60 75
8 2 60 74
8 3 59 71
5 2 59 70
2 2 61 70
3 2 61 70
6 2 59 68
4 3 59 68
5 2 59 70
4 2 59 65
6 2 59 61
6 2 59 53
3 3 59 52
1 2 59 48
1 2 59 36
3 2 59 31
3 2 61 31
6 3 59 27
7 4 61 28
5 2 61 28
8 2 61 29
1 2 61 29
1 3 60 27
4 2 59 27
3 4 59 26
4 4 59 15
4 3 59 11
4 2 60 9
2 2 61 10
8 2 61 10
3 2 61 9
7 2 60 9
4 2 60 10
5 2 60 9
6 3 59 3
1 2 58 100
5 3 58 99
3 2 58 98
6 2 58 94
3 2 61 95
4 2 58 90
2 2 58 81
8 2 58 80
1 3 58 77
4 2 58 77
4 2 58 74
5 2 58 67
5 2 58 63
2 2 58 62
1 3 58 59
8 2 58 59
7 2 58 60
2 4 58 56
1 3 58 46
3 3 58 45
5 3 58 37
7 3 58 38
8 2 63 39
8 3 58 38
1 2 62 40
6 2 59 40
4 2 62 41
8 3 58 36
6 2 58 35
2 2 58 30
2 2 59 31
5 3 59 32
5 4 58 29
7 3 58 21
8 2 58 23
1 2 58 24
3 2 58 20
8 2 58 19
7 2 58 10
1 4 58 9
6 2 58 6
2 2 60 7
4 2 60 7
5 2 58 5
2 2 57 97
8 2 57 91
2 2 57 89
6 2 58 89
5 2 57 90
4 2 57 85
7 2 59 86
1 2 60 87
8 2 59 87
2 2 59 85
5 2 57 78
2 2 62 77
7 2 61 77
2 2 60 77
8 2 59 77
2 5 57 78
2 2 57 69
6 2 57 68
8 2 57 64
3 2 57 64
5 3 57 52
5 2 58 50
2 4 58 51
3 2 57 48
4 3 57 49
8 4 57 47
5 2 57 47
8 3 57 45
7 2 62 44
2 2 62 44
8 2 59 44
7 2 59 43
5 2 57 40
6 2 60 41
5 2 60 39
7 2 60 39
8 2 57 41
1 2 57 40
3 2 57 35
2 2 57 34
4 3 57 33
7 2 57 29
5 2 57 22
7 3 57 18
4 2 57 19
4 2 57 16
5 4 57 11
6 2 57 11
8 2 57 7
6 2 58 8
3 2 58 7
5 2 57 8
1 2 57 6
8 2 57 5
6 2 57 2
3 2 57 2
1 3 56 98
4 2 56 99
8 2 56 100
7 6 56 91
7 2 56 93
8 2 56 92
3 2 56 83
4 2 59 84
5 2 58 84
2 2 58 83
1 2 56 81
7 2 56 76
5 3 56 74
5 2 57 73
7 2 56 74
8 2 57 75
6 2 56 75
2 3 56 75
5 2 57 74
4 9 56 71
7 2 56 70
3 3 56 68
8 2 57 67
6 2 56 66
5 2 56 59
6 2 56 51
1 2 56 44
3 2 59 43
5 2 59 43
8 2 59 42
1 2 59 42
4 2 57 43
7 2 58 42
6 3 58 42
6 2 56 40
7 5 56 39
1 2 58 38
4 2 56 38
6 7 56 35
3 3 56 29
4 3 57 29
7 2 57 27
1 2 56 27
1 2 56 16
2 3 56 12
3 2 56 11
1 2 56 3
8 2 56 2
7 3 55 97
2 2 59 96
1 2 55 95
4 2 60 96
5 2 57 96
6 2 55 90
5 2 55 84
1 2 55 64
3 2 55 62
1 2 55 60
4 2 55 58
3 2 56 57
8 2 56 57
5 2 56 56
1 2 55 50
6 3 55 45
4 2 55 42
2 3 55 37
7 3 55 22
4 3 55 20
2 2 55 15
4 3 55 14
1 2 54 84
8 9 54 84
1 2 54 70
8 2 54 69
6 2 54 65
2 2 54 59
6 3 54 60
4 2 54 61
3 2 54 57
6 2 55 58
7 2 54 58
6 3 54 56
4 2 54 55
3 2 55 54
8 2 56 53
3 4 54 51
8 2 54 52
1 2 54 53
5 2 54 54
1 2 54 55
3 2 54 48
5 2 54 47
4 2 54 45
5 2 55 46
4 2 54 43
6 3 54 43
7 2 54 35
4 3 54 32
8 2 55 33
7 3 54 30
4 2 54 27
3 2 54 25
8 2 54 26
2 2 55 25
6 2 54 25
4 2 56 24
3 3 54 14
5 2 59 13
8 2 59 13
1 2 59 12
3 2 57 13
7 3 54 13
4 2 54 9
3 2 54 4
4 2 54 4
3 3 53 99
4 6 53 97
5 2 53 96
4 4 53 89
5 2 57 88
1 2 55 90
8 2 55 88
2 2 56 87
1 4 53 90
8 5 53 89
3 2 53 82
3 2 53 74
5 5 53 71
3 8 53 70
6 2 53 70
7 6 53 61
2 6 53 54
7 2 53 49
3 2 53 44
3 3 53 37
3 2 53 28
6 2 53 29
8 4 53 28
5 3 53 26
7 2 53 24
6 3 53 18
1 3 53 18
7 3 54 19
8 2 54 17
1 2 53 15
1 3 53 8
7 2 54 7
6 2 52 95
2 2 52 91
1 3 52 85
3 2 53 86
8 2 52 86
8 2 52 73
1 3 52 71
4 2 52 66
2 3 52 57
5 2 52 51
8 2 53 51
6 3 52 52
8 4 52 47
1 2 53 46
7 3 52 40
6 2 52 41
3 2 53 42
8 2 52 42
2 2 52 36
8 2 52 34
2 2 53 33
3 2 55 32
6 2 54 32
7 3 53 33
3 3 53 32
4 3 52 34
8 2 52 14
6 2 52 15
4 2 54 16
2 2 54 16
7 2 52 6
4 2 54 7
8 2 52 7
2 2 53 8
4 2 52 5
5 2 54 4
3 2 54 4
1 2 52 5
6 2 52 2
6 4 51 99
8 2 51 97
3 2 51 86
6 2 51 82
8 2 55 81
6 4 51 76
6 2 56 77
3 2 54 77
6 2 51 72
5 2 51 68
2 2 51 67
6 3 51 63
7 2 54 63
5 3 52 63
1 3 52 62
4 3 51 58
1 2 51 55
5 2 51 54
4 3 51 52
2 2 51 38
5 2 52 39
8 2 52 39
2 3 51 24
2 2 54 24
6 2 51 22
5 2 51 22
3 2 54 22
4 2 51 21
5 3 51 20
4 2 51 21
8 2 51 16
3 2 51 13
6 2 53 12
7 2 51 5
6 3 52 6
5 2 52 6
7 2 52 5
1 2 51 3
7 2 50 95
1 2 51 94
2 2 52 95
6 2 57 94
4 2 55 94
2 2 55 93
7 3 52 95
2 2 51 93
3 2 50 96
1 5 50 96
5 3 50 94
7 2 50 91
5 6 50 86
3 2 51 88
8 2 50 88
3 4 50 77
8 2 53 78
7 2 54 79
4 2 52 78
3 2 53 79
1 3 52 79
5 2 52 76
4 2 50 73
2 4 50 74
1 2 50 73
1 2 50 71
3 2 50 68
5 2 50 67
3 2 50 63
5 2 50 62
4 2 50 60
6 2 50 37
8 3 50 29
5 2 52 30
2 2 52 30
4 2 50 17
6 2 50 18
3 4 50 18
8 2 50 19
7 4 50 18
7 2 51 19
5 2 51 20
2 2 50 5
8 2 50 3
2 3 49 99
5 3 49 100
4 2 49 83
6 2 52 82
7 2 52 83
5 2 52 81
6 2 49 84
8 2 49 81
3 2 50 81
4 2 50 80
5 3 49 79
8 4 49 70
2 2 49 67
5 2 49 64
8 3 49 63
2 2 49 63
7 2 49 52
2 2 50 53
8 2 49 51
7 2 49 47
4 2 51 47
3 2 51 46
4 2 49 44
7 3 49 42
5 2 50 43
3 3 49 30
8 2 49 22
7 2 51 23
3 2 50 23
1 4 50 22
6 2 49 20
2 2 49 19
6 2 49 16
4 2 49 13
8 2 49 11
7 2 53 10
2 2 50 10
2 2 52 11
1 2 52 11
7 2 50 11
5 3 50 10
2 2 49 3
7 3 49 3
1 2 52 3
3 2 48 100
7 3 48 99
5 4 48 96
5 3 48 92
3 2 48 93
6 2 48 93
1 2 48 86
5 3 48 76
1 2 48 63
2 2 48 60
8 2 48 59
8 2 48 54
1 2 48 50
2 2 49 49
2 2 50 48
1 4 50 47
6 5 48 49
1 5 48 43
6 2 48 42
7 3 48 33
7 2 48 27
8 2 48 26
3 2 48 25
1 2 48 24
2 5 48 24
7 2 49 25
3 2 48 21
7 4 48 15
3 3 48 15
1 2 49 13
3 4 48 11
7 4 48 9
8 3 48 6
1 3 47 99
8 3 47 91
2 2 49 90
2 3 47 90
2 2 48 89
1 3 48 89
8 2 47 88
7 2 47 87
1 4 47 87
2 4 47 80
1 3 47 74
5 2 47 71
4 2 52 70
8 2 47 67
2 3 47 66
6 3 47 66
7 3 47 65
2 2 47 63
8 2 50 62
1 3 47 61
4 3 47 56
2 2 47 55
5 3 47 50
6 2 48 50
5 2 47 47
3 3 47 33
8 2 47 25
5 3 47 24
8 2 47 23
1 2 47 21
4 3 47 16
8 3 47 13
7 2 48 14
5 2 48 15
5 3 47 4
5 2 49 3
1 2 46 100
1 2 46 95
4 2 46 90
1 2 46 83
3 2 47 82
8 2 46 81
4 3 46 70
6 4 47 71
7 2 48 72
3 2 46 55
6 2 46 54
1 2 49 53
6 2 48 53
5 2 48 52
2 4 47 53
7 2 47 53
7 2 46 40
2 2 49 39
8 2 46 38
1 2 46 38
6 3 46 34
1 2 46 30
6 2 46 23
2 3 46 21
6 2 46 20
2 6 46 13
5 2 46 13
4 2 47 14
3 2 47 14
8 2 46 8
7 2 49 8
2 2 48 8
6 2 49 9
3 2 47 8
2 2 46 7
3 5 46 6
6 2 50 3
3 4 45 99
3 2 45 85
3 2 46 86
8 2 45 83
2 3 45 72
4 2 46 73
6 2 46 73
1 3 45 72
7 3 45 70
1 2 45 61
5 2 45 50
1 2 45 47
2 2 45 46
7 2 45 46
6 2 46 46
8 9 45 46
7 2 46 44
8 2 45 45
3 2 45 42
3 2 45 35
7 2 48 36
8 2 48 35
4 4 45 33
5 2 46 35
3 2 45 31
8 2 48 31
5 2 48 31
1 2 47 31
7 2 47 31
2 2 45 29
8 2 46 28
2 2 49 27
3 4 46 28
6 2 46 27
1 2 48 27
5 2 45 30
8 2 45 13
8 2 44 98
1 2 44 97
3 2 45 96
2 2 45 96
8 2 44 95
5 2 44 93
4 2 44 81
2 2 44 82
8 2 44 80
7 2 44 76
4 2 45 75
1 2 46 76
8 2 44 75
3 3 44 71
4 3 44 67
2 2 46 68
1 2 45 68
4 2 44 64
7 2 44 62
6 2 46 61
8 2 44 59
3 2 45 60
2 2 47 59
6 2 47 58
5 2 47 57
3 2 47 57
2 2 47 56
5 2 47 57
7 2 47 58
8 4 47 56
3 2 46 59
2 4 44 54
3 2 44 52
7 2 44 51
4 2 44 50
3 2 45 49
2 3 44 45
1 3 44 40
3 2 44 39
5 2 44 39
7 2 44 38
8 2 44 32
3 2 44 25
8 3 44 22
5 2 45 23
6 2 44 12
2 2 44 3
6 2 46 2
5 2 43 97
6 2 43 96
4 2 43 96
3 2 43 90
5 2 43 89
6 2 47 89
8 5 43 88
4 2 45 88
6 5 43 88
3 2 44 89
4 3 43 85
7 2 43 84
7 2 43 74
1 2 43 68
2 3 43 63
2 2 43 60
5 2 43 60
4 3 43 59
4 2 44 58
8 2 43 53
4 3 43 52
6 3 43 43
2 2 43 41
6 2 43 36
2 2 43 28
6 3 43 24
1 2 43 23
6 2 42 99
8 2 42 98
7 2 42 92
7 2 44 91
3 2 42 93
4 2 43 94
3 2 42 86
2 2 42 84
6 2 42 81
2 2 43 80
1 3 43 81
4 2 43 79
5 2 43 79
6 3 42 69
8 2 43 70
1 2 42 70
7 2 42 67
6 3 42 59
3 2 42 47
8 2 42 42
8 2 42 39
5 3 42 40
6 4 42 39
4 2 45 38
8 2 42 31
4 2 43 31
5 2 44 32
6 2 43 30
7 2 42 31
3 2 42 23
6 2 42 22
5 3 42 16
8 2 46 18
5 2 46 19
7 2 44 18
4 3 42 10
3 9 42 9
6 2 43 7
1 2 43 8
7 4 43 7
4 2 42 9
5 3 42 5
6 2 45 5
4 2 44 5
1 3 44 5
3 3 43 4
8 2 42 3
8 2 46 2
4 2 45 2
3 2 43 2
1 2 42 3
8 2 41 99
2 2 41 93
5 2 42 92
6 2 43 91
8 2 41 92
7 2 41 90
5 2 43 90
4 2 41 88
5 2 41 78
3 3 41 75
1 2 42 75
3 2 42 74
8 2 43 73
5 3 41 71
6 3 41 72
5 2 41 62
5 2 42 63
4 2 43 62
3 3 43 62
1 2 41 55
5 2 45 56
3 2 45 55
8 2 44 56
4 2 43 55
3 2 41 54
6 4 41 44
3 2 41 38
2 3 41 34
1 2 41 33
2 4 41 31
7 2 43 32
4 2 41 32
2 2 41 31
5 2 41 25
8 2 41 26
4 2 43 27
1 2 43 25
1 3 41 25
2 2 41 27
5 2 41 28
8 2 41 27
3 2 41 26
1 3 41 22
8 2 41 19
4 2 41 20
6 2 41 17
7 2 41 16
2 2 41 3
7 2 41 4
6 2 41 2
1 2 40 98
6 3 40 96
8 4 40 82
1 2 40 79
5 2 43 78
2 2 40 75
8 2 40 73
6 2 40 74
2 3 40 72
5 2 40 71
4 2 40 68
7 4 40 66
2 2 44 65
1 2 44 65
6 2 40 64
8 2 40 65
8 2 41 64
1 2 41 63
3 2 40 64
4 2 40 64
5 2 40 53
4 4 40 52
8 4 40 51
1 2 41 51
6 2 41 50
2 4 40 49
3 2 40 46
4 2 40 37
8 4 40 33
5 2 40 32
3 2 40 31
2 2 40 18
1 3 39 94
3 2 42 95
7 3 39 88
4 2 41 90
2 3 41 89
6 3 39 82
8 2 42 83
2 2 39 80
3 2 39 72
1 2 39 69
3 2 40 68
7 3 39 69
8 2 39 67
4 2 39 67
2 2 39 66
5 2 40 65
6 2 39 65
1 2 39 59
8 2 39 58
5 2 39 56
8 2 39 55
6 2 39 54
7 2 39 51
5 4 39 47
5 2 40 49
1 2 39 46
4 2 39 35
3 2 39 36
5 2 39 35
1 2 39 31
8 2 39 30
8 2 39 26
7 3 39 22
5 2 39 21
1 2 40 20
8 2 39 20
7 2 39 19
7 2 39 7
2 2 39 4
5 3 38 95
1 2 40 96
8 2 39 96
6 2 40 97
3 5 39 97
5 3 39 98
2 3 38 94
6 2 38 90
5 2 38 87
5 3 38 64
3 3 38 65
7 2 38 59
2 2 38 57
6 2 38 57
2 2 38 54
3 2 38 53
1 2 38 49
3 2 38 49
2 3 38 49
5 2 38 50
4 5 38 47
6 3 38 41
3 2 45 41
3 2 39 43
2 2 40 44
7 2 40 44
8 2 38 37
2 4 38 34
7 2 38 30
1 3 38 27
8 2 38 21
1 2 38 20
5 2 38 14
2 2 38 13
4 2 43 14
2 3 43 13
6 2 41 14
4 2 38 12
4 3 38 10
2 2 42 11
6 2 38 4
2 3 38 1
7 2 38 2
8 2 37 97
7 2 37 98
8 2 37 90
8 2 37 87
5 2 37 84
7 2 44 83
6 2 44 82
7 2 39 85
5 2 39 86
4 3 37 72
1 3 37 71
8 4 37 61
2 2 40 62
7 2 40 62
4 2 39 62
7 2 37 43
4 3 37 44
1 4 37 43
7 2 41 41
5 2 38 41
1 2 39 40
2 3 38 40
7 2 37 35
4 2 37 33
6 2 37 25
1 2 37 23
5 3 37 18
3 4 37 13
7 2 37 10
8 3 37 8
3 2 37 2
1 2 36 100
2 2 36 99
7 2 37 100
6 3 37 99
5 2 36 97
7 2 36 96
3 2 36 91
5 2 36 82
3 2 42 83
1 2 42 83
1 2 36 81
7 2 36 78
8 2 37 79
2 2 37 78
3 2 36 77
7 2 42 77
1 2 42 76
8 2 40 77
6 2 37 77
7 2 36 77
5 2 37 76
4 4 37 76
5 3 36 74
7 2 36 72
5 2 36 67
6 2 37 66
4 3 36 65
8 2 36 66
3 2 36 66
8 4 36 63
2 2 37 62
6 2 36 61
2 2 36 57
7 2 36 51
5 2 36 52
8 2 36 52
5 2 36 47
3 3 36 48
7 3 36 39
2 2 38 38
8 2 42 37
6 2 38 37
5 2 36 32
3 3 36 30
8 2 36 27
2 2 36 27
6 2 38 28
5 4 36 26
7 3 36 25
8 2 37 25
6 2 37 25
3 2 36 21
2 2 36 20
3 2 36 17
1 2 36 14
1 2 36 10
6 2 36 5
2 2 39 6
7 2 36 6
1 2 37 5
7 2 35 100
8 3 35 96
4 2 39 94
1 2 39 94
7 2 38 94
6 2 35 91
3 2 37 90
4 2 37 89
1 2 37 89
6 2 36 92
7 2 36 93
7 2 35 87
2 2 36 88
2 2 35 86
8 2 35 81
3 2 35 73
5 2 35 53
3 2 35 54
2 2 35 54
1 2 35 48
5 3 35 37
6 2 35 33
7 3 35 21
3 2 36 23
6 2 36 23
4 2 35 23
6 2 35 13
8 2 37 14
3 3 37 15
2 2 39 16
1 3 37 13
4 2 35 14
5 2 35 13
1 2 35 7
6 2 35 7
6 2 36 7
5 2 35 6
6 2 35 2
1 2 35 2
4 2 34 100
8 2 34 91
5 3 34 88
3 2 34 83
2 2 40 84
3 2 37 84
8 2 36 84
1 2 36 84
7 2 35 82
8 2 34 74
7 2 34 72
7 2 34 65
3 2 34 62
8 3 34 61
7 2 36 60
5 2 34 55
8 4 34 56
8 2 36 56
7 2 34 57
1 2 36 58
6 2 34 49
7 2 34 46
8 2 35 45
2 2 34 47
8 2 34 36
2 2 34 30
7 2 34 28
2 2 34 26
3 2 34 25
4 2 34 19
6 2 40 19
3 2 34 20
6 2 34 19
1 3 37 20
2 2 38 18
3 2 38 18
2 2 37 20
1 2 34 18
1 2 34 8
1 2 34 5
8 2 35 5
5 2 36 4
4 2 36 3
3 2 35 3
8 2 34 2
3 2 33 99
2 2 33 100
7 4 33 90
6 2 33 89
3 3 33 87
6 3 33 85
6 2 34 84
4 2 34 83
2 8 33 83
7 6 33 75
1 2 33 64
1 2 33 57
3 2 34 57
5 2 34 56
6 2 33 57
7 4 33 56
7 2 33 54
6 4 33 50
1 2 34 51
4 2 33 51
2 2 33 52
3 2 33 52
4 2 33 46
2 2 35 45
8 3 33 42
4 2 35 40
8 2 35 41
2 2 33 41
3 2 33 39
3 2 34 40
2 5 33 37
6 2 36 38
8 3 33 34
2 2 33 20
7 2 34 20
4 2 34 19
3 2 33 17
1 2 35 18
4 3 35 17
2 2 33 17
8 2 33 8
1 2 40 9
2 2 34 9
5 2 35 10
7 3 34 10
7 2 35 11
2 2 34 11
4 3 33 7
1 2 33 2
6 4 32 99
7 2 32 96
4 2 33 95
3 2 33 94
1 2 35 93
5 3 32 95
8 3 32 79
7 2 35 80
2 2 33 80
1 2 32 79
7 2 36 80
8 2 36 80
1 2 35 80
8 2 32 76
6 2 37 77
8 2 35 77
6 2 32 67
3 2 32 62
2 2 32 63
5 2 32 64
4 2 32 64
4 2 32 62
3 2 32 50
8 2 32 47
5 4 32 45
5 2 36 44
3 2 36 43
3 2 33 45
6 2 34 44
4 2 33 45
8 2 33 44
6 2 32 43
4 3 32 42
3 2 32 41
1 2 32 38
1 2 34 38
5 2 34 37
6 2 32 27
3 3 32 15
3 2 33 15
7 2 33 16
6 2 32 13
1 2 32 10
5 3 31 99
3 2 31 96
2 2 31 92
1 4 31 91
6 3 31 88
8 2 31 85
4 2 35 86
1 2 31 86
7 2 31 87
4 2 31 84
3 2 31 83
3 3 31 80
3 6 31 79
1 2 35 78
6 2 32 76
1 2 32 76
3 2 32 75
5 3 31 78
5 2 32 78
3 2 31 77
2 4 31 76
7 2 31 72
8 3 31 73
7 3 31 69
5 2 36 69
5 2 37 70
3 2 37 70
8 2 36 68
4 2 35 70
6 2 34 68
7 2 34 69
2 5 34 70
2 2 31 67
6 2 32 66
2 2 31 59
8 2 31 59
4 4 31 58
4 2 31 48
7 2 31 48
6 2 31 41
5 2 31 41
4 2 32 41
5 2 33 40
7 4 32 41
2 2 32 40
8 4 31 40
3 2 33 38
7 2 33 37
6 2 31 38
7 3 31 35
2 2 31 33
6 2 31 32
2 2 32 32
5 2 32 31
6 2 31 31
8 2 31 32
1 2 31 23
4 2 32 22
2 2 32 22
2 2 31 15
7 2 31 14
5 4 31 10
5 3 31 1
8 2 30 74
5 3 30 75
3 2 30 72
3 2 30 69
4 2 30 68
6 3 30 66
6 3 30 61
2 2 30 53
1 2 30 49
2 3 30 48
1 2 30 45
7 2 30 45
3 2 30 44
2 2 30 42
8 5 30 42
3 2 30 31
8 3 30 30
3 2 30 27
7 2 30 7
3 2 30 6
4 2 34 5
2 3 34 4
8 2 31 5
3 2 32 6
4 7 31 5
7 2 30 4
3 2 30 2
7 4 29 89
1 4 29 87
2 3 29 85
8 2 29 84
8 2 29 82
6 2 29 77
7 2 29 78
4 2 30 79
1 2 29 76
7 2 29 67
1 2 29 67
5 3 29 64
7 2 29 58
2 2 29 55
3 2 29 56
5 2 29 57
5 2 29 44
1 3 29 36
6 2 29 31
3 2 29 30
3 2 29 23
5 2 31 24
4 2 29 23
8 3 29 6
2 2 28 99
1 2 29 98
2 2 30 97
4 2 29 98
7 2 29 97
8 2 29 97
1 5 28 100
8 2 28 94
4 2 29 95
1 2 32 94
6 2 32 93
8 2 29 94
2 2 29 94
1 2 30 95
3 2 30 94
8 2 29 94
3 2 28 92
5 2 31 92
2 3 28 91
6 2 28 86
2 2 28 83
4 2 32 82
5 2 32 82
5 2 28 82
4 4 28 77
8 2 29 79
6 2 29 79
2 2 28 78
8 3 28 76
1 2 28 70
7 2 30 70
2 2 28 66
6 3 28 63
7 2 29 62
4 2 28 61
5 2 28 62
2 2 28 60
8 2 30 59
2 2 30 58
4 2 28 59
6 2 29 60
1 2 28 60
1 2 28 56
6 2 28 55
2 2 30 54
8 2 30 53
7 2 28 52
1 3 28 52
5 2 28 39
7 3 28 38
1 3 28 33
2 2 28 22
8 2 28 11
4 2 28 12
6 2 28 8
4 3 27 100
5 2 27 97
6 2 27 96
6 2 27 94
5 2 27 93
4 2 27 75
4 2 27 72
8 2 27 69
1 2 28 70
8 2 27 64
8 5 27 61
7 2 27 60
6 5 27 58
4 3 27 56
2 2 27 51
4 2 27 51
5 2 27 45
1 3 28 46
6 2 28 46
3 3 27 46
4 2 27 45
3 4 27 41
7 3 27 34
4 3 27 31
3 3 27 30
2 2 27 20
2 6 27 13
4 2 27 7
7 2 27 4
5 2 27 4
7 2 26 93
8 2 26 91
3 2 28 90
6 2 27 90
2 2 27 89
1 2 26 90
7 3 26 75
4 2 28 74
1 2 28 73
5 2 26 73
4 3 26 68
8 2 27 69
6 2 26 66
7 6 26 64
8 2 26 58
8 2 26 56
8 4 26 51
8 2 28 50
1 2 26 45
4 4 26 37
5 2 27 38
6 2 26 35
3 2 26 33
2 2 26 28
8 2 26 29
2 2 28 28
4 2 27 28
8 2 29 27
4 2 29 27
5 3 29 26
7 2 29 26
3 2 28 26
8 2 31 25
1 2 27 29
7 3 27 27
5 3 26 28
6 2 26 24
3 3 26 25
4 2 28 25
5 4 26 25
4 4 26 23
8 2 26 22
5 7 26 20
5 2 25 98
4 2 25 97
5 2 25 96
3 2 25 96
8 2 25 95
2 3 25 93
7 2 25 94
3 2 25 92
8 4 25 89
1 2 25 89
8 2 26 88
6 2 25 88
3 2 25 87
2 2 25 86
3 2 25 86
5 2 28 85
2 2 25 76
7 2 25 73
2 2 26 74
3 3 25 70
8 2 27 71
6 2 25 71
1 2 25 68
5 2 25 66
5 3 25 58
3 2 25 55
4 2 28 54
7 2 26 54
6 3 26 53
7 4 25 53
7 3 25 48
5 2 27 48
4 2 25 46
8 2 25 42
4 2 26 43
6 2 25 43
6 2 26 44
2 2 26 44
5 2 25 44
6 2 25 45
7 2 25 36
3 2 25 35
8 5 25 34
7 3 25 31
4 2 27 32
6 2 25 29
3 2 25 28
6 2 25 5
6 2 26 6
2 3 25 6
7 4 25 6
3 2 24 100
4 3 24 95
1 2 24 95
1 2 24 84
7 2 27 85
8 2 25 83
8 2 24 77
2 2 24 66
4 5 24 55
3 4 24 44
1 4 24 37
1 2 24 34
4 5 24 32
8 2 24 25
4 2 24 17
4 2 29 18
2 2 28 17
1 2 33 16
4 2 24 15
2 2 29 15
1 2 31 16
5 2 31 16
6 2 30 16
4 2 28 15
8 2 27 16
7 3 27 15
5 2 29 15
2 2 29 15
3 2 24 16
1 3 24 15
8 2 24 12
7 2 24 12
5 2 28 11
1 2 28 10
3 3 24 11
6 2 28 12
5 3 28 11
4 2 28 10
3 2 27 11
8 2 27 10
7 2 27 10
4 2 26 10
3 2 24 5
1 2 24 4
4 2 25 3
5 2 26 2
1 2 24 1
8 2 28 2
5 2 23 80
7 2 27 81
8 2 27 80
4 2 27 80
6 2 25 81
2 2 23 81
6 2 27 82
3 2 23 80
7 3 23 77
6 2 23 59
1 2 24 58
4 2 23 51
1 2 24 52
7 2 23 50
3 2 23 51
6 2 23 49
3 2 24 48
4 3 23 48
4 4 23 29
4 2 24 27
1 5 24 26
6 3 23 26
7 2 23 21
5 2 26 21
8 2 23 15
1 3 22 99
2 2 22 99
2 2 22 91
6 2 22 92
5 2 22 86
3 3 22 82
5 2 24 83
7 3 24 83
2 3 22 79
3 3 22 74
1 2 23 73
8 2 22 75
4 6 22 74
1 2 22 76
3 2 23 77
6 2 23 77
4 2 22 78
8 2 22 71
7 4 22 68
7 2 23 66
1 2 23 65
6 2 23 64
2 5 22 65
5 4 22 60
4 2 25 61
4 2 22 43
2 3 22 39
5 2 22 31
6 2 22 31
7 3 22 32
1 2 22 29
7 2 22 28
4 3 22 24
4 3 22 15
3 2 22 14
5 2 22 8
8 2 22 7
2 3 21 93
4 3 21 82
7 2 21 78
3 2 21 71
8 2 21 67
8 2 21 64
3 2 21 61
1 2 21 61
8 4 21 62
7 3 21 58
6 2 21 54
3 2 22 54
2 4 21 53
5 2 21 48
7 2 21 49
4 2 23 50
7 2 21 44
1 2 21 43
7 3 21 41
4 2 24 40
1 2 24 39
8 2 23 40
4 3 21 41
3 3 21 33
6 4 21 28
7 2 21 23
6 8 21 20
8 3 21 15
1 2 24 14
6 2 23 14
8 2 24 13
1 2 22 14
7 2 22 13
1 2 21 11
2 3 21 9
5 2 23 10
2 2 22 9
3 3 22 8
1 4 21 9
3 2 22 10
6 2 22 9
7 3 21 4
1 3 21 4
2 6 21 3
8 3 21 1
2 2 21 3
4 2 20 99
5 2 20 100
7 3 20 97
6 2 20 94
3 2 20 88
2 2 20 87
8 2 20 87
6 2 23 86
8 2 22 86
4 5 20 84
6 2 20 82
2 2 20 77
3 3 20 77
7 2 20 74
6 2 20 72
2 2 20 70
5 3 20 66
3 2 20 68
2 2 23 69
4 2 20 66
4 3 20 50
4 2 20 42
8 2 20 40
8 4 20 31
3 2 20 28
7 3 20 25
4 2 20 22
7 3 20 17
1 2 26 19
4 2 24 19
6 3 23 19
7 3 20 12
6 2 20 11
5 2 21 12
4 2 20 10
2 2 20 8
5 2 20 7
7 2 19 100
6 2 19 100
4 3 19 100
2 2 19 98
7 3 19 94
7 3 19 90
7 2 23 89
2 2 23 89
3 2 19 91
8 3 19 90
6 2 19 91
1 2 19 92
2 3 19 91
5 2 19 88
5 2 19 83
8 2 19 79
2 2 19 77
8 2 19 76
5 4 19 70
6 2 19 67
7 4 19 65
1 2 20 63
3 6 19 56
3 3 20 57
1 2 20 55
4 2 19 58
2 2 19 57
7 3 19 56
5 3 19 56
3 4 19 48
1 2 19 47
3 2 21 46
7 2 21 46
7 2 19 32
2 2 19 28
8 2 19 26
1 3 19 25
2 2 19 24
5 2 19 18
6 2 20 17
8 2 19 19
2 3 19 12
3 2 19 10
5 2 18 93
3 2 18 85
4 2 18 81
6 2 18 75
1 2 18 66
2 2 18 61
2 3 18 44
2 3 18 35
5 2 18 34
5 2 18 25
2 6 18 22
7 5 18 11
1 2 19 13
5 2 19 14
7 2 19 14
3 2 18 1
6 2 21 2
7 2 18 2
7 3 17 98
8 3 17 94
8 2 17 92
2 4 17 80
3 2 19 81
1 2 18 79
4 2 17 79
3 2 17 52
6 2 17 49
8 2 18 50
5 2 17 42
8 2 17 43
3 3 17 36
6 2 17 24
2 2 17 18
6 2 17 17
5 2 18 18
2 2 16 100
3 3 16 100
5 2 16 100
7 2 16 84
3 2 16 83
3 2 17 82
1 2 16 84
5 2 21 85
4 2 21 85
5 2 16 80
3 2 16 72
8 2 16 70
7 2 22 69
1 6 16 69
3 2 17 72
8 2 17 71
8 2 17 69
4 2 18 68
5 2 18 68
5 2 16 58
7 2 16 53
2 2 16 52
4 4 16 50
7 3 16 48
2 2 18 47
6 3 18 46
1 2 16 46
8 2 16 32
4 3 16 32
2 2 19 33
6 2 19 33
3 2 19 32
4 2 16 28
7 2 16 27
5 3 16 24
4 2 16 25
5 2 16 21
6 2 16 9
6 2 17 10
3 3 16 3
5 3 18 4
4 2 18 2
1 2 19 2
3 2 17 3
2 2 15 98
6 2 15 99
7 2 15 96
4 3 15 96
4 3 19 97
3 2 16 96
5 2 15 94
6 4 15 92
2 2 15 86
6 2 18 87
1 2 19 86
3 2 19 86
1 3 15 87
6 2 18 87
5 3 18 86
8 2 16 87
3 2 15 88
6 2 15 83
5 3 15 84
1 3 15 80
5 2 15 74
6 4 15 72
5 2 15 62
3 2 19 63
6 2 17 62
5 2 16 63
4 2 16 62
1 3 15 57
5 4 15 53
8 2 15 54
2 2 15 54
5 3 15 49
3 2 15 36
5 2 17 37
1 2 16 36
4 2 19 37
8 2 21 38
6 2 21 38
2 2 20 38
6 2 18 37
8 2 18 36
1 2 18 37
2 3 16 35
4 2 15 27
5 3 15 28
8 2 15 23
8 2 16 23
3 2 15 21
2 2 16 20
5 2 15 15
5 2 17 16
2 2 16 16
7 2 18 17
8 2 16 16
5 2 14 86
6 2 14 85
4 2 14 82
7 4 14 71
4 2 15 73
5 2 16 74
7 2 14 72
4 2 14 70
4 2 14 67
1 2 14 67
6 2 14 67
3 3 14 66
1 3 14 60
6 2 14 62
4 2 14 56
1 2 14 57
3 2 14 55
8 2 14 56
1 2 14 54
8 4 14 49
6 2 15 51
7 3 14 40
8 2 14 37
1 2 14 31
2 2 14 30
3 2 18 30
1 2 17 30
5 2 17 29
7 2 15 31
2 2 16 30
8 2 16 29
4 2 15 30
5 2 15 29
3 2 14 28
2 2 14 22
2 2 14 20
6 2 17 20
8 2 17 20
1 2 17 19
7 2 17 19
4 2 17 18
2 2 17 18
4 2 15 20
6 2 15 21
8 2 14 20
7 2 15 19
6 2 14 18
4 2 14 10
2 2 14 6
6 2 16 7
7 2 17 8
6 2 17 6
3 2 16 8
4 4 16 7
3 2 16 5
2 2 15 6
4 2 14 3
4 2 15 4
8 2 15 3
2 2 15 3
5 2 15 4
1 2 14 2
5 2 13 100
3 2 13 93
2 2 13 86
1 2 13 85
2 4 13 83
5 2 13 71
6 5 13 71
7 2 13 69
5 2 13 58
5 2 14 59
2 2 14 59
1 2 15 60
7 2 14 58
6 2 13 53
3 3 13 52
8 2 13 51
1 2 13 49
2 4 13 44
1 2 13 43
1 2 14 44
6 2 15 45
3 2 14 43
1 2 13 36
7 3 13 32
1 2 16 33
8 2 16 32
1 2 13 30
7 3 13 18
3 2 13 17
6 2 15 16
4 2 15 16
2 3 13 17
3 3 13 12
7 2 16 13
8 2 13 12
8 2 15 13
3 2 14 13
1 2 14 11
3 4 13 9
6 2 13 1
3 4 12 88
3 2 16 90
5 2 16 90
2 3 12 84
3 3 12 81
4 2 12 83
7 2 12 82
2 3 12 75
1 2 12 71
4 3 12 64
3 2 17 65
6 2 12 56
1 3 12 55
1 2 12 51
7 2 12 52
8 2 12 51
1 2 12 47
2 2 13 47
6 2 12 46
4 5 12 46
4 2 12 44
8 2 12 38
5 2 14 39
5 2 18 40
1 2 21 41
2 2 15 40
1 2 16 41
2 2 16 40
7 2 16 39
4 2 12 39
7 2 12 36
4 2 12 35
6 3 12 27
1 2 13 27
3 2 13 26
3 2 12 24
8 2 12 15
5 2 12 16
7 2 12 15
7 2 12 13
5 2 12 13
2 2 12 2
3 4 12 2
8 2 12 4
8 2 13 5
6 2 13 5
1 2 12 1
4 2 11 100
7 3 11 98
1 2 11 97
7 2 11 97
6 2 13 96
4 4 11 87
6 2 11 87
5 2 11 80
8 2 11 78
7 2 13 78
6 2 16 77
6 3 11 74
5 2 15 76
7 2 15 76
4 2 14 76
5 2 13 77
7 5 11 68
3 2 12 69
2 3 12 68
5 2 12 68
4 2 11 68
1 2 11 58
4 2 11 50
6 6 11 39
2 2 15 38
5 2 14 41
3 2 14 41
6 2 14 38
7 2 14 37
3 2 12 38
2 3 11 37
7 3 11 35
7 3 11 28
8 4 11 26
7 2 12 24
6 2 12 23
3 2 11 22
1 2 11 13
5 2 11 9
8 3 11 9
7 2 11 6
2 2 11 1
5 2 10 100
3 2 10 99
4 3 10 99
5 2 10 97
8 2 10 93
7 2 10 93
8 2 11 92
4 2 11 93
7 2 13 94
6 2 10 93
3 2 10 93
8 2 13 92
2 2 13 91
8 2 14 90
1 2 13 91
6 2 12 94
1 2 10 90
2 7 10 87
8 2 10 76
3 2 10 75
2 3 10 65
8 2 15 65
6 2 14 64
5 2 12 64
5 3 10 64
8 2 10 62
3 2 12 61
7 2 12 61
1 3 10 62
6 3 10 60
4 2 13 60
7 2 10 54
3 2 10 53
7 2 10 52
5 2 10 52
2 2 10 53
1 4 10 48
7 2 10 42
4 2 11 42
7 2 11 42
2 4 11 42
3 2 11 43
8 2 10 37
3 2 10 36
5 2 10 34
8 3 10 23
2 2 10 21
4 2 10 20
6 2 10 19
1 2 10 20
3 2 10 13
2 2 10 4
1 2 9 100
2 2 9 98
1 2 9 96
3 2 13 96
8 2 9 95
2 4 9 94
5 2 11 92
4 2 11 92
7 2 9 92
6 3 9 91
7 2 9 87
5 3 9 85
7 2 9 82
6 2 10 81
8 3 10 81
3 3 10 80
1 2 10 79
2 3 9 79
5 2 9 75
7 3 9 72
6 3 9 71
4 3 9 70
8 2 9 67
3 2 9 66
2 2 9 60
5 2 13 60
1 2 9 59
8 2 10 59
6 2 10 59
4 3 10 58
2 2 9 59
2 3 9 54
4 4 9 52
3 2 9 46
5 2 9 43
1 2 9 35
6 2 9 34
4 2 9 33
6 4 9 27
3 2 9 25
3 2 9 20
5 2 9 19
4 2 9 19
7 3 9 10
4 2 9 11
5 2 9 9
8 2 13 8
1 2 13 8
2 2 9 8
8 2 8 99
7 2 8 98
1 2 9 97
3 2 8 85
2 2 8 83
1 2 8 82
5 3 8 73
2 2 11 74
4 3 8 68
2 2 8 67
6 4 8 65
7 2 8 56
5 2 8 49
2 3 9 50
3 2 8 50
6 2 8 51
7 2 8 50
7 3 8 43
3 2 8 33
3 2 9 33
6 2 11 32
7 4 9 33
4 2 8 31
7 2 8 26
1 5 8 24
5 4 8 17
1 2 8 11
8 2 8 5
7 3 8 2
6 2 7 97
8 2 7 97
4 2 7 96
6 2 7 87
3 3 7 88
4 2 7 86
2 2 7 85
1 2 7 76
7 2 7 65
7 2 10 65
7 2 7 63
8 2 8 64
2 2 7 62
5 2 8 61
6 4 7 56
5 2 7 52
4 2 7 45
8 3 7 43
7 2 8 41
2 2 7 38
8 2 9 39
5 2 7 35
2 2 7 32
1 3 7 28
1 2 14 30
5 2 14 29
8 2 8 28
3 3 7 30
7 2 7 22
2 3 7 19
7 2 8 19
5 3 8 19
6 2 8 18
3 2 10 17
1 2 10 16
8 2 8 18
1 2 7 16
8 4 7 15
3 2 7 7
2 2 7 6
5 2 8 7
8 2 8 8
3 2 8 6
6 2 9 7
5 2 7 5
2 2 7 3
4 4 7 2
8 2 6 95
3 2 6 84
4 2 6 83
8 2 7 84
2 2 6 76
1 2 6 72
1 2 6 61
7 3 6 61
2 3 6 55
6 2 6 45
5 2 6 43
6 2 7 42
1 2 8 41
1 2 6 35
2 2 6 34
8 2 6 30
4 2 6 20
1 2 6 14
4 4 6 12
3 2 7 11
6 5 7 12
7 3 6 8
1 2 6 6
5 3 6 1
2 2 5 96
7 3 5 95
6 2 5 94
4 2 5 93
2 2 5 90
6 2 6 89
8 2 7 90
4 2 5 88
7 2 6 89
5 3 5 87
4 2 5 73
7 2 5 70
8 4 5 56
7 2 5 57
1 2 5 55
8 3 5 51
1 2 5 50
5 2 5 50
2 5 5 43
1 2 5 45
3 3 5 42
7 2 5 30
1 2 7 31
8 2 7 30
4 2 5 31
3 2 6 32
6 2 5 29
1 2 5 29
1 2 5 20
8 2 5 9
2 4 5 8
4 2 5 6
5 3 4 96
1 2 4 95
1 2 4 89
1 2 4 86
7 2 4 85
6 3 4 83
5 2 4 81
3 2 4 80
5 2 6 80
6 2 11 79
8 2 11 79
2 2 10 79
3 2 10 79
6 2 9 79
1 2 9 78
3 2 7 79
7 2 6 80
6 2 4 73
1 2 6 74
7 2 5 74
4 2 5 72
2 2 4 74
7 2 4 71
6 3 4 67
1 2 4 69
4 2 4 70
6 2 4 70
3 2 4 70
8 2 5 69
3 2 4 67
5 3 4 57
4 4 4 55
5 2 4 52
5 2 5 53
6 2 4 49
4 2 10 49
1 2 10 49
3 2 10 49
8 2 4 48
3 2 4 47
7 2 7 48
8 2 7 47
5 4 4 45
8 2 4 46
1 2 4 38
5 2 4 39
5 2 4 26
5 2 6 27
4 2 6 27
2 4 5 27
3 2 4 16
2 2 4 14
3 2 8 15
4 3 8 14
2 2 5 15
6 2 6 14
1 2 4 9
5 3 4 5
3 2 4 1
2 2 3 94
8 2 3 92
4 3 3 82
1 2 3 77
2 2 6 78
8 4 3 75
8 2 5 76
7 2 7 75
1 2 5 75
3 2 5 75
7 3 3 75
1 2 3 70
8 2 3 69
5 2 3 69
2 2 3 68
7 2 3 63
2 3 3 58
3 2 6 58
7 2 5 58
1 2 4 58
8 3 3 49
7 4 3 42
6 2 9 40
2 2 4 40
3 2 3 27
1 2 3 22
5 3 3 13
3 2 3 9
8 2 3 1
5 2 2 92
7 2 2 93
2 2 2 92
6 2 2 88
3 3 2 86
7 2 2 83
3 2 2 75
6 2 2 74
2 3 2 74
8 2 3 73
5 2 3 72
7 3 2 67
7 2 2 61
3 2 2 62
1 2 2 63
6 2 6 64
3 2 6 63
6 3 2 62
2 2 7 64
5 2 7 63
7 2 4 64
2 2 3 64
4 2 4 65
8 2 2 60
7 2 2 57
5 2 2 51
4 2 2 45
7 2 6 45
3 5 2 46
2 3 2 44
4 2 2 44
5 2 4 43
8 3 2 38
4 2 2 40
7 2 4 41
8 2 4 41
5 2 4 40
3 2 2 41
5 2 2 37
1 2 3 37
4 3 2 36
7 2 2 33
8 2 2 34
1 2 4 33
7 3 4 32
2 2 2 31
8 2 2 26
2 2 2 25
4 2 2 24
5 2 7 25
4 2 7 24
3 2 2 25
2 2 7 24
1 2 2 24
2 2 2 22
6 2 3 21
8 2 3 21
2 2 2 18
1 2 2 19
7 3 2 19
6 2 2 13
3 2 2 7
1 3 2 5
2 2 2 4
6 3 2 2
1 2 1 94
2 2 1 83
5 2 1 83
5 3 1 80
4 2 1 73
1 2 3 72
5 2 2 73
5 2 4 74
7 2 4 74
2 2 1 68
3 3 1 63
8 2 2 63
4 2 1 59
4 2 1 42
3 2 1 35
4 2 2 34
8 2 2 35
4 3 1 15
8 3 1 13
8 2 3 11
2 2 1 10
4 2 1 9
1 2 2 10
1 2 5 9
5 2 5 8
