5497
4203
6 2 100 66
4 2 99 12
6 2 98 88
2 2 99 87
4 3 98 87
6 2 98 70
2 2 99 69
4 3 98 69
6 2 98 61
2 2 99 60
4 3 98 60
6 2 98 44
5 2 98 45
6 2 99 46
1 2 98 45
3 2 98 43
8 2 99 42
1 2 98 41
2 2 98 42
6 2 98 25
2 2 99 24
4 3 98 24
6 2 98 17
5 2 98 18
6 2 99 19
1 2 98 18
3 2 98 16
8 2 99 15
1 2 98 14
2 2 98 15
4 2 97 95
2 2 98 94
4 2 99 93
5 2 97 89
5 2 97 71
5 2 97 62
4 2 97 42
5 2 97 39
5 2 97 26
4 2 97 15
5 2 97 11
3 2 96 45
3 2 96 18
6 2 96 12
8 2 96 11
6 2 95 96
7 2 95 93
1 2 97 92
6 2 97 93
6 2 95 88
7 2 95 75
1 2 97 74
6 2 95 70
6 2 95 61
5 2 95 46
7 2 95 30
1 2 97 29
6 2 95 25
1 2 95 21
6 2 99 22
7 2 97 22
5 2 95 19
8 2 95 13
3 2 94 93
6 2 94 92
2 2 94 45
3 2 94 39
6 2 94 21
2 2 94 18
3 2 94 11
2 2 96 10
1 2 99 9
8 2 98 9
6 2 95 10
8 2 92 99
7 2 94 100
8 2 92 85
7 2 94 86
8 2 92 67
7 2 94 68
8 2 92 58
7 2 94 59
2 2 92 48
8 2 92 22
7 2 94 23
4 2 91 92
8 2 92 93
7 2 94 94
4 2 91 75
3 2 95 76
6 2 94 74
8 2 94 75
2 2 95 76
1 2 96 77
6 2 94 76
7 2 96 77
3 2 98 78
6 2 99 79
4 2 97 78
8 2 94 77
4 2 94 75
6 2 91 74
4 2 91 65
6 2 94 65
7 2 91 52
6 2 97 53
5 2 96 52
7 2 94 53
3 2 97 54
4 2 96 54
1 2 97 55
8 2 95 52
7 2 97 51
5 2 94 54
2 2 94 52
1 2 93 52
6 2 95 51
2 2 96 50
8 2 91 51
2 2 91 50
3 2 95 50
8 2 95 49
5 3 91 49
1 2 93 49
4 2 91 49
7 2 92 48
7 2 91 34
6 2 97 35
5 2 96 34
7 2 94 35
3 2 97 36
4 2 96 36
1 2 97 37
8 2 95 34
7 2 97 33
5 2 94 36
2 2 94 34
1 2 93 34
6 2 95 33
2 2 96 32
8 2 91 33
2 2 91 32
3 2 95 32
8 2 95 31
5 3 91 31
4 3 91 31
6 2 94 29
1 2 92 32
5 2 92 31
3 2 93 30
8 2 93 29
1 2 92 30
4 2 92 29
6 5 92 30
4 2 95 28
2 2 92 30
1 2 91 27
5 2 95 27
8 2 95 26
8 2 91 26
5 3 91 26
1 2 92 27
2 2 91 24
7 3 91 24
3 2 93 23
7 2 92 25
6 2 91 21
1 2 91 19
8 2 92 19
4 2 94 20
7 2 93 20
2 2 92 20
3 2 91 20
3 2 92 21
5 2 92 22
4 2 91 11
1 2 93 11
2 3 92 12
3 2 96 13
7 2 96 14
2 2 95 13
4 2 93 10
7 2 91 6
6 2 97 7
5 2 96 6
7 2 94 7
3 2 97 8
4 2 96 8
8 2 95 6
7 2 97 5
5 2 94 8
2 2 94 6
1 2 93 6
6 2 95 5
2 2 96 4
8 2 91 5
2 2 91 4
3 2 95 4
7 2 98 3
5 2 97 3
5 3 91 3
4 2 90 53
2 2 94 54
8 2 94 55
4 2 91 52
6 2 90 54
3 2 91 55
8 2 96 56
7 2 95 56
3 2 90 52
7 3 90 50
8 2 90 50
4 2 90 35
2 2 94 36
8 2 94 37
4 2 91 34
6 2 90 36
3 2 91 37
3 2 90 34
7 3 90 32
8 2 90 32
4 2 90 24
4 3 90 22
5 2 90 19
4 2 91 18
4 2 95 17
1 2 95 16
8 2 94 17
2 2 94 16
7 2 93 17
1 2 90 12
5 2 91 13
5 2 94 14
6 2 94 15
4 2 90 7
2 2 94 8
4 2 91 6
6 2 90 8
3 2 91 9
3 2 90 6
7 3 90 4
8 2 90 4
1 3 89 50
4 2 89 48
7 2 96 47
8 2 94 47
4 2 89 30
1 3 89 4
1 2 91 3
8 2 96 2
2 2 92 2
4 2 89 2
8 2 90 3
3 2 90 2
6 2 88 79
2 2 89 78
7 2 95 79
7 2 92 77
5 2 91 77
2 2 92 78
5 2 92 76
4 2 91 76
4 3 88 78
6 2 88 71
7 2 95 70
7 2 93 70
5 2 94 71
4 2 95 72
8 2 94 71
5 2 88 72
1 2 90 73
1 2 92 72
6 2 89 73
4 2 89 73
2 2 89 73
2 2 90 74
3 2 90 72
5 2 90 71
8 2 90 71
1 2 88 72
5 2 89 73
8 2 89 73
3 2 88 70
2 2 90 69
8 2 89 69
7 2 95 68
2 2 95 67
3 2 93 68
7 2 89 68
6 2 93 67
4 3 93 67
1 2 88 68
6 2 88 53
1 2 89 54
5 2 91 55
5 2 88 54
6 2 89 55
1 2 93 56
2 2 92 56
2 2 95 57
4 2 88 55
8 2 88 53
4 3 88 50
6 2 88 43
2 2 89 42
4 3 88 42
6 2 93 41
5 2 92 42
6 2 88 35
1 2 89 36
5 2 91 37
8 2 95 38
4 2 97 39
6 2 95 39
7 2 94 38
2 2 94 39
8 2 94 40
5 2 88 36
6 2 89 37
1 2 93 38
2 2 92 38
4 2 88 37
8 2 88 35
1 2 88 32
4 3 88 32
6 2 88 25
1 2 89 26
3 2 89 27
4 2 89 26
6 2 88 7
1 2 89 8
5 2 91 9
8 2 91 10
1 2 91 9
5 2 88 8
6 2 89 9
7 2 89 10
7 2 90 11
2 2 89 11
4 2 88 9
8 2 88 7
4 4 88 4
5 2 87 80
5 2 94 81
7 2 87 73
4 2 87 69
2 2 87 70
5 2 87 66
8 2 93 65
1 2 90 65
1 2 94 64
2 2 92 64
1 2 98 63
3 3 87 53
5 2 87 44
6 2 91 45
3 3 87 35
5 2 87 26
8 2 87 26
4 2 87 24
6 2 89 23
2 3 89 23
2 2 90 22
4 2 90 22
3 3 87 7
3 2 86 72
6 2 86 48
2 2 94 47
3 2 93 47
1 2 91 47
4 2 92 46
5 2 89 49
6 2 90 48
4 2 90 47
3 2 89 48
1 2 87 47
1 2 90 46
6 2 86 30
1 2 87 29
6 2 86 2
7 2 85 84
1 2 87 83
6 2 85 79
1 2 85 75
6 2 89 76
7 2 87 76
1 2 89 75
5 2 85 73
5 2 85 55
6 2 85 43
1 2 85 39
4 2 90 40
6 2 89 40
7 2 87 40
5 2 85 37
6 2 85 25
5 2 85 9
8 2 85 3
6 2 84 75
2 2 87 76
2 2 84 72
3 2 84 66
2 2 84 54
3 2 84 48
6 2 84 39
2 2 84 36
3 2 84 30
2 2 84 8
2 2 82 98
8 2 82 76
7 2 84 77
2 2 82 57
6 2 97 58
7 2 95 58
8 2 82 40
7 2 92 41
3 2 91 41
7 2 87 39
1 2 87 39
7 2 84 41
8 2 82 22
7 2 84 23
3 2 86 22
5 2 87 21
8 2 89 20
1 2 89 19
2 2 82 11
1 2 81 96
7 2 95 96
8 2 95 97
1 2 95 96
2 2 84 96
4 2 85 97
2 2 88 98
6 2 97 99
7 2 95 99
4 2 96 100
3 2 87 96
7 2 91 95
7 2 87 95
3 2 86 98
3 2 93 99
8 2 85 98
5 2 92 99
2 2 93 100
8 2 84 95
4 2 88 96
6 2 89 95
3 2 91 94
2 2 86 94
8 2 86 93
1 2 90 92
6 2 84 94
2 2 87 95
2 2 89 96
5 2 87 96
5 2 86 93
4 2 85 95
6 2 85 96
8 2 86 97
3 2 84 93
2 2 86 92
2 2 92 91
8 2 88 91
1 2 98 90
6 3 86 92
4 2 93 91
5 2 95 90
8 2 95 89
1 2 84 94
7 2 84 93
3 2 81 97
2 2 91 98
7 2 84 98
6 2 84 99
3 2 90 100
1 2 83 98
1 2 87 99
4 2 89 100
1 2 84 97
4 2 83 99
7 2 87 100
8 3 81 96
5 2 82 95
7 2 82 94
5 2 81 96
2 2 81 94
5 2 81 93
7 2 81 88
6 2 87 89
5 2 94 88
7 3 94 87
6 2 90 88
5 2 86 88
7 2 84 89
2 2 89 88
4 2 89 87
7 2 90 86
7 2 88 88
3 2 87 90
4 2 86 90
8 2 85 88
5 2 84 90
1 2 85 91
2 2 84 88
1 2 83 88
8 2 81 87
2 2 81 86
2 2 86 86
2 2 94 85
5 3 81 85
6 2 92 85
6 2 96 84
5 2 95 84
2 2 95 83
1 2 98 82
8 2 97 82
7 2 91 86
4 3 91 85
7 2 93 84
8 2 93 83
6 2 93 82
3 2 92 84
4 2 92 83
1 2 91 84
3 2 89 86
6 2 82 86
3 2 86 85
5 2 86 85
1 2 84 85
6 2 88 84
8 2 88 83
3 2 89 82
3 2 94 81
4 2 87 84
2 2 87 83
1 2 89 82
5 2 88 82
6 2 85 84
4 3 81 85
6 2 81 83
8 2 83 84
1 2 81 73
4 2 84 74
8 2 82 73
2 2 82 74
3 2 84 75
3 2 81 74
4 2 81 66
7 2 90 66
4 2 91 65
5 2 90 67
3 3 89 67
6 2 83 67
6 2 86 66
1 2 86 66
2 2 86 65
4 2 93 64
5 2 95 63
8 2 95 62
5 2 90 64
3 2 92 63
1 2 90 63
8 2 88 64
2 2 82 66
1 2 86 65
6 2 85 65
8 2 84 65
4 2 83 67
8 3 83 67
5 2 84 68
6 2 84 69
1 2 84 69
3 2 83 68
7 2 83 68
1 2 81 55
8 2 82 55
4 2 85 56
6 2 92 57
3 2 93 58
2 2 88 57
5 2 92 58
2 2 93 59
4 2 93 58
3 2 86 57
8 2 85 57
1 2 84 56
4 2 88 57
1 2 88 58
3 2 90 59
7 2 95 60
7 2 84 57
6 2 84 58
1 2 83 54
3 2 81 56
4 3 81 48
2 2 86 49
8 2 84 48
6 2 84 47
5 2 88 46
8 2 89 45
6 2 81 47
4 3 81 30
8 2 85 31
8 2 83 29
2 2 89 28
7 2 82 30
1 2 81 30
4 2 84 31
7 2 81 16
7 2 89 16
6 2 87 17
5 2 86 16
7 2 84 17
6 2 89 18
3 2 87 18
4 2 86 18
8 2 85 16
4 2 89 15
5 2 84 18
2 2 84 16
1 2 83 16
6 2 85 15
7 2 90 14
8 2 81 15
2 2 81 14
5 3 81 13
5 2 87 13
2 2 84 14
1 2 81 9
8 2 82 9
1 2 83 8
3 2 81 10
3 2 86 11
6 2 86 12
8 2 85 11
1 2 83 11
4 2 81 1
1 2 89 2
4 2 87 2
6 2 87 3
4 2 80 89
2 2 84 90
4 2 81 88
6 2 80 90
7 2 85 91
1 2 85 90
6 2 85 91
3 3 85 90
3 2 81 91
3 2 80 88
1 2 80 89
7 3 80 86
8 3 80 86
3 2 81 87
5 2 80 73
6 2 82 72
4 2 85 71
8 2 84 71
4 2 81 72
5 2 80 55
6 2 82 56
7 2 81 56
4 2 81 54
6 2 80 30
5 2 81 31
7 2 86 32
6 2 85 32
4 2 80 17
2 2 84 18
8 2 84 19
4 2 81 16
6 2 80 18
3 2 81 19
3 2 80 16
7 3 80 14
8 2 82 13
8 2 80 14
3 3 81 15
4 2 84 13
1 2 81 13
7 2 83 12
5 2 80 9
7 2 81 10
4 2 81 8
1 2 80 2
2 2 85 3
7 2 79 93
5 2 79 89
5 2 82 90
1 3 79 86
4 2 79 39
8 2 84 38
3 2 83 40
2 2 88 41
7 2 88 41
5 2 79 17
1 2 79 18
1 3 79 14
2 2 79 15
4 2 79 12
4 2 80 11
1 2 78 94
1 2 81 95
6 2 78 89
8 2 78 89
3 2 78 85
6 2 78 80
7 2 85 79
1 2 90 80
7 2 83 79
4 2 86 80
1 2 86 78
5 2 84 80
4 2 91 81
6 2 87 81
8 2 87 80
2 2 89 81
3 2 88 81
8 2 84 80
7 2 84 80
5 2 87 79
8 2 84 78
5 2 78 81
4 2 86 82
1 2 80 82
1 2 82 81
5 2 84 82
6 2 82 80
6 2 79 82
4 2 79 82
2 2 80 83
1 2 80 84
7 2 80 82
1 2 78 81
4 2 78 81
5 2 80 80
8 2 85 79
2 2 81 79
8 2 78 80
3 2 78 79
6 2 82 78
3 2 83 77
8 2 79 78
1 2 78 77
4 2 82 76
2 2 78 78
4 3 78 78
6 2 78 61
8 2 84 60
6 2 88 61
2 2 79 60
7 2 88 59
7 2 82 59
5 2 81 59
4 3 81 58
4 3 78 60
6 2 78 44
7 2 85 43
7 2 83 43
1 2 86 42
5 2 84 44
4 2 85 45
8 2 84 44
4 2 88 44
8 2 87 44
1 2 87 43
2 2 87 43
7 2 86 44
8 2 84 42
5 2 78 45
1 2 80 46
1 2 82 45
6 2 79 46
4 2 79 46
2 2 79 46
2 2 80 47
7 2 81 48
4 2 84 49
1 2 80 48
5 2 81 49
7 2 86 50
6 2 85 50
2 2 80 48
3 2 80 45
5 2 80 44
1 2 78 45
3 2 78 43
2 2 80 42
8 2 79 42
7 2 79 41
1 2 78 41
5 2 83 40
2 2 82 40
4 2 81 40
6 2 78 34
2 2 79 33
2 2 86 34
4 3 78 33
5 2 82 33
6 2 78 17
8 2 78 17
4 2 77 95
3 3 77 89
4 2 77 87
7 2 77 86
3 3 77 80
5 2 77 78
7 2 77 77
5 2 77 75
5 2 77 62
5 2 88 61
2 2 85 61
5 2 84 63
7 2 84 61
4 2 84 60
4 2 82 61
5 2 90 62
2 2 88 62
7 2 88 61
7 2 77 46
8 2 77 47
3 2 77 48
1 2 78 49
3 2 83 50
4 2 77 42
3 2 79 41
5 2 79 40
8 2 78 40
6 2 79 39
2 2 84 38
3 2 83 38
1 2 84 37
1 2 78 39
2 2 77 43
5 2 77 35
6 2 81 36
3 3 77 17
6 2 79 19
7 2 85 20
4 2 78 19
1 2 83 20
2 2 82 20
7 2 86 21
2 3 86 20
4 2 77 15
7 2 77 14
5 2 77 11
6 2 76 86
2 2 76 82
8 2 77 83
2 2 76 77
3 2 76 45
6 2 76 39
4 2 80 38
1 2 80 37
2 2 78 38
4 2 81 37
1 3 76 18
5 3 76 18
6 2 76 12
8 2 76 11
5 2 75 91
5 2 75 82
7 2 75 66
7 2 80 67
2 2 81 68
5 2 80 67
1 2 77 65
6 2 75 61
6 2 85 62
3 2 86 63
4 2 85 63
7 2 82 60
1 2 81 62
2 2 79 60
2 2 81 59
3 2 80 61
8 2 81 62
3 2 82 63
6 2 79 59
5 2 81 58
5 2 75 46
6 2 75 34
3 2 81 33
8 2 75 13
3 2 76 14
2 2 74 90
6 2 78 91
4 2 77 91
8 2 80 92
2 2 80 92
4 2 80 91
2 2 74 81
3 2 74 75
2 2 74 45
3 2 74 39
8 2 78 38
5 2 78 37
8 2 79 36
2 2 74 18
3 2 74 11
2 2 76 10
8 2 78 9
6 3 76 10
7 2 73 84
8 2 72 99
8 2 84 100
6 2 82 98
4 2 80 98
5 2 80 99
7 2 80 100
2 2 80 100
7 2 80 97
2 2 80 97
7 2 74 100
8 2 72 58
7 2 74 59
1 2 78 60
2 2 72 48
8 2 72 31
2 2 79 30
7 2 74 32
2 2 72 21
7 2 71 100
2 2 80 100
4 2 74 100
2 2 75 99
6 2 78 98
5 2 77 98
7 2 78 97
3 2 73 100
6 2 71 98
4 2 75 99
1 2 71 82
8 2 72 82
6 2 73 83
3 2 71 83
1 2 72 84
4 2 71 75
6 2 73 76
2 2 77 75
8 2 79 74
7 3 79 74
5 2 77 76
7 2 76 77
3 2 76 76
6 2 76 75
2 2 72 75
8 2 74 74
2 2 75 73
1 2 81 72
7 2 81 71
3 2 76 72
4 2 73 76
5 2 74 77
6 2 74 78
1 2 74 78
8 3 73 76
1 2 72 75
4 2 73 74
6 2 73 73
3 2 78 72
7 2 71 70
5 2 76 70
6 2 76 71
7 2 74 71
8 2 75 70
7 2 77 69
2 2 76 71
2 2 74 70
4 2 78 69
5 2 74 71
4 2 74 72
1 3 74 70
6 3 75 70
2 2 76 68
8 2 71 69
2 2 71 68
5 3 71 67
3 2 73 68
1 2 74 67
4 3 71 67
8 2 78 65
4 2 81 64
3 2 79 64
6 2 80 63
6 2 74 65
5 2 78 64
7 2 80 63
8 2 80 62
4 2 79 62
7 2 78 65
2 2 79 64
1 2 78 63
6 3 78 64
1 2 77 66
3 2 77 63
6 3 71 65
8 2 72 65
4 2 75 64
2 2 72 64
4 2 71 64
1 2 71 63
8 2 71 62
5 3 71 62
2 2 71 60
8 2 74 60
8 2 78 59
5 2 75 61
7 2 75 61
7 3 71 60
7 2 72 61
6 2 71 57
7 3 75 58
3 2 76 59
3 2 74 57
8 2 79 56
8 2 74 56
4 2 77 57
6 2 75 57
2 3 75 56
3 2 76 54
7 2 81 53
1 2 85 52
5 2 74 57
7 2 71 52
4 2 82 52
8 2 81 52
5 2 83 51
2 2 81 52
5 2 76 52
6 2 76 53
7 2 74 53
6 2 78 54
4 2 75 54
8 2 75 52
7 2 77 51
5 2 74 54
1 2 75 55
2 2 74 52
2 2 80 51
3 2 79 51
6 2 79 51
7 2 79 50
1 2 73 52
1 2 76 51
2 2 76 50
6 2 75 51
3 2 75 51
8 2 71 51
2 2 71 50
4 2 73 50
8 2 75 49
5 3 71 49
6 2 75 49
8 2 75 49
1 2 71 46
8 2 72 46
3 2 71 47
1 2 73 48
4 3 71 39
6 3 71 38
8 2 72 38
6 2 77 37
3 2 77 36
7 2 71 39
4 2 71 37
1 2 71 36
8 2 71 35
5 3 71 35
2 2 71 33
1 2 76 33
8 2 74 33
2 2 76 32
7 3 76 32
7 3 71 33
7 2 72 34
6 2 71 30
7 2 75 30
3 2 74 30
8 2 74 29
5 2 88 28
1 2 79 28
8 2 78 28
2 2 80 27
8 2 80 26
7 2 85 25
5 2 85 24
7 2 83 25
3 2 80 26
2 2 75 28
3 2 76 27
5 2 80 26
5 2 78 26
2 2 81 25
6 3 81 25
5 2 74 30
6 2 74 29
7 2 71 25
7 2 79 25
4 2 79 24
7 2 80 23
6 2 76 26
7 2 74 26
4 2 75 27
5 3 75 27
4 2 77 28
6 2 77 28
7 2 75 28
1 3 75 27
8 2 74 26
2 2 74 25
1 3 74 25
5 2 74 25
8 2 71 24
4 2 72 25
2 2 71 23
2 2 76 23
5 3 71 22
3 2 79 23
4 2 79 22
6 2 72 23
3 2 76 22
5 2 76 22
8 2 71 24
3 2 71 25
4 2 71 22
1 2 71 19
8 2 72 19
1 2 74 20
3 2 71 20
8 2 74 21
4 2 71 11
1 2 73 11
5 2 73 12
2 2 75 13
4 2 75 13
6 2 74 13
8 2 73 13
2 3 72 12
4 2 73 10
7 2 71 6
7 2 79 6
2 2 80 7
1 2 82 6
5 2 84 5
4 2 81 6
3 2 83 5
6 2 83 4
7 2 83 4
8 2 80 6
6 2 80 5
2 2 80 6
6 2 77 7
6 2 79 8
5 2 76 6
3 2 80 5
7 2 74 7
3 2 77 8
4 2 76 8
8 2 75 6
5 2 74 8
2 2 74 6
1 2 76 5
1 2 73 6
6 2 75 5
2 2 76 4
8 2 71 5
2 2 71 4
5 3 71 3
8 2 79 3
4 2 70 99
5 2 70 82
4 2 71 81
4 2 70 71
4 2 71 70
6 2 70 72
5 2 72 73
3 2 71 73
1 2 71 73
8 2 71 72
3 2 70 70
1 2 70 71
7 3 70 68
8 3 70 68
8 2 72 69
6 2 70 69
1 2 70 66
4 2 70 60
6 2 70 60
3 2 71 59
2 2 70 59
4 2 70 58
1 2 73 57
2 2 72 57
4 2 70 53
4 2 71 52
6 2 70 54
3 2 71 55
3 2 70 52
7 3 70 50
8 2 70 50
5 2 70 46
6 2 72 45
1 2 78 44
4 2 75 44
8 3 75 44
4 2 71 45
1 2 70 39
5 2 71 40
2 2 70 39
4 2 70 33
6 2 71 34
4 2 70 31
1 2 73 30
3 2 72 32
2 2 72 30
4 2 70 26
6 2 70 27
3 2 71 28
7 3 70 23
5 2 70 19
4 2 73 20
2 2 75 21
6 2 75 21
7 2 71 20
7 2 73 21
4 2 71 18
1 2 70 12
4 2 70 7
4 2 71 6
6 2 70 8
1 2 74 9
3 2 71 9
3 2 70 6
7 3 70 4
8 2 72 3
2 2 79 2
2 2 72 2
3 2 77 3
5 2 75 3
7 2 78 2
8 2 70 4
1 3 69 68
4 2 69 66
1 2 69 59
6 2 69 59
5 2 69 58
5 2 69 53
1 2 69 54
5 2 69 7
1 2 69 8
4 3 69 3
6 2 68 88
2 2 69 87
2 2 76 88
8 2 75 86
4 3 68 87
5 2 72 87
6 2 68 71
2 2 69 70
3 2 69 69
5 2 68 72
1 2 68 72
6 2 69 73
6 2 68 61
5 2 72 62
8 2 72 62
1 2 69 62
3 2 69 63
4 2 69 62
6 2 68 53
8 2 68 53
1 2 68 50
6 2 68 34
5 2 72 35
4 2 73 36
8 2 72 35
7 2 72 34
1 2 69 35
1 2 72 36
3 2 69 36
6 2 68 26
1 2 69 27
2 2 69 25
5 2 68 27
6 2 69 28
4 2 68 28
3 2 68 25
1 2 68 23
1 2 70 22
7 2 70 23
3 2 68 22
6 2 68 7
8 2 68 7
1 2 68 4
1 2 70 3
7 2 73 2
3 3 70 2
1 2 72 2
5 2 71 2
4 2 67 95
3 2 77 94
8 2 77 94
7 2 76 94
4 2 68 96
2 3 68 95
4 2 76 93
2 2 75 96
8 2 76 97
4 2 69 93
1 2 77 92
5 2 67 89
6 2 71 90
4 2 67 69
5 2 67 69
5 2 67 62
8 2 67 62
4 2 67 60
7 2 67 59
3 3 67 53
6 2 69 55
4 2 68 55
4 2 67 51
5 2 67 48
5 2 67 35
7 2 70 36
4 2 67 33
6 2 69 32
2 3 69 32
5 2 69 31
4 2 67 24
8 2 67 23
5 2 67 21
3 3 67 7
6 2 69 9
7 2 72 10
8 2 71 10
4 2 68 9
2 2 70 10
4 2 67 5
7 2 67 4
3 2 66 72
6 2 66 66
1 2 67 65
3 2 66 27
7 2 66 7
6 2 66 2
1 2 65 98
6 2 73 99
5 2 74 100
7 2 72 99
6 2 69 99
7 2 67 99
7 2 65 93
8 2 74 92
1 2 67 92
1 2 70 91
6 2 67 93
6 2 65 88
3 2 71 87
5 2 65 73
6 2 65 61
1 2 65 57
5 2 65 55
7 2 65 39
1 2 67 38
6 2 65 34
1 2 65 30
7 2 67 31
5 2 65 28
5 2 65 9
8 2 65 3
6 2 64 98
3 2 68 99
7 2 67 97
6 2 67 96
5 2 72 95
3 2 64 93
3 2 71 92
5 2 73 91
1 2 73 90
2 2 67 92
6 2 68 93
6 2 64 92
5 2 68 91
4 2 70 90
8 2 69 90
4 2 72 89
8 3 72 89
1 2 69 89
7 2 68 89
1 2 70 88
6 2 70 87
5 2 68 88
2 2 64 72
4 2 64 72
3 2 64 66
6 2 64 57
2 2 64 54
3 2 64 48
5 2 70 49
6 2 64 30
2 2 64 27
3 2 64 21
2 2 64 8
1 2 63 72
8 2 64 71
1 2 65 70
8 2 62 99
7 2 64 100
8 2 62 85
4 2 70 84
6 2 72 85
2 2 70 83
3 2 70 84
7 2 70 83
7 2 64 86
2 2 62 75
7 2 70 76
5 2 70 76
8 2 62 58
7 2 64 59
8 2 62 31
3 2 66 32
4 2 66 31
6 2 65 31
7 2 64 32
2 2 62 11
1 2 61 96
1 2 71 96
6 2 72 95
3 2 71 95
6 2 70 96
4 2 68 96
8 2 68 97
2 2 68 97
3 2 66 97
1 2 66 98
3 2 61 97
2 2 61 97
4 2 61 92
8 2 62 93
2 2 69 94
7 2 69 94
7 2 64 94
7 2 61 79
7 2 69 79
2 2 70 80
4 2 71 79
1 2 71 80
6 2 70 81
8 2 70 79
6 2 67 80
5 2 66 79
7 2 69 80
7 2 64 80
3 2 67 81
4 2 66 81
1 2 67 82
8 2 65 79
5 2 64 81
2 2 64 79
1 2 63 79
6 2 65 78
8 2 61 78
2 2 61 77
5 3 61 76
8 2 65 76
2 2 64 77
4 2 61 76
4 3 61 66
2 2 66 67
8 2 65 67
5 2 65 66
6 3 66 67
3 2 65 67
8 2 63 65
5 2 68 64
7 2 62 66
1 2 61 66
8 2 62 67
2 2 62 66
4 2 62 65
6 2 62 64
1 2 61 55
8 2 62 55
7 2 63 56
5 2 64 55
2 2 67 56
7 2 66 56
1 3 63 55
4 2 63 56
3 2 64 57
8 2 64 56
2 2 62 56
3 3 62 56
6 3 61 55
4 3 61 53
7 3 61 53
2 2 61 53
1 2 63 52
4 2 62 52
5 2 64 51
8 3 61 52
6 2 64 51
2 2 61 50
5 2 61 49
2 2 64 49
7 2 69 48
4 2 68 48
8 2 65 48
2 2 66 47
8 2 68 46
6 3 66 47
7 2 66 47
4 2 65 48
4 2 61 39
3 2 65 40
6 2 64 38
2 2 69 37
8 2 64 39
6 2 64 40
1 2 66 41
6 2 74 42
1 3 74 43
5 2 73 42
4 2 73 42
6 2 74 42
5 2 72 43
6 2 61 38
5 2 68 37
6 2 67 37
1 2 61 28
2 2 68 29
8 2 62 28
7 2 63 29
1 3 63 28
8 2 67 29
8 2 64 26
1 2 65 25
2 2 62 29
3 2 64 30
4 2 62 30
3 2 61 29
4 2 62 28
5 4 62 28
7 2 63 27
6 2 62 27
3 2 62 27
6 2 61 27
4 2 61 21
6 2 69 21
4 2 68 21
6 2 72 20
8 2 69 20
3 2 69 20
1 2 68 21
6 2 63 22
2 2 62 21
2 2 66 20
6 2 65 20
8 3 65 20
4 2 63 22
8 3 63 22
3 2 61 2
7 2 63 2
4 2 64 3
1 2 62 2
6 2 63 3
6 2 65 4
5 2 61 3
5 2 64 4
3 2 63 4
2 2 61 2
7 2 60 97
4 2 60 80
4 2 61 79
6 2 60 81
8 2 64 82
3 2 61 82
8 2 66 83
7 2 65 83
3 2 60 79
3 2 62 80
7 3 60 77
1 2 61 77
8 2 60 77
3 2 61 78
6 2 60 66
6 2 60 11
7 2 68 12
6 2 66 12
7 2 70 13
5 2 70 13
8 2 67 13
5 2 59 80
1 2 59 81
2 2 59 79
4 2 59 75
4 2 59 48
5 2 59 12
1 2 67 13
3 2 67 12
2 2 66 13
4 2 59 11
7 2 66 10
8 2 64 10
3 2 63 12
3 2 65 13
6 3 65 14
6 2 74 15
1 2 74 15
5 2 73 15
4 2 63 13
1 2 60 12
7 2 60 11
3 2 63 10
5 2 65 9
1 2 64 9
2 2 61 12
5 2 61 13
8 3 61 12
1 2 61 10
3 2 60 12
5 2 59 2
6 2 58 80
8 2 58 80
1 2 58 77
6 2 58 70
2 2 59 69
4 2 63 70
2 2 63 70
5 2 63 69
4 3 58 69
6 2 62 68
6 2 58 53
5 2 58 54
1 2 58 54
3 2 58 52
3 2 61 51
7 2 61 50
1 2 58 50
6 2 58 43
7 2 72 44
8 2 64 42
8 2 69 43
2 2 70 44
6 2 68 43
2 2 59 42
2 2 72 41
7 2 62 41
5 2 61 41
3 2 65 42
7 2 65 43
4 3 65 42
7 2 65 41
2 2 64 41
4 2 61 40
5 2 62 40
8 2 62 40
6 2 61 41
2 2 60 41
7 2 60 41
4 3 58 42
6 2 58 35
7 2 65 34
2 2 65 34
5 4 65 33
4 2 65 36
4 2 66 35
1 2 65 33
8 2 64 35
7 2 63 34
4 2 63 33
6 3 62 34
5 2 58 36
1 2 60 37
1 2 62 36
6 2 59 37
4 2 59 37
2 2 59 37
2 2 60 38
3 2 60 36
5 2 60 35
2 2 61 34
1 2 58 36
3 2 58 34
8 2 59 33
1 2 58 32
2 2 58 33
7 2 58 32
6 2 58 16
3 2 72 15
8 2 73 16
8 2 64 15
8 2 69 16
6 2 68 16
2 2 70 17
6 2 70 18
2 2 59 15
4 3 58 15
4 2 65 15
5 2 67 16
7 2 61 14
8 2 58 12
7 2 58 12
6 2 58 6
2 2 59 5
2 2 66 6
4 3 58 5
2 2 62 4
8 2 58 2
4 2 57 78
7 2 57 77
3 2 59 77
5 2 57 71
6 2 61 72
7 2 61 71
8 2 57 54
4 2 57 51
2 2 57 52
5 2 57 44
5 2 64 45
7 2 57 37
1 2 60 38
8 2 57 38
7 2 58 39
6 2 59 40
3 3 58 38
7 2 59 38
2 2 58 40
4 2 57 38
4 2 57 33
5 2 57 30
5 2 57 17
1 2 69 18
5 2 64 18
7 2 64 16
4 2 62 16
4 2 66 17
3 2 66 18
5 2 57 7
6 2 61 8
3 2 56 81
6 2 59 82
4 2 58 82
2 2 62 83
6 2 56 75
7 2 66 74
8 2 64 74
1 2 57 74
2 2 64 75
1 2 60 73
3 2 56 54
6 2 56 48
8 2 59 47
7 2 61 48
1 2 60 48
6 2 60 49
1 2 57 47
2 2 64 46
4 2 61 46
3 2 67 45
3 2 64 45
3 2 59 46
6 2 64 45
3 2 56 36
5 2 55 82
6 2 55 70
5 2 55 55
6 2 55 43
1 2 55 39
5 2 55 37
7 2 55 21
5 2 61 22
2 2 61 23
6 2 64 24
7 2 60 22
1 2 57 20
6 2 55 16
7 2 63 17
1 2 61 17
6 2 63 18
3 2 62 18
5 2 60 15
3 2 60 16
2 2 59 15
6 2 55 6
2 2 54 81
3 2 54 75
2 2 54 54
3 2 54 48
2 2 57 47
5 2 58 46
6 2 60 45
1 2 58 45
6 2 54 39
2 2 54 36
3 2 54 30
8 2 59 29
2 2 52 98
3 2 63 99
5 2 63 98
4 2 58 97
5 2 64 96
2 2 52 84
8 2 52 67
7 2 54 68
2 2 52 57
8 2 52 40
7 2 54 41
2 2 51 100
2 2 56 100
5 3 51 99
7 2 57 100
4 2 59 99
6 2 52 100
2 2 58 99
3 2 59 100
5 2 58 99
6 2 58 98
3 2 56 99
4 2 51 99
4 2 55 98
8 2 51 95
8 2 64 95
6 2 62 95
1 2 63 96
7 3 62 95
4 2 61 95
6 2 58 96
2 2 58 95
3 2 61 94
7 3 57 96
1 2 51 96
8 2 57 97
3 2 57 97
5 2 57 96
2 2 56 96
2 3 51 95
1 2 58 94
5 3 51 93
6 2 52 94
5 2 57 93
1 2 60 92
3 2 54 95
4 2 53 95
2 2 53 94
7 2 55 93
8 2 51 95
5 2 51 96
3 2 51 97
8 2 54 98
7 2 51 88
6 2 57 89
7 2 63 88
2 2 63 88
6 2 60 88
1 2 66 87
8 2 64 87
2 2 66 86
7 3 66 86
5 2 67 85
5 2 56 88
7 2 54 89
4 2 65 90
7 2 58 88
7 2 61 87
3 2 63 86
2 2 68 85
2 2 63 86
4 2 59 87
2 2 58 87
3 2 57 90
4 2 56 90
1 2 57 91
8 2 55 88
5 2 54 90
2 2 54 88
1 2 53 88
8 2 51 87
5 2 53 88
2 2 51 86
1 2 58 86
5 3 51 85
8 2 55 85
6 2 52 86
4 2 60 85
1 2 61 84
6 3 60 84
2 2 59 84
4 2 58 85
4 2 63 84
5 2 61 84
4 2 51 85
7 2 58 84
6 2 60 83
3 2 60 83
3 2 57 84
8 2 57 83
1 2 51 82
8 2 52 82
1 2 54 83
5 2 54 82
4 2 54 83
1 2 53 81
3 2 51 83
4 3 51 75
3 2 61 74
8 2 54 75
4 2 59 74
6 2 54 74
5 2 58 73
8 2 59 72
6 3 51 74
6 2 59 75
3 2 58 75
7 2 57 75
1 2 57 75
8 2 56 74
2 2 56 73
4 2 55 73
7 2 51 75
4 2 51 73
1 2 51 72
8 2 51 71
5 3 51 71
2 2 51 69
1 2 56 69
8 2 54 69
2 2 56 68
5 2 58 67
4 2 58 67
7 3 56 68
3 2 55 68
7 3 51 69
7 3 52 70
2 2 52 68
6 2 51 66
7 2 55 66
3 2 54 66
8 2 54 65
2 2 62 64
1 2 59 64
8 2 58 64
2 2 55 64
3 2 62 63
3 2 56 63
5 2 61 62
7 2 65 61
5 2 65 60
7 2 63 61
8 3 61 62
7 2 51 61
5 2 56 61
2 2 59 62
2 2 60 61
6 3 59 61
4 2 59 60
7 2 60 59
1 2 58 61
6 2 56 62
7 2 54 62
4 2 55 63
5 3 55 63
2 2 54 61
7 2 57 60
3 2 62 59
8 2 54 60
2 2 56 59
2 2 62 58
4 2 61 58
6 2 54 59
3 2 55 60
8 2 55 58
1 2 53 61
8 2 51 60
2 2 51 59
5 3 51 58
4 2 58 58
3 2 55 58
7 2 58 57
5 2 59 56
6 2 58 57
5 2 55 58
1 2 53 58
3 2 53 58
4 2 51 58
6 2 53 57
7 2 52 57
8 2 54 56
4 3 51 48
8 2 55 49
6 2 54 47
8 2 53 47
4 2 55 46
1 2 59 45
1 2 62 44
4 3 62 44
8 2 59 44
7 2 58 44
7 2 52 48
1 2 51 48
4 2 54 49
8 2 57 50
7 2 56 50
1 2 54 48
1 2 51 37
8 2 52 37
2 2 52 38
3 2 51 38
5 2 51 37
6 2 51 36
4 3 51 35
7 2 51 34
8 2 51 33
5 2 54 33
2 2 56 32
2 2 51 32
6 2 52 33
1 2 52 33
3 2 51 33
8 2 52 32
7 2 51 32
5 2 51 31
4 2 51 31
8 2 55 30
7 2 58 29
2 2 56 29
6 2 55 29
4 2 55 30
1 2 51 30
1 2 53 30
6 2 53 30
2 3 52 30
4 2 51 21
1 2 58 22
8 2 58 20
4 2 61 19
3 2 59 19
3 2 55 22
6 2 54 20
1 2 59 19
8 2 61 18
5 2 58 19
7 2 58 20
2 2 58 19
8 2 54 21
2 2 55 22
6 2 54 22
8 2 54 23
6 2 51 20
4 2 51 10
3 2 57 11
6 3 54 11
7 3 50 100
1 2 51 100
5 2 51 99
1 2 51 98
8 3 50 100
7 4 50 94
2 2 56 92
6 3 56 92
8 2 54 92
8 2 55 91
3 2 54 92
4 2 50 89
2 2 54 90
4 2 51 88
1 2 51 89
3 2 52 90
8 2 52 89
6 2 50 90
5 2 52 91
7 2 53 92
1 2 53 92
3 3 50 89
5 2 50 89
7 3 50 86
3 2 53 86
7 2 52 86
5 3 52 85
1 2 51 84
6 2 52 84
8 2 50 86
6 2 50 87
5 2 50 82
7 2 51 83
4 2 51 81
1 2 50 75
5 2 51 76
2 2 50 75
8 2 50 73
4 2 50 69
6 2 51 70
4 2 50 67
2 2 52 66
6 2 54 65
7 2 55 64
1 3 55 63
2 2 54 65
4 2 50 62
4 2 51 61
6 2 50 63
4 2 53 64
5 3 53 65
6 2 53 63
3 2 51 64
8 2 51 65
1 2 51 66
3 2 50 61
7 3 50 59
6 2 50 48
5 2 51 49
4 2 49 98
1 3 49 86
2 2 49 73
4 2 49 57
2 2 54 56
3 2 53 56
1 2 51 56
4 2 53 55
4 2 49 30
7 2 49 31
4 2 49 12
3 2 54 13
7 2 54 14
1 2 58 15
6 2 58 15
7 2 58 14
3 2 51 13
6 2 50 11
8 2 53 10
1 2 50 10
5 2 58 9
1 2 54 9
4 2 60 8
8 2 59 8
1 3 59 7
1 2 52 11
2 2 52 12
2 2 52 9
1 2 48 100
3 2 48 99
1 2 48 94
8 2 50 93
2 2 50 92
6 2 48 89
8 2 48 89
3 2 48 85
4 2 49 85
8 2 48 85
5 2 48 73
6 2 48 70
5 2 52 71
8 2 52 71
7 2 52 70
1 2 49 71
1 2 51 72
4 2 51 71
6 2 48 62
1 2 49 63
5 2 48 63
1 2 50 64
2 2 50 65
4 2 48 64
8 2 48 62
1 2 48 59
6 2 50 60
6 2 48 52
2 2 49 51
2 2 57 52
4 3 48 51
6 2 53 51
5 2 52 51
1 2 52 51
6 2 48 35
5 2 48 36
4 2 52 35
8 3 52 35
1 2 48 36
3 2 48 34
1 2 48 32
6 2 48 25
2 2 49 24
8 2 59 25
5 2 61 24
6 2 58 25
4 2 61 26
2 3 61 25
7 2 52 23
5 2 51 23
7 2 57 24
3 3 57 23
1 2 57 24
4 3 56 24
5 2 52 22
4 2 51 22
4 3 48 24
6 2 48 17
7 2 55 16
1 2 56 15
7 2 53 16
4 2 56 17
5 2 54 17
6 2 57 18
8 2 54 17
8 2 54 15
2 2 55 14
3 2 55 14
2 2 54 14
5 2 48 18
4 2 56 19
7 2 54 17
2 2 54 16
5 2 53 16
1 2 50 19
1 2 52 18
6 2 49 19
4 2 49 19
2 2 49 19
2 2 50 20
5 2 50 19
1 2 48 18
4 2 48 18
5 2 50 17
8 2 48 17
3 2 48 16
2 2 50 15
8 2 49 15
7 2 49 14
1 2 48 14
4 2 47 95
2 2 48 96
4 2 47 87
2 2 47 85
5 2 47 84
5 2 47 71
3 2 48 72
4 2 47 69
6 2 49 68
2 2 48 68
5 2 49 67
3 2 49 67
6 2 49 67
1 2 48 68
3 3 47 62
7 2 47 64
4 2 47 60
5 2 47 53
6 2 51 54
4 2 47 33
2 2 47 34
1 2 49 35
2 2 49 34
5 2 47 26
5 2 54 27
7 2 47 19
8 2 47 20
7 2 48 21
6 2 49 22
3 2 47 21
2 2 48 22
3 4 47 18
4 2 47 15
2 2 47 16
5 2 47 11
4 2 50 12
6 2 46 98
1 2 47 97
7 2 48 98
6 2 48 97
5 2 46 96
8 2 46 97
3 2 46 90
6 2 46 57
4 2 50 56
1 2 47 56
3 2 46 36
7 2 48 35
6 2 46 30
8 2 49 29
1 2 47 29
8 2 57 28
4 2 55 28
3 2 57 27
1 2 57 27
2 3 55 28
3 2 54 27
4 2 51 28
3 2 49 28
6 2 46 12
8 2 46 11
4 2 51 10
6 2 50 10
4 2 53 9
5 2 50 9
3 2 52 8
1 2 50 8
2 2 52 9
5 2 45 91
5 2 46 90
1 2 49 91
6 2 48 91
3 2 48 92
4 3 48 91
1 2 46 90
7 2 46 91
2 4 45 91
8 2 47 92
4 2 46 92
7 2 45 75
5 2 49 76
1 2 48 76
6 2 55 77
1 2 47 74
6 2 45 70
1 2 45 66
7 2 47 67
4 2 47 67
5 2 45 64
6 2 45 52
5 2 45 37
6 2 45 25
7 2 53 26
2 2 49 24
1 2 45 21
5 2 45 19
8 2 45 13
3 2 44 98
6 2 44 96
1 2 44 95
3 2 44 84
6 2 44 66
2 2 44 63
3 2 44 57
2 2 44 36
3 2 44 30
6 2 44 21
2 2 44 18
3 2 44 11
7 2 48 10
8 2 48 9
2 2 46 10
6 2 45 10
3 2 43 95
4 2 42 96
8 2 42 67
7 2 44 68
8 2 42 49
2 2 49 48
7 2 44 50
2 2 42 39
8 2 42 22
1 2 45 21
7 2 44 23
4 3 41 98
6 3 41 97
7 2 41 98
1 3 41 97
4 2 43 97
8 2 42 99
5 2 41 99
2 3 41 98
8 2 41 96
7 2 41 79
7 2 49 79
2 2 50 80
1 2 54 79
5 2 54 78
1 2 52 79
3 2 53 78
6 2 53 78
4 2 51 79
6 2 50 81
2 2 50 82
8 2 50 79
6 2 47 80
5 2 46 79
7 2 44 80
3 2 47 81
4 2 46 81
1 2 47 82
8 2 45 79
5 2 44 81
2 2 44 79
1 2 43 79
6 2 45 78
2 2 53 77
8 2 41 78
2 2 41 77
5 3 41 76
4 2 49 77
7 2 49 77
2 2 48 77
8 2 45 76
6 2 47 77
8 2 47 76
3 2 46 77
2 2 44 77
4 3 41 76
6 2 44 74
7 2 43 77
6 3 41 74
3 2 44 75
8 2 42 74
6 2 44 75
2 2 42 73
4 2 41 73
1 2 41 72
8 2 41 71
5 3 41 71
5 2 46 70
2 2 41 69
7 3 41 69
3 2 43 68
7 2 42 70
6 2 41 66
1 2 41 64
8 2 45 65
8 2 42 64
1 2 43 63
2 2 42 65
3 2 41 65
6 2 41 64
4 2 41 63
4 3 41 57
8 2 44 57
2 2 46 58
6 2 44 56
5 2 48 55
6 3 41 56
7 2 41 57
4 2 41 55
1 2 41 54
8 2 41 53
5 3 41 53
2 2 41 51
1 2 46 51
8 2 44 51
2 2 46 50
7 3 46 50
3 2 45 50
7 3 41 51
7 2 42 52
6 2 41 48
7 2 45 48
3 2 44 48
8 2 44 47
2 2 52 46
4 2 57 45
1 2 49 46
8 2 48 46
3 2 52 45
2 2 45 46
3 2 46 45
5 2 51 44
5 2 60 43
2 2 59 43
7 2 55 43
7 2 53 43
1 2 56 42
3 2 56 41
7 2 55 41
4 2 55 40
8 3 54 42
3 2 54 40
8 3 51 44
5 2 53 43
5 2 44 48
6 2 44 47
7 2 41 43
5 2 46 43
6 2 52 42
2 2 49 44
6 2 46 44
7 2 44 44
4 2 45 45
5 3 45 45
7 2 45 46
1 3 45 45
6 3 44 46
4 2 44 46
2 2 44 43
7 2 47 42
7 2 50 41
5 2 53 40
1 3 44 43
4 2 48 42
2 2 47 42
3 2 45 43
6 2 45 42
4 2 44 43
5 2 43 46
1 2 43 47
3 2 43 45
8 2 41 42
2 2 41 41
5 3 41 40
8 2 45 40
2 2 44 41
4 2 48 40
3 2 43 41
3 2 45 40
2 2 49 39
7 2 49 38
3 2 48 38
5 2 45 40
1 2 43 40
8 2 41 42
4 2 41 40
6 2 43 39
7 2 42 39
8 2 44 38
4 3 41 30
8 2 45 31
6 2 44 29
5 2 48 28
6 2 50 27
1 2 48 27
8 2 43 29
7 3 43 29
1 2 41 30
3 2 41 12
2 2 44 12
7 2 43 12
1 4 43 11
5 2 41 13
7 2 41 6
6 2 47 7
1 2 60 6
7 2 55 6
1 2 57 5
4 2 60 4
2 2 58 4
7 3 58 4
5 3 55 6
7 2 53 6
4 2 55 7
8 2 54 7
2 2 53 6
6 2 50 6
3 2 56 5
5 2 46 6
7 2 44 7
7 2 48 6
6 2 52 5
4 2 49 5
7 2 50 4
6 2 56 3
2 2 48 5
8 2 51 4
3 2 52 3
3 2 47 8
4 2 46 8
8 2 45 6
5 2 44 8
2 2 44 6
1 2 43 6
8 2 41 5
2 2 41 4
5 3 41 3
4 2 51 3
1 2 51 2
5 2 47 3
2 2 49 2
6 2 42 4
2 2 43 3
4 2 40 80
4 2 41 79
6 2 40 81
8 2 44 82
3 2 41 82
3 2 40 79
7 3 40 77
8 2 40 77
1 2 40 75
4 2 40 69
4 3 40 67
5 2 40 64
1 2 40 57
5 2 41 58
2 2 40 57
6 2 42 58
8 2 40 55
4 2 40 51
6 2 41 52
4 2 40 49
2 2 42 48
4 2 40 44
6 2 40 45
3 2 40 43
6 2 40 43
7 3 40 41
6 2 40 30
5 2 41 31
8 2 47 32
4 2 40 7
2 2 44 8
4 2 41 6
6 2 40 8
3 2 41 9
3 2 40 6
1 2 40 7
7 3 40 4
7 2 45 4
7 2 46 3
3 2 47 2
8 2 46 2
3 3 43 4
8 2 40 4
3 2 40 3
1 2 40 2
8 2 40 3
4 5 40 2
5 2 39 80
1 2 39 81
2 2 39 79
1 3 39 77
4 2 39 75
2 2 39 55
7 2 41 55
4 2 39 39
1 2 41 38
5 2 39 12
6 2 42 13
1 2 42 12
8 2 41 11
2 2 41 10
7 2 40 10
3 2 39 10
5 2 39 7
1 4 39 4
2 2 39 5
6 2 38 88
2 2 39 87
2 2 46 88
3 2 46 87
4 3 38 87
6 2 43 86
5 2 42 87
6 2 38 80
8 2 38 80
4 3 38 77
6 2 38 70
1 2 39 71
3 2 39 72
5 2 38 55
8 2 46 54
1 2 45 54
4 2 45 53
6 2 38 52
5 2 42 53
8 2 42 53
6 2 43 54
3 2 43 54
7 3 42 53
1 2 39 53
1 2 40 54
6 2 38 44
1 2 39 45
5 2 38 45
4 2 38 46
8 2 41 47
8 2 38 44
1 2 38 41
6 2 38 34
2 2 39 33
4 3 38 33
5 2 42 33
6 2 42 32
6 2 38 16
2 2 39 15
4 3 38 15
5 2 42 15
8 2 38 12
6 2 38 7
8 2 38 7
4 2 37 95
8 2 45 94
6 2 43 94
2 2 38 94
2 2 39 95
5 2 40 94
2 2 42 93
7 3 40 94
4 2 39 93
1 2 38 94
5 2 37 89
6 2 41 90
6 2 45 91
3 2 45 90
3 3 37 80
6 2 39 82
8 2 45 83
6 2 45 84
7 2 44 83
2 2 44 84
7 2 44 84
4 2 38 82
2 2 42 83
1 2 42 84
5 2 37 71
4 2 41 72
4 2 37 69
6 2 39 68
2 3 39 68
5 2 39 67
2 2 39 66
5 2 37 53
3 2 38 54
2 2 38 55
4 2 37 51
6 2 39 50
2 3 39 50
5 2 39 49
3 2 39 49
6 2 39 49
4 2 39 49
3 3 37 44
4 2 37 42
5 2 37 35
6 2 41 36
5 2 37 17
6 2 41 18
3 3 37 7
5 2 37 8
6 2 39 9
4 2 38 9
1 2 37 8
8 2 37 7
4 2 37 5
7 2 37 4
7 2 36 80
6 2 36 75
1 2 37 74
1 2 40 75
6 2 36 39
4 2 40 38
1 2 37 38
6 2 36 2
7 2 35 98
1 2 37 97
7 2 35 93
1 2 37 92
1 2 40 91
6 2 37 93
6 2 35 88
1 2 35 84
8 2 44 85
4 2 40 85
6 2 39 85
7 2 37 85
2 2 39 84
4 2 40 83
5 2 35 82
6 2 35 70
7 2 35 57
5 2 39 58
3 2 43 59
2 2 48 60
6 2 44 60
1 2 44 60
5 2 43 60
7 2 43 59
8 2 42 59
1 3 39 57
2 2 41 59
1 2 37 56
6 2 35 52
1 2 35 48
7 2 37 49
5 2 35 46
6 2 35 34
7 2 35 21
1 2 37 20
1 2 40 19
6 2 35 16
1 2 35 11
5 2 35 9
7 2 35 8
8 2 35 3
3 2 34 93
6 2 34 92
6 2 34 84
2 2 34 81
3 2 34 75
6 2 34 48
2 2 34 45
3 2 34 39
6 2 34 11
3 2 35 12
2 2 34 12
2 2 34 8
4 2 32 96
8 2 32 85
3 2 36 84
7 2 36 83
8 2 36 83
7 2 34 86
8 2 32 67
7 2 34 68
3 2 36 67
8 2 32 49
7 2 34 50
8 2 32 31
2 2 39 30
7 2 34 32
2 2 31 100
7 2 40 100
2 2 36 100
5 3 31 99
6 2 37 99
6 2 32 100
1 2 34 99
4 3 31 99
2 2 36 100
3 2 36 100
4 2 34 100
6 3 31 97
4 2 37 96
6 2 37 95
8 2 33 98
6 2 32 97
5 2 33 96
7 2 34 95
2 2 33 96
8 2 32 96
2 2 31 96
6 2 32 95
7 2 31 95
8 2 32 94
4 2 31 92
7 2 34 93
4 3 31 75
2 2 36 76
8 2 35 76
5 2 35 75
8 2 33 74
5 2 38 73
7 2 32 75
1 2 31 75
4 2 32 74
6 2 32 73
7 2 31 61
7 2 39 61
2 2 40 62
4 2 41 61
8 2 40 61
3 2 40 60
6 2 37 62
5 2 36 61
7 2 34 62
3 2 37 63
4 2 36 63
1 2 37 64
8 2 35 61
5 2 34 63
2 2 34 61
1 2 33 61
6 2 35 60
8 2 31 60
2 2 31 59
5 3 31 58
8 2 37 59
1 2 37 59
8 2 35 58
2 2 34 59
4 3 31 58
4 2 34 59
6 2 34 56
6 2 37 55
4 2 37 54
7 2 33 59
6 3 31 56
3 2 34 57
8 2 32 56
2 2 32 55
4 2 31 55
1 2 31 54
8 2 31 53
5 3 31 53
5 2 36 52
2 2 36 52
4 2 36 52
2 2 31 51
7 3 31 51
3 2 33 50
7 2 32 52
6 2 31 48
1 2 31 46
8 2 32 46
3 2 36 47
7 2 33 47
1 2 33 45
2 2 32 47
3 2 31 47
4 4 31 47
6 2 31 46
4 2 31 45
8 2 34 44
1 2 35 43
4 3 31 39
6 2 38 40
8 2 34 39
2 2 36 40
6 2 34 38
4 2 42 37
3 2 39 37
5 2 38 37
8 2 39 36
1 2 38 36
8 2 41 35
4 2 41 34
4 2 38 35
7 2 38 35
1 2 40 34
5 2 38 34
6 2 31 38
4 2 31 21
5 2 42 22
3 2 42 22
3 2 35 22
7 2 41 23
1 2 48 24
6 2 47 24
8 2 47 24
7 2 47 23
6 2 34 20
8 2 34 21
3 2 40 20
4 2 40 20
8 2 40 19
4 2 40 18
2 2 35 22
4 2 39 23
2 2 41 24
7 2 44 25
5 2 44 24
6 2 43 25
4 2 47 26
8 2 47 26
5 2 45 26
6 2 47 27
3 2 47 27
4 2 47 26
7 2 45 25
1 2 45 26
8 2 45 26
6 2 40 24
1 2 36 23
3 2 38 24
6 2 34 22
2 2 37 21
7 2 36 23
6 2 35 21
4 3 35 21
8 2 34 23
7 2 40 24
3 2 34 20
6 2 31 20
5 2 38 19
3 2 31 2
7 2 33 2
1 2 32 2
6 2 33 3
5 2 31 3
2 2 31 2
7 3 30 100
8 3 30 100
1 2 30 98
6 2 30 75
4 2 30 62
4 2 31 61
6 2 30 63
8 2 34 64
3 2 31 64
8 2 36 65
7 2 35 65
3 2 30 61
1 2 30 62
7 3 30 59
8 2 30 59
1 2 30 57
4 2 30 51
5 2 30 46
1 3 29 100
5 2 29 100
4 2 29 98
4 2 30 97
3 2 31 98
8 2 30 96
5 2 29 62
6 2 31 63
2 2 29 61
1 3 29 59
4 2 29 57
4 2 29 30
4 3 29 12
8 2 34 10
3 2 31 13
7 2 34 14
5 2 29 2
3 2 28 99
6 2 28 79
2 2 29 78
4 3 28 78
6 2 33 77
5 2 32 78
6 2 28 62
8 2 28 62
6 2 28 52
8 2 33 53
1 2 29 53
3 2 29 54
6 2 28 35
1 2 38 34
6 2 37 36
7 2 35 34
2 2 35 34
1 2 36 35
8 3 35 35
5 3 34 35
7 2 33 34
4 2 33 33
6 3 32 34
5 2 28 36
1 2 30 37
6 2 29 37
4 2 29 37
2 2 29 37
2 2 30 38
7 2 31 39
1 2 30 39
4 2 34 40
5 2 31 40
2 2 30 39
1 2 28 36
3 2 30 36
5 2 30 35
8 2 30 35
3 2 28 34
2 2 30 33
2 2 36 32
7 3 36 32
3 2 33 32
8 2 29 33
7 2 29 32
1 2 28 32
6 2 32 31
5 2 36 30
4 3 32 31
7 2 34 30
6 2 35 29
4 2 45 28
2 2 42 28
1 2 39 28
8 2 38 28
2 2 35 28
3 2 36 27
8 2 40 26
8 2 34 29
3 2 33 30
2 2 28 33
6 2 28 25
2 2 29 24
7 2 32 23
5 2 31 23
8 2 33 24
7 2 35 25
4 2 35 24
2 2 32 24
5 2 32 22
4 2 31 22
4 3 28 24
6 2 28 17
4 2 41 16
7 2 35 16
7 2 33 16
7 2 40 17
1 3 40 16
8 3 39 17
1 2 36 15
5 2 34 17
4 2 35 18
8 2 34 17
8 2 34 15
2 2 36 14
7 3 36 14
3 2 35 14
5 2 28 18
1 2 30 19
1 2 32 18
6 2 29 19
4 2 29 19
2 2 29 19
2 2 30 20
3 2 30 18
5 2 30 17
1 2 28 18
3 2 28 16
6 2 34 15
6 2 35 14
7 2 35 14
4 2 35 13
2 2 30 15
8 2 29 15
7 2 29 14
1 2 28 14
6 2 28 6
2 2 29 5
4 3 28 5
5 2 32 5
8 2 28 2
5 2 27 80
6 2 31 81
2 2 35 82
3 3 27 62
5 2 27 63
4 2 28 64
1 2 27 63
4 2 27 60
5 2 27 53
4 2 27 51
6 2 29 50
2 3 29 50
5 2 29 49
2 2 29 48
8 2 29 47
1 2 29 46
7 2 27 37
4 2 28 36
8 2 27 38
3 2 27 39
5 2 29 40
3 2 33 41
6 2 34 42
1 3 29 39
4 2 27 33
3 2 29 32
2 2 32 31
1 3 32 30
5 2 29 31
8 2 28 31
6 2 29 30
8 2 29 29
1 2 28 30
2 2 28 29
1 2 39 28
5 2 36 28
4 2 35 28
4 2 31 28
3 2 29 28
7 2 34 27
6 2 31 27
1 2 29 27
5 2 38 26
5 2 27 26
7 2 27 19
8 2 27 20
1 2 32 21
7 2 28 21
6 2 29 22
3 2 27 21
2 2 28 22
4 2 27 15
2 2 27 16
5 2 27 7
6 2 31 8
6 2 26 98
8 2 27 99
1 2 27 97
5 2 26 96
2 2 26 96
2 2 26 64
2 2 32 65
7 2 36 66
7 2 26 62
6 2 26 57
1 2 27 56
3 2 26 36
6 2 26 30
3 2 26 18
6 3 26 12
1 2 27 10
4 2 31 11
1 2 30 9
7 2 25 84
3 2 33 85
1 2 27 83
1 2 30 82
6 2 25 79
3 2 31 78
7 2 31 77
5 2 25 64
6 2 25 52
5 2 25 37
6 2 25 25
1 2 25 21
5 2 25 19
8 2 25 13
6 2 25 6
6 2 32 5
3 3 32 5
4 2 32 6
8 2 31 6
1 2 31 7
2 2 31 6
3 2 24 98
2 2 26 99
5 2 26 98
2 2 24 63
3 2 24 57
2 2 24 36
3 2 24 30
6 2 24 21
2 2 24 18
3 2 24 11
8 2 22 76
2 2 29 75
7 2 24 77
2 2 22 66
8 2 22 49
7 2 24 50
3 2 26 49
8 2 27 50
1 2 27 50
2 2 22 39
8 2 22 22
7 2 24 23
4 3 21 98
6 2 21 97
8 2 21 95
2 2 21 94
2 2 26 94
8 2 26 93
1 2 30 92
8 2 40 91
1 2 41 90
4 2 40 90
8 2 41 89
4 2 41 88
3 2 39 91
5 2 38 91
3 2 29 94
5 3 21 93
3 2 31 93
4 2 31 93
6 2 22 94
5 2 26 93
6 2 30 92
2 2 32 91
8 2 29 92
4 2 34 91
3 2 25 95
7 2 25 93
2 2 26 92
5 2 30 91
1 2 30 90
6 3 26 92
8 2 28 91
1 2 25 92
4 2 26 91
3 2 29 90
8 2 30 89
1 2 40 88
7 2 35 88
7 2 33 88
1 2 36 87
8 2 34 87
3 2 26 90
5 2 30 89
5 2 33 88
4 2 33 87
6 2 32 87
4 2 24 95
1 2 23 93
7 2 21 88
5 2 26 88
5 2 31 89
8 2 31 89
6 2 26 89
2 2 30 88
7 2 24 89
7 2 28 88
5 2 24 90
7 2 25 91
2 2 24 88
1 3 24 88
8 2 21 87
4 2 22 88
2 2 21 86
3 2 31 86
2 2 26 86
5 2 33 85
2 2 32 85
4 2 31 85
6 2 31 84
2 2 30 84
5 2 30 85
6 2 23 87
7 2 29 86
2 2 29 86
7 2 28 86
3 2 27 86
5 3 21 85
8 2 21 87
3 2 21 88
6 2 21 89
2 2 24 90
4 3 21 85
6 2 24 83
5 2 33 82
1 2 32 82
6 2 26 84
4 2 28 83
8 2 30 82
4 2 30 81
3 3 30 81
5 2 28 82
4 2 27 85
2 2 27 84
8 2 24 84
6 3 21 83
6 2 27 82
4 2 21 82
1 2 21 81
8 2 21 80
5 3 21 80
2 2 21 78
1 2 26 78
8 2 24 78
2 2 26 77
5 2 28 76
7 2 25 77
7 3 21 78
7 2 22 79
6 3 21 75
1 2 22 75
7 2 28 74
2 2 32 73
1 2 29 73
8 2 28 73
8 2 24 74
5 2 28 73
3 2 32 72
2 2 25 73
3 2 26 72
5 2 31 71
7 2 35 70
5 2 35 69
7 2 33 70
4 2 33 69
8 3 31 71
3 2 23 76
7 2 23 75
6 2 24 74
1 2 21 64
8 2 22 64
1 2 24 65
3 2 35 66
2 2 28 66
3 2 26 66
8 2 25 66
6 2 23 65
6 2 29 66
7 2 24 66
1 2 28 67
3 2 30 68
6 2 24 67
7 2 22 65
3 2 21 65
4 2 26 66
1 2 23 66
2 2 25 67
7 2 27 68
2 2 31 69
6 2 30 69
7 2 29 69
5 2 27 67
4 2 23 67
8 2 24 68
4 2 27 69
3 2 24 67
4 2 22 64
4 3 21 66
5 2 21 67
7 2 23 68
3 2 27 69
6 2 21 66
5 3 21 64
4 3 21 57
6 2 28 58
3 2 28 58
8 2 24 57
6 2 21 56
5 2 28 55
8 2 28 55
7 2 21 43
4 2 32 43
5 2 33 42
7 2 33 41
2 2 32 43
2 2 34 43
7 2 32 44
7 2 29 43
6 2 31 44
6 2 27 44
5 2 26 43
5 2 30 44
7 2 24 44
3 2 27 45
4 2 26 45
8 2 25 43
3 2 30 42
8 2 31 41
5 2 24 45
2 2 24 43
1 2 23 43
6 2 25 42
8 2 21 42
2 2 21 41
5 3 21 40
8 2 25 40
2 2 24 41
7 2 24 40
4 2 21 40
6 2 23 39
1 2 21 37
8 2 22 37
1 2 23 36
8 2 24 35
1 2 25 34
3 2 21 38
1 2 22 39
4 3 21 30
6 3 21 29
5 2 28 28
8 2 22 29
7 2 21 30
4 2 21 28
6 2 27 28
1 2 29 27
8 2 29 26
5 2 28 27
3 2 30 26
4 3 30 25
3 2 27 27
1 2 21 27
8 2 21 26
5 3 21 26
5 2 29 25
2 2 21 24
1 2 26 24
8 2 24 24
7 2 25 23
7 3 21 24
7 2 22 25
6 3 21 21
5 2 22 22
3 3 22 23
2 2 22 23
6 2 21 23
4 3 21 22
3 2 21 12
3 2 30 13
6 2 28 12
7 2 29 11
1 2 27 12
8 2 27 11
6 2 26 11
2 2 27 10
4 2 26 12
5 2 26 11
2 2 24 12
2 2 25 13
7 2 23 12
1 2 22 12
5 2 21 13
4 3 21 11
8 2 23 10
3 2 29 9
4 2 30 8
8 2 29 8
5 2 29 7
5 2 28 9
6 2 28 8
3 2 27 8
7 4 20 94
1 2 21 95
8 2 22 96
8 2 20 94
4 2 20 89
7 3 20 86
1 2 20 84
1 2 22 85
3 2 22 84
8 2 20 82
4 2 20 78
6 2 21 79
4 2 20 76
2 2 21 75
5 2 22 74
3 3 22 74
4 3 21 73
1 2 20 73
4 2 27 72
6 2 21 72
5 2 28 71
2 2 27 71
3 2 20 72
1 2 21 72
8 2 21 71
3 2 23 71
4 2 23 70
6 2 20 64
4 2 20 44
2 2 24 45
8 2 24 46
4 2 21 43
6 2 20 45
3 2 21 46
5 2 27 47
3 2 20 43
7 3 20 41
8 2 20 41
1 2 23 42
5 2 20 37
4 2 21 36
1 2 20 30
5 2 21 31
2 2 20 30
4 2 20 24
6 2 20 11
1 2 20 10
4 2 19 84
2 2 19 82
5 2 19 72
5 2 19 44
1 2 19 45
1 3 19 41
5 2 19 12
1 2 18 94
2 2 19 95
6 2 22 96
6 2 19 96
6 2 18 89
1 2 24 90
6 2 24 90
3 2 22 90
4 3 22 89
8 2 21 89
1 2 19 90
6 2 19 91
2 2 19 88
5 2 18 90
3 2 18 88
1 2 18 86
5 2 18 82
6 2 18 79
8 2 26 80
1 2 26 80
5 2 22 80
8 2 22 80
7 2 22 79
3 2 22 78
1 2 19 80
4 2 18 72
5 2 20 71
6 2 20 72
7 3 20 70
2 2 24 70
6 2 24 70
6 2 18 70
2 2 19 69
1 2 21 70
6 2 20 70
5 2 21 69
8 2 20 69
1 2 18 71
4 3 18 69
6 2 18 53
7 2 25 52
5 2 25 51
7 2 23 52
5 2 28 53
5 2 18 54
1 2 20 55
6 2 19 55
4 2 19 55
2 2 20 56
7 2 21 57
1 2 20 57
5 2 21 58
2 3 21 57
5 2 19 58
1 2 18 54
4 2 25 54
8 2 25 53
3 2 18 52
2 2 20 51
8 2 19 51
3 2 23 50
7 2 19 50
3 2 27 49
4 2 22 49
7 2 25 48
1 2 23 48
7 2 26 47
6 2 22 48
1 2 18 50
6 2 18 44
8 2 18 44
6 2 18 25
2 2 26 26
1 2 19 26
4 2 23 27
3 2 19 27
6 2 19 25
6 2 18 16
2 2 19 15
4 3 18 15
5 2 22 15
1 2 25 16
4 2 24 16
7 2 24 17
6 2 22 14
8 2 18 12
4 2 17 95
7 2 17 94
4 2 17 87
5 2 17 80
3 2 18 81
2 2 18 82
4 2 18 80
4 2 17 78
6 2 19 77
2 3 19 77
5 2 19 76
5 2 17 71
8 2 17 71
4 2 17 51
2 2 17 52
3 3 17 44
6 2 19 46
4 2 18 46
8 2 24 47
2 2 22 47
4 2 17 42
7 2 17 41
5 2 17 39
5 2 17 26
4 2 17 24
2 2 18 23
5 2 17 17
6 2 21 18
8 2 22 17
4 2 22 18
3 2 23 19
3 2 16 90
6 2 16 84
1 2 17 83
3 2 16 54
7 2 17 55
3 2 19 54
8 2 17 56
3 2 17 57
1 2 18 58
2 2 16 55
4 2 17 54
5 2 18 53
8 3 18 53
5 2 15 91
6 2 15 79
6 2 15 70
5 2 15 55
5 2 15 46
7 2 15 30
1 2 17 29
6 2 15 25
5 2 19 26
8 2 19 26
7 2 19 25
6 2 15 16
1 2 21 17
8 2 21 18
2 2 14 90
3 2 14 84
2 2 14 54
6 2 15 55
2 2 14 45
3 2 14 39
7 2 13 48
2 2 12 98
7 2 20 99
5 2 20 99
8 2 12 76
7 2 14 77
6 2 18 76
4 2 18 76
3 2 16 76
8 2 12 67
7 2 14 68
2 2 12 57
8 2 12 22
7 2 14 23
2 2 11 100
2 2 16 100
5 3 11 99
6 2 17 99
2 2 19 98
1 2 19 97
7 2 19 97
4 2 19 96
6 2 12 100
8 2 15 99
4 5 11 99
4 2 14 100
7 2 11 98
8 2 14 97
1 2 13 99
8 2 13 99
3 2 11 99
8 3 11 95
7 2 16 96
2 2 15 96
5 2 15 96
2 3 11 94
5 4 11 94
6 2 11 95
3 2 13 96
5 2 12 96
1 3 11 96
7 3 11 88
1 3 13 89
4 2 12 88
6 2 15 87
5 2 14 87
8 2 15 86
8 4 11 88
2 2 11 88
2 3 11 86
4 2 14 86
7 2 14 86
2 2 14 85
8 2 15 84
5 3 11 85
4 4 11 84
6 4 11 82
1 3 11 81
8 3 11 80
5 4 11 79
1 2 18 79
4 2 17 79
2 2 17 79
7 2 13 79
2 2 13 79
2 3 11 78
5 2 12 79
6 2 12 78
7 5 11 79
3 3 11 77
4 2 12 76
7 2 15 75
8 2 19 74
2 2 19 73
1 2 17 74
1 2 13 75
6 2 14 74
6 6 12 75
7 2 11 61
7 2 19 61
1 2 23 62
2 2 20 62
4 2 21 61
5 2 24 60
8 2 20 61
6 2 24 60
3 3 24 60
7 2 23 59
6 2 17 62
5 2 16 61
7 2 14 62
3 2 17 63
4 3 17 62
1 2 17 64
8 2 15 61
5 2 14 63
2 2 14 61
1 2 13 61
1 2 16 60
6 3 16 60
2 2 16 59
8 2 11 60
2 2 11 59
3 2 15 59
8 2 15 58
5 3 11 58
6 2 15 58
4 5 11 58
7 2 12 59
7 2 11 57
7 3 11 43
1 3 13 44
2 2 17 42
4 2 12 43
5 2 14 42
8 4 11 43
7 2 13 44
3 2 13 42
4 2 14 41
6 2 13 41
2 2 14 40
8 2 15 39
7 2 18 38
4 2 18 38
8 2 18 37
2 2 16 38
6 2 15 38
7 2 15 38
8 2 13 40
2 2 11 43
2 3 11 41
5 3 11 40
4 2 11 39
7 2 11 34
4 2 22 34
5 2 24 33
2 2 22 34
1 2 22 34
7 2 19 34
6 2 17 35
5 2 16 34
7 2 14 35
6 2 19 36
3 2 17 36
4 2 16 36
7 2 17 35
8 2 15 34
5 2 14 36
1 2 15 37
2 2 14 34
1 2 13 34
6 2 15 33
8 2 11 33
2 2 11 32
5 3 11 31
8 2 22 32
6 2 20 32
7 2 18 32
8 2 15 31
2 2 14 32
1 2 14 31
6 2 15 30
3 2 14 30
4 6 11 31
3 2 17 32
2 2 16 32
4 2 16 31
3 2 15 32
6 4 11 28
6 2 17 28
1 3 11 27
2 2 15 28
5 2 14 28
8 3 11 26
5 4 11 25
7 2 13 25
2 2 13 25
2 3 11 24
7 5 11 25
3 2 15 26
2 2 15 25
5 2 11 24
3 2 11 22
4 2 12 22
1 2 13 21
1 2 17 20
1 2 20 19
6 6 12 21
4 2 19 20
2 2 17 20
5 2 18 19
8 2 18 19
7 3 10 100
1 3 10 84
4 2 10 82
1 2 10 64
8 2 16 65
7 2 15 65
2 2 14 64
6 2 13 64
8 2 13 63
4 2 11 64
8 2 11 65
4 2 10 62
4 2 11 61
6 2 10 63
6 2 10 60
7 3 10 59
4 2 11 59
8 3 11 58
2 2 10 59
1 2 10 39
6 2 10 40
3 2 10 40
1 2 10 37
4 2 11 37
2 2 12 38
8 2 11 38
2 2 13 37
1 2 11 39
3 2 11 38
5 2 11 37
6 2 12 37
4 2 10 35
4 2 11 34
6 2 10 36
6 2 10 33
7 3 10 32
8 2 10 33
4 2 10 28
1 2 15 28
3 2 10 12
6 2 14 12
4 3 10 11
7 2 18 10
4 2 25 9
2 2 22 9
8 2 18 9
3 2 15 12
2 2 14 12
8 2 14 10
2 2 15 9
3 2 16 8
8 2 20 7
7 2 25 6
1 2 27 5
2 2 28 4
7 3 28 4
8 2 25 5
7 2 23 6
6 2 10 11
1 3 11 12
6 2 14 10
3 2 11 10
5 2 17 9
1 2 17 8
4 2 15 9
6 2 15 9
7 2 11 11
5 2 11 10
1 2 16 9
7 2 15 9
2 2 11 10
4 2 11 9
7 2 9 84
8 2 9 82
2 2 9 82
4 2 9 78
2 2 9 77
3 2 9 60
3 2 9 33
2 2 9 30
8 2 9 28
8 2 10 29
7 2 14 28
4 2 12 28
2 3 10 28
1 2 10 28
4 2 9 24
4 2 9 13
7 2 14 14
8 2 9 11
7 2 8 93
3 2 10 92
8 2 18 93
2 2 18 92
3 2 17 92
4 2 14 93
3 2 14 93
1 2 10 91
8 2 8 94
4 2 8 84
5 2 8 31
5 2 8 12
3 2 10 13
3 2 20 14
7 2 20 14
6 2 19 15
1 2 19 15
5 2 19 16
2 2 19 14
4 2 18 15
1 2 7 94
2 2 10 93
8 2 9 93
6 2 7 89
6 2 11 90
8 2 11 91
4 3 11 90
6 2 9 90
1 2 9 90
5 2 7 90
3 2 7 88
1 2 7 86
6 2 7 79
1 2 8 80
3 2 8 81
6 2 7 70
2 2 10 69
7 2 13 70
7 2 10 68
2 2 8 69
3 2 11 68
2 2 15 67
5 2 11 67
6 2 13 67
7 2 12 68
4 3 12 67
3 2 13 66
1 2 12 66
6 2 8 68
4 3 7 69
2 2 7 68
4 2 10 67
5 2 12 66
6 2 10 66
7 2 9 67
6 2 7 53
1 2 15 52
6 2 11 54
5 2 7 54
1 2 9 55
6 3 9 55
7 2 11 54
1 3 11 54
3 3 10 56
4 2 9 54
5 2 9 53
7 2 9 52
6 2 14 52
5 2 14 51
1 2 13 52
4 2 13 51
8 2 8 54
1 2 7 54
3 2 7 52
2 2 9 51
2 2 16 50
6 2 13 50
5 2 16 49
2 2 19 48
1 2 19 48
3 2 16 49
4 2 17 49
8 2 16 48
6 2 20 47
8 4 9 52
8 2 14 50
7 2 8 50
6 2 15 49
1 2 7 50
2 2 14 49
4 2 11 49
2 2 7 51
3 2 8 50
7 2 8 50
5 2 8 49
3 2 12 49
8 2 7 49
6 2 7 44
6 2 11 45
4 2 10 45
6 2 9 45
5 2 12 46
1 2 11 46
3 3 11 47
1 2 13 47
2 2 11 47
8 2 10 47
5 2 7 45
1 2 7 45
4 3 7 46
4 2 11 47
3 2 7 43
1 2 7 41
6 2 7 25
1 2 8 26
3 2 8 27
6 2 7 16
2 2 10 15
7 2 13 16
5 2 15 17
8 2 15 17
7 2 15 16
2 2 14 16
6 2 13 16
8 2 13 15
7 2 10 14
2 2 8 15
6 2 8 14
4 3 7 15
2 2 7 14
8 2 7 12
4 2 6 95
7 2 6 94
4 2 6 87
7 2 7 86
8 2 7 85
5 2 7 84
2 2 6 88
5 2 6 80
4 2 6 78
5 2 6 71
4 2 15 72
5 2 9 70
7 2 8 70
6 2 9 71
8 2 9 71
3 2 8 72
4 2 9 73
8 2 12 74
1 2 9 72
4 2 6 51
8 2 6 45
4 2 6 42
7 2 7 41
8 2 7 40
4 2 9 39
2 2 6 43
5 2 6 39
5 2 6 26
4 2 6 24
3 2 11 23
7 2 11 22
6 2 8 23
2 3 8 23
5 2 8 22
3 2 9 21
8 2 13 20
4 3 9 20
4 2 11 20
2 2 12 19
4 2 14 18
6 4 11 19
1 3 10 18
5 2 6 17
3 2 11 18
5 2 9 16
7 2 8 16
5 2 11 17
3 2 6 12
3 2 5 90
6 2 5 84
1 2 6 83
2 3 5 85
3 2 7 86
6 2 7 85
3 2 6 85
8 2 5 85
3 2 5 54
3 2 5 45
5 2 4 91
5 2 4 85
6 2 4 79
6 2 4 70
1 2 7 71
5 2 7 72
2 2 7 73
4 2 10 74
5 2 4 55
5 2 4 46
7 2 8 47
6 2 9 48
1 2 9 48
7 2 4 30
1 2 6 29
6 2 4 25
6 2 4 16
1 2 7 17
1 2 10 18
8 2 10 17
4 2 9 17
2 2 3 90
3 2 3 84
2 2 3 54
2 2 3 45
3 2 3 39
7 2 2 48
2 2 1 98
6 2 10 97
5 2 8 99
8 2 1 76
7 2 3 77
8 2 1 67
7 2 3 68
2 2 1 57
5 2 8 58
8 2 1 22
7 2 3 23
