74340
1640
7 2 50 199
6 2 50 197
7 2 50 189
6 2 50 187
7 2 50 179
6 2 50 177
7 2 50 169
6 2 50 167
7 2 50 159
6 2 50 157
7 2 50 149
6 2 50 147
7 2 50 139
6 2 50 137
7 2 50 129
6 2 50 127
7 2 50 119
6 2 50 117
7 2 50 109
6 2 50 107
7 2 50 99
6 2 50 97
7 2 50 89
6 2 50 87
7 2 50 79
6 2 50 77
7 2 50 69
6 2 50 67
7 2 50 59
6 2 50 57
7 2 50 49
6 2 50 47
7 2 50 39
6 2 50 37
7 2 50 29
6 2 50 27
7 2 50 19
6 2 50 17
7 2 50 9
6 2 50 7
6 2 49 199
5 2 49 197
6 2 49 189
5 2 49 187
6 2 49 179
5 2 49 177
6 2 49 169
5 2 49 167
6 2 49 159
5 2 49 157
6 2 49 149
5 2 49 147
6 2 49 139
5 2 49 137
6 2 49 129
5 2 49 127
6 2 49 119
5 2 49 117
6 2 49 109
5 2 49 107
6 2 49 99
5 2 49 97
6 2 49 89
5 2 49 87
6 2 49 79
5 2 49 77
6 2 49 69
5 2 49 67
6 2 49 59
5 2 49 57
6 2 49 49
5 2 49 47
6 2 49 39
5 2 49 37
6 2 49 29
5 2 49 27
6 2 49 19
5 2 49 17
6 2 49 9
5 2 49 7
5 2 48 199
7 2 48 197
5 2 48 189
7 2 48 187
5 2 48 179
7 2 48 177
5 2 48 169
7 2 48 167
5 2 48 159
7 2 48 157
5 2 48 149
7 2 48 147
5 2 48 139
7 2 48 137
5 2 48 129
7 2 48 127
5 2 48 119
7 2 48 117
5 2 48 109
7 2 48 107
5 2 48 99
7 2 48 97
5 2 48 89
7 2 48 87
5 2 48 79
7 2 48 77
5 2 48 69
7 2 48 67
5 2 48 59
7 2 48 57
5 2 48 49
7 2 48 47
5 2 48 39
7 2 48 37
5 2 48 29
7 2 48 27
5 2 48 19
7 2 48 17
5 2 48 9
7 2 48 7
7 2 47 199
6 2 47 197
7 2 47 189
6 2 47 187
7 2 47 179
6 2 47 177
7 2 47 169
6 2 47 167
7 2 47 159
6 2 47 157
7 2 47 149
6 2 47 147
7 2 47 139
6 2 47 137
7 2 47 129
6 2 47 127
7 2 47 119
6 2 47 117
7 2 47 109
6 2 47 107
7 2 47 99
6 2 47 97
7 2 47 89
6 2 47 87
7 2 47 79
6 2 47 77
7 2 47 69
6 2 47 67
7 2 47 59
6 2 47 57
7 2 47 49
6 2 47 47
7 2 47 39
6 2 47 37
7 2 47 29
6 2 47 27
7 2 47 19
6 2 47 17
7 2 47 9
6 2 47 7
6 2 46 199
5 2 46 197
6 2 46 189
5 2 46 187
6 2 46 179
5 2 46 177
6 2 46 169
5 2 46 167
6 2 46 159
5 2 46 157
6 2 46 149
5 2 46 147
6 2 46 139
5 2 46 137
6 2 46 129
5 2 46 127
6 2 46 119
5 2 46 117
6 2 46 109
5 2 46 107
6 2 46 99
5 2 46 97
6 2 46 89
5 2 46 87
6 2 46 79
5 2 46 77
6 2 46 69
5 2 46 67
6 2 46 59
5 2 46 57
6 2 46 49
5 2 46 47
6 2 46 39
5 2 46 37
6 2 46 29
5 2 46 27
6 2 46 19
5 2 46 17
6 2 46 9
5 2 46 7
5 2 45 199
7 2 45 197
5 2 45 189
7 2 45 187
5 2 45 179
7 2 45 177
5 2 45 169
7 2 45 167
5 2 45 159
7 2 45 157
5 2 45 149
7 2 45 147
5 2 45 139
7 2 45 137
5 2 45 129
7 2 45 127
5 2 45 119
7 2 45 117
5 2 45 109
7 2 45 107
5 2 45 99
7 2 45 97
5 2 45 89
7 2 45 87
5 2 45 79
7 2 45 77
5 2 45 69
7 2 45 67
5 2 45 59
7 2 45 57
5 2 45 49
7 2 45 47
5 2 45 39
7 2 45 37
5 2 45 29
7 2 45 27
5 2 45 19
7 2 45 17
5 2 45 9
7 2 45 7
7 2 44 199
6 2 44 197
7 2 44 189
6 2 44 187
7 2 44 179
6 2 44 177
7 2 44 169
6 2 44 167
7 2 44 159
6 2 44 157
7 2 44 149
6 2 44 147
7 2 44 139
6 2 44 137
7 2 44 129
6 2 44 127
7 2 44 119
6 2 44 117
7 2 44 109
6 2 44 107
7 2 44 99
6 2 44 97
7 2 44 89
6 2 44 87
7 2 44 79
6 2 44 77
7 2 44 69
6 2 44 67
7 2 44 59
6 2 44 57
7 2 44 49
6 2 44 47
7 2 44 39
6 2 44 37
7 2 44 29
6 2 44 27
7 2 44 19
6 2 44 17
7 2 44 9
6 2 44 7
6 2 43 199
5 2 43 197
6 2 43 189
5 2 43 187
6 2 43 179
5 2 43 177
6 2 43 169
5 2 43 167
6 2 43 159
5 2 43 157
6 2 43 149
5 2 43 147
6 2 43 139
5 2 43 137
6 2 43 129
5 2 43 127
6 2 43 119
5 2 43 117
6 2 43 109
5 2 43 107
6 2 43 99
5 2 43 97
6 2 43 89
5 2 43 87
6 2 43 79
5 2 43 77
6 2 43 69
5 2 43 67
6 2 43 59
5 2 43 57
6 2 43 49
5 2 43 47
6 2 43 39
5 2 43 37
6 2 43 29
5 2 43 27
6 2 43 19
5 2 43 17
6 2 43 9
5 2 43 7
5 2 42 199
7 2 42 197
5 2 42 189
7 2 42 187
5 2 42 179
7 2 42 177
5 2 42 169
7 2 42 167
5 2 42 159
7 2 42 157
5 2 42 149
7 2 42 147
5 2 42 139
7 2 42 137
5 2 42 129
7 2 42 127
5 2 42 119
7 2 42 117
5 2 42 109
7 2 42 107
5 2 42 99
7 2 42 97
5 2 42 89
7 2 42 87
5 2 42 79
7 2 42 77
5 2 42 69
7 2 42 67
5 2 42 59
7 2 42 57
5 2 42 49
7 2 42 47
5 2 42 39
7 2 42 37
5 2 42 29
7 2 42 27
5 2 42 19
7 2 42 17
5 2 42 9
7 2 42 7
7 2 41 199
6 2 41 197
7 2 41 189
6 2 41 187
7 2 41 179
6 2 41 177
7 2 41 169
6 2 41 167
7 2 41 159
6 2 41 157
7 2 41 149
6 2 41 147
7 2 41 139
6 2 41 137
7 2 41 129
6 2 41 127
7 2 41 119
6 2 41 117
7 2 41 109
6 2 41 107
7 2 41 99
6 2 41 97
7 2 41 89
6 2 41 87
7 2 41 79
6 2 41 77
7 2 41 69
6 2 41 67
7 2 41 59
6 2 41 57
7 2 41 49
6 2 41 47
7 2 41 39
6 2 41 37
7 2 41 29
6 2 41 27
7 2 41 19
6 2 41 17
7 2 41 9
6 2 41 7
6 2 40 199
5 2 40 197
6 2 40 189
5 2 40 187
6 2 40 179
5 2 40 177
6 2 40 169
5 2 40 167
6 2 40 159
5 2 40 157
6 2 40 149
5 2 40 147
6 2 40 139
5 2 40 137
6 2 40 129
5 2 40 127
6 2 40 119
5 2 40 117
6 2 40 109
5 2 40 107
6 2 40 99
5 2 40 97
6 2 40 89
5 2 40 87
6 2 40 79
5 2 40 77
6 2 40 69
5 2 40 67
6 2 40 59
5 2 40 57
6 2 40 49
5 2 40 47
6 2 40 39
5 2 40 37
6 2 40 29
5 2 40 27
6 2 40 19
5 2 40 17
6 2 40 9
5 2 40 7
5 2 39 199
7 2 39 197
5 2 39 189
7 2 39 187
5 2 39 179
7 2 39 177
5 2 39 169
7 2 39 167
5 2 39 159
7 2 39 157
5 2 39 149
7 2 39 147
5 2 39 139
7 2 39 137
5 2 39 129
7 2 39 127
5 2 39 119
7 2 39 117
5 2 39 109
7 2 39 107
5 2 39 99
7 2 39 97
5 2 39 89
7 2 39 87
5 2 39 79
7 2 39 77
5 2 39 69
7 2 39 67
5 2 39 59
7 2 39 57
5 2 39 49
7 2 39 47
5 2 39 39
7 2 39 37
5 2 39 29
7 2 39 27
5 2 39 19
7 2 39 17
5 2 39 9
7 2 39 7
7 2 38 199
6 2 38 197
7 2 38 189
6 2 38 187
7 2 38 179
6 2 38 177
7 2 38 169
6 2 38 167
7 2 38 159
6 2 38 157
7 2 38 149
6 2 38 147
7 2 38 139
6 2 38 137
7 2 38 129
6 2 38 127
7 2 38 119
6 2 38 117
7 2 38 109
6 2 38 107
7 2 38 99
6 2 38 97
7 2 38 89
6 2 38 87
7 2 38 79
6 2 38 77
7 2 38 69
6 2 38 67
7 2 38 59
6 2 38 57
7 2 38 49
6 2 38 47
7 2 38 39
6 2 38 37
7 2 38 29
6 2 38 27
7 2 38 19
6 2 38 17
7 2 38 9
6 2 38 7
6 2 37 199
5 2 37 197
6 2 37 189
5 2 37 187
6 2 37 179
5 2 37 177
6 2 37 169
5 2 37 167
6 2 37 159
5 2 37 157
6 2 37 149
5 2 37 147
6 2 37 139
5 2 37 137
6 2 37 129
5 2 37 127
6 2 37 119
5 2 37 117
6 2 37 109
5 2 37 107
6 2 37 99
5 2 37 97
6 2 37 89
5 2 37 87
6 2 37 79
5 2 37 77
6 2 37 69
5 2 37 67
6 2 37 59
5 2 37 57
6 2 37 49
5 2 37 47
6 2 37 39
5 2 37 37
6 2 37 29
5 2 37 27
6 2 37 19
5 2 37 17
6 2 37 9
5 2 37 7
5 2 36 199
7 2 36 197
5 2 36 189
7 2 36 187
5 2 36 179
7 2 36 177
5 2 36 169
7 2 36 167
5 2 36 159
7 2 36 157
5 2 36 149
7 2 36 147
5 2 36 139
7 2 36 137
5 2 36 129
7 2 36 127
5 2 36 119
7 2 36 117
5 2 36 109
7 2 36 107
5 2 36 99
7 2 36 97
5 2 36 89
7 2 36 87
5 2 36 79
7 2 36 77
5 2 36 69
7 2 36 67
5 2 36 59
7 2 36 57
5 2 36 49
7 2 36 47
5 2 36 39
7 2 36 37
5 2 36 29
7 2 36 27
5 2 36 19
7 2 36 17
5 2 36 9
7 2 36 7
7 2 35 199
6 2 35 197
7 2 35 189
6 2 35 187
7 2 35 179
6 2 35 177
7 2 35 169
6 2 35 167
7 2 35 159
6 2 35 157
7 2 35 149
6 2 35 147
7 2 35 139
6 2 35 137
7 2 35 129
6 2 35 127
7 2 35 119
6 2 35 117
7 2 35 109
6 2 35 107
7 2 35 99
6 2 35 97
7 2 35 89
6 2 35 87
7 2 35 79
6 2 35 77
7 2 35 69
6 2 35 67
7 2 35 59
6 2 35 57
7 2 35 49
6 2 35 47
7 2 35 39
6 2 35 37
7 2 35 29
6 2 35 27
7 2 35 19
6 2 35 17
7 2 35 9
6 2 35 7
6 2 34 199
5 2 34 197
8 40 34 195
6 2 34 189
5 2 34 187
8 40 34 185
6 2 34 179
5 2 34 177
8 40 34 175
6 2 34 169
5 2 34 167
8 40 34 165
6 2 34 159
5 2 34 157
8 40 34 155
6 2 34 149
5 2 34 147
8 40 34 145
6 2 34 139
5 2 34 137
8 40 34 135
6 2 34 129
5 2 34 127
8 40 34 125
6 2 34 119
5 2 34 117
8 40 34 115
6 2 34 109
5 2 34 107
8 40 34 105
6 2 34 99
5 2 34 97
8 40 34 95
6 2 34 89
5 2 34 87
8 40 34 85
6 2 34 79
5 2 34 77
8 40 34 75
6 2 34 69
5 2 34 67
8 40 34 65
6 2 34 59
5 2 34 57
8 40 34 55
6 2 34 49
5 2 34 47
8 40 34 45
6 2 34 39
5 2 34 37
8 40 34 35
6 2 34 29
5 2 34 27
8 40 34 25
6 2 34 19
5 2 34 17
8 40 34 15
6 2 34 9
5 2 34 7
8 40 34 5
5 2 33 199
7 2 33 197
5 2 33 189
7 2 33 187
5 2 33 179
7 2 33 177
5 2 33 169
7 2 33 167
5 2 33 159
7 2 33 157
5 2 33 149
7 2 33 147
5 2 33 139
7 2 33 137
5 2 33 129
7 2 33 127
5 2 33 119
7 2 33 117
5 2 33 109
7 2 33 107
5 2 33 99
7 2 33 97
5 2 33 89
7 2 33 87
5 2 33 79
7 2 33 77
5 2 33 69
7 2 33 67
5 2 33 59
7 2 33 57
5 2 33 49
7 2 33 47
5 2 33 39
7 2 33 37
5 2 33 29
7 2 33 27
5 2 33 19
7 2 33 17
5 2 33 9
7 2 33 7
7 2 32 199
6 2 32 197
7 2 32 189
6 2 32 187
7 2 32 179
6 2 32 177
7 2 32 169
6 2 32 167
7 2 32 159
6 2 32 157
7 2 32 149
6 2 32 147
7 2 32 139
6 2 32 137
7 2 32 129
6 2 32 127
7 2 32 119
6 2 32 117
7 2 32 109
6 2 32 107
7 2 32 99
6 2 32 97
7 2 32 89
6 2 32 87
7 2 32 79
6 2 32 77
7 2 32 69
6 2 32 67
7 2 32 59
6 2 32 57
7 2 32 49
6 2 32 47
7 2 32 39
6 2 32 37
7 2 32 29
6 2 32 27
7 2 32 19
6 2 32 17
7 2 32 9
6 2 32 7
6 2 31 199
5 2 31 197
6 2 31 189
5 2 31 187
6 2 31 179
5 2 31 177
6 2 31 169
5 2 31 167
6 2 31 159
5 2 31 157
6 2 31 149
5 2 31 147
6 2 31 139
5 2 31 137
6 2 31 129
5 2 31 127
6 2 31 119
5 2 31 117
6 2 31 109
5 2 31 107
6 2 31 99
5 2 31 97
6 2 31 89
5 2 31 87
6 2 31 79
5 2 31 77
6 2 31 69
5 2 31 67
6 2 31 59
5 2 31 57
6 2 31 49
5 2 31 47
6 2 31 39
5 2 31 37
6 2 31 29
5 2 31 27
6 2 31 19
5 2 31 17
6 2 31 9
5 2 31 7
5 2 30 199
7 2 30 197
5 2 30 189
7 2 30 187
5 2 30 179
7 2 30 177
5 2 30 169
7 2 30 167
5 2 30 159
7 2 30 157
5 2 30 149
7 2 30 147
5 2 30 139
7 2 30 137
5 2 30 129
7 2 30 127
5 2 30 119
7 2 30 117
5 2 30 109
7 2 30 107
5 2 30 99
7 2 30 97
5 2 30 89
7 2 30 87
5 2 30 79
7 2 30 77
5 2 30 69
7 2 30 67
5 2 30 59
7 2 30 57
5 2 30 49
7 2 30 47
5 2 30 39
7 2 30 37
5 2 30 29
7 2 30 27
5 2 30 19
7 2 30 17
5 2 30 9
7 2 30 7
7 2 29 199
6 2 29 197
7 2 29 189
6 2 29 187
7 2 29 179
6 2 29 177
7 2 29 169
6 2 29 167
7 2 29 159
6 2 29 157
7 2 29 149
6 2 29 147
7 2 29 139
6 2 29 137
7 2 29 129
6 2 29 127
7 2 29 119
6 2 29 117
7 2 29 109
6 2 29 107
7 2 29 99
6 2 29 97
7 2 29 89
6 2 29 87
7 2 29 79
6 2 29 77
7 2 29 69
6 2 29 67
7 2 29 59
6 2 29 57
7 2 29 49
6 2 29 47
7 2 29 39
6 2 29 37
7 2 29 29
6 2 29 27
7 2 29 19
6 2 29 17
7 2 29 9
6 2 29 7
6 2 28 199
5 2 28 197
6 2 28 189
5 2 28 187
6 2 28 179
5 2 28 177
6 2 28 169
5 2 28 167
6 2 28 159
5 2 28 157
6 2 28 149
5 2 28 147
6 2 28 139
5 2 28 137
6 2 28 129
5 2 28 127
6 2 28 119
5 2 28 117
6 2 28 109
5 2 28 107
6 2 28 99
5 2 28 97
6 2 28 89
5 2 28 87
6 2 28 79
5 2 28 77
6 2 28 69
5 2 28 67
6 2 28 59
5 2 28 57
6 2 28 49
5 2 28 47
6 2 28 39
5 2 28 37
6 2 28 29
5 2 28 27
6 2 28 19
5 2 28 17
6 2 28 9
5 2 28 7
5 2 27 199
7 2 27 197
5 2 27 189
7 2 27 187
5 2 27 179
7 2 27 177
5 2 27 169
7 2 27 167
5 2 27 159
7 2 27 157
5 2 27 149
7 2 27 147
5 2 27 139
7 2 27 137
5 2 27 129
7 2 27 127
5 2 27 119
7 2 27 117
5 2 27 109
7 2 27 107
5 2 27 99
7 2 27 97
5 2 27 89
7 2 27 87
5 2 27 79
7 2 27 77
5 2 27 69
7 2 27 67
5 2 27 59
7 2 27 57
5 2 27 49
7 2 27 47
5 2 27 39
7 2 27 37
5 2 27 29
7 2 27 27
5 2 27 19
7 2 27 17
5 2 27 9
7 2 27 7
7 2 26 199
6 2 26 197
7 2 26 189
6 2 26 187
7 2 26 179
6 2 26 177
7 2 26 169
6 2 26 167
7 2 26 159
6 2 26 157
7 2 26 149
6 2 26 147
7 2 26 139
6 2 26 137
7 2 26 129
6 2 26 127
7 2 26 119
6 2 26 117
7 2 26 109
6 2 26 107
7 2 26 99
6 2 26 97
7 2 26 89
6 2 26 87
7 2 26 79
6 2 26 77
7 2 26 69
6 2 26 67
7 2 26 59
6 2 26 57
7 2 26 49
6 2 26 47
7 2 26 39
6 2 26 37
7 2 26 29
6 2 26 27
7 2 26 19
6 2 26 17
7 2 26 9
6 2 26 7
6 2 25 199
5 2 25 197
6 2 25 189
5 2 25 187
6 2 25 179
5 2 25 177
6 2 25 169
5 2 25 167
6 2 25 159
5 2 25 157
6 2 25 149
5 2 25 147
6 2 25 139
5 2 25 137
6 2 25 129
5 2 25 127
6 2 25 119
5 2 25 117
6 2 25 109
5 2 25 107
6 2 25 99
5 2 25 97
6 2 25 89
5 2 25 87
6 2 25 79
5 2 25 77
6 2 25 69
5 2 25 67
6 2 25 59
5 2 25 57
6 2 25 49
5 2 25 47
6 2 25 39
5 2 25 37
6 2 25 29
5 2 25 27
6 2 25 19
5 2 25 17
6 2 25 9
5 2 25 7
5 2 24 199
7 2 24 197
5 2 24 189
7 2 24 187
5 2 24 179
7 2 24 177
5 2 24 169
7 2 24 167
5 2 24 159
7 2 24 157
5 2 24 149
7 2 24 147
5 2 24 139
7 2 24 137
5 2 24 129
7 2 24 127
5 2 24 119
7 2 24 117
5 2 24 109
7 2 24 107
5 2 24 99
7 2 24 97
5 2 24 89
7 2 24 87
5 2 24 79
7 2 24 77
5 2 24 69
7 2 24 67
5 2 24 59
7 2 24 57
5 2 24 49
7 2 24 47
5 2 24 39
7 2 24 37
5 2 24 29
7 2 24 27
5 2 24 19
7 2 24 17
5 2 24 9
7 2 24 7
7 2 23 199
6 2 23 197
7 2 23 189
6 2 23 187
7 2 23 179
6 2 23 177
7 2 23 169
6 2 23 167
7 2 23 159
6 2 23 157
7 2 23 149
6 2 23 147
7 2 23 139
6 2 23 137
7 2 23 129
6 2 23 127
7 2 23 119
6 2 23 117
7 2 23 109
6 2 23 107
7 2 23 99
6 2 23 97
7 2 23 89
6 2 23 87
7 2 23 79
6 2 23 77
7 2 23 69
6 2 23 67
7 2 23 59
6 2 23 57
7 2 23 49
6 2 23 47
7 2 23 39
6 2 23 37
7 2 23 29
6 2 23 27
7 2 23 19
6 2 23 17
7 2 23 9
6 2 23 7
6 2 22 199
5 2 22 197
6 2 22 189
5 2 22 187
6 2 22 179
5 2 22 177
6 2 22 169
5 2 22 167
6 2 22 159
5 2 22 157
6 2 22 149
5 2 22 147
6 2 22 139
5 2 22 137
6 2 22 129
5 2 22 127
6 2 22 119
5 2 22 117
6 2 22 109
5 2 22 107
6 2 22 99
5 2 22 97
6 2 22 89
5 2 22 87
6 2 22 79
5 2 22 77
6 2 22 69
5 2 22 67
6 2 22 59
5 2 22 57
6 2 22 49
5 2 22 47
6 2 22 39
5 2 22 37
6 2 22 29
5 2 22 27
6 2 22 19
5 2 22 17
6 2 22 9
5 2 22 7
5 2 21 199
7 2 21 197
5 2 21 189
7 2 21 187
5 2 21 179
7 2 21 177
5 2 21 169
7 2 21 167
5 2 21 159
7 2 21 157
5 2 21 149
7 2 21 147
5 2 21 139
7 2 21 137
5 2 21 129
7 2 21 127
5 2 21 119
7 2 21 117
5 2 21 109
7 2 21 107
5 2 21 99
7 2 21 97
5 2 21 89
7 2 21 87
5 2 21 79
7 2 21 77
5 2 21 69
7 2 21 67
5 2 21 59
7 2 21 57
5 2 21 49
7 2 21 47
5 2 21 39
7 2 21 37
5 2 21 29
7 2 21 27
5 2 21 19
7 2 21 17
5 2 21 9
7 2 21 7
7 2 20 199
6 2 20 197
7 2 20 189
6 2 20 187
7 2 20 179
6 2 20 177
7 2 20 169
6 2 20 167
7 2 20 159
6 2 20 157
7 2 20 149
6 2 20 147
7 2 20 139
6 2 20 137
7 2 20 129
6 2 20 127
7 2 20 119
6 2 20 117
7 2 20 109
6 2 20 107
7 2 20 99
6 2 20 97
7 2 20 89
6 2 20 87
7 2 20 79
6 2 20 77
7 2 20 69
6 2 20 67
7 2 20 59
6 2 20 57
7 2 20 49
6 2 20 47
7 2 20 39
6 2 20 37
7 2 20 29
6 2 20 27
7 2 20 19
6 2 20 17
7 2 20 9
6 2 20 7
6 2 19 199
5 2 19 197
6 2 19 189
5 2 19 187
6 2 19 179
5 2 19 177
6 2 19 169
5 2 19 167
6 2 19 159
5 2 19 157
6 2 19 149
5 2 19 147
6 2 19 139
5 2 19 137
6 2 19 129
5 2 19 127
6 2 19 119
5 2 19 117
6 2 19 109
5 2 19 107
6 2 19 99
5 2 19 97
6 2 19 89
5 2 19 87
6 2 19 79
5 2 19 77
6 2 19 69
5 2 19 67
6 2 19 59
5 2 19 57
6 2 19 49
5 2 19 47
6 2 19 39
5 2 19 37
6 2 19 29
5 2 19 27
6 2 19 19
5 2 19 17
6 2 19 9
5 2 19 7
5 2 18 199
7 2 18 197
5 2 18 189
7 2 18 187
5 2 18 179
7 2 18 177
5 2 18 169
7 2 18 167
5 2 18 159
7 2 18 157
5 2 18 149
7 2 18 147
5 2 18 139
7 2 18 137
5 2 18 129
7 2 18 127
5 2 18 119
7 2 18 117
5 2 18 109
7 2 18 107
5 2 18 99
7 2 18 97
5 2 18 89
7 2 18 87
5 2 18 79
7 2 18 77
5 2 18 69
7 2 18 67
5 2 18 59
7 2 18 57
5 2 18 49
7 2 18 47
5 2 18 39
7 2 18 37
5 2 18 29
7 2 18 27
5 2 18 19
7 2 18 17
5 2 18 9
7 2 18 7
7 2 17 199
6 2 17 197
7 2 17 189
6 2 17 187
7 2 17 179
6 2 17 177
7 2 17 169
6 2 17 167
7 2 17 159
6 2 17 157
7 2 17 149
6 2 17 147
7 2 17 139
6 2 17 137
7 2 17 129
6 2 17 127
7 2 17 119
6 2 17 117
7 2 17 109
6 2 17 107
7 2 17 99
6 2 17 97
7 2 17 89
6 2 17 87
7 2 17 79
6 2 17 77
7 2 17 69
6 2 17 67
7 2 17 59
6 2 17 57
7 2 17 49
6 2 17 47
7 2 17 39
6 2 17 37
7 2 17 29
6 2 17 27
7 2 17 19
6 2 17 17
7 2 17 9
6 2 17 7
6 2 16 199
5 2 16 197
6 2 16 189
5 2 16 187
6 2 16 179
5 2 16 177
6 2 16 169
5 2 16 167
6 2 16 159
5 2 16 157
6 2 16 149
5 2 16 147
6 2 16 139
5 2 16 137
6 2 16 129
5 2 16 127
6 2 16 119
5 2 16 117
6 2 16 109
5 2 16 107
6 2 16 99
5 2 16 97
6 2 16 89
5 2 16 87
6 2 16 79
5 2 16 77
6 2 16 69
5 2 16 67
6 2 16 59
5 2 16 57
6 2 16 49
5 2 16 47
6 2 16 39
5 2 16 37
6 2 16 29
5 2 16 27
6 2 16 19
5 2 16 17
6 2 16 9
5 2 16 7
5 2 15 199
7 2 15 197
5 2 15 189
7 2 15 187
5 2 15 179
7 2 15 177
5 2 15 169
7 2 15 167
5 2 15 159
7 2 15 157
5 2 15 149
7 2 15 147
5 2 15 139
7 2 15 137
5 2 15 129
7 2 15 127
5 2 15 119
7 2 15 117
5 2 15 109
7 2 15 107
5 2 15 99
7 2 15 97
5 2 15 89
7 2 15 87
5 2 15 79
7 2 15 77
5 2 15 69
7 2 15 67
5 2 15 59
7 2 15 57
5 2 15 49
7 2 15 47
5 2 15 39
7 2 15 37
5 2 15 29
7 2 15 27
5 2 15 19
7 2 15 17
5 2 15 9
7 2 15 7
7 2 14 199
6 2 14 197
7 2 14 189
6 2 14 187
7 2 14 179
6 2 14 177
7 2 14 169
6 2 14 167
7 2 14 159
6 2 14 157
7 2 14 149
6 2 14 147
7 2 14 139
6 2 14 137
7 2 14 129
6 2 14 127
7 2 14 119
6 2 14 117
7 2 14 109
6 2 14 107
7 2 14 99
6 2 14 97
7 2 14 89
6 2 14 87
7 2 14 79
6 2 14 77
7 2 14 69
6 2 14 67
7 2 14 59
6 2 14 57
7 2 14 49
6 2 14 47
7 2 14 39
6 2 14 37
7 2 14 29
6 2 14 27
7 2 14 19
6 2 14 17
7 2 14 9
6 2 14 7
6 2 13 199
5 2 13 197
6 2 13 189
5 2 13 187
6 2 13 179
5 2 13 177
6 2 13 169
5 2 13 167
6 2 13 159
5 2 13 157
6 2 13 149
5 2 13 147
6 2 13 139
5 2 13 137
6 2 13 129
5 2 13 127
6 2 13 119
5 2 13 117
6 2 13 109
5 2 13 107
6 2 13 99
5 2 13 97
6 2 13 89
5 2 13 87
6 2 13 79
5 2 13 77
6 2 13 69
5 2 13 67
6 2 13 59
5 2 13 57
6 2 13 49
5 2 13 47
6 2 13 39
5 2 13 37
6 2 13 29
5 2 13 27
6 2 13 19
5 2 13 17
6 2 13 9
5 2 13 7
5 2 12 199
7 2 12 197
5 2 12 189
7 2 12 187
5 2 12 179
7 2 12 177
5 2 12 169
7 2 12 167
5 2 12 159
7 2 12 157
5 2 12 149
7 2 12 147
5 2 12 139
7 2 12 137
5 2 12 129
7 2 12 127
5 2 12 119
7 2 12 117
5 2 12 109
7 2 12 107
5 2 12 99
7 2 12 97
5 2 12 89
7 2 12 87
5 2 12 79
7 2 12 77
5 2 12 69
7 2 12 67
5 2 12 59
7 2 12 57
5 2 12 49
7 2 12 47
5 2 12 39
7 2 12 37
5 2 12 29
7 2 12 27
5 2 12 19
7 2 12 17
5 2 12 9
7 2 12 7
7 2 11 199
6 2 11 197
7 2 11 189
6 2 11 187
7 2 11 179
6 2 11 177
7 2 11 169
6 2 11 167
7 2 11 159
6 2 11 157
7 2 11 149
6 2 11 147
7 2 11 139
6 2 11 137
7 2 11 129
6 2 11 127
7 2 11 119
6 2 11 117
7 2 11 109
6 2 11 107
7 2 11 99
6 2 11 97
7 2 11 89
6 2 11 87
7 2 11 79
6 2 11 77
7 2 11 69
6 2 11 67
7 2 11 59
6 2 11 57
7 2 11 49
6 2 11 47
7 2 11 39
6 2 11 37
7 2 11 29
6 2 11 27
7 2 11 19
6 2 11 17
7 2 11 9
6 2 11 7
8 47 10 198
8 47 10 188
8 47 10 178
8 47 10 168
8 47 10 158
8 47 10 148
8 47 10 138
8 47 10 128
8 47 10 118
8 47 10 108
8 47 10 98
8 47 10 88
8 47 10 78
8 47 10 68
8 47 10 58
8 47 10 48
8 47 10 38
8 47 10 28
8 47 10 18
8 47 10 8
