16583
3899
2 2 100 97
8 5 100 92
8 3 100 87
5 2 100 84
1 2 100 62
1 3 100 59
2 2 100 58
8 5 100 56
3 2 100 52
5 3 100 48
4 2 100 46
5 2 100 45
4 3 100 41
4 2 100 39
3 2 100 33
7 5 100 22
1 2 100 21
1 3 100 10
2 2 99 99
3 2 99 93
1 2 99 90
2 2 99 86
6 2 99 81
3 2 99 82
6 3 99 82
2 2 99 76
3 2 99 74
3 2 99 62
4 2 99 58
8 2 99 51
8 2 99 43
6 3 99 38
8 2 99 36
4 2 99 33
1 2 99 24
6 2 99 25
1 3 99 25
1 2 99 11
8 2 99 10
2 3 99 6
8 2 99 3
4 2 98 99
3 2 98 80
4 2 98 77
2 2 98 78
4 2 99 79
1 2 98 74
7 2 98 68
5 2 99 67
2 2 98 61
6 4 98 52
8 3 98 38
7 2 98 19
6 3 98 17
5 2 98 16
1 2 98 15
1 2 98 6
4 3 98 7
3 3 98 4
1 4 97 96
4 2 97 95
7 2 97 95
1 3 97 89
3 2 97 87
8 5 97 83
6 3 97 75
1 2 98 73
2 3 98 72
2 2 99 71
3 2 97 69
4 2 97 69
6 5 97 67
7 2 98 64
1 2 97 56
2 2 97 50
3 2 97 46
7 3 97 47
2 5 97 28
2 2 98 30
1 3 97 24
5 2 97 9
6 4 97 9
1 2 96 100
7 4 96 96
1 2 97 98
3 2 97 97
5 2 96 87
5 2 96 80
5 2 96 75
3 2 96 76
6 2 97 77
1 4 96 66
8 2 96 67
2 2 96 67
4 2 96 58
6 2 96 58
3 2 96 57
7 2 96 54
4 2 96 55
2 6 96 54
1 2 96 50
8 2 96 37
1 2 96 37
6 2 96 36
6 2 96 30
6 2 96 26
8 2 97 27
4 2 96 26
4 2 96 24
1 2 96 7
8 2 96 8
6 2 96 2
4 4 95 100
6 2 95 98
2 5 95 96
4 2 95 94
6 2 96 93
5 2 96 93
5 4 95 85
6 2 96 86
6 2 95 75
2 2 95 72
8 3 95 69
2 2 96 70
4 4 95 63
6 2 96 63
5 2 95 56
6 3 95 50
4 2 95 46
5 2 95 43
7 2 97 42
4 2 96 42
3 3 95 42
7 3 95 38
4 2 95 33
7 2 95 32
7 2 96 32
7 3 95 28
2 2 95 26
8 3 95 23
1 2 95 21
7 2 95 18
3 2 96 19
5 3 96 18
2 2 95 16
1 2 95 11
8 3 95 11
5 2 95 1
6 2 94 100
8 2 94 100
4 2 94 96
8 4 94 94
7 2 94 86
7 3 94 81
6 2 95 82
3 2 94 82
3 3 94 77
7 3 94 73
1 3 94 71
2 2 94 70
6 2 94 70
5 3 94 67
5 2 94 60
4 2 96 61
3 2 94 61
7 2 94 62
8 2 95 63
7 2 94 58
2 3 94 49
8 3 94 28
1 2 94 25
4 3 94 23
4 2 94 21
8 2 94 21
7 3 94 20
8 2 94 19
3 2 94 18
1 2 94 17
4 2 95 16
7 3 94 12
5 3 94 10
4 2 94 9
1 6 94 3
7 2 95 4
3 2 93 100
4 2 93 100
6 2 93 94
1 2 93 93
2 2 94 92
7 3 94 91
6 2 94 90
6 2 95 89
4 3 93 92
6 3 93 87
1 2 93 78
4 2 93 79
2 2 93 74
5 3 93 72
3 2 93 71
7 2 93 70
8 2 93 66
5 3 93 65
3 4 93 64
4 2 93 59
4 2 93 56
2 3 93 54
4 30 93 51
4 2 94 49
7 3 94 49
8 2 93 45
2 2 93 44
1 4 93 36
6 4 93 33
7 2 93 30
4 2 94 30
1 3 94 29
5 3 93 31
8 2 94 32
5 2 93 27
2 2 93 26
1 2 93 19
3 2 93 13
5 2 94 14
7 2 94 15
6 2 96 14
4 2 93 3
5 2 92 96
1 3 92 95
8 2 92 90
3 2 95 90
7 3 92 88
2 2 92 79
6 2 92 79
6 2 93 80
7 2 92 77
2 3 92 76
8 2 94 76
1 4 92 74
6 2 92 64
6 2 92 62
6 2 93 61
2 2 93 60
8 3 92 61
1 2 92 59
2 2 92 56
3 2 92 48
8 2 92 43
6 2 92 44
1 3 92 41
3 2 92 40
3 2 98 40
2 2 92 38
5 2 92 37
6 2 92 28
5 2 92 24
1 3 92 11
2 3 92 8
8 3 92 5
6 3 92 3
1 2 91 100
8 2 91 97
6 2 91 93
7 2 91 92
3 2 91 91
4 2 91 91
5 2 92 90
4 2 91 88
7 2 91 76
3 4 91 73
3 2 91 63
3 4 91 61
8 2 91 46
1 2 91 47
4 2 91 44
4 3 91 37
4 2 91 34
5 2 95 35
8 2 95 34
6 2 93 35
5 2 91 33
7 2 91 32
4 2 91 31
1 2 92 31
3 4 91 27
5 2 91 28
7 3 91 23
2 2 91 15
5 2 95 14
1 2 92 16
2 2 94 17
8 2 93 17
4 2 93 16
3 2 92 15
6 2 91 8
2 2 91 2
2 4 90 99
8 2 90 94
2 2 90 92
7 2 90 90
8 2 90 89
7 2 90 86
1 2 93 85
4 2 93 84
6 2 90 85
7 2 90 84
8 2 91 85
3 2 91 86
2 2 90 75
1 2 91 76
8 2 90 73
5 2 90 70
1 2 90 71
7 2 90 71
8 3 90 64
7 2 90 63
6 3 90 60
1 2 90 58
5 2 90 58
8 2 90 41
4 2 90 33
6 2 90 31
2 2 90 28
6 3 90 24
8 3 90 22
8 2 90 17
8 2 89 99
5 2 89 99
7 3 89 98
5 2 89 94
1 2 89 91
5 2 89 89
8 2 89 90
6 2 89 90
1 4 89 89
5 2 89 85
4 3 89 84
6 3 89 81
8 2 91 82
7 3 89 77
4 5 89 69
6 2 90 68
2 2 90 69
8 2 90 69
4 2 89 71
6 2 89 65
8 2 89 58
8 2 89 53
8 2 89 47
3 2 91 47
5 2 91 47
6 2 90 47
2 2 89 46
3 2 89 38
6 2 89 39
5 2 93 40
7 2 92 40
7 2 89 37
6 2 89 37
3 2 89 34
5 3 89 30
2 3 89 31
3 26 89 28
5 2 89 21
4 2 89 21
6 2 89 19
3 3 89 17
4 2 91 19
4 4 89 16
8 2 89 13
2 2 93 14
8 2 91 14
7 2 89 13
8 2 89 8
2 4 89 7
4 2 90 10
3 4 89 7
6 2 88 99
4 2 88 98
6 2 88 94
2 2 88 93
5 2 88 83
6 2 92 83
3 2 88 80
1 2 89 79
8 2 89 79
7 2 88 80
5 2 88 81
4 2 89 82
6 2 89 83
1 3 88 77
8 2 88 74
2 3 88 70
7 5 88 67
1 3 88 64
1 3 88 57
8 2 89 56
3 2 89 55
7 2 88 58
3 2 88 53
2 2 88 49
4 2 88 43
6 2 91 43
2 2 90 43
7 3 88 44
8 6 88 43
7 2 88 45
6 2 88 34
5 2 90 35
2 2 88 34
6 2 88 32
3 2 90 32
6 2 88 20
5 4 88 15
8 4 88 16
1 2 88 5
1 2 91 5
6 2 91 6
2 2 91 4
5 2 89 6
7 2 88 5
4 2 90 4
3 3 90 3
4 2 92 2
8 2 87 96
8 2 87 85
2 3 87 86
8 2 89 87
6 2 89 87
2 2 87 81
1 2 88 82
3 3 87 67
8 3 87 68
3 2 87 69
3 2 87 63
4 2 87 58
6 2 87 47
3 2 87 38
7 2 87 38
8 2 87 35
6 2 87 23
6 2 87 18
1 2 87 12
6 2 88 11
7 2 87 10
4 2 87 8
8 2 87 5
1 3 87 4
5 3 87 3
3 2 87 1
6 2 86 93
6 4 86 91
8 2 86 88
6 2 86 83
4 3 86 80
8 3 86 70
5 3 86 66
5 6 86 61
7 2 86 57
8 2 86 55
7 2 86 54
8 2 86 51
7 2 86 48
8 3 86 48
6 2 86 45
5 2 86 45
3 2 86 42
7 3 86 41
4 2 86 37
3 2 88 36
2 2 87 36
3 2 86 35
7 2 86 36
1 2 88 35
2 2 86 35
7 2 86 32
4 2 86 30
5 2 86 30
1 3 86 23
7 2 87 22
2 2 87 22
5 3 87 21
2 2 88 20
3 4 86 19
1 4 86 13
8 2 86 10
5 2 85 100
8 2 85 97
3 2 85 92
8 4 85 90
6 2 85 89
3 3 85 87
5 2 85 88
2 2 85 89
5 2 85 81
8 4 85 78
4 2 87 76
5 2 87 75
3 2 86 76
2 2 86 76
6 2 85 79
2 3 85 79
1 2 85 73
5 2 85 71
1 2 85 64
1 3 85 62
1 2 86 63
2 2 86 63
8 2 85 56
5 2 85 52
5 2 85 49
6 2 85 50
2 3 85 46
8 2 85 37
8 2 85 32
1 2 85 33
2 2 85 21
6 2 85 16
5 2 85 17
2 2 85 17
2 2 85 15
4 7 85 14
8 3 85 8
3 2 85 8
7 2 86 8
6 2 85 7
7 2 86 6
3 3 86 5
6 2 86 5
4 3 85 2
7 2 85 3
1 3 84 99
3 2 84 97
1 2 88 96
1 2 84 98
4 2 84 96
7 2 84 88
2 2 84 86
6 2 84 82
4 4 84 78
8 3 84 78
7 2 84 57
4 3 84 55
6 2 84 52
3 2 84 51
7 2 84 44
3 2 85 44
4 3 84 43
4 2 85 42
5 2 84 33
4 2 85 34
4 2 84 28
1 2 84 26
2 2 85 25
7 2 84 15
3 2 84 12
8 2 84 8
5 2 84 6
7 3 84 5
2 2 84 3
6 3 83 98
8 2 83 97
2 2 83 96
4 2 83 86
8 3 83 86
5 2 83 83
1 2 83 81
8 2 83 76
8 23 83 72
1 2 85 75
4 2 84 75
6 2 83 65
5 2 83 51
1 2 83 44
8 2 83 45
5 2 83 40
5 2 86 39
2 2 86 38
2 2 83 41
6 2 85 40
3 2 86 41
1 2 85 41
6 2 87 40
5 2 87 40
8 2 86 40
4 2 86 39
5 2 83 37
1 2 83 36
3 2 83 34
7 3 83 26
5 2 84 24
8 2 83 27
6 3 83 27
5 2 83 25
8 2 83 25
5 2 83 22
4 2 83 18
7 2 83 17
8 3 83 12
2 6 83 7
8 2 83 4
1 4 83 3
6 2 82 96
6 2 83 95
5 2 83 94
5 2 82 96
5 5 82 91
6 2 82 85
7 3 82 79
5 2 82 76
4 2 82 65
4 2 82 58
7 2 82 51
1 2 82 49
8 2 85 49
1 2 84 49
4 3 82 43
8 2 82 41
5 2 82 32
1 2 82 33
5 2 82 29
6 2 83 30
1 2 83 30
1 3 82 21
6 3 82 22
1 2 82 8
5 2 82 6
5 2 82 2
1 2 81 93
8 2 83 94
2 2 81 89
2 2 81 85
1 2 84 84
2 3 81 78
7 3 81 63
8 2 82 63
6 3 82 62
3 2 81 59
6 2 83 59
1 2 83 58
5 2 81 58
4 2 81 55
1 2 84 54
8 2 81 48
2 2 81 49
2 2 82 48
2 2 81 38
8 2 81 32
6 2 81 30
1 2 81 29
3 2 81 27
8 2 81 25
2 2 81 23
8 3 81 23
4 2 81 19
3 2 81 17
7 2 81 16
7 2 81 7
2 3 81 6
5 2 81 8
3 2 80 86
6 3 80 86
4 3 80 84
6 2 80 77
8 3 80 60
5 2 84 61
3 2 85 60
4 2 84 60
7 3 80 60
3 2 80 57
6 3 80 57
7 3 80 55
6 2 80 53
3 2 82 53
6 2 82 54
8 2 82 54
5 3 80 49
7 2 80 47
6 2 82 46
5 3 80 40
5 2 80 29
4 2 80 26
2 2 80 16
4 2 80 14
1 2 80 10
7 2 83 10
5 2 82 10
1 2 80 5
4 4 79 100
4 2 79 96
4 2 81 97
7 2 81 96
2 2 79 96
2 3 79 93
7 2 81 93
5 2 79 88
3 2 82 88
2 2 81 88
4 2 79 89
5 2 80 88
8 2 79 87
8 2 79 85
8 2 81 84
3 2 84 83
3 2 81 83
5 2 80 83
7 3 79 84
2 2 79 83
6 2 79 79
2 2 79 77
6 3 79 67
7 2 84 68
6 3 82 68
5 2 81 66
1 2 81 66
3 2 81 66
2 2 81 65
4 2 79 67
5 2 80 68
5 6 79 58
7 2 79 52
3 2 79 45
6 2 79 46
1 2 79 35
4 3 79 35
7 2 79 32
8 2 79 31
2 2 79 27
8 2 79 20
5 2 82 19
7 3 82 19
1 2 81 18
4 2 80 18
3 2 80 19
6 2 79 18
4 3 79 12
6 2 83 12
6 2 80 13
7 2 81 12
3 2 81 12
1 2 84 12
2 2 84 11
7 2 79 13
8 2 80 12
4 2 80 12
5 2 79 9
6 2 79 10
3 2 79 4
4 3 79 2
7 2 79 3
6 2 79 4
5 4 78 98
2 2 81 100
5 3 80 99
8 2 80 100
6 2 78 95
4 2 82 95
8 3 78 92
1 2 81 93
6 2 78 93
3 2 78 89
1 3 78 83
4 2 81 82
8 2 79 82
5 2 82 81
3 2 80 81
7 2 79 81
3 4 78 80
8 2 78 79
3 4 78 75
2 2 80 74
5 2 78 69
2 2 78 70
4 3 78 70
8 2 78 67
3 2 78 62
8 2 79 63
6 3 78 63
3 2 79 64
5 2 81 65
6 2 81 64
2 2 78 59
2 2 81 60
7 2 80 60
5 2 78 53
6 2 78 51
2 2 79 52
1 2 79 50
4 2 78 51
5 3 78 42
3 2 80 42
6 2 79 43
3 2 78 34
7 2 78 30
7 2 78 26
2 3 78 23
5 4 78 19
1 2 78 17
3 2 78 11
2 2 78 11
5 2 78 11
5 2 78 7
3 2 78 7
7 3 77 96
8 3 77 94
3 2 79 94
7 2 77 92
1 3 77 91
2 2 77 90
5 2 77 90
8 2 77 89
7 3 77 88
4 2 77 88
7 2 77 83
7 2 77 77
8 2 77 74
4 2 78 75
7 2 78 75
1 3 78 74
5 2 79 73
3 2 79 72
7 3 78 73
1 3 78 71
8 2 77 76
5 5 77 76
4 2 77 72
6 2 77 73
5 2 77 72
3 2 77 69
6 2 77 65
8 2 77 49
4 2 77 48
7 2 77 45
4 2 79 46
4 2 82 47
3 2 81 47
5 2 81 47
5 2 77 33
8 2 77 20
4 2 80 21
8 3 77 16
4 2 78 16
1 4 78 15
2 3 77 13
2 3 77 4
8 3 77 3
7 2 77 4
3 4 77 1
7 2 76 98
1 2 77 99
1 4 76 97
5 2 76 94
3 2 76 93
6 2 76 88
2 2 77 87
6 2 76 83
4 3 76 65
4 2 78 67
2 2 77 67
5 2 76 65
7 6 76 64
2 2 76 60
6 2 76 57
3 3 76 49
6 2 79 50
6 2 76 46
4 2 76 45
1 4 76 45
1 4 76 41
7 2 76 43
2 3 76 41
1 2 80 39
6 2 80 38
1 3 80 37
3 2 79 39
7 2 78 39
2 2 78 39
1 2 78 40
5 2 78 38
1 3 76 30
4 2 76 31
2 2 76 32
6 2 76 33
1 2 76 24
8 2 77 25
6 2 77 23
3 2 76 20
2 2 79 21
8 2 78 21
7 2 77 21
6 2 77 20
5 2 76 21
7 2 76 17
8 2 77 16
4 4 76 11
8 2 77 9
7 2 77 9
5 3 76 8
2 3 76 2
3 2 75 96
8 2 75 91
2 2 75 77
6 2 75 75
4 2 75 73
8 2 75 69
3 3 75 67
6 2 75 61
8 2 76 60
5 2 75 62
4 2 75 60
3 2 75 59
7 2 75 51
4 2 75 50
5 2 75 47
6 3 75 45
5 2 76 43
8 3 75 44
6 2 75 41
3 5 75 24
5 6 75 16
7 3 75 11
3 3 75 5
1 2 75 4
7 2 74 96
5 2 74 87
3 2 74 88
4 2 74 85
4 3 74 81
1 2 74 74
4 2 74 71
2 2 74 69
1 2 74 65
8 2 74 65
4 2 74 59
8 3 74 54
1 2 77 54
4 3 77 53
1 2 82 53
5 2 79 53
1 2 79 52
8 2 75 54
6 6 74 50
2 3 74 47
7 2 76 47
2 2 74 43
7 3 74 33
3 2 74 34
4 2 74 35
8 2 79 36
5 2 79 35
3 2 79 36
8 3 78 35
6 3 77 36
7 2 76 35
1 2 76 34
7 2 75 34
6 3 74 21
3 6 74 14
2 2 74 8
1 2 74 7
8 2 74 8
5 3 73 95
6 2 74 94
7 2 75 93
1 3 73 93
6 2 73 89
7 3 73 86
2 4 73 84
8 2 73 83
1 4 73 82
7 3 73 80
7 3 73 75
6 2 73 73
2 2 74 73
3 2 74 73
8 2 73 72
6 2 73 71
3 2 73 70
8 2 73 68
1 3 73 61
2 2 73 62
7 2 73 55
3 2 74 55
6 4 73 36
3 2 75 38
8 2 73 35
1 2 73 35
2 2 73 33
4 3 73 31
5 2 73 25
1 3 73 22
8 2 75 20
5 4 73 13
8 2 73 10
4 2 73 9
5 3 73 7
7 2 73 7
2 2 73 5
3 2 73 4
8 2 73 2
4 2 72 100
3 2 72 100
3 2 73 100
8 2 73 100
2 4 72 98
8 4 72 97
2 10 72 93
3 4 72 87
7 3 72 82
4 2 72 62
3 3 72 61
7 2 72 61
2 2 72 48
7 2 72 34
8 3 72 33
4 2 72 32
1 3 72 31
5 3 72 22
5 2 72 3
6 2 71 90
5 2 71 68
2 2 72 67
1 2 71 68
1 2 71 66
3 2 72 65
1 2 73 64
5 2 73 63
8 2 71 65
6 2 71 55
8 2 79 56
5 2 72 56
3 2 76 57
4 2 76 56
2 2 72 57
7 2 71 50
3 2 72 50
8 2 71 48
7 4 71 46
8 2 72 46
1 2 72 47
6 2 71 45
2 2 71 35
3 2 71 35
6 2 71 27
6 2 77 28
4 2 77 28
1 2 77 27
1 2 71 27
4 4 71 25
7 2 71 20
7 2 73 19
1 2 74 18
6 2 73 18
4 3 71 21
8 2 71 19
3 2 71 18
8 4 71 15
2 5 71 8
6 3 71 7
4 3 71 5
1 2 73 3
7 2 71 6
6 2 71 3
2 3 71 2
2 2 70 100
6 2 75 100
4 2 74 100
1 3 70 99
6 2 70 99
2 2 70 100
3 2 70 97
7 2 70 96
3 2 70 91
7 2 70 89
5 2 71 90
2 3 70 74
4 2 70 74
3 2 70 73
5 2 70 71
4 2 70 70
8 2 70 70
1 2 70 70
8 2 70 63
2 3 70 59
1 2 70 55
6 20 70 51
7 2 70 56
5 2 73 57
1 2 76 58
2 2 73 56
4 2 70 57
8 2 74 58
4 2 70 43
5 2 70 41
8 2 70 38
6 2 70 33
5 2 70 32
4 3 70 30
3 2 74 29
6 2 75 28
5 2 70 27
2 2 70 15
8 4 70 6
5 2 69 99
6 4 69 95
4 4 69 89
4 2 70 90
2 3 69 88
5 2 71 86
4 2 71 86
1 2 71 85
4 2 72 84
3 3 71 84
8 5 69 81
6 2 69 80
8 2 73 79
5 2 74 78
6 2 73 79
7 2 69 79
2 2 69 79
1 2 69 75
7 2 69 71
4 3 69 68
4 2 71 69
3 3 70 69
8 2 70 67
6 4 69 61
1 2 70 62
5 3 70 61
5 3 69 56
4 2 69 54
8 2 69 42
8 2 70 41
7 3 70 41
1 2 70 42
4 2 69 41
2 2 69 40
3 2 69 38
7 2 69 38
5 2 69 37
8 2 69 34
6 3 69 28
4 2 69 27
1 2 69 26
6 2 73 25
7 2 69 25
3 2 69 24
1 2 72 24
4 2 73 23
4 3 69 22
8 2 69 23
7 2 69 22
5 2 71 23
3 4 69 21
3 2 69 17
1 2 69 13
4 2 73 13
6 3 73 13
6 2 69 10
4 3 69 6
8 2 72 6
4 2 71 6
2 2 69 5
6 2 69 4
7 2 69 4
3 3 69 3
2 2 68 95
6 5 68 84
2 2 70 85
1 2 68 85
8 2 68 79
4 2 71 78
1 2 68 80
3 3 68 80
6 5 68 68
7 2 68 68
1 2 68 55
4 2 68 48
2 2 68 47
6 3 68 44
2 2 70 45
3 2 69 45
2 3 68 41
4 2 68 25
2 4 68 19
5 2 68 17
1 2 70 16
2 3 68 14
1 3 68 10
3 2 68 11
8 2 68 9
8 3 68 5
2 2 68 3
5 2 68 1
6 3 67 92
1 2 67 92
2 2 67 83
1 2 67 68
7 3 67 66
2 2 67 61
1 3 67 56
7 2 67 55
2 2 67 54
8 2 72 53
3 2 67 46
8 5 67 33
8 3 67 27
1 2 67 23
4 2 67 18
3 2 67 16
6 3 67 15
7 2 67 11
4 2 67 12
6 4 67 11
2 2 67 12
8 2 70 13
2 2 67 8
4 3 67 8
4 2 67 2
6 2 66 98
6 2 68 99
4 2 66 98
4 3 66 92
5 2 66 90
4 2 66 89
1 3 66 88
4 29 66 85
5 2 67 87
6 2 66 80
4 2 66 79
6 2 68 78
2 2 66 78
1 5 66 75
8 3 66 75
1 2 66 60
7 2 66 61
6 3 66 59
4 2 66 59
8 3 66 56
2 2 66 57
5 4 66 53
2 2 66 50
1 2 67 51
7 2 66 51
8 2 68 50
6 2 66 49
7 2 66 44
1 3 66 27
3 4 66 26
7 5 66 24
1 2 66 6
5 5 66 4
5 3 65 97
4 2 67 97
2 2 68 96
5 2 65 91
1 2 65 78
3 4 65 71
3 4 65 58
5 3 65 56
4 2 65 55
1 3 65 55
8 2 65 52
3 2 65 50
2 2 65 46
3 2 68 47
8 2 67 47
6 2 65 38
2 2 65 31
3 2 68 31
7 2 68 30
7 2 74 29
2 2 73 29
8 2 68 29
6 2 65 31
8 2 65 22
4 2 65 20
4 2 66 21
3 2 65 19
4 3 65 16
7 2 65 15
8 2 66 14
3 2 66 13
4 2 66 13
8 2 65 11
3 3 65 10
4 3 65 10
8 4 64 99
7 2 64 88
7 4 64 79
2 2 64 75
4 2 64 71
8 2 64 68
6 2 69 69
5 2 65 69
3 2 64 62
2 4 64 51
8 2 64 49
5 2 64 44
1 2 64 45
8 2 65 46
4 2 64 45
6 2 66 45
2 5 64 45
3 2 66 44
1 2 64 38
1 2 68 39
4 2 68 39
3 3 64 38
3 2 73 40
4 2 73 39
8 2 69 40
4 2 69 39
1 2 64 39
3 2 66 40
2 2 64 39
6 2 65 40
1 2 65 41
7 2 64 40
5 4 64 41
3 3 64 36
3 2 65 34
2 3 64 33
3 2 64 32
6 2 65 33
7 2 65 32
5 3 64 31
8 2 64 29
7 2 69 29
6 2 64 23
2 2 64 19
8 2 64 19
1 2 65 18
5 2 64 11
2 2 63 99
7 2 63 99
7 3 63 94
7 2 64 95
3 2 67 96
7 3 63 75
8 2 68 73
6 2 65 73
3 2 66 72
8 2 66 71
4 2 65 73
5 3 65 72
8 2 63 75
4 2 63 74
5 2 63 71
2 2 64 70
5 2 63 68
3 2 63 54
7 2 63 50
1 2 67 49
2 3 67 49
5 2 63 45
7 3 63 44
6 2 63 42
4 2 63 37
4 2 67 37
1 2 67 36
2 2 68 36
6 2 64 38
8 2 63 33
4 3 63 32
6 2 63 19
2 2 65 20
6 2 66 21
8 2 63 7
2 3 63 5
5 2 63 4
3 2 63 1
7 2 65 2
1 2 65 1
1 2 62 97
3 2 62 90
2 2 66 90
7 2 66 89
2 2 63 90
3 2 62 68
5 2 62 65
7 2 71 64
4 3 71 63
3 2 69 64
5 2 68 64
6 2 64 66
4 2 67 65
1 2 64 66
7 2 63 66
5 2 64 67
2 4 62 60
6 2 62 56
4 3 62 52
8 2 62 43
5 2 62 43
6 3 62 40
2 2 62 38
1 3 62 36
6 2 65 36
5 2 62 26
2 2 64 25
3 2 62 24
2 2 62 20
5 3 63 21
8 2 62 15
5 2 62 13
7 2 62 8
4 5 62 6
4 3 62 5
5 2 62 2
3 4 61 98
6 2 61 96
6 3 62 97
5 2 62 97
6 2 61 91
8 2 61 90
8 2 62 91
2 2 62 91
6 2 62 90
5 3 61 89
8 2 65 88
3 2 63 88
8 2 62 88
4 2 61 89
3 3 61 87
7 2 61 79
8 2 62 80
2 6 61 78
3 2 65 77
6 3 61 59
7 2 63 59
1 2 65 58
7 2 65 58
3 2 63 60
8 2 62 59
2 2 61 58
6 2 61 53
3 5 61 51
4 2 64 49
1 2 63 49
6 3 62 49
5 2 62 49
3 2 61 42
4 3 61 36
8 2 61 37
4 2 63 36
5 2 63 37
7 2 63 37
4 2 61 37
1 2 61 36
5 2 62 36
8 2 61 34
3 2 61 29
5 2 65 28
8 2 68 29
3 2 65 29
6 3 61 28
1 2 64 29
6 2 64 29
7 2 61 26
6 4 61 17
4 2 61 19
1 2 61 20
3 2 64 21
2 2 61 16
8 3 61 11
5 3 61 10
6 2 61 6
6 2 62 7
1 2 63 8
5 3 62 7
6 2 61 3
8 2 61 2
1 5 60 89
1 2 60 84
8 2 61 85
7 2 63 86
5 2 61 85
7 3 61 84
6 2 60 83
4 2 62 82
4 2 60 79
2 2 60 77
3 5 60 61
8 2 65 63
5 2 63 63
1 2 63 63
6 2 62 62
2 2 62 62
3 2 61 61
6 2 60 63
3 3 60 57
1 2 60 58
3 2 60 52
8 3 60 49
8 4 60 39
4 4 60 31
5 3 63 31
2 2 63 30
8 2 60 30
2 2 60 24
1 2 64 24
3 2 62 25
2 3 62 24
8 3 60 17
8 2 60 14
1 2 66 13
7 2 66 12
1 2 64 13
2 2 64 13
3 2 64 12
7 2 62 13
1 4 60 4
2 3 60 3
4 2 60 1
4 2 59 94
4 2 59 92
3 2 66 93
4 3 59 73
3 2 61 72
2 2 62 71
1 2 61 72
6 3 61 72
2 3 59 74
2 2 61 75
1 2 59 74
7 2 59 72
1 3 59 72
8 2 61 70
3 2 59 68
2 2 59 67
4 2 63 66
1 2 60 68
2 3 59 64
7 2 59 63
2 3 59 60
8 3 59 59
5 5 59 58
6 2 59 57
5 3 59 55
8 2 59 55
7 3 59 53
2 2 62 53
5 2 62 52
2 2 61 52
7 2 59 49
7 2 59 42
1 2 61 42
1 2 59 39
2 2 59 35
4 2 59 30
2 3 59 29
2 2 61 28
5 2 59 29
4 2 59 28
1 2 59 20
1 2 62 21
4 2 62 21
7 2 60 21
2 2 59 19
1 3 59 11
8 2 59 8
3 3 59 8
8 2 58 96
6 2 58 95
5 2 58 95
8 2 58 94
1 2 58 91
7 2 59 92
4 2 64 93
1 2 64 92
6 2 59 92
2 2 60 93
3 2 58 84
8 2 58 79
7 3 58 75
5 2 58 76
5 2 58 73
3 2 58 71
4 2 58 63
1 2 58 56
3 2 58 53
8 2 58 50
4 2 58 49
7 2 58 40
4 5 58 39
3 3 58 38
8 3 58 32
7 2 61 34
7 2 58 29
3 2 58 25
7 2 62 26
6 2 60 26
8 2 61 27
3 2 59 26
7 2 59 24
1 2 60 23
6 2 58 26
4 4 58 24
4 3 58 21
6 2 58 20
2 2 58 16
3 2 59 17
5 2 60 18
3 2 58 15
1 2 60 14
4 2 58 9
1 2 58 5
7 2 58 5
5 3 58 1
7 3 57 94
3 2 57 91
4 4 57 88
1 2 59 86
4 2 59 85
6 2 57 85
5 2 57 83
2 2 60 82
5 2 59 82
7 3 57 81
6 3 57 80
5 5 57 78
3 2 57 65
6 2 59 66
7 2 58 66
8 3 58 65
5 2 57 66
7 2 57 62
4 2 57 52
4 2 57 46
8 2 60 45
2 2 59 47
7 2 57 47
7 2 57 32
7 5 57 27
5 2 57 22
8 2 57 15
4 2 57 12
3 2 57 11
2 2 57 11
7 3 57 10
5 3 57 6
6 2 57 6
6 2 57 2
2 4 57 1
7 2 56 95
2 2 61 96
6 2 56 88
5 3 56 88
3 3 56 82
1 2 56 82
7 2 56 80
8 2 56 77
8 3 56 67
1 2 56 68
4 2 56 55
3 2 59 55
2 2 59 54
7 2 58 56
6 5 56 52
3 2 56 47
2 2 58 48
5 2 57 48
6 2 59 47
5 2 59 46
1 2 59 46
3 2 57 46
2 2 56 40
5 2 60 41
6 2 56 36
4 3 56 35
5 2 56 33
3 2 59 34
4 2 58 34
3 3 56 30
1 2 56 24
4 3 56 22
8 2 57 22
3 2 57 22
5 2 57 23
1 2 57 22
3 2 56 15
6 2 57 16
7 2 57 17
1 2 58 18
4 2 58 18
7 2 56 13
2 2 56 6
3 4 56 5
2 2 55 99
7 2 55 92
1 2 55 79
2 2 55 67
4 3 55 65
8 2 55 56
4 2 56 57
3 2 57 58
6 2 56 55
7 2 56 54
1 2 55 54
5 2 55 46
6 2 55 40
5 2 57 41
6 2 58 42
3 2 55 41
8 2 56 42
8 3 55 34
4 2 55 32
2 2 55 30
6 3 55 30
1 3 55 27
6 2 57 28
5 2 56 28
5 3 55 25
7 2 55 19
1 2 55 11
7 4 55 4
6 4 54 94
4 2 57 93
5 2 56 93
3 4 54 89
2 2 54 86
6 3 54 85
1 2 54 85
2 2 54 84
4 2 54 81
1 3 54 75
4 6 54 73
6 2 54 69
8 2 57 70
3 2 54 68
6 2 54 63
3 2 56 62
3 2 54 62
6 3 54 59
6 6 54 55
7 2 54 56
8 2 54 46
4 2 54 44
1 4 54 42
2 2 55 43
4 2 59 44
7 3 55 42
8 2 59 43
5 2 59 43
3 2 59 42
6 2 54 37
7 2 54 36
1 5 54 32
5 2 55 34
5 2 54 27
4 2 54 26
1 19 54 22
5 3 54 16
5 2 57 15
2 2 56 15
6 3 56 14
4 2 55 15
1 2 54 16
7 3 54 13
2 2 54 14
2 3 54 9
8 3 56 10
7 2 56 9
2 2 55 10
6 2 54 10
5 2 55 9
8 3 54 5
6 2 53 100
4 2 53 99
1 2 61 98
8 2 61 98
6 2 59 98
7 2 59 97
3 2 59 96
4 2 53 92
7 2 53 91
8 2 53 89
3 5 53 86
7 3 53 80
1 3 53 67
4 3 53 58
7 2 53 50
2 2 55 51
1 2 53 36
5 2 53 37
7 3 53 30
7 2 53 28
4 3 53 18
7 3 52 100
5 3 52 86
8 2 52 87
2 2 52 88
6 2 52 88
8 2 52 81
6 2 52 62
1 2 52 61
5 2 55 61
2 3 52 61
6 3 52 61
7 2 52 59
5 4 52 56
8 3 52 55
6 3 52 49
1 2 52 48
3 3 52 36
3 2 52 29
6 2 52 27
2 2 54 26
2 3 52 26
6 3 52 23
1 2 52 15
6 3 52 14
1 2 52 13
6 3 51 93
6 2 56 94
5 3 51 92
6 2 51 90
6 2 51 80
6 3 51 74
6 2 53 74
6 2 54 73
7 2 53 74
2 2 52 73
4 2 51 66
5 2 51 60
8 2 51 50
7 2 54 51
4 2 54 52
3 2 51 51
1 2 53 52
7 3 51 47
2 2 51 38
2 2 52 39
2 4 51 32
5 2 51 32
4 3 51 29
3 3 51 12
1 5 51 4
7 2 51 3
2 2 50 99
4 2 50 98
6 2 53 98
2 2 56 97
1 2 55 97
8 2 54 97
3 2 53 98
5 3 50 97
5 2 51 97
4 3 50 96
2 4 50 91
1 2 50 92
2 3 50 91
8 2 50 86
4 2 51 87
2 3 50 87
1 2 50 85
1 2 50 82
8 2 50 80
5 2 50 78
1 2 59 77
8 2 59 77
5 2 50 73
5 3 50 68
5 2 54 69
4 4 50 60
1 4 50 56
7 2 50 49
8 2 50 41
1 2 50 37
8 4 50 36
1 6 50 25
4 2 50 25
7 3 50 25
4 2 50 18
1 2 50 18
3 2 52 17
6 2 52 16
3 2 50 17
2 2 50 15
4 2 50 15
4 3 50 3
1 2 53 3
3 2 50 4
4 2 51 3
7 2 51 3
8 2 51 2
2 2 49 98
4 2 49 92
1 3 49 90
3 3 49 87
6 2 49 82
6 2 53 83
3 4 49 81
2 3 49 78
2 3 49 75
2 2 51 76
3 5 49 73
4 2 52 71
8 2 53 70
3 2 49 68
7 2 51 69
1 2 51 69
3 2 53 70
5 3 49 65
7 23 49 59
1 2 49 54
2 2 49 50
1 2 49 51
7 2 49 50
6 4 49 49
4 2 49 48
5 2 49 48
7 2 49 45
3 2 49 45
2 2 50 45
6 2 56 44
1 2 49 41
4 2 49 38
6 4 49 34
6 2 53 35
2 2 53 35
7 2 49 31
6 2 49 26
2 2 49 21
5 2 49 18
2 2 49 17
3 2 49 11
2 2 52 12
8 2 49 9
5 2 50 8
7 2 54 7
4 2 50 8
6 2 49 8
4 2 49 6
5 3 49 1
4 6 48 100
1 2 48 100
5 2 48 99
7 3 48 98
2 2 48 93
8 2 54 94
8 5 48 92
5 2 48 90
7 4 48 89
8 2 48 86
4 3 48 84
1 3 48 84
6 3 48 78
4 2 49 79
7 2 56 78
5 2 48 70
6 2 53 71
1 2 52 71
8 2 48 71
7 2 49 72
6 2 49 70
4 2 50 69
5 3 48 72
4 4 48 70
8 3 48 67
2 2 48 67
3 3 48 66
7 9 48 65
7 2 50 64
6 2 48 61
3 2 48 54
8 3 48 46
1 4 48 44
1 2 50 43
2 2 51 44
7 3 51 45
1 2 52 44
3 2 50 44
6 2 50 43
7 3 48 42
5 2 48 41
6 2 50 40
7 2 48 39
3 2 48 36
7 2 48 34
2 2 48 32
1 3 48 29
6 2 48 29
3 6 48 24
5 4 48 25
6 3 48 12
6 2 49 13
5 2 49 13
4 3 48 10
3 2 49 10
8 3 48 7
1 2 48 8
5 5 48 4
3 2 47 100
5 5 47 96
6 2 47 85
6 2 47 75
6 2 51 76
7 2 48 76
8 2 50 77
5 3 47 76
1 2 47 75
8 3 47 66
6 2 47 55
8 2 47 50
5 2 47 50
3 3 47 41
7 2 47 35
4 4 47 29
5 2 48 28
6 3 47 23
2 3 47 22
1 2 47 21
4 2 47 14
3 2 48 15
5 2 48 15
8 2 47 11
4 2 48 12
7 2 47 11
4 3 47 8
6 2 46 98
3 2 46 98
4 2 46 94
7 2 49 94
6 2 47 94
4 2 49 95
6 2 49 96
8 2 46 85
8 2 46 83
4 4 46 72
1 2 46 72
2 2 46 71
2 2 48 70
7 2 48 70
6 2 48 69
6 2 46 68
4 2 46 64
6 3 46 64
3 2 46 63
5 2 46 55
5 2 46 52
4 3 46 44
4 2 47 44
7 2 47 45
6 5 47 45
8 2 46 37
4 2 47 36
8 4 46 33
8 2 46 31
3 2 46 28
8 3 46 20
2 2 48 21
5 2 47 21
7 2 46 2
8 3 45 98
2 2 46 99
3 2 45 95
6 2 45 93
1 2 45 91
7 2 45 84
5 3 45 83
5 2 45 81
2 2 47 82
2 2 45 79
6 3 45 77
7 2 47 78
8 2 46 78
5 2 50 79
3 2 50 78
7 2 48 79
1 2 48 79
5 2 47 77
3 4 46 78
4 2 45 78
2 2 45 68
5 2 45 66
3 3 45 64
3 3 45 52
7 2 47 53
6 2 45 51
1 3 45 49
7 2 45 45
8 4 45 43
1 2 45 36
6 2 45 35
2 2 45 32
8 2 45 29
4 2 45 23
1 2 45 18
8 2 48 17
2 2 45 18
7 2 45 19
5 3 45 20
7 2 46 21
6 2 45 17
5 2 45 9
5 2 45 5
6 2 45 5
4 3 45 1
7 2 47 2
3 2 46 2
8 2 44 99
5 2 44 96
5 2 44 89
3 2 44 90
4 4 44 89
3 2 48 88
5 2 46 87
3 3 44 85
6 6 44 82
5 3 44 70
3 2 45 70
5 2 45 71
1 2 44 70
3 2 44 66
5 3 44 64
4 2 44 60
7 2 44 61
8 6 44 61
4 2 44 62
8 2 44 63
6 4 44 58
8 5 44 57
3 2 44 57
2 2 46 58
1 2 44 58
6 2 44 59
7 3 44 55
7 2 45 54
1 2 45 53
5 2 45 54
2 3 45 53
8 2 46 53
8 2 44 54
2 2 44 49
4 3 44 49
5 2 44 44
3 2 44 40
6 4 44 37
2 2 44 35
5 2 44 31
7 2 44 30
1 2 44 29
4 3 44 28
1 2 46 26
6 3 44 20
7 4 44 16
1 2 44 16
6 2 44 15
5 2 44 14
3 2 43 69
2 2 43 63
1 2 43 49
7 2 46 48
3 2 46 48
8 2 43 47
7 2 43 42
1 2 46 42
2 2 43 43
2 2 44 42
5 3 43 41
1 2 43 40
7 3 43 39
6 2 46 38
6 2 43 34
3 3 43 27
1 2 43 26
1 2 43 23
4 2 43 22
8 2 43 23
4 2 44 22
5 2 43 22
2 3 43 19
3 2 43 13
8 2 46 14
7 2 46 14
5 2 45 12
1 2 44 12
3 2 45 13
2 2 44 13
6 2 43 5
4 3 43 6
8 2 43 4
3 2 42 87
1 2 45 87
2 2 45 86
2 2 42 84
7 3 42 83
8 2 43 81
5 2 46 80
6 2 46 80
1 2 45 80
4 2 42 81
5 2 42 76
7 2 42 75
2 2 42 76
4 2 43 77
8 2 43 75
3 2 43 74
6 2 42 71
5 2 42 63
3 2 42 60
4 3 42 56
6 6 42 51
3 2 45 53
2 2 42 49
3 2 42 47
6 2 42 48
4 2 46 47
7 2 42 44
1 4 42 42
8 2 42 39
5 3 42 35
3 2 42 19
6 2 43 19
4 2 42 15
7 2 42 4
8 3 42 2
7 4 41 98
7 3 41 94
7 2 41 91
8 3 41 87
6 3 41 82
3 2 41 72
2 2 41 70
7 4 41 60
1 2 42 62
7 2 41 55
2 3 41 45
6 3 41 42
4 2 42 41
7 4 41 43
4 3 41 43
3 3 41 42
4 3 41 31
6 2 43 31
5 2 45 32
1 2 44 32
1 2 42 31
5 2 41 26
3 2 41 26
4 2 43 25
2 2 43 25
4 2 41 25
1 3 41 24
6 2 41 22
8 3 41 21
3 2 41 21
3 2 41 17
6 3 41 16
7 3 41 13
8 2 43 11
7 2 43 10
1 2 43 9
6 2 42 14
4 2 41 13
8 2 41 12
4 2 41 8
5 2 43 8
2 2 41 4
1 2 40 95
2 2 40 88
8 2 43 89
4 2 40 87
1 2 40 76
5 2 43 77
1 2 43 77
3 3 43 76
2 2 42 76
7 2 40 75
8 2 42 74
2 2 42 73
5 3 40 70
4 2 40 71
1 2 40 68
6 2 41 69
2 2 40 68
7 4 40 64
2 2 40 58
3 2 40 59
1 2 40 59
8 3 40 57
6 3 40 56
8 3 40 54
5 2 40 51
3 3 40 46
8 2 41 47
8 2 40 36
6 6 40 33
8 5 40 32
3 3 40 30
8 2 40 28
2 5 40 19
6 3 40 7
4 3 40 4
1 2 40 1
3 2 39 96
3 3 39 93
3 2 46 94
5 2 46 94
2 2 46 93
8 2 39 93
6 4 39 90
2 2 41 90
5 2 40 89
2 2 39 91
1 2 39 92
7 3 39 87
7 3 40 87
6 2 40 85
2 3 39 81
3 2 43 79
2 2 43 78
5 2 39 79
1 2 39 80
4 3 39 78
3 3 39 77
2 2 39 75
1 4 39 69
1 2 39 72
7 3 39 68
4 2 42 67
1 2 42 67
7 2 42 66
4 2 39 65
2 2 40 66
5 2 40 66
1 2 40 65
6 2 39 62
6 2 40 63
5 2 40 62
5 2 39 58
5 3 39 53
5 2 40 54
2 2 39 50
1 2 39 49
5 2 39 43
3 2 39 40
5 2 42 39
5 2 39 39
1 2 39 40
7 3 39 39
8 2 39 38
2 2 39 36
1 2 39 34
2 2 39 34
7 2 39 33
8 2 40 32
5 2 39 32
5 3 39 28
1 2 39 20
5 2 39 17
3 2 39 14
7 2 39 13
5 2 39 11
5 2 40 12
5 4 39 5
7 2 45 7
3 2 43 7
1 3 43 7
4 2 42 8
8 2 41 7
4 2 38 97
3 2 39 98
1 2 39 97
3 2 38 97
4 2 39 96
1 2 43 95
8 4 39 96
6 2 39 95
7 2 38 93
5 6 38 89
6 4 38 78
7 3 38 71
7 2 39 73
8 2 38 70
8 3 38 67
5 2 38 65
4 3 38 60
7 2 38 58
8 3 38 52
4 2 38 46
4 2 39 46
2 3 39 47
7 2 38 44
1 2 38 38
4 5 38 35
2 2 38 31
5 4 38 30
7 2 38 28
7 4 38 23
2 2 38 23
2 2 39 24
4 2 38 24
8 6 38 21
3 2 38 16
8 3 38 14
2 2 38 15
4 2 38 16
3 2 38 12
6 2 37 82
5 2 43 83
4 2 43 82
2 2 43 83
7 2 43 83
1 2 42 83
1 4 37 81
2 3 37 79
4 4 37 70
1 2 38 73
6 3 37 68
5 2 37 69
5 2 37 63
6 2 37 61
3 2 37 58
1 5 37 54
1 2 38 54
2 3 37 55
6 2 37 56
4 2 37 48
7 2 39 48
3 2 39 48
7 2 37 47
2 2 37 32
4 2 37 27
5 2 37 24
5 2 39 25
3 3 37 22
6 4 37 20
1 6 37 18
5 2 37 14
6 2 37 12
6 2 38 12
3 2 37 6
8 2 38 7
2 2 38 6
6 2 38 7
5 2 40 8
1 2 39 8
7 2 39 7
6 2 37 4
1 3 36 96
2 2 37 94
8 2 37 94
5 4 37 93
6 2 38 93
8 2 36 92
5 2 36 92
4 4 36 92
2 3 36 86
1 2 36 76
1 2 40 77
2 2 36 74
8 2 36 71
7 2 36 67
3 2 36 56
7 4 36 52
4 2 38 52
7 2 37 50
8 3 36 48
4 3 36 44
3 2 36 28
3 2 36 20
2 2 36 17
1 2 36 9
8 2 38 10
6 2 39 9
2 2 39 8
7 2 38 9
3 2 37 9
2 2 41 10
1 2 41 9
7 2 36 9
5 2 40 10
4 2 40 10
6 3 40 10
3 2 39 9
5 2 36 7
3 6 36 4
2 2 42 3
1 2 42 3
6 2 42 2
7 3 36 4
3 2 35 99
4 2 40 100
6 2 37 98
2 2 36 100
2 3 35 95
3 2 37 95
1 2 35 88
8 2 37 89
7 3 35 74
5 2 36 75
4 3 35 75
8 2 38 73
6 3 35 73
4 2 37 74
5 2 37 74
2 6 35 70
5 4 35 66
7 2 35 64
3 2 36 64
2 2 35 65
4 2 41 64
2 2 38 64
3 2 38 64
6 2 35 60
5 4 35 58
3 2 35 54
7 2 35 55
5 2 35 53
6 2 35 50
3 2 35 35
6 2 36 34
8 2 35 35
7 5 35 29
8 2 37 28
3 2 37 28
1 2 35 27
8 2 35 26
7 2 37 26
6 2 37 25
4 2 35 23
2 2 35 21
7 2 35 19
6 2 35 17
7 3 35 11
4 2 35 12
1 4 35 7
7 2 35 2
7 2 37 2
5 2 36 2
8 2 35 2
2 2 35 3
6 2 35 1
3 2 34 96
7 2 34 96
7 2 34 94
3 2 34 92
2 3 34 87
6 2 35 88
1 2 36 89
5 2 36 87
8 2 37 86
4 2 38 85
3 2 34 85
2 2 34 75
8 2 34 76
8 2 40 77
3 2 34 74
1 2 34 67
6 2 35 68
4 2 34 66
8 3 34 57
6 2 34 56
1 2 34 55
7 2 34 49
2 2 34 47
7 2 34 45
2 2 34 45
5 2 34 45
1 2 34 46
6 3 34 45
8 2 34 43
8 2 35 44
3 3 34 44
4 2 37 42
3 2 36 42
7 2 34 37
6 2 35 38
2 4 34 35
8 2 34 32
3 7 34 31
3 2 34 27
2 3 34 28
6 2 34 22
7 2 34 21
1 2 34 14
1 2 34 12
5 3 34 6
8 2 34 5
2 2 33 98
5 2 36 99
4 3 33 96
2 3 33 93
2 2 33 91
8 2 33 77
3 2 34 77
4 2 34 76
8 2 33 72
3 4 33 63
1 2 35 63
2 2 35 62
8 3 35 62
7 2 35 61
5 2 35 60
4 2 34 64
1 2 33 51
6 4 33 43
8 2 36 41
8 2 34 41
6 2 33 41
5 2 33 42
3 2 33 38
5 2 33 34
5 3 33 19
8 2 33 16
5 4 33 17
3 6 33 17
2 3 33 10
6 2 34 10
3 2 33 10
4 2 35 9
7 2 33 8
6 3 33 6
6 2 32 99
1 4 32 96
6 2 32 94
8 2 32 92
7 2 32 89
8 2 32 90
3 2 34 91
8 3 34 91
5 3 32 90
5 2 32 89
2 2 32 86
8 2 32 86
7 2 34 87
1 2 32 82
7 2 32 81
7 2 35 82
6 2 38 83
3 2 38 82
4 2 37 83
8 2 34 80
7 2 37 79
5 2 37 78
5 2 34 80
6 2 33 80
1 2 32 82
3 3 32 81
2 2 33 80
4 2 32 58
1 2 33 59
3 2 33 59
6 2 32 54
4 2 32 48
5 2 32 49
1 4 32 37
2 2 35 38
3 2 34 37
7 2 34 38
4 2 36 39
4 2 33 37
7 3 32 35
5 34 32 28
4 2 33 33
4 2 32 24
1 2 32 22
8 2 32 19
3 2 32 12
5 4 32 3
6 2 32 4
2 2 31 96
7 4 31 94
7 2 31 91
3 2 31 87
1 2 31 84
1 2 33 84
6 3 32 85
8 2 33 83
5 2 33 82
2 3 32 83
7 3 31 74
5 2 32 72
2 2 32 73
5 2 31 74
8 3 31 73
6 3 31 73
5 3 31 70
1 2 31 66
2 3 31 66
3 2 34 67
6 2 31 59
4 2 33 60
5 2 31 58
6 2 31 56
2 2 31 57
1 2 31 57
5 3 31 54
1 2 35 53
7 2 31 46
6 2 31 36
8 3 31 34
1 2 31 28
2 2 31 23
5 4 31 14
7 2 31 10
1 2 31 2
1 2 30 97
3 2 31 98
5 2 31 99
4 2 31 100
4 3 31 97
5 2 30 91
8 3 30 88
6 4 30 87
8 4 30 85
5 3 30 85
8 2 30 82
5 3 30 72
8 2 30 67
3 3 30 65
1 2 30 63
2 2 30 64
1 2 31 63
8 2 30 59
6 2 32 60
8 2 30 55
3 2 30 56
4 2 30 52
6 2 30 52
3 2 31 51
6 2 31 50
2 2 32 49
5 2 31 50
6 2 30 43
8 2 30 43
5 2 30 35
3 2 34 34
7 2 30 32
8 2 30 32
2 2 30 29
6 2 30 19
5 2 30 18
4 2 30 9
6 2 30 10
5 3 30 10
8 3 30 9
7 3 30 4
3 4 30 5
4 2 29 100
7 2 30 100
1 2 30 99
7 2 29 98
3 4 29 91
5 2 29 77
6 2 29 69
8 2 31 68
3 2 29 68
5 2 29 67
2 3 29 67
4 2 31 69
7 2 29 66
7 2 29 63
5 2 30 64
8 2 30 63
2 2 30 62
6 2 30 61
5 3 29 63
6 2 29 64
4 3 29 61
1 4 29 60
8 2 29 52
8 2 30 51
5 2 29 52
6 2 29 45
5 2 29 46
7 3 29 42
4 2 31 41
7 2 29 42
4 2 29 37
5 3 29 38
3 2 29 34
8 3 29 29
3 2 29 24
7 3 29 25
1 2 29 22
7 2 29 20
2 3 29 18
7 2 31 16
2 2 29 14
1 2 29 13
5 2 31 14
6 2 34 15
3 2 34 14
3 2 30 14
2 3 29 8
1 3 29 2
4 2 29 3
6 2 28 100
8 2 29 99
3 2 31 98
1 2 31 97
2 2 29 98
8 4 28 90
2 2 28 89
7 3 28 85
3 2 30 84
8 3 28 61
3 2 28 58
3 3 28 55
7 2 28 53
1 2 28 54
2 4 28 41
8 2 28 40
1 2 28 39
2 2 28 39
4 2 28 39
6 2 28 36
8 3 28 35
1 2 29 33
6 3 29 33
2 2 28 31
2 2 28 26
8 2 28 26
1 2 28 24
6 2 28 23
7 2 28 15
6 2 30 16
8 2 30 16
3 2 28 8
8 2 28 7
6 2 28 5
2 2 29 5
5 2 29 5
3 3 28 4
4 4 27 97
2 2 27 96
4 3 27 93
5 4 27 92
8 2 27 87
1 2 27 86
3 2 27 83
6 2 27 84
6 2 27 80
4 2 29 81
5 2 27 76
5 2 33 77
4 2 33 76
7 2 31 77
1 2 29 75
2 5 27 76
4 2 29 76
3 2 29 76
6 2 28 78
3 2 30 79
7 2 30 79
3 2 29 79
2 2 28 75
3 3 27 75
6 2 27 75
1 2 27 71
5 2 27 69
8 2 27 70
1 2 27 69
6 3 27 64
7 2 27 65
1 2 28 66
5 2 27 54
6 2 27 55
4 2 29 56
7 2 28 56
6 2 27 45
4 4 27 37
8 2 27 37
5 2 27 33
5 3 27 30
2 2 27 20
8 2 27 10
4 4 27 5
8 2 28 3
5 2 28 3
6 2 27 2
5 5 26 100
3 2 26 98
5 2 26 90
3 2 26 79
6 2 27 80
5 2 28 81
7 2 27 80
8 4 26 72
6 2 26 68
5 2 27 68
8 2 26 62
1 2 26 63
1 2 26 58
7 2 26 52
1 3 26 36
2 2 26 34
6 2 26 32
3 2 26 31
4 2 26 32
2 3 26 28
6 2 26 27
4 2 27 28
7 2 27 28
8 3 26 25
3 2 28 24
3 2 26 24
1 2 26 22
6 2 29 21
4 2 28 21
1 2 28 20
3 2 27 20
5 2 26 17
7 2 28 18
8 2 26 16
1 2 27 15
6 2 30 14
2 2 30 13
8 2 30 12
7 2 30 12
2 2 27 15
8 2 27 14
7 3 27 14
5 3 26 14
7 2 26 12
2 3 26 2
7 2 25 100
7 4 25 86
4 2 25 69
2 4 25 67
8 2 26 65
6 2 25 61
1 2 26 61
4 2 25 62
1 7 25 52
1 2 25 51
5 4 25 51
3 2 26 54
8 2 26 53
3 2 25 42
2 2 27 43
4 2 28 44
1 2 27 43
4 2 25 33
2 2 25 32
8 2 25 29
4 2 25 25
8 3 25 23
6 2 25 23
7 2 25 15
3 2 25 12
1 2 29 11
2 2 25 6
3 3 25 6
5 2 25 4
4 2 24 99
3 3 24 95
3 2 28 95
5 2 26 96
3 2 25 94
2 2 25 93
2 2 24 90
7 2 24 89
2 2 25 88
6 4 24 87
3 2 24 85
4 2 24 84
3 4 24 82
4 2 25 81
4 3 24 76
5 2 24 59
8 3 24 57
3 2 24 54
5 3 24 43
8 2 24 43
6 2 24 39
5 2 27 40
5 2 28 39
6 2 28 38
8 2 26 40
1 2 24 29
1 2 24 24
5 3 24 21
7 2 26 19
8 2 24 14
6 2 24 10
2 2 26 11
4 2 24 4
2 3 23 98
8 2 25 97
5 2 25 97
4 2 25 96
1 2 23 97
4 2 23 95
2 3 23 96
8 2 23 94
1 3 23 94
1 2 23 89
3 3 23 88
1 2 23 83
6 2 23 84
5 2 23 84
4 2 23 82
8 3 23 81
8 2 27 79
2 2 28 78
5 3 23 81
3 3 23 79
6 2 23 71
7 2 24 70
4 2 24 70
2 2 24 69
7 3 23 71
3 2 23 69
7 2 23 66
5 3 23 65
7 2 25 67
4 2 23 59
6 2 23 54
8 2 23 50
4 2 23 51
3 3 23 50
5 2 23 46
3 2 24 47
8 3 24 46
2 2 29 48
5 2 29 48
7 2 29 47
1 2 28 49
4 2 24 48
1 2 24 46
7 2 23 48
5 2 23 49
1 2 23 32
7 2 23 24
6 2 23 19
3 2 22 99
8 3 22 98
3 3 22 93
1 2 24 92
5 2 22 92
5 3 22 88
6 3 22 80
3 3 22 71
1 2 22 66
4 3 22 67
2 2 22 58
1 2 22 57
3 2 22 56
7 2 22 53
2 2 22 49
1 2 22 42
7 3 22 41
4 2 22 42
6 2 24 41
4 2 22 36
3 2 22 37
4 2 22 30
7 2 23 31
7 2 22 28
6 2 22 27
1 2 22 27
8 2 22 18
4 2 23 17
1 2 22 3
6 2 21 98
8 2 21 92
4 2 21 88
4 2 22 89
3 2 22 88
8 2 21 89
2 2 22 88
6 2 21 88
3 5 21 84
7 2 21 77
2 2 22 78
1 2 21 70
4 2 21 58
5 2 21 50
6 2 21 49
8 3 21 46
6 2 21 41
7 2 24 40
3 2 21 40
3 3 21 27
8 3 21 21
6 4 23 22
2 2 23 21
2 2 23 19
4 2 21 18
2 2 21 14
8 2 21 12
1 2 22 12
5 2 21 13
7 2 23 14
3 2 21 11
6 3 21 10
8 2 21 2
4 3 21 2
4 2 20 98
8 2 20 97
6 2 20 96
5 2 20 90
6 2 20 89
2 2 20 83
2 3 20 77
3 2 23 75
6 2 20 77
7 2 20 67
2 3 20 68
8 2 22 69
2 2 22 69
6 2 20 66
7 2 20 62
6 2 20 59
7 2 22 60
3 2 20 60
1 2 21 61
4 2 20 56
7 3 20 49
3 2 20 48
5 2 20 46
4 2 20 39
1 2 21 40
3 2 20 31
5 2 21 32
3 2 22 31
2 2 22 30
1 2 20 29
6 4 20 27
7 2 20 25
4 2 20 26
3 2 20 24
5 2 20 24
6 2 20 21
1 2 20 19
4 2 20 15
5 2 20 15
3 2 20 9
1 2 24 8
4 2 24 8
2 3 20 8
1 2 24 10
2 2 23 9
3 2 20 9
2 2 20 10
7 2 20 8
2 3 20 5
7 2 20 3
4 8 19 96
1 2 19 88
7 2 19 80
8 2 19 78
8 2 23 77
6 2 23 77
5 2 19 68
6 3 19 69
2 2 19 60
8 2 19 60
3 3 19 51
1 2 21 52
2 2 20 52
4 2 19 48
4 2 21 47
4 2 22 46
1 31 19 48
3 2 20 44
5 2 19 41
7 2 19 40
5 2 19 39
8 2 19 39
1 3 19 38
3 3 19 36
5 2 19 37
8 2 19 37
4 2 19 38
5 2 19 28
7 3 19 18
6 3 19 16
4 2 19 5
7 2 19 5
6 2 18 90
1 25 18 85
8 3 18 86
6 2 18 86
1 2 18 75
7 2 18 70
4 4 18 63
8 2 22 64
4 2 19 64
5 2 20 65
3 3 20 65
1 2 19 62
5 2 20 61
3 2 18 61
3 2 18 56
6 2 20 57
5 2 20 58
6 2 18 53
3 2 21 54
1 2 18 42
5 2 19 43
5 2 18 33
8 2 28 34
5 2 28 34
6 2 24 34
2 2 22 34
8 2 19 32
7 2 21 31
1 2 21 31
2 2 19 31
8 2 18 30
4 2 18 29
4 2 18 15
2 2 18 12
8 2 18 11
2 2 19 12
7 2 18 9
4 2 19 8
4 3 18 6
5 2 21 7
4 2 18 1
7 2 17 93
8 2 17 94
5 2 17 93
3 3 17 92
2 2 17 90
3 2 18 90
2 2 22 91
5 2 17 91
8 2 17 91
4 2 17 90
6 4 17 72
6 2 20 72
4 2 22 73
2 2 20 72
5 2 19 74
4 3 17 70
3 2 17 69
2 5 17 62
3 2 17 59
5 2 17 50
6 2 17 45
2 2 17 40
6 2 17 36
7 2 17 33
1 2 17 31
6 2 17 30
7 2 17 29
7 2 17 27
3 3 17 27
4 2 17 25
3 2 17 24
5 2 21 23
2 2 17 25
6 2 17 23
8 2 20 22
7 2 20 21
8 2 17 16
1 2 17 6
6 2 21 7
3 2 19 7
4 2 19 6
6 2 17 7
5 2 17 7
5 4 17 4
1 2 18 4
6 2 16 76
8 2 18 75
4 2 16 77
7 3 16 78
3 2 17 79
8 3 16 76
1 5 16 75
7 2 16 61
4 2 16 57
7 2 18 56
5 2 16 53
2 2 19 54
4 2 18 54
7 2 16 54
8 6 16 53
3 3 16 46
4 3 16 41
6 2 19 43
7 4 16 38
7 2 17 37
1 2 17 37
2 2 16 28
7 2 16 21
6 2 16 14
2 3 16 15
6 2 17 13
7 2 17 12
4 2 17 11
1 2 17 10
3 2 16 9
8 3 16 6
1 2 16 7
6 2 16 4
7 2 16 3
3 2 16 4
5 2 18 3
4 2 16 3
7 2 15 98
6 2 15 97
2 2 15 95
2 2 17 95
1 5 15 96
4 3 15 89
7 2 15 86
4 2 17 87
1 2 17 86
5 2 17 86
3 2 15 82
5 2 15 78
2 2 18 79
1 2 16 78
4 3 15 79
3 2 16 77
6 2 15 77
2 4 15 76
3 2 15 74
5 2 15 74
3 2 18 73
7 2 16 73
2 2 15 73
5 2 15 72
8 2 15 69
8 2 15 67
4 2 15 66
3 2 17 67
1 2 17 66
2 2 17 65
8 2 15 65
5 4 15 64
5 3 15 56
4 2 16 56
6 2 15 56
1 2 15 55
7 2 16 54
2 2 15 52
4 2 15 51
5 3 15 40
7 2 15 35
8 2 16 36
8 2 21 35
6 2 21 35
3 2 21 34
4 2 20 34
2 2 17 35
3 2 15 32
7 3 15 31
8 3 15 28
8 2 16 26
5 2 15 9
7 3 15 8
6 2 15 1
2 2 17 2
2 2 14 98
8 3 14 98
2 2 14 88
2 2 14 81
6 2 14 72
7 3 14 69
4 4 14 63
1 2 14 63
6 2 14 43
3 2 14 40
2 2 14 37
4 3 14 36
6 2 14 34
5 2 14 35
5 4 14 25
6 2 14 22
2 3 14 20
5 4 14 19
4 2 14 18
2 2 17 17
4 2 13 91
1 2 15 91
7 2 15 91
1 2 14 92
4 3 13 83
8 2 13 79
2 2 13 73
8 2 13 66
3 2 13 65
6 2 13 64
7 2 13 65
4 2 13 48
7 2 13 32
8 4 13 32
2 2 13 32
8 4 13 31
4 3 13 29
4 3 13 26
5 2 13 27
7 5 13 26
1 2 13 24
4 2 18 23
2 2 13 24
3 2 13 23
6 2 13 23
5 3 13 22
6 2 13 18
7 2 13 13
3 2 13 13
6 3 13 10
6 2 14 9
4 2 13 6
4 2 13 4
1 2 13 3
2 2 14 2
8 2 13 4
4 2 12 99
2 2 13 100
1 2 12 95
3 2 15 96
3 2 13 94
7 2 12 84
6 2 12 84
8 2 12 83
4 2 12 81
1 2 12 81
6 2 13 82
2 2 12 82
6 4 12 80
4 2 12 78
4 2 12 75
5 2 12 74
7 2 12 72
3 2 12 66
8 2 12 64
6 2 12 62
8 2 14 61
2 2 13 61
1 3 13 60
8 2 12 57
1 2 13 58
1 2 14 57
8 2 14 58
6 2 13 57
2 2 13 57
7 2 16 58
8 2 15 58
5 2 14 58
6 2 14 57
5 3 12 56
8 2 12 55
1 2 12 54
7 2 12 53
3 2 12 54
4 3 12 52
1 2 12 47
1 2 12 44
4 3 12 21
6 3 12 21
1 2 12 19
4 2 15 18
6 2 15 17
1 2 13 18
5 2 19 17
7 2 16 17
8 3 13 18
8 2 16 17
3 2 16 16
5 3 12 14
8 2 12 13
7 2 12 3
1 2 11 99
3 2 12 100
6 4 11 99
8 2 11 100
7 3 11 97
4 3 11 95
2 2 13 94
5 2 11 91
6 2 12 92
1 2 12 90
8 2 11 92
7 2 11 90
7 2 11 87
1 2 11 87
3 6 11 87
6 2 15 86
3 2 11 76
5 2 11 66
8 4 11 65
1 3 11 64
7 3 11 57
7 6 11 48
4 4 11 38
5 2 12 39
1 2 12 39
1 2 11 34
1 4 11 32
5 3 11 33
3 2 11 29
3 2 11 25
1 2 11 24
6 2 11 15
4 3 11 13
1 2 14 15
6 2 13 13
3 3 11 15
1 2 13 13
4 3 13 12
1 2 11 15
4 2 13 16
5 2 13 16
1 2 13 15
6 2 11 12
2 2 13 11
8 4 11 11
4 2 12 9
7 2 11 11
2 2 11 9
1 2 11 5
3 2 11 2
8 2 10 97
8 2 10 89
7 2 10 84
2 2 10 81
5 21 10 77
8 2 11 73
2 2 10 53
6 2 11 54
4 2 10 49
5 3 10 43
5 2 12 43
2 2 11 42
3 3 10 44
2 2 16 45
7 2 16 45
3 2 11 44
7 2 11 43
5 2 10 43
1 2 10 42
2 2 10 38
1 2 10 36
6 2 10 36
3 2 10 33
8 2 10 26
2 2 10 27
8 2 12 26
6 2 12 25
5 2 10 22
8 2 10 21
1 2 10 20
4 2 11 20
6 2 11 19
3 2 11 18
2 2 11 17
8 3 10 15
6 3 10 11
4 2 10 8
8 2 11 8
4 2 13 7
7 2 11 7
2 2 10 7
7 3 10 5
4 3 10 2
4 2 9 99
7 2 10 100
5 2 9 100
2 2 9 97
2 2 9 94
8 3 9 93
1 3 9 68
7 2 9 52
6 2 14 51
8 5 9 52
3 2 9 51
8 2 9 43
8 2 9 38
6 2 9 39
4 2 10 40
5 2 9 39
5 2 9 37
2 2 9 36
4 5 9 34
1 2 9 28
8 2 11 29
1 2 10 29
4 3 10 29
5 2 9 26
7 2 9 26
2 2 9 21
4 3 9 18
2 26 9 14
1 3 9 10
3 3 9 8
6 2 9 6
8 2 8 99
1 2 9 100
6 2 8 100
3 2 8 92
2 2 10 92
8 2 9 92
7 4 8 87
8 3 8 87
2 2 9 85
2 2 10 84
4 4 10 84
6 3 8 82
6 2 8 73
1 3 9 74
4 3 8 70
8 2 8 71
3 2 8 72
7 2 8 67
3 2 8 68
2 2 9 67
4 2 9 67
6 2 9 66
6 2 8 67
2 2 8 65
7 2 8 61
7 2 11 62
8 2 8 61
1 2 8 58
4 2 9 57
2 6 9 56
2 2 8 42
8 3 8 30
2 2 9 29
4 2 9 29
7 2 9 28
8 3 8 25
2 2 9 24
7 2 8 22
6 2 8 23
5 3 8 9
1 2 8 7
3 2 9 6
5 2 7 99
5 4 7 94
4 2 8 96
1 3 8 95
6 2 7 97
1 2 7 89
3 2 7 85
1 2 7 82
5 3 8 83
7 2 7 71
2 2 10 70
1 2 7 72
6 2 7 64
4 2 7 63
2 2 10 63
7 2 7 58
4 2 9 59
8 2 8 59
5 2 8 58
3 2 7 58
6 4 7 57
7 2 7 46
8 2 11 46
1 2 7 44
7 3 7 44
3 2 12 45
8 2 9 45
6 2 9 46
2 2 9 45
6 2 8 45
4 2 8 44
3 2 7 42
3 2 7 37
1 3 7 35
8 2 7 31
6 3 7 29
6 2 7 24
3 3 7 22
2 2 10 20
5 2 9 20
8 2 8 20
4 2 8 20
7 2 7 12
8 2 7 6
7 2 7 5
2 2 7 1
2 2 6 99
6 3 6 94
1 2 6 92
4 2 7 93
6 3 7 92
4 2 7 91
3 2 8 90
2 2 8 89
7 2 8 89
2 4 6 87
4 2 6 82
3 2 6 78
8 2 6 76
7 2 8 77
3 2 6 68
7 2 6 67
5 2 6 62
7 2 6 61
5 2 6 55
5 4 6 51
1 2 7 50
6 2 6 47
2 2 8 48
8 2 6 46
7 5 6 38
4 2 6 26
3 2 6 24
5 2 6 23
8 2 6 22
6 2 6 21
5 2 6 7
3 2 6 3
6 2 11 2
8 2 10 2
8 2 8 2
5 2 8 2
1 3 6 4
1 2 8 5
4 2 7 5
6 2 5 100
2 2 5 96
8 3 5 91
8 2 5 86
3 2 5 73
7 2 10 74
6 3 10 73
2 2 6 73
7 2 8 74
4 2 5 67
6 6 5 63
7 2 6 64
3 2 5 52
4 3 5 46
3 2 6 45
5 2 5 47
8 2 6 48
6 2 5 45
1 3 5 44
3 4 5 40
6 3 5 34
2 2 6 34
7 2 7 35
3 2 7 35
8 2 5 35
4 2 5 36
5 2 5 33
1 5 5 24
2 2 5 23
4 2 5 12
6 2 5 5
5 2 5 5
3 2 4 100
7 2 4 89
6 2 4 87
2 2 4 82
7 2 6 81
6 2 6 80
1 3 4 82
2 2 5 84
5 3 4 73
8 2 4 69
1 3 4 69
8 2 4 65
5 2 4 63
4 2 4 56
7 2 4 57
3 2 4 54
7 2 5 55
2 2 4 40
8 2 5 41
6 2 5 41
7 2 4 30
4 3 4 30
8 2 4 28
6 4 4 23
7 2 5 23
4 2 5 23
3 2 4 20
5 2 4 18
8 2 4 18
2 2 4 12
7 2 4 11
1 2 4 2
6 2 3 99
3 2 3 98
8 3 3 97
2 2 3 87
8 2 6 86
1 2 6 86
4 2 3 86
7 2 4 85
5 2 3 84
1 2 3 78
7 2 9 79
5 2 5 79
1 2 3 64
2 2 4 65
2 2 3 63
7 3 3 59
1 2 5 59
8 2 3 58
2 2 3 57
7 2 3 55
7 4 3 52
7 2 3 49
2 2 9 50
5 2 7 50
6 2 6 49
8 2 6 50
4 2 6 50
3 2 6 49
4 3 5 49
3 6 3 48
1 2 3 33
6 2 3 27
1 2 3 28
5 2 4 27
7 2 3 27
7 2 3 21
1 2 3 20
4 2 3 9
1 2 4 8
8 2 5 9
7 3 4 7
8 2 3 6
4 2 3 3
2 2 4 3
7 3 3 3
8 3 3 1
8 2 2 100
5 5 2 97
4 2 5 95
1 2 3 95
5 2 2 76
1 2 6 77
6 2 6 77
4 2 4 76
7 2 2 77
4 2 2 71
2 2 2 69
1 2 2 67
6 2 2 65
8 2 2 63
6 2 2 61
4 2 2 61
7 2 3 62
3 2 3 62
5 2 2 60
4 2 2 61
2 2 2 62
8 2 2 55
4 2 2 56
1 2 2 48
5 2 2 45
8 2 2 33
7 2 2 30
1 2 2 30
2 2 2 29
8 2 2 23
3 2 2 20
8 2 2 21
4 3 2 21
3 2 2 17
4 2 2 13
7 2 4 14
5 2 3 14
7 2 2 9
1 2 2 8
5 2 2 7
2 2 1 99
1 2 1 70
7 2 3 71
3 2 7 70
4 2 5 70
6 2 3 71
4 2 3 70
3 2 3 69
5 2 2 71
7 2 2 69
1 3 1 53
4 2 1 47
8 2 1 45
1 2 10 44
6 2 10 44
3 2 1 44
7 2 1 45
1 2 7 44
1 2 1 45
7 2 2 44
6 4 2 44
7 2 5 44
7 2 3 42
8 2 5 41
7 2 5 40
8 2 3 41
5 2 2 44
2 2 1 41
4 2 3 42
3 2 1 42
6 2 1 29
1 2 1 21
3 2 1 8
2 2 1 8
8 2 1 7
