9738
4022
8 2 100 99
1 3 100 96
4 6 100 95
8 3 100 84
6 2 100 81
2 3 100 80
2 4 100 72
5 3 100 62
6 3 100 58
5 3 100 49
7 2 100 40
3 3 100 38
8 4 100 36
8 3 100 30
1 2 100 14
2 2 100 12
7 3 99 88
4 3 99 85
8 2 99 78
5 2 99 71
5 3 99 69
4 2 99 61
5 2 99 56
6 2 99 55
2 3 99 55
7 2 99 52
2 4 99 47
7 2 99 42
5 2 99 27
1 2 99 23
7 2 99 15
6 4 99 13
6 6 99 10
5 3 99 7
8 3 99 6
6 2 98 95
7 3 98 93
7 2 98 91
3 2 99 92
2 2 98 92
3 2 98 90
2 2 98 90
5 3 98 89
5 2 98 84
3 2 98 83
2 2 98 78
1 2 98 60
3 2 98 59
4 2 98 54
2 4 98 52
6 2 98 42
2 4 98 41
5 2 98 30
7 3 98 29
2 5 98 27
7 2 98 18
8 2 99 17
7 2 98 8
3 2 98 5
5 2 98 4
6 3 98 3
3 3 98 2
2 2 97 99
2 2 98 100
4 2 97 100
5 2 97 92
1 3 97 86
4 4 97 83
3 3 97 81
1 2 97 79
5 3 97 62
1 4 97 59
6 3 97 56
7 2 97 50
6 2 98 51
4 3 98 51
5 3 97 47
7 3 97 35
2 2 99 33
8 3 97 26
8 3 97 22
2 2 97 23
1 6 97 21
3 5 97 19
7 2 97 20
6 3 97 17
5 2 97 16
2 3 97 9
2 2 97 8
1 2 97 6
7 2 96 100
8 3 96 97
3 4 96 95
2 2 96 92
6 3 96 89
4 2 96 80
2 3 96 77
3 2 96 70
5 4 96 69
2 2 98 68
7 2 98 67
6 2 99 66
5 2 99 65
3 2 97 68
7 2 96 66
8 2 96 65
4 2 99 64
3 2 99 63
7 2 96 61
4 2 96 57
2 2 98 58
8 2 96 53
6 2 96 53
2 3 96 51
6 2 96 50
5 3 96 10
5 2 97 12
8 4 96 8
8 2 96 3
5 2 96 3
4 2 95 74
5 2 98 75
3 4 95 75
1 2 95 71
2 2 95 70
6 2 95 71
5 3 95 67
1 2 95 49
6 3 95 43
3 2 95 44
3 2 97 45
1 2 97 46
6 2 95 45
7 2 95 38
4 2 96 37
8 3 95 32
1 2 95 33
7 2 95 28
6 2 95 19
1 2 95 19
4 3 95 16
3 2 95 16
1 2 95 11
3 3 95 6
4 2 95 4
1 2 94 99
5 2 94 94
4 2 94 91
1 3 94 92
8 2 94 85
5 2 94 86
1 2 94 86
2 2 94 84
6 2 94 82
5 4 94 82
3 2 94 79
1 4 94 77
6 2 94 75
5 3 94 72
4 2 94 70
8 3 94 69
4 2 94 66
7 3 94 62
6 3 94 58
3 2 94 50
8 2 94 48
2 2 94 49
6 3 94 48
2 2 94 36
1 5 94 36
1 2 94 29
8 3 94 28
7 2 94 26
6 2 96 25
3 2 94 20
7 3 94 14
8 2 94 14
8 2 94 11
7 2 94 12
3 2 94 12
7 2 94 9
5 2 94 9
1 2 94 2
3 2 93 100
5 3 93 99
6 2 93 97
6 2 94 98
4 5 93 98
4 2 93 80
8 2 93 77
3 2 93 76
4 2 93 74
2 3 93 71
8 3 93 71
7 2 93 65
8 2 93 62
4 4 93 47
3 2 93 45
4 2 95 44
7 2 96 43
8 2 93 43
1 2 95 42
3 2 93 42
3 2 93 39
3 2 94 39
2 2 93 38
5 2 93 36
3 3 93 32
7 2 93 33
8 2 93 32
2 2 93 27
3 3 93 26
2 2 93 22
7 2 93 20
8 2 93 17
8 2 94 18
3 4 93 15
7 2 93 12
6 2 93 10
1 3 93 9
5 2 93 5
3 2 93 2
8 4 93 2
8 2 92 98
3 2 92 97
2 2 93 97
7 2 92 83
6 2 92 82
1 2 92 70
3 3 92 68
4 2 92 69
7 3 92 68
6 3 92 61
1 2 92 56
4 2 92 54
6 2 92 54
6 2 92 46
1 3 92 46
7 2 92 44
6 3 92 42
4 2 92 38
5 2 93 39
4 2 93 40
3 2 92 36
2 2 92 34
4 2 93 34
3 2 92 33
7 2 92 28
6 2 92 19
2 3 92 7
4 2 92 6
3 2 92 4
2 2 91 96
6 2 91 95
4 4 91 90
7 2 93 89
1 2 96 88
3 3 91 87
3 2 92 87
5 3 92 86
6 2 91 88
1 2 91 88
8 5 91 85
7 2 91 86
6 2 91 80
6 2 94 79
5 2 91 72
7 2 92 73
5 2 91 65
5 3 91 63
7 2 91 56
6 2 91 51
5 2 93 52
4 2 92 52
4 2 91 50
1 2 91 49
8 3 91 43
6 2 91 44
5 3 91 40
6 3 91 33
1 2 91 27
5 4 91 25
5 5 91 22
7 2 93 23
3 2 94 24
4 2 93 22
3 2 91 23
6 2 92 24
2 5 92 25
8 2 92 25
5 2 91 12
1 2 91 11
8 2 91 6
6 2 91 4
1 2 91 2
6 3 90 96
4 9 90 94
1 2 90 86
6 3 90 85
4 2 90 82
2 2 90 77
7 2 90 75
3 2 91 74
1 3 91 73
8 7 90 74
6 2 90 70
4 2 90 71
1 2 90 67
2 2 90 67
8 2 90 68
3 2 90 64
4 2 94 64
2 2 90 63
1 4 90 59
6 2 90 47
7 2 90 47
1 2 90 36
3 2 90 32
6 2 90 25
1 3 90 20
6 2 91 21
8 2 90 21
3 3 90 21
7 2 90 19
1 2 90 18
1 2 90 14
1 2 90 7
2 2 89 99
5 5 89 98
1 2 89 84
2 2 89 83
5 3 89 82
2 2 91 80
1 2 89 82
8 4 89 81
5 2 89 78
5 2 90 79
5 2 89 75
3 2 89 68
7 2 89 65
6 2 91 66
6 2 89 49
1 3 89 42
7 2 89 41
6 2 89 41
5 2 89 37
4 2 89 34
5 2 91 35
7 2 89 23
8 3 89 14
6 3 89 11
5 3 89 8
7 3 89 4
1 2 89 4
7 3 88 100
5 3 88 93
7 2 88 89
3 2 89 90
3 5 88 88
1 2 88 87
3 3 88 75
4 2 88 77
7 2 88 73
6 2 88 72
2 2 88 69
7 3 88 60
2 2 93 58
8 2 93 57
6 2 93 58
3 2 89 61
2 4 89 60
6 2 88 59
5 2 88 55
8 3 89 56
6 2 89 57
2 2 91 58
1 2 89 56
2 2 88 55
3 2 88 53
5 2 88 52
1 2 90 53
7 2 88 48
1 3 88 45
3 2 88 45
4 2 88 43
3 4 88 43
2 2 88 39
3 3 88 38
1 2 88 39
8 2 89 38
6 3 89 37
4 2 88 32
8 2 88 33
4 2 88 23
7 2 88 13
6 4 88 7
3 2 88 5
4 2 88 3
1 2 87 100
6 2 87 92
7 2 87 85
8 2 87 83
3 2 87 84
7 2 87 82
1 2 87 77
8 2 89 76
5 4 87 76
2 2 88 76
6 2 87 79
2 2 87 74
4 2 87 71
7 2 87 68
2 8 87 67
7 2 87 64
8 2 88 64
1 2 90 65
2 2 90 64
4 4 87 61
5 2 87 63
6 2 87 62
4 6 87 58
7 2 87 53
4 2 87 46
6 2 87 46
3 2 87 47
8 3 87 46
7 2 87 45
1 4 87 34
1 2 87 27
4 2 89 26
6 2 88 26
7 3 87 25
1 2 87 24
1 2 87 18
2 3 87 18
4 2 90 17
7 2 87 15
2 2 87 13
3 2 87 10
4 3 87 7
5 2 87 3
5 2 86 100
5 3 86 95
8 3 86 92
3 2 89 94
2 2 89 94
1 5 86 89
2 2 86 90
1 5 86 82
3 3 86 70
5 2 86 70
1 2 86 66
7 2 86 60
7 2 86 56
5 2 89 55
3 2 89 55
4 2 89 54
8 2 89 53
8 3 86 54
1 2 88 53
3 2 88 53
7 3 86 49
1 2 89 50
2 2 86 43
1 2 86 40
6 3 86 39
1 2 86 37
7 2 87 37
2 2 87 37
2 2 86 35
1 2 86 31
2 2 86 28
3 2 90 29
4 2 92 30
7 2 93 31
2 2 89 29
2 3 86 25
8 2 86 17
8 2 88 16
3 3 88 15
5 4 87 17
1 2 86 8
8 2 86 6
6 2 86 5
6 2 86 1
7 2 85 99
1 2 87 98
2 2 85 94
3 2 85 95
1 2 85 93
8 2 86 93
1 2 85 75
7 6 85 71
2 2 85 73
3 4 85 74
8 3 85 69
8 2 85 65
2 2 85 62
5 2 85 60
4 4 85 54
1 2 85 54
7 2 85 52
4 3 85 51
5 2 85 47
8 2 85 41
3 2 85 40
4 2 85 39
2 3 85 39
6 2 85 39
4 2 85 34
6 2 85 31
1 2 85 28
4 2 85 22
2 2 85 16
1 2 85 17
7 2 85 18
7 2 85 9
2 2 86 9
1 2 86 9
3 2 86 8
8 3 85 8
2 2 85 1
8 2 89 2
1 3 84 98
8 2 84 96
4 2 84 94
5 2 84 89
6 2 84 90
8 2 87 91
1 2 84 85
4 2 84 86
2 2 84 83
6 3 84 75
7 2 84 74
1 3 84 68
2 2 84 54
7 2 84 35
8 2 85 34
7 2 87 33
6 2 86 33
1 3 85 35
2 3 85 33
6 2 84 36
8 2 85 37
3 2 84 32
5 2 85 31
2 2 84 31
2 2 91 30
1 4 84 31
7 2 84 30
6 2 85 29
8 2 85 29
3 2 87 29
1 2 84 29
4 4 84 28
7 2 84 27
6 2 84 26
6 2 84 20
5 2 84 18
5 2 84 14
5 2 85 13
6 2 84 15
8 3 84 12
6 3 86 13
2 2 86 11
4 2 85 11
7 2 85 10
8 2 84 12
2 2 84 11
6 3 83 96
7 2 83 95
8 3 83 94
4 2 83 92
8 2 83 91
4 3 83 84
6 2 83 85
8 2 83 84
5 2 83 77
8 2 83 76
5 3 83 61
3 2 83 62
6 2 85 63
1 2 83 52
8 2 83 49
5 2 86 49
4 2 84 49
3 2 83 48
6 2 83 49
3 2 83 50
8 2 83 48
3 2 83 45
2 2 83 45
7 2 83 40
7 2 84 41
8 2 84 40
4 2 83 41
3 4 83 34
7 2 83 20
1 2 83 20
4 2 83 19
7 2 82 98
3 2 85 98
5 2 82 95
3 2 82 93
1 2 82 89
3 2 82 87
6 2 82 87
5 2 82 82
6 2 82 69
7 2 82 68
6 2 82 62
1 3 82 62
7 2 82 54
8 2 82 53
3 2 82 52
6 2 82 52
2 2 82 50
7 2 82 51
1 2 82 49
5 2 82 44
2 2 82 42
3 2 82 42
6 2 82 43
8 2 83 44
2 2 82 40
2 2 82 37
7 2 83 38
3 2 82 31
6 2 82 29
4 2 82 23
5 2 84 24
8 2 84 22
5 2 82 20
7 2 82 16
4 2 82 16
8 2 82 15
7 2 82 9
4 2 83 10
1 2 83 8
6 2 83 7
5 2 82 5
3 3 81 97
2 2 81 97
8 2 82 98
1 2 81 95
4 2 81 94
5 2 81 90
5 2 83 91
7 2 82 91
7 2 83 92
3 2 81 90
6 2 81 91
2 2 82 92
8 4 81 89
1 2 81 82
5 2 81 77
7 3 81 63
5 2 85 64
3 2 82 64
2 2 84 65
7 4 81 58
8 2 84 59
3 2 87 58
2 2 85 58
1 3 84 59
7 2 84 58
2 2 81 59
3 2 82 58
8 2 84 57
1 2 84 56
8 2 81 58
7 3 81 53
1 2 81 51
4 3 81 44
6 2 81 35
4 2 81 36
4 2 81 31
6 4 81 27
2 2 81 26
7 3 81 24
6 4 81 16
3 3 81 14
1 3 81 13
7 4 81 10
3 2 81 10
6 2 81 9
4 2 80 98
6 5 80 97
2 2 80 91
4 2 80 83
1 2 80 79
3 2 80 79
8 2 85 80
7 4 85 79
8 2 80 74
1 2 80 72
8 2 83 73
2 3 83 73
5 2 82 72
3 2 80 60
5 2 80 57
2 2 80 54
5 2 80 51
4 3 80 48
2 2 81 47
3 3 81 46
6 2 80 48
1 2 80 39
8 2 80 35
3 2 83 36
6 2 83 35
2 2 80 36
3 2 80 34
6 2 81 33
5 2 80 31
8 2 81 30
4 2 80 26
3 2 80 27
5 4 80 22
2 2 80 24
8 2 80 10
2 2 80 9
8 2 80 5
6 2 84 5
3 2 84 4
7 2 83 5
8 2 83 4
3 2 82 5
2 3 80 3
5 2 80 2
3 2 83 3
5 2 83 2
6 2 80 3
5 2 80 4
1 2 81 5
2 2 80 3
3 3 79 95
1 2 79 91
6 4 79 89
7 2 80 87
3 2 80 87
4 2 80 87
5 3 79 83
6 3 79 80
8 2 81 79
1 2 79 75
7 2 79 74
5 4 79 74
8 2 79 69
5 2 79 66
5 2 84 67
3 2 80 65
1 2 79 67
2 2 79 61
1 3 79 57
6 2 79 57
8 2 79 46
2 2 79 44
5 3 79 43
8 2 80 45
1 2 80 44
4 2 79 43
7 2 79 37
1 2 79 36
7 2 79 35
5 2 79 27
1 2 80 28
2 2 79 25
1 2 79 23
7 2 79 17
6 2 79 14
3 2 79 12
6 3 79 7
7 2 79 4
3 3 79 2
4 3 78 97
1 2 78 94
8 2 78 90
4 2 78 91
5 3 78 90
2 2 78 88
3 2 78 86
1 2 80 86
8 3 78 80
2 2 83 81
1 2 80 80
3 2 83 81
7 2 79 81
5 2 79 81
6 2 78 77
2 2 82 77
5 2 82 78
4 2 82 76
1 2 80 77
6 4 78 73
5 2 78 70
3 3 78 67
2 2 79 66
8 2 79 67
3 2 80 68
4 2 79 68
7 3 79 66
5 3 78 65
4 2 78 61
4 4 78 54
7 2 81 56
8 3 78 52
1 2 78 48
3 2 78 48
4 5 78 41
5 2 78 36
5 2 78 29
8 2 78 15
4 3 78 14
4 2 78 11
6 4 78 11
7 2 80 13
5 2 78 13
6 3 78 4
1 2 78 6
4 2 77 94
1 3 77 83
5 2 77 84
7 2 77 85
2 2 78 86
3 2 77 82
4 2 77 76
3 2 77 74
2 2 77 71
2 2 77 68
6 2 77 69
7 2 77 67
6 2 77 65
6 2 78 64
4 2 77 66
8 4 77 64
8 4 77 57
7 2 77 49
6 3 77 48
8 2 77 49
8 3 77 41
5 2 77 41
6 3 77 40
8 2 77 33
1 2 79 32
2 2 79 31
5 2 79 31
1 2 78 34
5 3 78 34
4 2 77 28
6 2 77 29
3 3 77 24
8 2 77 21
8 2 77 19
1 2 81 19
1 2 77 17
8 2 80 18
2 2 79 18
7 2 77 3
6 2 78 2
1 2 78 2
2 2 78 1
1 2 76 100
1 2 76 95
2 2 76 94
8 2 76 89
2 4 76 88
7 2 78 85
8 2 76 82
7 5 76 69
6 2 76 62
2 2 76 54
7 2 76 53
4 2 76 52
4 2 76 48
8 2 76 26
2 2 76 20
4 2 76 19
4 2 75 98
5 2 76 99
7 2 82 100
2 2 80 100
3 2 75 99
3 2 79 100
6 2 75 94
6 2 75 90
5 2 75 88
5 2 75 84
1 2 75 81
6 2 75 79
8 2 75 78
5 2 78 79
5 2 76 79
1 2 76 78
5 3 75 77
5 2 77 76
7 2 76 76
2 2 75 77
5 2 75 72
1 2 75 73
5 3 75 70
7 3 75 65
3 3 75 62
5 3 75 61
6 2 75 61
2 2 75 59
5 3 75 58
7 2 75 56
2 2 77 56
3 2 77 56
5 2 75 56
5 3 75 51
3 3 75 51
1 5 75 51
2 2 75 47
5 3 75 42
7 2 77 43
2 2 77 44
7 2 77 45
4 4 75 42
1 2 76 43
1 2 75 40
6 4 75 37
1 2 76 37
3 3 76 37
4 2 76 38
7 2 75 35
1 2 75 32
8 2 77 33
4 2 75 22
4 2 80 21
7 3 75 19
8 2 80 20
7 2 78 19
6 2 77 19
5 2 77 20
3 2 76 19
2 2 75 12
7 3 75 11
8 2 76 13
3 2 75 9
3 2 77 8
7 2 77 8
5 3 77 9
1 2 76 8
7 2 75 7
2 2 74 98
5 2 74 92
4 2 75 93
8 2 77 92
4 2 77 93
6 3 74 87
4 2 75 88
6 2 74 85
7 6 74 82
2 2 75 80
6 2 75 79
7 3 75 78
2 2 74 68
2 3 74 61
8 3 74 60
4 2 74 57
2 2 74 55
3 2 74 48
7 2 74 46
6 2 76 46
8 3 74 46
3 2 74 44
1 2 74 43
6 2 74 42
2 2 74 41
4 2 74 24
6 2 77 25
1 2 77 25
3 2 77 24
4 2 75 25
7 2 76 24
8 2 77 23
3 2 77 22
2 2 75 26
1 2 75 24
1 2 74 18
4 2 74 17
5 2 74 17
8 2 74 12
5 3 73 100
8 2 77 100
8 3 73 99
4 2 76 100
6 2 73 97
2 2 73 92
3 2 76 93
7 2 75 93
3 5 73 85
2 2 73 80
8 3 73 76
7 2 73 76
3 3 73 75
1 2 75 75
1 2 73 73
8 3 73 69
6 2 73 66
2 2 74 65
1 4 74 64
4 3 74 64
1 2 73 62
5 2 73 54
7 2 73 40
3 2 73 37
6 2 74 38
2 3 73 36
8 2 75 35
8 2 73 26
3 2 73 27
5 2 73 22
6 3 73 23
1 2 76 21
8 2 76 21
3 2 75 21
3 2 73 24
1 2 73 15
1 2 73 7
3 2 73 7
6 2 72 100
6 2 72 83
6 3 72 73
4 2 72 68
5 2 72 66
3 3 72 66
8 3 72 62
1 2 72 58
8 2 72 56
7 2 72 55
6 2 72 53
8 2 73 52
3 2 75 51
2 2 75 51
5 2 73 51
4 2 72 54
7 2 72 52
8 2 72 49
7 2 73 50
1 2 72 45
8 2 72 42
8 2 72 32
1 2 72 27
6 2 72 26
6 2 72 19
7 2 72 10
2 2 72 9
8 2 73 10
1 2 74 11
2 3 74 11
4 2 73 9
2 2 71 100
1 2 71 91
8 2 72 92
4 4 72 91
3 3 71 82
6 2 71 76
2 2 71 73
4 2 72 74
5 2 71 73
3 2 71 70
6 3 71 68
1 3 71 66
4 5 71 59
4 3 73 60
6 2 72 60
8 2 72 59
2 3 71 58
7 2 71 49
1 2 71 47
5 2 72 47
4 2 72 47
2 2 73 47
5 2 71 36
4 3 71 30
5 2 76 29
3 2 73 31
3 2 74 32
7 2 73 32
6 2 73 31
2 2 73 31
8 3 71 28
2 2 74 29
5 2 71 19
5 3 71 17
1 2 71 14
2 2 71 13
5 2 71 12
1 2 71 11
3 2 72 10
6 3 71 6
7 2 74 6
2 2 77 5
3 2 71 5
3 2 71 2
4 2 71 2
1 3 71 2
5 2 70 91
2 2 70 90
5 2 70 86
2 2 71 87
1 2 72 86
7 2 71 86
5 2 71 86
8 3 70 86
6 4 70 85
5 2 70 84
2 2 70 83
2 2 70 80
3 2 72 79
4 2 74 78
3 2 74 78
8 2 74 78
1 2 73 78
5 2 70 78
4 2 70 75
6 2 72 75
7 3 70 74
5 2 70 68
7 2 70 65
1 2 70 54
2 3 70 49
2 2 71 50
6 2 71 51
1 2 70 45
7 3 70 38
1 2 71 38
4 3 70 32
8 2 73 34
1 2 73 34
6 2 70 31
2 3 70 26
1 3 70 22
2 3 70 18
1 7 70 7
5 2 69 99
5 2 72 98
1 2 72 97
4 2 72 97
1 2 69 98
4 2 69 98
1 2 69 96
5 2 74 96
1 2 69 92
2 2 69 93
2 2 74 94
8 2 73 94
3 2 69 85
4 2 69 84
7 3 69 72
7 2 69 59
1 2 69 60
2 2 70 61
6 2 70 61
4 2 69 56
3 2 69 56
2 4 69 55
8 3 69 46
8 3 69 44
5 2 72 45
2 2 70 44
6 2 69 45
8 2 69 38
2 2 70 38
5 3 69 38
2 2 71 39
6 2 69 32
5 2 69 29
3 2 72 29
3 2 74 28
7 2 71 30
4 2 69 27
8 2 72 28
2 2 69 24
1 2 70 23
8 2 71 24
2 2 71 23
4 2 70 22
2 2 70 21
3 2 69 21
8 4 69 20
4 2 71 20
3 3 69 18
6 2 71 16
2 5 69 14
2 2 70 16
6 2 69 12
5 2 69 4
8 2 71 4
5 2 71 3
7 2 68 99
7 2 70 100
5 2 68 91
3 2 68 86
8 2 68 85
7 2 68 84
1 2 68 81
3 2 70 80
6 2 70 79
4 2 70 79
3 2 70 78
8 2 69 82
6 2 69 81
1 3 68 78
5 2 68 75
8 2 69 76
1 2 68 75
8 2 68 74
4 2 68 73
1 2 68 72
6 2 68 66
3 2 68 60
6 4 68 57
1 2 68 57
3 2 68 52
7 2 68 42
4 4 68 38
6 2 71 39
8 2 73 40
4 2 73 40
3 2 71 38
3 2 68 34
1 2 68 27
2 2 71 28
5 4 68 27
4 2 68 24
7 2 68 22
7 2 68 18
1 3 68 17
6 2 68 18
2 3 68 11
6 2 68 10
8 2 71 9
6 2 68 3
3 2 67 94
4 2 67 92
6 2 67 89
8 2 67 90
2 2 70 89
4 2 69 89
6 2 69 88
8 2 71 88
2 3 67 80
5 3 67 78
8 2 67 72
8 2 67 70
1 2 70 70
6 2 67 69
3 2 67 65
3 2 67 63
7 2 73 64
1 2 67 62
7 2 67 50
1 2 69 49
3 2 67 45
4 2 68 45
6 2 68 46
7 3 67 46
8 3 67 41
3 2 68 40
7 2 67 27
6 2 67 24
4 3 67 21
4 2 67 17
7 2 67 16
3 2 69 15
6 2 71 14
5 3 71 13
3 2 67 10
3 2 67 4
7 2 67 5
6 2 67 5
5 2 68 6
1 2 67 5
8 2 70 4
1 2 66 100
2 2 66 97
2 3 66 84
6 3 66 81
3 2 66 79
5 7 66 76
4 2 66 74
4 2 66 71
2 2 66 69
1 2 67 68
4 2 66 56
8 2 66 55
6 3 66 54
4 4 66 48
2 2 66 37
6 2 67 36
3 4 66 33
6 2 66 29
6 3 68 30
3 2 69 31
7 3 68 31
4 2 68 29
5 2 67 30
3 2 69 31
7 2 69 30
6 3 68 30
1 2 67 31
3 3 66 27
8 2 66 22
6 2 68 23
1 2 66 19
6 2 66 20
1 2 66 21
2 2 66 21
8 2 66 18
1 2 66 17
4 3 66 5
4 2 67 4
1 2 65 93
3 2 65 89
5 2 66 90
5 2 65 88
1 2 65 89
3 2 65 87
7 3 65 80
1 3 65 73
5 4 65 71
8 4 65 68
6 2 65 67
8 2 65 62
1 2 65 63
7 2 68 64
6 2 66 64
5 2 66 63
3 2 71 64
4 2 70 64
1 2 70 64
7 2 70 63
2 2 67 64
4 2 67 64
5 2 67 63
7 2 65 62
7 2 65 53
5 2 65 52
6 2 67 52
4 2 67 52
8 2 65 50
1 3 65 49
1 2 65 44
2 2 65 43
6 3 65 42
8 2 65 36
2 2 65 35
2 2 65 29
5 2 66 28
1 2 65 28
3 3 65 23
8 2 65 23
5 2 65 18
8 2 65 17
7 3 65 11
6 2 65 12
8 2 65 10
3 2 65 6
2 2 67 7
4 4 67 8
8 3 66 6
3 2 65 3
7 2 64 94
7 2 66 95
8 3 64 95
6 2 70 96
6 2 67 96
8 2 69 97
2 2 65 95
3 2 65 96
6 4 64 88
4 2 66 87
7 2 66 87
2 3 64 87
1 4 64 80
3 2 65 81
5 2 65 82
4 2 65 83
4 2 64 81
6 2 64 78
6 3 64 74
2 2 64 72
4 2 69 71
2 2 64 65
6 2 65 64
5 2 64 65
8 2 64 65
6 2 64 61
5 2 64 59
2 2 64 59
7 2 65 58
3 2 64 50
4 2 64 46
3 2 64 42
5 2 64 42
7 2 64 38
8 2 66 38
6 3 64 31
1 2 64 30
8 2 64 30
7 2 64 29
3 2 64 28
4 4 64 26
2 3 64 25
7 2 64 22
1 2 64 21
7 2 64 20
8 2 64 20
3 3 64 12
3 2 65 13
4 2 64 9
5 2 64 8
5 2 65 8
2 4 64 8
7 5 64 3
5 2 65 3
3 2 64 3
7 2 64 2
7 2 63 96
2 2 63 94
8 2 63 92
7 2 63 86
1 2 63 86
2 2 63 81
8 2 63 79
4 3 63 68
4 2 63 64
7 3 63 62
4 2 63 58
2 5 63 52
3 2 63 48
7 2 63 49
2 3 63 46
3 5 63 42
3 2 63 38
4 2 63 37
1 2 63 33
2 3 63 32
7 2 63 24
5 2 63 22
8 3 63 10
6 3 63 8
7 2 64 9
7 4 63 6
5 2 63 3
5 3 62 97
2 2 67 98
5 2 65 98
6 2 65 99
1 2 63 98
3 2 64 97
6 2 63 97
7 4 62 91
7 2 64 91
8 2 63 91
4 2 63 90
3 2 62 79
2 2 62 62
5 3 62 61
4 3 62 56
6 2 62 49
4 3 62 46
2 7 62 37
7 2 65 34
5 2 65 33
6 2 63 34
4 2 64 33
1 2 63 35
5 3 62 38
7 2 62 38
7 2 62 34
4 2 62 32
4 2 62 21
7 2 62 20
1 2 62 15
6 2 62 15
1 2 64 14
7 4 62 13
4 2 62 13
1 2 68 14
6 5 62 3
4 2 61 100
7 2 61 99
1 2 63 100
5 2 64 99
2 2 61 95
6 2 61 95
4 2 61 96
8 2 61 94
4 2 61 93
1 2 61 92
2 2 61 91
6 3 61 92
1 3 61 90
8 5 61 88
6 3 61 86
1 4 61 85
5 2 61 73
6 2 61 72
8 2 61 66
1 3 61 67
3 2 61 68
5 3 61 67
7 2 61 64
7 2 61 59
8 2 61 58
3 2 64 58
4 2 61 59
8 2 62 60
1 2 61 60
5 2 63 61
4 3 61 49
5 2 61 39
4 3 61 40
7 2 61 36
7 3 61 32
6 2 61 27
7 2 61 28
8 2 61 24
2 2 61 23
8 3 61 15
8 2 66 14
2 2 66 13
4 2 65 14
6 2 63 14
2 2 62 16
6 2 62 17
5 2 61 14
1 2 61 10
6 2 60 99
7 4 60 94
4 2 60 88
1 3 60 88
3 2 60 85
2 3 60 82
4 2 60 75
5 3 60 72
1 2 62 71
2 2 61 71
3 2 63 70
4 2 60 70
5 2 63 71
2 2 66 70
6 3 61 71
5 4 60 64
5 2 60 60
6 3 60 54
3 2 61 54
8 2 60 51
5 2 60 46
8 2 60 41
2 3 60 39
1 2 60 37
5 2 60 35
1 2 60 35
3 2 60 34
5 2 60 26
5 2 64 25
1 2 64 25
3 2 60 26
3 3 60 24
7 2 60 21
3 2 60 20
1 5 60 13
7 2 60 6
4 2 60 3
2 5 59 93
7 2 59 87
8 2 59 87
4 2 59 80
6 2 59 78
7 2 59 77
1 4 59 77
3 2 59 75
5 2 59 61
7 4 59 56
4 2 59 51
7 2 60 52
7 3 59 50
1 3 59 48
7 2 59 47
7 2 59 42
4 2 59 34
1 2 59 19
4 2 61 18
8 2 59 17
8 2 60 18
6 2 63 17
8 2 59 7
1 2 61 6
5 2 61 5
1 2 59 8
8 2 60 9
6 2 59 6
5 2 59 3
3 2 59 2
8 3 58 100
8 2 59 100
5 3 58 98
6 2 58 96
1 2 58 95
3 2 58 91
7 2 58 89
2 2 58 89
6 2 58 84
2 2 59 85
2 2 68 84
1 2 62 84
1 2 58 85
8 2 65 84
5 2 64 84
2 2 63 84
3 2 63 83
7 2 61 84
6 2 61 84
3 2 58 82
6 2 59 83
4 2 60 82
8 4 59 82
2 4 58 80
1 2 58 74
8 3 58 72
4 2 60 71
1 2 62 70
7 2 61 70
6 2 58 64
1 3 58 59
3 3 58 58
1 2 58 57
8 3 58 54
1 2 58 55
7 2 58 56
2 2 58 54
8 2 58 51
1 2 58 47
5 2 58 48
6 2 60 47
6 2 61 46
2 2 60 46
5 2 58 36
2 2 58 37
4 2 58 32
5 4 58 31
6 2 58 30
4 2 58 28
7 2 58 28
7 4 58 24
6 2 58 14
1 2 60 13
7 3 58 13
2 2 58 14
5 2 59 15
3 2 58 14
4 2 58 11
5 3 58 11
2 2 58 8
6 3 58 7
4 2 58 2
8 2 57 94
5 2 57 93
3 2 57 93
1 2 57 92
8 3 57 91
8 4 57 88
3 3 57 86
4 2 57 86
8 3 57 77
6 2 57 78
5 4 57 77
8 2 59 77
2 2 58 77
4 2 57 69
5 2 59 70
4 2 57 66
1 2 59 67
7 3 59 66
2 2 57 62
3 2 57 61
1 2 57 50
8 3 57 48
7 2 57 46
2 2 57 43
8 2 59 44
3 2 59 45
7 2 59 44
8 2 59 45
4 2 59 45
5 2 58 45
3 2 57 44
2 2 58 45
4 2 58 45
1 4 57 32
1 2 59 34
8 2 58 34
3 2 58 35
2 2 57 30
8 4 57 29
1 2 59 30
2 2 59 29
4 2 57 26
4 2 57 22
3 2 57 23
7 2 57 16
3 2 59 17
6 2 59 17
3 3 60 18
1 2 57 17
7 2 58 16
4 5 57 16
8 2 57 13
4 4 57 12
6 2 57 11
5 2 57 8
5 2 58 9
3 2 57 7
5 3 57 5
2 2 57 3
3 2 56 100
6 2 56 99
8 4 56 97
3 2 57 98
2 3 57 97
5 2 56 88
5 2 56 85
4 2 57 84
1 2 56 79
3 3 56 77
6 2 56 77
7 2 56 77
2 3 56 71
2 3 56 69
7 2 58 70
2 2 57 70
5 2 56 67
5 2 56 65
6 2 57 66
3 2 56 40
5 2 59 41
7 3 59 40
2 2 61 41
6 2 61 41
8 2 56 39
7 3 56 35
5 2 56 35
2 3 56 35
5 3 56 30
3 2 56 25
2 4 56 23
3 2 56 20
6 2 56 17
2 2 56 16
3 2 56 10
2 2 56 10
1 2 56 9
6 2 56 3
3 2 55 98
1 2 55 97
7 2 55 96
7 2 55 86
2 2 55 82
6 2 56 81
7 2 55 82
2 2 55 77
5 3 55 73
3 2 60 74
4 2 60 73
4 2 55 70
3 2 56 70
8 2 55 68
4 3 55 62
4 2 56 60
7 2 57 61
3 2 56 61
2 2 56 59
8 4 55 60
7 3 55 56
1 2 55 56
1 3 55 49
6 2 55 47
1 3 55 45
5 3 55 43
4 3 55 40
8 2 58 40
1 2 55 37
3 2 55 38
1 2 57 39
6 2 55 39
7 3 55 31
4 2 55 25
5 3 55 17
3 3 55 12
4 2 55 6
8 3 55 7
2 2 55 5
2 2 55 2
8 2 56 2
2 2 54 92
1 3 54 91
3 2 54 81
8 2 54 80
1 2 57 80
1 2 54 78
8 3 54 77
5 2 54 75
5 3 54 70
8 2 54 70
3 2 54 63
1 2 55 64
5 3 54 58
8 2 54 55
6 2 54 50
8 2 60 51
1 2 60 52
7 2 60 51
4 2 54 48
3 2 56 47
4 2 54 44
8 2 54 43
2 2 54 43
5 2 54 27
3 2 54 26
7 2 54 27
2 2 55 28
4 2 54 23
5 4 54 21
2 2 58 19
7 2 55 19
4 2 57 18
6 2 54 21
1 2 54 19
1 5 54 14
7 2 53 96
4 2 55 95
6 2 53 95
3 2 53 92
6 2 53 88
1 2 53 74
7 2 57 74
6 2 56 74
2 3 56 74
1 4 53 70
6 2 53 70
3 2 53 70
8 2 53 63
7 2 53 64
4 2 53 60
7 2 54 61
1 2 53 59
3 2 53 57
5 2 57 58
6 2 57 58
6 3 53 45
2 4 53 45
4 3 53 43
3 5 53 42
1 2 53 44
5 2 53 39
1 3 53 40
4 4 53 40
5 2 55 41
3 2 53 40
3 2 53 34
6 2 53 35
4 2 53 33
6 2 53 33
7 2 53 31
4 3 53 30
1 2 53 28
8 7 53 27
1 3 53 25
7 3 53 19
8 3 53 19
6 2 53 19
2 5 53 17
6 3 53 3
4 2 53 4
5 2 53 4
7 2 53 5
8 2 52 97
1 2 52 95
5 9 52 92
4 2 55 90
8 2 52 94
3 2 52 94
7 2 52 86
5 3 52 87
8 2 52 85
2 2 52 85
8 2 55 84
6 2 55 83
6 2 52 78
8 2 52 67
2 2 55 67
8 2 55 68
7 2 52 68
1 3 52 51
1 2 54 52
5 2 57 53
3 2 54 52
4 3 53 52
2 2 56 53
6 2 54 53
5 2 54 54
5 2 52 51
3 2 52 50
4 2 52 50
2 2 52 49
8 4 52 35
1 2 52 34
6 3 52 23
4 3 52 22
8 2 52 20
4 2 52 21
5 2 52 20
2 5 52 9
3 3 52 4
1 2 52 4
5 2 51 95
2 5 51 93
5 3 51 84
5 2 52 83
6 2 52 82
3 2 55 81
7 2 55 80
5 2 54 81
2 2 52 82
4 2 52 81
7 2 51 80
2 2 51 79
5 2 51 72
2 6 51 71
7 2 51 72
6 3 51 69
7 3 51 60
6 2 53 58
7 4 51 54
3 2 51 54
6 2 51 55
4 2 53 56
7 2 51 49
6 2 51 46
6 7 51 40
2 4 51 36
5 2 51 31
6 2 51 30
7 3 51 23
5 3 52 24
4 2 51 19
3 3 51 18
6 2 51 12
1 2 54 11
6 2 52 11
8 6 51 8
5 2 52 7
7 2 50 88
1 2 51 89
1 2 50 84
5 2 50 79
4 4 50 78
6 2 50 76
6 2 51 76
2 2 50 69
3 2 50 68
1 2 50 67
1 4 50 64
4 2 52 64
6 4 50 59
1 2 50 58
1 2 50 55
4 2 50 53
1 2 50 48
7 3 50 47
5 2 50 45
7 2 51 44
8 2 51 44
6 3 51 43
6 2 50 32
3 2 52 33
2 2 51 33
7 2 50 29
8 3 50 23
1 2 50 23
8 3 50 13
2 2 51 11
5 2 50 11
8 2 52 10
8 3 50 3
1 5 49 100
3 2 52 99
4 2 52 100
1 2 51 99
2 2 52 98
4 2 49 93
7 4 49 92
4 4 49 89
3 2 49 86
4 2 49 81
8 2 49 80
8 3 49 76
3 2 51 77
5 3 49 65
2 2 50 63
5 2 51 62
7 2 51 61
3 3 50 63
1 3 49 62
4 3 49 57
8 3 49 54
7 2 49 51
8 3 49 50
2 2 49 47
2 2 49 43
5 2 49 38
7 2 49 38
1 3 49 35
6 2 49 36
3 2 49 33
2 2 49 31
8 2 49 28
7 2 49 24
1 2 49 21
1 2 51 22
2 2 49 20
6 5 49 15
5 2 49 13
1 2 49 4
7 2 49 4
6 2 49 3
7 2 51 2
6 2 48 93
2 2 48 93
7 2 48 87
3 3 48 84
4 2 49 84
6 6 48 84
3 2 49 85
7 2 49 86
2 4 48 79
1 2 48 77
2 2 48 75
3 2 48 73
3 2 52 74
6 2 48 66
1 2 49 65
7 2 48 67
2 4 48 67
4 3 48 66
8 2 49 67
1 2 48 56
3 2 49 57
5 2 48 55
2 2 48 49
7 3 48 44
2 2 48 40
4 2 48 36
8 2 48 36
4 3 48 35
3 2 48 24
6 3 48 23
4 3 48 22
8 2 48 22
7 2 48 22
1 2 48 15
8 2 48 16
2 2 52 15
7 2 52 15
3 2 48 9
6 2 49 10
8 2 48 5
8 2 47 95
6 2 48 96
3 2 48 96
1 2 48 95
5 3 47 92
2 2 47 90
6 3 47 87
8 2 47 83
3 2 48 82
1 4 47 81
5 2 47 75
5 4 47 70
3 2 47 64
8 3 48 65
4 3 47 63
2 7 47 62
4 2 48 60
6 2 47 62
2 5 47 56
7 2 47 59
6 3 47 53
7 2 47 48
5 2 47 46
8 2 47 47
5 2 47 43
2 4 47 37
7 3 47 34
7 3 47 30
4 2 47 28
8 4 47 24
2 2 47 19
4 2 47 20
3 2 52 19
2 2 50 19
7 2 47 20
4 3 46 99
5 2 51 98
4 2 51 98
1 2 46 97
4 2 46 98
6 2 47 97
8 2 46 97
4 2 46 96
6 3 46 94
6 2 46 91
5 2 46 90
2 2 46 88
5 3 46 84
7 3 46 81
7 2 46 83
6 3 46 79
2 2 46 73
2 2 46 70
3 4 46 68
5 4 46 66
8 3 46 62
3 3 46 52
1 2 46 50
5 2 47 51
5 2 46 49
6 3 46 48
4 2 46 44
8 2 46 42
2 2 46 35
1 2 46 33
8 2 46 33
6 3 46 28
1 3 46 27
8 2 46 27
2 2 46 27
5 5 46 26
6 2 49 26
7 2 46 16
4 3 46 15
4 2 48 14
7 2 46 10
7 2 48 11
3 2 48 12
5 2 46 10
4 2 47 10
2 3 46 11
7 2 47 9
6 2 46 12
8 2 46 5
7 2 47 4
2 3 47 3
6 2 46 4
3 2 46 5
5 3 45 99
1 2 45 97
5 2 45 95
7 2 45 90
4 6 45 88
6 2 46 90
4 2 45 78
8 2 45 76
4 2 45 75
1 4 45 68
8 2 45 59
2 2 47 58
2 3 45 49
4 2 45 46
3 3 45 47
4 3 45 27
3 3 45 21
3 3 45 19
1 2 48 19
4 2 47 19
5 2 47 18
7 3 45 18
8 3 45 17
1 3 45 14
7 2 45 15
8 2 45 15
4 2 46 16
3 3 45 9
1 2 45 6
1 2 51 7
7 2 48 7
1 3 48 7
6 4 45 2
7 2 46 2
1 2 46 1
3 2 45 2
5 2 45 2
7 3 44 100
7 2 44 98
5 2 44 93
3 2 49 93
8 3 44 81
2 2 44 78
1 2 44 77
7 2 46 76
4 2 45 76
8 3 44 75
5 2 46 74
5 3 44 73
1 2 49 72
5 2 49 71
4 3 44 71
8 2 44 69
1 2 44 70
2 3 44 68
7 2 44 65
3 2 44 65
2 2 44 65
2 2 44 59
7 2 46 58
6 2 45 58
4 2 44 60
3 2 45 61
6 2 44 55
5 4 44 42
8 2 47 41
4 2 47 40
7 2 46 41
5 2 46 41
7 2 44 38
1 2 44 38
2 2 44 26
5 2 44 20
2 4 44 20
5 2 44 13
6 2 44 14
8 2 44 13
7 2 45 12
4 2 44 1
2 4 43 96
1 2 46 93
4 2 45 93
8 2 44 93
6 6 43 92
3 5 43 88
4 2 44 90
5 2 43 91
7 3 43 90
4 3 43 85
6 2 43 70
4 4 43 69
5 2 43 62
8 2 43 52
1 2 45 53
6 2 43 48
5 2 43 49
4 5 43 47
7 2 44 44
3 4 44 44
3 2 43 38
8 2 43 37
2 3 43 36
4 2 43 34
6 2 43 24
7 2 43 24
2 2 43 23
7 2 43 17
3 2 43 14
5 2 43 11
4 3 43 10
2 3 43 8
4 2 45 8
3 3 42 84
6 3 42 79
6 4 42 75
1 3 42 75
8 3 42 70
5 2 42 66
2 2 45 65
5 2 45 64
4 4 42 52
4 3 45 53
5 2 45 54
3 2 45 55
6 2 50 56
1 2 42 46
6 2 42 43
2 2 42 42
1 2 44 41
5 3 42 26
3 3 42 25
1 2 42 26
5 3 42 14
1 5 42 10
3 3 42 5
1 2 41 89
6 2 41 89
3 2 41 87
1 2 44 87
8 2 44 86
8 2 42 87
4 2 43 86
1 3 41 85
5 2 41 70
6 3 41 63
2 2 41 63
2 2 41 59
3 2 41 60
8 2 41 57
4 2 41 57
8 2 42 58
2 2 43 57
7 2 43 56
6 2 43 56
1 2 42 56
8 2 42 56
6 2 41 56
2 2 41 55
3 2 43 55
4 2 43 55
1 2 42 55
7 2 42 54
1 2 41 53
3 2 41 50
6 2 41 39
2 2 41 40
6 2 41 29
4 2 47 30
5 2 47 29
1 2 46 29
3 2 45 30
2 2 43 30
5 2 43 31
2 2 45 32
6 2 45 31
7 2 43 32
8 3 43 31
2 2 41 30
8 2 41 26
8 2 41 21
8 5 41 18
1 2 45 17
6 2 41 14
6 2 41 5
5 2 43 6
2 3 43 6
8 2 40 100
7 2 40 96
1 2 40 95
8 2 42 96
7 2 42 97
8 3 40 96
4 3 40 94
8 3 40 89
7 2 40 68
5 2 40 68
2 2 40 64
5 2 40 62
6 2 40 59
3 3 40 41
6 3 40 32
5 2 42 33
1 2 42 32
8 2 40 31
7 2 40 29
8 4 40 22
6 2 41 23
3 2 40 18
5 2 40 15
3 2 40 8
6 3 40 3
5 2 41 3
4 2 41 3
2 2 41 2
6 2 39 100
3 2 39 99
2 2 39 99
2 2 44 100
8 2 42 100
3 2 42 100
5 2 41 100
2 2 40 100
1 3 40 99
3 2 39 97
2 3 39 96
2 3 39 93
7 2 39 85
1 2 39 84
3 2 39 79
1 3 39 78
7 2 39 79
8 2 39 78
4 2 39 76
8 2 39 76
5 2 42 77
2 2 40 76
5 2 39 75
2 3 39 68
6 2 39 68
1 2 39 66
7 3 39 56
3 2 39 51
8 2 42 51
3 2 40 52
2 2 41 51
6 2 41 50
5 2 40 52
7 2 39 41
6 2 42 42
3 2 42 41
7 2 39 38
5 4 39 37
4 3 39 34
5 2 39 33
6 2 39 26
5 2 39 23
4 2 40 24
4 2 39 20
7 3 39 20
2 2 39 15
3 2 42 16
4 2 39 5
7 2 39 4
1 2 39 2
1 2 38 98
6 3 38 91
6 2 38 88
4 3 38 81
6 2 39 82
5 3 38 82
3 2 38 82
2 2 38 80
6 3 38 79
8 2 38 70
1 2 38 59
5 2 38 57
4 2 38 45
8 2 41 44
7 4 38 44
3 3 38 39
5 2 38 35
3 2 39 36
5 2 40 37
7 2 38 34
2 8 38 32
4 5 38 31
1 2 38 25
1 3 38 18
7 3 38 10
3 2 40 12
4 2 39 12
4 2 41 13
2 2 41 13
7 2 39 13
3 2 39 12
8 3 38 12
2 2 38 10
1 2 38 5
3 2 37 96
8 2 37 88
2 7 37 87
6 2 38 85
2 2 37 87
3 3 37 86
7 2 37 82
8 2 37 80
4 2 37 75
6 2 37 67
4 2 40 66
6 2 38 66
3 3 37 66
1 2 37 63
8 3 37 59
1 2 40 61
6 2 40 61
8 2 40 60
1 3 37 52
7 2 38 52
8 2 40 51
3 2 40 51
6 2 37 48
7 2 40 47
1 2 41 48
2 2 41 47
4 2 37 49
8 2 38 50
2 3 37 48
1 2 37 45
3 2 37 42
8 2 37 37
7 4 37 36
7 2 38 37
6 2 38 36
1 2 38 35
6 2 37 19
4 2 37 13
1 2 38 14
2 2 38 13
8 2 37 8
5 4 37 5
3 2 38 4
8 2 37 3
3 2 37 1
7 2 36 99
5 2 38 98
3 2 38 98
8 2 39 98
7 2 38 99
5 2 36 100
8 2 36 95
6 4 36 94
7 2 36 92
4 2 36 93
1 2 38 94
3 2 38 94
1 3 36 92
5 3 36 90
1 4 36 91
5 2 36 86
4 2 36 84
8 8 36 81
2 2 36 80
7 2 36 78
3 2 38 77
7 4 36 75
5 2 40 73
7 2 39 74
6 2 42 73
8 2 42 73
2 2 38 73
2 2 40 72
7 2 40 72
3 3 38 72
3 3 39 73
4 2 39 72
1 3 36 73
8 2 36 72
2 2 36 65
5 2 36 49
5 2 37 48
8 3 36 47
4 2 36 44
5 4 36 41
1 2 38 42
6 2 39 41
1 2 39 42
2 2 37 42
7 2 36 41
5 2 39 40
8 2 38 40
8 2 36 42
6 3 36 43
4 3 36 33
6 3 36 33
1 2 36 30
2 3 36 22
7 2 36 17
6 2 36 8
3 2 44 7
3 3 36 4
6 2 35 87
1 2 35 80
3 3 35 76
8 2 35 74
2 2 35 72
3 2 35 70
6 2 35 69
3 3 35 64
5 3 35 64
8 4 35 51
5 2 35 47
1 2 35 47
4 2 40 47
7 2 40 47
7 2 36 48
5 2 37 47
8 2 38 46
7 2 35 46
4 2 35 42
1 4 35 40
8 4 35 39
2 2 35 36
5 4 35 25
8 3 35 23
4 2 35 20
5 2 35 19
1 3 35 18
7 2 37 17
6 2 37 17
8 4 35 16
4 2 38 16
1 2 37 17
6 2 35 15
5 2 36 14
3 2 35 14
8 2 35 11
6 2 35 9
1 4 35 5
6 2 43 7
4 2 43 6
1 2 35 7
2 2 38 8
3 4 34 85
7 2 34 78
6 2 34 74
2 3 34 70
2 2 36 71
1 2 34 65
4 3 34 65
5 2 37 67
7 2 34 66
4 2 34 63
4 2 34 59
1 2 35 58
2 2 34 58
2 2 36 57
3 2 34 54
6 2 35 53
7 3 34 52
8 2 34 53
2 2 38 54
2 3 34 51
1 2 35 50
3 3 34 47
3 2 35 48
6 2 34 45
2 2 34 44
7 2 34 43
8 2 34 29
6 2 42 28
3 2 37 28
7 2 38 27
5 2 37 27
6 3 36 27
1 2 35 28
5 3 35 27
2 2 36 27
4 4 34 28
4 2 34 24
5 2 34 25
6 4 34 23
7 2 34 17
4 2 34 10
8 3 34 8
7 2 38 7
1 2 38 7
7 2 37 7
4 2 34 4
7 3 33 98
4 2 35 99
8 3 33 98
6 2 33 92
6 2 33 89
3 2 34 90
4 2 33 78
5 3 33 75
7 3 33 75
6 2 33 77
4 2 33 78
5 2 33 64
8 2 33 62
8 2 33 55
8 2 36 56
5 2 37 55
6 2 37 54
1 2 35 55
5 2 33 53
6 2 33 52
4 2 33 51
3 2 33 49
8 2 33 45
2 2 33 33
5 2 33 31
7 2 33 32
3 2 33 31
2 2 33 31
6 2 33 26
1 2 33 24
3 2 33 15
3 2 33 10
3 2 33 7
4 2 33 2
7 2 34 3
5 2 32 98
6 2 35 97
4 2 32 94
1 2 32 73
4 2 32 71
5 2 34 71
4 2 34 70
1 3 32 65
3 2 32 64
6 2 32 50
5 4 32 50
6 2 32 41
8 2 32 40
2 2 32 38
5 2 33 38
4 2 34 37
8 2 34 36
1 2 33 37
6 2 32 39
2 2 32 37
7 2 32 23
3 2 32 22
2 2 32 22
8 3 32 21
8 2 34 21
1 2 32 22
6 2 32 20
8 3 32 11
1 3 31 99
2 2 33 97
2 2 32 100
7 2 32 99
6 2 31 100
4 2 31 99
2 2 31 96
8 2 33 96
3 3 31 96
5 2 31 90
1 3 31 90
3 2 35 89
5 2 32 89
7 2 31 90
5 3 31 84
1 2 33 85
2 2 33 86
8 2 31 81
2 2 34 80
5 3 34 80
5 3 31 77
3 2 31 74
6 2 31 70
2 4 31 70
8 2 33 72
4 2 31 71
3 2 32 72
6 2 31 72
5 3 31 69
3 2 31 69
2 4 31 68
3 2 31 66
6 2 31 67
5 5 31 60
2 2 31 58
7 2 32 57
5 6 31 57
6 2 31 56
4 2 31 54
8 3 31 45
6 2 33 46
8 3 33 47
3 2 31 46
6 3 31 36
1 2 31 28
6 2 31 27
5 2 31 26
8 4 31 17
2 4 31 9
5 2 33 7
3 2 31 9
6 2 31 6
2 2 31 5
2 3 30 100
3 3 30 98
7 2 30 88
7 2 30 71
8 2 30 66
8 2 30 62
7 2 30 61
5 2 31 62
4 3 30 62
5 2 35 61
6 2 34 61
7 2 33 63
2 2 32 61
4 2 32 61
3 2 32 60
2 2 31 63
1 2 31 64
6 2 30 63
6 2 30 60
1 2 30 61
8 2 30 48
4 2 31 49
4 2 30 35
8 2 32 34
5 2 32 34
2 2 30 34
4 2 30 27
4 2 30 22
6 2 30 21
5 2 32 21
7 2 32 20
2 3 32 21
2 5 30 19
5 3 30 18
8 2 30 19
2 3 30 16
5 2 34 15
5 2 30 15
3 3 30 7
4 2 30 2
6 2 31 3
2 2 30 1
3 5 29 100
4 2 29 97
5 2 32 96
8 2 29 97
8 4 29 91
7 2 29 92
5 2 35 93
8 2 29 86
3 2 29 85
7 3 29 81
3 2 31 80
6 2 30 80
1 2 30 79
6 2 30 78
4 2 29 81
1 3 29 81
3 3 29 77
7 2 29 66
8 2 29 61
7 2 31 60
2 3 29 60
4 3 29 45
2 2 30 46
3 2 29 33
7 3 29 28
7 2 32 29
5 2 31 30
2 3 30 30
4 2 31 31
4 2 30 28
6 2 29 28
3 2 29 22
5 3 29 13
6 2 32 14
5 2 31 12
7 2 31 11
6 2 31 10
8 2 30 10
1 2 28 91
8 2 29 92
4 2 30 93
5 2 28 88
1 2 28 88
3 2 28 88
4 4 28 89
6 2 28 84
5 2 33 83
8 3 33 83
6 2 31 83
8 2 29 85
5 2 28 84
8 2 28 83
2 3 28 69
7 2 30 68
1 2 28 66
8 2 28 63
8 2 29 64
1 2 28 57
7 2 28 55
2 2 29 56
8 2 28 49
5 2 30 48
2 3 30 47
1 2 29 47
3 2 28 49
7 2 28 41
6 2 30 40
6 2 28 35
6 3 28 26
2 2 36 25
4 3 30 26
8 2 32 24
2 2 32 24
6 2 30 24
8 2 29 26
2 2 29 27
3 2 29 25
7 3 28 24
5 2 28 23
4 3 28 16
1 2 30 16
8 2 28 13
5 2 28 7
3 3 28 3
6 2 27 100
5 2 27 94
1 2 27 95
4 2 27 91
4 2 27 84
2 2 28 83
3 3 28 83
7 2 27 85
8 3 27 83
6 2 27 79
6 2 27 67
3 5 27 64
4 2 27 63
4 2 27 55
7 2 27 52
2 2 30 53
8 2 30 51
3 2 28 53
3 2 29 54
1 2 29 52
1 2 27 49
5 4 27 41
2 2 31 43
7 3 28 42
3 2 29 43
6 2 28 43
1 2 30 44
5 2 28 40
1 2 31 39
1 2 27 36
2 2 27 37
2 2 28 38
2 2 27 34
4 2 30 33
8 2 30 32
1 2 27 33
3 3 27 31
2 2 27 30
5 3 27 27
3 3 27 28
3 3 27 19
3 2 27 19
6 3 27 20
5 2 27 17
2 3 27 6
4 2 32 6
6 2 30 6
8 4 27 4
7 3 26 100
8 3 26 95
8 2 29 94
1 2 26 93
1 2 27 94
8 2 26 86
2 3 27 87
5 2 26 77
1 2 26 62
5 2 26 62
2 2 26 60
6 2 26 56
4 2 28 55
7 2 26 57
7 2 34 58
3 2 30 58
4 2 30 57
8 2 28 58
3 2 26 57
7 3 26 54
6 2 26 50
6 3 26 46
4 3 26 37
6 2 27 38
8 2 27 38
3 2 27 37
1 4 26 37
5 2 26 37
2 2 26 35
6 3 26 32
6 3 26 29
3 2 26 22
2 2 27 23
7 4 27 22
8 2 26 23
1 3 26 3
5 2 26 3
2 2 26 4
6 2 26 3
2 2 25 99
6 5 25 97
6 2 25 86
6 2 27 87
3 3 25 85
3 2 25 79
2 2 25 72
8 2 29 71
8 2 27 71
4 2 25 73
5 2 26 74
5 2 27 75
8 2 27 75
7 2 25 72
1 2 25 70
5 2 25 69
8 2 26 68
4 2 25 64
6 2 25 65
8 2 25 61
3 2 26 60
7 2 25 61
6 2 25 58
6 2 26 59
1 2 26 58
5 3 25 56
8 3 25 56
4 2 25 50
2 2 25 46
7 2 28 45
3 3 25 47
5 2 25 47
6 2 25 44
6 3 25 26
3 2 25 24
8 5 25 17
8 2 25 13
2 2 31 12
4 2 26 14
6 2 29 15
2 2 26 12
7 2 28 11
7 2 26 11
4 2 26 11
3 2 25 11
8 3 25 9
6 2 25 8
1 2 24 98
7 2 24 96
6 2 24 84
1 2 24 81
2 2 25 81
8 2 26 80
5 3 24 75
6 2 33 77
7 2 32 77
1 2 32 76
2 2 29 77
4 2 24 72
2 2 24 68
3 2 25 67
6 2 24 69
4 3 24 67
8 2 24 57
8 2 24 52
2 2 24 50
8 3 24 42
4 2 26 43
5 2 24 44
5 2 25 43
8 2 24 45
4 2 24 46
5 3 24 41
2 2 25 40
6 2 24 41
7 3 24 33
8 2 24 30
2 2 24 24
7 2 24 18
4 2 24 15
7 2 26 16
6 4 24 14
2 2 25 15
1 2 25 14
3 2 24 14
6 3 24 12
1 3 24 12
7 2 24 3
1 2 23 100
8 4 23 97
8 2 23 89
7 2 26 90
5 2 25 90
2 2 25 89
3 2 23 86
7 2 23 83
4 2 23 77
8 2 23 76
3 2 23 73
2 2 25 74
1 2 24 74
8 2 24 73
7 2 23 74
4 2 23 75
7 2 23 71
1 2 25 72
5 2 23 72
6 3 23 71
2 2 23 71
4 2 23 70
3 3 23 65
8 3 23 55
4 2 24 56
1 2 23 55
3 2 23 55
6 2 23 54
7 2 23 47
6 2 23 48
5 2 23 39
4 2 24 38
4 2 23 34
5 2 28 33
2 2 28 33
2 2 23 32
1 2 24 31
4 2 23 29
2 2 23 27
3 3 23 11
4 3 23 9
7 3 23 9
1 2 25 8
4 2 25 9
7 2 25 8
8 2 25 8
6 2 23 7
3 2 28 6
4 2 22 100
5 3 22 92
5 2 24 94
4 2 24 93
6 2 26 93
4 2 26 94
3 3 26 92
7 3 23 93
2 5 22 90
7 3 22 86
8 2 22 80
2 4 22 69
8 3 22 69
7 2 22 63
8 2 24 63
2 2 22 62
2 2 22 57
5 5 22 56
7 2 27 53
7 5 22 56
3 2 23 60
1 2 23 59
5 2 22 43
4 2 22 41
4 4 22 36
3 2 22 32
7 2 22 28
2 2 23 29
4 5 22 27
1 5 22 10
3 2 22 8
6 2 22 8
2 3 22 5
1 2 22 3
6 2 22 2
2 2 21 97
1 2 26 96
6 2 25 96
4 2 21 95
3 2 21 92
8 2 23 92
5 2 21 76
6 2 21 77
2 4 21 76
5 5 21 66
2 2 22 65
1 2 21 67
5 2 21 63
6 2 21 61
2 3 21 59
7 2 21 50
2 3 21 44
6 2 21 42
1 2 21 43
4 2 21 34
7 2 26 35
8 2 25 35
4 2 24 35
2 3 21 33
6 2 21 32
5 2 21 32
6 3 21 28
5 2 23 30
4 2 21 20
1 2 23 21
8 2 22 21
1 2 24 20
7 2 24 19
1 2 24 18
5 2 23 18
7 4 22 20
5 2 21 22
1 3 21 19
5 2 21 16
4 2 21 13
3 3 20 99
6 2 21 100
7 2 20 100
6 2 20 98
6 2 20 92
6 2 21 93
3 2 21 92
5 2 20 84
1 2 22 83
6 2 20 81
2 2 23 80
5 2 22 80
4 2 24 81
4 6 20 81
2 2 20 69
6 2 20 68
6 2 20 55
3 2 20 48
4 2 20 47
5 2 20 41
4 2 22 40
3 2 22 39
3 3 20 21
3 2 23 22
2 3 20 21
7 3 20 17
4 3 20 15
7 2 22 15
8 4 20 10
1 2 20 8
4 2 22 7
5 2 21 7
2 4 20 7
6 3 20 5
2 2 19 100
4 3 19 98
4 2 19 97
5 2 19 96
7 2 19 93
2 2 20 94
1 3 20 94
1 3 19 91
8 2 19 91
5 2 19 91
1 2 19 91
5 3 19 88
3 2 22 88
7 2 21 88
4 2 20 87
3 3 19 83
3 2 20 82
1 2 19 78
4 2 19 76
1 2 22 75
6 2 22 74
3 2 19 75
6 2 19 76
7 2 19 75
4 3 19 71
7 2 19 71
6 2 21 72
1 7 19 69
4 2 20 68
2 2 20 67
7 2 19 68
7 2 20 67
1 2 19 65
4 2 19 62
8 2 19 63
5 2 19 61
6 2 19 60
3 2 19 52
7 2 23 51
6 2 23 50
8 2 21 51
1 5 19 51
1 2 21 52
7 2 21 52
2 2 19 47
1 5 19 46
6 2 19 44
7 2 19 43
7 2 19 36
6 2 22 37
5 2 21 37
1 2 21 37
3 2 21 35
3 2 22 34
3 2 20 37
2 2 19 37
3 3 19 29
4 2 21 30
3 2 21 29
8 4 19 6
2 2 26 6
5 2 20 6
3 4 19 4
1 2 23 5
2 2 23 2
4 2 19 2
5 3 19 2
8 2 19 3
7 2 19 2
1 12 18 99
7 4 18 95
6 3 18 88
5 3 18 81
1 2 18 80
7 2 18 76
8 2 18 74
8 2 20 73
5 2 19 73
4 2 18 72
8 2 18 68
5 2 18 68
4 2 18 64
3 3 18 64
8 2 18 59
6 3 18 52
7 2 18 44
7 2 18 40
7 2 21 39
8 4 18 30
1 2 21 30
5 3 18 27
5 3 18 19
2 2 18 19
4 2 18 16
8 5 18 14
6 2 18 12
8 2 21 13
4 2 18 4
6 4 17 91
4 4 17 86
4 2 17 82
8 2 17 78
7 2 17 74
1 3 17 73
3 3 17 71
8 3 17 66
6 2 17 61
7 2 17 57
4 2 17 57
2 2 17 56
4 2 17 54
3 2 17 55
2 3 17 54
2 2 17 42
6 2 17 39
1 3 17 40
2 2 17 40
4 4 17 38
6 2 17 36
1 2 17 31
3 2 17 31
7 2 18 32
4 2 18 33
1 2 18 33
2 2 17 28
1 2 17 18
8 2 17 17
3 2 17 12
5 5 17 11
1 3 17 6
7 2 18 6
8 2 18 6
2 2 17 2
4 2 16 92
2 3 16 91
3 2 16 90
5 2 16 89
3 2 16 78
3 2 19 78
2 2 19 79
7 2 18 78
2 3 16 76
1 2 17 78
5 3 16 73
2 2 16 71
2 4 16 63
1 2 17 63
2 2 17 63
4 2 16 60
1 2 16 57
6 3 16 57
4 2 16 44
1 2 16 43
8 3 16 38
1 2 16 35
6 2 20 34
2 2 16 32
6 3 16 32
3 3 16 29
1 2 16 28
2 2 16 16
5 2 16 16
2 2 19 17
8 2 19 16
6 3 16 12
4 2 16 2
7 2 16 1
4 2 15 96
2 2 15 89
8 2 19 90
2 4 15 86
8 2 19 84
8 2 15 86
1 2 17 85
7 2 16 85
4 2 16 84
3 2 16 84
8 3 16 83
5 3 15 85
7 3 15 82
5 2 15 80
1 2 15 80
7 2 15 78
4 3 15 78
5 2 16 79
2 2 15 79
4 2 15 76
3 2 15 66
6 3 15 66
3 2 15 50
5 2 16 51
4 2 18 52
8 2 17 52
7 2 16 49
5 2 15 42
5 2 17 41
4 2 15 33
8 2 15 34
6 3 15 30
1 2 16 31
3 3 15 21
6 2 18 23
1 2 20 24
5 2 20 23
7 2 15 17
3 2 17 18
1 2 16 17
2 2 18 16
4 2 18 15
3 2 15 16
5 2 15 12
7 2 17 13
1 2 16 13
3 2 16 14
2 4 15 8
5 2 16 9
2 2 18 10
3 3 16 9
2 2 15 5
5 2 15 2
4 2 14 98
5 2 14 95
2 2 17 94
1 2 14 94
6 2 14 86
6 2 14 79
5 3 14 66
4 2 17 65
1 2 16 65
2 3 14 65
1 4 14 51
2 2 14 49
2 2 15 49
3 2 16 48
8 2 15 48
2 4 14 44
7 4 14 42
3 3 14 35
1 2 18 35
8 2 17 35
8 2 14 32
5 3 14 29
7 2 14 24
2 2 20 25
5 2 17 25
8 2 18 24
3 2 16 25
4 3 16 24
8 2 22 26
3 2 21 26
6 2 15 25
7 2 15 26
1 2 15 24
3 4 14 26
1 2 19 27
5 2 19 27
2 2 14 26
4 2 14 26
5 2 14 25
4 2 14 22
8 2 14 22
6 2 14 10
8 5 14 6
4 2 15 5
8 2 13 99
4 2 15 100
2 3 13 98
8 2 13 96
7 2 13 87
5 2 13 87
1 2 16 88
7 2 13 84
3 2 13 83
6 2 15 82
6 2 13 81
7 3 13 80
8 2 13 81
3 2 13 72
4 3 13 69
4 2 15 70
7 2 15 70
8 2 13 69
6 2 13 63
4 2 13 64
1 2 13 57
2 2 14 58
6 4 13 54
2 2 13 53
5 2 13 50
6 2 13 49
4 2 13 45
8 2 18 46
7 2 13 38
4 2 13 35
3 2 14 36
1 2 15 37
6 2 15 37
5 3 14 37
7 2 14 35
1 3 13 34
4 2 13 29
6 5 13 27
4 2 13 24
6 3 13 22
7 2 14 23
4 3 13 20
1 4 13 19
2 2 14 20
4 3 14 19
6 2 14 17
5 2 14 16
7 3 14 16
1 2 13 19
1 2 13 10
4 2 14 11
8 2 13 8
5 2 13 7
6 3 13 2
7 4 12 94
2 2 13 93
3 4 12 96
5 2 12 93
7 3 12 88
4 2 12 82
3 4 12 75
8 2 12 75
8 2 14 74
2 2 12 71
5 4 12 72
1 2 13 73
4 2 13 72
4 2 12 65
3 2 12 65
8 2 12 63
1 2 12 61
7 2 12 61
4 2 12 60
5 2 13 59
6 4 13 59
8 2 12 55
3 2 12 55
2 2 12 55
4 2 12 53
4 2 16 53
4 2 12 50
5 2 12 49
1 2 12 47
1 2 12 37
7 2 12 29
5 2 13 30
5 2 12 24
7 2 12 20
2 2 12 17
2 2 12 14
7 3 12 11
2 4 12 8
5 2 12 3
3 2 15 4
6 6 11 97
8 2 16 96
4 3 11 94
6 3 11 85
1 2 11 86
8 2 11 87
7 3 11 80
2 2 11 79
5 3 11 78
8 2 11 73
8 2 11 69
1 2 11 64
5 2 11 62
3 2 11 61
5 2 13 60
7 2 13 60
3 2 12 60
5 2 11 56
8 2 11 57
4 3 11 56
6 2 11 49
3 2 12 49
4 6 12 48
2 2 11 47
2 2 16 46
4 3 16 45
6 2 15 45
6 3 11 47
7 3 11 40
8 2 12 42
6 2 12 41
1 2 12 40
3 4 12 41
6 2 11 40
4 2 11 38
3 3 11 35
1 2 11 33
2 2 11 25
8 2 15 26
6 2 14 26
5 2 11 22
3 2 11 21
8 2 11 17
6 2 12 18
3 2 11 16
1 2 11 13
6 2 13 14
7 2 12 14
3 2 11 13
3 2 12 13
2 2 12 13
6 2 11 4
8 2 13 4
7 4 11 3
5 2 12 5
7 2 11 5
2 3 11 3
1 3 10 100
5 2 12 99
4 2 10 99
6 3 10 93
8 4 10 92
4 2 12 91
8 2 14 90
5 2 10 88
3 2 10 87
5 5 10 87
6 2 13 88
1 2 11 88
4 2 11 88
7 2 11 87
2 2 10 87
1 2 10 83
3 2 10 80
3 3 10 72
6 2 10 64
2 3 10 63
7 2 10 61
6 3 10 60
8 2 10 51
5 2 10 49
3 2 10 43
2 2 10 37
5 2 10 36
8 2 10 35
1 2 10 31
5 2 10 18
4 5 10 9
1 2 12 10
5 2 12 9
8 2 10 8
3 2 10 7
3 2 10 3
7 2 9 100
6 4 9 100
3 6 9 99
3 2 10 96
7 2 9 97
6 3 9 91
3 3 9 82
2 3 9 81
1 2 9 80
5 2 9 74
4 2 9 70
6 2 9 69
5 2 9 68
2 2 9 67
3 2 11 67
4 2 9 65
1 2 9 61
8 3 9 60
2 3 9 55
3 2 14 53
1 2 14 53
8 2 12 53
6 2 9 56
8 4 9 53
5 2 10 54
4 2 10 53
1 2 9 54
5 2 14 53
8 2 14 53
6 2 14 52
2 2 12 53
3 2 9 53
3 4 9 46
5 3 9 44
3 2 12 44
2 2 12 43
6 2 11 45
6 3 9 40
4 3 9 35
5 2 12 33
6 2 9 31
6 2 9 22
3 2 9 18
2 3 9 12
4 2 9 13
8 2 9 14
1 2 9 12
4 3 8 95
3 3 8 93
1 2 8 84
1 2 8 67
6 2 9 68
2 2 9 67
4 5 9 67
3 2 8 68
1 2 8 69
6 2 8 66
7 2 8 51
1 4 8 49
8 2 8 48
8 2 8 41
5 3 8 33
3 2 9 31
3 2 8 32
4 2 8 27
5 2 8 25
5 2 11 26
5 2 8 20
1 2 8 19
5 2 8 17
4 3 8 17
6 3 8 12
4 2 8 12
8 3 8 7
2 2 7 95
7 2 7 89
6 2 8 89
1 2 8 88
2 3 7 90
1 2 7 91
5 2 7 92
8 2 7 87
7 2 7 82
8 2 7 78
1 2 8 77
1 2 7 73
1 2 8 72
2 2 7 74
8 2 7 65
2 3 7 61
4 2 7 61
6 4 7 60
2 2 7 58
2 3 7 48
2 2 7 42
4 5 7 40
1 2 8 39
2 2 8 38
8 2 8 39
5 3 8 39
6 3 8 37
2 2 7 33
6 2 7 33
2 2 9 34
8 2 7 32
8 3 7 24
6 11 7 24
4 2 7 23
6 2 7 19
7 2 7 15
4 2 10 15
2 2 7 6
6 2 6 83
3 3 6 83
6 2 8 83
4 2 7 84
2 2 7 83
8 2 6 81
6 3 6 74
5 2 6 71
2 2 6 67
5 6 6 66
5 2 7 65
7 2 9 64
4 2 6 64
3 3 6 64
1 4 6 60
3 2 6 58
2 2 9 58
8 2 6 57
5 2 6 54
7 2 6 50
5 2 6 51
2 2 8 52
7 3 6 47
7 2 10 46
3 2 10 46
8 2 8 46
6 2 8 45
8 3 6 46
7 2 6 43
3 2 6 41
7 2 7 42
5 2 8 43
4 2 8 43
8 2 8 42
7 2 7 44
1 3 6 38
4 2 6 36
5 2 6 28
5 2 6 21
1 2 6 15
6 2 6 14
4 2 6 11
4 3 6 7
2 2 6 9
4 3 6 2
1 2 6 3
4 2 6 4
8 2 6 2
3 2 5 98
5 2 5 97
3 3 5 94
4 2 6 92
7 2 7 93
6 2 6 93
1 2 6 92
5 2 5 91
1 3 5 82
3 4 5 78
3 2 7 78
1 2 10 77
8 2 10 77
2 2 10 76
7 2 10 75
3 2 8 77
8 2 5 77
5 2 7 76
6 2 8 75
4 2 5 77
5 2 5 76
2 2 5 75
1 2 5 70
7 4 5 64
2 2 5 57
6 2 5 54
8 2 5 50
7 2 5 45
2 2 5 44
8 2 5 42
7 2 5 40
8 2 5 37
7 3 5 35
1 2 8 35
6 4 5 19
7 2 6 18
8 2 5 17
8 2 6 16
5 2 5 11
8 2 5 10
7 6 5 9
7 2 6 10
8 2 6 6
2 2 4 100
1 2 7 100
4 3 4 100
7 2 5 99
8 2 5 98
2 2 4 100
5 2 4 100
1 2 4 95
1 2 4 89
8 2 4 85
8 2 7 85
3 2 7 85
5 3 6 85
7 2 6 86
8 2 5 86
1 2 4 84
7 3 4 80
8 2 5 81
5 2 4 78
1 2 4 77
6 3 4 72
3 2 5 72
8 3 4 71
8 2 4 67
7 2 4 59
1 4 4 42
2 2 4 35
5 3 4 31
7 2 4 32
5 2 6 31
2 2 11 30
7 2 11 30
6 2 10 30
4 2 9 30
1 2 4 28
7 2 4 27
1 3 4 26
7 3 4 18
1 2 4 17
6 3 4 11
1 3 4 10
5 3 4 9
4 3 4 5
7 2 5 4
5 3 5 4
3 3 4 5
3 2 4 2
8 4 3 100
2 3 3 88
4 3 3 87
7 2 3 77
2 2 3 71
3 2 3 69
6 2 5 70
2 2 6 69
3 4 3 62
6 2 7 63
8 2 7 62
7 2 6 62
5 2 3 54
7 2 3 50
1 2 3 49
8 2 3 43
4 3 3 41
3 4 3 39
6 2 3 35
2 2 3 29
7 2 5 30
4 2 5 31
2 2 5 30
3 2 5 29
3 2 3 16
5 2 3 16
8 2 3 15
1 2 4 14
7 2 4 13
7 2 3 15
3 2 3 9
1 2 3 3
8 4 2 97
8 2 3 95
4 3 2 95
5 3 2 94
3 2 2 94
5 2 3 93
8 2 2 93
1 3 2 92
8 2 2 84
5 2 2 77
2 2 3 77
7 2 2 69
3 2 2 63
4 2 4 63
1 2 4 63
8 2 2 50
1 3 2 47
4 2 2 39
4 2 2 37
5 2 2 38
8 3 2 36
3 2 2 30
8 2 5 29
5 2 5 28
6 2 3 29
4 2 2 29
1 2 2 30
5 3 2 18
5 2 3 18
8 2 3 18
6 2 2 16
3 2 2 14
7 2 2 9
5 3 2 10
2 2 2 11
7 2 2 5
2 2 1 84
8 3 1 78
2 4 1 64
7 2 1 59
2 2 1 58
6 2 1 59
8 2 1 57
4 2 5 56
7 2 7 55
3 2 5 55
1 2 1 54
5 3 1 51
2 2 1 46
5 2 2 47
2 2 1 41
8 2 1 37
2 2 1 16
1 2 1 10
3 3 1 9
2 2 2 7
6 4 1 6
2 2 2 3
6 2 8 4
4 2 8 4
7 2 8 3
1 2 6 4
8 2 2 3
6 2 2 2
5 2 2 3
4 3 2 2
