25087
3391
7 9 90 109
8 2 90 106
2 2 90 105
4 2 90 103
6 11 90 95
7 6 90 92
5 2 90 87
2 9 90 86
7 4 90 80
6 2 90 55
2 2 90 51
4 2 90 44
6 2 90 32
4 2 90 26
4 2 90 14
1 17 90 12
5 2 90 5
5 11 90 3
7 12 89 100
7 4 89 81
8 10 89 78
5 3 89 13
8 2 88 94
7 8 88 25
5 2 88 9
5 2 87 82
5 2 87 25
3 2 87 13
8 14 86 104
1 2 86 78
7 2 87 77
4 2 89 76
3 2 88 76
6 5 86 25
6 2 86 23
1 2 86 22
1 2 88 21
2 12 86 16
8 2 87 16
6 11 86 10
2 3 85 102
1 6 85 81
2 2 85 32
2 2 86 31
4 2 86 30
5 2 87 30
8 10 85 22
3 2 84 82
1 3 84 78
2 2 84 77
7 2 84 76
2 2 84 75
7 10 84 65
7 2 87 66
6 2 86 66
4 2 84 66
3 2 84 65
2 3 84 33
7 2 84 34
3 2 88 35
5 2 86 35
6 2 88 36
4 2 87 36
1 2 86 36
2 2 86 33
8 2 84 33
5 10 84 31
1 2 84 29
3 2 88 28
5 2 85 28
6 2 85 28
7 2 84 21
2 2 84 21
4 3 84 21
1 3 84 14
3 2 83 79
7 2 83 75
4 2 83 64
1 2 85 63
1 2 89 62
6 12 83 34
6 9 83 27
5 2 84 28
8 3 84 27
4 2 83 18
4 2 86 17
7 2 83 11
1 5 82 105
7 2 83 107
7 24 82 103
1 2 82 76
3 2 82 36
5 2 82 20
7 2 82 21
2 7 82 15
5 2 85 16
5 2 81 104
7 3 81 32
8 2 81 25
4 12 81 12
8 5 80 104
3 2 80 106
3 10 80 81
4 2 80 78
5 2 81 77
6 2 82 76
4 2 82 76
1 4 80 66
3 2 86 67
5 2 82 64
8 2 84 63
5 2 87 62
4 2 85 62
1 2 85 61
7 3 85 61
4 2 85 60
7 2 86 60
4 2 86 60
8 2 81 67
6 2 84 68
4 2 82 68
2 2 85 69
2 2 87 70
7 2 85 68
5 2 85 68
4 2 84 68
6 3 81 67
2 2 80 65
6 3 80 64
2 2 80 56
4 15 80 34
4 2 80 26
5 14 80 22
1 2 82 19
2 2 84 18
6 2 82 18
8 3 82 18
4 2 79 106
6 2 80 107
1 2 81 108
5 2 79 106
7 2 79 81
4 2 79 80
3 9 79 36
1 2 79 31
8 2 82 30
7 2 79 30
3 3 79 16
2 2 78 106
1 5 78 104
2 2 78 80
1 2 78 79
5 2 78 77
7 2 78 24
3 10 78 18
5 2 78 17
8 2 78 16
7 3 78 15
8 2 80 14
6 2 78 15
8 2 78 10
6 2 77 105
8 2 77 104
4 3 77 103
5 2 77 101
3 12 77 84
6 2 82 84
8 2 78 84
4 2 83 85
8 2 86 86
6 2 88 87
4 2 87 87
1 2 86 86
6 2 79 83
3 10 77 63
1 2 81 60
3 2 86 59
4 2 89 58
7 2 82 59
7 2 87 58
8 2 81 60
5 2 79 62
2 3 79 61
6 2 81 59
3 2 78 62
8 2 78 63
2 2 78 62
3 2 77 63
5 2 78 64
4 20 77 56
6 2 85 54
4 2 89 53
6 2 84 58
5 2 81 54
3 2 84 53
1 2 88 52
8 2 86 54
7 2 82 53
7 2 83 54
4 2 83 53
5 2 83 52
8 2 78 55
1 2 80 54
1 2 77 36
5 13 77 15
1 2 77 16
4 3 77 16
8 4 76 102
2 2 76 84
1 2 77 83
4 2 76 85
7 2 82 86
8 2 82 87
5 2 82 87
2 5 82 85
5 3 81 85
6 2 80 86
3 2 76 83
4 2 79 82
4 2 76 83
5 5 76 82
8 2 76 85
2 3 76 36
6 2 75 84
8 2 75 61
5 8 75 60
3 2 76 58
5 2 80 57
3 2 79 57
1 3 79 56
7 2 78 56
5 2 77 59
2 2 77 57
4 3 75 55
6 2 76 56
5 2 75 56
6 2 75 54
8 2 76 54
5 2 77 53
3 2 79 52
5 2 84 51
1 2 82 51
8 2 84 50
1 2 83 50
2 2 87 49
5 2 87 49
3 2 84 49
6 2 87 48
8 2 87 48
4 2 87 47
8 2 89 46
5 2 88 46
1 2 87 47
4 2 85 48
3 2 85 47
4 2 82 51
7 2 81 51
1 3 79 51
4 2 76 53
7 2 77 52
8 3 76 52
1 2 75 54
4 2 75 52
1 2 74 60
3 2 74 57
8 2 77 58
7 2 77 58
7 2 74 54
8 2 73 58
7 2 73 19
8 2 73 20
7 2 75 21
3 3 75 20
2 2 75 22
8 2 76 23
2 2 79 24
4 2 78 24
3 2 78 25
6 2 75 21
1 2 73 18
1 10 72 90
2 2 86 90
4 2 85 90
2 3 84 92
6 2 84 89
6 2 79 92
3 3 79 90
2 2 79 90
8 3 79 89
3 2 77 90
5 2 76 91
1 2 78 92
6 2 80 93
1 2 84 94
2 2 85 95
1 2 86 96
8 2 86 97
5 3 80 94
8 2 82 95
7 2 79 93
6 2 79 94
4 2 81 95
6 2 82 96
3 2 84 97
3 2 81 96
2 2 79 95
4 2 80 96
3 3 79 92
8 2 76 92
6 2 76 90
1 2 76 89
2 2 78 89
2 2 75 92
5 2 74 89
4 2 73 89
5 2 76 90
6 10 72 87
8 2 74 90
3 2 73 87
2 2 74 86
1 2 73 86
2 2 72 87
7 8 72 84
3 3 72 82
6 2 75 81
4 2 74 81
7 13 72 59
6 2 75 63
1 2 76 64
6 12 72 52
2 2 73 53
6 2 71 93
7 2 78 94
3 2 78 95
3 2 71 94
2 2 75 95
3 2 75 95
7 2 73 93
4 2 73 94
4 2 71 93
7 2 71 92
5 11 71 76
2 2 84 74
6 2 87 73
4 2 81 74
7 2 84 73
7 3 81 73
5 2 83 72
8 3 83 72
5 2 88 71
1 2 82 74
6 2 81 74
7 2 76 78
8 2 77 79
6 2 75 78
3 2 75 78
7 2 71 61
5 6 71 57
1 2 71 56
1 2 73 55
3 13 71 55
7 9 71 26
5 2 76 27
1 2 75 27
7 2 78 28
2 2 81 29
4 3 78 27
1 2 78 28
8 2 79 29
5 2 78 28
2 2 73 26
6 2 76 27
3 2 73 27
1 2 71 27
5 2 71 26
2 2 70 85
2 2 70 75
2 2 73 74
4 2 75 73
1 2 83 72
6 2 83 71
4 2 82 71
7 2 81 71
7 2 83 70
3 2 83 70
1 2 81 70
1 2 79 72
2 2 79 72
5 2 78 73
4 2 78 73
7 3 77 74
2 2 77 75
5 2 70 62
8 2 71 63
1 2 70 63
6 11 70 62
5 2 72 65
8 2 74 66
3 2 78 67
7 2 76 67
5 2 77 68
4 2 79 69
6 2 81 70
3 2 74 66
6 3 73 67
3 2 76 68
1 2 76 67
8 4 75 67
2 2 78 69
8 2 80 70
7 2 80 70
5 2 78 70
2 2 74 68
7 2 74 69
4 2 77 70
1 2 76 70
6 2 76 69
4 2 70 61
7 2 70 52
3 2 70 50
6 6 70 26
7 2 70 25
2 12 70 10
3 2 77 10
1 2 72 11
8 2 74 10
1 2 82 9
6 2 87 8
2 2 71 13
7 2 71 14
4 2 72 15
4 2 69 90
2 2 72 91
5 6 69 87
1 3 69 66
6 3 69 60
1 2 69 58
2 2 69 27
1 2 69 24
8 2 69 11
6 2 72 10
2 2 77 9
1 2 84 8
4 2 86 7
4 2 82 8
8 2 80 8
8 2 84 7
2 2 85 6
5 2 83 7
5 2 84 6
1 2 84 5
3 2 80 7
6 2 79 8
8 2 78 8
5 2 70 10
4 2 77 9
3 2 76 9
3 2 77 8
1 18 68 88
2 13 68 78
3 2 73 82
8 2 72 82
4 2 69 84
1 10 68 71
4 2 75 72
7 2 74 74
6 2 74 72
8 2 69 70
3 2 74 69
5 2 68 74
3 2 73 75
4 2 73 76
6 2 72 75
1 2 73 76
8 3 73 77
5 2 72 74
1 2 72 73
8 2 70 73
7 2 68 75
2 2 71 76
3 2 71 77
4 2 69 76
2 2 68 45
8 2 82 46
1 2 86 45
2 2 84 47
5 2 82 45
4 2 79 46
7 2 80 45
6 3 79 45
6 2 84 44
7 2 88 43
1 2 84 43
2 3 79 46
6 2 81 47
4 2 81 44
5 2 85 43
8 2 82 43
5 2 82 43
2 2 82 42
3 3 81 44
4 2 80 43
4 2 83 42
3 2 88 41
6 2 85 41
7 2 88 40
2 3 85 40
2 2 83 42
7 2 83 41
1 2 78 46
8 2 80 47
3 2 78 44
2 2 76 46
7 2 78 47
4 2 80 48
3 2 80 48
3 2 77 47
5 2 76 45
7 2 74 46
4 2 73 44
5 2 73 44
3 2 72 45
5 2 71 46
6 2 71 47
5 2 76 48
6 2 75 48
6 2 79 49
6 2 76 49
2 2 78 50
4 4 75 49
5 3 75 49
8 2 68 46
7 2 68 25
8 2 68 25
8 2 68 13
8 2 67 91
7 2 67 90
4 3 67 72
7 2 67 73
2 2 67 72
3 4 67 71
7 9 67 68
5 2 67 65
1 2 70 66
5 2 70 66
4 3 69 66
1 2 67 57
4 2 67 55
1 3 67 46
8 2 69 45
8 2 67 47
5 2 72 48
4 2 71 48
7 2 72 49
7 2 69 48
6 2 70 49
1 2 70 50
3 2 69 47
1 3 68 47
8 9 67 44
7 2 76 43
5 2 77 42
4 2 82 41
8 3 82 40
4 2 87 39
7 2 88 38
3 2 76 42
7 2 68 44
3 2 68 43
7 12 67 26
6 2 69 29
1 2 76 30
8 2 73 30
1 2 69 30
4 2 67 28
3 3 67 29
7 2 68 30
5 4 68 29
6 2 74 31
8 2 72 31
1 2 73 32
2 2 73 33
7 2 75 34
4 3 72 30
7 2 72 29
6 2 69 30
2 2 69 31
8 2 67 28
7 2 67 27
3 4 67 24
5 2 71 23
4 2 71 23
6 2 71 22
4 3 66 86
6 2 66 84
3 2 68 85
2 2 66 85
1 3 66 84
7 2 68 83
7 2 66 72
4 2 66 65
8 16 66 56
2 2 66 30
3 2 66 31
3 2 69 32
2 2 66 27
2 2 66 23
7 2 65 90
4 2 65 84
8 2 67 85
7 2 67 85
3 2 65 85
1 2 65 84
6 3 65 80
8 2 70 79
4 3 65 81
3 2 67 82
1 3 66 82
5 2 65 79
4 2 67 78
2 2 67 79
1 3 67 77
3 2 66 77
8 2 68 76
2 3 65 70
3 2 68 71
5 2 68 71
3 2 66 69
2 2 67 68
4 3 66 69
5 2 65 53
2 2 66 52
3 2 65 52
6 2 68 52
3 11 65 42
7 2 76 41
6 2 80 40
2 2 79 40
5 2 84 39
8 2 84 38
5 2 79 39
4 2 81 38
2 2 75 41
1 3 73 42
4 2 75 40
3 2 79 39
2 2 82 38
1 2 79 39
6 2 76 39
7 2 79 38
1 2 79 37
1 2 75 39
7 2 70 42
8 2 69 42
5 2 72 41
3 2 72 41
8 2 73 41
7 3 72 40
5 2 65 44
8 2 65 43
1 2 67 42
6 2 67 42
3 3 65 4
2 2 84 2
7 2 84 3
7 2 83 5
5 2 83 2
6 2 75 2
7 2 81 3
3 2 74 5
2 2 78 6
7 2 77 6
4 2 78 5
6 2 81 4
1 2 81 3
2 2 79 4
4 2 79 3
5 2 79 2
8 2 79 1
2 2 71 2
1 2 76 3
3 2 76 2
4 2 76 1
1 2 71 3
3 2 71 2
2 2 69 2
4 3 69 2
7 2 67 2
1 11 65 2
5 2 76 5
4 2 65 5
3 2 76 6
5 2 76 7
4 2 76 7
1 2 76 5
6 2 66 4
7 2 74 5
8 2 74 4
2 2 74 3
5 4 64 98
7 2 83 98
7 3 81 99
8 2 79 99
3 3 79 98
8 2 79 98
5 2 80 99
3 2 80 100
2 2 80 97
1 2 79 98
7 2 74 99
4 3 74 98
6 2 77 97
5 2 77 97
2 2 77 97
5 3 73 98
4 2 76 100
2 2 76 99
8 2 73 100
1 2 72 100
3 2 72 99
6 3 69 99
3 2 66 98
8 2 71 97
7 2 75 96
6 2 75 96
1 2 74 96
7 2 70 97
7 2 69 99
3 2 64 100
5 2 64 99
4 2 66 98
2 2 69 97
5 2 65 98
1 2 65 99
6 2 65 98
2 2 64 91
7 2 65 92
2 2 67 93
8 2 70 94
5 2 70 94
8 6 64 90
5 2 65 89
4 2 64 91
1 2 64 82
2 2 67 83
5 2 65 83
6 2 65 81
6 2 64 70
5 2 64 52
1 2 64 52
1 2 66 51
4 2 65 51
4 9 64 37
7 2 74 37
7 2 70 38
2 2 73 39
7 2 72 39
4 2 72 38
3 2 73 37
2 4 70 38
1 2 69 36
1 2 64 29
3 2 64 25
1 2 64 25
3 7 64 6
4 2 68 6
7 2 73 7
2 2 73 6
1 2 71 7
5 2 70 7
4 2 70 7
2 8 63 110
3 2 82 109
8 2 82 109
4 2 75 108
2 2 78 109
5 2 80 108
4 2 80 108
3 3 78 108
5 2 76 109
8 2 77 108
3 2 76 107
7 2 76 107
1 2 76 107
8 2 76 107
3 2 76 107
4 2 76 106
6 2 75 107
5 2 74 110
1 2 75 109
2 2 73 109
1 2 72 109
7 2 72 108
7 2 69 108
3 2 72 107
7 2 73 106
8 2 71 107
5 2 72 106
2 2 68 108
1 2 68 108
4 2 65 110
8 3 65 109
5 2 65 109
6 2 66 110
2 2 65 108
5 2 68 107
5 2 63 109
6 2 63 108
7 2 63 98
3 2 67 97
5 2 66 97
7 2 63 89
5 2 63 87
4 12 63 59
3 2 67 61
1 2 68 62
5 2 67 62
6 2 65 60
8 2 65 60
5 2 63 56
2 2 63 53
2 3 63 48
5 2 64 49
1 2 64 49
4 2 66 50
2 2 66 50
2 2 64 48
2 2 63 3
2 2 62 110
1 4 62 110
2 3 62 99
4 2 63 100
1 2 62 100
5 2 70 101
3 2 71 102
8 2 71 103
6 2 68 101
1 2 70 102
5 2 71 103
2 2 62 89
8 2 63 88
6 2 62 88
5 2 62 59
2 3 62 59
8 2 62 47
6 2 62 46
2 3 62 42
2 2 63 43
7 2 63 44
6 2 63 44
3 2 63 43
7 2 63 41
5 2 68 40
4 2 68 39
5 2 68 38
8 2 68 38
6 2 68 37
3 2 67 40
1 3 62 44
8 2 62 41
3 10 62 7
7 2 75 9
2 2 69 10
3 3 62 3
6 12 61 99
5 2 67 96
6 2 62 101
7 3 61 96
8 2 61 60
3 3 61 58
5 2 61 46
5 2 61 41
8 2 63 40
6 2 66 39
4 2 66 39
7 3 63 39
8 2 63 38
7 19 61 37
2 2 66 34
2 2 68 33
5 2 68 33
5 2 70 34
4 2 70 34
4 2 65 33
8 2 65 32
8 2 64 36
3 2 63 37
1 2 63 37
4 2 62 34
8 2 66 33
4 2 66 32
7 2 63 33
6 3 63 33
1 2 63 34
4 2 65 35
7 2 65 35
3 2 65 34
6 2 63 32
7 3 62 34
1 3 62 32
8 2 65 31
7 2 61 37
8 3 61 36
6 2 61 5
8 3 60 97
2 12 60 80
7 2 62 79
8 3 60 47
6 2 60 37
4 2 60 36
4 2 60 10
2 2 70 9
8 2 70 8
6 2 62 11
6 2 70 12
5 2 70 12
5 2 67 12
3 2 67 10
6 2 68 9
7 2 67 9
2 2 63 12
1 2 66 11
7 2 66 12
8 2 65 13
7 2 69 14
4 2 62 11
2 2 64 11
7 2 64 10
4 3 63 11
4 5 60 4
5 2 60 2
2 2 59 100
5 2 61 101
7 2 61 101
3 10 59 89
1 2 62 88
3 3 62 88
8 2 59 81
3 2 59 82
4 2 60 83
6 2 63 84
1 2 61 84
1 2 59 83
2 2 59 84
7 2 59 85
4 2 59 84
8 9 59 75
8 2 66 74
5 2 63 75
3 2 68 74
1 2 65 74
6 2 63 74
7 3 63 75
8 2 63 73
1 2 61 75
4 2 61 76
5 2 59 57
6 2 59 57
1 2 59 56
4 3 59 55
1 2 59 54
8 2 61 54
7 2 62 53
3 2 61 54
7 2 59 34
2 2 59 7
3 2 61 8
1 2 59 4
6 19 59 1
4 2 58 80
5 2 58 10
5 2 60 9
3 2 60 10
5 3 60 10
1 3 60 9
2 2 59 11
5 2 60 12
3 2 63 13
6 2 64 14
4 2 67 15
2 2 71 16
5 2 74 17
8 3 74 16
2 2 73 17
7 2 69 16
5 2 66 15
1 2 66 16
5 2 67 17
3 2 71 18
6 2 71 19
1 2 74 20
5 2 71 20
2 2 64 13
6 2 62 13
1 2 63 14
8 3 58 12
1 2 60 13
6 12 58 9
4 2 58 8
3 8 57 65
3 2 67 64
2 2 66 64
8 2 61 65
7 2 58 67
2 2 63 68
5 3 63 67
2 4 58 66
2 11 57 46
2 2 57 45
5 2 57 36
2 2 58 37
5 2 59 38
4 2 58 37
3 2 57 36
6 13 57 33
6 2 59 32
2 3 59 32
1 2 61 31
2 2 63 30
5 2 64 29
6 2 63 29
7 2 61 31
5 2 62 31
7 2 56 88
6 2 60 88
1 2 60 88
7 2 60 87
3 2 57 89
4 3 56 77
4 2 61 78
6 10 56 72
1 2 64 70
7 3 64 70
2 2 63 70
8 2 59 70
8 2 62 69
1 2 62 69
6 2 60 71
8 2 62 72
6 2 61 72
5 2 56 71
1 2 56 65
4 2 66 64
8 2 56 66
6 2 60 67
7 2 61 68
8 16 56 37
5 3 56 6
4 2 61 5
2 2 61 4
2 2 56 4
4 2 55 89
7 11 55 76
1 3 58 79
3 3 57 79
5 2 55 78
6 2 56 77
2 3 56 76
4 3 55 79
1 2 55 79
2 10 55 70
5 3 57 69
7 2 57 68
5 2 55 69
3 2 55 69
6 3 55 66
6 2 58 64
5 2 62 63
1 2 64 62
8 2 64 62
7 2 64 61
6 2 62 62
2 2 61 62
3 2 58 63
6 2 55 46
7 2 55 47
8 2 55 47
4 2 58 48
8 5 55 43
6 2 55 41
4 2 59 42
6 2 56 42
2 2 55 32
1 2 55 12
2 2 58 13
7 2 59 14
6 2 65 15
4 2 58 14
5 3 58 15
2 2 64 16
8 2 66 17
4 2 67 18
5 2 67 19
1 2 67 18
4 2 66 19
6 2 71 20
6 2 66 16
1 2 65 17
3 2 65 18
7 2 65 17
4 2 65 16
1 3 64 15
3 2 61 15
5 2 56 13
1 2 55 9
5 2 55 9
7 2 55 3
8 2 61 4
7 2 59 4
4 2 55 4
3 2 59 5
5 2 59 4
6 2 58 4
3 3 54 48
4 2 62 49
8 2 63 50
6 2 64 51
3 2 63 51
2 2 63 50
1 2 62 51
3 2 62 50
3 2 60 49
4 2 54 45
5 13 54 43
4 3 54 12
6 2 54 5
1 2 53 76
3 2 55 75
8 2 56 74
3 2 56 73
7 2 56 72
7 2 53 76
5 14 53 72
1 2 53 67
5 2 53 66
8 2 53 65
8 2 53 41
4 2 54 40
7 2 55 41
5 2 54 40
2 2 53 41
4 2 53 42
7 6 53 35
7 2 53 11
3 2 53 9
2 5 53 4
1 2 57 6
8 2 57 6
7 2 54 5
3 2 54 5
7 2 53 6
3 2 52 68
4 2 55 68
7 17 52 62
6 2 58 64
7 2 56 59
5 2 52 33
8 2 52 5
5 11 52 3
8 2 51 77
1 2 53 78
7 3 51 71
8 2 51 70
6 2 51 59
6 2 53 60
8 2 59 59
5 2 59 59
6 5 51 40
3 2 51 39
6 2 53 40
3 2 53 40
8 2 53 39
1 2 51 40
6 2 51 41
1 2 53 42
2 4 51 39
3 6 51 35
2 2 51 34
4 2 51 33
6 2 51 32
7 2 53 31
5 2 53 30
1 2 64 29
2 2 58 29
5 2 59 28
7 2 61 27
3 2 61 27
8 2 60 27
7 2 59 27
1 2 53 29
7 2 51 31
6 2 57 30
8 2 57 30
3 2 57 29
7 3 56 29
5 3 51 13
5 2 52 13
6 9 50 109
8 2 56 108
4 2 50 109
5 2 59 110
2 11 50 101
4 2 57 103
3 2 73 104
2 2 73 103
3 2 66 104
6 2 71 105
2 2 71 105
7 2 70 105
3 2 68 105
4 2 70 104
4 2 66 103
6 2 67 104
8 2 68 105
4 2 67 105
1 2 62 104
5 2 65 103
3 2 63 105
5 2 64 106
8 2 62 103
1 3 63 104
6 2 62 104
2 2 62 105
7 2 62 104
4 2 57 100
7 3 54 103
2 2 59 104
8 4 52 103
5 2 54 104
3 2 57 105
4 2 57 103
6 2 53 100
2 2 54 99
1 2 53 99
4 2 52 104
4 2 54 105
4 2 60 106
3 2 59 106
8 2 52 105
6 2 58 106
7 3 58 106
1 2 62 107
3 2 62 106
6 2 54 106
3 2 52 103
2 4 51 104
2 2 60 102
6 2 54 102
3 2 54 102
1 2 54 101
7 2 50 103
6 2 51 102
4 2 51 101
3 2 51 100
5 2 50 103
1 2 50 102
4 2 50 100
1 3 50 73
7 2 50 74
8 2 52 75
4 2 52 75
5 2 51 75
2 2 53 74
4 3 50 70
2 2 50 61
3 2 57 60
2 2 54 60
7 2 55 61
1 2 54 61
5 3 54 59
7 2 50 40
5 13 50 19
6 2 68 21
5 2 62 20
8 2 69 21
7 2 69 22
2 2 68 21
1 2 64 21
2 2 62 21
3 2 65 20
4 2 62 21
7 2 65 22
8 2 65 23
1 2 63 22
5 2 68 23
1 2 67 23
5 2 62 22
2 2 65 23
8 2 62 20
3 2 59 17
1 2 59 16
4 3 53 19
6 2 59 20
2 2 57 20
4 2 57 19
7 2 61 20
2 3 60 20
3 2 56 19
5 2 56 18
2 2 53 18
6 3 52 19
8 2 55 17
6 2 51 21
4 2 51 17
6 2 57 16
2 2 55 16
7 2 60 15
3 2 55 15
8 2 55 15
4 2 52 18
1 2 53 19
5 2 53 17
3 2 53 17
7 2 51 16
4 2 52 16
1 2 51 17
8 2 51 18
5 2 50 20
5 2 53 21
6 2 59 22
2 3 50 20
4 2 58 22
3 2 52 21
2 2 55 22
8 2 61 23
7 2 55 21
8 2 52 20
2 2 50 17
7 2 50 13
2 2 51 12
4 2 50 12
7 12 50 9
7 3 57 8
6 2 52 7
2 2 54 8
8 2 52 6
1 2 51 7
7 2 50 3
3 2 49 100
8 2 51 100
7 2 51 99
4 13 49 74
3 2 49 75
7 2 49 74
3 2 53 74
5 2 49 74
1 2 49 74
4 2 49 63
7 2 54 63
5 2 55 64
4 2 54 64
1 2 54 64
7 3 49 45
1 2 52 45
6 2 52 44
8 2 51 46
5 2 53 47
3 3 51 45
5 2 50 47
2 2 54 48
6 2 57 49
3 2 56 49
8 2 58 50
2 2 58 50
6 3 57 51
5 2 56 51
3 2 56 51
5 2 55 51
1 2 54 48
6 2 55 49
5 3 53 48
5 2 54 49
2 2 49 45
6 3 49 18
1 2 49 13
7 2 51 14
6 2 49 13
8 2 49 14
1 2 49 5
2 3 49 4
3 3 48 103
6 2 48 99
5 12 48 79
8 2 52 81
3 2 56 82
4 2 54 82
7 2 58 83
3 2 58 82
1 2 57 82
5 3 54 82
7 2 52 82
7 2 53 81
2 2 53 80
1 2 52 82
2 2 50 77
3 2 49 80
5 2 52 79
1 2 49 81
6 2 51 82
5 2 50 82
4 2 49 81
4 3 48 79
6 2 49 77
5 2 48 66
3 2 54 67
8 3 54 67
6 2 51 67
6 2 53 68
7 2 49 65
8 4 48 65
1 2 48 37
7 2 48 19
8 2 48 17
3 2 48 18
6 2 48 18
4 2 48 14
1 2 48 15
5 2 48 11
2 3 48 11
6 2 48 8
5 2 50 7
6 2 50 6
8 2 49 7
4 2 49 7
2 2 49 6
2 2 47 102
7 2 47 101
5 2 48 102
8 2 47 100
4 2 47 98
1 2 56 97
6 2 60 96
8 2 67 95
7 2 68 94
3 2 67 95
1 2 60 96
6 2 59 96
3 2 48 97
8 2 55 96
2 2 61 95
5 2 67 94
3 2 63 94
5 2 64 93
3 2 60 95
7 2 63 94
1 2 64 93
6 2 63 94
8 2 59 95
4 3 55 95
4 2 60 94
5 2 59 94
7 2 59 93
2 2 58 93
6 3 58 92
8 2 62 92
6 2 62 91
5 2 58 92
2 2 60 91
1 2 60 90
8 2 57 92
1 2 57 93
5 2 50 96
2 2 57 95
5 2 55 95
8 2 55 94
1 2 55 94
6 2 53 95
8 2 48 97
5 2 53 97
4 2 53 97
6 4 48 98
2 2 47 79
8 3 47 80
2 3 47 71
5 2 47 72
6 11 47 67
7 2 47 68
4 2 47 67
4 2 47 62
3 2 49 61
3 2 47 61
1 2 48 62
6 2 48 62
5 2 47 37
1 2 47 11
8 5 46 72
5 2 46 66
2 13 46 64
1 2 49 59
1 2 55 58
6 2 54 58
5 2 48 57
3 2 52 56
6 2 56 55
3 2 55 55
4 3 46 64
5 3 46 63
4 2 46 20
3 2 47 21
6 2 52 22
2 2 52 22
3 2 52 22
8 2 51 23
1 2 58 24
5 2 54 24
3 2 56 25
7 2 54 25
5 2 56 24
6 2 59 25
1 2 57 25
2 2 57 24
4 2 54 26
8 2 56 27
2 2 55 27
1 2 56 28
1 2 51 22
7 2 51 22
2 3 51 22
6 2 57 24
4 2 57 23
3 2 56 23
4 2 50 23
5 2 50 22
3 2 49 23
1 3 48 23
4 3 47 24
7 2 57 25
8 2 49 25
4 2 49 26
8 2 49 27
4 2 54 28
6 2 54 28
3 2 49 25
8 2 47 20
6 3 46 23
7 2 46 22
2 3 46 21
5 3 46 10
7 2 47 8
5 2 47 7
4 2 49 6
6 2 48 6
1 2 47 7
8 2 47 6
3 13 45 92
7 2 51 94
4 2 49 94
1 3 48 93
1 2 49 94
2 2 49 94
7 2 48 89
6 2 49 88
6 2 56 87
1 2 52 89
4 2 53 88
5 2 54 87
3 2 54 86
1 2 56 85
4 2 55 85
6 2 55 84
8 2 53 87
1 2 52 87
2 2 53 86
6 2 50 89
5 3 48 89
8 2 48 89
8 2 46 92
3 2 46 92
5 2 47 92
4 2 48 91
6 3 48 92
4 2 48 92
4 2 46 91
2 3 45 69
8 2 45 67
4 2 45 62
1 2 45 21
6 11 45 15
3 2 45 9
7 7 44 110
3 2 55 108
3 2 52 108
5 2 55 107
2 2 55 107
7 2 53 107
8 2 55 106
3 2 55 106
1 2 50 110
6 2 51 109
7 2 50 109
5 2 51 109
8 2 51 109
5 2 49 108
6 2 48 109
4 2 48 110
2 2 48 108
2 2 52 107
4 2 47 108
8 2 49 107
6 2 50 106
4 2 48 107
8 11 44 103
8 2 45 106
4 2 44 78
1 2 44 62
8 2 48 61
4 2 48 60
5 2 47 61
8 3 44 17
2 2 44 16
1 2 43 79
7 2 46 78
8 2 46 77
3 2 46 77
1 2 45 80
4 2 45 79
8 13 43 38
2 2 47 41
6 2 47 37
8 2 47 36
3 2 47 36
1 2 43 41
5 2 49 42
8 2 49 41
7 2 46 42
7 2 45 40
5 2 45 39
1 4 43 36
4 10 43 33
8 2 51 30
4 2 52 31
8 2 50 34
4 2 50 30
2 3 49 30
7 2 49 28
8 2 48 33
6 3 48 28
4 2 51 28
5 2 51 27
7 2 47 34
2 2 47 34
6 2 47 33
4 2 46 34
5 3 44 33
5 2 47 31
3 2 45 34
6 2 44 34
2 2 44 35
6 2 44 29
1 2 49 28
7 2 49 27
5 3 43 30
3 19 42 108
1 2 43 107
2 2 42 109
7 2 46 110
3 2 44 110
1 2 42 110
5 2 42 108
8 2 42 92
7 2 43 92
7 2 52 91
3 2 48 91
5 2 44 93
8 2 46 94
1 2 44 94
6 3 43 91
2 2 47 90
1 3 46 91
8 2 45 91
5 2 45 90
3 2 44 91
1 22 42 73
7 2 43 74
1 3 43 73
2 3 42 73
3 2 42 40
5 2 42 32
3 2 45 32
5 2 42 14
3 2 43 15
7 2 43 15
3 3 42 16
4 2 43 17
6 2 42 16
8 2 42 14
1 2 42 14
3 2 41 69
6 2 42 68
3 2 41 49
7 2 41 32
8 2 45 31
2 2 41 14
5 4 40 110
7 3 40 108
7 2 40 104
4 2 43 104
5 11 40 83
8 2 44 85
7 2 50 86
7 2 51 87
3 2 50 85
7 2 55 86
3 2 51 86
5 2 51 86
5 3 44 84
2 2 47 86
3 2 46 86
4 2 48 87
6 3 46 86
8 2 45 85
8 4 43 84
8 2 45 82
5 11 40 77
8 2 46 75
7 3 44 75
6 2 44 75
4 2 40 69
7 2 40 68
3 2 41 67
5 2 40 49
1 2 51 48
3 2 50 50
4 2 50 50
7 2 50 49
8 2 49 51
7 2 50 52
2 2 49 50
5 2 47 50
4 2 48 49
7 3 47 51
8 2 51 52
6 2 52 53
7 2 53 54
1 2 52 52
8 2 57 53
2 2 55 53
1 2 54 53
8 2 52 53
4 2 54 54
5 2 55 55
7 2 54 55
6 2 54 53
2 2 52 54
6 2 51 52
1 3 47 51
4 2 50 52
3 2 50 53
1 2 51 54
5 2 50 53
4 2 50 54
5 2 50 55
4 2 48 52
2 2 48 53
5 2 47 52
6 2 41 48
6 2 46 47
5 2 47 46
6 2 44 49
8 2 45 50
4 2 44 48
8 2 46 47
2 2 45 47
3 2 41 49
7 2 44 50
3 2 44 50
2 2 43 50
7 2 47 51
6 2 46 51
2 2 42 48
7 2 41 50
8 2 41 48
3 3 40 48
3 2 43 47
8 2 45 46
4 2 40 47
1 2 40 47
4 2 43 46
7 2 45 45
2 2 44 45
4 2 45 44
8 2 44 44
5 2 45 44
8 2 42 46
6 5 40 47
3 6 40 33
2 2 41 33
6 2 43 32
5 2 44 31
4 2 40 15
4 2 41 14
6 13 40 7
4 2 41 5
6 2 46 4
2 2 43 4
8 2 44 3
2 2 46 2
7 2 44 4
4 2 44 2
3 2 43 3
1 2 43 4
7 2 42 6
1 2 41 4
3 2 40 5
1 2 39 108
4 2 39 82
7 2 42 83
1 2 39 78
1 2 40 77
4 2 42 76
6 2 39 70
5 2 39 69
2 3 39 37
4 2 41 38
7 2 41 37
8 10 39 29
2 2 42 29
4 2 42 30
1 2 41 25
2 2 40 29
8 2 41 28
4 2 43 27
1 2 43 26
4 2 50 26
5 2 48 26
1 2 40 29
5 2 40 29
3 4 40 29
8 2 40 26
5 2 44 25
6 2 43 25
3 2 43 24
5 2 40 26
7 2 42 26
8 2 41 26
1 2 41 26
5 2 42 27
7 4 40 25
2 3 40 26
1 2 43 24
7 3 43 24
8 2 41 24
6 3 40 26
7 11 39 2
6 2 41 3
6 3 38 105
5 2 39 105
8 2 42 104
1 2 42 104
2 2 38 104
4 2 40 103
1 2 42 102
3 2 41 102
1 2 45 101
5 2 41 102
8 2 43 102
6 2 43 101
2 2 43 101
6 2 40 102
5 2 39 103
3 4 38 75
7 2 38 75
8 2 38 49
1 2 38 38
6 2 40 39
3 2 40 38
2 2 38 25
6 4 37 107
8 2 39 107
6 2 38 108
2 2 37 70
1 2 39 71
2 2 38 71
7 2 37 70
3 8 37 50
4 2 46 54
8 2 44 54
3 2 46 55
2 2 46 56
2 2 50 57
1 2 49 57
8 2 49 56
6 2 48 57
6 2 46 56
7 2 47 56
8 3 47 56
6 2 51 58
2 2 51 57
3 2 45 57
6 2 44 53
7 2 45 54
7 2 41 51
2 2 41 52
1 2 41 53
3 2 44 54
7 2 41 52
2 3 40 54
6 2 43 55
8 2 44 56
5 2 42 55
1 2 43 56
2 2 42 55
6 2 40 51
1 2 39 54
5 2 39 55
7 2 39 56
3 2 41 57
8 2 51 58
3 2 51 58
2 2 39 56
6 2 39 53
5 2 38 56
1 2 38 51
5 2 38 52
1 2 37 30
8 2 41 31
2 2 40 31
4 2 41 32
6 15 37 31
1 3 38 32
3 2 38 31
7 14 37 8
7 2 43 12
5 2 41 11
2 2 42 12
6 3 42 11
1 2 41 10
5 2 38 12
4 2 36 106
1 2 36 84
6 2 42 85
7 2 43 86
5 2 45 87
2 3 43 85
7 2 36 84
4 2 39 84
1 2 42 83
5 2 39 85
4 2 39 86
1 2 43 87
1 2 44 88
4 2 44 88
8 2 43 88
4 2 42 87
8 2 40 87
2 2 42 88
7 2 41 88
4 2 41 88
6 2 42 89
5 2 41 89
7 2 42 90
4 2 42 90
2 2 41 90
3 2 40 88
3 2 36 51
4 2 37 52
6 2 36 49
1 2 36 49
8 2 36 2
8 2 37 3
5 2 40 4
2 3 37 3
7 27 35 110
7 2 35 104
3 3 37 105
7 2 36 105
5 2 35 105
6 2 35 105
1 4 35 103
2 2 35 102
3 2 44 101
7 2 44 101
7 2 41 101
8 2 39 101
4 2 42 100
5 3 42 100
1 2 44 99
3 2 48 98
8 2 45 98
2 2 44 99
4 2 39 101
2 3 39 100
2 4 35 62
8 2 38 62
6 2 39 63
5 2 40 64
2 2 44 65
1 2 40 64
1 2 42 65
5 2 37 63
4 2 37 63
3 2 35 63
5 3 35 54
8 3 38 55
3 2 35 55
5 2 35 50
4 2 35 50
8 2 35 11
5 4 35 9
7 2 41 9
5 2 35 3
1 2 38 4
3 2 37 4
8 2 38 5
1 12 34 94
7 2 46 97
8 2 44 96
1 2 47 97
6 2 42 97
6 2 44 98
5 2 44 98
4 2 44 97
2 2 44 97
6 2 44 96
7 2 42 96
1 2 41 97
3 2 42 98
2 2 41 95
1 2 38 90
3 2 37 90
4 2 37 89
2 2 36 93
2 2 41 92
4 2 39 94
3 2 39 92
6 2 36 92
3 2 34 96
6 2 37 95
8 2 39 96
4 2 35 97
6 2 39 98
5 2 34 28
2 2 34 29
4 9 34 24
8 11 34 22
3 2 35 22
6 2 40 21
4 2 40 21
1 2 38 21
7 2 38 21
1 2 36 21
4 2 36 21
2 2 36 20
4 5 34 9
8 4 37 10
5 2 36 9
3 2 36 8
7 3 34 10
6 2 36 8
5 2 37 7
1 2 34 9
3 2 34 2
4 3 34 3
4 2 36 4
7 2 36 4
4 2 33 110
2 2 33 109
7 13 33 103
3 2 34 102
2 2 33 95
6 8 33 73
6 2 38 73
3 2 38 73
7 3 36 74
5 3 33 74
1 2 33 24
5 6 33 19
2 4 33 10
5 2 32 102
7 2 34 101
4 2 34 100
8 2 35 100
6 2 37 99
5 2 38 98
3 2 36 99
4 2 35 100
3 4 32 97
1 2 38 95
2 3 32 93
2 2 36 92
5 2 36 91
6 2 37 91
7 2 36 91
1 2 36 91
6 2 32 91
1 3 34 92
4 4 34 91
3 2 33 93
7 2 33 93
6 2 34 94
5 2 34 93
3 2 33 90
8 2 33 89
1 2 33 89
2 2 37 88
1 2 39 87
3 2 39 86
5 2 32 90
8 2 32 74
5 2 36 75
2 2 33 75
4 2 33 74
8 2 33 75
6 3 33 73
4 12 32 64
6 2 33 65
8 2 42 66
3 2 35 66
5 2 39 67
2 2 35 66
2 2 37 67
6 2 38 66
1 2 38 66
7 2 37 68
1 2 35 66
8 2 35 65
4 2 35 65
5 2 34 66
3 2 33 65
2 5 32 60
2 2 47 59
7 2 47 59
6 2 42 60
1 2 42 59
7 2 40 61
4 2 41 60
4 2 42 59
7 2 35 60
4 2 37 61
5 2 38 60
8 2 38 59
3 2 35 61
2 2 32 22
6 2 32 23
5 2 32 21
6 4 32 21
7 3 31 110
5 13 31 97
7 2 31 63
6 14 31 61
5 2 43 58
8 2 43 58
7 2 36 58
3 2 31 61
1 2 33 62
8 2 31 24
1 2 31 23
5 2 30 110
6 9 30 109
8 2 30 109
8 2 30 92
4 2 30 92
2 13 30 73
1 2 32 76
2 2 39 77
7 2 36 77
6 2 35 77
2 2 30 19
6 12 29 103
8 2 30 101
8 2 32 100
6 3 32 100
5 2 31 99
3 2 30 100
1 2 29 102
8 2 29 95
2 2 32 94
7 2 31 96
5 2 31 95
3 2 32 95
8 4 32 96
3 2 32 96
3 2 29 72
2 2 30 71
4 2 29 71
8 10 29 36
1 2 39 34
2 2 38 34
5 2 37 35
8 3 31 37
1 2 34 38
8 2 35 37
8 2 34 38
3 2 34 38
5 2 34 37
2 3 33 39
4 2 36 40
1 2 33 37
6 2 34 37
2 2 32 35
3 2 32 36
1 2 34 35
6 2 34 34
7 2 32 35
4 2 32 35
5 2 31 36
8 2 29 36
3 2 29 37
6 2 29 38
6 2 29 34
7 2 36 33
1 2 39 32
3 2 29 20
4 2 45 19
8 2 33 19
4 2 29 19
6 2 35 19
1 2 33 19
8 2 38 18
7 2 39 19
3 2 40 18
8 2 40 17
5 3 40 17
6 4 39 19
5 2 38 19
4 2 38 17
2 2 33 18
5 2 28 108
4 2 28 105
8 2 28 102
6 3 28 70
6 2 35 69
8 3 31 70
4 2 31 68
5 2 33 69
2 2 33 68
5 3 29 70
1 2 32 68
8 2 30 68
4 2 33 67
3 2 33 66
7 2 33 65
6 2 30 67
1 3 29 68
2 2 29 69
6 2 29 69
5 2 28 36
4 14 28 7
5 2 29 11
7 2 29 5
2 2 33 6
8 2 33 5
4 2 33 5
2 2 30 6
5 2 30 5
1 2 31 4
4 2 29 6
1 2 29 7
7 2 29 6
4 2 27 109
8 3 27 71
5 2 29 72
7 2 27 72
4 2 28 71
7 2 27 64
8 2 27 65
3 2 27 8
6 2 29 9
8 3 29 8
2 2 27 8
1 2 26 108
5 3 26 102
4 2 26 102
3 8 26 100
1 2 29 99
8 2 34 98
6 2 30 98
2 3 30 98
1 2 27 100
8 2 27 98
7 11 26 100
4 12 26 87
7 2 32 88
2 2 31 86
6 2 38 85
7 2 37 85
2 2 36 85
3 2 35 85
1 3 35 85
4 3 31 87
3 2 30 86
7 2 30 85
2 2 32 84
8 2 34 83
6 2 37 82
8 2 37 81
2 2 42 80
6 2 39 80
7 2 39 80
6 2 40 80
7 2 40 80
3 2 40 79
5 3 38 80
1 2 30 86
4 2 26 86
4 3 26 59
2 2 34 58
8 2 36 57
3 2 36 57
6 2 34 57
1 2 29 58
8 2 26 58
1 3 30 59
1 12 26 13
5 2 35 16
1 2 37 17
5 2 31 15
4 2 30 15
7 2 36 14
6 2 35 14
1 2 35 13
3 2 34 16
4 2 33 16
7 2 34 17
1 2 33 16
2 2 33 15
8 2 33 14
5 2 33 13
3 2 30 14
8 2 29 15
6 2 29 15
3 2 31 16
5 2 31 15
2 2 28 15
2 2 29 16
3 2 29 15
3 2 26 8
7 2 25 108
7 13 25 92
4 2 27 89
5 2 26 89
1 2 26 89
3 3 26 88
2 3 25 93
3 2 25 91
6 2 25 87
7 2 25 88
3 4 25 60
2 2 31 57
8 2 33 56
5 2 28 57
4 2 29 58
7 2 29 57
1 2 27 61
2 2 32 62
2 2 27 60
2 2 25 57
8 2 29 56
3 2 29 56
2 2 26 58
7 11 25 54
2 2 31 53
1 2 29 51
7 2 29 50
7 2 28 53
4 2 28 53
5 2 28 52
4 2 28 52
1 2 27 55
7 2 27 52
1 2 25 53
6 2 26 54
7 2 26 53
5 2 26 52
2 2 26 51
3 2 30 50
1 2 31 49
4 3 31 48
8 2 25 52
2 2 25 35
1 2 25 35
5 2 28 34
5 2 36 33
4 2 28 33
2 12 25 21
1 2 31 19
4 2 31 19
1 2 29 17
4 2 29 18
7 2 28 19
8 2 28 18
2 2 25 23
7 2 25 16
7 2 27 17
2 2 24 107
4 9 24 98
4 2 29 95
2 2 25 99
1 2 24 55
3 2 26 54
1 2 26 53
2 11 24 45
7 2 49 43
1 2 34 45
2 2 32 45
3 2 38 44
4 2 48 43
1 2 38 44
6 2 36 44
2 2 42 43
5 2 42 42
7 2 42 41
4 2 36 43
6 2 37 42
2 2 42 41
3 2 35 46
5 2 35 44
8 2 32 44
1 2 32 43
4 2 38 42
3 2 38 42
6 2 34 42
4 3 32 42
4 2 34 42
5 2 34 41
8 2 33 41
2 2 29 46
1 2 34 47
6 2 32 47
7 2 30 45
5 2 28 43
8 2 30 42
7 2 31 41
3 2 30 43
8 2 31 44
1 2 30 42
2 2 29 42
7 2 28 44
4 2 28 42
6 2 27 47
2 2 27 48
2 2 29 49
3 2 26 48
7 2 30 49
2 2 30 48
4 2 25 45
6 2 25 42
8 2 24 42
1 2 24 41
6 2 24 41
5 3 24 40
6 2 25 40
8 2 28 39
2 2 29 40
3 2 29 40
7 2 27 39
8 2 26 39
6 2 27 38
5 2 26 39
3 13 24 25
8 2 32 28
1 2 30 28
1 2 34 27
7 2 34 27
2 2 32 27
6 2 30 28
3 3 30 27
6 2 29 25
7 2 30 24
2 2 28 28
3 2 27 25
4 2 29 26
1 2 26 28
1 2 27 27
6 2 24 24
5 2 26 25
1 2 26 24
8 2 25 23
7 2 26 22
4 2 26 21
5 2 24 19
7 11 24 17
6 2 23 93
3 2 24 94
8 2 23 93
8 2 23 90
6 2 24 91
2 2 24 90
6 2 23 89
2 2 24 88
5 12 23 55
5 2 24 57
7 2 24 58
4 2 24 57
5 2 23 51
4 2 25 50
6 2 25 50
8 2 25 50
7 3 24 51
3 2 23 45
4 2 26 44
2 2 24 46
1 3 23 20
7 2 23 13
7 2 29 12
1 2 29 11
8 2 28 11
8 2 22 100
5 2 22 89
8 3 22 88
2 2 25 86
5 2 27 85
6 2 27 85
8 2 26 85
2 2 27 84
3 2 36 83
5 2 34 83
1 2 36 82
3 2 36 81
5 2 28 83
4 2 35 82
3 2 27 84
6 2 22 86
7 2 22 87
5 26 22 84
1 2 29 83
4 2 29 82
2 2 35 81
8 2 34 81
7 2 30 83
2 2 30 83
2 2 24 83
3 2 22 51
7 2 22 47
6 2 23 48
7 2 22 43
5 10 21 107
2 2 21 83
3 2 25 82
6 2 25 83
5 2 25 82
4 2 33 81
1 2 29 81
4 2 30 80
1 2 33 79
6 2 33 78
4 2 37 79
3 2 35 79
6 2 36 78
5 2 36 78
4 2 34 79
6 2 23 82
1 2 25 81
5 2 29 80
7 2 31 79
8 2 24 83
7 2 24 82
1 2 21 82
1 6 21 58
6 2 21 59
2 2 26 58
6 2 24 58
7 2 24 57
5 2 21 27
3 2 25 28
5 2 24 27
4 2 22 27
8 2 26 26
2 2 26 25
4 2 23 28
1 2 23 28
1 2 21 23
8 11 21 21
4 2 23 18
3 2 25 17
8 2 23 18
3 2 21 20
6 2 21 19
7 2 21 19
1 2 22 20
1 2 21 18
3 2 22 17
1 2 23 16
2 3 21 17
6 4 21 16
5 11 21 6
3 2 28 4
5 2 31 3
8 3 28 4
2 2 24 9
5 2 21 6
1 2 22 7
6 2 24 6
7 2 23 6
2 2 23 5
3 2 22 6
6 2 21 7
8 2 21 8
2 2 21 8
2 2 21 5
2 3 20 78
5 2 29 77
1 3 20 54
4 2 22 54
8 3 22 54
7 2 22 55
5 2 21 54
7 2 20 27
8 2 21 28
6 2 21 26
8 2 20 26
3 2 23 25
8 2 22 25
5 2 22 24
7 2 22 24
7 11 20 23
4 4 20 19
4 10 20 14
4 2 20 5
7 2 20 4
3 2 29 3
2 2 25 3
1 2 29 2
8 2 29 2
7 2 22 3
4 2 22 3
3 2 21 5
6 2 22 4
7 2 22 3
2 2 22 3
3 2 24 2
6 2 22 2
6 8 20 4
6 2 19 107
1 2 24 106
2 2 24 106
6 2 22 106
2 2 29 105
5 2 28 105
3 2 27 105
1 2 22 106
6 11 19 77
6 2 27 80
8 3 27 79
3 2 26 79
8 2 25 79
1 2 25 78
2 2 25 77
5 2 23 76
8 2 26 77
5 2 27 76
2 2 30 75
3 2 30 74
3 2 27 76
6 2 27 75
4 2 27 76
7 2 26 77
3 2 25 75
3 2 23 75
1 2 23 76
8 2 22 80
6 2 22 76
7 3 19 58
2 2 19 53
1 2 19 26
2 12 18 108
4 2 19 110
3 2 18 79
8 2 22 78
7 2 21 80
2 2 21 81
4 3 21 82
2 2 21 82
3 2 21 81
6 2 21 80
6 2 21 78
2 2 20 78
5 2 18 80
8 2 18 78
2 2 21 77
6 2 20 77
5 2 20 76
8 2 21 76
1 2 18 57
2 2 18 56
8 2 18 56
6 2 18 55
5 11 18 54
2 2 19 52
3 8 18 49
4 2 25 49
8 2 25 49
5 3 23 49
4 2 28 47
8 2 27 47
5 2 26 47
7 2 24 47
5 2 28 46
1 3 24 47
4 2 23 46
2 2 22 48
6 2 18 21
8 2 19 20
7 3 18 15
1 3 18 5
2 3 17 88
8 2 17 87
6 2 17 87
3 2 17 86
2 2 17 76
4 2 17 77
5 2 17 76
1 2 17 76
3 2 17 75
4 2 17 53
3 2 17 50
8 2 17 51
1 5 17 23
2 2 18 23
6 2 17 23
1 5 17 20
5 2 19 18
7 2 19 17
5 2 17 13
8 3 17 3
3 2 16 107
2 2 16 51
1 2 17 52
6 2 17 52
4 2 16 24
3 2 16 19
7 4 16 5
4 2 15 79
1 2 17 80
1 12 15 50
6 12 15 6
3 2 17 8
6 2 17 9
3 2 19 10
8 2 19 10
5 3 19 11
2 2 25 12
2 2 19 10
4 2 19 9
8 2 15 8
3 10 14 109
2 2 21 110
7 5 14 99
4 2 23 98
7 2 23 97
1 2 23 96
5 2 22 102
7 2 22 96
5 2 23 95
4 2 19 100
7 2 22 99
3 2 22 99
2 2 19 99
5 2 20 98
2 2 20 97
2 2 21 96
3 3 21 96
6 3 19 98
8 2 19 97
8 12 14 74
8 2 16 74
3 2 25 73
4 2 24 73
8 2 19 73
2 2 24 72
3 2 27 71
1 2 25 71
6 2 25 71
5 2 23 72
4 2 23 71
1 2 22 74
7 2 22 72
5 2 20 74
3 2 20 73
2 2 19 72
4 2 19 72
6 2 18 73
1 2 16 73
2 2 15 73
5 2 14 78
3 2 14 73
6 8 14 72
5 2 17 71
8 2 20 70
2 2 20 69
1 2 21 68
7 2 29 67
8 2 29 67
4 2 27 67
7 2 27 67
3 2 21 68
7 2 16 70
3 2 16 69
6 2 18 70
4 2 15 70
2 2 14 71
2 10 14 38
6 2 28 35
5 2 28 35
5 2 25 35
1 2 25 35
7 2 25 34
8 2 24 36
3 2 24 34
5 2 21 37
4 2 21 36
2 2 22 35
6 2 22 35
1 2 22 34
5 2 20 39
4 2 25 40
3 2 22 40
8 2 22 39
7 3 21 39
6 3 20 41
5 2 21 39
3 2 23 38
1 2 23 37
7 2 21 39
2 2 20 38
7 2 21 37
2 2 21 38
4 2 16 36
8 2 20 35
6 3 16 37
2 2 17 38
3 2 17 39
1 2 17 38
8 2 16 37
5 3 16 37
2 2 15 39
7 2 15 39
3 2 15 40
2 2 14 23
3 2 13 110
4 2 13 100
3 2 16 101
5 2 19 102
8 3 16 101
5 2 15 99
7 2 14 101
1 2 16 102
1 3 14 101
2 2 13 101
5 3 13 98
2 2 16 97
3 2 13 99
4 2 13 78
8 8 13 54
7 2 13 38
4 2 13 8
4 2 14 7
8 12 12 101
5 2 15 103
4 2 23 104
7 2 23 104
3 2 23 103
8 2 18 104
3 2 14 103
1 2 21 104
3 2 18 104
4 2 18 105
5 2 18 105
2 2 17 105
8 2 17 104
2 2 12 78
1 2 12 72
8 2 13 72
7 2 12 72
4 2 12 70
8 2 17 69
1 2 24 68
7 2 21 68
8 2 22 67
2 2 27 66
5 2 21 68
6 3 21 67
3 2 24 66
8 2 28 65
6 2 28 64
2 3 27 64
6 2 18 68
2 2 16 69
1 2 17 68
4 2 16 69
1 2 12 69
7 3 12 60
7 2 22 61
5 2 24 62
5 2 26 63
3 2 24 63
3 2 30 64
1 2 30 64
2 2 29 64
4 2 24 61
6 3 17 61
3 3 17 62
8 2 26 62
1 2 26 62
8 2 24 63
4 2 20 63
3 2 23 64
2 3 20 62
4 2 18 63
4 2 19 64
4 2 22 65
2 2 21 65
1 3 21 65
2 3 19 65
5 2 21 66
2 2 21 66
1 2 21 66
6 2 18 65
6 2 19 64
8 3 18 66
7 3 18 62
7 2 17 66
5 2 17 61
2 3 16 62
5 2 19 61
4 2 19 61
7 2 18 61
8 2 15 62
3 2 14 61
1 2 16 60
5 2 20 59
4 2 18 59
2 2 18 58
7 2 13 61
3 2 12 53
1 2 12 39
3 2 12 37
8 2 13 36
7 2 16 35
6 6 13 35
7 11 12 14
8 2 17 15
5 2 18 16
1 2 17 16
4 2 17 14
3 2 14 11
6 2 18 10
2 2 20 11
7 2 13 14
6 2 13 15
8 2 14 16
4 3 13 16
4 2 13 11
3 2 17 12
4 2 17 12
3 2 16 10
4 2 15 10
7 2 16 9
1 2 13 12
6 2 18 13
1 2 16 13
4 2 17 12
6 2 13 12
6 2 15 13
3 2 15 12
7 2 13 11
6 2 14 11
7 2 14 11
8 3 14 10
3 2 12 15
1 2 12 14
5 2 13 13
8 3 12 13
5 2 12 6
1 2 11 109
2 2 11 103
1 2 12 104
7 2 12 105
4 2 13 106
8 2 13 106
3 2 13 105
4 2 12 103
1 2 11 99
4 2 11 72
8 2 11 69
4 9 11 64
3 2 12 61
2 3 11 65
1 2 15 66
3 2 16 67
8 2 11 65
1 2 11 54
4 12 11 45
1 2 16 46
8 2 16 47
4 2 20 48
2 2 19 48
8 2 17 46
6 2 22 45
3 2 22 45
5 3 16 48
7 2 16 47
4 2 16 46
5 2 14 45
5 2 18 44
7 2 16 46
6 2 17 45
1 3 16 45
5 2 16 45
6 3 15 45
2 2 21 43
4 2 20 43
4 3 15 43
7 2 14 45
6 2 14 46
2 2 15 47
3 2 14 47
7 2 14 43
5 2 16 43
7 2 19 42
1 2 19 41
1 4 16 43
5 2 17 42
8 2 17 41
2 2 15 44
8 3 15 43
2 2 15 43
6 3 15 42
7 2 14 42
8 3 12 46
7 2 13 47
5 2 12 42
2 3 12 42
3 2 11 41
1 2 11 36
8 11 11 3
2 2 15 2
5 2 15 2
7 2 14 2
6 2 11 3
6 2 10 110
1 2 10 69
7 19 10 64
8 2 13 61
6 3 13 60
1 2 10 45
5 2 10 45
7 2 10 35
2 2 15 34
3 2 14 34
5 2 17 33
8 2 36 32
7 3 36 31
5 3 35 31
1 2 33 32
5 2 31 32
7 2 26 32
7 2 15 33
2 2 21 32
7 2 30 31
6 2 32 30
8 2 18 32
2 2 27 31
8 2 31 30
5 3 27 30
3 2 26 30
5 2 23 31
4 2 26 32
7 2 24 30
6 3 24 30
1 2 14 33
6 2 21 32
4 2 18 32
3 2 17 32
4 2 24 33
8 2 23 33
3 2 15 34
6 2 16 33
3 2 14 32
8 2 17 31
6 2 17 30
7 2 18 30
5 2 16 30
8 2 17 29
5 2 15 33
4 2 15 32
7 2 15 33
7 2 16 32
2 4 14 33
6 3 14 34
1 2 13 33
8 2 11 34
3 3 11 34
5 2 10 15
2 2 12 16
7 2 12 17
1 2 10 16
2 4 10 14
5 2 10 12
4 2 10 12
6 2 10 11
5 3 10 4
4 2 10 3
1 2 10 2
8 5 9 105
6 2 13 103
5 2 13 103
3 2 10 104
6 3 9 105
8 2 13 106
3 2 10 106
1 2 10 107
8 2 10 107
6 3 10 108
2 2 10 108
5 2 9 107
5 14 9 85
2 2 18 90
4 2 20 91
2 3 13 87
6 2 14 85
6 2 18 84
7 2 18 83
6 2 19 82
1 2 18 83
5 2 17 83
4 2 18 84
3 2 18 83
8 2 16 84
1 3 14 85
3 2 15 84
1 2 13 87
2 2 13 84
8 2 17 83
2 2 17 83
1 2 10 90
3 2 19 91
1 2 20 92
7 2 11 91
3 2 16 92
5 3 10 91
6 2 10 92
3 2 13 93
3 2 22 94
4 2 19 94
6 2 21 95
5 2 20 95
7 4 20 94
8 2 18 94
8 2 12 93
1 2 18 94
2 2 18 93
5 2 12 92
8 2 14 93
5 2 14 92
7 2 11 93
6 2 11 94
5 2 14 95
3 2 14 96
3 2 11 93
4 2 12 94
1 2 13 95
1 2 14 96
7 2 13 94
1 2 9 91
7 2 15 90
5 2 11 90
1 2 11 90
2 2 10 92
3 2 9 87
7 2 11 88
1 13 9 81
2 2 15 80
8 2 14 81
7 2 15 80
5 2 10 85
6 2 9 80
4 2 13 81
1 3 13 81
3 2 12 81
7 2 9 80
8 2 9 81
4 8 9 77
7 3 10 78
3 2 10 77
5 4 9 65
1 2 9 65
4 2 9 61
2 2 9 35
1 2 9 11
4 2 16 10
3 2 16 10
5 2 9 10
6 8 8 102
6 3 8 100
8 2 8 75
2 2 8 75
6 2 8 43
8 2 8 42
5 3 8 15
3 2 8 3
4 2 7 100
7 2 12 99
1 2 7 99
3 13 7 90
3 2 11 89
2 2 10 89
7 2 10 88
5 2 10 88
4 3 9 89
8 2 10 87
8 2 9 89
6 2 9 87
6 2 8 89
1 2 7 83
5 4 7 83
8 3 10 84
7 2 7 84
8 2 7 84
3 2 7 76
5 3 7 60
7 12 7 39
6 2 9 40
5 3 9 39
8 2 10 38
7 2 8 39
8 3 6 105
8 2 7 106
6 2 6 85
7 2 9 86
5 3 6 81
7 2 6 82
8 4 6 65
6 2 11 67
7 2 8 66
2 2 15 67
4 2 15 67
2 2 7 64
8 3 7 63
8 4 6 51
8 2 13 49
2 2 11 49
7 2 11 48
6 2 11 48
5 2 9 49
7 2 7 49
6 2 6 52
6 2 10 53
3 2 8 53
1 2 6 50
5 11 6 48
1 2 8 53
3 2 7 48
3 2 8 47
1 2 8 46
4 2 8 45
7 10 6 21
2 2 14 21
5 2 12 22
8 2 12 23
7 2 12 24
8 2 15 25
5 2 12 24
7 2 12 21
4 2 12 22
1 2 12 22
4 2 7 21
5 2 7 21
2 2 7 16
6 2 6 22
8 2 12 23
3 2 9 23
6 2 10 24
5 2 9 24
1 2 9 25
8 2 10 26
5 2 20 27
6 3 20 26
1 2 14 27
3 2 14 28
8 2 13 27
2 2 14 28
4 2 16 29
3 2 16 28
2 2 8 23
4 14 6 21
5 2 11 18
8 2 11 17
2 2 10 17
6 2 10 18
7 2 9 19
8 2 6 20
2 2 7 19
3 2 7 19
1 2 7 18
4 2 6 20
3 11 5 109
7 2 5 90
3 3 5 82
3 2 5 67
2 2 12 68
1 2 5 68
7 2 5 65
3 2 5 41
6 2 5 40
1 2 5 39
3 2 5 38
6 2 5 39
4 2 5 38
5 2 5 35
8 3 5 16
3 2 4 87
4 2 4 83
8 2 4 82
4 2 5 83
5 2 5 83
2 2 5 81
7 2 4 82
8 4 4 63
7 2 4 53
2 2 4 52
1 2 4 53
3 2 4 53
4 3 4 51
3 2 5 51
1 11 4 44
6 2 4 47
8 2 7 48
6 2 7 48
2 2 4 38
6 2 4 16
5 2 4 15
6 3 3 110
4 2 3 90
1 2 4 91
7 2 6 92
3 2 5 92
5 3 4 91
6 2 4 92
4 2 4 91
2 2 3 92
6 2 3 83
1 10 3 73
7 2 5 74
2 2 4 74
8 2 4 73
8 2 6 72
1 2 8 71
4 2 9 70
5 2 8 70
5 2 4 74
3 2 4 74
4 10 3 69
3 2 3 45
3 2 4 44
2 12 3 34
4 2 11 32
7 2 11 31
6 2 7 32
1 2 7 33
1 2 3 37
1 2 3 21
8 2 3 22
1 2 6 23
6 2 6 23
7 2 2 71
6 2 2 70
6 2 2 42
2 5 2 42
5 3 2 41
4 3 2 39
3 4 2 33
2 2 3 33
4 2 3 33
8 2 5 33
6 2 5 32
4 2 13 31
8 2 13 31
7 2 13 30
6 2 15 29
3 2 14 31
5 2 14 31
2 2 14 30
6 3 13 30
1 2 12 31
6 2 2 32
7 2 2 20
5 2 4 19
3 2 4 18
2 2 2 19
1 2 1 68
1 2 1 42
7 2 2 43
6 2 1 39
1 2 7 38
8 2 4 38
7 2 1 37
8 3 1 21
5 2 2 21
3 2 1 19
2 2 1 20
