60721
2815
6 12 100 100
2 5 100 92
6 3 100 90
8 2 100 88
5 3 100 87
6 2 100 86
6 26 100 83
6 4 100 71
6 95 100 66
4 2 100 28
5 2 100 27
6 78 100 26
2 5 100 12
6 19 100 10
2 3 99 94
7 5 99 71
6 3 99 54
2 2 99 51
2 3 99 14
7 3 99 10
1 2 99 7
2 3 99 6
1 2 98 93
8 2 98 90
4 3 98 89
8 2 98 65
5 2 98 47
4 3 98 36
1 2 98 13
3 2 98 11
2 2 97 99
8 3 97 92
6 2 97 74
7 7 97 73
6 2 97 72
6 2 97 54
1 2 97 53
2 4 97 46
4 5 97 31
3 2 97 13
6 2 97 12
6 4 97 10
1 4 97 9
2 4 96 97
6 2 96 95
2 6 96 91
6 4 96 90
5 2 96 49
1 2 96 48
8 2 96 45
1 2 96 41
4 3 96 32
2 4 96 17
8 3 96 16
2 2 96 8
8 3 96 9
1 2 95 99
2 3 95 98
8 3 95 95
7 2 95 93
1 2 95 79
2 5 95 78
8 2 98 81
2 2 96 78
8 2 97 77
5 3 95 75
3 7 95 65
6 2 95 56
2 2 95 57
7 5 95 57
8 4 95 56
8 2 95 33
3 2 95 31
5 2 95 14
3 6 95 9
7 2 94 97
4 2 94 96
2 2 94 63
4 2 95 64
6 2 94 62
4 2 94 56
5 2 94 39
2 4 94 38
7 6 94 37
2 3 94 32
4 4 94 17
3 3 94 17
3 2 94 15
1 2 93 100
3 2 93 97
1 4 93 81
3 2 93 79
6 2 93 78
7 2 93 77
4 4 93 76
2 3 93 62
4 2 93 61
4 2 96 60
2 2 93 44
2 11 93 3
4 2 94 5
2 2 95 6
6 2 95 6
2 3 92 100
4 2 94 100
6 5 92 99
1 6 92 95
8 2 93 97
7 2 92 95
3 8 92 88
8 2 96 85
4 2 97 84
2 2 95 89
2 2 93 87
2 2 94 86
6 3 94 86
2 2 92 86
8 2 92 80
4 2 92 81
7 4 92 79
6 30 92 75
8 2 92 84
2 2 92 70
2 2 92 65
8 3 92 64
2 2 92 54
4 2 92 48
5 2 92 41
8 2 93 41
4 2 94 40
6 3 92 38
2 2 92 30
6 9 92 15
2 2 92 14
4 2 91 76
6 2 91 70
6 4 91 62
8 3 91 57
6 3 91 54
3 3 91 55
2 3 91 54
2 2 91 46
4 2 91 44
4 2 94 44
2 3 91 38
4 2 91 36
8 2 93 36
6 2 92 36
1 3 92 35
2 3 91 33
6 3 91 30
2 2 91 28
2 2 95 28
4 2 92 29
8 2 93 28
3 5 91 19
4 2 94 20
6 2 91 14
2 10 91 9
4 2 90 100
8 2 90 100
8 2 90 94
3 2 91 95
4 2 91 95
4 6 90 91
6 4 90 90
8 2 90 86
2 3 90 85
4 2 90 85
2 2 93 84
1 2 90 83
3 3 90 78
2 2 90 76
2 2 90 70
8 2 90 66
2 4 90 65
2 2 90 60
7 2 93 61
2 2 93 60
8 3 90 60
4 2 90 51
8 2 92 52
6 2 90 46
6 2 90 38
2 3 90 36
7 2 90 31
2 2 90 30
8 2 90 28
4 3 90 27
2 4 90 25
8 2 93 24
2 2 94 23
2 2 95 22
6 3 95 22
2 2 92 25
2 4 90 20
5 10 90 12
5 7 90 6
8 2 90 2
5 2 90 1
6 24 89 98
1 2 89 85
7 3 89 84
8 3 89 82
2 2 91 81
7 3 89 81
2 4 89 80
2 2 89 78
8 3 89 77
6 2 89 70
5 2 89 69
2 2 93 69
4 2 97 68
4 2 91 69
2 2 95 68
8 4 89 68
6 7 89 50
2 2 92 52
4 3 92 53
2 2 93 53
2 3 89 46
8 2 91 48
3 2 94 49
2 2 91 48
8 2 90 49
4 2 89 48
5 2 89 43
2 2 89 38
4 2 89 36
3 2 89 35
3 2 89 21
8 2 89 20
6 5 89 18
7 3 89 8
8 2 88 88
8 2 91 88
6 2 91 89
2 2 88 89
4 2 88 88
1 8 88 87
6 2 88 78
6 2 88 76
4 2 88 76
2 3 88 71
4 2 89 72
7 2 96 73
8 2 95 73
8 2 90 73
1 2 88 67
8 2 91 68
6 41 88 66
6 4 88 46
5 2 88 45
7 3 88 44
8 3 88 33
1 2 88 27
6 16 88 26
4 2 88 20
2 2 90 20
4 2 90 21
2 2 88 7
7 5 88 5
2 3 87 95
2 2 87 94
6 2 87 94
2 2 87 88
3 3 87 82
2 2 87 77
7 2 87 77
5 2 87 71
4 2 87 63
2 3 87 62
4 3 87 53
8 2 88 53
1 2 91 52
5 2 87 47
2 2 87 20
8 2 87 21
8 2 91 22
2 2 91 22
8 2 87 16
8 2 90 17
2 2 90 16
2 4 87 15
4 2 88 16
6 2 87 14
8 8 87 9
8 2 87 4
5 6 87 2
2 2 87 4
3 2 86 97
8 5 86 91
7 3 86 83
2 3 86 72
8 2 89 72
2 3 89 72
2 2 86 53
2 2 87 52
6 2 87 52
2 2 86 33
1 5 86 31
2 2 86 30
3 3 86 23
1 2 86 22
3 2 86 5
8 3 85 92
7 2 88 93
5 2 88 93
7 4 85 91
5 2 85 88
6 4 85 86
3 3 85 85
1 4 85 83
7 3 85 73
8 5 85 70
4 2 85 68
3 3 85 65
6 2 85 64
5 2 85 57
5 4 85 49
4 3 85 32
5 2 85 17
8 15 85 15
3 2 85 14
8 2 86 13
4 3 86 12
2 7 85 7
6 12 85 2
2 2 84 94
4 2 84 84
3 2 84 79
2 2 84 78
8 3 84 76
4 2 85 77
8 2 84 72
7 2 84 71
2 2 84 68
2 2 84 62
6 2 84 55
2 3 84 54
8 2 85 52
2 2 84 46
2 2 84 38
4 2 84 34
5 2 84 33
7 2 84 31
8 2 84 29
8 2 85 28
2 3 84 23
4 2 90 24
3 11 84 18
3 8 84 12
3 2 83 94
2 2 86 93
2 2 83 92
4 2 83 90
5 2 83 83
8 2 83 80
6 2 83 78
7 2 83 75
1 3 83 74
6 3 83 70
7 2 83 65
6 2 83 62
7 3 83 55
4 2 89 56
1 2 83 54
5 2 83 51
4 3 83 50
6 2 83 38
6 2 83 22
8 2 82 94
6 3 82 93
6 25 82 90
7 2 85 96
8 2 88 97
2 2 88 96
4 2 84 96
4 2 85 97
2 2 82 78
2 2 82 76
4 2 82 76
3 2 82 75
6 2 82 73
5 3 82 58
2 2 82 38
8 3 82 37
4 2 84 37
8 2 85 36
6 2 82 33
3 2 82 34
7 2 82 33
2 2 82 22
5 2 82 11
2 2 86 11
2 3 82 11
4 3 82 8
7 2 83 7
4 2 81 96
8 2 82 97
6 2 81 80
7 3 81 77
5 3 81 75
4 2 81 73
6 3 81 70
1 2 81 69
6 2 81 68
2 2 81 67
8 3 81 56
5 2 81 53
1 2 84 53
3 4 81 53
7 8 81 51
8 2 81 42
4 2 81 41
6 2 81 38
4 3 81 36
2 7 81 26
4 2 88 25
4 2 84 25
6 2 81 22
1 2 80 93
3 4 80 92
6 2 80 82
2 2 80 81
3 9 80 79
8 3 80 76
6 2 80 74
2 2 80 64
4 2 81 65
1 2 81 65
2 3 81 64
6 2 80 60
8 2 82 61
4 2 81 60
2 2 80 59
2 2 84 60
6 2 84 60
5 2 80 60
2 2 80 61
6 2 80 40
7 2 88 40
2 2 86 41
2 5 80 39
2 2 80 41
8 2 83 40
4 3 80 40
2 2 83 40
2 2 80 37
5 2 80 35
6 13 80 34
2 3 80 29
5 2 83 30
2 2 86 29
2 2 80 31
5 2 80 31
6 3 80 30
3 16 80 23
6 16 80 10
2 5 79 100
2 2 84 100
4 2 79 100
8 2 79 96
2 5 79 96
1 2 79 91
2 2 79 76
2 4 79 70
8 3 79 68
7 4 79 58
2 2 79 56
2 2 84 56
2 2 85 57
8 3 82 57
5 2 79 55
2 4 79 54
2 2 79 52
6 22 79 50
4 2 84 45
2 2 84 44
2 2 86 44
2 2 80 44
8 2 81 45
2 3 79 19
6 2 79 17
4 2 79 17
1 2 78 84
4 2 78 77
6 3 78 62
1 2 78 61
3 2 78 55
1 3 78 42
8 3 78 41
6 2 78 40
4 4 78 38
8 2 78 32
2 2 78 30
4 2 78 20
8 2 79 21
6 4 78 20
2 4 78 17
5 2 81 14
2 2 79 14
8 3 79 14
6 2 78 14
2 2 78 2
8 3 77 100
1 4 77 97
3 5 77 97
7 3 77 81
6 2 77 80
6 9 77 74
2 2 80 72
6 2 80 72
2 2 79 73
8 2 78 72
7 2 77 61
6 9 77 60
5 2 77 57
1 2 77 56
5 2 77 55
4 3 77 49
2 2 82 49
8 2 82 48
8 2 77 48
2 2 78 47
2 2 79 46
6 2 79 46
4 4 77 46
4 3 77 40
8 2 77 36
1 5 77 29
8 2 82 32
5 2 77 20
2 3 77 21
5 2 77 21
6 3 77 20
7 2 77 19
2 3 77 14
2 4 76 86
3 2 76 85
8 2 79 85
2 2 77 85
2 2 81 84
4 3 81 84
6 2 80 84
3 2 80 83
2 2 78 84
7 3 76 83
6 3 76 78
8 2 76 76
4 2 76 72
4 2 77 73
5 2 77 73
3 2 76 71
2 2 76 70
8 2 76 63
2 2 76 54
2 2 76 49
3 2 76 47
4 2 77 48
2 3 76 46
8 3 76 43
4 2 79 44
6 2 79 44
8 2 76 44
6 4 76 42
6 2 76 38
4 2 76 32
2 2 79 33
3 2 79 33
1 2 78 33
3 2 76 31
2 2 76 32
4 3 76 29
4 2 81 28
2 2 81 28
8 2 76 20
6 2 76 17
2 3 76 4
8 2 78 4
8 2 76 3
4 2 79 4
6 5 76 2
5 2 75 99
1 2 75 87
2 2 77 88
8 2 75 88
5 2 75 82
6 2 75 70
7 4 75 65
5 2 75 62
6 2 75 54
5 2 75 47
5 2 75 27
8 2 76 27
4 3 75 26
5 2 75 22
4 2 75 21
6 2 75 18
4 2 74 99
2 3 74 81
4 2 77 81
2 2 77 80
8 2 76 80
4 2 74 80
7 2 74 79
8 2 74 69
2 4 74 68
7 2 74 63
2 6 74 62
4 2 78 61
2 2 74 54
7 2 74 47
7 2 74 45
4 3 74 43
2 4 74 41
2 2 74 25
4 2 78 24
4 2 75 24
8 2 86 25
7 2 74 23
2 2 74 22
7 2 74 5
5 2 79 6
6 2 79 6
8 2 79 5
4 2 83 4
2 4 78 6
6 2 78 4
4 3 77 4
2 2 77 4
8 2 74 4
6 2 74 5
1 3 73 89
3 2 79 88
4 2 77 88
6 2 73 86
8 3 73 84
1 2 73 81
8 2 73 82
3 2 73 83
8 2 73 84
6 17 73 82
5 6 73 72
4 2 73 64
8 2 78 64
8 2 73 61
2 2 75 60
4 2 74 60
3 2 74 59
6 2 73 54
5 2 73 49
8 2 75 49
1 2 73 48
2 3 73 48
6 2 73 46
1 6 73 44
5 2 73 29
8 2 75 29
2 2 75 28
3 2 73 30
6 2 73 30
1 2 73 28
3 3 73 25
4 3 73 25
6 2 73 22
5 6 73 16
7 2 74 17
6 4 73 6
2 2 77 8
2 2 79 9
6 2 79 8
8 2 75 8
2 4 72 87
6 2 72 80
4 2 72 68
6 3 72 48
6 28 72 42
8 2 73 37
4 2 74 36
2 2 72 31
4 2 73 32
8 2 74 33
7 2 73 31
4 2 72 28
8 2 72 29
8 2 72 24
6 42 72 18
3 2 73 37
2 2 73 36
8 2 72 17
4 2 72 16
2 4 72 9
8 2 73 9
5 2 74 10
6 2 74 10
5 2 72 10
4 2 72 8
5 2 74 7
2 2 72 8
6 10 71 98
1 2 71 91
8 2 71 90
6 2 71 86
1 2 71 83
2 2 71 79
2 2 72 78
8 2 73 77
4 2 74 76
6 3 72 78
2 4 71 72
3 4 71 67
2 2 74 65
2 2 72 65
8 2 73 64
6 2 71 62
3 2 71 58
4 2 75 57
5 2 71 51
2 2 71 16
3 2 71 10
8 2 70 96
8 2 73 97
2 2 71 95
2 2 72 94
4 2 78 93
7 2 78 93
8 2 73 93
8 2 75 92
6 3 72 94
2 2 70 92
4 2 70 93
2 2 70 86
2 2 70 84
2 2 70 78
8 3 70 75
8 2 70 72
6 3 70 70
5 2 70 69
2 3 70 68
7 2 70 67
6 16 70 58
4 2 72 56
2 2 70 52
8 2 74 53
4 2 70 53
2 2 70 48
2 2 70 44
5 2 70 31
8 2 70 30
5 2 70 23
2 2 70 24
4 2 70 17
4 2 70 14
2 4 70 13
4 2 74 12
8 2 72 13
2 2 72 12
2 2 70 14
6 4 70 14
2 2 70 10
5 2 70 9
4 3 70 9
2 2 70 5
3 2 72 6
2 3 72 6
2 2 72 4
6 2 71 6
2 2 70 6
6 18 70 2
1 2 69 93
4 2 72 93
2 2 72 92
7 4 69 92
6 14 69 90
4 2 69 85
8 2 69 79
8 3 69 76
7 2 69 69
6 5 69 66
2 2 69 56
2 3 70 57
5 2 69 53
4 2 73 53
7 4 69 52
5 2 69 49
2 3 69 33
2 3 69 28
3 2 69 27
4 2 68 96
2 2 71 97
6 3 68 94
1 2 68 75
2 2 69 75
6 11 68 74
4 3 68 71
5 2 68 67
8 2 68 68
6 5 68 64
2 2 72 60
2 2 69 65
8 2 69 64
4 3 69 65
5 2 69 65
7 2 69 60
4 2 69 61
2 2 68 62
8 3 68 56
4 2 69 57
5 3 68 55
6 2 68 52
2 2 68 53
4 3 68 51
2 2 68 46
2 2 68 38
3 2 68 39
4 2 72 40
2 2 71 38
6 2 68 38
7 2 68 32
2 2 69 33
6 2 69 32
3 3 68 29
2 2 68 22
5 2 68 18
3 2 68 18
4 2 68 16
2 3 68 12
4 4 68 11
7 8 68 9
1 2 67 95
3 7 67 93
2 2 67 76
2 2 67 72
1 2 67 70
7 6 67 65
5 2 69 64
3 2 69 63
3 3 67 53
8 2 67 48
6 2 67 46
3 7 67 37
5 2 67 38
7 2 67 37
8 2 67 32
6 3 67 32
4 2 67 32
3 3 67 31
6 2 67 22
2 2 67 14
3 3 67 13
2 4 66 100
2 2 70 100
5 2 66 91
4 2 66 92
8 4 66 78
4 2 66 76
6 4 66 77
7 2 66 71
2 2 66 70
2 5 66 60
8 2 67 60
1 2 67 59
7 2 66 55
3 2 66 51
2 2 66 46
4 4 66 36
1 2 66 35
1 3 66 30
4 2 66 29
2 3 66 20
8 2 69 20
4 3 66 19
2 2 69 20
8 2 66 17
8 2 66 12
1 2 65 97
5 2 65 96
4 2 65 89
8 2 69 88
3 2 69 89
4 2 69 89
4 2 70 89
2 2 69 88
7 3 65 79
3 2 65 75
6 2 65 70
3 2 65 68
7 3 65 61
5 4 65 57
8 2 65 50
7 4 65 40
8 2 66 41
2 2 67 40
2 2 65 30
3 2 65 21
4 2 67 21
6 2 65 12
4 2 64 100
4 2 65 100
7 2 66 99
8 2 66 100
2 2 64 96
4 2 67 97
6 2 67 96
8 3 64 97
5 2 64 93
2 2 64 92
8 2 64 92
8 2 64 80
2 2 64 81
2 2 64 77
2 5 64 71
4 2 65 72
1 9 64 68
6 7 64 66
1 3 64 62
4 2 64 60
2 6 64 56
8 2 67 53
6 2 64 56
4 7 64 40
4 2 64 20
7 2 64 19
6 2 64 18
2 7 64 17
6 13 64 10
1 2 63 99
3 2 65 99
6 2 65 98
1 2 64 100
4 3 63 98
2 2 63 96
3 2 63 82
8 2 64 81
4 3 64 80
2 2 63 80
6 2 63 63
8 2 63 61
5 2 63 59
4 2 63 58
6 18 63 54
2 2 64 48
4 2 64 48
6 2 63 48
3 5 63 47
6 2 63 46
2 2 63 40
1 2 65 41
2 2 63 36
3 3 63 23
1 2 63 22
3 2 63 9
3 2 63 3
1 2 63 2
4 2 62 93
8 2 62 82
6 33 62 81
4 3 62 65
1 2 62 57
3 2 62 52
8 5 62 43
4 2 68 45
4 3 62 42
8 2 63 44
8 2 65 45
2 2 63 45
6 3 62 42
4 4 62 34
6 10 62 22
4 2 62 16
2 2 62 4
4 2 63 3
4 2 68 4
4 2 62 5
6 2 62 4
3 2 61 100
6 13 61 98
8 2 61 80
8 2 61 75
8 2 61 67
6 4 61 63
5 2 61 61
3 3 61 61
6 3 61 58
2 2 61 54
3 2 61 48
2 30 61 48
3 2 61 33
8 2 62 33
3 3 61 25
2 2 62 25
8 2 66 24
4 2 66 25
8 3 62 24
2 2 61 23
1 2 61 17
4 3 61 14
8 2 61 12
4 2 61 9
2 2 64 8
8 2 62 8
2 6 61 8
3 3 61 5
8 2 61 4
8 2 62 5
6 4 61 2
2 2 60 94
8 3 60 84
2 2 60 78
6 2 60 73
4 10 60 72
4 2 60 69
8 2 60 64
1 3 60 62
6 2 60 39
2 2 60 38
4 2 60 26
7 5 60 27
8 2 60 28
4 2 61 29
2 2 62 30
5 2 62 29
5 2 60 23
4 2 60 23
2 2 60 18
3 3 60 17
7 2 60 17
2 2 60 14
7 2 60 3
4 2 59 95
8 2 59 96
6 2 59 94
6 5 59 89
1 2 66 85
8 2 64 85
2 2 62 85
6 2 59 78
1 5 59 58
8 2 59 57
4 2 59 44
6 2 59 45
1 2 59 39
6 2 59 38
6 3 59 34
5 5 59 30
3 2 59 31
2 2 61 32
8 2 59 32
6 2 59 30
3 5 59 27
7 2 60 28
6 2 59 14
3 2 59 7
7 3 59 6
1 6 59 3
2 2 58 94
5 5 58 86
4 2 63 87
4 2 59 85
4 2 61 84
2 2 58 84
2 26 58 78
4 2 60 80
5 2 60 79
4 2 58 77
7 9 58 74
1 2 58 70
6 2 58 70
7 8 58 68
4 6 58 65
8 2 58 62
4 2 59 61
2 2 59 60
2 2 58 62
4 3 58 53
1 5 58 50
4 2 58 48
4 2 58 42
6 3 58 42
3 4 58 41
8 2 60 40
2 2 58 38
3 3 58 29
4 4 58 25
4 2 58 24
7 2 58 23
1 2 58 9
6 3 58 8
2 2 58 4
3 2 58 3
6 5 57 94
1 2 57 89
8 2 61 89
2 2 60 89
2 2 61 88
4 2 57 80
8 2 57 81
8 2 57 72
4 2 58 73
2 2 57 72
1 2 57 67
3 2 57 60
6 2 57 60
4 2 57 46
4 2 59 45
8 5 57 43
6 2 57 28
2 2 60 28
3 2 60 27
5 2 57 22
8 2 60 21
8 2 61 20
2 2 61 20
6 2 57 22
8 2 57 21
4 2 58 20
6 12 57 18
8 2 57 17
8 2 60 16
1 3 57 17
1 4 57 5
2 2 56 97
4 2 56 96
2 4 56 93
8 2 57 93
8 6 56 91
6 2 56 72
5 2 56 70
6 13 56 66
4 2 56 55
6 3 56 52
4 2 57 52
2 7 56 49
2 2 56 28
4 2 56 28
6 16 56 26
2 2 56 31
5 2 56 23
3 2 60 24
2 4 56 13
8 3 56 12
5 2 57 11
2 2 57 10
2 2 56 12
3 2 56 9
8 2 56 8
4 2 56 4
6 20 56 2
6 6 55 98
1 2 55 95
2 3 55 94
7 3 55 93
3 2 55 87
4 2 55 76
2 5 55 71
4 4 55 69
2 5 55 54
8 2 55 53
2 2 60 52
8 2 59 52
2 16 55 52
4 2 56 52
6 2 55 46
5 2 55 35
8 2 63 36
1 2 60 36
2 4 55 34
3 3 55 31
2 3 55 22
2 3 55 14
7 3 55 13
2 6 54 88
4 3 54 73
1 3 54 67
1 9 54 59
6 3 54 54
4 2 55 55
8 2 54 52
3 2 54 50
1 2 54 48
2 3 54 46
4 2 54 37
5 2 59 36
2 2 59 36
4 2 58 36
8 2 58 36
6 2 58 36
7 2 58 35
2 2 55 38
6 2 55 38
3 2 54 35
5 2 54 30
8 2 54 24
2 2 55 25
3 2 55 25
6 2 55 24
8 2 54 13
2 2 54 4
1 4 53 97
8 2 53 88
4 2 56 89
4 3 53 89
7 2 53 87
8 2 55 88
2 2 55 86
6 2 55 86
2 4 54 86
4 2 53 81
7 2 53 79
2 2 53 78
6 2 53 75
2 2 53 74
6 3 53 70
8 2 53 67
3 2 53 63
4 3 53 56
2 2 53 54
4 6 53 53
4 3 53 49
1 15 53 46
1 2 53 42
5 2 53 37
3 2 56 37
1 2 53 36
6 2 53 34
3 2 53 33
2 2 58 33
1 2 58 33
4 2 58 32
6 2 57 32
2 2 54 33
1 2 54 33
4 4 53 32
2 3 53 29
4 2 56 28
6 2 56 28
8 2 54 29
4 2 53 17
2 2 56 16
8 2 54 16
2 7 53 16
6 2 53 14
5 2 53 14
3 5 53 13
4 3 53 12
4 2 53 5
4 2 52 98
2 3 52 96
6 4 52 95
1 2 52 91
4 2 53 92
5 3 52 81
6 4 52 78
5 2 52 74
7 4 52 73
2 2 52 62
6 2 52 57
6 3 52 52
3 8 52 51
6 3 52 42
4 2 52 41
6 2 52 39
1 2 52 31
7 7 52 23
4 2 52 8
2 2 54 7
6 2 54 6
2 3 53 6
1 2 51 99
8 2 64 100
2 2 64 100
4 2 63 100
6 2 62 100
2 2 53 100
8 3 51 99
4 2 53 100
6 3 51 90
6 2 51 86
7 2 51 81
7 4 51 75
2 7 51 71
6 7 51 55
1 2 51 56
8 2 58 57
5 2 55 57
2 2 54 57
4 2 54 56
1 4 51 50
5 2 51 39
8 4 51 39
8 2 53 37
3 5 51 35
4 2 51 36
6 3 51 16
6 2 51 6
5 2 51 3
5 2 50 97
2 2 50 86
8 2 50 82
2 2 50 81
5 5 50 80
5 2 50 77
4 2 50 72
6 42 50 66
5 2 50 57
2 2 50 52
2 2 50 38
3 3 50 37
2 5 50 36
4 2 50 22
2 8 50 21
4 3 50 21
2 2 50 18
5 2 50 17
3 2 50 15
2 2 50 14
2 4 50 8
8 2 50 9
8 3 50 5
4 2 50 4
6 5 50 2
7 2 49 100
6 2 49 86
8 3 49 84
8 2 53 84
6 2 53 84
7 6 49 79
3 2 49 55
4 2 49 49
3 4 49 45
7 2 49 40
6 17 49 34
8 2 49 29
4 2 50 28
4 3 49 24
8 2 54 25
2 2 54 24
6 2 49 22
3 2 49 19
5 2 49 10
6 2 49 6
2 3 48 100
4 2 48 99
6 25 48 98
4 2 49 95
2 2 49 94
6 2 48 94
5 2 48 87
2 3 48 86
8 2 49 85
8 2 51 84
4 2 50 84
1 3 48 83
2 2 49 84
6 25 48 82
4 2 48 84
6 2 48 70
6 2 48 60
8 2 50 61
2 2 48 61
4 4 48 60
6 2 48 52
8 2 48 40
7 2 48 37
1 2 48 23
4 3 48 19
3 2 48 17
2 4 48 7
2 2 48 1
2 2 47 84
2 18 47 56
3 6 47 52
6 20 47 48
3 4 47 45
2 5 47 43
3 3 47 39
1 3 47 38
2 2 47 24
2 3 47 22
8 3 47 20
1 2 47 18
6 2 47 6
1 2 47 3
8 3 46 85
6 7 46 63
2 2 56 64
6 2 56 64
8 2 55 64
4 2 49 64
8 2 50 65
4 2 56 64
6 2 56 64
3 2 46 57
8 2 48 56
4 6 46 56
6 8 46 42
4 3 46 27
8 2 46 25
4 2 46 24
3 2 46 21
6 16 46 18
6 5 46 10
4 2 46 13
2 2 47 14
6 2 47 14
4 2 46 9
2 4 46 9
2 2 46 6
2 2 46 4
4 2 46 5
3 2 46 1
8 6 45 91
4 2 45 89
4 2 48 88
8 2 46 88
7 2 45 86
6 2 45 86
5 3 45 85
8 2 45 80
2 2 45 80
1 3 45 78
4 2 49 77
6 2 49 76
2 2 45 77
2 3 45 68
8 2 45 68
5 2 45 65
2 2 46 65
3 3 45 61
2 2 49 62
1 3 45 58
5 7 45 44
8 2 45 36
7 3 45 27
1 6 45 16
3 2 45 9
6 3 45 6
1 2 45 5
2 2 44 94
8 2 44 88
7 2 44 87
3 2 44 79
1 5 44 72
1 3 46 73
7 2 44 69
7 3 44 67
6 2 44 64
2 4 44 63
6 4 44 57
2 2 44 57
8 3 44 47
2 3 44 39
2 3 44 30
4 2 49 31
7 2 49 31
2 3 46 30
2 2 47 31
6 3 47 30
4 3 44 29
6 2 44 26
7 2 44 25
2 4 44 23
2 2 44 25
8 2 44 16
8 2 44 8
2 4 44 3
6 6 44 2
3 2 43 100
6 2 43 94
2 2 43 88
4 2 43 86
4 2 43 80
1 2 43 79
2 2 43 78
4 2 43 69
6 2 47 68
4 2 45 68
2 2 45 68
6 2 43 62
6 2 43 38
8 2 43 28
2 2 44 28
2 2 43 16
3 3 43 11
2 2 44 11
1 2 43 7
4 2 43 6
2 2 42 94
6 3 42 89
2 2 44 89
8 2 44 88
2 2 42 86
2 2 42 72
7 3 42 71
1 2 42 70
1 2 42 65
2 2 42 62
8 2 42 62
6 3 42 62
2 3 42 58
2 2 42 51
5 2 42 52
7 2 42 47
6 35 42 42
4 3 42 31
6 4 42 29
4 2 42 28
2 2 42 26
1 2 42 25
2 4 42 6
1 2 42 5
8 2 42 4
3 2 44 4
7 2 44 3
8 3 41 92
2 2 46 92
2 2 47 93
3 2 41 88
8 2 41 81
3 2 41 75
1 2 46 76
8 6 41 72
6 3 41 70
2 2 41 70
6 5 41 58
1 2 41 57
6 3 41 55
4 3 41 32
3 2 41 13
2 2 42 13
8 3 41 12
8 2 44 13
7 2 41 11
8 2 41 12
1 4 41 11
3 3 41 8
2 6 40 97
8 2 41 97
8 2 43 96
5 2 40 91
5 2 41 91
4 2 40 92
4 2 45 93
2 2 40 88
2 2 40 78
8 2 44 77
4 3 44 76
3 2 43 77
8 2 43 76
2 2 43 76
7 2 43 75
8 3 42 76
7 4 40 73
6 2 40 70
6 2 40 56
5 2 40 49
3 2 40 48
2 2 40 38
1 2 43 37
5 2 43 36
2 2 43 36
4 2 42 36
8 2 41 37
6 2 41 36
2 3 40 30
7 2 41 29
6 2 41 28
4 2 40 12
2 3 40 3
2 3 39 98
7 5 39 93
8 2 39 93
2 4 39 92
2 2 39 90
5 2 39 71
2 3 39 70
3 2 39 69
3 5 39 65
2 2 45 64
4 2 42 64
3 2 39 55
4 2 39 56
8 2 39 54
6 7 39 54
2 3 39 41
4 2 39 37
2 2 39 32
2 2 47 33
2 2 40 33
8 2 44 32
7 2 39 29
3 3 39 15
7 5 39 14
2 2 39 12
1 2 39 11
2 3 39 10
4 2 39 11
3 7 39 9
4 2 41 9
3 2 39 2
1 2 38 97
4 2 41 97
2 2 41 96
6 12 38 90
7 3 38 75
5 5 38 74
2 2 38 76
4 2 38 77
1 2 40 78
7 3 38 77
6 4 38 76
2 2 38 64
4 2 38 65
7 6 38 37
4 5 38 34
8 2 39 33
6 21 38 26
4 2 44 25
6 2 38 2
7 3 37 97
3 3 37 95
4 2 37 96
5 2 37 93
8 2 37 84
4 2 38 85
2 2 39 86
6 2 39 86
6 6 37 64
2 2 38 63
8 3 37 57
5 2 37 53
1 2 37 52
4 2 37 25
8 2 38 24
2 2 39 23
2 2 40 22
8 2 41 21
6 2 40 22
8 2 37 20
4 2 38 21
4 2 40 20
2 2 40 20
6 2 39 20
7 2 38 22
2 3 38 20
3 2 37 17
2 2 38 17
6 4 37 16
3 2 38 16
8 2 39 17
6 2 38 16
1 4 37 13
2 2 42 14
7 2 42 13
6 7 37 10
2 3 36 100
8 2 44 100
8 2 38 100
8 2 36 99
6 2 36 98
8 3 36 96
3 2 36 93
5 2 36 91
2 2 36 76
3 3 36 75
6 6 36 74
4 3 36 73
2 2 36 70
2 2 36 65
8 5 36 64
2 2 36 62
7 2 36 57
5 2 36 51
2 4 36 46
2 5 36 43
7 2 41 44
6 2 44 45
4 2 41 43
3 2 43 44
8 2 43 45
8 2 36 44
4 2 37 45
4 3 36 36
3 2 36 35
8 7 36 32
2 2 36 30
8 2 36 28
6 3 36 23
4 2 39 24
1 2 40 25
3 2 40 25
2 3 36 22
4 2 36 20
2 3 36 15
3 2 36 13
6 2 36 8
6 3 36 5
2 2 39 6
6 2 39 6
1 2 36 6
2 2 36 6
1 2 35 83
7 3 35 79
2 2 36 79
5 3 35 79
4 2 40 80
4 2 36 80
2 2 39 81
6 2 35 70
6 2 35 62
5 2 35 58
5 2 35 43
2 2 35 36
6 2 35 30
3 3 35 19
5 2 35 18
7 2 35 17
6 2 35 14
7 3 35 1
1 2 36 2
4 2 34 100
8 2 34 98
2 2 34 85
2 2 36 84
1 2 35 84
6 2 35 85
2 4 34 77
8 2 34 76
7 4 34 61
3 2 39 61
8 2 45 60
2 2 45 60
4 2 42 60
4 3 34 39
2 2 43 40
4 2 39 40
8 2 43 41
5 2 43 41
6 2 43 40
4 2 42 40
8 3 41 40
8 13 34 37
2 4 34 16
8 2 34 17
2 2 34 2
8 3 33 100
2 2 33 97
1 4 33 85
8 2 36 86
2 2 36 86
6 2 33 82
7 2 33 81
4 2 33 80
4 3 33 61
8 2 38 60
8 2 35 60
4 2 39 61
3 2 33 59
6 4 33 60
2 2 34 61
2 2 35 60
7 2 33 59
6 2 33 46
5 2 33 45
7 2 40 45
3 2 40 45
8 2 38 45
6 2 38 44
2 2 39 44
5 2 39 43
2 2 36 45
4 2 36 44
1 2 33 44
1 2 33 42
4 2 36 41
5 2 35 41
2 2 35 40
5 2 33 35
5 2 33 32
3 8 33 21
4 3 33 20
7 2 33 19
6 4 33 18
6 2 33 14
8 2 33 12
7 2 33 7
8 2 37 8
2 2 37 8
5 2 37 7
8 2 35 8
4 2 33 8
6 2 33 6
6 5 33 2
4 2 38 4
1 2 32 99
4 2 36 100
8 2 36 100
2 2 34 100
6 2 34 100
6 33 32 98
4 2 32 84
2 3 32 84
1 2 32 79
6 2 32 76
6 5 32 64
2 2 32 65
1 2 32 59
2 2 32 49
2 3 32 47
8 2 38 48
3 2 41 49
8 2 35 48
4 2 35 49
2 2 32 44
6 24 32 42
3 10 32 41
3 2 32 35
1 2 32 19
2 4 32 15
2 4 32 5
8 2 33 5
4 2 32 4
2 2 32 4
5 3 32 5
6 2 32 4
4 2 31 97
4 2 33 96
6 2 33 96
7 2 33 95
2 2 31 96
2 2 34 95
6 2 34 94
8 2 33 94
1 6 31 87
8 2 35 88
7 3 31 83
4 3 32 84
3 3 31 83
2 2 31 73
2 2 36 73
8 2 31 73
7 2 31 63
3 3 31 62
5 7 31 58
6 2 32 57
1 2 32 57
8 3 31 46
8 2 31 40
1 5 31 30
8 2 33 29
2 2 31 20
8 2 31 17
6 27 31 14
4 2 31 17
2 3 31 6
5 6 31 2
5 2 30 96
2 3 30 88
6 4 30 86
7 3 30 85
2 2 30 84
2 4 30 76
7 4 30 74
1 2 30 73
2 2 32 72
8 3 30 71
2 4 30 69
8 2 39 69
2 2 39 68
4 2 34 68
8 2 32 69
2 2 32 68
4 2 34 69
8 2 35 68
6 2 35 68
2 2 30 70
2 3 30 64
4 2 30 64
2 2 30 62
2 2 30 57
2 2 32 56
3 2 30 57
8 2 30 56
4 2 30 56
2 2 30 52
4 2 36 53
3 2 36 53
4 2 30 53
2 2 31 54
6 2 31 54
2 2 30 54
3 2 30 47
3 2 37 48
4 2 36 48
6 2 30 46
2 2 30 38
5 2 30 37
3 6 30 34
5 2 30 33
2 4 30 24
7 2 33 24
4 2 30 25
8 2 34 24
3 2 34 23
3 3 30 25
2 2 34 25
6 2 34 24
7 3 30 13
8 2 29 96
4 2 29 97
1 2 29 89
7 2 29 88
4 2 30 88
4 2 35 89
2 2 30 89
1 2 30 87
3 2 29 87
8 2 29 84
6 21 29 82
8 2 30 81
8 2 31 80
2 3 31 80
8 2 29 80
3 2 29 79
4 2 29 73
7 2 29 67
8 2 29 68
6 5 29 54
8 2 31 53
6 2 34 52
5 2 31 53
8 2 29 52
5 2 29 49
7 3 29 48
4 4 29 47
5 4 29 45
1 2 34 48
4 2 31 48
6 2 31 48
1 2 30 45
6 14 29 38
5 4 29 35
4 3 29 32
6 6 29 30
4 3 29 16
2 2 28 94
8 2 28 88
4 2 28 89
3 2 28 85
2 2 28 78
8 2 28 72
1 2 28 71
6 3 28 69
7 2 28 69
4 3 28 67
3 2 28 67
7 2 28 65
6 8 28 63
8 3 28 57
2 2 28 54
2 2 28 46
2 2 28 44
1 2 28 31
2 3 28 30
2 2 29 29
2 2 31 28
8 2 28 24
2 2 28 25
7 2 28 23
4 3 28 7
6 20 28 6
4 2 28 4
6 2 29 5
6 2 27 94
1 2 27 91
1 2 35 92
4 2 35 92
2 2 29 92
4 2 29 93
7 3 27 87
1 5 27 79
3 7 27 71
3 2 27 69
1 3 27 67
2 5 27 56
5 2 27 51
6 2 27 50
4 2 27 41
8 2 27 40
2 2 27 41
2 2 27 32
3 3 27 27
2 2 32 28
4 2 32 28
7 2 30 28
1 3 27 27
7 3 27 26
7 2 27 10
2 2 30 9
1 2 28 9
2 2 27 8
2 2 29 8
6 2 29 8
8 2 27 8
2 2 26 94
7 2 26 79
8 5 26 76
1 2 26 75
6 3 26 70
7 2 26 67
4 2 26 59
6 2 32 60
3 2 26 49
1 16 26 47
8 2 28 49
2 2 28 48
6 2 27 48
1 4 26 40
8 2 26 33
8 2 26 27
6 16 26 26
1 2 26 25
7 2 26 17
8 2 26 16
2 2 26 10
3 2 26 9
4 2 26 8
3 2 26 3
6 2 25 94
1 2 25 93
8 2 33 93
6 2 33 92
5 2 25 92
1 2 25 81
3 7 25 79
4 5 25 76
8 2 25 69
6 37 25 66
7 3 25 58
5 4 25 53
2 3 25 50
3 3 25 38
3 3 25 17
2 8 25 14
4 2 30 12
2 3 30 12
6 2 25 14
2 2 24 95
4 2 25 96
2 2 24 92
2 2 28 93
4 2 24 92
2 2 24 62
8 2 25 61
6 2 24 62
7 8 24 51
8 3 24 45
4 2 24 36
7 2 24 35
3 5 24 23
4 2 24 24
2 2 24 22
8 2 25 21
6 3 24 22
2 7 24 17
4 2 24 12
8 2 24 13
2 2 24 12
6 13 24 10
8 2 25 5
1 2 23 95
4 3 23 94
8 2 23 93
6 2 23 72
2 5 23 71
2 3 23 63
4 2 24 64
8 2 25 65
7 5 23 61
2 2 24 60
7 2 23 59
1 2 23 58
5 2 23 55
4 3 23 55
8 2 23 53
4 8 23 49
4 3 23 44
4 2 23 34
7 2 24 34
3 2 23 19
8 2 27 20
7 2 27 19
5 2 26 19
1 2 23 18
6 14 22 90
8 2 29 89
4 2 22 85
1 2 26 86
2 2 23 86
5 2 25 87
6 2 23 86
2 2 22 86
6 2 22 58
6 83 22 54
2 4 22 24
2 2 23 25
6 2 23 24
7 2 22 19
1 2 21 97
2 2 22 97
3 4 21 97
4 2 21 89
8 2 22 88
4 2 21 81
8 2 21 78
2 2 21 78
1 2 21 73
2 2 21 73
4 2 21 72
4 3 21 38
8 2 21 39
5 2 21 40
2 2 21 38
5 2 21 25
6 2 21 22
3 3 21 21
1 2 23 21
6 29 21 18
1 3 21 13
8 3 21 12
4 2 20 97
8 3 20 97
2 2 20 94
8 2 20 88
2 2 22 89
6 3 20 88
8 2 20 85
2 2 23 84
8 2 20 80
5 2 20 79
2 2 20 70
3 2 20 71
6 3 20 70
5 2 20 57
3 3 20 57
8 2 20 57
1 2 20 40
6 2 20 38
3 3 20 37
5 2 20 37
2 2 20 30
4 2 20 12
2 2 20 6
2 5 20 4
2 2 22 4
2 2 23 5
1 2 19 99
7 2 27 100
4 2 22 100
2 2 19 98
6 2 19 96
6 2 19 94
2 2 19 88
2 2 19 80
7 7 19 65
5 2 19 59
8 2 29 60
2 2 19 48
6 3 19 45
6 2 19 45
4 3 19 41
5 3 19 39
2 4 19 38
6 2 19 30
5 2 19 17
4 2 18 88
6 2 18 87
8 5 18 85
8 2 18 82
4 2 18 81
2 2 18 62
2 2 18 54
1 2 18 44
4 5 18 44
2 2 18 30
3 2 18 23
7 2 18 22
4 4 18 21
6 4 18 10
1 3 18 6
2 2 23 7
8 2 18 4
8 2 20 4
4 2 18 4
1 2 17 100
6 11 17 98
8 2 22 100
8 2 17 100
1 2 17 90
6 2 17 88
3 3 17 83
4 2 17 73
7 2 17 65
2 2 20 65
6 2 17 64
8 2 18 64
6 2 17 62
5 2 17 61
1 2 17 60
3 3 17 59
4 2 21 61
1 2 21 61
8 2 17 58
6 2 17 54
3 2 17 48
2 2 17 44
4 2 17 41
6 2 18 41
3 2 18 41
7 2 17 41
4 2 17 32
6 2 24 33
4 2 25 32
4 2 18 32
2 2 23 33
3 2 23 33
5 2 22 33
6 2 17 30
5 2 17 29
4 2 18 28
5 2 23 29
4 2 20 29
1 2 20 29
2 2 19 29
8 2 20 28
2 2 17 22
5 2 17 20
4 2 21 21
8 3 17 21
3 2 17 19
2 3 16 89
8 2 16 90
6 26 16 82
2 2 16 85
1 2 18 84
8 2 17 84
2 2 16 70
8 2 17 69
2 2 23 68
4 2 18 68
7 4 16 67
2 2 16 64
2 3 16 58
7 2 16 49
6 3 16 46
1 7 16 45
1 2 16 40
6 2 16 38
6 2 16 36
2 8 16 33
8 2 18 29
3 2 18 29
8 2 16 32
2 2 21 32
4 2 21 32
3 3 16 25
6 2 16 24
6 2 16 22
5 6 16 16
8 2 18 16
2 9 16 11
2 2 16 13
2 4 16 9
8 4 16 8
8 2 18 8
4 2 16 4
1 2 15 91
8 2 23 92
5 4 15 72
5 3 15 66
2 2 23 68
2 2 15 60
6 2 15 48
8 3 15 47
2 2 15 40
2 3 15 37
4 2 16 35
4 2 15 36
6 2 15 34
5 2 15 31
3 2 15 27
3 2 15 23
2 2 15 4
2 2 14 92
4 2 14 93
8 2 18 92
2 2 15 94
2 2 16 95
4 2 17 96
6 2 15 94
8 2 14 86
5 2 15 87
2 5 14 85
1 2 14 75
4 2 14 61
7 2 14 61
8 4 14 60
6 2 15 60
1 2 15 59
2 2 14 48
7 2 14 38
8 2 15 37
2 3 15 36
4 2 14 33
2 2 14 28
4 4 14 28
2 2 14 16
7 2 14 9
4 2 14 8
4 3 13 96
2 2 15 97
1 4 13 93
4 2 15 92
2 2 15 92
6 2 13 86
2 2 13 76
4 2 13 77
2 2 14 78
1 2 18 79
2 2 15 79
6 3 15 78
2 3 13 78
7 2 13 69
4 4 13 68
8 2 15 68
4 2 16 69
2 2 15 68
6 2 14 68
6 22 13 66
7 2 13 49
4 2 13 37
5 3 13 34
1 3 13 33
8 2 13 33
2 2 13 25
4 2 13 24
8 2 16 25
4 2 15 25
7 2 15 25
8 3 13 25
5 5 13 25
8 2 13 16
4 3 13 17
4 2 13 12
6 10 13 2
6 2 12 95
8 2 13 96
6 35 12 92
2 2 13 100
8 2 12 100
4 2 12 100
4 2 12 89
7 2 12 83
4 2 12 74
2 2 12 62
3 2 12 61
4 2 12 53
4 2 15 52
8 2 15 53
2 2 15 52
2 2 13 54
2 2 14 55
6 2 13 54
4 3 12 48
4 2 13 49
4 2 12 46
2 5 12 45
8 3 12 44
2 2 12 38
3 2 12 34
7 2 12 33
2 6 12 32
2 2 12 29
3 4 12 29
6 2 12 28
1 3 12 27
2 2 12 22
6 5 12 10
2 2 16 6
6 2 16 6
2 2 15 6
6 2 14 6
2 2 13 6
3 8 12 9
4 2 12 8
2 3 12 8
2 2 11 100
8 2 11 88
1 2 11 87
2 2 11 86
4 2 11 85
8 2 11 84
4 2 11 83
4 3 11 76
3 3 11 70
2 2 11 68
5 2 11 67
7 5 11 65
8 2 12 64
4 2 15 65
6 2 11 62
2 2 11 54
1 2 11 47
4 2 11 44
3 5 11 37
5 2 11 35
8 4 11 35
6 2 11 31
6 2 11 22
1 5 11 16
2 4 11 16
8 2 11 12
6 2 11 13
1 2 11 10
6 2 11 6
4 2 11 5
1 2 10 95
8 2 10 94
3 7 10 93
2 2 10 88
8 2 10 78
2 4 10 78
8 2 12 77
4 2 13 76
6 3 10 78
8 2 10 76
2 4 10 72
8 2 16 72
2 2 10 70
4 2 10 69
8 2 10 68
3 2 10 67
2 2 10 62
7 2 10 52
2 2 10 52
4 2 18 52
8 2 18 52
2 2 12 52
8 2 10 52
2 2 10 22
4 3 10 19
1 2 13 20
2 2 15 21
6 2 15 20
8 2 12 20
2 2 10 14
5 2 10 13
2 3 10 12
6 2 10 11
7 6 10 9
8 2 9 85
6 2 9 76
6 2 9 74
7 2 9 73
8 2 13 73
4 2 14 72
6 2 14 72
7 2 9 71
6 2 9 70
7 2 9 67
7 2 9 55
8 2 10 56
4 2 15 57
7 2 15 57
4 2 11 57
2 3 10 57
4 2 20 56
6 3 9 54
5 2 9 53
7 2 9 36
6 2 9 34
3 3 9 33
1 3 9 19
3 2 12 20
4 4 9 11
6 2 9 8
1 2 8 97
7 4 8 97
8 2 8 80
4 2 16 80
4 2 10 80
2 2 8 81
1 2 8 79
8 2 10 80
2 2 8 76
1 3 8 74
8 2 8 73
4 2 8 72
5 3 8 71
2 2 8 67
6 3 8 38
2 2 8 36
4 2 8 36
3 3 8 35
4 3 8 20
2 2 9 20
6 2 8 18
2 3 8 16
4 2 8 15
6 13 8 10
7 2 21 10
7 2 17 10
8 2 17 9
5 2 13 10
5 2 9 10
2 2 8 6
8 2 9 5
2 2 7 95
8 3 7 96
4 2 8 96
7 2 7 92
1 2 7 83
2 2 7 71
6 10 7 65
6 2 7 55
4 3 7 54
3 3 7 41
4 2 12 40
8 2 13 39
5 2 7 38
8 3 7 31
6 21 7 25
1 2 7 13
7 3 7 12
1 2 15 10
3 2 12 10
7 2 8 10
2 2 7 8
1 2 6 98
4 2 7 99
5 2 7 98
2 2 6 95
8 5 6 82
2 2 6 83
2 2 7 84
7 2 6 74
2 3 6 63
4 2 9 63
6 2 9 64
2 3 9 63
8 2 12 64
2 2 12 63
8 2 6 63
4 2 6 64
6 2 6 63
3 3 6 56
4 2 6 43
2 2 6 23
2 3 8 24
7 2 8 22
4 2 16 23
1 2 16 22
4 2 6 21
8 4 6 20
2 2 6 20
2 2 6 17
3 2 6 16
4 2 6 15
3 2 6 14
4 2 6 5
2 2 6 4
4 3 6 2
5 2 5 99
8 2 5 94
2 3 5 93
8 3 5 83
7 3 5 82
8 2 5 75
4 2 6 76
6 12 5 73
5 2 21 73
7 2 12 73
3 2 12 72
8 2 21 73
3 2 7 73
5 3 5 73
3 2 19 73
7 2 18 73
1 2 18 72
4 2 12 73
3 3 12 72
5 2 9 73
7 2 9 72
7 2 12 73
1 2 12 73
8 2 8 73
5 2 6 73
7 3 6 73
4 3 5 72
3 2 7 73
2 3 5 73
7 3 5 64
7 3 5 58
8 2 5 59
4 2 6 60
2 2 7 61
4 4 5 41
5 4 5 40
5 2 10 39
4 2 7 39
4 2 5 37
7 2 5 34
3 2 5 24
6 7 5 15
7 2 5 14
4 2 6 13
6 3 5 13
7 7 5 6
4 7 5 4
1 2 4 83
6 2 4 82
5 2 4 81
2 2 4 76
8 2 5 77
3 2 4 73
5 2 4 73
2 2 4 69
7 3 4 66
8 2 4 63
6 6 4 63
2 2 6 59
2 2 4 61
2 5 4 58
8 2 7 60
5 2 7 60
4 2 4 59
2 2 4 53
2 2 4 45
2 2 4 37
1 3 4 25
6 2 4 21
2 4 4 21
1 2 21 21
3 2 18 21
1 2 18 21
8 2 6 21
4 2 7 22
7 2 17 21
5 2 16 21
3 2 13 21
7 2 9 21
8 2 7 23
1 2 7 21
7 2 4 21
4 2 6 20
2 5 4 19
7 2 4 16
4 2 4 11
8 2 4 4
1 2 3 93
6 2 3 91
5 5 3 83
4 2 8 85
6 2 7 85
8 2 7 85
6 3 3 79
7 2 24 79
4 2 22 79
5 2 17 79
6 2 3 75
6 2 3 68
1 2 3 64
2 2 3 62
6 3 3 60
1 6 3 56
6 2 3 44
5 2 3 41
6 2 3 36
5 6 3 28
2 3 5 28
4 2 9 26
8 2 9 27
7 2 9 27
4 2 3 27
3 3 3 25
3 3 3 7
1 5 3 2
4 2 2 95
2 2 4 96
7 2 4 95
2 2 2 90
7 2 15 90
7 2 9 90
1 2 9 90
1 2 21 90
3 2 21 89
7 2 19 90
3 2 17 90
3 3 9 89
5 2 14 90
3 2 13 90
7 2 13 90
5 2 12 90
1 2 12 89
5 2 10 90
3 2 10 90
1 2 8 90
5 2 6 90
3 2 3 90
2 2 2 75
2 2 2 68
1 2 2 59
3 2 2 57
2 2 2 55
8 4 2 52
4 2 9 50
6 2 9 50
4 2 2 50
2 2 2 44
4 2 2 24
6 3 2 23
3 2 16 24
1 2 16 24
1 2 19 24
3 2 5 24
7 2 5 24
7 2 18 24
1 2 18 24
3 3 17 24
5 2 16 24
7 2 9 24
5 2 9 23
5 2 5 24
2 2 7 25
7 2 11 24
5 2 10 24
5 2 8 24
3 2 8 24
7 2 8 24
1 2 5 23
1 3 2 20
6 3 2 4
4 4 2 1
2 2 2 4
3 2 1 93
3 2 21 92
7 2 20 92
5 2 20 92
5 2 23 92
7 2 22 92
1 2 20 92
3 2 18 92
7 2 18 92
1 2 9 92
3 3 9 92
3 2 12 92
7 2 10 92
7 2 8 92
7 2 3 92
5 2 1 73
4 2 2 72
2 2 2 72
7 2 1 60
5 2 25 59
8 2 25 58
1 2 19 59
5 2 17 59
3 3 17 58
5 2 17 59
7 3 16 59
1 2 13 59
3 2 12 59
7 2 10 59
1 2 2 59
4 2 1 60
1 2 17 60
1 2 14 60
1 2 10 60
7 2 10 59
7 2 19 60
7 2 15 60
3 2 14 60
7 2 13 60
5 3 10 58
1 2 8 59
5 2 13 60
1 2 13 59
5 2 10 60
5 2 7 59
5 3 5 60
3 2 5 59
7 3 5 59
4 3 5 60
3 2 4 58
1 2 3 59
3 2 1 59
1 2 1 31
4 2 4 30
5 2 4 30
8 2 3 30
7 2 1 24
8 2 6 25
8 2 1 25
1 2 4 24
7 2 3 24
3 3 3 24
4 2 1 23
5 2 3 22
7 2 10 21
3 2 10 20
5 2 4 21
3 3 4 21
4 2 2 22
1 2 6 21
