100718
1684
3 29 20 500
2 28 20 498
1 52 20 496
3 29 20 494
2 28 20 493
1 41 20 491
3 29 20 489
2 28 20 488
1 41 20 486
3 29 20 484
2 28 20 483
1 41 20 481
3 29 20 479
2 28 20 478
1 41 20 476
3 29 20 474
2 28 20 473
1 41 20 471
3 29 20 469
2 28 20 468
1 41 20 466
3 29 20 464
2 28 20 463
1 41 20 461
3 29 20 459
2 28 20 458
1 41 20 456
3 29 20 454
2 28 20 453
1 41 20 451
3 29 20 449
2 28 20 448
1 41 20 446
3 29 20 444
2 28 20 443
1 41 20 441
3 29 20 439
2 28 20 438
1 41 20 436
3 29 20 434
2 28 20 433
1 41 20 431
3 29 20 429
2 28 20 428
1 41 20 426
3 29 20 424
2 28 20 423
1 41 20 421
3 29 20 419
2 28 20 418
1 41 20 416
3 29 20 414
2 28 20 413
1 41 20 411
3 29 20 409
2 28 20 408
1 41 20 406
3 29 20 404
2 28 20 403
1 41 20 401
3 29 20 399
2 28 20 398
1 41 20 396
3 29 20 394
2 28 20 393
1 41 20 391
3 29 20 389
2 28 20 388
1 41 20 386
3 29 20 384
2 28 20 383
1 41 20 381
3 29 20 379
2 28 20 378
1 41 20 376
3 29 20 374
2 28 20 373
1 41 20 371
3 29 20 369
2 28 20 368
1 41 20 366
3 29 20 364
2 28 20 363
1 41 20 361
3 29 20 359
2 28 20 358
1 41 20 356
3 29 20 354
2 28 20 353
1 32 20 351
8 2 20 200
5 3 20 198
8 3 20 197
3 2 20 194
1 2 20 193
8 2 20 191
4 2 20 188
3 3 20 187
7 2 20 185
3 2 20 182
2 3 20 178
2 2 20 176
5 2 20 173
3 2 20 167
2 2 20 165
4 3 20 164
7 3 20 162
6 2 20 154
7 2 20 152
2 2 20 135
7 3 20 120
6 2 20 112
2 2 20 104
5 2 20 102
2 2 20 99
6 3 20 96
8 2 20 86
2 2 20 83
3 2 20 80
3 3 20 78
2 2 20 74
2 3 20 71
8 4 20 68
4 2 20 66
7 2 20 61
5 2 20 60
4 2 20 54
7 2 20 48
4 2 20 43
3 2 20 35
4 2 20 32
3 3 20 29
5 2 20 27
6 3 20 23
7 3 20 18
2 4 20 15
3 3 20 11
6 4 20 10
1 4 20 3
5 2 19 193
7 5 19 190
1 2 19 179
8 2 19 168
1 2 19 166
6 4 19 161
4 2 19 159
7 3 19 156
3 4 19 146
4 2 19 145
6 3 19 141
5 3 19 140
7 2 19 139
5 3 19 138
5 2 19 129
5 2 19 123
3 2 19 117
2 3 19 113
6 3 19 110
6 2 19 104
1 3 19 98
7 2 19 92
3 2 19 91
7 2 19 89
4 2 19 89
8 2 19 88
1 2 19 83
4 2 19 82
8 3 19 76
6 2 19 75
5 2 19 66
6 2 19 57
5 2 19 56
2 2 19 46
6 6 19 34
8 3 19 8
3 2 19 4
1 2 18 199
2 2 18 195
4 2 18 193
3 2 18 191
6 2 18 187
5 2 18 185
3 2 18 184
2 2 18 180
7 2 18 165
5 2 18 159
8 2 18 136
6 2 18 130
7 3 18 120
5 2 18 118
7 3 18 97
5 2 18 97
2 2 18 94
7 3 18 87
5 3 18 81
7 2 18 77
2 2 18 75
3 3 18 75
2 3 18 72
7 2 18 69
1 10 18 52
3 2 18 47
1 2 18 48
4 2 18 29
6 5 18 26
6 2 19 25
5 3 18 23
4 3 18 17
6 2 18 13
8 2 18 6
5 2 18 5
7 2 18 4
5 5 18 3
5 2 17 199
7 2 17 195
1 3 17 195
6 2 17 190
5 3 17 167
4 4 17 164
3 2 17 161
5 3 17 148
5 2 17 143
2 6 17 137
8 3 17 134
3 4 17 134
3 2 17 132
1 2 17 132
7 3 17 129
3 2 17 121
5 2 17 116
6 2 17 117
6 2 18 116
4 2 17 113
1 2 17 107
4 2 17 105
5 2 18 106
5 3 17 102
7 2 17 100
3 2 17 96
4 2 17 87
5 2 17 86
4 2 17 83
8 2 17 82
1 2 17 80
4 2 17 79
7 3 17 73
8 2 17 74
3 2 17 73
3 2 17 69
1 3 17 68
1 5 17 65
8 2 17 62
5 3 17 50
8 2 17 45
8 2 17 42
1 2 18 43
5 2 17 38
1 2 19 37
1 2 18 39
1 2 19 40
4 2 18 37
6 3 18 36
4 2 18 35
6 3 17 31
8 2 17 25
7 2 17 8
1 2 17 1
5 2 16 201
1 3 16 198
3 2 16 193
6 4 16 185
4 2 16 184
1 2 16 183
7 2 16 173
6 3 16 166
4 2 16 159
1 4 16 155
1 2 17 156
5 2 16 153
8 2 16 152
6 2 16 153
7 2 16 148
1 2 16 148
1 3 16 139
6 3 16 136
7 2 16 125
2 3 18 126
7 2 17 126
8 2 16 122
5 3 16 121
7 3 16 118
1 2 17 119
6 2 16 109
5 2 16 108
2 2 16 109
8 4 16 108
2 2 16 95
7 2 16 91
3 2 16 89
1 2 16 59
2 3 16 50
7 2 16 44
5 2 17 43
5 2 16 44
6 2 16 45
8 2 16 44
4 2 16 39
5 2 17 40
8 2 18 41
6 5 16 39
1 2 16 28
7 2 17 29
2 2 16 29
5 2 16 26
5 2 16 21
8 2 16 21
5 2 16 15
4 2 16 7
3 2 16 6
2 2 15 350
5 2 19 349
4 2 19 348
3 2 19 347
2 2 19 346
1 2 19 345
8 2 19 344
7 2 19 343
6 2 19 342
5 2 19 341
4 2 19 340
3 2 19 339
2 2 19 338
1 2 19 337
8 2 19 336
7 2 19 335
6 2 19 334
5 2 19 333
4 2 19 332
3 2 19 331
2 2 19 330
1 2 19 329
8 2 19 328
7 2 19 327
6 2 19 326
5 2 19 325
4 2 19 324
3 2 19 323
2 2 19 322
1 2 19 321
8 2 19 320
7 2 19 319
6 2 19 318
5 2 19 317
4 2 19 316
3 2 19 315
2 2 19 314
1 2 19 313
8 2 19 312
7 2 19 311
6 2 19 310
5 2 19 309
4 2 19 308
3 2 19 307
2 2 19 306
1 2 19 305
8 2 19 304
7 2 19 303
6 2 19 302
5 2 19 301
4 2 19 300
3 2 19 299
2 2 19 298
1 2 19 297
8 2 19 296
7 2 19 295
6 2 19 294
5 2 19 293
4 2 19 292
3 2 19 291
2 2 19 290
1 2 19 289
8 2 19 288
7 2 19 287
6 2 19 286
5 2 19 285
4 2 19 284
3 2 19 283
2 2 19 282
1 2 19 281
8 2 19 280
7 2 19 279
6 2 19 278
5 2 19 277
4 2 19 276
3 2 19 275
2 2 19 274
1 2 19 273
8 2 19 272
7 2 19 271
6 2 19 270
5 2 19 269
4 2 19 268
3 2 19 267
2 2 19 266
1 2 19 265
8 2 19 264
7 2 19 263
6 2 19 262
5 2 19 261
4 2 19 260
3 2 19 259
2 2 19 258
1 2 19 257
8 2 19 256
7 2 19 255
6 2 19 254
5 2 19 253
4 2 19 252
3 2 19 251
2 2 19 250
1 2 19 249
8 2 19 248
7 2 19 247
6 2 19 246
5 2 19 245
4 2 19 244
3 2 19 243
2 2 19 242
1 2 19 241
8 2 19 240
7 2 19 239
6 2 19 238
5 2 19 237
4 2 19 236
3 2 19 235
2 2 19 234
1 2 19 233
8 2 19 232
7 2 19 231
6 2 19 230
5 2 19 229
4 2 19 228
3 2 19 227
2 2 19 226
1 2 19 225
8 2 19 224
7 2 19 223
6 2 19 222
5 2 19 221
4 2 19 220
3 2 19 219
2 2 19 218
1 2 19 217
8 2 19 216
7 2 19 215
6 2 19 214
5 2 19 213
4 2 19 212
3 2 19 211
2 2 19 210
1 2 19 209
8 2 19 208
7 2 19 207
6 2 19 206
5 2 19 205
4 2 19 204
3 2 19 203
6 2 18 349
7 2 17 349
8 2 16 349
1 2 15 349
8 2 15 186
1 2 15 187
8 4 15 179
6 2 16 181
4 3 15 178
4 2 15 174
2 2 15 172
3 2 18 171
7 2 15 171
1 2 16 171
2 2 16 170
1 2 18 169
1 4 15 162
3 2 15 153
7 2 15 151
1 2 16 151
5 2 15 151
2 2 15 145
6 2 18 144
3 2 18 144
8 4 15 144
8 2 15 139
3 2 15 139
1 2 15 134
5 2 15 125
8 2 15 120
1 2 15 119
8 2 15 104
8 2 15 101
2 2 16 102
4 2 15 94
8 2 15 92
4 3 15 91
8 2 15 89
6 4 15 87
1 2 15 81
2 2 15 78
2 3 15 75
4 3 15 74
8 2 15 73
6 3 15 72
2 2 15 69
2 2 15 65
6 2 15 63
2 2 17 62
2 2 15 55
5 2 16 56
6 2 18 55
6 3 15 48
6 2 15 41
6 2 15 36
2 2 16 35
4 2 15 31
4 2 15 25
3 3 15 24
6 2 15 13
1 2 18 12
3 2 14 350
7 2 14 190
3 2 14 187
4 2 15 188
6 2 15 188
4 2 14 181
1 3 14 170
6 2 14 170
1 2 14 166
4 2 14 163
1 8 14 156
2 3 14 159
8 2 14 154
1 2 14 125
5 2 14 119
2 2 14 115
3 2 15 116
1 2 15 116
8 2 14 114
5 2 15 113
6 3 14 106
2 2 16 105
1 2 14 105
2 2 14 103
7 2 14 104
3 2 14 88
2 3 14 87
4 2 14 80
3 2 14 77
5 2 14 76
7 2 14 69
5 2 14 69
7 2 14 58
1 2 17 58
3 5 14 50
3 2 15 51
8 3 14 47
7 2 14 24
7 3 14 19
8 2 16 17
7 2 16 16
1 3 14 15
8 3 14 13
4 2 14 11
4 2 13 350
8 3 13 198
6 2 15 197
6 4 13 184
4 2 14 182
7 2 13 178
3 3 13 174
5 2 13 173
8 2 15 172
7 2 13 170
8 2 13 169
4 3 13 166
2 5 13 163
3 3 13 153
4 2 13 152
2 4 13 151
6 2 13 144
1 2 13 143
1 2 13 140
6 2 14 141
2 2 13 140
7 2 13 140
5 2 13 116
1 2 13 113
4 3 13 110
1 2 13 103
4 2 13 104
7 2 13 100
7 2 13 96
2 3 13 74
3 3 13 70
2 3 13 65
4 2 15 64
8 2 15 64
4 3 13 56
7 4 14 58
4 2 14 56
3 3 13 55
4 2 13 53
4 2 13 46
1 2 14 45
1 3 13 42
3 3 13 37
8 4 13 31
1 2 13 32
8 2 13 33
5 2 15 34
3 2 14 34
7 2 15 33
5 2 13 32
2 2 13 17
3 4 13 16
3 3 13 11
6 2 13 10
2 3 13 8
2 2 13 6
7 2 13 6
1 3 13 2
4 2 13 3
7 2 13 3
5 2 12 350
5 2 12 197
4 2 12 196
1 2 12 194
4 3 12 188
1 2 12 187
7 2 12 184
8 2 12 181
3 2 12 177
6 2 16 177
7 2 16 176
4 2 13 177
5 2 13 176
4 2 12 176
1 2 12 175
2 2 12 173
4 3 12 174
6 2 12 169
6 4 12 162
5 2 13 164
3 2 12 158
7 4 12 157
7 2 13 159
4 2 12 158
8 2 12 159
1 2 12 154
2 2 12 153
5 2 12 154
7 5 12 152
4 2 12 143
2 6 12 137
4 3 12 138
8 2 13 136
4 3 12 134
8 5 12 133
4 2 13 132
8 2 17 131
8 2 15 131
1 3 12 132
3 3 12 132
6 6 12 128
2 2 12 129
1 2 15 128
5 2 14 130
6 3 12 128
3 2 12 129
4 2 12 125
7 2 12 121
2 2 13 121
3 2 12 112
5 3 12 112
7 2 13 112
2 2 14 111
3 2 12 106
3 2 15 107
8 3 12 105
2 2 12 102
6 4 12 100
1 2 13 101
6 2 12 97
2 2 13 98
4 2 12 97
5 4 12 96
4 2 12 88
1 2 12 86
4 2 12 81
5 2 13 80
6 2 12 80
7 2 14 79
6 2 13 79
8 4 12 79
1 2 12 72
8 2 12 66
6 2 12 62
2 2 14 61
8 2 15 62
8 2 13 61
1 2 13 61
5 3 13 60
2 2 12 62
4 2 12 60
2 4 12 56
8 2 12 54
5 2 12 52
5 2 12 49
7 3 12 50
2 2 12 43
5 2 12 39
1 3 12 38
5 2 12 28
5 2 13 27
4 2 12 29
2 3 12 24
2 2 14 23
1 2 16 22
8 2 12 25
7 3 12 20
6 2 12 17
6 2 13 18
1 2 13 17
5 2 12 12
3 4 12 1
6 2 11 350
5 3 11 276
5 2 17 275
4 2 17 274
3 2 17 273
2 2 17 272
1 2 17 271
8 2 17 270
7 2 17 269
6 2 17 268
5 2 17 267
4 2 17 266
3 2 17 265
2 2 17 264
1 2 17 263
8 2 17 262
7 2 17 261
6 2 17 260
5 2 17 259
4 2 17 258
3 2 17 257
2 2 17 256
1 2 17 255
8 2 17 254
7 2 17 253
6 2 17 252
5 2 17 251
4 2 17 250
3 2 17 249
2 2 17 248
1 2 17 247
8 2 17 246
7 2 17 245
6 2 17 244
5 2 17 243
4 2 17 242
3 2 17 241
2 2 17 240
1 2 17 239
8 2 17 238
7 2 17 237
6 2 17 236
5 2 17 235
4 2 17 234
3 2 17 233
2 2 17 232
1 2 17 231
8 2 17 230
7 2 17 229
6 2 17 228
5 2 17 227
4 2 17 226
3 2 17 225
2 2 17 224
1 2 17 223
8 2 17 222
7 2 17 221
6 2 17 220
5 2 17 219
4 2 17 218
3 2 17 217
2 2 17 216
1 2 17 215
8 2 17 214
7 2 17 213
6 2 17 212
5 2 17 211
4 2 17 210
3 2 17 209
2 2 17 208
1 2 17 207
8 2 17 206
7 2 17 205
6 2 17 204
5 2 17 203
2 2 18 202
6 3 16 276
7 3 15 276
8 3 14 276
1 3 13 276
2 3 12 276
3 3 11 276
2 3 11 201
4 2 11 198
2 2 11 197
7 4 11 192
3 2 11 188
4 2 11 185
5 2 11 184
4 2 11 183
5 2 12 182
3 2 12 182
2 2 11 175
3 2 13 175
5 2 11 159
2 4 11 156
4 2 11 147
8 2 14 146
2 2 11 131
7 2 11 131
8 2 11 130
1 2 11 129
5 3 11 126
2 6 11 124
6 3 12 124
2 2 11 123
6 2 14 124
5 2 11 121
1 2 11 120
2 2 11 119
6 2 11 113
7 3 11 113
3 2 11 107
5 2 12 108
6 2 13 107
7 2 13 106
8 2 11 99
6 2 12 100
4 2 12 98
2 2 11 99
3 2 12 99
4 2 11 95
1 2 13 94
4 2 13 95
3 2 12 94
4 2 11 92
8 2 11 91
1 2 13 90
2 2 11 92
6 2 12 93
7 3 12 92
1 2 11 94
8 2 11 95
5 3 11 92
4 4 11 91
2 2 11 84
4 2 12 84
5 2 13 83
6 2 11 78
6 2 11 67
7 2 11 64
5 2 11 64
7 2 11 63
5 2 11 61
7 2 11 57
4 3 11 54
5 2 11 55
6 2 11 49
3 2 11 47
7 2 11 46
5 2 11 41
4 2 11 38
8 4 11 34
8 2 13 36
1 2 11 34
1 2 11 29
4 2 11 27
6 2 11 26
1 2 11 25
4 2 11 24
3 2 11 21
8 2 11 20
5 2 12 19
4 2 12 19
4 2 11 17
6 2 11 18
3 2 11 19
6 3 11 12
2 2 11 13
4 2 12 14
4 3 11 3
7 2 10 350
8 3 10 350
4 3 10 276
7 5 10 198
3 2 14 200
2 2 13 200
7 2 10 200
8 2 12 201
1 2 11 201
5 2 10 188
8 2 10 178
4 2 10 179
5 2 10 180
6 2 10 181
2 2 10 182
6 2 10 183
4 3 10 181
3 2 13 180
2 2 10 179
1 2 10 179
3 2 10 169
8 2 13 168
2 2 13 167
6 2 10 167
3 3 10 161
7 2 11 163
3 2 10 162
4 2 10 163
3 2 11 164
8 4 10 154
1 3 10 151
8 2 10 144
4 2 12 145
3 5 10 142
4 3 10 138
5 2 10 130
2 2 10 117
6 2 13 118
3 2 12 118
2 2 12 116
8 2 10 114
6 2 10 115
4 2 10 114
7 2 10 115
5 6 10 108
2 4 10 104
5 2 11 101
6 2 11 102
4 2 10 96
3 2 10 95
8 2 10 92
5 2 10 89
7 2 11 88
4 2 10 81
7 2 10 74
4 2 10 75
2 3 10 69
3 2 11 68
2 2 14 67
4 3 10 68
8 2 10 64
6 3 10 63
3 2 10 60
6 2 10 54
7 2 10 52
8 3 10 49
7 3 10 41
7 2 11 40
4 2 10 41
3 2 10 40
3 2 10 36
4 2 10 35
4 2 10 32
3 2 10 31
8 3 10 30
8 3 10 27
2 2 10 21
6 2 10 20
5 2 10 17
1 2 10 8
8 2 12 7
1 3 12 7
3 2 11 7
1 2 10 2
1 2 9 196
2 2 11 197
5 2 12 196
6 2 11 196
4 2 12 195
7 2 10 197
2 2 9 188
1 3 9 184
3 2 9 178
6 2 9 178
3 2 9 175
3 2 9 172
2 2 12 171
3 2 10 173
8 3 9 169
1 4 9 167
2 2 9 165
4 3 9 166
1 2 9 162
7 3 9 160
5 2 9 157
1 2 9 158
3 2 9 156
3 2 9 147
3 3 12 148
1 3 9 138
7 3 9 136
4 2 9 133
6 2 9 134
2 2 9 133
8 2 9 132
4 2 9 126
4 2 9 123
3 2 12 124
8 2 12 124
7 5 9 120
4 2 10 119
1 2 9 107
7 2 9 95
7 3 9 86
7 2 9 84
6 2 15 85
6 2 9 83
7 2 11 82
2 2 11 83
7 3 9 81
1 2 9 80
8 2 9 69
4 2 9 70
2 2 10 71
1 2 13 72
2 2 11 72
3 2 9 64
6 6 9 58
1 2 9 54
8 3 9 52
4 2 9 49
7 2 9 45
2 2 12 44
7 2 11 46
3 2 11 46
2 2 11 47
1 2 10 46
7 2 10 44
6 2 9 46
2 2 9 39
8 2 11 38
5 5 9 38
5 2 9 27
3 2 9 26
8 3 9 23
1 3 9 15
7 5 9 15
6 2 9 5
2 2 9 3
1 2 8 350
4 2 8 197
8 3 8 196
3 2 9 195
2 2 10 194
6 2 10 193
7 2 9 194
5 2 9 193
4 2 8 192
5 2 13 191
1 2 8 179
8 2 8 178
8 2 8 176
7 3 8 175
6 2 10 175
2 3 8 175
5 2 9 175
8 3 9 174
6 2 8 169
2 2 8 160
4 3 8 158
2 2 8 156
6 2 8 142
5 2 10 141
4 6 8 142
6 2 10 143
2 3 10 142
6 2 8 136
2 3 8 134
1 2 8 133
1 2 8 128
5 2 11 127
8 2 10 127
4 2 10 128
2 2 9 127
3 2 9 126
1 2 8 126
1 4 8 124
2 2 8 116
3 2 8 115
1 3 8 114
7 2 8 101
7 2 8 97
4 2 8 86
3 2 11 85
2 3 8 80
5 2 8 80
3 4 8 55
2 2 8 51
2 2 9 51
4 2 8 51
1 2 8 49
2 2 8 46
4 2 9 45
5 4 8 46
5 3 8 42
8 2 8 37
4 2 8 25
7 4 8 20
8 3 8 17
3 2 8 14
5 2 8 8
2 2 7 350
3 2 7 199
1 2 8 200
2 5 7 198
5 2 7 200
7 2 7 192
3 2 10 191
7 2 10 191
1 2 10 190
4 2 10 190
8 2 9 191
2 2 9 190
2 2 7 186
8 2 10 187
6 3 9 187
7 2 9 186
2 2 9 185
6 2 7 183
5 2 7 181
8 2 8 182
4 2 7 174
5 3 7 172
3 2 11 171
7 2 7 172
8 3 7 161
8 2 8 160
5 2 8 160
7 2 7 159
6 2 7 156
5 3 7 154
3 2 7 155
7 4 7 147
7 3 7 144
7 2 11 145
4 2 9 145
6 2 9 146
5 2 9 145
8 2 7 143
1 3 7 141
4 2 7 141
2 3 7 138
3 5 7 134
7 2 7 128
5 2 7 121
2 2 7 118
4 3 7 115
4 2 8 116
8 2 8 116
8 2 7 111
2 2 9 112
7 3 9 111
3 4 7 110
7 2 9 109
8 2 8 109
7 3 7 109
5 2 7 110
8 3 7 107
6 2 7 95
7 2 7 89
8 4 7 87
2 2 8 89
8 5 7 76
4 2 8 75
2 2 7 77
5 2 7 72
8 2 9 73
8 2 7 63
2 2 7 63
1 4 7 62
4 2 7 59
7 2 7 58
5 2 7 52
1 2 7 53
4 2 7 53
7 3 7 40
1 2 7 39
4 9 7 38
2 2 7 29
6 2 7 28
2 2 7 25
3 2 7 24
1 3 7 24
1 2 7 12
3 2 6 350
7 2 6 201
3 2 6 195
2 2 6 191
6 2 6 192
8 3 6 186
6 2 8 185
2 2 6 184
4 2 6 184
1 2 6 180
3 4 6 175
8 2 6 177
2 2 6 178
4 2 6 167
7 2 6 163
4 4 6 152
1 2 11 149
2 2 10 149
7 2 10 148
2 2 7 153
6 2 6 152
5 3 6 143
6 2 6 142
2 2 6 141
3 2 6 141
4 3 6 129
8 2 6 127
5 2 7 128
2 3 6 115
6 4 6 116
6 3 6 109
2 3 6 108
6 2 8 106
2 2 8 105
3 2 8 105
1 2 6 103
4 2 8 104
8 2 6 101
4 4 6 100
8 2 6 91
2 2 9 91
3 2 6 91
3 2 7 92
4 2 6 89
3 3 6 87
2 2 6 88
6 2 6 88
6 2 6 86
5 2 6 84
1 2 9 83
3 2 6 84
5 3 7 85
7 2 7 84
4 2 6 74
3 2 7 75
7 2 6 74
6 2 6 73
1 4 6 73
7 2 6 68
2 2 8 69
3 5 6 62
8 2 6 60
2 3 6 59
4 2 8 58
6 2 8 57
1 3 6 51
2 4 6 48
8 3 6 46
5 2 6 40
3 3 6 34
6 3 6 33
4 2 6 29
3 2 6 28
1 2 7 27
6 2 6 25
2 3 6 18
8 2 6 11
7 2 9 11
4 2 5 350
4 2 5 200
5 2 7 201
1 2 13 202
8 3 5 199
8 2 5 201
3 2 11 202
4 2 10 202
4 3 5 195
1 2 6 196
2 2 5 195
8 2 5 194
7 2 5 193
4 2 5 191
3 2 5 190
5 2 5 186
6 2 5 185
6 2 5 175
1 3 5 171
7 2 5 169
8 2 5 170
7 2 6 169
1 3 5 168
6 2 5 167
5 2 5 162
7 2 5 158
4 3 5 155
1 2 5 156
7 2 5 149
5 3 5 149
3 2 7 150
4 2 10 151
6 3 7 150
2 2 8 149
8 2 8 149
6 2 8 148
1 2 7 147
3 3 6 151
6 2 5 150
3 3 5 139
5 2 5 135
8 2 5 130
2 2 8 131
4 2 8 130
1 2 5 129
3 2 5 128
6 3 5 125
8 2 5 123
6 2 5 120
8 2 5 118
8 2 7 119
5 2 5 117
1 2 5 112
1 3 6 113
5 3 5 112
6 2 5 104
3 2 7 104
2 2 5 103
6 4 5 100
4 2 7 100
5 2 5 97
8 2 6 96
7 3 5 97
4 2 5 95
5 2 6 94
7 3 6 93
2 2 7 93
1 2 6 93
3 3 6 93
8 2 5 89
5 2 5 88
7 2 5 86
8 2 7 85
2 2 5 73
3 2 5 70
3 2 7 71
1 2 7 70
4 2 6 71
2 3 5 65
1 2 11 66
4 2 9 66
3 2 8 66
2 2 7 66
3 2 5 64
7 2 5 61
8 3 5 58
5 3 5 59
8 2 5 54
3 2 5 52
6 2 7 51
3 2 5 44
5 2 5 43
2 2 5 36
7 2 7 35
7 2 5 34
7 2 5 32
2 2 5 14
8 2 8 14
8 2 5 14
5 2 5 14
1 2 5 15
3 2 5 16
1 2 5 6
8 2 8 7
7 2 9 6
1 2 11 5
6 2 11 5
2 2 11 4
4 2 9 6
3 2 9 5
7 2 6 7
5 2 4 350
1 2 4 195
6 9 4 194
5 2 4 191
3 2 4 185
7 2 4 183
5 2 4 182
1 2 4 176
5 2 4 177
2 3 4 167
8 2 5 166
3 2 5 166
7 2 4 166
2 2 7 165
7 2 7 164
5 2 4 166
8 2 4 164
6 2 4 162
3 2 4 160
2 2 4 157
3 2 4 157
3 2 5 158
6 3 4 145
4 2 6 145
5 2 4 133
6 3 4 132
6 2 6 131
1 2 6 131
3 3 4 133
6 2 5 134
2 2 4 130
6 2 4 128
4 3 4 127
8 2 4 127
4 4 4 126
4 2 4 123
8 2 4 120
8 2 4 113
3 2 4 111
8 2 4 111
2 2 4 110
1 2 4 110
4 2 4 110
3 2 4 108
4 2 6 107
5 2 4 105
7 3 4 104
3 2 4 100
1 5 4 99
2 2 4 90
6 3 4 88
3 2 4 80
3 2 4 78
3 2 5 78
1 2 4 77
7 2 8 77
1 2 8 77
5 2 7 77
6 3 4 77
4 2 4 77
8 2 4 68
6 3 4 65
1 2 4 63
2 2 4 62
2 2 4 56
2 2 4 54
4 2 4 53
5 2 5 54
7 2 4 45
6 3 4 44
7 2 5 43
6 2 9 42
1 2 5 42
1 3 4 37
3 2 4 38
2 2 4 39
4 2 4 34
1 2 4 33
8 2 4 24
5 2 5 25
4 2 4 18
6 2 4 19
1 2 9 20
8 2 4 17
8 2 4 15
7 3 4 12
1 2 4 10
6 2 3 350
7 3 3 350
4 2 3 193
1 2 3 192
4 3 3 185
1 2 3 186
3 2 3 185
1 3 3 183
2 2 3 177
2 2 4 178
7 2 3 178
8 4 3 179
8 2 3 172
8 2 8 172
6 2 5 173
8 2 5 174
1 2 5 172
4 2 3 171
6 3 3 170
4 2 3 169
3 2 3 168
5 3 3 163
6 3 3 159
4 4 3 157
1 2 3 147
5 3 3 145
7 2 3 144
2 2 3 140
4 4 3 140
7 2 4 142
6 2 3 137
7 2 3 138
8 3 3 136
7 2 3 132
1 3 3 131
7 2 3 123
5 2 4 124
2 2 3 121
7 2 8 122
4 2 4 122
5 3 3 122
5 2 3 112
5 2 3 108
8 2 3 107
7 2 3 102
6 2 3 97
5 2 3 91
8 3 3 76
8 2 4 76
1 2 3 74
8 5 3 61
4 2 3 63
5 3 3 62
6 2 3 58
7 2 3 59
1 4 3 56
6 2 3 53
3 2 3 49
8 2 6 50
7 2 5 50
8 3 3 48
3 2 3 49
4 2 3 50
5 2 3 47
6 3 3 41
4 3 3 43
2 2 3 36
3 3 3 35
7 2 3 33
6 2 3 32
6 3 3 29
5 3 3 26
6 2 3 25
4 2 3 22
5 2 5 22
2 2 3 19
8 2 8 20
2 2 8 20
8 2 3 12
8 2 6 12
2 2 4 12
4 3 4 11
4 2 11 10
7 2 11 9
3 2 3 7
1 2 6 8
8 2 9 9
6 2 9 8
5 2 6 7
2 2 3 2
6 2 7 3
4 3 3 2
7 2 3 3
1 2 5 4
4 2 7 5
3 2 5 4
3 2 3 2
7 2 2 184
7 3 2 179
3 2 5 179
8 3 3 180
1 2 2 173
7 2 3 174
2 2 2 167
4 2 2 165
3 2 2 163
8 2 5 164
1 2 2 161
4 2 3 162
8 3 2 155
3 2 2 151
3 2 2 145
4 2 2 146
6 2 2 147
4 2 3 148
6 2 2 144
5 2 2 130
3 2 2 123
4 2 2 119
2 2 2 118
6 2 2 117
1 2 3 117
4 2 5 116
6 2 5 116
7 3 2 112
3 2 2 110
1 2 2 109
1 2 2 107
5 2 4 106
7 2 2 104
8 2 2 101
1 2 2 98
6 2 2 99
8 2 4 98
3 2 4 99
4 2 2 95
1 3 2 91
7 2 2 90
8 3 2 85
1 2 2 87
4 2 2 85
6 2 2 78
1 2 5 78
4 2 6 79
7 2 5 78
2 2 5 77
4 3 2 66
5 2 5 67
4 2 3 67
6 2 2 65
6 2 2 62
3 2 2 61
1 3 2 58
8 2 7 58
2 2 7 57
3 2 6 58
8 2 5 58
7 3 2 57
1 2 2 53
2 2 2 53
1 3 2 39
7 2 2 30
4 2 8 31
5 2 6 31
4 2 2 27
7 2 2 23
6 2 2 16
5 3 2 12
6 3 2 8
4 2 3 7
2 2 5 6
8 3 5 5
4 60 1 403
8 2 1 343
4 2 1 187
7 2 1 186
5 2 1 171
8 2 1 169
5 2 1 151
6 2 4 150
7 2 3 150
4 2 3 150
8 2 2 150
7 2 1 139
8 2 1 125
8 2 1 107
3 2 1 105
7 2 1 94
8 2 1 91
4 2 1 89
7 2 1 60
4 2 1 45
5 2 1 42
2 2 1 40
8 2 1 38
4 2 1 33
4 3 1 15
4 2 7 15
8 2 1 9
