64554
3473
5 2 50 200
5 4 50 197
3 3 50 192
2 2 50 191
5 2 50 190
2 2 50 183
6 3 50 179
1 4 50 171
2 4 50 164
4 3 50 160
4 2 50 156
5 3 50 155
5 2 50 147
3 3 50 142
2 2 50 138
6 2 50 128
2 4 50 119
4 2 50 118
3 2 50 116
1 2 50 113
5 2 50 111
3 3 50 101
3 2 50 96
2 2 50 95
3 5 50 93
4 2 50 92
2 2 50 89
6 2 50 87
6 9 50 84
2 3 50 80
1 3 50 74
5 3 50 73
4 2 50 72
1 4 50 66
1 2 50 60
5 2 50 54
1 2 50 50
1 2 50 45
4 2 50 40
1 2 50 38
4 2 50 35
1 2 50 34
3 2 50 33
6 3 50 32
2 4 50 30
5 4 50 26
2 5 50 23
5 156 50 16
3 3 50 7
4 2 50 4
6 2 49 199
4 2 49 195
2 3 49 195
5 2 49 188
1 2 49 187
3 3 49 183
4 4 49 181
4 5 49 174
5 4 49 168
6 2 49 166
2 2 49 165
3 2 49 162
2 3 49 161
6 3 49 159
2 2 49 144
6 2 49 145
2 2 49 140
5 2 49 140
5 6 49 137
5 3 49 132
3 2 49 123
6 2 49 122
1 2 49 118
2 3 49 114
3 5 49 112
2 2 49 107
3 2 49 106
6 3 49 102
5 2 49 101
3 4 49 91
4 2 49 89
1 2 49 88
3 2 49 85
4 3 49 81
4 3 49 77
4 2 49 69
5 2 49 63
4 2 49 64
1 4 49 64
2 2 49 62
5 2 49 58
3 2 49 57
2 2 49 56
6 2 49 54
3 2 49 50
6 2 49 46
4 3 49 31
6 2 49 3
5 2 48 199
1 4 48 198
4 6 48 190
3 3 48 189
5 3 48 186
3 2 48 178
2 3 48 178
1 2 48 177
1 2 48 168
2 2 48 167
3 2 48 158
6 2 48 156
2 2 48 154
6 2 48 151
4 2 48 144
3 2 48 143
3 10 48 141
2 2 48 136
3 2 48 134
4 3 48 132
2 3 48 128
4 2 48 128
4 3 48 124
6 3 48 112
4 2 48 111
4 2 48 109
5 2 48 105
3 5 48 100
5 2 48 99
6 2 49 98
3 2 48 98
3 2 48 76
2 4 48 75
3 2 48 72
2 2 48 71
5 4 48 71
3 2 48 69
6 3 48 60
5 2 48 55
1 2 48 55
1 7 48 53
2 3 48 51
5 3 48 43
2 2 48 45
2 2 48 42
4 6 48 40
3 2 48 37
5 2 48 36
6 2 48 29
1 4 48 25
6 2 48 21
6 2 48 6
5 6 48 7
1 2 48 3
6 2 47 196
2 3 47 188
1 3 47 185
1 2 48 184
5 4 47 181
4 3 47 179
2 5 47 172
5 2 47 172
4 3 47 169
4 2 47 167
4 2 47 165
1 2 47 164
6 2 47 157
5 2 47 157
5 2 47 154
4 2 48 153
5 2 48 152
4 2 47 155
1 3 47 153
2 2 47 150
4 2 47 151
6 3 47 150
3 2 48 148
2 2 48 148
4 2 47 136
2 7 47 133
1 2 47 135
6 2 47 130
3 2 47 131
3 2 47 127
3 2 47 125
4 2 48 126
5 3 48 125
1 3 47 126
3 2 47 122
5 4 47 119
4 2 48 121
2 3 47 110
1 2 47 106
3 2 47 102
1 2 47 98
6 2 47 93
4 2 47 91
5 3 47 90
2 4 47 85
5 2 47 80
3 2 47 78
2 3 47 77
6 2 47 76
3 6 47 67
2 2 47 68
1 2 47 69
5 3 47 68
3 2 47 63
4 4 47 61
2 2 47 59
3 4 47 51
3 4 47 45
1 2 47 41
4 3 47 36
4 3 47 34
6 2 47 34
2 2 47 33
1 4 47 31
2 3 47 29
4 5 47 24
5 2 47 8
6 2 47 3
4 4 47 2
6 2 46 199
4 2 47 200
5 3 46 195
1 2 46 192
3 2 46 191
5 2 46 192
4 4 46 189
4 3 46 185
2 2 46 183
2 3 46 178
6 2 46 173
5 2 46 164
1 6 46 161
2 2 46 154
5 2 46 149
1 2 46 150
3 2 46 151
1 2 46 145
2 2 47 146
1 2 47 147
6 2 46 146
4 2 46 140
6 2 46 137
2 3 46 126
4 2 46 117
4 3 46 110
3 2 46 108
1 2 46 108
5 2 46 107
5 3 46 103
4 2 46 96
4 2 46 93
6 3 46 83
6 2 46 79
1 3 46 76
2 2 46 69
3 2 46 61
5 4 46 60
2 3 46 55
6 2 46 54
6 2 46 49
3 2 47 48
5 4 46 48
4 3 46 46
3 3 46 42
5 2 46 38
5 2 47 39
3 2 47 39
6 3 46 32
5 2 46 23
4 2 46 9
4 5 45 200
2 4 45 198
6 2 45 189
3 3 45 186
5 3 45 183
2 2 45 179
3 3 45 177
1 2 45 172
1 4 45 170
6 3 45 169
5 2 45 169
2 3 45 167
5 2 45 166
6 3 45 165
3 3 45 163
6 2 45 156
4 2 45 151
2 2 45 145
6 2 45 142
6 2 45 139
4 2 45 138
6 4 45 135
3 2 45 132
5 3 45 121
3 2 45 117
5 2 45 117
2 2 46 116
5 2 48 115
2 2 45 113
1 2 45 114
3 3 45 112
5 2 45 109
2 2 45 107
6 2 45 108
1 2 45 107
1 2 45 100
6 3 45 99
5 2 45 96
2 3 45 95
6 2 45 93
3 2 45 91
6 2 45 90
1 2 45 82
6 2 45 81
5 2 45 78
5 2 45 74
6 2 45 73
4 2 45 73
2 2 46 72
6 2 45 72
6 2 45 67
1 2 45 67
4 4 45 60
3 2 45 54
4 3 45 52
2 2 45 48
1 4 45 49
6 3 45 47
5 3 45 42
3 3 45 35
6 4 45 30
4 6 45 27
3 2 45 8
4 3 45 7
2 2 45 5
4 3 45 3
3 2 45 1
5 2 44 193
6 2 45 194
1 2 46 195
2 2 44 191
2 2 44 182
2 2 44 175
3 2 48 176
5 2 46 175
2 2 46 175
6 2 44 163
4 2 44 162
5 2 45 162
3 2 44 162
3 3 44 154
4 5 44 152
6 3 44 148
1 2 44 137
5 4 44 136
4 2 44 134
2 2 44 129
1 2 46 130
1 3 44 126
6 2 44 122
1 2 45 121
4 2 45 120
2 2 44 123
4 3 44 123
2 3 44 120
2 3 44 117
4 2 44 105
2 2 45 105
1 2 47 104
1 3 45 104
4 2 44 104
6 2 44 105
3 2 44 104
2 2 44 100
3 3 44 97
1 2 44 96
3 2 44 94
5 2 44 95
4 3 44 94
4 4 44 92
5 2 44 84
5 2 44 82
4 2 44 81
3 2 44 79
6 2 44 77
2 2 44 76
1 9 44 71
6 2 44 65
2 5 44 64
2 3 44 62
6 2 44 60
3 2 44 59
3 2 44 56
4 2 44 45
5 2 44 44
2 2 44 43
6 2 44 37
2 2 44 37
1 2 44 36
2 3 44 34
2 2 44 23
3 2 44 22
6 2 44 6
6 3 44 2
2 3 44 2
6 3 43 200
5 3 43 197
2 2 43 195
3 3 43 193
4 2 43 194
2 5 43 192
3 3 43 188
2 2 44 187
2 3 43 185
4 2 43 180
4 2 43 172
5 2 43 171
4 3 43 169
3 3 43 166
2 2 43 163
6 5 43 162
3 2 43 158
1 3 43 157
5 3 43 153
3 2 43 151
1 5 43 149
3 4 43 133
4 3 43 131
5 2 45 129
3 2 44 129
1 4 43 129
5 2 43 125
6 5 43 125
4 3 43 121
1 2 43 114
3 2 44 114
6 3 43 109
2 3 43 108
1 6 43 103
6 2 43 93
6 2 43 90
3 2 43 85
1 3 43 78
5 2 43 76
4 2 43 74
3 3 43 68
4 5 43 57
2 2 43 52
5 5 43 51
2 2 43 47
1 2 43 46
1 2 43 44
1 2 43 41
4 2 43 40
1 2 43 34
4 2 43 32
5 2 43 26
2 2 43 27
3 3 43 28
2 3 43 28
4 4 43 24
1 2 45 25
1 2 43 22
2 5 43 5
5 2 43 3
3 2 43 1
1 3 42 199
5 3 42 194
3 2 42 195
6 2 42 193
4 3 42 185
1 2 42 184
6 2 42 184
3 3 42 183
6 2 43 182
5 2 42 181
2 2 42 173
1 2 42 174
5 2 43 175
4 3 43 174
3 2 42 174
6 3 42 173
1 2 42 164
4 2 43 165
2 2 42 158
6 3 42 157
2 3 42 157
3 2 42 148
3 3 42 146
5 3 42 146
3 2 43 144
2 2 44 143
4 2 44 143
5 2 43 145
1 2 43 143
4 4 42 144
3 2 42 142
4 2 44 141
3 8 42 138
1 2 42 136
1 2 42 132
3 2 42 127
4 2 42 127
2 2 42 122
1 3 42 120
3 3 42 115
6 2 43 116
5 3 43 115
2 3 42 113
6 4 42 114
4 2 42 115
1 2 42 116
4 2 42 111
6 3 42 104
3 2 42 102
4 6 42 98
5 3 42 92
2 2 42 91
5 2 42 89
6 2 42 87
3 2 44 87
3 2 45 88
3 2 42 86
6 2 45 86
4 4 42 85
4 2 43 86
1 2 44 87
2 3 42 80
3 3 42 81
3 2 42 75
6 3 42 68
5 3 42 63
3 2 42 63
3 3 42 61
2 3 42 50
5 2 42 46
3 2 42 42
6 2 42 36
3 2 42 37
1 2 42 38
6 2 45 39
4 3 42 37
2 3 42 36
5 2 42 33
2 3 42 31
5 4 42 29
2 5 42 25
1 4 42 8
6 2 43 8
1 6 41 197
1 3 41 191
4 2 41 184
4 3 41 182
1 2 41 178
3 3 41 176
4 2 43 177
1 2 42 176
4 2 41 177
1 2 41 174
2 5 41 170
6 3 41 168
4 3 41 161
5 2 41 155
2 4 41 152
2 2 41 154
2 5 41 138
5 3 41 138
6 3 41 134
6 3 41 127
1 3 41 122
2 2 41 115
1 4 41 111
2 2 41 107
2 2 41 101
4 2 41 102
5 2 42 101
2 2 42 101
3 2 41 100
1 4 41 95
5 3 41 83
5 2 41 81
6 2 41 78
5 3 41 77
6 2 41 74
4 2 41 69
1 3 41 64
4 3 41 62
6 2 41 53
3 2 41 52
6 2 41 46
2 2 41 44
6 2 41 37
6 5 41 33
3 2 41 31
6 3 41 29
6 3 41 27
6 2 42 25
5 3 41 24
3 2 41 6
4 2 40 199
6 2 40 195
2 3 40 194
6 2 40 192
4 2 40 191
6 2 40 185
6 3 40 180
4 2 40 175
5 2 40 173
3 4 40 173
3 2 40 170
3 4 40 167
5 2 42 166
2 2 40 161
2 2 40 157
5 7 40 157
1 3 40 154
1 2 40 143
4 2 40 137
1 3 40 135
2 4 40 133
3 2 40 128
2 2 40 125
5 4 40 124
3 2 40 119
1 2 41 118
4 2 41 117
1 2 40 115
6 3 40 110
5 3 40 107
1 2 40 106
5 3 40 99
2 5 40 97
1 2 40 97
6 7 40 89
2 2 41 89
6 2 43 88
4 3 43 88
1 2 41 88
6 2 40 92
4 2 40 90
5 4 40 86
3 2 40 87
5 2 40 88
6 3 40 82
1 2 40 83
4 2 40 83
2 5 40 81
2 3 40 73
2 5 40 70
6 2 40 66
2 2 40 62
5 2 40 55
4 2 44 56
3 2 44 57
5 2 43 56
1 2 42 56
1 2 40 54
3 2 40 55
2 2 40 52
5 3 40 49
1 2 40 36
1 3 40 31
4 2 40 29
1 2 40 28
6 2 40 23
3 2 40 9
3 2 42 9
5 3 40 5
4 2 40 4
2 3 40 3
5 2 39 200
1 3 39 197
5 3 39 196
3 2 39 192
2 4 39 184
1 2 39 182
2 2 39 179
6 2 39 176
5 2 39 177
6 3 39 171
1 4 39 171
2 2 39 164
6 2 39 163
4 2 39 164
2 2 40 165
5 3 39 165
4 2 39 165
1 2 39 159
2 2 39 150
4 2 40 151
3 3 40 151
4 2 39 132
5 2 44 131
5 3 39 130
6 2 41 130
1 3 39 131
2 2 40 129
5 3 39 128
2 3 39 124
6 2 39 124
5 2 39 119
3 2 39 117
2 2 39 114
4 2 39 113
6 6 39 104
1 3 39 101
6 7 39 96
3 3 39 90
1 3 39 87
6 2 39 81
3 2 39 78
2 3 39 77
3 2 39 73
1 2 39 71
5 3 39 69
2 4 39 60
4 2 39 62
1 2 39 59
1 2 41 58
5 3 41 57
4 3 39 59
6 5 39 56
1 2 39 51
4 3 39 43
3 5 39 31
6 2 39 26
3 3 39 6
4 2 39 6
3 2 38 195
3 2 38 190
2 2 42 189
4 4 38 189
1 2 38 191
2 2 38 191
6 3 38 188
1 2 40 187
5 3 40 186
1 2 38 187
5 2 38 182
1 2 38 179
3 2 38 176
2 4 38 175
4 2 38 170
6 3 38 166
2 2 38 167
5 3 38 162
4 2 38 161
6 2 38 160
3 2 38 161
3 3 38 155
2 6 38 153
1 2 38 150
2 2 38 146
2 2 39 147
3 2 41 146
3 2 38 145
1 2 38 146
2 2 38 145
2 2 38 142
5 2 38 141
6 3 38 136
6 2 38 129
4 2 38 127
1 4 38 121
6 2 40 121
2 2 38 120
3 2 38 121
5 2 38 115
2 2 38 107
4 2 39 106
6 5 38 106
3 2 38 101
5 3 38 96
4 2 38 98
4 2 38 94
5 2 38 89
4 2 38 82
3 3 38 79
1 2 38 79
3 2 38 77
1 2 38 75
5 3 38 74
5 3 38 67
2 2 41 67
3 2 40 67
5 3 40 66
1 3 38 67
3 2 38 62
3 2 38 53
6 5 38 53
5 2 38 50
1 2 38 49
1 2 39 48
3 2 40 47
5 2 40 46
3 3 38 48
1 5 38 45
2 2 40 43
4 2 40 43
6 2 40 42
5 2 38 43
1 2 38 34
2 3 39 35
5 2 38 35
2 3 38 32
6 2 38 29
2 5 38 25
4 2 38 9
3 2 38 7
2 2 38 4
3 2 38 3
6 2 40 2
4 2 39 2
2 2 39 1
1 2 38 4
5 3 37 199
1 2 38 200
6 3 37 199
3 2 37 198
3 3 37 193
5 2 37 191
4 2 37 188
3 2 38 187
2 3 37 186
4 3 37 186
6 2 37 186
6 6 37 183
3 3 37 169
4 3 37 169
1 4 37 168
2 3 37 165
1 3 37 162
6 2 37 148
5 2 37 148
3 4 37 147
3 2 37 132
6 5 37 131
4 3 37 130
3 4 37 124
4 2 37 121
5 2 37 119
4 2 37 110
1 2 38 109
6 2 39 110
3 7 38 109
4 2 37 108
1 2 37 105
2 6 37 104
3 5 37 104
2 2 37 98
3 3 37 88
2 3 37 86
6 3 37 78
6 2 37 75
3 2 37 75
6 2 37 68
2 4 37 64
5 2 37 65
2 2 37 66
4 3 37 65
1 2 37 62
6 3 37 61
3 3 37 59
6 2 39 57
5 3 37 57
2 2 37 56
2 5 37 53
4 2 37 46
3 6 37 35
5 3 37 30
1 3 37 30
3 2 37 26
4 4 37 25
6 2 37 14
2 2 37 9
5 2 37 7
6 4 37 5
3 2 37 4
5 2 36 200
6 2 36 195
3 2 36 189
1 4 36 187
5 2 36 183
2 4 36 180
1 2 36 177
2 4 36 176
6 3 36 164
5 2 36 162
6 3 36 154
5 2 36 145
6 3 36 142
2 2 39 143
5 2 38 143
4 2 37 143
1 2 36 140
5 2 36 137
2 2 36 134
5 3 36 129
4 2 36 126
2 2 36 127
6 2 36 123
3 2 36 121
4 2 36 119
1 2 37 118
6 3 37 119
5 4 36 112
6 2 36 111
1 2 36 110
6 3 36 96
2 4 36 91
5 2 36 76
4 2 36 74
6 3 36 64
4 3 36 59
1 2 36 55
3 3 36 55
4 2 36 51
4 2 37 50
6 2 37 49
5 3 36 49
6 2 36 47
1 2 36 47
6 2 36 44
2 2 36 41
2 2 37 42
5 2 38 41
1 2 41 40
4 2 36 39
3 2 38 40
5 2 40 39
3 2 40 38
6 2 36 39
4 2 39 38
6 2 38 40
2 2 38 41
1 2 38 41
1 5 36 39
5 4 36 37
4 3 36 31
2 2 36 28
5 2 36 25
6 4 36 22
4 8 36 20
1 2 37 22
5 2 37 22
1 3 36 22
3 2 36 22
3 2 36 9
1 2 36 7
5 4 36 4
1 3 36 3
5 2 36 2
5 2 35 197
3 3 35 192
2 2 35 189
5 2 35 188
4 3 35 185
3 2 35 171
2 2 35 168
5 3 35 166
2 2 35 162
6 2 35 159
1 2 35 154
4 2 36 155
3 5 35 153
2 2 35 150
4 2 36 149
5 4 36 149
3 2 35 150
2 5 35 148
3 3 35 144
4 5 35 143
2 4 35 143
3 2 35 140
5 2 35 141
6 2 35 139
3 3 35 138
4 3 35 136
3 2 35 137
5 2 35 123
3 2 35 123
6 2 35 120
3 2 35 119
4 2 35 117
5 2 35 116
1 2 35 114
4 3 35 112
5 2 35 113
2 2 35 111
5 3 35 98
6 2 35 93
1 2 35 93
4 3 35 92
4 9 35 90
4 3 35 86
1 2 38 85
3 2 38 84
6 2 38 85
4 2 37 85
2 2 36 85
3 4 35 78
2 2 35 75
6 5 35 71
4 2 35 70
3 2 37 70
1 2 35 70
5 2 35 68
3 2 35 59
6 2 35 58
5 2 35 55
2 2 36 54
4 3 36 54
5 2 35 52
3 2 35 49
2 2 35 47
6 3 35 42
5 2 35 43
2 4 35 39
6 2 35 32
5 4 35 28
1 2 35 27
6 3 35 23
2 33 35 22
3 3 35 6
4 4 35 2
4 3 34 196
4 2 35 198
6 2 35 197
2 3 34 195
3 2 34 195
6 2 34 188
3 2 34 187
5 4 34 183
1 2 34 180
3 4 34 176
5 2 34 172
4 2 34 170
1 2 34 170
6 4 34 161
4 2 35 160
2 2 35 159
3 4 34 160
5 2 36 158
6 2 35 158
2 2 36 157
1 2 35 157
4 3 34 157
5 2 34 154
2 2 34 138
2 2 37 139
1 2 35 139
6 2 35 138
3 2 34 138
4 2 34 131
3 2 35 130
2 3 34 125
2 4 34 118
6 3 34 116
2 4 34 114
1 2 34 107
2 3 34 107
2 2 35 105
4 2 34 106
3 2 34 105
1 2 34 105
5 2 34 102
1 2 35 101
1 2 34 97
2 4 34 93
5 2 34 92
3 3 34 91
1 2 34 91
5 2 34 86
5 2 34 83
1 2 35 84
5 3 34 80
4 2 36 80
5 2 35 80
4 2 34 77
1 3 34 76
3 3 34 67
2 2 34 65
5 2 34 63
1 3 34 60
5 4 34 59
3 2 34 53
2 2 34 44
3 2 34 45
3 2 34 37
2 2 35 36
5 2 34 35
2 2 34 34
5 2 34 31
6 2 34 30
6 2 34 26
5 3 34 25
4 13 34 22
3 2 33 198
4 2 33 195
5 2 33 194
3 3 33 191
1 2 35 192
6 4 35 191
5 2 33 192
3 4 33 185
5 2 33 186
4 4 33 180
1 2 36 181
3 2 36 180
1 2 33 177
3 3 33 168
6 2 33 164
4 2 33 163
3 2 33 163
1 2 33 156
4 2 33 153
6 3 33 152
2 2 33 152
3 2 33 149
1 2 33 146
5 3 33 145
1 5 33 141
6 2 33 142
1 2 34 141
2 2 33 141
2 2 33 132
1 3 33 131
2 2 35 131
1 2 34 131
3 4 33 130
3 2 33 123
4 2 33 124
4 3 33 121
2 3 33 121
5 3 33 121
6 2 33 112
4 2 33 109
1 3 33 109
5 2 33 104
1 2 33 99
5 2 33 95
3 3 33 94
1 2 33 95
2 2 33 94
2 4 33 89
1 2 33 85
3 2 33 85
2 8 33 84
4 2 33 79
3 2 33 75
6 2 33 65
4 3 33 61
3 2 33 61
5 2 33 55
3 2 33 50
5 5 33 51
4 4 33 47
1 2 33 45
4 7 33 41
2 6 33 30
3 4 33 29
3 5 33 14
1 8 33 11
6 4 33 4
3 2 32 193
4 2 32 193
6 2 32 187
4 2 32 184
6 2 32 176
5 2 32 175
5 2 33 174
4 3 33 173
1 3 32 165
5 2 32 162
4 2 32 161
5 3 32 157
1 3 32 154
1 3 32 151
6 3 32 146
4 4 32 140
6 3 32 133
4 2 33 133
5 2 34 134
3 2 34 134
6 2 34 135
5 2 33 135
3 2 32 127
6 2 34 126
6 2 33 128
5 2 33 126
1 2 33 125
1 2 32 119
5 2 32 118
2 2 32 116
1 2 32 112
3 4 32 108
1 2 32 103
6 2 34 102
6 2 32 102
3 2 32 96
2 3 32 92
3 3 32 88
2 3 32 86
1 2 32 83
3 2 32 82
6 2 32 80
1 3 32 80
4 3 32 76
2 2 32 73
3 4 32 70
4 2 33 70
4 2 32 67
4 2 34 68
2 2 33 68
2 2 32 66
3 4 32 65
1 2 32 67
6 5 32 62
2 3 32 58
4 2 32 56
4 2 32 54
6 5 32 54
5 3 32 45
1 3 32 38
6 3 32 36
1 4 32 25
6 2 32 21
1 2 32 19
3 8 32 17
6 8 32 10
4 2 32 7
6 2 32 5
3 3 31 196
6 2 31 193
1 2 31 190
2 2 32 191
5 2 31 189
3 2 31 183
2 2 31 181
1 2 31 181
6 2 31 178
3 2 31 179
4 2 36 178
5 3 36 178
3 3 31 175
2 3 31 166
6 4 31 160
6 3 31 157
4 3 31 156
5 2 31 153
3 2 31 144
1 3 31 136
2 2 31 136
5 4 31 136
6 3 31 128
3 4 31 124
6 2 31 120
1 2 31 118
3 9 31 117
2 3 31 114
3 2 34 115
1 2 34 115
3 2 31 115
4 2 31 116
6 2 31 116
4 2 31 108
6 3 31 106
5 3 31 103
4 2 31 102
4 2 31 98
6 3 31 99
4 2 32 100
2 5 31 100
4 2 34 100
3 3 31 100
1 5 31 97
2 2 31 96
5 3 31 94
3 2 31 84
4 3 31 82
2 5 31 77
4 2 31 71
3 2 32 72
2 2 33 73
5 2 33 74
6 2 33 73
1 3 32 74
5 2 31 72
2 2 31 69
6 2 33 70
5 3 31 68
1 6 31 53
4 3 31 46
2 3 31 39
2 4 31 36
5 2 31 34
2 2 31 33
5 2 31 33
3 3 31 32
5 2 31 28
3 3 31 23
2 2 31 22
4 17 31 10
3 2 31 7
2 2 31 7
3 3 31 3
2 2 32 4
5 4 30 200
3 2 31 200
1 2 30 197
6 2 30 198
6 2 30 195
2 3 30 194
2 2 30 189
3 4 30 189
5 2 30 190
5 2 31 191
2 4 30 187
4 2 30 183
5 3 30 182
3 3 30 181
5 2 32 180
4 2 31 180
2 2 30 178
4 3 30 176
5 2 30 167
3 6 30 166
4 2 30 168
4 5 30 163
2 2 30 158
3 2 30 153
5 5 30 151
6 3 30 151
1 5 30 150
5 2 32 149
2 2 30 147
4 2 31 146
4 4 30 144
1 3 30 133
2 3 30 133
5 2 30 132
6 2 31 131
3 3 30 131
3 4 30 128
6 2 30 123
5 2 30 116
2 2 30 116
5 2 30 113
5 2 32 112
6 2 31 112
5 7 30 101
6 2 30 100
6 2 30 97
6 2 30 94
4 3 30 92
5 5 30 91
2 2 30 88
4 2 30 87
6 8 30 86
4 2 30 85
2 2 30 80
4 2 30 79
5 2 30 75
6 2 30 71
1 5 30 70
1 5 30 64
4 5 30 61
1 2 30 59
5 2 30 56
3 4 30 49
3 4 30 40
3 3 30 38
4 2 30 36
5 2 30 37
1 2 30 36
1 2 30 34
1 3 30 32
4 2 30 30
2 2 30 25
2 5 30 15
5 2 30 7
4 2 30 4
4 2 30 1
1 4 29 190
3 2 29 186
4 2 29 187
1 3 29 185
5 2 29 180
6 5 29 181
4 2 29 182
2 2 29 182
2 2 29 175
1 2 31 174
1 2 29 171
6 2 33 172
5 2 31 172
1 2 31 171
6 4 29 165
4 2 29 165
2 3 29 162
5 3 29 160
4 3 29 160
3 3 29 156
4 2 29 149
3 4 29 148
3 2 30 147
1 7 29 146
1 2 29 143
2 3 29 143
6 3 29 138
6 2 29 135
1 4 29 135
5 3 29 131
6 2 29 126
1 2 30 126
1 3 29 121
5 2 29 118
3 2 29 115
3 2 29 110
1 3 29 110
3 3 29 105
2 2 29 100
6 3 29 91
3 2 29 86
4 2 29 81
3 2 29 82
1 2 29 77
3 2 29 78
2 3 29 74
4 2 29 73
2 2 29 70
6 2 29 70
4 3 29 70
4 3 29 64
3 2 29 56
2 2 29 56
4 2 29 52
4 2 30 51
6 3 30 50
2 2 29 51
3 2 29 50
2 3 29 49
6 2 30 48
4 2 29 50
5 8 29 47
6 2 29 46
1 2 29 45
6 3 29 44
4 3 30 45
1 3 29 45
2 2 29 45
3 2 29 36
6 2 29 34
2 6 29 32
3 8 29 25
2 2 29 26
2 3 29 6
1 2 29 5
6 8 28 199
2 2 29 200
4 2 28 197
5 2 29 196
2 2 29 196
6 2 28 195
5 2 28 192
5 2 29 193
4 3 28 191
6 7 28 187
6 2 28 184
5 2 28 185
2 2 28 185
3 3 28 181
3 5 28 176
6 2 28 178
3 2 28 178
1 2 28 167
1 4 28 162
5 2 28 163
2 3 28 160
3 2 28 158
4 2 28 155
3 2 28 154
1 2 28 152
4 2 28 151
5 2 28 141
3 2 30 140
2 5 28 131
6 2 28 132
5 5 28 128
3 4 28 125
6 9 28 119
2 2 28 118
6 2 28 115
6 2 29 114
1 3 28 114
6 2 28 108
5 2 29 107
1 2 28 104
3 3 28 99
4 3 28 97
2 3 28 95
6 3 28 95
4 2 28 89
2 3 28 87
4 2 28 84
2 2 28 83
1 5 28 81
2 3 28 79
3 2 28 76
3 3 28 69
5 2 28 66
2 2 28 67
5 4 28 63
5 2 28 61
2 2 28 60
5 2 29 59
3 3 28 59
4 2 28 56
6 3 28 55
5 2 28 46
5 2 28 44
3 3 28 42
2 2 31 42
5 2 28 41
2 3 28 40
3 3 28 38
4 2 28 36
3 2 28 34
6 3 28 28
5 2 30 27
4 2 30 26
3 4 28 29
4 2 28 23
6 2 28 21
3 2 28 22
2 2 28 3
6 3 28 4
1 4 28 2
5 2 27 197
1 3 27 196
3 4 27 184
5 2 27 181
2 3 27 175
3 2 27 173
4 2 27 166
2 2 27 166
1 2 27 166
5 3 27 164
6 2 27 163
5 2 27 149
3 5 27 146
4 3 27 143
4 3 27 138
1 2 27 138
2 3 27 135
5 4 27 134
3 3 27 129
5 2 27 125
6 2 27 125
1 2 27 124
6 3 27 122
4 5 27 115
5 2 27 112
6 2 27 112
2 3 27 109
5 4 27 108
1 2 27 100
6 2 27 101
4 3 27 102
6 3 27 103
1 2 27 89
2 2 27 81
3 3 27 79
5 9 27 79
3 2 27 74
2 2 27 73
4 4 27 66
6 3 27 60
3 2 27 46
5 2 27 42
6 2 28 42
3 2 28 42
6 3 27 38
1 2 27 35
1 4 27 27
1 2 27 22
5 160 27 20
2 3 27 9
1 2 27 9
5 2 27 8
1 2 28 8
6 2 28 8
4 3 27 7
2 3 27 5
6 2 27 5
5 5 27 4
4 5 26 197
3 3 26 194
4 3 26 190
2 4 26 188
6 3 26 182
1 2 26 175
5 4 26 171
3 2 29 169
4 2 27 171
4 2 26 168
3 5 26 168
6 2 26 167
5 2 26 166
6 2 26 153
5 2 26 144
1 3 26 142
2 2 28 141
6 2 26 142
5 2 26 140
3 2 26 141
3 5 26 138
2 2 26 128
5 3 26 123
6 2 26 119
3 2 26 112
5 2 26 109
6 3 26 109
4 2 26 105
2 2 26 106
3 2 26 106
1 2 26 101
4 4 26 97
6 2 26 98
1 2 26 91
5 3 26 90
2 2 26 92
3 4 26 91
6 2 26 93
2 3 26 94
6 3 26 89
2 3 26 86
1 2 27 85
5 4 27 85
1 4 26 77
4 2 26 76
6 3 26 76
3 3 26 72
6 3 26 70
6 5 26 66
5 4 26 60
3 2 26 62
2 3 26 63
3 2 26 63
2 4 26 57
1 2 26 57
2 2 26 53
3 2 26 53
3 2 26 44
5 2 26 33
2 2 26 27
2 2 26 23
3 4 26 4
3 2 25 199
1 2 26 199
1 2 27 200
3 3 27 200
4 3 26 200
6 3 25 200
4 2 25 193
4 2 25 180
1 5 25 180
4 2 25 176
6 2 25 174
4 2 25 171
3 4 25 161
2 2 25 160
1 2 26 160
5 2 26 159
1 2 27 158
2 2 27 157
5 2 25 157
1 4 25 156
6 2 25 154
2 2 26 154
5 2 25 153
1 2 25 151
2 3 25 148
4 2 25 142
6 4 25 129
4 4 25 129
5 4 25 125
4 2 25 123
1 3 25 116
3 4 25 110
2 2 25 111
4 4 25 110
1 3 25 106
5 2 25 102
5 3 25 96
1 2 25 90
2 3 25 88
1 2 25 87
6 2 25 83
4 2 25 77
1 3 25 75
6 3 25 74
4 3 25 71
3 3 25 66
5 2 25 67
3 2 26 68
1 2 25 61
5 7 25 57
3 2 25 58
5 3 25 48
3 2 25 49
6 3 25 47
1 2 25 38
1 2 26 39
2 2 25 37
6 3 25 32
1 5 25 30
6 4 25 29
1 2 25 22
3 2 25 9
2 2 25 7
1 2 25 8
2 3 24 199
2 3 24 194
1 3 24 191
6 2 25 190
2 2 24 186
3 2 24 184
2 6 24 182
2 3 24 180
3 2 24 180
6 5 24 178
2 2 24 176
5 2 24 174
5 2 25 174
2 3 25 173
3 3 24 174
1 2 24 170
2 5 24 169
4 2 26 170
3 2 24 155
4 5 24 154
1 2 24 146
6 2 24 139
5 2 24 138
1 3 24 137
3 2 24 134
4 2 25 135
2 2 25 135
4 2 24 131
1 2 25 131
5 2 24 131
6 3 24 120
5 2 24 119
3 2 24 117
6 2 24 116
5 5 24 113
6 2 24 111
1 2 24 111
6 2 24 107
2 2 24 108
4 5 24 107
4 2 24 105
3 2 24 104
2 6 24 102
3 2 24 98
2 2 24 91
4 3 24 90
6 2 24 85
4 2 24 84
2 2 24 77
2 2 24 72
1 2 24 70
2 3 24 64
3 3 24 60
1 2 24 59
2 2 24 58
2 2 24 54
2 3 24 44
6 2 24 30
3 2 24 29
5 2 24 23
4 2 24 24
6 2 24 21
6 2 24 9
4 3 24 7
6 2 24 6
4 2 23 200
6 3 23 197
3 2 23 198
1 2 23 195
4 7 23 164
6 2 23 166
3 2 23 165
5 2 23 162
3 2 23 159
5 2 23 158
4 2 23 148
6 3 23 145
6 2 23 142
3 2 23 141
5 2 23 140
6 2 23 135
1 8 23 130
4 6 23 124
2 2 23 123
1 2 24 122
6 2 24 122
3 2 24 121
1 2 23 120
5 2 23 116
2 3 23 106
3 2 23 106
5 2 23 104
3 2 23 100
5 2 23 101
4 5 23 87
4 3 23 78
5 5 23 76
2 6 23 73
5 10 23 71
2 2 23 68
4 3 23 67
2 2 23 65
3 4 23 57
6 2 24 57
1 6 23 54
3 2 25 52
6 2 25 52
1 3 25 51
6 3 23 50
2 2 23 46
5 4 23 44
6 2 23 44
3 2 23 42
6 3 23 41
4 2 25 41
1 2 23 41
6 2 23 36
6 2 24 37
5 2 23 33
4 2 26 34
6 2 25 34
1 3 25 33
3 2 23 32
5 2 23 29
2 2 23 22
2 2 23 7
4 3 22 197
4 2 22 194
4 7 22 191
2 2 22 188
1 2 23 187
3 2 22 188
5 3 22 187
4 6 22 185
4 5 22 179
6 2 22 178
6 2 22 174
2 2 23 174
6 3 23 175
5 8 22 173
3 2 23 171
6 2 25 170
5 2 25 170
6 6 23 170
1 2 22 172
6 4 22 163
1 3 22 163
6 3 22 158
3 2 23 159
2 2 22 157
6 4 22 156
1 3 22 152
2 2 22 152
5 2 22 150
3 2 25 151
3 2 23 151
4 2 22 151
6 4 22 149
2 3 22 145
5 6 22 145
6 2 22 138
6 2 24 137
6 4 22 132
5 3 22 129
2 4 22 127
3 4 22 120
6 2 22 114
5 3 22 106
3 3 22 104
1 3 22 101
1 2 22 99
1 3 22 97
6 4 22 88
4 3 22 83
5 2 25 82
4 2 23 82
2 2 22 84
1 2 22 79
4 2 24 80
1 2 24 80
6 3 22 79
1 2 22 62
4 2 22 61
6 10 22 55
2 2 22 49
4 2 24 48
1 2 22 47
1 2 22 39
4 5 22 40
3 2 23 41
5 2 23 41
2 2 22 39
4 3 22 38
5 2 22 31
2 4 22 27
4 2 22 24
6 2 22 2
4 2 22 2
1 2 22 2
5 2 21 199
3 2 21 195
5 2 21 193
6 2 21 187
2 6 21 180
3 3 21 178
3 2 21 175
5 3 21 165
3 5 21 162
4 2 21 158
4 2 22 159
6 2 21 153
5 2 21 154
1 2 21 140
4 3 21 141
4 2 21 138
2 3 21 137
1 8 21 135
4 2 25 133
3 2 21 131
5 2 21 126
5 2 21 123
1 2 21 122
6 2 21 120
4 2 21 121
2 5 21 121
3 5 21 114
4 2 21 113
4 2 21 102
6 4 21 99
3 2 21 99
5 3 21 96
1 2 23 95
1 2 21 81
3 2 21 79
6 2 21 76
4 2 21 75
1 2 21 72
2 2 21 69
1 2 21 68
4 2 21 69
3 2 21 70
5 2 21 67
3 2 21 67
5 4 21 62
3 3 21 49
1 3 21 50
2 2 23 51
3 2 23 50
6 2 22 51
3 3 21 46
2 2 22 45
2 2 21 40
5 2 21 39
1 6 21 37
6 2 21 34
3 3 21 31
4 3 21 28
5 2 24 26
1 3 21 27
1 2 21 22
5 2 21 4
5 2 23 5
1 9 21 4
3 2 20 200
6 2 20 198
6 2 20 193
5 2 20 190
2 2 20 189
1 3 20 186
2 2 20 183
1 2 21 182
5 2 20 182
5 3 20 175
5 2 20 177
4 2 20 173
5 2 20 159
2 6 20 159
3 2 20 153
3 2 20 148
4 2 20 143
3 3 20 143
2 2 20 142
1 2 20 142
5 5 20 142
6 2 20 144
5 3 20 131
6 4 20 127
3 3 20 127
1 2 20 124
2 2 20 124
1 2 20 118
4 2 22 119
4 2 20 119
5 2 20 120
3 3 20 118
3 5 20 113
1 5 20 109
1 3 21 110
4 2 21 110
2 2 20 110
3 2 20 109
4 2 20 98
5 3 20 98
1 2 20 97
2 4 20 89
5 2 20 90
1 2 20 85
4 2 20 81
3 2 21 82
6 2 20 82
1 2 20 83
6 2 20 69
2 5 20 67
3 3 20 60
3 2 20 53
5 3 20 48
6 2 20 45
4 6 20 44
4 2 20 42
1 5 20 41
2 2 20 37
5 2 20 34
4 2 20 34
5 3 20 29
3 2 20 28
3 2 22 27
5 4 20 27
6 2 20 22
5 2 20 23
6 2 20 24
5 2 20 25
1 2 20 25
2 2 20 24
3 2 20 24
2 5 20 9
1 2 20 9
3 2 20 8
1 2 20 6
5 2 20 6
3 2 20 5
4 2 19 199
2 2 19 195
5 2 19 193
4 2 19 194
5 13 19 189
2 2 19 185
3 8 19 182
1 2 19 179
4 2 19 177
1 2 19 177
3 3 19 176
2 5 19 171
2 2 19 167
5 2 21 168
6 4 19 157
6 2 22 155
2 3 22 155
4 2 19 156
3 2 19 155
4 2 19 153
6 3 19 151
3 4 19 149
3 3 19 144
6 2 19 141
3 2 19 139
2 2 19 139
1 2 19 138
4 2 19 134
4 4 19 129
1 3 19 127
5 4 19 113
4 2 19 104
2 2 19 103
1 2 20 104
6 3 19 104
2 2 19 96
6 2 19 92
3 3 19 92
3 2 20 93
5 2 22 94
3 4 22 95
2 2 22 95
5 2 20 92
6 2 20 91
3 4 19 80
1 2 19 79
3 3 19 78
4 2 19 73
4 5 19 60
2 2 19 60
6 4 19 51
4 2 20 50
5 2 20 50
2 2 19 52
4 2 20 53
6 2 19 47
5 2 19 46
5 3 19 43
1 3 19 44
5 2 19 32
2 3 19 30
1 5 19 28
2 3 19 27
4 2 19 23
4 4 19 8
3 2 19 1
6 2 18 194
3 2 18 190
6 2 18 191
5 2 18 189
1 2 18 185
3 2 18 178
6 3 18 172
1 3 18 171
5 2 19 170
2 2 20 169
1 2 18 168
6 4 18 166
4 2 18 155
1 2 18 152
2 2 18 148
4 3 18 147
6 2 18 135
3 2 19 134
1 2 24 133
2 2 24 133
2 2 18 133
4 2 20 133
6 2 18 132
3 2 18 131
5 2 18 126
1 2 18 123
4 2 18 119
6 2 18 117
6 2 18 115
1 3 18 115
6 2 18 113
6 2 18 111
2 2 18 109
5 2 18 107
3 2 18 106
5 4 18 105
4 3 18 102
4 2 18 95
4 2 18 92
2 3 18 92
6 2 18 87
6 3 18 85
5 2 20 84
5 2 18 86
3 2 19 87
2 2 18 86
5 3 18 80
1 2 18 78
1 2 18 76
3 2 20 75
1 2 19 75
3 2 18 76
5 2 18 73
1 2 18 67
6 4 18 65
3 2 22 64
1 2 21 64
3 2 20 63
4 3 20 63
6 2 22 63
6 2 20 62
5 2 19 64
5 2 19 62
6 2 18 58
3 2 19 57
6 2 19 58
1 2 21 57
5 3 21 57
4 5 18 33
4 2 18 29
2 3 18 7
3 2 18 8
5 2 18 4
2 3 18 3
2 3 17 200
5 3 17 199
2 4 17 198
1 2 17 197
3 3 17 195
4 2 17 193
2 3 17 191
3 2 17 192
3 2 17 189
5 5 17 187
2 6 17 182
2 3 17 178
1 2 17 174
1 2 18 174
2 3 17 173
4 2 17 170
5 3 17 168
3 2 17 166
4 2 19 165
2 2 19 164
1 2 17 166
3 4 17 162
1 3 17 161
4 2 17 162
2 2 17 161
6 4 17 159
2 2 17 155
6 2 17 146
5 2 17 145
2 2 17 137
4 2 17 137
3 3 17 136
2 4 17 135
2 2 17 132
6 2 17 130
3 2 17 127
4 2 17 126
3 4 17 118
2 2 17 117
1 2 17 116
2 4 17 115
2 3 17 113
3 2 17 111
6 3 17 109
1 4 17 108
3 3 17 105
5 3 17 101
5 2 17 98
2 3 17 99
1 3 17 100
6 3 17 97
5 2 17 95
6 2 21 95
5 2 17 88
1 2 17 88
1 2 17 86
4 2 17 84
1 3 17 83
5 2 17 82
2 2 17 76
3 3 17 69
4 3 17 69
2 2 17 62
3 2 17 61
1 5 17 55
2 4 17 55
3 2 17 46
1 2 17 42
6 2 17 41
5 2 17 38
6 2 17 37
3 3 17 32
3 2 17 27
3 4 17 23
3 2 17 3
5 4 16 198
5 3 16 195
2 2 16 196
1 2 16 191
4 2 16 188
6 2 16 184
1 3 16 180
2 2 16 171
1 3 16 169
4 4 16 167
6 3 16 165
1 2 16 157
5 5 16 154
1 2 16 151
3 2 16 151
2 2 18 151
4 2 16 146
1 3 16 144
6 5 16 138
6 2 17 140
1 3 16 130
3 2 16 129
5 4 16 128
6 2 16 124
4 4 16 123
2 2 16 123
6 2 16 124
3 9 16 123
3 2 16 120
2 2 16 120
3 2 17 121
1 2 16 119
3 3 16 113
1 2 16 110
4 2 16 108
6 4 16 107
3 2 16 95
3 5 16 90
6 2 16 90
4 3 16 89
5 2 16 86
3 2 16 85
4 3 16 84
3 3 16 79
5 2 16 78
3 4 16 73
1 2 18 72
6 2 16 68
2 2 16 67
6 4 16 66
2 2 16 64
1 2 16 63
5 5 16 61
3 2 16 58
6 2 16 53
1 2 17 52
4 3 17 51
1 3 16 48
5 2 16 34
1 2 16 33
5 4 16 32
6 2 16 25
1 2 16 22
6 2 16 21
1 4 16 9
6 4 16 9
1 5 16 7
5 7 16 3
1 2 16 2
5 3 16 1
1 4 15 200
4 3 15 196
3 2 15 197
2 3 15 192
1 2 16 193
2 2 15 189
1 4 15 187
3 2 15 178
1 2 15 173
5 2 15 172
3 6 15 171
2 3 15 167
2 3 15 164
5 2 15 162
6 4 15 161
4 2 15 157
2 3 15 153
3 2 15 153
4 3 15 151
5 3 15 150
6 2 15 151
5 2 16 150
4 2 16 149
1 4 15 150
6 2 15 149
1 2 15 145
5 2 15 142
2 3 15 141
2 2 16 140
3 3 15 139
4 2 15 140
1 3 15 139
5 6 15 134
6 2 15 129
6 3 15 118
4 3 15 113
6 2 15 112
5 4 15 111
2 5 15 108
3 2 15 101
2 8 15 99
1 2 15 96
2 6 15 93
4 3 15 85
5 3 15 76
4 2 15 72
3 2 15 71
1 2 16 70
4 2 15 68
5 2 15 65
2 8 15 63
2 2 15 58
3 2 15 55
4 2 15 50
2 2 16 49
2 2 15 51
3 2 15 50
6 6 15 46
4 2 15 43
3 2 16 44
3 2 15 41
6 2 18 40
5 2 16 40
2 2 17 39
2 2 15 39
1 2 15 36
3 2 16 35
2 2 16 35
6 7 16 35
1 3 15 26
6 2 16 27
3 3 15 21
4 2 15 22
1 3 15 21
2 2 14 198
6 3 14 195
4 2 14 191
4 2 14 186
6 3 14 187
2 3 14 184
6 6 14 183
3 2 15 184
4 4 14 181
5 2 14 177
4 2 16 177
3 3 14 177
2 2 14 173
5 2 14 166
4 3 14 165
3 2 14 161
2 4 14 160
6 2 14 158
3 2 14 157
3 3 14 148
1 2 14 147
2 5 14 145
6 2 14 143
5 5 14 140
5 3 14 139
4 3 14 116
1 3 14 114
6 2 14 102
6 2 16 103
3 2 14 96
4 2 14 96
1 2 14 95
1 2 14 85
3 2 14 83
1 3 14 81
4 3 14 75
6 3 14 76
2 2 14 74
4 2 14 74
2 2 14 70
5 2 14 71
6 2 15 72
1 2 14 68
2 2 14 66
4 2 14 65
6 3 14 65
4 5 14 54
6 5 14 51
5 2 14 43
4 2 14 37
1 2 15 36
4 2 15 37
6 2 16 38
3 2 15 36
4 2 14 34
4 2 14 31
3 2 14 30
1 3 14 30
5 2 14 30
6 2 14 25
6 2 15 24
3 2 14 3
4 2 15 4
6 3 15 4
6 2 13 198
5 2 13 199
1 5 13 196
4 2 13 189
5 2 13 181
2 2 13 169
1 3 13 169
2 2 13 155
3 2 13 155
4 2 13 149
1 2 13 145
4 2 13 145
2 2 13 143
3 2 13 141
6 2 13 139
3 2 13 137
1 2 14 136
4 2 13 137
2 4 13 136
1 3 13 131
3 3 13 132
6 2 13 133
4 7 13 132
5 5 13 131
4 2 13 122
3 2 13 117
3 4 13 114
3 2 13 104
3 2 15 103
4 2 13 102
6 6 13 97
6 4 13 94
6 2 13 93
1 2 13 90
6 2 14 89
3 4 14 88
3 2 15 87
4 2 14 87
5 2 13 91
2 2 13 90
3 3 13 90
2 4 13 86
6 2 13 87
5 2 13 82
4 2 13 81
1 2 13 82
2 3 13 81
3 2 13 78
3 3 13 76
4 4 13 65
6 4 13 63
3 2 13 61
1 2 13 55
3 2 13 53
5 4 13 47
1 2 14 48
4 3 14 47
3 6 13 47
4 4 13 41
1 2 13 36
3 2 13 25
5 2 15 26
3 2 14 26
5 2 13 24
2 4 13 22
4 3 13 20
2 2 14 19
3 3 13 19
4 2 13 16
6 3 13 14
4 3 13 4
6 2 12 200
4 2 12 194
5 2 13 193
3 2 12 193
1 2 12 191
5 4 12 184
6 2 12 180
5 3 12 176
4 2 15 175
4 2 12 175
6 2 12 170
3 3 12 160
1 3 12 161
5 2 12 159
2 5 12 157
4 2 12 155
2 2 12 152
3 2 12 145
1 2 12 146
5 2 12 136
2 2 12 130
6 2 12 126
1 5 12 124
6 5 12 116
6 4 12 113
5 2 12 109
3 2 12 108
5 3 12 105
1 2 13 105
2 2 12 105
6 3 12 103
5 2 12 101
3 2 12 96
6 2 12 89
5 4 12 87
5 4 12 84
6 4 12 79
5 2 12 75
3 3 12 70
5 3 12 64
4 4 12 62
2 2 12 60
5 3 12 57
5 2 13 58
1 2 18 57
4 3 18 56
5 2 16 57
4 2 15 57
4 2 13 57
1 2 12 58
6 2 12 49
2 2 12 37
3 2 12 34
3 2 12 28
4 2 12 27
2 2 14 28
4 2 14 27
1 2 12 21
2 2 12 18
4 5 12 11
2 2 13 12
2 2 12 10
6 2 13 9
1 2 12 9
4 2 12 10
3 2 12 9
6 3 12 7
4 5 12 5
6 2 12 4
5 2 12 2
2 2 11 198
6 2 11 195
2 2 11 194
4 2 11 193
4 2 11 190
3 2 11 189
1 2 11 188
1 2 12 187
3 2 12 186
2 3 11 183
5 2 11 182
4 4 11 181
1 2 11 179
2 2 12 179
2 3 11 177
6 3 11 174
1 3 11 173
3 2 11 167
6 3 11 165
1 2 11 164
4 2 11 161
6 3 11 160
3 5 11 158
6 2 11 156
5 4 11 153
3 2 12 151
1 2 11 148
2 3 11 147
3 3 11 147
4 2 11 145
3 2 12 144
6 3 11 145
6 2 11 141
6 2 12 142
3 2 11 141
4 2 12 140
2 4 12 139
1 3 11 141
3 2 11 136
1 2 11 128
3 2 11 129
6 3 11 128
2 2 11 127
6 2 11 122
1 3 11 120
6 2 13 120
5 2 11 112
4 2 11 112
2 2 11 112
6 2 11 107
4 2 11 105
4 2 11 98
5 2 11 97
5 2 11 91
3 6 11 80
1 4 11 79
6 2 11 77
2 2 11 76
3 5 11 64
5 2 11 61
3 2 11 50
4 2 11 51
4 4 11 47
6 2 11 45
1 2 14 45
4 2 12 45
6 2 12 45
2 3 12 44
5 3 11 41
3 2 11 37
5 2 11 38
1 2 11 39
1 2 12 40
5 2 11 40
3 2 11 40
6 2 11 38
5 5 11 35
4 2 11 33
4 2 11 23
5 4 11 16
3 2 11 10
4 2 11 3
1 2 10 194
5 3 10 192
3 2 11 192
5 2 10 179
5 2 11 179
4 3 10 178
5 2 10 176
3 2 10 175
5 2 10 173
5 2 10 170
4 3 10 168
3 2 12 167
1 2 11 167
6 2 10 166
5 3 10 163
6 2 10 163
2 2 10 162
1 4 10 160
4 2 10 157
5 2 10 156
2 2 10 152
1 3 10 151
5 3 10 151
5 2 10 146
6 2 10 138
4 2 10 130
5 3 10 126
2 2 10 123
3 3 10 119
5 2 10 100
4 2 10 100
1 5 10 99
3 2 10 97
5 7 10 79
4 2 10 76
2 2 10 68
4 2 10 68
3 2 11 67
1 2 10 59
4 4 10 58
1 2 10 53
5 3 10 52
6 2 10 49
1 2 10 49
5 3 10 50
1 3 10 45
5 2 10 44
1 2 13 43
2 2 13 42
6 2 10 43
2 2 10 42
6 3 10 41
1 3 10 33
3 2 12 33
5 2 11 33
3 2 10 32
2 2 10 31
4 2 12 30
2 3 12 29
4 9 10 31
5 2 10 26
2 2 10 27
6 2 10 25
3 3 10 21
1 2 10 15
2 4 10 13
6 2 10 11
2 3 10 9
1 3 10 7
1 4 10 3
3 2 10 4
6 3 9 193
1 2 10 192
5 2 9 190
6 2 9 187
6 2 10 186
6 5 9 182
1 5 9 178
3 3 9 177
1 2 9 168
6 2 9 169
3 3 9 161
1 3 9 155
3 2 9 154
4 2 9 133
5 3 9 132
1 2 10 133
3 3 10 132
1 2 9 129
2 2 9 127
6 3 9 125
3 2 9 123
5 2 9 122
6 2 9 121
5 2 9 115
4 2 9 114
2 2 10 115
1 2 9 115
1 2 9 111
6 5 9 110
3 3 9 107
5 2 11 108
2 2 10 109
1 3 9 106
1 2 9 107
3 3 9 106
2 4 9 103
2 2 10 104
6 4 9 97
1 2 9 92
4 2 12 93
5 2 12 94
3 2 12 93
1 2 11 94
2 2 9 92
5 2 9 93
6 2 10 94
3 2 9 90
2 2 10 90
5 2 9 89
5 4 9 87
1 3 9 74
2 3 9 75
5 2 9 73
3 2 9 72
1 2 11 72
5 2 11 71
5 2 9 60
4 2 9 61
6 2 9 57
6 2 10 56
1 2 10 56
2 3 10 55
4 3 9 54
3 2 9 52
3 2 9 45
1 2 9 39
4 2 9 40
3 5 9 40
6 2 9 36
1 3 9 35
6 2 9 36
5 2 9 35
1 3 9 26
5 4 9 24
6 2 9 19
6 3 9 16
6 2 10 17
2 2 12 18
3 2 12 17
1 2 11 17
3 2 9 13
1 6 9 12
5 2 9 9
6 3 9 8
4 2 9 7
5 2 9 4
6 2 9 3
3 6 8 199
2 2 8 200
6 5 8 189
3 2 8 189
3 2 8 185
3 3 8 181
6 2 8 175
2 2 8 169
4 2 9 170
3 2 8 170
4 3 8 164
3 2 9 164
2 2 8 165
2 2 9 166
4 3 8 166
2 3 8 157
3 7 8 150
4 2 8 153
1 2 8 147
2 4 8 136
1 2 8 135
2 2 8 134
5 2 8 135
2 2 8 135
6 2 8 133
2 5 8 131
1 2 8 130
6 2 8 118
4 2 11 118
3 3 8 117
4 4 8 115
3 2 8 110
6 4 8 108
1 2 8 104
3 2 8 102
3 3 8 98
5 4 8 96
3 2 8 94
6 2 8 92
1 2 8 90
6 2 8 89
3 3 8 88
2 4 8 79
5 2 8 77
3 2 8 78
4 4 8 78
6 2 8 73
4 2 11 72
3 3 11 72
2 2 10 72
4 2 9 72
2 2 8 73
2 2 8 71
2 2 8 59
6 2 8 53
6 2 8 45
5 3 8 37
4 3 8 36
2 3 8 35
4 2 8 28
2 2 8 24
5 2 8 17
6 3 8 7
3 2 8 6
3 2 8 2
4 3 7 197
5 2 10 197
3 3 9 197
5 2 7 197
2 2 9 196
4 2 8 196
1 3 7 196
2 5 7 194
5 2 7 192
3 2 9 192
6 2 8 192
1 3 7 187
5 2 7 185
3 2 7 182
1 3 7 181
1 4 7 173
4 2 12 172
2 6 7 170
5 4 7 165
6 2 7 166
4 2 7 161
4 2 7 159
6 3 7 158
2 3 7 153
4 3 7 150
6 4 7 149
3 2 7 146
1 2 7 138
1 2 8 139
5 2 10 140
6 2 7 135
4 2 7 133
2 2 7 130
5 3 7 129
1 2 7 126
3 3 7 122
2 2 8 124
1 3 7 118
4 2 7 119
5 2 7 119
1 5 7 111
1 4 7 101
5 5 7 100
2 2 8 101
4 2 8 100
1 2 7 91
1 2 7 85
6 3 8 86
2 2 8 84
5 2 7 77
2 2 7 76
5 5 7 75
5 4 7 69
6 2 8 70
5 2 9 69
4 2 9 70
1 2 8 69
5 4 8 69
3 2 8 68
1 2 7 72
3 3 7 70
6 4 7 63
5 3 7 61
1 3 7 60
4 5 7 58
2 3 7 51
1 2 7 52
4 3 7 50
4 3 7 45
2 2 7 44
4 3 7 39
2 2 7 37
6 2 7 35
6 2 7 31
2 2 7 22
5 2 10 23
2 3 10 22
4 2 7 17
2 4 7 9
4 11 7 8
6 2 7 5
2 2 7 2
1 2 6 193
3 2 6 190
6 2 6 189
2 2 6 186
4 4 6 185
5 2 8 184
1 2 8 183
6 5 6 184
3 2 6 179
5 2 6 177
4 2 6 176
2 4 6 175
6 2 6 168
4 2 6 166
3 2 6 160
4 2 6 158
3 4 6 156
6 2 6 154
6 2 6 141
2 4 6 140
5 2 6 140
4 5 6 137
2 2 6 138
1 3 6 134
6 2 6 127
3 2 6 127
5 4 6 126
4 6 6 123
6 2 6 121
3 2 7 121
4 3 7 121
5 2 9 121
2 2 8 121
4 2 8 120
1 2 6 121
5 3 6 121
2 2 6 118
6 3 6 116
5 2 6 110
3 2 6 110
6 2 6 106
4 2 6 106
4 9 6 103
1 2 6 98
6 2 6 97
5 2 6 94
2 3 6 90
5 2 6 91
4 3 6 90
4 3 6 82
5 2 6 81
5 3 6 66
1 2 6 65
4 3 6 64
4 2 7 65
6 2 6 62
6 3 6 59
3 2 6 55
1 3 6 48
2 2 6 49
3 2 6 48
5 2 6 47
1 2 6 36
3 3 6 35
5 4 6 30
2 3 6 28
3 2 6 27
6 6 6 27
5 3 6 24
4 2 6 20
4 2 7 20
1 2 8 19
2 3 8 18
3 2 7 18
2 2 6 17
5 2 8 16
2 2 7 16
3 2 6 12
5 2 8 13
6 2 6 13
1 2 6 14
2 2 6 13
1 2 6 12
1 2 6 3
4 2 5 200
4 2 5 198
1 2 5 199
4 2 6 200
5 3 5 200
6 2 5 197
2 2 5 197
5 6 5 189
3 2 7 188
6 2 7 188
4 2 7 187
1 3 5 187
3 2 5 184
2 7 5 181
5 4 5 175
2 2 6 173
6 2 9 172
3 2 9 172
4 2 7 172
6 4 5 171
4 5 5 169
6 3 5 165
1 3 5 166
1 2 5 162
2 5 5 163
4 2 6 163
1 2 5 158
1 3 5 156
2 2 5 152
4 2 5 152
4 3 5 143
1 2 10 144
3 2 6 144
4 2 6 145
6 2 6 144
5 5 6 145
2 2 6 142
3 2 6 142
2 2 5 144
3 2 5 139
4 2 5 139
1 2 5 131
5 2 5 130
3 2 5 129
4 2 5 128
6 4 5 119
1 2 5 118
5 2 5 114
5 2 5 112
3 2 5 113
2 3 5 111
1 3 5 109
4 2 7 108
3 2 6 109
5 3 5 109
2 10 5 107
5 4 5 97
6 3 5 86
4 2 7 85
3 2 6 85
4 3 5 85
1 5 5 82
6 2 5 82
3 6 5 78
1 2 5 75
4 2 6 75
6 2 5 74
1 3 5 71
4 2 5 68
4 2 6 69
3 2 5 66
2 3 5 64
5 3 5 64
1 5 5 63
3 3 5 60
3 2 6 59
6 2 6 59
2 5 5 56
4 4 5 55
3 2 5 52
3 3 5 43
3 2 6 43
5 2 5 44
6 5 5 43
4 4 5 41
4 2 5 42
3 4 5 40
2 2 5 38
4 2 5 36
2 2 5 35
1 2 5 26
3 2 5 23
5 4 5 21
6 4 5 20
6 2 5 17
3 5 5 16
6 2 5 9
5 3 5 5
6 2 4 200
6 2 4 198
3 2 4 191
6 2 4 186
1 2 4 183
4 2 4 174
3 4 4 175
3 2 4 171
2 2 6 172
1 2 6 171
1 2 4 162
3 2 4 151
3 2 4 148
5 4 4 147
1 2 6 148
5 2 5 148
4 2 4 148
1 6 4 143
1 2 4 139
1 2 4 136
2 5 4 135
4 2 4 133
6 2 4 123
2 2 4 124
4 4 4 119
2 2 4 121
6 2 4 118
4 2 4 116
3 4 4 115
2 3 4 109
2 3 4 100
1 2 4 99
1 2 4 89
3 3 4 88
4 2 4 88
1 3 4 87
2 2 4 86
4 2 4 65
6 2 4 56
5 4 4 55
1 2 4 58
1 3 4 54
6 2 4 52
5 4 4 51
5 2 4 53
2 2 4 46
3 2 4 47
1 2 4 46
1 3 4 41
6 4 4 36
3 3 4 32
5 2 6 33
5 2 4 31
4 2 4 32
1 3 4 24
4 5 4 23
1 2 4 23
6 6 4 22
5 3 4 20
1 3 4 19
5 2 4 16
2 3 4 15
4 3 4 13
1 2 4 11
5 3 4 8
3 2 4 6
6 3 4 2
5 2 5 2
4 3 4 2
1 4 3 199
3 3 3 197
4 4 3 193
3 2 3 186
4 3 3 184
1 2 3 178
2 2 4 179
6 3 4 179
2 5 3 177
4 2 3 174
5 2 3 173
4 4 3 172
5 2 3 169
3 5 3 167
1 2 3 166
3 4 3 165
5 2 3 163
6 2 3 162
4 2 3 153
5 2 6 154
1 2 6 154
5 3 3 153
3 4 3 154
4 2 3 151
6 2 3 150
5 6 3 149
2 2 3 146
2 4 3 140
1 3 3 133
5 2 3 129
1 2 3 128
5 2 3 120
2 3 3 118
4 3 3 114
5 3 3 105
1 2 3 101
6 2 3 99
2 2 3 98
1 4 3 93
4 2 5 94
2 2 4 93
3 2 5 92
3 2 3 94
5 2 4 93
6 2 3 95
3 2 3 96
2 2 3 94
4 2 4 95
2 2 4 94
5 4 3 87
6 2 3 81
2 2 3 79
5 3 3 73
6 4 3 71
1 4 3 68
3 3 3 68
6 2 5 67
1 2 5 67
2 2 5 66
5 2 4 66
2 2 3 67
3 2 3 63
3 2 3 53
1 3 3 44
4 2 3 44
2 2 3 42
4 2 3 34
1 2 3 31
4 3 3 29
2 3 3 25
3 2 4 26
1 2 4 25
4 2 4 26
2 2 4 25
3 2 3 21
6 3 3 13
6 3 3 5
3 2 3 4
1 2 3 4
2 2 3 3
5 3 2 197
2 2 2 190
2 2 2 187
2 2 3 186
4 2 2 186
4 4 2 184
6 2 2 180
4 2 2 178
1 2 2 178
5 2 3 179
6 3 2 174
1 2 2 167
2 5 2 165
4 2 2 162
3 3 2 158
3 2 3 157
5 2 4 156
2 2 3 156
1 2 3 157
4 2 3 158
6 3 3 155
2 3 2 159
2 4 2 153
6 2 2 148
1 2 2 145
2 2 2 144
5 2 2 142
1 2 2 137
4 2 2 136
1 2 2 130
2 4 2 128
2 2 2 125
2 2 3 126
1 2 3 126
3 3 3 125
6 4 2 126
1 2 3 124
3 6 2 120
5 3 2 116
4 2 2 109
6 2 2 105
4 2 3 106
5 2 3 105
3 2 2 101
6 2 2 94
4 2 2 95
3 3 2 86
1 2 2 84
5 4 2 83
5 2 2 80
1 2 2 76
2 2 2 71
5 2 2 70
1 2 2 66
2 4 2 58
2 2 2 45
3 2 2 45
3 2 2 41
4 2 2 40
1 4 2 37
5 2 2 30
3 2 2 31
1 2 3 30
6 3 3 29
5 3 2 29
6 2 2 26
4 2 2 25
5 3 2 18
1 3 2 17
4 2 3 18
2 3 2 18
6 2 2 18
2 2 2 9
2 5 2 7
2 2 2 6
4 2 1 176
6 2 1 172
3 2 3 171
6 2 2 171
2 2 1 171
6 2 1 165
5 2 1 165
3 2 1 151
4 2 1 143
1 2 1 135
2 2 4 135
5 2 1 135
6 2 1 136
6 2 2 135
4 3 2 134
4 2 1 136
2 3 1 127
5 3 1 122
5 2 2 122
3 2 1 119
3 2 2 118
2 2 2 117
6 2 1 118
1 3 1 114
1 2 1 105
2 2 1 89
6 2 2 88
5 2 1 89
6 3 1 79
2 2 2 80
3 2 2 79
1 2 1 76
1 2 1 69
4 3 1 69
4 2 2 67
4 2 3 68
1 2 3 68
2 3 2 67
6 4 2 66
3 2 2 66
3 2 4 65
6 2 3 65
6 5 1 52
1 2 1 51
3 2 1 29
6 2 3 30
3 2 3 29
3 2 1 24
2 2 1 18
6 4 1 14
4 2 1 8
4 2 1 2
