695696
1167
1 141 100 97
8 67 100 79
5 68 100 68
4 2 100 61
8 57 100 58
3 233 100 43
1 3 100 22
2 2 100 18
6 2 100 16
6 2 100 14
1 53 100 9
8 3 99 62
2 5 99 60
5 2 99 29
6 2 99 28
4 4 99 19
7 2 98 16
5 4 98 12
7 26 97 60
1 5 97 29
2 2 97 27
5 4 97 22
6 2 97 20
4 2 97 13
8 3 97 11
8 4 97 1
2 2 96 93
2 3 96 83
2 11 96 80
5 22 96 49
3 3 96 26
6 2 96 26
8 3 96 24
2 2 96 20
2 3 96 11
2 2 95 86
1 2 96 87
4 45 95 56
2 48 95 27
8 323 95 14
2 2 94 87
3 44 94 86
5 3 93 98
2 2 93 93
4 4 93 72
3 2 93 64
5 47 93 61
8 2 92 77
4 2 92 51
6 3 91 100
7 2 92 100
1 2 91 80
1 46 91 76
2 2 90 99
7 2 90 95
8 2 90 94
7 5 90 77
5 13 90 54
1 2 90 50
4 2 90 47
7 2 90 33
4 2 90 10
4 2 89 99
8 23 89 51
1 95 89 46
6 4 89 30
3 2 89 30
2 2 89 31
8 2 89 32
7 2 89 31
8 4 89 27
3 2 89 10
4 2 88 100
3 4 88 98
2 2 88 94
4 5 88 93
7 2 89 93
8 193 88 82
8 2 88 86
4 7 88 35
6 2 88 9
6 2 87 92
3 2 87 88
7 6 87 87
8 2 87 32
4 2 87 26
8 2 86 99
2 2 86 97
5 2 86 94
2 2 86 89
3 10 86 86
1 2 86 34
7 2 86 33
4 2 86 33
1 2 86 27
7 2 86 6
1 2 85 98
8 4 85 97
6 2 90 96
1 2 86 96
5 2 86 96
2 2 85 96
2 3 85 91
8 2 85 61
8 2 85 26
6 6 85 10
2 3 85 2
2 2 84 98
7 2 84 93
6 2 84 89
8 3 84 90
6 4 84 44
1 2 84 40
8 2 84 32
6 2 84 33
1 4 84 32
3 2 84 31
6 66 84 29
8 2 84 1
6 2 86 2
8 2 85 2
3 2 83 97
7 29 83 82
4 2 83 85
7 2 83 61
5 10 83 45
3 2 83 7
5 2 85 6
8 2 85 6
7 3 83 3
4 125 82 97
7 2 82 65
2 3 82 65
6 3 82 64
2 2 82 63
5 3 82 59
3 2 83 60
1 2 83 60
7 2 82 42
7 5 82 26
5 2 82 4
3 2 82 5
6 4 82 2
3 2 81 85
3 28 81 62
2 7 81 59
8 2 81 41
6 2 82 41
4 2 81 37
4 3 81 8
2 2 81 8
8 2 81 4
8 2 80 84
7 2 80 61
8 2 80 48
3 2 80 43
3 3 79 88
2 49 79 86
5 6 79 80
3 55 79 48
7 2 79 42
7 2 79 29
4 2 79 22
1 15 79 9
7 2 79 6
4 2 81 6
2 2 81 5
5 3 79 3
2 39 78 27
4 4 78 24
3 3 78 23
2 2 78 14
6 3 78 8
8 2 78 6
5 3 78 6
7 2 78 5
3 3 77 79
6 2 77 78
6 6 77 74
5 2 77 45
3 2 78 44
1 2 78 43
5 2 77 42
8 38 77 39
3 2 77 25
8 2 77 22
7 8 77 13
7 2 77 9
6 3 77 6
3 2 76 74
4 2 76 63
4 8 76 60
7 2 76 58
6 2 76 57
4 69 76 45
5 2 76 33
5 2 76 23
1 2 76 24
5 51 76 13
8 3 76 7
7 3 76 1
8 2 75 80
4 3 75 74
7 2 75 73
3 2 75 59
4 2 75 57
2 3 75 56
8 2 75 25
6 2 75 24
4 2 75 18
5 2 75 3
4 2 74 93
2 3 74 92
6 11 74 91
3 2 74 84
5 2 74 81
1 3 74 74
6 4 74 73
2 69 74 70
4 4 74 65
6 3 74 62
4 5 74 23
2 2 74 24
6 3 74 22
5 3 74 21
3 3 74 19
7 2 74 8
2 3 74 7
5 3 73 100
8 2 75 100
5 24 73 79
5 5 73 33
8 2 73 29
7 3 73 25
1 5 73 24
2 2 73 20
3 2 73 7
3 2 73 4
1 2 77 5
5 2 74 5
2 3 74 4
4 2 75 4
2 2 75 5
6 2 75 3
5 24 73 3
3 3 72 100
5 2 74 99
1 2 72 93
8 2 72 91
1 2 72 90
8 2 72 86
7 9 72 83
4 2 72 87
7 84 72 62
3 45 72 36
7 7 72 19
7 2 71 100
8 3 71 99
8 2 71 88
4 2 71 53
2 2 71 53
6 34 71 49
1 12 71 26
6 3 71 21
2 2 72 22
8 2 72 21
4 3 71 8
5 55 70 90
5 60 70 24
8 2 70 7
6 16 69 100
1 2 70 100
6 2 69 100
3 7 69 78
4 5 69 67
3 2 69 58
8 3 69 57
3 2 69 28
4 2 69 16
4 2 70 15
8 2 70 16
6 2 70 17
2 2 68 66
8 2 68 65
1 2 68 58
2 2 68 41
4 2 68 30
2 2 68 31
7 2 68 29
2 253 68 27
2 25 68 16
3 2 71 10
5 3 71 10
2 2 69 10
7 2 68 11
3 3 68 7
4 2 69 6
1 3 68 6
4 2 67 100
1 2 67 99
7 2 67 99
8 43 67 92
4 40 67 82
8 5 67 67
6 3 67 59
7 3 67 59
5 3 67 41
2 3 67 9
7 56 67 6
8 3 66 75
2 2 67 76
7 2 66 66
7 2 66 54
5 3 66 52
7 2 67 54
7 2 66 40
8 2 68 39
3 3 66 39
2 3 66 38
5 2 66 7
8 3 65 98
6 2 65 99
3 2 65 99
4 2 67 100
2 2 66 100
4 2 65 98
4 41 65 69
3 2 65 66
6 22 65 58
5 2 66 56
7 2 71 55
2 2 65 53
2 29 65 47
2 2 65 18
8 231 65 16
1 2 64 84
1 2 64 66
2 2 64 65
5 2 64 54
3 2 64 55
7 2 64 52
4 2 64 41
6 2 64 40
5 2 64 38
2 13 63 99
2 5 63 97
8 40 63 86
3 2 63 65
8 2 63 64
7 2 63 63
7 2 63 41
2 2 63 37
1 2 62 89
7 2 62 87
3 11 62 77
3 3 62 75
5 3 62 65
6 2 62 54
3 2 62 53
1 7 62 38
4 2 62 40
5 2 61 93
8 2 61 88
6 9 61 68
4 3 61 56
2 2 62 56
4 2 62 56
3 16 61 48
7 42 61 45
5 17 60 68
1 2 60 61
1 2 61 60
5 2 61 59
8 2 61 58
2 8 60 59
7 4 60 56
7 3 60 38
7 2 60 39
2 8 59 90
3 2 59 87
7 4 59 79
6 2 59 76
4 2 59 74
8 46 59 63
6 2 59 55
1 2 60 54
3 2 59 56
8 6 59 54
3 2 59 39
3 3 58 97
1 2 58 98
2 2 58 95
3 2 62 96
1 2 58 90
7 2 58 89
1 7 58 82
1 62 58 69
5 45 58 39
3 4 58 6
3 2 57 100
3 3 57 93
4 2 57 92
6 2 57 91
6 10 57 86
2 2 57 88
5 2 57 87
5 2 57 80
7 6 57 78
5 2 57 76
3 2 57 74
1 9 57 74
3 2 57 55
6 2 57 56
1 2 57 57
6 9 57 52
2 2 59 52
5 2 57 52
7 2 59 51
6 2 57 52
6 2 58 52
8 3 57 51
4 3 56 100
4 3 56 96
5 2 60 97
8 2 56 98
4 51 56 90
3 2 56 81
7 2 56 79
5 2 56 79
2 2 56 77
6 11 56 72
4 2 56 45
7 2 56 2
4 2 56 2
7 9 55 57
1 13 55 51
3 15 55 48
7 24 55 36
4 14 55 5
2 2 54 96
7 2 57 96
6 2 54 80
8 2 54 81
4 61 54 77
8 2 54 34
3 18 54 8
3 2 54 3
1 2 55 2
6 5 54 3
8 2 53 93
5 2 53 56
5 2 58 55
8 2 53 56
6 44 53 35
5 2 53 2
8 21 52 99
7 2 52 100
5 3 52 99
5 4 52 93
2 2 52 81
2 19 52 72
8 3 52 54
8 72 52 49
1 3 52 33
5 2 52 5
3 2 51 99
8 2 51 96
6 2 51 97
8 2 55 98
1 2 51 98
6 2 51 59
1 2 54 58
3 3 54 57
6 2 52 58
4 2 52 58
3 3 51 57
5 27 51 33
8 2 51 4
2 48 50 100
2 2 50 83
5 3 50 73
2 25 50 54
3 3 50 11
2 2 50 7
1 3 50 5
7 43 49 87
6 2 49 84
7 2 49 84
2 2 49 79
7 2 49 74
8 2 49 58
4 2 49 57
1 4 49 23
6 5 49 20
4 3 49 8
4 2 49 5
5 2 49 3
2 2 48 81
8 2 48 82
7 8 48 80
2 2 48 74
8 67 48 73
2 2 48 19
5 2 48 12
4 12 48 12
5 2 47 84
2 3 47 83
1 3 47 82
6 5 47 78
8 2 47 76
7 3 47 61
2 2 48 59
7 2 48 60
1 14 47 58
4 2 47 41
1 4 47 31
8 8 47 23
5 9 47 15
1 2 47 4
2 3 46 75
6 2 46 62
4 2 46 60
7 2 46 56
8 2 46 50
7 3 46 49
8 2 46 41
3 2 46 33
3 12 46 19
5 234 45 97
1 2 45 78
8 2 45 78
5 5 45 76
6 10 45 60
5 2 45 62
2 7 45 40
1 8 45 36
7 56 45 30
5 4 45 18
7 28 45 16
6 2 45 7
1 2 50 6
6 2 49 6
3 2 47 6
7 3 47 6
1 2 46 8
7 2 46 8
2 4 46 6
7 2 46 4
6 4 44 76
2 2 44 65
4 4 44 63
2 2 44 61
3 2 44 52
5 2 44 51
2 2 44 50
7 2 44 36
4 2 44 25
4 4 44 22
6 4 44 11
1 2 44 8
1 55 43 61
2 7 43 56
3 2 43 53
2 3 43 48
3 2 43 50
7 2 43 45
2 7 43 43
7 55 43 41
5 2 43 35
1 2 43 20
7 4 43 18
1 7 43 12
2 2 43 9
7 2 43 8
5 2 43 6
7 14 42 80
1 3 43 81
4 2 43 79
1 35 42 76
6 10 42 55
7 3 42 51
4 2 42 50
3 3 42 36
3 2 42 25
7 8 42 21
2 9 42 17
2 3 42 7
1 2 42 6
6 4 42 4
5 4 42 3
3 2 42 2
1 4 41 51
8 3 41 52
4 22 41 47
5 2 41 37
1 4 41 26
5 3 41 19
4 4 41 9
2 2 42 11
1 2 42 10
5 2 40 84
3 2 40 55
4 2 40 54
1 2 40 55
2 3 40 54
4 106 40 37
1 5 40 14
4 76 40 4
1 4 39 84
8 2 39 83
6 3 39 81
3 2 40 79
2 3 40 78
3 11 39 59
7 2 39 55
8 3 39 54
2 2 39 49
8 2 39 22
6 2 39 12
2 2 39 11
3 2 38 82
7 6 38 74
7 3 38 68
4 29 38 65
4 2 38 54
1 5 38 53
7 2 39 52
3 4 38 13
1 13 38 10
3 3 38 8
8 2 38 2
4 2 37 84
5 9 37 80
7 47 37 76
7 2 37 81
8 2 37 81
5 2 39 82
6 2 38 82
4 2 38 81
8 3 37 54
2 2 37 51
7 149 37 49
4 2 37 24
3 5 37 22
2 2 36 100
3 4 36 85
2 12 36 58
8 8 36 41
2 2 36 24
1 2 37 23
5 2 37 22
6 2 36 23
2 2 39 24
2 2 36 19
6 2 36 17
8 4 36 7
8 33 35 84
8 2 35 71
4 2 36 70
5 2 35 68
8 4 35 37
1 2 35 24
5 2 36 25
6 2 36 24
5 2 35 21
7 2 35 22
4 2 35 23
7 2 35 18
8 2 35 16
8 3 35 14
3 2 35 11
7 3 35 8
5 2 35 9
2 2 34 73
4 3 34 42
7 3 34 24
3 2 34 6
3 2 33 86
8 59 33 69
5 2 33 55
1 2 33 38
1 3 33 23
7 3 33 15
8 2 33 12
7 37 33 11
2 2 33 2
2 11 32 86
8 8 32 74
5 3 33 72
7 2 32 70
7 8 32 59
8 2 32 57
6 3 32 42
3 4 32 24
8 2 34 23
3 2 33 23
5 2 32 23
2 4 32 15
1 3 31 87
6 2 31 74
4 4 31 70
6 2 31 72
1 3 31 37
8 2 31 32
5 11 31 18
1 2 33 18
7 2 32 19
4 2 32 19
3 32 31 14
8 2 30 91
1 3 30 82
5 2 30 72
4 3 30 73
1 2 30 61
2 3 30 58
7 3 30 41
3 2 30 42
2 2 30 37
8 3 30 34
3 2 30 32
6 2 30 24
1 2 30 22
3 2 30 19
1 6 29 84
2 23 29 82
1 2 29 78
2 2 29 74
4 65 29 57
8 2 29 39
3 2 29 36
7 2 29 35
5 2 29 26
7 2 29 19
4 10 29 17
6 3 29 17
4 2 29 8
8 2 29 5
4 2 28 92
7 2 28 91
1 2 28 74
4 48 28 71
6 2 28 43
8 2 28 41
1 2 28 39
7 2 28 37
1 3 28 32
1 5 28 27
8 2 28 24
7 2 30 23
5 2 28 23
3 2 28 22
6 3 28 21
1 2 28 17
4 2 27 94
2 7 27 91
8 2 27 78
3 2 27 40
8 2 27 31
6 2 28 32
4 3 27 25
1 2 27 20
4 3 27 19
1 2 27 20
2 2 27 20
8 2 28 21
3 3 26 100
1 2 26 77
3 2 26 69
2 2 26 43
4 3 26 41
7 2 26 40
8 3 26 37
1 2 26 35
1 2 28 35
4 2 30 34
4 2 26 36
7 2 26 32
2 2 26 32
2 2 26 29
3 2 26 30
6 2 26 29
3 2 26 24
7 2 26 20
8 2 26 18
5 2 26 17
7 3 26 16
5 3 26 13
6 2 26 8
4 2 26 9
3 2 26 5
3 3 25 97
4 2 25 96
6 2 29 95
2 2 28 95
5 2 28 94
8 42 25 86
5 3 25 79
4 2 25 77
7 8 25 69
5 2 25 56
8 2 25 43
1 2 25 42
5 2 27 43
6 4 25 40
4 49 25 31
3 2 25 26
1 2 25 25
1 2 25 20
4 2 25 17
2 2 25 8
1 2 26 7
6 2 25 9
2 2 25 9
8 2 25 8
5 185 25 6
4 2 26 2
2 2 24 97
3 3 24 94
8 2 25 94
7 2 25 93
6 2 24 93
5 2 24 82
3 2 25 81
3 3 24 79
3 3 24 66
7 2 24 65
1 2 24 46
4 3 24 43
2 3 24 40
3 2 24 39
4 2 24 26
2 49 24 23
8 2 24 2
7 3 23 80
6 2 23 81
4 2 26 80
8 2 23 45
3 2 23 44
5 29 23 40
4 2 23 34
5 2 23 34
7 2 22 96
4 2 22 97
1 2 22 95
6 52 22 92
1 2 22 82
6 52 22 78
7 2 22 67
3 3 22 64
8 2 22 62
1 2 22 63
3 3 22 54
4 2 23 54
6 2 22 53
1 2 22 54
7 2 22 34
4 2 22 20
5 2 22 1
7 2 22 2
1 2 22 2
7 3 21 71
2 2 21 68
5 2 21 60
8 3 21 57
3 2 21 51
6 4 21 45
6 2 21 20
3 3 21 20
3 2 20 92
4 3 20 91
1 2 20 88
1 3 20 67
5 3 20 63
6 2 20 61
1 2 20 56
4 2 20 54
8 4 20 54
4 2 20 51
5 2 20 50
7 9 20 41
3 3 20 38
8 3 20 34
5 8 20 30
6 2 19 100
4 39 19 88
6 2 19 84
8 2 19 82
4 3 19 81
5 2 19 69
5 2 19 66
2 2 19 56
3 2 20 57
7 3 20 56
2 2 21 56
1 2 21 55
8 2 19 51
1 52 19 49
6 2 19 53
5 3 19 54
4 2 19 21
2 2 20 22
5 2 19 21
2 15 19 12
1 2 19 2
1 2 18 98
7 2 18 83
7 2 18 66
2 13 18 60
1 7 18 38
8 13 18 35
7 2 18 27
6 81 18 25
8 2 18 20
2 4 18 19
8 2 17 95
2 73 17 93
5 3 17 82
1 3 17 1
7 2 22 2
6 2 19 2
8 3 19 1
3 2 18 2
6 2 17 2
4 2 16 76
4 2 16 73
7 2 16 63
7 2 18 63
4 2 18 64
6 2 16 63
7 2 19 62
7 63 16 56
4 3 16 40
3 48 16 37
8 2 16 21
6 5 16 19
2 2 16 16
6 13 16 12
7 2 16 2
2 2 15 100
2 3 15 85
7 2 15 82
5 3 15 78
1 3 15 77
8 2 15 72
2 2 16 71
3 3 15 67
1 2 17 65
5 2 15 68
5 2 19 69
6 2 15 69
5 2 15 70
2 2 17 69
1 2 15 71
8 2 15 68
2 2 15 66
6 2 18 66
3 2 16 66
4 2 16 65
6 3 16 64
5 2 16 64
2 3 15 64
4 2 17 62
8 2 17 62
7 34 15 20
2 3 15 1
6 4 14 78
1 3 14 75
4 2 14 73
5 4 14 63
4 3 14 59
6 2 14 60
1 2 14 61
2 2 16 62
1 2 14 56
4 2 15 56
4 2 14 1
3 2 13 82
1 2 13 81
8 2 14 81
4 2 13 81
1 2 13 80
5 3 13 80
2 2 13 77
5 2 13 76
8 3 13 76
8 3 13 72
7 2 13 72
5 2 13 73
2 2 13 73
6 2 13 72
6 2 13 70
8 2 13 70
1 3 13 69
4 6 13 55
3 2 13 33
1 3 12 89
6 4 12 83
2 51 12 68
6 7 12 60
1 2 15 58
2 2 14 58
8 2 13 58
6 2 12 62
3 2 12 59
1 6 12 53
2 2 12 44
5 2 12 45
6 3 12 44
2 2 12 14
7 2 11 85
5 2 12 84
5 2 11 86
2 2 11 86
8 2 11 85
1 2 11 84
1 2 11 79
8 2 11 74
6 2 11 74
2 2 11 58
8 3 11 56
6 2 11 56
5 2 11 55
3 2 11 53
5 58 11 39
6 2 12 34
8 2 12 33
3 2 11 16
8 2 11 16
2 2 11 12
7 2 11 11
4 2 10 98
5 2 10 80
3 2 10 79
7 2 10 76
8 2 10 74
5 3 10 75
7 2 10 73
8 2 10 61
1 2 10 61
2 2 10 54
7 3 10 53
3 2 12 54
1 2 11 54
7 28 10 33
7 2 10 31
7 4 10 22
8 2 10 21
3 2 10 21
1 2 10 18
3 2 10 18
8 7 10 12
5 2 9 94
6 26 9 92
3 2 10 88
4 2 10 88
8 2 10 87
1 4 10 87
6 2 11 87
3 2 10 87
2 2 9 79
8 2 9 76
2 3 9 72
5 52 9 59
8 24 9 53
5 6 9 31
6 2 9 23
7 2 9 17
2 2 9 16
1 2 9 14
1 2 10 15
6 2 10 14
4 60 9 8
7 43 8 96
3 2 8 80
1 3 8 78
4 3 8 71
8 2 8 68
1 2 8 67
1 2 8 47
4 2 8 43
1 65 8 27
1 2 8 16
8 3 8 15
3 42 8 2
8 47 7 80
5 2 7 75
2 2 9 74
7 2 7 75
4 3 7 71
8 50 7 64
2 37 7 47
2 3 7 41
8 31 7 19
3 2 6 83
1 2 6 73
1 2 6 68
3 2 6 69
4 3 6 14
5 33 5 72
3 2 5 72
8 2 5 41
3 4 5 40
8 2 6 42
5 2 5 35
1 2 5 35
5 2 4 83
5 2 4 77
6 2 4 72
6 2 4 40
4 2 8 39
5 2 4 40
2 2 4 40
8 2 5 39
4 2 5 38
7 2 4 39
7 8 4 37
6 4 4 12
1 3 4 3
3 3 4 3
3 10 3 90
3 2 3 85
7 4 3 83
2 3 3 81
7 4 3 81
3 2 3 76
6 4 3 73
8 2 3 48
6 2 3 47
2 7 3 31
8 2 3 2
4 2 2 88
6 2 2 87
4 2 2 84
1 3 2 81
2 3 2 75
6 2 2 74
4 3 2 74
3 2 2 72
5 3 2 46
4 2 2 40
7 2 2 40
6 3 2 40
8 2 2 38
4 2 2 38
5 3 2 30
4 2 2 28
6 2 2 23
5 2 1 70
2 2 4 69
4 2 3 69
6 2 1 60
4 2 1 48
1 2 1 34
4 2 3 35
6 2 1 35
8 2 1 36
3 2 1 27
5 2 1 21
1 3 1 14
4 2 1 15
2 2 1 14
6 2 2 14
3 2 1 13
2 3 1 7
6 2 1 6
4 2 2 6
8 2 2 6
