19650
2643
3 7 95 99
2 3 88 99
4 3 86 99
1 2 91 99
4 2 89 99
3 2 89 99
3 3 85 99
2 2 83 99
3 5 74 99
3 2 68 99
1 2 70 99
1 3 67 99
1 2 73 99
4 2 72 99
2 3 66 99
4 6 64 99
1 2 68 99
3 2 67 99
4 2 65 99
2 2 63 99
1 2 62 99
2 5 60 99
1 2 58 99
2 3 57 99
4 4 56 99
1 2 53 99
2 2 58 99
2 5 49 99
3 2 51 99
4 3 48 99
1 4 46 99
2 10 43 99
3 2 42 99
2 5 40 99
3 2 39 99
1 5 37 99
1 5 33 99
2 2 35 99
3 4 32 99
3 9 30 99
2 5 24 99
1 2 22 99
3 2 20 99
1 5 19 99
1 2 21 99
4 3 20 99
3 2 15 99
4 3 7 99
2 3 6 99
4 3 12 99
2 2 12 99
3 2 7 99
1 3 6 99
1 4 8 99
4 2 6 99
4 2 7 99
3 2 3 99
4 2 30 98
4 2 23 98
4 3 24 98
1 3 22 98
2 2 22 98
3 3 20 98
2 2 13 98
3 2 6 98
2 6 73 97
1 9 69 97
4 3 67 97
2 3 66 97
2 5 61 97
1 7 53 97
1 2 60 97
2 3 48 97
3 2 57 97
4 2 56 97
3 2 55 97
2 2 54 97
3 2 53 97
1 2 52 97
4 3 49 97
3 3 48 97
1 2 47 97
6 2 48 97
5 2 46 97
2 3 44 97
4 4 41 97
3 3 40 97
2 3 42 97
1 2 40 97
3 2 38 97
4 2 35 97
1 2 32 97
2 2 34 97
2 5 31 97
3 6 26 97
1 3 24 97
6 2 29 97
3 4 22 97
2 2 8 97
5 2 16 98
3 2 11 98
6 2 20 97
2 2 14 97
2 3 6 97
1 2 17 97
4 3 12 97
2 2 10 97
5 2 12 98
1 2 14 99
6 2 11 98
4 4 8 97
1 3 8 97
5 2 10 98
3 7 7 98
2 2 38 96
1 3 37 96
3 2 37 96
2 3 34 96
1 2 33 96
4 3 32 96
5 2 31 96
3 3 27 96
1 3 28 96
1 3 25 96
2 14 23 96
3 2 23 96
4 3 18 96
3 2 16 96
6 2 17 96
4 3 11 96
1 5 10 96
5 2 7 96
3 2 2 96
1 2 4 97
2 2 3 97
4 5 2 97
3 2 4 98
4 2 8 99
6 2 8 98
2 5 64 95
4 5 59 95
3 2 58 95
1 4 53 95
2 2 53 95
1 2 50 95
4 2 49 95
4 2 46 95
1 3 42 95
6 2 47 95
2 3 47 95
3 4 45 95
4 2 41 95
2 3 41 95
4 2 39 95
1 2 36 95
6 2 35 95
3 2 34 95
4 7 33 95
1 4 23 95
2 5 23 95
3 2 26 95
1 2 26 95
3 2 24 95
5 3 24 95
4 2 22 95
3 3 21 95
2 7 17 95
4 2 16 95
1 10 14 95
5 2 11 95
3 6 6 95
2 2 2 95
3 5 49 94
2 2 47 94
4 2 40 94
2 5 45 94
4 3 45 94
2 2 44 94
3 2 32 94
3 5 35 94
3 2 27 94
2 2 31 94
2 6 28 94
1 5 30 94
3 2 31 94
2 3 30 94
4 3 30 94
1 3 26 94
6 2 27 94
4 2 26 94
5 3 25 94
1 2 25 94
3 5 19 94
2 3 19 94
1 5 19 94
1 2 17 94
2 3 16 94
3 3 11 94
6 2 9 95
3 2 7 94
4 2 7 95
2 2 7 95
1 3 6 95
1 4 4 94
4 7 4 94
2 3 2 94
2 6 51 93
4 5 52 93
1 3 51 93
4 2 43 93
1 2 43 93
6 2 42 93
1 3 41 93
2 4 41 93
4 5 39 93
2 4 38 93
1 3 36 93
3 2 35 93
3 3 32 93
1 2 32 93
5 2 31 93
3 2 30 93
2 3 28 93
2 2 25 93
6 2 24 93
4 6 23 93
1 2 23 93
2 5 22 93
3 8 19 93
5 2 16 93
4 3 12 93
3 2 13 93
6 2 11 93
4 4 9 93
3 2 8 93
5 2 7 93
1 4 6 93
1 3 4 93
3 4 3 93
1 2 38 92
1 3 34 92
3 3 31 92
1 2 30 92
2 3 24 92
3 2 23 92
2 5 26 92
1 2 18 92
3 2 17 92
3 3 15 92
4 4 16 92
4 2 17 92
2 2 14 92
1 2 16 92
3 2 15 92
4 5 11 92
3 2 9 92
4 2 13 92
4 3 4 92
2 2 4 93
1 2 2 93
2 2 5 92
1 3 53 91
3 2 51 91
1 2 22 91
2 2 21 91
4 2 17 91
3 3 16 91
3 2 5 91
2 2 3 91
1 2 100 89
3 3 99 89
1 14 94 89
3 2 94 89
4 4 93 89
1 3 90 89
3 2 89 89
2 2 77 89
1 3 75 89
1 3 84 89
4 4 82 89
3 4 74 89
4 10 73 89
2 3 78 89
3 2 74 89
1 2 72 89
4 2 69 89
3 2 67 89
2 2 65 89
3 3 68 89
2 2 67 89
1 2 64 89
4 2 58 89
1 2 54 89
2 2 54 89
3 5 53 89
2 10 47 89
2 2 50 89
3 4 49 89
2 2 48 89
1 3 45 89
4 4 44 89
4 2 45 89
3 5 43 89
3 4 40 89
1 2 38 89
4 4 37 89
3 3 33 89
4 2 37 89
4 3 30 89
1 2 29 89
2 2 30 89
3 2 27 89
3 7 28 89
4 3 25 89
3 4 20 89
1 5 22 89
2 3 22 89
2 2 19 89
4 2 17 89
3 6 16 89
1 2 12 89
2 2 7 89
3 3 7 89
2 2 10 89
1 4 6 89
4 7 6 89
2 3 3 89
3 7 2 89
2 3 30 88
2 2 26 88
4 2 25 88
4 2 23 88
6 2 22 88
4 3 21 88
4 2 17 88
3 3 17 88
5 3 17 88
3 2 13 88
2 7 2 88
1 3 9 88
4 2 60 87
2 2 59 87
3 3 58 87
2 2 57 87
3 2 54 87
4 3 52 87
2 6 52 87
6 2 51 87
4 3 47 87
1 2 47 87
3 11 47 87
4 3 42 87
4 2 43 87
2 3 40 87
3 2 39 87
2 6 38 87
1 2 36 87
1 2 32 87
3 4 30 87
2 5 30 87
4 8 20 87
2 2 21 87
1 4 19 87
3 2 17 87
2 2 21 87
1 6 14 87
6 2 15 87
1 4 15 87
5 2 14 87
2 4 11 87
6 2 10 88
4 2 9 87
5 2 8 87
2 5 7 87
4 3 3 87
6 2 4 88
1 2 4 88
2 3 48 86
4 2 46 86
3 2 44 86
2 3 43 86
3 3 40 86
2 2 37 86
4 4 31 86
4 4 35 86
1 2 33 86
3 2 30 86
3 5 31 86
1 4 27 86
5 2 25 86
3 2 24 86
1 5 22 86
2 2 23 86
1 3 19 86
4 2 18 86
4 2 16 86
4 4 14 86
5 2 14 86
4 3 11 86
6 2 13 86
2 3 12 86
3 2 2 86
2 2 50 85
2 3 47 85
1 2 46 85
2 9 44 85
4 3 40 85
4 2 41 85
1 2 34 85
3 3 34 85
2 3 35 85
1 5 34 85
3 2 35 85
3 3 31 85
2 6 28 85
1 4 27 85
1 2 24 85
3 4 23 85
1 3 21 85
6 2 23 85
5 2 22 85
4 3 21 85
1 5 15 85
4 6 13 85
3 5 11 85
6 2 10 86
1 4 10 85
6 2 10 85
4 8 8 85
5 2 7 85
3 2 6 85
1 3 4 85
4 2 2 85
4 2 44 84
2 5 41 84
2 4 36 84
4 2 35 84
1 7 35 84
3 2 32 84
5 2 32 84
2 4 31 84
4 5 28 84
1 4 24 84
6 2 24 84
3 3 23 84
1 2 21 84
2 3 21 84
5 2 17 84
4 6 14 84
2 2 14 84
3 2 12 84
1 5 12 84
4 2 9 84
3 3 6 84
2 4 4 84
2 3 60 83
4 7 58 83
3 7 55 83
4 2 51 83
1 4 49 83
4 2 48 83
3 3 45 83
4 3 45 83
1 2 41 83
2 7 39 83
4 5 35 83
6 2 32 83
4 3 30 83
5 2 33 83
2 2 33 83
1 3 30 83
4 2 30 83
3 3 29 83
2 5 27 83
1 4 25 83
4 3 21 83
4 2 23 83
2 2 19 83
3 3 18 83
1 2 15 83
4 3 12 83
2 6 12 83
1 2 6 83
1 6 4 83
1 2 11 83
6 2 10 83
4 2 6 83
2 4 2 83
6 2 4 84
4 2 2 83
3 2 2 84
4 2 45 82
2 4 42 82
4 2 39 82
1 2 39 82
1 2 30 82
3 3 22 82
1 2 31 82
3 2 29 82
3 2 27 82
2 2 22 82
3 2 19 82
3 2 31 82
2 2 25 82
4 2 25 82
1 2 24 82
4 3 19 82
4 2 24 82
3 3 11 82
2 2 14 82
2 2 11 82
1 3 15 82
2 2 15 82
4 3 11 82
1 2 57 81
1 2 49 81
2 3 42 81
4 2 37 81
1 2 22 81
3 2 18 81
3 3 15 81
3 2 7 81
3 2 3 81
1 2 99 79
1 3 95 79
4 2 92 79
2 5 88 79
3 3 90 79
4 9 86 79
1 4 84 79
4 2 83 79
4 2 79 79
3 2 78 79
1 2 77 79
4 7 74 79
2 3 75 79
3 2 73 79
1 2 73 79
3 2 70 79
1 2 69 79
4 2 71 79
3 3 67 79
1 3 66 79
2 7 67 79
4 4 62 79
2 3 56 79
4 4 56 79
3 5 55 79
3 5 58 79
4 5 54 79
2 2 53 79
1 2 50 79
2 5 48 79
2 2 46 79
3 3 46 79
1 2 45 79
4 7 43 79
1 4 38 79
3 7 37 79
2 3 33 79
2 2 33 79
1 3 32 79
1 2 30 79
2 5 28 79
3 2 26 79
4 4 25 79
1 2 24 79
2 2 23 79
4 2 19 79
2 4 14 79
4 2 26 79
1 3 12 79
3 3 10 79
4 2 8 79
2 5 5 79
4 3 4 79
1 2 12 79
2 4 5 79
4 2 4 79
3 2 26 78
1 6 25 78
5 2 19 78
6 2 19 78
3 6 22 78
2 3 21 78
2 4 14 78
4 3 11 78
2 2 13 78
1 2 6 78
1 2 3 78
6 2 12 78
5 2 12 78
3 3 3 78
6 2 6 78
4 2 5 78
4 2 3 78
3 2 4 79
1 4 54 77
3 3 52 77
1 3 51 77
3 4 49 77
1 2 48 77
4 2 41 77
2 2 40 77
3 4 38 77
1 3 35 77
6 2 37 77
4 3 27 77
2 2 14 77
4 3 33 77
2 2 33 77
2 5 28 77
1 5 26 77
1 2 17 77
1 6 14 77
3 3 23 77
3 2 14 77
3 2 24 77
5 2 11 77
1 6 11 77
5 2 18 77
3 2 9 77
4 3 7 77
4 6 14 77
1 2 10 77
2 2 10 77
4 6 9 77
1 2 8 77
6 2 7 77
4 3 56 76
3 4 53 76
4 3 50 76
3 2 49 76
4 15 46 76
1 2 45 76
3 3 41 76
4 2 40 76
6 2 38 76
3 3 38 76
1 2 36 76
3 2 35 76
2 2 34 76
4 3 32 76
1 2 25 76
4 6 23 76
1 2 21 76
4 2 24 76
3 2 20 76
1 2 22 76
2 2 20 76
2 2 16 76
1 4 12 76
2 3 8 76
5 2 14 76
3 3 6 76
6 3 8 77
4 7 5 77
5 2 6 77
1 2 2 76
1 4 58 75
4 2 54 75
2 3 53 75
3 3 48 75
1 3 46 75
2 4 46 75
4 2 43 75
2 6 40 75
1 2 41 75
3 7 36 75
1 3 35 75
2 2 31 75
2 2 32 75
3 2 31 75
4 2 31 75
4 2 32 75
3 3 26 75
6 3 31 75
3 2 28 75
2 8 25 75
4 2 22 75
3 2 16 75
3 3 14 75
2 5 13 75
4 3 9 75
2 2 18 75
5 2 17 75
4 2 12 75
2 6 7 75
3 2 5 76
5 2 9 75
2 2 7 75
1 5 7 75
3 2 3 75
3 7 5 75
3 7 53 74
4 6 48 74
1 3 49 74
2 7 49 74
5 2 45 74
1 2 44 74
4 5 43 74
1 2 37 74
4 4 36 74
1 3 39 74
2 2 39 74
6 2 35 74
3 3 30 74
1 2 23 74
1 5 34 74
3 2 22 74
4 7 31 74
2 2 30 74
1 3 25 74
3 4 28 74
4 5 25 74
4 3 22 74
2 7 22 74
3 3 18 74
1 3 10 74
1 5 17 74
1 3 11 74
4 3 11 74
3 5 7 74
4 9 5 74
6 3 4 75
1 6 3 74
2 6 2 74
5 2 3 75
4 3 35 73
3 2 33 73
1 4 31 73
4 4 30 73
4 2 26 73
4 6 24 73
3 2 24 73
2 3 21 73
5 2 17 73
2 2 16 73
4 2 16 73
1 3 12 73
4 2 12 73
2 2 61 72
1 3 59 72
3 3 59 72
2 2 57 72
1 3 51 72
4 2 52 72
4 3 47 72
2 4 50 72
3 4 48 72
3 2 45 72
1 2 40 72
2 2 39 72
1 2 44 72
1 2 37 72
4 4 34 72
2 2 30 72
4 2 29 72
4 2 36 72
1 2 33 72
3 3 28 72
1 4 27 72
3 2 28 72
2 2 20 72
2 3 25 72
3 2 20 72
1 3 16 72
3 4 14 72
6 3 12 73
4 3 6 72
1 2 5 73
1 2 47 71
2 6 44 71
1 2 34 71
2 2 33 71
3 2 26 71
2 2 19 71
3 2 9 71
2 3 7 71
1 5 99 69
4 2 93 69
4 4 88 69
4 3 86 69
3 2 94 69
2 3 93 69
3 2 90 69
1 2 86 69
2 8 86 69
3 3 83 69
4 3 82 69
1 9 79 69
4 2 75 69
3 3 74 69
1 2 72 69
4 2 68 69
3 3 57 69
4 2 70 69
1 2 66 69
2 2 61 69
2 2 55 69
3 4 63 69
2 3 65 69
1 3 57 69
2 3 56 69
1 6 54 69
4 2 58 69
4 3 52 69
2 5 56 69
4 2 50 69
1 3 49 69
1 3 45 69
2 2 47 69
1 6 47 69
3 4 40 69
1 3 35 69
3 6 46 69
4 3 34 69
2 3 30 69
3 2 27 69
4 3 26 69
2 2 32 69
2 2 29 69
4 2 24 69
3 3 23 69
4 2 20 69
3 2 19 69
1 2 16 69
3 2 24 69
2 6 15 69
1 2 16 69
1 2 13 69
4 2 10 69
1 5 22 69
4 7 15 69
3 4 13 69
2 4 12 69
3 3 7 69
4 2 6 69
1 3 4 69
2 4 2 69
1 2 27 68
2 2 26 68
6 2 23 68
5 2 23 68
3 10 21 68
4 4 16 68
3 6 16 68
2 2 13 68
4 3 13 68
5 2 12 68
6 3 12 68
1 3 5 68
1 2 3 68
4 3 8 68
2 12 6 68
4 2 57 67
4 4 54 67
1 6 52 67
2 3 52 67
2 2 46 67
1 2 46 67
3 2 43 67
1 2 40 67
2 5 39 67
5 2 38 67
4 5 37 67
3 2 37 67
6 2 36 67
4 2 31 67
3 2 30 67
3 2 25 67
2 2 24 67
4 3 20 67
1 2 27 67
2 2 26 67
3 3 21 67
3 2 19 67
1 3 22 67
4 4 10 67
3 9 8 67
1 2 6 67
4 2 6 67
2 2 5 67
4 2 9 67
6 2 8 67
1 3 7 67
3 2 6 67
5 4 6 68
2 3 53 66
3 3 52 66
4 2 52 66
2 2 50 66
4 2 48 66
2 3 44 66
4 5 29 66
4 3 38 66
3 5 34 66
3 3 35 66
1 2 25 66
2 4 31 66
6 2 30 66
4 2 30 66
1 4 29 66
5 2 28 66
3 2 25 66
4 4 21 66
1 4 24 66
2 4 22 66
1 2 18 66
2 5 17 66
3 2 18 66
2 6 8 66
3 2 9 66
5 2 8 66
4 2 4 66
2 2 4 66
4 3 5 67
1 2 4 67
3 3 3 67
3 2 5 66
6 2 4 66
6 2 2 66
1 3 45 65
4 4 45 65
4 2 43 65
3 2 41 65
2 5 35 65
3 2 35 65
1 2 35 65
4 2 33 65
4 3 28 65
2 2 35 65
2 2 31 65
1 2 30 65
2 5 24 65
1 3 25 65
2 3 22 65
1 2 18 65
5 2 22 65
1 3 19 65
3 2 16 65
3 2 11 65
6 2 19 65
4 6 9 65
4 7 14 65
3 7 16 65
1 4 16 65
2 2 15 65
2 2 5 65
5 2 7 65
1 5 5 65
1 2 3 65
3 2 48 64
2 2 42 64
3 5 37 64
1 2 40 64
3 3 40 64
4 2 37 64
2 2 39 64
3 2 32 64
4 5 35 64
3 6 27 64
1 6 31 64
4 2 30 64
4 7 25 64
1 2 22 64
3 6 17 64
1 2 25 64
6 2 24 64
4 6 17 64
2 2 21 64
1 2 16 64
5 2 15 64
2 6 14 64
4 2 13 64
3 3 12 64
5 2 13 64
2 2 11 64
6 3 10 64
3 3 4 64
6 2 3 65
4 4 2 65
3 3 5 64
1 4 4 64
3 3 45 63
2 6 43 63
4 3 40 63
4 2 40 63
1 2 40 63
3 2 36 63
2 5 37 63
1 2 35 63
3 2 31 63
2 2 24 63
3 2 23 63
3 2 21 63
6 2 18 63
3 2 14 63
1 6 13 63
1 6 23 63
4 2 23 63
1 3 18 63
2 3 14 63
1 3 13 63
4 3 13 63
5 2 15 63
2 2 10 63
1 6 9 63
4 5 7 63
4 3 7 63
2 2 59 62
1 3 57 62
4 6 55 62
1 3 49 62
1 2 51 62
3 2 47 62
4 4 46 62
3 2 42 62
4 2 36 62
2 3 35 62
2 2 40 62
3 2 39 62
4 2 36 62
3 3 35 62
3 3 29 62
4 2 29 62
4 2 30 62
3 2 29 62
3 2 27 62
2 3 31 62
2 2 25 62
4 2 27 62
3 2 22 62
3 4 19 62
2 2 10 62
3 4 10 62
1 2 18 62
2 2 5 62
3 2 10 62
2 2 8 62
1 2 8 62
4 3 10 62
1 2 47 61
3 3 46 61
4 2 43 61
2 2 42 61
2 4 34 61
3 2 28 61
3 3 23 61
1 2 17 61
2 2 10 61
3 3 6 61
1 3 99 59
4 2 99 59
1 2 97 59
2 2 94 59
2 5 89 59
3 4 87 59
3 2 84 59
2 6 83 59
2 2 78 59
4 2 76 59
4 2 73 59
4 2 77 59
1 6 70 59
2 2 69 59
2 2 66 59
3 2 63 59
1 2 62 59
1 3 59 59
3 8 70 59
4 2 59 59
1 4 57 59
4 2 56 59
4 5 60 59
3 7 56 59
2 3 54 59
1 3 53 59
4 4 49 59
1 8 47 59
3 10 47 59
2 3 45 59
4 4 43 59
2 2 42 59
2 3 40 59
1 4 38 59
4 3 34 59
3 3 38 59
2 2 38 59
4 2 39 59
2 2 32 59
2 2 30 59
2 2 27 59
4 2 26 59
3 2 26 59
3 2 23 59
4 7 22 59
3 2 20 59
3 2 17 59
3 2 14 59
4 2 10 59
1 3 8 59
2 4 6 59
3 4 3 59
4 2 8 59
2 3 7 59
3 2 4 59
4 3 3 59
1 2 7 59
4 3 4 59
1 5 2 59
1 5 34 58
4 12 34 58
2 3 33 58
1 7 30 58
5 3 28 58
6 2 26 58
1 7 25 58
4 4 22 58
4 3 15 58
2 2 20 58
3 4 19 58
5 2 16 58
3 6 15 58
6 2 14 58
1 2 10 58
3 5 47 57
4 5 37 57
1 2 42 57
2 2 39 57
2 3 36 57
2 3 39 57
3 3 37 57
1 2 37 57
1 2 34 57
3 2 33 57
1 2 31 57
2 6 27 57
5 2 30 57
4 3 29 57
1 3 27 57
6 2 27 57
3 3 26 57
2 3 17 57
4 4 16 57
2 3 11 57
3 2 19 57
1 2 16 57
1 2 14 57
4 2 11 57
5 2 12 58
6 2 13 57
3 3 9 57
1 2 11 58
1 2 8 58
6 2 8 57
4 2 8 58
2 5 7 58
4 2 5 57
2 7 4 57
3 8 3 57
2 4 45 56
4 2 45 56
1 4 44 56
2 2 42 56
4 2 38 56
2 2 35 56
2 2 37 56
4 2 34 56
1 4 34 56
4 6 32 56
2 2 30 56
1 3 25 56
1 2 27 56
4 2 25 56
5 3 26 56
2 2 24 56
1 2 18 56
4 2 20 56
2 2 16 56
1 3 14 56
3 2 15 56
4 6 12 56
1 4 8 56
2 3 7 56
5 3 7 56
3 4 5 56
1 2 5 56
6 3 5 56
3 3 54 55
4 10 52 55
4 2 49 55
1 2 49 55
2 4 49 55
1 2 43 55
2 3 42 55
3 2 39 55
4 3 37 55
1 4 34 55
5 2 34 55
4 2 31 55
3 2 30 55
2 2 28 55
1 2 24 55
1 2 25 55
3 5 22 55
6 2 24 55
4 2 23 55
1 2 18 55
3 3 12 55
2 2 6 55
1 3 10 55
2 2 14 55
6 2 13 55
1 9 3 55
3 2 61 54
1 2 58 54
2 3 57 54
4 2 56 54
1 2 55 54
5 2 53 54
1 2 49 54
2 6 50 54
4 2 50 54
3 4 48 54
1 3 40 54
4 2 39 54
2 5 38 54
6 2 39 54
3 4 38 54
2 2 35 54
1 2 28 54
4 3 33 54
2 2 34 54
1 2 33 54
6 2 28 54
4 2 28 54
2 5 27 54
3 2 26 54
4 5 25 54
1 6 23 54
2 2 21 54
2 4 17 54
3 3 17 54
4 3 15 54
3 4 12 54
4 6 11 54
5 2 9 55
2 2 8 54
4 2 6 54
3 2 4 54
2 4 2 54
4 2 2 55
4 2 50 53
2 2 48 53
3 2 46 53
4 2 43 53
1 3 42 53
4 4 38 53
1 4 30 53
3 4 28 53
1 5 26 53
4 3 25 53
2 3 25 53
5 2 23 53
1 2 19 53
6 2 25 53
3 2 23 53
3 3 18 53
3 2 19 53
2 2 16 53
1 4 15 53
4 3 17 53
4 3 15 53
3 2 13 53
2 2 15 53
1 3 11 53
2 3 9 53
5 3 9 53
2 3 6 53
3 2 6 53
6 2 6 53
1 2 5 53
1 3 3 53
1 3 59 52
4 2 59 52
4 2 57 52
4 3 48 52
2 3 48 52
2 4 44 52
1 3 43 52
2 3 49 52
3 2 47 52
1 4 45 52
3 2 47 52
2 3 39 52
3 2 38 52
3 2 40 52
2 2 39 52
1 5 36 52
4 3 35 52
3 2 33 52
2 2 30 52
4 5 18 52
3 3 27 52
1 2 33 52
4 2 32 52
2 2 29 52
1 3 20 52
4 2 23 52
2 2 22 52
1 3 22 52
3 3 19 52
1 2 18 52
3 2 11 52
3 3 8 52
2 2 12 52
4 2 9 52
2 3 4 52
2 2 7 52
1 2 7 52
4 4 4 52
6 2 2 52
5 2 1 53
1 2 3 52
1 2 39 51
1 2 36 51
3 3 34 51
3 4 24 51
2 2 18 51
3 2 6 51
4 6 100 49
4 3 94 49
2 6 94 49
4 2 90 49
2 8 88 49
1 2 87 49
4 9 85 49
3 4 84 49
2 9 78 49
2 4 81 49
1 8 78 49
1 2 74 49
4 2 73 49
1 5 69 49
3 3 79 49
1 2 78 49
4 2 72 49
3 4 72 49
4 5 68 49
2 3 67 49
2 2 64 49
2 3 68 49
1 2 66 49
4 5 63 49
3 2 60 49
2 4 55 49
1 2 57 49
3 6 54 49
4 2 53 49
3 2 49 49
1 2 46 49
4 3 46 49
2 4 47 49
4 2 40 49
1 3 30 49
4 2 29 49
1 4 33 49
2 2 31 49
3 3 27 49
1 2 32 49
2 3 31 49
4 2 30 49
3 3 29 49
4 2 24 49
1 6 26 49
3 2 19 49
4 2 22 49
2 2 16 49
2 2 23 49
1 2 23 49
2 2 19 49
1 6 15 49
2 4 12 49
4 4 12 49
3 2 9 49
4 5 8 49
2 3 6 49
4 5 4 49
3 2 8 49
3 2 4 49
4 6 24 48
1 3 26 48
2 9 25 48
3 2 22 48
6 3 21 48
2 4 18 48
5 2 20 48
4 4 19 48
2 2 16 48
5 2 15 48
3 5 14 48
6 2 9 48
1 4 6 48
2 2 2 48
1 2 9 49
2 3 52 47
4 5 50 47
1 2 48 47
4 2 45 47
5 2 44 47
3 2 42 47
4 5 41 47
3 3 37 47
2 13 37 47
1 4 34 47
4 2 28 47
1 8 27 47
1 3 22 47
4 2 19 47
3 2 17 47
1 2 19 47
4 2 19 47
1 4 16 47
3 3 10 47
1 2 8 47
2 2 7 47
3 5 6 47
4 6 5 47
6 2 7 48
2 2 7 47
2 2 4 47
2 3 52 46
1 4 51 46
3 2 49 46
4 3 48 46
4 3 45 46
5 2 44 46
4 3 39 46
2 6 39 46
1 5 36 46
2 2 33 46
3 4 33 46
1 2 34 46
3 2 33 46
6 2 32 46
4 3 29 46
3 3 26 46
6 2 20 46
4 3 18 46
2 2 23 46
3 3 17 46
5 2 21 46
2 2 15 46
3 2 13 46
4 5 12 46
4 8 9 46
1 7 7 47
6 2 7 47
2 11 5 47
5 2 5 46
3 2 5 46
2 5 5 46
3 2 2 46
1 2 3 47
5 2 3 48
6 2 3 46
2 2 35 45
3 3 28 45
1 2 24 45
3 2 23 45
1 4 25 45
2 2 25 45
4 5 23 45
2 4 20 45
4 3 18 45
3 4 15 45
2 3 12 45
1 2 14 45
2 2 9 45
1 2 6 45
3 3 5 45
1 3 2 45
1 9 71 44
2 2 66 44
1 2 64 44
3 2 61 44
2 2 63 44
4 8 58 44
1 2 57 44
2 3 57 44
1 3 55 44
3 5 51 44
4 3 48 44
3 5 45 44
3 2 48 44
2 3 45 44
6 2 46 44
4 2 43 44
5 2 45 44
4 5 45 44
1 3 43 44
2 3 40 44
4 2 37 44
3 5 35 44
3 2 31 44
1 3 33 44
2 3 30 44
2 2 27 44
4 2 27 44
1 2 26 44
3 2 22 44
4 2 21 44
3 6 19 44
5 2 16 44
6 2 16 44
2 2 15 44
3 5 14 44
2 2 13 44
5 2 13 44
3 2 10 44
3 3 7 44
1 2 4 44
4 2 5 45
6 2 4 45
2 4 50 43
1 2 47 43
3 2 46 43
2 3 44 43
1 2 45 43
4 2 44 43
3 2 36 43
1 2 22 43
3 3 37 43
3 2 20 43
4 3 30 43
4 3 33 43
4 2 31 43
2 2 30 43
1 3 29 43
6 2 29 43
3 3 25 43
4 2 18 43
5 2 25 43
1 7 20 43
3 2 23 43
1 2 22 43
4 2 20 43
3 2 18 43
2 2 14 43
4 3 12 43
1 4 11 43
6 2 12 43
3 3 11 43
1 4 8 43
5 2 9 43
2 2 7 43
4 5 4 43
1 2 4 44
6 2 4 43
3 6 2 43
4 2 49 42
3 2 48 42
4 6 43 42
1 3 38 42
1 2 42 42
2 2 38 42
2 2 36 42
1 2 35 42
3 2 34 42
1 2 32 42
3 3 26 42
4 3 24 42
4 5 28 42
2 3 23 42
2 2 26 42
1 2 23 42
4 2 19 42
2 2 18 42
2 2 16 42
3 2 15 42
2 2 10 42
2 3 7 42
3 2 9 42
4 3 8 42
3 3 5 42
1 2 8 42
4 3 3 42
2 2 58 41
4 2 57 41
4 2 53 41
2 2 52 41
3 2 48 41
4 4 44 41
2 2 38 41
3 2 36 41
4 2 34 41
1 2 33 41
3 2 29 41
4 3 25 41
3 2 20 41
3 2 9 41
4 2 7 41
2 5 100 39
3 3 94 39
1 2 93 39
4 2 90 39
1 2 85 39
2 5 84 39
3 4 83 39
4 2 78 39
3 5 78 39
1 3 77 39
2 6 76 39
2 8 69 39
1 4 68 39
3 2 75 39
1 2 70 39
4 2 70 39
1 2 66 39
4 2 65 39
2 5 63 39
4 2 56 39
3 4 54 39
2 9 54 39
1 7 50 39
2 2 46 39
2 2 44 39
1 4 43 39
4 3 43 39
3 3 42 39
1 10 38 39
1 4 36 39
3 4 36 39
2 2 30 39
4 2 34 39
3 5 32 39
2 2 32 39
1 2 28 39
4 3 28 39
3 4 26 39
4 2 25 39
1 2 20 39
2 3 18 39
4 2 19 39
3 3 18 39
1 2 9 39
1 5 27 39
3 2 21 39
4 2 21 39
1 8 16 39
3 2 7 39
2 3 9 39
4 2 9 39
3 2 8 39
2 3 6 39
1 7 4 39
4 2 13 39
4 2 3 39
3 2 38 38
4 4 37 38
1 2 35 38
4 4 32 38
2 8 32 38
1 2 29 38
2 3 28 38
3 3 26 38
6 2 24 38
5 2 24 38
3 2 23 38
2 11 22 38
1 2 13 38
2 7 12 38
1 2 18 38
2 2 10 38
5 2 13 38
1 3 11 38
6 2 9 38
1 4 8 38
5 2 7 38
1 2 5 38
2 5 2 38
4 4 48 37
4 3 45 37
3 2 42 37
2 2 38 37
6 2 37 37
4 12 36 37
1 4 34 37
4 3 33 37
2 2 34 37
1 2 34 37
3 3 33 37
2 3 26 37
2 6 31 37
5 3 29 37
3 3 26 37
1 6 27 37
3 2 27 37
1 2 25 37
1 3 20 37
2 5 22 37
6 2 22 37
1 2 16 37
5 2 17 37
2 2 17 37
4 3 17 37
3 13 15 37
3 2 11 37
4 2 9 37
4 3 7 37
2 2 3 37
2 4 32 36
3 2 30 36
1 4 30 36
4 2 30 36
3 2 27 36
1 2 27 36
1 2 24 36
5 2 23 36
4 5 22 36
1 2 19 36
3 6 17 36
2 2 15 36
2 2 12 36
6 2 9 36
3 2 7 36
2 2 5 36
6 2 7 37
1 2 7 37
4 2 7 36
1 3 3 36
4 4 52 35
6 2 51 35
1 2 47 35
3 4 46 35
4 4 45 35
2 3 51 35
1 2 51 35
4 6 49 35
4 2 46 35
3 2 46 35
3 2 43 35
5 2 41 35
3 2 39 35
2 2 39 35
1 4 38 35
2 3 37 35
3 4 35 35
6 2 31 35
4 6 28 35
3 2 19 35
2 2 29 35
4 2 29 35
3 4 27 35
1 4 22 35
1 3 24 35
2 9 18 35
3 6 20 35
2 2 20 35
6 2 16 35
2 2 9 35
1 6 6 35
4 7 14 35
4 3 4 35
4 2 9 35
3 3 2 35
5 2 3 36
4 3 43 34
3 2 39 34
1 3 38 34
2 2 40 34
4 3 38 34
1 3 34 34
3 5 33 34
1 3 31 34
4 5 24 34
2 2 24 34
1 2 23 34
2 2 22 34
3 2 20 34
1 2 21 34
3 2 13 34
2 8 13 34
5 2 12 34
1 2 12 34
3 3 11 34
4 2 8 34
1 4 8 34
5 3 7 35
3 2 7 35
6 2 7 34
2 2 6 34
3 2 4 34
1 2 4 34
3 2 56 33
2 2 57 33
1 11 54 33
4 2 52 33
3 2 52 33
3 3 49 33
6 2 48 33
4 3 44 33
1 2 44 33
5 2 40 33
1 6 38 33
2 4 41 33
2 2 38 33
2 2 36 33
3 11 37 33
1 3 36 33
4 2 35 33
3 2 32 33
2 2 28 33
2 2 26 33
3 2 19 33
4 2 27 33
3 4 25 33
4 5 11 33
4 6 5 33
1 3 20 33
2 2 16 33
1 3 16 33
2 3 10 33
2 2 12 33
5 2 6 33
2 2 4 33
3 2 9 33
4 5 4 33
2 3 36 32
3 4 38 32
4 5 36 32
4 2 37 32
1 4 27 32
2 2 32 32
1 2 32 32
2 5 28 32
4 3 27 32
4 3 25 32
3 2 23 32
4 4 21 32
3 4 19 32
1 2 17 32
4 2 13 32
1 5 7 32
6 2 9 33
1 2 9 32
3 3 8 32
2 2 7 32
5 2 7 33
1 3 47 31
3 2 45 31
2 2 40 31
1 2 36 31
2 2 32 31
2 2 28 31
2 2 19 31
4 2 17 31
1 2 16 31
3 3 4 31
2 2 2 32
6 2 3 33
1 2 2 33
2 2 100 29
4 2 98 29
1 4 95 29
3 13 95 29
2 3 94 29
1 2 92 29
3 2 90 29
1 2 87 29
3 3 86 29
2 2 85 29
1 2 83 29
3 3 82 29
4 2 76 29
1 2 76 29
2 3 76 29
3 3 74 29
2 2 70 29
1 2 69 29
4 2 59 29
2 3 59 29
4 2 66 29
4 4 55 29
3 3 62 29
4 2 62 29
1 2 60 29
2 4 59 29
3 2 58 29
3 2 55 29
4 2 53 29
2 3 47 29
1 2 51 29
4 2 48 29
1 10 47 29
1 3 43 29
2 2 40 29
1 2 39 29
4 7 44 29
1 2 32 29
3 2 30 29
3 2 38 29
4 4 36 29
4 2 30 29
4 2 25 29
3 2 37 29
1 3 29 29
2 10 25 29
3 2 27 29
1 2 25 29
4 3 25 29
2 2 25 29
3 3 20 29
3 2 18 29
1 7 8 29
2 2 13 29
4 2 5 29
2 2 14 29
4 4 11 29
2 2 9 29
3 2 9 29
2 5 3 29
1 3 35 28
4 2 35 28
5 2 34 28
4 7 33 28
1 2 28 28
2 5 26 28
1 4 21 28
6 2 27 28
3 7 24 28
2 2 20 28
5 2 18 28
1 2 17 28
2 2 16 28
6 2 16 28
2 2 18 28
3 2 14 28
5 2 13 28
3 2 11 28
6 2 9 28
1 2 9 28
2 6 6 28
4 4 4 29
2 2 58 27
4 3 55 27
1 3 49 27
1 3 54 27
1 4 47 27
4 7 45 27
2 8 45 27
2 2 41 27
1 2 39 27
3 3 38 27
6 2 40 27
1 3 39 27
3 2 39 27
4 2 38 27
5 2 37 27
2 10 36 27
3 12 32 27
2 5 28 27
6 2 30 27
3 2 23 27
1 3 18 27
4 3 26 27
4 2 20 27
3 2 18 27
1 2 20 27
1 2 17 27
3 2 12 27
4 3 16 27
2 2 9 27
4 2 10 27
3 5 4 27
1 3 10 27
1 2 3 27
3 6 44 26
2 2 41 26
2 2 37 26
3 6 35 26
4 8 32 26
5 3 31 26
2 2 27 26
1 5 25 26
4 6 25 26
3 3 14 26
6 3 21 26
3 2 20 26
2 7 18 26
1 8 18 26
5 2 16 26
1 3 15 26
2 2 11 26
3 4 10 26
6 2 9 26
5 2 9 26
3 4 8 26
2 2 6 27
4 6 6 26
3 6 53 25
4 2 51 25
1 2 50 25
4 3 48 25
1 4 46 25
4 3 45 25
3 6 44 25
6 2 41 25
4 2 40 25
4 3 35 25
1 2 34 25
1 2 32 25
5 2 32 25
2 6 32 25
1 2 29 25
1 3 26 25
3 2 23 25
6 2 24 25
2 2 22 25
4 3 22 25
3 2 20 25
4 6 14 25
3 8 12 25
1 5 11 25
2 3 8 25
2 2 9 25
4 4 7 25
1 3 5 25
2 2 5 25
2 3 2 25
4 2 37 24
3 2 37 24
3 2 31 24
2 2 31 24
1 8 33 24
4 2 33 24
2 3 31 24
5 2 30 24
4 3 29 24
3 3 28 24
1 2 24 24
1 2 20 24
4 5 22 24
3 3 19 24
3 2 14 24
3 3 9 24
1 2 7 24
4 3 4 24
2 4 5 25
4 3 5 24
1 5 8 24
4 2 7 24
1 3 54 23
4 2 57 23
2 4 55 23
1 2 55 23
4 5 53 23
4 2 44 23
4 2 42 23
3 4 38 23
6 2 48 23
4 2 46 23
4 3 38 23
3 4 42 23
1 2 42 23
1 5 39 23
2 4 39 23
3 4 36 23
4 6 33 23
5 2 33 23
3 4 30 23
4 3 25 23
6 2 29 23
1 2 28 23
1 2 26 23
3 2 25 23
2 2 24 23
2 2 20 23
1 4 21 23
4 3 21 23
3 3 18 23
2 3 17 23
2 2 11 23
3 7 7 23
3 2 57 22
4 3 55 22
4 3 47 22
3 2 47 22
4 2 44 22
1 4 48 22
2 3 45 22
2 2 46 22
4 2 45 22
3 2 34 22
3 3 38 22
1 2 40 22
1 3 38 22
2 3 38 22
2 2 33 22
4 2 33 22
3 2 31 22
2 2 27 22
4 2 25 22
2 3 22 22
1 2 23 22
3 3 22 22
4 4 12 22
1 3 19 22
2 3 17 22
1 4 13 22
4 2 12 22
1 4 6 22
5 2 12 23
6 2 9 23
1 2 9 23
2 4 4 22
5 2 7 23
6 2 7 24
4 2 7 23
4 2 46 21
1 2 36 21
3 2 25 21
1 2 17 21
4 3 12 21
1 2 100 19
3 2 95 19
4 2 95 19
3 2 93 19
1 3 93 19
2 3 90 19
3 2 87 19
4 2 85 19
2 3 85 19
1 4 84 19
2 2 82 19
1 3 78 19
4 3 76 19
4 2 80 19
3 2 78 19
2 5 75 19
1 8 75 19
4 3 68 19
3 5 65 19
1 2 68 19
3 2 66 19
1 2 65 19
2 4 65 19
3 4 60 19
3 2 61 19
4 2 59 19
4 3 57 19
3 3 54 19
3 5 50 19
4 2 49 19
3 3 48 19
4 5 45 19
4 2 46 19
3 8 45 19
1 3 42 19
1 2 38 19
2 2 37 19
1 5 36 19
2 2 32 19
4 5 29 19
4 3 31 19
1 2 29 19
4 2 26 19
2 3 29 19
3 4 22 19
2 4 19 19
3 3 17 19
2 2 20 19
1 2 15 19
3 2 17 19
1 2 16 19
4 2 15 19
2 3 13 19
4 3 5 19
4 2 3 19
4 2 41 18
2 7 38 18
2 2 39 18
1 3 38 18
3 2 34 18
2 2 34 18
2 2 31 18
2 5 27 18
1 2 25 18
1 2 19 18
3 2 19 18
1 2 15 18
5 2 20 18
6 2 20 18
2 2 11 18
4 3 16 18
5 2 16 18
3 2 7 18
4 2 9 18
3 2 3 18
2 8 7 18
2 2 63 17
4 3 62 17
4 2 57 17
2 3 58 17
4 3 54 17
4 2 52 17
3 5 51 17
3 4 45 17
2 3 47 17
2 4 44 17
1 2 40 17
4 5 39 17
4 2 43 17
1 3 40 17
2 2 33 17
3 2 39 17
1 2 34 17
4 10 30 17
5 2 33 17
4 6 16 17
1 3 30 17
6 3 30 17
2 4 28 17
2 3 15 17
3 7 23 17
3 4 18 17
5 2 20 17
4 2 19 17
3 3 8 17
1 2 13 17
3 2 8 17
1 4 3 17
6 2 6 18
6 2 9 17
1 6 49 16
3 2 45 16
3 5 42 16
3 5 36 16
4 3 33 16
1 3 35 16
2 2 35 16
2 4 32 16
3 7 28 16
1 14 21 16
5 2 22 16
3 2 21 16
3 2 15 16
1 4 12 16
5 2 13 17
6 2 12 17
2 4 12 16
4 2 10 17
4 2 6 16
1 4 5 17
2 2 5 17
3 2 4 17
4 5 3 18
3 2 4 19
5 2 4 18
2 2 2 18
6 2 2 18
1 2 2 18
2 2 6 16
1 2 6 16
6 2 5 16
3 4 2 16
3 2 3 16
2 3 48 15
3 3 46 15
1 4 37 15
4 3 42 15
2 2 40 15
4 8 36 15
3 2 33 15
1 2 32 15
2 2 32 15
4 2 29 15
4 4 32 15
1 6 32 15
1 5 26 15
3 6 26 15
6 2 25 15
4 3 19 15
5 2 22 15
1 3 20 15
2 4 20 15
3 3 20 15
3 3 18 15
4 6 15 15
2 3 12 15
6 3 11 15
4 4 9 15
4 8 3 15
5 2 9 15
1 5 8 15
6 2 8 15
2 3 3 15
5 3 2 16
3 6 50 14
1 3 48 14
1 2 46 14
4 2 45 14
2 2 44 14
4 4 38 14
3 2 36 14
2 3 33 14
4 2 34 14
1 3 33 14
3 2 32 14
1 2 30 14
2 5 29 14
1 2 28 14
2 2 25 14
2 3 19 14
3 4 16 14
4 2 19 14
4 3 16 14
2 2 14 14
4 5 20 14
1 4 16 14
2 2 16 14
3 3 13 14
3 5 9 14
2 5 15 14
6 2 14 14
3 4 13 14
5 4 13 14
4 3 12 14
1 2 8 14
4 2 7 14
1 6 3 14
3 5 2 15
1 4 53 13
2 2 50 13
1 5 50 13
1 3 46 13
2 2 43 13
3 2 40 13
4 3 43 13
4 2 44 13
3 7 43 13
1 4 38 13
6 2 40 13
4 4 37 13
1 4 33 13
2 3 33 13
3 3 30 13
4 2 22 13
1 2 29 13
3 2 21 13
2 3 20 13
1 3 20 13
3 2 23 13
2 4 19 13
6 2 18 13
3 2 13 13
3 2 10 13
5 2 16 13
3 2 14 13
1 2 14 13
1 3 9 13
2 3 6 13
2 2 42 12
3 3 40 12
1 2 40 12
3 2 38 12
4 3 36 12
2 2 36 12
2 2 33 12
3 3 32 12
3 3 30 12
1 3 29 12
3 4 27 12
4 2 27 12
4 3 18 12
4 2 15 12
1 3 19 12
2 2 14 12
2 2 18 12
4 4 12 12
2 2 9 12
4 2 11 12
3 2 5 12
1 3 11 12
5 2 11 12
1 4 3 12
2 3 7 13
1 3 49 11
1 2 37 11
4 3 32 11
1 2 29 11
3 2 24 11
2 3 22 11
3 2 9 11
2 2 3 11
4 3 100 9
1 5 96 9
2 7 94 9
4 3 93 9
3 5 90 9
3 4 85 9
1 8 84 9
2 3 80 9
3 4 77 9
4 6 73 9
2 2 77 9
1 6 74 9
4 4 74 9
2 3 73 9
3 2 66 9
4 8 65 9
1 3 62 9
3 4 60 9
4 2 57 9
3 12 63 9
4 3 58 9
1 4 55 9
4 3 53 9
4 4 50 9
1 9 46 9
4 4 45 9
1 2 46 9
2 3 45 9
2 2 40 9
3 2 40 9
3 2 37 9
4 4 36 9
4 2 34 9
2 5 33 9
1 3 30 9
2 3 25 9
1 2 24 9
2 2 22 9
3 2 19 9
2 3 17 9
4 2 20 9
2 2 17 9
1 4 16 9
3 2 14 9
1 3 8 9
2 2 7 9
3 3 8 9
1 2 37 8
2 4 37 8
3 8 30 8
1 3 22 8
4 8 16 8
6 2 25 8
3 2 19 8
3 2 14 8
4 4 22 8
5 2 22 8
3 2 20 8
4 12 3 8
2 2 11 9
3 2 2 9
5 2 17 8
1 9 12 8
2 4 13 8
3 3 58 7
1 2 58 7
4 2 58 7
3 2 56 7
1 3 56 7
1 3 52 7
4 3 51 7
2 3 49 7
4 2 47 7
2 2 46 7
4 3 38 7
6 2 44 7
2 5 35 7
3 7 37 7
1 2 34 7
1 3 32 7
4 7 30 7
3 4 25 7
4 4 22 7
2 3 24 7
5 2 26 7
6 2 24 7
5 2 19 7
1 9 18 7
3 6 19 7
1 3 20 7
3 2 16 7
3 2 4 7
6 2 14 8
1 2 13 8
4 2 11 8
6 2 9 8
1 2 7 8
4 3 7 8
5 2 6 8
3 2 7 7
4 2 7 7
2 3 6 7
1 3 4 7
5 2 2 7
4 4 4 7
6 2 1 7
1 4 36 6
4 2 34 6
3 5 33 6
4 3 29 6
5 2 28 6
3 2 24 6
4 2 24 6
1 5 22 6
2 2 22 6
2 2 19 6
4 3 14 6
2 3 15 6
5 2 14 6
3 2 8 6
6 2 7 6
2 7 6 6
3 2 10 6
2 3 9 6
1 2 4 6
3 7 8 6
4 7 6 6
1 2 58 5
2 4 57 5
4 2 57 5
1 2 56 5
4 2 55 5
3 2 54 5
3 4 50 5
4 2 46 5
4 8 48 5
1 2 44 5
4 2 43 5
2 3 39 5
4 4 39 5
3 2 35 5
4 4 34 5
3 2 32 5
1 2 30 5
2 3 28 5
4 4 26 5
1 2 24 5
2 7 21 5
3 4 17 5
2 2 15 5
4 12 9 5
2 2 8 5
6 2 7 5
1 4 7 5
6 2 6 6
5 3 6 5
2 2 11 5
3 10 9 5
3 5 6 5
2 2 5 6
1 4 39 4
4 2 35 4
3 2 34 4
4 2 32 4
3 5 31 4
1 4 29 4
3 2 28 4
2 2 28 4
5 2 27 4
1 7 27 4
4 4 23 4
3 3 19 4
2 2 21 4
3 2 20 4
1 2 18 4
3 4 14 4
1 5 12 4
4 3 9 4
1 2 7 4
6 2 7 5
6 2 13 4
2 4 10 4
2 2 8 4
5 2 7 4
4 3 6 4
6 2 6 4
4 2 4 4
1 5 3 4
2 9 48 3
3 5 44 3
4 2 41 3
4 4 38 3
1 5 38 3
3 3 38 3
3 6 35 3
3 2 26 3
2 2 25 3
4 2 28 3
2 3 22 3
1 3 22 3
1 4 25 3
3 2 22 3
6 2 23 3
4 4 19 3
3 3 16 3
1 2 15 3
2 2 14 3
1 4 12 3
4 2 11 3
3 3 7 3
2 5 5 3
3 2 54 2
4 4 52 2
1 4 49 2
4 5 44 2
1 4 41 2
5 2 41 2
3 3 40 2
2 3 40 2
4 3 39 2
2 5 31 2
2 3 32 2
4 2 28 2
1 3 28 2
4 2 24 2
2 3 20 2
6 2 20 2
1 3 16 2
2 6 15 2
4 2 16 2
4 3 11 2
5 3 11 3
3 2 12 2
4 2 7 2
5 2 7 3
3 2 7 3
6 2 6 3
1 2 6 3
3 2 53 1
2 2 51 1
3 2 47 1
2 2 41 1
3 2 32 1
4 2 27 1
1 2 25 1
2 2 16 1
3 2 8 1
