42900
2695
5 6 100 100
4 2 96 100
5 7 94 100
7 4 92 100
6 2 90 100
7 4 88 100
6 4 86 100
5 14 84 100
6 5 78 100
2 3 75 100
3 13 73 100
6 2 70 100
1 4 68 100
2 7 66 100
1 2 64 100
3 2 62 100
8 7 61 100
4 2 59 100
3 9 58 100
8 8 56 100
7 9 50 100
5 2 48 100
4 9 45 100
5 9 43 100
5 4 40 100
7 8 39 100
4 2 38 100
3 4 40 100
8 2 39 100
6 2 38 100
5 3 36 100
6 3 34 100
5 6 32 100
6 3 31 100
7 4 29 100
6 8 28 100
8 10 25 100
1 2 21 100
2 9 16 100
3 15 12 100
1 3 9 100
2 7 7 100
1 12 6 100
2 8 5 100
8 2 14 99
2 3 10 99
3 3 16 99
2 2 11 99
3 2 11 99
5 3 12 99
4 2 13 99
1 2 12 99
8 2 4 99
6 2 5 100
3 4 3 99
1 3 5 99
6 2 39 98
7 2 36 98
6 2 33 98
1 2 32 98
5 2 32 98
6 2 30 98
7 4 26 98
4 6 25 98
6 7 25 98
4 2 23 98
5 4 22 98
2 2 20 98
8 3 19 98
3 5 16 98
2 2 11 98
8 15 7 98
2 5 1 98
8 2 2 99
1 3 1 98
3 2 1 99
7 2 56 97
6 2 50 97
6 2 47 97
5 2 45 97
3 2 45 97
4 2 43 97
6 8 40 97
4 2 37 97
8 2 35 97
1 2 34 97
3 3 32 97
1 2 29 97
4 9 33 97
3 2 27 97
6 5 31 97
5 3 29 97
2 2 22 97
8 2 18 97
6 2 13 97
4 2 9 97
2 2 13 97
8 19 11 97
7 2 11 97
3 11 4 97
4 2 4 98
1 5 4 97
7 2 11 97
3 2 5 97
2 6 4 97
8 2 4 98
4 7 62 96
5 3 59 96
6 4 58 96
7 2 54 96
6 2 51 96
7 2 49 96
5 3 46 96
6 5 43 96
8 5 37 96
1 6 34 96
4 2 29 96
2 2 28 96
8 2 26 96
2 5 22 96
4 4 21 96
6 3 17 96
4 2 15 96
6 3 13 96
5 2 9 96
2 4 12 96
3 5 5 96
6 2 8 96
7 2 8 96
3 2 8 97
3 2 6 96
1 2 5 96
8 2 4 96
6 2 59 95
1 3 57 95
5 2 52 95
5 3 48 95
7 2 45 95
2 5 39 95
8 2 34 95
2 5 32 95
5 2 38 95
6 7 37 95
4 3 36 95
7 6 29 95
1 4 28 95
8 2 23 95
2 2 21 95
5 4 18 95
6 3 18 95
5 5 15 95
5 6 9 95
2 2 5 95
3 3 8 95
2 3 10 95
2 8 8 95
6 2 4 95
8 5 2 95
3 3 1 95
4 2 1 96
5 8 61 94
5 8 53 94
4 3 41 94
5 2 41 94
6 3 46 94
4 4 40 94
2 2 36 94
2 3 33 94
7 8 34 94
8 3 32 94
3 2 28 94
6 19 30 94
5 2 29 94
2 6 27 94
3 2 21 94
5 4 22 94
4 9 21 94
8 2 19 94
3 2 17 94
5 6 14 94
7 4 8 94
8 2 5 94
1 2 5 95
3 3 4 94
1 10 1 94
7 2 61 93
4 2 59 93
5 3 56 93
6 5 56 93
8 3 54 93
6 3 53 93
5 2 51 93
5 2 45 93
8 5 40 93
2 3 39 93
8 2 37 93
4 2 37 93
3 2 35 93
3 3 32 93
1 3 32 93
6 3 30 93
2 3 29 93
8 3 24 93
4 2 24 93
7 2 19 93
6 3 23 93
4 2 25 93
7 9 22 93
3 2 18 93
5 2 21 93
4 2 20 93
6 4 16 93
1 5 13 93
3 2 10 93
8 9 10 93
3 5 6 93
7 2 51 92
8 2 40 92
5 4 39 92
3 3 35 92
7 2 35 92
5 2 33 92
1 2 29 92
3 2 29 92
8 3 28 92
3 5 27 92
8 2 22 92
5 4 25 92
5 2 22 92
8 3 17 92
4 9 23 92
2 3 15 92
5 3 13 92
3 4 13 92
8 3 12 92
6 2 12 92
8 2 11 92
2 5 7 92
1 2 5 92
8 4 2 92
1 2 5 92
3 2 4 92
2 7 2 92
7 3 46 91
7 2 42 91
5 3 39 91
3 2 37 91
7 2 35 91
6 2 30 91
5 8 29 91
6 3 26 91
7 4 24 91
4 7 23 91
2 4 22 91
3 7 18 91
2 2 11 91
1 3 9 91
2 3 7 91
7 4 5 91
6 2 3 92
6 2 68 90
6 2 65 90
5 2 64 90
6 2 60 90
4 3 55 90
1 2 53 90
3 2 51 90
7 2 49 90
8 2 54 90
4 3 48 90
7 3 46 90
3 2 43 90
1 2 43 90
8 3 41 90
3 5 37 90
3 3 35 90
6 2 35 90
2 2 32 90
3 2 30 90
7 10 31 90
4 2 31 90
3 5 23 90
7 4 22 90
1 6 19 90
7 3 18 90
8 5 17 90
5 2 16 90
8 4 13 90
1 2 12 90
2 2 11 90
8 2 5 90
1 4 3 90
4 3 59 89
4 2 53 89
6 2 52 89
7 3 51 89
5 4 49 89
6 2 45 89
4 6 42 89
7 4 38 89
6 4 37 89
3 2 31 89
2 2 28 89
2 8 25 89
5 3 18 89
1 3 20 89
4 4 15 89
2 3 14 89
6 2 12 89
4 2 11 89
3 18 8 89
1 2 6 89
2 2 2 89
3 3 1 89
3 2 4 90
4 3 77 88
7 17 75 88
6 5 73 88
4 2 72 88
7 4 68 88
5 5 68 88
6 5 67 88
4 4 66 88
5 2 61 88
4 3 58 88
2 2 51 88
8 2 52 88
3 7 50 88
2 12 49 88
1 2 47 88
8 2 45 88
2 3 44 88
7 2 42 88
1 3 40 88
2 2 37 88
6 2 37 88
8 2 32 88
6 2 28 88
4 18 25 88
7 2 19 88
7 4 27 88
1 6 20 88
5 4 17 88
4 2 14 88
3 16 16 88
5 2 12 88
1 4 9 88
8 2 11 88
4 3 9 88
1 2 8 88
1 2 2 88
2 21 2 88
4 2 41 87
6 2 36 87
5 2 34 87
3 4 30 87
2 2 29 87
3 2 25 87
7 2 29 87
6 2 28 87
4 6 27 87
1 3 23 87
4 2 20 87
5 3 18 87
5 2 22 87
7 2 22 87
4 5 17 87
4 3 9 87
7 3 8 87
2 8 10 87
8 3 14 87
6 4 13 87
6 2 9 87
5 3 9 87
7 3 6 87
5 2 44 86
4 6 40 86
6 2 35 86
5 2 33 86
3 2 32 86
7 3 31 86
5 2 29 86
3 2 24 86
5 2 20 86
3 3 10 86
3 2 12 86
8 4 6 86
1 2 6 86
8 3 2 86
3 2 4 86
6 2 58 85
6 3 55 85
7 2 52 85
7 2 50 85
4 2 47 85
5 2 44 85
2 5 39 85
8 2 35 85
8 2 32 85
3 2 27 85
5 2 36 85
6 2 34 85
6 2 31 85
4 5 31 85
8 2 25 85
2 2 23 85
4 3 27 85
7 3 27 85
7 4 24 85
4 2 21 85
1 2 21 85
3 2 18 85
6 2 15 85
1 2 17 86
2 2 16 85
6 2 10 85
5 2 6 85
1 3 5 85
5 2 9 85
8 2 3 85
4 2 4 86
1 2 8 87
2 2 8 86
2 2 2 86
8 2 3 87
7 2 3 86
6 2 3 85
8 2 3 86
7 2 63 84
3 5 60 84
7 2 57 84
4 2 55 84
7 2 53 84
6 2 52 84
7 3 50 84
5 2 48 84
5 16 45 84
4 5 44 84
6 2 41 84
2 3 40 84
2 2 34 84
1 4 33 84
8 2 27 84
2 2 26 84
1 3 23 84
5 3 20 84
8 2 21 84
3 9 10 84
3 2 17 84
6 2 17 84
1 3 10 84
1 10 6 84
3 2 5 84
3 2 10 84
6 2 8 84
7 2 8 84
4 2 6 84
3 4 2 84
4 3 71 83
6 2 68 83
4 3 65 83
7 3 63 83
6 2 60 83
5 2 59 83
7 2 58 83
4 2 53 83
4 3 50 83
2 5 46 83
1 5 41 83
7 21 41 83
8 2 37 83
1 2 35 83
3 2 34 83
3 2 30 83
1 2 29 83
5 20 31 83
7 8 24 83
8 3 19 83
4 2 19 83
5 5 16 83
1 2 8 83
2 5 7 83
8 3 7 83
8 7 4 83
5 2 3 84
5 2 1 84
6 10 64 82
4 2 59 82
7 4 57 82
5 2 53 82
7 3 52 82
5 2 48 82
8 5 50 82
6 3 47 82
8 2 43 82
2 7 41 82
3 2 37 82
8 3 35 82
1 7 32 82
8 2 31 82
8 2 29 82
3 3 26 82
1 3 24 82
7 2 22 82
6 5 20 82
5 2 19 82
4 2 17 82
1 4 16 82
3 3 15 82
2 7 13 82
8 4 11 82
2 14 6 82
1 20 1 82
6 2 1 83
2 2 4 82
5 2 40 81
6 2 38 81
7 3 37 81
4 2 32 81
5 2 31 81
6 2 31 81
7 3 28 81
3 2 25 81
3 4 22 81
2 2 20 81
4 5 19 81
3 2 17 81
1 12 16 81
3 3 13 81
6 5 10 81
2 3 6 81
4 6 72 80
6 2 71 80
4 2 69 80
6 3 64 80
6 3 65 80
4 6 63 80
7 3 60 80
6 2 53 80
7 2 52 80
4 2 53 80
1 5 47 80
8 3 45 80
2 5 43 80
3 7 40 80
7 2 36 80
1 4 31 80
7 6 34 80
7 7 25 80
5 2 32 80
4 31 30 80
3 2 23 80
4 2 25 80
6 4 22 80
6 8 19 80
5 2 19 80
1 3 8 80
8 2 7 80
2 5 8 80
4 2 8 80
1 2 5 80
3 15 4 80
8 19 2 80
5 2 1 81
3 2 1 82
6 2 43 79
6 3 40 79
7 3 39 79
7 5 35 79
1 8 29 79
5 3 24 79
3 5 22 79
6 7 19 79
2 2 17 79
1 3 15 79
7 5 12 79
8 2 6 79
1 4 4 79
7 5 65 78
4 5 61 78
7 3 60 78
6 4 58 78
4 6 55 78
4 2 50 78
5 2 45 78
7 2 43 78
1 7 39 78
8 7 40 78
7 2 43 78
5 3 41 78
6 3 41 78
1 4 37 78
1 2 29 78
3 2 25 78
8 4 30 78
3 7 29 78
2 2 28 78
8 2 22 78
7 2 20 78
4 7 18 78
7 2 15 78
8 2 13 78
6 4 12 78
4 2 12 78
2 3 6 78
2 2 9 78
2 2 2 78
8 20 9 78
1 2 9 78
2 2 3 78
5 2 30 77
4 8 27 77
7 4 25 77
6 2 22 77
4 5 20 77
6 2 21 77
5 3 19 77
3 2 17 77
4 2 12 77
4 2 8 77
8 2 10 77
1 2 10 77
6 2 6 77
5 2 6 78
2 2 4 77
3 2 3 77
7 2 2 77
5 3 62 76
4 3 59 76
7 2 57 76
7 2 51 76
4 2 49 76
1 3 50 76
7 8 47 76
2 5 46 76
6 2 43 76
7 4 41 76
4 2 40 76
1 2 37 76
2 2 39 76
1 2 34 76
4 2 36 76
3 3 35 76
8 4 32 76
5 2 30 76
1 2 26 76
5 3 25 76
8 3 23 76
7 7 21 76
7 8 13 76
3 5 8 76
5 2 4 77
2 6 6 76
2 3 1 76
1 5 2 77
8 3 1 77
7 7 6 76
2 2 6 76
3 2 1 76
7 2 45 75
2 4 40 75
6 2 37 75
3 2 36 75
6 2 34 75
3 3 32 75
1 2 33 75
4 2 30 75
4 5 31 75
5 10 30 75
8 3 27 75
7 4 33 75
1 2 23 75
5 2 27 75
4 4 27 75
3 2 25 75
6 6 23 75
8 3 21 75
5 2 15 75
4 3 12 75
3 4 10 75
2 2 11 75
5 3 6 75
1 5 9 75
3 3 10 75
1 2 2 75
6 2 3 76
2 5 3 75
6 2 5 76
5 2 49 74
3 2 47 74
6 2 46 74
4 3 44 74
5 2 41 74
3 3 40 74
3 2 34 74
6 7 32 74
8 2 31 74
6 2 31 74
4 4 29 74
1 2 27 74
2 5 23 74
8 12 16 74
8 2 13 74
8 3 8 74
1 4 9 74
7 3 6 74
2 2 8 74
2 2 6 74
4 2 6 74
8 3 4 74
6 3 3 74
7 8 2 74
8 2 2 75
6 2 60 73
5 2 58 73
4 2 56 73
5 3 49 73
7 3 50 73
6 2 45 73
6 3 39 73
3 2 41 73
7 7 38 73
8 2 35 73
1 4 30 73
5 2 34 73
5 6 32 73
4 2 31 73
2 2 27 73
7 4 25 73
7 4 21 73
3 2 22 73
1 13 19 73
6 3 18 73
2 5 18 73
6 2 11 73
2 2 13 73
4 2 7 73
3 2 5 73
1 13 8 73
5 3 3 73
5 2 60 72
6 6 59 72
6 2 53 72
4 2 41 72
6 2 39 72
1 5 35 72
8 2 33 72
1 2 31 72
4 7 31 72
2 7 29 72
3 2 32 72
2 2 22 72
3 11 15 72
6 2 19 72
4 5 15 72
2 2 17 72
7 2 14 72
6 3 14 72
1 2 15 72
7 2 15 72
5 2 14 72
7 4 11 72
1 3 10 72
8 15 9 72
6 2 7 73
4 3 7 73
3 2 6 73
5 2 6 72
1 4 4 72
8 8 1 72
5 2 3 73
6 3 42 71
3 5 36 71
7 6 33 71
4 2 32 71
1 2 31 71
3 2 31 71
5 2 28 71
4 3 27 71
8 5 17 71
4 2 18 71
2 2 12 71
5 3 16 71
2 3 9 71
8 2 7 71
1 2 7 71
3 3 9 71
7 2 7 71
4 3 50 70
6 2 46 70
4 2 47 70
3 19 45 70
4 25 37 70
6 4 33 70
1 2 29 70
5 10 34 70
3 3 31 70
8 3 26 70
4 2 24 70
2 2 23 70
5 2 24 70
8 3 22 70
7 2 20 70
7 6 15 70
6 3 11 70
2 3 11 70
8 3 11 70
5 3 5 70
2 8 8 70
6 2 3 70
1 4 5 70
3 3 63 69
4 2 61 69
7 3 60 69
5 2 59 69
4 3 58 69
6 2 55 69
3 3 51 69
6 2 46 69
3 2 48 69
4 2 44 69
3 2 43 69
6 2 42 69
7 2 40 69
8 3 38 69
1 2 37 69
8 3 35 69
5 3 33 69
7 3 30 69
2 3 27 69
7 2 22 69
2 3 20 69
2 2 21 69
7 6 19 69
4 3 16 69
5 2 10 69
6 2 11 69
1 4 8 69
5 2 10 69
7 13 6 69
8 2 3 69
4 4 62 68
6 4 61 68
4 3 57 68
3 2 53 68
6 2 48 68
8 3 54 68
4 2 47 68
6 3 44 68
8 7 41 68
8 4 35 68
1 3 32 68
2 7 28 68
3 5 25 68
4 4 29 68
6 5 25 68
5 2 25 68
3 2 24 68
6 4 21 68
3 3 11 68
4 2 10 68
2 3 15 68
2 2 8 68
2 2 6 68
5 2 12 68
1 2 5 68
2 6 1 68
7 25 2 68
4 2 54 67
4 3 51 67
3 3 49 67
5 3 46 67
3 2 43 67
6 2 41 67
4 3 37 67
3 6 35 67
7 2 33 67
6 2 32 67
2 2 31 67
1 2 28 67
7 3 27 67
2 2 22 67
7 4 20 67
7 2 17 67
2 15 17 67
4 2 16 67
8 2 15 67
7 3 9 67
8 2 7 67
4 2 6 68
1 3 9 67
2 20 3 67
4 3 68 66
3 5 62 66
4 4 55 66
4 2 46 66
6 2 45 66
7 2 48 66
7 2 43 66
7 3 39 66
4 2 39 66
6 2 38 66
1 4 37 66
8 2 34 66
1 2 32 66
5 2 37 66
7 2 29 66
2 3 28 66
6 3 29 66
2 3 24 66
6 14 24 66
3 4 24 66
7 2 23 66
2 2 20 66
6 4 15 66
8 5 8 66
7 7 5 66
8 2 8 66
3 2 2 66
6 2 6 67
3 2 77 65
4 2 75 65
6 5 73 65
3 4 69 65
8 2 68 65
6 2 66 65
5 7 65 65
4 2 62 65
3 2 61 65
4 3 59 65
1 2 53 65
7 5 51 65
1 2 51 65
6 2 51 65
1 2 49 65
8 7 45 65
8 4 38 65
2 2 36 65
2 2 37 65
1 2 35 65
8 3 33 65
2 2 30 65
4 2 28 65
4 6 25 65
6 3 24 65
5 11 23 65
3 3 16 65
6 2 14 65
2 2 12 65
4 2 12 65
7 2 12 65
1 16 10 65
8 3 2 65
4 2 42 64
3 3 41 64
5 3 41 64
6 5 38 64
2 2 33 64
6 2 32 64
4 2 31 64
7 2 30 64
2 2 24 64
3 7 23 64
1 2 21 64
2 2 18 64
8 5 14 64
3 2 12 64
1 2 12 64
6 2 11 64
2 4 12 64
4 2 9 64
7 11 3 64
5 3 9 64
2 4 2 64
5 4 71 63
3 4 70 63
4 2 69 63
5 2 66 63
6 6 66 63
3 3 62 63
4 2 61 63
5 5 59 63
5 3 56 63
5 2 49 63
7 5 38 63
8 2 36 63
1 3 36 63
8 5 31 63
7 2 35 63
2 4 34 63
1 3 34 63
8 3 25 63
4 5 21 63
7 2 29 63
5 3 17 63
6 8 25 63
1 3 19 63
4 4 15 63
8 2 20 63
6 5 15 63
4 2 9 63
7 5 7 63
3 2 4 64
3 2 15 63
8 2 2 63
6 2 1 64
3 2 1 65
2 2 4 64
3 2 4 64
8 2 2 64
8 3 3 63
7 2 3 63
2 2 3 63
4 3 2 63
4 4 37 62
6 5 33 62
3 4 28 62
5 3 26 62
6 4 25 62
2 5 24 62
8 3 20 62
7 2 20 62
5 3 18 62
8 5 16 62
1 6 14 62
1 7 12 62
1 20 6 62
4 5 61 61
3 10 53 61
1 4 40 61
3 3 40 61
7 3 37 61
7 4 40 61
6 4 37 61
5 4 37 61
1 2 33 61
6 2 34 61
4 8 33 61
8 2 32 61
8 2 29 61
1 2 26 61
2 3 22 61
4 5 18 61
5 2 21 61
2 2 21 61
1 4 17 61
3 2 16 61
7 9 15 61
3 2 11 61
4 2 9 61
5 2 9 61
7 2 5 61
2 5 3 61
3 2 3 62
4 2 3 61
5 2 3 62
3 2 1 61
5 3 62 60
3 2 58 60
5 2 57 60
3 3 54 60
2 4 52 60
4 3 51 60
6 2 47 60
3 4 44 60
6 2 40 60
8 3 37 60
8 3 35 60
1 4 33 60
8 6 30 60
3 2 25 60
2 2 23 60
5 3 26 60
4 3 18 60
5 2 16 60
3 2 16 60
5 4 18 60
4 4 14 60
3 2 14 60
7 3 13 60
6 2 13 60
2 32 9 60
4 4 7 60
7 6 3 60
8 8 2 60
1 3 46 59
3 2 43 59
5 3 42 59
6 2 39 59
3 3 38 59
4 4 36 59
3 2 32 59
4 2 27 59
8 2 21 59
5 24 25 59
3 4 25 59
7 2 19 59
4 6 17 59
2 3 13 59
8 2 13 59
7 8 12 59
1 2 10 59
1 5 11 59
7 5 7 59
2 3 1 59
8 2 7 60
1 2 7 60
6 2 5 60
2 2 6 59
4 6 59 58
3 4 55 58
5 2 52 58
6 3 50 58
4 2 47 58
6 2 44 58
4 3 42 58
3 3 39 58
4 2 36 58
1 3 34 58
1 2 30 58
2 3 30 58
7 2 24 58
5 4 26 58
8 5 22 58
2 2 18 58
7 3 15 58
1 2 15 58
8 2 10 58
6 3 9 58
1 4 8 58
1 2 5 58
4 2 7 59
8 3 2 58
4 4 66 57
6 3 59 57
4 2 57 57
3 2 56 57
6 2 53 57
6 2 50 57
4 2 48 57
1 3 47 57
2 2 45 57
2 2 41 57
7 3 38 57
7 5 42 57
8 3 39 57
1 5 39 57
2 5 38 57
5 8 34 57
6 2 34 57
7 2 33 57
4 2 33 57
2 2 31 57
8 2 26 57
7 2 24 57
3 2 21 57
6 7 20 57
7 3 13 57
2 5 16 57
4 2 13 57
3 3 11 57
1 2 13 57
8 18 12 57
5 4 10 57
7 5 4 57
5 2 3 58
5 2 50 56
3 2 48 56
6 5 45 56
4 2 36 56
4 2 31 56
3 5 30 56
6 5 28 56
5 3 26 56
7 3 23 56
7 2 28 56
5 2 25 56
8 3 20 56
8 2 16 56
4 3 24 56
1 8 15 56
4 2 11 56
6 3 9 56
7 2 12 56
2 4 6 56
3 2 14 56
7 6 4 56
3 2 11 56
6 2 57 55
4 2 55 55
6 3 53 55
3 4 50 55
5 2 46 55
3 2 38 55
4 2 38 55
5 3 37 55
8 2 32 55
2 3 37 55
4 2 34 55
1 3 31 55
6 14 33 55
8 2 29 55
2 3 27 55
1 2 26 55
8 2 25 55
7 3 23 55
8 2 20 55
1 2 18 55
8 2 16 55
4 3 10 55
1 2 10 56
2 4 9 56
1 3 8 56
3 2 7 55
8 21 3 55
1 2 5 56
6 4 69 54
3 2 67 54
4 2 66 54
6 2 65 54
3 5 63 54
5 5 58 54
4 2 52 54
6 2 51 54
1 3 45 54
4 2 43 54
7 3 41 54
1 5 36 54
5 12 36 54
5 5 26 54
1 2 34 54
3 6 34 54
1 2 25 54
7 2 24 54
5 5 21 54
5 3 27 54
3 5 19 54
6 2 15 54
2 2 9 54
7 4 16 54
7 4 7 54
1 2 12 54
2 2 12 54
6 3 12 54
8 6 11 54
5 2 6 54
7 2 3 54
1 7 1 54
4 2 4 55
3 2 4 54
4 3 53 53
1 2 51 53
6 2 50 53
4 3 48 53
5 2 43 53
3 3 40 53
3 2 35 53
8 4 32 53
1 3 29 53
1 2 31 53
5 3 30 53
2 2 26 53
8 3 25 53
1 2 18 53
5 4 25 53
4 2 23 53
6 6 22 53
7 2 15 53
2 5 15 53
2 2 17 53
3 2 11 53
3 3 15 53
4 2 9 53
4 2 6 53
7 6 8 53
8 3 8 53
1 2 7 53
7 2 4 53
3 3 52 52
6 2 50 52
4 4 48 52
5 2 43 52
3 3 42 52
3 4 37 52
6 2 34 52
4 2 31 52
6 3 30 52
5 6 30 52
8 2 29 52
4 3 28 52
2 2 23 52
1 2 18 52
8 2 17 52
2 2 21 52
1 2 14 52
1 2 16 52
8 3 16 52
7 2 15 52
6 4 9 52
1 27 5 52
3 2 68 51
5 3 65 51
4 2 62 51
6 2 58 51
4 2 56 51
5 2 53 51
3 3 51 51
6 2 49 51
7 4 48 51
4 2 47 51
6 11 45 51
8 4 40 51
1 2 39 51
8 3 39 51
8 5 36 51
7 2 31 51
5 4 32 51
1 2 29 51
8 5 26 51
2 2 23 51
3 2 19 51
1 5 7 51
6 7 9 51
8 4 7 51
2 2 2 51
2 2 3 52
8 2 1 52
5 2 1 53
2 2 1 54
3 2 3 51
2 3 65 50
5 2 61 50
5 4 63 50
3 4 58 50
4 4 55 50
2 5 52 50
1 3 49 50
4 2 48 50
5 2 46 50
3 2 44 50
6 6 42 50
8 3 41 50
7 2 40 50
8 2 39 50
1 2 37 50
6 2 35 50
8 2 29 50
4 2 25 50
4 17 21 50
5 4 14 50
6 3 14 50
2 2 10 50
8 3 11 50
3 2 12 51
3 2 9 50
7 2 11 51
1 2 7 50
6 11 4 50
6 2 5 51
4 5 54 49
3 4 51 49
2 2 48 49
4 3 47 49
5 2 44 49
3 2 40 49
8 9 38 49
6 2 32 49
1 2 31 49
7 2 30 49
3 2 31 49
4 2 29 49
6 2 28 49
5 7 30 49
4 2 24 49
1 2 24 49
3 5 23 49
5 4 22 49
4 2 20 49
2 3 19 49
4 2 15 49
5 3 15 49
3 2 16 49
1 8 9 49
7 9 5 49
3 3 43 48
2 2 34 48
4 2 32 48
5 14 35 48
2 11 30 48
3 2 27 48
4 3 26 48
2 3 25 48
8 2 21 48
6 18 19 48
7 4 13 48
1 14 11 48
1 2 6 48
6 14 8 48
2 4 6 48
8 16 5 48
3 2 4 49
1 2 3 48
3 3 60 47
3 2 54 47
4 2 52 47
5 2 49 47
2 5 45 47
8 5 45 47
5 3 42 47
3 2 40 47
2 2 39 47
7 2 31 47
2 3 28 47
6 3 28 47
4 3 31 47
1 3 26 47
8 5 23 47
2 3 24 47
5 7 24 47
6 2 19 47
1 2 14 47
6 6 13 47
4 13 11 47
7 7 5 47
8 2 4 47
8 2 5 48
3 2 4 48
2 2 4 49
6 4 3 47
4 2 2 47
5 2 56 46
5 3 53 46
5 5 45 46
3 2 40 46
4 3 40 46
5 2 35 46
2 2 33 46
7 2 27 46
1 2 32 46
6 9 25 46
3 7 26 46
4 7 25 46
7 9 14 46
3 2 9 46
2 3 17 46
4 5 7 46
4 5 12 46
7 4 7 46
8 2 6 46
2 3 3 46
1 3 3 46
6 2 4 46
6 2 2 46
8 2 2 46
7 3 49 45
7 2 40 45
5 2 37 45
4 2 36 45
3 2 34 45
2 3 30 45
8 2 26 45
4 46 29 45
4 4 26 45
5 2 35 45
1 2 24 45
7 6 22 45
2 5 21 45
3 3 20 45
5 2 19 45
6 5 18 45
5 6 17 45
8 17 14 45
8 2 10 45
7 2 9 45
2 2 9 45
6 3 7 45
5 3 3 45
2 2 6 45
3 2 6 45
3 2 54 44
3 3 52 44
5 2 50 44
2 2 48 44
3 2 46 44
5 2 43 44
4 2 42 44
2 3 41 44
4 2 38 44
2 7 35 44
6 2 30 44
7 2 25 44
1 3 23 44
6 2 20 44
8 2 17 44
6 5 18 44
8 2 18 44
4 3 16 44
1 3 15 44
1 2 11 44
6 4 9 44
7 2 6 44
8 4 5 44
5 2 2 45
5 2 75 43
3 10 75 43
4 4 74 43
4 2 72 43
4 3 67 43
2 2 65 43
5 2 63 43
8 5 62 43
8 2 63 43
3 2 61 43
5 2 59 43
2 4 58 43
6 8 52 43
1 7 51 43
6 4 50 43
1 5 45 43
6 2 41 43
8 7 40 43
1 2 39 43
6 3 35 43
8 2 31 43
2 3 33 43
2 2 24 43
4 2 19 43
3 3 27 43
5 5 24 43
2 3 17 43
5 2 25 43
7 3 14 43
5 2 15 43
3 2 13 43
8 5 9 43
7 2 14 43
7 3 4 43
1 2 3 43
3 7 58 42
4 3 53 42
5 2 50 42
5 2 44 42
8 4 39 42
6 2 38 42
1 2 38 42
8 2 34 42
7 9 39 42
3 4 36 42
8 2 31 42
6 2 30 42
2 2 24 42
2 2 31 42
3 2 22 42
6 3 16 42
2 3 28 42
6 3 18 42
2 2 15 42
5 3 24 42
6 2 11 42
2 2 10 43
8 3 17 42
7 2 19 42
8 4 9 42
3 3 46 41
4 2 44 41
4 2 41 41
5 3 39 41
5 2 37 41
5 11 34 41
2 3 30 41
1 5 26 41
6 3 22 41
8 2 22 41
4 2 21 41
3 3 19 41
7 3 15 41
1 2 15 42
1 3 13 41
8 2 12 41
7 5 10 41
5 2 10 42
1 4 8 41
4 2 8 42
1 2 8 43
1 2 6 41
6 3 4 41
7 2 1 41
4 3 65 40
4 4 61 40
5 2 58 40
4 2 56 40
2 2 54 40
4 4 51 40
5 3 46 40
2 2 43 40
1 3 41 40
3 2 42 40
4 9 39 40
1 2 37 40
6 5 35 40
7 8 31 40
5 3 26 40
6 4 24 40
2 2 22 40
7 2 21 40
7 5 17 40
6 8 15 40
3 3 14 40
8 2 11 40
7 2 9 40
6 23 7 40
7 38 4 40
3 2 61 39
4 2 60 39
5 2 56 39
4 3 54 39
4 3 48 39
4 4 42 39
7 2 39 39
6 4 38 39
1 4 35 39
6 2 30 39
6 4 27 39
2 2 33 39
7 2 23 39
7 4 20 39
3 2 29 39
2 4 28 39
5 2 26 39
2 9 25 39
3 5 24 39
5 2 17 39
8 2 22 39
2 6 15 39
6 9 19 39
8 2 17 39
3 2 14 39
4 2 14 39
2 3 11 39
4 2 9 39
3 3 6 39
1 2 7 40
2 2 5 40
8 7 2 39
2 2 47 38
3 2 46 38
5 8 40 38
2 3 35 38
4 2 33 38
2 4 31 38
3 3 29 38
5 9 27 38
2 5 26 38
1 2 23 38
7 4 22 38
6 3 21 38
7 17 18 38
8 9 15 38
6 2 14 38
1 2 12 38
7 3 7 38
7 5 10 38
2 2 7 38
8 2 5 38
8 3 2 38
7 2 2 39
4 5 58 37
2 5 53 37
5 2 53 37
3 4 52 37
4 2 49 37
5 2 47 37
4 3 45 37
3 2 43 37
5 3 39 37
2 2 35 37
7 2 33 37
3 2 32 37
7 3 29 37
6 2 27 37
1 2 25 37
5 3 26 37
2 3 23 37
6 3 21 37
8 7 18 37
2 2 16 37
1 4 14 37
3 3 8 37
8 5 4 37
5 7 58 36
3 4 50 36
2 3 45 36
8 8 42 36
6 3 37 36
8 3 34 36
7 2 31 36
8 4 30 36
8 2 24 36
5 4 28 36
1 4 22 36
3 6 17 36
2 4 22 36
4 8 19 36
6 2 19 36
5 2 15 36
3 3 13 36
7 9 12 36
2 4 10 36
1 11 5 36
3 2 6 37
8 2 5 37
4 2 5 37
6 2 2 36
2 4 57 35
5 2 52 35
4 2 48 35
6 5 49 35
5 2 45 35
2 2 41 35
3 4 40 35
1 4 39 35
7 2 29 35
6 3 28 35
8 3 26 35
7 2 22 35
2 2 28 35
4 2 28 35
5 12 26 35
5 3 23 35
2 2 23 35
4 5 23 35
7 2 19 35
1 5 17 35
8 2 14 35
5 2 10 35
6 4 11 35
7 2 9 35
8 4 3 35
6 2 2 36
1 3 5 35
3 2 4 35
2 4 56 34
5 3 51 34
2 2 49 34
5 2 33 34
6 4 31 34
7 2 28 34
5 3 30 34
8 2 23 34
3 6 28 34
8 3 20 34
7 5 31 34
4 3 24 34
2 7 24 34
7 2 18 34
3 10 22 34
1 2 17 34
6 2 16 34
6 5 14 34
4 3 11 34
3 2 6 34
5 3 17 34
2 3 14 34
8 12 4 34
2 2 3 35
4 3 52 33
5 3 51 33
2 4 48 33
5 4 46 33
2 2 42 33
2 2 39 33
3 2 35 33
2 2 34 33
4 3 32 33
7 3 27 33
1 4 23 33
5 5 22 33
6 3 22 33
6 2 20 33
4 3 18 33
7 4 18 33
8 4 17 33
5 3 16 34
5 2 14 34
8 3 11 33
1 3 8 33
3 2 11 34
4 2 11 34
8 4 7 33
6 7 5 33
6 2 3 33
1 3 3 33
5 2 49 32
2 2 48 32
5 4 45 32
4 2 41 32
2 5 38 32
4 2 34 32
3 2 31 32
7 2 29 32
1 2 25 32
5 7 27 32
6 3 23 32
6 2 19 32
2 8 21 32
7 5 18 32
1 2 17 32
1 2 14 32
4 5 14 32
6 2 14 32
8 5 13 32
7 5 9 32
1 2 10 32
2 2 9 32
4 2 7 32
1 4 5 32
6 5 1 32
5 2 1 32
2 3 43 31
5 3 42 31
3 2 40 31
5 2 38 31
2 5 36 31
4 4 34 31
3 5 32 31
2 6 25 31
4 7 24 31
6 3 17 31
1 2 15 31
6 3 14 31
7 3 9 31
1 3 9 31
8 10 8 31
6 2 6 31
8 4 3 31
7 2 2 32
3 2 2 32
4 2 69 30
5 2 66 30
5 2 59 30
3 4 58 30
2 2 55 30
7 2 52 30
6 2 53 30
5 3 49 30
3 2 48 30
3 3 46 30
1 3 43 30
4 2 45 30
6 2 41 30
2 3 40 30
2 2 42 30
5 4 41 30
1 2 37 30
4 3 38 30
1 4 34 30
7 2 30 30
6 3 26 30
8 2 23 30
1 2 21 30
3 2 19 30
8 6 20 30
4 3 17 30
1 10 18 30
8 2 8 30
6 2 7 30
8 4 5 30
3 2 3 30
7 3 11 30
1 4 8 30
2 2 8 30
5 2 4 30
1 14 3 30
7 2 4 31
4 2 2 30
4 6 66 29
5 7 66 29
3 3 65 29
2 3 61 29
4 3 60 29
3 2 59 29
5 3 57 29
3 3 54 29
2 3 50 29
2 2 46 29
1 3 40 29
1 2 35 29
7 2 34 29
4 5 33 29
7 2 38 29
8 2 31 29
6 2 24 29
8 3 24 29
2 4 19 29
5 2 27 29
8 2 27 29
4 3 26 29
4 4 18 29
5 3 13 29
7 2 14 29
2 2 11 29
4 2 19 29
5 2 6 29
8 7 12 29
3 2 15 29
7 2 12 29
1 2 11 29
7 11 1 29
8 6 1 30
4 2 6 29
2 3 42 28
2 7 36 28
8 4 33 28
5 4 32 28
2 5 30 28
3 2 30 28
6 2 28 28
7 2 26 28
8 2 24 28
6 2 22 28
1 3 15 28
8 2 19 28
8 2 15 28
6 5 14 28
2 5 9 28
3 2 5 28
2 2 3 28
1 4 2 28
1 2 5 28
6 4 1 28
5 4 71 27
3 2 67 27
2 4 66 27
4 3 61 27
3 2 56 27
4 2 54 27
3 2 52 27
1 3 52 27
3 2 49 27
2 2 48 27
6 2 46 27
6 3 43 27
7 3 43 27
7 2 40 27
8 2 39 27
3 2 40 27
6 2 37 27
8 2 34 27
1 3 34 27
4 2 32 27
8 2 28 27
7 2 27 27
8 2 26 27
6 4 25 27
5 3 19 27
2 8 17 27
7 3 12 27
8 2 11 27
5 4 11 27
7 3 8 27
2 2 75 26
4 2 73 26
3 4 69 26
3 2 65 26
3 3 60 26
3 2 54 26
6 2 51 26
7 2 50 26
6 2 48 26
1 2 48 26
7 2 50 26
8 3 49 26
8 2 46 26
3 2 47 26
7 2 44 26
2 3 43 26
7 2 41 26
7 2 36 26
8 4 35 26
4 2 32 26
2 4 31 26
2 3 32 26
4 3 32 26
3 3 27 26
3 4 30 26
4 5 25 26
2 4 21 26
2 2 23 26
6 3 20 26
4 3 16 26
1 2 13 26
6 3 12 26
7 6 4 26
2 2 71 25
4 5 69 25
4 2 62 25
2 3 60 25
1 2 58 25
3 5 57 25
2 2 52 25
1 4 49 25
2 2 46 25
7 5 45 25
3 2 42 25
7 2 37 25
6 2 28 25
1 3 26 25
7 2 26 25
5 2 26 25
7 2 25 25
6 2 29 25
8 5 25 25
1 4 22 25
8 4 15 25
5 17 18 25
6 20 15 25
8 2 15 25
5 2 9 25
1 2 9 25
3 2 9 26
8 2 2 25
8 4 6 26
1 2 5 26
4 2 6 27
4 2 76 24
2 3 74 24
3 3 72 24
1 6 70 24
4 3 70 24
4 3 63 24
1 3 59 24
1 2 55 24
7 4 50 24
5 7 49 24
6 2 49 24
8 6 49 24
5 2 42 24
5 3 36 24
1 2 43 24
6 5 31 24
4 3 28 24
1 8 27 24
3 4 21 24
3 4 29 24
2 2 29 24
2 2 18 24
7 3 18 24
1 2 26 24
8 2 18 24
4 2 16 24
2 4 22 24
7 2 15 24
8 15 10 24
7 7 9 24
3 3 18 24
6 2 8 24
5 2 5 24
6 4 4 24
7 6 2 24
4 2 49 23
1 2 47 23
5 4 45 23
3 3 44 23
1 2 41 23
1 2 37 23
1 10 35 23
5 2 35 23
4 2 32 23
4 10 26 23
8 5 32 23
6 2 27 23
8 4 24 23
6 3 20 23
3 2 19 23
5 2 18 23
2 2 19 23
7 2 16 23
5 2 14 23
4 4 12 23
8 7 9 24
6 2 9 24
2 3 6 23
5 2 6 24
8 8 3 23
3 2 5 24
1 2 4 24
3 2 3 24
7 2 3 25
2 2 54 22
2 2 51 22
1 2 49 22
3 4 47 22
1 3 38 22
2 2 35 22
3 3 34 22
5 5 29 22
2 8 27 22
6 2 24 22
3 6 24 22
4 2 24 22
8 2 22 22
4 2 22 22
5 2 20 22
7 3 19 22
5 5 16 22
1 5 14 22
6 3 6 22
4 2 7 22
3 2 7 22
5 14 4 22
4 2 67 21
2 6 65 21
3 2 60 21
1 2 58 21
2 2 54 21
1 2 51 21
2 2 49 21
3 2 48 21
1 2 47 21
7 7 47 21
8 3 41 21
5 5 40 21
7 2 39 21
8 2 35 21
1 15 33 21
5 4 32 21
7 2 28 21
4 4 30 21
3 2 30 21
8 2 25 21
2 3 27 21
3 7 25 21
5 2 23 21
6 3 20 21
1 7 17 21
4 2 18 21
8 3 15 21
6 2 15 21
1 2 13 21
8 2 7 21
5 2 6 21
7 5 3 21
8 4 2 21
6 3 1 21
2 2 1 22
2 3 39 20
5 3 33 20
2 8 41 20
3 2 41 20
3 2 32 20
8 3 37 20
1 5 30 20
4 2 29 20
7 2 27 20
8 2 25 20
5 3 17 20
3 6 24 20
5 2 21 20
7 4 4 20
7 3 6 20
8 2 6 20
5 3 5 20
3 3 56 19
7 5 52 19
4 2 49 19
1 2 47 19
3 2 44 19
5 3 49 19
1 2 39 19
4 2 38 19
3 4 38 19
5 2 33 19
4 3 34 19
6 3 31 19
3 10 32 19
8 2 27 19
5 2 24 19
2 3 26 19
7 3 23 19
5 15 21 19
1 2 23 20
3 2 23 20
4 3 24 19
6 2 23 19
1 2 22 20
8 2 20 19
7 2 19 19
2 4 15 19
5 3 13 19
4 2 12 19
7 3 8 19
5 5 2 19
3 2 5 20
2 2 4 20
6 3 3 19
4 3 62 18
4 3 48 18
5 2 47 18
4 3 45 18
6 9 49 18
3 2 41 18
2 5 40 18
1 8 38 18
3 3 34 18
8 2 32 18
8 2 29 18
2 4 34 18
4 2 34 18
7 5 28 18
2 7 31 18
5 3 22 18
3 2 28 18
1 2 27 18
4 11 26 18
8 6 20 18
3 2 16 18
7 3 16 18
1 2 18 18
7 2 18 18
6 3 12 18
7 3 7 18
4 2 8 18
5 4 5 18
8 4 4 18
2 5 63 17
1 7 60 17
4 2 58 17
4 2 55 17
2 2 54 17
4 3 52 17
6 2 51 17
4 4 49 17
1 2 45 17
7 8 39 17
5 4 38 17
4 2 38 17
8 2 34 17
3 2 35 17
7 3 32 17
6 4 30 17
7 2 29 17
8 2 25 17
7 2 24 17
8 9 23 17
7 2 21 17
3 2 18 17
1 2 17 17
5 2 16 17
6 2 15 17
6 2 11 17
5 2 5 17
6 6 6 17
7 5 2 17
1 2 43 16
4 2 39 16
7 3 40 16
4 2 40 16
2 6 37 16
1 3 33 16
3 5 32 16
4 5 28 16
8 2 27 16
8 4 24 16
2 2 20 16
6 4 19 16
4 2 18 16
6 2 10 16
8 2 8 16
6 4 8 16
5 2 12 16
6 2 6 16
5 6 8 16
5 12 3 16
2 2 5 17
8 2 5 17
1 2 62 15
4 4 60 15
2 3 56 15
2 2 52 15
4 2 50 15
3 2 49 15
2 3 44 15
1 2 41 15
3 2 39 15
2 9 40 15
8 2 36 15
1 3 37 15
4 2 36 15
6 2 33 15
3 3 32 15
7 2 30 15
5 2 29 15
8 2 26 15
7 2 25 15
5 2 23 15
5 2 20 15
7 4 18 15
2 2 15 15
8 23 10 15
2 2 2 15
1 2 4 16
3 2 3 16
1 5 75 14
2 4 70 14
4 3 63 14
2 2 60 14
1 2 59 14
2 3 56 14
6 7 56 14
3 3 53 14
5 4 51 14
8 5 50 14
8 2 47 14
5 2 45 14
4 2 46 14
7 2 43 14
5 5 41 14
7 2 37 14
6 3 36 14
5 2 33 14
2 2 36 14
8 2 31 14
5 2 30 14
4 5 24 14
1 3 27 14
2 4 18 14
2 3 13 14
1 2 16 14
3 2 16 14
2 4 18 14
1 3 12 14
7 2 7 14
3 2 12 14
5 5 5 14
3 2 48 13
1 2 47 13
4 3 36 13
4 3 41 13
5 3 40 13
3 4 35 13
3 2 32 13
3 3 36 13
1 4 31 13
3 8 29 13
6 2 25 13
2 4 24 13
3 2 17 13
4 4 15 13
7 3 14 13
6 18 14 13
5 9 11 13
7 2 11 14
2 2 15 13
4 2 15 13
4 2 10 13
8 8 12 14
6 2 7 13
5 4 7 13
6 2 2 13
8 2 1 14
8 2 60 12
3 2 59 12
2 2 58 12
1 5 57 12
2 2 55 12
4 2 51 12
3 4 50 12
4 3 47 12
2 2 42 12
1 2 39 12
6 3 37 12
6 7 33 12
5 2 29 12
7 2 27 12
8 2 25 12
3 2 26 12
1 4 24 12
7 2 22 12
6 2 21 12
3 2 22 12
7 2 19 12
6 2 17 12
6 3 13 12
1 2 11 12
1 2 7 12
7 10 4 12
8 2 3 13
4 2 5 14
4 2 3 14
1 2 3 14
5 2 2 13
2 3 1 13
1 4 60 11
8 10 59 11
1 2 59 11
2 2 57 11
2 4 55 11
4 2 52 11
3 2 50 11
2 2 48 11
6 5 43 11
1 5 40 11
3 7 40 11
6 2 37 11
4 7 37 11
5 2 35 11
7 2 34 11
8 2 32 11
5 3 30 11
7 3 27 11
5 2 24 11
2 3 21 11
4 2 19 11
6 4 16 11
3 2 14 11
2 2 11 11
8 5 7 11
6 2 5 11
6 3 2 11
1 2 73 10
2 3 73 10
4 3 71 10
2 6 69 10
2 2 64 10
1 3 61 10
1 4 54 10
2 2 54 10
7 2 45 10
5 2 43 10
1 2 49 10
7 4 41 10
5 2 47 10
5 2 37 10
1 2 45 10
5 4 34 10
4 2 38 10
4 2 28 10
2 4 26 10
3 21 33 10
1 4 24 10
4 4 29 10
2 2 20 10
7 3 26 10
4 2 18 10
5 3 23 10
7 3 21 10
6 3 18 10
8 7 17 10
3 2 17 10
7 2 15 10
5 3 13 10
8 8 11 10
6 5 6 11
7 2 2 10
2 4 55 9
2 5 50 9
3 3 40 9
5 2 34 9
8 3 42 9
4 2 42 9
2 2 38 9
6 3 33 9
8 4 30 9
7 6 28 9
6 2 27 9
6 2 24 9
8 2 22 9
3 3 22 9
1 5 17 9
6 3 14 9
4 2 11 9
7 3 8 9
8 3 4 9
3 2 3 10
2 2 3 9
5 3 1 9
4 3 77 8
1 2 76 8
2 2 75 8
4 3 72 8
3 4 72 8
4 3 70 8
2 3 69 8
1 6 66 8
3 2 65 8
3 2 63 8
4 8 62 8
1 2 53 8
7 3 51 8
5 2 46 8
6 2 45 8
7 2 43 8
5 3 43 8
5 2 41 8
2 2 42 8
6 2 39 8
4 4 38 8
7 4 35 8
5 2 32 8
4 2 27 8
1 5 28 8
5 2 23 8
2 2 20 8
3 4 26 8
4 2 24 8
8 3 18 8
8 2 22 8
2 2 21 8
5 9 15 8
8 3 13 8
6 2 10 8
7 7 14 8
5 5 9 8
7 4 2 8
1 2 4 9
4 3 3 9
1 2 3 8
4 2 47 7
3 4 43 7
2 2 39 7
7 2 35 7
4 3 36 7
5 4 33 7
7 2 28 7
1 2 30 7
6 3 27 7
8 2 24 7
7 3 22 7
4 5 19 7
2 3 19 7
7 10 17 7
1 5 16 7
5 4 9 7
6 3 10 7
8 4 6 7
1 4 72 6
3 2 68 6
2 3 65 6
3 5 55 6
1 2 49 6
7 6 47 6
4 5 43 6
8 4 45 6
5 4 44 6
6 4 43 6
5 4 42 6
7 2 39 6
8 2 37 6
4 6 38 6
5 3 36 6
6 4 34 6
3 2 35 6
4 2 35 6
1 5 31 6
3 2 33 6
1 2 33 6
2 3 27 6
8 2 29 6
5 4 26 6
3 4 22 6
4 3 20 6
3 3 17 6
1 2 12 6
6 8 14 6
7 2 14 6
5 2 10 6
4 2 9 6
6 18 5 6
7 8 5 6
5 6 4 6
6 3 1 6
1 10 54 5
4 4 46 5
3 2 42 5
2 2 40 5
8 2 31 5
8 2 29 5
1 2 36 5
7 4 34 5
4 3 34 5
3 2 28 5
6 3 24 5
7 2 29 5
8 2 20 5
4 4 23 5
7 2 19 5
1 3 16 5
2 3 16 5
3 4 14 5
4 4 13 5
6 3 12 5
5 3 10 5
2 2 6 5
8 3 8 5
8 4 3 5
4 4 45 4
3 7 41 4
2 4 38 4
1 2 34 4
4 2 33 4
3 2 32 4
4 2 28 4
2 4 25 4
6 2 20 4
8 5 18 4
3 2 23 4
1 2 22 4
8 2 18 4
6 2 14 4
4 3 18 4
2 2 10 4
7 2 7 4
5 3 12 4
7 2 8 4
5 2 3 4
8 5 8 4
3 2 8 4
2 2 67 3
4 2 66 3
3 3 63 3
4 2 53 3
7 3 58 3
1 2 51 3
1 2 48 3
4 2 47 3
3 3 46 3
1 4 45 3
5 3 43 3
2 9 43 3
8 2 40 3
8 4 35 3
1 7 38 3
6 3 32 3
4 2 30 3
6 5 29 3
5 2 23 3
8 4 21 3
7 3 13 3
4 2 20 3
6 4 11 3
8 4 6 3
7 4 5 3
1 2 7 4
6 3 2 3
2 2 6 4
6 2 3 4
7 2 8 3
4 7 72 2
2 4 70 2
2 4 68 2
4 4 66 2
1 3 65 2
7 2 60 2
3 2 58 2
4 2 57 2
7 5 57 2
4 2 50 2
5 5 47 2
8 3 43 2
7 5 43 2
6 5 40 2
5 4 40 2
4 3 37 2
5 2 34 2
3 5 35 2
6 7 33 2
4 2 33 2
8 3 31 2
2 5 31 2
3 2 30 2
1 8 20 2
2 3 15 2
8 2 18 2
5 2 11 2
5 2 12 2
8 2 9 2
3 2 8 3
8 6 13 2
7 2 5 2
7 3 6 2
6 2 6 2
3 2 6 3
1 2 6 3
5 2 6 2
1 3 32 1
3 2 27 1
3 2 24 1
6 2 20 1
1 2 18 1
3 4 17 1
4 4 11 1
7 2 7 1
1 2 6 1
7 2 3 1
5 2 2 2
