10873
3804
6 2 94 100
1 2 93 100
6 2 90 100
4 2 81 100
5 3 80 100
1 2 85 100
1 2 82 100
2 2 82 100
5 3 86 100
7 2 86 100
7 2 80 100
6 5 75 100
2 2 82 100
6 3 80 100
2 3 73 100
3 2 78 100
8 4 77 100
2 3 74 100
5 2 71 100
3 2 70 100
3 2 71 100
4 2 71 100
6 2 70 100
4 2 69 100
4 2 56 100
3 2 46 100
3 3 61 100
1 2 60 100
2 2 59 100
2 2 54 100
6 3 44 100
2 2 43 100
5 2 41 100
5 3 36 100
6 3 47 100
1 2 46 100
4 2 32 100
6 2 48 100
5 3 44 100
1 2 38 100
6 3 38 100
5 2 31 100
8 2 42 100
4 2 29 100
6 2 26 100
3 2 33 100
4 2 33 100
1 2 32 100
7 3 26 100
4 2 31 100
4 4 17 100
2 2 14 100
2 4 16 100
1 2 11 100
6 2 11 100
1 2 9 100
1 2 12 100
7 2 7 100
1 2 18 100
2 2 11 100
4 2 10 100
6 2 1 100
2 2 45 99
8 2 43 99
1 2 41 99
7 3 39 99
1 3 38 99
8 2 25 99
3 2 21 99
3 4 19 99
2 4 29 99
5 2 25 99
7 3 21 99
6 3 20 99
5 2 20 99
3 3 21 99
5 2 17 99
8 2 16 99
5 2 81 98
2 2 73 98
4 2 73 98
3 2 72 98
6 2 71 98
5 2 59 98
5 4 71 98
6 2 66 98
5 3 63 98
8 2 70 98
2 2 49 98
8 2 40 98
8 2 63 98
4 3 48 98
1 2 48 98
8 2 35 98
6 2 48 98
2 3 32 98
4 2 26 98
6 3 25 98
7 2 49 98
7 2 41 98
5 5 35 98
3 2 25 98
8 6 22 98
6 2 28 98
8 2 20 98
4 3 42 98
2 3 39 98
8 2 37 98
2 3 14 98
5 3 19 99
8 2 30 98
3 3 18 98
7 2 5 98
7 2 17 99
1 2 17 99
4 2 15 99
6 2 13 99
3 2 13 99
7 2 16 98
6 2 15 98
7 4 25 98
5 2 24 98
1 2 24 98
6 2 16 98
2 2 16 98
4 2 15 98
6 2 5 98
4 2 4 98
1 4 4 99
4 3 6 98
3 4 6 99
7 2 8 100
8 2 7 100
5 5 7 99
2 3 11 98
7 2 11 98
4 2 10 98
2 2 9 98
4 2 8 98
8 2 4 98
2 2 4 99
7 2 3 98
3 2 40 97
6 2 37 97
5 2 45 97
8 2 42 97
5 2 33 97
7 2 32 97
4 2 32 97
1 4 31 97
8 2 37 97
3 2 36 97
8 2 35 97
4 4 29 97
3 2 26 97
3 3 22 97
1 2 26 97
5 2 26 97
2 2 25 97
6 3 17 97
1 2 19 97
1 2 10 97
7 4 18 97
4 2 18 97
1 4 15 97
8 2 12 97
8 2 9 97
5 4 9 97
6 3 10 97
4 3 3 97
6 2 3 97
1 2 2 98
7 2 2 97
6 2 62 96
3 2 64 96
7 3 61 96
5 2 61 96
3 3 56 96
2 2 50 96
4 2 49 96
8 3 48 96
3 2 53 96
1 2 48 96
3 2 47 96
4 2 44 96
1 3 43 96
8 2 42 96
2 2 40 96
3 2 39 96
4 5 34 96
1 2 35 96
7 2 34 96
3 2 32 96
5 2 23 96
1 2 21 96
1 2 16 96
3 4 15 96
7 2 30 96
2 2 30 96
2 2 25 96
4 4 21 96
3 2 19 96
6 2 14 96
6 2 11 96
2 2 1 96
5 2 2 97
1 2 25 96
8 2 23 96
6 2 22 96
8 2 9 96
3 4 9 96
2 2 11 96
1 2 10 96
2 2 8 96
8 3 11 96
7 2 50 95
3 2 50 95
1 2 48 95
4 2 47 95
4 3 44 95
3 2 42 95
8 2 36 95
7 3 37 95
3 2 35 95
4 2 39 95
2 2 34 95
8 2 23 95
5 4 34 95
4 2 32 95
2 2 22 95
7 4 21 95
8 2 29 95
1 4 27 95
7 2 27 95
2 4 25 95
1 2 15 95
8 2 22 95
3 3 20 95
6 3 11 95
5 2 13 96
5 3 18 95
1 2 15 95
4 2 15 95
7 2 13 95
7 2 7 95
2 2 9 95
5 3 4 95
7 4 66 94
3 2 63 94
7 2 60 94
5 3 60 94
3 2 50 94
6 2 61 94
2 2 54 94
5 2 54 94
8 2 49 94
1 2 56 94
7 2 41 94
2 3 41 94
7 2 38 94
6 5 33 94
8 2 47 94
4 2 47 94
3 3 30 94
2 3 29 94
7 2 26 94
2 2 12 94
8 3 38 94
5 2 8 94
8 2 8 94
4 2 7 95
6 2 29 94
5 3 25 94
2 2 25 94
8 2 21 94
3 2 10 94
5 2 9 94
6 2 7 94
7 6 19 94
7 4 14 94
8 2 17 94
2 2 14 94
2 4 6 94
1 2 7 95
6 2 12 94
1 2 12 94
6 2 7 94
8 2 56 93
5 2 58 93
6 2 57 93
7 3 56 93
6 4 52 93
1 3 40 93
6 2 44 93
8 2 43 93
3 2 35 93
3 2 41 93
7 2 38 93
4 2 35 93
7 2 34 93
2 2 33 93
3 2 41 93
4 2 40 93
2 2 40 93
8 5 31 93
8 4 34 93
2 4 34 93
5 2 22 93
3 2 20 93
8 2 18 93
4 2 29 93
4 3 15 93
8 2 23 93
3 3 13 93
4 2 19 93
5 2 17 93
6 5 16 93
1 2 16 93
4 2 12 93
5 2 13 93
8 3 10 93
1 2 10 93
3 2 10 93
7 3 8 93
1 2 60 92
6 2 57 92
3 4 55 92
8 2 55 92
3 4 52 92
4 2 48 92
4 3 43 92
8 2 39 92
4 2 35 92
1 4 33 92
4 2 31 92
2 2 30 92
3 2 30 92
1 3 38 92
3 2 40 92
7 2 40 92
2 3 29 92
6 2 35 92
6 2 31 92
5 2 29 92
7 2 29 92
5 4 27 92
6 2 23 92
7 3 20 92
5 3 24 92
6 2 18 92
2 2 17 92
6 2 19 92
3 4 16 92
4 2 20 92
7 2 19 92
2 4 13 92
7 2 10 92
1 2 11 92
4 2 9 92
5 2 8 92
4 3 6 92
7 3 3 92
2 2 3 93
4 2 1 92
4 2 2 93
2 2 56 91
1 3 32 91
2 2 49 91
1 2 46 91
2 3 32 91
4 3 31 91
5 2 27 91
8 5 22 91
8 2 28 91
3 2 25 91
4 2 22 91
2 2 22 91
8 4 29 91
5 2 38 91
6 2 35 91
4 2 33 91
4 2 28 91
7 2 26 91
6 2 20 91
1 4 16 91
1 2 28 91
8 2 27 91
3 3 26 91
7 2 8 91
5 3 11 91
7 2 20 91
3 2 16 91
8 2 9 91
1 4 8 91
6 3 5 91
5 2 12 91
8 3 5 91
2 2 60 90
3 4 46 90
6 2 52 90
2 6 50 90
4 2 54 90
5 3 50 90
6 5 53 90
2 3 47 90
2 3 43 90
6 2 41 90
4 2 30 90
1 2 47 90
7 2 45 90
7 2 42 90
5 3 42 90
8 2 37 90
1 3 37 90
1 2 37 90
2 2 35 90
6 3 22 90
8 2 34 90
3 3 30 90
6 4 27 90
1 2 21 90
7 3 29 90
3 4 25 90
8 3 22 90
1 2 23 90
3 2 20 90
4 2 13 90
7 3 14 91
2 2 13 91
1 3 16 90
5 2 18 91
6 2 17 90
8 2 12 90
2 3 17 91
4 2 17 91
2 2 9 90
5 2 12 91
6 2 12 91
7 2 8 91
4 2 7 90
1 2 6 90
1 2 3 90
5 2 2 91
7 3 4 90
8 3 4 90
6 2 5 91
3 3 4 91
2 2 2 90
8 2 43 89
5 2 35 89
6 2 38 89
8 2 29 89
1 3 25 89
2 2 22 89
4 2 34 89
5 2 34 89
3 3 32 89
6 2 25 89
7 2 21 89
2 2 26 89
2 2 23 89
5 2 19 89
4 3 23 89
5 2 23 89
3 3 15 89
1 2 20 89
1 6 18 89
8 2 14 89
1 2 13 89
4 2 12 89
8 2 12 89
2 8 68 88
5 3 68 88
5 3 64 88
8 2 64 88
1 4 64 88
4 2 60 88
8 2 57 88
5 2 53 88
7 2 52 88
3 4 46 88
1 2 43 88
8 2 40 88
3 2 31 88
5 2 42 88
1 2 33 88
4 3 30 88
7 3 28 88
6 4 27 88
7 2 22 88
3 3 36 88
7 2 30 88
2 2 30 88
6 2 33 88
4 2 18 88
3 2 18 88
4 2 19 88
2 2 18 88
6 3 17 88
3 2 15 88
7 2 9 88
8 3 13 89
1 2 19 88
2 2 18 88
6 2 13 88
7 2 15 88
7 3 12 88
4 2 10 88
1 2 8 88
3 3 5 88
4 2 9 89
6 2 6 89
3 2 3 88
5 2 4 89
1 2 4 89
2 2 62 87
7 2 57 87
1 2 55 87
4 2 58 87
6 2 49 87
3 2 54 87
3 6 49 87
4 3 50 87
5 2 48 87
1 2 43 87
7 2 40 87
8 2 35 87
6 2 43 87
8 2 31 87
4 5 30 87
7 2 33 87
8 2 28 87
2 2 38 87
2 3 27 87
5 3 22 87
7 2 37 87
6 3 29 87
8 3 33 87
3 2 25 87
8 5 19 87
4 2 25 87
1 2 19 87
5 5 5 87
7 2 20 87
6 2 20 87
6 2 15 87
1 2 15 87
5 3 14 87
6 4 57 86
2 2 53 86
5 3 53 86
8 2 46 86
2 3 54 86
5 2 34 86
7 2 34 86
6 3 51 86
5 2 42 86
4 3 41 86
3 4 32 86
4 2 30 86
2 4 39 86
5 2 39 86
3 2 40 86
6 5 35 86
5 2 33 86
2 2 33 86
8 2 35 86
1 2 32 86
3 3 26 86
2 2 25 86
1 2 23 86
4 4 22 86
8 2 22 87
3 2 15 86
8 2 14 86
5 2 15 87
3 2 8 86
3 2 16 87
7 3 72 85
8 2 71 85
7 2 70 85
3 3 66 85
7 2 57 85
2 2 42 85
6 2 60 85
3 3 59 85
6 2 60 85
7 2 60 85
4 2 51 85
7 3 50 85
2 2 46 85
6 2 42 85
4 2 41 85
8 2 45 85
1 2 45 85
1 3 40 85
8 2 46 85
3 2 40 85
6 3 32 85
5 2 40 85
2 2 39 85
8 2 37 85
4 2 37 85
1 2 36 85
5 2 36 85
4 2 35 85
5 3 25 85
2 2 29 85
5 2 29 85
8 2 28 85
6 2 23 85
2 2 23 85
5 2 21 85
3 2 13 85
8 2 20 85
3 2 20 85
4 2 15 85
2 2 7 85
3 2 6 85
4 2 10 86
7 2 14 87
5 2 62 84
7 2 55 84
4 2 55 84
8 2 55 84
3 2 54 84
6 3 51 84
5 2 49 84
4 2 41 84
4 2 48 84
7 2 46 84
2 2 39 84
2 3 36 84
2 3 33 84
5 2 42 84
6 2 32 84
1 2 32 84
3 2 31 84
7 2 29 84
4 2 24 84
1 3 23 84
6 2 31 84
8 2 29 84
7 2 22 84
6 4 21 84
4 2 20 84
5 2 16 84
7 2 13 84
2 2 13 85
1 2 13 86
4 2 13 87
6 2 12 85
2 2 21 84
5 2 20 84
1 2 11 84
6 2 10 84
8 5 13 84
5 2 14 84
3 2 14 84
4 2 9 84
6 4 8 84
1 2 7 85
2 2 10 86
8 2 11 87
5 2 11 87
7 2 5 84
7 2 2 84
6 2 5 85
3 2 70 83
4 2 63 83
7 2 55 83
7 2 53 83
8 2 52 83
1 3 40 83
8 2 55 83
4 2 51 83
6 2 38 83
2 2 23 83
1 2 22 83
7 2 17 83
7 4 15 83
7 3 50 83
6 3 49 83
7 2 46 83
1 2 42 83
4 2 39 83
2 4 34 83
1 2 33 83
7 2 32 83
4 2 27 83
8 2 12 83
8 2 25 83
1 2 4 83
2 3 4 83
3 4 35 83
4 2 35 83
6 5 33 83
5 3 24 83
5 2 31 83
8 2 27 83
7 2 27 83
2 2 28 83
5 2 26 83
3 2 24 83
7 2 20 83
2 4 16 83
5 2 18 83
1 2 16 83
8 2 15 83
3 3 14 83
7 2 14 83
6 2 10 83
3 2 4 83
8 3 47 82
7 2 45 82
5 3 36 82
4 2 43 82
2 2 43 82
5 2 32 82
3 2 38 82
7 2 35 82
4 4 32 82
8 3 29 82
3 2 29 82
1 2 24 82
1 4 22 82
6 4 31 82
8 2 25 82
2 2 17 82
6 2 16 82
2 2 23 82
3 2 10 82
3 2 15 82
8 2 9 82
4 2 17 82
1 2 13 82
5 2 70 81
4 2 69 81
8 3 67 81
5 2 61 81
4 4 60 81
7 2 60 81
2 2 56 81
5 2 60 81
3 3 53 81
5 2 54 81
4 3 51 81
4 2 56 81
5 2 56 81
7 3 54 81
2 2 43 81
1 2 43 81
1 2 47 81
3 3 42 81
1 2 43 81
4 4 42 81
2 3 32 81
5 2 29 81
8 2 41 81
3 4 41 81
5 2 30 81
1 3 29 81
3 2 27 81
5 2 26 81
6 2 33 81
5 2 29 81
2 2 29 81
7 2 27 81
2 2 25 81
6 2 23 81
1 4 16 81
7 2 26 81
4 4 7 81
3 2 15 82
5 2 13 82
4 2 10 82
2 2 10 82
4 2 13 83
1 2 10 83
8 2 10 82
6 2 12 81
8 2 4 81
5 2 6 82
6 2 7 83
8 2 5 82
1 2 6 83
2 2 4 82
8 2 13 81
7 3 10 81
5 2 10 81
4 2 10 81
1 2 46 80
4 2 46 80
2 2 49 80
2 3 45 80
6 4 46 80
1 2 48 80
5 2 38 80
7 2 38 80
7 2 44 80
8 2 43 80
4 2 37 80
8 3 38 80
4 2 39 80
5 2 38 80
3 2 36 80
8 3 32 80
1 8 29 80
2 2 29 80
6 3 29 80
1 2 26 80
2 4 23 80
3 3 19 80
6 3 16 80
8 2 18 80
1 2 16 80
3 5 14 80
7 2 13 80
7 2 11 80
8 2 7 80
7 2 6 80
5 2 6 81
2 2 63 79
3 3 62 79
2 2 61 79
3 3 58 79
1 2 58 79
6 2 53 79
6 3 45 79
1 2 50 79
5 2 45 79
7 2 43 79
4 2 49 79
2 2 47 79
7 3 45 79
4 2 45 79
7 2 45 79
8 2 45 79
5 2 41 79
2 2 41 79
6 2 37 79
4 2 33 79
7 2 31 79
6 2 29 79
3 2 27 79
3 4 23 79
4 2 25 79
6 2 14 79
6 3 23 79
8 3 77 78
7 2 76 78
4 2 72 78
8 2 66 78
8 2 63 78
7 2 62 78
7 2 58 78
1 3 66 78
3 6 64 78
8 2 59 78
2 2 59 78
8 2 56 78
5 2 55 78
5 2 51 78
8 2 50 78
2 2 55 78
4 2 44 78
5 2 46 78
5 2 35 78
7 2 48 78
7 2 32 78
3 4 29 78
3 2 24 78
7 3 23 78
3 2 38 78
6 2 38 78
5 2 38 78
6 2 31 78
1 3 31 78
1 4 22 78
5 2 16 78
7 2 18 79
4 2 28 78
3 2 8 78
7 2 19 79
4 2 18 79
5 2 12 79
3 2 17 78
5 2 20 78
8 3 19 78
6 2 19 78
4 2 16 78
1 4 18 78
7 2 15 78
3 2 15 78
1 3 5 78
4 2 7 79
5 2 5 79
8 2 6 80
1 3 5 80
8 2 10 79
6 3 5 78
4 3 4 78
2 2 4 78
2 2 1 78
7 2 1 79
4 2 6 80
3 2 6 79
2 2 7 80
7 2 2 78
5 2 58 77
2 3 56 77
8 2 51 77
5 2 49 77
8 2 53 77
1 2 47 77
5 2 51 77
8 4 42 77
6 3 37 77
6 2 33 77
3 2 34 77
4 2 31 77
2 2 40 77
3 3 27 77
8 2 41 77
3 6 40 77
1 2 21 77
7 2 31 77
7 3 18 77
1 3 35 77
2 2 31 77
5 2 25 77
1 3 24 77
4 2 23 77
8 2 21 77
3 2 17 77
2 2 15 77
2 2 11 77
4 2 11 77
7 2 16 77
6 2 16 77
8 3 18 77
4 2 18 77
4 2 15 77
2 2 10 77
4 2 8 77
6 3 7 77
6 2 69 76
4 2 63 76
2 2 61 76
2 2 64 76
6 3 56 76
1 2 60 76
4 3 53 76
1 2 50 76
6 4 43 76
7 3 48 76
5 3 48 76
5 2 39 76
1 2 38 76
8 2 37 76
2 2 46 76
3 2 38 76
2 5 32 76
6 2 27 76
2 2 22 76
6 4 22 76
1 2 20 76
5 6 14 76
5 5 36 76
4 2 30 76
5 2 26 76
7 2 18 76
6 2 12 76
6 2 10 76
1 2 10 77
4 2 22 76
8 2 22 76
3 3 26 76
6 2 21 76
1 2 20 76
8 2 15 76
7 2 5 76
7 2 10 77
2 2 9 77
4 2 13 76
5 3 9 76
8 2 5 76
3 2 9 77
8 2 6 76
1 2 54 75
1 2 50 75
7 3 51 75
8 3 45 75
4 3 48 75
5 2 45 75
1 2 43 75
4 2 41 75
1 4 38 75
1 2 34 75
2 2 41 75
3 3 39 75
7 2 33 75
6 2 30 75
2 6 32 75
5 2 33 75
4 3 31 75
8 2 28 75
5 5 20 75
4 2 18 75
1 2 23 75
3 3 15 75
1 4 10 75
4 2 12 75
8 2 7 75
3 3 2 75
6 2 8 76
7 2 8 77
8 3 8 76
7 2 4 76
2 2 62 74
6 2 61 74
6 2 56 74
7 3 47 74
7 4 55 74
4 2 56 74
3 3 55 74
6 2 38 74
2 2 39 74
4 2 39 74
6 2 46 74
3 3 46 74
2 2 28 74
5 4 40 74
2 4 40 74
1 3 38 74
4 2 27 74
2 2 19 74
3 2 33 74
7 5 32 74
8 2 31 74
3 2 27 74
8 6 22 74
1 4 19 74
6 2 22 74
5 3 20 74
7 2 19 74
3 2 19 74
1 2 20 74
1 2 15 74
4 2 17 74
1 5 11 74
6 2 11 75
8 2 8 75
1 2 15 74
7 2 14 74
6 4 13 74
6 2 6 74
8 2 9 75
7 2 7 75
2 3 6 75
5 2 7 74
7 3 58 73
4 2 49 73
3 4 47 73
7 2 46 73
8 2 46 73
1 3 46 73
2 2 46 73
7 2 46 73
8 2 35 73
4 4 34 73
3 2 39 73
2 3 32 73
8 2 30 73
3 2 26 73
1 2 25 73
5 2 27 73
7 3 24 73
4 2 16 73
4 2 29 73
1 2 27 73
3 2 26 73
2 3 20 73
4 2 8 73
4 2 51 72
2 6 35 72
5 3 33 72
1 2 54 72
8 4 53 72
8 3 57 72
1 2 48 72
6 4 40 72
5 3 49 72
7 3 50 72
1 4 50 72
8 3 32 72
6 2 31 72
5 3 27 72
2 2 28 73
4 2 28 73
4 2 35 72
1 2 17 72
8 2 19 73
4 2 43 72
8 2 17 72
8 2 24 73
6 2 32 72
4 2 25 72
3 2 24 72
4 2 19 72
7 2 20 73
6 2 20 73
2 2 32 72
2 2 24 72
5 3 20 72
4 2 29 72
5 2 22 72
2 2 19 72
8 2 23 72
1 2 22 72
1 2 18 72
2 2 21 73
6 2 20 73
5 2 20 72
4 2 17 72
3 2 15 72
8 2 15 73
8 2 13 72
2 2 14 73
2 2 10 72
6 2 10 72
4 2 10 72
1 2 8 72
8 2 4 72
3 6 5 72
1 2 56 71
8 3 52 71
3 3 50 71
2 4 40 71
1 2 51 71
7 2 51 71
5 2 49 71
6 3 29 71
7 2 38 71
8 2 37 71
3 3 37 71
7 3 42 71
1 2 36 71
8 3 37 71
7 3 24 71
3 3 24 71
1 2 22 71
3 2 21 71
7 4 20 71
4 3 28 71
5 3 22 71
8 2 22 71
6 2 16 71
3 4 16 71
1 2 20 71
4 2 16 71
7 2 5 71
2 2 4 72
1 2 13 71
7 2 12 71
5 3 6 71
5 2 4 71
2 2 63 70
5 2 60 70
8 3 58 70
8 4 54 70
7 2 53 70
1 4 55 70
2 2 51 70
5 3 49 70
2 2 51 70
7 3 50 70
5 2 46 70
7 3 33 70
3 3 37 70
4 2 35 70
3 5 31 70
2 4 37 70
6 2 35 70
8 2 32 70
8 2 30 70
3 4 25 70
2 2 23 70
5 2 21 70
6 3 21 70
2 2 26 70
5 5 11 70
3 2 17 70
5 2 15 70
3 2 13 70
4 3 2 70
8 2 9 71
6 2 9 71
2 2 7 71
6 2 3 71
5 2 22 70
1 3 19 70
4 2 59 69
5 3 54 69
6 2 48 69
2 2 49 69
8 2 45 69
7 2 44 69
7 2 51 69
1 2 50 69
3 2 48 69
2 2 48 69
4 3 45 69
7 2 45 69
2 2 37 69
4 2 34 69
6 3 26 69
4 2 23 69
6 4 29 69
7 3 20 69
3 2 19 70
2 2 19 70
8 3 25 69
4 2 27 69
3 2 25 69
8 2 18 69
5 3 18 69
1 3 16 69
8 2 15 69
4 2 9 69
6 3 11 70
4 2 11 70
2 3 15 69
3 2 8 69
7 3 3 69
1 2 6 70
2 2 3 70
3 3 3 69
2 2 1 70
2 2 4 71
1 5 3 69
5 2 3 69
7 2 2 69
4 2 8 69
6 2 8 69
4 4 3 69
3 2 6 69
8 2 2 69
8 2 60 68
2 2 59 68
3 3 59 68
2 2 55 68
1 4 52 68
8 2 44 68
2 4 46 68
6 3 52 68
1 2 52 68
7 2 47 68
2 2 41 68
5 2 38 68
7 2 36 68
6 4 43 68
1 2 37 68
6 2 34 68
4 2 41 68
6 3 21 68
5 2 35 68
1 3 27 68
2 3 33 68
5 5 20 68
4 2 17 68
3 3 24 68
7 2 15 68
8 2 14 68
8 3 19 68
4 2 19 68
5 13 12 68
5 2 10 68
2 4 63 67
1 2 59 67
2 2 59 67
6 2 58 67
7 2 58 67
5 2 53 67
1 2 53 67
3 2 48 67
6 3 46 67
6 4 35 67
2 2 34 67
8 3 45 67
2 3 39 67
7 2 43 67
8 3 38 67
5 2 40 67
1 2 38 67
5 2 31 67
4 2 33 67
6 4 33 67
8 4 26 67
3 3 29 67
5 4 29 67
3 3 24 67
8 2 23 67
2 2 25 67
7 2 25 67
6 3 19 67
7 3 20 68
1 5 13 67
5 2 17 68
4 2 18 67
3 2 17 67
1 2 58 66
2 2 55 66
1 3 49 66
7 3 43 66
8 2 43 66
7 2 37 66
2 2 36 66
4 2 41 66
1 2 39 66
6 2 27 66
7 4 26 66
7 2 30 66
4 2 29 66
3 2 22 66
5 3 19 66
5 2 30 66
4 2 16 66
8 2 13 66
6 3 14 67
2 2 14 68
2 3 25 66
1 2 22 66
1 2 14 66
3 2 16 66
7 3 10 66
3 2 23 66
7 2 23 66
1 2 5 66
5 2 7 66
6 2 10 67
4 2 12 68
3 2 12 66
6 2 12 66
7 3 12 66
5 2 11 66
8 2 2 66
6 2 7 67
1 3 7 68
7 2 8 68
8 2 8 68
3 3 2 67
3 2 6 68
4 3 3 68
8 2 3 69
3 2 3 67
2 4 2 67
5 3 1 66
2 2 68 65
1 3 58 65
2 3 57 65
4 3 53 65
7 2 50 65
5 2 44 65
2 4 36 65
3 2 33 65
8 3 55 65
4 2 37 65
8 3 30 65
1 2 49 65
4 2 48 65
7 3 47 65
5 2 44 65
3 2 44 65
6 3 41 65
4 2 23 65
8 5 22 65
2 2 20 65
5 3 33 65
1 3 29 65
3 3 28 65
6 2 27 65
1 2 20 65
5 2 20 65
6 3 19 65
3 2 24 65
1 2 24 65
4 2 23 65
8 2 13 65
6 2 12 65
2 2 11 65
8 2 10 65
2 2 8 65
2 3 14 65
7 3 13 65
7 2 10 65
2 2 9 65
6 2 6 65
7 2 1 65
3 2 55 64
7 3 54 64
6 2 52 64
5 2 50 64
5 2 45 64
4 3 45 64
6 2 29 64
8 2 18 64
6 3 16 64
2 2 37 64
5 3 23 64
6 3 20 64
2 2 18 64
2 2 16 64
8 2 5 64
1 2 6 65
2 2 11 64
2 2 7 64
3 2 6 64
3 2 78 63
8 2 68 63
7 3 67 63
1 2 74 63
4 2 67 63
4 2 54 63
2 2 68 63
8 2 68 63
3 5 57 63
2 2 59 63
8 2 47 63
5 2 61 63
7 2 61 63
3 3 59 63
5 2 56 63
3 2 46 63
4 4 45 63
2 2 42 63
5 2 41 63
8 4 40 63
2 2 33 63
5 2 27 63
1 2 29 64
5 3 18 63
7 2 30 64
3 2 25 64
8 2 33 63
7 2 33 63
8 2 30 63
1 2 29 63
6 2 32 63
6 4 29 63
4 2 18 63
6 2 22 64
2 2 5 63
8 4 26 64
1 2 19 64
1 2 13 64
8 3 12 64
5 2 10 64
6 2 7 64
4 2 5 64
7 2 5 65
2 2 15 64
4 2 14 64
8 2 12 64
7 3 17 63
6 3 13 63
7 5 11 63
4 2 15 64
8 2 14 64
3 2 11 63
4 2 8 63
7 2 7 63
6 2 4 63
3 2 58 62
8 2 54 62
4 2 44 62
4 3 54 62
6 2 54 62
1 3 51 62
3 3 46 62
1 2 46 62
3 2 41 62
6 4 39 62
8 3 44 62
2 2 43 62
3 3 42 62
7 4 40 62
6 2 34 62
1 2 32 62
1 2 29 62
3 2 29 62
5 2 27 62
5 3 30 62
1 3 30 62
3 2 23 62
5 2 17 62
7 3 13 62
1 2 10 62
2 2 19 62
2 2 13 62
4 2 13 62
5 3 18 62
3 2 3 62
1 2 12 62
5 2 69 61
8 5 65 61
1 2 58 61
6 2 57 61
4 3 58 61
1 3 63 61
8 2 63 61
1 2 58 61
2 2 54 61
5 2 57 61
7 3 56 61
6 4 47 61
6 6 52 61
3 3 45 61
3 3 48 61
2 2 33 61
1 2 36 61
3 2 27 61
3 2 41 61
8 3 35 61
2 2 35 61
1 2 30 61
5 2 26 61
7 5 25 61
4 2 37 61
1 2 33 61
7 2 33 61
5 2 32 61
7 2 30 61
6 4 23 61
5 2 26 61
2 2 25 61
1 2 19 61
5 2 21 61
2 2 20 61
4 3 19 61
7 2 19 61
6 4 17 61
8 2 12 61
2 3 17 61
8 3 2 61
6 2 6 62
5 2 5 61
2 2 10 62
6 2 9 62
1 4 4 61
4 5 3 61
3 2 6 62
3 2 8 63
8 2 6 63
2 2 1 61
7 2 2 62
1 2 5 63
5 2 5 64
8 3 2 63
8 2 3 63
3 2 1 63
1 5 45 60
1 3 33 60
7 2 41 60
8 2 40 60
5 2 28 60
2 3 27 60
4 4 35 60
6 2 23 60
4 2 22 60
6 2 29 60
8 2 13 60
3 3 27 60
6 3 11 60
8 3 7 60
2 2 4 60
1 2 2 60
7 2 64 59
7 3 61 59
1 2 69 59
7 2 64 59
3 2 63 59
2 2 53 59
8 2 50 59
3 2 50 59
7 3 50 59
8 4 58 59
3 2 46 59
5 2 37 59
6 3 36 59
8 2 42 59
5 5 40 59
5 2 48 59
8 2 44 59
4 2 39 59
7 3 36 59
7 4 34 59
2 6 33 59
2 2 30 59
6 3 27 59
2 2 34 59
7 2 29 59
6 2 20 59
1 2 19 59
7 2 17 59
3 2 27 59
4 2 27 59
7 2 20 59
4 2 14 59
4 2 18 60
6 2 18 60
1 2 16 60
2 2 14 60
3 2 24 59
5 4 16 59
3 2 60 58
5 2 62 58
6 2 53 58
6 2 51 58
7 2 48 58
1 2 47 58
2 2 46 58
6 3 55 58
6 2 52 58
4 2 43 58
8 2 42 58
2 4 37 58
6 3 35 58
7 2 44 58
7 2 37 58
8 2 34 58
1 2 43 58
2 2 37 58
8 3 24 58
4 2 39 58
5 2 39 58
8 2 26 58
6 2 24 58
7 2 34 58
1 3 9 58
6 2 17 59
4 2 16 59
3 2 12 59
1 2 12 60
1 2 10 59
6 2 24 58
7 2 21 58
5 2 19 58
1 2 19 58
5 3 15 58
6 2 17 58
8 2 14 58
4 2 17 58
5 2 17 58
8 3 10 58
1 2 12 59
6 3 10 58
3 2 10 58
3 2 4 58
5 2 5 59
6 2 4 59
1 2 4 60
2 2 6 59
4 3 4 59
5 2 41 57
8 2 41 57
1 3 29 57
7 2 49 57
4 3 41 57
2 3 26 57
3 3 22 57
8 3 43 57
6 2 22 57
5 2 41 57
4 2 41 57
2 2 41 57
6 2 40 57
3 4 39 57
7 2 40 57
5 2 33 57
3 2 29 57
3 2 18 57
6 3 27 57
4 2 33 57
2 2 27 57
8 2 27 57
7 3 20 57
4 2 15 57
6 2 14 57
2 2 4 57
3 2 22 57
6 3 22 57
7 2 21 57
5 2 20 57
8 2 2 57
7 5 11 57
1 2 11 57
6 3 15 57
4 2 11 57
7 3 6 57
3 5 3 57
3 2 7 57
8 2 55 56
3 4 54 56
7 2 55 56
8 2 37 56
2 5 47 56
7 2 38 56
7 2 30 56
4 2 49 56
1 3 34 56
5 4 31 56
5 2 40 56
2 2 27 56
3 2 41 56
2 4 36 56
6 6 36 56
3 2 27 56
8 4 20 56
5 4 32 56
4 2 30 56
8 3 30 56
7 3 35 56
7 3 33 56
8 2 33 56
2 2 29 56
1 2 17 56
1 3 13 56
3 2 23 56
2 2 15 56
3 2 9 56
1 2 8 57
8 2 8 57
5 2 21 56
3 3 20 56
7 2 18 56
5 2 7 56
4 2 16 56
5 2 2 56
4 2 4 57
7 2 60 55
8 2 60 55
1 2 58 55
8 3 50 55
3 4 44 55
7 2 42 55
8 2 51 55
6 4 51 55
4 2 30 55
1 2 42 55
2 2 42 55
8 2 36 55
1 6 29 55
2 2 41 55
7 4 40 55
6 3 24 55
8 6 27 55
1 3 21 55
4 2 24 55
3 3 16 55
7 4 14 55
4 2 12 55
6 2 1 55
1 2 5 56
5 2 5 56
4 4 7 56
5 2 9 55
7 2 8 55
8 2 5 55
3 2 19 55
2 3 10 55
2 2 16 55
8 2 16 55
4 3 10 55
4 2 50 54
8 3 48 54
5 2 46 54
4 4 45 54
2 2 55 54
4 2 54 54
6 2 39 54
1 3 37 54
7 3 51 54
2 3 40 54
4 2 31 54
6 2 30 54
7 2 18 54
3 2 28 54
2 2 23 54
5 2 23 54
4 2 31 54
8 2 30 54
8 2 25 54
7 2 14 54
6 2 17 54
5 2 17 54
2 2 33 54
5 3 31 54
1 2 8 54
7 6 25 54
6 2 24 54
5 4 11 54
1 2 4 54
6 2 10 55
3 2 5 55
6 2 5 54
8 2 5 55
5 2 5 55
4 2 13 54
3 2 13 54
8 4 13 54
4 2 2 54
1 2 3 55
7 2 14 54
6 2 13 54
7 2 12 54
3 2 11 54
2 2 9 54
2 2 6 54
2 4 3 54
5 2 4 55
3 2 4 55
5 2 3 55
1 2 1 55
7 4 3 54
3 6 30 53
7 3 35 53
1 2 38 53
5 3 33 53
8 5 29 53
4 3 28 53
5 5 20 53
3 2 33 53
5 3 24 53
1 2 27 53
1 2 15 53
6 3 18 53
8 2 14 53
3 2 24 53
5 4 21 53
7 2 19 53
2 3 19 53
7 2 17 53
3 2 13 53
2 2 9 53
6 2 14 53
8 2 14 53
1 2 8 53
3 2 10 53
8 3 7 53
8 2 4 53
2 2 64 52
5 2 61 52
4 2 59 52
1 2 56 52
4 2 53 52
2 2 53 52
1 2 43 52
7 2 45 52
4 2 39 52
1 4 50 52
8 2 44 52
5 2 42 52
6 3 42 52
5 2 38 52
3 4 42 52
3 2 38 52
6 2 29 52
3 3 23 52
8 3 28 52
4 2 36 52
1 2 28 52
6 2 22 52
2 2 17 52
7 2 15 52
8 2 29 52
8 2 17 52
1 3 16 52
7 2 24 52
4 2 24 52
3 2 20 52
4 2 10 52
2 2 9 52
5 3 19 52
7 2 7 52
2 3 13 52
4 2 7 52
1 3 59 51
8 3 56 51
1 2 61 51
7 3 55 51
3 2 54 51
8 3 53 51
2 2 53 51
3 2 52 51
2 3 50 51
4 3 49 51
6 3 48 51
5 2 45 51
8 2 44 51
5 3 39 51
6 2 33 51
1 2 22 51
1 2 35 51
4 2 35 51
6 2 39 51
7 2 39 51
2 3 34 51
7 2 34 51
3 2 34 51
3 3 28 51
6 3 17 51
6 3 18 51
7 2 18 51
2 2 21 51
5 2 19 51
6 2 19 51
3 2 21 51
7 2 21 51
8 3 15 51
7 4 9 51
5 2 12 52
3 2 11 52
6 2 3 51
5 2 5 52
6 2 5 51
4 4 2 51
2 3 6 52
4 2 3 51
5 2 3 51
6 2 2 51
1 4 61 50
6 2 60 50
1 2 58 50
3 2 58 50
8 6 57 50
7 3 48 50
6 2 42 50
5 2 48 50
8 2 45 50
7 3 37 50
1 3 45 50
5 2 41 50
4 2 41 50
8 2 37 50
1 3 37 50
3 3 32 50
2 5 31 50
8 3 22 50
6 2 20 50
4 2 19 50
5 7 19 50
4 2 15 50
5 4 24 50
4 4 21 50
3 2 20 50
4 3 12 50
1 3 15 50
1 2 10 50
6 3 19 50
2 4 10 50
4 3 8 50
6 2 7 50
4 2 5 50
7 2 4 50
8 2 5 50
7 3 1 50
8 2 52 49
6 7 45 49
7 2 51 49
8 4 50 49
2 2 40 49
3 2 43 49
1 3 42 49
3 2 32 49
7 2 31 49
4 3 30 49
3 2 35 49
5 2 32 49
6 5 31 49
2 3 34 49
7 2 30 49
5 2 29 49
3 2 28 49
5 3 27 49
6 3 22 49
1 2 22 49
2 3 13 49
3 2 25 49
4 2 25 49
7 2 24 49
6 2 18 49
7 2 17 49
8 2 11 49
8 2 17 49
3 2 17 49
6 2 13 49
7 2 6 49
6 2 52 48
7 2 51 48
4 2 50 48
5 2 34 48
7 4 39 48
3 2 50 48
3 2 46 48
6 2 44 48
1 2 32 48
4 2 31 48
6 2 25 48
2 3 23 48
4 2 43 48
8 2 43 48
3 3 33 48
2 2 26 48
1 3 24 48
6 2 21 48
7 2 22 48
5 2 20 48
4 4 32 48
2 2 32 48
8 4 29 48
1 2 18 48
4 5 13 48
1 2 18 48
8 2 13 48
2 2 5 48
3 2 11 49
6 2 5 49
5 2 11 50
4 2 11 50
3 2 8 50
1 2 8 49
5 3 17 48
4 2 10 48
2 2 11 48
3 2 10 48
6 2 10 48
1 2 11 48
2 2 9 48
6 2 6 48
7 3 2 48
7 3 6 49
3 2 1 48
5 2 2 49
8 2 5 50
2 3 57 47
3 4 51 47
4 2 38 47
4 2 35 47
2 2 35 47
5 2 49 47
5 3 31 47
1 2 46 47
6 2 46 47
1 2 36 47
3 3 35 47
7 3 31 47
4 4 30 47
1 3 27 47
6 2 29 47
8 2 29 47
1 4 33 47
7 3 26 47
2 2 26 47
3 2 14 47
7 2 14 47
5 2 13 47
8 3 12 47
6 2 11 47
2 3 10 47
6 2 1 47
5 4 67 46
8 2 65 46
7 2 65 46
5 3 59 46
2 2 48 46
8 2 27 46
5 2 56 46
3 2 44 46
5 3 41 46
5 2 48 46
8 2 41 46
5 2 42 46
2 3 40 46
7 3 43 46
4 2 43 46
8 2 34 46
5 3 29 46
3 2 26 46
3 2 19 46
5 3 16 46
7 2 17 47
6 2 16 47
4 3 31 46
6 4 35 46
2 2 23 46
8 2 6 46
4 2 7 46
2 2 17 47
8 2 17 47
7 2 15 47
1 3 17 46
5 2 17 46
1 2 7 46
6 2 20 46
3 2 20 46
4 3 20 46
7 3 20 46
7 2 6 46
2 2 15 47
5 2 11 47
3 2 10 47
1 2 10 47
2 5 3 46
3 2 6 46
7 2 9 47
8 2 9 47
3 2 9 46
1 2 8 46
7 2 60 45
4 2 54 45
2 2 57 45
8 3 55 45
2 2 57 45
6 2 55 45
1 2 51 45
1 4 46 45
8 3 44 45
3 2 45 45
4 5 42 45
5 2 38 45
8 2 34 45
7 2 34 45
8 2 42 45
1 2 36 45
8 4 28 45
6 3 34 45
6 2 35 45
2 2 27 45
3 2 27 45
2 2 32 45
1 5 26 45
3 2 26 45
8 2 25 45
1 2 22 45
4 2 23 45
1 4 19 45
8 2 16 45
3 2 18 45
5 2 18 45
8 2 13 45
8 2 14 45
5 2 13 45
8 2 10 45
6 2 9 45
7 2 7 45
1 2 7 45
2 2 4 45
4 2 3 45
4 4 60 44
2 5 62 44
1 2 55 44
6 2 53 44
6 2 36 44
4 3 47 44
7 2 52 44
4 2 50 44
8 2 49 44
6 2 47 44
8 2 46 44
4 2 38 44
8 2 37 44
3 3 37 44
4 2 28 44
3 2 22 44
3 3 19 44
1 2 28 44
3 2 26 44
5 2 26 44
2 2 35 44
5 2 34 44
8 2 20 44
1 2 20 44
2 2 35 44
6 4 33 44
4 2 26 44
7 4 23 44
2 2 23 44
4 2 19 44
5 3 7 44
7 2 16 44
4 2 13 44
6 2 11 44
3 2 10 44
7 2 8 44
4 2 7 44
8 2 4 44
5 2 8 44
8 2 7 44
6 2 2 44
4 3 56 43
1 2 56 43
2 2 55 43
8 3 49 43
6 2 52 43
5 2 50 43
4 2 50 43
7 2 46 43
5 2 48 43
5 4 45 43
6 5 35 43
7 2 31 43
5 2 33 43
1 2 32 43
4 3 29 43
8 2 23 43
5 2 18 43
1 2 28 43
1 2 24 43
3 2 24 43
8 2 24 43
7 2 24 43
7 3 27 43
3 2 27 43
4 2 23 43
5 2 12 43
7 2 17 43
5 2 13 43
1 3 13 44
3 2 13 44
2 2 16 43
8 3 13 43
5 2 16 43
6 3 11 43
3 3 11 43
8 2 12 43
2 2 8 43
7 2 6 43
7 3 3 43
3 2 5 44
4 2 64 42
5 2 63 42
8 3 56 42
7 2 60 42
4 2 57 42
7 2 53 42
2 2 54 42
4 3 44 42
3 2 51 42
6 2 51 42
1 2 49 42
7 2 43 42
7 3 37 42
7 4 45 42
7 3 28 42
7 2 13 42
8 2 9 42
6 3 22 42
6 2 7 42
8 2 33 42
6 2 24 42
2 2 19 42
2 2 12 42
8 2 12 42
3 2 23 42
1 2 20 42
2 2 1 42
5 2 3 43
1 2 3 44
3 2 1 43
6 2 11 42
2 3 2 42
5 2 73 41
4 3 70 41
5 2 65 41
7 3 61 41
1 2 54 41
2 4 51 41
4 2 49 41
2 5 61 41
5 2 49 41
5 2 46 41
8 3 44 41
3 2 44 41
6 2 53 41
1 2 44 41
1 2 40 41
8 2 53 41
5 2 52 41
8 2 41 41
3 2 39 41
5 5 38 41
7 2 40 41
8 2 31 41
3 2 23 41
2 2 23 41
4 2 22 42
6 3 37 41
1 2 34 41
3 2 22 41
8 2 19 41
2 4 20 41
1 4 70 40
8 2 69 40
8 2 67 40
5 3 60 40
7 3 58 40
1 4 56 40
8 2 57 40
4 2 57 40
5 2 56 40
2 6 55 40
8 2 54 40
2 3 52 40
8 2 47 40
1 2 45 40
2 2 41 40
7 4 45 40
3 2 44 40
1 3 43 40
4 3 43 40
7 2 40 40
6 3 38 40
3 3 38 40
8 2 36 40
2 2 34 40
4 2 28 40
8 2 30 41
6 2 24 40
8 2 23 40
3 2 23 41
1 3 23 40
1 2 21 40
2 2 22 41
5 2 20 41
6 2 20 40
5 2 19 40
6 2 7 40
3 2 12 41
8 2 13 42
1 4 16 40
2 2 4 40
7 2 13 41
1 2 19 42
4 2 18 42
8 3 12 40
1 3 8 40
5 2 60 39
7 2 60 39
6 3 54 39
1 2 50 39
6 2 55 39
5 4 51 39
6 2 50 39
4 3 49 39
1 3 47 39
7 2 47 39
8 2 44 39
2 2 39 39
5 2 43 39
2 2 43 39
1 2 38 39
6 2 29 39
3 2 33 39
7 2 26 39
1 2 24 39
4 3 33 39
7 2 31 39
1 2 25 39
4 2 16 39
3 2 12 39
6 2 22 39
3 2 19 39
5 5 13 39
1 2 22 39
7 4 13 39
8 2 12 39
4 4 9 39
6 2 11 39
2 2 55 38
3 2 54 38
4 2 58 38
2 3 58 38
1 3 57 38
5 2 58 38
4 2 58 38
3 2 57 38
1 2 53 38
6 3 45 38
8 2 49 38
8 2 44 38
4 3 44 38
5 3 48 38
6 2 48 38
8 2 44 38
2 2 40 38
5 2 37 38
2 3 35 38
1 2 33 38
7 3 31 38
6 2 25 38
3 2 24 38
4 2 28 38
6 2 28 38
3 3 30 38
5 2 29 38
3 3 20 38
1 2 26 38
4 2 25 38
7 2 12 38
8 2 11 39
4 2 11 39
2 2 10 39
7 2 17 38
6 2 12 38
8 2 12 38
1 2 11 38
7 2 10 38
2 2 11 39
6 2 14 38
8 2 11 38
4 2 11 39
6 4 10 38
3 2 9 38
8 2 5 38
6 2 5 39
3 2 7 40
4 2 5 40
5 2 7 41
2 2 7 41
1 2 6 41
5 2 6 42
7 2 5 42
7 2 4 38
3 2 4 39
8 3 4 38
2 2 2 38
2 3 49 37
2 3 27 37
1 2 53 37
8 2 52 37
5 2 49 37
1 3 38 37
8 2 33 37
8 2 25 37
4 2 45 37
6 2 45 37
6 3 37 37
8 2 29 37
8 3 22 37
4 2 31 37
7 3 21 37
7 2 24 37
4 3 24 37
3 6 25 37
2 3 25 37
1 2 20 37
8 5 17 37
6 2 21 37
7 2 18 37
5 2 12 37
8 2 12 37
2 2 11 37
1 3 11 37
4 2 12 37
6 3 10 37
5 3 8 37
1 2 68 36
6 2 68 36
8 3 67 36
7 2 68 36
4 2 68 36
3 2 65 36
5 4 63 36
6 2 55 36
7 2 54 36
5 2 49 36
7 2 56 36
2 2 50 36
3 2 50 36
8 3 46 36
2 2 43 36
5 5 39 36
8 2 48 36
1 5 41 36
6 2 39 36
8 4 38 36
7 2 38 36
5 2 35 36
8 2 27 36
5 3 23 36
2 2 27 36
7 4 27 36
5 9 21 36
3 4 13 36
1 2 27 36
2 2 25 36
2 2 13 36
6 2 19 36
8 2 16 36
2 4 15 36
1 2 12 36
3 6 18 36
5 2 10 36
6 2 7 36
1 2 6 37
6 3 13 36
2 2 5 36
5 2 6 36
7 2 3 36
8 2 7 37
3 2 7 37
7 2 6 37
2 2 7 36
2 2 1 36
1 2 4 37
1 2 2 37
4 2 2 36
3 2 50 35
1 2 40 35
7 2 42 35
3 3 29 35
1 2 45 35
5 2 41 35
1 3 40 35
6 2 35 35
7 2 32 35
1 2 29 35
6 2 26 35
3 2 23 35
6 3 38 35
6 2 18 35
8 2 21 35
5 3 16 35
3 2 9 35
8 2 30 35
5 3 8 35
3 2 24 35
5 2 18 35
7 3 18 35
1 3 11 35
5 2 10 35
7 2 4 35
1 3 12 35
4 5 9 35
5 2 63 34
6 3 55 34
7 2 55 34
4 3 53 34
1 3 56 34
3 2 55 34
5 2 53 34
6 3 55 34
2 2 53 34
3 2 47 34
7 3 54 34
5 2 54 34
2 2 45 34
6 2 44 34
1 2 43 34
8 4 38 34
7 2 40 34
6 2 39 34
2 2 37 34
1 4 28 34
4 2 40 34
4 2 35 34
7 2 32 34
8 3 32 34
3 2 29 34
7 4 28 34
8 2 22 34
4 2 22 34
4 2 19 34
6 2 19 34
1 3 21 34
2 2 18 34
7 2 17 35
5 2 22 34
1 2 19 34
2 2 19 34
2 2 11 34
3 2 16 35
1 2 16 35
8 6 11 34
4 2 7 34
4 2 10 35
5 2 10 35
6 2 4 34
8 4 8 34
5 2 3 34
3 2 1 34
7 2 6 35
4 2 6 34
4 2 50 33
1 3 49 33
5 2 51 33
1 2 51 33
7 2 43 33
1 6 44 33
3 2 37 33
3 2 42 33
4 3 32 33
8 2 16 33
3 2 31 33
6 2 14 33
5 3 12 33
8 2 34 33
1 2 32 33
4 3 13 33
8 2 11 33
7 2 7 33
5 2 5 33
2 2 5 34
5 2 28 33
4 2 4 33
6 2 22 33
1 2 9 33
6 2 7 33
7 3 2 33
1 2 1 34
7 5 14 33
5 2 1 33
3 2 66 32
5 2 56 32
2 3 52 32
7 2 58 32
8 6 44 32
6 2 57 32
2 2 53 32
8 2 46 32
4 2 45 32
1 2 35 32
2 2 35 32
6 2 31 32
2 4 30 32
4 5 50 32
2 2 50 32
8 2 44 32
6 2 39 32
8 3 29 32
7 4 25 32
5 3 39 32
1 2 42 32
8 2 28 32
4 2 26 32
5 2 18 32
6 2 26 32
6 2 22 32
1 2 14 32
2 5 14 32
3 2 18 33
3 2 20 32
7 2 16 32
2 2 16 33
4 2 16 32
7 2 22 32
2 2 21 32
8 2 16 32
5 2 10 32
2 2 9 32
7 2 14 33
8 2 14 33
2 3 13 32
5 2 7 32
4 2 8 33
7 2 6 32
8 2 10 32
6 2 10 33
6 3 29 31
3 2 51 31
5 2 48 31
1 2 27 31
7 2 25 31
1 2 44 31
7 2 41 31
5 2 41 31
2 3 40 31
3 3 40 31
3 6 24 31
1 3 33 31
4 3 27 31
3 2 27 31
4 2 28 31
2 3 27 31
8 2 22 31
2 2 20 31
5 2 17 31
3 2 8 31
5 2 20 31
7 2 20 31
4 3 19 31
1 2 17 31
3 2 16 31
5 2 11 31
7 2 8 31
6 4 8 31
1 2 7 32
2 2 6 32
4 2 6 31
8 4 5 31
1 3 1 31
6 2 1 31
6 2 3 32
8 2 7 33
3 2 3 32
8 2 1 32
1 2 1 33
5 2 1 32
2 2 64 30
1 2 60 30
1 2 57 30
3 3 57 30
7 2 58 30
7 3 56 30
7 3 51 30
5 2 52 30
4 2 48 30
1 2 47 30
1 2 42 30
1 2 38 30
5 2 35 30
6 2 30 30
4 3 30 30
3 2 40 30
2 2 28 30
8 2 26 30
8 2 22 30
5 3 14 30
3 2 27 30
2 2 27 30
6 2 23 30
6 4 9 30
8 3 8 30
8 2 21 30
5 2 74 29
2 2 73 29
2 2 68 29
7 2 68 29
5 3 68 29
7 2 64 29
4 4 63 29
6 4 58 29
5 2 48 29
6 3 45 29
1 2 39 29
2 4 33 29
4 2 32 29
3 4 31 29
8 2 31 29
8 3 51 29
1 2 47 29
8 2 40 29
3 3 38 29
6 2 27 29
2 4 44 29
3 2 42 29
6 2 22 29
1 2 22 29
5 3 36 29
2 2 25 29
8 2 22 29
3 2 24 30
7 2 22 29
7 2 28 29
1 3 28 29
3 2 31 29
6 2 27 29
1 2 17 29
4 2 24 30
4 2 26 29
5 2 63 28
3 2 60 28
5 2 59 28
7 2 58 28
3 2 45 28
1 4 55 28
2 4 55 28
3 2 55 28
4 2 54 28
6 3 34 28
4 2 46 28
1 3 39 28
6 4 39 28
3 2 48 28
6 4 44 28
8 3 38 28
8 2 44 28
1 2 44 28
7 2 39 28
5 4 38 28
1 2 15 28
6 2 17 29
8 2 15 29
4 5 36 28
5 3 18 28
2 2 21 29
5 2 21 28
1 2 23 29
3 3 22 28
6 2 27 28
1 2 26 28
8 2 26 28
2 2 24 28
4 3 16 28
1 2 16 29
5 2 16 30
1 2 6 28
7 2 14 29
8 2 61 27
5 4 58 27
7 2 57 27
4 2 57 27
3 3 59 27
5 5 58 27
6 2 56 27
6 2 54 27
3 2 53 27
7 3 53 27
6 2 44 27
8 2 39 27
2 2 43 27
1 2 41 27
1 2 38 27
6 4 35 27
4 4 40 27
5 4 39 27
5 2 31 27
4 2 32 27
3 2 26 27
7 2 27 27
6 2 20 27
6 2 18 27
3 2 17 27
6 3 13 27
4 2 24 27
8 3 23 27
8 2 24 27
6 2 16 27
4 2 17 28
7 2 14 27
1 3 8 27
7 3 6 27
8 2 14 28
5 2 10 28
4 2 10 29
6 2 14 30
2 2 9 28
2 2 12 27
4 5 43 26
6 3 40 26
8 2 40 26
2 2 46 26
6 2 43 26
6 2 37 26
8 2 33 26
2 2 36 26
5 2 36 26
5 2 43 26
7 2 32 26
3 3 36 26
8 2 40 26
2 2 39 26
7 2 36 26
2 2 31 26
6 4 35 26
1 4 30 26
1 2 30 26
6 5 27 26
3 4 24 26
7 2 24 26
4 2 7 26
3 2 9 27
6 2 9 27
1 3 14 26
3 2 14 26
2 3 17 26
5 2 14 26
7 3 14 26
1 5 10 26
5 2 14 26
4 2 10 26
8 3 5 26
7 2 7 26
3 2 7 27
5 2 3 26
3 2 2 26
8 2 6 27
5 3 6 28
3 2 7 29
7 2 6 29
8 2 12 30
6 2 10 30
6 2 5 28
7 2 8 29
2 2 9 30
5 2 8 30
6 2 8 29
1 2 6 29
8 2 5 28
2 2 2 26
8 2 2 27
4 3 2 26
7 2 62 25
1 2 59 25
7 2 57 25
3 3 55 25
6 2 58 25
3 2 57 25
3 2 50 25
5 2 49 25
7 3 46 25
1 2 47 25
8 2 44 25
2 6 43 25
1 3 43 25
1 3 38 25
4 3 41 25
5 2 36 25
1 2 25 25
2 2 24 25
4 2 24 25
4 2 14 25
5 2 13 25
1 2 26 25
8 2 26 25
3 2 25 25
2 2 25 25
7 3 19 25
6 2 22 25
7 3 21 25
6 2 5 25
8 3 15 25
5 3 8 25
4 2 66 24
6 2 65 24
2 2 65 24
8 4 63 24
1 2 56 24
6 2 48 24
5 2 53 24
6 3 51 24
4 2 54 24
4 2 47 24
2 4 42 24
5 2 40 24
8 5 32 24
7 2 41 24
8 3 37 24
3 2 39 24
5 2 33 24
2 2 22 24
5 2 20 24
1 2 36 24
4 3 34 24
8 2 31 24
2 2 23 24
1 5 17 24
5 3 15 24
7 2 14 24
1 2 14 25
3 2 14 25
6 2 16 24
3 2 10 24
7 2 9 24
1 3 7 24
8 3 8 24
1 2 12 25
7 2 10 25
7 2 19 24
4 2 10 24
8 4 11 25
2 2 8 24
1 2 8 25
4 2 5 24
6 2 9 25
3 2 9 25
3 3 62 23
1 2 60 23
7 2 57 23
5 2 59 23
7 2 53 23
2 2 51 23
1 2 46 23
1 2 39 23
6 3 29 23
3 2 31 23
3 2 28 23
6 2 50 23
4 2 50 23
8 2 48 23
6 2 42 23
3 3 42 23
4 3 44 23
4 2 39 23
3 2 38 23
2 3 36 23
7 3 36 23
8 4 36 23
3 6 35 23
8 2 30 23
6 2 22 23
7 2 28 23
4 3 15 23
2 2 21 23
3 6 18 23
4 4 16 23
1 2 16 23
3 2 11 23
6 4 7 23
2 2 8 24
3 3 7 24
6 2 6 24
4 2 16 23
5 2 16 23
5 4 7 23
2 2 5 23
4 3 46 22
7 8 43 22
3 3 44 22
8 4 41 22
8 2 38 22
5 3 28 22
2 2 31 22
1 2 26 22
3 2 22 22
1 4 36 22
5 2 36 22
6 4 34 22
5 2 22 22
7 4 20 22
1 2 19 22
8 5 16 22
8 2 27 22
3 3 15 22
2 2 26 22
8 2 12 22
7 2 13 22
5 2 4 22
2 2 5 23
3 2 7 22
1 2 4 22
4 4 5 22
5 2 59 21
1 2 45 21
4 3 39 21
7 2 60 21
8 2 55 21
8 3 34 21
4 2 17 21
3 2 50 21
4 3 47 21
4 7 33 21
7 2 39 21
8 2 37 21
1 2 36 21
3 2 34 21
1 2 15 21
5 4 41 21
6 3 38 21
5 3 31 21
2 2 12 21
3 2 15 22
5 2 15 22
2 2 26 21
2 2 24 21
3 2 24 21
2 3 33 21
8 2 19 21
4 3 18 21
2 2 25 21
4 4 11 21
3 2 24 21
8 2 24 21
3 2 22 21
5 2 20 21
5 2 15 21
7 3 10 21
6 2 10 22
7 2 12 21
1 2 11 21
2 3 11 21
7 3 9 22
1 3 2 21
5 2 3 22
6 2 5 23
2 2 2 22
3 2 3 23
5 2 5 24
8 3 2 23
7 4 3 21
3 2 3 22
3 2 8 21
2 2 8 21
1 2 5 21
8 2 48 20
3 3 43 20
1 2 49 20
4 2 40 20
5 2 43 20
4 4 42 20
2 3 42 20
7 3 32 20
6 2 37 20
1 3 32 20
1 3 29 20
3 4 29 20
8 2 28 20
6 2 28 20
3 2 24 20
1 2 20 20
4 2 14 20
6 2 25 20
8 2 18 20
1 5 14 20
5 8 2 20
8 6 4 21
6 3 14 20
6 2 4 20
4 2 2 20
2 3 64 19
3 2 63 19
2 2 62 19
7 2 57 19
5 2 54 19
6 2 57 19
1 3 55 19
2 2 55 19
7 2 51 19
6 2 51 19
8 2 50 19
6 4 44 19
7 2 43 19
2 2 44 19
3 3 41 19
3 3 35 19
6 3 35 19
5 2 31 19
2 3 29 19
3 3 27 19
2 3 31 19
1 2 31 19
4 2 29 19
5 2 28 19
3 2 19 19
2 3 17 19
4 4 24 19
8 2 20 19
3 2 19 19
3 2 12 19
7 2 19 19
6 2 17 19
4 2 9 19
8 2 13 20
4 2 13 20
1 2 10 20
2 2 5 19
8 2 11 19
7 2 8 19
3 2 2 19
6 4 9 20
5 2 9 20
8 3 5 20
3 2 3 20
5 2 2 20
3 2 58 18
7 3 57 18
8 5 55 18
5 3 46 18
8 2 45 18
1 2 41 18
2 2 41 18
7 3 41 18
3 2 42 18
4 3 42 18
5 3 33 18
2 5 40 18
6 2 27 18
2 2 32 18
8 3 22 18
1 6 21 18
2 2 19 18
3 5 24 18
1 2 30 18
8 2 27 18
7 3 14 18
8 2 13 18
3 2 12 18
6 2 6 18
6 6 3 18
4 2 14 18
5 2 13 18
2 2 3 18
4 2 5 19
5 2 17 18
3 2 15 18
1 2 13 18
3 4 8 18
5 2 5 18
1 2 3 18
6 3 10 18
1 4 58 17
8 2 57 17
3 2 57 17
4 2 55 17
6 4 52 17
5 2 51 17
2 2 45 17
4 3 41 17
3 2 44 17
1 3 42 17
7 3 39 17
2 5 40 17
8 2 29 17
8 2 39 17
4 2 37 17
8 2 33 17
2 2 33 17
6 2 33 17
3 2 30 17
6 3 30 17
1 2 30 17
4 3 27 17
7 2 16 17
7 5 22 17
7 2 13 17
8 4 11 17
1 2 20 17
6 2 18 17
6 2 11 17
3 2 60 16
3 2 53 16
5 4 54 16
7 5 52 16
4 2 48 16
4 2 44 16
1 3 43 16
1 2 47 16
3 5 46 16
4 3 31 16
8 2 40 16
4 2 32 16
4 2 27 16
7 2 26 16
5 2 25 16
5 4 38 16
1 5 31 16
2 2 36 16
6 2 24 16
1 2 21 16
4 2 19 16
3 3 27 16
5 2 27 16
4 2 29 16
4 2 25 16
7 2 25 16
2 4 24 16
3 2 21 16
5 4 19 16
6 6 21 16
1 2 21 16
4 2 16 16
3 2 16 17
2 3 15 16
4 2 15 16
1 2 14 16
6 2 12 16
5 2 8 16
6 2 7 16
3 2 8 16
1 2 4 16
1 2 6 17
4 2 6 18
2 2 4 17
4 5 4 16
5 2 4 16
3 3 2 16
1 2 40 15
6 2 39 15
2 2 34 15
1 4 33 15
5 2 33 15
7 2 32 15
6 2 29 15
4 2 25 15
5 2 24 15
8 2 24 15
4 2 23 15
4 2 19 15
2 3 17 15
5 2 16 15
8 3 15 15
2 3 13 15
8 2 11 15
8 2 6 15
6 2 7 15
7 2 5 15
6 2 82 14
3 3 81 14
8 3 79 14
6 2 76 14
3 5 76 14
5 2 74 14
4 2 68 14
5 5 66 14
2 2 70 14
7 2 69 14
4 2 64 14
5 2 64 14
5 3 60 14
3 2 58 14
7 4 55 14
3 3 51 14
2 2 53 14
8 2 41 14
5 2 31 14
5 2 18 14
1 4 46 14
2 2 44 14
3 2 42 14
3 3 24 14
6 2 41 14
7 2 37 14
5 2 37 14
3 2 41 14
2 4 35 14
2 2 33 14
2 2 30 14
4 2 29 14
8 4 28 14
7 2 27 14
7 2 25 14
2 3 24 14
4 2 26 14
1 2 24 14
1 4 15 14
5 2 10 14
6 3 13 14
6 2 19 14
5 4 18 14
7 2 13 14
4 2 13 14
7 2 11 14
5 2 7 14
1 2 11 14
8 5 43 13
1 2 33 13
1 2 40 13
2 2 40 13
3 2 40 13
3 2 36 13
6 2 30 13
1 2 36 13
8 2 31 13
7 2 27 13
6 5 33 13
1 4 26 13
4 2 23 13
5 3 20 13
5 2 13 13
6 3 10 13
7 3 11 14
2 2 11 14
4 3 3 13
5 2 73 12
2 2 70 12
6 2 64 12
8 2 59 12
8 3 66 12
1 2 64 12
6 2 57 12
2 2 60 12
6 2 54 12
4 2 52 12
5 2 48 12
1 2 54 12
1 3 42 12
3 2 48 12
2 2 48 12
5 2 49 12
7 2 48 12
6 2 48 12
7 2 34 12
1 2 33 12
7 2 27 12
4 3 27 12
6 2 27 12
6 3 37 12
7 2 37 12
1 3 35 12
2 2 23 12
7 2 16 12
7 2 19 13
2 2 18 13
5 2 18 13
8 4 32 12
7 2 27 12
8 3 21 12
3 2 23 12
3 2 18 12
3 2 25 12
6 2 16 12
5 2 19 13
1 3 23 12
4 3 12 12
2 2 18 12
4 3 16 12
2 3 10 12
6 2 12 13
1 2 12 13
2 2 11 14
3 2 8 13
8 2 11 14
5 2 11 12
7 2 10 12
4 2 7 12
5 2 4 12
2 3 4 13
1 2 6 14
3 2 6 14
8 4 3 12
3 2 11 12
8 3 10 12
1 4 8 12
1 2 51 11
4 2 46 11
2 3 39 11
6 2 46 11
5 2 45 11
4 4 28 11
4 2 26 11
7 3 37 11
5 2 39 11
6 3 39 11
4 2 38 11
1 2 37 11
5 2 25 11
8 5 18 11
1 2 18 11
5 2 14 11
3 2 31 11
4 4 27 11
3 3 25 11
7 2 20 11
3 3 19 11
4 2 19 11
2 4 14 11
7 2 25 11
8 2 18 11
4 2 14 11
5 2 15 11
2 2 13 11
6 2 16 11
7 4 14 11
4 4 11 11
7 3 6 11
8 2 6 12
6 2 4 11
2 2 7 12
1 4 10 11
3 3 5 11
3 2 6 12
8 2 6 11
6 2 5 11
2 2 49 10
6 3 48 10
3 2 39 10
5 4 36 10
4 3 48 10
1 2 36 10
8 2 52 10
3 2 43 10
3 2 38 10
1 2 38 10
2 4 39 10
4 2 34 10
8 2 34 10
7 3 36 10
1 2 36 10
4 3 41 10
5 2 33 10
3 2 27 10
3 3 36 10
8 5 27 10
4 2 25 10
1 2 24 10
4 3 17 10
7 2 22 10
5 2 21 10
6 3 15 10
8 2 18 10
2 2 18 10
2 3 14 10
8 2 14 10
5 2 13 10
7 3 15 10
4 2 15 10
2 2 10 10
1 3 14 10
8 2 12 10
2 3 11 10
3 2 10 10
4 2 8 10
8 4 3 10
5 2 4 10
5 2 2 10
7 3 52 9
1 2 59 9
4 2 47 9
8 2 37 9
4 2 29 9
4 3 51 9
1 2 42 9
5 2 38 9
1 2 27 9
2 2 39 9
7 2 38 9
6 3 27 9
7 3 33 9
5 2 32 9
7 2 28 9
3 2 21 9
8 2 19 9
6 2 30 9
1 2 18 9
6 6 34 9
5 3 16 9
2 2 32 9
8 2 24 9
1 2 24 9
3 2 28 9
8 3 20 9
6 2 14 9
3 2 13 9
6 2 8 9
7 5 21 9
8 2 20 9
8 2 58 8
1 2 55 8
3 2 54 8
8 3 48 8
4 6 48 8
3 2 44 8
5 2 41 8
6 2 36 8
5 2 34 8
1 2 35 8
1 3 31 8
7 5 40 8
3 3 36 8
2 2 35 8
7 4 34 8
1 2 36 8
5 2 34 8
4 4 32 8
7 2 29 8
6 2 23 8
3 2 19 8
8 2 12 8
5 2 12 9
6 2 12 9
4 2 14 9
5 3 18 8
8 2 25 8
8 2 19 8
1 2 19 8
2 2 26 8
7 3 21 8
5 2 21 8
3 2 14 8
2 3 7 8
2 2 10 9
5 2 7 9
1 2 12 8
7 2 9 8
4 2 7 8
3 2 7 9
8 2 5 8
6 2 7 9
3 2 3 8
2 2 3 9
7 2 5 8
1 3 4 8
3 4 44 7
3 2 49 7
4 4 41 7
2 2 48 7
7 2 42 7
5 2 41 7
1 2 38 7
8 2 36 7
7 2 35 7
1 2 34 7
3 3 31 7
8 2 37 7
2 3 34 7
1 2 27 7
4 3 26 7
4 2 22 7
8 4 29 7
6 2 29 7
3 2 29 7
5 3 29 7
3 2 17 7
7 3 14 7
8 2 11 7
4 2 63 6
2 2 62 6
5 4 55 6
8 3 55 6
3 2 53 6
6 5 49 6
5 3 48 6
8 2 51 6
8 2 46 6
7 4 45 6
4 2 42 6
4 4 48 6
8 2 41 6
2 3 47 6
3 3 43 6
6 2 43 6
7 2 45 6
5 2 45 6
1 4 39 6
4 4 37 6
3 2 38 6
7 2 35 6
4 4 27 6
5 5 20 6
2 2 19 6
1 2 21 7
1 2 27 6
2 5 26 6
4 3 15 6
4 2 23 7
8 2 21 6
2 2 11 6
3 2 9 6
6 2 15 7
6 2 9 7
4 3 8 6
7 2 9 7
8 2 13 6
2 2 8 6
4 2 10 7
3 3 10 6
7 2 10 6
3 2 59 5
2 3 55 5
3 2 53 5
5 4 52 5
6 2 46 5
8 2 48 5
2 2 47 5
1 2 43 5
3 3 43 5
4 2 45 5
4 4 37 5
6 4 33 5
1 2 30 5
7 4 39 5
1 2 32 5
3 2 30 5
2 2 24 5
7 2 27 5
5 2 18 5
2 3 31 5
3 2 17 5
6 2 28 5
7 5 25 5
7 2 26 5
8 3 25 5
5 2 16 5
1 4 11 5
2 3 19 5
3 2 17 5
6 4 14 5
8 2 8 5
7 2 10 5
1 2 6 5
2 3 60 4
5 2 56 4
1 3 56 4
6 3 53 4
3 2 55 4
5 2 47 4
3 4 41 4
8 2 52 4
4 2 49 4
3 2 45 4
7 2 38 4
4 2 43 4
1 3 42 4
8 3 35 4
7 3 42 4
2 3 38 4
8 7 26 4
6 5 17 4
5 2 15 4
6 2 27 4
1 5 14 4
3 2 25 4
3 2 23 4
1 2 23 4
4 4 23 4
5 2 19 4
5 2 17 4
1 2 7 4
8 2 11 5
4 2 10 5
3 3 64 3
4 4 45 3
6 2 62 3
6 2 57 3
1 3 53 3
3 2 58 3
7 3 44 3
3 4 50 3
4 3 57 3
4 2 49 3
3 2 46 3
2 2 43 3
3 2 40 3
5 2 42 3
6 3 39 3
2 2 36 3
4 3 34 3
2 2 29 3
8 4 39 3
4 2 39 3
1 2 35 3
2 6 24 3
5 3 20 3
2 3 12 3
8 2 18 4
2 2 15 4
7 2 18 3
4 2 9 3
8 2 28 3
4 3 28 3
7 2 20 3
3 2 19 3
4 2 19 4
5 2 24 3
2 2 19 3
3 2 20 3
1 2 19 3
6 2 19 3
5 3 14 3
5 2 15 4
7 2 15 4
8 2 15 4
1 4 3 3
2 2 5 3
7 2 11 4
3 2 5 4
4 2 5 5
3 3 5 6
4 2 4 6
1 2 6 7
5 2 5 5
4 2 9 4
3 2 6 3
6 2 5 3
1 2 5 4
2 2 5 4
3 2 4 5
4 2 44 2
2 2 41 2
3 2 40 2
3 2 29 2
2 2 29 2
6 2 39 2
5 2 32 2
6 3 26 2
2 4 21 2
2 2 18 2
8 2 30 2
6 2 29 2
7 3 16 2
8 2 22 2
7 2 17 2
7 3 13 2
1 4 10 2
8 2 25 2
1 3 14 2
7 2 23 2
7 2 17 2
6 3 13 2
3 2 17 2
2 2 16 2
5 4 15 2
8 2 15 2
8 2 8 2
4 2 14 2
1 2 13 2
4 3 8 2
1 2 50 1
3 2 48 1
8 2 44 1
6 2 39 1
8 2 33 1
2 2 20 1
