11003
3760
1 2 94 100
2 3 94 100
6 2 97 100
2 2 96 100
1 4 91 100
5 2 86 100
1 2 83 100
3 2 88 100
2 2 82 100
6 3 76 100
8 2 67 100
1 3 66 100
8 2 65 100
5 2 79 100
1 2 76 100
5 2 62 100
4 4 72 100
6 2 72 100
5 2 55 100
4 3 52 100
4 2 45 100
2 2 43 100
8 2 67 100
8 2 64 100
5 2 63 100
7 4 47 100
8 2 43 100
6 3 41 100
3 2 47 100
6 2 38 100
5 4 33 100
1 2 34 100
1 3 29 100
6 2 47 100
4 2 47 100
4 2 23 100
1 2 50 100
7 2 37 100
8 5 37 100
1 3 44 100
7 3 44 100
1 2 42 100
6 2 42 100
6 2 38 100
1 3 30 100
1 2 20 100
4 2 17 100
6 2 16 100
8 3 54 99
7 5 50 99
4 2 47 99
2 2 43 99
2 3 41 99
7 2 45 99
8 2 37 99
4 3 42 99
5 3 34 99
7 7 34 99
3 2 34 99
2 2 32 99
5 2 32 99
2 2 30 99
7 2 16 99
5 3 20 99
5 2 28 100
3 2 26 100
3 2 22 100
7 2 22 100
2 2 15 99
2 2 20 100
8 2 21 99
4 2 20 99
8 2 12 99
8 2 16 100
6 2 16 99
3 3 9 99
7 2 11 100
7 2 8 99
4 2 9 100
6 2 8 100
2 2 8 99
3 2 7 99
2 5 3 99
8 2 3 100
8 2 1 100
7 2 75 98
6 2 74 98
7 2 68 98
5 2 67 98
2 2 67 98
7 3 66 98
7 2 57 98
3 3 49 98
2 2 62 98
2 2 47 98
5 3 47 98
8 2 56 98
3 2 45 98
4 3 44 98
2 2 42 98
2 6 40 98
5 2 50 98
8 3 38 98
6 2 44 98
3 2 38 98
6 7 36 98
4 2 39 98
3 2 35 98
4 3 27 98
4 2 32 98
7 2 23 98
6 2 28 98
1 2 27 98
3 2 27 98
7 4 30 98
5 2 28 98
2 2 28 98
8 2 26 98
6 2 22 98
5 2 18 98
7 2 16 98
1 3 15 98
3 3 19 98
3 2 12 98
1 2 10 98
4 2 13 98
4 2 9 98
4 2 5 98
4 3 53 97
5 2 53 97
3 3 57 97
2 2 51 97
7 2 51 97
3 2 49 97
8 7 46 97
7 2 46 97
7 2 42 97
5 2 40 97
4 5 41 97
3 2 37 97
1 2 36 97
6 2 33 97
3 2 32 97
5 2 29 97
1 2 28 97
8 2 25 97
2 2 28 97
7 2 27 97
1 2 24 97
8 3 22 97
6 2 12 97
6 2 4 97
5 2 5 97
2 2 5 98
4 2 10 97
6 2 10 97
2 2 11 98
4 2 18 97
6 2 5 97
6 2 68 96
3 3 64 96
5 2 64 96
1 3 66 96
2 2 66 96
5 2 61 96
2 2 59 96
1 4 57 96
5 2 49 96
2 2 42 96
3 2 34 96
6 2 33 96
5 4 51 96
3 2 46 96
8 3 39 96
3 3 38 96
8 5 42 96
8 4 46 96
4 3 46 96
2 2 45 96
8 6 31 96
6 5 33 96
1 6 36 96
6 3 38 96
5 3 36 96
1 2 29 96
3 2 27 96
5 2 21 96
4 5 29 96
3 5 20 96
5 3 25 96
8 3 21 96
5 4 16 96
6 2 17 96
5 2 11 96
7 2 21 96
3 2 18 96
3 2 10 96
8 2 12 97
6 2 14 96
2 2 10 96
4 2 6 96
7 2 5 96
4 2 3 96
7 2 8 97
1 2 9 98
5 2 9 98
1 2 5 97
7 2 45 95
1 2 36 95
5 2 25 95
4 3 20 95
1 2 21 95
5 2 19 95
2 2 17 95
8 2 35 95
2 2 25 95
1 2 25 95
3 6 31 95
6 2 10 95
3 3 4 95
8 2 4 96
5 2 4 97
8 2 6 98
4 2 6 97
6 2 4 95
3 2 6 96
6 2 16 95
8 2 7 95
7 3 3 95
5 3 5 96
2 2 4 96
6 2 17 95
7 3 4 95
8 2 73 94
2 2 69 94
1 2 66 94
8 2 64 94
2 2 56 94
3 2 56 94
5 2 63 94
4 3 63 94
6 2 60 94
3 2 60 94
8 2 55 94
5 2 54 94
4 2 53 94
6 2 52 94
8 3 45 94
6 3 37 94
3 3 47 94
3 2 45 94
6 3 43 94
7 5 36 94
3 3 35 94
4 2 30 94
8 2 39 94
4 2 39 94
6 2 30 94
4 3 26 94
5 2 36 94
2 3 23 94
4 2 22 94
7 3 29 94
1 2 29 94
3 2 29 94
8 2 22 94
2 3 22 94
1 2 23 94
6 2 4 94
7 2 7 95
4 3 15 94
3 3 15 94
8 3 16 94
7 3 12 94
7 2 14 95
5 3 58 93
3 2 58 93
8 2 57 93
5 3 52 93
7 2 48 93
7 2 44 93
1 2 37 93
5 2 35 93
4 2 34 93
2 3 24 93
1 3 46 93
5 2 45 93
2 2 21 93
4 2 39 93
5 2 31 93
5 2 22 93
7 2 16 93
2 2 25 93
4 3 21 93
2 2 27 93
5 2 15 93
2 3 13 93
6 2 17 93
7 2 17 93
5 2 16 93
4 2 1 93
4 2 13 94
6 2 1 94
5 2 12 95
1 2 11 95
2 2 9 95
1 2 3 95
4 2 4 93
6 3 68 92
4 3 67 92
7 4 45 92
6 3 40 92
7 2 37 92
8 2 33 92
1 2 60 92
8 2 57 92
3 4 40 92
5 2 48 92
4 2 44 92
2 2 44 92
3 2 52 92
1 2 45 92
7 2 26 92
7 3 23 92
4 2 34 92
2 3 34 92
5 2 24 92
1 2 17 92
6 2 21 93
3 2 21 93
6 2 20 93
2 2 18 93
5 2 31 92
2 2 31 92
7 4 39 92
1 5 35 92
3 2 30 92
7 2 23 92
8 2 17 92
1 2 22 92
6 4 12 92
3 2 13 93
7 2 13 93
4 2 9 92
6 2 11 93
2 3 24 92
5 2 16 92
2 2 14 92
4 2 13 92
8 3 13 92
5 2 20 92
6 2 17 92
4 2 16 92
7 2 12 92
1 2 12 93
3 2 12 93
3 2 14 92
4 2 12 92
2 3 10 92
3 2 1 92
7 2 10 93
6 2 3 93
1 2 4 94
6 2 56 91
2 2 44 91
2 3 49 91
5 2 41 91
5 2 42 91
4 2 42 91
7 2 38 91
7 3 35 91
7 2 28 91
5 2 35 91
2 3 32 91
4 3 24 91
6 3 22 91
8 3 22 91
4 2 21 91
8 2 18 91
5 4 16 91
8 2 2 91
1 3 77 90
4 2 70 90
8 2 66 90
1 2 56 90
1 2 65 90
8 2 52 90
4 2 52 90
5 4 67 90
2 3 65 90
5 2 61 90
3 3 51 90
4 3 46 90
7 2 43 90
8 2 57 90
6 2 49 90
3 3 43 90
2 2 43 90
7 2 55 90
6 2 55 90
8 2 48 90
1 3 43 90
5 4 45 90
4 2 41 90
8 2 38 90
8 2 40 90
7 3 37 90
6 6 39 90
8 2 33 90
3 2 35 90
1 2 35 90
8 2 7 90
7 2 30 90
2 2 30 90
3 2 29 90
4 2 18 90
5 2 8 90
2 2 16 91
1 2 24 90
3 2 25 91
5 2 25 91
6 2 25 90
5 3 21 90
8 4 22 90
3 2 22 90
8 3 20 90
1 3 8 90
6 2 15 91
3 2 14 90
7 2 6 90
4 2 5 91
6 2 5 91
8 2 11 90
4 2 9 90
5 2 5 90
3 2 5 91
8 2 7 92
1 2 7 92
2 2 6 92
6 3 6 90
3 2 49 89
6 3 50 89
5 3 48 89
6 4 45 89
8 3 44 89
3 2 42 89
5 3 40 89
8 3 39 89
1 2 37 89
3 2 33 89
4 2 30 89
3 3 31 89
4 2 23 89
1 4 26 89
7 2 24 89
2 2 11 89
5 2 10 89
8 2 13 89
4 3 13 89
4 2 18 89
2 4 13 89
1 2 9 89
2 2 13 89
5 2 13 89
8 3 12 89
1 2 4 89
5 2 6 90
2 4 5 89
1 2 5 89
4 2 5 90
5 2 5 89
8 2 61 88
3 3 63 88
3 2 58 88
4 4 57 88
4 6 58 88
3 4 53 88
3 3 55 88
8 2 50 88
7 2 49 88
1 2 44 88
3 3 43 88
2 3 45 88
6 2 45 88
7 3 41 88
2 3 37 88
6 3 30 88
6 2 31 88
7 2 30 88
4 2 30 88
8 2 31 88
1 2 18 88
2 2 30 88
2 3 23 88
7 2 25 88
7 2 23 88
1 2 24 88
6 2 24 88
5 2 22 88
6 2 20 88
1 3 20 88
6 2 15 88
3 3 10 88
8 2 4 88
1 2 2 88
8 2 8 88
3 2 65 87
7 2 63 87
7 3 68 87
5 2 68 87
6 3 58 87
6 5 65 87
2 3 64 87
5 2 58 87
7 3 62 87
4 4 61 87
5 2 51 87
2 2 57 87
3 2 50 87
2 2 43 87
6 2 38 87
7 3 37 87
8 3 34 87
5 2 49 87
7 2 39 87
4 2 39 87
2 3 43 87
1 2 43 87
8 2 38 87
7 2 32 87
2 2 25 87
5 2 29 87
3 2 23 87
5 2 19 87
1 2 27 87
4 2 23 87
3 2 18 87
7 3 16 87
4 2 26 87
6 2 21 87
8 2 18 87
6 3 8 87
5 2 10 88
3 2 9 88
2 3 10 87
1 2 12 87
4 2 12 87
1 3 15 87
5 2 11 87
8 2 10 87
1 2 9 87
7 2 54 86
1 3 53 86
3 2 53 86
2 2 51 86
6 2 42 86
3 2 40 86
1 3 41 86
7 2 45 86
4 2 43 86
3 2 43 86
7 2 38 86
5 2 37 86
3 4 36 86
8 3 31 86
5 2 24 86
2 2 30 86
4 2 26 86
3 2 23 86
3 2 20 86
3 6 17 86
2 2 2 86
6 2 11 87
7 2 10 87
3 2 7 87
5 2 5 87
2 2 7 88
4 3 5 88
1 2 3 87
5 2 3 87
5 2 13 86
7 2 5 86
1 2 9 86
4 2 80 85
3 4 79 85
1 3 71 85
2 3 74 85
1 2 67 85
3 2 54 85
8 2 52 85
5 2 52 85
4 3 59 85
5 2 69 85
1 2 59 85
8 2 62 85
3 2 58 85
1 2 53 85
8 2 53 85
6 4 52 85
3 2 53 85
1 3 50 85
7 2 52 85
7 2 48 85
8 2 46 85
5 3 45 85
4 3 43 85
1 3 38 85
1 2 35 85
8 3 34 85
7 2 25 85
7 3 19 85
5 2 33 85
5 2 31 85
4 2 29 85
8 4 24 85
2 3 27 85
4 3 24 85
7 6 15 85
5 2 9 85
1 2 5 85
5 3 13 85
1 2 11 85
6 2 9 85
1 2 65 84
8 2 64 84
7 2 63 84
2 2 59 84
6 4 55 84
4 3 54 84
2 2 52 84
7 3 46 84
2 2 48 84
4 2 45 84
1 2 46 84
5 3 32 84
6 3 31 84
6 2 42 84
4 3 40 84
2 2 40 84
3 2 41 84
7 2 39 84
4 3 38 84
7 2 35 84
2 2 31 84
2 3 27 84
2 2 23 84
7 2 20 84
5 4 27 84
5 2 29 84
3 2 19 84
2 2 14 84
8 2 16 85
4 2 21 84
8 2 10 84
8 2 20 85
4 2 13 85
6 2 13 85
8 2 11 85
6 3 16 84
7 3 16 84
4 3 5 84
4 2 9 85
6 2 6 85
3 2 8 84
7 2 7 84
2 2 6 84
8 2 5 84
3 2 58 83
1 3 51 83
2 3 55 83
8 3 54 83
7 2 51 83
8 5 46 83
5 2 49 83
4 2 43 83
8 2 41 83
4 2 40 83
7 2 39 83
4 2 32 83
6 2 31 83
1 2 24 83
1 3 22 83
4 2 39 83
2 2 38 83
2 2 35 83
1 2 25 83
3 2 22 83
1 2 16 83
5 3 16 83
3 3 26 83
8 3 24 83
6 2 27 83
2 4 24 83
3 4 26 83
8 2 26 83
2 2 22 83
5 2 19 83
2 2 18 83
2 3 14 83
4 2 12 83
6 3 12 83
2 2 21 83
5 3 8 83
1 2 18 83
7 2 15 83
7 3 12 83
1 4 6 83
6 2 52 82
7 2 48 82
6 2 39 82
1 2 34 82
2 2 25 82
6 3 23 82
1 2 33 82
1 2 21 82
4 2 17 82
5 2 28 82
1 2 27 82
4 2 18 82
4 2 13 82
2 2 33 82
5 2 33 82
7 2 24 82
3 2 13 82
5 2 12 82
6 2 12 83
7 2 28 82
8 2 24 82
2 2 16 82
5 3 15 82
8 2 11 82
6 2 5 82
5 2 11 83
6 2 2 82
3 3 71 81
4 2 71 81
1 2 65 81
2 2 65 81
7 2 61 81
6 3 55 81
2 2 47 81
2 2 45 81
5 2 43 81
4 3 43 81
4 2 50 81
7 2 40 81
5 2 38 81
4 4 37 81
2 4 51 81
3 2 43 81
7 2 41 81
5 12 41 81
3 2 47 81
8 2 46 81
1 2 40 81
4 4 42 81
8 2 39 81
2 3 30 81
7 2 32 81
4 3 27 81
8 2 26 81
1 2 33 81
1 2 26 81
4 2 24 81
7 3 22 81
5 2 29 81
2 2 26 81
5 2 20 81
7 2 25 81
6 2 24 81
8 2 21 81
4 2 17 81
1 2 20 82
3 2 20 81
3 3 17 81
1 2 15 81
6 3 14 82
7 3 3 81
8 2 11 82
7 2 9 82
6 2 10 83
1 2 9 83
2 3 9 82
5 2 3 82
4 4 60 80
5 2 59 80
6 2 51 80
8 2 50 80
4 3 52 80
7 2 52 80
1 2 50 80
3 2 47 80
5 2 47 80
8 3 45 80
1 2 43 80
6 2 38 80
5 2 37 80
8 2 35 80
4 2 34 80
3 2 34 80
5 2 28 80
4 2 35 80
5 3 32 80
3 4 22 80
8 2 21 80
4 2 19 80
2 2 26 80
3 2 19 80
6 2 16 80
1 2 9 80
5 5 9 80
3 2 21 80
8 2 21 80
7 2 18 80
1 3 18 80
2 4 13 80
3 2 5 80
7 2 7 80
8 2 4 80
6 2 10 80
1 2 9 80
4 4 2 80
2 3 65 79
8 3 62 79
4 2 58 79
4 2 45 79
1 2 38 79
8 3 31 79
3 2 29 79
1 4 28 79
7 2 9 79
2 3 34 79
3 2 48 79
5 2 46 79
4 2 42 79
8 3 29 79
6 2 19 79
4 2 73 78
1 3 72 78
4 2 74 78
5 2 62 78
2 2 62 78
7 2 70 78
2 2 46 78
6 2 42 78
6 2 46 79
3 2 46 79
8 2 45 79
2 2 64 78
3 5 58 78
3 6 53 78
2 2 50 78
7 2 46 78
7 2 58 78
3 2 57 78
1 3 45 78
2 2 52 78
5 2 36 78
6 2 37 79
8 3 50 78
5 2 45 78
2 2 40 78
8 2 36 78
1 2 42 79
6 2 39 79
4 2 41 78
7 2 39 78
1 2 35 78
5 2 38 79
7 3 33 78
2 3 34 78
6 3 29 78
4 2 30 78
3 2 22 78
7 2 26 79
3 2 26 79
1 2 29 78
7 2 21 78
1 2 20 78
5 2 27 79
4 2 27 79
4 3 19 78
2 2 25 79
5 5 20 78
8 2 15 78
8 2 6 78
6 4 19 78
6 3 4 78
7 2 17 79
1 2 17 79
7 2 16 79
7 3 9 79
2 4 11 78
6 2 56 77
7 2 54 77
8 2 51 77
4 2 47 77
3 2 41 77
8 2 40 77
4 2 44 77
6 3 33 77
7 4 32 77
7 2 26 77
7 2 33 77
4 2 27 77
3 7 24 77
4 2 32 77
6 2 20 77
3 2 32 77
7 2 22 77
7 2 19 77
1 3 10 77
1 2 27 77
5 3 16 77
2 2 25 77
8 2 12 77
3 2 9 77
2 2 12 78
8 4 8 78
4 2 11 79
5 2 11 78
6 3 16 77
2 2 15 77
4 3 7 77
6 2 6 77
3 3 14 77
7 3 5 77
8 2 5 78
5 2 5 78
2 2 5 79
3 2 6 80
5 2 6 80
1 3 4 78
7 2 4 79
4 2 4 79
8 2 4 80
6 2 4 79
4 2 4 77
6 2 6 77
1 2 57 76
8 2 55 76
2 2 52 76
5 2 51 76
2 4 42 76
7 3 41 76
3 3 37 76
1 2 35 76
2 2 33 76
4 2 25 76
4 2 32 76
5 4 25 76
2 2 25 76
5 3 23 76
2 2 17 76
4 2 14 76
6 3 29 76
5 3 13 76
7 2 24 76
8 2 9 76
8 2 19 76
3 2 19 76
5 2 18 76
5 2 11 76
7 3 11 76
3 2 15 76
1 2 15 76
8 2 2 76
2 2 2 77
3 2 12 76
3 3 2 76
1 4 10 76
7 2 2 76
4 2 1 76
2 2 64 75
4 5 63 75
5 2 58 75
7 2 56 75
4 2 40 75
8 2 40 75
4 2 53 75
3 2 53 75
3 2 35 75
2 2 49 75
2 2 31 75
8 2 46 75
2 2 35 75
1 2 27 75
4 2 42 75
5 3 37 75
7 2 41 75
5 2 38 75
1 2 36 75
8 3 34 75
4 2 25 75
7 2 30 75
3 2 30 75
7 2 23 75
5 2 23 75
5 2 14 75
6 3 12 75
4 2 19 75
4 2 10 75
4 2 8 75
2 2 15 75
8 4 12 75
7 3 12 75
2 2 7 75
5 2 7 76
6 2 14 75
2 2 14 75
1 2 11 75
5 4 10 75
4 2 10 75
3 2 4 75
2 3 67 74
7 3 60 74
3 3 62 74
8 2 60 74
6 2 60 74
2 2 60 74
7 2 55 74
6 2 47 74
4 3 55 74
1 2 50 74
7 2 50 74
2 3 49 74
2 4 46 74
7 2 48 74
4 2 41 74
6 2 41 74
1 3 36 74
3 2 39 74
3 2 37 74
5 3 37 74
8 3 34 74
5 6 26 74
5 5 28 74
2 2 29 74
1 2 26 74
1 4 24 74
4 2 27 74
8 2 26 74
2 2 26 74
6 2 24 74
7 2 20 74
2 2 16 74
7 3 10 74
2 2 14 74
1 2 8 74
6 2 6 74
6 2 59 73
7 2 53 73
3 3 52 73
7 2 57 73
5 2 57 73
5 2 52 73
2 2 43 73
4 5 41 73
6 2 40 73
7 2 50 73
6 2 47 73
3 2 40 73
2 2 38 73
4 2 41 73
7 3 40 73
1 2 37 73
1 2 25 73
1 5 38 73
7 2 37 73
1 2 29 73
7 3 27 73
3 2 24 73
6 3 31 73
8 2 31 73
4 3 25 73
3 2 28 73
5 2 27 73
1 2 23 73
5 2 22 73
4 3 22 73
6 2 22 73
4 2 15 73
3 4 14 74
2 2 8 73
4 2 7 73
3 2 10 74
8 2 10 74
7 3 10 73
8 2 3 73
2 2 2 73
8 2 4 74
2 3 60 72
8 2 59 72
8 2 57 72
1 3 59 72
7 4 58 72
5 4 52 72
3 2 51 72
7 5 51 72
2 4 41 72
8 2 35 72
5 2 43 72
1 2 42 72
5 2 30 72
8 4 30 72
8 3 26 72
8 2 33 72
7 2 33 72
5 2 43 72
8 2 41 72
3 2 38 72
2 2 36 72
2 6 33 72
3 2 33 72
3 2 30 72
5 2 15 72
5 2 11 72
8 3 7 72
1 2 31 72
3 2 21 72
3 3 19 72
8 4 15 72
1 2 13 72
2 2 12 72
8 2 9 72
2 5 54 71
1 2 48 71
5 2 50 71
7 3 40 71
7 3 43 71
4 4 41 71
8 2 42 71
4 2 36 71
7 2 35 71
2 2 28 71
6 2 37 71
2 2 32 71
7 2 26 71
6 9 25 71
4 2 23 72
3 2 30 71
7 2 28 71
8 2 24 71
2 3 23 71
1 2 16 71
4 2 7 71
7 2 15 72
7 2 60 70
4 2 58 70
1 2 58 70
2 3 60 70
8 2 56 70
5 2 52 70
6 5 50 70
5 2 52 70
3 3 51 70
7 2 49 70
1 2 48 70
1 2 41 70
7 2 41 70
1 2 39 70
4 3 36 70
3 2 30 70
4 3 41 70
4 3 21 70
5 2 24 71
5 2 20 70
8 2 20 70
4 2 24 71
1 2 25 70
3 2 25 70
8 2 16 70
3 2 20 70
2 2 20 70
5 3 17 70
8 2 17 71
4 2 18 72
1 2 18 71
3 3 13 70
5 2 16 71
2 2 17 72
2 2 13 70
8 2 73 69
1 2 70 69
2 3 66 69
3 2 34 69
3 2 43 69
1 2 33 69
5 2 61 69
6 2 58 69
4 2 58 69
3 2 62 69
4 3 48 69
8 3 36 69
7 3 58 69
8 2 57 69
1 3 54 69
4 2 56 69
8 3 51 69
2 2 51 69
5 2 48 69
4 2 42 69
6 2 29 69
3 3 46 69
7 2 47 69
8 3 40 69
8 3 29 69
8 2 41 69
6 2 41 69
4 2 40 69
2 6 25 69
7 3 20 69
6 2 31 69
1 2 20 69
1 3 18 69
3 2 20 69
2 2 19 69
1 2 19 69
5 3 22 69
7 3 21 69
7 2 11 69
8 2 10 70
4 2 11 69
6 4 10 69
5 3 7 69
6 3 11 70
3 2 15 71
6 2 17 72
6 2 15 72
7 2 16 71
1 3 6 70
2 2 6 71
5 2 9 72
6 2 8 72
6 2 6 71
5 3 7 72
2 2 7 70
4 3 1 69
7 2 6 70
7 2 4 70
4 2 5 71
1 2 5 72
5 2 3 70
2 4 52 68
7 2 49 68
5 2 49 68
4 2 47 68
6 2 44 68
1 2 44 68
6 2 43 68
1 3 41 68
1 2 39 68
6 2 36 68
5 2 35 68
2 4 34 68
6 4 32 68
7 2 30 68
5 2 20 68
2 2 27 68
1 2 26 68
4 3 25 68
4 3 18 68
3 3 22 68
6 5 16 68
3 5 11 68
7 2 11 68
8 4 10 68
3 2 5 68
7 3 2 68
2 2 2 68
8 2 1 69
1 2 4 68
7 4 70 67
5 2 62 67
3 2 63 67
6 2 63 67
4 2 61 67
2 4 60 67
3 3 59 67
7 2 52 67
1 2 58 67
5 4 51 67
4 3 48 67
7 2 47 67
8 2 46 67
5 2 34 67
6 2 33 67
3 2 47 67
1 5 32 67
2 2 40 67
6 2 34 67
4 2 33 67
2 3 18 67
8 7 31 67
7 2 25 67
1 2 23 67
7 2 20 67
7 4 18 67
3 3 21 67
4 2 31 67
8 2 21 67
2 2 19 67
3 7 12 67
4 5 17 67
8 2 28 67
7 4 27 67
7 3 12 67
8 4 11 67
2 2 14 67
3 3 9 67
1 2 8 67
5 2 8 67
6 2 10 67
3 2 49 66
6 2 41 66
3 3 39 66
2 4 39 66
7 2 40 66
3 2 34 66
5 2 33 66
1 2 32 66
7 2 31 66
5 2 29 66
1 5 28 66
4 3 26 66
6 2 34 66
4 3 31 66
6 3 26 66
2 2 19 66
1 2 18 66
3 3 17 66
8 2 16 66
4 2 14 66
2 2 22 66
1 2 22 66
1 3 6 66
6 2 11 67
8 2 11 67
5 2 10 67
8 2 9 67
1 2 9 66
4 4 5 66
7 2 7 67
3 2 6 66
8 2 6 67
5 2 8 66
7 2 5 66
5 2 65 65
8 2 61 65
7 2 58 65
5 2 58 65
8 2 49 65
6 2 46 65
3 2 43 65
7 2 37 65
7 3 49 65
1 2 52 65
5 2 25 65
1 6 47 65
3 5 28 65
6 4 44 65
8 2 40 65
1 2 28 65
3 2 23 65
5 5 21 65
7 2 24 65
8 3 16 65
5 2 35 65
8 2 35 65
3 2 31 65
4 2 31 65
7 2 30 65
6 2 29 65
8 3 24 65
1 2 17 65
7 2 17 65
5 2 9 65
5 2 5 65
2 2 17 65
3 2 17 65
1 2 12 65
3 2 62 64
2 3 56 64
7 2 58 64
6 2 56 64
8 2 55 64
1 2 54 64
3 2 50 64
4 2 51 64
4 2 48 64
1 2 46 64
2 2 43 64
5 3 31 64
7 2 34 64
2 2 26 64
3 2 36 64
4 2 32 64
4 2 25 64
1 2 24 64
1 2 17 64
8 2 35 64
5 2 35 64
2 2 13 64
7 3 22 64
3 2 29 64
6 3 29 64
5 3 16 64
4 2 7 64
8 2 4 64
6 2 13 65
7 3 5 65
8 3 13 64
4 3 14 65
1 4 5 64
2 2 66 63
6 2 62 63
1 2 60 63
2 2 55 63
5 2 49 63
1 3 54 63
5 3 50 63
3 2 50 63
3 3 53 63
6 2 46 63
4 2 50 63
5 3 44 63
8 2 45 63
7 4 36 63
6 2 31 63
4 2 39 63
6 2 38 63
7 3 36 63
5 2 31 63
6 2 28 63
5 2 35 63
3 2 33 63
1 2 33 63
8 2 32 63
4 7 24 63
3 5 20 63
5 2 5 63
4 2 10 64
8 2 12 65
2 2 12 64
6 3 13 64
1 2 13 64
8 2 12 64
4 2 5 64
3 2 9 63
1 2 8 63
2 3 2 63
5 3 17 63
1 2 16 63
6 3 2 63
3 2 6 64
8 2 13 63
2 2 12 63
2 2 65 62
1 4 45 62
8 3 44 62
2 2 58 62
3 2 54 62
4 2 53 62
2 2 42 62
3 2 41 62
6 2 45 62
5 2 45 62
1 4 41 62
6 2 39 62
3 2 35 62
4 2 34 62
6 3 42 62
8 2 39 62
5 2 39 62
5 3 30 62
4 2 38 62
8 2 30 62
5 2 31 62
6 5 26 62
6 2 18 62
2 3 29 62
7 3 21 62
6 2 9 62
2 4 6 62
5 2 6 63
6 2 19 62
1 3 15 62
2 2 15 62
4 2 12 62
3 2 12 62
3 3 14 62
8 2 14 62
3 5 9 62
6 2 6 62
4 2 7 63
1 2 8 64
7 3 8 63
8 2 2 62
5 2 4 63
3 2 61 61
8 2 58 61
7 3 55 61
2 3 52 61
4 2 54 61
7 4 37 61
8 2 32 61
1 2 41 61
6 3 29 61
7 2 29 61
8 2 39 61
6 3 30 61
8 2 29 61
1 3 26 61
7 2 31 61
3 2 27 61
7 2 21 61
1 2 16 61
7 2 16 61
3 2 27 61
1 3 22 61
7 7 13 61
4 4 23 61
5 4 24 61
8 3 19 61
7 2 19 61
2 3 12 61
2 2 8 61
4 4 16 61
8 2 14 61
4 2 7 61
7 2 13 61
7 2 4 61
7 2 6 61
2 2 6 62
5 2 62 60
6 3 54 60
2 2 53 60
1 2 52 60
3 2 52 60
6 2 57 60
2 2 36 60
3 2 50 60
5 2 45 60
6 2 33 60
3 2 32 60
8 2 32 60
7 3 38 60
6 2 38 60
4 4 33 60
4 2 44 60
6 2 39 60
5 3 30 60
8 2 34 60
6 2 31 60
4 4 23 60
5 2 30 60
6 2 23 60
2 4 24 60
6 2 16 60
5 2 19 60
1 2 12 60
4 3 11 60
4 2 27 60
2 2 27 60
1 2 22 60
4 3 21 60
6 2 15 60
1 2 9 60
1 2 10 61
2 3 12 60
3 2 10 60
5 2 8 60
8 2 9 61
2 2 7 61
2 3 13 60
8 3 6 60
1 2 5 61
3 2 6 62
6 2 5 61
5 2 9 60
1 2 2 60
5 2 3 61
7 3 49 59
6 3 45 59
5 3 49 59
3 2 49 59
2 2 43 59
4 2 42 59
4 3 35 59
2 2 42 59
3 2 30 59
1 2 27 59
7 2 27 59
6 2 35 59
7 3 33 59
4 3 29 59
3 2 30 59
8 2 18 59
8 4 23 59
2 2 23 59
7 2 23 59
8 2 20 59
5 2 20 59
3 2 15 59
7 2 14 59
6 2 14 59
7 3 13 59
1 4 18 59
6 2 8 59
4 3 12 59
2 2 12 59
3 2 11 59
5 3 2 59
3 2 6 60
4 2 6 59
1 2 5 60
2 2 6 59
6 3 5 59
2 2 3 59
7 2 59 58
6 3 57 58
5 2 57 58
4 3 56 58
2 6 46 58
1 3 52 58
3 3 51 58
5 4 43 58
3 4 46 58
1 3 42 58
4 2 41 58
7 2 44 58
1 2 37 58
6 2 41 58
5 2 34 58
4 4 38 58
8 2 31 58
3 2 31 58
7 2 34 58
5 4 8 58
2 3 24 58
1 2 27 58
7 2 18 58
4 2 5 58
3 2 12 58
4 3 64 57
4 3 58 57
3 4 64 57
5 2 62 57
6 4 57 57
8 3 57 57
2 3 47 57
5 4 54 57
1 4 56 57
6 5 54 57
8 2 56 57
7 2 53 57
4 2 39 57
6 2 36 57
2 2 37 57
7 2 36 57
1 2 32 57
8 3 34 57
8 2 44 57
7 2 40 57
6 2 40 57
3 2 34 57
5 2 35 57
8 5 31 57
2 2 34 57
2 2 32 57
3 5 30 57
7 2 30 57
1 6 19 57
5 2 25 57
4 2 19 57
1 3 15 57
6 2 15 58
2 2 12 57
2 2 20 58
4 2 16 58
8 2 16 57
1 3 11 57
7 2 13 57
2 2 12 57
2 2 16 58
6 2 12 58
2 3 7 57
4 2 13 58
2 4 4 57
5 2 1 57
8 2 2 58
7 2 2 59
1 2 1 58
7 2 2 57
2 3 49 56
5 2 49 56
5 2 46 56
3 3 36 56
1 4 42 56
5 4 35 56
4 2 32 56
3 2 31 56
5 2 30 56
6 2 23 56
6 2 33 56
4 2 26 56
8 2 20 56
3 3 32 56
1 3 29 56
7 3 28 56
4 2 28 56
7 3 23 56
2 2 25 56
1 2 18 56
5 4 9 56
3 2 19 56
6 2 19 56
7 2 64 55
5 2 62 55
5 2 57 55
6 2 60 55
8 3 57 55
7 2 49 55
5 4 39 55
4 2 56 55
3 2 53 55
6 4 51 55
4 2 51 55
8 2 49 55
8 8 45 55
8 3 42 55
1 3 45 55
6 2 44 55
8 2 31 55
2 2 31 55
2 2 41 55
4 2 30 55
3 2 29 55
2 3 27 55
1 2 27 55
5 2 38 55
6 4 26 55
6 3 32 55
3 2 32 55
4 2 27 55
3 5 23 55
4 2 27 55
5 2 23 55
2 2 20 55
8 3 6 55
3 2 16 56
5 3 16 56
8 2 13 56
8 2 8 56
6 2 8 56
3 2 5 55
6 3 4 55
1 4 62 54
6 2 62 54
3 2 61 54
2 2 59 54
2 2 55 54
8 2 54 54
7 5 49 54
8 2 49 54
6 2 49 54
5 2 45 54
2 2 43 54
1 3 39 54
1 3 43 54
8 2 34 54
5 2 37 54
7 2 26 54
8 2 20 54
8 3 17 54
6 2 30 54
5 2 25 54
1 2 22 54
6 2 20 54
3 3 9 54
7 2 25 54
8 2 19 54
7 2 66 53
4 2 65 53
8 5 57 53
2 2 53 53
2 4 51 53
4 2 54 53
6 3 49 53
1 2 58 53
2 2 46 53
5 2 43 53
1 4 36 53
7 8 44 53
7 2 47 53
4 4 44 53
3 2 36 53
7 2 31 53
8 2 31 53
2 2 33 53
3 4 30 53
2 2 27 53
2 2 35 53
8 2 34 53
5 2 24 53
3 3 37 53
7 2 30 53
5 2 28 53
3 2 28 53
8 2 29 53
7 2 21 53
1 2 21 53
4 2 16 53
4 2 18 54
7 2 16 54
1 2 16 54
6 2 17 55
2 2 15 54
6 3 15 53
8 2 22 53
5 2 18 53
1 2 18 53
2 2 17 53
5 2 17 53
7 2 15 53
5 2 13 53
2 2 9 53
6 2 57 52
7 2 55 52
2 2 50 52
4 2 47 52
5 3 38 52
1 3 49 52
1 3 46 52
8 2 46 52
6 2 36 52
1 3 34 52
4 2 32 52
5 3 43 52
4 6 21 52
1 2 38 52
8 2 13 52
6 2 13 52
3 2 12 52
7 2 78 51
5 2 69 51
4 2 65 51
2 3 61 51
4 2 73 51
7 2 65 51
6 4 60 51
5 2 57 51
4 2 67 51
1 2 62 51
6 2 62 51
7 2 58 51
3 2 48 51
2 2 48 51
4 4 50 51
7 3 49 51
6 3 39 51
8 3 38 51
6 3 46 51
2 2 44 51
4 2 43 51
5 2 39 51
6 4 36 51
1 4 44 51
7 2 44 51
1 3 37 51
7 2 35 51
3 2 35 51
5 2 38 51
2 3 38 51
4 2 39 51
5 2 31 51
3 2 33 52
2 3 35 51
6 2 29 51
7 2 31 52
8 2 31 51
1 3 28 51
5 2 25 51
4 3 25 52
7 2 25 52
2 3 19 51
1 2 16 51
2 2 12 51
4 2 12 52
3 2 8 51
2 2 12 52
6 2 12 52
1 2 8 52
4 2 10 53
8 2 10 54
4 2 8 52
7 2 11 52
6 2 11 52
5 5 17 51
5 2 51 50
6 2 50 50
4 3 51 50
5 2 47 50
7 2 45 50
4 2 44 50
6 2 34 50
8 4 33 50
8 2 40 50
2 3 31 50
3 2 31 50
8 2 29 50
5 2 33 50
2 2 29 50
3 2 27 50
2 2 18 50
7 4 28 50
6 2 14 50
3 2 14 50
1 2 17 50
2 2 8 50
8 2 8 50
4 2 20 50
8 2 19 50
6 2 15 50
7 2 15 50
5 2 15 51
7 2 12 50
3 3 12 51
2 3 12 50
6 2 11 50
4 3 7 50
6 2 4 50
1 2 2 50
5 2 66 49
7 2 65 49
5 2 60 49
7 2 54 49
5 3 52 49
7 2 43 49
7 3 40 49
4 2 38 49
2 3 45 49
1 2 57 49
5 2 34 49
8 3 49 49
4 2 49 49
1 4 50 49
6 3 39 49
2 2 32 49
2 2 33 49
8 2 33 49
4 7 30 49
3 2 31 49
7 2 31 49
8 2 40 49
6 2 28 49
1 2 21 49
4 4 36 49
1 3 27 49
8 4 27 49
3 4 20 49
2 2 20 49
8 3 9 49
3 2 22 49
1 2 17 49
1 4 5 49
5 4 19 49
7 2 6 49
4 3 1 49
2 2 21 49
7 3 20 49
5 2 4 49
7 3 39 48
7 2 51 48
6 2 41 48
1 2 41 48
3 3 44 48
8 2 45 48
7 2 44 48
7 4 41 48
5 2 41 48
2 2 40 48
6 5 30 48
4 2 15 48
2 2 18 49
6 2 36 48
3 2 34 48
7 6 25 48
2 2 25 48
2 6 31 48
4 2 10 48
1 5 10 49
6 4 9 49
5 2 10 49
3 2 25 48
5 2 23 48
4 3 15 48
1 2 10 48
7 2 8 48
7 9 13 48
2 2 5 48
7 2 14 49
6 2 14 49
3 2 11 49
3 2 9 49
5 4 8 49
6 4 3 48
4 2 6 49
3 2 2 48
3 2 3 49
5 2 2 49
6 4 57 47
3 2 59 47
5 2 59 47
5 2 56 47
3 4 54 47
4 2 52 47
7 2 39 47
1 3 37 47
6 2 47 47
7 2 34 47
8 2 40 47
8 2 33 47
2 3 30 47
1 3 40 47
2 3 39 47
6 2 25 47
8 2 36 47
3 2 30 47
2 2 28 47
7 2 23 47
1 2 23 47
1 2 10 47
5 2 14 47
4 2 14 47
6 3 20 47
5 5 23 47
3 2 21 47
3 2 17 47
1 3 12 47
8 5 12 47
7 2 17 47
4 2 9 47
8 2 8 47
4 2 15 47
6 2 7 47
3 2 12 47
1 2 5 47
3 2 60 46
7 2 58 46
8 2 56 46
4 2 55 46
7 2 52 46
2 3 51 46
6 2 50 46
1 3 48 46
2 2 45 46
5 2 42 46
5 2 40 46
5 2 36 46
5 2 26 46
6 2 39 46
3 2 37 46
2 4 32 46
4 2 33 46
6 3 32 46
1 2 29 46
2 2 27 46
8 2 26 46
6 2 23 46
4 2 23 46
7 3 23 46
1 4 17 46
8 2 19 46
3 2 8 46
8 2 4 46
1 3 69 45
7 3 66 45
8 3 64 45
8 2 60 45
3 4 56 45
7 2 52 45
7 2 43 45
1 2 36 45
8 2 30 45
1 3 29 45
2 3 40 45
6 2 44 45
7 2 40 45
7 3 27 45
5 2 30 45
5 2 25 45
3 2 24 45
5 3 39 45
8 2 33 45
7 2 32 45
4 2 10 45
2 2 16 46
4 3 16 46
1 2 32 45
8 2 30 45
6 4 26 45
2 2 25 45
4 3 23 45
2 2 21 45
4 4 7 45
2 2 7 46
2 2 9 47
6 2 6 45
8 2 7 46
5 2 12 45
7 2 3 45
1 2 9 46
7 2 4 46
4 2 7 47
1 2 12 45
6 2 7 45
3 3 63 44
1 2 60 44
3 2 59 44
4 3 53 44
5 2 58 44
1 2 52 44
4 2 57 44
2 2 56 44
8 2 51 44
7 6 49 44
6 3 44 44
6 2 33 44
4 2 37 44
4 2 29 44
8 2 29 44
3 2 42 44
2 2 28 44
8 5 40 44
6 2 38 44
4 2 33 44
8 2 16 44
3 4 15 44
2 3 14 44
2 3 33 44
6 2 26 44
3 2 26 44
5 2 26 44
1 3 7 44
5 2 8 45
7 2 1 44
3 2 11 45
2 2 23 44
4 4 65 43
5 4 60 43
3 4 65 43
6 4 58 43
3 2 58 43
1 3 61 43
8 2 57 43
3 2 54 43
5 3 54 43
4 2 53 43
5 3 51 43
1 2 50 43
3 2 48 43
5 2 46 43
4 2 46 43
1 3 44 43
8 2 45 43
2 2 43 43
8 2 36 43
8 3 40 43
4 2 39 43
5 2 31 43
3 5 37 43
1 3 35 43
5 2 35 43
5 2 32 43
7 4 28 43
7 2 31 43
7 2 29 43
8 2 25 43
7 2 23 43
2 3 25 43
1 2 23 43
6 2 19 43
3 2 21 43
1 3 16 43
4 2 14 43
7 4 6 43
6 2 9 44
7 2 9 44
2 2 15 43
7 2 11 43
1 2 10 43
4 2 10 43
6 2 10 43
1 2 7 43
8 2 7 44
6 2 7 44
1 2 14 45
2 2 7 43
6 4 49 42
2 3 43 42
8 2 47 42
5 2 39 42
3 2 37 42
1 2 39 42
5 2 39 42
8 2 35 42
2 2 32 42
1 2 35 42
6 3 29 42
7 2 34 42
1 2 29 42
5 2 28 42
5 2 25 42
5 2 30 42
4 4 23 42
4 3 17 42
4 2 25 42
4 4 14 42
7 3 10 42
3 2 12 42
3 7 10 42
2 3 11 42
7 2 11 42
6 2 9 42
8 2 5 42
5 3 5 43
1 2 4 43
2 2 5 42
4 4 3 42
8 2 5 42
8 2 3 42
6 2 54 41
5 3 52 41
6 2 50 41
6 2 47 41
7 2 46 41
8 2 44 41
1 4 38 41
4 2 46 41
8 3 37 41
3 2 41 41
4 2 34 41
6 2 33 41
3 2 33 41
7 2 32 41
4 2 32 41
6 4 31 41
2 3 19 41
5 5 29 41
8 2 24 41
7 2 15 41
8 2 14 41
2 2 12 41
6 2 81 40
6 2 77 40
1 2 77 40
4 3 72 40
5 2 73 40
3 3 68 40
8 2 72 40
3 3 52 40
8 2 61 40
2 2 55 40
5 3 37 40
1 2 56 40
6 2 53 40
8 2 53 40
5 2 57 40
2 3 46 40
8 2 41 40
1 3 38 40
7 2 57 40
2 2 51 40
3 2 35 40
5 2 32 40
4 2 40 40
2 2 32 40
1 7 31 40
1 4 43 40
4 2 43 40
8 2 36 40
4 2 23 40
8 2 22 41
6 2 37 40
3 5 30 40
3 4 37 40
7 2 24 40
6 2 18 40
7 2 25 41
3 4 15 40
7 2 23 41
8 2 14 41
6 3 14 41
6 2 19 41
2 2 17 41
4 2 14 41
3 2 22 40
5 3 18 40
5 2 19 40
2 2 7 40
4 2 8 41
3 2 8 41
1 3 7 41
8 2 13 41
1 2 11 41
3 2 8 41
5 3 6 41
1 3 2 40
1 2 7 41
5 2 7 40
1 2 2 40
1 2 43 39
3 3 48 39
4 3 45 39
8 4 46 39
4 2 37 39
7 2 30 39
1 3 43 39
1 2 40 39
7 2 37 39
2 2 26 39
4 3 25 39
5 2 36 39
8 2 30 39
7 5 27 39
8 3 26 39
2 2 31 39
6 2 31 39
3 2 28 39
8 3 22 39
8 4 30 39
6 2 23 39
4 2 14 39
5 2 13 39
7 2 11 39
7 2 24 39
1 4 14 39
2 2 10 39
1 3 63 38
4 3 53 38
5 2 49 38
5 2 52 38
2 2 43 38
2 2 36 38
6 2 32 38
8 3 46 38
6 2 48 38
4 4 46 38
5 2 44 38
7 3 43 38
6 2 43 38
3 2 31 38
4 2 31 38
5 2 38 38
7 2 38 38
5 4 30 38
7 2 29 38
2 8 22 38
2 2 19 38
3 2 20 39
6 4 24 38
1 2 23 38
3 3 16 38
3 2 23 38
4 3 22 38
4 2 20 38
5 2 20 39
1 2 76 37
6 2 68 37
4 2 67 37
8 3 66 37
3 3 60 37
5 2 58 37
7 3 52 37
2 2 52 37
8 2 51 37
2 2 48 37
1 3 45 37
7 2 57 37
8 2 56 37
2 2 55 37
3 2 55 37
7 3 54 37
5 2 45 37
7 5 44 37
3 5 41 37
2 2 45 37
1 2 43 37
2 5 39 37
8 2 27 37
3 3 32 37
6 2 33 37
1 2 26 37
5 4 30 37
2 5 30 37
8 2 28 37
2 6 22 37
4 2 16 37
1 2 16 38
2 2 16 39
7 3 17 38
8 2 16 38
6 2 16 38
7 5 7 37
5 2 8 38
6 2 9 39
1 2 12 38
5 2 6 38
7 2 9 39
3 2 8 39
3 4 5 37
1 2 3 37
3 2 8 37
4 2 8 38
2 2 1 37
7 2 2 38
7 2 6 39
3 2 5 39
6 2 4 39
4 2 4 40
5 2 9 37
4 5 55 36
4 2 46 36
3 2 51 36
5 2 50 36
7 2 47 36
8 4 45 36
6 2 46 36
4 2 46 36
5 6 42 36
2 4 42 36
8 2 38 36
1 2 35 36
6 2 35 36
5 3 32 36
4 2 32 36
6 3 31 36
7 2 30 36
1 2 30 36
7 2 27 36
8 2 25 36
6 2 22 36
7 3 21 36
6 3 15 36
1 2 13 36
8 2 12 36
3 2 11 36
6 2 12 36
2 2 8 36
5 2 11 37
6 3 7 36
7 2 7 37
8 3 6 36
3 2 7 37
1 2 6 37
2 2 5 36
8 2 4 36
7 2 4 37
4 3 2 36
5 2 57 35
5 2 50 35
6 5 45 35
2 6 45 35
4 2 41 35
6 3 37 35
5 2 41 35
6 2 32 35
5 2 31 35
3 2 30 35
1 2 29 35
5 3 27 35
6 2 29 35
1 2 29 35
8 2 23 35
3 2 19 35
8 5 18 35
8 2 25 35
8 2 15 35
1 4 11 35
8 2 24 35
8 2 20 35
4 3 19 35
1 2 19 35
6 3 18 35
4 2 18 35
5 3 4 35
5 2 15 35
3 2 14 35
5 3 11 35
2 2 12 35
3 2 2 35
7 2 1 36
2 2 66 34
6 2 65 34
3 2 54 34
5 2 50 34
1 2 44 34
8 2 57 34
3 2 55 34
4 2 51 34
6 2 51 34
5 3 44 34
1 2 49 34
8 2 48 34
8 2 43 34
7 3 35 34
4 3 32 34
8 2 30 34
6 3 33 34
1 2 29 34
4 2 40 34
4 3 34 34
8 2 41 34
1 3 37 34
3 2 34 34
3 3 37 34
7 3 35 34
5 2 35 34
3 2 29 34
3 2 24 34
7 2 19 34
8 2 27 34
7 2 16 34
7 2 27 34
2 3 19 34
7 2 10 34
8 2 8 34
1 5 8 34
4 2 13 34
3 2 13 34
4 2 7 34
2 2 7 35
3 4 6 35
1 2 11 34
3 2 57 33
7 3 49 33
2 3 45 33
8 2 53 33
4 3 38 33
3 2 32 33
6 2 30 33
4 2 48 33
5 4 45 33
1 2 38 33
2 2 29 33
1 3 27 33
6 3 24 33
1 2 30 33
5 2 22 33
7 3 18 33
6 2 29 33
5 2 18 33
4 2 18 33
2 3 27 33
4 2 24 33
8 2 16 33
5 4 13 33
8 5 12 33
7 2 12 33
1 2 5 33
5 2 11 34
2 2 11 34
6 2 7 34
8 2 5 33
5 3 5 34
3 2 9 33
7 2 9 33
6 3 12 33
1 4 12 33
8 3 8 33
1 2 7 33
4 2 4 33
8 2 5 34
2 3 3 34
4 2 2 33
7 5 58 32
5 2 58 32
1 8 54 32
2 2 54 32
3 2 53 32
5 2 51 32
1 2 48 32
3 4 44 32
8 2 46 32
6 3 41 32
1 2 43 32
4 2 42 32
8 2 34 32
7 3 33 32
6 3 39 32
3 2 38 32
2 3 37 32
5 2 33 32
1 2 34 32
6 3 32 32
7 2 30 32
7 2 24 32
3 4 27 32
2 2 27 32
8 2 23 32
5 2 25 32
4 4 23 32
7 5 16 32
3 4 20 32
2 2 64 31
6 2 62 31
8 2 61 31
1 2 59 31
8 3 52 31
4 2 50 31
6 2 49 31
5 2 47 31
5 2 44 31
5 2 35 31
3 2 30 31
5 2 23 31
3 2 23 31
6 2 44 31
3 2 38 31
3 3 35 31
1 2 35 31
8 2 33 31
2 5 21 31
2 2 34 31
6 2 28 31
2 2 24 31
7 5 23 31
7 2 13 31
4 2 19 32
5 3 27 31
1 2 27 31
7 2 24 31
4 3 13 31
1 2 13 32
3 2 12 32
5 3 21 31
5 4 12 31
6 2 18 32
5 2 3 31
7 2 15 32
3 2 15 32
5 2 14 32
3 2 6 32
1 6 10 31
7 2 56 30
4 2 59 30
4 2 49 30
5 2 45 30
7 2 45 30
5 3 53 30
1 2 51 30
2 3 51 30
3 2 49 30
8 5 42 30
4 4 41 30
1 2 46 30
6 3 32 30
3 2 43 30
2 6 38 30
5 2 42 30
6 2 42 30
7 2 34 30
8 3 23 30
6 2 23 30
7 2 23 30
8 4 32 30
3 2 25 30
4 2 24 30
7 2 24 30
5 2 26 30
6 4 22 30
8 2 20 30
4 4 19 30
3 2 20 30
8 2 16 30
6 3 14 30
5 2 17 30
6 4 10 30
7 4 6 30
1 2 12 31
2 2 12 31
4 2 11 30
4 2 8 30
3 2 10 31
2 2 6 30
1 2 8 31
8 2 8 32
6 2 8 32
5 3 48 29
4 2 49 29
8 4 44 29
3 2 45 29
6 2 42 29
1 2 42 29
1 2 39 29
6 2 38 29
2 3 38 29
7 3 35 29
7 2 32 29
2 2 29 29
3 2 24 29
1 5 23 29
8 2 19 29
4 2 18 29
1 3 17 29
4 2 19 29
2 3 17 29
8 2 12 29
7 4 10 29
4 3 11 29
3 2 8 29
1 2 2 29
5 3 62 28
7 2 61 28
4 5 61 28
7 2 59 28
3 2 56 28
1 3 55 28
2 3 52 28
4 2 45 28
5 2 49 28
7 3 44 28
5 3 38 28
1 2 33 28
6 2 43 28
1 2 34 28
3 2 34 28
8 2 37 28
2 2 36 28
5 2 33 28
7 2 30 28
6 3 30 28
7 2 23 28
5 2 28 28
6 2 19 28
1 2 20 29
1 2 25 28
5 3 18 28
8 2 23 28
4 2 21 28
7 2 19 28
5 3 13 28
3 2 11 29
1 2 6 28
5 2 63 27
3 2 72 27
1 2 71 27
5 2 70 27
4 2 70 27
7 3 62 27
5 2 56 27
2 2 54 27
7 2 53 27
1 3 52 27
4 2 57 27
1 3 47 27
6 2 59 27
7 4 52 27
4 2 50 27
4 4 48 27
2 3 54 27
3 3 54 27
4 2 44 27
2 2 44 27
4 2 41 27
4 2 39 27
8 3 44 27
4 2 36 27
3 2 43 27
2 2 35 27
3 3 33 27
3 2 37 27
7 3 35 27
8 2 33 27
7 3 28 27
1 3 32 27
5 2 33 27
6 2 33 27
4 2 29 27
3 2 27 27
2 2 25 27
5 2 27 27
7 3 17 27
5 3 19 27
1 2 12 27
3 2 21 27
2 2 20 27
4 2 20 27
8 2 17 27
3 2 17 27
4 2 12 27
2 2 14 28
8 2 12 28
2 3 11 27
8 2 9 27
6 4 6 27
8 4 4 27
5 2 2 27
4 2 3 28
4 2 10 29
2 2 8 29
6 2 7 29
5 3 31 26
6 2 38 26
7 2 38 26
3 2 36 26
3 2 29 26
4 2 29 26
1 2 18 26
3 2 32 26
7 2 17 26
8 2 29 26
1 2 20 26
7 6 12 26
1 2 25 26
4 2 23 26
2 6 22 26
6 3 21 26
8 4 20 26
3 7 18 26
4 2 20 26
2 3 3 26
3 2 2 26
6 2 2 27
5 4 16 26
7 2 14 26
7 4 11 26
2 2 12 26
1 3 1 26
8 2 10 26
7 2 60 25
1 2 59 25
2 2 61 25
5 2 59 25
7 2 58 25
8 2 58 25
5 2 54 25
8 2 49 25
1 4 44 25
5 2 43 25
7 2 33 25
2 2 47 25
3 2 46 25
7 3 44 25
4 3 35 25
2 3 39 25
2 2 35 25
1 5 37 25
5 2 34 25
4 3 30 25
6 2 30 25
3 2 26 25
1 2 28 25
6 3 10 25
6 2 17 25
6 3 7 25
4 2 23 25
8 2 22 25
2 2 19 25
1 2 17 25
5 2 4 25
3 2 8 26
3 2 17 25
5 2 14 25
2 2 11 25
6 2 8 25
1 2 3 25
2 2 3 26
8 2 54 24
3 2 52 24
4 2 53 24
1 2 52 24
4 5 49 24
8 2 43 24
1 4 38 24
6 2 41 24
5 5 36 24
7 5 35 24
4 3 32 24
5 2 39 24
5 2 37 24
3 2 29 24
7 2 27 24
7 2 31 24
5 2 24 24
7 2 21 24
2 4 20 24
4 4 20 24
1 2 18 24
8 3 14 24
4 2 21 24
4 3 14 24
1 2 11 24
6 2 10 25
2 2 10 24
1 2 72 23
7 3 71 23
4 3 60 23
8 2 55 23
1 2 54 23
4 2 50 23
1 2 62 23
7 2 48 23
7 2 42 23
5 2 40 23
6 2 40 23
2 2 49 23
2 3 46 23
4 4 34 23
3 2 29 23
8 2 42 23
7 2 35 23
7 2 29 23
8 2 25 23
6 3 23 23
6 2 44 23
7 2 41 23
5 3 41 23
7 2 37 23
1 2 35 23
6 2 33 23
4 2 33 23
8 5 34 23
8 2 26 23
2 2 22 23
8 2 17 23
3 2 29 23
7 2 23 23
3 2 18 23
5 2 13 23
2 2 18 23
3 2 13 23
6 2 13 23
6 4 20 23
8 2 12 23
5 2 19 23
7 2 4 23
8 2 63 22
7 2 62 22
5 2 61 22
6 2 54 22
4 4 58 22
7 2 48 22
1 2 55 22
7 3 53 22
3 4 47 22
8 2 46 22
4 2 42 22
7 2 39 22
4 2 38 22
7 2 34 22
4 2 33 22
8 2 22 22
5 2 41 22
4 2 35 22
2 2 21 22
2 2 31 22
6 2 31 22
2 3 28 22
3 2 32 22
1 2 32 22
7 2 28 22
5 3 20 22
1 2 20 22
4 3 15 22
4 2 17 23
5 2 14 22
7 2 14 22
1 2 16 23
5 3 10 22
2 2 11 22
3 2 11 23
1 2 11 23
5 2 10 23
5 2 11 24
7 2 11 24
4 2 10 25
6 2 10 23
2 3 10 22
3 2 8 22
7 2 66 21
3 2 66 21
7 2 62 21
5 2 58 21
7 2 57 21
6 4 56 21
3 2 46 21
8 2 50 21
6 3 50 21
7 2 45 21
8 2 45 21
2 2 47 21
8 2 47 21
1 3 38 21
4 2 41 21
8 3 38 21
6 2 40 21
2 2 40 21
4 2 34 21
7 2 34 21
7 2 31 21
8 2 27 21
1 4 32 21
5 12 25 21
5 2 21 21
3 2 21 21
6 2 17 21
6 2 25 21
6 3 12 21
4 2 20 21
3 3 20 21
2 2 19 21
7 2 5 21
1 2 7 22
3 2 5 22
5 3 10 21
2 2 12 21
8 3 5 21
8 2 10 21
4 2 1 21
4 2 65 20
7 2 63 20
7 3 55 20
5 5 58 20
7 2 57 20
4 2 52 20
2 2 51 20
3 3 50 20
8 2 45 20
6 2 43 20
2 2 44 20
6 2 44 20
6 2 37 20
1 2 35 20
3 2 32 20
5 4 31 20
1 3 29 20
3 3 28 20
1 2 23 20
4 4 26 20
4 2 30 20
3 2 26 20
2 2 25 20
5 3 21 20
3 2 22 20
1 6 14 20
2 2 17 20
4 2 17 20
2 2 5 20
6 2 9 21
6 2 14 20
5 3 13 20
1 2 4 20
4 2 3 20
8 2 7 21
7 2 7 21
4 2 5 21
1 2 7 20
5 4 4 20
7 2 1 20
5 2 63 19
1 3 62 19
3 3 62 19
5 3 63 19
7 2 61 19
6 2 59 19
5 3 51 19
1 5 56 19
5 3 29 19
7 2 52 19
8 2 50 19
3 2 48 19
2 2 48 19
1 2 33 19
1 3 24 19
3 3 43 19
8 2 43 19
5 4 41 19
4 2 39 19
7 3 25 19
7 2 38 19
8 3 32 19
1 3 36 19
8 2 20 19
1 2 17 19
5 2 17 19
6 2 25 19
4 2 8 19
8 2 21 19
5 2 19 19
3 2 10 19
2 2 9 19
8 2 8 19
6 2 8 19
3 3 19 19
1 2 19 19
3 2 4 19
8 2 2 19
7 5 52 18
2 3 50 18
6 2 42 18
3 2 41 18
8 3 41 18
8 2 36 18
3 2 32 18
6 2 30 18
2 2 29 18
5 2 35 18
6 4 26 18
4 2 32 18
6 2 19 18
7 2 19 18
2 2 19 18
1 4 18 18
6 2 16 18
5 2 10 18
4 2 13 19
5 2 13 19
4 2 11 19
2 3 10 19
2 4 15 18
6 3 15 18
1 2 16 18
3 2 15 18
7 3 9 18
4 2 79 17
3 2 77 17
8 3 72 17
7 5 73 17
7 2 71 17
4 2 68 17
6 2 68 17
4 2 67 17
4 2 56 17
8 2 53 17
7 2 46 17
3 2 37 17
1 3 53 17
5 3 60 17
6 2 60 17
2 2 43 17
1 3 43 17
7 2 50 17
4 2 47 17
4 3 35 17
3 3 51 17
8 10 49 17
5 2 40 17
7 2 40 17
2 2 38 17
7 2 37 17
2 3 26 17
4 3 22 17
2 3 20 17
3 2 38 17
4 4 24 17
3 2 24 17
4 2 18 17
8 2 18 17
5 2 22 17
7 2 20 17
8 6 15 17
3 2 5 17
6 3 23 17
1 4 21 17
1 5 26 17
8 2 8 17
7 2 12 18
7 2 10 18
3 2 10 18
3 3 16 17
8 2 12 17
2 2 5 17
1 3 5 17
2 2 12 17
5 4 12 17
8 2 9 17
7 2 43 16
6 2 40 16
6 3 35 16
1 2 40 16
3 2 40 16
3 2 37 16
8 4 36 16
7 2 35 16
4 2 32 16
3 2 30 16
1 2 29 16
2 2 26 16
7 2 30 16
5 3 25 16
8 2 25 16
8 3 21 16
5 3 22 16
6 2 19 16
4 2 15 16
4 2 16 16
2 2 16 16
8 2 14 16
5 3 15 16
7 3 13 16
4 2 13 16
4 3 8 16
6 2 7 17
4 2 8 18
2 2 7 17
7 2 7 17
5 2 8 18
6 2 7 17
8 3 7 16
3 3 6 16
6 2 58 15
3 2 49 15
1 4 60 15
3 2 56 15
8 5 45 15
1 5 42 15
6 2 55 15
5 2 51 15
8 2 46 15
7 3 43 15
8 2 49 15
2 2 49 15
4 2 49 15
7 2 48 15
2 3 45 15
5 3 44 15
6 2 37 15
3 3 43 15
2 2 37 15
5 2 36 15
3 2 36 15
1 7 33 15
6 2 34 15
3 2 32 15
5 2 30 15
1 3 31 15
8 2 31 15
2 5 29 15
6 2 22 15
1 2 13 15
6 2 6 15
8 5 5 15
8 2 23 15
1 2 15 15
2 2 15 15
2 3 19 15
2 2 12 15
4 2 1 15
6 2 5 16
1 2 45 14
8 4 44 14
1 2 32 14
4 2 30 14
4 2 22 14
6 2 19 14
5 3 26 14
7 2 37 14
7 2 27 14
1 4 20 14
5 3 18 14
3 3 12 14
3 3 16 14
8 2 22 14
8 2 13 14
5 2 4 14
6 2 10 15
7 2 3 15
1 2 25 14
4 2 3 14
8 2 2 15
2 2 3 16
3 2 2 16
7 2 2 15
4 3 22 14
3 3 21 14
2 2 21 14
8 2 17 14
6 2 2 14
4 2 17 14
6 2 13 14
3 2 8 14
4 2 54 13
1 3 51 13
1 2 55 13
2 2 52 13
1 2 51 13
7 2 49 13
7 2 50 13
3 2 48 13
2 2 43 13
1 2 43 13
4 2 44 13
2 2 42 13
4 3 38 13
4 2 38 13
3 5 34 13
5 6 34 13
6 3 33 13
4 2 32 13
6 3 30 13
5 2 21 13
6 3 19 13
2 3 21 13
5 2 21 13
7 2 20 13
8 2 20 13
4 2 10 13
7 2 10 14
2 2 12 13
7 2 13 14
1 3 14 13
6 2 11 13
5 4 11 14
7 2 8 13
3 3 6 13
3 3 7 13
1 2 6 13
8 3 67 12
8 2 64 12
4 2 62 12
7 2 61 12
7 3 54 12
7 3 51 12
8 2 54 12
6 4 52 12
5 2 48 12
3 2 47 12
2 3 44 12
6 2 51 12
6 4 42 12
6 2 37 12
1 7 45 12
8 2 37 12
4 3 37 12
5 2 41 12
4 5 40 12
5 3 38 12
6 2 28 12
7 2 37 12
4 2 30 12
2 2 29 12
5 6 27 12
8 2 28 12
2 2 24 12
3 4 22 12
3 2 25 12
8 5 18 12
7 7 18 12
4 3 21 12
8 4 14 12
5 2 6 12
7 4 7 12
6 2 5 12
2 2 5 13
6 3 9 12
3 2 44 11
1 3 43 11
6 4 40 11
7 3 40 11
3 2 38 11
1 2 38 11
5 2 36 11
7 2 27 11
8 3 34 11
8 2 35 11
4 2 34 11
2 2 32 11
6 3 19 11
7 2 21 11
6 4 16 11
1 2 14 11
1 2 23 11
8 2 19 11
5 2 13 11
2 2 12 12
8 2 12 12
3 2 16 11
3 3 14 11
4 2 10 11
1 2 10 11
4 3 12 11
5 2 10 11
3 2 9 11
3 2 10 12
2 2 7 11
4 2 8 12
6 3 6 12
5 2 6 12
7 2 65 10
4 2 61 10
4 2 62 10
1 2 59 10
5 4 59 10
5 2 56 10
6 4 56 10
6 2 52 10
3 3 46 10
8 2 39 10
7 3 45 10
3 2 51 10
7 2 49 10
5 2 42 10
2 2 37 10
5 2 33 10
8 3 40 10
2 2 40 10
1 2 36 10
8 3 34 10
2 2 27 10
7 2 26 10
6 2 24 10
2 2 30 10
1 2 14 10
1 3 10 10
4 3 27 10
6 5 26 10
5 2 22 10
4 3 3 10
8 3 1 10
5 2 1 11
1 2 4 12
5 2 3 12
8 2 63 9
5 2 59 9
4 3 60 9
4 2 63 9
1 2 34 9
1 2 31 9
6 2 53 9
5 3 40 9
3 2 29 9
3 3 47 9
4 5 43 9
8 2 31 9
7 2 27 9
8 5 48 9
2 2 39 9
2 4 29 9
5 2 26 9
3 2 25 9
3 2 22 9
7 3 22 9
1 2 18 9
1 2 21 10
7 2 35 9
5 2 30 9
6 2 30 9
5 2 28 9
8 3 22 9
7 2 28 9
2 2 27 9
1 2 26 9
3 3 11 9
8 2 23 10
2 2 23 10
4 2 18 10
6 2 21 9
5 2 18 9
7 2 21 9
5 2 21 9
8 3 8 9
4 2 12 10
6 2 12 10
3 2 12 9
1 2 4 9
5 2 6 10
7 2 4 10
4 3 9 9
4 2 7 9
6 2 3 9
5 3 57 8
8 2 58 8
1 3 54 8
4 2 53 8
4 2 48 8
8 2 46 8
2 2 33 8
8 3 27 8
7 2 46 8
3 2 45 8
8 2 38 8
4 3 33 8
1 4 30 8
6 2 28 8
3 2 26 8
8 2 22 8
7 2 29 8
1 2 21 8
2 2 21 8
1 2 27 8
6 4 17 8
2 2 29 8
3 2 27 8
5 2 20 8
3 2 16 8
4 2 16 8
6 2 21 8
6 4 8 8
8 2 14 8
3 2 14 8
8 2 16 8
2 2 3 8
6 2 2 8
1 2 5 9
3 3 10 8
5 2 10 8
1 2 6 8
7 2 5 8
5 2 4 9
2 2 4 8
4 2 1 8
6 2 61 7
2 3 60 7
8 3 57 7
8 2 39 7
5 3 38 7
4 3 52 7
2 2 52 7
7 2 46 7
2 2 46 7
4 2 35 7
7 2 32 7
1 2 29 7
6 2 43 7
1 3 33 7
1 2 22 7
4 2 19 7
2 2 38 7
7 4 33 7
2 2 32 7
3 3 29 7
4 3 29 7
5 4 29 7
4 2 26 7
1 2 18 7
6 2 17 7
2 2 16 7
2 2 23 7
7 3 12 7
3 2 19 7
8 2 19 7
1 2 19 7
2 2 16 7
6 3 8 7
5 2 17 7
6 2 9 7
8 2 6 7
1 2 2 7
1 2 7 7
7 3 3 7
2 5 57 6
6 2 51 6
7 3 54 6
5 2 51 6
1 2 45 6
5 2 38 6
6 2 36 6
6 2 34 6
2 2 34 6
5 2 29 6
7 3 25 6
1 2 44 6
4 2 40 6
2 2 40 6
6 2 27 6
6 2 15 6
1 3 36 6
8 2 36 6
2 2 29 6
8 2 14 6
5 2 30 6
5 2 21 6
8 2 20 6
6 3 19 6
1 2 19 6
2 2 23 6
3 2 23 6
3 4 20 6
1 2 9 6
4 2 10 7
4 2 17 6
3 3 4 6
5 2 4 7
4 2 3 6
5 2 7 7
4 3 4 7
3 2 4 6
8 2 5 7
2 4 3 7
5 2 3 7
6 2 6 6
8 2 5 6
3 3 4 6
7 4 4 6
7 2 58 5
8 3 50 5
2 3 49 5
5 2 56 5
3 2 48 5
3 3 41 5
6 2 42 5
7 3 37 5
4 3 46 5
2 2 44 5
2 2 34 5
6 3 32 5
6 2 43 5
7 5 30 5
6 2 27 5
7 3 30 5
8 2 28 5
3 2 19 5
5 3 18 5
8 2 32 5
7 2 24 5
8 2 18 5
4 3 16 5
2 2 9 5
4 3 6 5
3 2 22 5
1 2 16 5
7 2 5 5
5 2 4 5
8 2 2 5
4 3 10 5
2 2 64 4
4 2 61 4
2 3 49 4
7 2 65 4
2 3 54 4
5 2 52 4
8 2 52 4
3 2 57 4
1 3 54 4
4 3 49 4
8 3 45 4
6 2 44 4
4 3 54 4
5 2 54 4
1 2 35 4
5 2 37 4
6 2 37 4
2 2 34 4
2 2 37 4
1 2 33 4
5 4 32 4
5 2 25 4
1 2 17 4
3 3 16 4
1 2 35 4
8 2 35 4
4 4 29 4
8 2 27 4
4 2 24 4
1 2 17 4
4 3 16 4
2 2 23 4
3 3 13 4
5 2 22 4
4 2 7 4
6 2 5 4
1 3 3 4
7 2 14 5
8 2 14 5
1 2 13 4
2 2 12 4
6 2 8 4
3 2 3 4
5 2 12 5
6 2 11 5
7 2 9 5
4 2 58 3
6 3 57 3
7 2 56 3
2 2 55 3
7 2 53 3
8 3 52 3
8 2 49 3
5 3 47 3
7 2 40 3
7 3 26 3
6 5 41 3
1 3 37 3
7 2 34 3
3 2 21 3
1 2 20 3
8 3 12 3
5 2 28 3
2 2 25 3
5 2 17 3
1 3 14 3
8 2 27 3
8 2 23 3
7 2 21 3
6 2 21 3
4 2 22 3
1 3 9 3
2 2 9 3
5 4 8 3
8 4 8 3
5 4 3 3
6 2 8 4
3 2 9 3
4 2 8 3
2 2 8 3
8 3 3 3
2 2 5 4
2 2 66 2
4 2 65 2
2 2 62 2
6 3 62 2
8 2 57 2
6 2 48 2
2 3 45 2
6 3 56 2
3 3 53 2
2 2 53 2
1 2 50 2
8 4 46 2
5 2 43 2
3 2 42 2
5 2 41 2
3 3 38 2
8 2 45 2
2 2 39 2
8 5 37 2
7 2 37 2
4 2 36 2
5 3 30 2
1 2 28 2
5 2 23 2
2 2 17 2
6 3 17 2
1 2 24 2
6 2 20 2
1 2 12 2
7 2 24 2
7 2 16 2
8 3 11 2
3 4 20 2
7 3 8 2
6 2 9 2
3 2 6 2
4 4 5 2
1 3 4 2
1 2 10 2
5 2 6 2
1 2 2 2
8 2 3 3
2 2 3 2
6 2 2 3
8 2 2 2
8 2 53 1
6 2 34 1
7 2 28 1
7 2 21 1
4 2 11 1
7 2 3 1
