13839
1577
7 91 67 67
1 2 65 67
3 3 63 67
6 2 61 67
5 2 56 67
3 2 55 67
6 2 53 67
2 2 55 67
2 3 52 67
7 3 48 67
5 2 41 67
4 2 41 67
3 2 40 67
7 3 38 67
8 3 37 67
4 2 36 67
4 2 32 67
3 3 32 67
2 3 32 67
7 2 31 67
3 2 29 67
4 2 34 67
3 2 24 67
8 2 22 67
1 2 24 67
4 2 21 67
5 2 21 67
8 4 25 67
6 3 23 67
5 2 23 67
8 2 16 67
7 3 14 67
2 2 8 67
2 2 36 66
6 2 29 66
7 2 29 66
1 2 28 66
6 2 28 66
5 2 29 66
5 2 26 66
2 3 24 66
2 2 25 66
3 3 23 66
2 3 21 66
3 2 15 66
2 2 16 67
2 3 13 66
1 3 14 66
3 2 10 66
8 2 9 66
6 2 6 66
4 2 2 66
7 2 7 66
7 2 4 66
6 2 45 65
2 3 43 65
8 2 32 65
5 2 24 65
3 2 24 65
1 4 22 65
7 2 21 65
7 2 19 65
7 2 15 65
2 3 9 65
5 3 7 65
8 2 29 65
8 4 4 65
3 2 4 66
6 2 4 67
2 3 3 66
2 3 7 65
4 2 46 64
3 3 30 64
2 3 41 64
6 4 34 64
3 3 32 64
4 2 36 64
8 5 35 64
6 2 37 64
5 2 35 64
7 6 28 64
3 2 34 64
2 4 27 64
3 3 22 64
7 4 21 65
1 2 20 64
8 2 23 65
4 2 23 64
8 2 22 64
2 2 20 64
5 2 19 64
4 2 16 64
6 3 15 65
4 2 12 64
7 2 15 65
3 2 7 64
7 2 7 65
3 2 30 63
6 2 30 63
4 4 29 63
8 2 17 63
8 3 27 63
7 2 23 63
2 3 23 63
3 4 23 63
5 2 23 63
8 2 13 63
3 2 16 63
6 2 15 63
2 2 11 63
1 2 11 64
7 2 13 63
8 2 7 63
4 2 11 64
1 2 11 63
6 2 5 63
5 2 7 64
3 2 4 63
5 2 3 63
8 2 7 64
1 2 7 64
8 3 38 62
7 2 34 62
4 4 34 62
3 2 21 62
3 2 18 62
5 3 18 62
5 3 28 62
4 2 21 62
8 2 21 62
2 2 15 62
7 2 18 62
6 2 18 62
8 4 18 62
4 6 15 62
7 2 14 62
6 2 12 62
8 4 43 61
2 4 37 61
4 2 33 61
2 3 31 61
8 2 31 61
3 3 29 61
3 2 23 61
2 2 23 61
7 3 22 61
2 2 22 61
5 2 15 61
2 2 16 61
5 2 16 61
1 3 14 61
5 2 21 61
4 2 14 61
6 2 10 61
3 2 13 62
6 2 17 61
8 2 15 61
8 2 10 61
3 2 9 61
2 2 11 62
4 3 11 62
1 4 8 61
1 2 2 61
3 3 1 61
2 2 4 62
8 2 2 62
5 2 3 61
8 2 29 60
6 5 26 60
2 2 18 60
4 2 22 60
2 2 22 60
1 2 22 60
4 2 15 60
7 5 13 60
8 2 7 60
4 3 54 59
3 2 51 59
3 2 48 59
5 2 48 59
7 3 46 59
2 2 46 59
3 4 40 59
6 2 41 59
4 3 38 59
8 2 37 59
7 2 36 59
1 2 34 59
5 2 29 59
7 2 28 59
3 2 31 59
5 3 20 59
3 2 19 59
8 2 26 59
5 2 17 59
1 2 17 59
8 6 12 59
6 2 13 60
7 3 14 59
3 2 11 59
1 2 12 60
8 3 17 59
4 2 15 59
4 2 10 59
5 2 11 60
7 2 11 60
2 2 11 59
8 2 4 59
3 2 9 60
5 2 9 60
1 2 3 59
2 2 6 60
4 2 3 59
7 2 34 58
1 2 31 58
2 2 31 58
4 2 26 58
4 2 27 58
7 2 26 58
8 3 23 58
6 4 19 58
6 2 20 58
2 5 16 58
3 2 16 58
8 2 11 58
6 3 9 58
2 4 1 58
6 2 4 59
7 2 4 60
6 3 2 59
3 2 2 60
6 2 34 57
7 4 38 57
2 2 44 57
4 2 40 57
5 5 29 57
6 5 24 57
6 2 35 57
5 3 32 57
8 2 30 57
7 2 28 57
4 2 28 57
3 2 29 57
3 2 26 57
7 3 23 57
5 2 26 57
2 2 24 57
4 2 22 57
6 2 16 57
6 3 24 57
4 2 24 57
1 2 14 57
7 2 6 57
4 3 12 57
7 2 17 57
8 3 12 57
1 2 11 57
7 2 10 57
6 2 10 57
3 2 10 57
2 2 3 57
1 2 3 58
5 3 34 56
3 2 32 56
1 3 30 56
1 3 23 56
1 2 25 56
5 4 21 56
1 2 20 56
4 2 8 56
7 2 7 56
8 2 6 56
3 2 19 56
7 3 16 56
8 2 11 56
7 2 10 56
6 2 3 56
1 2 42 55
6 5 32 55
5 3 37 55
3 2 36 55
8 2 27 55
3 3 22 55
2 2 30 55
4 2 30 55
7 2 25 55
2 2 24 55
4 2 11 55
7 2 14 56
4 3 14 55
8 2 17 56
6 2 13 56
1 3 4 55
3 2 15 56
2 4 8 56
5 2 8 55
3 2 3 55
8 2 11 56
2 2 11 56
1 3 2 56
1 3 10 55
6 2 3 55
2 2 3 55
7 2 2 56
1 2 6 57
5 2 2 56
4 2 2 57
8 2 2 56
5 2 37 54
2 3 33 54
4 2 38 54
5 3 27 54
1 2 29 54
7 2 26 54
4 2 25 54
4 4 28 54
2 2 34 54
3 3 31 54
1 2 31 54
7 2 30 54
8 2 30 54
2 3 28 54
7 5 23 54
3 2 20 54
6 2 18 54
3 3 9 54
5 4 10 54
3 2 10 54
6 2 9 54
5 2 37 53
7 3 36 53
5 2 41 53
6 3 31 53
2 4 36 53
7 2 36 53
2 2 31 53
3 2 31 53
6 2 34 53
1 2 31 53
5 2 28 53
3 3 27 53
5 2 23 53
3 2 22 53
6 3 20 53
5 2 20 53
4 3 24 53
4 2 20 53
6 2 20 53
7 2 19 53
2 2 16 53
6 2 14 53
8 2 12 53
2 2 10 53
5 2 7 53
4 2 9 54
3 3 4 53
6 2 5 54
6 2 2 53
7 2 3 54
3 2 35 52
6 2 33 52
5 2 31 52
8 2 28 52
5 2 27 52
5 2 11 52
7 3 8 52
4 2 22 52
5 2 11 52
6 3 11 52
7 2 9 52
6 2 4 52
6 2 46 51
6 2 44 51
7 2 43 51
2 2 43 51
6 3 41 51
3 2 39 51
8 2 44 51
1 2 39 51
7 2 32 51
4 3 39 51
7 2 35 51
2 3 32 51
6 2 35 51
2 2 29 51
7 2 25 51
6 4 19 51
5 4 29 51
1 2 20 51
4 2 22 52
8 2 21 52
5 3 20 52
1 2 14 51
3 2 17 52
2 2 17 52
1 5 17 51
6 2 17 51
3 2 14 51
4 2 9 51
7 2 14 52
3 2 8 51
8 4 4 51
3 3 41 50
5 2 38 50
5 2 33 50
4 2 26 50
7 2 26 50
8 2 31 50
1 2 25 50
2 2 22 50
4 2 17 50
7 2 26 50
2 3 15 50
3 2 15 50
5 2 7 50
8 2 10 51
5 2 13 50
6 2 5 50
3 2 10 51
2 2 5 51
7 2 18 50
5 3 16 50
2 2 16 50
6 4 12 50
8 2 12 50
5 2 8 50
7 3 44 49
4 3 42 49
6 2 39 49
5 4 38 49
4 2 33 49
6 2 31 49
7 3 32 49
2 2 30 49
8 2 30 49
3 2 28 49
1 2 21 49
3 5 17 49
6 2 15 49
4 2 14 49
4 3 12 49
5 3 18 49
1 2 18 49
8 2 13 49
7 2 13 49
2 3 7 49
4 2 9 50
1 2 9 50
2 3 9 49
3 2 6 49
6 2 7 50
5 2 7 50
4 2 2 49
4 3 4 49
7 2 4 50
4 2 4 51
2 2 6 52
5 4 43 48
4 3 40 48
1 3 36 48
6 2 31 48
6 3 24 48
2 2 21 48
5 2 19 48
4 4 16 48
6 2 11 48
1 2 9 48
5 2 9 48
2 3 19 48
3 2 17 48
1 2 36 47
2 2 41 47
3 2 36 47
8 2 34 47
5 2 33 47
8 2 32 47
4 3 38 47
2 3 29 47
8 2 35 47
2 6 34 47
7 2 26 47
3 2 22 47
4 2 24 48
4 6 21 47
2 3 20 47
8 2 22 48
2 2 22 48
3 3 22 47
1 2 22 47
6 2 20 47
7 2 18 47
8 3 18 47
6 2 15 47
1 4 14 47
2 2 12 47
1 3 10 47
6 2 10 48
6 3 8 47
3 2 3 47
1 2 23 46
6 4 19 46
2 2 17 46
2 2 11 46
3 2 9 46
6 3 30 46
8 2 23 46
5 3 17 46
6 2 22 46
7 2 6 46
4 2 24 46
2 3 17 46
5 2 17 46
5 3 8 46
5 3 5 46
5 2 44 45
4 2 42 45
5 2 39 45
8 2 38 45
2 2 30 45
7 3 17 45
1 2 16 46
6 3 33 45
3 2 34 45
7 4 33 45
4 2 29 45
3 3 26 45
5 3 29 45
8 2 29 45
7 2 26 45
1 3 21 45
4 2 15 45
3 3 17 45
5 2 17 46
8 2 17 46
7 3 14 45
2 2 14 46
1 2 14 45
4 2 12 45
3 2 14 46
7 2 12 46
2 2 12 45
8 3 10 45
7 2 7 45
5 2 7 45
3 3 6 45
6 2 39 44
8 2 35 44
2 3 32 44
8 2 29 44
1 3 27 44
5 2 31 44
3 2 21 44
5 2 25 44
7 2 25 44
2 2 24 44
8 2 24 44
3 2 22 44
5 4 17 44
8 2 16 44
6 2 10 44
6 2 8 44
8 2 6 44
7 2 46 43
1 2 43 43
2 2 37 43
7 3 36 43
6 2 44 43
1 2 43 43
8 2 42 43
5 2 35 43
8 2 31 43
8 4 37 43
5 2 37 43
3 4 37 43
7 2 29 43
3 2 19 43
6 3 19 43
4 2 31 43
5 2 24 43
3 2 24 43
6 2 23 43
4 2 24 43
1 2 6 43
1 3 22 43
7 2 22 43
5 2 20 43
1 2 18 43
2 3 14 43
4 2 15 44
3 3 5 43
2 2 4 44
4 2 4 44
7 2 11 43
8 2 11 43
3 3 10 43
5 3 35 42
2 2 37 42
8 2 25 42
2 2 21 42
6 2 29 42
2 3 18 42
6 2 27 42
7 2 27 42
7 2 20 42
8 2 15 42
8 2 19 42
4 3 18 42
7 2 9 42
1 2 8 43
5 2 17 42
8 3 17 42
1 2 14 42
2 2 14 42
8 4 8 42
3 2 10 42
3 2 8 42
7 2 7 42
6 2 6 43
5 5 5 42
4 3 48 41
5 3 45 41
2 2 39 41
7 4 38 41
6 2 37 41
1 2 36 41
3 3 35 41
7 2 33 41
3 2 27 41
5 2 26 41
4 3 22 41
6 2 33 41
2 2 32 41
6 2 21 41
2 3 21 41
5 3 26 41
7 3 19 41
7 2 23 41
1 2 22 41
3 2 18 41
4 3 20 41
1 4 18 41
2 2 17 41
3 2 15 41
3 2 11 41
4 2 9 41
1 2 9 41
6 3 9 41
5 2 8 41
2 3 4 41
6 2 4 41
1 2 30 40
2 3 28 40
8 2 28 40
1 2 18 40
3 2 14 40
6 2 13 40
8 5 13 40
1 2 14 40
7 4 11 40
5 4 16 40
4 3 7 40
8 3 13 40
5 2 43 39
8 2 45 39
6 2 45 39
5 2 47 39
3 4 44 39
4 2 44 39
6 3 41 39
6 6 39 39
5 4 33 39
5 2 25 39
1 3 27 39
7 2 32 39
2 3 27 39
8 2 26 39
4 2 20 39
2 3 22 39
2 2 19 39
6 3 18 39
3 2 13 39
6 3 13 39
6 2 40 38
5 2 35 38
3 2 35 38
7 5 37 38
8 2 32 38
2 2 31 38
1 3 35 38
6 4 31 38
8 2 31 38
1 2 29 38
4 2 24 38
2 3 27 38
7 3 22 38
3 2 24 39
3 4 21 38
3 2 17 38
2 2 18 39
8 2 9 38
8 2 18 39
6 2 16 39
2 2 10 39
5 2 5 38
1 3 4 38
8 2 12 39
1 2 12 39
5 2 5 38
3 2 38 37
5 2 34 37
3 2 34 37
3 2 32 37
4 2 31 37
7 2 28 37
1 2 28 37
6 2 26 37
3 2 23 37
5 2 19 37
6 2 18 37
7 2 18 37
4 3 17 37
8 2 8 37
8 2 18 37
3 3 16 37
6 6 7 37
4 2 6 38
7 2 6 38
3 2 6 38
7 2 10 37
5 2 6 37
5 2 1 37
7 2 3 38
8 2 9 37
8 3 4 37
2 2 5 38
4 2 5 38
1 2 3 37
4 2 40 36
3 2 39 36
8 2 36 36
1 3 33 36
2 3 31 36
6 2 30 36
8 2 20 36
4 2 20 36
4 2 27 36
6 3 15 36
6 2 21 36
7 2 20 36
5 2 12 36
3 2 19 36
2 4 11 36
6 2 9 36
4 3 3 36
5 3 3 37
5 5 8 36
8 2 4 36
6 2 3 36
4 2 3 36
6 3 10 36
1 2 8 36
2 7 6 36
4 2 6 36
7 3 5 36
8 2 1 36
2 2 37 35
1 2 37 35
2 2 30 35
5 3 28 35
8 2 25 35
8 3 23 35
3 2 18 35
2 2 28 35
7 4 26 35
6 2 26 35
4 3 22 35
5 2 17 35
1 2 20 35
6 3 16 35
8 4 13 35
6 4 42 34
2 2 46 34
8 2 39 34
8 2 44 34
3 2 44 34
8 2 41 34
7 2 40 34
2 2 36 34
4 2 38 34
3 4 36 34
5 3 36 34
1 2 33 34
6 2 27 34
4 2 25 34
3 2 17 34
4 4 26 34
7 3 14 34
2 2 22 34
8 2 16 34
8 2 13 34
8 2 19 34
2 2 17 34
1 2 17 34
6 3 11 34
5 2 8 34
2 2 4 34
7 2 3 34
1 4 35 33
6 2 34 33
5 4 33 33
2 2 25 33
4 2 12 33
3 2 28 33
3 2 19 33
1 2 14 33
3 3 13 33
6 2 29 33
7 4 28 33
8 2 23 33
6 2 20 33
3 2 18 33
5 3 17 33
8 2 17 33
4 3 9 33
5 2 17 33
2 2 17 33
3 3 16 33
1 2 15 33
2 4 9 33
7 2 10 34
5 2 9 34
8 2 3 33
2 2 38 32
2 2 35 32
8 2 24 32
3 3 24 32
1 2 26 32
5 2 24 32
3 2 23 32
1 2 23 32
6 4 15 32
7 2 14 32
7 2 19 32
7 2 8 32
1 3 13 32
8 2 16 32
6 2 15 32
4 2 13 32
3 2 11 32
1 2 7 32
7 2 5 32
7 2 49 31
1 3 46 31
4 2 44 31
3 2 43 31
5 3 36 31
7 2 35 31
4 2 26 31
4 4 20 31
3 2 30 31
5 2 20 31
7 2 20 31
1 2 18 31
2 2 16 31
4 2 14 31
8 5 19 31
4 2 17 31
3 2 17 31
3 2 9 31
5 2 14 31
3 3 12 31
5 2 16 31
6 5 12 31
5 2 9 31
3 3 6 31
1 2 5 31
4 3 4 31
2 2 45 30
2 4 43 30
3 2 43 30
8 3 39 30
5 3 34 30
3 2 33 30
1 2 31 30
2 2 30 30
8 3 27 30
5 3 27 30
6 2 26 30
3 3 24 30
3 2 25 30
2 3 24 30
7 2 23 30
4 2 22 30
6 2 14 30
7 3 20 30
6 2 18 30
7 2 9 30
3 2 15 30
8 2 14 30
4 2 13 30
7 4 3 30
8 3 41 29
7 2 34 29
4 2 33 29
1 2 32 29
4 2 23 29
5 2 20 29
4 2 17 29
4 2 32 29
2 2 14 29
8 2 9 29
3 2 8 29
7 2 6 29
7 2 10 30
6 2 1 29
1 2 6 30
2 2 6 30
6 2 5 30
8 2 1 30
7 6 18 29
1 4 17 29
4 5 3 29
8 2 3 29
2 2 13 29
6 2 13 29
3 2 16 29
3 4 13 29
2 2 2 29
1 2 40 28
7 3 37 28
6 3 39 28
3 2 37 28
4 2 33 28
1 2 31 28
8 4 30 28
5 3 26 28
3 2 29 28
5 2 20 28
8 3 18 28
2 2 27 28
7 2 22 28
2 4 14 28
4 3 14 28
6 2 12 29
2 2 12 29
1 4 14 28
7 3 11 28
3 2 9 29
4 2 11 28
4 4 8 28
3 3 2 28
2 2 4 29
1 2 3 29
6 2 5 30
5 2 5 30
6 4 3 28
3 4 4 28
7 2 2 28
8 2 2 29
5 2 26 27
2 2 31 27
1 2 31 27
1 2 27 27
2 4 27 27
4 2 27 27
2 3 23 27
5 2 19 27
7 2 20 27
8 2 19 27
3 2 18 27
5 4 13 27
2 2 6 27
6 2 11 27
1 2 11 27
1 2 6 27
2 2 2 27
4 4 1 27
4 2 37 26
8 3 35 26
3 3 41 26
1 2 34 26
1 2 31 26
7 2 27 26
6 3 27 26
4 3 32 26
2 3 32 26
4 2 25 26
7 2 23 26
5 2 21 26
7 2 17 26
7 2 18 26
4 2 16 26
3 2 22 26
8 2 15 26
3 3 13 26
6 2 12 26
2 2 7 26
1 4 4 26
1 5 43 25
6 4 41 25
2 2 36 25
2 2 33 25
7 2 32 25
5 4 31 25
5 2 23 25
5 2 21 25
1 2 8 25
2 2 8 26
8 2 30 25
6 3 20 25
2 2 10 25
7 2 15 26
7 2 18 25
2 2 18 25
6 2 17 25
8 2 19 25
1 2 16 25
5 2 19 25
3 2 18 25
3 7 10 25
5 3 9 25
7 2 12 26
7 3 10 25
7 2 2 25
4 2 8 26
6 2 8 25
3 3 40 24
1 2 38 24
1 3 34 24
4 3 21 24
3 3 19 24
2 3 18 24
6 2 24 24
4 2 24 24
8 2 23 24
5 2 22 24
6 3 20 24
1 2 19 24
8 3 18 24
8 2 11 24
4 5 5 24
8 2 5 25
7 2 5 24
2 2 6 24
3 2 6 24
2 2 5 25
7 2 41 23
7 2 44 23
5 2 37 23
5 2 33 23
7 2 30 23
7 3 26 23
3 2 28 23
8 3 21 23
5 3 12 23
6 2 20 23
4 5 19 23
1 3 7 23
3 4 8 24
1 3 10 23
7 2 8 23
5 2 7 23
5 2 3 23
8 2 8 23
1 2 8 23
8 2 1 23
3 2 5 24
1 2 5 24
2 2 8 24
6 2 8 24
7 3 9 23
4 2 13 23
4 2 11 23
1 2 11 23
3 2 9 23
1 2 8 23
4 2 39 22
5 2 38 22
3 3 38 22
2 4 36 22
6 2 35 22
2 2 33 22
8 2 33 22
6 2 21 22
5 2 29 22
4 2 25 22
1 3 20 22
7 2 3 22
5 2 5 23
4 3 18 22
8 2 6 22
2 3 5 22
6 2 5 22
8 2 5 23
7 2 17 22
1 2 16 22
6 2 14 22
2 2 11 22
2 2 8 22
8 2 7 22
4 2 41 21
7 2 40 21
1 3 39 21
4 2 34 21
8 3 33 21
6 4 29 21
6 3 27 21
3 2 29 21
2 2 22 21
7 2 19 21
7 2 16 21
5 2 13 21
6 2 18 21
1 2 15 21
3 2 11 21
2 2 10 22
8 2 10 22
5 2 18 21
3 3 15 21
5 2 14 21
4 3 6 21
1 2 5 21
7 2 44 20
3 3 46 20
1 2 41 20
5 2 42 20
2 2 33 20
2 2 40 20
6 2 25 20
4 3 22 20
4 3 35 20
3 2 35 20
7 2 35 20
2 2 26 20
5 2 24 20
1 2 16 20
7 2 29 20
1 2 29 20
6 2 27 20
5 2 25 20
1 3 22 20
4 2 22 20
7 3 9 20
1 2 9 20
6 2 9 21
7 2 11 20
7 4 34 19
5 2 33 19
8 4 41 19
1 4 37 19
8 2 37 19
4 3 35 19
5 2 37 19
3 2 35 19
6 2 35 19
3 2 32 19
8 5 23 19
8 2 28 19
1 2 28 19
4 2 21 19
6 3 21 19
5 3 18 19
1 2 17 19
2 5 13 19
8 2 13 19
3 2 9 19
8 2 15 20
3 4 7 19
3 2 12 20
6 2 7 20
7 3 8 19
4 3 9 19
4 4 7 19
1 2 6 20
5 2 9 21
3 2 8 21
7 2 8 21
8 2 6 21
5 3 5 19
8 3 4 19
4 2 36 18
7 2 33 18
5 2 32 18
7 2 30 18
2 2 27 18
2 3 16 18
6 3 21 18
3 2 16 18
7 2 15 18
5 2 14 18
6 4 13 18
7 2 9 18
4 2 9 18
5 2 7 18
2 2 7 18
7 2 8 18
8 2 5 18
3 2 5 18
8 2 6 18
7 3 50 17
8 2 38 17
8 2 42 17
2 3 40 17
2 3 34 17
7 2 28 17
2 3 23 17
6 2 27 17
3 6 24 17
2 3 30 17
4 2 28 17
5 2 11 17
8 3 44 16
7 2 41 16
3 2 29 16
5 2 34 17
1 2 31 17
6 2 30 17
5 2 41 16
1 2 40 16
5 2 36 16
6 2 35 16
2 2 34 16
2 3 32 16
6 2 32 16
7 2 33 16
3 3 30 16
6 2 26 16
6 2 29 16
4 2 32 17
8 2 29 17
4 2 29 16
5 3 28 16
3 2 25 16
2 2 24 16
4 2 19 16
4 3 11 16
1 3 16 17
4 2 12 17
3 3 11 17
8 3 15 17
4 2 14 17
7 4 12 17
8 5 10 16
6 2 6 16
1 2 9 17
5 4 5 16
1 2 2 16
1 3 40 15
2 2 38 15
5 4 37 15
4 2 34 15
7 3 33 15
6 2 29 15
1 2 29 15
3 2 22 15
7 3 24 15
3 2 24 15
2 3 23 15
4 2 23 15
6 8 22 15
3 2 20 15
7 2 15 15
8 3 49 14
4 2 48 14
6 2 46 14
7 3 46 14
3 2 40 14
5 4 37 14
2 8 34 14
6 3 34 14
6 3 29 14
5 2 24 14
2 2 28 14
1 2 20 14
3 4 11 14
5 2 15 15
2 2 12 15
1 4 20 14
6 2 13 14
4 2 13 15
7 2 13 15
1 2 12 15
4 2 8 14
5 2 10 15
8 6 14 14
4 2 15 14
6 5 5 14
2 3 7 15
5 3 11 14
7 3 7 14
3 3 4 14
5 2 6 15
4 2 5 15
4 2 35 13
7 2 34 13
2 2 25 13
8 2 24 13
4 2 21 13
1 2 28 13
1 2 23 13
2 2 20 13
6 3 14 13
7 3 17 13
4 3 23 13
3 2 14 13
2 2 12 13
6 3 9 13
2 2 6 13
1 4 3 13
3 2 5 13
6 3 2 13
5 2 36 12
3 2 30 12
3 2 22 12
8 5 30 12
2 2 30 12
6 2 30 12
3 2 23 12
7 2 13 12
7 2 10 12
6 2 13 13
8 2 13 13
1 2 22 12
5 2 17 12
2 2 17 12
8 2 16 12
1 3 16 12
6 2 5 12
4 2 1 12
5 2 10 13
3 2 9 13
6 2 8 13
1 2 4 13
7 2 5 14
6 6 42 11
3 4 41 11
6 2 41 11
8 4 38 11
8 3 34 11
5 2 31 11
4 2 34 11
2 2 34 11
5 2 33 11
7 5 31 11
8 2 29 11
3 2 28 11
4 3 22 11
4 2 26 11
3 2 19 11
2 2 15 11
3 6 14 11
4 2 9 11
2 3 9 11
5 2 10 12
7 2 10 12
8 4 9 12
3 2 7 11
7 4 6 11
6 2 2 11
4 2 5 12
8 2 1 11
8 2 2 12
8 2 4 13
2 3 4 14
7 2 2 12
5 2 1 13
6 3 8 11
4 2 5 11
3 2 5 11
6 2 39 10
1 2 38 10
4 2 34 10
6 6 32 10
1 4 25 10
3 2 28 10
7 5 19 10
6 2 20 10
5 3 19 10
1 5 15 10
3 3 14 10
2 4 16 10
8 4 16 10
3 3 16 10
2 2 14 10
5 2 14 10
2 2 12 10
2 6 6 10
7 2 42 9
2 2 38 9
6 7 34 9
4 2 34 9
1 5 28 9
7 2 23 9
7 2 16 9
3 2 24 9
2 2 20 9
6 2 14 9
2 2 14 9
6 2 19 9
8 2 18 9
8 2 15 9
4 5 11 9
1 2 11 9
6 4 10 9
2 2 42 8
6 2 34 8
2 2 36 8
5 2 33 8
7 2 33 8
6 2 29 8
2 2 25 8
7 2 21 8
5 2 13 8
4 2 26 8
7 3 7 8
4 2 11 9
8 3 12 8
5 2 6 8
1 2 5 9
7 3 16 8
5 2 12 8
6 2 14 9
6 2 12 9
4 2 6 8
1 2 9 9
4 2 9 8
7 2 10 8
1 2 10 9
7 2 10 9
5 3 8 8
7 2 6 8
8 2 6 8
6 4 6 8
5 2 3 8
6 2 40 7
2 4 45 7
3 2 39 7
7 2 35 7
6 3 35 7
6 2 39 7
7 2 35 7
4 2 35 7
8 2 27 7
6 2 27 7
6 2 28 7
1 2 18 7
3 2 17 7
2 2 17 7
4 3 12 7
5 2 26 7
4 3 17 7
8 2 14 7
2 5 10 7
2 2 14 7
5 3 13 7
3 2 6 7
7 4 4 7
5 2 4 7
3 2 4 7
6 4 2 7
8 3 38 6
3 2 40 6
3 2 37 6
6 2 33 6
6 3 29 6
3 3 23 6
3 2 17 6
4 4 23 6
5 2 21 6
7 2 17 6
6 38 55 5
6 2 40 5
2 2 39 5
6 2 38 5
5 3 36 5
3 3 35 5
4 2 32 5
7 2 32 5
8 2 31 5
5 3 29 5
4 3 27 5
7 2 27 6
3 2 26 5
8 2 23 5
4 2 24 6
1 2 24 6
6 5 20 5
1 5 14 5
2 2 18 6
8 2 12 5
1 2 15 6
2 2 15 6
7 2 16 6
1 4 10 5
1 2 12 6
2 2 11 6
1 2 7 5
1 2 1 5
7 2 5 6
2 2 6 7
4 2 5 7
3 2 8 6
4 2 8 6
7 2 6 6
3 2 5 6
1 2 5 6
4 2 1 6
3 2 1 7
5 2 4 5
8 2 4 5
2 2 28 4
5 2 20 4
1 2 13 4
1 2 17 4
8 2 2 4
6 2 2 5
1 2 21 4
4 2 21 4
1 2 19 4
4 2 18 4
6 4 14 4
2 2 13 4
7 2 6 4
5 2 44 3
6 2 38 3
4 2 36 3
7 2 36 3
7 3 32 3
4 2 35 3
3 2 35 3
6 2 33 3
5 2 32 3
3 2 31 3
4 3 30 3
6 3 21 3
3 2 19 3
3 2 20 3
2 4 9 3
4 2 11 3
8 2 11 3
6 2 10 3
6 2 11 3
1 2 14 4
6 3 7 3
1 3 51 2
7 2 42 2
7 3 43 2
2 2 43 2
2 2 39 2
2 2 41 2
3 4 38 2
5 2 34 2
1 3 23 2
3 2 37 2
4 2 28 2
8 3 27 2
7 4 15 2
5 2 15 2
8 2 13 2
2 2 13 2
7 2 23 2
3 2 23 2
3 3 20 2
6 2 20 2
3 2 15 2
3 5 12 2
4 2 11 3
4 2 15 2
7 2 14 2
5 2 14 2
4 2 6 2
1 2 10 3
2 2 10 2
8 2 38 1
7 3 25 1
2 2 16 1
5 2 10 1
