23619
3239
7 3 100 100
1 3 99 100
5 3 98 100
3 3 97 100
8 3 96 100
1 3 95 100
3 3 94 100
2 3 93 100
7 6 92 100
6 3 90 100
2 6 89 100
7 3 87 100
5 3 86 100
7 3 85 100
6 4 84 100
8 10 83 100
4 3 80 100
2 6 79 100
8 3 77 100
6 4 76 100
2 3 75 100
8 3 74 100
4 3 73 100
6 3 72 100
5 3 71 100
4 3 70 100
5 7 69 100
4 3 67 100
8 3 66 100
4 3 65 100
1 3 64 100
7 3 63 100
1 3 62 100
7 3 61 100
5 4 60 100
6 3 59 100
7 3 58 100
3 3 57 100
4 3 56 100
3 3 55 100
4 3 54 100
2 3 53 100
5 3 52 100
2 3 51 100
6 3 50 100
2 3 49 100
5 3 48 100
2 3 47 100
5 3 46 100
6 3 45 100
8 3 44 100
4 3 43 100
6 3 42 100
3 3 41 100
8 3 40 100
6 3 39 100
1 3 38 100
4 3 37 100
7 3 36 100
5 3 35 100
7 3 34 100
6 3 33 100
4 3 32 100
1 3 31 100
7 3 30 100
6 3 29 100
3 6 28 100
2 3 27 100
1 3 26 100
4 3 25 100
3 3 24 100
5 3 23 100
3 3 22 100
4 3 21 100
7 3 20 100
2 3 19 100
3 3 18 100
8 3 17 100
1 3 16 100
4 3 15 100
1 3 14 100
4 3 13 100
7 3 12 100
2 3 11 100
4 3 10 100
5 3 9 100
1 3 8 100
8 3 7 100
2 3 6 100
1 3 5 100
4 3 4 100
6 11 3 100
5 2 90 97
2 2 87 97
1 6 83 97
3 2 80 97
5 2 83 97
4 3 72 97
5 3 79 97
5 2 77 97
5 4 71 97
6 2 76 97
2 3 76 97
1 2 63 97
2 3 71 97
7 3 62 97
1 3 62 97
4 2 62 97
7 2 59 97
1 3 45 97
2 3 56 97
3 2 48 97
8 2 44 97
8 3 60 97
1 2 60 97
5 2 54 97
7 3 29 97
3 2 48 97
7 3 39 97
4 2 27 97
7 2 22 97
5 4 40 97
6 3 34 97
5 2 24 97
2 2 22 97
2 3 8 97
3 2 26 97
6 2 17 97
5 2 17 97
5 2 25 97
5 3 14 97
1 2 8 97
7 3 34 97
7 3 15 97
7 2 26 97
8 2 26 97
3 3 28 97
1 3 25 97
2 2 3 97
4 2 21 97
4 2 17 97
8 7 12 97
7 2 10 97
6 13 5 97
3 4 8 97
5 2 39 96
8 2 31 96
3 3 28 96
5 2 27 96
2 2 25 96
3 2 24 96
8 3 21 96
8 2 24 96
4 5 19 96
2 2 17 97
6 2 17 97
6 2 19 97
3 2 16 97
5 3 17 96
8 2 14 96
2 2 13 97
5 2 12 96
3 6 9 96
8 3 7 96
7 5 4 96
8 12 2 96
1 2 74 95
2 2 73 95
5 3 73 95
6 2 72 95
2 4 70 95
4 3 69 95
7 3 66 95
4 3 61 95
8 2 63 95
6 3 60 95
7 2 60 95
4 5 58 95
1 2 57 95
3 2 45 95
2 3 44 95
8 2 52 95
6 4 51 95
7 2 45 95
7 2 43 95
5 2 35 95
3 2 44 95
1 2 40 95
1 2 26 95
4 2 22 95
1 3 41 95
4 2 29 95
6 2 26 95
3 2 26 95
8 3 35 95
6 2 35 95
2 3 34 95
4 2 34 95
7 2 21 95
7 4 26 95
7 2 29 95
3 2 26 95
1 2 20 95
4 3 19 95
6 3 20 95
2 3 20 95
4 3 20 95
6 2 13 95
1 2 13 95
7 2 15 95
2 3 13 95
5 4 12 95
7 6 11 95
8 2 9 95
2 2 44 94
6 2 40 94
2 2 34 94
1 2 35 94
6 2 34 94
7 2 34 94
5 2 33 94
6 2 28 94
2 3 80 93
5 4 78 93
3 2 72 93
8 3 71 93
2 2 68 93
4 3 68 93
1 2 67 93
7 3 66 93
1 4 65 93
8 5 60 93
8 2 53 93
4 2 54 93
6 2 53 93
1 3 53 93
5 2 56 93
2 2 48 93
1 2 44 93
3 2 40 93
1 3 38 93
4 2 45 93
6 5 43 93
1 2 46 93
8 2 35 93
4 4 21 93
5 2 34 94
6 2 31 94
3 2 27 94
1 2 27 94
7 2 29 94
3 2 23 94
7 2 22 94
1 2 21 94
4 2 23 93
8 2 17 93
8 2 18 94
2 3 19 93
2 2 22 94
3 3 22 94
6 3 21 93
6 2 18 93
4 2 21 94
1 2 9 93
3 2 9 94
7 3 20 93
3 2 17 93
2 2 17 93
3 2 16 94
2 4 11 93
7 2 12 94
4 2 9 93
7 3 59 92
6 3 58 92
1 2 55 92
7 2 54 92
4 2 47 92
8 4 47 92
8 3 45 92
2 3 45 92
7 2 40 92
3 2 36 92
2 2 42 92
5 3 36 92
8 6 35 92
4 2 36 92
7 2 36 92
8 5 22 92
5 2 30 92
5 2 24 92
1 3 17 92
8 2 22 92
5 2 15 92
4 2 14 92
2 3 19 92
6 2 15 92
8 2 14 92
2 2 12 92
3 2 14 92
3 2 11 92
6 2 12 93
7 2 11 93
7 3 6 92
2 2 70 91
7 2 64 91
3 5 65 91
6 2 61 91
1 2 62 91
5 3 62 91
4 2 58 91
8 5 58 91
2 2 57 91
8 2 50 91
2 2 49 91
6 2 44 91
3 2 48 91
8 2 42 91
3 2 30 91
3 2 40 91
1 2 40 91
4 6 41 91
7 3 41 91
8 2 40 91
7 8 36 91
1 2 35 91
3 2 22 91
4 4 30 91
5 2 28 91
1 2 17 91
8 3 10 91
8 2 28 91
4 2 23 91
2 2 18 91
7 2 13 91
7 5 60 90
8 7 59 90
6 4 57 90
7 2 53 90
1 4 55 90
7 7 55 90
3 2 54 90
7 4 57 90
1 4 40 90
3 4 39 90
2 4 31 90
1 7 28 90
4 4 49 90
8 4 48 90
6 4 47 90
6 6 40 90
4 4 31 90
6 2 31 90
5 4 39 90
7 4 33 90
3 4 31 90
5 4 28 90
6 2 26 90
6 4 39 90
2 4 30 90
2 4 20 90
5 2 20 90
5 6 24 91
4 7 18 90
6 2 23 91
7 4 19 90
1 2 24 91
4 4 30 90
3 4 28 90
5 2 14 90
5 7 26 90
7 4 28 90
4 7 14 90
4 2 23 91
8 2 15 91
6 5 12 90
3 2 21 91
6 2 18 91
3 2 18 91
5 2 12 91
2 5 19 90
2 4 13 90
1 2 16 91
7 2 15 91
7 2 13 91
4 2 4 90
7 2 8 91
2 2 6 91
7 4 3 90
3 2 5 91
1 2 7 92
1 2 5 90
8 5 5 91
4 4 4 90
2 2 2 90
8 3 54 89
4 3 53 89
3 3 52 89
1 3 51 89
6 3 50 89
7 3 49 89
5 3 48 89
3 4 47 89
1 3 46 89
3 3 45 89
1 3 44 89
7 3 43 89
8 3 42 89
6 3 41 89
8 3 40 89
3 9 39 89
6 3 36 89
5 3 35 89
1 4 34 89
2 3 33 89
4 3 32 89
2 3 31 89
5 3 30 89
1 3 29 89
5 4 28 89
8 6 27 89
1 3 25 89
8 3 24 89
1 7 23 89
2 4 21 89
8 6 20 89
6 3 19 89
1 8 18 89
7 4 16 89
4 6 15 89
6 5 13 89
3 4 12 89
1 6 11 89
3 3 9 89
8 3 8 89
4 3 7 89
1 3 6 89
5 3 5 89
7 3 4 89
1 6 3 89
5 3 1 89
3 2 80 86
5 2 75 86
1 3 73 86
4 2 73 86
2 2 76 86
8 2 72 86
5 2 67 86
3 3 68 86
2 2 68 86
6 5 70 86
7 3 64 86
7 2 58 86
8 3 57 86
5 5 56 86
3 3 44 86
6 2 53 86
3 2 53 86
6 2 52 86
5 3 41 86
5 2 35 86
3 2 33 86
5 2 46 86
3 3 39 86
3 2 29 86
3 3 19 86
6 2 33 86
7 2 26 86
4 5 23 86
3 3 22 86
4 2 18 86
4 2 27 86
1 2 27 86
7 5 31 86
1 2 31 86
5 2 26 86
7 2 25 86
2 3 24 86
4 3 11 86
7 2 16 86
5 3 12 86
2 2 14 86
8 2 11 86
6 4 6 86
4 2 17 86
3 2 11 86
6 2 10 86
7 2 51 85
3 2 46 85
1 3 45 85
1 3 42 85
2 2 46 85
6 2 41 85
2 2 41 85
5 3 42 85
4 3 30 85
1 2 28 85
5 2 23 85
6 3 35 85
7 2 35 85
1 2 23 85
4 5 21 85
4 2 31 85
2 2 25 85
2 2 16 85
5 2 15 85
3 3 13 85
7 2 12 86
8 2 12 86
1 3 11 85
5 2 18 85
7 2 18 85
3 2 17 85
2 2 5 85
6 3 13 86
8 2 13 86
4 2 10 86
7 2 9 86
4 2 7 86
2 2 8 85
2 2 71 84
4 2 69 84
6 3 67 84
4 3 66 84
8 3 65 84
3 4 54 84
8 2 53 84
3 2 49 84
8 7 47 84
7 2 49 84
3 3 45 84
6 2 39 84
1 2 48 84
7 4 38 84
8 2 33 84
6 2 44 84
8 2 42 84
2 3 42 84
5 4 38 84
4 2 38 84
3 3 27 84
4 2 33 84
7 2 30 84
1 2 28 84
8 2 24 84
5 2 22 84
8 3 17 84
6 9 25 84
5 2 23 84
1 4 13 84
6 2 67 83
8 2 65 83
3 4 64 83
8 2 61 83
4 3 60 83
5 2 59 83
6 2 49 83
7 2 49 83
2 4 53 83
7 2 53 83
4 4 49 83
1 2 48 83
5 2 48 83
8 2 47 83
3 3 47 83
3 2 43 83
3 2 40 83
7 2 39 83
2 2 38 83
7 3 24 83
2 2 39 83
5 4 29 83
8 6 24 83
7 2 23 83
3 2 26 83
7 2 18 83
6 2 14 83
4 2 21 84
1 2 15 84
5 6 18 83
7 2 18 84
6 2 64 82
5 2 59 82
4 2 51 82
8 2 51 82
3 2 43 82
6 6 54 82
1 2 50 82
6 2 48 82
4 3 42 82
3 2 49 82
7 4 42 82
2 2 47 82
6 4 35 82
6 2 31 82
5 3 38 82
1 2 38 82
2 2 38 82
2 2 30 82
7 2 32 82
8 2 32 82
1 3 28 82
3 2 27 82
4 2 28 82
1 2 26 82
3 2 21 82
5 3 7 82
6 2 22 83
3 2 12 83
3 2 21 84
2 2 15 84
4 2 15 84
5 2 18 83
4 3 18 83
1 2 16 83
3 2 15 83
8 2 16 82
2 2 15 82
7 2 11 82
3 2 69 81
8 3 65 81
4 2 61 81
5 3 61 81
7 4 63 81
2 2 56 81
5 2 52 81
7 3 48 81
2 2 50 81
3 4 50 81
5 2 54 81
3 2 47 81
4 2 48 81
5 3 46 81
2 2 47 81
4 2 40 81
4 2 43 81
2 2 37 81
7 2 34 81
3 2 41 81
3 2 38 81
4 2 37 81
6 3 36 81
1 2 35 81
6 2 33 81
3 3 30 81
5 2 30 81
5 2 27 81
2 2 26 81
7 4 25 81
5 2 24 81
3 3 10 81
3 2 12 82
6 2 12 82
8 3 22 81
2 2 22 81
6 5 13 81
7 2 17 81
8 2 14 81
2 3 13 81
4 2 14 81
8 2 11 81
1 2 11 82
6 2 59 80
3 2 56 80
7 3 53 80
2 6 40 80
6 2 46 80
7 6 42 80
1 2 50 80
8 2 42 80
6 2 45 80
8 2 44 80
3 2 40 80
4 4 43 80
1 2 37 80
4 4 36 80
3 2 35 80
1 3 33 80
8 2 31 80
7 3 29 80
6 2 27 80
6 2 23 80
7 2 23 80
3 2 26 80
2 4 25 80
1 2 15 80
1 2 20 80
3 2 18 80
5 3 18 80
5 2 21 80
4 2 17 80
5 2 14 80
3 2 16 80
4 2 58 79
7 2 47 79
1 2 53 79
5 2 48 79
2 2 47 79
8 2 45 79
8 2 37 79
4 2 36 79
5 3 44 79
2 2 39 79
2 2 35 79
4 2 33 79
6 3 32 79
1 2 29 79
1 2 24 79
7 2 21 79
8 3 19 79
8 4 24 79
5 2 10 79
3 2 12 80
7 2 11 80
2 2 11 80
5 2 11 81
8 2 11 79
3 2 25 79
4 7 21 79
2 2 14 79
3 2 82 78
1 3 76 78
4 2 77 78
3 2 73 78
5 3 75 78
4 2 72 78
3 2 67 78
2 6 66 78
5 2 68 78
2 2 67 78
8 2 63 78
6 2 63 78
7 2 58 78
7 2 63 78
8 2 58 78
2 2 50 78
6 2 53 78
6 4 49 78
2 2 53 78
3 2 50 78
2 2 50 78
5 3 50 78
4 2 49 78
7 2 45 78
3 2 42 78
1 2 29 78
6 2 43 78
5 2 43 78
8 5 43 78
3 2 43 78
4 2 42 78
4 3 33 78
3 2 35 78
4 2 34 78
3 3 28 78
1 2 27 78
5 2 30 78
1 2 24 78
1 2 16 78
8 2 25 78
6 2 25 78
2 2 23 78
2 2 16 78
4 2 14 78
3 2 19 79
5 2 21 78
5 2 18 78
8 72 2 78
8 2 18 79
2 2 15 79
2 2 8 79
7 2 7 79
1 2 6 79
4 2 9 80
4 2 12 79
8 2 5 79
2 2 7 80
7 2 6 80
1 2 6 79
4 2 4 79
5 2 6 80
7 2 3 79
8 2 4 80
1 2 4 81
2 2 5 82
7 2 4 82
5 2 5 83
8 2 12 84
1 2 5 84
8 2 5 82
7 2 7 79
2 2 2 79
4 2 1 79
6 2 4 80
4 2 3 80
7 2 2 80
5 2 1 78
1 3 46 77
1 3 40 77
1 2 40 77
7 2 31 77
2 2 26 77
3 2 25 77
2 2 32 77
6 2 31 77
7 2 19 77
1 2 14 77
1 2 26 77
2 2 16 77
7 2 15 77
6 2 13 77
2 3 24 77
8 2 16 77
3 3 12 77
7 4 26 77
5 2 73 76
5 2 68 76
2 2 72 76
7 2 70 76
4 3 66 76
1 3 64 76
7 3 61 76
2 2 54 76
4 2 61 76
8 3 59 76
5 2 54 76
2 2 47 76
8 4 49 76
6 2 46 76
1 4 49 76
6 2 42 76
5 4 49 76
4 2 41 76
7 2 38 76
1 2 45 76
3 3 40 76
8 2 38 76
5 4 25 76
6 2 14 76
3 2 19 77
2 2 17 77
7 3 16 77
5 2 16 77
6 2 15 77
3 2 31 76
3 2 22 76
5 2 21 76
8 5 20 76
6 2 27 76
6 3 20 76
5 2 29 76
8 2 26 76
2 2 26 76
1 3 25 76
6 3 22 76
1 3 18 76
5 2 21 76
2 3 18 76
3 3 54 75
7 2 52 75
2 2 51 75
2 3 45 75
8 2 39 75
6 4 28 75
8 2 28 75
6 2 42 75
1 2 37 75
7 2 25 75
3 2 40 75
7 2 27 75
6 2 27 75
4 2 36 75
7 2 35 75
3 2 26 75
2 3 33 75
4 2 23 75
8 3 22 75
4 2 19 75
5 5 13 75
4 2 68 74
7 4 66 74
1 4 69 74
1 3 63 74
8 3 63 74
7 2 63 74
5 3 60 74
8 2 57 74
3 2 52 74
6 2 58 74
6 2 40 74
3 2 46 74
5 2 28 74
7 2 27 74
3 3 26 74
6 2 44 74
4 2 39 74
7 2 37 74
3 2 36 74
8 2 27 74
2 3 26 74
4 2 25 74
1 3 21 74
1 2 26 75
3 2 34 74
5 2 33 74
2 2 32 74
7 2 23 74
5 2 25 75
6 2 24 75
5 3 23 75
7 2 31 74
8 2 22 74
1 3 23 74
4 2 23 75
2 2 20 74
3 2 22 75
6 3 21 75
8 2 21 74
7 2 19 74
1 2 18 74
7 2 15 74
8 2 15 74
1 2 63 73
6 2 59 73
7 2 56 73
2 5 59 73
3 4 58 73
2 3 44 73
6 3 46 73
3 2 42 73
7 2 51 73
4 3 49 73
5 2 41 73
5 2 45 73
3 2 40 73
2 2 41 73
8 5 33 73
1 2 26 73
2 2 24 73
4 2 39 73
8 4 35 73
1 2 35 73
4 2 25 73
7 2 24 73
4 3 19 73
4 3 29 73
3 5 28 73
2 3 28 73
6 2 27 73
5 2 25 73
1 2 25 73
2 2 20 73
1 2 69 72
4 2 62 72
4 2 66 72
2 2 55 72
5 4 55 72
3 2 61 72
1 2 55 72
3 2 51 72
5 2 49 72
6 3 54 72
8 2 54 72
5 3 50 72
8 2 50 72
4 2 39 72
5 2 42 72
1 3 41 72
5 2 36 72
3 2 35 72
7 2 27 72
2 3 38 72
7 2 38 72
4 3 35 72
5 2 30 72
4 2 26 72
5 6 22 72
6 2 25 72
3 2 23 72
7 2 17 72
3 2 19 72
7 4 64 71
2 2 64 71
7 3 62 71
5 2 62 71
5 2 57 71
4 2 56 71
6 3 54 71
3 2 55 71
7 2 55 71
5 2 50 71
8 2 48 71
8 4 45 71
4 2 43 71
6 4 42 71
7 2 40 71
6 3 34 71
6 2 32 71
6 2 25 71
4 2 30 71
6 2 28 71
8 2 28 71
8 2 34 71
1 4 31 71
2 2 21 71
8 2 21 71
3 2 22 72
7 2 22 72
2 2 22 73
1 3 28 71
3 2 25 71
4 4 24 71
7 2 24 71
5 3 17 71
5 2 18 72
4 2 65 70
3 3 61 70
2 2 61 70
8 2 53 70
6 2 52 70
4 2 53 70
5 2 47 70
5 7 43 70
8 4 45 70
3 2 45 70
7 2 43 70
5 2 39 70
2 3 32 70
3 2 34 70
5 2 26 70
2 6 25 70
3 2 36 70
1 2 36 70
6 2 35 70
8 2 35 70
1 2 35 70
7 2 33 70
4 2 30 70
1 2 24 70
3 4 23 70
7 3 22 70
2 2 20 71
5 2 20 71
6 2 20 70
1 4 69 69
4 2 69 69
8 2 67 69
8 2 64 69
8 2 62 69
5 2 58 69
2 2 53 69
4 2 59 69
6 2 52 69
3 3 42 69
3 2 56 69
2 2 45 69
7 2 37 69
5 2 32 69
7 6 52 69
1 2 50 69
7 6 41 69
6 3 48 69
2 3 48 69
3 2 41 69
4 2 37 69
7 3 31 69
2 5 31 69
4 2 39 69
5 3 38 69
7 3 24 69
7 2 34 69
6 3 29 69
8 2 33 69
5 6 31 69
3 2 24 69
5 3 27 69
5 2 23 69
4 2 53 68
4 2 42 68
6 2 50 68
6 2 47 68
8 3 45 68
7 2 31 68
4 2 44 68
8 2 33 68
7 2 77 67
2 2 77 67
2 2 73 67
2 2 69 67
5 2 67 67
3 6 59 67
8 2 58 67
5 4 57 67
1 2 53 67
3 4 44 67
4 2 63 67
6 2 55 67
2 2 53 67
8 2 50 67
5 2 49 67
4 2 47 67
5 3 43 67
8 2 39 67
1 2 48 67
8 4 44 67
6 2 44 67
5 7 53 67
8 2 50 67
2 5 42 67
3 4 39 67
7 2 43 68
2 3 37 67
3 2 42 68
1 3 37 68
7 4 40 67
1 4 34 67
2 2 40 68
4 2 40 67
4 2 31 67
3 2 37 68
4 2 25 67
2 3 36 68
6 2 36 68
6 2 29 68
1 2 29 68
2 2 27 67
5 2 31 68
8 3 24 67
4 2 29 68
1 2 29 67
3 2 25 67
8 2 25 68
7 2 25 67
6 3 56 66
4 2 53 66
8 4 52 66
3 3 51 66
1 2 47 66
4 2 42 66
5 2 40 66
8 4 38 66
7 4 43 66
3 3 40 66
4 2 40 66
5 2 40 66
5 2 33 66
7 2 32 66
2 2 35 66
6 2 29 66
7 2 72 65
4 4 69 65
7 2 59 65
3 2 55 65
7 4 53 65
6 3 62 65
3 2 59 65
7 2 59 65
1 2 60 65
8 2 58 65
2 2 57 65
6 2 56 65
4 2 54 65
5 2 52 65
6 2 51 65
2 2 46 65
4 2 45 65
1 2 41 65
5 3 35 65
8 2 37 65
2 2 31 65
1 2 30 65
4 3 27 65
3 2 32 66
1 2 32 66
3 4 28 66
6 4 31 65
7 2 30 65
8 2 29 65
4 2 61 64
6 2 60 64
2 3 59 64
3 4 58 64
8 3 55 64
2 3 60 64
1 2 56 64
4 3 56 64
2 2 54 64
7 2 55 64
5 4 44 64
3 2 41 64
1 2 37 64
7 2 36 64
3 4 34 64
8 3 34 64
6 2 31 64
1 2 36 65
3 2 26 64
4 2 37 64
1 2 27 64
1 2 34 65
4 2 29 65
3 2 29 66
3 2 33 64
5 3 29 64
5 2 30 65
6 3 67 63
5 3 56 63
8 3 73 63
2 2 73 63
3 3 70 63
3 2 64 63
1 3 58 63
5 4 48 63
3 2 56 63
6 2 45 63
6 2 63 63
6 4 50 63
2 2 57 63
1 2 44 63
8 2 48 63
2 2 48 63
8 3 40 63
4 2 48 63
6 3 34 63
4 2 38 63
7 2 35 63
2 3 34 63
5 2 43 63
3 2 35 63
1 2 35 63
8 3 34 63
1 3 30 63
5 3 32 63
2 3 27 63
5 3 25 63
4 3 67 62
6 2 62 62
8 2 55 62
6 2 54 62
5 2 51 62
4 3 42 62
4 2 53 62
4 2 48 62
5 3 44 62
7 2 50 62
3 2 41 62
2 2 44 62
7 3 34 62
8 2 38 62
1 2 37 62
3 2 32 62
6 2 32 62
4 2 76 61
5 3 72 61
5 2 75 61
8 2 75 61
5 3 70 61
6 2 65 61
2 3 66 61
6 2 66 61
5 3 65 61
2 4 64 61
2 2 60 61
3 3 59 61
3 2 56 61
3 2 45 61
8 2 52 61
3 3 51 61
4 3 44 61
8 2 43 61
8 3 37 61
2 2 44 61
1 2 44 61
1 2 46 61
4 2 43 61
2 2 42 62
3 2 41 61
2 4 31 61
7 2 35 62
4 4 31 62
2 3 73 60
8 2 69 60
4 2 63 60
1 4 62 60
3 2 74 60
7 2 67 60
1 2 67 60
8 2 64 60
1 2 60 60
5 2 60 60
3 4 65 60
5 2 49 60
8 2 41 60
5 3 41 60
5 2 59 60
8 4 57 60
4 2 57 60
7 2 56 60
3 2 51 60
1 2 47 60
4 3 37 60
4 2 47 60
7 2 40 60
7 3 32 60
5 2 33 61
6 2 46 60
3 2 46 60
1 2 45 60
4 2 36 60
4 2 32 60
6 2 34 61
3 2 38 60
7 2 38 60
2 5 37 60
2 2 60 59
4 2 56 59
6 3 56 59
6 2 54 59
5 2 55 59
8 2 51 59
1 3 50 59
8 2 47 59
8 2 41 59
4 2 37 59
5 4 36 59
6 2 35 59
1 2 31 59
7 2 32 60
3 2 30 60
8 2 31 61
6 2 30 60
1 3 30 61
7 4 86 58
8 2 81 58
4 2 76 58
3 2 77 58
3 2 66 58
5 2 75 58
4 2 68 58
4 2 63 58
4 3 59 58
6 2 58 58
1 2 68 58
8 2 67 58
8 2 62 58
1 2 56 58
7 3 54 58
2 2 55 58
4 3 54 58
2 2 50 58
1 2 49 58
6 2 54 58
2 6 47 58
2 3 51 58
4 3 51 58
1 2 46 58
3 2 45 58
1 2 39 58
1 2 35 58
3 2 34 58
2 2 44 58
5 3 41 58
7 2 69 57
2 2 68 57
7 2 66 57
5 3 64 57
2 2 63 57
4 2 62 57
1 2 60 57
6 2 58 57
3 3 56 57
8 2 56 57
4 2 55 57
6 2 52 57
8 2 44 57
1 2 44 58
7 2 43 58
4 3 46 57
7 3 39 57
2 5 74 56
1 2 75 56
3 2 71 56
5 3 82 56
3 3 79 56
7 2 80 56
3 2 75 56
8 2 67 56
8 2 70 56
4 2 68 56
3 2 66 56
5 3 61 56
2 3 68 56
7 2 68 56
3 3 57 56
1 3 62 56
6 2 62 56
2 2 59 56
7 2 56 56
5 2 50 56
5 2 48 56
8 2 52 56
5 2 51 56
1 2 48 56
4 2 44 56
4 2 51 56
7 5 49 56
7 2 46 56
2 2 44 56
1 2 43 56
8 2 43 57
6 4 42 56
3 2 42 57
1 2 41 56
2 2 37 56
8 2 36 57
4 2 38 58
6 2 36 58
7 2 36 57
8 2 36 58
7 2 37 59
2 2 68 55
4 2 64 55
1 2 63 55
5 2 62 55
8 3 57 55
6 2 57 55
2 2 44 55
4 3 58 55
6 2 42 55
7 2 39 55
6 2 85 54
6 2 77 54
7 4 80 54
2 2 80 54
1 3 75 54
5 2 77 54
8 2 63 54
4 3 62 54
6 2 48 54
5 5 68 54
7 3 58 54
4 2 38 54
7 2 44 54
7 2 52 55
8 2 51 55
2 2 50 55
5 2 48 55
1 2 62 54
8 3 54 54
2 4 54 54
4 2 56 54
2 2 56 54
1 2 51 54
8 2 48 54
1 2 47 55
8 2 43 54
3 2 48 55
5 2 46 55
7 2 46 55
6 2 48 54
4 2 47 54
2 2 43 54
1 2 42 54
2 2 37 54
5 2 37 55
2 2 38 54
3 2 37 54
6 2 36 55
7 4 35 54
1 2 62 53
6 5 66 53
4 2 68 53
7 2 68 53
5 3 68 53
4 3 66 53
5 2 56 53
4 2 62 53
3 4 54 53
7 3 52 53
1 2 56 53
2 2 50 53
3 3 50 53
2 2 53 53
1 2 47 53
5 2 46 53
7 4 44 53
3 3 44 53
8 2 46 53
8 2 44 53
4 2 42 53
2 3 42 53
8 2 36 53
8 3 72 52
6 2 69 52
7 4 68 52
7 3 65 52
8 3 64 52
5 3 63 52
3 3 59 52
4 5 55 52
3 4 52 52
1 2 51 52
2 2 48 52
6 3 43 52
6 2 50 52
6 2 47 52
3 2 37 52
1 2 38 52
6 2 38 53
5 3 36 52
8 2 41 52
1 2 41 52
6 2 77 51
1 2 76 51
2 2 74 51
5 2 74 51
3 2 70 51
5 2 67 51
1 3 67 51
6 2 56 51
2 2 50 51
7 6 49 51
1 2 53 51
2 3 51 51
5 2 59 51
8 2 58 51
2 2 47 51
3 2 55 51
7 2 51 51
5 2 51 51
3 2 43 51
7 3 43 51
1 5 39 51
4 2 38 51
3 2 37 52
5 4 37 51
4 5 67 50
1 2 66 50
6 2 63 50
8 2 56 50
4 4 53 50
6 2 49 50
2 3 47 50
8 2 45 50
6 2 55 50
5 2 53 50
1 3 42 50
4 2 47 50
8 2 45 50
1 2 45 50
4 2 45 51
7 2 45 51
5 3 42 50
4 2 43 51
2 2 40 50
2 4 38 50
8 2 82 49
2 6 80 49
6 2 76 49
3 2 55 49
5 2 54 49
2 2 48 49
7 2 48 49
7 2 71 49
4 2 69 49
6 2 67 49
4 2 66 49
7 2 55 49
5 2 55 49
5 2 65 49
1 2 60 49
4 4 53 49
3 2 53 49
2 2 46 49
6 3 45 49
8 2 47 49
3 2 43 49
2 3 48 49
3 2 73 48
4 4 72 48
5 2 68 48
4 2 67 48
1 2 68 48
2 4 64 48
5 2 64 48
3 2 64 48
4 2 49 48
5 2 49 48
3 4 52 49
1 4 51 49
4 2 46 48
6 4 54 48
8 2 50 48
3 2 50 48
1 3 45 48
4 4 44 48
8 2 62 47
5 2 59 47
2 3 50 47
5 2 71 47
3 3 57 47
6 2 54 47
7 2 42 47
8 2 72 47
6 3 63 47
4 2 69 47
7 2 68 47
5 2 68 47
1 3 66 47
7 2 64 47
6 4 57 47
3 2 60 47
8 3 53 47
2 2 60 47
1 3 54 47
5 5 54 47
3 2 66 46
4 4 66 46
2 4 64 46
5 3 59 46
3 3 58 46
3 4 58 46
8 2 51 46
4 2 57 47
1 2 56 47
2 2 51 47
2 2 56 46
4 5 53 46
6 2 53 47
8 2 53 47
7 3 51 46
6 5 76 45
2 3 77 45
7 3 80 45
5 2 77 45
1 2 76 45
5 3 72 45
8 3 73 45
8 2 69 45
8 2 66 45
7 2 67 45
6 2 65 45
2 2 64 45
6 2 62 45
7 2 55 45
5 2 54 45
8 2 56 45
2 3 48 45
1 2 50 45
7 2 51 46
2 2 51 45
3 2 51 45
5 2 52 45
4 2 49 45
2 2 50 46
1 2 49 46
5 2 46 45
6 2 72 44
4 2 68 44
6 2 64 44
3 4 63 44
4 2 55 44
3 2 54 44
6 2 58 44
8 2 49 44
8 5 58 44
5 3 57 44
3 3 49 44
3 3 86 43
8 2 81 43
6 2 81 43
6 2 83 43
7 3 82 43
5 5 81 43
4 2 77 43
4 2 75 43
7 2 65 43
1 4 74 43
5 5 65 43
8 2 65 43
2 2 70 43
3 4 66 43
1 3 60 43
3 2 60 43
2 2 63 43
4 4 57 43
7 2 55 43
1 2 55 44
4 2 61 43
8 2 55 43
1 3 54 43
6 2 52 44
7 2 42 43
2 2 50 44
6 2 47 44
7 2 47 44
3 2 50 44
1 2 46 44
2 2 47 44
5 2 43 44
2 2 42 44
7 2 44 45
8 2 43 43
4 4 43 44
3 2 66 42
8 2 65 42
6 2 64 42
5 4 62 42
2 2 65 42
4 6 65 42
6 2 63 42
1 2 62 42
5 2 56 42
5 2 53 42
1 2 55 42
8 2 50 42
2 3 55 42
7 2 43 42
8 12 39 42
5 2 42 43
1 2 42 43
8 2 41 43
7 2 44 42
3 2 44 42
6 2 46 42
7 2 46 42
5 2 45 42
2 2 44 42
4 2 43 42
8 12 2 42
2 2 37 43
4 2 38 44
7 2 40 45
6 2 43 46
5 2 41 46
2 2 40 46
3 2 41 45
1 2 39 45
8 2 38 45
7 2 37 44
4 2 36 43
5 2 35 43
6 2 34 43
4 2 33 43
1 4 32 43
8 2 31 43
4 2 30 43
1 2 29 43
6 2 28 43
4 2 27 43
1 2 26 43
2 4 25 43
5 2 24 43
7 2 23 43
6 4 22 43
4 2 21 43
5 2 20 43
8 2 19 43
2 2 18 43
1 2 17 43
3 2 16 43
6 2 15 43
5 2 14 43
3 2 13 43
4 2 12 43
2 2 11 43
3 2 10 43
8 2 9 43
4 2 8 43
1 2 7 43
6 2 6 43
4 2 5 43
3 2 4 43
8 2 3 43
5 2 2 43
6 2 1 43
2 2 66 41
7 2 60 41
7 3 57 41
1 2 48 41
3 2 48 41
8 4 57 41
7 2 52 41
1 2 51 41
6 2 50 41
4 2 45 41
4 2 29 41
1 2 28 41
6 2 68 40
3 3 68 40
5 3 78 40
5 2 66 40
2 3 62 40
7 5 72 40
5 4 60 40
5 3 53 40
1 6 69 40
4 2 61 40
3 3 57 40
3 2 53 40
1 2 54 40
5 2 52 40
7 3 58 40
6 3 61 40
5 2 58 40
4 2 58 40
7 2 58 40
4 3 50 40
2 3 52 40
1 2 52 40
4 2 39 40
8 2 44 41
2 2 42 41
5 2 43 40
8 2 44 41
4 2 36 40
4 2 43 41
4 2 33 40
8 2 37 41
7 2 38 40
1 2 38 40
7 2 37 40
1 2 32 40
4 2 30 40
2 2 33 41
4 2 33 41
1 2 29 40
5 2 31 41
6 2 30 41
8 2 55 39
3 2 54 39
8 2 58 39
4 2 58 39
2 2 56 39
2 2 50 39
2 3 58 39
1 3 55 39
8 3 50 39
3 2 55 39
7 2 53 39
2 2 47 39
6 2 47 39
1 2 48 39
6 2 32 39
3 3 68 38
1 2 57 38
1 4 59 38
8 2 66 38
3 2 59 38
6 2 57 38
2 2 57 38
4 2 67 38
7 2 58 38
1 2 58 38
5 2 56 38
8 3 54 38
4 2 55 38
5 3 50 38
7 2 47 38
4 2 48 39
3 2 78 37
3 2 69 37
6 2 68 37
4 2 68 37
5 3 61 37
5 2 70 37
1 4 67 37
4 2 67 37
4 4 62 37
8 3 59 37
8 4 55 37
2 2 56 37
2 2 54 37
6 3 52 37
1 2 54 38
1 3 52 38
3 2 52 38
8 9 45 37
7 2 50 37
8 2 49 37
2 2 46 37
1 2 46 37
8 2 47 38
6 2 47 37
5 2 29 37
4 2 31 38
8 2 42 39
1 4 31 39
2 2 37 39
4 2 33 39
4 3 35 38
2 2 40 39
7 2 35 39
7 2 39 38
2 2 29 38
8 2 30 39
1 2 30 38
1 2 33 39
5 2 34 38
4 2 17 37
4 2 29 38
5 2 30 39
6 2 29 39
2 2 29 39
7 2 27 38
5 2 27 39
8 2 29 40
1 2 29 38
6 3 26 38
4 3 26 38
5 2 24 38
8 3 23 38
2 2 22 38
1 2 21 38
3 2 20 38
6 3 19 38
5 2 18 38
3 2 17 38
8 9 8 37
4 2 16 38
2 3 15 38
3 2 14 38
8 2 13 38
4 4 12 38
1 2 11 38
6 2 10 38
4 2 9 38
3 2 8 38
5 2 8 37
8 2 75 36
5 3 64 36
5 2 73 36
7 3 64 36
1 2 58 36
2 2 55 36
2 2 51 36
3 2 46 36
6 2 63 36
4 2 62 36
1 2 61 36
5 5 58 36
5 2 59 36
4 2 44 36
4 2 41 36
5 2 28 36
3 2 21 36
3 2 18 36
5 8 2 36
6 2 6 37
1 2 5 37
7 2 4 37
2 2 3 37
6 2 2 37
8 2 1 37
7 2 43 36
6 2 36 36
5 3 27 36
8 2 23 36
1 2 21 36
8 2 2 36
1 2 4 37
8 2 6 38
7 2 25 39
6 2 27 40
6 2 24 39
5 2 24 40
4 2 23 39
5 2 22 39
8 3 21 39
2 3 21 39
1 2 19 39
3 2 18 39
6 2 17 39
5 3 16 39
3 2 15 39
4 2 14 39
2 3 13 39
3 2 12 39
8 2 11 39
4 2 10 39
1 2 9 39
6 3 8 39
4 2 7 39
3 3 6 39
5 2 5 38
6 2 4 38
7 2 4 37
8 2 36 36
3 2 36 36
6 3 22 36
4 3 22 36
7 2 32 36
2 2 31 36
7 2 21 36
6 2 18 36
4 2 13 36
4 2 55 35
8 2 56 35
1 3 47 35
2 2 47 35
4 4 41 35
1 2 41 35
3 4 49 35
8 3 36 35
7 2 44 35
4 2 42 35
4 2 37 35
6 2 33 35
5 2 31 35
1 2 35 35
1 2 30 35
6 2 35 35
8 2 35 35
4 2 29 35
3 2 28 36
7 2 28 35
8 2 25 35
1 2 23 35
4 2 27 36
2 3 19 35
3 2 24 36
5 2 23 36
2 2 23 36
7 2 22 36
1 2 18 36
4 2 18 35
3 5 17 35
4 2 15 35
4 2 17 36
4 3 69 34
3 2 57 34
4 3 54 34
2 2 52 34
6 2 50 34
1 2 58 34
8 3 57 34
1 2 51 34
2 2 47 34
6 2 53 34
3 2 51 34
4 2 51 34
1 2 45 34
2 2 49 34
7 2 48 34
4 2 37 34
1 2 33 34
2 2 32 34
5 2 31 34
5 3 27 34
5 2 21 34
4 2 19 34
2 2 18 34
6 2 18 35
1 3 29 34
1 2 21 34
4 2 21 34
8 3 22 34
2 2 63 33
3 3 64 33
1 2 56 33
1 2 52 33
6 2 51 33
2 2 62 33
6 3 59 33
1 2 59 33
7 2 49 33
4 3 48 33
2 2 47 33
6 3 46 33
1 2 36 33
7 2 33 33
8 2 34 34
7 2 47 33
4 2 40 33
4 2 37 33
4 2 31 33
5 2 33 34
1 2 37 33
5 2 30 33
6 2 26 33
8 2 31 34
1 2 27 34
6 2 32 33
6 2 19 33
6 2 22 34
2 2 20 34
4 3 20 33
7 2 20 34
6 2 32 33
2 3 25 33
3 2 26 34
5 2 25 34
4 2 25 33
3 4 24 33
7 2 24 34
3 2 19 33
2 2 21 33
4 2 18 33
8 3 18 33
6 2 9 33
1 2 14 34
5 2 15 35
1 2 16 36
6 2 13 34
8 2 13 35
1 2 15 34
2 2 15 34
3 2 14 34
4 3 12 34
6 2 14 35
3 2 11 34
8 2 10 34
5 2 9 34
4 2 62 32
8 2 62 32
7 2 62 32
1 2 61 32
6 3 59 32
8 3 49 32
5 2 56 32
2 4 55 32
4 2 51 32
3 2 47 32
2 2 46 32
4 2 48 32
6 2 48 32
7 2 44 32
7 2 37 32
8 2 43 32
8 3 35 32
2 2 37 32
6 2 33 32
5 3 36 32
4 2 33 32
2 2 30 32
8 2 27 32
8 2 30 32
1 2 29 32
6 2 20 32
8 2 13 32
5 2 25 32
4 2 23 32
1 2 20 32
5 6 7 32
6 6 2 32
8 2 4 33
6 2 8 34
1 2 7 34
7 3 7 34
2 2 5 34
6 2 4 34
7 2 3 33
2 4 2 33
1 2 1 33
5 2 4 33
8 3 10 32
3 2 12 32
8 4 11 32
5 2 10 32
1 2 2 32
5 2 62 31
4 3 57 31
2 3 57 31
8 2 59 31
2 3 53 31
1 2 56 31
7 2 52 31
4 5 51 31
4 2 45 31
5 3 44 31
6 2 43 31
7 2 42 31
8 3 43 31
4 3 43 31
4 2 18 31
1 3 17 31
1 4 76 30
7 3 76 30
5 2 69 30
2 2 67 30
3 2 67 30
2 2 71 30
5 2 62 30
1 2 59 30
5 2 52 30
8 2 48 30
8 2 27 30
1 2 35 31
6 2 49 30
6 2 45 30
2 2 45 30
7 2 58 30
8 19 56 30
1 4 45 30
7 2 52 30
7 2 49 30
5 2 41 30
8 2 36 30
1 2 25 30
1 2 31 31
7 2 28 31
2 2 48 30
4 3 46 30
1 2 46 30
1 2 33 30
7 2 33 31
8 3 43 30
1 2 39 30
5 2 39 30
7 2 37 30
6 2 36 30
3 2 36 31
4 2 35 30
6 2 31 30
4 2 31 30
8 3 17 30
2 2 24 31
6 3 22 31
4 2 19 31
1 2 19 31
8 2 26 31
5 2 26 31
2 2 25 31
4 2 25 31
5 2 24 31
4 3 22 30
3 3 21 30
1 2 22 31
6 2 22 30
8 2 13 30
7 2 20 31
5 2 19 31
6 2 15 31
3 2 13 31
5 19 12 30
6 2 11 30
6 19 7 30
3 2 11 31
7 2 8 30
4 2 9 31
2 4 7 30
1 2 7 31
4 2 45 29
4 2 27 29
4 3 20 29
8 2 32 29
1 2 32 29
5 2 36 29
7 2 35 29
8 2 35 29
6 2 36 29
4 2 33 29
2 2 31 29
5 2 27 29
3 2 26 29
4 3 22 29
2 2 19 29
1 2 27 29
3 3 26 29
6 2 25 29
6 2 20 29
5 2 20 29
8 2 18 29
5 2 17 29
2 2 11 29
7 74 3 29
1 2 3 30
2 3 3 30
8 2 3 31
7 3 2 31
8 2 6 32
6 2 2 32
6 2 5 31
2 3 2 31
7 2 1 32
1 2 1 30
2 3 61 28
3 3 59 28
4 2 66 28
2 2 65 28
8 3 62 28
3 2 62 28
5 2 61 28
6 2 59 28
1 2 53 28
4 3 42 28
5 2 36 28
6 2 19 28
8 2 11 28
4 2 45 28
4 2 42 28
1 3 41 28
6 2 38 28
5 2 16 28
2 2 16 28
5 2 40 28
1 2 27 28
4 2 22 28
4 2 19 28
1 2 18 28
8 16 13 28
4 2 30 28
2 2 28 28
8 3 16 28
1 2 12 28
3 2 12 28
8 2 28 28
2 2 20 28
7 2 20 28
1 3 26 28
3 2 26 28
7 2 24 28
5 2 21 28
8 2 20 28
3 3 20 28
2 2 15 28
1 2 51 27
7 2 41 27
4 2 49 27
4 2 46 27
6 2 44 27
1 2 39 27
6 3 39 27
2 2 43 27
2 2 37 27
7 3 34 27
7 2 35 27
3 2 35 27
4 2 33 27
6 2 32 27
1 2 29 27
5 2 28 27
6 2 20 27
3 2 25 27
3 2 15 27
4 2 16 28
5 2 14 28
4 2 17 27
6 2 14 27
2 2 71 26
4 3 67 26
1 2 66 26
5 3 66 26
1 2 63 26
7 2 61 26
3 3 50 26
4 3 45 26
6 2 47 26
4 2 46 26
6 2 42 26
4 2 41 26
2 2 39 26
6 2 29 26
5 3 29 26
4 3 45 26
1 2 40 26
8 2 39 26
5 2 36 26
7 2 35 26
5 2 32 26
4 2 22 26
4 2 65 25
5 3 65 25
1 4 63 25
2 2 59 25
5 2 58 25
7 2 38 25
4 2 36 25
1 2 38 26
8 2 37 26
7 2 50 25
8 2 43 25
2 2 38 25
5 2 35 25
1 2 34 25
6 2 36 26
4 2 38 25
2 2 33 25
5 2 34 26
2 2 49 25
4 3 43 25
1 3 39 25
3 2 27 25
2 2 35 26
7 2 31 26
8 2 28 26
1 2 36 25
1 5 70 24
3 3 68 24
6 2 59 24
4 3 54 24
8 2 54 24
5 3 51 24
7 4 59 24
5 2 56 24
8 2 46 24
7 2 45 24
6 2 48 24
6 2 38 24
2 2 39 25
2 2 52 24
1 2 50 24
4 4 47 24
2 2 46 24
1 2 41 24
4 2 37 24
7 4 61 23
3 2 60 23
2 2 58 23
2 2 53 23
7 2 52 23
5 2 51 23
3 2 50 23
8 2 49 23
7 2 45 23
8 2 44 24
3 2 44 24
1 3 44 23
1 2 45 23
2 3 67 22
6 4 73 22
8 2 74 22
8 4 67 22
2 2 55 22
4 2 51 22
1 3 76 21
5 4 75 21
5 4 70 21
3 2 74 21
2 2 69 21
7 2 68 21
7 2 69 22
4 2 69 22
5 2 69 21
7 2 65 21
4 2 62 21
2 2 64 21
6 3 64 22
5 3 60 21
7 2 61 22
1 2 57 21
8 2 56 21
4 3 55 21
4 2 57 22
2 2 43 21
4 2 47 22
1 2 46 22
6 2 40 21
3 2 52 22
8 2 45 22
7 2 47 23
2 2 47 23
6 4 45 23
4 3 44 22
5 2 45 22
5 2 41 22
7 2 40 22
1 3 41 21
2 2 36 21
6 2 39 22
1 2 41 23
2 2 39 23
8 2 40 22
2 2 41 22
3 2 41 23
4 3 38 22
5 2 41 23
5 2 37 22
8 2 36 22
4 2 30 21
1 2 34 22
3 2 41 23
2 2 34 23
5 2 37 24
7 2 41 25
5 2 35 24
6 2 35 24
3 2 33 22
8 2 34 23
1 2 33 23
6 2 32 22
5 2 31 22
3 2 30 22
7 2 33 23
4 2 34 24
8 2 36 25
8 3 34 25
7 2 17 21
2 2 28 22
4 2 28 23
3 2 31 24
6 3 30 24
6 2 33 25
3 2 33 25
7 2 32 26
5 2 29 24
3 2 28 24
4 2 30 25
3 2 31 26
6 2 30 25
3 2 27 22
2 2 27 23
8 3 27 22
4 2 25 22
1 2 24 22
6 2 23 22
4 2 22 22
3 2 21 22
8 2 20 22
5 3 20 22
6 2 18 22
1 2 17 22
2 2 16 21
7 2 16 22
2 2 12 21
6 2 14 22
2 2 14 23
3 2 25 24
8 2 24 24
1 2 26 25
1 2 28 26
4 3 28 26
8 2 27 26
4 2 25 25
2 4 25 26
4 2 23 24
1 2 22 24
6 2 21 24
4 2 20 24
3 2 19 24
8 2 18 24
5 3 18 24
6 2 16 24
1 2 15 24
7 2 14 24
8 2 13 22
7 2 12 22
1 2 11 21
2 3 67 20
1 2 65 20
8 7 63 20
6 2 61 20
8 3 59 20
5 2 60 20
4 2 50 20
1 2 58 20
1 2 53 20
6 2 53 20
8 2 48 20
4 2 48 20
6 2 22 20
8 3 21 20
1 2 42 20
6 2 42 20
2 2 42 20
3 2 29 20
5 7 20 20
7 2 42 20
4 2 27 20
7 2 18 20
2 4 17 20
5 2 32 20
8 2 27 20
8 2 23 20
5 2 15 20
4 2 25 20
5 2 22 20
3 2 22 20
4 2 26 20
1 2 26 20
6 3 22 20
3 2 24 20
2 3 24 20
6 7 14 20
1 3 14 20
6 2 12 20
7 8 2 20
5 2 8 21
2 2 9 22
2 2 10 23
6 2 12 24
2 2 12 25
6 2 23 26
4 2 18 26
5 2 21 27
3 2 21 26
1 2 13 26
7 2 12 26
2 2 18 27
8 2 16 27
1 2 17 28
7 3 17 27
6 2 12 25
1 2 15 26
6 2 14 26
3 3 14 26
8 2 13 25
8 2 11 24
7 2 10 24
1 4 9 23
4 2 7 21
7 2 6 21
6 2 5 21
2 2 4 21
7 2 3 21
5 2 2 21
4 2 1 21
7 2 7 20
8 2 1 20
7 2 59 19
8 3 52 19
2 2 51 19
3 2 49 19
5 2 43 19
2 2 37 19
5 2 45 19
4 2 42 19
1 2 38 19
5 2 35 19
4 4 28 19
2 2 31 19
6 2 16 19
3 2 16 19
1 2 26 19
6 2 21 19
8 2 15 19
8 2 13 19
2 2 31 19
3 2 30 19
6 3 29 19
8 2 21 19
1 3 12 19
3 2 20 19
1 2 16 19
2 2 14 19
1 3 68 18
7 2 67 18
5 3 66 18
4 2 63 18
7 2 57 18
7 2 52 18
1 2 54 18
6 4 51 18
8 2 41 18
4 2 30 18
1 3 29 18
5 2 25 18
6 24 18 18
8 2 16 18
4 2 16 19
7 2 16 19
5 2 37 18
2 2 36 18
4 2 26 18
1 2 26 18
2 3 39 18
3 2 33 18
7 2 14 18
5 2 13 19
5 2 31 18
6 2 23 18
7 2 19 18
8 2 17 18
2 2 18 19
7 2 32 18
6 2 28 18
4 2 26 18
6 2 18 18
5 2 18 19
3 2 24 18
4 2 18 18
2 3 17 18
1 2 12 18
3 2 15 19
1 5 16 18
7 2 16 19
4 2 15 18
7 2 15 18
2 2 14 18
6 2 58 17
1 2 56 17
4 2 54 17
8 2 49 17
4 2 36 17
4 2 33 17
6 2 31 17
4 2 30 17
8 3 16 17
6 2 42 17
4 3 41 17
5 2 27 17
2 2 16 17
7 23 6 17
3 2 13 18
2 2 11 18
5 2 10 18
5 2 11 19
4 2 9 18
7 3 8 18
6 2 7 18
2 2 6 18
5 3 29 17
8 4 20 17
5 2 32 17
3 2 28 17
6 3 27 17
7 2 19 17
2 2 18 17
5 2 12 17
5 2 65 16
1 2 61 16
4 3 60 16
2 2 58 16
6 3 57 16
1 2 49 16
8 2 42 16
8 2 37 16
8 2 52 16
1 2 40 16
4 2 36 16
6 2 43 16
2 2 35 16
8 4 26 16
5 2 40 16
1 2 24 16
2 2 27 17
2 2 39 16
5 2 36 16
2 3 36 16
4 2 35 16
4 2 28 16
1 3 27 16
3 2 23 16
6 2 25 17
5 2 24 17
7 3 23 17
2 2 22 16
6 2 17 16
8 3 16 17
1 4 16 17
5 3 14 16
3 2 21 17
7 2 12 16
7 2 16 17
1 2 14 17
4 2 14 17
4 2 15 17
7 2 15 16
8 2 14 16
2 3 14 16
1 22 2 16
5 2 5 17
8 2 6 18
1 2 10 17
4 2 8 17
4 2 4 17
8 2 3 17
6 2 2 17
2 4 1 17
6 2 58 15
1 2 45 15
1 2 53 15
5 2 49 15
2 3 44 15
7 2 47 15
5 2 44 15
8 2 31 15
4 4 48 15
2 3 46 15
4 2 44 15
8 2 43 15
3 3 41 15
6 2 40 15
8 2 34 15
4 3 33 15
4 2 30 15
5 3 19 15
5 2 34 15
7 2 21 15
6 2 19 15
3 3 19 15
5 2 23 15
5 2 11 15
4 2 12 15
6 2 10 15
2 3 64 14
4 3 60 14
6 2 58 14
4 3 55 14
5 2 48 14
1 2 48 14
1 2 43 14
8 3 37 14
5 3 43 14
2 2 37 14
6 2 23 14
3 2 27 15
2 2 25 15
3 3 39 14
8 2 19 14
1 2 21 15
7 2 21 15
2 2 20 15
4 2 19 15
7 2 41 14
5 2 29 14
4 2 29 14
3 2 34 14
8 3 26 14
1 3 26 14
3 2 21 14
4 2 65 13
8 3 64 13
4 2 62 13
4 2 65 13
5 2 62 13
8 3 46 13
1 2 58 13
2 2 51 13
4 2 47 13
6 2 35 13
4 2 31 13
8 2 54 13
8 2 32 13
5 17 21 13
2 3 74 12
4 3 66 12
7 2 71 12
1 2 65 12
5 2 60 12
6 2 62 12
4 2 61 12
2 2 53 12
4 2 51 12
5 2 60 12
1 2 56 12
1 2 53 12
7 2 51 12
6 2 50 12
6 2 43 12
7 2 50 13
5 2 44 13
7 2 43 13
6 3 51 12
3 2 51 12
5 3 49 12
5 2 42 12
1 2 42 13
8 2 42 13
8 2 45 12
4 2 36 12
4 2 33 12
8 14 27 12
1 2 36 13
6 2 26 13
2 2 29 14
2 2 39 13
5 2 39 13
4 3 36 13
1 2 29 13
8 2 29 12
6 2 64 11
7 2 65 11
2 2 62 11
1 2 61 11
5 2 60 11
6 2 59 11
8 2 58 11
6 2 56 11
1 2 51 11
7 2 48 11
8 3 46 11
4 3 49 11
4 2 46 11
2 2 45 11
1 2 44 11
8 2 44 11
4 3 42 11
5 2 40 11
2 2 38 11
3 2 36 11
1 2 35 12
6 3 70 10
8 2 52 10
1 2 59 10
2 2 52 10
4 3 52 10
5 2 60 10
6 2 59 10
5 3 81 9
7 2 79 9
6 2 75 9
8 3 71 9
1 2 71 9
4 2 70 9
5 2 70 9
2 2 68 9
8 7 65 9
7 3 66 9
8 3 60 9
4 2 64 9
4 3 59 9
4 4 60 10
4 2 56 9
1 2 59 10
7 2 58 10
2 3 58 10
1 2 55 9
7 3 72 8
4 2 68 8
6 2 58 8
1 3 57 8
8 2 77 7
7 3 76 7
8 3 72 7
2 2 68 7
1 2 57 7
6 2 79 6
7 2 76 6
6 2 73 6
5 2 73 6
4 2 66 6
5 2 65 6
7 2 68 7
2 2 68 6
1 2 62 6
1 2 66 7
7 2 64 7
3 2 66 8
8 2 64 8
5 2 65 7
4 2 62 7
4 3 57 6
4 2 59 7
1 2 63 8
6 2 59 8
1 2 58 7
5 2 58 8
4 2 60 7
6 3 59 7
8 2 61 6
2 2 60 6
8 2 59 6
2 2 56 6
6 2 46 6
5 2 54 7
2 2 57 8
2 2 54 8
6 2 54 9
8 2 55 8
5 2 54 8
4 2 53 9
7 2 53 7
6 3 52 7
4 3 52 7
5 2 50 7
8 2 49 7
2 2 48 7
1 2 47 7
3 2 46 7
6 3 32 6
5 3 44 7
6 2 44 8
5 2 48 9
1 2 51 10
8 2 47 9
8 2 50 10
2 2 46 9
1 2 45 9
6 2 45 10
3 2 44 9
3 2 43 7
4 2 42 7
2 2 41 7
3 2 40 7
8 2 39 7
4 2 38 7
1 2 37 7
6 2 36 7
4 2 35 7
3 2 34 7
8 2 33 7
5 2 32 7
7 3 19 6
1 3 30 7
6 2 30 8
5 2 42 9
3 2 41 9
5 2 43 10
6 2 41 10
4 3 40 9
2 2 39 9
3 2 38 9
8 2 37 9
4 2 36 9
1 2 35 9
6 3 34 9
7 2 34 9
4 2 33 9
3 3 32 9
8 2 31 9
5 2 30 9
7 2 29 7
2 2 28 7
6 2 27 7
8 2 26 7
7 5 25 7
2 2 24 7
1 2 23 7
2 3 22 7
1 2 21 7
5 3 20 7
4 3 19 7
8 2 70 5
6 2 69 5
2 2 66 5
8 3 58 5
2 2 58 5
3 2 43 5
1 2 63 5
7 2 63 5
1 2 47 5
6 2 44 5
5 3 42 5
4 2 54 5
4 2 50 5
8 2 48 5
7 2 43 5
8 2 41 5
8 3 35 5
1 2 48 5
7 11 31 5
1 2 35 5
6 3 34 5
4 2 34 5
5 2 44 5
5 2 39 5
3 2 33 5
1 2 31 5
5 2 27 5
8 3 36 5
7 2 36 5
6 2 27 5
2 2 24 5
7 7 23 5
4 2 26 5
2 2 24 5
6 2 20 5
1 2 15 5
8 2 20 5
3 3 3 5
8 2 13 6
6 2 17 7
7 2 17 8
1 2 28 9
6 2 28 10
8 2 35 11
5 2 28 11
2 2 33 12
3 2 32 12
6 2 32 12
7 2 27 9
2 3 26 9
6 2 25 9
8 3 24 9
7 2 23 9
2 2 22 9
1 2 21 9
2 2 20 9
1 2 19 9
5 2 18 9
4 2 17 9
2 2 16 7
7 2 15 7
5 2 14 7
4 2 13 7
6 2 12 6
2 2 11 6
4 2 10 6
8 3 9 6
3 2 8 6
2 2 7 6
5 2 6 6
4 2 5 6
3 11 4 6
8 11 3 6
1 3 2 6
6 3 1 6
4 2 2 5
2 2 51 4
8 3 43 4
6 2 53 4
3 3 51 4
1 2 38 4
6 5 28 4
5 2 39 4
6 2 38 4
4 2 38 4
4 2 45 4
1 2 41 4
4 2 39 4
8 3 36 4
6 2 33 4
3 2 22 4
7 2 34 4
2 2 33 4
2 2 28 4
5 2 24 4
6 3 21 4
8 2 29 4
1 2 25 4
4 2 22 4
3 2 20 4
5 4 26 4
7 2 26 4
2 3 15 4
1 2 21 4
4 2 21 4
7 2 18 4
1 2 8 4
8 2 15 4
6 2 14 4
4 2 6 4
4 2 7 5
4 2 58 3
2 2 48 3
8 2 46 3
2 2 54 3
2 3 34 3
2 2 15 3
1 2 12 3
5 2 12 4
8 3 35 3
5 2 46 3
4 2 39 3
6 2 32 3
5 3 29 3
3 2 43 3
8 2 39 3
4 3 38 3
1 2 31 3
4 2 31 3
1 2 30 3
7 2 28 3
4 2 17 3
4 2 11 3
2 2 11 4
7 3 10 4
4 2 22 3
6 2 22 3
2 2 25 3
3 2 10 3
8 2 52 2
8 3 55 2
1 2 44 2
6 3 43 2
6 2 47 2
4 2 43 2
7 2 48 2
2 2 47 2
4 2 47 2
3 2 51 2
5 2 49 2
5 3 45 2
1 2 45 2
7 4 38 2
8 2 41 2
1 2 41 2
2 3 39 2
5 2 36 2
8 2 28 2
6 2 14 2
1 2 22 3
7 2 22 3
1 2 13 2
5 2 13 3
3 2 13 3
7 2 35 2
8 4 10 2
2 2 13 3
8 2 11 3
8 2 66 1
7 2 25 1
6 2 27 2
1 2 21 1
6 2 21 2
3 3 10 1
6 2 23 2
5 2 19 2
3 3 5 1
1 2 22 2
6 2 2 1
4 2 24 2
7 2 2 2
3 2 5 3
2 2 6 4
8 2 4 3
1 2 3 3
8 2 5 4
3 2 4 4
6 2 2 3
5 2 6 4
5 2 2 4
5 2 3 5
4 2 4 6
8 2 11 7
6 2 15 8
7 2 15 9
3 2 28 10
6 2 28 10
1 3 27 10
8 2 26 10
7 2 25 10
2 2 24 10
6 2 23 10
8 2 22 10
7 2 21 10
2 2 20 10
1 2 19 10
2 2 18 10
1 2 17 10
5 2 16 10
4 3 15 10
6 2 15 9
2 2 14 8
7 2 13 8
5 2 12 8
4 2 11 8
6 2 10 7
2 2 9 7
4 2 8 7
8 2 7 7
3 2 6 7
2 2 5 7
5 2 4 7
1 3 4 5
4 3 5 3
1 2 14 2
3 2 14 2
5 2 1 2
