11135
3804
7 2 91 98
5 2 90 98
6 2 96 98
5 2 91 98
1 2 91 98
7 2 93 98
5 2 93 98
1 2 76 98
1 2 83 98
4 2 83 98
5 2 80 98
7 2 78 98
3 2 70 98
1 3 78 98
5 4 69 98
8 2 53 98
6 4 52 98
3 2 68 98
1 2 67 98
5 2 51 98
1 2 50 98
3 4 49 98
8 3 54 98
2 3 49 98
7 2 57 98
6 2 43 98
3 4 41 98
3 2 38 98
5 2 31 98
1 2 48 98
2 2 48 98
6 2 28 98
2 2 40 98
5 2 29 98
1 2 29 98
7 3 45 98
7 3 42 98
8 2 42 98
7 3 36 98
3 2 34 98
2 3 28 98
5 3 35 98
1 2 29 98
8 3 28 98
4 2 28 98
5 2 28 98
6 3 20 98
8 2 31 98
1 2 24 98
7 4 22 98
3 3 23 98
5 2 22 98
4 2 18 98
8 3 15 98
8 3 19 98
2 2 13 98
7 3 7 98
5 3 6 98
4 2 1 98
2 2 50 97
2 3 52 97
1 2 48 97
3 2 44 97
2 2 43 97
5 2 40 97
3 3 40 97
5 2 34 97
6 4 28 97
5 2 27 97
2 3 27 97
2 2 30 97
1 2 21 97
6 3 20 97
6 2 12 97
5 2 12 97
7 2 14 98
4 2 5 97
4 2 12 98
6 2 4 98
2 2 19 97
2 3 16 97
6 2 11 97
4 2 13 97
5 2 4 97
4 2 9 98
4 2 71 96
3 3 70 96
3 6 66 96
4 3 66 96
5 2 72 96
2 4 58 96
1 2 53 96
7 4 67 96
4 2 57 96
1 3 47 96
2 3 61 96
6 2 61 96
1 3 56 96
7 2 54 96
2 2 50 96
5 3 48 96
3 2 48 96
6 3 41 96
5 2 50 96
7 2 32 96
7 2 30 96
5 2 29 96
8 2 27 96
7 3 45 96
7 2 39 96
8 3 37 96
3 2 42 96
4 3 25 96
1 2 33 96
3 2 23 96
4 2 28 96
5 2 16 96
5 3 31 96
4 2 31 96
6 6 30 96
3 4 26 96
7 2 25 96
7 2 14 96
7 5 16 96
4 3 15 96
1 2 15 96
3 2 12 96
8 2 12 96
3 2 19 96
2 2 10 96
6 2 15 97
3 2 5 96
6 4 4 97
8 2 6 98
2 2 6 97
6 2 5 97
1 2 5 98
1 4 15 96
5 2 5 96
4 2 4 96
3 2 3 97
4 2 5 98
6 2 5 97
5 2 8 96
2 5 4 96
6 2 8 96
5 2 3 96
7 2 40 95
5 3 34 95
3 2 46 95
7 2 44 95
2 3 39 95
4 2 33 95
6 3 41 95
6 2 33 95
8 2 29 95
3 2 26 95
7 2 26 95
1 3 25 95
4 2 23 95
3 2 22 95
2 2 19 95
8 2 18 95
2 7 16 95
8 3 15 95
7 2 18 95
2 2 18 95
2 2 15 95
8 5 11 95
7 2 9 95
4 3 7 95
4 2 13 95
3 2 9 95
5 2 7 95
4 2 2 95
1 2 1 95
8 2 3 96
2 2 6 95
1 2 5 95
7 2 4 95
7 2 53 94
3 2 48 94
6 3 49 94
5 2 49 94
4 4 48 94
6 2 45 94
4 2 41 94
4 2 34 94
5 3 42 94
8 2 38 94
5 2 36 94
3 2 13 94
4 2 29 94
4 7 15 94
7 3 33 94
4 2 25 94
3 4 14 94
5 3 25 94
6 2 25 94
7 2 24 94
2 2 21 94
5 2 18 94
6 2 13 94
8 4 11 94
8 3 21 94
7 2 10 94
5 2 9 94
6 3 14 94
2 2 16 94
4 3 10 94
8 2 10 94
7 2 10 94
6 2 7 94
1 2 6 94
4 2 3 94
6 2 2 95
6 2 63 93
3 2 59 93
1 3 52 93
8 2 42 93
5 2 39 93
1 2 38 93
1 2 31 93
8 2 31 93
3 4 36 93
5 2 50 93
7 2 39 93
5 2 36 93
3 2 46 93
6 2 36 93
1 3 35 93
4 2 29 93
4 3 39 93
2 3 35 93
2 3 28 93
6 4 32 93
6 2 30 93
7 2 27 93
6 2 25 93
7 2 30 93
2 2 24 93
1 2 28 93
7 2 16 93
7 4 21 93
3 3 21 93
1 4 11 93
3 2 12 93
2 3 8 93
1 2 14 93
3 2 8 93
5 2 6 93
6 2 7 93
7 5 3 93
5 2 1 94
7 2 62 92
1 2 53 92
4 2 47 92
2 2 56 92
7 2 48 92
8 2 47 92
5 2 44 92
7 2 44 92
5 3 46 92
4 2 49 92
7 2 48 92
3 4 47 92
2 2 44 92
3 2 39 92
3 2 40 92
7 2 38 92
1 2 37 92
8 3 27 92
8 2 22 92
8 2 14 92
5 2 11 92
3 2 31 92
2 3 31 92
6 2 30 92
4 3 29 92
7 2 29 92
3 2 17 92
8 3 16 92
8 2 10 92
4 2 20 92
2 2 18 92
1 2 18 92
3 3 19 92
1 4 9 92
5 2 14 92
7 3 13 92
3 2 8 92
5 3 8 92
6 2 10 92
8 2 5 92
5 2 5 93
7 2 5 93
6 2 4 94
6 3 5 92
7 2 3 92
8 2 59 91
2 2 59 91
5 3 55 91
6 2 56 91
8 2 56 91
1 3 51 91
7 2 51 91
2 3 50 91
4 3 47 91
5 2 41 91
4 3 41 91
1 2 35 91
6 2 36 91
2 3 36 91
5 2 33 91
5 2 34 91
3 2 29 91
8 2 27 91
4 3 22 91
5 2 25 91
6 2 23 91
6 2 21 91
8 2 24 91
3 3 24 91
4 2 23 91
8 2 15 91
7 2 17 91
2 2 11 91
4 3 9 91
1 2 13 91
7 2 7 91
3 3 3 91
4 2 10 91
7 2 74 90
2 2 70 90
1 4 69 90
2 2 67 90
2 3 55 90
1 2 58 90
2 3 58 90
1 2 53 90
6 2 41 90
8 4 53 90
5 2 53 90
7 2 47 90
1 2 44 90
8 2 39 90
5 2 37 90
6 2 45 90
3 2 45 90
6 2 32 90
7 3 43 90
3 2 40 90
6 2 38 90
3 2 37 90
5 2 32 90
4 3 29 90
4 2 33 90
8 3 26 90
7 2 24 90
2 2 12 90
1 2 32 90
8 3 29 90
4 2 29 90
4 3 17 90
7 2 16 90
1 2 16 90
2 2 14 90
5 3 3 90
1 2 11 91
5 2 9 91
2 2 4 91
8 2 10 90
7 2 9 90
2 2 15 90
8 2 68 89
1 2 67 89
6 4 42 89
2 2 63 89
5 4 59 89
6 2 61 89
7 2 59 89
4 2 57 89
6 2 55 89
5 2 52 89
6 3 49 89
2 2 53 89
3 4 53 89
3 2 39 89
6 2 36 89
7 2 45 89
1 2 44 89
8 3 43 89
5 3 43 89
4 2 34 89
5 2 34 89
8 2 33 89
2 3 38 89
7 2 35 89
3 2 30 89
5 3 26 89
4 2 31 89
3 2 22 89
7 2 20 89
1 2 18 89
5 2 17 89
7 2 14 89
1 2 14 90
1 4 19 89
2 2 16 89
6 2 12 89
4 2 10 89
2 2 10 90
5 2 9 90
8 2 15 89
1 2 7 89
8 2 12 90
3 2 9 90
1 2 9 90
5 2 11 89
6 2 6 89
8 3 63 88
4 2 59 88
1 3 50 88
3 2 60 88
1 2 45 88
4 3 43 88
7 2 54 88
6 3 44 88
2 2 51 88
7 3 49 88
8 2 49 88
4 2 48 88
8 2 44 88
6 3 38 88
3 2 29 88
5 4 32 88
3 2 39 88
6 2 38 88
1 3 24 88
6 2 25 88
7 2 24 88
8 2 19 88
3 2 18 88
4 2 17 88
5 2 30 88
7 2 23 88
6 3 16 88
1 2 18 88
5 2 18 88
3 2 15 88
6 2 13 88
7 2 12 88
6 2 8 88
3 2 6 88
4 3 5 89
2 2 7 90
6 2 7 91
8 2 5 90
3 2 5 90
7 2 5 89
7 2 73 87
6 5 72 87
6 2 68 87
2 4 59 87
5 2 52 87
5 3 50 87
6 2 61 87
8 2 59 87
2 3 48 87
4 2 58 87
7 4 57 87
2 2 57 87
7 3 42 87
1 6 52 87
3 3 50 87
5 2 36 87
7 2 48 87
8 4 40 87
1 2 40 87
2 2 24 87
1 2 45 87
8 2 43 87
4 2 23 87
8 4 32 87
3 2 30 87
1 2 29 87
6 2 29 87
2 2 25 87
1 2 25 87
1 2 22 87
5 2 31 87
4 6 25 87
4 2 17 87
5 3 22 87
7 3 19 87
1 2 17 87
2 3 15 87
5 3 14 87
4 2 16 87
3 3 15 87
7 3 14 87
6 2 9 87
2 2 14 87
3 3 9 87
5 2 8 87
3 2 8 88
2 3 2 87
3 2 5 88
2 2 4 88
6 2 4 87
5 2 4 87
6 2 3 88
7 3 55 86
1 2 51 86
2 3 53 86
5 2 46 86
6 3 45 86
1 2 45 86
5 2 37 86
2 2 34 86
8 2 29 86
3 2 25 86
8 2 42 86
1 2 41 86
5 3 23 86
8 3 38 86
7 2 33 86
4 2 32 86
3 2 30 86
1 3 29 86
1 2 27 86
6 2 26 86
7 2 25 86
8 2 23 86
7 2 20 86
7 2 18 86
2 2 13 86
2 2 25 86
1 2 22 86
1 2 11 86
1 3 9 86
2 3 4 86
2 2 15 86
4 2 9 86
1 4 60 85
1 3 60 85
2 2 58 85
1 2 53 85
6 2 53 85
8 3 52 85
7 2 51 85
1 2 50 85
6 2 47 85
4 3 45 85
7 2 44 85
7 3 42 85
3 2 41 85
5 2 40 85
1 4 37 85
8 2 30 85
3 3 25 85
7 3 31 85
4 2 28 85
6 3 24 85
4 5 21 85
2 3 24 85
3 2 19 85
6 2 25 85
6 2 15 85
8 2 14 85
2 2 13 85
4 2 13 86
1 4 18 85
5 5 14 85
3 3 14 86
5 2 13 86
5 2 9 85
8 2 10 86
2 3 10 85
6 4 6 85
1 3 2 85
4 2 3 86
5 5 4 85
7 2 60 84
7 2 56 84
6 3 50 84
4 2 55 84
2 3 50 84
7 2 48 84
4 2 45 84
3 4 43 84
6 2 47 84
4 2 41 84
6 4 40 84
6 2 43 84
7 3 41 84
1 2 38 84
2 2 34 84
8 3 29 84
2 3 32 84
4 5 30 84
4 2 22 84
6 2 28 84
8 2 28 84
5 2 27 84
4 2 19 84
8 7 18 84
1 2 16 84
5 3 14 84
8 2 21 84
8 4 12 84
7 2 9 84
2 2 8 84
3 2 10 84
4 3 8 84
1 2 64 83
6 2 64 83
3 5 57 83
2 2 56 83
7 2 55 83
6 2 55 83
1 4 57 83
5 8 54 83
5 2 47 83
4 4 45 83
7 3 44 83
7 3 48 83
4 2 48 83
2 3 44 83
8 2 36 83
6 2 39 83
2 2 30 83
8 4 37 83
3 2 27 83
2 3 34 83
7 2 34 83
5 2 19 83
1 6 18 83
5 2 12 83
6 2 10 83
4 2 9 84
1 2 18 83
3 3 15 83
4 2 14 83
1 2 9 83
7 2 9 83
3 2 10 84
8 2 8 83
6 2 10 84
2 3 8 83
5 2 8 84
4 2 4 83
7 2 4 83
3 2 7 84
8 2 7 84
5 2 7 83
7 2 7 83
3 2 6 83
7 2 63 82
2 2 61 82
1 2 54 82
8 3 53 82
5 5 49 82
1 2 58 82
1 2 54 82
3 2 51 82
4 3 50 82
2 2 48 82
4 2 52 82
7 2 46 82
2 2 35 82
8 2 44 82
6 2 35 82
8 2 33 82
5 2 32 82
5 2 33 82
3 3 31 82
6 3 28 82
5 2 23 82
1 3 31 82
5 2 31 82
2 2 31 82
8 2 24 82
1 2 21 82
1 2 30 82
1 2 23 82
8 2 18 82
5 2 18 82
7 2 25 82
5 3 23 82
2 4 14 82
8 2 14 82
1 3 12 82
2 2 17 82
8 2 17 82
6 4 6 82
1 3 4 83
6 2 60 81
2 3 55 81
4 2 54 81
2 3 51 81
3 3 49 81
5 2 48 81
8 2 48 81
6 2 47 81
7 2 40 81
2 2 33 81
8 7 38 81
1 3 32 81
5 2 30 81
2 2 33 81
5 2 33 81
6 2 27 81
3 2 24 81
4 2 24 81
6 2 21 81
4 6 20 81
4 6 15 81
6 2 18 81
3 2 16 81
8 2 4 81
8 3 6 82
1 2 5 82
7 2 11 81
6 3 9 81
2 2 9 82
2 2 5 81
1 4 11 81
6 2 2 81
4 3 5 81
3 2 5 82
7 5 67 80
2 2 64 80
8 2 56 80
7 3 60 80
5 7 50 80
7 6 48 80
3 3 45 80
1 2 46 80
7 2 43 80
2 2 48 80
1 2 42 80
8 2 41 80
2 2 41 80
1 2 33 80
3 5 32 80
8 2 29 80
7 2 27 80
6 2 16 80
8 4 16 80
5 2 37 80
4 4 33 80
8 2 31 80
3 2 24 80
7 3 14 80
5 2 29 80
1 2 11 80
1 2 21 80
4 2 20 80
5 2 13 80
7 5 9 80
5 2 8 80
2 2 7 81
1 6 22 80
8 2 22 80
3 4 21 80
2 2 16 80
2 2 14 80
6 2 9 80
3 3 9 80
6 2 13 80
5 3 11 80
4 2 1 80
8 2 5 81
7 2 3 81
7 2 4 82
6 2 4 82
6 2 4 80
8 2 6 80
4 2 3 80
6 2 2 80
4 2 44 79
5 2 41 79
2 4 44 79
2 5 37 79
6 2 35 79
6 6 16 79
5 2 34 79
7 2 29 79
4 2 26 79
4 2 12 79
7 2 12 79
2 4 27 79
1 4 25 79
1 4 8 79
7 3 19 79
8 4 19 79
6 4 18 79
2 3 15 79
5 3 14 79
2 3 12 79
6 2 16 79
1 2 14 79
8 2 12 79
7 3 11 79
2 3 2 79
7 3 2 80
6 2 2 79
2 2 2 80
3 2 56 78
2 2 54 78
5 2 53 78
2 2 47 78
1 2 53 78
6 2 47 78
5 2 36 78
7 2 36 78
8 2 47 78
2 2 46 78
5 2 38 78
5 2 32 78
3 5 35 78
7 2 42 78
6 2 38 78
7 2 35 78
1 2 28 78
8 3 25 78
3 4 23 78
6 2 22 78
7 2 28 78
5 2 28 78
2 2 26 78
4 3 7 78
5 2 23 78
6 2 23 78
8 4 9 78
4 2 9 78
2 3 16 78
8 2 16 78
1 2 10 78
5 7 6 78
4 4 9 78
7 2 9 78
6 2 65 77
5 2 63 77
2 2 39 77
4 2 55 77
5 2 44 77
6 2 43 77
2 2 40 77
3 2 33 77
4 4 33 77
5 3 28 77
4 2 37 77
1 2 27 77
8 4 25 77
1 3 42 77
1 2 35 77
6 3 23 77
4 2 32 77
2 3 16 77
2 2 28 77
4 2 26 77
6 2 17 77
1 2 14 77
3 2 25 77
7 2 23 77
3 2 12 77
5 2 11 77
7 3 74 76
5 2 70 76
2 2 65 76
2 2 62 76
4 2 65 76
7 2 56 76
8 3 55 76
5 2 61 76
7 2 60 76
8 9 58 76
2 3 55 76
6 3 38 76
6 2 55 76
1 2 55 76
3 2 51 76
4 3 47 76
6 2 46 76
2 2 45 76
7 2 43 76
8 2 37 76
8 2 40 76
7 2 35 76
6 2 35 76
5 2 33 76
8 2 31 76
7 2 29 76
4 3 37 76
6 4 31 76
7 2 30 76
3 2 30 76
2 2 31 76
7 2 31 76
6 2 28 76
6 2 22 76
7 2 22 77
1 2 23 76
4 2 20 76
1 2 19 76
8 2 20 77
5 2 19 76
1 3 16 76
7 2 16 76
5 2 14 76
1 2 8 76
4 2 3 76
7 2 3 77
7 2 4 76
2 2 8 77
3 3 2 76
5 3 1 76
8 3 61 75
7 2 59 75
5 2 54 75
6 2 60 75
7 2 52 75
1 2 56 75
6 3 53 75
2 2 53 75
3 2 53 75
1 2 51 75
2 4 51 75
7 2 47 75
2 2 45 75
3 7 45 75
8 2 44 75
7 2 43 75
2 4 37 75
8 3 35 75
3 3 34 75
6 2 30 75
8 5 28 75
1 5 27 75
3 2 24 75
7 2 22 75
1 2 20 75
2 3 25 75
8 3 25 75
2 2 22 75
6 2 16 75
8 2 18 75
5 2 18 75
1 2 17 75
7 2 12 75
8 2 11 75
7 2 14 75
5 2 7 75
3 2 4 75
2 4 6 75
3 3 6 75
4 2 5 75
4 4 3 75
3 3 56 74
3 3 44 74
4 2 45 74
3 2 41 74
1 2 28 74
7 6 42 74
8 2 42 74
2 2 41 74
8 2 25 74
4 2 38 74
4 4 23 74
7 3 24 74
1 2 30 74
7 2 25 74
1 3 20 74
4 2 27 74
8 2 23 74
6 2 21 74
5 2 20 74
5 4 8 74
5 2 5 74
1 2 5 74
3 4 15 74
8 2 12 74
4 2 12 74
6 2 11 74
7 2 18 74
4 2 18 74
5 5 15 74
4 2 6 74
3 3 6 74
2 4 11 74
5 2 3 74
4 2 3 74
2 3 2 74
6 2 7 74
7 2 6 74
5 2 5 74
4 2 4 74
4 3 58 73
2 2 55 73
3 2 54 73
3 2 40 73
5 3 39 73
4 2 38 73
3 2 34 73
3 2 42 73
2 2 41 73
8 3 30 73
8 3 42 73
6 2 36 73
7 2 35 73
5 2 12 73
2 2 25 73
8 2 25 73
6 3 33 73
7 2 34 73
4 2 33 73
6 2 25 73
3 2 20 73
5 2 20 73
3 3 27 73
8 2 24 73
5 2 13 73
3 4 9 73
7 2 19 73
2 4 17 73
5 2 67 72
2 2 64 72
8 2 63 72
8 3 59 72
4 5 58 72
7 2 58 72
5 2 57 72
7 2 54 72
2 2 54 72
3 5 43 72
7 2 42 72
2 2 40 72
8 7 36 72
5 2 34 72
7 2 31 72
3 2 33 72
1 2 27 72
4 2 21 72
2 2 21 72
1 2 21 72
8 2 16 72
1 2 18 73
1 2 16 73
4 2 16 72
8 2 15 73
5 3 22 72
2 2 22 72
4 2 13 72
4 2 16 73
1 2 11 72
5 2 11 73
3 2 11 73
7 2 11 72
2 5 10 72
3 2 18 72
7 2 18 72
3 2 10 72
1 3 10 73
6 2 3 72
4 2 9 73
2 2 8 73
7 2 2 72
7 3 10 72
1 3 6 72
6 2 70 71
8 2 68 71
3 2 63 71
7 3 54 71
1 2 62 71
2 2 58 71
5 2 49 71
1 2 42 71
6 2 42 71
4 3 41 71
8 2 53 71
6 2 53 71
7 2 52 71
1 2 42 71
4 4 36 71
6 2 30 71
3 2 29 71
4 2 29 71
8 2 39 71
5 3 25 71
3 2 26 71
1 2 23 71
4 2 22 71
1 3 20 71
2 2 33 71
6 3 19 71
4 2 26 71
8 4 20 71
2 2 26 71
2 2 22 71
6 2 11 71
5 3 23 71
2 3 13 71
5 4 14 71
5 4 10 71
3 3 18 71
1 2 12 71
6 3 8 71
1 2 8 71
8 3 6 71
7 2 5 71
8 2 2 71
6 2 5 72
2 2 6 73
1 2 6 73
6 2 3 72
4 3 9 71
5 3 4 71
7 2 5 71
6 2 5 71
6 3 2 71
5 2 49 70
1 3 46 70
3 3 46 70
8 4 43 70
8 2 47 70
7 2 42 70
4 2 22 70
6 7 33 70
6 8 39 70
6 2 36 70
8 3 36 70
1 2 35 70
4 2 34 70
4 2 27 70
1 2 27 70
2 3 14 70
5 2 11 70
5 2 21 70
7 2 10 70
4 2 22 70
6 2 18 70
5 2 14 70
1 2 14 70
1 2 8 70
3 2 3 70
8 4 11 70
3 2 8 70
1 2 1 70
6 2 64 69
3 2 59 69
6 2 58 69
6 2 61 69
5 2 58 69
3 3 57 69
1 2 56 69
8 2 57 69
6 2 44 69
5 2 41 69
7 3 36 69
2 2 52 69
1 2 49 69
5 2 26 69
3 2 24 69
5 3 23 69
1 3 22 69
7 2 36 69
1 2 26 69
7 2 20 69
3 2 20 69
8 3 39 69
3 4 35 69
2 2 32 69
7 2 24 69
2 4 15 69
2 2 29 69
5 2 29 69
6 2 30 69
5 2 30 69
7 2 22 69
6 2 12 69
3 2 12 70
3 2 25 69
3 2 17 69
4 2 17 69
4 2 11 69
5 3 11 70
7 2 11 70
1 2 16 69
2 2 9 69
2 2 6 69
6 2 6 70
8 2 2 69
5 2 8 70
8 2 11 69
4 2 63 68
5 2 63 68
7 2 62 68
5 2 50 68
6 2 47 68
1 3 57 68
2 3 56 68
8 3 41 68
5 2 54 68
7 3 53 68
8 2 44 68
4 2 32 68
3 4 30 68
4 2 26 68
7 5 45 68
1 3 38 68
4 2 42 68
8 2 42 68
6 3 34 68
2 4 34 68
8 2 33 68
5 2 35 68
3 2 33 68
6 2 33 68
1 2 20 68
6 2 20 68
8 2 19 68
2 2 13 68
3 2 18 68
1 2 18 68
6 4 12 68
7 2 14 68
4 2 13 68
6 2 12 68
1 4 7 68
5 2 9 69
7 4 12 68
4 2 11 68
4 2 3 68
8 2 4 69
6 2 2 69
7 2 7 70
6 2 4 70
1 2 5 69
7 4 3 68
7 2 59 67
6 2 58 67
2 2 56 67
3 2 52 67
4 2 47 67
6 2 45 67
3 2 44 67
2 2 43 67
3 2 39 67
6 2 36 67
1 2 37 67
2 2 35 67
3 4 40 67
6 3 37 67
6 2 33 67
8 2 35 67
1 3 30 67
4 3 29 67
7 2 25 67
4 2 20 67
2 3 16 67
8 2 24 67
2 4 18 67
7 2 18 67
5 2 14 67
6 2 17 67
5 2 11 67
7 5 5 67
3 2 57 66
1 2 65 66
3 3 63 66
5 2 51 66
3 2 51 66
8 2 62 66
7 2 62 66
4 3 54 66
8 3 54 66
4 2 41 66
1 4 37 66
7 4 52 66
4 2 52 66
7 3 46 66
3 2 50 66
6 2 49 66
6 2 31 66
2 2 46 66
8 3 24 66
6 2 42 66
5 2 34 66
2 2 29 66
1 2 29 66
5 2 38 66
2 3 31 66
8 2 27 66
4 3 26 66
3 2 16 66
5 2 25 66
2 2 21 66
8 2 12 66
2 3 5 66
5 2 5 67
3 4 4 66
5 2 14 67
8 2 9 67
3 2 5 67
6 3 23 66
4 3 18 66
5 2 18 66
7 2 57 65
8 2 56 65
2 2 53 65
4 2 55 65
3 3 53 65
6 2 56 65
1 2 53 65
1 3 50 65
5 5 46 65
4 2 43 65
8 2 40 65
7 2 41 65
1 2 40 65
3 2 36 65
8 2 36 65
3 2 40 65
2 3 31 65
1 3 37 65
2 2 36 65
6 3 30 65
3 3 32 65
4 3 24 65
7 2 24 65
7 2 30 65
5 2 28 65
2 3 24 65
1 2 24 65
3 6 21 65
1 2 19 65
7 4 16 65
7 2 13 65
4 2 15 65
3 2 14 65
7 3 10 65
4 2 3 65
6 2 5 66
1 2 13 67
7 2 13 67
4 2 10 67
1 2 10 67
7 2 69 64
1 2 66 64
2 2 57 64
8 3 42 64
8 2 47 64
4 2 47 64
7 3 53 64
4 4 51 64
6 2 46 64
6 3 40 64
7 3 39 64
1 2 43 64
5 2 42 64
3 5 42 64
8 2 38 64
5 2 36 64
2 5 39 64
5 3 28 64
5 2 29 64
7 3 29 64
8 4 19 64
8 2 25 64
6 2 21 64
6 2 19 64
6 3 27 64
2 2 24 64
5 2 15 64
5 3 13 64
2 2 12 64
1 2 19 64
5 3 17 64
6 2 22 64
7 2 16 64
5 3 8 64
4 2 14 64
8 2 9 64
8 2 6 64
7 2 11 64
4 2 9 64
8 2 9 64
1 2 6 64
8 2 55 63
3 2 51 63
6 2 48 63
1 2 47 63
5 3 39 63
7 4 40 63
4 5 37 63
1 2 29 63
8 2 29 63
2 2 32 63
3 2 29 63
1 3 24 63
3 2 22 63
8 2 18 63
8 2 25 63
5 2 25 63
8 2 34 63
6 3 33 63
2 3 24 63
7 2 20 63
1 3 16 63
7 4 22 63
7 2 24 63
4 3 23 63
2 2 14 63
4 4 16 63
1 2 18 63
2 2 18 63
3 4 17 63
3 3 12 63
6 2 10 63
1 3 9 63
7 2 3 63
5 5 64 62
6 2 62 62
5 2 60 62
4 3 44 62
5 2 54 62
4 2 50 62
7 2 50 62
6 2 42 62
7 2 52 62
6 4 49 62
1 3 47 62
5 2 37 62
6 4 29 62
2 2 29 62
8 3 44 62
4 2 43 62
1 2 40 62
4 2 33 62
2 2 32 62
8 3 27 62
3 4 29 62
5 3 23 62
6 4 35 62
1 2 20 62
4 3 25 62
1 5 31 62
7 2 20 62
4 2 19 62
2 2 22 62
6 2 67 61
4 2 60 61
2 2 58 61
8 3 46 61
6 3 56 61
1 3 49 61
6 2 46 61
1 2 40 61
4 4 46 61
3 2 51 61
4 2 51 61
4 2 39 61
6 2 52 61
6 4 44 61
8 2 37 61
5 3 40 61
1 2 38 61
3 2 38 61
2 4 45 61
2 2 36 61
8 4 39 61
2 2 31 61
5 3 29 61
4 2 35 61
4 2 33 61
1 2 33 61
6 3 26 61
8 7 30 61
3 2 26 61
4 2 26 61
1 3 25 61
4 2 16 61
7 2 23 62
5 2 16 61
6 2 19 61
7 2 15 61
1 2 15 62
5 5 14 62
5 2 6 61
2 2 5 61
4 2 13 62
3 2 11 62
4 2 3 61
6 2 7 62
4 2 7 62
8 2 6 62
4 2 5 63
6 2 3 62
2 2 6 63
6 2 4 63
5 5 8 61
7 2 54 60
1 4 46 60
8 2 45 60
8 2 43 60
1 2 41 60
3 4 37 60
1 3 45 60
3 3 46 60
6 2 40 60
2 2 35 60
6 2 35 60
2 2 38 60
7 2 37 60
7 2 34 60
5 2 31 60
7 2 30 60
5 2 26 60
5 3 34 60
7 6 24 60
5 2 23 60
5 2 21 60
6 3 27 60
2 8 25 60
3 5 19 60
8 2 24 60
6 4 18 60
4 2 6 60
5 2 16 60
3 2 16 60
1 3 10 60
8 2 11 60
7 2 10 60
6 2 6 60
6 2 54 59
1 2 52 59
4 2 49 59
6 2 45 59
1 2 44 59
3 2 40 59
2 3 32 59
2 2 30 59
4 2 33 59
2 2 26 59
8 2 22 59
1 3 12 59
8 2 8 59
3 2 32 59
6 2 32 59
4 2 10 59
7 2 11 60
8 4 23 59
8 2 9 59
6 2 3 59
2 2 5 60
8 2 5 60
5 2 3 60
7 3 22 59
6 2 14 59
3 3 8 59
1 2 15 59
1 2 13 59
6 2 4 59
1 3 4 59
4 2 2 59
2 4 9 59
3 2 12 59
7 2 4 59
7 2 5 60
4 4 70 58
3 2 63 58
4 2 58 58
6 4 55 58
2 3 53 58
5 2 65 58
1 2 43 58
8 2 59 58
8 2 43 58
3 2 42 58
5 2 40 58
7 2 39 58
8 2 54 58
7 2 54 58
8 2 49 58
6 2 39 58
4 2 33 58
7 2 47 58
2 2 47 58
4 2 44 58
2 2 38 58
6 2 34 58
8 2 28 58
1 3 37 58
7 4 37 58
5 2 28 58
7 3 27 58
2 2 29 58
2 3 24 58
5 2 33 58
3 2 27 58
4 8 19 58
4 2 20 58
7 2 20 58
4 2 24 58
8 2 24 58
1 2 21 58
5 2 17 58
2 3 18 58
5 4 18 58
4 2 12 58
5 2 12 58
3 2 9 58
1 2 4 58
3 2 3 58
8 3 2 58
6 2 4 59
8 2 4 59
4 3 3 60
2 2 3 60
5 2 2 60
5 2 3 58
3 2 3 58
1 2 2 59
6 2 52 57
3 3 36 57
3 2 47 57
2 2 46 57
1 2 33 57
5 4 37 57
3 2 37 57
2 4 35 57
6 2 25 57
3 2 29 57
6 2 20 57
3 3 20 57
4 2 28 57
2 2 18 57
2 4 15 57
7 2 22 57
6 2 22 57
1 2 16 57
3 3 16 57
6 2 14 57
2 2 15 57
7 2 7 57
3 2 13 57
6 3 13 57
4 3 75 56
7 2 76 56
7 2 67 56
7 2 62 56
8 2 61 56
5 2 68 56
1 2 66 56
5 4 60 56
3 5 61 56
6 2 59 56
7 2 57 56
5 6 58 56
4 2 53 56
3 2 54 56
2 2 53 56
7 2 51 56
1 3 51 56
7 4 48 56
6 3 44 56
8 2 45 56
4 2 39 56
6 4 36 56
1 3 39 56
5 2 22 56
6 2 41 56
8 2 22 56
4 3 17 56
4 2 33 56
2 2 33 56
8 2 35 56
7 2 28 56
5 2 28 56
5 3 30 56
7 2 29 56
4 2 24 56
5 5 24 56
8 2 21 56
5 3 17 56
1 2 14 56
8 2 13 57
5 2 1 56
5 2 5 57
1 2 16 56
3 2 15 56
1 2 14 56
1 2 62 55
6 4 61 55
6 3 58 55
8 2 59 55
1 3 57 55
3 2 56 55
1 3 54 55
7 3 52 55
4 2 52 55
8 2 52 55
1 2 49 55
3 4 48 55
2 2 45 55
2 3 41 55
8 2 38 55
7 2 34 55
8 2 29 55
3 3 35 55
4 2 28 55
4 2 33 55
3 2 29 55
4 2 29 55
1 3 27 55
2 2 26 55
4 3 25 55
8 3 20 55
7 4 22 55
5 2 12 55
3 4 12 55
6 2 19 55
5 3 64 54
8 5 62 54
4 2 56 54
5 2 56 54
6 3 52 54
7 3 56 54
3 2 49 54
2 2 41 54
8 2 41 54
5 2 37 54
1 2 46 54
4 3 34 54
6 3 41 54
1 3 36 54
4 2 36 54
2 2 43 54
1 2 35 54
8 6 33 54
6 9 35 54
5 9 24 54
8 3 20 54
7 2 18 54
1 3 17 55
8 2 15 54
4 2 16 55
5 2 15 55
3 2 15 55
5 3 13 54
8 2 11 54
7 2 10 54
6 2 13 55
3 2 17 54
5 2 13 54
3 2 5 54
3 2 2 54
6 2 3 55
6 2 14 54
8 2 11 54
5 2 5 54
5 2 10 55
4 2 6 55
3 2 9 56
7 2 9 56
3 2 5 54
2 3 6 54
4 2 50 53
2 3 51 53
1 2 48 53
3 3 45 53
7 2 44 53
8 2 43 53
1 2 41 53
4 2 29 53
4 2 39 53
4 2 34 53
3 7 25 53
4 2 25 53
6 3 39 53
4 2 36 53
6 4 33 53
2 4 32 53
3 2 28 53
1 2 24 53
8 3 23 53
3 2 25 53
7 2 18 53
5 3 26 53
8 2 17 53
7 4 14 53
2 2 22 53
7 2 22 53
7 2 19 53
8 5 18 53
8 2 2 53
7 2 2 53
4 2 6 54
8 3 7 53
4 2 58 52
4 2 54 52
1 3 44 52
3 2 43 52
7 2 41 52
5 2 47 52
7 3 44 52
1 2 44 52
4 2 48 52
7 2 38 52
3 2 40 52
5 2 31 52
3 3 35 52
6 2 40 52
3 2 27 52
4 3 35 52
8 2 34 52
8 2 26 52
1 3 23 52
7 2 32 52
3 3 21 52
6 2 19 52
8 2 28 52
5 2 16 52
1 2 6 52
4 2 12 53
1 2 7 53
3 2 8 52
6 2 7 52
2 2 6 53
3 2 11 52
8 2 4 52
5 4 3 52
4 2 8 53
7 2 8 53
5 4 4 52
6 2 4 53
3 2 4 53
4 2 3 54
1 2 4 55
3 5 70 51
2 3 67 51
3 4 56 51
5 2 52 51
5 2 50 51
3 2 49 51
4 2 42 51
4 2 38 51
2 3 37 51
4 2 51 51
5 2 51 51
3 2 50 51
2 2 46 51
7 2 45 51
5 3 35 51
2 5 49 51
8 4 43 51
1 2 33 51
2 3 23 51
8 2 27 51
5 2 23 51
4 2 18 51
1 3 39 51
6 2 39 51
5 3 38 51
7 2 37 51
6 2 17 51
2 2 16 51
3 5 16 51
3 2 27 51
4 2 15 51
1 3 24 51
8 2 24 51
5 2 15 51
7 2 14 51
8 2 19 51
5 2 10 51
1 3 5 51
3 2 12 52
6 2 11 52
6 2 6 52
8 2 6 52
1 2 7 52
5 2 5 52
2 2 15 51
6 2 10 51
5 2 10 51
4 3 4 51
2 2 2 52
6 2 7 51
5 4 52 50
1 2 50 50
7 2 49 50
8 2 48 50
1 2 47 50
6 3 38 50
2 2 44 50
7 3 38 50
4 2 37 50
3 2 39 50
5 2 38 50
1 2 32 50
8 2 32 50
4 3 29 50
7 3 29 50
3 8 29 50
2 2 28 50
8 2 26 50
5 2 22 50
7 2 26 50
4 2 19 50
4 3 15 50
2 3 8 50
6 2 5 50
3 4 4 50
6 2 15 50
4 3 15 50
2 4 67 49
7 2 63 49
2 3 57 49
5 2 55 49
7 2 63 49
5 2 58 49
1 3 55 49
8 2 54 49
8 2 46 49
6 2 56 49
2 2 44 49
8 2 42 49
2 2 36 49
7 2 35 49
1 2 47 49
6 3 41 49
4 2 43 49
4 2 41 49
2 2 34 49
5 2 43 49
8 3 33 49
3 2 39 49
7 4 38 49
7 2 36 49
4 4 35 49
1 3 34 49
3 2 33 49
4 2 33 49
4 2 24 49
6 3 22 49
7 2 28 49
1 2 26 49
7 2 17 49
5 2 24 49
3 2 16 49
1 3 22 49
4 2 21 49
8 2 21 49
7 3 11 49
6 2 18 49
4 2 15 49
6 3 11 49
8 2 12 50
7 2 12 49
1 2 11 50
5 2 11 49
3 2 10 49
5 4 8 49
7 2 6 49
8 2 3 49
5 2 3 50
8 2 3 50
7 2 54 48
2 4 53 48
8 4 50 48
6 2 49 48
8 2 45 48
8 3 39 48
3 3 43 48
8 2 25 48
6 2 38 48
7 2 38 48
3 2 36 48
7 2 30 48
2 2 28 48
1 2 28 48
4 2 28 48
3 2 24 48
2 3 28 48
6 2 24 48
5 2 24 48
8 4 23 48
8 4 17 48
2 2 16 48
7 2 15 48
6 2 7 48
4 3 7 48
2 2 4 48
3 3 11 48
8 2 5 48
2 2 5 48
4 2 9 48
2 2 6 48
5 3 3 48
1 2 5 48
4 2 2 48
5 3 66 47
8 2 64 47
1 2 66 47
2 2 51 47
7 2 43 47
4 2 60 47
5 3 58 47
2 3 45 47
6 2 48 47
2 2 36 47
5 4 35 47
5 3 26 47
6 2 54 47
8 2 51 47
2 7 38 47
7 2 47 47
3 2 42 47
7 2 42 47
4 2 33 47
4 2 26 47
4 5 41 47
6 2 41 47
7 2 40 47
2 3 15 47
7 2 14 47
3 2 21 47
6 2 19 47
5 2 13 47
3 2 23 47
2 2 21 47
1 2 15 47
5 5 9 47
1 2 2 47
6 2 2 48
7 2 22 47
4 3 21 47
4 3 6 47
7 2 19 47
6 2 18 47
1 2 7 47
3 2 4 47
2 3 61 46
5 2 59 46
4 4 56 46
8 3 52 46
5 2 49 46
6 2 52 46
7 2 52 46
2 2 41 46
5 3 34 46
1 2 45 46
1 2 36 46
1 4 27 46
8 2 37 46
4 2 31 46
7 2 27 46
4 2 27 46
6 2 26 46
8 3 21 46
8 2 25 46
5 2 18 46
2 2 27 46
4 2 26 46
3 2 26 46
1 2 16 46
6 2 15 46
1 2 14 47
5 2 20 46
3 2 16 46
3 2 17 47
6 2 17 46
6 2 65 45
7 3 64 45
8 2 68 45
7 2 66 45
8 3 61 45
8 2 62 45
6 2 56 45
1 2 55 45
4 6 51 45
8 2 47 45
1 2 46 45
3 2 43 45
5 2 42 45
2 4 49 45
4 2 40 45
2 2 40 45
6 2 46 45
8 2 44 45
5 2 44 45
4 4 43 45
1 3 40 45
3 6 39 45
6 2 35 45
3 3 35 45
7 2 31 45
1 3 33 45
7 2 28 45
1 2 23 45
2 2 19 45
8 2 27 45
6 3 13 45
4 2 16 46
5 2 23 45
3 2 9 45
2 2 12 46
8 2 13 47
8 2 7 45
1 2 5 45
7 2 18 45
7 3 6 45
3 2 7 46
8 2 8 47
5 2 7 45
2 2 11 46
2 3 4 45
8 2 5 46
1 3 3 45
4 2 62 44
4 4 64 44
1 2 62 44
2 5 61 44
1 3 55 44
4 2 53 44
4 2 48 44
5 5 46 44
1 2 43 44
4 3 33 44
3 3 39 44
5 2 33 44
7 2 29 44
1 2 33 44
1 3 29 44
3 2 22 44
3 2 34 44
3 3 18 44
6 3 34 44
2 2 29 44
6 2 29 44
3 2 24 44
7 2 23 44
6 2 18 44
5 4 24 44
4 2 23 44
3 2 22 44
6 2 21 44
4 2 17 44
1 2 25 44
7 2 25 44
6 2 14 44
5 2 4 44
1 3 6 45
7 2 15 44
2 2 14 44
1 3 13 44
5 2 11 44
3 2 10 44
8 4 6 44
7 2 61 43
6 2 53 43
4 2 50 43
1 2 50 43
1 5 47 43
2 2 44 43
5 2 43 43
2 2 46 43
7 5 42 43
1 3 40 43
6 3 37 43
8 6 39 43
7 2 44 43
4 2 32 43
8 2 30 43
7 2 37 43
5 2 28 43
5 2 29 43
3 2 23 43
4 2 16 43
8 4 16 43
2 3 26 43
5 2 24 43
7 2 24 43
2 2 26 43
8 2 9 43
7 2 10 44
6 2 23 43
5 3 16 43
4 4 61 42
3 4 52 42
2 2 60 42
5 2 60 42
8 3 45 42
4 2 59 42
4 3 53 42
7 2 45 42
3 2 42 42
2 2 38 42
5 2 32 42
4 2 31 42
8 3 48 42
7 2 35 42
8 2 28 42
2 3 26 42
3 2 43 42
5 2 36 42
6 2 35 42
5 2 34 42
2 2 31 42
7 5 26 42
6 2 34 42
2 2 32 42
3 2 29 42
1 2 26 42
1 2 32 42
5 2 32 42
7 2 31 42
4 2 22 42
8 2 20 42
6 2 20 43
2 3 19 42
1 5 21 42
7 2 13 42
4 3 11 42
8 2 15 43
7 2 21 42
1 2 12 42
1 2 17 43
3 2 16 43
4 2 12 42
6 2 11 42
3 2 13 43
2 2 11 43
3 2 10 42
2 2 8 42
4 3 7 43
1 2 7 44
2 2 4 42
7 2 3 43
6 2 5 44
2 2 4 44
3 2 53 41
1 2 51 41
8 3 50 41
4 2 49 41
4 2 47 41
3 5 43 41
8 2 46 41
4 2 43 41
8 2 37 41
3 2 35 41
4 3 34 41
4 2 28 41
8 3 27 41
6 2 35 41
6 2 33 41
3 2 31 41
6 2 20 41
6 3 12 41
8 3 16 41
5 2 16 41
5 2 6 41
5 4 3 41
6 2 2 42
1 3 7 41
8 2 16 41
3 5 63 40
3 2 57 40
3 3 67 40
6 2 68 40
7 2 68 40
5 3 67 40
2 3 58 40
6 2 59 40
4 2 41 40
1 4 39 40
1 2 55 40
6 2 38 40
8 2 35 40
4 2 50 40
1 2 49 40
5 2 48 40
5 2 45 40
7 2 44 40
2 2 38 40
3 3 34 40
1 3 24 40
3 2 39 40
7 2 32 40
8 3 32 40
1 2 32 40
6 2 23 40
2 3 22 40
8 2 38 40
2 2 37 40
3 4 19 40
5 2 32 40
6 2 28 40
8 2 28 40
4 3 28 40
2 2 23 40
6 2 22 40
1 3 17 40
5 2 16 41
6 2 15 41
7 4 20 40
2 3 18 40
4 3 18 41
8 2 18 40
5 2 18 40
7 3 16 40
4 2 13 40
7 3 12 40
2 2 6 40
6 2 9 40
7 2 47 39
4 2 46 39
6 2 38 39
1 3 39 39
8 2 47 39
6 2 46 39
3 2 35 39
2 2 35 39
8 2 33 39
4 2 39 39
8 2 39 39
7 3 23 39
7 2 35 39
8 2 26 39
4 2 22 39
3 5 14 39
2 2 13 39
5 4 10 39
1 2 10 40
5 2 18 39
1 2 15 39
4 2 11 39
7 2 8 39
1 2 74 38
5 3 70 38
7 2 67 38
8 2 67 38
6 2 54 38
8 2 51 38
1 2 67 38
7 3 66 38
4 2 60 38
1 2 60 38
3 2 59 38
5 2 57 38
2 2 57 38
1 2 50 38
4 2 49 38
3 2 54 38
6 3 51 38
6 2 39 38
2 2 38 38
3 2 40 38
2 2 39 38
5 2 34 38
6 5 45 38
6 2 37 38
3 2 31 38
5 4 40 38
8 2 37 38
5 3 25 38
3 4 28 38
4 2 35 38
1 3 34 38
7 3 28 38
7 2 19 38
8 3 18 38
4 2 25 38
6 3 20 38
3 4 16 38
2 2 15 38
1 2 14 39
4 5 15 38
8 3 12 38
3 2 16 39
5 2 15 39
3 2 11 39
7 2 16 38
5 3 11 38
4 2 1 38
4 2 12 39
6 2 10 39
1 2 6 39
2 2 9 40
3 2 8 40
6 2 5 39
1 2 4 39
4 3 3 39
2 2 6 40
4 2 6 40
7 2 5 39
8 2 5 39
4 2 59 37
7 2 58 37
1 2 55 37
2 2 53 37
4 3 52 37
5 2 56 37
6 2 55 37
2 3 50 37
4 3 49 37
8 2 49 37
8 2 45 37
5 2 46 37
7 2 43 37
2 3 42 37
2 2 33 37
8 2 36 37
5 2 29 37
1 6 25 37
7 2 24 37
3 2 21 37
6 2 27 37
5 2 27 37
1 4 16 37
5 3 15 37
3 2 26 37
3 2 21 37
2 4 15 37
2 2 20 37
6 3 7 37
7 2 7 37
5 3 5 37
3 2 5 37
7 5 66 36
6 2 60 36
7 3 59 36
5 3 62 36
3 2 57 36
6 2 54 36
5 2 52 36
8 2 46 36
1 3 53 36
6 2 53 36
2 2 52 36
5 2 45 36
6 2 45 36
7 4 46 36
8 5 45 36
1 4 44 36
2 2 43 36
6 3 39 36
3 3 39 36
7 4 37 36
1 5 29 36
1 3 23 36
8 2 26 36
8 2 22 36
4 2 21 36
8 2 19 36
8 2 25 36
6 2 25 36
3 2 24 36
7 2 15 36
5 2 12 36
4 2 11 36
6 2 18 36
4 2 12 36
8 2 10 36
1 3 3 36
6 2 12 37
3 2 8 36
4 2 61 35
1 2 61 35
2 2 56 35
6 2 53 35
4 2 51 35
5 2 50 35
4 2 45 35
6 2 53 35
4 5 34 35
7 2 49 35
5 2 46 35
5 4 42 35
8 2 47 35
1 2 38 35
2 2 38 35
1 2 45 35
8 2 36 35
5 3 25 35
7 2 23 35
7 3 20 35
1 2 31 35
6 3 20 35
2 3 15 35
3 2 3 35
5 2 12 36
6 2 25 35
3 2 22 35
4 2 13 35
1 2 10 35
2 2 10 35
4 2 12 36
7 2 9 36
5 2 9 36
1 2 8 37
4 2 21 35
8 3 9 35
7 2 65 34
5 3 57 34
3 3 62 34
8 2 53 34
3 2 49 34
1 3 47 34
4 2 46 34
7 2 46 34
1 2 40 34
1 2 51 34
6 2 51 34
7 3 40 34
7 4 36 34
5 2 31 34
2 2 38 34
8 2 37 34
3 2 30 34
6 2 29 34
5 3 28 34
6 2 34 34
2 2 33 34
8 2 28 34
2 2 28 34
1 4 33 34
5 3 18 34
2 2 17 34
5 3 23 34
7 2 26 34
4 2 26 34
5 3 14 34
7 2 17 35
6 2 13 35
3 3 10 34
4 3 17 34
4 2 9 34
3 2 8 35
2 2 8 35
8 2 12 34
6 3 6 34
7 2 7 35
8 4 7 35
1 2 6 35
3 2 63 33
5 2 62 33
2 4 61 33
3 2 59 33
2 2 51 33
7 2 51 33
5 4 56 33
5 5 49 33
7 2 47 33
4 2 51 33
6 2 46 33
6 3 44 33
6 3 39 33
2 2 42 33
6 5 35 33
5 6 31 33
5 2 27 33
2 3 30 33
3 4 30 33
1 4 28 33
4 2 28 33
8 2 25 33
3 2 24 33
5 5 21 33
3 2 20 33
7 2 27 33
6 2 27 33
2 3 15 33
1 3 14 33
4 2 10 33
8 2 14 33
6 2 8 33
6 2 4 33
5 2 4 33
3 2 8 34
4 2 13 33
3 2 13 33
5 3 7 33
5 2 8 33
2 2 8 33
8 2 7 33
7 4 4 33
1 2 4 33
2 2 59 32
7 2 58 32
2 3 56 32
1 2 56 32
6 2 51 32
1 7 48 32
8 2 51 32
8 2 45 32
4 2 45 32
2 4 42 32
8 3 42 32
4 2 45 32
1 2 27 32
5 2 23 32
2 2 31 32
8 3 21 32
3 3 21 32
4 2 30 32
5 2 26 32
5 2 18 32
7 2 13 32
4 4 26 32
7 4 26 32
7 3 8 32
6 3 20 32
8 3 11 32
4 2 20 32
5 2 9 32
3 3 4 32
8 2 2 32
6 2 1 33
7 2 1 34
7 2 4 35
6 2 1 35
2 2 6 36
1 2 12 32
3 2 12 32
6 2 5 32
2 4 4 32
1 2 2 32
3 3 56 31
4 3 38 31
7 2 44 31
5 2 29 31
3 2 49 31
6 2 49 31
4 2 49 31
8 2 48 31
4 2 47 31
3 2 46 31
6 3 46 31
6 2 42 31
7 3 29 31
6 4 29 31
3 2 25 31
1 2 25 31
1 4 36 31
2 3 34 31
4 2 31 31
5 4 31 31
3 2 26 31
2 2 24 31
7 3 27 31
6 2 20 31
5 2 25 31
2 3 16 31
8 2 15 31
3 4 21 31
4 4 10 31
7 3 7 31
5 2 9 31
3 6 4 31
2 2 5 32
4 3 4 31
5 2 3 31
3 2 2 31
5 8 57 30
1 2 51 30
6 2 50 30
8 4 50 30
2 2 48 30
2 2 46 30
1 2 47 30
6 2 33 30
5 3 43 30
5 2 38 30
7 3 36 30
1 2 38 30
2 2 38 30
5 2 26 30
4 2 35 30
3 2 28 30
1 2 24 30
3 2 21 30
2 4 27 30
5 2 26 30
4 3 20 30
4 2 21 30
6 2 15 30
4 2 15 30
7 2 13 30
7 2 22 30
4 2 17 30
8 2 3 30
3 2 3 31
7 2 2 30
7 2 3 30
1 2 62 29
3 4 60 29
2 3 59 29
8 2 62 29
1 2 54 29
6 4 58 29
5 2 48 29
1 2 41 29
8 3 40 29
4 2 51 29
4 2 38 29
7 2 38 29
5 3 37 29
7 2 45 29
3 2 37 29
6 2 36 29
4 2 28 29
3 4 26 29
3 5 21 29
8 2 30 29
4 2 26 29
3 2 25 29
6 2 21 29
3 5 18 29
2 2 28 29
7 2 23 29
7 3 14 29
2 2 12 29
4 2 3 29
5 2 14 30
1 2 11 30
8 2 7 30
5 2 6 30
2 2 20 29
6 2 11 29
7 2 6 29
6 2 14 29
5 2 9 29
2 2 9 29
3 2 2 29
3 3 8 29
5 2 8 30
2 2 3 29
6 2 7 30
7 2 7 29
7 3 61 28
5 4 57 28
3 3 58 28
6 2 58 28
8 4 54 28
7 2 54 28
1 3 51 28
6 2 46 28
6 3 48 28
4 2 48 28
8 2 47 28
7 2 45 28
4 3 39 28
4 2 42 28
8 2 36 28
6 3 28 28
3 2 27 28
3 2 32 28
1 3 25 28
7 3 30 28
8 2 24 28
4 4 22 28
7 3 26 28
1 3 14 28
8 3 14 28
8 2 5 28
1 3 68 27
8 3 57 27
6 5 64 27
3 2 71 27
3 2 64 27
6 3 44 27
1 2 55 27
8 2 55 27
2 3 57 27
3 2 58 27
1 3 53 27
8 2 47 27
3 2 44 27
8 2 44 27
6 2 53 27
5 2 50 27
4 2 49 27
3 3 45 27
7 3 45 27
5 5 43 27
2 2 40 27
1 2 33 27
5 2 33 27
6 2 39 27
5 2 30 27
3 2 29 27
4 2 23 27
8 2 36 27
2 2 28 27
6 2 21 27
3 2 21 27
5 2 15 27
2 2 20 28
8 2 20 28
6 2 22 27
7 4 6 27
4 2 12 28
4 2 6 28
4 2 24 27
6 2 9 27
2 2 10 28
5 2 3 27
1 2 8 28
6 2 22 27
1 2 16 27
2 2 14 27
3 2 14 27
1 2 14 28
7 2 14 27
5 2 8 27
8 2 3 27
2 2 5 27
7 2 2 27
3 3 6 27
4 2 41 26
7 2 54 26
6 2 47 26
2 2 35 26
7 2 33 26
3 3 34 26
2 2 45 26
2 2 36 26
7 2 27 26
6 2 21 26
4 2 41 26
1 2 38 26
7 2 32 26
4 2 21 26
8 5 16 26
6 3 27 26
6 6 12 26
6 2 6 26
6 3 15 26
2 2 28 26
4 2 25 26
8 2 23 26
1 3 8 26
4 2 8 26
1 5 4 26
4 2 2 27
1 2 5 28
6 2 5 29
5 2 4 28
5 2 2 27
8 2 10 26
5 2 9 26
2 2 9 26
2 2 6 26
4 2 71 25
6 2 70 25
8 3 68 25
3 2 61 25
5 2 58 25
5 2 56 25
4 2 56 25
5 2 58 25
1 2 50 25
6 5 49 25
8 3 55 25
1 2 55 25
5 2 51 25
4 2 48 25
7 3 50 25
2 2 49 25
5 2 43 25
1 2 40 25
2 2 36 25
8 2 29 25
1 2 36 25
6 2 36 25
6 3 30 25
6 2 35 25
5 3 32 25
5 7 30 25
4 2 29 25
3 2 28 25
7 2 26 25
1 2 17 25
4 2 16 25
3 3 21 25
2 3 17 25
8 2 16 25
7 2 10 25
7 3 16 25
3 3 10 25
6 2 12 26
1 2 14 25
1 2 9 25
7 2 68 24
1 2 66 24
1 2 61 24
1 2 58 24
1 2 49 24
1 4 50 24
5 2 59 24
6 2 58 24
5 2 53 24
4 3 37 24
2 2 47 24
7 2 44 24
7 2 39 24
2 2 35 24
1 2 36 24
1 3 29 24
5 2 42 24
3 3 40 24
6 2 32 24
5 2 30 24
8 2 27 24
8 2 34 24
3 2 33 24
2 2 33 24
6 4 24 24
7 4 19 24
2 2 7 24
8 2 11 25
1 2 10 25
4 2 8 25
8 2 16 24
6 2 69 23
4 2 50 23
6 2 56 23
4 3 45 23
6 3 38 23
2 3 36 23
1 5 42 23
6 3 53 23
2 2 52 23
8 2 52 23
2 4 49 23
1 2 31 23
5 3 50 23
3 3 48 23
4 2 48 23
3 2 32 23
5 2 32 23
3 2 35 23
1 3 28 23
7 2 29 24
8 2 29 24
7 3 25 23
7 2 31 23
5 3 17 23
4 2 23 24
2 2 23 23
4 2 24 24
6 4 24 23
5 3 23 24
3 2 23 24
8 3 23 23
7 2 19 23
8 2 20 24
2 2 19 24
3 2 14 23
7 2 15 23
3 2 15 24
6 3 15 23
1 2 15 23
8 2 12 23
2 2 10 23
4 6 5 23
5 2 7 24
7 2 8 23
1 2 3 23
6 2 5 24
2 2 65 22
8 3 61 22
4 3 65 22
2 2 59 22
1 5 60 22
4 2 57 22
6 2 51 22
3 3 56 22
5 2 50 22
8 2 51 22
1 4 46 22
4 2 44 22
6 3 44 22
1 2 41 22
7 2 39 22
6 2 37 22
7 3 28 22
7 2 39 22
6 2 39 22
3 2 35 22
3 5 15 22
6 2 31 22
2 3 24 22
4 2 24 22
4 2 29 22
5 2 28 22
1 2 26 22
1 3 22 22
6 2 27 22
7 2 27 22
8 2 22 22
5 2 17 22
6 2 15 22
1 2 14 22
8 2 14 22
3 2 14 22
5 2 12 22
1 2 8 22
2 2 10 22
4 2 9 22
8 3 5 22
6 2 10 22
2 2 10 22
7 2 8 22
3 5 4 22
6 2 2 23
8 2 2 22
4 3 3 22
7 2 1 22
3 2 48 21
6 2 48 21
2 2 44 21
1 3 42 21
8 2 41 21
7 2 40 21
4 2 40 21
8 2 39 21
2 2 32 21
7 2 26 21
3 2 30 21
6 3 28 21
7 2 33 21
1 3 33 21
6 3 31 21
4 2 30 21
5 2 25 21
5 3 21 21
2 2 16 21
1 2 16 21
8 3 11 21
1 2 17 21
2 2 17 21
6 3 17 21
5 2 16 21
8 2 14 21
3 2 11 21
3 2 7 21
5 3 3 21
3 2 6 21
4 2 3 21
2 2 2 21
1 2 1 22
2 2 2 22
6 2 7 23
7 2 68 20
3 4 68 20
7 2 61 20
7 2 68 20
4 2 59 20
1 2 59 20
3 3 63 20
4 2 63 20
2 2 59 20
3 4 56 20
5 2 56 20
4 2 54 20
7 2 54 20
7 2 45 20
2 3 52 20
1 2 53 20
6 2 52 20
8 2 44 20
4 2 40 20
6 4 39 20
7 2 35 20
5 4 19 20
2 3 25 20
7 2 38 20
8 2 22 20
7 2 22 20
3 2 10 20
7 2 7 20
5 3 27 20
4 2 33 20
3 2 21 20
6 2 19 20
7 2 9 20
8 3 65 19
6 2 64 19
7 4 60 19
5 3 52 19
1 2 56 19
8 2 55 19
8 2 41 19
8 2 39 19
5 2 34 19
2 2 22 19
4 2 53 19
4 4 46 19
1 2 46 19
6 4 46 19
2 2 29 19
6 2 29 19
8 2 29 20
2 2 35 19
3 2 35 19
4 3 39 19
2 3 39 19
6 3 35 19
6 3 32 19
5 2 31 19
5 2 29 19
7 3 28 19
4 3 28 20
4 2 23 19
4 3 20 19
1 2 26 20
5 2 25 20
3 2 20 20
7 2 20 19
6 2 24 20
8 2 19 20
8 2 13 19
3 2 15 20
6 2 13 20
5 2 19 19
2 2 18 19
8 2 14 19
8 2 11 19
4 2 11 20
2 3 11 19
3 2 10 20
5 2 2 19
1 2 4 20
6 2 4 20
8 2 7 19
4 2 2 19
7 2 2 20
1 3 63 18
6 2 60 18
7 2 58 18
5 2 52 18
5 3 57 18
7 2 60 18
4 2 59 18
1 2 53 18
5 4 39 18
4 3 47 18
4 3 37 18
1 2 34 18
2 2 34 18
6 2 52 18
8 2 43 18
5 2 40 18
6 7 36 18
5 2 40 18
3 2 26 18
4 2 38 18
8 3 27 18
6 2 28 18
2 3 27 18
3 4 22 18
3 3 36 18
7 2 31 18
8 3 24 18
7 2 22 18
2 2 21 18
8 2 31 18
1 2 31 18
1 2 23 18
8 2 23 18
7 3 25 18
6 2 25 18
5 2 17 18
1 2 15 18
4 3 18 18
3 4 6 18
4 4 55 17
7 3 53 17
8 4 52 17
5 3 52 17
3 2 48 17
8 2 44 17
5 3 40 17
1 2 46 17
7 2 34 17
6 2 34 17
6 3 39 17
1 2 33 17
2 3 29 17
7 2 26 17
4 3 26 17
1 2 33 17
2 3 20 17
3 5 25 17
8 2 23 17
6 2 26 17
8 2 15 17
3 2 16 18
5 2 15 18
4 2 8 17
7 2 5 17
7 2 7 17
3 2 12 18
7 2 17 17
2 2 7 17
7 2 8 18
1 2 7 18
4 2 10 17
8 3 7 17
5 2 2 17
5 4 64 16
4 3 63 16
8 2 66 16
3 3 60 16
2 2 56 16
1 3 54 16
2 2 50 16
4 3 44 16
2 2 43 16
7 2 50 16
3 2 48 16
8 2 42 16
8 6 50 16
3 3 50 16
7 2 45 16
5 2 45 16
8 3 30 16
1 2 30 16
2 2 26 16
5 2 40 16
6 2 39 16
6 3 31 16
8 2 36 16
7 2 25 16
7 2 35 16
5 2 21 16
5 3 26 16
2 2 26 16
4 2 23 16
3 2 23 16
1 2 18 16
2 2 17 16
6 2 20 16
3 2 20 16
4 4 16 16
7 2 11 16
1 2 5 16
7 2 6 17
2 2 12 16
2 2 10 16
6 2 5 16
5 2 5 16
4 2 65 15
6 2 62 15
1 2 58 15
4 2 57 15
3 2 56 15
1 3 53 15
2 2 53 15
4 2 49 15
3 2 46 15
1 3 39 15
1 2 42 15
1 2 34 15
5 2 13 15
3 2 40 15
6 2 38 15
5 2 35 15
8 3 35 15
5 4 39 15
4 2 39 15
3 2 38 15
2 2 24 15
7 2 12 15
2 2 26 15
4 2 26 15
3 2 33 15
6 2 32 15
6 2 22 15
1 2 22 15
1 3 18 15
1 2 26 15
8 2 14 15
6 4 10 15
4 3 4 15
4 4 7 16
5 2 10 15
1 2 2 15
1 3 6 16
8 4 64 14
8 2 58 14
7 2 58 14
5 2 49 14
1 2 46 14
2 2 52 14
4 2 49 14
8 2 44 14
7 3 42 14
2 2 24 14
2 2 27 14
7 2 22 14
7 2 46 14
7 2 17 14
3 3 12 14
4 2 13 15
6 2 13 15
8 8 11 15
5 2 11 15
6 2 37 14
7 2 26 14
6 2 24 14
8 2 24 14
5 2 25 14
4 3 19 14
3 2 12 14
6 2 19 14
2 2 19 14
7 2 11 14
5 2 20 14
6 5 17 14
3 2 22 14
3 3 20 14
4 3 10 14
8 2 11 15
1 2 73 13
8 2 66 13
6 2 66 13
5 2 64 13
1 2 63 13
2 2 62 13
4 2 59 13
2 3 58 13
7 2 46 13
8 3 49 13
5 2 56 13
7 2 55 13
7 2 53 13
4 2 50 13
2 2 49 13
7 2 55 13
7 2 48 13
8 2 47 13
5 2 43 13
3 2 41 13
4 2 38 13
1 2 37 13
1 2 34 13
8 3 32 13
6 4 42 13
3 2 41 13
6 3 40 13
3 2 39 13
2 2 33 13
8 2 32 13
7 2 32 13
4 2 29 13
1 2 23 13
1 2 18 13
6 2 19 14
7 2 17 14
1 3 20 13
6 2 25 13
2 2 21 13
7 2 21 13
5 2 22 13
2 2 17 13
3 3 17 13
6 2 19 13
4 6 16 13
6 3 10 13
1 2 10 13
2 2 13 13
7 2 57 12
4 3 54 12
7 2 51 12
6 2 49 12
8 2 45 12
3 5 43 12
2 3 43 12
3 2 41 12
5 2 40 12
8 2 39 12
5 3 36 12
8 2 32 12
8 3 28 12
1 2 25 12
2 2 25 12
3 2 27 12
1 7 22 12
3 2 27 12
2 2 27 12
3 3 16 12
4 2 19 12
8 2 15 12
5 4 14 12
6 2 19 12
7 4 18 12
8 2 17 12
7 3 10 12
5 3 10 12
1 2 12 13
6 2 11 12
3 2 10 12
1 2 6 12
8 2 8 13
2 2 9 14
3 2 5 12
6 2 5 13
3 2 8 14
7 2 9 15
7 2 5 12
6 3 69 11
1 2 66 11
8 4 61 11
6 2 54 11
1 3 58 11
4 2 51 11
3 3 51 11
7 5 48 11
7 6 45 11
8 2 51 11
3 4 50 11
8 2 47 11
5 2 44 11
4 2 41 11
7 2 44 11
3 2 43 11
7 4 37 11
6 2 33 11
3 2 37 11
4 6 23 11
1 2 35 11
2 2 35 11
7 5 21 11
3 2 20 11
4 2 18 11
6 2 18 11
3 2 24 11
4 4 14 11
2 3 11 11
5 2 11 11
1 3 18 11
8 2 18 11
5 2 18 11
7 2 17 11
6 3 13 11
7 2 11 11
1 2 11 11
2 2 9 11
7 2 8 11
4 5 7 11
6 2 4 11
1 2 53 10
8 4 52 10
7 2 50 10
2 2 46 10
4 2 45 10
2 2 44 10
3 2 41 10
4 2 40 10
6 2 34 10
7 2 34 10
1 4 35 10
5 2 36 10
6 2 35 10
3 2 32 10
8 2 31 10
4 2 28 10
7 2 28 10
2 2 25 10
2 2 29 10
1 2 23 10
4 2 23 10
5 3 23 10
2 4 14 10
4 5 3 10
8 6 7 11
6 2 16 10
3 6 12 10
3 2 7 10
7 2 2 10
2 2 3 11
5 2 3 12
5 2 4 10
1 2 3 10
8 4 8 10
5 2 5 10
7 2 5 10
8 2 56 9
6 2 55 9
1 3 43 9
8 2 50 9
4 3 49 9
2 3 44 9
6 2 38 9
3 2 39 9
8 2 33 9
1 3 43 9
3 2 32 9
8 2 30 9
7 2 28 9
1 2 27 9
6 2 27 9
7 2 30 9
4 2 23 9
2 3 23 9
5 2 25 9
6 3 21 9
1 2 12 9
2 2 28 9
1 2 15 9
3 3 14 9
7 2 17 9
6 2 14 9
6 2 10 9
8 2 16 9
3 2 16 9
2 2 14 9
7 3 11 9
8 3 11 9
5 4 7 9
4 2 5 9
5 2 61 8
8 2 52 8
4 2 58 8
2 2 50 8
7 2 47 8
7 3 54 8
5 2 54 8
5 3 51 8
6 4 48 8
8 2 50 8
8 2 42 8
7 2 35 8
8 2 33 8
5 2 33 8
7 3 31 8
8 2 41 8
4 3 30 8
5 2 24 8
6 2 14 8
5 3 28 8
8 4 28 8
2 2 26 8
3 3 25 8
2 4 11 8
7 2 21 8
4 4 11 8
5 2 11 9
5 2 9 9
5 2 16 8
8 5 13 8
6 2 8 8
1 3 7 9
7 2 9 9
3 2 7 9
4 2 6 9
2 2 11 8
8 4 8 8
1 2 9 8
6 3 8 8
1 3 10 8
7 2 9 8
6 3 4 8
2 2 3 8
3 2 3 9
1 2 2 8
2 2 3 9
6 2 53 7
3 3 49 7
4 2 51 7
2 2 48 7
6 5 50 7
3 4 48 7
5 3 46 7
7 2 46 7
8 2 39 7
2 2 45 7
6 2 41 7
7 2 35 7
1 2 32 7
2 2 32 7
5 2 26 7
3 2 34 7
3 2 20 7
2 3 20 7
3 2 25 7
7 3 24 7
7 4 18 7
6 3 17 7
7 2 22 7
1 4 16 7
6 3 10 7
2 2 13 7
3 2 8 7
5 2 8 7
7 2 10 7
7 2 3 7
8 2 7 7
6 2 5 7
3 2 5 7
4 2 5 7
6 2 1 7
1 2 3 8
7 3 63 6
1 2 62 6
2 3 59 6
5 2 58 6
5 7 56 6
8 2 52 6
6 2 49 6
7 3 49 6
3 4 49 6
2 7 49 6
8 3 43 6
7 2 43 6
3 2 43 6
2 2 41 6
5 4 37 6
2 2 32 6
7 3 31 6
4 3 33 6
6 4 28 6
2 2 29 6
3 3 26 6
1 2 26 6
8 2 22 6
1 3 18 6
6 2 15 6
6 3 19 6
1 2 18 6
3 2 13 6
5 3 2 6
8 2 2 6
2 9 2 7
1 2 15 6
4 6 14 6
8 2 3 6
5 2 6 7
8 2 10 6
6 2 6 6
6 3 64 5
7 2 51 5
7 2 58 5
2 3 55 5
8 2 55 5
1 4 49 5
3 2 53 5
4 3 47 5
2 6 47 5
3 2 44 5
1 3 43 5
4 2 46 5
7 3 42 5
1 2 36 5
6 2 41 5
6 2 38 5
1 2 38 5
7 3 34 5
8 2 31 5
6 2 28 5
4 2 24 5
4 5 28 5
5 4 12 5
2 2 7 5
7 2 63 4
6 2 63 4
1 4 58 4
3 2 56 4
2 2 55 4
1 2 54 4
8 3 55 4
6 2 53 4
4 5 51 4
8 2 48 4
2 2 48 4
1 2 44 4
4 2 43 4
2 2 45 4
3 2 40 4
8 3 39 4
6 2 40 4
7 2 39 4
5 4 38 4
3 5 37 4
6 2 36 4
1 2 35 4
4 2 31 4
5 2 30 4
8 3 29 4
8 2 26 4
7 5 19 4
2 3 5 4
5 2 15 5
1 2 15 5
5 2 19 5
8 2 14 5
8 2 12 5
7 2 6 5
3 2 18 4
4 2 5 4
6 2 14 5
1 2 5 5
3 2 8 6
7 2 8 6
6 2 4 4
4 2 5 5
7 2 4 5
1 3 7 4
2 3 6 4
5 2 6 5
7 2 6 4
2 2 5 5
1 2 4 4
6 2 3 4
1 2 61 3
1 4 50 3
7 4 49 3
4 2 54 3
1 3 53 3
6 3 45 3
3 4 51 3
2 3 50 3
4 2 49 3
2 4 35 3
1 2 41 3
4 2 40 3
3 2 35 3
4 3 33 3
8 2 42 3
7 2 35 3
6 2 27 3
3 2 35 3
5 3 34 3
7 2 22 3
2 4 21 3
3 2 18 3
7 2 30 3
2 2 29 3
6 2 27 3
1 2 23 3
3 4 9 3
1 2 20 3
7 2 11 3
5 2 4 3
2 2 14 3
4 2 61 2
7 2 55 2
5 2 54 2
8 2 53 2
6 2 51 2
3 2 53 2
3 2 50 2
4 2 50 2
7 3 49 2
7 4 45 2
7 2 50 2
3 2 50 2
2 2 44 2
6 2 43 2
4 2 35 2
7 2 35 2
1 2 41 2
1 2 33 2
2 2 31 2
3 2 36 2
7 2 32 2
3 2 27 2
8 4 32 2
4 3 26 2
8 2 24 2
7 2 21 2
6 2 14 2
5 2 15 3
6 2 21 2
8 2 18 2
4 2 16 2
1 2 14 2
8 2 13 3
7 2 19 2
7 2 9 2
7 2 14 3
2 2 8 2
4 2 13 3
1 2 13 3
3 3 13 2
2 2 12 2
4 2 11 2
7 3 5 2
4 4 5 2
5 2 5 2
8 2 3 2
6 2 63 1
8 3 42 1
5 2 38 1
8 2 35 1
6 2 11 1
5 2 10 1
1 3 5 1
