75186
2466
1 2 200 50
4 3 192 50
5 2 188 50
6 4 185 50
7 9 182 50
3 9 181 50
1 2 184 50
8 4 178 50
4 2 180 50
6 13 175 50
1 2 175 50
2 2 174 50
3 2 172 50
3 3 168 50
6 3 161 50
7 21 158 50
4 14 157 50
8 2 156 50
8 2 153 50
1 2 151 50
1 2 149 50
2 6 149 50
3 2 146 50
5 2 139 50
1 3 150 50
5 2 143 50
3 3 139 50
4 2 138 50
6 2 135 50
6 2 133 50
7 3 133 50
2 2 123 50
3 2 122 50
2 2 120 50
8 2 137 50
2 2 137 50
3 3 135 50
8 3 125 50
2 2 131 50
4 3 117 50
1 2 122 50
1 2 119 50
5 2 117 50
7 4 116 50
6 2 114 50
2 3 113 50
6 2 120 50
7 2 117 50
6 2 111 50
8 4 107 50
7 2 105 50
3 3 104 50
5 2 108 50
6 2 104 50
1 4 102 50
2 46 101 50
7 2 99 50
8 2 99 50
6 5 97 50
7 8 89 50
2 2 81 50
3 2 74 50
2 16 75 50
5 3 68 50
8 3 81 50
4 2 81 50
8 6 79 50
6 2 65 50
5 2 73 50
2 13 62 50
3 2 73 50
7 3 73 50
6 2 68 50
7 6 59 50
7 4 52 50
3 6 49 50
6 2 46 50
3 2 43 50
4 6 41 50
5 2 40 50
2 5 38 50
2 10 32 50
8 7 31 50
8 2 34 50
4 2 34 50
1 5 34 50
1 4 27 50
3 2 26 50
4 2 23 50
7 2 25 50
5 3 21 50
4 3 20 50
1 2 20 50
4 2 22 50
8 2 20 50
6 3 15 50
8 2 15 50
5 2 13 50
8 5 9 50
4 3 12 50
2 2 4 50
8 2 9 50
3 2 2 50
5 2 51 49
5 2 52 49
5 2 46 49
3 2 45 49
3 3 41 49
4 5 45 49
7 2 45 49
2 2 38 49
3 2 35 49
6 2 31 49
7 2 37 49
3 6 24 49
3 3 27 49
4 3 26 49
1 4 21 49
6 3 19 49
6 2 25 49
1 2 25 49
2 2 22 49
5 2 22 49
8 2 19 49
3 5 18 49
3 2 12 49
7 7 10 49
5 2 8 49
1 9 7 49
1 2 4 49
8 2 3 49
6 2 4 50
1 17 145 48
3 2 137 48
6 3 131 48
8 3 133 48
8 2 129 48
2 3 132 48
3 2 132 48
3 9 126 48
7 2 128 48
2 9 124 48
4 3 121 48
5 3 120 48
4 3 117 48
6 2 114 48
8 2 113 48
1 6 112 48
2 2 111 48
3 2 107 48
8 3 107 48
3 2 98 48
5 3 93 48
5 2 94 48
1 5 90 48
5 8 85 48
6 4 75 48
8 2 85 48
6 2 85 48
3 3 83 48
4 3 77 48
5 2 75 48
5 2 67 48
1 2 64 48
3 4 62 48
4 2 71 48
3 5 67 48
6 2 60 48
7 2 48 48
4 9 43 48
1 2 43 48
3 3 40 48
2 2 40 48
5 2 38 48
5 2 35 48
7 2 51 48
6 2 51 48
1 3 26 48
5 2 39 48
6 2 39 48
4 38 31 48
5 2 44 48
6 10 29 48
7 3 28 48
8 3 37 48
7 2 37 48
2 3 23 48
3 2 16 48
2 2 5 48
1 2 4 49
3 2 25 48
8 2 21 48
6 3 12 48
7 2 16 48
5 2 13 48
8 2 12 48
2 2 11 48
3 2 8 48
2 2 7 48
5 3 4 48
8 2 108 47
7 2 107 47
6 6 105 47
2 2 101 47
6 2 99 47
3 2 98 47
4 15 96 47
2 4 88 47
1 3 83 47
6 2 82 47
7 2 81 47
2 16 79 47
1 2 67 47
7 3 72 47
1 2 74 47
3 7 63 47
2 2 57 47
1 2 56 47
1 2 54 47
6 4 57 47
8 2 55 47
3 2 51 47
4 9 48 47
6 2 54 47
3 2 54 47
5 2 48 47
3 12 46 47
8 5 46 47
7 2 44 47
2 4 41 47
7 6 35 47
5 4 38 47
2 5 30 47
1 70 27 47
4 13 25 47
8 2 17 48
6 2 17 48
1 2 16 48
5 2 15 48
3 2 17 47
3 2 19 47
2 3 17 47
4 2 11 47
7 2 15 47
4 2 8 47
4 2 13 47
6 5 7 47
8 2 10 48
2 2 2 47
3 2 9 48
7 2 7 48
7 2 3 48
8 2 5 47
8 4 3 47
7 11 90 46
3 2 90 46
1 4 87 46
4 4 86 46
4 4 82 46
5 2 80 46
3 2 80 46
4 2 76 46
7 2 82 46
2 5 74 46
1 3 70 46
6 3 70 46
5 5 74 46
1 2 72 46
8 2 72 46
2 2 67 46
2 3 68 46
4 5 62 46
8 2 58 46
3 4 56 46
6 3 54 46
4 3 53 46
1 13 51 46
4 3 52 46
5 2 45 46
2 3 45 46
7 2 47 46
4 2 43 46
5 2 42 46
4 2 41 46
5 3 40 46
1 3 37 46
7 7 35 46
5 4 27 46
8 3 30 46
1 4 28 46
3 8 27 46
8 2 24 46
2 2 25 46
6 2 23 46
4 3 22 46
1 4 21 46
4 2 18 46
7 2 14 46
1 8 14 46
6 2 7 46
5 2 6 46
7 3 4 46
2 2 4 47
6 45 89 45
8 2 87 45
1 3 85 45
6 5 78 45
4 10 75 45
2 4 67 45
3 2 66 45
6 2 63 45
1 4 60 45
3 2 56 45
2 3 53 45
7 2 60 45
3 2 56 45
3 3 53 45
5 19 50 45
6 2 46 45
4 2 49 45
6 2 48 45
4 3 46 45
3 21 42 45
5 2 41 45
2 3 39 45
7 2 40 45
3 5 35 45
6 2 36 45
1 3 35 45
4 2 32 45
3 5 31 45
6 7 23 45
7 2 20 45
3 3 21 45
4 2 20 45
6 2 19 45
5 2 17 45
5 3 9 45
7 2 10 45
8 4 7 45
4 2 14 45
8 3 13 45
1 6 2 45
8 2 1 46
4 11 121 44
8 2 111 44
6 3 111 44
7 2 111 44
4 4 109 44
1 3 103 44
4 2 103 44
7 2 100 44
3 4 100 44
1 2 97 44
2 2 96 44
3 5 90 44
4 3 89 44
5 2 86 44
1 3 86 44
2 2 85 44
3 2 84 44
7 5 79 44
1 2 77 44
2 2 73 44
8 2 69 44
4 2 76 44
4 6 68 44
3 2 66 44
5 3 65 44
8 2 68 44
1 2 66 44
3 5 64 44
1 3 58 44
7 9 55 44
8 3 49 44
6 2 51 44
3 7 47 44
7 2 46 44
4 2 46 44
3 2 46 44
6 3 44 44
8 2 39 44
2 5 42 44
8 2 41 44
4 2 38 44
4 2 34 44
5 2 39 44
6 2 38 44
8 7 34 44
4 7 36 44
5 4 29 44
1 2 32 44
1 4 29 44
8 2 24 44
8 2 21 44
8 2 27 44
2 9 19 44
6 2 20 44
7 2 20 44
5 6 13 44
1 3 13 44
6 2 13 44
5 3 13 44
6 4 8 44
6 3 4 44
6 2 85 43
7 5 84 43
8 2 82 43
1 3 80 43
1 2 75 43
7 2 75 43
4 4 71 43
3 4 68 43
2 2 69 43
4 5 66 43
7 2 63 43
5 2 63 43
2 5 56 43
4 2 62 43
1 2 55 43
2 2 53 43
7 2 55 43
4 3 51 43
6 9 49 43
3 5 42 43
5 2 41 43
8 2 35 43
7 7 34 43
6 2 36 43
3 3 29 43
2 2 26 43
7 3 25 43
2 2 29 43
2 3 24 43
1 4 17 43
2 3 16 43
3 3 20 43
3 3 15 43
6 2 21 43
3 2 21 43
7 2 19 43
3 4 10 43
6 2 113 42
8 2 106 42
4 6 101 42
7 2 106 42
7 43 101 42
6 2 99 42
7 4 93 42
4 13 90 42
5 3 84 42
8 2 85 42
3 12 74 42
5 4 75 42
4 3 73 42
2 2 72 42
6 52 71 42
4 2 70 42
5 2 67 42
3 9 61 42
3 8 64 42
2 2 63 42
8 3 61 42
1 3 56 42
1 5 61 42
6 3 57 42
1 2 57 42
8 2 56 42
4 3 56 42
3 4 52 42
1 3 47 42
8 4 49 42
7 3 47 42
2 2 47 42
7 6 44 42
4 2 42 42
1 2 36 42
8 2 35 42
1 3 32 42
4 4 31 42
7 3 28 42
8 3 21 42
1 9 20 42
8 2 22 42
5 2 14 42
8 19 13 42
6 2 21 42
4 2 8 42
4 2 11 43
7 2 8 43
5 2 6 42
3 2 9 43
4 2 7 43
1 3 6 43
6 2 10 43
2 2 6 43
6 2 5 43
5 3 4 42
7 2 4 43
1 2 4 43
5 3 4 44
8 2 6 45
6 2 5 45
2 3 5 46
2 2 4 43
4 2 4 42
7 2 2 42
1 2 2 42
6 3 98 41
2 7 89 41
7 3 89 41
4 5 85 41
2 2 81 41
4 7 80 41
7 4 75 41
6 3 74 41
8 2 74 41
5 2 73 41
8 6 69 41
7 2 67 41
3 4 60 41
3 2 57 41
4 7 55 41
5 3 53 41
7 3 61 41
3 4 59 41
7 2 49 41
2 4 52 41
6 2 48 41
5 4 49 41
8 2 44 41
2 5 40 41
8 2 44 41
1 2 44 41
6 2 37 41
2 2 41 41
3 7 35 41
2 7 30 41
6 3 33 41
7 2 28 41
1 2 27 41
5 2 22 41
7 9 21 41
8 2 25 41
4 4 23 41
2 2 22 41
5 5 19 41
2 2 16 41
2 2 14 41
4 3 12 41
4 3 13 41
5 2 87 40
6 2 86 40
7 9 84 40
6 6 83 40
8 4 79 40
2 2 75 40
4 6 74 40
4 4 69 40
8 5 58 40
5 5 50 40
1 11 52 40
3 4 47 40
5 4 41 40
4 6 42 40
8 2 47 40
2 2 38 40
7 2 42 40
8 2 42 40
1 3 33 40
4 14 34 40
5 2 32 40
2 2 27 40
3 2 13 40
1 2 40 40
6 5 35 40
5 2 35 40
1 2 29 40
5 5 10 40
8 2 10 41
7 2 5 40
6 2 29 40
7 4 28 40
4 2 17 40
5 6 12 40
3 4 25 40
2 2 25 40
3 2 22 40
1 2 14 40
5 3 104 39
7 2 102 39
2 15 100 39
4 3 94 39
7 3 93 39
6 11 92 39
2 3 89 39
5 6 88 39
7 3 86 39
4 2 82 39
2 2 81 39
5 2 79 39
6 2 75 39
8 2 74 39
7 2 73 39
1 2 72 39
1 3 68 39
3 5 64 39
2 7 63 39
1 2 59 39
3 12 56 39
8 2 54 39
2 6 51 39
6 3 44 39
1 2 49 39
5 2 45 39
2 5 41 39
3 3 38 39
6 7 32 39
7 4 34 39
2 11 31 39
3 2 24 39
4 2 32 39
4 2 21 39
1 2 28 39
6 2 28 39
5 2 27 39
8 2 19 39
5 7 22 39
1 2 22 39
7 2 21 39
1 2 17 39
2 3 17 39
3 4 14 39
4 2 13 40
7 2 13 39
8 2 10 39
3 2 8 39
6 2 8 39
5 2 6 39
7 2 95 38
2 17 94 38
6 2 84 38
5 7 88 38
6 2 81 38
7 3 82 38
2 4 79 38
4 2 79 38
4 2 76 38
7 2 74 38
6 2 70 38
2 2 70 38
1 2 68 38
8 3 64 38
2 6 63 38
5 2 68 38
3 20 59 38
8 4 63 38
3 3 55 38
3 2 51 38
4 2 51 38
5 2 50 38
6 3 54 38
6 8 47 38
2 3 42 38
8 4 43 38
7 3 43 38
3 2 43 38
5 3 39 38
4 28 39 38
6 5 33 38
5 2 34 38
3 2 32 38
2 2 31 38
8 2 30 38
3 8 27 38
3 3 19 38
6 3 15 38
2 3 13 38
7 12 21 38
3 2 12 38
4 2 8 38
5 6 81 37
4 2 78 37
2 6 77 37
1 2 77 37
6 5 71 37
8 4 67 37
2 3 66 37
2 3 57 37
2 3 60 37
4 5 55 37
8 2 49 37
2 2 47 37
7 2 56 37
5 2 51 37
1 2 51 37
3 5 45 37
2 2 44 37
1 7 42 37
5 2 43 37
4 3 41 37
8 4 36 37
6 2 36 37
1 3 31 37
5 3 36 37
4 2 33 37
5 2 29 37
3 18 31 37
1 2 27 37
6 3 24 37
8 3 23 37
7 2 16 37
4 2 12 37
1 3 16 37
6 2 18 37
4 3 17 37
1 3 12 37
2 3 16 38
6 2 16 38
5 3 5 37
5 2 13 38
3 2 11 38
8 2 11 38
5 2 9 38
4 3 9 38
6 2 6 38
4 2 126 36
5 2 123 36
4 2 121 36
2 2 115 36
8 2 111 36
3 4 117 36
4 2 105 36
1 2 110 36
4 3 102 36
1 2 108 36
2 5 99 36
6 10 99 36
8 6 93 36
8 3 94 36
3 4 86 36
2 6 89 36
5 11 83 36
3 4 85 36
7 2 85 36
3 2 81 36
4 6 79 36
3 2 73 36
1 2 78 36
6 2 78 36
3 3 70 36
4 3 74 36
6 2 64 36
7 2 71 36
8 2 58 36
6 2 56 36
2 5 64 36
8 2 64 36
8 2 56 36
6 4 53 36
5 2 50 36
2 4 46 36
1 7 51 36
3 2 48 36
3 2 38 36
7 2 41 36
4 2 34 36
3 2 33 36
7 2 26 36
5 3 27 36
2 2 31 36
1 2 18 36
6 5 36 36
7 15 13 36
8 29 10 37
1 7 23 36
4 3 27 36
2 2 27 36
1 2 23 36
5 2 10 36
6 3 83 35
8 3 83 35
5 2 82 35
4 2 81 35
1 4 81 35
8 3 74 35
4 2 78 35
6 2 72 35
4 14 69 35
2 2 63 35
2 4 61 35
8 5 55 35
1 3 50 35
3 2 50 35
6 4 49 35
2 3 47 35
1 2 44 35
8 3 46 35
7 2 43 35
2 2 37 35
8 3 34 35
6 5 33 35
6 3 28 35
1 3 26 35
7 14 22 35
3 2 23 36
3 2 29 35
5 2 20 35
3 2 24 36
2 2 22 36
6 4 14 35
7 2 14 36
5 2 18 35
6 2 18 35
6 2 15 35
3 2 14 35
5 2 14 35
4 3 9 35
8 2 11 36
7 2 9 35
6 2 5 35
5 4 1 35
4 2 2 35
6 10 127 34
8 10 126 34
4 2 121 34
2 5 119 34
3 15 117 34
1 2 116 34
4 16 108 34
6 2 101 34
2 4 100 34
7 4 102 34
3 2 99 34
1 5 93 34
6 2 94 34
8 2 94 34
5 2 94 34
2 4 89 34
8 23 87 34
1 2 87 34
2 21 88 34
1 2 88 34
2 2 83 34
1 2 82 34
3 2 78 34
4 2 76 34
2 5 76 34
3 3 74 34
3 3 70 34
5 12 70 34
6 2 67 34
8 2 66 34
4 5 65 34
7 7 61 34
3 2 61 34
4 14 59 34
6 5 57 34
1 3 50 34
2 3 45 34
1 6 42 34
5 2 36 34
7 2 35 34
6 2 34 34
1 2 23 34
2 3 31 34
4 10 20 34
5 2 20 34
4 5 19 34
2 2 26 34
6 7 21 34
8 5 15 34
3 2 17 34
1 2 14 34
1 2 12 34
5 2 12 34
6 2 11 34
4 2 10 34
2 2 5 34
4 18 71 33
8 2 63 33
2 2 61 33
8 3 56 33
6 2 54 33
2 2 53 33
4 11 51 33
4 7 46 33
7 2 44 33
6 6 42 33
4 3 36 33
3 2 30 33
3 2 32 33
3 4 27 33
6 3 24 33
1 4 24 33
4 9 20 33
3 2 12 33
3 9 10 33
1 2 3 34
5 12 5 33
4 2 2 33
2 2 100 32
1 2 107 32
1 6 104 32
5 5 103 32
8 11 98 32
5 2 97 32
7 2 97 32
6 5 96 32
2 2 94 32
6 2 92 32
2 4 92 32
5 2 91 32
4 4 89 32
5 3 85 32
7 4 77 32
4 3 77 32
3 2 74 32
6 2 74 32
6 2 72 32
1 11 69 32
3 2 63 32
3 4 61 32
4 10 59 32
7 3 53 32
2 2 53 32
1 2 51 32
4 8 49 32
1 5 41 32
8 7 36 32
7 3 33 32
5 3 32 32
1 3 29 32
5 2 29 32
5 2 26 32
3 2 24 32
2 4 22 32
6 5 18 32
2 4 15 32
6 4 13 32
1 2 12 32
2 2 9 32
1 2 6 32
4 2 3 32
7 3 2 32
5 2 131 31
4 5 126 31
8 6 126 31
2 2 123 31
8 12 120 31
4 4 112 31
2 3 109 31
2 5 104 31
7 2 99 31
1 2 91 31
8 3 100 31
3 2 95 31
8 2 90 31
1 5 88 31
3 4 84 31
3 3 90 31
4 3 86 31
6 3 83 31
8 2 83 31
2 3 81 31
5 2 75 31
4 3 69 31
4 2 79 31
4 5 65 31
5 2 66 31
6 34 65 31
5 5 64 31
8 2 66 31
4 2 66 31
3 5 64 31
6 2 66 31
8 6 61 31
2 2 58 31
8 3 57 31
6 6 57 31
1 4 55 31
3 2 53 31
5 2 52 31
8 3 51 31
6 8 45 31
2 2 41 31
6 2 35 31
8 2 43 31
7 2 43 31
3 2 42 31
2 7 36 31
8 2 32 31
1 6 35 31
1 4 30 31
3 6 28 31
4 2 33 31
6 7 31 31
6 2 27 31
6 4 25 31
6 6 19 31
4 2 16 31
8 2 15 31
4 2 12 31
5 5 23 31
3 2 16 31
7 2 7 31
8 2 4 31
6 2 4 32
7 2 4 32
7 2 5 31
2 2 2 31
1 2 1 32
3 3 12 31
1 5 8 31
4 17 106 30
2 2 105 30
3 2 102 30
4 2 99 30
7 3 97 30
8 4 92 30
2 8 80 30
7 11 86 30
7 2 78 30
7 3 81 30
1 2 77 30
2 2 83 30
6 3 81 30
7 19 76 30
1 2 70 30
6 3 69 30
8 5 71 30
2 2 69 30
1 5 66 30
1 2 60 30
3 4 59 30
4 2 54 30
4 3 46 30
1 2 44 30
1 2 51 30
5 4 45 30
4 2 45 30
2 2 43 30
1 3 41 30
7 2 40 30
2 2 40 30
1 4 39 30
2 2 27 30
7 2 26 30
5 2 29 30
2 3 24 30
7 2 18 30
4 3 27 30
5 2 17 30
7 3 12 30
3 3 4 30
5 2 4 31
6 2 4 30
2 2 10 31
7 4 12 30
4 2 10 30
1 9 125 29
3 3 123 29
1 2 122 29
4 5 120 29
5 2 114 29
4 2 115 29
5 2 115 29
2 2 114 29
7 10 112 29
8 2 110 29
3 2 103 29
8 2 106 29
7 2 106 29
2 2 107 29
2 4 102 29
1 2 102 29
4 2 99 29
1 3 98 29
7 2 93 29
7 4 90 29
6 2 90 29
1 9 87 29
3 2 86 29
3 6 79 29
4 36 75 29
6 2 78 29
4 3 73 29
7 2 66 29
6 6 64 29
8 2 66 29
5 5 65 29
5 2 66 29
7 2 64 29
3 3 64 29
4 2 55 29
8 3 54 29
1 2 53 29
1 5 38 29
8 4 47 29
1 4 51 29
6 3 44 29
5 34 43 29
8 8 34 29
4 2 43 29
7 2 33 29
3 3 32 29
3 4 28 29
3 2 24 29
2 2 9 29
5 2 18 30
1 2 14 30
6 2 13 30
7 2 13 30
4 2 102 28
5 4 100 28
6 4 96 28
5 4 94 28
7 5 93 28
2 2 92 28
2 9 90 28
8 2 89 28
6 2 88 28
1 6 87 28
3 2 86 28
8 4 85 28
1 7 80 28
6 3 62 28
1 2 61 28
4 3 68 28
3 3 61 28
4 2 59 28
4 2 57 28
6 6 57 28
1 3 55 28
2 7 55 28
8 3 53 28
7 2 51 28
1 4 50 28
6 3 47 28
2 5 46 28
8 17 45 28
6 2 41 28
3 3 43 28
8 2 37 28
1 4 35 28
5 3 31 28
6 8 23 28
2 2 32 29
7 2 30 29
4 7 25 28
7 2 27 29
1 2 25 28
8 2 24 29
5 5 21 28
6 2 24 29
1 2 23 29
2 2 23 29
6 2 20 28
2 8 13 28
1 2 17 29
3 2 8 28
1 2 13 28
4 2 14 29
8 2 12 28
2 9 6 28
1 2 8 29
1 2 6 29
2 2 10 30
6 6 7 28
1 2 2 28
4 2 2 29
7 4 95 27
8 5 92 27
8 3 86 27
4 3 86 27
2 7 86 27
6 12 83 27
6 2 76 27
4 3 75 27
1 7 72 27
5 3 65 27
5 4 63 27
1 2 57 27
1 2 54 27
5 3 52 27
7 2 54 27
3 3 49 27
4 2 51 27
6 2 50 27
6 4 46 27
5 2 42 27
7 9 40 27
5 2 34 27
7 3 26 27
2 8 26 27
1 3 23 27
8 2 25 27
5 11 15 27
7 2 13 27
8 3 7 27
2 3 15 27
4 2 9 27
1 2 6 27
5 5 5 27
6 4 5 28
7 2 5 28
3 11 7 27
2 2 5 27
5 2 4 27
1 2 117 26
6 2 112 26
3 2 110 26
5 2 108 26
5 2 105 26
8 3 107 26
6 7 102 26
4 9 96 26
1 2 92 26
6 3 93 26
3 2 87 26
1 5 81 26
7 2 81 26
8 6 81 26
2 6 82 26
3 2 81 26
3 2 79 26
5 2 79 26
5 2 75 26
1 2 74 26
5 4 72 26
3 5 69 26
3 3 67 26
4 4 66 26
2 2 64 26
3 5 63 26
1 13 60 26
5 2 58 26
7 3 56 26
8 2 57 26
7 3 49 26
4 2 50 26
6 4 44 26
1 2 42 26
1 4 37 26
3 2 35 26
7 5 30 26
7 2 34 26
4 2 15 26
2 6 34 26
5 2 34 26
4 2 32 26
2 2 27 26
8 2 18 26
6 2 14 26
3 2 27 26
2 2 27 26
4 3 27 26
1 2 26 26
2 3 21 26
2 2 9 26
7 18 15 26
2 2 12 26
1 2 6 26
1 5 11 26
3 3 96 25
4 3 93 25
7 2 97 25
6 8 90 25
4 2 81 25
4 4 77 25
4 2 83 25
2 10 78 25
7 2 71 25
5 3 74 25
1 2 74 25
8 4 66 25
1 4 62 25
5 3 60 25
2 2 67 25
8 2 60 25
5 2 58 25
4 3 57 25
1 2 55 25
6 4 58 25
3 6 52 25
8 2 52 25
7 6 47 25
2 2 45 25
5 2 44 25
6 2 42 25
1 2 40 25
3 7 33 25
3 2 34 25
6 4 28 25
2 2 33 25
7 3 25 25
8 2 25 25
8 5 20 25
4 4 20 25
3 2 15 25
5 2 27 25
3 2 27 25
2 2 22 25
7 2 21 25
5 5 21 25
2 3 12 25
2 2 18 25
1 4 16 25
4 4 16 25
3 2 10 25
1 2 15 26
4 2 9 25
8 2 11 26
3 4 6 25
7 2 11 26
6 2 10 25
4 5 6 25
2 2 7 26
5 2 7 26
8 2 1 25
5 2 88 24
1 56 86 24
8 11 84 24
7 5 80 24
3 2 75 24
6 6 74 24
6 3 69 24
4 11 65 24
7 2 57 24
2 2 56 24
3 2 54 24
7 5 54 24
8 7 52 24
6 8 44 24
5 3 43 24
2 2 41 24
3 8 35 24
4 2 33 24
8 2 32 24
7 9 30 24
7 2 34 24
2 2 27 24
5 2 27 24
4 3 29 24
1 2 24 24
7 6 24 24
4 2 22 24
7 4 20 24
5 3 12 24
8 2 19 24
6 2 17 24
8 21 11 24
4 2 14 24
4 3 9 24
5 2 4 24
1 9 6 24
8 9 124 23
1 2 122 23
2 2 120 23
4 8 118 23
3 2 117 23
4 2 115 23
5 5 112 23
6 8 111 23
7 10 104 23
4 4 102 23
4 8 97 23
8 4 87 23
7 9 82 23
1 5 80 23
6 6 77 23
3 6 72 23
6 7 66 23
5 2 62 23
5 6 58 23
1 7 60 23
2 2 56 23
8 2 56 23
4 22 53 23
8 3 51 23
5 3 48 23
7 3 48 23
5 6 44 23
7 2 43 23
6 2 42 23
1 2 42 23
2 2 41 23
6 2 39 23
5 3 37 23
6 9 36 23
4 4 34 23
2 2 31 23
2 2 27 23
3 4 28 23
1 6 25 23
6 15 22 23
5 17 22 23
1 4 20 23
5 2 17 23
3 15 13 23
1 2 10 24
2 2 9 24
6 2 8 24
5 2 7 23
7 2 6 24
2 2 4 23
6 3 4 23
8 2 59 22
5 9 57 22
5 2 50 22
5 3 47 22
5 3 44 22
3 2 42 22
3 14 40 22
1 2 34 22
8 3 30 22
5 2 28 22
2 10 28 22
1 3 26 22
1 2 22 22
8 2 22 22
5 6 20 22
4 2 13 22
5 26 12 22
1 4 6 22
4 4 7 22
8 2 139 21
1 2 135 21
5 67 135 21
2 2 134 21
3 2 132 21
3 2 130 21
2 3 130 21
3 2 128 21
1 12 125 21
3 2 112 21
1 6 111 21
3 3 107 21
7 14 105 21
1 10 101 21
1 2 93 21
4 3 92 21
5 7 89 21
1 3 88 21
6 2 94 21
2 2 85 21
5 2 84 21
5 3 82 21
2 2 85 21
2 3 79 21
4 2 83 21
6 2 82 21
3 2 77 21
7 7 75 21
8 2 75 21
1 2 78 21
7 2 75 21
5 3 72 21
2 7 66 21
1 2 66 21
1 2 68 21
2 2 67 21
6 2 64 21
6 2 57 21
8 2 63 21
4 33 62 21
4 2 56 21
6 3 60 21
2 2 55 21
7 3 55 21
5 2 55 21
4 2 54 21
7 3 54 21
8 4 51 21
6 2 43 21
5 2 43 21
7 3 41 21
6 2 37 21
7 2 36 21
3 2 32 21
2 8 31 21
6 2 27 21
8 2 24 21
3 2 17 21
2 2 12 21
2 2 28 21
8 2 14 21
4 2 9 21
4 6 25 21
7 2 25 21
6 2 11 21
2 2 6 21
8 2 15 21
7 2 13 21
3 3 6 21
2 2 8 22
4 2 8 21
1 2 8 21
7 3 62 20
2 2 56 20
8 3 63 20
2 2 59 20
3 8 51 20
7 4 51 20
1 2 49 20
4 5 49 20
8 4 47 20
1 3 48 20
5 2 47 20
3 2 46 20
6 7 45 20
3 6 39 20
2 2 38 20
5 3 37 20
2 3 34 20
6 6 34 20
1 5 33 20
3 7 28 20
4 2 26 20
5 7 25 20
2 2 22 20
6 2 17 20
1 2 17 20
5 3 14 20
2 2 16 20
3 7 15 20
5 2 10 20
2 2 10 21
1 2 10 21
6 3 9 20
8 4 9 21
6 4 7 21
6 2 4 20
7 4 3 21
6 2 4 22
7 2 111 19
7 4 109 19
7 3 104 19
6 4 102 19
7 7 101 19
8 2 83 19
8 3 85 19
2 18 83 19
4 7 73 19
5 2 84 19
4 2 82 19
5 2 71 19
1 2 71 19
6 2 75 19
2 2 75 19
5 3 75 19
6 2 75 19
1 2 75 19
7 2 73 19
1 7 66 19
3 2 67 19
2 2 62 19
8 2 61 19
5 3 61 19
2 2 52 19
1 2 59 19
3 2 53 19
3 3 50 19
8 4 46 19
3 2 45 19
2 8 46 19
6 3 43 19
2 5 40 19
7 3 29 19
5 5 31 19
5 3 19 19
4 11 25 19
2 2 18 19
6 2 24 19
8 2 24 19
3 2 23 19
1 5 24 19
4 2 24 19
8 3 15 19
1 2 13 19
1 2 14 19
5 2 14 19
4 2 13 19
4 2 7 19
6 2 10 19
7 3 9 19
8 3 4 19
7 2 135 18
8 31 133 18
1 13 128 18
6 3 127 18
8 2 119 18
2 3 119 18
6 3 115 18
5 5 113 18
8 7 108 18
6 2 109 18
3 2 100 18
8 3 108 18
5 2 110 18
3 2 108 18
1 4 106 18
7 4 104 18
2 2 105 18
4 2 104 18
6 2 103 18
4 2 98 18
5 2 92 18
8 4 90 18
2 4 92 18
8 2 91 18
5 2 83 18
1 4 89 18
5 2 89 18
2 5 79 18
7 4 83 18
4 2 83 18
3 2 78 18
7 3 74 18
2 10 72 18
4 3 71 18
8 2 68 18
2 2 62 18
4 4 61 18
3 2 63 18
5 14 62 18
2 5 60 18
7 7 55 18
6 3 50 18
3 2 48 18
5 15 49 18
4 2 46 18
6 3 44 18
8 2 43 18
5 8 44 18
2 2 42 18
2 2 37 18
5 2 35 18
7 2 33 18
7 3 30 18
1 3 32 18
8 2 31 18
6 2 29 18
7 2 27 18
1 9 28 18
3 2 26 18
3 2 18 18
3 2 14 18
3 5 11 18
5 2 20 18
5 4 10 18
1 2 8 18
7 2 7 18
6 2 11 18
3 2 11 18
6 3 2 18
6 3 79 17
7 4 72 17
6 2 71 17
2 6 74 17
7 2 74 17
2 4 69 17
8 5 68 17
1 2 62 17
3 3 58 17
7 9 60 17
7 3 49 17
3 3 56 17
3 2 53 17
1 2 50 17
3 2 50 17
8 2 49 17
6 2 47 17
6 3 42 17
5 2 48 17
5 2 46 17
7 5 39 17
1 2 41 17
6 2 32 17
5 4 38 17
8 2 31 17
8 2 28 17
2 34 33 17
6 2 21 17
7 3 19 17
2 2 17 17
7 2 26 17
6 2 26 17
6 4 19 17
3 2 23 17
2 2 14 17
1 6 13 17
2 3 12 17
4 2 9 17
1 3 8 17
5 2 5 17
7 8 4 17
6 2 9 18
7 2 6 18
8 2 6 19
2 2 6 19
4 2 5 19
3 2 6 17
1 2 5 18
7 2 5 17
8 3 2 17
6 2 2 17
1 2 1 17
7 8 82 16
5 2 80 16
8 2 75 16
6 8 74 16
2 4 69 16
3 6 62 16
7 3 57 16
5 2 60 16
1 2 59 16
7 2 53 16
3 2 53 16
5 2 53 16
6 2 41 16
4 2 49 16
7 2 40 16
5 4 39 16
8 3 35 16
1 3 38 16
6 3 42 16
7 2 32 16
8 17 36 16
1 2 26 16
5 2 28 16
1 3 21 16
4 3 20 16
3 10 26 16
8 3 20 16
1 3 19 16
7 3 18 16
3 27 14 16
4 2 14 16
8 10 11 16
5 2 9 16
6 5 7 16
1 2 3 16
7 2 118 15
8 3 113 15
1 6 115 15
7 2 116 15
6 3 112 15
2 2 108 15
2 2 105 15
6 2 109 15
5 7 108 15
3 8 102 15
1 2 100 15
8 3 100 15
8 2 96 15
7 2 93 15
2 4 89 15
1 2 88 15
8 4 86 15
1 4 81 15
8 5 81 15
5 2 76 15
5 2 73 15
1 5 72 15
7 2 77 15
7 5 70 15
7 3 68 15
1 6 64 15
2 4 59 15
3 2 53 15
1 2 52 15
2 3 52 15
4 9 52 15
3 2 50 15
5 2 50 15
4 3 48 15
2 2 44 15
4 2 48 15
4 2 35 15
7 3 46 15
6 3 46 15
8 5 42 15
3 3 37 15
6 5 33 15
5 2 36 15
5 3 26 15
3 2 35 15
6 2 35 15
4 2 31 15
6 2 25 15
2 6 23 15
2 2 16 15
4 3 23 15
5 2 19 15
4 2 15 15
6 2 15 15
2 4 11 15
4 4 8 15
3 3 9 16
7 3 17 15
4 2 8 15
1 2 8 15
6 2 3 15
5 2 9 16
4 2 9 15
1 2 9 15
5 4 2 15
7 4 4 15
8 5 5 16
1 2 5 16
3 2 4 16
7 2 3 16
2 3 5 15
4 4 3 15
6 2 81 14
7 2 78 14
1 3 75 14
6 4 74 14
2 3 70 14
8 4 68 14
2 3 69 14
5 2 69 14
6 2 65 14
6 2 62 14
3 4 62 14
7 3 58 14
6 3 56 14
1 2 53 14
2 2 48 14
7 2 49 14
4 3 46 14
1 2 44 14
2 2 39 14
8 2 44 14
6 15 43 14
1 3 35 14
7 2 39 14
4 5 35 14
8 2 35 14
3 8 29 14
2 2 25 14
2 3 29 14
5 2 24 14
5 2 20 14
5 3 17 14
3 2 15 14
6 2 14 14
8 2 13 14
3 2 12 14
7 5 11 14
5 2 11 14
3 2 11 14
4 2 10 14
7 2 1 14
5 2 1 15
5 5 119 13
7 2 119 13
7 2 115 13
2 12 106 13
8 25 109 13
1 4 105 13
3 5 102 13
2 2 102 13
7 2 97 13
5 2 104 13
3 2 102 13
8 4 93 13
4 10 98 13
6 3 91 13
1 3 90 13
8 3 87 13
6 3 90 13
5 2 90 13
3 3 88 13
1 3 82 13
8 10 80 13
5 8 77 13
7 2 72 13
7 2 68 13
8 2 70 13
7 2 64 13
5 5 68 13
4 13 59 13
3 18 57 13
1 2 49 13
1 2 47 13
6 3 51 13
4 3 50 13
2 4 47 13
7 6 42 13
3 2 43 13
5 5 40 13
7 2 31 13
4 3 29 13
2 3 33 13
5 4 27 13
1 2 25 13
1 2 13 13
6 3 13 13
3 2 25 13
1 2 25 13
7 3 11 13
5 5 24 13
1 2 24 13
7 2 15 13
6 2 8 13
5 6 6 13
7 2 15 13
3 2 13 13
1 2 3 13
2 2 9 13
4 3 74 12
5 2 71 12
4 2 67 12
8 3 64 12
3 3 67 12
6 10 67 12
3 4 53 12
6 38 55 12
1 2 54 12
8 2 48 12
5 6 44 12
7 3 41 12
2 2 47 12
5 3 42 12
1 2 42 12
2 2 40 12
8 16 38 12
7 3 44 12
2 2 37 12
2 2 38 12
7 2 38 12
3 4 32 12
4 3 32 12
6 3 29 12
6 6 33 12
8 2 33 12
1 3 32 12
3 2 29 12
6 6 25 12
5 5 25 12
6 2 19 12
4 2 19 12
8 2 18 12
8 2 12 12
7 2 10 12
1 6 14 12
5 2 3 12
3 2 12 13
5 2 10 13
6 2 9 13
4 3 8 13
6 3 2 12
4 2 4 12
1 2 4 13
5 2 122 11
1 2 121 11
4 2 121 11
7 4 114 11
2 5 109 11
6 6 111 11
1 3 106 11
6 2 104 11
1 2 102 11
4 13 102 11
8 3 98 11
6 3 95 11
3 2 97 11
7 2 93 11
2 2 91 11
1 2 86 11
7 20 87 11
2 2 83 11
8 3 83 11
5 2 84 11
5 5 79 11
4 5 78 11
5 2 77 11
7 9 75 11
3 2 72 11
1 22 71 11
7 2 71 11
5 6 69 11
5 2 62 11
4 7 59 11
6 2 50 11
7 2 46 11
7 2 52 11
5 2 50 11
2 2 43 11
5 11 43 11
6 2 39 11
7 3 35 11
8 3 35 11
8 2 29 11
2 3 24 11
7 3 15 11
4 2 20 11
5 3 13 11
1 3 11 11
3 3 4 11
5 4 4 11
7 3 103 10
1 2 107 10
8 2 99 10
6 5 96 10
4 3 91 10
2 2 91 10
4 5 88 10
3 2 87 10
6 2 87 10
3 9 85 10
6 2 80 10
7 2 77 10
8 3 76 10
1 2 75 10
2 2 73 10
2 2 70 10
5 3 69 10
4 2 75 10
7 2 74 10
3 2 72 10
2 2 65 10
4 2 68 10
6 2 65 10
4 3 63 10
7 2 62 10
5 2 61 10
8 2 57 10
3 2 65 10
4 12 61 10
3 2 54 10
6 3 54 10
2 2 52 10
1 8 50 10
8 3 48 10
2 2 46 10
2 2 43 10
3 3 39 10
7 2 35 10
2 2 34 10
7 4 36 10
8 2 36 10
3 6 32 10
5 4 28 10
2 2 26 10
3 4 25 10
2 2 25 10
5 3 22 10
6 4 21 10
8 2 18 10
6 3 18 10
1 2 24 11
4 2 24 11
3 2 24 10
8 2 16 10
6 2 14 10
8 3 12 10
5 2 14 11
2 3 7 10
2 2 12 11
7 2 9 11
2 4 9 11
3 2 8 11
6 3 7 10
4 2 12 10
5 3 6 10
5 2 2 10
3 2 3 11
4 3 1 10
3 3 92 9
4 6 89 9
7 2 82 9
3 2 84 9
7 2 79 9
1 6 82 9
5 9 81 9
6 4 74 9
4 3 69 9
3 2 72 9
4 5 70 9
3 2 67 9
4 3 65 9
4 3 63 9
6 3 65 9
2 2 65 9
5 3 58 9
5 2 63 9
7 2 55 9
6 3 56 9
3 3 51 9
1 2 49 9
5 16 47 9
3 3 49 9
7 2 52 9
8 2 51 9
2 3 48 9
5 4 48 9
4 2 46 9
1 2 43 9
8 2 42 9
5 2 42 9
6 2 42 9
5 17 39 9
8 2 27 9
5 3 24 9
4 3 23 9
7 4 18 9
5 6 14 9
8 2 14 9
1 2 8 9
7 3 7 9
4 5 3 9
2 2 7 10
6 2 7 10
2 14 105 8
4 7 84 8
5 7 77 8
8 4 70 8
8 2 72 8
5 5 62 8
7 2 64 8
4 2 62 8
1 2 62 8
2 3 60 8
2 2 63 8
3 3 59 8
1 2 58 8
8 3 56 8
3 2 62 8
6 2 56 8
7 3 55 8
4 2 58 8
2 2 56 8
8 2 55 8
6 2 54 8
5 2 54 8
1 2 53 8
2 4 50 8
5 2 48 8
8 4 37 8
8 2 37 8
1 2 37 8
3 2 42 8
2 2 41 8
7 7 40 8
1 4 34 8
3 2 34 8
4 2 26 8
7 3 26 8
1 3 24 8
1 12 22 8
2 16 19 8
6 2 16 8
7 2 19 8
4 2 11 8
4 5 8 8
5 4 16 8
3 3 4 8
5 4 4 9
1 2 9 8
3 2 8 8
2 2 3 8
7 2 6 9
8 2 6 8
6 2 102 7
5 4 108 7
8 25 103 7
2 3 105 7
2 2 106 7
4 8 97 7
2 2 93 7
4 5 88 7
4 2 96 7
3 3 95 7
6 16 83 7
1 3 94 7
5 6 93 7
5 3 89 7
1 3 91 7
7 2 71 7
1 12 65 7
8 2 84 7
7 2 83 7
5 2 71 7
2 2 61 7
4 3 60 7
5 2 56 7
3 2 76 7
5 2 53 7
7 3 50 7
8 18 72 7
7 2 69 7
6 6 57 7
4 50 69 7
8 2 68 7
3 24 53 7
6 2 60 7
7 3 54 7
1 2 54 7
2 2 62 7
8 2 60 7
7 2 59 7
7 2 52 7
8 2 52 7
3 2 56 7
6 2 49 7
5 5 42 7
1 2 44 7
8 2 43 7
7 2 43 7
6 2 45 7
8 2 44 7
4 4 35 7
4 3 38 7
6 2 38 7
5 2 32 7
5 2 28 7
7 2 28 7
6 2 27 7
7 8 23 7
7 6 15 7
1 24 18 7
3 7 16 7
8 2 17 7
4 4 16 7
7 2 15 7
4 4 10 7
1 2 4 7
4 2 1 7
2 2 68 6
8 10 64 6
8 2 53 6
7 2 52 6
4 2 43 6
5 2 48 6
1 3 44 6
3 3 41 6
2 8 39 6
1 6 38 6
6 3 36 6
5 3 36 6
4 3 34 6
1 5 34 6
6 9 32 6
2 3 28 6
5 2 28 6
4 2 25 6
3 3 23 6
6 2 17 6
3 2 20 6
8 2 15 6
4 3 18 6
5 2 18 6
6 10 18 6
1 4 14 6
8 4 11 6
2 33 9 6
8 2 9 6
3 2 4 6
6 2 2 6
1 2 1 6
1 18 88 5
1 4 76 5
5 13 74 5
6 11 62 5
4 9 51 5
2 13 50 5
5 7 42 5
4 3 39 5
5 13 38 5
6 6 33 5
4 2 28 5
6 2 26 5
7 17 26 5
3 2 10 5
7 6 8 5
5 6 2 5
1 2 4 6
8 3 3 5
6 6 91 4
2 8 85 4
7 31 76 4
7 2 68 4
2 3 65 4
3 2 62 4
6 2 62 4
4 15 58 4
3 2 44 4
1 3 42 4
3 2 39 4
8 8 39 4
6 2 34 4
2 14 33 4
4 2 25 4
7 2 25 4
3 12 19 4
1 6 17 4
4 2 16 4
3 2 16 4
4 3 11 4
1 2 10 4
8 2 8 4
4 6 6 4
6 2 5 4
3 2 2 4
1 2 138 3
2 4 136 3
5 2 129 3
7 2 128 3
6 2 124 3
5 2 124 3
7 2 120 3
8 2 125 3
3 3 125 3
4 6 123 3
1 2 115 3
3 2 108 3
5 2 116 3
2 2 116 3
6 3 115 3
4 3 105 3
2 5 105 3
8 2 98 3
7 3 97 3
8 2 105 3
8 2 93 3
6 2 93 3
7 2 90 3
1 2 90 3
6 2 98 3
5 3 93 3
5 2 94 3
4 2 82 3
8 2 95 3
6 2 76 3
1 2 73 3
1 3 68 3
4 2 90 3
2 2 76 3
3 2 76 3
4 2 85 3
8 8 84 3
4 2 75 3
3 3 72 3
7 2 70 3
2 2 70 3
5 2 75 3
2 2 75 3
3 2 74 3
7 3 73 3
5 4 69 3
6 4 67 3
1 2 66 3
2 2 64 3
7 2 62 3
1 9 61 3
6 4 54 3
8 5 52 3
2 5 51 3
7 2 49 3
2 3 47 3
5 2 44 3
7 4 43 3
8 2 36 3
3 2 38 3
6 4 37 3
5 3 34 3
7 3 35 3
1 2 34 3
5 3 28 3
6 3 29 3
8 2 22 3
7 2 22 3
3 2 19 3
5 2 19 3
4 3 17 3
5 3 20 3
3 2 20 3
2 4 19 3
5 2 13 3
3 2 7 3
3 3 13 3
5 2 97 2
3 2 96 2
3 4 85 2
5 2 83 2
1 2 82 2
4 2 87 2
6 2 84 2
2 2 79 2
8 2 78 2
4 2 84 2
3 3 76 2
3 3 82 2
2 2 82 2
5 3 79 2
4 4 73 2
5 2 68 2
6 3 67 2
8 2 67 2
8 2 63 2
7 4 63 2
1 5 58 2
1 2 49 2
1 2 47 2
2 2 62 2
4 4 61 2
3 2 60 2
3 5 44 2
1 2 41 2
6 2 56 2
7 2 50 2
8 2 39 2
8 3 48 2
4 2 37 2
8 2 31 2
5 2 30 2
3 2 37 2
7 2 37 2
2 4 40 2
1 2 36 2
4 2 29 2
1 2 27 2
3 2 34 2
1 2 34 2
2 2 33 2
7 2 33 2
6 2 31 2
2 4 25 2
6 3 24 2
2 2 25 2
3 3 24 2
8 2 24 2
7 2 20 2
6 2 15 2
1 2 7 2
5 3 16 2
8 2 13 2
7 2 13 2
1 4 4 2
8 2 5 2
5 2 6 3
1 2 6 2
6 2 2 2
3 2 136 1
1 2 134 1
5 2 127 1
8 4 124 1
8 3 117 1
8 6 113 1
4 3 101 1
5 3 98 1
7 2 90 1
2 2 83 1
1 15 71 1
3 2 57 1
4 2 54 1
7 3 51 1
8 2 44 1
1 2 41 1
2 2 35 1
6 2 29 1
5 4 23 1
4 7 11 1
