64697
3186
5 2 50 200
4 5 45 200
6 3 43 200
5 2 36 200
4 3 39 200
5 2 41 200
6 2 38 200
5 4 37 200
5 4 30 200
1 2 34 200
3 2 31 200
6 2 24 200
3 3 32 200
2 2 31 200
4 2 31 200
3 3 24 200
4 2 27 200
4 2 23 200
6 10 25 200
2 5 25 200
2 3 17 200
2 2 18 200
5 3 16 200
1 4 15 200
3 2 17 200
4 2 14 200
3 2 14 200
6 2 12 200
3 6 5 200
2 2 8 200
4 2 5 200
6 2 4 200
1 2 5 200
5 2 3 200
4 2 2 200
4 2 17 199
1 4 12 199
5 3 12 199
5 3 9 199
5 2 5 199
4 3 4 199
1 2 5 199
6 3 5 199
1 4 3 199
1 3 28 198
5 2 26 198
6 2 19 198
3 4 19 198
1 3 16 198
4 3 16 198
6 4 21 198
6 2 10 198
5 2 9 198
2 3 8 198
2 2 12 198
5 3 11 198
6 3 10 198
3 3 9 198
4 8 7 198
2 3 5 198
6 2 4 198
5 2 2 198
5 3 19 197
1 3 17 197
1 4 11 197
4 3 10 197
5 2 11 197
1 4 9 197
6 2 7 197
2 2 6 198
3 5 4 197
5 2 35 196
6 3 32 196
2 2 31 196
5 3 29 196
1 3 27 196
5 4 25 196
1 3 22 196
4 2 20 196
2 3 18 196
3 6 17 196
5 2 17 196
4 2 11 196
4 2 8 196
2 2 8 196
1 2 7 196
1 2 4 196
6 2 3 196
5 3 2 197
4 2 3 196
2 3 27 195
2 2 32 195
4 2 31 195
6 2 26 195
4 3 21 195
3 4 21 195
5 3 25 195
3 2 24 195
6 2 21 195
2 3 23 195
3 3 17 195
1 2 19 195
6 3 14 195
2 2 14 195
4 4 12 195
5 5 13 195
1 3 9 195
6 2 7 195
2 5 6 195
6 2 1 195
2 2 3 196
3 3 3 195
6 2 2 195
4 3 21 194
5 3 18 194
6 3 17 194
5 3 15 194
6 3 9 194
4 2 13 194
2 2 9 194
2 2 7 194
1 2 11 194
3 2 9 194
5 2 8 194
6 2 4 194
2 2 1 194
6 2 30 193
3 3 23 193
3 2 27 193
3 3 17 193
4 2 24 193
6 2 23 193
1 2 18 193
2 5 17 193
4 2 16 193
3 3 12 193
6 2 14 193
2 3 13 193
3 2 12 193
5 3 9 193
5 3 13 193
4 4 2 193
3 2 1 193
2 2 6 194
4 2 3 194
6 2 3 193
5 3 4 193
4 2 2 193
3 3 25 192
1 4 21 192
2 3 18 192
6 2 15 192
1 3 12 192
3 3 10 192
3 2 10 192
2 3 42 191
4 8 19 191
5 2 34 191
3 3 33 191
4 2 32 191
5 2 30 191
2 5 30 191
6 2 29 191
1 3 23 191
1 3 27 191
1 2 24 191
2 2 24 191
4 2 17 191
5 2 17 191
4 3 20 191
1 3 15 191
3 2 15 191
3 2 4 191
1 2 7 191
5 2 12 192
4 2 7 192
6 2 11 191
3 3 5 191
6 2 8 192
5 2 8 192
6 3 5 192
1 2 5 192
5 8 3 191
4 2 4 191
2 4 4 191
5 10 18 190
4 2 16 190
5 2 8 190
3 2 8 190
6 2 7 190
6 6 5 190
5 2 4 190
1 2 4 190
6 2 38 189
3 3 35 189
4 4 35 189
3 2 33 189
2 2 28 189
4 2 25 189
3 6 25 189
5 2 21 189
1 2 21 189
5 3 22 189
2 2 10 189
2 2 20 189
3 2 16 189
5 2 16 189
5 3 9 189
3 2 12 189
3 2 7 189
5 2 6 189
4 3 5 190
3 2 9 189
4 2 8 189
2 2 2 189
3 2 2 190
6 2 5 189
2 2 4 189
2 2 16 188
5 3 17 188
4 2 16 188
6 3 14 188
4 2 12 188
6 5 11 188
3 2 9 188
2 4 9 188
1 4 4 188
4 2 2 188
6 3 1 188
2 2 2 188
5 3 2 188
1 6 3 188
6 4 20 187
3 2 24 187
1 2 20 187
2 3 23 187
3 2 16 187
1 4 25 187
1 3 15 187
1 2 19 187
5 4 16 187
6 3 14 187
2 2 13 187
2 3 15 187
5 2 16 187
4 2 15 187
1 2 12 187
4 3 12 187
3 2 11 187
6 7 10 187
2 2 7 187
1 3 6 187
6 4 3 187
4 5 1 187
5 3 17 186
4 4 15 186
2 3 4 186
2 2 9 186
5 2 4 186
3 2 1 186
4 2 35 185
4 2 28 185
5 2 31 185
1 2 31 185
4 6 29 185
3 2 29 185
6 3 26 185
4 3 23 185
4 2 21 185
2 3 13 185
2 4 17 185
3 6 17 185
5 2 17 185
1 3 17 185
2 7 16 185
3 2 14 185
5 4 11 185
1 4 9 185
3 2 3 185
5 2 9 186
4 2 6 186
4 4 3 185
3 2 2 186
2 2 2 185
4 2 18 184
1 2 18 184
2 2 15 184
6 3 15 184
6 7 13 184
4 2 13 184
2 5 11 184
6 3 8 184
1 2 7 184
3 2 6 184
4 3 3 184
6 2 2 184
5 6 28 183
3 2 24 183
5 3 23 183
2 4 28 183
2 2 24 183
6 5 20 183
3 2 21 183
1 2 21 183
2 3 19 183
3 2 19 183
5 2 17 183
3 3 12 183
2 2 11 183
5 2 6 183
6 2 4 183
1 2 3 183
2 2 3 183
6 4 5 183
3 5 5 183
1 2 4 183
3 4 23 182
2 2 22 182
3 7 16 182
1 2 16 182
4 2 15 182
5 2 11 182
4 4 10 182
5 5 11 182
2 3 8 182
5 2 5 182
6 3 5 182
5 2 7 182
6 2 2 182
2 8 3 182
1 4 2 182
4 3 26 181
5 4 24 181
5 2 19 181
1 4 13 181
4 2 12 181
6 3 7 181
5 2 12 181
1 2 6 181
1 2 10 181
1 2 7 181
4 3 2 181
4 4 27 180
6 9 23 180
2 4 26 180
4 2 21 180
4 3 12 180
3 5 22 180
3 4 15 180
1 2 11 180
2 2 10 181
2 5 17 180
4 2 16 180
1 4 13 180
6 2 12 180
3 5 10 180
2 4 6 180
3 2 6 181
6 2 6 181
4 3 5 181
5 2 4 181
1 2 2 180
3 2 2 181
6 3 27 179
4 2 24 179
2 4 22 179
6 4 17 179
2 2 16 179
2 4 11 179
2 2 9 179
4 2 11 179
1 2 11 179
5 3 10 179
4 3 9 179
1 4 8 179
2 2 26 178
3 3 24 178
1 3 17 178
5 2 21 178
4 4 19 178
3 6 10 178
3 2 14 178
1 2 3 178
2 5 1 178
3 2 3 179
6 2 2 179
3 5 34 177
2 2 32 177
1 3 32 177
2 4 30 177
3 3 28 177
4 3 25 177
6 5 24 177
4 2 25 177
5 4 15 177
4 2 18 177
2 3 17 177
1 2 17 177
4 2 15 177
5 5 8 177
3 4 20 176
5 4 18 176
3 6 15 176
1 2 11 177
6 2 11 177
4 3 11 177
5 2 11 177
2 4 10 178
1 2 10 176
3 2 8 176
4 2 6 176
6 2 2 176
2 2 3 177
5 3 2 177
6 2 5 178
3 2 4 178
4 2 4 177
1 2 2 177
2 3 34 175
3 4 38 175
2 2 35 175
4 2 30 175
2 2 26 175
2 2 27 175
3 4 26 175
4 2 26 175
2 3 19 175
5 3 25 175
1 2 24 175
5 2 23 175
1 4 18 175
4 3 13 175
5 2 17 175
3 2 17 175
6 2 13 175
5 2 10 175
6 2 8 175
3 2 7 175
2 3 5 175
3 3 3 175
4 4 29 174
1 2 22 174
3 2 25 174
6 4 13 174
1 2 14 174
5 2 11 174
6 2 7 174
4 2 7 175
2 2 7 175
1 5 6 174
4 3 5 174
3 2 5 175
1 2 13 174
5 5 4 174
4 2 3 174
4 2 30 173
3 3 27 173
5 5 17 173
6 2 25 173
2 5 16 173
2 5 17 173
2 5 8 173
2 2 19 173
6 2 18 173
6 4 14 173
2 2 16 173
4 3 7 173
5 4 7 174
4 3 7 174
3 4 7 173
1 2 4 173
5 3 29 172
2 2 26 172
1 3 24 172
4 3 23 172
5 5 19 172
4 3 18 172
1 3 14 172
1 7 15 172
5 3 15 172
6 2 15 172
5 3 13 172
1 2 11 172
4 2 10 172
1 2 8 172
6 4 4 172
4 3 2 172
2 8 5 172
6 2 21 171
5 2 20 171
1 2 18 171
2 3 12 171
1 3 10 171
2 3 13 171
3 2 8 171
5 2 7 171
3 3 5 171
1 3 35 170
1 4 30 170
2 3 26 170
4 2 26 170
3 3 25 170
6 3 24 170
4 2 23 170
4 2 19 170
3 3 13 170
4 2 12 170
6 2 11 170
2 3 15 170
1 2 14 170
3 3 8 170
4 2 6 171
5 2 9 170
6 2 8 170
1 2 6 170
4 6 4 170
6 2 4 171
4 2 26 169
5 2 25 169
3 2 16 169
4 2 21 169
6 3 16 169
2 6 15 169
3 2 15 169
4 5 15 169
5 3 11 169
1 2 11 169
3 2 10 169
2 3 9 169
6 2 8 169
2 3 4 169
5 2 3 169
1 2 3 170
3 10 2 170
1 2 2 169
6 3 1 169
5 2 26 168
1 4 25 168
6 3 22 168
6 2 18 168
2 3 19 168
4 2 15 168
3 2 15 168
1 2 14 168
2 2 12 168
3 3 10 168
4 2 8 168
1 4 3 168
4 6 3 168
5 3 1 169
3 2 1 168
5 3 28 167
2 2 28 167
4 2 27 167
2 3 25 167
3 3 22 167
3 2 20 167
4 3 17 167
6 2 17 167
2 2 16 167
1 3 15 167
5 4 14 167
3 2 12 167
1 2 11 167
3 2 8 167
1 3 30 166
6 3 29 166
6 2 24 166
3 2 23 166
5 3 22 166
2 2 21 166
6 4 18 166
5 3 17 166
3 3 16 166
2 2 8 166
6 2 9 167
5 2 8 167
6 5 5 166
2 2 6 167
1 4 5 167
4 3 5 166
6 3 34 165
2 3 33 165
4 2 31 165
6 2 28 165
5 4 23 165
4 5 20 165
2 2 20 165
1 2 15 165
4 4 12 165
4 2 16 165
6 2 14 165
3 2 10 165
6 5 9 165
4 2 8 165
2 3 10 165
3 2 3 165
4 2 6 165
5 3 4 165
3 2 4 166
2 2 2 165
6 2 2 166
1 3 22 164
1 2 17 164
5 2 19 164
6 3 11 164
2 2 12 164
5 2 11 164
4 2 11 164
4 2 13 164
2 2 13 164
3 3 11 164
3 2 9 164
2 2 4 164
5 2 6 165
2 3 39 163
3 2 34 163
2 2 30 163
2 2 28 163
6 2 28 163
5 3 29 163
4 6 27 163
2 3 27 163
3 5 23 163
4 2 19 163
5 3 23 163
6 4 21 163
6 3 16 163
6 2 19 163
1 2 18 163
3 6 16 163
5 3 14 163
4 2 8 163
5 2 3 163
4 2 2 163
6 2 5 164
1 2 4 164
1 3 5 163
2 2 1 163
6 4 26 162
1 3 15 162
5 2 23 162
3 2 23 162
5 3 15 162
4 2 15 162
1 2 13 162
6 3 13 162
2 6 14 162
4 2 10 162
2 4 4 162
6 2 4 163
1 2 3 162
2 2 29 161
2 2 27 161
3 2 23 161
2 3 21 161
5 3 22 161
6 5 21 161
3 4 22 161
4 6 20 161
1 3 19 161
4 2 15 161
3 3 16 161
2 2 14 161
1 3 13 161
3 2 10 161
3 4 6 161
4 2 7 162
4 2 4 161
5 2 3 162
2 2 3 162
6 2 2 162
1 2 3 161
4 2 1 161
4 3 25 160
1 3 21 160
3 2 20 160
6 5 14 160
2 3 14 160
4 2 14 160
3 2 9 160
2 2 4 160
6 2 3 160
3 5 3 160
5 2 35 159
6 4 34 159
1 3 31 159
6 2 28 159
2 4 26 159
1 2 24 159
4 2 22 159
6 2 20 159
3 2 19 159
6 2 18 159
6 2 16 159
2 9 13 159
4 2 12 159
5 3 11 159
3 6 6 159
6 4 5 159
1 3 4 159
4 2 2 159
1 2 2 160
3 2 22 158
2 2 16 158
4 3 15 158
6 2 13 158
3 3 11 158
1 2 19 158
3 2 19 158
4 2 18 158
2 2 16 158
4 2 14 158
1 3 12 158
3 2 12 158
4 3 10 158
5 4 7 158
2 4 4 158
5 4 34 157
2 3 33 157
6 3 31 157
5 3 29 157
1 4 21 157
1 3 26 157
6 2 26 157
4 3 18 157
3 4 24 157
6 3 17 157
5 2 17 157
2 4 16 157
6 3 15 157
5 3 14 157
5 3 11 157
6 3 9 157
6 3 11 157
2 2 11 157
2 2 6 157
1 4 5 157
4 3 20 156
6 3 18 156
6 4 15 156
4 3 12 156
3 4 11 156
1 3 8 156
5 2 10 156
2 3 8 156
3 4 4 156
5 3 31 155
6 4 26 155
3 3 24 155
5 2 22 155
5 4 19 155
4 4 22 155
2 2 19 155
4 2 15 155
1 2 14 155
4 2 9 155
6 3 17 155
3 2 7 155
2 7 34 154
5 2 34 154
2 2 32 154
3 3 30 154
4 3 29 154
5 2 25 154
1 2 25 154
2 4 24 154
6 2 22 154
1 2 19 154
5 2 13 154
3 2 9 154
3 2 10 155
1 2 9 154
4 2 10 155
3 2 11 154
6 2 9 154
2 3 9 155
2 2 2 154
5 3 5 155
4 2 7 156
6 2 6 156
2 2 5 155
3 2 1 154
6 2 3 155
3 2 5 156
1 6 25 153
2 2 29 153
5 6 28 153
1 2 28 153
5 2 25 153
5 2 17 153
2 2 21 153
1 3 18 153
4 3 16 153
6 5 18 153
3 2 16 153
2 3 11 153
4 3 18 153
3 5 17 153
5 4 10 153
3 2 10 153
4 2 9 153
2 5 8 153
2 4 5 153
4 2 4 153
4 2 2 153
5 3 2 153
3 3 2 153
5 2 16 152
1 6 14 152
4 4 11 152
4 2 12 152
5 2 10 152
2 3 8 152
4 3 2 152
6 2 28 151
4 2 27 151
6 2 13 151
3 2 22 151
4 2 22 151
3 2 15 151
1 2 12 151
3 7 10 151
2 2 14 151
3 2 14 151
1 3 7 151
5 2 12 151
5 2 6 151
6 2 5 152
3 2 7 151
4 3 5 151
3 4 4 151
5 4 1 151
6 2 30 150
2 2 20 150
1 2 19 150
1 4 24 150
3 2 18 150
3 6 15 150
3 4 23 150
4 2 22 150
4 2 18 150
1 2 14 150
6 2 12 150
4 2 12 150
6 2 5 150
1 2 5 150
6 3 32 149
5 2 33 149
5 2 28 149
1 4 27 149
6 3 13 149
2 3 21 149
5 6 20 149
4 7 20 149
5 4 12 149
2 2 14 149
3 2 13 149
5 2 13 149
2 4 12 150
1 6 11 149
4 2 8 149
5 2 26 148
3 2 25 148
6 3 25 148
2 3 25 148
2 2 23 148
3 2 23 148
5 2 18 148
3 3 16 148
1 5 18 148
2 2 17 148
3 2 13 148
3 3 10 148
3 2 4 148
5 2 9 149
6 2 8 149
1 2 9 150
2 3 8 150
1 3 7 148
5 2 6 148
6 2 2 148
4 2 5 149
5 2 2 149
5 2 3 150
6 2 3 149
4 2 4 148
4 2 2 148
5 2 27 147
1 4 24 147
1 3 21 147
3 5 23 147
2 3 22 147
1 2 6 147
2 4 11 147
5 4 11 147
4 2 9 147
5 4 3 147
3 2 6 147
6 4 5 147
3 5 6 147
3 3 9 146
6 2 10 147
6 4 8 146
2 2 9 147
5 2 8 147
4 2 9 146
4 2 5 146
1 2 7 147
2 2 6 147
1 2 5 147
3 3 5 146
2 2 3 146
2 2 38 145
6 2 38 145
1 2 36 145
2 2 35 145
3 4 33 145
5 2 33 145
5 4 26 145
5 3 23 145
3 2 24 145
2 2 23 145
6 3 22 145
4 5 21 145
5 2 16 145
5 2 11 145
1 3 9 145
6 2 16 145
2 2 11 145
4 3 9 145
2 3 8 145
2 4 13 145
1 4 10 145
4 2 10 145
3 3 7 145
1 2 7 145
1 2 2 145
4 4 22 144
2 3 21 144
4 3 17 144
1 2 19 144
3 2 17 144
5 5 17 144
6 2 16 144
4 2 15 144
6 6 12 144
1 2 11 144
3 7 11 144
2 2 2 144
6 2 3 144
3 2 28 143
4 2 26 143
2 2 26 143
2 3 14 143
1 4 23 143
2 2 15 143
4 2 15 143
4 3 19 143
3 2 9 143
2 3 9 143
5 2 6 143
1 2 11 143
5 5 9 143
3 3 6 143
6 2 7 143
1 6 3 143
4 2 3 144
1 2 4 143
3 2 26 142
2 2 24 142
6 2 21 142
5 2 21 142
6 3 15 142
3 2 17 142
6 2 12 142
1 2 13 142
6 3 4 142
2 7 5 143
2 3 7 142
2 3 1 142
3 5 29 141
5 3 20 141
4 6 25 141
3 2 22 141
2 3 20 141
1 3 14 141
1 2 18 141
4 2 13 141
3 2 12 141
3 5 8 141
1 2 10 142
4 2 7 142
6 2 9 141
5 7 7 141
4 4 29 140
5 2 29 140
2 2 28 140
3 2 27 140
3 3 21 140
5 3 24 140
1 2 18 140
4 2 21 140
1 11 19 140
4 2 17 140
3 4 17 140
2 3 15 140
5 3 14 140
4 3 11 140
2 3 8 140
5 2 8 140
1 2 5 140
6 2 5 141
3 2 5 141
2 4 2 140
6 4 30 139
3 4 28 139
3 4 23 139
6 2 18 139
1 2 15 139
5 2 15 139
4 3 16 139
6 3 13 139
6 3 11 139
2 3 10 139
6 3 7 139
2 2 27 138
4 2 24 138
3 2 21 138
6 2 17 138
6 2 12 138
1 2 11 139
3 2 16 138
3 2 11 138
2 2 11 139
2 2 13 138
5 2 13 138
3 2 4 138
2 2 12 139
1 2 6 139
1 3 4 139
3 2 8 139
1 3 7 139
2 3 39 137
5 5 38 137
6 4 36 137
3 2 35 137
5 2 34 137
1 2 33 137
2 2 30 137
4 2 29 137
3 2 27 137
3 4 24 137
6 2 20 137
1 2 15 137
1 2 16 137
2 2 14 137
4 2 12 137
2 7 16 137
6 2 11 137
3 2 10 137
2 4 6 137
5 2 6 138
5 2 7 137
4 6 7 137
1 3 4 137
5 3 4 138
2 2 4 138
1 2 2 137
4 3 1 137
5 2 1 138
3 3 2 138
5 3 5 137
3 2 3 137
4 2 2 137
4 4 14 136
6 2 15 136
4 4 11 136
1 8 7 136
5 5 7 136
2 3 6 136
2 6 1 136
6 4 1 137
1 2 1 136
5 2 28 135
6 3 24 135
2 3 22 135
1 2 22 135
1 2 19 135
5 6 13 135
4 2 17 135
2 2 17 135
1 2 8 135
5 2 9 135
3 3 5 135
2 4 5 136
6 2 4 135
1 2 3 136
5 2 3 136
4 7 5 135
6 2 4 135
2 2 3 135
6 5 23 134
2 3 21 134
4 2 21 134
1 3 22 134
3 2 11 134
3 3 12 134
5 2 10 134
2 3 10 134
5 2 12 134
6 2 12 134
6 2 6 134
3 3 5 134
1 2 6 134
4 3 5 134
2 8 28 133
2 4 25 133
3 5 22 133
6 4 19 133
2 2 17 133
4 2 8 133
2 2 8 133
5 4 8 133
2 4 4 133
5 2 5 134
6 2 4 134
1 3 3 133
2 2 3 134
5 2 34 132
3 2 31 132
4 3 31 132
2 2 30 132
1 4 28 132
3 2 22 132
1 2 17 132
3 2 23 132
4 3 21 132
6 3 19 132
1 3 20 132
5 5 17 132
4 2 17 132
5 2 14 132
6 2 11 132
1 3 11 132
4 2 6 132
3 4 5 132
2 3 5 132
4 2 5 132
6 3 4 132
1 3 21 131
3 2 23 131
5 4 23 131
6 3 14 131
2 2 18 131
4 2 18 131
6 3 17 131
3 4 10 131
6 2 11 131
5 4 7 131
1 4 7 131
4 2 6 131
6 2 29 130
4 3 22 130
1 2 28 130
5 2 21 130
3 4 26 130
4 2 25 130
5 2 24 130
3 3 16 130
2 2 19 130
1 2 15 130
6 2 14 130
5 2 12 130
3 2 11 130
1 4 11 130
4 3 12 130
6 2 12 130
3 2 9 130
2 2 5 130
1 2 4 131
1 2 2 130
4 2 23 129
1 6 22 129
2 2 28 129
6 3 27 129
1 2 20 129
4 3 17 129
5 2 24 129
3 4 22 129
1 2 22 129
5 7 17 129
6 2 15 129
3 7 14 129
2 2 11 129
5 2 3 129
2 2 1 129
6 2 30 128
3 7 25 128
1 2 23 128
5 6 23 128
2 3 22 128
6 2 18 128
5 2 14 128
2 3 19 128
4 2 19 128
3 3 17 128
6 2 8 128
4 2 13 128
5 2 13 128
5 2 5 128
2 3 9 128
6 3 6 128
5 2 6 129
1 3 2 128
6 3 33 127
2 3 31 127
3 2 30 127
3 2 25 127
4 3 25 127
6 8 20 127
5 2 21 127
5 5 17 127
4 3 19 127
1 3 17 127
3 2 18 127
6 3 15 127
2 3 10 127
1 7 10 127
3 2 10 127
6 6 10 127
2 2 10 127
3 2 5 127
1 2 6 127
2 4 20 126
1 2 14 126
5 5 7 126
5 5 34 125
3 7 31 125
4 3 32 125
5 2 27 125
3 3 25 125
5 2 29 125
6 5 27 125
1 2 27 125
2 2 24 125
3 5 11 125
2 2 2 125
1 3 10 126
5 2 8 126
1 2 4 126
4 2 4 127
6 2 5 126
5 2 4 126
2 3 4 126
6 3 1 126
6 3 9 125
4 6 2 125
3 3 2 125
4 2 3 126
5 2 2 126
1 2 2 126
6 2 2 125
1 2 1 125
2 3 1 125
2 3 18 124
4 2 18 124
4 2 16 124
1 2 12 124
1 2 15 124
4 4 10 124
2 3 6 124
3 3 33 123
4 2 32 123
2 5 20 123
4 2 28 123
6 7 24 123
6 2 27 123
2 2 21 123
3 4 19 123
5 2 17 123
4 4 16 123
5 2 17 123
6 2 37 122
3 4 35 122
1 3 31 122
2 3 30 122
1 3 25 122
5 2 27 122
3 2 23 122
1 3 22 122
5 2 22 122
3 2 20 122
1 2 19 122
1 3 16 122
6 2 16 123
4 2 13 122
1 2 16 123
2 2 17 122
6 2 16 122
6 2 11 122
3 2 7 122
5 2 6 122
3 2 5 123
5 2 7 122
6 2 29 121
5 3 26 121
6 5 25 121
5 2 24 121
4 6 23 121
4 3 17 121
3 3 15 121
5 2 14 121
2 2 13 121
1 4 11 121
4 2 10 121
6 2 6 121
3 2 7 121
5 4 31 120
4 2 34 120
2 5 29 120
1 3 27 120
2 2 28 120
6 2 25 120
3 4 24 120
4 4 18 120
3 3 17 120
1 4 20 120
4 2 19 120
4 2 17 120
2 2 15 120
3 3 13 120
6 2 9 120
4 4 3 120
4 2 5 121
2 2 4 121
5 2 5 122
6 2 4 122
1 2 4 121
5 2 3 120
2 3 23 119
5 2 20 119
3 6 16 119
4 2 16 119
6 4 15 119
6 2 12 119
5 2 12 119
1 3 11 119
6 3 8 119
5 2 8 119
3 3 6 119
4 3 37 118
3 3 35 118
1 3 35 118
2 2 30 118
3 2 27 118
5 2 26 118
6 6 24 118
2 4 28 118
1 5 24 118
3 3 18 118
5 2 18 118
6 3 16 118
4 2 12 118
4 2 9 118
6 3 17 118
2 3 14 118
1 2 14 118
3 6 12 118
4 7 12 118
1 2 12 118
5 2 11 118
6 3 5 118
6 6 9 118
2 2 7 118
2 2 2 118
6 2 2 119
3 7 5 118
1 3 1 119
2 2 1 118
4 4 7 117
4 3 3 117
1 4 5 117
3 2 2 117
5 4 2 118
3 3 27 116
4 4 23 116
6 3 15 116
5 2 20 116
6 2 17 116
3 3 16 116
6 3 17 116
2 6 15 116
5 4 14 116
1 5 12 116
6 2 11 116
2 2 10 116
5 3 8 116
6 3 6 116
1 2 1 116
3 4 18 115
1 4 16 115
3 3 12 115
6 4 16 115
5 2 15 115
2 2 15 115
5 2 14 115
1 2 15 115
5 2 11 115
1 2 11 115
4 2 8 115
3 3 7 115
3 3 3 115
5 3 5 115
5 2 32 114
2 6 31 114
6 3 26 114
1 4 26 114
4 3 24 114
2 2 23 114
3 3 23 114
2 2 13 114
4 3 17 114
2 2 18 114
3 2 13 114
6 5 10 114
5 3 15 114
3 2 10 114
6 3 8 114
1 5 7 114
2 2 7 114
1 4 6 114
4 3 3 114
6 2 3 115
4 2 3 116
1 2 22 113
3 5 18 113
2 2 17 113
2 2 11 113
4 2 11 113
2 2 14 113
5 3 9 113
6 5 9 113
4 2 4 113
5 3 4 113
3 2 36 112
6 4 35 112
6 2 31 112
2 2 29 112
6 2 27 112
5 2 27 112
5 3 23 112
1 2 23 112
4 2 22 112
6 2 20 112
5 2 10 112
5 2 16 112
3 2 16 112
4 2 9 112
3 3 8 112
6 2 10 112
6 3 6 112
2 3 4 112
2 2 31 111
3 2 30 111
1 3 26 111
3 3 27 111
4 2 27 111
4 2 24 111
1 8 19 111
5 2 20 111
5 2 14 111
2 4 17 111
6 2 11 111
3 2 10 111
1 3 6 111
5 4 6 112
4 2 5 112
5 2 4 112
3 4 5 111
5 2 6 111
6 3 6 111
3 3 33 110
4 3 31 110
6 2 26 110
3 2 13 110
1 2 18 110
2 3 12 110
1 2 21 110
4 3 12 110
6 3 13 110
5 2 18 110
4 2 14 110
3 3 13 110
3 5 8 110
4 2 32 109
4 2 30 109
5 2 28 109
4 2 21 109
3 4 20 109
1 2 19 109
2 2 14 109
1 3 14 109
6 2 16 110
4 4 14 110
6 2 16 109
2 2 16 109
3 3 15 109
2 3 13 109
5 4 12 109
1 3 5 109
2 3 4 109
4 2 2 109
1 3 29 108
3 6 27 108
6 3 24 108
2 2 24 108
4 2 15 108
4 3 18 108
4 2 22 108
6 2 20 108
1 4 18 108
1 2 14 108
5 3 15 108
3 2 15 108
4 2 10 108
6 4 6 108
5 2 5 108
5 2 3 108
2 4 22 107
6 3 27 107
5 3 21 107
5 3 24 107
1 4 23 107
2 3 23 107
1 2 22 107
5 2 16 107
6 2 18 107
3 4 16 107
2 4 16 107
6 2 13 107
6 3 5 107
2 2 4 107
1 2 29 106
3 2 25 106
6 2 19 106
2 3 27 106
3 3 27 106
2 2 24 106
5 3 24 106
4 3 22 106
3 2 14 106
4 2 13 106
1 2 6 106
4 2 11 106
2 2 11 106
5 5 10 106
1 2 11 106
6 2 10 106
3 2 5 106
3 2 6 107
2 2 33 105
5 7 31 105
1 2 28 105
4 2 27 105
1 2 21 105
1 2 25 105
5 3 14 105
6 3 16 105
3 2 14 105
5 2 13 105
4 2 12 105
6 2 12 105
2 2 10 105
4 2 10 105
2 2 11 105
6 2 11 105
2 6 5 105
5 3 3 105
1 2 5 106
6 3 25 104
3 3 31 104
6 6 30 104
1 7 29 104
1 2 27 104
3 3 24 104
1 3 23 104
3 2 20 104
3 5 18 104
3 3 12 104
2 2 16 104
2 2 14 104
6 2 14 104
4 2 13 104
5 2 11 104
3 2 6 104
1 3 5 104
4 10 3 104
5 2 19 103
6 2 15 103
4 3 11 103
2 2 18 103
4 5 15 103
5 2 11 103
6 2 8 103
6 2 13 103
1 2 13 103
3 2 11 103
6 3 9 103
2 4 7 103
6 2 31 102
3 2 29 102
6 2 22 102
6 2 19 102
4 2 25 102
5 4 24 102
1 2 20 102
2 2 19 102
5 4 14 102
6 2 13 102
5 3 10 102
3 2 8 102
3 2 6 102
1 5 13 102
3 2 13 102
3 3 10 102
4 4 10 102
5 2 9 102
2 2 8 102
1 4 4 102
6 2 4 103
2 2 4 103
4 3 3 103
1 2 3 104
5 2 3 103
3 3 23 101
5 3 22 101
1 2 20 101
2 3 19 101
1 2 12 101
5 2 15 101
2 2 12 101
2 2 10 101
1 2 6 101
5 6 5 101
2 3 3 101
3 4 30 100
2 4 26 100
5 3 25 100
2 8 13 100
1 2 24 100
3 2 24 100
6 2 10 100
6 2 5 100
5 2 5 100
3 2 7 101
2 2 17 100
1 3 15 100
3 2 14 100
1 7 5 100
4 4 5 101
6 2 3 101
1 3 6 100
2 3 5 100
2 2 1 100
3 2 3 101
2 2 22 99
5 3 11 99
6 3 22 99
6 2 20 99
6 2 18 99
2 3 16 99
4 2 10 99
3 3 6 99
3 3 13 99
5 3 15 99
1 2 14 99
4 2 13 99
5 2 12 99
3 2 12 99
5 2 8 99
6 2 6 99
1 4 22 98
6 2 23 98
5 2 21 98
4 3 17 98
6 3 16 98
3 2 16 98
5 2 14 98
2 2 12 98
4 2 11 98
6 7 9 98
2 2 3 98
1 2 3 99
2 2 4 100
5 2 3 99
6 6 37 97
3 2 34 97
4 2 37 97
4 2 31 97
6 4 34 97
6 2 28 97
1 3 20 97
1 2 26 97
2 2 25 97
4 5 23 97
3 3 25 97
4 2 18 97
5 7 22 97
1 3 15 97
1 2 19 97
6 2 18 97
6 3 11 97
3 2 13 97
1 2 13 97
3 2 11 97
3 2 8 97
6 2 6 97
5 4 5 97
3 2 23 96
1 2 21 96
4 2 19 96
5 3 18 96
2 3 12 96
5 2 13 96
2 2 13 96
6 3 10 96
4 3 9 96
5 6 8 96
2 4 35 95
5 3 21 95
4 2 26 95
2 2 23 95
1 2 23 95
3 5 27 95
3 5 22 95
6 6 24 95
2 2 22 95
1 3 21 95
5 2 20 95
2 7 15 95
2 2 17 95
2 2 15 95
2 2 12 95
3 2 12 95
4 3 11 95
1 2 9 95
3 2 8 95
1 2 7 95
1 4 2 95
5 2 24 94
2 5 20 94
3 2 19 94
1 2 16 94
6 2 8 94
3 2 15 94
4 2 15 94
5 3 7 94
3 2 3 94
6 2 3 95
3 2 3 96
4 2 8 94
3 3 6 94
4 2 5 94
3 3 32 93
6 3 25 93
2 4 22 93
6 4 18 93
2 4 16 93
5 2 14 93
4 4 19 93
6 2 19 93
5 3 16 93
4 2 14 93
1 2 13 93
6 2 12 93
5 4 11 93
6 2 10 93
1 2 10 93
6 3 6 93
5 2 5 93
3 2 5 93
4 2 30 92
4 4 24 92
5 2 19 92
5 2 17 92
4 3 14 92
5 4 21 92
6 3 16 92
2 2 12 92
3 4 10 92
6 2 12 92
1 3 6 92
1 2 7 92
2 3 6 92
5 4 6 92
4 2 4 92
6 2 28 91
3 3 27 91
1 2 24 91
6 6 17 91
4 2 20 91
3 2 19 91
3 2 17 91
3 3 11 91
4 3 15 91
2 2 10 91
3 4 9 91
1 2 7 91
3 4 6 91
2 2 4 92
2 4 5 91
5 3 34 90
3 2 33 90
6 2 30 90
2 6 28 90
6 2 27 90
2 2 20 90
6 5 21 90
4 2 22 90
3 2 22 90
1 2 18 90
4 2 18 90
2 3 17 90
5 3 14 90
1 3 12 90
3 2 9 90
2 2 8 90
5 3 7 90
4 3 5 90
1 3 4 90
6 3 1 90
2 2 2 91
6 2 3 92
4 2 3 92
6 3 2 93
2 3 2 93
4 2 2 93
2 4 28 89
4 3 27 89
5 2 20 89
6 2 18 89
2 3 20 89
5 2 14 89
3 2 13 89
5 6 9 89
6 3 9 89
4 2 8 89
5 2 12 89
3 6 9 89
4 2 9 89
2 2 5 89
6 2 4 89
6 3 5 89
3 3 3 89
1 2 28 88
2 2 20 88
3 2 16 88
4 4 22 88
4 4 19 88
6 2 19 88
1 2 18 88
3 3 13 88
3 2 16 88
5 2 16 88
4 3 12 88
1 2 11 88
3 2 10 88
2 3 7 88
1 3 5 88
4 2 3 88
3 4 1 88
6 2 30 87
1 2 23 87
6 2 22 87
3 3 23 87
1 5 19 87
3 3 18 87
2 2 16 87
4 5 16 87
5 3 15 87
1 2 13 87
6 3 12 87
3 2 11 87
6 2 9 87
5 4 6 87
4 3 30 86
3 2 28 86
4 2 27 86
3 2 26 86
5 5 24 86
2 5 22 86
1 2 22 86
6 2 22 86
2 4 16 86
4 4 13 86
2 2 10 86
3 2 13 86
1 3 7 86
2 2 10 86
5 2 10 86
6 3 8 86
6 2 5 86
6 3 3 86
2 3 3 86
1 2 1 86
3 3 27 85
6 5 24 85
2 2 24 85
4 2 23 85
4 4 18 85
4 2 11 85
6 3 10 85
2 2 11 85
5 4 9 85
5 3 15 85
3 4 13 85
4 2 12 85
1 3 8 85
6 3 10 85
1 4 9 85
4 3 4 85
3 2 3 85
5 3 1 85
6 3 21 84
2 2 18 84
5 2 15 84
4 2 8 84
2 2 7 84
1 2 7 84
4 2 9 84
6 3 9 84
5 2 7 84
3 3 7 84
1 2 1 84
4 2 1 85
5 2 2 86
2 2 3 84
6 3 34 83
6 2 30 83
1 6 27 83
4 2 27 83
5 2 25 83
1 3 16 83
4 5 21 83
3 2 20 83
2 2 20 83
3 2 17 83
6 2 14 83
4 2 10 83
5 3 12 83
5 7 8 83
1 4 5 83
4 4 5 83
2 2 5 83
1 2 4 83
1 2 32 82
5 2 31 82
4 4 25 82
4 2 30 82
6 2 30 82
2 3 28 82
1 3 26 82
6 2 25 82
2 2 24 82
5 2 23 82
4 2 18 82
4 2 21 82
6 2 20 82
3 5 17 82
2 2 16 82
4 2 14 82
1 10 13 82
6 2 13 82
5 2 12 82
1 2 7 82
3 2 6 82
5 3 6 82
4 2 24 81
6 3 23 81
4 3 19 81
5 4 16 81
2 2 18 81
6 3 17 81
3 4 11 81
2 2 9 81
3 7 6 81
6 5 8 81
1 3 4 81
2 4 30 80
5 2 27 80
5 2 24 80
5 3 14 80
2 2 17 80
1 2 12 80
3 6 9 80
1 5 7 80
2 3 5 80
3 2 4 80
2 3 6 81
3 6 10 80
5 3 5 80
5 2 6 80
1 2 5 80
6 3 5 81
4 3 4 81
3 3 4 81
2 4 3 80
6 3 3 81
5 5 8 79
4 2 17 79
3 4 7 79
5 6 13 79
4 5 9 79
1 3 10 79
6 5 9 79
3 3 9 79
2 2 7 79
1 2 6 79
4 9 4 79
2 2 3 79
1 2 1 79
3 2 14 78
5 2 12 78
6 2 12 78
1 2 10 78
6 2 8 78
3 2 8 78
4 2 7 78
6 2 4 78
3 2 2 78
4 2 36 77
5 2 35 77
2 2 34 77
6 2 31 77
2 2 29 77
5 2 28 77
3 4 27 77
3 2 21 77
2 2 23 77
2 2 19 77
1 2 10 77
1 2 17 77
4 3 11 77
2 4 10 77
6 2 15 77
4 2 15 77
3 4 13 77
4 2 8 77
2 3 6 77
5 7 7 77
2 2 3 77
2 6 25 76
1 2 15 76
4 3 15 76
1 5 13 76
1 2 19 76
6 4 13 76
6 2 16 76
4 2 14 76
5 3 14 76
2 3 13 76
3 2 12 76
5 3 9 76
4 2 10 76
1 2 2 76
2 2 6 77
1 2 6 77
6 3 6 76
1 3 27 75
3 6 27 75
2 3 27 75
3 2 23 75
5 2 22 75
2 2 16 75
3 2 18 75
1 2 17 75
6 2 17 75
3 7 15 75
1 2 5 75
3 3 4 76
5 3 10 75
1 5 6 75
4 2 4 75
1 4 35 74
2 5 32 74
5 3 30 74
4 2 28 74
6 3 26 74
4 4 21 74
5 2 19 74
6 3 18 74
1 2 17 74
5 3 13 74
4 5 12 74
2 4 10 74
6 2 4 74
5 3 8 74
6 2 7 74
5 4 28 73
1 2 24 73
6 2 23 73
5 9 21 73
3 2 20 73
2 4 16 73
2 2 13 73
4 3 15 73
2 6 10 73
6 2 9 73
3 4 6 73
1 2 6 73
5 3 3 73
4 2 30 72
6 10 26 72
1 7 23 72
4 4 19 72
4 3 20 72
2 4 20 72
3 2 18 72
3 6 13 72
4 2 14 72
3 2 13 72
5 2 8 72
4 2 5 72
6 2 4 73
5 2 4 74
2 2 7 72
1 4 4 72
2 2 3 73
1 5 21 71
5 3 9 71
3 3 16 71
3 2 11 71
1 2 8 71
3 3 16 71
2 2 14 71
5 6 7 71
5 3 12 71
5 2 4 71
6 4 3 71
1 2 3 72
2 2 2 71
4 3 26 70
6 2 25 70
2 2 24 70
5 2 23 70
4 2 21 70
2 3 16 70
1 2 18 70
3 4 16 70
4 4 11 70
1 4 9 70
4 2 10 70
1 2 10 70
6 2 7 70
2 5 7 71
6 2 4 70
3 2 3 70
4 2 29 69
2 4 26 69
5 5 24 69
4 2 21 69
3 4 23 69
1 3 13 69
2 2 19 69
2 3 17 69
5 2 17 69
1 4 16 69
6 2 14 69
3 4 12 69
5 2 6 69
2 3 8 69
4 2 7 69
1 4 2 69
5 2 23 68
2 2 22 68
3 2 20 68
5 2 18 68
6 2 18 68
3 2 17 68
2 2 16 68
5 2 16 68
5 2 12 68
1 2 13 68
6 2 9 68
4 3 8 68
2 2 6 68
2 2 37 67
3 2 34 67
6 2 26 67
5 2 25 67
1 2 24 67
3 2 21 67
3 2 29 67
2 2 28 67
4 3 22 67
3 2 22 67
3 2 15 67
4 5 11 67
3 2 3 67
4 2 6 68
5 2 6 68
4 2 3 68
3 2 3 69
6 4 11 67
4 2 11 67
2 5 11 67
1 4 34 66
3 2 31 66
6 2 29 66
1 2 22 66
5 2 21 66
2 3 19 66
4 2 18 66
3 2 18 66
6 3 18 66
5 3 16 66
2 4 14 66
5 3 6 66
6 2 9 67
2 2 7 67
6 2 6 67
5 2 7 66
1 2 2 66
5 2 1 67
3 2 2 66
3 2 34 65
6 2 34 65
6 3 32 65
4 2 31 65
4 2 25 65
3 2 30 65
1 5 29 65
2 4 28 65
2 2 23 65
6 4 24 65
2 4 23 65
5 2 23 65
4 3 17 65
4 2 13 65
5 3 11 65
6 2 14 65
6 8 11 65
3 2 10 65
1 2 5 65
4 3 6 65
4 3 3 65
1 2 27 64
1 2 24 64
2 4 23 64
4 2 21 64
4 3 16 64
1 2 14 64
2 2 5 64
5 3 5 64
4 2 4 65
3 3 3 64
1 5 33 63
3 2 26 63
5 8 26 63
3 2 25 63
6 5 26 63
3 2 26 63
5 2 25 63
2 2 22 63
5 5 19 63
3 4 19 63
5 6 17 63
1 3 17 63
4 2 17 63
2 11 15 63
3 3 12 64
1 2 12 64
6 4 11 63
2 2 9 63
6 2 4 63
1 3 4 63
2 2 4 64
5 2 4 64
3 2 22 62
4 4 21 62
2 3 20 62
5 2 18 62
4 2 14 62
3 3 13 62
2 2 10 62
4 3 12 62
2 2 12 62
5 2 8 62
5 2 3 62
6 2 2 63
4 2 29 61
4 5 23 61
4 3 15 61
2 2 21 61
5 2 20 61
3 2 20 61
6 2 22 61
4 4 21 61
2 2 19 61
3 3 18 61
3 4 13 61
1 2 12 61
5 4 10 61
6 2 7 61
1 2 5 61
5 2 26 60
6 2 25 60
6 3 21 60
3 7 21 60
3 5 19 60
2 3 16 60
4 4 15 60
6 4 14 60
2 3 11 60
4 2 9 60
1 4 8 60
6 2 5 60
3 2 5 60
2 2 28 59
4 2 26 59
2 2 14 59
1 2 12 59
2 6 5 59
1 2 24 59
3 2 20 59
1 2 18 59
4 2 18 59
3 2 12 59
5 4 11 59
3 2 17 59
1 2 4 59
6 5 1 59
6 2 3 60
1 2 1 60
5 2 33 58
5 2 30 58
4 2 26 58
2 2 27 58
1 3 23 58
5 5 18 58
4 2 22 58
2 3 14 58
2 3 19 58
6 2 9 58
4 4 8 58
5 4 15 58
3 2 12 58
4 2 12 58
6 3 11 58
4 5 4 58
6 2 6 59
1 2 7 58
1 2 4 58
3 2 5 59
2 2 4 59
3 2 3 58
2 6 2 58
6 3 9 58
3 2 5 58
4 4 5 58
5 5 3 58
5 2 3 58
1 2 2 58
5 2 8 57
4 2 7 57
6 2 6 57
5 2 4 57
6 2 1 57
3 2 1 58
1 3 5 57
5 2 5 57
3 2 4 57
4 2 1 57
3 2 35 56
2 2 35 56
3 2 33 56
5 3 31 56
3 2 30 56
6 5 25 56
4 2 18 56
6 2 23 56
5 6 21 56
1 2 22 56
2 2 21 56
4 3 5 56
1 2 5 56
3 3 4 56
2 2 3 56
4 2 31 55
2 2 27 55
5 2 25 55
1 3 25 55
5 2 24 55
6 2 20 55
1 2 21 55
6 8 14 55
3 2 14 56
4 2 14 56
3 3 9 55
1 3 6 55
5 2 8 55
5 2 2 55
5 2 3 56
6 2 1 56
1 4 3 55
2 2 2 55
4 9 6 55
5 2 8 55
3 2 27 54
1 3 18 54
6 5 14 54
2 5 11 54
4 2 18 54
3 3 17 54
6 2 14 54
4 4 9 54
6 2 8 54
2 2 9 54
1 5 6 54
2 2 8 55
5 2 4 55
1 2 6 54
6 2 28 53
1 5 28 53
1 2 23 53
6 3 23 53
1 4 21 53
2 3 21 53
3 2 19 53
2 3 17 53
5 2 17 53
6 2 16 53
3 3 15 53
4 7 13 53
1 2 12 53
3 7 8 53
6 2 6 54
5 2 6 54
6 3 4 53
2 2 26 52
1 5 24 52
4 4 21 52
6 6 14 52
2 2 12 52
5 4 5 52
3 4 39 51
5 3 34 51
3 4 33 51
1 2 30 51
6 2 32 51
6 2 28 51
5 4 26 51
4 2 26 51
1 2 20 51
2 2 15 51
6 3 15 51
2 2 22 51
5 2 19 51
2 2 19 51
2 4 5 51
1 2 8 52
5 2 12 51
2 2 8 51
5 3 8 52
4 2 33 50
5 2 26 50
5 4 31 50
4 2 25 50
1 2 31 50
5 3 24 50
3 4 27 50
2 2 26 50
3 7 20 50
4 2 18 50
6 2 15 50
6 3 19 50
5 2 17 50
2 3 16 50
4 3 13 50
6 3 12 50
3 3 11 50
1 2 8 50
4 5 8 51
5 2 21 49
2 2 20 49
1 2 20 49
6 2 20 49
5 3 18 49
6 2 15 49
1 5 14 49
4 3 14 49
3 3 14 49
2 2 12 49
4 2 11 49
6 2 8 49
1 2 27 48
5 3 23 48
5 3 27 48
6 4 24 48
3 2 22 48
1 3 22 48
3 2 23 48
6 2 17 48
4 2 15 48
2 2 15 48
5 3 20 48
3 4 14 48
6 2 16 48
5 6 13 48
1 3 6 48
2 2 6 49
5 4 29 47
2 2 26 47
6 3 26 47
3 2 25 47
2 2 24 47
3 4 21 47
1 2 21 47
6 2 20 47
4 2 16 47
4 2 13 47
4 3 9 47
6 4 11 47
5 2 6 47
3 2 36 46
4 2 34 46
6 2 34 46
5 2 34 46
1 2 31 46
6 3 30 46
5 2 27 46
4 2 25 46
4 8 22 46
6 3 18 46
2 4 17 46
3 5 12 46
4 3 6 46
5 2 8 47
2 2 8 48
3 3 8 49
1 7 8 49
3 3 6 46
1 2 8 46
3 2 8 46
6 7 7 46
1 3 5 46
2 2 4 46
4 5 3 47
2 2 18 45
4 2 14 45
1 2 17 45
6 2 13 45
1 3 11 45
1 2 5 45
2 3 6 45
4 2 7 45
2 2 3 45
5 2 4 45
3 2 2 45
5 3 33 44
5 2 34 44
3 2 34 44
1 3 32 44
2 2 31 44
2 2 23 44
3 4 27 44
1 2 27 44
3 2 15 44
1 2 20 44
5 2 19 44
5 2 15 44
6 3 15 44
5 2 10 44
3 3 40 43
5 2 39 43
2 5 35 43
2 2 32 43
4 3 30 43
4 2 26 43
5 3 26 43
6 3 23 43
2 2 26 43
4 2 26 43
5 2 21 43
5 3 18 43
5 2 21 43
1 7 18 43
2 3 10 43
6 2 10 43
1 2 16 44
6 2 15 44
4 2 15 44
1 2 12 43
3 3 5 43
4 3 7 44
2 2 7 44
2 2 9 44
1 2 6 44
6 2 4 44
1 3 3 44
3 3 6 43
2 2 26 42
3 3 24 42
5 2 24 42
4 2 23 42
6 3 19 42
6 4 16 42
3 3 14 42
4 2 10 42
4 4 3 42
5 2 7 42
2 2 3 42
5 3 3 43
3 2 3 44
6 2 3 43
1 2 25 41
3 5 29 41
1 2 29 41
5 2 24 41
4 2 25 41
4 2 17 41
2 4 19 41
1 4 21 41
5 2 14 41
5 3 11 41
6 2 16 41
1 2 16 41
1 2 11 41
4 2 7 41
6 2 6 41
4 2 5 41
2 2 5 42
6 2 5 41
1 2 3 41
2 2 3 42
3 2 2 41
3 5 3 41
6 2 6 41
4 5 32 40
4 4 27 40
2 6 25 40
3 5 26 40
1 3 25 40
2 2 25 40
6 5 24 40
1 2 19 40
4 2 19 40
5 2 10 40
1 3 9 40
3 2 9 40
5 4 15 40
3 2 15 40
2 3 10 40
5 3 10 40
4 4 8 40
3 3 6 40
6 2 5 40
2 2 5 41
4 4 5 40
4 2 2 40
1 2 2 41
6 2 11 39
1 2 9 39
5 2 11 39
1 2 4 39
3 3 7 39
2 3 4 39
6 2 4 39
4 2 4 39
5 2 3 39
3 2 2 39
1 2 35 38
4 2 23 38
5 2 20 38
1 2 24 38
1 2 17 38
5 2 25 38
4 2 21 38
2 2 15 38
3 2 13 38
4 2 12 38
6 2 20 38
1 5 18 38
1 2 9 38
2 3 12 38
5 2 13 38
3 2 13 38
4 3 12 38
6 3 11 38
3 2 10 38
1 3 6 38
6 2 5 38
5 3 6 38
6 3 29 37
5 2 15 37
4 2 26 37
6 4 21 37
2 4 21 37
2 2 8 37
6 3 9 37
3 2 19 37
4 2 15 37
6 3 14 37
1 4 2 37
3 2 12 37
4 2 4 37
1 2 5 38
1 3 11 37
4 2 9 37
2 2 31 36
5 5 30 36
3 6 29 36
4 2 28 36
2 2 22 36
3 2 20 36
1 3 20 36
5 2 18 36
3 2 15 36
2 3 14 36
6 2 11 36
1 5 8 36
4 2 11 36
1 4 9 36
2 4 10 36
4 2 6 36
6 2 8 37
3 3 7 37
6 4 3 36
6 3 4 36
2 3 2 36
4 8 18 35
3 2 13 35
5 3 14 35
4 3 12 35
2 3 7 35
5 5 6 35
5 4 4 35
1 2 3 36
4 4 2 36
1 2 34 34
1 2 27 34
2 6 26 34
6 4 23 34
1 4 22 34
5 6 21 34
3 3 21 34
4 3 20 34
6 2 20 34
2 3 18 34
1 4 16 34
4 3 9 34
6 3 11 34
1 3 10 34
6 2 9 34
3 5 4 34
3 2 4 34
3 2 28 33
2 6 26 33
6 4 23 33
2 2 23 33
3 5 21 33
5 2 20 33
6 2 19 33
3 2 15 33
5 5 14 33
5 2 11 33
3 3 7 33
5 3 7 33
6 2 7 33
1 2 7 33
3 3 6 33
6 2 5 33
4 2 5 34
3 2 1 33
6 3 24 32
4 2 21 32
6 2 20 32
6 5 15 32
3 3 9 32
1 2 7 32
4 9 8 32
4 2 37 31
3 2 36 31
1 4 35 31
2 2 30 31
4 2 29 31
3 2 27 31
4 5 24 31
5 2 22 31
2 2 21 31
1 4 20 31
6 3 19 31
1 3 17 31
3 4 11 31
1 4 10 31
4 2 9 31
5 2 4 31
5 2 7 32
1 2 3 31
4 2 3 32
2 2 3 33
5 2 3 32
3 2 2 32
3 2 5 31
2 2 3 31
6 2 3 31
6 2 19 30
3 4 18 30
2 2 14 30
2 2 23 30
2 3 10 30
1 2 12 30
1 2 7 30
5 4 5 30
5 3 3 30
5 3 12 30
2 4 30 29
2 2 32 29
6 2 30 29
6 4 24 29
3 2 16 29
3 2 25 29
5 2 18 29
1 3 17 29
6 2 21 29
3 4 17 29
5 2 15 29
6 2 15 29
5 2 16 29
2 3 12 29
4 3 14 29
2 2 13 29
3 3 11 29
5 2 10 29
4 4 9 29
2 4 5 29
5 2 6 29
4 2 5 29
6 5 4 29
4 3 3 29
6 2 2 29
6 3 20 28
1 6 20 28
2 2 20 28
2 4 14 28
4 2 14 28
5 3 13 28
5 2 14 28
6 2 10 28
1 2 10 29
6 2 10 29
1 2 9 29
5 5 9 28
3 5 5 29
5 4 17 27
3 2 20 27
6 2 19 27
3 2 14 27
5 2 13 27
2 2 9 27
2 4 16 27
4 2 19 27
2 2 18 27
4 3 16 27
3 2 15 27
2 2 11 27
1 2 11 27
1 3 8 27
2 2 11 27
3 2 1 27
2 2 3 28
1 2 2 28
5 4 31 26
4 4 26 26
5 2 24 26
2 4 24 26
4 2 21 26
6 2 20 26
3 3 18 26
6 4 15 26
1 3 14 26
5 2 12 26
1 2 10 26
6 2 11 26
4 2 9 26
5 3 37 25
1 2 36 25
6 2 31 25
2 3 31 25
1 2 29 25
6 2 28 25
4 2 25 25
2 2 24 25
1 3 22 25
3 2 19 25
5 4 18 25
5 3 8 25
3 3 11 25
6 2 11 25
1 3 3 25
1 2 4 26
3 3 4 27
2 2 5 27
6 2 5 27
4 2 3 27
5 2 3 26
2 3 3 25
5 2 7 25
1 2 7 25
4 5 31 24
2 2 26 24
4 2 25 24
4 2 22 24
4 3 18 24
3 2 22 24
5 3 18 24
3 5 15 24
6 2 18 24
1 2 18 24
1 2 13 24
4 4 11 24
2 2 7 24
6 2 6 24
5 4 5 25
5 2 8 24
2 4 7 24
2 2 5 24
5 2 4 24
2 2 35 23
5 2 31 23
4 4 30 23
1 2 30 23
2 2 29 23
4 2 28 23
6 2 25 23
2 3 23 23
6 2 20 23
5 2 19 23
4 2 18 23
3 3 16 23
3 3 12 23
2 4 11 23
3 2 5 23
4 2 4 23
6 4 3 23
5 3 3 23
2 2 35 22
5 160 22 22
2 3 28 22
3 8 17 22
1 2 14 22
4 2 27 22
3 2 25 22
1 2 19 22
6 2 18 22
2 2 12 22
1 3 11 22
1 2 19 22
1 2 12 22
6 2 31 21
2 2 30 21
6 5 19 21
4 2 14 21
4 2 18 22
1 2 16 22
2 28 18 21
3 2 18 22
6 2 18 21
1 2 17 22
1 2 14 21
3 4 14 22
5 2 14 22
2 4 13 22
6 2 12 21
3 5 10 21
5 2 5 21
2 2 1 21
4 2 2 22
6 2 2 23
5 151 27 20
4 22 16 20
6 3 15 20
4 5 14 20
6 3 9 20
4 2 5 20
6 4 4 20
5 6 3 20
1 2 6 19
2 5 5 19
2 3 6 19
3 4 5 19
1 2 5 19
1 3 3 19
4 3 1 20
2 3 4 18
2 2 1 18
3 2 9 17
6 3 7 17
2 2 8 17
4 3 6 17
5 4 5 17
6 2 3 17
1 2 2 16
2 3 15 15
2 2 13 15
1 2 10 15
5 2 9 15
3 4 4 15
5 3 5 16
2 4 4 15
4 2 3 16
6 5 2 15
3 3 1 16
6 3 11 14
3 2 9 14
6 3 7 14
1 2 5 14
2 2 3 14
1 2 12 13
2 4 8 13
3 2 7 13
6 3 7 13
4 3 3 13
3 2 4 13
6 2 2 13
5 2 2 14
2 2 2 13
1 5 8 12
6 2 7 12
2 5 6 12
5 2 5 12
1 3 3 12
4 2 2 12
4 4 6 11
3 3 6 11
1 2 9 11
6 2 2 11
2 3 2 10
1 2 2 11
4 2 39 9
4 2 36 9
3 2 27 9
2 4 25 9
4 2 26 9
1 2 23 9
6 2 22 9
4 3 22 9
3 2 28 9
2 2 21 9
5 3 21 9
1 2 22 9
3 2 21 9
3 3 18 9
1 3 17 9
6 4 16 9
1 3 12 9
3 2 13 9
6 5 12 9
5 2 5 9
1 2 7 10
2 2 4 10
3 2 6 11
4 12 7 10
6 3 6 10
4 2 4 10
6 7 4 9
4 2 1 9
5 2 2 10
5 2 23 8
5 3 19 8
2 4 11 8
2 2 9 8
1 2 6 8
4 2 5 8
5 2 4 8
2 7 3 8
3 2 38 7
6 5 35 7
4 2 34 7
1 2 30 7
3 5 26 7
3 2 29 7
5 2 25 7
1 2 24 7
4 3 23 7
2 2 25 7
5 2 25 7
2 7 23 7
4 3 13 7
2 2 16 7
2 2 13 7
4 2 8 7
1 5 10 7
3 2 7 7
3 2 8 8
1 2 6 7
3 2 9 8
6 4 1 7
1 2 7 8
6 2 7 8
6 2 4 8
4 2 3 8
4 2 4 7
6 3 14 6
5 2 14 6
3 2 10 6
1 3 10 6
5 6 8 6
3 2 9 6
4 7 8 6
3 3 6 6
5 2 4 6
6 2 3 6
3 2 2 6
5 4 27 5
2 4 23 5
2 2 24 5
4 3 23 5
6 3 22 5
5 5 20 5
3 5 20 5
6 2 14 5
5 4 15 5
6 3 6 5
1 4 11 5
2 2 11 5
4 2 8 5
5 4 5 5
3 2 4 5
2 2 11 4
1 9 17 4
2 3 16 4
6 3 8 4
3 2 15 4
4 3 11 4
4 2 9 4
5 5 9 4
6 2 5 5
1 2 3 4
3 2 2 4
2 3 2 4
3 2 4 4
4 2 2 4
5 2 1 4
6 2 30 3
4 7 28 3
1 5 27 3
2 2 22 3
1 3 19 3
6 2 24 3
5 3 20 3
5 2 22 3
6 3 16 3
3 6 18 3
4 2 20 3
2 3 18 3
3 3 6 3
1 2 15 3
4 2 12 3
5 2 6 3
6 2 6 3
1 3 3 3
2 2 6 3
6 2 22 2
4 2 20 2
6 2 15 2
1 2 8 2
5 3 16 2
1 2 11 2
3 2 8 2
5 2 8 2
6 3 4 2
3 2 5 3
4 4 5 2
4 2 1 2
2 2 4 3
6 3 4 3
2 2 2 3
4 2 28 1
3 2 27 1
6 2 26 1
3 2 25 1
2 2 24 1
4 2 10 1
5 2 6 1
