1293264
1718
6 4 100 100
2 2 98 100
7 2 97 100
6 4 96 100
2 2 94 100
7 2 93 100
6 4 92 100
2 2 90 100
7 2 89 100
6 4 88 100
2 2 86 100
7 2 85 100
6 4 84 100
2 2 82 100
7 2 81 100
6 4 80 100
2 2 78 100
7 2 77 100
6 4 76 100
2 2 74 100
7 2 73 100
6 4 72 100
2 2 70 100
7 2 69 100
6 4 68 100
2 2 66 100
7 2 65 100
6 4 64 100
2 2 62 100
7 2 61 100
2 5 60 100
3 5 55 100
4 5 50 100
5 5 45 100
6 5 40 100
7 5 35 100
8 379 30 100
8 3 2 100
1 3 1 100
1 15 30 99
2 15 25 99
3 15 20 99
4 15 15 99
5 17 10 99
6 15 5 99
4 4 39 98
8 2 37 98
5 2 36 98
4 4 35 98
8 2 33 98
5 2 32 98
4 4 31 98
8 19 29 98
5 2 28 98
4 4 27 98
8 2 25 98
5 2 24 98
4 4 23 98
8 2 21 98
5 2 20 98
4 4 19 98
8 2 17 98
5 2 16 98
4 4 15 98
8 2 13 98
5 2 12 98
4 23 11 98
8 2 7 98
5 2 6 98
8 2 5 98
5 17 4 98
4 4 3 98
8 2 1 98
6 4 54 96
6 4 50 96
6 4 46 96
6 4 42 96
6 4 38 96
6 4 34 96
6 4 30 96
6 4 26 96
6 4 22 96
6 4 18 96
1 15 15 96
2 17 11 96
3 15 5 96
1 7 1 96
1 2 18 96
2 2 17 96
1 2 16 96
2 2 15 96
1 2 14 96
2 2 13 96
1 2 12 96
2 2 11 96
1 2 10 96
2 2 9 96
1 2 8 96
2 2 7 96
1 2 6 96
2 2 5 96
1 2 4 96
2 2 3 96
1 2 2 96
2 2 1 96
4 2 38 94
3 2 37 94
4 2 34 94
8 2 34 94
3 2 33 94
4 2 30 94
4 2 26 94
8 16 24 94
3 2 24 94
4 2 22 94
8 2 21 94
3 2 20 94
4 2 18 94
8 2 17 94
4 2 14 94
4 2 10 94
3 17 9 94
8 2 8 94
4 19 6 94
4 2 50 93
4 2 46 93
4 2 42 93
4 2 38 93
4 2 34 93
4 2 30 93
4 2 26 93
4 2 22 93
4 4 19 93
7 15 15 93
1 15 10 93
2 15 5 93
7 2 40 92
1 2 39 92
6 4 38 92
7 2 36 92
1 2 35 92
6 4 34 92
7 2 32 92
1 2 31 92
6 24 30 92
7 2 26 92
1 2 25 92
7 384 24 92
1 2 23 92
6 4 22 92
7 2 20 92
1 2 19 92
6 4 18 92
7 2 16 92
1 19 15 92
6 4 13 92
7 2 11 92
6 4 10 92
7 2 8 92
1 2 7 92
6 4 6 92
7 2 4 92
1 2 3 92
6 4 2 92
8 33 15 91
3 6 13 91
3 17 4 91
8 4 2 92
3 3 2 92
5 2 44 90
3 2 43 90
4 4 42 90
5 2 40 90
3 2 39 90
4 4 38 90
5 2 36 90
3 2 35 90
4 4 34 90
5 2 32 90
3 2 31 90
4 4 30 90
5 2 28 90
3 2 27 90
4 4 26 90
5 2 24 90
3 2 23 90
4 4 22 90
5 2 20 90
3 2 19 90
4 4 18 90
5 2 16 90
3 2 15 90
4 4 14 90
5 2 12 90
3 2 11 90
4 4 10 90
5 2 8 90
4 4 7 90
2 30 5 90
6 16 12 88
7 17 10 88
1 33 5 88
2 2 33 88
7 2 32 88
1 2 31 88
6 3 30 88
2 2 29 88
7 2 28 88
1 3 27 88
6 2 26 88
2 2 25 88
7 3 24 88
1 2 23 88
6 2 22 88
2 3 21 88
7 2 20 88
1 2 19 88
6 3 18 88
2 2 17 88
7 2 16 88
1 3 15 88
6 2 14 88
2 2 13 88
7 3 12 88
1 2 11 88
6 2 10 88
2 3 9 88
7 2 8 88
1 2 7 88
6 2 7 87
5 15 5 87
2 2 3 88
6 2 3 88
8 2 41 86
5 2 40 86
3 2 39 86
4 2 38 86
8 2 37 86
5 2 36 86
3 2 35 86
4 2 34 86
8 2 33 86
5 2 32 86
3 2 31 86
4 2 30 86
8 2 29 86
5 2 28 86
3 2 27 86
4 34 26 86
8 2 24 86
5 2 23 86
3 2 22 86
8 2 21 86
5 32 20 86
3 2 19 86
4 2 18 86
8 2 17 86
5 2 16 86
3 2 15 86
4 2 14 86
8 2 13 86
5 2 12 86
3 2 11 86
4 2 10 86
8 2 9 86
5 2 8 86
3 2 7 86
4 2 6 86
8 40 5 86
5 2 3 86
3 2 2 86
4 2 1 86
7 31 2 85
6 2 45 84
2 2 44 84
7 2 43 84
1 2 42 84
6 2 41 84
2 2 40 84
7 2 39 84
1 2 38 84
6 2 37 84
2 2 36 84
7 2 35 84
1 2 34 84
6 2 33 84
2 2 32 84
7 2 31 84
1 2 30 84
6 2 29 84
2 2 28 84
7 2 27 84
1 2 26 84
6 2 25 84
2 2 24 84
7 2 23 84
1 2 22 84
6 2 21 84
2 2 20 84
7 2 19 84
1 2 18 84
6 2 17 84
2 2 16 84
7 2 15 84
1 2 14 84
6 2 13 84
2 2 12 84
7 2 11 84
1 2 10 84
6 2 9 84
2 2 8 84
7 2 7 84
1 2 6 84
6 443 5 84
3 18 5 82
4 2 3 82
8 2 2 82
5 3 2 82
1 2 40 80
6 2 39 80
2 2 38 80
7 2 37 80
1 2 36 80
6 2 35 80
2 2 34 80
7 2 33 80
1 2 32 80
6 2 31 80
2 2 30 80
7 2 29 80
1 2 28 80
6 2 27 80
2 2 26 80
7 2 25 80
1 2 24 80
6 2 23 80
2 2 22 80
7 2 21 80
1 2 20 80
6 2 19 80
2 48 18 80
7 2 17 80
1 2 16 80
6 2 15 80
2 2 14 80
7 2 13 80
1 2 12 80
6 2 11 80
2 2 10 80
7 2 9 80
1 2 8 80
6 2 7 80
2 2 6 80
7 2 5 80
1 2 4 80
6 2 3 80
2 2 2 80
7 2 1 80
3 46 13 79
4 46 8 79
4 2 34 80
8 2 33 80
5 2 32 80
3 2 31 80
4 2 30 80
8 2 29 80
5 2 28 80
3 2 27 80
4 2 26 80
8 2 25 80
5 2 24 80
3 2 23 80
4 2 22 80
8 2 21 80
5 2 20 80
3 2 19 80
4 2 18 80
8 2 17 80
5 2 16 80
3 2 15 80
4 2 14 80
8 2 13 80
5 2 12 80
8 3 7 79
4 2 10 80
8 2 9 80
5 2 8 80
3 3 8 80
5 49 6 79
3 2 38 78
4 2 37 78
8 2 36 78
5 2 35 78
3 2 34 78
4 2 33 78
8 2 32 78
5 2 31 78
3 2 30 78
4 2 29 78
8 2 28 78
5 2 27 78
3 2 26 78
4 2 25 78
8 2 24 78
5 2 23 78
3 2 22 78
4 2 21 78
8 2 20 78
5 2 19 78
3 2 18 78
4 2 17 78
8 2 16 78
5 2 15 78
3 2 14 78
4 2 13 78
8 2 12 78
5 2 11 78
3 2 10 78
4 2 9 78
8 2 8 78
5 2 7 78
3 2 6 78
4 2 5 78
8 2 4 78
5 2 3 78
3 2 2 78
4 2 1 78
2 2 6 76
1 32 4 76
7 2 3 76
5 2 41 74
3 2 40 74
4 2 39 74
8 2 38 74
5 2 37 74
3 2 36 74
4 2 35 74
8 2 34 74
5 2 33 74
3 2 32 74
4 2 31 74
8 2 30 74
5 2 29 74
3 2 28 74
4 2 27 74
8 2 26 74
5 2 25 74
3 2 24 74
4 2 23 74
8 2 22 74
5 2 21 74
3 2 20 74
4 2 19 74
8 2 18 74
5 2 17 74
3 2 16 74
4 2 15 74
8 2 14 74
5 2 13 74
3 2 12 74
4 2 11 74
8 2 10 74
5 2 9 74
3 2 8 74
4 2 7 74
8 19 6 74
5 2 4 74
3 2 3 74
4 2 2 74
7 5 1 74
1 3 2 73
2 2 2 74
6 4 2 73
2 2 38 72
7 2 37 72
1 2 36 72
6 2 35 72
2 2 34 72
7 2 33 72
1 2 32 72
6 2 31 72
2 2 30 72
7 2 29 72
1 2 28 72
6 2 27 72
2 2 26 72
7 2 25 72
1 2 24 72
6 2 23 72
2 2 22 72
7 2 21 72
1 2 20 72
6 2 19 72
2 2 18 72
7 2 17 72
1 2 16 72
6 2 15 72
2 2 14 72
7 2 13 72
1 2 12 72
6 2 11 72
2 2 10 72
7 2 9 72
1 2 8 72
6 2 7 72
2 2 6 72
7 2 5 72
1 2 4 72
6 2 3 72
2 2 2 72
7 2 1 72
8 16 24 70
3 17 10 70
4 17 5 70
8 2 35 70
5 2 34 70
3 2 33 70
4 3 32 70
8 2 31 70
5 2 30 70
3 3 29 70
4 2 28 70
8 2 27 70
5 3 26 70
3 2 25 70
4 2 24 70
8 3 23 70
5 2 22 70
3 2 21 70
4 3 20 70
7 15 15 69
1 33 10 69
5 2 19 70
3 2 18 70
4 2 17 70
8 3 16 70
5 2 15 70
3 2 14 70
4 3 13 70
8 2 12 70
5 2 11 70
3 3 10 70
4 2 6 70
2 15 5 69
8 2 5 70
5 3 5 70
8 3 4 70
5 2 2 70
3 2 1 70
6 2 39 68
2 2 38 68
7 2 37 68
1 2 36 68
6 2 35 68
2 2 34 68
7 2 33 68
1 2 32 68
6 2 31 68
2 2 30 68
7 2 29 68
1 2 28 68
6 2 27 68
2 2 26 68
7 2 25 68
1 2 24 68
6 22 23 68
2 2 22 68
7 25 21 68
1 2 19 68
6 2 18 68
2 2 17 68
1 2 16 68
6 2 15 68
2 2 14 68
7 2 13 68
1 2 12 68
6 2 11 68
2 17 10 68
7 2 9 68
1 2 8 68
6 2 7 68
2 2 6 68
7 2 5 68
7 7 1 68
6 2 2 68
2 2 1 68
4 2 50 66
8 2 49 66
5 2 48 66
3 2 47 66
4 2 46 66
8 2 45 66
5 2 44 66
3 2 43 66
4 2 42 66
8 2 41 66
5 2 40 66
3 2 39 66
4 2 38 66
8 2 37 66
5 2 36 66
3 2 35 66
4 2 34 66
8 2 33 66
5 2 32 66
3 2 31 66
4 2 30 66
8 2 29 66
5 2 28 66
3 2 27 66
4 2 26 66
8 2 25 66
5 2 24 66
3 2 23 66
4 2 22 66
8 2 21 66
5 2 20 66
3 2 19 66
4 2 18 66
8 2 17 66
5 2 16 66
3 2 15 66
4 2 14 66
8 2 13 66
5 2 12 66
3 2 11 66
8 15 10 66
3 15 5 66
1 6 7 64
2 7 5 64
7 11 47 63
6 26 48 63
1 11 38 63
2 11 32 63
5 358 10 63
6 2 31 64
2 2 30 64
7 3 29 64
1 3 29 64
6 2 27 64
8 15 5 63
1 2 30 64
2 2 26 64
7 3 26 64
1 2 24 64
6 3 23 64
2 3 23 64
7 2 21 64
1 3 20 64
6 3 20 64
2 3 18 64
7 2 17 64
1 2 16 64
6 2 15 64
2 2 14 64
7 2 13 64
1 2 12 64
6 2 11 64
2 2 10 64
7 2 9 64
1 2 8 64
6 2 7 64
2 2 6 64
7 2 5 64
3 2 45 62
4 2 44 62
8 2 43 62
5 2 42 62
3 2 41 62
4 2 40 62
8 2 39 62
5 2 38 62
3 2 37 62
4 2 36 62
8 2 35 62
5 2 34 62
3 2 33 62
4 2 32 62
8 2 31 62
5 2 30 62
3 2 29 62
4 2 28 62
8 2 27 62
5 2 26 62
3 2 25 62
4 32 24 62
8 2 23 62
5 2 22 62
3 2 21 62
4 2 20 62
8 2 19 62
5 32 18 62
3 2 17 62
4 2 16 62
8 2 15 62
5 2 14 62
3 2 13 62
4 2 12 62
8 19 11 62
5 2 9 62
3 2 8 62
4 2 7 62
5 12 6 62
1 16 4 61
7 2 46 60
1 2 45 60
6 2 44 60
2 2 43 60
7 2 42 60
1 2 41 60
6 2 40 60
2 2 39 60
7 2 38 60
1 2 37 60
6 2 36 60
2 2 35 60
7 2 34 60
1 2 33 60
6 2 32 60
2 2 31 60
7 2 30 60
1 2 29 60
6 2 28 60
2 2 27 60
7 2 26 60
1 2 25 60
6 2 24 60
2 2 23 60
7 2 22 60
1 2 21 60
6 2 20 60
2 2 19 60
7 2 18 60
1 2 17 60
6 2 16 60
2 2 15 60
7 2 14 60
1 2 13 60
6 2 12 60
2 2 11 60
7 2 10 60
1 2 9 60
6 2 8 60
2 2 7 60
7 15 6 60
6 5 1 60
5 2 40 58
3 2 39 58
4 2 38 58
8 3 37 58
5 2 36 58
3 2 35 58
4 3 34 58
8 2 33 58
5 2 32 58
3 3 31 58
4 2 30 58
8 2 29 58
5 3 28 58
3 2 27 58
4 2 26 58
8 3 25 58
5 2 24 58
3 2 23 58
4 3 22 58
8 2 21 58
3 17 19 58
4 2 18 58
8 2 17 58
5 3 17 58
8 17 5 58
6 32 10 57
7 30 5 57
5 2 10 58
3 2 9 58
4 2 8 58
8 3 8 58
5 2 6 58
3 2 5 58
4 3 5 58
2 2 39 56
7 2 38 56
1 2 37 56
6 2 36 56
2 2 35 56
7 2 34 56
1 2 33 56
6 2 32 56
2 2 31 56
7 2 30 56
1 2 29 56
6 2 28 56
2 2 27 56
7 2 26 56
1 2 25 56
6 2 24 56
2 2 23 56
7 2 22 56
1 2 21 56
6 2 20 56
2 17 19 56
7 2 18 56
1 2 17 56
6 2 16 56
2 2 15 56
7 2 14 56
1 2 13 56
6 2 12 56
2 2 11 56
7 2 10 56
1 2 9 56
6 2 8 56
2 2 7 56
7 2 6 56
1 2 5 56
6 2 4 56
2 2 3 56
7 2 2 56
1 2 1 56
5 16 2 55
3 15 10 54
4 17 6 54
3 2 1 55
6 9 1 53
1 7 24 52
6 2 23 52
2 2 22 52
7 3 22 52
2 6 18 52
7 2 17 52
1 2 16 52
6 2 16 52
6 2 29 52
2 2 28 52
7 2 27 52
1 3 26 52
6 2 25 52
2 2 24 52
7 3 23 52
1 2 22 52
6 2 21 52
2 3 20 52
7 2 19 52
1 2 18 52
6 3 17 52
2 2 16 52
6 11 31 51
3 5 15 51
1 2 15 52
4 402 10 51
2 26 19 51
1 26 17 51
5 36 5 51
6 2 11 52
2 2 10 52
7 3 9 52
1 3 9 52
6 2 7 52
2 2 6 52
7 3 6 52
2 2 3 52
7 2 2 52
1 3 2 52
4 2 50 50
8 2 49 50
5 2 48 50
3 2 47 50
4 2 46 50
8 2 45 50
5 2 44 50
3 2 43 50
4 2 42 50
8 2 41 50
5 2 40 50
3 2 39 50
4 2 38 50
8 2 37 50
5 2 36 50
3 2 35 50
4 2 34 50
8 2 33 50
5 2 32 50
3 2 31 50
4 2 30 50
8 2 29 50
5 2 28 50
3 2 27 50
4 2 26 50
8 2 25 50
5 2 24 50
3 2 23 50
4 2 22 50
8 2 21 50
5 2 20 50
3 2 19 50
4 2 18 50
8 2 17 50
5 2 16 50
3 2 15 50
4 2 14 50
8 17 13 50
5 2 12 50
3 27 11 50
4 25 5 50
1 2 40 48
6 2 39 48
2 2 38 48
7 2 37 48
1 2 36 48
6 2 35 48
2 2 34 48
7 2 33 48
1 2 32 48
6 2 31 48
2 2 30 48
7 2 29 48
1 2 28 48
6 2 27 48
2 2 26 48
7 2 25 48
1 2 24 48
6 2 23 48
2 2 22 48
7 2 21 48
1 2 20 48
6 2 19 48
2 2 18 48
7 2 17 48
1 2 16 48
6 2 15 48
2 2 14 48
7 2 13 48
1 2 12 48
6 2 11 48
2 2 10 48
7 2 9 48
1 2 8 48
6 2 7 48
2 2 6 48
7 2 5 48
1 2 4 48
6 2 3 48
2 2 2 48
7 2 1 48
8 41 18 46
3 31 4 46
5 2 16 46
7 40 15 45
3 2 37 46
4 2 36 46
8 2 35 46
5 3 34 46
3 2 33 46
4 2 32 46
8 3 31 46
5 2 30 46
3 2 29 46
4 3 28 46
8 2 27 46
5 2 26 46
3 3 25 46
4 2 24 46
8 2 23 46
5 3 22 46
3 2 21 46
4 2 20 46
8 3 19 46
5 2 18 46
3 2 17 46
4 3 16 46
1 40 10 45
3 2 15 46
4 2 14 46
8 2 13 46
5 2 12 46
3 2 11 46
2 42 5 45
8 2 5 46
5 2 4 46
4 2 4 46
3 2 3 46
7 2 39 44
1 2 38 44
6 2 37 44
2 2 36 44
7 2 35 44
1 2 34 44
6 2 33 44
2 2 32 44
7 2 31 44
1 2 30 44
6 2 29 44
2 2 28 44
7 2 27 44
1 2 26 44
6 2 25 44
2 2 24 44
7 2 23 44
1 2 22 44
6 2 21 44
2 2 20 44
7 2 19 44
1 2 18 44
6 2 17 44
2 2 16 44
7 2 15 44
1 2 14 44
6 2 13 44
2 2 12 44
7 2 11 44
1 2 10 44
6 2 9 44
2 2 8 44
7 2 7 44
1 2 6 44
6 30 5 44
2 2 3 44
7 2 2 44
1 2 1 44
4 3 2 43
8 3 1 43
5 2 38 42
3 2 37 42
4 2 36 42
8 2 35 42
5 2 34 42
3 2 33 42
4 2 32 42
8 2 31 42
5 2 30 42
3 2 29 42
4 2 28 42
8 2 27 42
5 2 26 42
3 2 25 42
4 2 24 42
8 2 23 42
5 2 22 42
3 2 21 42
4 2 20 42
8 2 19 42
5 2 18 42
3 2 17 42
4 2 16 42
8 2 15 42
5 2 14 42
3 2 13 42
4 2 12 42
8 2 11 42
5 2 10 42
3 2 9 42
4 2 8 42
8 2 7 42
5 2 6 42
3 2 5 42
4 2 4 42
8 2 3 42
5 2 2 42
3 2 1 42
5 12 6 39
8 21 40 38
3 360 26 38
5 2 32 38
3 2 31 38
4 2 30 38
8 3 29 38
5 2 28 38
3 2 27 38
4 33 26 38
5 36 24 38
6 37 20 37
4 2 19 38
8 2 18 38
5 3 18 38
3 2 17 37
3 2 19 38
4 2 18 38
8 3 18 38
5 2 17 37
7 37 15 37
4 2 16 38
8 2 15 38
5 2 14 38
3 2 14 37
1 24 10 37
4 2 10 38
8 2 9 38
5 3 9 38
4 2 7 38
8 3 7 38
2 9 5 37
4 2 4 38
8 2 3 38
5 3 3 38
4 2 2 38
3 2 2 37
6 2 35 36
2 2 34 36
7 2 33 36
1 2 32 36
6 2 31 36
2 2 30 36
7 2 29 36
1 2 28 36
6 2 27 36
2 2 26 36
7 2 25 36
1 2 24 36
6 2 23 36
2 2 22 36
7 2 21 36
1 2 20 36
6 2 19 36
2 2 18 36
7 2 17 36
1 2 16 36
6 2 15 36
2 2 14 36
7 2 13 36
1 2 12 36
6 2 11 36
2 2 10 36
7 2 9 36
1 2 8 36
6 2 7 36
2 2 6 36
7 2 5 36
1 2 4 36
6 2 3 36
7 2 2 36
4 2 1 36
3 17 9 34
4 2 8 34
8 2 7 34
5 3 7 34
8 2 6 35
8 16 3 34
3 2 4 35
4 4 3 35
5 2 2 34
5 2 3 35
3 3 2 34
8 2 1 34
1 2 41 32
6 2 40 32
2 2 39 32
7 2 38 32
1 2 37 32
6 2 36 32
2 2 35 32
7 2 34 32
1 2 33 32
6 2 32 32
2 21 31 32
7 2 29 32
1 2 28 32
6 2 27 32
7 2 26 32
1 2 25 32
6 2 24 32
2 2 23 32
7 2 22 32
1 2 21 32
6 2 20 32
2 2 19 32
7 2 18 32
1 2 17 32
6 2 16 32
2 2 15 32
7 2 14 32
1 2 13 32
6 2 12 32
2 2 11 32
7 2 10 32
1 2 9 32
6 17 8 32
2 2 7 32
7 19 6 32
1 2 4 32
6 2 3 32
2 2 2 32
4 5 1 32
3 16 13 31
4 16 8 31
8 3 7 31
4 2 25 32
8 2 24 32
5 2 23 32
3 3 22 32
4 2 21 32
8 2 20 32
5 3 19 32
3 2 18 32
4 2 17 32
8 3 16 32
5 2 15 32
3 2 14 32
4 3 13 32
8 2 12 32
5 2 11 32
5 19 6 31
3 2 5 31
3 2 38 30
4 2 37 30
8 2 36 30
5 2 35 30
3 2 34 30
4 2 33 30
8 2 32 30
5 2 31 30
3 2 30 30
4 2 29 30
8 2 28 30
5 2 27 30
3 2 26 30
4 2 25 30
8 2 24 30
5 2 23 30
3 2 22 30
4 2 21 30
8 2 20 30
5 2 19 30
3 2 18 30
4 2 17 30
8 2 16 30
5 2 15 30
3 2 14 30
4 2 13 30
8 2 12 30
5 2 11 30
3 2 10 30
4 2 9 30
8 2 8 30
5 2 7 30
3 2 6 30
4 2 5 30
8 2 4 30
5 2 3 30
3 2 2 30
4 2 1 30
1 12 30 28
2 406 24 28
7 2 23 28
1 2 22 28
6 3 22 28
7 2 32 28
1 2 31 28
6 2 30 28
2 3 29 28
7 2 28 28
1 2 27 28
6 3 26 28
2 2 25 28
7 2 24 28
6 17 5 28
1 2 19 27
3 30 15 27
2 2 18 28
7 3 18 28
1 2 16 28
6 3 15 28
2 3 15 28
7 2 13 28
4 30 10 27
1 2 12 28
6 3 12 28
2 2 10 28
7 3 9 28
1 2 8 28
6 2 7 28
2 3 6 28
5 30 5 27
8 16 15 25
1 20 10 25
5 2 40 26
3 2 39 26
4 2 38 26
8 3 37 26
5 2 36 26
3 2 35 26
4 3 34 26
8 2 33 26
5 2 32 26
3 3 31 26
4 2 30 26
8 2 29 26
5 3 28 26
3 2 27 26
4 2 26 26
8 2 25 26
5 2 24 26
3 2 23 26
4 2 22 26
8 2 21 26
5 2 20 26
3 2 19 26
4 2 18 26
8 2 17 26
5 2 16 26
3 2 15 26
4 2 14 26
8 2 13 26
5 2 12 26
3 2 11 26
4 2 10 26
2 20 5 25
5 2 4 26
3 2 3 26
4 2 2 26
8 3 2 26
2 2 41 24
7 2 40 24
1 2 39 24
6 2 38 24
2 2 37 24
7 2 36 24
1 2 35 24
6 2 34 24
2 2 33 24
7 2 32 24
1 2 31 24
6 2 30 24
2 2 29 24
7 2 28 24
1 2 27 24
6 2 26 24
2 2 25 24
7 2 24 24
1 2 23 24
6 2 22 24
2 2 21 24
7 2 20 24
1 2 19 24
6 2 18 24
2 2 17 24
7 2 16 24
1 2 15 24
6 2 14 24
2 2 13 24
7 2 12 24
1 2 11 24
6 2 10 24
2 2 9 24
7 2 8 24
1 2 7 24
6 2 6 24
2 2 5 24
7 2 4 24
1 2 3 24
6 2 2 24
3 4 1 24
8 2 4 23
5 2 3 23
3 2 2 23
4 18 1 23
8 31 19 22
3 37 5 22
7 45 15 21
1 32 10 21
5 2 16 22
3 2 15 22
4 3 15 22
8 3 13 22
5 2 12 22
3 3 12 22
4 3 10 22
8 2 9 22
5 3 9 22
3 3 7 22
4 2 6 22
8 2 6 22
2 30 5 21
4 2 3 22
8 2 2 22
5 3 2 22
6 2 39 20
2 2 38 20
7 2 37 20
1 2 36 20
6 2 35 20
2 2 34 20
7 2 33 20
1 2 32 20
6 2 31 20
2 2 30 20
7 2 29 20
1 2 28 20
6 2 27 20
2 2 26 20
7 2 25 20
1 2 24 20
6 2 23 20
2 2 22 20
7 2 21 20
1 2 20 20
6 2 19 20
2 2 18 20
7 2 17 20
1 2 16 20
6 2 15 20
2 2 14 20
7 2 13 20
1 2 12 20
6 2 11 20
2 2 10 20
7 2 9 20
1 2 8 20
6 2 7 20
2 2 6 20
7 2 5 20
1 2 4 20
6 17 3 20
2 2 2 20
7 2 1 20
8 3 23 19
5 3 22 19
3 3 21 19
4 5 20 19
8 3 19 19
5 3 18 19
3 5 17 19
4 3 16 19
8 3 15 19
5 5 14 19
3 3 13 19
4 3 12 19
8 5 11 19
5 3 10 19
3 3 9 19
4 5 8 19
8 3 7 19
5 3 6 19
3 5 5 19
4 3 4 19
8 3 3 19
5 5 2 19
3 3 1 19
4 2 10 18
8 2 9 18
5 2 8 18
3 2 7 18
4 2 6 18
8 2 5 18
5 2 4 18
3 2 3 18
4 2 2 18
8 2 1 18
1 2 40 16
6 2 39 16
2 2 38 16
7 3 37 16
1 2 36 16
6 2 35 16
2 3 34 16
7 2 33 16
1 2 32 16
6 3 31 16
2 2 30 16
7 2 29 16
1 3 28 16
6 2 27 16
2 2 26 16
7 3 25 16
1 2 24 16
6 2 23 16
2 3 22 16
7 2 21 16
6 17 15 16
1 382 4 16
5 17 10 15
2 2 9 16
7 2 8 16
1 3 8 16
6 3 6 16
8 47 5 15
2 2 7 16
7 2 6 16
3 2 38 14
4 2 37 14
8 2 36 14
5 2 35 14
3 2 34 14
4 2 33 14
8 2 32 14
5 2 31 14
3 2 30 14
4 2 29 14
8 2 28 14
5 2 27 14
3 2 26 14
4 2 25 14
8 2 24 14
5 2 23 14
3 2 22 14
4 2 21 14
8 2 20 14
5 2 19 14
3 2 18 14
4 47 17 14
8 2 16 14
5 49 15 14
3 2 13 14
4 2 12 14
8 2 11 14
3 2 10 14
4 2 9 14
8 2 8 14
5 2 7 14
3 2 6 14
4 2 5 14
8 2 4 14
5 2 3 14
3 2 2 14
4 2 1 14
6 46 6 13
1 3 6 14
7 46 2 13
6 2 3 14
2 2 2 14
7 2 2 14
2 7 1 12
7 2 39 12
1 2 38 12
6 2 37 12
2 2 36 12
7 2 35 12
1 2 34 12
6 2 33 12
2 2 32 12
7 2 31 12
1 2 30 12
6 2 29 12
2 2 28 12
7 2 27 12
1 2 26 12
6 2 25 12
2 2 24 12
7 2 23 12
1 2 22 12
6 2 21 12
2 2 20 12
7 2 19 12
1 2 18 12
6 2 17 12
2 2 16 12
7 2 15 12
1 2 14 12
6 2 13 12
2 2 12 12
7 2 11 12
1 2 10 12
6 2 9 12
2 2 8 12
7 2 7 12
1 2 6 12
6 2 5 12
2 2 4 12
7 2 3 12
1 2 2 12
6 2 1 12
3 31 3 10
4 2 2 10
8 2 1 10
2 2 40 8
7 2 39 8
1 2 38 8
6 2 37 8
2 2 36 8
7 2 35 8
1 2 34 8
6 2 33 8
2 2 32 8
7 2 31 8
1 2 30 8
6 2 29 8
2 2 28 8
7 2 27 8
1 2 26 8
6 2 25 8
2 2 24 8
7 2 23 8
1 2 22 8
6 2 21 8
2 2 20 8
7 2 19 8
1 2 18 8
6 2 17 8
2 2 16 8
7 2 15 8
1 2 14 8
6 2 13 8
2 2 12 8
7 2 11 8
1 2 10 8
6 2 9 8
2 2 8 8
7 2 7 8
1 2 6 8
6 2 5 8
2 21 4 8
7 2 3 8
1 2 2 8
6 2 1 8
8 2 40 6
5 2 39 6
3 2 38 6
4 2 37 6
8 2 36 6
5 2 35 6
3 2 34 6
4 2 33 6
8 2 32 6
5 2 31 6
3 2 30 6
4 2 29 6
8 2 28 6
5 2 27 6
3 2 26 6
4 2 25 6
8 2 24 6
5 2 23 6
3 2 22 6
4 2 21 6
8 2 20 6
5 2 19 6
3 2 18 6
4 2 17 6
8 2 16 6
5 2 15 6
3 2 14 6
4 2 13 6
8 2 12 6
5 2 11 6
3 2 10 6
4 2 9 6
8 2 8 6
5 2 7 6
3 2 6 6
4 2 5 6
8 2 4 6
5 2 3 6
3 2 2 6
4 2 1 6
1 17 29 4
6 2 28 4
2 2 27 4
7 3 27 4
2 16 23 4
7 2 22 4
1 2 21 4
6 2 21 4
6 2 30 4
2 2 29 4
7 2 28 4
1 3 27 4
6 2 26 4
2 2 25 4
7 3 24 4
1 2 23 4
6 2 22 4
2 3 21 4
6 16 4 4
3 17 15 3
2 2 18 4
7 2 17 4
1 3 17 4
6 3 15 4
2 2 14 4
7 2 13 4
1 3 12 4
6 2 11 4
4 15 10 3
5 17 5 3
2 2 10 4
7 2 9 4
1 2 8 4
6 3 7 4
2 2 6 4
7 2 5 4
1 2 4 4
4 2 38 2
8 2 37 2
5 2 36 2
3 2 35 2
4 2 34 2
8 2 33 2
5 2 32 2
3 2 31 2
4 2 30 2
8 2 29 2
5 2 28 2
3 2 27 2
4 2 26 2
8 2 25 2
5 2 24 2
3 2 23 2
4 2 22 2
8 2 21 2
5 2 20 2
3 2 19 2
4 2 18 2
8 2 17 2
5 2 16 2
3 2 15 2
4 2 14 2
8 2 13 2
5 2 12 2
3 2 11 2
4 2 10 2
8 2 9 2
5 2 8 2
3 2 7 2
4 2 6 2
8 2 5 2
5 2 4 2
3 2 3 2
4 2 2 2
8 2 1 2
