8975
2817
8 2 96 100
7 2 89 100
6 2 82 100
5 2 75 100
8 2 68 100
7 2 61 100
6 2 54 100
5 2 47 100
8 2 40 100
7 2 33 100
6 2 26 100
5 2 19 100
8 2 12 100
7 2 5 100
2 8 91 97
3 3 90 97
4 2 95 97
1 2 97 98
2 2 96 98
3 2 95 98
2 2 97 99
3 2 96 99
4 3 95 99
1 2 95 99
1 2 94 97
2 2 93 97
3 2 92 97
4 2 91 97
1 4 90 97
4 6 41 97
4 6 72 97
4 2 83 97
4 2 86 98
1 2 85 98
2 2 84 98
1 2 90 99
2 2 89 99
3 2 88 99
4 3 88 99
1 2 86 99
2 2 85 99
3 5 85 99
1 2 82 97
2 3 81 97
3 2 80 97
4 2 79 97
1 2 78 97
2 2 77 97
3 2 76 97
4 2 75 97
1 2 74 97
2 2 73 97
3 5 72 97
2 8 23 97
4 2 67 97
1 2 69 98
2 2 68 98
3 2 67 98
4 2 79 99
1 2 78 99
2 2 77 99
3 3 77 99
4 2 75 99
1 2 74 99
2 3 74 99
3 2 72 99
4 2 71 99
4 2 72 100
1 4 71 100
2 4 70 100
3 2 68 99
3 2 69 100
4 4 68 99
1 2 66 97
2 2 65 97
3 2 64 97
4 2 63 97
1 2 62 97
2 2 61 97
3 2 60 97
4 2 59 97
1 2 58 97
2 2 57 97
3 2 56 97
4 2 55 97
1 2 54 97
2 7 53 97
4 3 51 97
3 2 51 98
1 2 50 97
2 2 49 97
3 2 48 97
4 2 47 97
1 2 46 97
2 2 45 97
3 2 44 97
4 2 43 97
1 2 42 97
2 2 41 97
3 2 40 97
3 3 22 97
1 2 34 97
1 2 37 98
2 2 36 98
1 2 62 99
1 2 65 100
2 2 64 100
2 2 61 99
3 2 60 99
3 2 61 100
4 4 60 100
1 2 58 99
2 2 57 99
3 2 56 99
4 2 55 99
1 2 54 99
2 2 53 99
3 2 52 99
4 2 51 99
1 2 50 99
2 2 49 99
3 2 35 98
4 2 47 99
3 2 47 100
1 2 46 99
2 2 45 99
3 2 44 99
4 2 43 99
1 2 42 99
2 2 41 99
3 2 40 99
4 2 39 99
1 2 38 99
2 2 37 99
3 2 36 99
4 4 35 99
2 4 33 97
3 2 32 97
4 2 31 97
1 4 30 97
2 2 29 97
3 2 28 97
4 4 27 97
1 2 26 97
2 2 25 97
3 2 24 97
4 2 23 97
1 4 22 97
2 2 21 96
4 6 8 96
4 5 17 97
1 5 16 97
2 5 15 97
4 2 18 98
1 2 17 98
2 2 16 98
1 2 30 99
2 2 29 99
3 2 28 99
1 2 31 100
2 2 30 100
3 2 29 100
4 3 28 99
1 2 26 99
2 2 25 99
3 2 24 99
4 2 23 99
1 2 22 99
2 2 21 99
3 2 20 99
4 2 19 99
1 2 18 99
2 2 17 99
3 12 16 99
4 6 13 97
1 5 12 97
2 7 11 97
3 6 10 97
4 5 9 97
1 7 8 97
2 6 7 97
3 6 6 97
2 2 53 95
2 2 41 95
3 3 27 95
3 3 54 95
4 3 53 95
1 3 52 95
3 2 48 95
4 3 48 95
1 2 46 95
2 3 45 95
3 3 45 95
4 2 43 95
1 3 42 95
2 3 42 95
3 2 40 95
4 3 39 95
1 2 38 95
3 2 33 95
4 2 32 95
1 3 31 95
2 3 31 95
3 2 29 95
4 3 28 95
1 3 28 95
2 2 26 95
4 3 26 95
3 2 25 95
1 2 24 95
2 5 23 95
3 2 22 95
4 2 21 95
1 4 20 95
2 2 19 95
3 2 18 95
4 4 17 95
1 2 16 95
2 2 15 95
3 4 14 95
4 2 13 95
1 3 12 95
3 2 10 95
4 2 9 95
3 3 7 95
2 2 17 94
3 2 16 94
2 2 9 94
4 2 13 94
1 3 13 94
2 3 11 94
3 2 10 94
4 3 10 94
1 4 8 94
4 3 6 94
2 3 35 93
1 3 62 93
2 3 61 93
3 3 60 93
4 5 59 93
1 3 58 93
2 3 57 93
3 5 56 93
4 3 55 93
1 3 54 93
2 5 53 93
3 3 52 93
4 3 51 93
1 5 50 93
2 3 49 93
3 3 48 93
4 5 47 93
1 3 46 93
2 3 45 93
3 5 44 93
4 3 43 93
1 3 42 93
2 5 41 93
3 3 40 93
4 3 39 93
1 5 38 93
2 3 37 93
3 3 36 93
4 5 35 93
1 3 34 93
3 4 33 93
4 2 32 93
1 2 31 93
2 3 30 93
3 2 29 93
4 2 28 93
1 3 27 93
2 2 26 93
3 2 25 93
4 3 24 93
1 2 23 93
2 2 22 93
3 3 21 93
4 2 20 93
1 2 19 93
2 2 19 92
2 3 33 92
4 3 38 92
1 3 37 92
2 3 36 92
3 5 35 92
4 3 34 92
1 3 33 92
3 2 32 92
4 2 31 92
1 2 30 92
2 3 29 92
3 2 28 92
4 2 27 92
1 3 26 92
2 2 25 92
3 2 24 92
4 3 23 92
1 2 22 92
2 2 21 92
3 3 20 92
4 2 19 92
1 2 18 92
2 2 18 91
3 2 31 91
4 2 30 91
1 2 29 91
2 4 28 91
3 2 27 91
4 2 26 91
1 3 25 91
2 2 24 91
3 2 23 91
4 3 22 91
1 2 21 91
2 2 20 91
3 3 19 91
4 2 18 91
1 2 17 91
2 2 17 90
2 2 71 90
3 2 70 90
2 2 67 90
3 2 66 90
4 2 65 90
1 3 65 90
2 2 63 90
1 2 60 90
2 2 59 90
3 2 58 90
4 3 58 90
1 2 56 90
4 2 53 90
1 2 52 90
2 2 51 90
3 3 51 90
4 2 49 90
3 2 46 90
4 2 45 90
1 2 44 90
2 3 44 90
3 2 42 90
2 2 39 90
3 2 38 90
4 2 37 90
1 3 37 90
2 2 35 90
1 2 32 90
2 2 31 90
3 2 30 90
4 3 30 90
1 2 28 90
4 2 25 90
1 2 24 90
2 2 23 90
3 3 23 90
4 2 21 90
3 2 18 90
4 2 17 90
1 2 16 90
8 2 57 89
7 2 50 89
6 2 43 89
5 2 36 89
8 2 31 89
7 2 29 89
6 2 27 89
5 2 25 89
8 2 23 89
7 2 21 89
6 2 19 89
5 2 17 89
8 2 13 89
7 2 6 89
8 2 64 86
8 2 16 82
4 5 92 80
2 7 74 80
3 3 95 80
4 2 97 81
2 2 98 82
3 2 97 82
1 3 97 81
2 2 95 81
4 2 94 80
1 2 93 80
2 3 92 80
3 3 91 80
3 3 73 80
1 2 85 80
1 2 88 81
3 2 93 82
4 2 95 83
1 2 94 83
2 2 93 83
3 2 97 84
4 2 96 84
1 2 95 84
4 2 97 85
2 2 98 86
3 2 97 86
1 3 97 85
2 4 95 85
3 3 93 84
4 2 92 82
1 2 91 82
2 2 90 82
3 2 89 82
4 2 88 82
2 2 87 81
3 2 86 81
4 2 85 81
2 3 84 80
3 2 83 80
4 2 82 80
1 3 81 80
2 2 80 80
3 2 79 80
4 3 78 80
1 2 77 80
2 2 76 80
3 2 75 80
4 2 74 80
1 3 73 80
4 6 24 80
4 6 55 80
4 2 66 80
4 2 69 81
1 2 83 82
1 2 86 83
2 2 85 83
3 2 84 83
4 2 88 84
1 2 87 84
2 2 86 84
4 2 89 85
3 2 93 86
4 2 95 87
1 2 94 87
2 2 93 87
3 2 97 88
4 2 96 88
1 2 95 88
2 3 95 88
3 3 93 88
4 2 92 86
1 2 91 86
2 2 90 86
3 2 89 86
1 2 88 85
2 2 87 85
3 4 86 85
4 4 84 84
2 2 82 82
3 2 81 82
4 2 80 82
1 2 79 82
2 2 78 82
3 2 77 82
4 2 76 82
1 2 75 82
2 2 74 82
3 2 73 82
4 2 72 82
1 2 71 82
2 2 70 82
3 2 69 82
1 2 68 81
2 2 67 81
3 2 66 81
1 2 65 80
2 3 64 80
3 2 63 80
4 2 62 80
1 2 61 80
2 2 60 80
3 2 59 80
4 2 58 80
1 2 57 80
2 2 56 80
3 5 55 80
2 8 6 80
4 2 50 80
1 2 52 81
4 2 64 82
4 2 67 83
1 2 66 83
2 2 65 83
1 2 79 84
2 2 78 84
3 2 77 84
1 2 80 85
4 2 84 86
4 2 87 87
1 2 86 87
2 2 85 87
4 2 88 88
1 2 87 88
2 2 86 88
3 5 86 88
1 2 83 86
2 2 82 86
3 2 81 86
4 2 80 86
2 2 79 85
3 2 78 85
4 4 77 85
1 2 75 84
2 2 74 84
3 2 73 84
4 2 72 84
1 2 71 84
2 2 70 84
3 2 69 84
4 2 68 84
1 2 67 84
2 2 66 84
3 4 65 84
1 2 63 82
2 2 62 82
3 2 61 82
4 2 60 82
1 2 59 82
2 2 58 82
3 2 57 82
4 2 56 82
1 2 55 82
2 2 54 82
3 2 53 82
4 2 52 82
2 2 51 81
3 2 50 81
1 2 49 80
2 2 48 80
3 2 47 80
4 2 46 80
1 2 45 80
2 2 44 80
3 2 43 80
4 2 42 80
1 2 41 80
2 2 40 80
3 2 39 80
4 2 38 80
1 2 37 80
2 7 36 80
4 2 34 80
3 2 34 81
4 2 48 82
1 2 50 83
2 2 49 83
3 2 48 83
4 2 60 84
1 2 59 84
2 2 58 84
4 2 61 85
1 2 75 86
1 2 78 87
2 2 77 87
3 2 76 87
4 2 80 88
1 2 79 88
2 2 78 88
3 3 78 88
4 4 76 88
2 2 74 86
3 2 73 86
4 2 72 86
1 2 71 86
2 2 70 86
3 2 69 86
4 2 68 86
1 2 67 86
2 2 66 86
3 2 65 86
4 2 64 86
1 2 63 86
1 2 60 85
2 2 59 85
2 2 60 86
3 6 59 86
4 2 56 84
1 2 55 84
2 2 54 84
3 2 53 84
4 2 52 84
1 2 51 84
2 2 50 84
3 2 49 84
4 3 48 84
1 2 47 82
2 2 46 82
3 2 45 82
4 2 44 82
1 2 43 82
2 2 42 82
3 2 41 82
4 2 40 82
1 2 39 82
2 2 38 82
3 2 37 82
4 2 36 82
1 2 35 82
2 2 34 82
1 2 33 80
2 2 32 80
3 2 31 80
4 2 30 80
1 2 29 80
2 2 28 80
3 2 27 80
4 2 26 80
1 2 25 80
2 2 24 80
3 2 23 80
3 3 5 80
1 2 17 80
1 2 20 81
4 2 32 82
3 2 32 83
1 2 31 82
2 2 30 82
3 2 29 82
4 2 28 82
1 2 27 82
2 2 26 82
3 2 25 82
4 2 24 82
1 2 23 82
2 2 22 82
3 2 21 82
4 2 20 82
2 2 19 81
3 2 18 81
4 2 17 81
2 3 16 80
3 2 15 80
4 2 14 80
1 4 13 80
2 2 12 80
3 2 11 80
4 3 10 80
1 2 9 80
2 2 8 80
3 2 7 80
4 2 6 80
1 4 5 80
2 2 4 79
8 2 76 78
2 2 75 78
6 2 66 78
1 2 69 78
2 2 68 78
3 2 67 78
4 5 66 78
4 2 68 78
1 2 67 78
1 2 65 78
5 2 59 78
4 2 62 78
1 2 61 78
2 2 60 78
3 5 59 78
4 2 58 78
8 2 55 78
4 4 51 78
1 4 50 78
2 5 49 78
2 2 52 78
3 2 51 78
7 2 48 78
1 4 46 78
2 4 45 78
6 2 44 78
5 2 37 78
3 3 29 78
4 3 28 78
1 3 27 78
2 5 26 78
3 3 31 78
4 4 31 78
1 3 29 78
7 2 25 78
3 3 25 78
1 3 23 78
2 3 22 78
3 3 21 78
4 5 20 78
2 3 27 78
3 3 26 78
4 3 25 78
1 5 24 78
2 3 23 78
3 3 22 78
1 5 19 78
6 2 18 78
2 3 18 78
4 3 16 78
1 3 15 78
5 2 14 78
2 3 10 78
3 3 9 78
8 2 8 78
4 2 26 77
1 2 25 77
3 4 25 77
1 2 40 77
2 2 39 77
3 2 38 77
4 3 37 77
1 2 36 77
2 2 35 77
3 3 34 77
4 2 33 77
1 2 32 77
2 3 31 77
3 2 30 77
2 4 23 77
1 3 22 77
4 3 21 77
3 3 18 77
4 2 17 77
3 3 16 77
4 5 15 77
3 2 13 77
2 4 12 77
1 2 12 77
3 3 12 77
4 4 10 77
1 2 9 77
4 2 8 77
1 2 7 77
4 2 27 76
1 2 26 76
2 2 25 76
3 3 24 76
4 2 23 76
1 2 22 76
2 3 21 76
3 2 20 76
4 2 19 76
1 3 18 76
2 2 17 76
3 2 16 76
4 3 15 76
1 2 14 76
2 2 13 76
1 3 10 76
4 2 9 77
4 2 30 75
1 2 29 75
2 3 29 75
3 3 27 75
4 2 26 75
1 3 26 75
2 3 24 75
3 3 23 75
4 3 22 75
3 2 56 75
4 2 55 75
1 2 54 75
2 3 53 75
3 2 52 75
4 2 51 75
1 3 50 75
2 2 49 75
3 2 48 75
4 3 47 75
1 2 46 75
2 2 45 75
3 3 44 75
4 2 43 75
1 2 42 75
2 3 41 75
3 2 40 75
4 2 39 75
1 3 38 75
2 2 37 75
3 2 36 75
4 3 35 75
1 2 34 75
2 2 33 75
3 3 32 75
4 2 31 75
1 2 30 75
2 3 29 75
3 2 28 75
4 2 27 75
1 3 26 75
2 2 25 75
3 2 24 75
3 2 21 75
1 3 21 75
2 2 20 75
2 2 43 74
3 2 42 74
4 2 41 74
1 3 40 74
2 2 39 74
3 2 38 74
4 3 37 74
1 2 36 74
2 2 35 74
3 3 34 74
4 2 33 74
1 2 32 74
2 3 31 74
3 2 30 74
4 2 29 74
1 3 28 74
2 2 27 74
3 2 26 74
4 3 25 74
1 2 24 74
2 2 23 74
3 3 22 74
4 3 21 74
8 2 99 67
7 2 92 67
6 2 85 67
5 2 78 67
8 2 71 67
7 2 64 67
6 2 57 67
5 2 50 67
8 2 43 67
7 2 36 67
6 2 29 67
5 2 22 67
8 2 15 67
7 2 8 67
2 8 57 63
2 7 88 63
2 2 95 63
3 2 97 64
4 2 96 64
1 2 95 64
4 2 97 65
1 2 96 65
2 3 95 65
1 2 97 66
2 2 96 66
3 3 95 66
4 2 95 66
3 2 94 63
4 2 93 63
1 2 92 63
2 2 91 63
3 2 90 63
4 2 89 63
1 2 88 63
3 3 56 63
4 2 85 63
3 2 85 64
1 2 84 63
2 2 83 63
3 2 82 63
4 2 81 63
1 2 80 63
2 2 79 63
3 2 78 63
4 2 77 63
1 2 76 63
2 2 75 63
3 2 74 63
4 2 73 63
1 2 72 63
4 2 69 63
2 2 70 64
3 2 69 64
3 2 90 65
4 2 89 65
1 2 88 65
4 2 90 66
1 2 89 66
2 4 88 66
3 2 88 66
3 2 86 65
4 2 85 65
1 2 84 65
2 2 83 65
1 2 68 63
2 2 67 63
3 2 66 63
4 2 65 63
1 2 64 63
2 2 63 63
3 2 62 63
4 2 61 63
1 2 60 63
2 2 59 63
3 2 58 63
4 2 57 63
1 4 56 63
4 6 7 63
4 6 38 63
4 2 49 63
4 2 52 64
4 2 81 65
1 2 80 65
2 2 79 65
3 4 79 66
4 2 77 65
1 2 76 65
2 2 75 65
3 2 74 65
4 2 73 65
1 2 72 65
2 2 71 65
3 2 70 65
4 2 69 65
1 2 68 65
1 2 51 64
2 2 50 64
4 2 65 65
1 2 64 65
2 2 63 65
2 2 64 66
2 2 71 67
3 3 71 67
4 2 69 67
1 3 68 67
2 2 67 67
3 4 63 66
4 2 61 65
1 2 60 65
2 2 59 65
3 2 58 65
4 2 57 65
1 2 56 65
2 2 55 65
3 2 54 65
4 2 53 65
1 2 52 65
2 2 51 65
3 4 50 65
1 2 48 63
2 3 47 63
3 2 46 63
4 2 45 63
1 2 44 63
2 2 43 63
3 2 42 63
4 2 41 63
1 2 40 63
2 2 39 63
3 5 38 63
8 2 38 62
2 4 22 62
4 2 34 63
1 2 33 63
1 2 35 64
2 2 34 64
3 2 33 64
4 2 45 65
1 2 44 65
2 2 43 65
4 2 46 66
3 2 64 67
4 3 63 67
1 2 62 67
1 2 63 68
2 2 62 68
4 2 61 67
1 2 60 67
2 2 59 67
3 3 58 67
4 2 57 67
2 2 51 67
3 3 51 67
3 2 53 68
4 2 97 69
1 2 96 69
2 2 95 69
1 2 97 70
2 2 96 70
3 4 95 70
2 2 97 71
3 2 96 71
4 3 95 71
3 2 97 72
4 2 96 72
1 3 95 72
2 2 95 72
4 2 93 69
1 2 92 69
2 2 91 69
3 2 90 69
4 2 89 69
1 2 88 69
2 2 87 69
3 2 86 69
4 2 85 69
1 2 84 69
2 2 83 69
3 2 82 69
4 2 81 69
1 2 80 69
2 2 79 69
3 2 78 69
4 2 77 69
1 2 76 69
2 2 75 69
3 2 74 69
4 2 73 69
1 2 72 69
2 2 71 69
3 2 70 69
4 2 69 69
1 2 68 69
2 2 67 69
3 2 66 69
4 2 65 69
1 2 64 69
2 2 63 69
3 2 62 69
4 2 61 69
4 2 52 68
1 2 51 68
3 2 58 69
4 2 57 69
1 2 56 69
1 2 57 70
2 4 56 70
3 2 54 69
4 2 53 69
1 2 52 69
2 4 51 69
4 2 49 67
1 3 48 67
2 2 47 67
1 2 45 66
2 2 44 66
3 6 44 67
4 3 43 67
1 2 44 67
2 3 43 67
4 2 41 65
1 2 40 65
2 2 39 65
3 2 38 65
4 2 37 65
1 2 36 65
2 2 35 65
3 2 34 65
4 3 33 65
2 2 32 63
3 2 31 63
4 2 30 63
1 2 29 63
2 2 28 63
3 2 27 63
4 2 26 63
1 2 25 63
2 2 24 63
3 2 23 63
4 2 22 63
1 2 21 63
4 3 20 62
1 3 5 62
1 2 6 63
2 3 5 63
2 2 18 64
3 2 17 64
4 2 16 64
1 2 28 65
2 2 27 65
3 2 26 65
1 2 29 66
1 2 42 67
1 2 40 67
4 2 40 68
2 2 39 67
3 3 38 67
4 3 37 67
2 2 31 67
3 3 31 67
3 2 33 68
4 2 32 68
3 2 46 69
4 2 45 69
1 2 44 69
3 2 47 70
1 2 90 71
2 2 89 71
3 2 88 71
2 2 90 72
3 2 89 72
4 4 88 72
1 2 88 72
1 2 86 71
2 2 85 71
3 2 84 71
4 2 83 71
1 2 82 71
2 2 81 71
3 2 80 71
4 2 79 71
1 2 78 71
2 2 77 71
3 2 76 71
4 2 75 71
1 2 74 71
2 2 73 71
3 2 72 71
4 2 71 71
1 2 70 71
2 2 69 71
3 2 68 71
4 2 67 71
1 2 66 71
2 2 65 71
3 2 64 71
4 2 63 71
1 2 62 71
2 2 61 71
3 2 60 71
4 2 59 71
1 2 58 71
2 2 57 71
3 2 56 71
4 2 55 71
4 2 46 70
1 2 45 70
3 2 52 71
4 2 51 71
1 2 50 71
1 2 51 72
1 2 70 73
2 2 69 73
3 2 68 73
4 3 67 73
1 2 66 73
2 2 65 73
3 3 64 73
4 2 63 73
1 2 62 73
2 3 61 73
3 2 60 73
4 2 59 73
1 3 58 73
2 2 57 73
3 2 56 73
4 3 55 73
1 2 54 73
2 2 53 73
3 3 52 73
4 2 51 73
2 5 51 72
1 2 50 73
3 2 48 71
4 2 47 71
1 2 46 71
2 6 45 71
3 2 42 69
4 2 41 69
1 2 40 69
2 2 39 69
3 2 38 69
1 2 31 68
1 2 36 69
2 2 35 69
3 2 34 69
4 4 34 70
1 2 32 69
2 4 31 69
4 2 29 67
2 2 28 66
1 2 28 67
3 2 27 66
4 5 27 66
2 2 27 67
1 2 24 65
2 2 23 65
3 2 22 65
4 2 21 65
1 2 20 65
2 2 19 65
3 2 18 65
4 2 17 65
1 7 16 65
2 5 14 64
3 5 13 64
4 7 12 64
1 5 11 64
2 5 10 64
3 8 9 64
4 5 8 64
1 5 7 64
2 7 6 64
3 6 5 64
4 3 4 62
4 4 43 61
1 3 41 61
3 2 53 61
4 3 53 61
1 2 51 61
2 3 50 61
3 3 50 61
4 2 48 61
1 3 47 61
2 3 47 61
3 2 45 61
4 3 44 61
1 3 44 61
2 2 42 61
3 5 41 61
4 2 41 61
2 2 16 61
2 3 37 61
3 4 37 61
4 3 35 61
1 5 34 61
2 4 34 61
3 3 32 61
4 5 31 61
1 4 31 61
2 5 29 61
3 3 28 61
4 3 27 61
4 2 20 61
1 2 19 61
2 3 18 61
3 3 18 61
4 2 16 61
1 3 15 61
1 3 4 61
1 2 17 60
2 2 18 61
3 2 17 61
4 2 16 61
4 2 32 60
1 2 31 60
2 2 30 60
3 3 29 60
4 2 28 60
1 3 27 60
2 3 26 60
3 2 63 59
4 2 62 59
1 3 62 59
2 3 60 59
3 2 59 59
4 3 59 59
1 3 57 59
2 2 56 59
3 3 56 59
4 3 54 59
1 2 53 59
2 3 53 59
3 3 51 59
4 2 50 59
1 3 50 59
2 3 48 59
3 2 47 59
4 3 47 59
1 3 45 59
2 2 44 59
3 3 44 59
4 3 42 59
1 2 41 59
2 3 41 59
3 3 39 59
4 2 38 59
1 3 38 59
2 3 36 59
3 2 35 59
4 3 35 59
1 3 33 59
2 2 32 59
3 3 32 59
4 3 30 59
1 2 29 59
4 2 26 59
1 2 25 59
3 3 25 60
2 2 24 59
2 2 51 58
3 2 50 58
4 2 49 58
1 3 48 58
2 2 47 58
3 2 46 58
4 3 45 58
1 2 44 58
2 2 43 58
3 3 42 58
4 2 41 58
1 2 40 58
2 3 39 58
3 2 38 58
4 2 37 58
1 3 36 58
2 2 35 58
3 2 34 58
4 3 33 58
1 2 32 58
2 2 31 58
3 3 30 58
4 2 29 58
1 2 28 58
2 3 27 58
3 2 26 58
8 2 25 58
8 2 100 56
7 2 93 56
6 2 86 56
5 2 79 56
8 2 72 56
7 2 65 56
6 2 58 56
5 2 51 56
8 2 44 56
7 2 37 56
6 2 30 56
5 2 23 56
8 2 16 56
7 2 9 56
6 2 2 56
4 6 58 46
4 6 89 46
1 2 95 46
2 2 97 47
3 2 96 47
4 2 95 47
3 2 97 48
4 2 96 48
1 3 95 48
4 2 97 49
1 2 96 49
2 3 95 49
1 2 97 50
2 2 96 50
3 3 95 50
2 2 97 51
3 2 96 51
4 3 95 51
3 2 97 52
4 2 96 52
1 3 95 52
4 2 97 53
1 2 96 53
2 3 95 53
1 2 97 54
2 2 96 54
3 3 95 54
2 2 97 55
3 2 96 55
4 3 95 55
1 2 95 55
2 2 94 46
3 2 93 46
4 2 92 46
3 5 89 46
1 2 90 47
2 2 89 47
2 7 40 46
2 3 70 46
1 2 86 47
2 2 90 48
3 2 89 48
4 2 88 48
3 2 90 49
4 2 89 49
1 3 88 49
4 2 90 50
1 2 89 50
2 3 88 50
1 2 90 51
2 2 89 51
3 3 88 51
2 2 90 52
3 2 89 52
4 3 88 52
3 2 90 53
4 2 89 53
1 3 88 53
4 2 90 54
1 2 89 54
2 3 88 54
1 2 90 55
2 2 89 55
3 3 88 55
4 2 88 55
2 2 85 47
3 2 84 47
3 2 85 48
4 4 84 48
1 2 82 47
2 3 81 47
3 3 80 47
4 3 79 47
1 3 78 47
2 3 77 47
3 2 76 47
4 2 75 47
1 3 74 47
2 3 73 47
3 3 72 47
4 3 71 47
1 3 70 47
2 2 55 46
3 2 68 47
4 2 67 47
1 2 66 47
2 4 66 48
2 2 83 49
3 2 64 47
4 2 63 47
1 2 62 47
2 2 61 47
3 2 60 47
4 2 59 47
1 2 58 47
2 2 57 47
3 2 56 47
5 2 74 45
8 2 72 45
7 2 70 45
5 2 63 45
4 4 66 45
1 4 65 45
2 4 64 45
3 7 63 45
4 4 62 45
8 2 56 45
3 4 59 45
4 4 58 45
1 4 57 45
2 7 56 45
3 4 55 45
7 2 52 45
1 6 52 46
1 2 54 47
2 3 51 46
3 2 52 47
4 2 51 47
4 2 52 48
6 2 45 45
1 3 48 46
2 3 47 46
3 2 48 47
2 2 50 48
1 2 80 49
2 2 79 49
3 2 83 50
4 2 82 50
1 2 81 50
4 2 83 51
1 2 82 51
2 3 81 51
1 2 83 52
2 2 82 52
3 3 81 52
2 2 83 53
3 2 82 53
4 3 81 53
3 2 83 54
4 2 82 54
1 3 81 54
4 2 83 55
1 2 82 55
2 3 81 55
3 2 81 55
3 2 78 49
3 2 79 50
4 4 78 50
1 2 76 49
2 2 75 49
3 2 74 49
4 2 73 49
1 2 72 49
2 2 71 49
3 2 70 49
4 2 69 49
1 2 68 49
2 2 67 49
3 2 66 49
4 2 65 49
1 2 64 49
4 2 47 47
3 3 46 46
4 6 45 46
1 3 44 46
8 2 33 45
4 3 41 46
1 4 40 46
2 2 41 47
1 2 47 48
3 2 62 49
4 2 61 49
1 2 60 49
2 4 60 50
3 2 58 49
4 2 57 49
1 2 56 49
2 2 55 49
3 2 54 49
4 2 53 49
1 2 52 49
2 2 51 49
3 2 50 49
2 2 46 48
1 2 48 49
3 3 40 47
7 2 26 45
4 5 24 45
6 2 19 45
5 2 12 45
2 4 7 45
8 2 5 45
4 2 63 44
1 2 62 44
2 2 61 44
3 4 60 44
4 2 59 44
1 2 58 44
2 5 57 44
2 2 41 44
2 2 50 44
3 2 49 44
4 5 48 44
1 6 48 44
2 5 46 44
3 2 45 44
4 2 45 44
4 3 38 44
2 3 36 44
3 4 36 44
1 3 35 44
4 2 52 43
1 2 51 43
4 2 49 43
1 2 48 43
2 3 48 43
3 3 55 43
4 3 54 43
1 3 53 43
2 5 52 43
3 3 51 43
4 3 50 43
1 5 49 43
2 3 48 43
3 5 47 43
4 4 45 43
3 4 43 43
1 4 43 43
1 3 41 43
3 2 35 43
4 2 34 43
2 2 37 44
3 2 36 44
4 4 35 44
1 3 34 43
2 3 32 43
3 2 31 43
4 2 30 43
1 3 29 43
2 2 28 43
3 3 27 43
4 2 26 43
1 2 25 43
2 4 24 43
3 2 23 43
4 2 23 42
2 2 35 42
3 2 34 42
4 2 33 42
1 3 32 42
2 2 31 42
3 2 30 42
4 3 29 42
1 2 28 42
2 2 27 42
3 3 26 42
4 2 25 42
1 2 24 42
2 3 23 42
3 2 22 42
2 2 42 41
3 2 41 41
4 3 40 41
1 3 40 41
2 2 38 41
3 3 37 41
4 3 37 41
1 2 35 41
2 3 34 41
3 3 34 41
4 2 32 41
1 3 31 41
2 3 31 41
3 2 29 41
4 3 28 41
1 3 28 41
2 2 26 41
3 3 25 41
4 2 75 40
1 2 74 40
2 2 73 40
3 3 72 40
4 2 71 40
1 2 70 40
2 3 69 40
3 2 68 40
4 2 67 40
1 3 66 40
2 2 65 40
3 2 64 40
4 3 63 40
1 2 62 40
2 2 61 40
3 3 60 40
4 2 59 40
1 2 58 40
2 3 57 40
3 2 56 40
4 2 55 40
1 3 54 40
2 2 53 40
3 2 52 40
4 3 51 40
1 2 50 40
2 2 49 40
3 3 48 40
4 2 47 40
1 2 46 40
2 3 45 40
3 2 44 40
4 2 43 40
1 3 42 40
2 2 41 40
3 2 40 40
4 3 39 40
1 2 38 40
2 2 37 40
3 3 36 40
4 2 35 40
1 2 34 40
2 3 33 40
3 2 32 40
4 2 31 40
1 3 30 40
2 2 29 40
3 2 28 40
4 3 27 40
1 2 26 40
2 2 25 40
3 2 25 39
3 2 31 39
4 2 30 39
1 2 29 39
2 3 28 39
3 2 27 39
4 2 26 39
1 3 25 39
2 2 24 39
8 2 78 38
5 2 97 34
8 2 90 34
7 2 83 34
6 2 76 34
5 2 69 34
8 2 62 34
7 2 55 34
6 2 48 34
8 2 40 34
8 2 34 34
7 2 27 34
6 2 20 34
5 2 13 34
8 2 6 34
2 8 91 29
3 3 90 29
4 2 95 29
1 2 97 30
2 2 96 30
3 2 95 30
2 2 97 31
3 2 96 31
4 3 95 31
3 2 97 32
4 2 96 32
1 3 95 32
4 2 97 33
1 2 96 33
2 3 95 33
3 2 95 33
1 2 94 29
2 2 93 29
3 2 92 29
4 2 91 29
1 4 90 29
4 6 41 29
4 6 72 29
4 2 83 29
4 2 86 30
1 2 85 30
2 2 84 30
1 2 90 31
2 2 89 31
3 2 88 31
2 2 90 32
3 2 89 32
4 4 88 32
3 2 90 33
4 2 89 33
1 3 88 33
2 2 88 33
1 2 86 31
2 2 85 31
3 4 84 31
1 2 82 29
2 3 81 29
3 2 80 29
4 2 79 29
1 2 78 29
2 2 77 29
3 2 76 29
4 2 75 29
1 2 74 29
2 2 73 29
3 5 72 29
2 8 23 29
4 2 67 29
1 2 69 30
2 2 68 30
3 2 67 30
4 2 79 31
1 2 78 31
2 2 77 31
4 2 80 32
1 2 79 32
2 2 78 32
2 2 83 33
3 2 82 33
4 2 81 33
1 3 81 33
2 2 79 33
3 6 78 33
4 2 78 33
4 2 75 31
1 2 74 31
2 2 73 31
3 2 72 31
4 2 71 31
1 2 70 31
2 2 69 31
3 2 68 31
4 3 67 31
1 2 66 29
2 2 65 29
3 2 64 29
4 2 63 29
1 2 62 29
2 2 61 29
3 2 60 29
4 2 59 29
1 2 58 29
2 2 57 29
3 2 56 29
4 2 55 29
1 2 54 29
2 7 53 29
4 3 51 29
3 2 51 30
1 2 50 29
2 2 49 29
3 2 48 29
4 2 47 29
1 2 46 29
2 2 45 29
3 2 44 29
4 2 43 29
1 2 42 29
2 2 41 29
3 2 40 29
3 3 22 29
1 2 34 29
1 2 37 30
2 2 36 30
1 2 62 31
2 2 61 31
3 2 60 31
1 2 63 32
2 2 62 32
3 2 61 32
4 2 73 33
1 2 72 33
2 2 71 33
2 2 72 34
3 4 71 34
4 2 69 33
1 3 69 33
4 2 70 34
2 2 67 33
3 3 67 33
4 2 65 33
1 2 67 34
3 2 68 35
4 2 67 35
2 2 66 34
1 3 65 33
2 2 63 33
3 2 62 33
4 6 61 33
1 2 58 31
2 2 57 31
3 2 56 31
4 2 55 31
1 2 54 31
2 2 53 31
3 2 52 31
4 2 51 31
1 2 50 31
2 2 49 31
3 2 35 30
4 2 47 31
1 2 46 31
2 2 45 31
3 4 45 32
4 2 43 31
1 2 42 31
2 2 41 31
3 2 40 31
4 2 39 31
1 2 38 31
2 2 37 31
3 2 36 31
4 4 35 31
2 4 33 29
3 2 32 29
4 2 31 29
1 4 30 29
2 2 29 29
3 2 28 29
4 4 27 29
1 2 26 29
2 2 25 29
3 2 24 29
4 2 23 29
1 4 22 29
2 2 21 28
4 6 8 28
4 5 17 29
1 5 16 29
2 5 15 29
4 2 18 30
1 2 17 30
2 2 16 30
1 2 30 31
2 2 29 31
3 2 28 31
1 2 31 32
2 2 30 32
1 2 56 33
1 2 59 34
3 2 64 35
3 2 97 36
4 2 96 36
1 2 95 36
4 2 97 37
1 2 96 37
2 4 95 37
3 2 95 37
3 2 93 36
4 2 92 36
1 2 91 36
2 2 90 36
3 2 89 36
4 2 88 36
1 2 87 36
2 2 86 36
3 2 85 36
4 2 84 36
1 2 83 36
2 2 82 36
3 2 81 36
4 2 80 36
1 2 79 36
2 2 78 36
3 2 77 36
4 2 76 36
1 2 75 36
2 2 74 36
3 2 73 36
4 2 72 36
1 2 71 36
2 2 70 36
3 2 69 36
4 2 68 36
1 2 67 36
2 2 66 36
2 3 59 34
2 2 61 35
3 2 60 35
1 2 63 36
2 2 62 36
4 2 59 35
4 2 60 36
3 2 62 37
4 2 76 38
1 3 76 38
2 2 74 38
3 3 73 38
4 3 73 38
1 2 71 38
2 3 70 38
3 3 70 38
4 2 68 38
1 3 67 38
2 3 67 38
3 2 65 38
4 3 64 38
1 3 64 38
2 2 62 38
4 2 61 37
3 2 61 38
4 2 61 38
2 2 65 38
3 2 64 38
4 2 63 38
1 3 62 38
2 2 61 38
1 4 59 36
3 2 57 34
4 2 56 34
2 2 55 33
3 2 54 33
4 2 53 33
1 2 52 33
2 2 51 33
3 2 50 33
4 2 49 33
1 2 48 33
2 2 47 33
3 2 46 33
4 2 45 33
1 2 44 33
2 2 43 33
3 2 29 32
4 2 41 33
1 2 40 33
2 2 39 33
3 3 39 33
4 2 37 33
1 2 36 33
2 2 35 33
3 2 34 33
4 2 33 33
1 2 32 33
2 2 31 33
3 2 30 33
4 6 29 33
1 2 26 31
2 2 25 31
3 2 24 31
4 2 23 31
1 2 22 31
2 2 21 31
3 2 20 31
4 2 19 31
1 2 18 31
2 2 17 31
3 12 16 31
4 6 13 29
1 5 12 29
2 7 11 29
3 6 10 29
4 5 9 29
1 7 8 29
2 6 7 29
3 6 6 29
2 2 53 27
2 2 41 27
3 3 27 27
3 3 54 27
4 3 53 27
1 3 52 27
3 2 48 27
4 3 48 27
1 2 46 27
2 3 45 27
3 3 45 27
4 2 43 27
1 3 42 27
2 3 42 27
3 2 40 27
4 3 39 27
1 2 38 27
3 2 33 27
4 2 32 27
1 3 31 27
2 3 31 27
3 2 29 27
4 3 28 27
1 3 28 27
2 2 26 27
4 3 26 27
3 2 25 27
1 2 24 27
2 5 23 27
3 2 22 27
4 2 21 27
1 4 20 27
2 2 19 27
3 2 18 27
4 4 17 27
1 2 16 27
2 2 15 27
3 4 14 27
4 2 13 27
1 3 12 27
3 2 10 27
4 2 9 27
3 3 7 27
2 2 17 26
3 2 16 26
2 2 9 26
4 2 13 26
1 3 13 26
2 3 11 26
3 2 10 26
4 3 10 26
1 4 8 26
4 3 6 26
2 3 35 25
1 2 62 25
2 3 61 25
3 3 60 25
4 4 59 25
1 3 58 25
2 3 57 25
3 3 56 25
4 2 55 25
1 3 54 25
2 4 53 25
3 3 52 25
4 3 51 25
1 4 50 25
2 2 49 25
3 2 48 25
4 4 47 25
1 3 46 25
2 3 45 25
3 4 44 25
4 3 43 25
1 2 42 25
2 3 41 25
3 3 40 25
4 3 39 25
1 4 38 25
2 3 37 25
3 3 36 25
4 3 35 25
1 2 34 25
3 3 33 25
4 2 32 25
1 2 31 25
2 3 30 25
3 2 29 25
4 2 28 25
1 3 27 25
2 2 26 25
3 2 25 25
4 3 24 25
1 2 23 25
2 2 22 25
3 3 21 25
4 2 20 25
1 2 19 25
2 2 19 24
2 2 33 24
3 2 32 24
4 2 31 24
1 3 31 24
2 2 29 24
1 2 26 24
2 2 25 24
3 2 24 24
4 3 24 24
1 2 22 24
4 2 19 24
1 2 18 24
3 3 18 25
2 2 17 24
3 2 67 23
4 2 66 23
5 2 65 23
3 2 63 23
4 2 62 23
1 2 61 23
2 3 60 23
3 2 59 23
8 2 58 23
2 2 56 23
3 2 55 23
4 2 54 23
1 3 53 23
2 2 52 23
7 2 51 23
1 2 49 23
2 2 48 23
3 2 47 23
4 3 46 23
1 2 45 23
6 2 44 23
4 2 42 23
1 2 41 23
2 2 40 23
3 3 39 23
4 2 38 23
5 2 37 23
3 2 35 23
4 2 34 23
1 2 33 23
2 3 32 23
3 2 31 23
8 2 30 23
7 2 28 23
6 2 26 23
5 2 24 23
8 2 22 23
7 2 20 23
6 2 18 23
5 2 14 23
8 2 7 23
8 2 100 14
5 2 99 12
8 2 92 12
7 2 85 12
4 6 92 12
4 3 93 13
6 2 78 12
3 2 90 13
2 8 74 12
1 2 88 13
1 2 97 14
2 2 96 14
3 2 95 14
4 4 95 15
1 2 93 14
2 2 92 14
3 2 91 14
2 2 87 13
1 2 89 14
2 2 88 14
3 2 86 13
4 3 86 14
4 2 87 15
1 2 80 13
2 3 79 13
3 2 78 13
1 2 81 14
2 2 80 14
3 2 84 15
3 2 97 16
4 2 96 16
1 2 95 16
4 2 97 17
1 2 96 17
2 4 95 17
1 2 97 18
2 2 96 18
3 3 95 18
2 2 97 19
3 2 96 19
4 3 95 19
3 2 97 20
4 2 96 20
1 3 95 20
4 2 97 21
1 2 96 21
2 3 95 21
3 2 95 21
3 2 93 16
3 2 79 14
1 2 82 15
1 2 91 16
2 2 90 16
3 2 89 16
4 4 89 17
1 2 87 16
2 2 86 16
3 2 85 16
2 2 81 15
1 2 83 16
2 2 82 16
3 2 80 15
4 8 80 16
4 2 81 17
1 3 76 13
2 2 78 12
3 2 77 12
4 3 76 12
3 3 73 12
1 5 73 12
5 2 71 12
8 2 64 12
7 2 57 12
4 7 58 12
4 2 65 13
2 2 59 13
3 3 58 13
2 2 72 14
3 2 71 14
4 2 70 14
1 2 74 15
2 2 73 15
3 2 72 15
1 2 75 16
2 2 74 16
3 2 78 17
4 2 90 18
1 2 89 18
2 2 88 18
1 2 90 19
2 2 89 19
3 4 88 19
2 2 90 20
3 2 89 20
4 3 88 20
3 2 90 21
4 2 89 21
1 3 88 21
2 2 88 21
3 2 73 16
1 2 76 17
1 2 85 18
2 2 84 18
3 2 83 18
4 4 83 19
1 2 81 18
2 2 80 18
3 2 79 18
2 2 75 17
1 2 77 18
2 2 76 18
3 2 74 17
4 8 74 18
4 2 75 19
1 4 70 15
2 2 68 14
3 2 67 14
4 2 66 14
1 2 65 14
2 2 64 14
3 2 63 14
3 5 61 12
4 5 60 12
1 5 59 12
2 9 58 12
6 2 50 12
5 2 43 12
8 2 36 12
7 2 29 12
2 5 40 12
1 3 48 13
1 2 61 14
2 2 60 14
3 2 59 14
4 4 59 15
1 2 57 14
2 3 47 13
4 3 41 13
4 2 54 14
1 2 53 14
2 2 52 14
2 2 53 15
3 4 52 15
2 2 66 16
3 2 65 16
4 2 64 16
1 2 68 17
2 2 67 17
3 2 66 17
1 2 69 18
2 2 68 18
3 2 72 19
1 2 83 20
2 2 82 20
3 2 81 20
2 2 83 21
3 2 82 21
4 3 81 21
1 2 81 21
3 2 67 18
1 2 70 19
1 2 79 20
2 2 78 20
3 2 77 20
4 2 76 20
1 2 75 20
2 2 74 20
3 2 73 20
2 2 69 19
1 2 71 20
2 2 70 20
3 2 68 19
4 8 68 20
4 2 69 21
1 4 64 17
2 2 62 16
3 2 61 16
4 2 60 16
1 2 59 16
2 2 58 16
3 2 57 16
4 2 50 14
1 2 49 14
2 2 48 14
3 2 47 14
4 2 46 14
1 4 40 13
4 6 24 12
1 2 42 13
3 2 43 14
4 2 42 14
2 2 41 13
3 2 40 13
3 5 38 13
4 6 37 13
2 3 31 13
2 2 36 14
1 2 42 15
1 2 55 16
2 2 54 16
3 2 53 16
4 4 53 17
1 2 51 16
2 2 41 15
3 4 30 13
4 3 29 13
1 2 33 14
2 2 32 14
1 2 38 15
4 2 48 16
1 2 47 16
2 2 46 16
2 2 47 17
3 4 46 17
2 2 60 18
3 2 59 18
4 2 58 18
1 2 62 19
2 2 61 19
3 2 60 19
1 2 63 20
2 2 62 20
3 2 66 21
3 2 61 20
1 2 64 21
2 2 68 22
3 2 67 22
1 2 67 21
4 2 66 22
2 2 63 21
2 2 64 22
3 2 62 21
3 2 63 22
4 8 62 22
1 3 62 22
1 4 58 19
2 2 56 18
3 2 55 18
4 2 54 18
1 2 53 18
2 2 52 18
3 2 51 18
4 2 44 16
1 2 43 16
2 2 42 16
3 2 41 16
4 2 40 16
2 2 37 15
3 2 36 15
3 2 37 16
4 4 36 16
1 2 34 15
3 2 31 14
3 2 32 15
4 4 31 15
1 6 29 14
2 4 27 13
1 2 27 12
6 2 22 12
2 3 23 13
3 2 22 13
5 2 15 12
8 2 8 12
2 8 6 12
3 2 18 13
3 2 23 14
4 2 22 14
1 2 21 14
2 2 25 15
2 2 30 16
1 2 36 17
1 2 49 18
2 2 48 18
3 2 47 18
4 4 47 19
1 2 45 18
2 2 35 17
3 2 24 15
4 2 23 15
1 2 27 16
2 2 26 16
1 2 32 17
4 2 42 18
1 2 41 18
2 2 40 18
2 2 41 19
3 4 40 19
2 2 54 20
3 2 53 20
4 2 52 20
1 2 56 21
2 2 60 22
2 2 55 21
3 2 54 21
3 2 59 22
4 2 58 22
1 2 57 22
2 3 56 22
3 2 55 22
4 5 54 22
1 4 52 21
1 2 53 22
2 2 50 20
3 2 49 20
4 2 48 20
1 2 47 20
2 2 46 20
3 2 45 20
4 2 38 18
1 2 37 18
2 2 36 18
3 2 35 18
4 2 34 18
2 2 31 17
3 2 30 17
3 2 31 18
4 4 30 18
1 2 28 17
3 2 25 16
3 2 26 17
4 4 25 17
1 4 23 16
2 3 21 15
4 2 17 13
1 2 16 13
4 2 18 14
1 2 17 14
2 3 16 14
3 3 16 15
3 2 10 13
4 3 9 13
1 2 8 13
3 2 11 14
4 2 10 14
1 2 9 14
4 2 11 15
1 2 10 15
3 2 17 16
4 2 16 16
1 2 15 16
2 2 19 17
2 2 24 18
1 2 30 19
1 2 43 20
2 2 42 20
3 2 41 20
4 4 41 21
3 2 51 22
1 2 39 20
2 2 29 19
3 2 18 17
4 2 17 17
1 2 21 18
2 2 20 18
1 2 26 19
4 2 36 20
1 2 35 20
2 2 34 20
2 2 35 21
2 2 51 22
4 2 50 22
1 2 35 22
3 4 34 21
1 2 48 22
2 2 47 22
3 2 46 22
4 2 45 22
1 2 44 22
2 2 43 22
3 2 42 22
4 2 41 22
1 2 40 22
2 2 39 22
3 2 38 22
4 3 34 22
1 2 35 22
2 2 34 22
3 2 33 22
4 2 32 20
1 2 31 20
2 2 30 20
3 2 29 20
4 2 28 20
2 2 25 19
3 2 24 19
3 2 25 20
4 4 24 20
1 2 22 19
3 2 19 18
3 2 20 19
4 4 19 19
1 4 17 18
2 4 15 17
2 6 9 15
4 2 12 16
1 2 11 16
2 2 10 16
3 5 10 17
3 6 6 13
3 4 57 11
4 4 56 11
1 2 52 11
2 2 51 11
3 2 35 11
1 2 48 11
1 6 18 11
1 3 5 11
3 2 45 11
2 2 45 11
3 2 43 11
4 2 36 11
1 2 35 11
2 3 35 11
3 2 33 11
4 3 33 11
4 2 35 11
1 6 35 11
1 2 31 11
3 2 25 11
4 3 25 11
1 2 23 11
2 3 22 11
3 4 17 11
4 5 17 11
3 2 19 11
2 5 15 11
1 2 17 11
2 2 17 11
2 2 19 11
3 2 18 11
4 5 17 11
3 3 15 11
1 2 14 11
4 2 13 11
1 2 12 11
2 2 11 11
3 2 10 11
4 2 9 11
1 2 8 11
2 2 7 11
3 3 6 11
4 3 5 11
2 2 4 11
1 2 22 10
2 3 27 10
3 2 26 10
4 2 25 10
1 3 24 10
2 2 23 10
3 2 22 10
4 3 21 10
1 2 13 10
2 3 12 10
2 4 17 10
3 4 16 10
4 2 15 10
1 6 14 10
2 2 13 10
3 5 12 10
4 2 9 10
8 2 5 10
3 2 4 10
2 2 3 10
4 2 12 9
1 2 11 9
2 3 10 9
3 2 30 9
4 2 29 9
1 3 29 9
2 3 27 9
3 2 26 9
4 3 26 9
1 3 24 9
2 2 23 9
1 3 4 9
3 3 21 9
3 3 8 9
4 4 7 9
1 3 6 9
2 5 6 9
3 4 4 9
4 3 3 9
4 2 4 10
1 2 21 8
2 2 22 8
1 2 34 9
2 2 33 9
3 2 32 9
4 3 31 9
1 2 30 9
2 2 29 9
3 3 28 9
4 2 27 9
1 2 26 9
2 3 25 9
3 2 24 9
4 2 23 9
1 3 22 9
4 3 38 8
1 3 37 8
2 3 36 8
3 5 35 8
4 3 34 8
1 3 33 8
2 5 32 8
3 3 31 8
4 3 30 8
1 5 29 8
2 3 28 8
3 3 27 8
4 5 26 8
1 3 25 8
2 3 24 8
3 5 23 8
4 3 22 8
3 2 21 8
4 2 20 8
4 3 13 8
2 3 17 9
3 3 16 9
4 3 15 9
1 5 15 9
2 4 13 9
2 2 11 8
3 4 11 9
1 2 11 9
4 3 9 8
1 5 8 8
2 2 3 8
2 2 5 9
3 2 4 9
1 2 4 9
4 2 3 9
3 3 3 10
1 3 2 8
1 3 20 7
2 4 19 7
3 3 18 7
4 5 18 7
1 4 16 7
2 3 15 7
3 5 15 7
4 4 13 7
1 3 12 7
2 5 12 7
3 4 10 7
4 3 9 7
1 2 9 7
2 2 4 7
3 2 3 7
4 3 3 7
3 2 25 7
4 2 24 7
1 2 23 7
2 3 22 7
3 2 21 7
4 2 20 7
1 3 19 7
2 2 18 7
3 2 17 7
4 3 16 7
1 2 15 7
2 2 14 7
3 3 13 7
4 2 12 7
1 2 11 7
2 3 10 7
3 2 9 7
4 2 8 7
1 5 7 7
2 3 6 7
2 2 7 6
3 2 6 6
4 3 5 6
1 2 2 6
3 4 5 7
4 2 4 7
3 3 2 7
2 2 2 7
4 2 1 6
4 2 99 4
1 2 98 4
2 2 97 4
3 3 96 4
4 2 95 4
1 2 94 4
2 2 93 4
3 2 92 4
4 2 91 4
1 2 90 4
2 2 89 4
3 2 88 4
4 2 87 4
1 2 86 4
2 2 85 4
3 2 84 4
4 2 83 4
1 2 82 4
2 2 81 4
3 2 80 4
4 2 79 4
1 2 78 4
2 2 77 4
3 2 76 4
4 2 75 4
1 2 74 4
2 2 73 4
3 2 72 4
4 2 71 4
1 2 70 4
2 2 69 4
3 2 68 4
4 2 67 4
1 2 66 4
2 2 65 4
3 2 64 4
4 2 63 4
1 2 62 4
2 2 61 4
3 2 60 4
4 2 59 4
1 2 58 4
2 2 57 4
3 2 56 4
4 2 55 4
1 2 54 4
2 2 53 4
3 2 52 4
4 2 51 4
1 2 50 4
2 2 49 4
3 2 48 4
4 2 47 4
1 2 46 4
2 2 45 4
3 2 44 4
4 2 43 4
1 2 42 4
2 2 41 4
3 2 40 4
4 2 39 4
1 2 38 4
2 2 37 4
3 2 36 4
4 2 35 4
1 2 34 4
2 2 33 4
3 2 32 4
4 2 31 4
1 2 30 4
2 2 29 4
3 2 28 4
4 2 27 4
1 2 26 4
2 2 25 4
3 2 24 4
4 2 23 4
1 2 22 4
2 2 21 4
3 2 20 4
4 2 19 4
1 2 18 4
2 2 17 4
3 2 16 4
4 2 15 4
1 2 14 4
2 2 13 4
3 2 12 4
4 2 11 4
1 2 10 4
2 2 9 4
3 2 8 4
4 2 7 4
1 2 6 4
2 2 5 4
5 2 100 1
8 2 93 1
7 2 86 1
6 2 79 1
5 2 72 1
8 2 65 1
7 2 58 1
6 2 51 1
5 2 44 1
8 2 37 1
7 2 30 1
6 2 23 1
5 2 16 1
8 2 9 1
7 2 2 1
