7081
263
6 3 30 16
1 6 28 23
3 2 28 23
7 3 27 9
1 2 27 22
5 3 27 21
4 2 27 25
2 2 29 26
4 2 28 26
2 2 27 26
8 2 27 29
2 2 26 22
8 2 24 1
1 2 28 1
8 2 27 1
3 2 24 23
5 2 25 24
4 2 24 23
2 2 23 1
1 2 22 19
1 3 20 14
7 2 29 13
7 2 19 29
1 2 27 28
2 2 26 28
7 9 17 1
1 2 17 1
1 27 17 5
7 2 23 2
6 2 23 3
4 2 23 5
8 2 22 3
4 2 19 2
1 2 20 3
3 2 20 2
5 2 20 3
8 2 19 4
3 2 19 5
7 2 18 3
7 2 18 7
8 2 26 8
5 2 24 8
7 2 19 6
8 2 21 7
3 2 23 8
1 3 23 8
7 2 22 9
1 3 18 6
6 3 18 6
8 2 16 4
3 2 16 6
6 2 21 7
6 2 19 7
5 2 16 26
3 2 19 26
6 2 21 25
6 2 24 24
1 2 20 25
7 2 22 24
5 2 22 23
5 2 20 24
5 2 19 27
1 2 17 26
6 2 24 27
1 2 24 27
8 2 19 25
2 2 17 26
6 3 16 29
3 2 15 2
6 2 17 1
4 3 15 3
6 3 15 6
3 2 18 8
2 2 19 9
4 2 28 10
1 2 29 11
3 2 27 10
6 2 27 10
8 2 27 11
2 2 25 10
1 2 15 5
2 2 16 6
8 2 17 7
5 2 15 6
1 2 15 29
4 2 17 28
8 2 17 29
1 2 20 28
6 2 20 28
8 2 14 3
3 2 14 7
2 2 14 20
3 2 20 19
7 2 25 20
4 2 24 18
3 2 27 17
8 2 25 17
1 2 26 16
7 2 20 18
4 2 21 19
6 2 24 20
2 3 24 20
1 3 21 19
6 2 21 20
5 3 21 21
2 2 19 20
7 2 18 20
6 2 16 19
3 3 16 20
5 2 17 18
8 2 15 19
7 2 14 19
7 2 15 18
2 2 21 17
8 2 17 17
6 2 23 16
3 3 23 15
4 3 22 16
1 2 17 17
4 3 14 21
3 3 14 25
6 2 17 24
8 2 17 23
7 2 19 22
4 2 15 25
8 2 13 20
3 2 17 21
6 2 18 22
8 2 13 24
2 2 17 23
5 73 12 2
6 3 12 14
1 2 21 14
8 2 21 15
1 2 22 14
5 2 24 13
5 2 28 12
6 2 17 15
2 2 21 14
4 2 21 14
8 2 21 15
6 2 15 14
2 2 15 13
6 2 23 12
8 2 23 13
3 2 18 14
5 2 15 12
3 2 18 11
8 2 15 15
7 2 15 14
4 2 14 14
6 2 14 13
7 2 17 12
8 2 17 13
2 2 11 11
8 2 21 10
4 2 20 10
6 2 15 10
5 2 12 11
1 2 14 10
7 2 12 11
8 3 12 11
2 3 12 10
7 2 12 13
4 2 11 13
3 2 11 14
3 2 11 18
4 2 10 29
3 2 14 28
7 2 20 27
5 3 20 28
2 2 19 27
6 2 16 27
8 2 16 27
5 2 15 29
6 2 15 30
6 2 14 27
4 2 12 28
2 2 13 27
5 2 12 27
7 2 11 28
5 2 9 11
2 3 9 15
4 2 9 16
6 3 9 16
3 2 9 19
7 2 11 20
1 2 8 14
4 3 8 18
4 2 10 19
1 2 11 18
4 2 12 17
8 2 13 16
2 2 10 18
7 2 7 7
3 2 9 8
2 2 7 19
1 2 8 20
1 2 7 19
6 26 7 25
8 2 13 22
4 2 7 22
5 2 14 21
3 2 7 22
3 2 7 27
6 2 7 28
1 2 7 29
6 2 7 30
7 2 7 29
4 2 6 5
2 2 6 7
8 2 7 8
4 2 7 8
7 2 7 9
1 2 8 10
7 2 9 11
3 2 7 10
6 2 7 11
4 3 6 12
5 2 12 12
6 2 6 18
3 2 6 18
2 2 12 17
7 2 12 17
8 2 10 17
3 3 6 24
2 2 6 23
3 2 5 10
5 2 10 9
8 2 5 23
1 2 5 22
2 2 9 21
7 2 9 22
5 2 10 21
2 4 5 29
8 2 7 27
4 2 7 27
6 2 4 4
2 2 4 23
7 2 5 24
8 2 4 26
7 2 4 27
2 7 3 6
3 2 4 4
8 2 3 9
1 2 5 8
2 2 4 8
8 2 4 10
7 2 4 11
7 11 3 21
8 2 5 20
5 2 3 24
4 3 3 25
5 2 3 28
8 2 3 29
2 2 6 29
8 2 6 30
3 5 2 8
3 2 2 25
7 4 2 27
1 2 3 26
8 2 1 6
7 2 1 8
