10406
3980
8 3 100 1
8 2 100 13
2 2 100 15
1 2 100 19
6 2 100 23
5 3 100 25
6 2 100 27
5 2 100 30
2 3 100 35
4 2 100 40
6 2 100 45
2 2 100 50
8 4 100 54
1 2 100 57
4 3 100 65
2 3 100 83
2 2 100 86
4 2 100 93
7 2 100 98
3 3 100 99
5 3 99 5
2 3 99 7
3 2 99 14
5 2 99 24
3 9 99 28
4 5 99 34
6 2 99 38
7 2 99 37
3 2 99 41
7 2 99 42
1 2 99 48
6 2 99 48
2 2 99 65
4 2 99 76
3 3 99 80
3 2 99 86
5 3 99 95
3 3 99 96
7 2 98 11
6 2 99 10
4 2 99 9
1 2 98 11
5 2 98 14
8 2 98 19
2 2 98 27
2 2 98 31
5 2 98 46
5 2 98 64
8 2 98 68
2 2 99 69
6 2 98 69
3 2 98 74
7 2 98 75
5 5 98 82
6 3 98 84
7 2 98 88
4 2 98 94
4 2 97 8
5 2 98 9
6 2 97 7
7 2 97 9
6 2 97 12
4 2 97 13
4 2 97 15
4 2 97 29
5 3 97 41
3 2 97 45
2 2 97 50
7 2 97 54
1 3 97 65
2 3 97 67
7 2 97 72
4 2 97 73
2 2 97 75
6 2 97 79
8 2 97 88
1 3 97 88
4 2 97 86
5 3 97 86
6 2 97 90
1 3 97 93
6 3 97 94
2 2 97 96
5 2 97 96
1 3 97 99
7 2 96 3
6 2 96 2
2 2 98 1
8 2 96 1
5 5 96 1
7 2 96 7
4 2 96 10
3 2 96 11
3 3 96 22
8 2 96 23
4 2 96 24
1 2 96 30
8 2 96 29
3 5 96 30
7 2 96 34
1 3 96 36
2 2 96 39
4 2 96 42
4 2 97 43
6 2 96 42
8 2 96 43
8 2 97 44
6 3 96 50
2 2 96 55
2 2 99 56
8 2 96 58
5 2 97 57
8 2 96 63
3 2 96 69
4 2 95 6
1 2 95 5
8 2 95 4
6 3 95 10
7 2 95 22
8 2 95 31
4 2 96 32
4 2 95 34
1 2 95 33
3 3 95 35
2 2 95 36
5 2 97 37
6 2 96 37
5 5 95 45
6 2 95 46
4 2 97 47
8 4 95 47
7 2 95 47
2 3 95 49
2 3 95 54
6 2 95 56
2 2 95 58
4 6 95 60
5 2 95 72
8 2 95 73
6 8 95 80
5 2 97 78
1 2 97 78
5 2 95 78
4 2 95 82
3 3 95 87
2 3 95 92
4 2 95 91
3 3 95 96
6 2 95 97
4 2 95 98
7 3 95 98
1 2 94 9
3 3 94 19
2 2 98 20
2 2 95 20
4 4 94 21
5 2 94 20
4 2 94 36
7 3 94 43
3 2 94 46
5 2 94 58
4 4 94 58
3 2 94 60
6 2 94 63
8 2 94 65
7 3 94 70
7 2 94 78
4 2 94 78
2 2 94 81
1 2 94 82
5 2 94 82
2 2 94 83
8 3 94 84
8 2 94 87
7 2 94 88
7 2 94 93
1 2 94 98
6 2 93 6
7 2 93 5
5 2 93 7
2 2 93 14
8 2 93 27
8 2 94 28
2 2 94 29
4 2 93 26
5 3 93 26
1 4 93 27
7 2 93 29
4 3 93 32
6 2 94 33
5 3 94 33
7 2 93 35
5 3 93 42
4 2 93 47
5 2 93 48
2 2 93 52
5 2 93 61
1 3 93 62
4 2 94 62
7 2 94 63
5 2 93 67
4 2 95 68
8 2 94 68
8 2 93 70
2 3 93 73
8 2 93 73
5 2 94 74
8 2 93 77
8 2 93 81
6 2 93 84
5 2 93 89
7 4 93 90
8 2 94 90
4 2 94 90
4 2 93 100
3 5 92 15
8 2 95 16
8 2 92 14
6 2 94 13
7 2 92 13
5 2 92 22
5 2 92 24
6 2 93 24
3 3 92 23
2 2 92 32
7 3 92 34
4 4 92 35
3 2 92 40
7 2 95 40
1 3 92 42
2 2 92 41
5 2 93 40
1 3 93 41
6 2 93 39
6 3 92 48
3 2 92 52
7 2 92 65
5 2 92 74
1 2 93 75
4 2 92 83
3 4 92 84
1 3 92 87
6 2 92 93
2 4 92 95
4 3 92 96
3 2 92 99
4 5 91 2
1 2 92 3
4 3 92 2
7 3 92 2
3 2 91 3
3 2 91 6
2 2 91 10
8 2 93 9
6 2 91 14
8 2 91 22
2 2 91 28
7 2 91 29
6 2 91 30
8 6 91 31
5 2 91 38
7 2 91 44
6 2 91 50
3 2 96 51
3 2 92 51
1 2 93 52
4 2 92 52
4 2 91 56
7 2 94 56
5 3 91 70
6 3 91 86
5 2 91 96
3 2 90 14
3 2 90 18
2 2 94 17
1 2 94 17
5 2 94 18
4 2 93 19
5 2 92 17
1 2 90 20
1 2 92 19
5 2 90 19
7 2 90 20
2 2 90 21
8 4 90 27
2 2 90 26
7 5 90 27
2 2 90 45
3 2 90 50
7 2 92 49
3 2 92 49
8 2 90 51
6 3 90 59
7 2 90 60
6 3 90 61
7 2 90 60
3 2 90 61
3 2 91 62
5 2 90 72
4 2 90 75
5 2 90 77
2 2 90 80
1 3 90 80
8 2 91 79
5 2 91 78
4 3 90 81
6 2 90 81
2 4 90 88
3 2 90 88
6 2 90 90
8 2 89 4
7 2 91 4
4 2 91 5
2 3 90 5
6 2 89 3
5 2 89 15
1 3 89 17
5 2 89 17
6 3 89 21
1 3 89 22
8 2 89 20
1 2 89 31
5 2 89 36
6 2 92 37
4 2 90 37
8 2 89 37
3 2 89 36
2 2 89 38
1 2 89 44
7 3 89 50
2 2 89 51
7 6 89 54
7 2 91 55
1 2 91 56
3 2 89 60
1 2 91 59
7 2 91 60
2 5 89 66
1 3 89 75
4 2 91 74
1 2 91 74
6 2 89 75
3 2 89 74
3 2 89 79
3 3 89 82
7 2 91 84
2 3 89 82
2 2 89 84
1 2 89 83
1 4 89 90
8 2 90 91
3 2 89 90
7 2 89 97
5 2 88 6
4 3 88 5
3 2 88 5
6 2 88 7
8 2 91 8
7 2 88 8
3 2 88 9
1 3 88 11
8 2 89 10
5 2 89 11
3 2 88 20
4 2 88 22
3 2 88 30
4 4 88 31
1 2 88 39
6 2 88 38
7 2 88 39
8 2 90 39
2 2 88 42
3 2 88 43
5 2 88 45
3 3 88 45
3 2 88 46
2 2 88 48
2 2 88 55
6 2 90 54
2 2 88 60
6 2 88 60
6 2 88 62
5 4 88 66
4 2 91 64
1 2 89 66
7 2 92 67
3 2 90 65
2 2 90 67
6 4 88 72
4 2 88 73
2 2 88 72
5 2 88 77
2 2 89 76
8 2 88 79
6 5 88 79
4 2 88 81
8 3 88 94
8 3 88 98
1 2 87 8
8 2 89 7
4 2 89 7
3 2 89 8
7 2 87 10
2 2 87 12
3 2 91 12
4 2 88 12
7 2 87 12
8 3 87 20
8 3 87 24
7 2 88 23
4 2 88 24
2 2 87 22
5 3 87 28
5 2 87 36
1 2 87 35
7 2 87 34
4 8 87 33
3 5 87 41
3 2 88 40
4 4 87 43
1 3 87 44
2 2 87 44
4 4 87 49
8 2 88 50
5 2 87 49
4 2 87 50
7 2 87 55
4 2 88 56
7 4 87 63
4 2 87 65
8 3 87 65
3 2 90 67
7 7 87 68
4 3 87 75
3 4 87 77
1 2 87 80
6 2 87 84
8 2 87 87
7 2 88 87
1 2 87 88
7 2 87 91
4 4 87 93
2 2 90 91
6 2 88 91
7 3 86 4
5 2 86 9
8 2 86 9
2 2 86 9
1 2 86 13
5 3 86 15
1 2 86 23
5 3 86 22
8 2 86 29
6 2 86 28
2 4 86 29
6 4 86 39
8 2 86 37
5 3 86 41
1 3 86 48
3 2 86 47
8 4 86 53
2 3 86 68
7 2 87 69
3 2 87 69
2 4 86 78
4 2 86 83
3 2 86 86
7 2 87 85
8 2 86 85
4 3 86 86
3 2 86 92
5 2 86 98
4 4 86 99
4 2 85 6
8 4 85 16
1 2 85 16
6 2 85 16
2 2 86 16
6 2 85 18
6 2 85 23
7 2 85 34
2 2 85 33
5 2 87 32
2 3 85 46
2 2 85 50
1 3 85 60
7 2 85 73
8 2 85 74
4 2 85 75
1 2 85 74
7 2 85 75
5 2 85 76
1 2 85 77
1 6 85 81
8 2 85 80
7 2 85 81
3 2 85 83
2 3 85 89
8 2 85 90
7 2 85 89
8 3 85 92
4 3 85 93
2 2 88 94
5 2 88 94
3 2 85 95
6 2 85 95
6 2 86 95
8 3 86 94
7 3 86 96
2 2 85 96
1 3 85 96
2 2 85 100
1 2 84 4
3 2 84 7
5 3 84 19
1 3 84 20
5 2 84 24
2 3 84 25
7 2 85 27
1 2 85 27
1 2 84 25
5 2 84 27
3 2 84 31
4 3 84 32
3 2 84 32
7 2 84 31
1 2 85 30
3 3 84 38
5 3 84 38
1 2 84 37
5 3 84 46
5 2 84 49
7 2 84 51
5 2 84 54
2 2 84 53
4 2 85 54
8 2 85 54
6 5 85 55
5 4 85 55
3 2 85 55
3 2 84 62
6 2 84 62
3 2 87 62
7 2 84 76
1 2 84 86
7 2 84 92
5 4 84 97
6 2 83 14
5 2 84 13
2 2 87 12
8 2 84 13
7 2 84 14
3 2 83 15
4 2 83 14
8 2 83 16
7 2 83 19
2 2 83 19
5 2 83 20
7 3 83 23
3 2 83 29
4 2 83 39
1 2 83 42
6 2 83 43
4 2 85 44
6 2 85 45
7 2 83 42
6 3 83 42
4 6 83 46
7 2 83 46
2 3 83 50
6 2 83 52
2 2 83 58
6 2 90 58
1 2 87 57
2 2 87 58
3 2 87 57
6 2 87 57
8 2 83 57
3 2 83 74
8 3 83 79
4 4 83 84
7 2 83 90
5 2 83 92
5 2 84 91
8 2 83 91
6 2 83 94
3 4 83 95
2 3 83 97
5 2 87 99
5 2 82 4
2 2 86 3
7 2 87 2
7 2 88 1
3 6 82 5
1 2 82 15
4 3 82 20
5 2 82 22
7 2 82 21
4 3 82 25
6 2 82 28
2 2 82 34
8 2 83 33
7 2 82 35
8 2 82 36
2 2 82 43
3 3 82 51
6 2 86 52
5 2 86 53
7 2 85 53
1 2 82 54
8 2 82 56
6 2 82 57
6 5 82 59
8 2 84 61
8 2 85 62
5 2 87 63
4 2 85 63
2 2 83 61
2 3 82 65
6 3 82 73
3 2 85 72
3 2 82 79
6 2 82 81
1 2 82 81
8 2 82 82
2 3 82 86
3 4 82 90
2 2 82 92
4 3 82 97
3 2 82 97
6 3 82 99
8 2 81 3
6 2 83 2
4 2 83 3
1 2 82 4
2 2 82 4
8 2 81 7
4 3 81 10
8 2 81 10
1 2 84 11
4 3 84 12
6 2 81 24
6 2 84 25
3 2 84 26
8 2 83 26
1 3 81 26
5 2 81 50
4 3 81 52
8 3 81 52
7 3 81 64
6 2 82 63
6 2 83 64
2 2 83 64
1 8 81 65
3 2 81 63
5 2 81 63
4 2 81 70
1 2 86 70
2 2 86 71
5 2 84 70
4 2 84 71
1 3 87 70
4 2 85 70
3 2 81 83
1 2 81 91
4 2 81 94
3 2 80 3
6 2 81 4
5 2 81 3
1 2 80 13
5 2 80 14
1 2 80 16
4 2 80 21
8 2 80 22
4 2 80 32
8 3 80 42
8 2 80 48
2 2 80 52
3 2 80 52
1 2 80 53
4 2 80 60
7 3 80 62
8 2 80 69
7 2 85 68
6 2 84 69
4 2 84 68
5 3 84 68
8 2 84 70
2 2 80 70
7 2 81 71
6 2 81 70
7 2 84 71
8 2 84 72
2 2 84 72
5 2 83 72
8 2 81 72
8 2 80 71
6 2 80 72
8 2 80 74
6 2 80 86
5 3 80 89
4 2 82 88
5 2 82 88
8 2 81 88
4 3 80 91
8 2 80 92
6 2 80 93
1 2 80 95
3 2 79 7
3 2 79 10
2 2 82 11
2 2 79 11
6 2 79 14
6 4 79 27
2 2 79 30
4 3 81 29
8 3 79 32
1 2 79 32
5 3 79 33
4 2 79 40
7 3 79 43
2 2 79 50
3 2 79 59
7 2 82 58
5 2 84 57
8 2 84 57
5 2 80 60
6 2 79 60
8 3 79 62
5 4 79 69
2 2 79 68
7 2 80 67
1 2 85 66
4 2 84 66
6 2 83 66
8 2 80 66
7 2 79 70
4 2 79 73
5 2 79 80
7 5 79 81
5 2 80 82
4 2 79 78
6 2 80 77
2 2 82 76
5 2 79 92
8 2 79 99
3 3 78 1
1 2 83 1
4 2 78 1
1 2 78 7
7 2 84 8
6 2 84 8
4 2 84 9
2 2 80 6
6 2 80 8
2 3 78 14
7 3 78 17
5 3 81 16
6 2 81 16
7 2 81 17
7 2 79 15
1 2 79 17
3 2 81 18
3 2 82 17
8 3 81 17
6 2 81 19
4 2 78 21
7 2 78 25
3 2 78 24
2 4 78 35
7 2 83 37
6 3 83 37
5 3 82 37
4 2 78 36
2 2 78 35
8 2 80 34
3 2 78 34
7 8 78 34
5 4 78 49
7 2 78 51
5 2 78 65
6 3 78 66
1 2 78 74
1 2 79 75
1 2 80 74
6 2 80 74
4 2 79 75
2 2 78 73
3 2 78 73
7 2 78 74
7 2 78 76
5 2 78 75
3 2 78 75
3 3 78 83
8 2 78 87
5 2 78 86
3 2 79 87
4 2 78 94
7 2 78 94
7 2 78 99
3 2 80 98
2 2 78 98
2 2 77 1
1 2 77 3
5 2 78 4
5 2 79 5
3 3 78 5
5 2 77 15
8 2 77 17
5 2 79 18
4 3 79 18
2 2 78 19
4 6 77 20
5 2 77 24
2 2 78 23
1 2 77 26
2 2 78 27
7 3 78 26
8 2 77 29
4 2 77 30
6 2 77 35
7 2 77 40
5 3 77 43
8 2 77 45
2 2 78 44
8 2 77 56
4 3 77 61
2 2 80 61
1 2 78 61
6 2 78 62
5 3 77 59
4 2 83 58
5 2 78 58
5 2 80 57
6 2 78 57
6 2 77 59
1 2 77 71
4 2 77 81
8 2 78 82
2 3 77 80
1 3 77 82
4 2 77 85
8 5 77 96
3 3 77 97
6 2 78 99
5 2 77 96
8 2 77 96
4 2 77 97
1 2 76 1
4 3 76 3
7 2 76 4
4 2 76 9
3 2 76 8
4 2 76 7
2 2 77 8
7 2 77 8
1 3 77 9
7 2 79 10
5 2 76 7
8 2 76 6
6 2 76 6
8 2 76 11
5 2 78 10
5 2 76 12
6 2 77 11
7 2 76 11
4 2 77 12
3 3 77 12
8 2 77 13
5 2 77 12
7 2 76 12
3 2 76 14
2 3 76 29
2 2 76 31
5 3 76 34
5 3 76 36
6 2 76 40
5 2 80 41
2 2 79 41
1 2 78 39
8 2 81 38
1 2 77 41
3 2 76 39
4 3 76 45
3 2 76 49
2 2 78 48
8 2 76 49
1 2 76 49
6 2 76 54
3 2 77 53
3 5 76 56
4 2 78 57
1 2 78 57
5 2 76 57
3 3 76 58
7 2 76 61
6 3 76 67
5 4 76 71
6 2 76 82
7 4 76 83
1 4 76 84
2 3 76 88
8 2 76 93
7 2 76 95
5 2 76 100
8 2 75 2
7 5 75 6
6 2 75 9
4 4 75 15
5 2 75 16
2 2 75 18
1 3 75 19
3 2 75 17
8 2 75 27
7 2 75 36
1 2 75 37
4 2 75 37
6 2 75 39
4 2 75 40
2 2 79 40
3 3 75 46
5 2 75 46
1 2 77 47
2 2 78 46
6 3 75 49
4 2 75 50
5 5 75 54
1 2 75 57
6 2 75 60
2 3 75 70
6 2 76 70
3 3 76 71
4 2 75 71
1 3 75 78
5 2 79 78
1 2 78 78
7 2 78 78
8 2 75 79
7 2 75 86
4 2 75 88
8 2 77 89
1 2 77 89
3 2 75 89
6 3 75 90
1 2 75 94
3 2 76 93
6 3 75 95
3 6 75 96
6 3 75 99
2 3 74 11
4 2 74 25
4 3 77 24
5 2 77 25
6 3 76 24
7 2 74 29
7 2 75 28
3 2 74 29
1 3 74 34
8 2 74 35
5 3 74 50
5 4 74 58
8 3 74 63
4 2 74 68
8 2 74 70
5 2 74 72
1 2 74 71
8 3 74 83
2 2 74 86
3 5 74 91
5 2 74 94
1 2 74 98
8 2 73 1
4 2 73 1
7 2 74 1
1 2 74 2
1 2 73 4
1 2 75 5
2 2 73 4
2 2 73 6
8 2 74 7
3 4 73 7
1 2 73 13
5 2 73 14
3 2 73 20
3 2 75 21
8 2 75 22
5 2 73 28
5 2 74 27
2 2 73 29
8 3 73 28
1 2 73 28
3 2 73 39
5 2 76 40
6 2 76 39
4 2 76 40
1 2 76 41
8 2 75 41
4 3 73 41
2 2 74 42
5 2 73 45
6 2 76 46
6 2 78 47
3 2 78 48
7 2 73 46
6 2 73 54
1 2 73 59
1 3 73 62
3 2 73 66
3 2 76 65
3 2 77 66
7 3 76 66
1 2 75 64
4 2 75 64
5 2 75 66
2 2 73 66
8 2 73 72
2 3 73 77
8 2 73 79
3 2 73 78
5 3 73 84
8 2 73 84
3 2 73 88
4 2 73 95
6 2 73 97
4 2 74 96
5 2 74 96
6 6 72 3
4 2 72 11
6 2 72 20
7 4 72 20
1 2 72 24
8 2 72 32
7 2 72 31
1 3 72 44
7 2 72 48
1 5 72 49
8 2 72 54
1 2 72 69
5 2 72 68
3 2 72 71
7 2 72 74
3 2 73 74
1 2 75 75
8 2 75 76
6 2 74 76
8 2 73 74
5 4 72 78
8 2 73 77
3 2 73 81
4 2 72 81
7 2 72 84
1 3 72 84
2 3 72 87
1 2 72 89
1 2 73 89
7 2 72 92
2 2 73 91
4 2 72 91
6 3 72 92
2 3 72 96
4 2 72 99
8 2 72 99
4 2 71 2
2 2 72 1
5 2 71 2
6 2 73 2
8 2 71 5
3 2 71 6
6 2 71 6
7 5 71 24
4 2 71 33
3 3 71 36
3 2 73 35
4 2 72 35
7 2 71 36
2 2 71 55
8 2 73 56
4 2 73 56
6 2 71 56
4 3 71 63
8 2 73 64
5 4 71 73
3 4 71 73
4 2 71 79
6 2 71 78
2 3 71 79
5 2 72 80
7 2 71 82
3 2 71 90
7 2 71 91
7 5 70 1
2 2 70 5
4 4 70 7
7 2 70 10
6 3 70 11
5 2 70 12
3 2 71 13
2 3 71 13
4 2 70 16
7 2 71 17
8 2 74 16
1 2 74 16
7 2 70 16
6 2 70 19
5 2 71 19
8 2 70 20
1 2 70 21
6 2 73 21
5 2 74 22
7 2 70 28
2 2 70 38
8 2 70 37
5 2 70 39
6 2 71 40
4 2 70 42
3 2 70 43
1 2 72 42
3 2 72 42
2 2 72 44
3 4 70 46
1 2 70 53
5 2 74 52
3 2 71 52
1 4 70 56
1 2 70 59
3 4 70 60
7 6 70 62
5 2 70 67
8 2 71 68
4 2 73 67
2 3 70 68
7 2 70 69
7 3 70 76
7 3 70 80
6 3 70 88
3 3 70 92
6 2 70 93
7 2 70 94
4 2 70 98
8 2 70 100
3 4 69 4
6 2 69 14
5 2 69 15
4 2 69 14
8 2 69 13
3 2 69 16
8 3 69 27
4 2 71 26
6 2 69 31
3 2 74 30
5 3 69 32
3 2 70 31
5 2 74 30
6 2 69 31
2 2 69 32
3 3 69 33
5 3 69 36
1 3 69 37
2 2 69 44
7 2 69 45
2 2 69 53
4 2 72 52
2 2 72 51
3 2 69 64
5 2 69 65
7 2 70 64
2 2 73 63
6 2 69 64
8 2 69 66
7 4 69 67
7 2 69 73
6 2 70 72
4 2 69 72
7 3 69 72
5 2 69 90
4 3 69 94
5 2 69 93
7 2 69 93
1 2 68 1
2 2 68 14
7 2 68 17
6 2 68 26
4 2 72 25
4 2 68 37
2 2 70 38
7 2 69 38
8 4 68 38
1 2 68 40
8 3 68 47
1 3 68 74
5 3 68 80
3 2 68 78
8 2 68 81
8 2 68 85
3 2 70 86
5 2 69 86
1 2 68 84
8 2 69 83
3 3 69 83
7 2 68 85
7 2 68 95
2 3 68 94
8 4 68 99
4 2 67 1
8 2 67 2
1 3 67 7
5 3 67 9
3 4 68 8
5 2 68 9
1 2 67 9
1 2 67 14
6 2 67 14
6 2 67 19
1 2 68 18
2 2 67 22
7 2 68 21
3 2 68 22
6 2 69 23
2 2 67 26
4 2 67 29
3 2 68 28
1 2 68 29
6 3 68 29
5 3 67 30
7 2 67 34
8 2 67 33
5 2 67 33
1 2 67 37
4 6 67 39
2 2 67 41
7 2 69 42
2 2 67 44
8 2 68 43
5 2 67 43
4 4 67 45
2 2 67 48
2 2 69 47
8 2 69 47
7 2 69 48
5 2 69 48
4 3 67 48
4 2 68 50
1 5 67 53
6 2 71 52
3 2 67 58
8 2 67 60
2 2 67 59
4 2 67 58
4 2 70 57
5 4 67 58
1 2 67 64
2 2 67 65
6 2 67 66
6 3 67 71
2 2 67 78
1 3 67 87
2 3 67 87
5 2 67 88
2 4 67 88
5 2 71 89
2 2 70 89
8 2 70 90
6 2 68 89
4 2 67 89
5 2 67 89
3 2 67 95
6 2 67 98
5 2 66 7
1 2 66 20
6 2 66 22
1 2 67 23
4 2 66 23
4 2 67 22
8 2 67 21
3 2 66 23
3 2 66 26
2 2 70 25
3 2 67 25
8 2 67 26
1 2 66 25
8 2 66 28
5 2 66 37
6 2 66 36
5 3 66 48
7 4 66 49
5 3 66 52
4 4 66 55
6 2 66 56
7 4 66 57
2 2 66 57
2 2 66 73
3 2 66 78
5 2 66 78
6 2 66 82
2 2 66 81
1 2 67 82
8 2 67 83
7 2 66 83
5 3 66 94
1 2 66 94
1 2 66 99
5 2 68 98
2 2 66 98
7 2 66 97
1 2 66 96
6 2 66 99
7 2 66 100
8 2 65 5
1 3 65 10
5 4 65 14
6 2 66 15
4 2 67 16
2 3 67 16
4 3 65 20
7 2 65 26
1 2 65 28
2 2 65 37
7 2 65 39
3 5 65 40
6 2 65 42
6 3 65 63
8 2 65 74
5 2 68 75
4 3 68 75
2 3 65 83
4 2 65 87
7 2 66 86
4 2 65 89
3 3 65 91
5 2 65 90
8 2 65 91
8 2 67 92
4 2 65 91
1 2 65 90
2 2 65 92
7 2 65 96
3 3 64 4
4 2 64 2
5 2 64 1
2 2 64 5
7 2 65 4
4 2 64 10
6 2 64 18
2 2 65 18
6 2 70 17
1 2 70 18
1 3 64 21
8 3 64 23
8 2 64 34
1 2 65 33
5 2 64 36
7 5 64 40
8 2 64 43
3 2 64 46
5 2 65 45
7 2 67 46
7 2 64 45
1 3 64 49
8 2 64 50
4 3 64 53
1 2 71 52
1 2 65 53
8 2 64 54
3 3 64 56
2 2 64 58
8 3 64 59
8 2 64 62
4 2 68 61
7 2 64 63
3 3 64 64
4 2 65 64
8 2 65 64
1 3 64 65
2 3 64 66
8 2 64 67
6 2 67 67
8 2 69 68
1 2 68 68
7 2 64 77
1 2 64 85
5 2 66 85
6 3 64 89
7 2 64 91
4 2 64 96
1 2 64 95
4 2 64 100
3 2 63 1
7 2 63 2
1 3 63 4
2 2 63 7
7 2 64 8
2 2 63 10
6 2 63 9
8 2 64 10
8 2 63 9
1 3 63 16
8 3 63 26
2 4 63 27
4 2 63 29
4 3 63 31
8 2 64 30
4 3 63 34
3 2 63 34
7 2 63 36
4 2 63 38
6 2 63 41
8 2 64 40
5 3 63 40
7 2 63 39
2 2 63 40
3 2 63 48
4 2 63 50
6 3 63 56
3 2 63 58
1 3 63 63
3 2 64 62
4 2 64 62
5 3 64 63
6 4 63 64
3 2 63 77
2 2 65 76
6 2 66 75
3 2 66 76
4 2 65 77
8 2 63 77
7 3 63 77
2 2 63 77
6 2 64 76
5 2 64 76
3 3 64 77
8 3 63 75
1 2 63 78
4 4 63 82
6 2 65 81
4 2 64 81
3 2 65 80
4 2 64 84
6 6 64 84
5 2 63 92
8 2 63 98
3 3 62 2
2 5 62 4
5 2 62 13
2 2 64 12
7 3 64 13
3 3 63 11
2 2 63 12
6 2 62 14
5 2 62 16
4 2 62 15
5 3 62 20
6 4 62 29
6 2 62 32
1 2 62 42
1 2 62 45
8 4 62 45
7 2 66 43
2 2 64 43
6 2 62 46
6 2 62 51
7 2 62 50
1 2 62 53
7 2 62 55
6 2 62 61
2 2 62 60
6 2 63 61
1 2 65 60
8 2 62 66
3 2 62 67
4 2 63 68
1 2 62 68
8 2 63 68
3 2 63 69
2 2 62 77
4 2 62 79
8 2 62 79
7 3 62 80
1 2 62 82
6 3 62 88
8 2 62 90
6 2 62 91
8 2 62 93
6 2 62 96
7 3 62 98
5 2 62 99
4 2 61 3
4 3 61 6
5 2 62 5
6 2 61 10
2 2 61 9
5 2 61 10
4 2 61 11
1 2 61 13
7 3 61 15
4 4 61 17
3 2 61 18
4 2 61 20
3 2 61 24
4 2 61 35
6 2 61 34
1 4 61 37
8 2 62 38
3 2 61 41
4 4 61 42
3 2 61 50
7 2 67 51
6 2 61 49
5 3 61 48
4 2 61 51
7 2 61 53
8 2 62 52
2 2 61 55
5 2 61 56
7 2 61 57
5 2 61 62
6 2 61 67
5 2 61 68
5 2 64 69
3 2 65 70
1 2 64 70
6 2 61 76
7 2 61 83
5 3 61 85
6 2 65 86
5 2 63 85
3 2 63 85
4 2 62 85
8 2 61 86
8 2 62 85
5 2 61 87
8 5 61 89
7 2 61 90
2 2 61 92
4 2 61 94
8 2 60 8
3 3 60 9
1 2 60 28
5 3 60 29
8 2 61 31
3 3 60 32
5 2 61 30
8 3 60 39
3 2 60 43
5 2 60 43
3 2 60 58
4 2 60 62
2 3 60 63
2 3 60 70
2 2 60 73
3 3 60 77
1 4 60 79
7 2 63 80
3 2 60 85
1 3 60 90
4 3 60 91
8 2 60 97
1 2 59 2
6 2 59 5
3 2 62 6
3 2 60 4
1 2 60 3
8 2 60 3
8 2 59 6
4 2 59 7
1 2 59 15
2 2 59 20
7 3 59 20
7 2 63 22
6 10 59 40
6 2 59 39
7 4 59 42
2 2 59 41
5 2 59 43
2 2 59 51
5 2 61 51
1 6 59 50
1 2 61 52
6 2 59 52
2 2 60 51
4 2 60 53
3 2 59 51
7 2 59 64
6 4 59 66
1 2 59 69
8 3 59 70
7 2 59 72
3 2 59 74
5 2 62 73
4 2 60 74
8 2 60 75
3 2 59 74
2 2 59 73
7 2 59 75
6 2 59 76
2 3 59 77
7 3 59 80
1 3 59 83
7 3 59 88
2 2 59 92
3 2 62 93
4 2 62 93
2 2 59 96
5 2 60 95
2 2 60 94
3 2 60 96
1 3 59 97
3 2 60 97
6 2 60 97
6 2 58 1
7 3 58 7
7 2 58 12
3 2 58 15
8 2 58 14
8 2 60 13
6 2 59 13
5 2 58 19
4 2 58 19
6 3 58 19
3 2 58 18
1 4 58 19
3 2 58 21
6 2 61 22
1 2 58 24
2 2 59 24
8 2 60 23
6 2 58 25
4 3 58 24
1 2 61 26
8 2 59 26
4 2 58 28
7 2 58 35
5 2 58 35
2 2 59 35
8 2 59 34
4 2 59 35
1 2 58 35
1 2 58 38
5 2 58 41
6 2 58 54
7 2 58 59
8 2 58 61
7 2 60 60
3 2 59 60
1 2 59 60
3 4 58 60
4 3 58 61
4 4 58 69
4 2 58 68
6 2 58 70
1 2 58 70
4 2 58 72
3 2 59 71
2 2 59 71
4 2 58 77
2 2 58 83
5 2 58 82
8 2 58 82
8 2 58 84
5 2 58 86
3 3 58 89
7 3 58 100
7 2 60 99
3 2 57 3
2 2 57 9
2 2 58 10
3 3 57 23
2 2 60 22
5 4 57 25
6 2 57 29
2 2 57 37
3 3 57 39
4 2 58 39
3 2 57 41
8 2 57 62
5 2 57 64
8 4 57 65
3 3 57 66
7 2 57 69
1 3 57 72
8 2 57 73
8 2 57 76
5 2 57 80
8 2 59 81
1 2 57 82
8 4 57 87
2 3 57 92
1 2 57 94
3 2 57 93
7 2 57 94
6 2 57 93
5 5 57 96
1 7 56 14
4 2 56 16
4 4 56 19
6 2 56 23
5 2 61 22
5 2 58 22
7 2 56 24
7 2 56 36
6 4 56 41
2 2 57 43
6 2 59 44
3 2 59 44
6 2 57 44
1 2 58 45
5 2 57 44
7 2 56 40
8 2 56 40
6 2 56 54
6 2 57 53
1 2 56 64
7 4 56 66
2 4 56 67
7 2 56 71
6 5 56 77
6 2 56 84
8 3 56 90
7 2 56 93
2 3 56 94
8 2 56 99
1 4 56 98
3 2 55 1
1 3 55 9
7 3 55 15
2 2 55 15
4 2 55 26
2 2 55 26
6 3 55 25
3 2 55 25
5 2 55 27
4 2 55 39
1 2 55 43
7 3 55 45
8 2 55 45
3 2 60 46
5 2 60 46
4 2 60 47
8 2 61 47
2 3 59 47
3 2 57 46
3 2 55 47
6 2 59 48
1 2 57 48
8 3 57 49
4 2 56 46
6 2 56 47
2 2 55 47
7 3 55 48
2 3 55 55
8 2 58 55
1 2 58 56
2 2 56 56
6 2 57 57
1 2 57 58
3 5 56 57
1 2 55 60
3 3 55 78
8 2 55 79
6 5 55 91
3 5 55 93
5 4 55 95
8 2 55 95
7 2 54 1
1 2 54 2
4 2 54 5
2 2 57 6
5 2 57 7
3 2 54 9
6 2 54 16
3 2 55 17
1 3 55 17
5 3 55 18
8 2 58 17
6 2 54 17
1 2 54 23
8 2 54 30
6 2 63 31
8 2 63 31
7 2 54 40
4 3 54 41
6 2 54 51
4 2 56 50
2 2 56 52
4 2 54 54
8 2 54 55
1 2 54 54
2 2 54 57
8 4 54 58
6 2 54 59
4 2 54 61
3 2 54 65
1 3 54 72
1 3 54 77
2 5 54 79
6 2 55 80
6 2 54 84
4 2 54 83
7 2 54 85
4 2 54 89
7 2 54 88
1 2 55 87
4 2 58 86
7 2 58 86
2 2 55 86
5 2 54 87
6 2 53 7
6 2 53 13
3 4 53 14
5 2 53 15
7 2 53 15
7 2 53 17
3 2 53 18
6 2 53 21
4 3 53 24
5 2 53 32
5 2 53 40
6 3 53 44
8 2 53 45
6 2 53 47
5 2 53 52
7 2 53 52
8 2 53 53
4 3 53 52
3 2 53 55
5 2 53 64
3 4 53 68
3 2 53 67
5 3 53 70
4 2 54 69
6 2 53 72
1 2 57 73
7 2 53 72
5 4 53 73
3 2 54 74
2 2 53 74
8 2 53 78
3 2 53 81
8 3 53 86
1 2 53 88
8 2 53 96
2 2 54 97
7 2 52 2
3 2 52 3
5 2 57 3
1 4 52 6
5 2 57 5
2 2 53 4
7 2 54 5
6 2 54 6
1 2 53 4
8 2 52 3
3 2 52 5
2 2 52 10
2 2 54 11
6 2 55 10
8 2 55 10
7 2 52 9
4 2 54 10
1 2 54 11
5 3 52 10
1 6 52 16
5 2 52 17
5 2 52 20
8 4 52 21
7 2 52 22
8 2 52 24
8 2 52 30
6 2 56 30
3 2 55 30
4 2 57 29
6 2 57 31
8 2 55 31
1 2 57 32
7 2 57 33
5 2 56 32
8 2 57 33
7 2 57 33
2 3 56 32
5 2 54 30
7 2 54 31
3 3 52 31
6 2 57 33
1 3 57 33
3 4 56 33
2 2 56 35
3 2 52 35
4 2 55 36
4 3 52 36
8 2 53 35
1 2 53 37
1 4 52 42
3 3 52 43
7 2 52 43
7 2 52 46
1 2 52 51
1 2 52 58
6 2 52 60
4 2 52 61
5 2 52 80
5 2 52 84
2 3 52 98
4 2 52 100
6 2 51 3
7 2 51 6
8 2 51 9
6 2 51 10
6 2 51 17
1 2 51 22
4 2 51 25
7 2 53 26
3 2 55 27
2 2 51 25
5 2 51 24
6 2 52 25
1 2 51 29
4 2 53 28
1 2 53 28
1 2 51 37
2 2 51 38
4 2 51 56
5 2 51 61
2 2 52 60
7 2 52 61
1 2 51 67
1 2 52 68
2 2 51 66
1 2 52 65
8 2 51 71
3 2 53 70
7 3 51 73
2 3 51 79
3 3 51 81
4 2 51 82
3 3 51 83
1 2 51 82
6 2 51 88
5 2 51 92
4 2 51 93
2 2 51 97
6 2 55 96
3 2 50 2
2 2 52 1
5 2 51 1
5 2 50 8
2 2 52 7
8 2 50 7
5 2 50 6
4 2 50 5
6 3 50 23
4 2 52 22
3 2 50 25
7 2 50 26
3 2 50 30
8 2 51 31
1 2 53 32
4 2 52 32
6 2 50 31
8 2 50 36
6 2 50 37
7 2 50 38
1 2 50 39
3 2 50 40
7 2 50 44
8 2 50 54
1 2 50 55
2 2 50 56
8 4 50 61
5 2 53 61
2 2 51 63
4 2 50 63
1 6 50 73
4 2 52 75
7 2 51 75
2 2 52 76
4 2 50 80
2 2 50 84
2 2 50 90
3 2 52 89
3 2 50 96
4 2 50 95
3 2 52 94
5 2 50 97
4 3 50 98
7 2 49 1
7 2 51 1
6 2 51 1
3 4 49 4
4 2 50 2
6 2 50 3
1 2 49 4
3 2 49 7
6 2 49 9
6 3 49 12
4 2 50 11
1 2 50 11
2 2 49 14
1 2 49 15
7 2 49 19
3 2 49 22
4 2 49 21
7 2 49 40
3 2 49 42
3 2 49 48
2 2 49 47
4 2 50 46
5 3 49 49
3 2 52 51
3 2 49 51
5 2 52 50
7 2 50 52
2 2 49 50
2 2 52 49
3 2 52 50
4 2 51 50
5 2 49 51
6 2 49 60
5 2 49 75
8 2 49 76
1 2 49 82
6 2 49 83
1 2 49 95
7 2 49 98
4 2 52 99
3 2 49 99
2 2 48 7
3 3 48 20
7 3 48 24
2 2 48 26
3 2 48 27
7 2 49 28
8 2 49 29
2 2 48 37
7 2 50 38
8 2 49 38
5 4 49 39
7 3 48 51
8 2 48 50
6 2 48 51
3 2 48 57
6 2 50 57
4 2 51 58
4 3 48 59
1 2 49 58
2 2 48 58
3 4 48 64
5 2 48 61
6 3 48 66
4 3 48 66
8 3 48 66
8 2 48 74
1 5 48 78
5 2 48 83
2 5 48 87
5 2 48 95
4 3 48 94
8 2 50 93
8 2 47 1
2 4 47 5
7 4 47 20
3 2 47 23
7 4 47 30
8 2 48 32
3 2 49 33
6 3 47 32
5 3 47 42
1 4 47 44
2 2 47 52
7 3 47 59
7 2 48 58
5 3 48 59
3 3 47 60
8 2 47 61
6 2 49 61
2 2 47 62
2 3 47 65
2 2 48 63
8 2 48 63
7 5 47 68
8 2 47 68
6 2 48 69
1 2 47 69
4 2 47 75
4 2 50 74
2 2 50 75
5 2 48 76
3 2 47 86
5 2 50 85
7 2 47 89
4 3 47 91
8 2 47 96
7 2 47 98
1 3 47 97
8 2 48 99
5 4 46 5
7 2 46 3
7 4 46 7
8 3 46 14
7 2 46 16
7 2 47 15
2 2 47 15
8 2 47 16
8 2 46 23
6 2 46 26
7 2 46 27
1 2 46 29
5 2 47 29
2 2 47 30
4 3 46 29
1 2 48 29
8 2 46 31
1 2 46 37
4 2 46 45
1 3 46 51
5 2 46 50
3 2 46 66
5 2 46 67
2 2 46 74
2 2 46 76
7 3 46 80
2 2 46 79
5 2 46 83
4 2 46 83
3 4 46 83
6 2 46 100
3 2 48 99
2 2 47 99
6 3 45 1
5 2 48 1
4 2 47 1
2 3 45 29
3 2 45 32
6 2 45 38
6 3 45 44
8 2 45 47
8 2 50 46
1 2 49 46
4 2 46 48
7 2 45 49
6 2 45 48
3 2 45 50
4 2 45 59
8 2 46 58
6 2 46 59
3 2 45 75
8 2 45 81
3 2 45 88
7 2 45 92
2 2 47 91
3 2 48 90
1 2 48 90
1 2 47 92
8 2 46 92
4 2 45 93
2 2 46 94
5 2 46 94
7 4 46 95
3 3 45 98
6 3 45 96
5 4 45 98
7 4 44 2
2 2 44 6
4 2 44 8
8 2 45 7
5 2 44 7
7 3 44 12
3 2 50 12
4 2 50 12
4 3 44 14
2 2 44 15
4 2 45 16
4 2 46 17
5 2 44 14
3 3 44 16
3 2 48 17
5 2 46 17
8 2 48 18
2 2 48 18
6 2 48 19
1 2 44 18
7 2 46 17
6 2 44 20
8 3 44 23
1 2 44 26
8 2 45 25
5 2 44 25
6 2 44 34
5 2 44 39
6 2 46 38
3 2 44 38
2 2 44 37
4 4 44 39
3 2 44 46
5 2 44 51
7 2 44 55
5 2 48 54
2 2 45 56
4 2 44 54
4 4 44 58
4 2 44 62
1 2 46 63
7 3 44 62
3 2 44 62
7 2 44 63
2 4 44 63
6 3 44 73
4 2 47 72
1 3 45 72
2 2 45 71
7 2 47 70
7 2 49 69
8 3 49 69
6 2 49 70
4 2 48 70
3 2 44 78
7 2 44 85
2 2 51 86
6 2 51 87
8 4 44 89
5 2 43 2
3 3 43 12
7 2 43 14
1 2 43 14
7 4 43 19
5 2 43 22
7 2 43 22
8 2 48 21
4 2 43 23
1 2 44 23
6 2 44 22
3 2 46 21
5 2 47 20
1 2 47 21
7 2 46 22
2 3 44 21
2 2 43 24
3 3 43 26
5 2 43 27
5 2 45 27
3 2 45 27
2 2 47 27
1 2 46 27
6 2 45 28
6 3 43 30
3 3 43 31
5 2 43 32
6 3 43 43
5 2 45 42
8 2 43 48
2 2 43 50
3 2 43 56
6 3 43 88
8 2 44 88
5 2 45 89
3 2 44 89
4 2 46 90
1 2 45 90
5 2 43 90
7 2 43 93
2 2 42 2
3 2 42 1
2 5 42 9
3 2 42 7
1 2 42 10
8 2 48 11
7 2 45 11
2 2 42 13
8 2 42 16
5 2 42 23
8 2 42 27
4 4 42 33
7 2 47 35
8 2 47 36
7 2 45 33
7 2 44 35
2 2 44 36
8 2 42 35
6 6 42 37
3 4 42 39
5 3 42 51
3 2 42 53
8 2 42 60
8 2 42 63
3 2 42 71
3 2 42 73
4 2 43 72
7 2 43 72
3 2 43 73
7 2 42 74
1 2 42 79
3 2 42 85
8 3 42 87
5 2 49 86
3 4 49 87
1 2 42 86
4 2 42 88
2 3 42 89
6 2 42 91
5 5 42 99
4 2 41 5
1 2 43 4
6 2 42 4
1 2 41 4
8 3 41 7
1 2 43 8
3 2 41 10
4 2 41 13
8 2 42 12
6 2 42 12
7 2 41 17
8 2 41 22
1 3 41 23
1 2 41 26
8 3 41 30
1 2 42 30
7 2 42 31
2 4 41 31
1 2 41 39
4 3 41 41
3 2 42 41
1 2 42 42
2 3 43 41
8 2 45 43
7 2 42 42
3 3 42 42
6 3 41 46
8 2 41 48
2 2 41 58
7 2 41 62
5 2 41 64
8 2 41 71
8 2 46 70
2 2 46 71
1 2 41 70
5 3 41 75
1 2 43 76
4 2 44 77
6 3 44 77
3 2 41 77
7 2 45 78
6 3 45 78
8 2 41 79
2 10 41 81
8 2 44 80
7 2 45 81
4 2 45 82
1 2 44 80
5 2 41 87
7 2 41 90
1 2 41 93
3 3 41 94
6 2 43 95
7 2 42 94
4 2 41 98
2 2 41 98
2 2 40 2
4 2 40 1
8 2 40 1
4 3 40 7
1 2 40 9
5 2 41 10
8 3 40 9
3 2 43 10
4 2 43 11
6 2 40 10
3 2 40 11
5 4 40 19
3 2 43 20
3 2 40 24
3 3 40 27
2 2 41 27
6 2 40 40
7 3 40 43
5 2 40 46
2 2 40 45
3 4 40 47
8 2 41 44
7 3 40 48
5 2 41 48
8 6 40 51
7 5 40 58
1 2 41 56
2 2 40 61
3 2 40 60
6 3 40 63
3 2 40 68
5 2 43 67
2 2 40 72
5 5 40 72
8 2 40 75
4 2 40 80
3 3 40 81
8 2 42 82
5 2 42 83
3 2 41 81
1 3 40 82
2 3 40 93
6 4 40 97
1 2 40 100
1 2 39 1
7 3 39 8
2 4 39 10
7 4 39 13
5 2 42 12
2 3 42 13
5 3 39 15
3 4 39 15
3 2 39 19
1 2 42 20
5 2 41 20
8 3 39 22
4 2 39 23
1 2 39 28
4 2 39 29
5 2 39 29
3 2 39 28
1 3 39 31
6 3 39 35
5 2 39 44
1 2 39 46
6 3 39 51
6 2 40 52
4 2 41 53
2 2 46 54
3 2 39 52
6 2 42 53
8 2 43 54
4 2 42 54
2 5 39 53
4 2 39 63
3 2 39 66
6 3 39 67
2 3 39 75
4 5 39 83
4 2 41 85
2 2 40 84
6 3 39 85
4 2 39 90
6 2 39 91
7 3 39 99
3 2 38 1
2 2 38 1
5 2 38 3
2 2 38 4
3 2 42 5
6 2 41 5
7 2 41 6
6 2 39 5
8 6 38 6
4 3 38 12
8 4 38 13
4 3 38 16
8 2 38 19
3 3 38 22
1 2 38 24
7 2 38 25
4 2 38 28
7 2 38 29
5 3 38 34
5 2 40 36
8 2 39 33
1 2 38 33
1 2 38 36
5 2 38 39
3 2 38 40
5 2 38 49
2 2 38 48
2 2 39 49
8 3 38 54
5 2 41 55
4 2 38 55
5 2 38 56
7 2 38 61
5 2 38 62
8 2 38 63
1 3 38 67
3 2 38 72
8 2 38 73
3 2 38 86
4 3 38 99
3 2 37 9
6 2 38 10
5 2 37 11
1 5 37 12
6 2 37 15
8 2 37 17
4 3 37 19
8 2 37 29
8 2 37 35
6 6 37 37
7 2 37 40
1 2 37 41
4 2 37 40
8 2 37 41
4 2 37 47
7 6 37 53
5 2 37 64
2 2 39 65
7 2 37 65
6 3 37 68
8 2 43 69
3 2 37 70
7 2 37 71
3 2 41 70
4 2 41 69
4 2 38 70
1 9 37 70
5 2 37 70
7 3 37 80
1 2 37 80
5 2 37 80
6 3 37 81
6 2 37 92
5 2 41 91
7 2 41 91
3 2 41 91
8 3 40 91
3 2 38 91
7 2 38 90
7 2 37 92
5 2 37 96
7 2 42 96
1 3 42 96
6 2 39 95
8 2 37 99
3 3 37 100
2 2 36 10
7 2 36 15
1 2 36 18
7 4 36 20
7 2 36 29
3 2 36 31
2 2 36 39
8 3 36 45
6 2 38 44
3 2 38 43
2 2 37 44
1 2 36 52
2 2 36 53
1 2 36 56
5 2 36 58
3 2 36 67
4 3 36 66
5 2 37 65
5 5 36 74
4 2 36 75
8 2 38 75
4 2 37 75
7 2 39 76
5 2 39 77
6 2 37 76
2 2 37 76
4 2 36 77
1 5 36 78
8 2 36 83
3 3 36 82
7 3 36 85
8 2 36 85
1 2 36 84
5 3 36 86
6 2 38 87
4 2 36 89
1 2 36 92
8 2 36 93
6 4 36 95
1 3 36 96
1 2 38 97
2 2 37 96
3 4 37 97
8 2 36 97
7 2 35 1
4 4 35 2
7 2 35 10
5 2 35 13
2 6 35 22
3 2 35 37
6 8 35 44
3 2 35 43
3 2 35 52
4 3 35 53
1 2 35 53
3 3 35 60
8 2 40 59
3 2 35 58
8 3 35 65
7 2 38 66
3 2 35 65
1 2 35 64
7 2 35 65
7 3 35 76
4 2 36 78
1 3 35 81
2 2 35 80
7 2 35 80
4 2 35 95
2 3 34 4
3 2 36 4
7 2 34 12
4 5 34 13
3 2 34 16
8 2 34 19
8 2 34 27
7 2 36 26
7 2 38 25
8 2 34 39
3 3 34 50
3 2 36 49
5 3 35 49
7 2 35 50
8 2 34 53
6 2 35 54
7 2 34 52
1 3 34 58
2 2 38 59
8 2 34 58
6 2 34 66
1 2 34 76
4 2 34 77
2 5 34 78
6 2 34 83
1 2 34 87
7 2 34 90
5 4 34 92
2 4 34 98
1 2 33 4
4 2 33 7
3 2 33 8
6 2 35 8
5 2 35 9
7 2 33 8
3 2 33 22
4 2 33 25
2 2 35 26
3 2 35 27
2 4 34 27
5 3 34 26
3 2 33 32
6 2 37 32
8 2 36 32
7 2 36 32
1 2 37 32
3 2 36 33
1 2 34 31
4 3 34 30
8 2 34 32
8 2 39 33
7 3 33 37
5 2 33 36
6 2 33 39
8 2 33 49
7 2 37 48
1 2 33 50
5 3 33 57
2 2 33 60
4 2 35 60
6 3 33 60
1 2 38 61
5 2 33 65
3 2 34 64
8 3 33 65
4 2 33 69
2 2 33 75
8 2 33 82
7 2 33 84
4 3 33 84
3 2 34 84
3 2 33 94
7 2 33 93
7 2 33 96
7 2 32 4
7 2 35 3
5 2 33 3
6 3 33 4
7 2 34 6
2 2 32 8
4 2 33 7
3 2 33 6
1 2 33 6
5 2 32 6
7 3 32 31
4 2 37 33
6 2 36 33
7 2 42 34
2 2 36 34
6 2 33 33
8 2 35 34
3 2 35 34
5 2 34 33
5 3 32 32
5 2 32 41
8 3 32 41
2 5 32 51
6 3 32 54
6 2 32 57
7 2 33 56
2 2 33 57
3 3 32 56
4 3 32 62
2 4 32 64
4 2 32 68
2 4 32 72
7 2 32 79
6 3 32 82
8 3 32 89
6 2 34 88
2 2 32 89
7 2 34 88
4 2 36 87
1 2 32 90
4 4 32 92
1 2 32 97
6 3 32 97
6 4 31 8
2 2 31 14
8 2 31 24
6 2 32 23
5 4 31 23
7 3 31 27
7 2 31 30
1 2 31 33
8 2 31 34
1 2 31 41
4 2 33 42
3 4 31 43
6 2 31 51
5 5 31 52
4 3 31 53
1 2 31 55
4 2 31 66
6 4 31 67
1 2 31 67
4 2 31 70
4 2 34 69
8 2 34 69
7 2 34 70
8 2 31 69
5 2 31 70
3 7 31 71
3 2 31 81
6 2 32 80
5 3 32 79
8 3 31 83
4 4 31 86
2 2 33 87
5 2 33 88
7 2 32 86
5 3 31 90
8 2 31 91
6 3 31 91
5 2 31 94
3 2 31 96
1 2 31 99
5 2 30 1
6 2 32 1
8 2 32 1
8 2 30 5
3 2 30 8
5 2 30 11
1 2 30 12
2 2 30 11
6 2 31 12
3 3 30 11
4 2 30 13
5 2 30 14
2 3 30 18
8 2 37 17
5 3 37 17
6 3 36 18
4 2 34 17
7 2 32 18
8 3 30 19
7 2 30 22
1 2 30 24
6 2 32 25
5 2 30 28
7 2 30 32
1 2 30 34
1 2 30 40
6 2 31 39
5 2 31 40
4 3 30 41
2 4 30 42
1 3 30 44
2 2 35 45
7 2 36 46
3 2 36 46
8 2 36 47
6 2 36 47
5 2 35 46
5 3 30 54
8 2 30 61
7 2 30 74
6 2 30 85
5 2 30 84
7 2 30 84
5 3 30 96
3 2 30 100
1 2 34 99
7 3 34 100
4 3 29 1
8 2 29 1
5 2 29 1
2 3 29 1
6 2 29 5
7 4 29 8
2 2 29 9
7 2 29 13
8 2 29 15
6 3 29 16
5 2 29 17
1 3 29 18
6 5 29 18
7 2 36 20
1 2 29 20
3 2 29 22
8 2 29 25
4 3 29 27
4 2 30 26
4 3 29 44
2 2 29 49
3 2 30 49
3 2 29 54
7 2 31 55
5 2 31 56
7 5 29 56
6 2 29 58
6 4 29 61
2 2 32 60
8 2 31 62
5 2 30 59
2 2 30 59
4 2 30 59
8 3 29 65
5 2 29 64
3 2 29 65
4 2 31 64
6 2 31 64
3 2 31 65
7 2 29 69
6 2 33 68
6 4 29 69
1 5 29 74
1 2 29 72
8 2 29 76
6 3 29 76
6 2 29 78
8 2 30 79
3 2 29 83
8 2 29 95
4 3 29 97
8 2 28 7
1 2 28 14
3 2 28 15
7 3 28 20
5 2 29 19
3 3 28 19
6 2 29 20
2 2 29 20
4 5 28 23
2 4 28 27
6 2 28 25
6 3 28 35
7 2 34 35
6 3 30 35
4 2 30 37
3 2 28 37
4 2 31 36
7 2 28 36
5 2 32 35
3 2 32 36
3 3 28 50
4 3 28 57
4 2 29 57
8 2 29 57
1 2 28 57
3 2 28 58
1 3 28 59
8 3 28 59
2 2 28 67
4 3 28 67
8 2 28 68
8 2 28 72
8 2 28 78
1 3 28 83
3 4 28 99
5 7 27 2
2 2 31 3
7 2 27 4
4 2 28 5
4 4 27 4
8 2 27 11
6 2 27 12
8 2 28 12
2 3 27 13
4 2 27 16
7 2 27 16
5 2 27 18
3 4 27 29
1 3 27 36
5 2 29 35
2 6 27 36
5 2 27 47
3 2 31 47
8 3 31 46
6 2 31 46
4 3 31 47
5 2 32 48
6 2 32 49
2 2 30 48
1 2 30 48
6 2 27 51
1 2 27 53
3 5 27 54
4 2 27 63
8 2 28 62
2 2 27 64
5 2 27 65
1 2 27 70
4 2 27 76
1 2 27 77
6 2 27 84
6 2 27 89
4 2 28 88
3 4 27 88
2 2 30 87
1 2 30 87
7 2 30 88
3 2 27 89
8 2 27 91
6 2 27 93
1 2 27 98
7 3 27 99
5 2 27 100
2 2 26 4
3 2 26 3
7 2 26 6
4 2 26 7
2 2 26 16
8 2 27 15
6 2 27 15
1 2 27 16
6 4 26 18
1 2 26 27
1 2 26 38
8 3 26 38
4 2 29 38
3 2 28 38
7 3 26 38
2 2 26 40
3 2 26 42
5 4 26 43
8 2 26 54
8 2 26 57
2 2 26 60
7 2 26 60
5 3 26 61
4 2 30 61
7 2 29 61
2 2 26 63
4 2 26 67
1 2 26 66
3 3 26 68
8 2 26 70
3 2 26 72
2 2 27 73
6 2 27 73
2 2 26 72
5 2 26 73
6 2 26 75
3 2 26 76
7 2 26 76
2 3 26 78
6 3 26 81
2 3 27 80
5 2 26 90
2 3 26 94
7 2 26 93
1 2 28 94
7 2 28 93
8 2 29 94
8 2 26 94
6 3 25 3
8 2 25 5
6 2 25 10
7 2 25 10
1 2 26 9
5 2 25 10
5 2 26 9
3 2 25 12
1 2 25 14
3 3 25 17
8 3 25 16
7 2 25 22
6 2 25 25
7 2 25 24
6 2 26 23
7 2 26 25
5 4 26 26
1 2 25 24
4 3 25 25
5 3 25 33
2 3 25 33
6 2 25 41
7 2 27 40
4 2 25 44
6 2 25 53
5 2 28 52
3 2 28 52
3 2 25 56
4 2 25 58
6 2 25 63
5 2 25 63
6 2 25 64
4 3 25 69
6 3 25 71
8 2 25 76
4 2 25 79
7 4 25 80
3 2 25 83
6 3 25 88
4 3 25 87
3 2 29 86
6 2 29 87
4 2 25 92
1 3 24 3
8 3 24 8
7 2 24 18
1 3 24 23
3 2 24 30
5 2 28 31
8 2 25 29
6 2 27 30
4 2 27 31
2 2 27 32
8 2 26 28
7 3 26 28
2 2 26 29
7 2 26 30
5 4 25 30
1 2 25 28
4 2 24 28
8 2 24 30
1 2 24 31
3 2 24 32
7 2 24 33
4 2 24 33
6 3 24 36
2 3 24 39
2 5 24 46
6 2 24 55
3 3 24 59
4 2 24 66
2 2 24 66
6 2 24 79
2 2 24 86
5 2 28 85
5 3 24 87
7 2 24 90
6 3 24 95
3 2 25 95
1 2 25 96
6 2 24 98
7 2 23 1
8 3 23 3
6 2 23 8
6 2 24 7
1 2 23 20
8 2 23 22
5 3 23 23
2 2 23 25
5 2 23 30
3 6 23 36
5 2 23 45
7 2 23 46
5 3 23 48
8 2 29 49
1 2 26 49
6 2 24 48
4 2 23 49
7 3 23 51
8 2 25 52
2 2 23 52
4 2 25 53
5 2 25 54
8 2 23 54
3 4 23 56
6 2 23 58
2 3 23 57
2 2 23 60
4 7 23 61
3 2 23 69
8 3 23 74
3 2 23 78
7 3 23 88
4 2 23 94
3 2 23 95
5 2 23 96
6 2 22 2
8 3 22 9
6 2 22 11
8 3 22 12
1 2 22 15
4 2 24 15
6 2 22 19
3 2 22 20
2 2 22 19
4 2 22 28
3 2 22 29
1 3 22 29
1 2 22 33
6 2 22 33
1 2 22 39
6 2 22 40
1 3 22 45
6 2 23 43
3 2 23 42
8 2 22 61
2 2 22 62
2 2 23 63
4 2 22 68
7 2 22 72
6 4 22 75
4 3 22 85
6 2 24 84
7 2 25 85
8 2 24 84
1 2 24 85
6 4 22 90
8 2 22 92
7 2 22 93
3 2 23 92
8 2 24 91
2 2 22 94
6 3 22 97
8 4 22 99
2 2 22 99
3 2 21 2
5 2 21 3
4 2 21 3
7 3 21 6
5 3 21 11
7 2 21 13
3 2 21 18
1 2 21 18
6 3 21 22
3 2 22 24
2 3 21 21
5 2 21 20
1 2 21 27
5 2 21 26
4 2 21 25
7 2 21 26
2 3 21 28
6 2 21 29
3 7 21 40
8 2 22 42
5 2 22 42
8 2 21 38
7 2 21 44
5 2 21 46
6 2 23 46
3 2 23 46
1 2 23 47
8 2 22 46
6 2 21 47
1 2 21 49
7 2 21 53
3 4 21 58
7 3 21 61
3 2 21 62
5 2 21 63
6 4 21 72
5 2 21 76
8 2 21 82
5 2 21 81
6 2 22 80
8 2 23 79
6 3 21 86
2 2 21 89
3 2 21 92
6 4 21 93
4 4 21 98
4 2 20 1
1 2 20 4
4 3 20 7
4 2 23 8
3 3 20 6
4 2 22 5
1 2 21 8
8 3 20 8
6 2 20 8
2 2 20 8
1 2 20 8
6 2 20 16
1 3 20 21
7 3 20 28
6 2 20 32
5 2 20 33
1 2 20 36
8 2 20 35
8 2 20 41
3 2 20 45
5 3 20 48
2 2 20 48
7 2 20 50
6 4 20 49
8 2 20 62
2 2 20 70
6 2 20 69
8 2 24 68
5 2 24 67
2 2 24 69
1 3 20 69
7 3 20 70
5 2 20 71
3 2 20 75
7 2 20 75
2 2 20 77
5 2 22 77
6 3 20 79
1 2 22 79
2 3 22 79
3 4 21 79
7 2 21 80
1 4 20 81
5 2 24 81
2 2 22 81
7 2 23 82
4 2 22 81
2 4 20 87
6 2 21 84
7 2 20 84
1 3 20 88
5 2 20 91
4 3 20 91
1 2 20 91
2 2 19 7
5 5 19 9
3 3 19 12
7 2 19 17
2 3 19 20
3 3 19 25
5 3 19 24
8 2 19 26
4 3 19 31
3 2 19 35
3 2 20 34
1 2 19 36
6 3 19 53
6 4 19 57
1 2 19 56
3 2 19 61
5 2 19 63
7 2 20 64
8 2 19 67
6 2 21 66
1 2 19 73
4 3 19 76
5 2 19 92
3 2 19 92
5 2 19 94
4 2 19 96
7 2 20 96
3 2 20 97
6 2 19 98
2 2 19 100
3 3 18 1
5 2 18 3
2 2 19 4
8 3 18 10
1 2 18 16
6 2 20 16
2 2 18 15
6 2 23 14
7 2 18 23
4 2 19 22
3 4 18 29
1 2 18 30
7 2 18 35
7 2 18 40
7 3 18 47
4 3 18 45
5 2 18 47
4 2 18 53
1 2 18 54
7 2 18 56
8 2 18 59
1 2 18 60
8 2 18 63
7 2 20 62
4 2 19 62
2 3 18 72
4 4 18 73
2 2 18 74
1 3 18 75
8 2 18 77
6 2 18 85
6 9 18 87
4 3 18 89
7 2 18 95
6 2 18 97
6 3 18 100
5 2 20 99
8 2 17 2
2 3 17 6
6 2 19 5
4 6 17 14
4 2 19 13
6 3 17 12
5 2 17 14
4 3 17 22
2 2 17 27
2 2 17 31
4 2 17 33
2 4 17 36
8 2 17 34
5 2 17 34
8 5 17 41
6 2 18 38
7 2 18 37
4 3 18 38
3 2 17 38
7 2 17 41
2 2 17 42
8 2 19 43
4 2 19 43
7 2 18 42
1 2 19 43
1 2 17 46
6 2 17 47
7 2 19 48
8 2 18 48
3 2 18 48
1 3 17 49
7 2 17 52
7 3 17 58
5 3 17 57
6 2 17 59
6 4 17 63
4 3 17 69
3 2 17 72
1 2 17 73
7 2 17 82
8 2 18 81
5 2 18 81
3 7 17 81
3 2 19 83
1 2 19 84
2 2 19 85
1 2 18 85
5 3 17 84
8 4 17 90
1 2 17 94
5 2 17 96
2 2 17 96
3 4 16 5
3 2 18 4
2 2 16 10
7 2 16 10
5 2 16 20
6 2 16 22
5 3 16 23
1 2 16 27
3 4 16 41
1 3 16 41
8 2 16 41
2 2 16 44
5 2 17 44
7 2 16 45
4 3 16 53
3 2 16 54
4 2 17 55
8 2 16 56
8 2 18 55
7 2 16 55
5 2 16 56
4 2 16 57
8 2 16 62
1 2 16 64
4 2 16 65
3 2 16 68
7 5 16 70
2 3 16 81
1 2 16 81
2 2 16 87
3 2 16 92
1 2 16 96
8 2 15 14
3 2 15 15
4 3 15 23
8 2 16 25
1 2 16 26
2 2 15 24
7 2 15 31
3 2 15 34
5 2 15 35
7 2 15 44
5 7 15 49
4 2 20 50
7 2 18 50
8 2 16 50
1 2 19 51
8 2 19 52
6 2 18 52
5 2 18 51
7 2 15 51
3 2 15 50
1 2 15 55
4 6 15 64
7 2 20 65
8 2 20 65
4 2 20 66
3 2 18 65
6 2 16 65
2 5 15 68
5 2 15 67
5 2 15 79
6 4 15 80
7 2 15 84
3 2 15 89
3 2 17 89
2 2 15 97
7 2 15 99
4 2 15 100
6 2 14 2
3 2 15 2
5 3 15 1
4 4 14 11
8 3 14 12
8 2 14 25
2 3 14 27
6 2 14 27
1 2 14 33
8 2 15 32
8 2 16 31
3 2 14 46
4 3 14 49
2 2 14 53
5 2 15 52
1 2 14 57
7 2 14 60
7 2 14 67
6 2 15 68
3 2 15 69
1 2 14 66
2 3 14 65
4 2 14 67
5 2 14 71
6 3 14 71
2 3 14 71
4 2 14 70
2 3 14 81
8 2 14 82
1 2 14 83
1 2 14 85
2 7 14 93
1 2 14 97
8 3 13 5
2 2 13 11
5 2 13 12
2 2 13 20
6 2 16 19
5 2 18 18
8 2 18 17
4 2 18 17
4 2 16 18
8 2 13 19
8 2 14 18
6 2 13 18
2 2 15 17
5 2 17 16
3 2 13 17
5 2 13 16
8 2 15 15
1 3 13 18
4 2 15 17
2 3 13 18
3 3 13 20
6 2 13 21
3 2 13 31
7 2 13 30
8 2 14 29
2 2 13 39
2 2 13 43
8 3 13 44
7 2 13 47
3 2 13 47
6 2 13 49
3 2 13 51
7 2 13 53
7 3 13 57
2 2 13 58
7 2 13 62
5 2 16 61
2 2 13 62
3 2 15 61
4 4 13 62
8 2 13 65
1 2 13 73
4 2 13 86
3 4 13 87
1 2 14 87
7 2 13 91
1 2 15 90
4 2 13 91
4 2 14 90
2 2 14 90
7 2 14 91
2 3 13 91
8 3 13 93
6 3 13 95
5 4 13 96
3 4 12 10
1 2 12 15
5 2 12 24
3 8 12 26
4 2 12 21
8 2 12 27
7 2 12 28
5 2 12 30
4 2 12 29
1 3 12 29
2 5 12 32
7 2 12 41
1 2 12 42
6 2 12 43
3 2 12 57
8 2 12 58
3 4 12 63
6 2 12 63
6 3 12 66
3 2 12 69
8 2 12 69
5 2 12 70
4 3 12 71
5 7 12 73
8 2 16 75
1 2 12 84
1 4 12 89
8 2 12 88
7 2 12 89
7 3 12 94
7 2 12 96
6 3 12 98
2 2 18 99
6 3 11 1
6 2 11 9
2 2 13 8
1 4 11 10
3 2 11 12
7 2 11 18
5 2 15 17
3 2 15 17
6 2 13 17
7 2 13 18
1 5 11 22
2 3 11 42
4 2 11 43
6 2 11 56
3 2 12 55
1 2 11 55
5 5 11 61
1 2 14 60
6 2 14 61
6 2 11 76
1 2 16 77
4 2 16 77
2 2 16 78
3 3 15 75
6 2 15 77
5 2 15 78
7 2 11 80
4 2 11 81
3 2 13 80
7 2 11 84
5 3 11 90
8 2 11 91
4 2 11 92
6 2 11 93
4 2 11 99
5 2 10 8
4 2 10 8
7 3 10 10
6 2 10 10
7 4 10 15
2 2 14 14
3 2 12 14
5 4 10 20
1 2 12 20
8 2 10 23
2 2 10 26
6 2 10 37
3 2 11 36
1 2 15 37
4 2 13 37
8 3 10 39
5 2 13 37
3 2 10 40
3 2 11 39
7 3 10 42
8 3 10 53
2 2 11 52
5 2 11 52
8 3 10 57
1 2 10 59
1 2 10 64
2 4 10 66
5 2 12 67
1 2 10 67
1 4 10 70
8 2 10 73
5 2 10 77
3 2 10 80
6 2 10 79
2 2 11 78
5 2 11 77
3 2 10 78
8 3 10 79
3 3 10 83
7 2 10 82
8 2 10 88
8 2 10 100
3 2 14 99
2 3 9 2
5 2 16 3
4 2 15 3
8 2 15 3
1 2 15 3
6 3 14 3
7 3 12 1
8 2 9 10
5 2 9 12
8 2 9 13
2 2 9 16
6 2 9 18
8 2 9 19
2 4 9 22
8 2 9 32
4 5 9 36
3 2 12 35
8 2 9 36
7 2 11 35
1 2 9 37
4 2 9 40
8 3 9 43
8 3 9 49
1 2 9 50
7 3 9 62
6 2 9 69
3 2 9 72
4 6 9 73
2 2 14 74
5 2 13 74
1 2 13 75
7 2 10 74
3 2 10 74
1 2 9 77
1 2 9 80
5 3 9 81
7 2 9 84
7 4 9 91
7 2 9 97
6 2 9 97
7 2 10 96
8 2 10 97
1 3 9 98
5 2 9 100
1 2 15 99
3 2 8 5
8 2 10 5
5 2 14 6
6 2 13 6
1 2 13 6
7 2 13 6
3 2 13 7
4 2 10 5
2 2 9 5
4 6 8 6
6 2 10 6
7 2 10 7
2 5 8 12
4 3 8 17
1 2 8 18
7 7 8 20
7 3 8 25
3 2 10 27
6 2 10 27
2 2 10 28
4 2 10 29
5 2 8 29
2 2 8 30
5 3 8 31
2 2 13 32
8 3 13 32
4 5 8 32
8 2 8 34
7 3 8 58
6 5 8 76
5 2 8 80
3 3 8 81
6 2 8 83
2 2 8 88
4 3 8 87
1 2 8 89
6 3 8 89
7 4 8 99
8 2 7 2
2 2 10 1
6 2 7 1
3 3 7 6
8 3 7 21
5 2 7 26
3 3 7 32
3 2 7 37
6 2 8 36
8 3 8 37
6 2 7 50
2 2 7 49
5 4 7 54
1 2 7 54
1 2 8 53
8 2 7 61
8 2 8 61
8 7 7 65
7 3 7 67
7 4 7 75
1 2 10 77
1 2 8 74
6 2 8 74
2 2 8 75
3 3 7 78
7 4 7 80
2 2 7 81
7 2 7 83
5 2 7 87
1 2 9 86
8 2 7 89
3 2 7 99
5 3 6 2
7 6 6 5
8 2 6 8
8 2 6 15
5 3 6 14
6 2 6 13
1 2 10 12
4 2 8 12
7 2 6 12
1 2 6 11
5 2 6 18
8 2 6 24
4 2 6 28
2 3 6 27
1 2 6 27
8 2 6 29
5 2 6 34
3 2 9 34
5 2 6 37
3 2 6 44
8 2 10 45
6 2 10 46
2 2 10 47
6 2 8 43
3 2 9 44
7 2 9 45
1 3 8 44
3 2 7 45
6 2 6 44
4 3 6 45
3 2 7 47
2 2 6 45
6 2 6 47
5 2 6 48
8 2 10 47
2 2 6 47
5 3 6 46
1 2 6 46
4 4 6 51
2 2 6 54
3 2 6 55
1 3 6 63
1 4 6 68
8 3 6 71
8 2 7 70
4 2 6 70
6 3 6 71
1 4 6 74
6 2 7 75
6 4 6 83
4 2 6 83
4 2 6 90
4 8 6 93
7 2 7 95
3 2 6 94
1 2 7 95
8 2 8 94
4 2 8 95
3 2 7 96
2 4 5 1
1 2 5 7
7 2 5 8
8 2 5 12
7 2 7 12
6 2 6 12
2 3 5 15
6 4 5 16
7 2 5 17
6 2 5 22
6 3 5 28
2 2 5 34
7 2 6 33
1 2 6 33
5 2 6 34
2 2 7 35
8 2 5 36
7 3 5 37
8 2 5 48
7 2 5 50
3 2 5 54
3 2 5 58
3 2 5 69
7 2 5 73
8 3 5 76
8 4 5 80
4 3 5 80
2 2 5 83
1 2 5 83
5 2 5 88
7 2 5 97
3 2 5 98
4 3 6 97
6 2 6 97
2 5 5 96
1 2 4 2
7 2 4 1
4 2 4 1
3 3 4 3
6 2 4 6
2 2 4 5
3 2 4 12
4 2 6 11
1 2 4 13
3 2 4 15
8 2 4 17
7 4 4 23
5 2 6 23
4 2 4 27
5 4 4 30
1 2 4 35
6 2 4 34
5 3 4 42
2 2 5 42
3 2 5 41
2 2 9 40
6 4 9 39
4 2 5 41
8 2 4 41
1 3 4 48
1 7 4 55
7 2 4 54
3 2 4 60
4 3 4 59
3 3 7 59
5 2 6 59
2 2 4 58
2 2 5 59
2 2 4 63
5 2 4 65
6 2 4 64
4 3 4 64
2 3 4 69
3 2 6 67
1 3 4 71
3 2 4 72
6 4 4 78
4 2 4 83
1 2 4 85
4 2 9 85
2 2 4 86
5 2 7 85
4 2 12 86
5 2 12 86
2 2 12 87
6 2 4 87
3 4 3 2
6 2 3 4
6 3 3 13
8 2 3 15
8 3 3 21
2 2 3 34
4 2 3 35
1 2 3 42
4 2 3 46
6 3 3 56
6 2 3 60
3 2 4 59
6 2 3 62
3 2 3 65
4 2 3 67
1 2 3 72
7 2 3 75
7 2 6 74
3 2 5 74
5 2 3 74
7 2 3 85
2 2 5 85
3 2 3 84
5 3 3 83
5 2 3 89
6 2 3 89
3 3 3 88
8 2 3 89
1 2 2 3
5 2 2 6
4 2 2 7
1 2 2 8
5 3 2 11
8 2 2 14
3 2 2 15
5 2 2 24
4 2 5 25
3 2 2 27
1 2 2 30
2 2 2 29
7 2 2 37
5 2 2 54
4 2 2 55
1 2 2 67
3 2 2 67
1 2 3 66
7 2 3 67
2 2 4 67
4 2 4 67
8 2 2 67
8 2 2 70
2 2 5 70
5 3 2 70
4 2 2 76
5 2 3 77
8 3 2 78
1 3 2 89
7 2 2 92
4 2 7 91
1 3 7 92
6 3 6 90
3 2 6 90
1 2 4 91
3 2 3 91
1 3 2 98
8 2 1 2
2 2 1 2
6 2 4 1
4 2 4 2
5 3 4 3
4 2 1 13
7 2 1 18
8 2 5 19
4 2 5 20
4 2 1 22
1 2 3 23
6 2 4 24
6 3 1 25
7 2 3 24
3 2 3 25
8 2 1 27
5 2 1 39
4 2 1 44
4 2 1 47
8 2 4 48
2 2 1 51
2 2 4 50
1 2 3 50
6 2 1 56
6 2 1 69
3 2 2 70
7 2 2 70
6 2 1 71
1 2 1 73
8 4 1 80
7 2 1 84
5 4 1 92
5 2 4 91
