2685
2342
4 2 2501 1
4 2 4998 1
8 2 4970 1
5 3 4970 1
1 2 4994 1
3 2 4994 2
6 2 4993 1
3 2 4991 1
2 2 4983 1
8 2 4982 1
5 2 4982 2
7 2 4988 1
4 2 4986 1
2 2 4985 1
3 3 4985 1
6 2 4976 1
1 2 4973 1
5 2 4973 1
8 2 4972 1
1 2 4957 1
4 2 4952 1
7 2 4950 1
7 2 4936 1
4 2 4930 1
5 2 4929 1
3 2 4928 1
2 2 4928 1
2 2 4955 1
4 2 4955 1
1 2 4953 1
6 2 4934 1
4 2 4931 1
3 2 4929 1
2 2 4929 1
4 2 4954 1
5 2 4952 1
1 2 4952 2
2 2 4949 1
7 2 4949 1
6 2 4948 1
1 2 4941 1
4 2 4934 1
7 2 4929 1
4 2 4920 1
8 2 4915 1
4 2 4914 1
1 2 4900 1
2 2 4900 1
8 2 4942 1
2 2 4935 1
1 2 4930 1
1 2 4917 1
3 2 4913 1
1 2 4909 1
3 2 4909 1
2 2 4935 1
6 2 4935 1
3 2 4924 1
8 2 4924 2
1 2 4917 1
5 2 4901 1
6 2 4889 1
2 2 4889 1
5 2 4919 1
1 2 4910 1
5 2 4906 1
7 2 4900 1
4 2 4900 2
4 2 4915 1
7 2 4915 1
5 2 4914 1
8 3 4913 1
8 2 4918 1
1 2 4912 1
2 2 4913 1
5 2 4912 1
7 2 4912 1
1 2 4888 1
2 2 4882 1
4 2 4882 2
7 2 4903 1
6 2 4903 1
1 2 4881 1
6 2 4880 1
8 2 4875 1
8 2 4862 1
7 2 4853 1
2 2 4842 1
5 2 4821 1
8 2 4820 1
6 2 4820 2
6 2 4887 1
8 2 4887 2
5 2 4885 1
3 2 4875 1
2 2 4869 1
6 2 4857 1
5 2 4856 1
1 2 4796 1
6 2 4790 1
5 2 4790 2
3 2 4881 1
8 2 4881 2
5 2 4880 2
8 2 4879 2
2 2 4874 1
8 2 4874 2
4 2 4874 1
3 4 4874 2
1 2 4881 1
7 3 4881 2
7 2 4881 1
2 2 4880 1
6 2 4879 1
5 2 4872 1
8 2 4872 2
6 2 4866 1
5 2 4866 2
4 2 4858 1
3 2 4847 1
4 2 4841 1
6 2 4832 1
2 2 4825 1
5 2 4820 1
8 2 4819 1
4 2 4815 1
2 2 4793 1
3 2 4793 1
2 2 4838 1
1 2 4825 1
7 2 4813 1
5 2 4793 2
3 2 4812 1
2 2 4812 2
8 2 4847 1
3 2 4847 1
1 2 4846 1
1 2 4834 1
5 2 4832 1
6 2 4832 2
5 2 4839 1
2 2 4839 1
7 2 4839 2
8 2 4819 1
5 3 4819 2
1 2 4844 1
3 2 4844 2
3 2 4837 1
5 2 4833 1
3 2 4825 1
5 2 4821 1
7 2 4817 1
6 2 4817 1
3 2 4825 1
4 2 4816 1
7 2 4789 1
3 2 4773 1
8 2 4770 1
4 2 4769 1
1 3 4769 2
1 2 4808 1
3 2 4808 2
6 2 4823 1
1 2 4817 1
2 2 4810 1
6 2 4804 1
1 2 4793 1
6 2 4789 1
8 2 4787 1
1 2 4786 1
4 2 4776 1
6 2 4775 1
2 2 4772 1
6 2 4768 1
4 2 4797 1
8 2 4788 1
4 2 4782 1
4 2 4778 1
1 2 4778 1
4 2 4811 1
5 2 4774 1
8 2 4774 1
8 2 4801 1
7 2 4801 1
6 2 4799 1
2 2 4799 1
7 2 4798 1
5 2 4797 1
8 2 4797 1
3 2 4795 1
7 2 4768 2
2 2 4765 1
3 2 4739 1
7 2 4739 2
3 2 4770 1
7 2 4770 1
2 2 4770 2
4 2 4767 1
5 2 4767 1
7 2 4767 1
8 2 4767 1
1 2 4763 1
8 2 4728 1
2 2 4727 1
1 2 4727 2
8 2 4759 1
4 2 4752 1
7 2 4752 2
8 2 4751 2
5 2 4764 1
1 2 4745 1
8 2 4745 2
4 2 4775 1
8 2 4775 1
7 2 4774 1
3 2 4743 1
8 2 4734 1
3 2 4724 1
2 2 4723 1
4 2 4702 1
3 2 4689 1
5 2 4681 1
7 2 4681 1
8 2 4711 1
2 2 4711 2
8 2 4675 1
5 2 4674 1
2 2 4672 1
5 2 4671 1
8 2 4655 1
1 2 4650 1
8 2 4644 1
2 2 4643 1
8 2 4636 1
7 2 4636 2
4 2 4749 1
6 2 4749 2
7 2 4745 1
3 2 4730 1
6 2 4730 1
3 2 4742 1
8 2 4721 1
2 2 4721 2
5 2 4723 1
1 2 4722 1
8 2 4722 2
4 2 4738 1
2 2 4738 1
1 2 4738 2
1 2 4728 1
5 3 4728 2
3 2 4736 1
3 2 4727 2
7 2 4740 1
2 2 4740 1
4 2 4740 2
6 2 4726 2
5 2 4721 1
4 2 4721 2
3 2 4709 1
4 2 4708 1
5 2 4701 1
3 2 4666 1
4 2 4664 1
8 2 4646 1
5 3 4646 2
3 2 4723 1
1 2 4723 2
2 2 4718 1
3 2 4713 1
6 2 4713 1
3 2 4717 1
5 2 4717 2
1 2 4713 2
6 2 4703 1
1 2 4698 1
5 2 4692 1
5 2 4687 1
7 2 4680 1
2 2 4677 1
4 2 4677 2
1 2 4705 1
6 2 4705 2
5 2 4703 1
2 2 4703 1
2 2 4694 1
5 2 4694 2
4 2 4697 1
4 2 4688 1
1 2 4676 2
1 2 4697 1
3 2 4696 1
1 2 4685 1
4 2 4685 1
8 2 4682 1
3 3 4682 2
7 2 4690 1
4 2 4690 1
7 2 4689 1
7 2 4682 1
2 2 4675 1
4 2 4663 1
1 2 4661 1
6 3 4661 2
5 2 4672 1
3 2 4662 1
6 2 4661 1
5 2 4657 1
2 2 4654 1
5 2 4654 2
6 2 4675 1
5 2 4674 1
2 2 4655 1
4 2 4655 1
1 2 4649 1
8 2 4649 2
3 2 4645 1
2 2 4645 1
4 2 4645 2
6 2 4634 1
8 2 4600 1
3 2 4596 1
2 3 4596 1
6 2 4659 1
1 2 4659 1
4 2 4660 1
2 4 4660 1
7 2 4658 2
1 2 4645 1
7 3 4645 1
3 2 4641 1
1 2 4639 1
7 2 4639 1
5 2 4639 1
2 2 4639 1
8 2 4648 1
1 2 4619 1
3 2 4613 1
7 2 4610 1
7 2 4603 1
5 2 4601 1
7 2 4598 1
1 2 4595 1
5 2 4639 1
3 2 4639 1
8 2 4639 2
2 2 4631 1
2 2 4620 1
6 2 4619 1
2 2 4608 1
4 2 4594 1
7 2 4591 1
1 2 4590 1
2 2 4590 1
7 2 4624 1
5 2 4621 1
6 2 4621 1
8 2 4632 1
7 2 4632 1
5 2 4631 1
2 2 4631 1
6 2 4624 1
6 2 4597 1
8 2 4597 2
2 2 4596 1
4 2 4577 1
5 2 4561 1
1 2 4561 2
4 2 4615 1
3 2 4615 2
5 2 4597 1
6 2 4586 1
8 2 4559 1
7 2 4524 1
1 2 4524 2
1 2 4613 1
7 2 4601 1
5 2 4601 1
7 2 4611 1
2 2 4559 1
6 2 4523 1
5 2 4522 1
4 2 4522 1
1 2 4603 1
4 2 4595 1
2 3 4521 1
2 2 4604 1
7 2 4604 1
7 2 4592 1
3 2 4586 1
1 2 4582 1
7 2 4574 1
1 3 4574 2
8 2 4582 1
1 2 4582 1
3 2 4588 1
4 2 4572 1
5 2 4571 1
2 2 4562 1
5 2 4559 1
1 2 4542 1
7 2 4536 1
2 2 4536 1
5 2 4572 1
8 2 4572 1
8 2 4542 1
7 2 4540 1
4 2 4540 2
6 2 4539 2
1 2 4556 1
5 3 4556 2
7 2 4544 1
3 2 4536 2
4 2 4564 1
7 2 4564 2
6 2 4574 1
3 2 4551 1
7 2 4546 1
1 2 4535 1
8 2 4535 2
6 2 4525 1
3 2 4521 2
2 2 4558 1
1 2 4558 2
1 2 4559 1
7 2 4559 2
3 2 4556 1
2 2 4555 1
8 2 4555 1
7 2 4548 1
1 2 4529 1
2 2 4516 1
3 2 4510 1
2 2 4509 1
3 2 4498 1
2 2 4481 1
6 2 4480 1
5 2 4476 1
5 2 4472 1
3 2 4471 1
1 2 4467 1
4 3 4467 1
4 2 4544 1
8 2 4543 1
2 2 4539 1
8 2 4526 1
2 2 4523 1
7 2 4512 1
4 2 4512 1
5 2 4528 1
7 2 4511 1
5 2 4534 1
4 2 4517 1
6 2 4507 1
6 2 4497 1
3 2 4481 1
7 2 4480 1
4 2 4480 2
5 2 4479 1
6 2 4469 1
8 2 4467 1
1 2 4463 1
2 2 4461 1
8 2 4450 1
5 2 4449 1
5 2 4442 1
4 2 4423 1
3 2 4404 1
2 2 4402 1
1 2 4397 1
3 2 4377 1
5 2 4363 1
4 2 4361 1
4 2 4352 1
4 2 4341 1
7 2 4336 1
5 2 4330 1
2 2 4330 2
2 2 4486 1
3 2 4479 1
4 2 4475 1
6 2 4436 1
7 2 4429 1
7 2 4393 1
3 2 4357 1
8 2 4338 1
5 2 4338 1
1 2 4425 1
6 2 4424 1
8 2 4424 1
6 2 4473 1
6 2 4470 1
3 2 4448 1
7 2 4445 1
6 2 4445 2
8 2 4469 1
1 2 4469 2
2 2 4440 1
3 2 4438 1
1 2 4432 1
6 2 4337 1
1 2 4334 1
6 2 4324 1
7 2 4316 1
6 2 4316 1
2 2 4436 1
5 2 4435 1
7 2 4396 1
2 2 4387 1
6 2 4380 1
2 2 4377 1
5 2 4377 1
7 2 4438 1
5 2 4438 2
3 2 4437 2
2 2 4437 1
5 2 4437 2
5 2 4447 1
2 2 4447 2
3 2 4459 1
2 2 4452 1
4 2 4452 2
5 2 4457 1
6 2 4457 1
1 2 4451 2
1 2 4447 1
7 2 4447 1
2 2 4418 1
3 2 4414 1
6 2 4412 1
1 2 4407 1
8 2 4399 1
7 2 4388 1
1 2 4386 1
4 2 4374 1
7 2 4363 1
6 2 4361 1
5 3 4361 1
4 2 4434 1
8 2 4434 2
2 2 4434 1
6 2 4432 1
1 2 4432 1
3 2 4432 2
7 2 4430 1
8 2 4429 1
6 2 4429 1
1 2 4423 1
8 2 4420 1
6 2 4412 1
5 2 4412 2
1 2 4422 1
3 2 4407 1
6 2 4397 1
5 2 4393 1
2 2 4391 1
7 2 4389 1
3 2 4379 1
5 2 4378 1
6 2 4378 1
7 2 4403 1
7 2 4383 1
3 2 4383 1
3 2 4413 1
5 2 4413 1
4 2 4413 2
1 2 4405 1
3 2 4394 1
4 2 4387 1
4 2 4360 1
3 2 4344 1
2 2 4344 2
4 2 4372 1
3 2 4371 1
7 2 4368 1
5 2 4366 1
1 2 4361 1
4 2 4361 2
8 2 4395 1
6 2 4395 2
4 2 4396 1
1 2 4396 2
3 2 4394 2
4 2 4393 1
3 2 4379 1
8 2 4379 1
5 2 4342 1
7 2 4334 1
3 2 4334 2
5 2 4361 1
5 2 4333 1
2 2 4331 1
2 2 4316 2
7 2 4385 1
6 2 4379 1
4 2 4379 1
8 3 4378 1
4 2 4377 1
3 2 4384 1
2 2 4378 1
5 2 4374 1
7 2 4374 2
2 2 4373 1
1 2 4373 1
1 2 4369 1
5 2 4369 1
7 2 4357 1
3 2 4348 1
7 2 4335 1
4 2 4314 1
5 2 4314 1
1 2 4333 1
8 2 4313 1
1 2 4310 1
8 2 4308 1
2 2 4302 1
7 2 4302 1
6 2 4359 1
7 2 4359 2
5 2 4340 1
6 2 4337 1
3 2 4320 1
3 2 4304 1
1 2 4301 1
3 2 4341 1
8 2 4341 1
8 2 4352 1
3 2 4334 1
8 2 4316 1
3 2 4316 2
2 2 4257 1
5 2 4241 1
8 2 4229 1
8 2 4226 1
1 2 4224 1
7 3 4224 1
6 2 4343 1
5 2 4343 2
2 2 4341 1
6 2 4341 2
5 2 4340 2
3 2 4337 1
2 2 4337 2
1 2 4332 1
6 2 4332 2
8 2 4327 1
7 2 4322 1
6 2 4320 1
5 2 4320 1
5 2 4323 1
8 2 4320 2
6 2 4318 1
4 2 4317 1
6 2 4309 1
2 3 4309 2
5 2 4324 1
4 3 4324 1
1 2 4314 1
7 2 4301 1
4 2 4301 1
2 2 4301 2
4 2 4295 1
7 2 4291 1
1 2 4286 1
3 2 4277 1
1 3 4277 1
3 2 4299 1
2 2 4280 1
8 2 4280 1
8 2 4309 1
7 2 4288 1
5 2 4286 1
6 2 4286 1
7 2 4307 1
1 2 4307 2
3 2 4287 1
1 2 4264 1
2 2 4260 1
5 2 4257 1
5 2 4251 1
2 2 4245 1
4 2 4224 1
4 2 4212 1
7 2 4212 2
8 2 4279 1
6 2 4263 1
3 2 4261 1
4 3 4261 2
1 2 4276 1
6 2 4259 1
4 2 4255 1
4 2 4250 1
6 2 4250 2
4 2 4272 1
6 2 4265 1
7 2 4264 1
4 2 4264 1
5 2 4264 2
5 2 4253 1
4 2 4226 1
2 2 4223 1
5 2 4220 1
8 2 4211 2
5 2 4254 1
8 2 4252 1
6 2 4250 1
5 2 4234 1
4 2 4231 1
3 2 4230 1
8 2 4230 2
4 2 4250 1
2 2 4250 1
7 2 4249 1
1 2 4248 1
2 2 4248 1
7 2 4242 1
8 2 4242 1
1 2 4241 1
5 2 4240 1
5 2 4237 1
4 2 4235 1
1 2 4235 1
4 2 4256 1
2 2 4255 1
2 2 4232 1
2 2 4225 1
1 2 4223 1
8 3 4223 2
3 2 4229 1
1 2 4228 1
6 2 4228 2
3 2 4222 1
8 2 4226 1
7 2 4224 1
5 2 4208 1
6 2 4195 1
8 2 4192 1
6 2 4190 1
4 2 4185 1
7 2 4185 2
4 2 4178 1
1 2 4177 1
6 2 4177 1
2 2 4180 1
8 2 4175 1
6 2 4174 1
6 2 4132 1
3 2 4130 1
5 2 4129 1
6 2 4128 1
7 2 4121 1
4 2 4106 1
5 2 4106 2
8 2 4170 1
2 2 4119 1
2 2 4100 1
2 2 4091 1
4 2 4074 1
7 2 4069 1
3 2 4069 2
4 2 4211 1
7 2 4192 1
8 2 4192 1
5 3 4192 2
3 2 4185 1
8 2 4185 2
7 2 4192 1
3 2 4192 2
3 2 4187 1
2 2 4171 1
3 2 4171 2
1 2 4198 1
8 2 4198 1
6 2 4189 1
3 2 4189 2
2 2 4178 1
3 2 4178 1
1 2 4168 1
7 2 4168 2
7 2 4133 1
6 2 4133 2
4 2 4177 1
3 2 4170 1
6 2 4141 1
8 2 4141 2
6 2 4178 1
6 2 4165 1
4 2 4145 1
1 2 4145 1
3 2 4143 1
7 2 4108 1
7 2 4060 1
4 2 4060 1
5 2 4171 1
1 2 4171 1
2 2 4171 1
4 2 4169 1
5 2 4169 1
8 2 4168 1
4 2 4159 1
4 2 4065 1
5 2 4065 1
7 2 4166 1
6 2 4109 1
8 2 4085 1
6 2 4084 1
4 2 4077 1
8 2 4077 1
8 2 4160 1
5 2 4147 1
3 3 4147 1
2 2 4158 1
3 2 4158 2
8 2 4152 1
1 3 4152 2
4 2 4151 2
8 2 4129 1
2 2 4099 1
8 2 4099 1
7 2 4140 1
6 2 4134 1
7 2 4122 1
2 2 4096 1
1 2 4096 2
8 2 4130 1
5 2 4084 1
1 3 4084 1
5 2 4137 1
7 3 4137 1
6 2 4136 1
1 2 4135 1
2 2 4111 1
7 2 4111 2
5 2 4133 1
4 2 4133 1
2 2 4133 2
1 2 4132 1
4 2 4125 1
5 2 4124 1
7 2 4124 1
2 3 4123 1
3 2 4127 1
6 2 4122 1
4 2 4121 1
3 2 4118 1
1 2 4118 2
7 2 4119 1
5 2 4113 1
3 2 4110 2
5 2 4093 1
6 2 4088 1
4 2 4083 2
5 2 4102 1
2 2 4102 1
8 2 4096 1
3 3 4096 2
5 2 4109 1
2 2 4109 1
8 2 4109 2
8 2 4101 1
2 2 4101 1
1 2 4101 2
2 2 4082 2
4 2 4106 1
8 2 4100 1
2 2 4092 1
5 2 4081 2
5 2 4099 1
6 2 4090 1
4 2 4090 1
3 2 4081 1
1 3 4077 2
1 2 4086 1
4 2 4074 1
1 2 4073 1
2 2 4066 1
6 2 4066 1
7 2 4070 1
8 2 4069 1
1 3 4064 1
4 2 4063 1
8 2 4052 1
6 2 4046 1
7 2 4025 1
4 2 4025 2
5 2 4061 1
6 2 4049 1
6 2 4022 1
3 2 4022 1
7 2 4017 1
5 2 4017 1
1 2 4075 1
7 2 4049 1
3 2 4049 1
3 2 4075 1
7 2 4075 1
6 2 4075 2
8 2 4074 1
7 2 4073 1
7 2 4064 1
3 2 4050 1
2 2 4050 1
8 2 4057 1
1 2 4049 2
2 2 4056 1
6 3 4048 1
3 2 4066 1
3 2 4064 1
4 2 4061 1
7 2 4061 1
6 2 4067 1
8 2 4067 1
3 2 4061 2
5 2 4056 1
6 2 4056 2
1 2 4048 1
5 2 4048 2
4 2 4058 1
5 2 4044 1
4 2 4037 1
8 2 4037 1
5 2 4054 1
8 2 4054 1
6 2 4054 2
1 2 4036 1
6 2 4031 1
1 2 4022 1
6 2 4017 2
7 2 4028 1
3 2 4028 2
1 2 4044 1
3 2 4029 1
2 2 4029 1
5 2 4027 2
4 2 4026 1
2 2 4012 1
6 2 4005 1
4 2 4002 1
3 2 4002 1
6 2 4010 1
3 2 4010 1
5 2 4017 1
4 3 4009 1
2 2 4021 1
5 2 4021 2
4 2 4023 1
6 2 4021 1
1 2 4013 1
7 2 4008 2
8 2 4014 1
1 2 4009 1
2 2 3976 1
1 2 3965 1
4 2 3946 1
6 2 3939 1
1 2 3931 1
2 2 3931 1
1 2 3992 1
8 2 3992 1
1 2 4010 1
7 2 4010 1
2 2 4006 1
7 2 4006 1
1 2 3994 1
7 2 3986 1
8 2 3975 1
8 2 3968 1
3 2 3956 1
8 2 3954 1
6 2 3953 1
3 2 3950 1
7 2 3940 1
8 2 3931 1
1 2 3927 1
8 2 3927 2
6 2 3976 1
4 2 3975 1
1 2 3975 2
8 2 3977 1
5 2 3976 1
2 2 3976 2
6 2 3986 1
4 2 3986 1
3 2 3982 1
7 2 3978 1
8 3 3975 1
4 2 3977 1
5 2 3949 1
5 2 3893 1
6 2 3887 1
8 2 3885 1
3 2 3885 2
1 2 3974 1
6 2 3974 1
7 2 3971 1
3 2 3956 1
8 2 3932 1
4 2 3926 1
7 2 3890 1
7 2 3884 1
4 2 3867 1
1 2 3861 1
7 2 3853 1
4 2 3849 1
2 2 3849 1
8 2 3965 1
3 2 3963 1
2 2 3963 2
2 2 3923 1
4 2 3923 1
8 2 3946 1
6 2 3946 1
3 2 3918 1
5 2 3878 1
3 2 3867 1
5 2 3866 1
7 2 3860 1
3 2 3860 2
5 2 3856 1
4 3 3856 1
5 2 3946 1
4 2 3934 1
1 2 3934 2
2 2 3945 1
2 2 3931 1
5 2 3930 1
6 2 3930 2
3 2 3935 1
4 2 3933 1
5 2 3933 1
4 2 3924 1
7 2 3924 1
1 2 3931 1
2 2 3931 2
8 2 3924 2
8 2 3928 1
7 2 3928 2
2 2 3927 2
3 2 3926 2
6 2 3928 1
4 2 3927 1
3 2 3927 2
4 2 3928 1
2 2 3923 1
6 2 3921 1
1 2 3920 1
1 2 3918 1
4 2 3912 1
8 2 3912 1
1 2 3921 1
6 2 3921 1
5 2 3921 1
7 2 3921 1
8 2 3920 1
6 2 3915 1
7 2 3915 2
2 2 3914 1
7 2 3912 2
5 2 3911 1
1 2 3911 2
6 2 3909 1
3 2 3908 1
7 2 3906 1
7 2 3899 1
3 2 3899 1
6 2 3903 1
6 2 3899 1
1 3 3899 1
5 2 3903 1
2 2 3900 1
3 2 3890 1
3 2 3879 1
2 2 3877 1
5 2 3869 1
2 2 3856 1
1 3 3855 1
6 2 3854 2
3 2 3894 1
4 2 3891 1
7 2 3890 1
3 2 3890 1
8 2 3889 1
4 2 3889 1
3 2 3883 1
7 2 3854 1
1 3 3854 2
7 2 3879 1
6 2 3874 1
4 2 3872 1
5 2 3872 2
1 2 3877 1
8 2 3874 1
7 2 3869 1
1 2 3868 1
2 2 3868 1
6 2 3861 1
4 2 3852 1
5 2 3851 1
3 2 3851 1
2 2 3852 1
5 2 3838 1
3 2 3836 1
1 2 3824 1
6 2 3819 1
1 2 3810 1
1 2 3807 1
4 3 3807 1
5 2 3861 1
1 2 3849 1
4 2 3849 2
2 2 3860 1
1 2 3860 1
6 2 3860 2
5 2 3859 1
7 2 3857 1
6 2 3856 1
2 3 3856 1
5 2 3842 1
6 2 3839 1
1 2 3839 1
8 2 3853 1
2 2 3853 1
7 2 3851 1
2 2 3841 1
8 2 3841 1
6 2 3848 1
7 2 3844 1
3 3 3840 1
8 2 3843 1
3 2 3842 1
2 2 3839 1
2 2 3835 1
4 2 3834 1
4 2 3830 1
2 2 3830 1
6 2 3838 1
2 2 3838 1
4 2 3838 2
5 2 3837 1
2 2 3836 1
8 2 3832 1
7 2 3829 1
5 2 3825 1
2 2 3825 2
5 3 3824 2
3 2 3827 1
1 2 3827 1
7 2 3827 2
4 3 3823 2
6 2 3822 1
7 2 3816 1
8 2 3814 1
4 2 3814 2
1 2 3820 1
4 2 3815 1
5 2 3815 1
7 2 3805 1
2 2 3805 1
7 2 3808 1
6 3 3808 1
6 2 3786 1
1 2 3786 2
3 2 3806 1
5 2 3805 1
3 2 3777 1
5 2 3773 1
4 2 3748 1
1 2 3748 2
4 2 3806 1
3 2 3804 1
6 2 3795 1
1 2 3791 1
4 2 3773 1
1 2 3770 1
7 2 3733 1
4 2 3733 1
5 2 3789 1
7 2 3789 1
8 2 3796 1
2 2 3794 1
1 2 3794 2
6 2 3786 1
7 2 3743 1
5 3 3743 1
4 2 3789 1
1 2 3781 1
6 2 3781 2
6 2 3787 1
4 2 3784 1
3 2 3782 1
5 2 3782 1
5 2 3778 1
7 2 3775 1
2 2 3774 1
4 3 3774 1
2 2 3770 1
3 2 3770 1
3 2 3765 1
8 2 3753 1
3 2 3746 1
4 2 3739 1
6 2 3739 2
1 2 3763 1
7 2 3763 2
3 2 3757 1
1 3 3757 2
8 2 3759 1
2 2 3759 1
5 2 3759 1
6 2 3759 2
4 2 3758 1
7 2 3755 1
6 2 3755 2
1 2 3753 1
8 2 3752 1
8 2 3745 1
6 2 3742 1
3 2 3738 1
6 2 3733 1
3 2 3733 2
1 2 3738 1
2 2 3732 2
6 3 3731 2
1 2 3745 1
4 2 3743 1
5 2 3743 1
7 2 3741 1
2 2 3737 1
8 3 3737 1
4 2 3732 1
1 3 3732 1
7 2 3740 1
3 2 3740 1
2 2 3735 1
3 2 3714 1
7 2 3713 1
5 2 3699 1
3 2 3655 1
5 2 3617 1
5 2 3614 1
3 2 3588 1
8 2 3574 1
4 2 3574 1
1 2 3706 1
6 2 3706 1
5 2 3725 1
7 2 3695 1
2 2 3695 2
8 2 3703 1
8 2 3694 2
2 2 3693 2
4 2 3701 1
3 2 3701 2
8 2 3715 1
1 2 3701 1
7 2 3701 1
5 2 3699 1
3 2 3690 1
3 2 3672 1
1 2 3672 1
4 2 3678 1
8 2 3678 2
2 2 3676 1
5 2 3671 1
6 2 3674 1
5 2 3662 1
8 2 3662 1
3 2 3701 1
4 2 3670 1
8 2 3667 1
2 2 3665 1
1 2 3665 1
4 2 3687 1
4 2 3674 1
1 2 3674 2
2 2 3673 1
8 2 3673 2
1 2 3683 1
7 2 3683 1
5 2 3683 2
3 2 3671 1
1 3 3671 1
2 2 3678 1
2 2 3676 1
6 2 3676 1
5 2 3683 1
8 2 3677 1
3 3 3676 2
4 2 3673 1
3 2 3655 1
3 2 3633 1
5 2 3632 1
8 2 3630 1
2 2 3630 1
6 2 3652 1
4 2 3650 1
5 2 3650 1
2 2 3664 1
7 2 3660 1
3 2 3660 2
2 2 3659 1
7 3 3650 2
7 2 3652 1
1 2 3652 2
7 2 3653 1
3 2 3650 1
3 2 3645 1
8 2 3645 2
5 2 3651 1
7 2 3642 1
1 2 3642 2
2 2 3640 1
5 2 3635 1
4 2 3622 1
3 2 3621 1
7 2 3621 1
2 2 3632 1
3 2 3632 1
7 2 3630 1
8 2 3630 1
6 2 3631 1
1 2 3630 2
7 2 3627 1
6 2 3627 2
3 3 3626 1
6 2 3638 1
1 2 3638 1
3 2 3637 1
7 2 3624 1
1 2 3621 2
8 2 3629 1
2 2 3627 1
1 2 3627 2
6 2 3632 1
4 3 3626 1
5 2 3626 1
5 2 3627 1
4 2 3627 2
7 2 3626 2
8 2 3628 1
3 2 3628 1
1 2 3622 1
6 2 3619 1
1 2 3613 1
8 2 3613 2
2 2 3620 1
3 2 3618 1
2 2 3612 1
6 2 3608 1
1 2 3601 1
6 2 3599 1
8 2 3583 1
7 2 3583 1
2 2 3601 1
2 2 3587 1
8 2 3585 1
5 2 3585 1
8 2 3607 1
6 2 3607 1
4 2 3608 1
5 3 3608 2
2 2 3606 1
1 2 3602 1
4 2 3602 2
3 2 3596 1
5 2 3592 1
6 2 3587 1
7 2 3587 1
6 2 3594 1
4 2 3594 1
8 2 3594 2
1 4 3586 1
4 3 3584 2
1 2 3585 1
2 2 3583 2
6 2 3579 1
5 2 3579 2
6 2 3582 1
8 2 3582 1
7 2 3579 1
4 2 3579 1
5 2 3569 1
6 2 3558 1
1 3 3558 1
8 2 3555 1
1 2 3552 1
2 2 3544 1
1 2 3543 1
3 2 3540 1
3 2 3529 1
4 2 3529 1
2 2 3571 1
8 2 3569 1
8 2 3559 1
3 2 3554 1
1 2 3542 1
5 2 3537 1
8 2 3537 2
4 2 3564 1
2 2 3535 1
5 2 3528 1
6 2 3508 1
1 2 3508 1
6 2 3529 1
6 2 3523 1
4 2 3523 2
8 2 3526 1
1 2 3526 1
7 2 3526 2
1 2 3522 1
6 2 3522 2
5 2 3545 1
4 2 3517 1
8 2 3517 2
6 2 3543 1
7 2 3542 1
2 2 3542 1
8 2 3542 2
1 3 3541 2
7 2 3527 1
6 2 3527 2
8 2 3538 1
6 2 3532 1
2 2 3532 2
7 3 3531 1
6 2 3535 1
3 2 3530 2
6 2 3516 1
6 2 3514 1
7 2 3512 1
3 2 3507 1
8 2 3502 1
4 2 3488 1
2 2 3479 1
4 2 3478 1
2 2 3469 1
4 2 3468 1
5 2 3467 1
8 2 3467 1
2 2 3492 1
3 2 3472 1
8 2 3472 2
1 2 3471 1
3 2 3467 1
2 2 3460 1
8 2 3449 1
7 2 3448 1
3 2 3448 2
3 2 3503 1
3 2 3482 1
5 2 3457 1
1 2 3442 1
5 2 3442 1
4 2 3479 1
8 2 3479 2
4 3 3441 1
3 2 3497 1
1 2 3489 1
5 3 3489 2
7 2 3494 1
1 2 3485 1
5 2 3480 1
8 2 3472 1
1 2 3468 1
4 2 3463 1
5 2 3460 1
4 2 3460 2
2 2 3485 1
2 2 3471 1
4 2 3463 1
8 2 3463 1
6 2 3469 1
3 2 3455 1
4 2 3454 1
1 2 3454 1
5 2 3479 1
8 2 3479 1
4 3 3479 2
2 2 3481 1
7 2 3470 1
2 2 3470 2
6 2 3476 1
3 2 3476 2
7 2 3456 1
3 2 3456 1
5 2 3473 1
8 2 3473 1
1 2 3458 1
7 2 3458 1
4 2 3470 1
5 2 3470 1
5 4 3456 2
7 2 3452 1
8 2 3451 1
2 3 3451 1
1 2 3461 1
8 2 3458 1
1 2 3458 1
5 2 3456 1
3 2 3454 1
4 2 3454 1
7 2 3457 1
8 2 3424 1
6 2 3421 1
8 2 3397 1
4 2 3380 1
2 2 3380 2
1 2 3442 1
7 2 3442 2
4 2 3439 1
7 2 3419 1
2 2 3419 2
6 2 3436 1
5 2 3436 1
1 2 3435 1
8 2 3423 1
4 2 3395 1
6 2 3378 1
1 2 3361 1
8 2 3323 1
6 2 3313 1
1 3 3313 1
3 2 3427 1
8 3 3427 2
3 3 3426 2
6 2 3427 1
1 2 3427 1
7 2 3414 1
6 2 3414 1
4 2 3422 1
6 2 3417 1
2 2 3413 1
7 2 3410 1
4 2 3410 1
5 2 3409 1
4 2 3407 1
7 2 3394 1
1 3 3394 2
3 2 3422 1
1 2 3422 1
8 2 3420 1
4 2 3420 2
6 2 3419 2
2 2 3416 1
8 2 3416 2
1 2 3408 1
3 2 3393 1
8 2 3405 1
2 2 3392 1
8 2 3391 1
6 2 3391 2
3 2 3386 1
6 2 3384 1
2 2 3383 1
8 2 3379 1
7 2 3372 1
7 2 3367 1
6 2 3367 1
4 2 3379 1
6 2 3377 1
6 2 3363 1
1 2 3363 2
3 2 3360 1
4 2 3359 1
8 2 3344 1
2 2 3343 1
2 2 3341 1
2 2 3320 1
5 2 3296 1
4 2 3293 1
3 2 3287 1
6 2 3276 1
8 2 3276 1
3 2 3346 1
2 2 3341 1
1 2 3340 1
6 2 3340 2
4 2 3336 1
6 2 3335 1
8 2 3335 1
7 2 3335 1
6 2 3320 1
7 2 3320 2
1 2 3332 1
4 2 3332 2
2 2 3357 1
7 2 3356 1
3 2 3356 1
8 2 3345 1
8 2 3342 1
5 2 3342 2
4 2 3341 1
2 2 3341 1
5 2 3337 1
7 2 3336 1
1 2 3336 1
8 2 3348 1
6 2 3348 1
7 2 3353 1
3 2 3353 1
5 2 3358 1
5 2 3348 1
4 2 3348 1
2 2 3353 1
1 2 3351 1
2 2 3348 2
6 2 3336 2
1 2 3345 1
8 2 3331 1
6 2 3310 1
8 2 3297 1
1 2 3296 1
8 2 3280 1
1 2 3280 1
6 2 3339 1
5 3 3339 1
3 2 3341 1
8 2 3328 1
7 2 3328 1
3 2 3330 1
1 2 3330 2
5 2 3309 1
4 2 3309 2
8 2 3308 1
7 2 3307 1
7 2 3302 1
3 2 3291 1
2 2 3291 1
8 2 3291 2
1 2 3285 1
1 2 3256 1
3 2 3256 1
4 2 3273 1
2 2 3253 1
1 2 3251 1
4 2 3251 2
5 2 3270 1
3 2 3269 1
1 2 3269 1
7 2 3269 2
5 2 3250 1
6 2 3243 1
8 2 3243 2
1 2 3300 1
6 2 3299 1
3 2 3298 1
5 2 3298 2
4 2 3300 1
2 2 3300 2
5 2 3285 1
3 2 3285 1
5 2 3297 1
8 2 3271 1
6 2 3247 1
2 2 3247 2
6 2 3273 1
4 2 3247 1
7 2 3247 1
4 2 3271 1
8 2 3246 1
1 2 3239 1
2 2 3231 1
5 2 3227 1
8 2 3226 1
3 2 3186 1
4 2 3183 1
6 2 3163 1
6 2 3127 1
2 2 3127 1
8 2 3259 1
5 2 3217 1
1 2 3217 2
3 2 3256 1
8 2 3216 1
4 2 3214 1
3 2 3207 1
2 2 3199 1
7 2 3199 1
2 2 3204 1
7 2 3189 1
4 2 3189 2
1 2 3201 1
5 2 3201 2
3 2 3222 1
5 2 3196 1
5 2 3183 1
4 2 3168 1
1 2 3168 2
8 2 3268 1
5 2 3268 1
7 2 3267 1
3 2 3266 1
5 2 3229 1
7 2 3229 1
6 2 3229 2
1 2 3211 1
3 2 3211 2
6 2 3240 1
4 2 3240 2
1 2 3255 1
8 2 3239 2
2 2 3247 1
3 2 3247 1
6 2 3213 1
2 2 3213 1
8 2 3250 1
5 2 3243 1
5 2 3212 1
7 2 3210 2
7 2 3205 1
6 2 3202 1
7 2 3202 1
4 2 3203 1
1 2 3203 2
4 2 3154 1
8 2 3154 2
7 2 3241 1
2 2 3235 1
3 2 3232 1
1 2 3232 1
4 2 3238 1
1 2 3233 1
8 4 3233 2
2 2 3217 1
8 2 3217 1
4 2 3228 1
2 2 3194 1
1 2 3193 1
8 2 3192 1
6 2 3192 1
7 2 3212 1
4 2 3188 1
1 2 3186 1
8 2 3185 1
3 2 3180 1
5 2 3165 1
2 2 3164 1
2 2 3148 1
3 2 3148 1
7 2 3217 1
3 2 3217 1
3 2 3184 1
6 2 3183 1
8 2 3175 1
4 2 3175 2
4 2 3148 1
8 3 3147 1
5 2 3204 1
1 2 3204 1
1 2 3208 1
5 2 3208 1
6 2 3206 1
7 2 3205 1
2 2 3202 1
2 2 3200 1
4 2 3200 2
2 2 3202 1
3 2 3201 1
4 2 3201 2
4 2 3197 1
4 2 3191 1
2 2 3188 1
2 2 3181 1
7 2 3178 1
8 3 3178 1
5 2 3191 1
3 2 3186 1
1 2 3186 1
3 2 3188 1
4 2 3184 1
6 2 3172 1
2 2 3167 1
8 2 3165 1
6 2 3164 1
4 2 3164 1
3 2 3159 1
4 2 3153 1
3 2 3150 1
1 2 3134 1
3 2 3134 1
5 2 3163 1
5 2 3154 1
7 2 3154 2
8 2 3160 1
6 2 3151 1
3 3 3151 1
4 2 3167 1
3 2 3167 2
6 2 3164 1
5 2 3164 2
8 2 3154 1
1 2 3153 1
6 2 3142 1
1 3 3142 1
7 2 3159 1
8 2 3159 1
6 2 3153 1
7 2 3143 1
2 2 3142 1
3 2 3142 2
7 3 3134 1
3 2 3150 1
1 2 3148 1
2 2 3147 1
6 2 3115 1
2 2 3112 1
6 2 3091 1
5 2 3075 1
7 2 3075 1
5 2 3134 1
3 2 3133 1
6 2 3128 1
4 2 3128 2
1 2 3119 1
7 2 3093 1
5 2 3091 1
6 2 3076 1
2 2 3076 1
8 2 3119 1
3 2 3111 1
2 2 3104 1
4 3 3104 1
2 2 3120 1
5 2 3100 1
4 2 3098 1
8 2 3098 2
4 2 3108 1
2 2 3092 1
7 2 3083 1
3 2 3075 1
1 2 3094 1
8 2 3073 1
5 2 3067 1
7 2 3064 1
7 2 3060 1
4 2 3052 1
4 2 3048 1
2 2 3044 1
6 2 3044 2
6 2 3085 1
1 2 3066 1
4 2 3066 1
2 2 3065 1
3 2 3058 1
5 2 3049 1
3 2 3049 1
8 2 3103 1
4 2 3103 1
6 2 3102 1
4 2 3100 1
4 2 3095 1
3 2 3095 2
7 2 3087 1
6 2 3070 1
7 2 3046 1
3 2 3045 1
1 2 3043 1
2 2 3023 1
3 2 3011 1
1 2 3008 1
5 2 2996 1
6 2 2934 1
4 2 2934 1
5 2 3068 1
8 2 3061 1
3 2 3061 1
8 2 3084 1
1 2 3077 1
5 2 3076 1
7 2 3076 1
4 2 3069 1
3 2 3064 1
5 2 3045 1
1 2 3045 2
4 2 3044 1
8 3 3044 1
4 2 3051 1
5 3 3051 1
4 2 3045 1
3 2 3045 1
6 2 3066 1
1 2 3066 1
8 2 3058 1
8 2 3045 2
7 2 3036 1
6 2 3035 1
7 2 3019 1
7 2 3002 1
4 2 3002 1
3 2 3033 1
7 2 3032 1
5 2 3032 1
2 2 3051 1
3 2 3028 1
8 2 3028 2
5 2 3026 1
7 2 3020 1
5 2 2999 1
2 2 2997 1
3 2 2996 1
6 2 2996 1
1 2 3015 1
8 2 3014 1
3 2 3007 1
1 2 2996 2
3 2 2988 1
6 2 2985 1
6 2 2982 1
8 2 2981 1
4 2 2980 1
5 2 2980 1
3 2 2986 1
7 2 2986 1
1 2 3028 1
1 2 2998 1
8 2 2985 1
7 2 2983 1
7 2 2980 1
3 2 2974 1
1 2 2967 1
6 2 2967 2
4 2 2992 1
6 2 2940 1
4 2 2931 1
6 2 2926 1
3 2 2921 1
6 2 2920 1
3 2 2902 1
4 2 2900 1
7 2 2899 1
6 2 2899 1
7 2 2954 1
1 2 2950 1
2 2 2942 1
6 2 2942 1
6 2 2976 1
2 2 2971 1
7 2 2971 1
2 2 2997 1
7 2 2997 1
6 2 2999 1
6 2 2997 2
1 2 2965 1
6 2 2960 1
2 2 2955 1
3 2 2948 1
6 2 2948 1
7 2 2948 1
7 2 2938 1
3 2 2935 1
4 2 2914 1
3 2 2903 1
7 2 2903 2
3 2 2934 1
1 2 2912 1
1 3 2898 1
3 2 2981 1
5 2 2981 1
2 2 2979 1
2 2 2977 1
1 2 2977 1
8 2 2977 2
1 2 2967 1
5 2 2961 1
7 2 2960 1
5 2 2959 1
3 2 2958 1
8 2 2957 1
4 3 2957 1
2 2 2956 2
5 2 2949 1
7 2 2947 1
3 2 2937 1
7 2 2932 1
2 2 2932 1
2 2 2945 1
8 2 2936 1
3 2 2936 1
6 2 2941 1
4 2 2941 1
1 2 2950 1
2 2 2950 2
8 2 2944 1
3 2 2944 1
4 2 2937 1
1 2 2931 1
5 2 2926 1
1 2 2926 1
5 2 2941 1
7 2 2938 1
3 2 2924 1
2 2 2923 1
5 2 2919 1
3 2 2918 1
3 2 2907 1
1 2 2902 1
2 2 2898 1
6 2 2896 1
2 2 2893 1
1 2 2883 1
8 2 2882 1
4 2 2880 1
3 2 2879 1
8 2 2836 1
4 2 2827 1
1 2 2824 1
4 2 2823 1
6 2 2801 1
1 2 2797 1
5 2 2788 1
6 2 2788 1
5 2 2903 1
1 2 2896 1
7 2 2895 1
5 3 2895 1
6 2 2910 1
1 2 2910 2
7 2 2908 1
7 2 2904 1
2 2 2903 1
8 2 2892 1
6 2 2892 2
4 2 2905 1
1 2 2905 2
2 3 2904 2
5 2 2902 1
4 2 2900 1
8 3 2900 2
4 2 2905 1
2 2 2905 2
6 2 2904 2
7 2 2905 1
3 2 2905 1
2 2 2903 2
6 2 2902 2
7 2 2903 1
6 2 2899 1
5 2 2887 1
8 2 2881 1
1 2 2880 1
7 2 2878 1
6 2 2878 1
5 2 2896 1
1 2 2895 1
4 2 2879 1
8 2 2878 2
5 2 2877 1
4 2 2875 1
2 2 2875 1
1 2 2872 1
3 2 2872 1
8 2 2885 1
3 2 2885 1
6 2 2868 1
3 2 2866 1
6 2 2851 1
5 2 2845 1
1 2 2841 1
4 2 2838 1
3 2 2838 2
8 2 2839 1
2 2 2838 1
6 2 2820 1
5 2 2820 1
7 2 2834 1
3 2 2833 1
8 2 2832 1
7 2 2826 1
8 2 2826 2
3 2 2818 1
6 2 2812 1
7 2 2812 2
2 2 2836 1
7 2 2836 1
4 3 2835 1
1 2 2854 1
3 2 2852 1
7 2 2851 1
7 2 2849 1
6 2 2848 1
2 3 2848 1
5 2 2843 1
2 2 2831 1
6 2 2823 1
5 2 2823 1
2 3 2823 2
4 2 2843 1
7 2 2843 1
3 2 2828 1
7 2 2828 1
1 2 2829 1
7 2 2824 1
4 2 2821 1
1 2 2804 1
3 2 2787 1
6 2 2833 1
6 2 2806 1
3 2 2806 2
5 2 2800 1
2 3 2800 1
5 2 2826 1
3 2 2826 2
6 2 2818 1
5 2 2816 1
2 2 2808 1
5 2 2808 1
4 2 2815 1
1 2 2815 2
8 2 2808 2
8 2 2820 1
4 3 2807 1
8 2 2804 1
5 2 2794 1
4 2 2787 1
2 2 2787 2
5 2 2800 1
4 2 2792 1
7 2 2791 1
8 2 2786 2
1 2 2810 1
4 2 2810 1
2 2 2810 2
3 2 2809 2
2 2 2798 1
3 2 2798 1
7 2 2785 1
1 2 2781 1
7 2 2777 1
3 2 2756 1
7 2 2754 1
5 2 2753 1
6 3 2753 2
7 2 2797 1
6 2 2791 1
5 3 2791 2
2 2 2794 1
8 2 2790 2
4 2 2798 1
3 2 2793 1
6 2 2773 1
4 2 2773 2
1 2 2792 1
7 2 2792 2
8 2 2779 1
1 2 2779 1
6 2 2778 1
5 2 2787 1
8 2 2787 2
2 2 2786 1
3 3 2777 1
7 2 2783 1
5 2 2775 1
2 2 2763 1
7 2 2762 1
8 2 2760 1
5 2 2757 1
1 2 2753 1
5 2 2745 1
1 2 2744 1
8 2 2731 1
3 2 2723 1
2 2 2723 1
3 2 2767 1
3 2 2762 1
3 2 2752 1
5 2 2748 1
7 2 2748 1
2 2 2763 1
7 2 2760 1
1 3 2760 1
2 2 2747 1
6 2 2756 1
5 2 2756 1
4 3 2756 1
5 2 2755 2
6 2 2756 1
2 2 2754 1
2 2 2750 1
5 2 2746 1
8 2 2721 1
7 2 2711 1
1 2 2707 1
3 2 2706 1
2 2 2698 1
3 2 2698 1
6 2 2736 1
2 3 2736 1
3 2 2740 1
8 3 2740 1
7 3 2735 1
1 2 2735 1
8 2 2734 1
7 2 2723 1
6 2 2722 1
5 2 2702 1
5 2 2679 1
2 2 2677 1
1 2 2672 1
2 2 2672 1
5 2 2723 1
1 2 2699 1
4 2 2695 1
8 2 2695 2
7 2 2696 1
8 2 2696 2
2 2 2720 1
8 2 2718 1
6 2 2717 1
3 2 2696 1
8 2 2691 1
3 2 2671 1
2 2 2660 1
5 2 2659 1
8 2 2652 1
5 2 2648 1
7 2 2648 2
1 2 2707 1
2 2 2689 1
2 2 2686 1
3 2 2640 1
2 2 2633 1
7 2 2625 1
6 2 2624 1
4 2 2623 1
1 2 2621 1
2 2 2618 1
5 2 2607 1
6 2 2585 1
3 2 2585 1
3 2 2676 1
8 2 2632 1
3 2 2626 1
3 2 2617 1
2 2 2617 1
3 2 2692 1
7 2 2691 1
5 2 2668 1
2 2 2667 1
5 2 2650 1
4 2 2647 1
7 2 2647 1
3 2 2667 1
4 2 2665 1
8 2 2647 2
6 2 2665 1
1 2 2663 1
3 2 2645 1
1 2 2635 1
6 2 2635 2
7 2 2661 1
5 2 2661 2
4 2 2677 1
2 2 2675 1
8 2 2675 1
1 2 2644 1
5 2 2629 1
2 2 2629 2
7 2 2663 1
3 2 2660 1
8 2 2660 1
6 2 2661 1
2 2 2661 1
1 2 2657 1
7 3 2628 1
1 2 2657 1
6 2 2642 1
8 2 2638 1
6 2 2638 1
7 2 2656 1
7 2 2641 1
1 2 2641 1
2 2 2648 1
3 2 2648 1
6 2 2648 2
4 2 2645 1
8 2 2640 1
5 3 2639 1
2 3 2638 1
8 3 2637 1
7 2 2635 1
3 2 2635 2
4 2 2639 1
8 2 2638 1
7 2 2638 2
2 2 2638 1
1 2 2638 1
4 2 2637 2
3 2 2636 1
2 2 2631 1
5 2 2618 1
5 2 2584 1
7 2 2608 1
6 2 2605 1
2 2 2604 1
1 2 2598 1
3 2 2598 1
4 2 2594 1
3 2 2591 1
8 2 2590 1
2 2 2589 1
5 2 2589 1
1 2 2618 1
7 2 2616 1
8 2 2596 1
5 2 2594 1
7 2 2582 1
6 2 2558 1
8 2 2554 1
3 2 2535 1
8 2 2535 1
8 2 2607 1
4 2 2602 1
5 2 2602 1
6 2 2601 1
3 2 2588 1
1 2 2588 1
4 2 2590 1
8 2 2587 1
7 2 2581 1
8 2 2577 1
5 2 2556 1
1 2 2523 1
3 2 2522 1
3 2 2505 1
3 2 2501 2
1 2 2581 1
1 2 2574 1
2 2 2530 1
5 2 2530 2
4 2 2578 1
6 2 2571 1
2 2 2549 1
1 2 2500 1
2 2 2500 2
8 2 2499 1
1 2 2499 2
6 2 2498 1
5 2 2498 2
4 2 2497 1
1 2 2496 1
7 2 2507 1
8 2 2500 1
