9904
3967
5 2 100 3
4 2 100 4
2 3 100 7
1 2 100 10
4 2 100 13
4 2 100 18
2 2 100 29
2 4 100 32
4 3 100 43
6 2 100 56
5 2 100 66
7 2 100 73
2 5 100 75
7 3 100 80
8 2 100 81
7 2 100 87
4 4 100 90
3 2 100 96
7 2 99 10
3 4 99 21
1 3 99 25
6 2 99 27
2 3 99 35
8 2 99 47
2 2 99 48
4 3 99 49
4 2 99 55
2 3 99 58
4 2 99 60
6 2 99 63
2 2 99 64
4 2 99 65
6 2 99 77
3 2 99 94
5 2 99 95
2 2 99 100
1 2 98 1
3 2 98 5
7 2 98 6
8 2 98 7
1 4 98 11
4 2 98 27
1 2 98 28
5 2 98 28
1 2 98 32
4 3 98 40
1 2 98 41
7 2 98 43
6 2 98 44
5 4 98 45
1 2 98 56
3 2 98 62
5 2 98 79
4 2 98 83
5 2 98 83
5 3 98 90
3 2 99 91
8 4 98 97
2 2 97 1
5 2 97 6
4 2 97 13
1 2 97 23
4 2 97 34
8 2 97 36
5 3 97 47
6 2 97 59
2 2 97 62
7 4 97 63
7 2 97 67
1 2 97 68
4 3 97 68
7 3 97 71
6 2 97 73
2 2 97 72
5 3 97 76
7 5 97 78
7 3 97 84
8 2 97 85
4 2 97 97
8 5 97 99
2 2 97 98
7 2 97 98
3 2 97 100
5 3 96 2
4 3 96 5
4 2 96 7
3 2 96 6
6 4 96 7
4 2 96 26
3 2 96 27
8 2 96 28
4 2 96 30
3 3 96 36
8 2 96 40
2 2 97 39
7 2 98 38
3 2 97 39
5 3 96 40
7 3 96 41
4 3 96 42
2 2 96 44
6 3 96 53
6 2 98 53
8 2 98 53
5 2 96 52
3 2 96 56
7 2 96 59
8 3 96 66
6 2 96 65
5 2 96 65
6 2 96 70
4 2 97 70
1 3 97 71
8 2 96 69
3 2 96 68
8 2 96 74
7 2 96 94
1 3 96 93
2 2 96 95
1 2 95 15
2 2 96 14
8 2 95 14
7 2 95 15
6 2 95 16
5 2 98 17
7 2 96 17
5 5 95 16
4 4 95 16
1 2 95 20
8 2 96 19
4 5 95 21
7 2 96 22
3 2 95 22
1 2 95 21
2 2 95 29
8 2 95 30
1 2 95 29
5 2 95 37
8 2 98 37
1 3 95 39
5 2 95 41
7 3 95 56
8 2 95 57
2 3 95 58
1 2 95 59
7 2 95 68
5 2 95 69
5 2 95 73
3 2 95 82
5 3 95 88
7 3 96 87
6 2 95 87
1 2 96 86
5 2 95 86
2 2 95 87
1 3 95 89
4 3 95 91
4 2 95 96
8 2 95 95
1 2 95 99
3 2 94 2
2 2 94 5
6 2 94 11
7 2 94 10
1 2 94 14
8 3 94 17
2 2 94 18
5 3 94 26
3 2 94 33
1 2 94 35
8 5 94 46
4 2 95 45
2 6 94 54
3 2 94 60
8 4 94 69
7 2 94 72
2 2 94 72
4 2 94 76
2 2 94 79
8 2 95 79
4 2 94 81
2 2 94 83
3 2 94 84
1 2 94 84
8 2 94 87
5 2 94 92
3 2 94 96
7 2 94 99
5 5 93 3
2 2 95 3
6 2 95 4
5 2 93 8
8 3 93 8
6 3 93 9
8 2 93 12
8 2 96 12
1 2 93 19
7 2 95 19
6 2 95 20
1 2 93 26
8 3 93 30
6 3 93 40
2 2 93 42
1 3 93 60
8 2 93 63
5 2 93 71
8 2 93 82
6 2 94 81
5 2 93 86
8 4 93 89
7 2 93 88
6 2 93 89
4 2 93 95
3 2 92 6
1 3 92 8
4 4 92 14
5 3 92 12
3 2 94 11
7 2 92 22
1 2 92 47
7 2 92 53
6 2 92 54
6 2 92 60
5 2 92 63
6 2 92 64
7 2 94 65
3 3 92 70
8 2 92 76
8 3 92 88
7 2 92 96
1 3 91 4
1 3 93 2
7 3 91 3
4 5 91 11
8 2 91 9
5 2 91 10
6 3 91 12
2 3 91 11
7 2 91 13
5 4 91 19
3 2 92 18
3 6 91 23
3 3 94 24
6 2 91 22
5 2 91 47
2 2 91 48
7 3 91 48
5 2 96 49
6 2 96 50
7 3 95 49
6 2 92 48
1 2 92 49
5 2 91 52
7 2 91 64
2 3 91 65
1 2 91 67
2 2 91 71
7 6 91 75
1 2 92 74
4 3 91 73
2 3 91 75
6 2 91 77
7 3 91 78
6 3 91 93
6 2 94 93
7 2 94 93
2 2 93 92
4 4 90 2
3 2 90 4
4 2 90 6
3 4 90 17
1 3 90 22
1 2 90 28
2 2 92 28
6 2 90 27
2 2 90 34
8 2 95 33
3 3 95 34
6 3 94 32
5 2 94 32
8 2 93 32
2 2 93 35
3 2 91 33
7 2 91 34
5 2 91 34
8 5 91 35
8 2 92 37
2 2 91 37
6 4 91 38
6 3 90 34
5 2 90 35
2 3 90 39
5 2 90 38
1 2 90 45
7 2 92 44
6 4 92 43
2 2 93 42
8 2 90 51
2 4 90 52
6 2 90 51
5 2 90 59
4 4 90 67
4 2 92 66
5 2 90 75
3 5 90 77
2 6 90 84
1 2 90 85
7 2 92 85
4 2 92 84
3 2 92 86
6 3 90 96
5 2 90 99
4 2 91 98
2 2 89 2
6 3 89 8
4 2 89 19
6 2 89 20
8 2 90 19
5 3 89 22
2 2 89 26
7 2 90 26
3 4 90 27
6 2 89 25
7 2 89 31
8 2 89 38
1 2 89 40
3 2 89 41
1 2 89 42
4 2 89 41
5 2 89 43
8 2 89 48
8 2 90 47
2 2 90 49
8 2 89 53
8 2 89 58
8 2 91 57
1 2 89 60
2 2 91 60
4 2 89 60
5 2 94 61
8 2 91 61
4 2 91 61
7 3 90 61
1 2 89 63
4 2 89 64
5 2 89 69
8 3 89 69
7 2 89 68
4 2 89 67
5 3 89 66
3 2 89 68
5 2 89 69
6 3 89 71
8 2 90 72
6 2 90 72
4 2 89 70
1 2 89 77
4 2 89 78
6 3 89 79
2 2 89 81
7 2 89 82
1 2 92 82
3 2 92 82
7 4 89 89
6 2 89 90
1 2 90 91
2 2 89 93
3 2 89 97
5 2 92 97
2 2 91 97
7 2 88 4
2 3 88 13
6 3 88 16
7 2 90 16
2 2 88 19
3 6 88 20
1 2 88 24
6 2 94 24
7 2 88 25
8 5 88 28
3 2 89 29
5 2 89 30
6 2 88 31
3 2 88 32
8 3 88 33
8 4 88 36
3 2 89 35
6 2 88 36
5 4 88 39
8 2 88 44
5 2 88 45
7 2 90 45
1 2 90 44
8 3 89 44
1 4 88 46
6 2 89 46
6 2 88 48
2 5 88 50
4 2 89 51
5 3 88 51
8 2 88 55
3 2 88 58
5 2 89 57
8 2 92 56
1 2 92 57
3 2 90 56
2 2 89 56
4 2 89 56
6 2 88 59
5 2 88 83
8 2 90 84
6 2 90 85
8 2 89 82
5 2 89 84
3 2 88 91
5 3 88 92
5 2 88 94
7 2 90 94
1 2 90 95
4 2 87 8
3 2 87 10
4 2 87 10
6 2 87 10
1 4 87 14
2 2 88 16
3 2 87 16
6 2 87 26
4 3 87 27
4 3 87 30
1 2 87 31
5 2 87 32
7 3 87 39
8 2 87 40
4 2 87 43
3 3 87 42
2 2 87 44
5 2 87 54
3 2 87 76
6 2 87 75
8 3 87 82
5 2 88 82
3 2 87 81
4 2 93 80
4 3 86 4
7 2 86 7
1 2 86 8
7 2 86 17
2 3 86 25
6 3 86 31
8 2 86 35
3 3 86 37
2 4 86 39
4 2 86 53
6 3 86 57
7 2 86 61
8 2 87 60
2 2 87 61
3 2 87 60
6 2 86 60
8 2 86 67
3 2 86 66
3 2 88 65
6 2 86 65
2 2 88 64
1 2 87 64
8 2 89 63
7 4 86 64
6 2 86 69
3 4 86 75
2 2 86 73
6 2 86 73
2 3 86 78
6 2 90 78
1 2 86 78
5 3 86 81
5 2 90 80
8 2 87 80
2 2 87 81
2 2 86 94
8 2 88 93
4 2 89 92
3 2 88 92
8 2 89 91
3 4 86 97
2 2 86 94
7 3 86 95
6 2 85 5
2 2 87 6
8 2 85 7
5 3 85 8
2 2 86 9
8 2 85 10
6 2 85 11
2 2 86 12
3 2 86 12
5 2 85 27
4 4 85 33
8 2 85 37
6 2 85 41
1 2 85 41
5 2 85 42
5 2 85 44
4 3 85 45
3 3 85 46
6 4 85 47
4 3 85 48
3 2 85 52
2 2 86 51
1 3 85 55
6 2 87 54
2 2 85 60
2 4 85 69
1 2 85 69
8 2 85 71
2 2 87 72
1 3 87 73
5 2 85 73
6 2 85 81
3 2 85 82
7 2 86 83
3 2 88 84
5 2 85 93
1 5 85 99
8 2 89 99
2 2 88 99
6 2 87 99
7 2 86 98
8 2 87 97
8 2 85 99
3 3 84 4
5 2 84 13
8 4 84 14
3 2 85 14
2 2 85 15
7 2 84 19
4 2 85 19
6 2 86 20
7 2 86 20
2 2 86 21
1 2 85 21
8 3 85 21
5 3 84 20
6 3 84 25
7 2 84 28
3 2 84 29
6 2 84 29
4 2 84 30
7 2 84 37
4 2 84 37
7 2 84 43
2 2 84 42
8 2 84 42
8 2 84 47
5 2 84 47
3 2 84 50
3 2 89 50
8 5 84 50
7 2 84 49
1 2 84 51
4 2 84 51
7 2 84 51
5 2 84 54
1 2 87 54
8 3 84 55
4 3 84 60
1 2 84 63
8 2 84 64
8 3 84 66
5 4 84 68
7 3 84 71
5 3 84 86
6 2 86 86
4 2 87 87
6 2 88 88
3 2 87 88
5 2 86 87
2 3 85 87
6 3 84 91
7 2 87 90
7 2 84 96
3 3 84 99
8 2 83 2
1 2 87 1
6 2 83 6
6 2 83 16
5 2 85 15
1 2 83 15
8 3 83 29
3 4 83 30
1 2 83 33
3 2 85 34
2 2 84 34
2 2 85 35
8 2 83 34
6 2 83 36
3 2 83 37
3 2 83 44
7 2 83 47
2 2 83 50
6 2 83 52
4 2 83 56
7 2 84 57
2 2 86 58
8 2 84 58
5 3 84 58
7 2 85 58
4 3 85 58
5 3 83 61
6 2 83 62
3 2 83 72
4 2 83 83
4 2 83 89
2 3 83 88
3 2 83 87
4 2 83 92
1 3 83 93
6 2 83 96
2 3 83 99
8 3 82 4
1 2 82 10
1 2 82 13
1 3 82 22
8 2 85 23
4 2 85 22
5 2 82 27
2 2 82 28
7 2 82 33
7 2 82 45
6 2 82 46
7 3 82 49
5 2 82 49
8 4 82 50
8 3 82 53
6 3 82 54
5 2 82 62
4 3 82 63
6 2 84 62
1 2 82 68
6 2 83 67
7 2 82 72
4 3 82 78
3 2 86 78
6 4 82 79
8 2 82 80
8 2 83 81
7 2 82 85
4 2 82 87
2 2 82 92
5 2 84 91
3 2 82 96
7 2 82 100
8 2 81 2
4 3 81 4
5 2 81 12
4 2 84 11
6 2 83 11
7 2 81 13
5 2 81 23
7 2 81 35
1 2 81 45
5 3 81 47
6 2 81 49
3 2 81 54
4 2 81 55
1 2 81 59
1 3 81 61
2 2 81 64
6 2 82 65
5 3 82 65
1 2 82 66
4 2 81 69
8 2 81 72
4 2 81 73
7 2 84 74
6 2 81 73
5 2 81 74
3 3 81 80
5 2 81 81
3 4 81 82
5 2 81 86
8 2 81 85
4 2 81 84
1 3 81 88
7 2 81 96
3 2 80 1
1 3 80 2
6 2 81 1
8 2 81 2
1 2 80 8
3 2 81 7
7 6 80 9
5 2 80 9
4 3 80 15
2 2 80 20
4 2 80 27
4 2 80 34
4 2 80 38
8 2 80 45
2 2 80 52
3 2 81 51
4 2 80 51
6 3 80 55
4 3 80 59
3 2 80 59
5 2 80 62
7 3 80 63
8 5 80 75
7 2 83 77
6 2 83 76
1 2 82 76
5 4 82 75
1 2 80 75
4 2 80 80
1 2 80 84
3 2 80 93
8 2 80 99
1 2 79 4
6 2 85 5
8 2 85 5
5 2 85 6
1 2 84 6
5 3 79 5
8 2 79 9
3 2 79 9
2 4 79 11
4 2 80 12
7 3 80 11
5 3 79 14
3 2 79 13
6 4 79 16
7 4 79 19
4 2 79 24
7 3 79 30
1 2 79 34
8 2 79 33
4 3 79 43
1 2 81 43
7 2 81 42
6 2 82 41
4 2 80 43
5 2 79 45
5 2 79 49
1 2 79 50
6 3 79 52
5 3 79 58
7 2 79 60
3 2 79 64
6 2 79 66
7 2 79 73
6 4 79 74
2 2 79 75
5 2 79 76
7 2 79 81
8 2 79 82
5 2 79 82
2 3 79 83
7 2 79 84
2 2 79 88
3 2 80 89
8 2 81 90
7 2 81 90
6 2 81 90
2 2 83 91
1 2 81 91
4 2 80 90
5 3 80 89
7 3 79 92
6 2 79 95
2 2 79 97
1 3 79 98
8 2 80 98
6 3 80 98
5 2 79 99
7 2 78 9
7 2 78 17
7 2 78 25
8 2 83 25
3 2 78 26
1 2 80 25
4 2 82 24
5 2 81 24
3 2 81 23
2 2 79 25
7 2 79 24
6 2 80 23
1 2 80 22
2 2 80 24
3 2 79 24
8 2 79 25
2 3 78 27
5 4 78 28
8 5 78 39
2 3 80 36
3 2 80 36
8 2 80 37
7 2 80 39
3 2 80 39
5 2 79 36
5 3 78 42
6 2 78 41
2 3 78 40
6 3 78 39
2 3 78 47
3 2 78 48
4 2 78 49
7 2 78 53
3 3 78 58
5 2 80 56
2 2 78 57
7 7 78 58
7 3 78 65
4 3 78 75
3 2 78 76
8 2 78 76
8 2 78 79
2 2 80 78
1 2 78 78
6 3 78 84
2 2 80 85
3 3 78 90
5 2 78 89
2 5 78 92
8 2 78 94
7 2 78 96
3 2 78 98
3 2 77 4
6 2 77 7
3 3 77 7
3 2 78 5
1 2 78 5
4 2 79 5
3 3 77 11
4 2 77 13
2 2 78 14
6 2 78 14
1 4 77 16
1 2 78 17
5 2 78 18
8 2 78 18
8 2 80 18
1 2 80 19
3 3 77 27
4 2 77 30
2 3 77 40
8 2 77 38
4 2 77 40
1 3 77 42
3 2 77 50
5 2 77 52
4 3 77 57
6 2 77 56
3 2 79 55
4 2 77 67
5 3 77 67
8 2 77 67
4 2 77 67
2 2 77 70
7 2 79 69
4 2 78 69
3 3 77 74
7 2 77 81
7 2 77 84
1 2 77 83
8 3 77 85
5 2 78 86
4 2 78 87
3 4 77 85
5 2 77 94
7 2 77 99
2 2 77 100
7 2 76 2
7 2 76 6
5 2 77 6
8 7 77 6
5 2 76 9
6 4 76 12
6 3 76 15
8 3 76 23
8 2 77 22
8 2 76 25
1 4 76 25
5 2 76 31
7 2 76 39
8 3 76 51
1 2 76 50
6 2 76 52
1 4 76 53
2 2 76 56
7 2 76 56
6 2 76 59
3 2 76 61
6 2 78 62
8 3 78 63
3 2 78 61
1 2 78 62
4 5 77 61
1 2 76 64
6 3 76 66
3 2 76 68
6 2 76 68
5 4 76 69
3 3 76 78
6 2 78 77
4 2 76 79
2 5 76 85
7 3 76 88
7 2 77 88
7 2 76 93
8 2 76 96
6 2 76 97
1 2 76 98
6 2 76 99
2 2 75 6
4 3 75 7
2 2 75 9
3 2 75 13
8 2 75 14
7 3 75 15
1 3 75 20
2 2 75 21
5 2 75 25
2 2 75 32
5 2 75 34
2 2 75 35
6 2 75 35
3 2 75 36
2 2 75 37
2 2 75 43
2 2 75 48
2 2 75 55
1 2 75 56
3 2 75 57
2 4 75 62
1 2 75 66
2 3 75 67
3 2 75 70
2 2 75 72
8 3 75 75
2 2 75 82
4 3 75 98
5 2 74 11
5 3 74 23
7 4 74 24
7 3 74 29
2 2 80 31
8 2 75 31
5 2 76 32
2 2 77 33
6 2 75 31
5 2 77 31
6 2 77 32
5 2 74 28
1 2 74 32
5 2 74 35
2 2 74 42
4 2 74 47
2 2 74 50
8 2 74 55
2 2 76 54
3 4 74 63
5 3 74 66
6 4 74 69
2 2 74 74
6 2 74 76
5 2 75 77
3 2 74 80
4 2 75 80
6 3 75 80
5 2 76 79
3 3 74 80
7 2 75 79
8 2 75 79
1 2 74 78
3 2 74 78
8 4 74 81
1 3 74 87
3 2 74 95
5 2 74 95
4 2 75 94
1 3 74 96
4 2 73 1
1 3 73 8
5 2 73 15
1 2 74 14
3 2 74 16
2 2 75 17
8 2 74 17
6 2 78 18
6 2 73 16
3 2 74 17
4 2 74 17
2 3 74 18
8 2 74 19
4 2 73 19
4 2 73 24
4 3 73 29
3 4 73 30
8 2 73 31
1 2 73 37
7 3 73 40
5 2 73 40
5 2 75 41
7 2 73 41
4 2 73 43
7 6 73 44
4 2 75 45
1 3 75 45
4 2 74 45
3 4 73 48
8 2 73 46
1 2 73 47
5 3 73 49
2 2 73 56
2 2 73 60
7 2 73 62
3 2 73 65
7 3 73 68
8 3 73 71
3 2 73 76
4 2 74 76
2 2 74 77
6 2 73 82
2 2 73 92
3 3 73 96
4 2 73 97
7 2 74 97
6 4 73 98
5 3 72 5
4 3 72 11
8 2 72 10
6 2 74 9
1 2 74 10
1 2 72 17
3 3 72 19
2 2 72 26
2 2 72 28
7 2 72 37
3 2 72 52
4 2 72 54
8 2 74 54
6 2 74 54
4 2 73 54
8 2 72 56
5 2 72 61
4 2 72 65
1 3 72 67
6 3 72 72
5 2 73 72
1 4 72 76
6 2 72 84
4 3 72 88
5 3 72 88
8 3 72 88
6 2 73 86
8 2 72 90
6 4 72 94
2 6 72 98
3 2 71 2
4 2 74 2
6 3 74 2
1 2 71 10
2 2 71 11
1 3 71 22
4 3 72 21
6 3 72 20
1 2 72 21
3 2 71 24
2 2 71 23
5 2 71 24
7 2 71 30
2 2 71 31
2 2 72 31
3 2 71 35
5 2 71 45
2 2 71 48
6 4 71 53
3 2 71 54
6 2 71 61
6 2 71 67
4 3 71 69
5 2 71 72
3 2 71 80
4 2 72 79
8 3 71 82
7 3 71 83
3 3 71 84
4 3 71 85
4 2 72 86
3 2 71 99
2 2 70 3
7 2 74 4
7 2 71 2
4 2 70 15
5 3 70 18
7 2 70 24
1 2 70 29
8 2 70 30
8 3 70 44
7 2 70 52
1 3 70 54
5 2 70 57
8 2 70 58
2 2 70 65
8 3 70 66
7 2 70 71
8 2 70 73
2 2 71 73
1 2 70 79
7 2 70 78
6 3 70 84
5 3 70 96
7 3 70 98
3 2 69 7
3 2 71 6
8 2 70 6
6 2 70 5
2 2 70 5
7 3 69 4
4 2 69 5
2 3 69 9
7 2 71 11
1 3 71 12
8 2 73 13
2 3 73 13
8 3 72 13
7 7 69 10
5 2 69 11
8 2 69 17
7 3 69 16
1 2 69 19
5 3 69 21
5 5 69 31
6 2 70 28
5 3 69 35
4 2 74 34
5 3 69 42
2 2 69 56
4 3 69 62
4 2 69 65
6 3 69 69
5 3 69 71
7 2 70 70
8 2 69 79
7 2 71 80
2 4 69 79
3 2 69 80
3 3 69 85
3 3 69 92
5 2 71 92
1 2 72 91
4 2 74 90
4 6 69 92
6 2 69 95
1 7 69 98
3 5 68 2
8 2 68 1
5 2 68 1
6 2 68 1
5 2 68 6
8 2 68 12
6 6 68 19
6 2 68 28
1 2 72 27
6 3 72 26
6 2 68 37
7 4 68 43
1 2 68 46
4 3 68 47
8 2 69 48
7 2 71 49
4 2 68 48
3 2 70 49
4 2 70 50
3 2 68 53
5 2 68 52
6 2 68 54
6 2 68 64
2 2 70 63
1 2 68 63
5 2 68 81
4 4 68 86
8 2 68 94
7 2 70 93
3 2 69 93
1 2 69 94
4 2 68 95
6 2 68 97
4 2 68 98
8 2 67 4
1 4 67 3
4 2 67 2
2 2 67 3
2 5 67 6
5 2 67 8
1 3 67 14
5 2 68 15
7 2 67 13
1 2 67 21
2 2 68 22
7 2 68 22
4 2 67 23
1 2 69 24
2 3 69 24
3 2 67 22
3 3 67 27
6 3 67 25
4 2 68 27
8 2 67 24
2 2 67 32
5 2 67 34
3 2 74 33
1 2 69 35
4 2 69 34
6 2 70 35
8 2 70 36
6 2 69 34
8 2 70 33
1 2 69 33
2 2 68 34
7 2 68 35
7 3 67 38
6 2 71 38
3 2 67 44
8 2 68 43
1 2 67 58
3 2 68 59
3 2 71 58
4 2 70 60
2 2 67 60
5 2 67 59
1 2 67 61
2 2 67 62
7 2 67 63
2 4 67 81
8 3 67 83
8 4 67 96
8 3 67 100
2 3 66 1
8 3 66 3
5 3 66 11
8 2 66 13
2 4 66 22
5 2 72 21
7 2 66 21
4 2 66 20
5 2 66 26
6 5 66 28
2 2 68 28
6 2 66 33
6 2 69 32
5 2 68 32
3 4 66 35
8 4 66 51
3 3 66 53
1 3 66 56
1 2 66 55
8 3 66 58
8 2 68 57
7 2 66 75
7 2 71 74
4 2 70 74
8 2 68 74
7 2 68 74
6 2 67 74
4 2 69 73
8 2 66 73
5 2 68 74
1 2 66 77
3 2 66 76
2 2 67 75
4 2 67 77
5 2 66 76
8 2 66 80
5 2 66 81
6 2 66 85
6 2 66 87
3 2 68 86
5 2 69 87
1 2 69 88
7 2 69 89
2 3 68 87
7 3 66 91
2 2 69 90
1 3 67 91
7 2 67 90
3 2 69 89
4 2 66 92
2 4 66 93
3 2 66 96
7 2 65 6
1 4 65 8
4 2 65 12
6 2 65 14
6 2 66 13
4 2 65 14
1 2 65 16
4 2 65 16
4 2 65 39
8 2 67 40
2 2 68 39
3 2 70 38
6 2 69 40
1 2 69 39
8 2 69 41
6 2 71 41
3 2 66 38
5 3 65 40
3 2 66 40
7 2 65 41
4 2 65 40
6 2 65 46
1 2 65 49
7 2 66 49
8 2 65 54
6 2 65 55
7 2 65 56
3 7 65 57
1 2 65 59
7 2 65 58
2 3 65 59
7 5 65 63
7 2 65 65
4 4 65 67
7 2 65 66
5 2 65 65
6 4 65 70
5 2 65 71
3 2 65 73
1 2 67 72
2 2 65 75
4 6 65 78
7 2 68 77
8 2 66 77
6 3 66 78
3 2 65 83
7 2 65 84
5 2 65 90
8 2 68 89
6 2 68 89
1 3 65 97
5 2 64 2
5 2 65 3
7 3 64 17
6 2 65 16
2 2 65 15
1 2 64 21
8 2 65 20
6 3 65 21
8 2 64 22
4 2 64 28
2 2 64 28
1 2 66 28
8 2 66 29
7 2 65 28
5 3 65 29
3 2 64 42
3 6 64 46
4 2 68 46
2 2 68 46
6 2 64 51
1 3 64 52
8 2 67 50
1 2 67 51
2 2 65 52
6 2 64 61
6 2 64 65
5 4 64 68
2 2 64 70
8 2 64 73
1 2 64 74
6 3 64 81
5 3 64 85
6 2 66 86
8 4 64 89
2 2 64 95
2 2 64 98
3 3 64 97
4 2 64 99
4 3 63 1
8 4 63 9
2 2 64 10
8 2 64 10
4 2 63 9
2 2 63 12
3 3 63 15
3 2 64 15
1 2 63 14
7 2 63 20
2 4 63 22
7 2 63 23
4 2 65 24
1 2 65 25
5 2 63 35
2 2 65 36
7 2 64 36
2 3 63 36
8 2 63 36
7 2 63 40
8 2 63 52
2 2 63 54
1 2 63 55
5 2 63 55
3 3 63 64
1 2 63 66
2 2 63 67
3 3 63 70
6 2 64 69
1 2 64 70
4 2 64 71
7 4 63 71
4 2 64 71
8 2 64 72
2 2 63 74
5 2 63 75
2 3 63 85
4 2 63 90
6 2 63 95
7 2 63 97
7 2 62 2
6 3 62 9
3 4 62 9
7 2 62 8
5 2 62 20
1 2 62 23
8 2 64 24
3 4 62 30
3 2 64 28
4 2 64 29
7 3 62 38
3 2 62 42
8 2 62 43
3 3 62 44
4 3 62 51
7 3 62 54
2 2 63 55
6 4 62 56
4 4 62 59
7 2 62 61
8 2 62 62
1 3 62 63
4 4 62 68
7 2 62 78
5 2 63 77
6 3 62 79
8 2 62 81
3 2 62 84
3 4 62 90
6 2 64 93
8 2 61 1
1 3 61 11
1 2 61 14
5 2 61 15
5 2 62 16
7 2 61 18
5 2 63 18
1 2 63 17
4 3 61 21
8 3 61 23
4 3 61 36
3 2 61 39
4 2 61 42
4 2 64 42
2 2 63 41
2 2 61 45
2 2 63 44
7 2 63 43
2 2 61 49
3 2 64 48
3 2 61 65
2 2 61 71
5 4 61 72
6 2 61 72
1 2 61 74
8 3 61 80
7 2 61 80
2 2 61 83
5 2 61 86
4 3 61 87
6 2 63 88
6 3 61 89
5 2 61 98
6 2 61 98
2 2 61 99
4 2 60 4
4 2 61 3
2 2 61 3
6 4 60 3
3 2 61 1
3 2 60 6
6 2 60 10
3 2 60 11
5 2 60 12
2 2 60 14
3 2 60 18
8 2 60 17
2 2 61 16
3 2 60 16
2 7 60 18
7 2 60 26
8 2 60 31
6 2 61 30
4 2 60 34
2 2 61 34
4 2 62 33
6 2 62 33
6 2 66 32
5 2 60 34
8 2 60 34
3 2 60 35
1 2 60 42
7 3 60 49
2 2 62 49
5 2 63 48
2 2 66 47
3 2 61 49
1 2 61 48
7 2 62 47
8 3 62 47
6 2 60 48
2 2 60 53
5 2 62 52
3 2 61 52
1 2 60 52
5 3 60 58
6 2 63 57
1 2 60 57
4 2 60 57
8 2 60 60
6 3 60 60
6 2 61 61
7 3 60 66
2 2 60 67
7 2 62 68
8 2 62 69
2 2 62 69
5 2 60 68
4 2 60 77
1 2 60 80
7 3 60 86
7 3 60 88
4 3 59 9
4 5 59 13
6 3 59 17
1 2 59 23
6 3 59 26
7 2 61 27
1 4 61 27
5 2 61 28
4 3 60 26
8 2 60 28
3 2 59 31
3 2 63 31
1 2 63 32
3 2 63 33
4 2 63 32
1 2 59 35
1 2 59 47
6 2 59 52
2 2 59 51
4 2 59 51
7 2 59 57
5 2 59 56
3 2 59 61
2 2 61 62
6 3 59 66
5 2 59 70
8 2 59 71
3 5 59 72
7 2 60 74
7 2 59 78
6 3 59 78
2 2 61 76
8 2 60 76
4 2 59 79
3 2 59 81
8 3 59 82
1 2 59 83
3 3 59 83
5 2 59 91
5 2 62 92
1 2 59 92
1 2 61 91
5 4 59 93
6 2 60 92
4 4 60 93
8 2 59 92
6 2 58 5
2 2 60 6
4 3 60 7
5 2 58 4
1 4 58 9
7 3 58 9
3 2 58 9
8 2 58 18
4 2 58 17
3 2 58 20
7 4 58 21
8 2 58 22
3 3 58 24
7 4 58 26
8 2 58 25
2 2 58 29
5 4 58 29
6 2 58 34
5 3 58 36
7 2 58 37
8 2 63 38
8 3 58 38
1 2 62 39
6 2 59 39
3 3 58 44
1 3 58 46
3 2 58 52
2 4 58 54
1 3 58 58
8 2 58 59
2 2 58 61
7 2 58 62
5 2 58 63
5 2 58 66
4 2 58 68
4 2 58 73
1 3 58 75
4 2 58 77
8 2 58 79
4 2 58 90
6 2 58 94
7 2 63 94
5 2 58 98
1 2 58 99
6 2 57 2
3 2 57 1
8 2 57 6
6 2 58 7
3 2 58 6
1 2 57 5
8 2 57 4
5 4 57 6
5 4 57 11
7 3 57 16
3 2 57 18
5 2 57 21
6 2 57 28
3 2 57 34
5 2 57 39
5 2 60 38
6 2 60 40
8 2 57 40
1 2 57 39
8 3 57 45
8 2 59 43
7 2 59 43
3 2 57 47
4 2 57 48
5 3 57 50
2 2 57 49
8 2 57 63
3 2 57 64
6 2 57 68
2 2 57 69
4 2 57 85
2 2 57 89
8 2 57 90
5 2 57 89
2 2 60 88
2 2 57 97
1 2 57 96
2 2 59 95
3 2 60 94
8 2 56 2
1 3 56 3
2 2 56 12
1 2 56 15
4 2 56 14
1 2 56 26
3 3 56 29
6 7 56 34
7 5 56 39
1 2 56 43
3 2 59 42
8 2 59 42
1 2 59 41
5 2 59 43
4 2 57 42
6 2 57 41
8 3 56 47
3 2 56 48
6 2 56 50
1 3 56 50
4 2 56 49
8 2 56 51
5 2 56 58
7 2 56 63
2 2 58 64
1 2 56 62
6 2 56 66
1 2 57 66
7 2 56 69
4 9 56 71
5 2 58 70
6 2 58 70
3 2 57 70
7 2 56 76
2 2 58 75
2 4 56 78
1 2 56 80
3 2 56 82
7 6 56 91
7 2 56 92
4 2 55 12
2 2 55 14
4 3 55 18
7 2 55 17
8 2 55 17
7 3 55 22
6 5 55 40
6 3 55 45
5 2 57 45
7 2 55 47
5 3 55 49
4 2 55 57
3 2 56 56
8 2 56 57
3 3 55 57
2 3 55 58
1 2 55 60
3 2 55 62
1 2 55 64
8 2 55 65
6 2 56 64
3 2 55 67
1 2 55 71
2 2 55 74
5 2 55 84
6 3 55 89
1 2 55 95
5 2 57 95
3 2 54 4
4 2 54 3
4 2 54 9
2 2 54 8
3 3 54 13
7 3 54 12
3 2 54 24
8 2 54 25
2 2 55 24
6 2 54 24
4 2 56 23
7 2 54 25
4 2 54 27
4 3 54 30
2 2 61 32
8 2 56 29
1 2 56 29
2 2 56 30
4 2 56 32
5 2 57 31
7 2 58 32
8 2 55 32
2 2 55 33
7 3 54 29
7 2 54 35
2 2 54 37
4 4 54 41
4 2 54 45
5 2 54 47
5 2 55 46
1 2 54 46
3 2 54 48
3 4 54 51
4 2 54 54
3 2 55 53
6 3 54 56
6 3 54 59
4 3 54 60
7 7 54 60
5 3 54 63
2 2 54 63
4 2 56 64
8 2 54 68
1 2 54 70
5 5 54 74
3 2 54 82
7 2 56 82
6 2 56 82
1 2 57 82
2 2 56 83
3 2 55 81
1 2 54 83
8 10 54 84
1 3 53 7
7 2 54 6
1 2 56 7
1 2 53 15
4 2 55 15
6 3 53 16
1 2 57 18
7 2 57 18
4 2 57 19
1 3 53 18
7 2 53 24
5 4 53 26
3 2 53 28
3 3 53 37
3 2 53 44
2 6 53 53
5 2 53 53
8 2 53 52
3 7 53 65
5 3 53 67
5 5 53 71
3 2 53 73
3 2 53 86
4 2 56 87
4 4 53 88
5 2 58 86
8 2 59 85
7 2 58 85
1 2 55 89
8 3 54 87
1 2 56 86
3 2 56 85
2 2 54 89
1 4 54 89
4 6 53 95
7 3 54 95
4 2 55 94
2 3 55 95
5 2 55 97
4 2 56 98
5 2 57 99
8 3 57 100
1 3 56 99
5 2 53 96
3 3 53 95
3 3 53 99
6 2 52 2
7 2 52 5
4 2 54 6
4 2 52 4
5 2 54 3
3 2 54 4
1 2 52 5
8 2 52 6
8 2 52 13
6 2 52 14
2 4 52 24
8 3 52 27
8 2 52 33
7 2 52 33
4 5 52 34
7 3 52 38
8 4 52 47
6 3 52 50
1 4 52 52
2 2 52 57
6 2 52 64
1 2 52 65
4 2 52 66
1 2 52 68
8 3 52 72
1 3 52 85
8 2 52 85
8 4 52 88
8 2 55 87
6 2 52 95
1 2 52 97
1 2 51 3
7 2 51 5
6 3 52 4
7 2 52 5
3 2 51 12
6 2 53 11
8 2 51 16
2 2 51 18
5 2 51 20
5 2 52 19
7 2 52 19
6 2 51 21
4 3 51 20
3 2 52 20
2 2 51 20
2 2 55 21
8 2 55 22
5 3 51 22
2 2 51 37
2 2 52 36
2 2 51 47
5 2 51 54
1 2 51 55
4 3 51 60
6 3 51 62
8 2 53 61
5 3 53 62
1 2 51 61
5 2 51 67
2 2 51 66
3 3 51 68
6 2 51 71
6 4 51 75
3 2 54 76
8 2 53 75
6 2 55 76
6 2 52 75
6 2 51 81
3 2 51 86
2 2 52 85
5 2 54 86
1 2 52 86
6 4 51 98
8 2 50 3
2 2 50 5
3 2 50 5
4 2 50 16
2 2 50 15
5 2 51 14
6 2 50 17
7 3 50 17
8 2 50 18
6 3 50 19
8 3 50 29
6 2 50 37
5 2 50 61
3 2 50 63
7 2 50 68
1 2 50 71
2 3 50 72
2 2 50 70
4 2 50 73
3 4 50 77
4 2 52 77
7 2 56 78
5 6 50 86
8 2 50 87
7 2 50 91
6 2 51 90
1 2 53 91
5 2 53 92
8 2 53 92
7 2 51 91
2 2 50 90
7 2 50 94
1 2 51 93
2 2 51 93
2 2 49 2
7 3 49 3
8 2 49 10
7 2 53 9
2 2 50 9
5 2 53 8
2 2 52 10
7 2 50 10
5 3 50 10
7 2 52 8
1 2 50 11
4 2 49 12
6 2 49 16
3 3 49 18
8 2 49 21
7 2 51 22
3 2 50 22
1 6 49 22
3 3 49 29
7 3 49 41
8 2 50 42
4 2 49 43
7 2 49 47
7 2 49 51
8 2 49 51
6 2 50 50
4 2 50 50
2 2 50 49
7 2 50 51
8 3 49 62
5 2 49 64
2 2 49 66
8 4 49 70
5 3 49 79
1 2 50 78
3 3 50 79
7 2 49 79
8 2 49 81
4 2 49 82
6 2 49 83
5 2 49 84
1 3 49 96
2 3 49 98
5 2 49 99
7 4 48 6
8 3 48 6
3 4 48 11
7 4 48 15
3 2 50 14
3 2 48 13
3 2 48 20
4 2 48 21
2 4 48 23
3 2 48 25
1 2 50 25
2 2 50 26
8 4 48 26
7 2 48 27
7 3 48 33
3 2 55 31
6 2 54 31
3 2 53 31
1 5 48 42
3 2 49 42
6 3 48 42
5 3 48 46
3 2 51 45
6 4 48 48
1 2 48 49
6 2 48 48
8 2 48 54
2 2 48 59
8 2 48 58
7 2 51 57
4 2 50 57
5 3 48 74
5 3 48 91
3 2 48 92
5 5 48 93
6 2 48 93
3 2 48 99
7 3 48 99
5 3 47 4
5 2 49 2
8 3 47 12
4 3 47 16
1 2 47 21
3 3 47 33
5 3 47 49
4 3 47 54
2 2 47 55
1 3 47 60
7 2 47 64
2 3 47 65
6 3 47 66
8 2 47 67
5 2 47 70
6 2 48 69
7 2 48 71
1 3 47 73
2 2 47 74
1 2 47 75
7 2 49 76
2 4 47 78
8 2 47 87
7 2 47 86
1 4 47 87
2 3 47 88
8 3 47 90
1 2 48 89
2 2 47 89
4 3 47 90
1 2 47 98
3 4 46 3
5 2 46 6
2 2 46 7
8 2 46 8
6 2 49 8
2 6 46 12
7 2 48 13
1 2 46 29
5 2 49 30
6 3 46 34
8 2 46 37
5 2 52 38
8 2 52 39
1 2 46 38
7 2 46 39
6 2 46 53
6 2 48 52
2 2 48 53
7 2 47 53
3 2 46 55
5 2 51 55
3 2 51 55
8 2 50 55
2 2 48 55
5 2 48 56
4 3 46 70
8 2 46 80
4 2 47 79
3 2 46 81
1 4 46 80
5 2 46 79
1 2 46 95
1 2 46 100
8 2 45 12
2 2 45 28
8 2 46 27
6 2 46 27
2 2 47 27
3 4 46 28
5 2 45 29
3 2 45 31
8 2 47 31
3 2 45 34
7 2 48 35
8 2 48 35
3 2 45 42
5 2 45 42
7 2 46 43
8 6 45 44
4 2 50 45
1 2 49 45
8 2 48 45
1 2 45 46
5 2 45 50
1 2 45 61
5 2 45 65
7 3 45 66
1 2 45 67
4 4 45 67
7 3 45 70
2 2 45 71
4 2 46 72
6 2 46 73
1 4 45 72
2 2 45 80
5 2 48 81
8 3 45 80
8 2 45 82
3 3 45 83
1 2 45 83
3 4 45 98
2 2 44 2
6 2 46 1
6 2 44 11
8 3 44 21
3 2 44 25
8 2 44 32
4 3 44 33
5 2 46 34
1 3 44 39
3 2 44 38
1 2 49 37
4 2 48 37
2 2 48 36
7 2 44 38
8 2 47 37
5 2 44 39
3 2 44 51
7 2 44 50
5 2 46 51
2 2 45 51
2 4 44 54
8 2 44 58
6 2 46 59
3 4 46 58
6 2 47 57
7 2 44 61
4 2 44 63
3 2 44 71
7 2 44 75
1 2 48 76
5 2 48 76
3 2 46 74
4 2 45 74
8 2 44 75
1 2 44 80
4 2 44 81
7 3 44 83
2 2 45 83
6 3 44 84
5 2 44 93
8 2 44 95
8 2 44 97
1 2 44 96
6 3 43 23
1 2 43 22
6 2 43 35
2 2 43 40
6 3 43 42
2 5 43 44
2 2 46 44
5 2 46 44
3 2 46 45
6 2 45 44
4 2 43 52
4 2 44 52
8 3 43 53
2 2 43 59
4 3 43 59
4 2 44 57
8 2 46 56
5 2 45 56
8 2 44 56
3 2 44 55
5 2 43 60
2 3 43 63
2 2 44 63
7 2 46 64
6 2 43 71
7 2 43 74
1 2 43 75
8 2 44 76
5 2 44 77
6 4 43 81
2 2 43 81
4 4 43 84
8 5 43 86
3 2 46 88
6 2 46 88
6 3 43 86
5 3 43 89
3 2 43 90
3 2 43 95
5 2 43 97
3 2 42 3
8 2 42 2
8 2 46 1
4 2 45 1
3 2 43 1
1 3 42 3
5 2 42 5
3 9 42 6
7 3 42 6
4 5 42 8
4 2 44 9
1 2 42 8
2 2 43 7
3 2 42 7
8 3 42 8
5 3 42 16
8 2 46 17
7 2 44 17
6 2 42 21
6 2 45 20
2 2 45 20
6 3 44 20
1 3 43 20
3 3 42 22
8 2 42 31
1 2 46 30
2 2 49 31
4 2 43 30
2 2 45 29
7 2 45 29
6 3 44 29
5 2 44 31
7 5 44 31
8 2 42 39
2 2 43 38
5 3 42 38
4 2 45 37
8 2 42 42
8 2 42 44
3 2 42 47
8 2 42 67
6 3 42 69
8 2 43 69
1 2 42 69
8 2 42 80
5 2 42 81
4 2 44 82
2 2 42 84
3 3 42 85
1 2 42 85
7 2 42 87
7 2 42 91
3 2 42 92
2 2 46 93
4 2 43 93
8 2 42 97
6 2 42 99
2 2 41 2
6 2 41 2
7 2 41 3
6 2 41 6
6 2 41 16
2 2 43 17
7 2 41 16
8 2 41 18
4 2 41 19
1 3 41 21
5 2 41 24
5 2 43 23
8 2 41 25
4 2 43 26
1 3 41 25
7 2 41 24
6 2 41 25
2 2 41 26
3 2 41 26
5 2 41 27
8 2 41 27
2 2 41 28
2 4 41 31
1 2 41 33
2 3 41 34
6 3 41 38
3 2 41 38
5 2 43 37
6 2 43 37
6 4 41 44
3 2 41 54
1 2 41 55
6 2 41 59
5 2 41 61
4 2 43 60
8 2 43 60
5 2 42 62
3 2 42 61
5 3 41 69
2 2 43 68
7 2 42 71
3 3 41 75
5 2 41 78
6 2 41 79
2 2 42 78
8 2 41 86
4 2 41 87
5 2 43 88
4 3 43 88
7 2 41 90
2 2 41 92
7 2 44 91
5 2 42 91
2 2 42 93
3 2 42 94
8 2 41 91
8 2 41 99
2 2 40 17
5 2 40 32
8 4 40 33
4 2 40 36
7 2 40 44
3 2 40 46
2 4 40 48
4 4 40 51
8 3 40 51
1 2 41 50
6 2 41 50
5 2 40 53
6 2 40 64
3 2 41 64
8 3 41 63
6 2 43 64
1 2 41 62
2 2 42 61
4 2 41 61
2 2 41 65
7 5 41 66
4 2 40 64
4 2 40 67
3 2 40 66
1 3 40 68
8 2 40 73
8 2 42 72
6 3 41 72
1 2 40 78
8 4 40 82
3 2 41 82
7 3 41 82
6 3 40 96
5 2 41 97
1 3 41 98
2 2 39 3
7 2 39 6
5 2 39 20
8 2 39 19
7 4 39 21
8 2 39 26
1 2 39 30
4 2 39 35
3 2 39 35
2 2 41 34
5 2 39 35
5 4 39 46
2 2 43 48
5 2 40 48
8 2 40 49
3 2 41 48
1 2 39 45
7 2 39 51
8 2 39 54
6 2 39 53
5 2 39 56
1 2 39 58
8 2 39 58
1 2 42 57
8 2 39 66
7 3 39 69
3 2 39 72
3 2 40 72
6 2 40 71
5 2 39 71
2 2 39 79
4 2 40 78
2 2 46 77
6 3 39 81
7 3 39 88
2 2 40 89
1 3 39 92
1 2 41 91
5 2 41 91
3 2 41 92
1 2 41 94
6 2 41 95
6 2 40 91
8 2 40 94
7 2 39 91
4 2 39 98
2 3 38 1
7 2 38 1
6 2 38 3
4 3 38 8
2 2 42 10
2 2 38 12
3 2 46 13
4 2 46 14
4 2 39 13
4 2 42 12
4 2 38 12
5 2 38 14
2 2 41 13
6 2 40 13
5 2 40 13
1 2 39 12
1 2 38 20
8 2 38 21
1 3 38 25
7 2 38 29
8 2 39 30
2 4 38 34
8 2 38 37
6 3 38 41
3 2 45 40
3 2 39 42
4 5 38 46
6 2 39 45
7 2 39 46
1 2 38 48
2 2 38 48
3 2 38 49
5 2 38 49
2 2 38 53
3 2 38 52
2 2 38 56
6 2 38 57
7 2 38 58
5 3 38 63
3 3 38 63
5 2 38 87
6 2 38 89
5 3 38 94
3 2 38 95
8 3 38 96
3 2 37 2
8 3 37 7
7 2 37 9
3 2 41 10
5 2 41 11
3 6 37 12
2 2 39 15
7 2 37 12
5 3 37 17
1 2 37 22
6 2 37 25
4 2 37 33
7 2 37 35
7 2 37 42
1 3 37 42
7 2 41 40
5 2 38 40
1 2 39 39
2 3 38 40
4 4 37 43
4 2 37 49
8 4 37 61
1 3 37 69
4 3 37 72
7 2 39 73
5 2 37 83
7 2 39 84
5 2 39 85
4 2 39 85
1 2 38 84
8 2 37 87
8 2 37 90
3 2 37 89
4 2 37 88
2 2 37 94
7 2 38 93
4 2 38 92
5 3 37 97
6 2 36 5
2 2 39 5
7 2 36 5
1 2 37 4
1 2 36 9
8 2 36 12
1 2 36 14
3 2 36 17
2 2 36 19
3 2 36 21
7 3 36 24
8 2 36 26
5 3 36 26
2 2 36 27
3 3 36 30
5 2 36 32
7 3 36 38
2 2 38 37
7 2 36 50
1 2 36 49
6 2 37 48
5 2 36 51
8 2 36 52
2 2 36 57
6 2 36 61
7 2 39 61
1 3 39 60
2 2 39 62
4 3 36 63
8 2 37 65
6 2 37 66
8 4 36 63
5 2 36 66
5 3 36 73
2 2 37 73
4 2 36 75
6 2 37 75
3 2 36 77
4 2 42 76
7 2 41 76
7 2 36 78
8 2 37 78
7 2 37 79
1 3 37 80
5 2 36 81
3 2 36 91
7 2 36 95
2 2 36 98
7 2 37 99
6 3 37 99
1 2 36 100
6 2 35 2
1 2 35 1
1 2 35 6
5 2 35 6
6 3 35 7
6 2 35 12
5 2 35 13
2 2 35 21
6 2 35 33
7 2 35 33
1 2 35 33
5 3 35 35
1 2 35 48
1 2 35 51
2 2 35 61
3 2 35 72
5 2 35 75
8 2 35 81
2 2 35 86
7 2 35 87
6 2 35 90
8 3 35 94
1 2 37 93
8 2 34 1
1 2 34 5
8 2 35 4
4 2 37 3
6 2 37 4
3 2 37 3
5 2 36 3
1 2 34 7
1 2 34 18
4 2 34 19
3 2 34 19
7 2 36 18
1 2 35 18
6 3 34 18
7 2 34 21
3 2 36 22
6 2 36 23
2 2 38 23
8 2 37 23
6 2 37 23
5 2 36 23
4 2 34 22
3 2 34 26
7 2 34 28
2 2 34 30
8 2 34 35
7 2 34 45
8 2 35 44
2 2 36 45
7 2 35 45
8 2 38 46
6 2 38 46
3 2 38 47
2 2 34 46
3 2 34 47
5 2 34 47
3 2 34 61
8 3 34 61
7 2 36 59
4 2 34 62
7 2 34 65
7 2 34 71
2 2 34 72
8 3 34 74
3 2 34 82
3 2 37 83
8 2 36 83
5 3 34 87
2 2 34 87
8 2 34 90
1 2 33 1
8 2 33 7
2 2 34 8
5 2 35 9
7 3 34 9
7 2 35 10
2 2 34 10
4 3 33 7
3 2 33 16
2 2 33 17
2 2 33 20
3 2 33 30
8 3 33 34
2 5 33 37
3 3 33 37
3 2 35 39
8 2 36 40
4 2 36 40
8 3 33 40
2 2 33 41
4 2 33 45
6 4 33 50
7 2 33 53
8 2 33 55
1 2 33 57
1 2 33 63
7 6 33 74
1 2 33 73
4 2 33 83
1 2 34 84
4 2 35 85
6 3 33 85
3 3 33 87
7 4 33 89
6 2 33 88
3 2 33 98
1 2 32 9
6 2 32 13
3 3 32 14
3 2 33 14
1 2 36 15
7 2 33 15
4 2 34 16
4 2 32 17
6 2 32 26
1 2 32 38
4 3 32 42
3 2 32 40
6 2 32 43
5 4 32 45
3 2 33 43
8 2 32 46
3 2 32 49
7 4 32 56
3 2 32 62
6 2 32 67
8 3 32 79
4 2 34 80
2 2 33 79
1 2 32 78
2 7 32 82
5 2 32 94
6 2 37 93
7 2 32 95
4 2 33 94
6 4 32 98
5 3 31 1
5 4 31 10
7 2 31 13
2 2 31 15
1 2 31 22
6 2 31 32
2 2 32 31
5 2 32 31
3 2 32 32
6 2 35 31
3 2 35 32
6 2 31 30
8 2 31 31
2 3 31 32
7 3 31 35
8 2 31 38
6 2 31 38
6 2 31 40
5 2 31 41
7 3 31 40
5 2 32 39
8 2 31 40
4 2 31 48
1 2 32 48
7 2 31 47
5 2 31 56
8 2 33 55
4 3 31 57
1 2 35 58
8 2 34 58
2 2 34 58
8 2 32 58
2 2 31 66
6 2 32 65
7 3 31 68
5 2 36 68
4 2 35 69
2 2 33 68
7 2 31 72
8 4 31 71
3 5 31 76
2 2 32 77
5 2 33 78
5 3 31 77
6 2 33 76
1 2 33 76
7 2 32 76
8 2 31 76
3 2 31 77
3 3 31 80
8 2 31 84
6 3 31 88
2 2 31 91
7 2 36 92
1 4 31 91
3 2 31 96
5 3 31 99
3 2 30 1
8 2 30 2
2 2 35 3
4 2 34 3
7 2 32 3
3 2 30 5
8 2 31 4
3 2 32 5
2 2 31 3
4 7 31 5
7 2 30 7
3 2 30 26
8 3 30 28
3 2 30 31
2 3 30 40
8 5 30 42
1 2 30 44
3 2 30 43
2 3 30 46
1 2 30 49
2 2 30 53
6 3 30 61
6 2 31 60
7 2 32 59
6 3 30 66
3 2 30 68
7 2 32 69
4 2 30 68
3 2 30 72
2 3 30 74
6 3 30 77
4 2 30 78
8 3 29 6
3 2 29 23
5 2 31 23
2 2 34 24
4 2 29 22
6 2 29 30
1 3 29 35
5 2 29 43
2 2 29 55
4 2 37 54
3 2 29 55
5 2 36 54
3 2 31 56
7 2 33 55
6 2 32 55
7 2 29 58
4 2 29 58
5 2 29 57
2 2 30 58
5 3 29 64
7 2 29 66
1 2 29 67
1 2 29 75
4 2 29 76
8 2 29 82
8 2 29 84
2 3 29 85
1 2 30 86
7 4 29 87
6 2 28 7
8 2 28 11
4 2 28 11
2 2 28 22
1 3 28 33
7 3 28 37
1 3 31 36
7 2 31 37
5 3 28 38
1 2 28 51
1 2 30 51
3 2 33 52
4 3 30 50
7 2 28 52
2 2 30 52
8 2 30 53
1 2 28 55
2 2 35 54
2 2 28 58
4 2 28 60
5 2 29 61
6 3 28 63
7 2 28 61
2 3 28 65
4 2 28 64
1 2 28 70
5 2 33 70
3 2 33 70
2 3 32 70
2 2 28 82
6 2 28 86
7 2 28 85
5 2 28 84
1 3 28 87
2 2 28 91
3 2 28 92
1 2 32 92
3 2 32 93
6 3 32 92
5 2 32 94
8 2 28 94
7 2 30 93
1 2 31 94
4 2 29 94
8 2 29 93
2 2 28 98
7 2 30 97
3 2 34 96
2 3 34 96
2 2 30 96
1 2 29 97
1 2 28 99
7 2 27 3
1 2 28 4
5 2 27 4
4 2 27 7
2 6 27 13
2 2 27 19
8 2 27 28
2 2 29 27
1 2 29 28
4 2 28 27
7 2 28 27
3 3 27 30
4 3 27 31
7 3 27 33
3 4 27 39
2 2 28 38
6 2 28 38
5 2 27 45
2 2 27 51
4 3 27 54
6 3 27 53
8 3 27 56
6 5 27 58
8 6 27 61
8 2 27 63
8 2 27 69
4 2 27 72
4 2 27 74
8 2 27 75
4 2 27 77
6 2 27 94
5 2 27 93
6 2 27 96
1 2 27 97
4 3 27 98
5 7 26 20
6 2 26 23
4 2 31 24
8 2 30 24
5 2 30 25
7 2 29 24
8 2 29 25
3 3 29 24
4 2 29 23
4 3 26 23
3 3 26 24
5 4 26 24
2 2 26 27
5 2 28 26
5 3 26 28
6 2 26 34
4 4 26 37
1 2 27 38
3 2 27 38
4 2 27 39
8 4 26 50
8 2 28 49
3 2 26 51
7 2 26 53
3 3 26 54
4 2 26 53
5 2 26 52
2 2 26 54
7 6 26 64
7 2 27 64
1 2 27 65
4 3 26 66
8 2 27 68
1 2 28 69
7 2 27 69
6 2 26 66
3 2 26 66
5 2 26 72
7 3 26 74
8 2 26 90
3 2 28 89
6 2 27 89
2 2 27 88
2 2 27 91
1 2 26 90
7 2 26 92
5 2 26 96
8 2 26 95
7 2 26 97
6 2 25 5
2 3 25 4
7 2 26 6
7 2 30 7
1 2 27 7
1 2 28 8
6 2 25 28
3 2 25 28
3 2 26 28
7 3 25 30
3 2 32 31
7 2 25 35
3 2 25 34
8 5 25 33
8 2 25 41
6 2 25 42
1 2 28 43
6 3 28 43
5 2 27 43
1 2 26 43
4 2 25 46
6 2 25 45
7 3 25 47
5 2 27 47
4 2 25 49
5 2 25 55
5 4 25 63
1 2 25 67
3 3 25 69
8 2 27 70
6 2 25 70
7 3 25 71
1 2 25 73
2 2 25 76
2 2 25 86
8 2 26 86
3 4 25 85
8 4 25 89
1 2 25 88
6 2 25 88
2 3 25 93
4 2 25 96
4 2 26 95
3 3 26 96
8 2 28 96
5 3 25 97
6 2 26 96
4 2 26 96
1 2 25 96
8 2 25 97
1 2 24 1
3 2 24 4
7 3 24 6
2 2 27 7
3 3 27 7
5 2 24 6
8 2 24 12
7 2 24 11
5 2 28 10
3 3 24 10
1 2 27 10
4 2 28 9
6 2 28 11
8 2 27 9
7 2 27 10
5 2 27 11
4 2 24 15
1 2 32 15
5 2 32 16
6 2 31 16
2 2 29 14
4 2 28 14
1 2 28 13
8 2 29 14
8 2 27 15
7 3 27 15
3 2 29 14
5 2 28 14
2 2 26 16
1 2 30 17
6 3 26 17
4 3 26 18
2 2 27 17
3 2 24 15
1 3 24 15
4 4 24 17
4 5 24 32
1 2 24 34
6 2 24 33
1 4 24 37
3 4 24 44
3 2 24 46
7 3 24 53
4 5 24 55
5 2 24 57
2 2 24 65
4 2 24 72
8 2 24 77
1 2 24 83
8 2 25 82
7 2 27 81
8 2 24 88
7 2 24 88
2 2 24 89
4 2 24 94
3 2 24 99
6 2 23 6
7 2 23 21
8 3 23 21
5 2 26 20
1 3 23 24
1 2 24 26
4 4 23 28
4 2 23 26
6 2 23 48
4 3 23 48
1 2 24 46
4 2 23 50
7 2 23 50
3 2 23 50
2 2 23 51
1 2 23 54
6 2 23 58
4 2 24 59
7 3 23 77
8 2 29 78
5 2 23 80
6 2 25 80
8 2 27 79
2 2 23 80
5 2 25 81
3 2 23 79
4 2 23 80
7 2 23 80
7 2 23 93
8 2 22 7
5 2 22 8
4 3 22 24
7 2 22 27
6 5 22 28
1 2 22 29
5 2 22 31
4 2 28 31
7 2 28 31
1 2 24 30
2 3 22 39
5 2 25 37
4 2 22 43
2 2 22 44
7 2 23 45
5 4 22 59
2 5 22 65
6 2 23 63
6 2 22 65
1 2 22 64
2 2 22 65
7 4 22 67
8 2 22 70
7 2 22 72
3 3 22 74
1 2 22 72
8 2 22 74
4 6 22 74
1 2 22 75
3 2 23 76
5 2 23 76
8 2 22 76
2 3 22 78
3 3 22 81
7 2 23 82
3 2 26 83
5 2 23 83
6 2 25 83
4 2 25 83
2 2 24 83
7 2 22 83
1 2 22 83
3 2 22 84
5 2 22 86
6 3 23 85
2 2 22 91
6 2 23 90
1 3 22 98
2 2 22 98
8 3 21 1
2 2 22 2
7 2 21 3
1 3 21 4
2 3 21 8
4 2 24 9
5 3 23 8
2 2 22 8
3 2 21 7
1 2 21 11
6 8 21 18
7 2 21 22
4 3 21 22
3 3 21 33
7 3 21 40
4 2 24 40
8 2 23 39
4 3 21 39
7 2 21 43
5 2 21 47
2 3 21 52
6 3 21 53
3 2 21 54
5 2 25 55
7 2 24 55
7 3 21 58
3 2 21 61
1 2 21 60
4 2 22 61
8 4 21 61
8 4 21 64
8 2 21 67
4 2 21 66
3 2 21 70
7 2 21 78
2 3 21 93
7 2 20 1
2 5 20 3
1 2 26 2
4 2 22 2
1 2 20 7
4 2 20 9
7 4 20 10
7 2 25 12
1 2 24 12
3 2 23 11
3 3 20 10
6 2 20 11
8 2 20 14
7 3 20 17
5 2 21 17
6 2 23 18
7 2 21 16
6 2 21 16
8 2 21 18
7 3 20 24
8 4 20 31
8 2 20 39
4 2 20 42
4 3 20 50
5 3 20 66
2 2 20 70
6 2 20 72
2 2 20 73
2 2 20 76
3 3 20 77
4 5 20 84
2 2 20 87
8 2 20 86
3 2 20 88
6 2 20 94
2 3 21 93
7 3 20 95
4 2 20 98
5 2 20 99
2 3 19 11
5 2 19 17
2 8 19 22
1 2 19 25
8 2 19 26
7 5 19 32
3 4 19 48
1 2 19 46
3 2 21 45
1 2 21 45
3 6 19 56
3 2 20 56
7 3 19 54
4 2 19 57
2 2 19 57
4 2 21 57
7 4 19 63
1 2 20 62
5 4 19 70
8 2 19 78
5 2 19 83
7 3 19 89
8 2 19 88
5 2 19 88
3 2 19 90
7 3 19 94
2 2 19 98
7 2 19 100
6 2 19 99
4 3 19 100
3 2 18 1
6 2 21 1
5 2 19 1
5 2 21 2
7 4 18 11
2 3 18 35
5 2 18 33
2 3 18 43
5 2 18 55
1 2 18 57
2 2 18 60
6 2 18 74
4 2 18 81
3 2 20 80
6 2 21 81
4 2 21 82
3 2 18 88
2 3 18 89
1 2 19 91
7 2 18 89
5 2 18 92
3 3 18 93
2 2 17 17
6 2 17 17
6 2 17 23
3 3 17 34
5 2 17 41
8 2 17 42
1 2 17 43
6 2 17 48
8 2 18 49
7 2 18 48
3 2 17 52
2 4 17 78
4 3 17 78
1 2 17 88
8 2 17 91
8 3 17 94
7 3 17 98
3 3 16 3
6 2 16 9
1 2 18 9
6 3 18 9
5 2 16 20
8 2 18 19
5 3 16 23
4 2 16 24
5 2 16 25
7 2 16 27
4 4 16 28
8 2 16 31
4 2 18 30
4 3 16 32
1 2 16 32
1 2 16 46
2 2 16 46
4 2 22 45
7 2 21 45
6 3 16 45
7 5 16 47
3 2 16 45
6 3 16 46
4 4 16 50
7 2 16 53
3 2 18 53
7 2 18 52
5 2 16 58
8 2 16 69
3 2 20 68
1 6 16 69
3 2 18 71
8 2 18 71
8 2 17 68
4 2 18 67
6 2 18 67
5 2 18 68
2 2 16 68
1 2 16 78
5 2 16 80
7 2 16 83
3 2 16 82
3 2 17 81
3 2 16 99
2 2 16 100
5 2 15 14
6 2 23 13
4 2 19 15
5 2 17 15
2 2 16 15
8 2 16 16
3 2 15 20
2 2 16 19
3 2 20 18
8 2 15 23
5 3 15 27
2 2 15 35
3 2 15 36
5 2 17 36
5 3 15 49
6 2 16 50
5 4 15 53
8 2 15 53
2 2 15 54
1 3 15 57
5 2 15 62
6 2 17 61
5 2 16 62
3 2 18 63
6 4 15 72
4 2 15 72
5 2 15 74
8 2 17 73
5 2 16 73
1 3 15 80
6 2 15 82
2 2 15 85
6 2 18 86
5 2 22 85
1 3 15 86
3 2 15 87
6 4 15 89
5 2 15 94
4 2 15 95
5 2 20 95
3 2 20 96
4 2 17 95
7 2 15 96
2 2 15 97
6 2 15 98
4 2 14 2
1 2 17 3
6 2 21 2
3 2 19 2
4 2 19 2
5 2 17 4
4 2 15 3
7 2 17 2
1 2 14 1
2 2 14 5
6 2 16 6
6 2 17 5
7 2 17 7
4 2 16 5
3 2 16 5
3 2 16 7
4 2 16 7
2 2 15 5
6 2 15 7
4 2 14 10
6 2 14 17
4 2 15 18
7 4 14 18
2 2 14 20
6 2 16 19
8 2 16 20
2 2 14 22
3 2 14 28
1 2 14 30
2 2 20 29
3 2 18 29
1 2 17 29
5 2 17 29
8 2 16 29
2 2 14 30
1 3 14 35
4 2 19 36
8 2 21 37
6 2 21 38
2 2 20 37
6 2 18 36
7 3 14 38
8 4 14 48
3 2 14 48
2 2 14 51
1 2 14 53
3 2 14 55
8 2 17 55
4 2 14 56
1 3 14 60
6 2 14 61
4 2 14 66
1 2 14 67
4 2 14 70
3 2 14 71
7 4 14 71
4 2 14 82
5 2 14 85
6 2 14 85
3 2 14 84
5 3 14 83
6 2 13 1
3 4 13 8
3 3 13 12
8 2 13 11
8 2 15 12
3 2 13 16
5 2 13 15
2 3 13 17
2 2 13 27
1 2 13 29
7 3 13 31
3 2 15 32
6 2 16 33
7 4 15 33
8 2 14 32
2 2 13 34
1 2 13 42
1 2 14 43
3 2 14 43
4 3 13 42
7 2 13 42
2 4 13 44
1 2 13 49
6 2 13 52
1 2 15 51
8 2 15 51
3 3 13 51
7 2 13 50
8 2 13 51
5 2 13 58
5 2 14 58
2 2 19 59
6 2 19 59
2 2 14 59
1 2 15 59
3 2 13 66
7 2 13 69
5 2 13 70
6 5 13 71
2 4 13 81
2 2 13 85
1 3 13 84
4 2 13 85
3 2 13 92
5 2 13 99
2 2 12 1
8 2 13 2
2 2 13 3
8 3 13 4
6 2 13 5
1 2 12 1
3 4 12 2
7 2 12 12
5 2 18 13
5 2 12 13
1 2 13 13
8 2 12 14
7 2 15 13
1 2 15 13
8 2 14 13
7 2 12 15
1 2 12 15
3 2 12 23
6 3 12 26
7 2 12 35
8 2 13 34
4 3 13 34
8 3 12 36
5 2 14 38
5 2 18 39
1 2 21 40
1 2 17 37
2 2 15 39
1 2 16 40
2 2 16 39
7 2 16 39
4 2 12 38
8 2 13 37
6 2 12 45
4 2 13 46
1 3 13 47
6 2 12 55
8 2 13 54
1 3 12 54
1 2 13 55
2 3 12 53
4 3 12 62
1 2 12 70
2 3 12 74
3 3 12 81
2 3 12 84
1 2 14 85
3 2 14 86
6 2 13 86
2 2 13 87
3 4 12 87
2 2 11 1
7 2 11 5
5 2 11 8
8 3 11 9
1 3 13 8
8 2 13 7
3 3 11 13
1 2 11 18
4 2 11 17
3 2 11 16
3 2 11 22
8 3 11 24
7 2 12 23
7 3 11 26
1 2 12 25
3 2 12 26
8 2 12 26
6 2 12 25
1 2 11 26
2 3 11 35
7 3 11 35
6 6 11 38
5 2 14 40
3 3 14 41
2 2 14 42
3 2 11 37
4 3 11 44
2 2 11 46
4 2 12 47
4 2 11 49
1 2 11 57
7 5 11 68
6 3 11 74
5 2 15 75
3 2 12 74
7 2 16 75
6 2 19 76
2 2 18 76
4 2 16 76
8 2 12 75
7 2 13 76
8 2 11 78
5 2 11 80
4 3 11 86
1 2 11 97
8 2 14 97
4 2 16 96
1 2 14 97
7 2 15 96
7 5 11 96
6 2 13 95
4 2 11 99
2 2 10 4
6 2 10 18
4 2 11 19
2 2 10 20
8 3 10 23
6 2 10 22
5 2 10 33
3 2 10 36
8 2 10 37
2 2 10 41
7 2 10 42
1 2 10 45
7 2 10 52
5 2 10 51
3 2 10 53
7 2 10 54
6 3 10 60
7 2 13 60
4 2 13 59
8 2 12 59
3 2 12 60
8 2 10 62
6 2 15 63
3 2 17 64
4 2 17 64
7 2 14 63
5 2 11 63
2 4 11 64
1 3 10 62
5 3 10 64
3 2 10 62
6 2 10 63
3 2 10 75
8 2 10 76
4 2 10 76
7 2 10 77
6 2 12 77
2 2 11 77
8 2 17 78
1 2 10 90
5 2 13 89
8 2 14 90
8 2 10 93
4 2 15 92
7 2 10 92
6 2 15 91
8 2 11 91
4 2 11 92
6 2 10 93
5 2 10 97
1 2 11 96
5 2 10 99
3 2 10 98
4 3 10 99
7 3 9 10
5 2 9 8
2 2 12 7
2 2 9 7
3 2 9 9
4 2 9 10
3 2 9 25
6 4 9 27
3 2 11 28
6 2 9 33
4 2 9 33
1 4 9 33
5 2 9 42
3 2 9 46
4 4 9 50
4 2 9 57
1 2 9 59
2 3 9 60
5 2 9 59
5 2 10 60
8 2 9 64
8 2 9 66
2 2 11 67
3 2 9 66
1 2 12 65
6 3 9 69
4 3 9 70
7 4 9 72
5 2 9 75
3 2 9 77
3 2 9 79
1 2 10 78
3 2 10 79
2 3 9 79
7 2 9 81
8 2 9 81
5 3 9 85
8 2 10 84
7 2 10 84
2 5 9 87
2 4 9 92
5 2 11 91
3 2 13 90
8 2 9 95
3 2 11 95
1 3 9 96
2 2 9 98
7 3 8 2
8 2 8 5
1 2 8 11
1 2 11 11
5 4 8 14
2 2 10 13
5 2 9 17
1 5 8 22
7 2 8 25
4 2 8 31
3 2 8 33
7 3 8 43
3 2 8 42
6 2 8 41
6 2 13 40
7 2 10 40
5 2 8 49
2 3 9 48
3 2 8 49
6 3 8 50
2 2 8 53
7 2 8 56
6 3 8 65
4 2 8 67
2 2 8 67
5 3 8 73
2 2 11 73
1 2 8 74
6 2 8 80
1 2 9 81
2 2 8 82
3 2 8 84
2 2 7 2
4 4 7 1
5 2 7 5
3 2 7 6
2 2 7 6
5 2 8 6
3 2 8 6
8 2 8 7
6 2 7 13
8 4 7 15
4 2 7 13
3 2 7 14
2 2 9 15
8 2 9 15
1 2 7 16
2 3 7 19
8 2 9 18
1 2 10 19
7 2 10 19
7 2 7 21
1 3 7 28
8 2 8 27
4 2 8 27
5 2 7 27
3 3 7 28
2 2 12 30
2 3 7 31
5 2 7 34
2 2 7 38
8 3 7 41
5 3 7 42
4 2 7 44
5 2 7 52
6 4 7 56
7 2 7 62
2 2 7 61
7 2 7 65
4 2 7 66
1 2 7 76
6 2 7 86
2 2 7 86
3 3 7 87
7 3 8 87
6 2 9 89
8 3 9 89
6 2 7 97
5 3 6 1
7 3 6 6
1 2 7 8
5 2 7 8
6 3 7 9
7 2 8 10
6 2 10 11
6 2 8 11
1 2 6 5
4 3 6 5
4 4 6 11
4 3 6 19
5 2 7 18
6 2 8 17
7 2 7 18
4 2 6 27
8 2 6 30
1 2 6 34
7 2 6 33
6 2 6 44
8 2 6 53
3 2 6 52
5 2 6 53
2 3 6 55
1 2 6 60
7 3 6 61
6 2 6 66
1 2 6 71
2 2 6 75
3 2 6 83
4 2 6 83
2 2 6 84
6 2 6 87
8 2 6 94
2 4 5 7
8 2 5 9
1 2 5 20
7 2 5 29
1 2 7 30
3 2 8 31
8 2 7 30
6 2 5 28
1 2 5 29
7 2 5 28
4 2 5 30
6 2 5 30
2 5 5 42
1 2 5 44
8 3 5 50
1 2 5 49
1 2 9 48
2 2 9 49
8 2 5 55
1 2 5 55
7 2 5 56
3 2 5 66
7 2 5 69
4 2 5 73
1 2 5 85
5 3 5 87
4 2 5 88
2 2 5 89
7 3 5 93
8 2 7 95
4 2 5 92
7 2 9 91
6 2 9 91
1 2 8 91
6 2 5 94
6 2 6 94
7 2 6 93
1 2 6 93
2 2 5 96
4 3 5 95
3 2 4 1
5 3 4 4
1 2 4 5
5 2 4 6
2 2 4 14
4 2 5 13
1 2 5 12
3 2 4 15
5 2 4 26
2 2 5 25
1 2 4 37
6 2 9 36
7 2 8 36
5 2 4 38
3 2 4 41
1 2 9 40
5 4 4 45
8 4 4 45
3 2 4 47
6 2 4 49
5 2 4 52
4 3 4 55
5 3 4 57
8 2 4 66
6 3 4 67
1 2 4 68
4 2 4 69
6 2 4 70
3 2 4 69
8 2 5 68
7 2 4 71
6 2 4 72
1 2 6 73
7 2 5 73
5 2 4 71
2 2 4 73
7 2 6 74
3 2 4 80
5 2 6 79
5 2 4 81
6 2 7 81
6 3 4 82
7 3 4 84
1 2 4 88
5 3 4 95
1 2 4 95
8 2 3 1
5 3 3 13
1 3 3 14
1 2 3 21
3 2 3 26
6 2 6 25
2 2 3 27
7 4 3 40
2 2 9 39
2 2 4 39
8 3 3 49
7 2 6 48
4 2 5 48
6 2 4 48
5 2 4 48
2 3 3 57
3 2 6 57
7 2 5 57
4 2 6 58
1 2 4 57
8 2 4 58
7 2 3 62
8 2 3 68
3 2 4 67
2 2 3 67
5 2 3 69
1 2 3 70
7 2 3 73
8 4 3 75
4 3 3 81
8 2 3 91
2 2 6 90
2 2 3 94
8 2 3 95
6 3 2 2
2 2 2 4
1 3 2 5
3 2 2 7
6 2 2 13
2 2 2 17
1 2 2 18
3 2 5 19
4 2 5 20
7 3 2 19
2 2 2 21
6 2 3 20
8 2 3 21
5 2 3 22
4 2 2 23
3 2 4 24
2 2 2 25
8 2 2 26
2 2 2 31
7 2 2 33
8 2 2 33
5 2 5 34
4 2 3 34
4 3 2 36
3 2 7 36
5 2 2 37
8 4 2 38
4 2 2 39
7 2 4 40
5 2 4 40
3 2 2 40
3 3 2 43
4 3 2 43
3 2 2 44
2 3 2 44
7 2 2 44
4 2 2 44
5 2 2 43
7 2 2 43
5 2 2 48
7 2 2 54
7 2 2 58
8 2 2 57
3 2 2 59
1 2 2 60
6 3 2 60
2 2 3 61
7 3 2 65
3 2 2 72
6 2 2 71
2 3 2 72
7 2 2 80
3 3 2 82
6 2 2 84
5 2 2 88
7 2 2 89
2 2 2 88
2 2 1 9
3 2 5 10
8 2 1 11
4 2 1 14
3 2 1 34
4 2 1 41
4 2 2 40
4 2 1 57
3 3 1 60
2 2 1 67
4 2 1 71
1 2 1 72
2 2 6 73
5 2 6 73
1 2 2 73
5 3 1 77
1 2 1 92
