653
151
1 4 30 8
7 2 29 6
2 3 29 5
1 3 29 4
2 3 29 3
1 3 29 2
2 3 29 1
1 2 29 1
3 4 29 8
4 4 28 8
5 4 27 8
6 4 26 8
4 3 26 19
6 2 29 17
5 2 29 16
4 2 29 15
3 2 29 14
2 2 29 13
7 3 28 17
8 2 27 18
2 2 26 17
1 2 26 16
8 2 26 15
7 2 26 14
6 2 26 13
5 2 26 20
7 4 25 8
3 3 25 17
1 4 24 8
3 4 23 8
2 2 22 6
1 2 26 5
2 4 26 4
1 3 26 3
2 3 26 2
1 3 26 1
2 2 26 1
1 2 24 5
2 2 23 5
1 3 22 5
4 4 22 8
5 4 21 8
1 4 20 8
3 4 19 8
4 4 18 8
5 4 17 8
6 4 16 8
4 3 16 19
6 2 23 17
5 2 23 16
4 2 23 15
3 2 23 14
2 2 23 13
1 2 23 19
7 3 22 17
8 2 21 18
6 2 19 17
5 2 19 16
4 2 19 15
3 2 19 14
2 2 19 13
7 3 18 17
1 2 19 19
1 2 18 17
8 2 17 18
2 3 17 18
5 2 16 20
7 4 15 8
3 3 15 17
1 4 14 8
3 4 13 8
4 4 12 8
5 4 11 8
1 4 10 8
1 2 9 6
2 2 19 5
2 2 20 4
2 2 23 3
1 4 23 2
2 3 23 1
1 2 23 1
2 2 21 3
1 6 20 3
2 2 17 5
1 2 16 5
2 2 15 5
1 2 14 5
2 2 13 5
1 2 12 5
2 2 11 5
1 2 10 5
2 4 9 5
3 5 9 7
4 4 8 8
5 4 7 8
6 4 6 8
4 3 6 19
6 2 13 17
5 2 13 16
8 2 16 15
7 2 16 14
6 2 16 13
3 2 24 12
3 2 20 12
1 2 15 15
4 2 13 15
3 2 13 14
2 2 13 13
5 2 21 12
5 2 18 12
1 2 18 13
5 2 13 15
1 2 13 19
7 2 12 15
7 3 12 17
8 2 11 18
6 2 9 17
5 2 9 16
4 2 9 15
3 2 9 14
2 2 9 13
7 2 16 12
5 2 9 15
7 3 8 17
1 2 9 19
3 2 9 19
1 2 8 17
8 2 7 18
2 3 7 18
5 2 6 20
7 4 5 8
3 3 5 17
1 4 4 8
3 4 3 8
4 4 2 8
5 9 2 15
3 2 14 12
3 2 10 12
7 2 5 14
6 2 5 13
5 2 11 12
5 2 8 12
1 2 8 13
1 2 5 15
8 2 4 14
3 2 2 14
2 2 2 13
7 2 6 12
4 3 2 14
5 2 2 15
5 10 1 1
