64528
3494
4 2 50 3
3 3 50 6
5 2 50 8
4 3 50 9
5 156 50 12
2 5 50 22
1 2 50 24
5 4 50 26
2 4 50 27
6 3 50 32
3 2 50 33
1 2 50 34
4 2 50 35
1 2 50 38
4 2 50 39
1 2 50 44
1 2 50 49
5 2 50 53
1 2 50 59
1 4 50 66
4 2 50 72
5 3 50 73
1 3 50 74
2 3 50 80
6 9 50 81
6 2 50 86
2 2 50 88
4 2 50 92
3 5 50 93
3 2 50 96
3 3 50 99
5 2 50 110
1 2 50 113
3 2 50 116
4 2 50 117
2 4 50 119
6 2 50 127
2 2 50 137
3 3 50 141
5 2 50 147
4 2 50 153
5 3 50 155
4 2 50 156
4 3 50 160
2 4 50 163
1 4 50 170
6 3 50 179
2 2 50 182
5 2 50 190
2 2 50 191
3 3 50 192
5 4 50 196
5 2 50 200
6 2 49 2
4 3 49 30
6 2 49 45
3 2 49 49
6 2 49 53
5 2 49 57
3 2 49 56
2 2 49 56
5 2 49 62
2 2 49 62
4 2 49 63
1 4 49 64
4 2 49 69
4 3 49 77
4 3 49 81
3 2 49 85
1 2 49 88
4 2 49 89
3 4 49 90
2 2 49 95
5 2 49 101
6 3 49 102
2 2 49 106
3 2 49 106
3 5 49 112
2 3 49 114
1 2 49 117
6 2 49 122
3 2 49 123
5 3 49 132
5 6 49 135
2 2 49 139
5 2 49 140
2 2 49 143
6 2 49 144
6 3 49 159
3 2 49 161
2 3 49 161
2 2 49 165
6 3 49 166
5 4 49 168
6 3 49 171
4 5 49 174
4 4 49 180
3 3 49 182
5 2 49 187
1 2 49 186
4 2 49 194
2 3 49 195
6 2 49 198
1 2 48 2
6 2 48 5
5 6 48 6
6 2 48 21
1 2 48 23
6 2 48 28
3 2 48 36
5 2 48 35
5 2 48 38
4 5 48 40
2 2 48 42
5 4 48 42
2 2 48 44
2 2 48 49
3 3 48 51
1 7 48 52
5 2 48 54
1 2 48 55
6 3 48 59
3 2 48 68
3 2 48 71
2 2 48 70
5 4 48 71
3 2 48 75
2 4 48 75
5 2 48 98
6 2 49 97
3 2 48 97
3 5 48 100
5 2 48 105
4 2 48 109
4 2 48 111
6 3 48 112
4 3 48 123
2 3 48 127
4 2 48 128
4 3 48 130
3 2 48 133
2 2 48 135
6 2 48 139
3 10 48 141
3 2 48 143
4 2 48 144
6 2 48 151
2 2 48 153
6 2 48 155
3 2 48 157
2 2 48 167
1 2 48 168
5 2 48 171
2 2 48 176
1 2 48 177
3 3 48 178
4 6 48 186
5 3 48 186
3 3 48 189
1 3 48 197
5 2 48 198
4 4 47 2
6 2 47 3
4 5 47 22
2 3 47 27
1 4 47 31
4 3 47 32
2 2 47 33
6 2 47 34
4 3 47 36
3 2 47 39
1 2 47 41
3 4 47 43
4 2 47 42
2 2 47 58
4 4 47 61
3 6 47 66
2 2 47 67
1 2 47 68
5 3 47 68
2 3 47 77
6 2 47 75
3 2 47 78
5 2 47 80
2 4 47 82
5 2 47 88
4 2 47 90
6 3 47 91
1 2 47 98
3 2 47 102
1 2 47 105
2 3 47 109
5 4 47 118
4 2 48 120
3 2 47 122
3 2 47 124
4 2 48 125
5 3 48 125
1 3 47 126
3 2 47 127
6 2 47 130
3 2 47 130
2 7 47 132
1 2 47 134
4 2 47 136
2 2 47 149
6 2 47 148
3 2 48 147
2 2 48 148
4 2 47 150
5 2 47 153
1 3 47 152
6 2 47 157
5 2 47 156
1 2 47 164
4 3 47 164
4 2 47 167
4 3 47 169
2 5 47 171
4 3 47 179
5 4 47 181
1 3 47 184
1 2 48 183
2 3 47 187
6 2 47 196
5 2 46 23
6 3 46 32
5 2 46 37
3 3 46 41
4 3 46 45
5 4 46 47
6 2 46 48
2 3 46 54
6 2 46 53
5 3 46 58
3 3 46 59
2 2 46 69
1 3 46 75
6 2 46 78
6 3 46 83
4 2 46 92
4 2 46 96
5 3 46 103
3 2 46 108
1 2 46 107
5 2 46 106
4 3 46 110
4 2 46 116
2 3 46 126
6 2 46 136
1 2 46 144
2 2 47 145
1 2 47 146
6 2 46 145
5 2 46 148
1 2 46 149
2 2 46 154
1 6 46 159
5 2 46 163
2 3 46 177
2 2 46 182
4 3 46 184
4 4 46 189
1 2 46 192
5 5 46 191
6 2 46 198
4 2 47 199
3 2 45 1
4 3 45 3
4 2 45 5
3 2 45 7
4 6 45 26
6 4 45 30
3 3 45 34
4 3 45 52
3 2 45 54
4 4 45 58
3 2 45 62
6 2 45 66
1 2 45 67
6 2 45 73
4 2 45 72
2 2 46 71
6 2 45 71
5 2 45 74
5 2 45 78
6 2 45 80
1 2 45 82
3 2 45 90
6 2 45 89
6 2 45 92
2 3 45 94
5 3 45 95
1 2 45 99
6 3 45 99
2 2 45 106
6 2 45 107
1 2 45 107
5 2 45 109
3 3 45 111
2 2 45 113
1 2 45 113
5 2 47 114
3 2 45 117
5 2 45 116
2 2 46 115
5 3 45 121
3 2 45 132
4 2 45 134
6 6 45 135
4 4 45 138
4 2 45 140
6 2 45 142
2 2 45 145
4 2 45 150
3 3 45 151
6 2 45 155
3 3 45 163
5 2 45 165
2 3 45 166
6 2 45 168
1 4 45 170
1 2 45 172
2 2 45 179
5 3 45 183
3 3 45 185
6 2 45 188
3 3 45 190
4 5 45 196
2 4 45 198
6 3 44 1
2 3 44 1
2 6 44 4
2 2 44 22
3 2 44 21
2 3 44 32
6 2 44 36
1 2 44 35
2 3 44 36
5 2 44 41
2 2 44 43
5 2 44 44
4 2 44 45
1 2 44 48
3 2 44 56
6 2 44 60
2 3 44 62
2 5 44 64
1 9 44 70
2 2 44 75
6 3 44 76
3 2 44 78
4 2 44 81
5 2 44 82
5 2 44 84
4 4 44 91
3 2 44 94
1 2 44 95
3 3 44 97
2 2 44 99
4 2 44 105
2 2 45 104
1 2 47 103
1 3 45 103
4 2 44 103
6 2 44 104
3 2 44 104
2 3 44 117
2 3 44 120
6 2 44 121
2 2 44 122
4 3 44 123
1 3 44 125
2 2 44 128
1 2 46 129
5 3 44 136
1 2 44 137
6 3 44 148
4 5 44 152
3 4 44 153
4 2 45 155
6 2 44 162
4 2 44 162
5 2 45 161
3 2 44 161
6 2 44 165
2 2 44 175
3 2 48 175
5 2 46 174
2 2 46 175
3 2 44 177
2 2 44 181
2 2 44 190
5 2 44 192
6 2 45 193
1 2 46 194
3 2 43 1
5 2 43 2
6 2 43 6
4 4 43 22
1 2 43 22
5 2 43 26
2 2 43 26
3 3 43 27
2 3 43 28
4 2 43 31
1 2 43 34
4 2 43 40
2 2 44 40
1 4 44 41
1 2 43 44
1 2 43 46
2 3 43 47
1 2 45 48
5 5 43 48
6 2 44 50
4 2 44 50
2 3 43 51
4 5 43 57
6 3 43 65
3 3 43 68
4 2 43 74
5 2 43 75
4 2 43 76
1 3 43 78
3 2 43 84
6 2 43 90
6 2 43 93
4 2 43 94
1 6 43 102
6 3 43 107
2 3 43 108
1 2 43 114
3 2 44 113
4 4 43 120
1 5 43 120
5 2 43 124
6 5 43 125
1 3 43 128
5 2 45 129
4 2 43 130
1 2 43 131
3 4 43 133
3 2 43 148
1 5 43 149
5 4 43 151
1 3 43 155
3 2 43 158
6 4 43 159
2 2 43 162
3 3 43 166
4 2 43 168
4 2 43 171
5 2 43 171
4 2 43 179
2 3 43 184
3 3 43 187
2 2 44 186
2 4 43 192
3 3 43 193
3 2 45 194
4 2 43 193
2 3 43 194
5 3 43 196
6 3 43 198
1 4 43 198
1 4 42 6
2 5 42 24
5 4 42 28
2 3 42 31
5 2 42 32
6 2 42 35
3 2 42 36
1 2 42 37
6 2 45 38
4 3 42 37
3 2 42 42
6 3 42 46
3 2 42 47
2 3 42 49
5 2 42 50
3 3 42 51
3 3 42 59
5 3 42 61
3 2 42 63
6 2 42 67
3 2 42 75
2 3 42 79
3 3 42 80
4 4 42 82
4 2 43 85
3 2 46 86
6 2 43 85
3 3 43 86
6 2 42 87
3 2 45 87
1 2 44 86
6 2 43 86
4 2 42 86
5 2 42 89
2 2 42 90
5 3 42 92
4 6 42 98
3 2 42 102
6 3 42 104
4 2 42 110
2 3 42 112
6 5 42 111
3 3 42 115
6 2 43 115
5 2 42 115
4 2 42 114
2 2 42 122
3 3 42 126
4 2 42 127
1 2 42 135
3 8 42 138
3 2 42 141
2 2 45 142
4 2 45 143
5 2 42 144
3 2 43 143
5 2 43 144
4 4 42 144
1 2 42 142
3 4 42 145
2 2 42 157
6 3 42 156
2 3 42 155
1 2 42 164
5 3 42 165
4 2 42 165
2 2 42 172
1 2 42 173
5 2 43 174
4 3 43 174
6 3 42 173
3 3 42 174
5 2 42 181
4 3 42 184
1 2 42 183
3 3 42 182
6 2 42 184
5 3 42 194
3 2 41 5
5 3 41 23
6 3 41 25
6 3 41 29
6 5 41 32
6 2 41 37
2 2 41 43
6 2 41 53
4 3 41 61
1 3 41 63
4 2 41 69
6 2 41 74
5 3 41 76
6 2 41 78
5 2 41 80
5 3 41 83
1 4 41 93
2 2 41 100
3 2 41 99
4 2 41 101
2 2 41 107
6 2 41 109
1 4 41 111
2 2 41 114
1 2 42 115
1 3 41 122
6 3 41 126
2 5 41 136
5 4 41 137
2 4 41 152
2 2 42 151
2 2 41 153
5 2 41 155
4 3 41 160
6 3 41 167
2 5 41 170
1 2 41 174
3 3 41 176
4 2 43 176
1 2 42 175
4 2 41 176
1 2 41 178
4 3 41 182
4 2 41 184
1 3 41 190
1 6 41 196
6 2 40 1
5 3 40 3
2 3 40 3
4 2 40 4
3 2 40 9
3 2 42 8
6 2 42 8
6 3 40 23
1 2 40 28
4 2 40 29
3 2 40 29
1 3 40 30
3 6 40 31
1 2 40 35
2 2 41 34
5 3 40 48
6 2 41 47
2 2 41 47
2 2 40 51
5 2 40 54
4 2 44 55
3 2 44 56
5 2 43 55
1 2 42 55
1 2 40 53
3 2 40 54
3 2 40 61
6 2 40 65
2 5 40 70
2 3 40 72
6 3 40 80
2 5 40 81
5 4 40 86
6 7 40 89
2 2 41 88
1 2 41 87
4 2 40 89
2 5 40 93
1 2 40 97
5 4 40 98
5 3 40 107
1 2 40 105
1 2 40 115
3 2 40 118
1 2 41 117
4 2 41 117
5 4 40 124
2 5 40 125
3 2 40 127
1 3 40 134
6 2 40 133
2 4 40 133
1 2 40 131
2 2 42 130
5 2 42 131
6 2 41 131
4 2 40 137
1 2 40 142
4 2 40 151
3 3 40 150
4 2 40 149
1 3 40 153
3 2 40 155
2 2 40 156
5 7 40 157
2 2 40 160
2 2 40 165
3 4 40 167
3 2 40 169
5 2 40 172
4 2 40 175
6 4 40 179
6 2 40 185
4 2 40 190
6 3 40 192
2 3 40 193
6 2 40 195
4 2 40 199
4 2 39 1
2 2 39 1
3 3 39 5
4 2 39 6
6 2 39 26
4 3 39 43
1 2 39 51
6 5 39 54
1 2 39 58
1 2 41 57
5 3 41 57
4 3 39 59
2 5 39 60
5 3 39 68
1 2 39 70
3 2 39 73
3 2 39 77
2 3 39 76
6 2 39 81
1 3 39 87
5 2 39 87
3 2 39 89
6 8 39 95
1 3 39 100
5 2 40 100
2 3 40 101
6 7 39 102
2 2 39 113
4 2 39 113
5 4 39 115
3 2 39 117
5 2 39 118
6 2 39 123
5 3 39 126
5 3 39 130
1 2 39 129
4 2 39 131
2 2 39 149
2 2 40 148
5 4 40 149
1 2 39 159
2 2 39 163
6 2 39 163
4 2 39 163
5 3 39 164
6 3 39 169
1 4 39 171
3 3 39 173
6 2 39 176
5 2 39 176
2 2 39 178
2 4 39 182
1 2 39 181
5 3 39 196
1 3 39 197
5 2 39 199
3 2 38 2
2 3 38 4
1 2 38 3
3 2 38 7
4 2 38 8
2 5 38 23
6 2 38 28
2 3 38 32
1 2 38 34
5 2 38 34
1 5 38 43
2 2 40 42
6 2 40 42
5 2 38 43
1 2 38 48
1 2 39 47
3 6 39 48
6 2 38 46
5 2 40 45
3 2 39 45
5 2 38 50
6 3 38 52
3 2 38 53
1 2 38 65
5 2 39 64
5 4 38 66
5 2 38 73
1 2 38 74
3 3 38 75
5 2 38 74
3 3 38 79
1 2 38 78
4 2 38 82
2 5 38 85
3 5 38 88
5 2 38 89
4 2 38 93
5 2 38 96
3 2 38 100
1 2 38 105
2 4 38 104
3 2 38 104
6 5 38 106
2 2 38 119
1 4 38 121
3 2 38 120
4 2 38 126
6 2 38 128
6 3 38 135
2 2 38 141
2 2 40 142
5 2 38 140
2 2 38 145
5 2 41 146
2 2 39 146
3 2 38 144
1 2 38 145
2 2 38 144
1 2 38 150
2 6 38 153
4 2 38 160
6 2 38 159
3 2 38 160
5 3 38 162
2 4 38 164
6 3 38 166
4 2 38 170
3 2 38 175
2 2 38 174
1 2 38 178
5 2 38 181
6 7 38 182
3 2 38 189
2 2 42 188
4 4 38 188
6 3 38 187
1 2 40 186
5 3 40 186
1 2 38 187
1 2 38 190
2 2 38 191
3 2 38 194
6 4 37 3
3 2 37 4
5 2 37 6
2 3 37 7
6 2 37 14
4 3 37 24
3 2 37 26
5 3 37 28
1 3 37 30
3 6 37 35
4 2 37 46
5 4 37 48
4 3 37 50
2 5 37 53
3 3 37 57
6 2 39 56
5 3 37 56
2 2 37 56
6 2 37 60
1 2 37 61
4 2 38 62
2 4 37 63
6 2 37 67
6 2 37 74
6 3 37 78
4 2 37 97
2 2 37 98
2 3 37 100
3 3 37 106
1 2 39 108
3 2 39 109
4 2 37 109
5 2 37 119
6 2 38 119
4 2 37 120
3 4 37 124
4 2 37 128
4 2 38 129
6 5 38 130
3 2 37 132
3 3 37 146
6 2 37 148
1 3 37 162
4 2 37 165
3 3 37 168
4 3 37 167
1 5 37 168
2 3 37 186
5 2 37 190
3 3 37 193
5 3 37 198
1 2 38 199
6 3 37 198
3 2 37 198
1 3 36 2
5 2 36 1
5 4 36 4
1 2 36 6
3 2 36 8
4 7 36 17
1 2 38 21
5 2 38 22
5 2 36 24
2 2 36 27
4 3 36 31
2 3 36 35
5 5 36 36
4 3 36 38
1 2 39 38
6 2 40 39
3 2 38 38
2 2 36 41
2 2 37 41
5 2 38 40
6 2 36 43
1 3 36 53
3 3 36 55
4 3 36 57
5 2 36 60
3 2 36 63
3 2 37 62
6 4 36 62
4 2 36 65
4 2 36 74
4 9 36 88
2 4 36 90
6 3 36 96
3 3 36 103
4 3 36 105
3 3 36 109
6 2 37 110
4 2 37 111
1 2 36 110
5 4 36 111
5 2 36 112
4 2 36 118
1 2 37 117
6 2 37 118
3 3 36 119
6 2 36 122
4 2 36 125
2 2 36 126
5 3 36 128
2 2 36 128
2 2 36 134
5 2 36 136
1 2 36 140
6 3 36 142
5 2 38 142
4 2 37 142
5 2 36 145
6 3 36 154
5 2 36 161
6 3 36 164
2 5 36 168
1 2 36 176
2 4 36 176
2 4 36 178
5 2 36 182
3 2 36 189
6 2 36 194
5 2 36 200
4 4 35 2
3 3 35 6
4 3 35 7
6 2 36 9
3 6 35 10
2 33 35 13
6 3 35 23
5 4 35 28
1 2 35 26
6 2 35 32
4 2 35 35
1 4 35 39
2 2 37 39
5 2 37 38
4 2 37 37
3 2 37 40
6 3 35 41
5 2 35 42
4 2 35 43
4 2 35 49
5 2 35 51
5 2 35 54
2 2 36 53
4 3 36 54
3 2 35 58
6 2 35 57
5 3 35 63
5 2 35 65
2 2 36 66
1 3 36 67
2 3 35 65
3 4 35 66
5 2 35 68
4 2 35 70
6 2 38 70
3 2 37 69
4 3 37 70
6 2 36 69
1 2 35 69
6 5 35 71
2 2 35 75
1 2 35 76
3 4 35 78
4 2 35 85
6 2 35 93
1 2 35 92
4 3 35 92
6 2 36 91
3 2 36 91
5 3 35 98
2 2 35 103
5 2 35 106
2 2 35 107
1 3 35 112
6 2 35 111
2 2 35 111
5 2 35 115
4 2 35 117
6 2 35 119
5 2 35 123
3 2 35 122
5 2 35 128
4 3 35 134
3 3 35 136
4 5 35 140
3 2 35 139
6 2 35 138
3 2 35 137
5 2 35 140
6 2 35 141
2 4 35 143
3 3 35 144
6 2 35 145
5 2 35 147
2 4 35 147
3 2 35 146
2 2 35 149
3 2 37 150
3 2 35 150
3 4 35 152
4 2 36 154
6 2 35 159
2 2 35 162
5 3 35 165
4 2 35 167
3 2 35 171
3 2 35 183
4 4 35 184
1 3 35 186
2 2 35 188
5 2 35 188
3 3 35 192
5 2 35 196
4 5 34 22
5 2 34 25
6 2 34 26
6 2 34 29
5 2 34 31
2 2 34 34
5 2 34 35
2 2 34 44
3 2 34 44
6 2 34 48
3 2 34 53
5 4 34 58
1 4 34 59
2 2 34 66
3 3 34 75
5 3 34 79
4 2 36 79
5 2 35 79
5 2 34 82
2 2 36 83
1 2 37 84
4 2 36 84
3 2 36 83
1 2 35 83
1 2 36 82
4 2 36 83
5 2 34 85
6 2 34 88
2 4 34 91
1 2 34 90
4 2 34 90
5 2 34 92
1 2 34 96
4 2 34 98
5 2 34 101
1 2 35 100
2 2 34 105
3 2 34 104
1 2 34 105
1 2 34 107
2 4 34 113
2 4 34 116
6 3 34 116
4 2 34 123
2 3 34 125
4 2 34 130
3 2 35 129
2 2 34 137
2 2 37 138
1 2 35 138
6 2 35 138
3 2 34 138
4 2 34 145
5 2 34 147
6 2 34 149
1 2 34 153
5 2 34 154
4 3 34 157
5 2 37 158
2 2 36 156
1 3 35 156
3 2 35 155
3 3 34 159
6 4 34 161
4 2 34 170
1 2 34 169
5 2 34 171
3 4 34 175
1 2 34 179
5 4 34 182
3 3 34 186
4 2 35 185
6 2 35 186
2 3 34 193
3 2 34 195
4 5 34 196
4 2 35 197
6 2 35 197
6 4 33 2
1 9 33 9
6 3 33 19
1 2 33 18
4 8 33 20
4 2 33 26
2 6 33 28
4 7 33 39
1 2 33 44
4 5 33 45
3 3 33 48
5 5 33 50
6 3 33 52
5 2 33 55
4 3 33 60
3 2 33 61
6 2 33 64
4 3 33 67
2 2 33 67
4 2 33 68
2 2 34 69
4 2 33 77
2 6 33 79
1 2 33 84
2 2 33 84
3 2 33 85
2 5 33 88
3 2 33 91
3 3 33 94
5 2 33 95
1 2 33 94
2 2 33 94
1 2 33 98
5 2 33 104
4 2 33 108
1 3 33 109
6 2 33 112
5 2 33 111
4 3 33 121
2 3 33 119
5 3 33 121
3 2 33 122
3 4 33 130
1 4 33 131
2 2 33 132
1 5 33 141
1 2 34 140
2 2 33 140
5 3 33 145
1 3 33 146
3 2 33 148
6 2 33 151
4 2 33 152
6 2 33 151
1 2 33 155
6 2 33 156
5 4 33 157
4 3 33 159
4 2 33 162
3 2 33 163
6 2 33 164
3 3 33 168
1 2 33 176
3 2 33 178
5 2 34 179
4 2 35 180
3 3 35 180
1 3 34 180
4 5 33 179
3 3 33 189
1 2 35 191
6 4 35 190
5 2 33 191
5 2 33 194
3 2 33 197
6 2 32 5
6 8 32 8
3 7 32 17
1 3 32 25
1 2 33 24
3 3 32 29
6 3 32 36
3 2 34 36
6 2 34 37
3 2 32 35
2 2 33 36
1 3 32 38
2 6 32 38
5 3 32 43
2 2 32 47
4 2 32 53
4 2 32 56
2 3 32 57
4 2 32 61
6 6 32 62
3 4 32 70
4 3 32 76
6 2 32 79
4 2 32 79
1 3 32 80
1 2 32 83
2 3 32 86
3 3 32 88
2 3 32 92
5 4 32 94
3 2 32 96
1 2 32 102
6 2 32 101
3 4 32 107
4 3 32 108
2 2 32 116
1 2 32 118
5 2 32 118
3 2 32 119
3 2 32 126
6 2 34 125
5 2 33 125
1 2 33 124
6 2 33 127
6 3 32 133
4 2 33 132
5 2 34 133
3 2 34 134
5 2 33 134
4 4 32 138
4 2 32 149
4 2 33 148
5 2 32 148
1 4 32 150
1 3 32 154
2 2 32 159
4 2 32 161
5 2 32 162
1 3 32 165
4 2 32 173
1 2 34 172
6 2 34 172
5 2 32 174
6 2 32 176
4 2 32 184
6 2 32 187
3 2 32 193
4 2 32 192
6 3 32 193
3 3 31 2
2 2 32 3
3 2 31 6
4 15 31 9
3 3 31 22
1 2 32 21
5 2 31 28
2 2 31 33
1 2 32 33
5 5 32 33
3 4 31 32
2 4 31 35
3 4 31 38
4 3 31 46
1 2 31 53
6 4 31 54
3 3 31 64
2 2 31 68
5 3 31 68
2 3 31 75
5 2 32 76
4 2 31 82
3 2 31 83
6 7 31 84
4 2 31 97
1 5 31 97
2 2 31 95
6 3 31 98
3 2 33 99
2 5 31 99
6 2 33 100
4 2 33 99
2 2 32 99
4 2 31 100
5 3 31 102
6 3 31 106
2 3 31 114
3 2 34 114
1 2 34 115
3 2 31 114
4 2 31 115
6 2 31 116
1 2 31 117
3 9 31 117
3 4 31 123
6 3 31 127
1 3 31 136
2 2 31 135
5 4 31 136
3 2 31 143
5 2 31 152
6 2 31 157
6 4 31 159
2 3 31 166
5 2 31 172
5 2 32 171
1 2 32 171
3 2 31 174
6 2 31 178
2 2 38 177
4 2 36 177
5 3 36 178
2 2 31 181
3 2 31 182
1 2 31 189
2 2 32 190
5 2 31 188
4 2 31 187
3 3 31 195
4 2 30 1
4 2 30 4
2 2 30 24
4 2 30 30
1 3 30 31
1 2 30 36
3 4 30 40
5 2 30 46
3 4 30 49
4 2 30 50
4 2 31 51
6 3 30 49
5 2 30 55
1 2 30 58
4 4 30 60
1 5 30 62
2 2 30 62
1 4 30 69
5 2 30 74
1 2 31 73
2 3 31 72
1 3 30 76
2 2 30 76
2 2 30 79
3 2 30 82
4 2 30 85
4 2 30 87
2 2 30 88
5 4 30 89
4 3 30 92
6 2 30 93
4 2 30 94
5 7 30 101
1 3 30 108
5 2 30 112
2 2 30 116
6 2 30 120
6 2 30 123
5 2 30 126
3 4 30 128
1 3 30 132
5 2 30 131
3 3 30 130
2 3 30 133
6 3 30 135
4 4 30 144
2 2 30 146
1 4 30 149
5 5 30 151
2 2 30 158
4 5 30 163
6 2 30 164
3 7 30 164
4 3 30 176
2 2 30 177
3 2 30 180
5 3 30 182
4 3 30 183
2 4 30 185
3 3 30 188
2 2 30 189
6 2 30 194
2 3 30 193
1 2 30 197
5 4 30 198
3 2 31 199
6 2 30 197
2 3 29 5
1 2 29 5
2 4 29 14
4 3 29 23
3 8 29 25
2 2 29 25
3 2 29 28
2 6 29 32
6 2 29 38
6 3 29 43
1 4 29 43
6 3 29 46
2 3 29 48
1 3 29 51
2 2 29 51
3 2 29 55
2 2 29 56
4 3 29 64
6 2 29 69
4 2 29 73
2 4 29 73
3 2 29 77
4 2 29 80
6 3 29 81
3 2 29 86
4 3 29 88
3 3 29 104
4 2 29 107
3 3 29 109
3 2 29 114
5 2 29 117
6 10 29 119
1 3 29 121
6 3 29 126
5 2 29 129
1 4 29 135
6 3 29 137
1 3 29 142
2 3 29 143
1 4 29 146
3 2 30 147
4 2 29 147
6 3 29 150
3 3 29 156
5 3 29 159
2 3 29 161
4 2 29 164
5 3 29 167
1 2 29 170
2 2 29 174
2 2 33 173
6 3 29 179
1 2 29 183
3 2 29 185
4 3 29 186
6 9 29 188
1 4 29 189
5 4 30 189
3 2 30 189
3 2 30 192
1 3 28 1
2 2 28 2
1 2 28 1
6 3 28 3
6 2 28 21
2 2 34 21
6 2 34 21
3 2 28 21
6 4 28 27
5 2 30 26
3 2 28 33
6 2 28 33
1 3 28 34
3 3 28 38
5 2 28 40
2 2 30 41
5 2 29 41
3 4 29 42
5 6 28 47
6 3 28 55
4 2 28 56
5 4 28 63
5 2 28 66
2 2 28 66
3 2 28 76
2 3 28 77
1 5 28 80
4 2 28 83
2 2 28 87
6 2 28 94
4 2 28 95
2 3 28 95
6 2 28 95
3 3 28 97
6 2 28 99
1 2 28 104
6 2 28 107
5 6 28 108
6 2 28 114
6 2 29 113
1 3 28 113
2 2 28 118
3 4 28 125
1 2 28 124
5 3 28 128
3 2 28 129
6 2 29 129
1 2 29 129
2 5 28 130
5 2 28 140
3 2 30 139
6 2 28 144
3 9 28 146
1 2 28 152
5 2 29 152
3 2 28 154
4 3 28 155
3 2 28 158
2 2 28 159
1 4 28 161
6 2 29 162
5 2 28 162
1 2 28 167
3 2 28 168
3 5 28 176
6 2 28 177
3 2 28 178
6 2 28 183
5 2 28 184
5 5 28 189
4 3 28 191
6 2 28 194
6 8 28 198
2 2 29 199
4 2 28 196
5 4 27 2
4 2 27 5
4 2 28 6
2 2 27 7
1 2 27 7
5 4 27 6
2 4 27 7
3 3 27 9
5 160 27 10
2 2 29 21
1 4 27 26
3 2 27 28
3 2 27 50
4 4 27 65
3 2 27 73
1 2 30 72
3 2 31 71
5 2 30 71
4 2 27 75
1 4 27 75
5 7 27 78
1 2 27 88
1 2 27 99
2 3 27 109
6 2 31 110
1 2 31 111
1 2 28 110
6 2 28 111
5 2 27 111
4 5 27 113
6 3 27 122
5 2 27 124
4 2 27 123
6 2 27 125
1 2 27 126
5 2 27 132
2 3 27 134
5 2 27 134
4 3 27 138
1 2 27 137
4 3 27 143
5 2 27 148
1 2 27 147
2 2 27 147
6 2 27 163
5 3 27 164
4 2 27 165
4 3 27 168
3 2 27 173
3 2 30 172
2 2 30 172
4 3 29 171
2 3 27 175
5 2 27 181
3 4 27 183
2 2 27 194
5 3 27 195
2 2 26 3
1 2 26 8
1 4 26 22
2 2 26 26
5 2 26 32
6 2 27 33
4 2 26 33
6 2 26 38
2 2 27 39
1 2 27 39
3 2 26 44
4 2 27 44
2 2 26 52
3 2 26 53
2 3 26 57
3 2 27 58
1 2 26 56
5 4 26 60
2 2 26 58
3 2 26 61
6 5 26 64
6 3 26 70
1 2 26 69
3 2 28 68
4 2 27 68
3 2 26 68
3 3 26 72
5 2 27 73
6 3 27 73
1 2 26 77
3 3 26 79
5 2 26 84
2 3 26 85
6 3 26 88
1 2 26 90
5 3 26 90
2 2 26 91
4 4 26 95
6 2 26 97
4 2 26 104
2 2 26 105
3 2 26 106
6 3 26 107
3 2 26 108
6 2 26 119
5 3 26 123
3 5 26 136
5 2 26 139
1 3 26 141
3 2 26 140
2 2 26 140
6 2 26 142
5 2 26 144
6 2 26 152
3 2 26 151
2 3 26 152
4 2 26 153
2 2 27 154
6 3 26 154
6 2 26 167
5 4 26 169
1 2 26 175
6 3 26 182
2 2 26 182
2 4 26 188
4 3 26 190
3 3 26 194
1 2 26 195
4 5 26 197
3 3 25 4
5 2 25 4
6 3 25 5
4 4 25 7
6 4 25 27
1 2 25 30
6 5 25 31
1 2 25 37
2 2 25 36
4 2 27 35
6 2 25 46
5 4 25 46
3 2 25 46
3 2 25 48
2 2 25 54
6 2 25 55
5 9 25 54
5 2 26 57
3 2 25 57
6 2 25 59
3 4 25 59
1 2 25 61
3 3 25 65
5 2 25 66
2 2 25 69
4 4 25 70
6 2 25 75
6 2 25 83
2 3 25 88
1 2 25 86
3 3 25 90
6 2 26 92
2 3 26 93
5 3 25 96
5 2 25 102
4 2 28 101
1 2 25 105
4 3 25 108
3 2 25 110
2 2 25 110
4 2 25 110
1 3 25 115
5 2 25 114
5 4 25 125
6 3 25 127
4 4 25 129
2 3 25 127
4 4 25 140
2 3 25 148
1 3 25 149
4 2 25 151
5 2 25 153
1 3 25 156
5 2 25 157
2 2 25 160
3 5 25 161
3 2 25 159
6 2 25 164
3 4 25 168
4 2 25 171
6 2 25 174
4 2 25 175
4 2 25 179
2 2 25 178
1 5 25 180
1 3 25 186
5 2 25 185
6 2 25 189
4 2 25 193
3 2 25 199
1 2 26 198
1 2 27 199
3 3 27 200
4 3 26 200
6 3 25 200
3 2 24 3
1 2 24 9
6 2 24 21
2 3 24 22
1 2 25 21
3 2 24 29
1 3 24 31
2 3 24 42
2 3 24 63
1 2 24 70
2 2 24 71
6 2 24 73
2 7 24 73
4 2 25 71
1 2 24 74
2 2 24 76
4 5 24 77
4 2 24 83
2 2 24 83
6 2 24 85
5 2 24 85
1 2 24 84
2 2 24 91
2 4 24 98
6 2 26 101
4 2 25 101
1 2 25 101
3 2 24 97
3 2 24 104
4 2 24 105
6 2 24 106
5 5 24 111
5 2 24 109
6 2 24 115
3 2 24 117
6 3 24 120
5 2 24 118
6 2 24 126
3 2 24 127
4 2 24 131
1 2 25 130
5 2 24 130
3 2 24 134
4 2 25 134
2 2 25 135
1 3 24 137
6 2 24 138
5 2 24 138
1 2 24 146
3 2 24 155
2 2 24 157
2 4 24 168
5 2 24 174
5 2 25 173
2 3 25 172
3 3 24 173
2 3 24 175
6 6 24 177
3 3 24 180
2 6 24 182
2 2 24 186
1 3 24 190
2 3 24 198
6 2 23 7
5 2 23 22
3 3 23 21
4 2 23 21
5 2 23 28
5 2 23 32
1 2 24 33
6 2 24 34
3 2 23 32
6 2 23 36
6 2 24 36
6 3 23 41
6 2 26 41
4 2 25 40
3 2 24 41
1 3 24 41
5 5 24 42
5 2 24 43
6 2 23 43
2 2 23 45
6 3 23 49
1 8 23 52
1 2 26 51
3 2 25 51
3 4 23 57
3 3 23 63
2 2 23 65
4 3 23 66
5 10 23 71
2 2 23 67
4 2 23 74
5 5 23 76
4 5 23 85
5 2 23 84
3 2 23 99
5 2 23 100
3 2 24 99
5 2 23 104
2 3 23 105
4 4 23 107
3 2 23 111
5 2 23 115
1 2 23 119
4 3 23 118
3 5 23 120
4 6 23 123
1 4 23 128
1 2 23 130
6 2 23 134
5 2 23 140
6 2 23 141
3 2 23 141
6 3 23 144
4 2 23 148
4 3 23 153
5 2 23 158
3 2 23 159
5 2 23 161
4 7 23 164
5 2 24 166
4 2 23 184
2 2 23 193
1 2 23 195
6 3 23 196
3 2 23 197
4 2 23 200
6 2 22 2
4 2 22 1
1 2 22 2
4 2 22 23
5 2 24 24
2 4 22 27
5 2 22 30
4 3 22 38
4 2 22 36
1 2 22 39
4 2 22 39
2 2 22 38
1 2 22 46
2 2 22 48
3 2 22 53
4 2 22 56
6 2 22 57
1 2 22 61
4 2 22 60
5 2 22 59
4 2 22 59
2 2 22 60
4 3 22 82
4 2 23 81
6 4 22 86
1 3 22 96
1 2 22 99
1 3 22 101
3 3 22 102
6 2 22 114
2 2 22 127
6 4 22 131
4 2 26 132
6 2 26 132
6 2 22 137
6 2 24 136
2 3 22 144
5 5 22 145
3 2 22 147
5 2 22 149
6 4 22 149
1 3 22 151
2 2 22 152
6 3 22 155
6 4 22 156
6 4 22 161
1 3 22 163
6 3 22 167
1 2 22 169
3 2 23 169
1 2 23 170
5 2 28 169
6 3 28 169
4 2 26 169
4 2 24 169
6 3 23 170
2 2 22 169
5 11 22 169
6 2 23 174
3 2 22 171
4 4 22 176
4 2 22 183
3 4 22 183
5 2 22 185
2 2 22 187
3 2 22 188
4 7 22 190
4 2 22 194
4 3 22 197
5 2 21 3
1 9 21 4
1 2 21 21
6 4 21 22
5 3 21 23
2 2 21 23
6 2 21 24
4 3 21 26
4 2 25 25
2 2 25 25
1 3 21 27
3 4 21 28
6 2 21 33
1 6 21 37
5 2 21 39
2 2 21 40
3 3 21 45
2 2 22 44
5 2 21 46
3 3 21 48
1 3 21 48
2 2 23 50
4 2 21 47
6 9 21 55
5 4 21 61
5 2 21 66
3 2 21 67
6 2 23 67
2 3 21 67
1 2 21 68
1 2 21 72
6 2 21 75
6 2 21 78
1 3 21 79
5 2 23 81
5 3 21 95
1 2 23 94
6 4 21 97
4 2 21 102
5 2 21 105
4 2 21 113
3 10 21 114
6 2 21 120
5 2 21 122
2 5 21 122
1 2 21 121
6 2 21 122
2 2 21 123
1 4 21 124
5 2 21 126
3 2 21 130
1 8 21 135
1 2 21 139
6 2 21 152
3 3 21 153
4 2 21 157
4 2 22 158
1 2 22 159
5 3 21 158
3 5 21 162
5 3 21 165
1 2 21 165
2 3 21 166
6 2 21 174
3 2 21 175
5 2 21 176
2 3 21 179
4 2 21 185
6 2 21 186
5 2 21 187
5 2 21 193
3 2 21 195
5 2 21 199
1 2 20 6
2 2 21 6
3 3 21 7
5 2 20 5
3 2 20 5
2 5 20 9
4 3 20 23
5 3 20 28
5 2 20 33
4 2 20 34
2 2 20 36
5 2 20 37
4 2 20 41
3 2 21 42
1 3 21 43
1 5 20 41
4 2 20 44
6 2 20 45
5 3 20 48
3 3 20 59
2 2 21 58
1 2 21 57
5 2 21 56
6 2 20 58
2 4 20 65
4 2 20 80
3 2 21 81
6 2 20 81
4 2 22 80
1 2 22 80
3 2 22 81
6 2 21 79
2 2 21 81
1 2 20 82
1 2 20 85
2 4 20 88
4 2 23 89
5 2 20 89
4 2 20 97
1 2 20 97
5 3 20 98
2 2 20 102
6 2 20 102
1 5 20 109
1 2 21 109
4 2 21 110
3 2 20 108
2 2 20 110
1 2 20 117
3 2 20 116
4 2 20 118
5 2 20 119
4 4 20 120
3 2 20 123
6 2 20 125
5 3 20 131
3 2 20 141
5 2 21 142
1 2 21 141
4 2 20 140
2 3 20 141
4 2 20 143
6 2 20 157
2 2 21 156
1 2 21 157
2 7 20 158
4 2 20 173
5 3 20 175
3 2 20 178
2 2 20 182
1 2 21 181
5 2 20 181
3 9 20 182
1 3 20 185
2 3 20 185
6 2 20 193
6 2 20 197
3 2 20 199
3 2 19 1
4 4 19 6
5 3 19 26
1 3 19 28
2 3 19 30
5 2 19 31
5 4 19 42
4 4 19 45
6 2 19 47
6 4 19 50
2 2 19 51
4 2 20 52
1 2 20 51
4 2 19 72
3 3 19 78
1 4 19 79
3 5 19 80
3 2 19 90
6 3 19 91
2 2 19 96
4 2 19 103
6 3 19 109
5 4 19 112
2 2 19 123
3 2 19 127
4 4 19 129
4 2 19 134
2 5 19 135
4 2 21 137
2 2 21 137
1 2 20 137
3 2 19 139
2 2 19 138
6 2 19 141
5 3 19 142
3 4 19 143
3 4 19 149
6 4 19 151
4 2 19 152
6 3 19 155
4 2 19 155
2 2 22 154
4 2 22 155
6 2 20 154
3 2 19 155
2 2 19 167
2 5 19 169
4 2 19 176
3 3 19 176
2 2 19 177
1 2 19 177
1 3 19 179
1 3 19 185
5 2 19 193
4 2 19 193
2 2 19 195
4 2 19 198
2 3 18 1
6 2 19 3
5 3 18 3
2 2 18 6
2 2 18 26
5 2 20 25
1 2 20 25
3 3 18 27
3 2 18 25
5 2 18 24
4 2 18 29
1 2 18 30
4 5 18 32
2 2 18 44
6 2 18 57
1 2 20 56
3 2 19 56
4 3 18 59
6 4 18 63
4 2 19 63
3 2 20 62
6 2 20 62
1 2 20 63
5 2 19 62
2 5 19 63
5 2 19 64
1 2 18 66
4 2 19 67
5 2 18 72
1 2 18 75
3 2 20 74
1 2 19 74
3 2 18 76
5 4 18 79
6 3 18 84
5 2 18 85
2 2 18 86
1 2 18 85
6 2 18 87
4 2 18 91
3 2 20 92
5 2 22 93
3 4 22 94
2 2 22 95
5 2 20 91
5 2 18 91
3 2 18 92
2 3 18 92
4 2 18 95
4 3 18 101
2 2 18 102
1 2 20 103
6 2 19 103
3 2 18 105
5 4 18 105
5 2 18 107
2 2 18 109
6 2 18 113
1 2 18 114
6 3 18 114
6 2 18 117
4 2 18 119
1 2 18 122
1 2 19 121
3 2 19 121
2 2 18 120
5 2 18 125
1 2 18 126
3 2 18 131
6 2 18 132
2 4 18 133
6 2 18 134
5 2 18 133
3 5 18 134
3 2 18 136
4 3 18 137
4 3 18 146
2 2 18 148
1 2 18 152
6 4 18 163
1 3 18 166
1 3 18 171
6 3 18 172
1 2 18 172
2 4 18 173
3 2 18 178
2 7 18 182
3 2 18 185
5 2 18 184
5 12 18 188
6 2 18 193
3 2 17 3
3 4 17 22
2 2 17 24
5 2 17 27
3 3 17 31
5 2 17 37
6 2 17 36
6 2 17 41
1 2 17 42
3 2 17 46
1 4 17 53
2 3 17 53
3 2 17 60
3 3 17 68
3 2 21 69
4 2 20 69
4 2 17 69
5 2 18 69
2 2 17 75
1 3 17 82
5 2 17 82
4 4 17 84
3 2 17 85
5 2 17 87
1 2 17 88
6 2 17 91
5 2 17 95
6 2 21 94
5 2 17 98
2 3 17 97
6 3 17 96
1 2 17 99
5 3 17 100
3 3 17 105
1 3 17 107
2 2 17 107
2 3 17 112
2 3 17 115
1 2 17 116
2 3 17 117
3 4 17 118
1 2 17 118
3 2 17 118
3 2 17 126
4 2 17 126
6 2 17 129
5 2 17 144
4 2 18 145
6 2 17 146
5 2 17 148
4 2 17 149
1 3 17 150
4 2 17 150
2 2 17 155
6 4 17 159
1 2 17 161
3 5 17 162
2 2 17 160
3 2 17 165
5 3 17 167
4 2 17 169
1 2 17 174
2 2 17 176
6 2 17 178
5 2 19 179
6 3 17 183
2 4 17 189
3 2 18 191
5 2 17 189
3 2 17 189
4 2 17 192
3 3 17 194
1 2 17 197
2 4 17 198
5 6 17 199
2 4 17 200
5 2 16 1
1 2 16 2
4 2 16 3
1 4 16 6
1 4 16 8
1 2 17 7
6 4 16 7
1 2 16 21
6 2 16 21
6 2 16 24
1 2 16 32
5 4 16 32
5 2 16 34
1 3 16 48
6 2 16 52
1 2 17 51
4 3 17 50
3 2 19 49
5 2 18 49
5 5 16 58
3 2 16 58
6 3 16 65
6 2 17 65
2 2 16 63
1 2 16 63
6 2 16 67
2 2 16 66
3 4 16 73
5 2 16 78
3 3 16 79
3 5 16 89
6 2 20 89
1 3 20 90
6 2 16 89
4 3 16 89
3 2 16 95
4 2 16 108
6 2 16 109
3 3 16 112
6 4 16 118
3 2 16 120
4 4 16 121
2 2 16 123
6 2 16 124
5 4 16 127
1 3 16 129
3 2 16 129
4 2 16 132
2 3 16 134
6 5 16 138
6 2 17 139
1 3 16 142
3 2 16 151
5 5 16 154
1 2 16 157
4 2 16 160
6 3 16 165
6 2 17 165
4 3 16 167
1 3 16 169
6 2 17 169
2 3 17 170
1 3 16 180
4 2 16 178
3 4 16 177
2 2 16 179
5 2 16 185
2 3 16 189
6 2 16 191
1 2 16 190
2 4 16 192
1 2 16 192
5 5 16 193
5 7 15 2
3 3 15 20
1 3 15 24
6 2 16 26
2 3 16 27
4 2 15 30
5 2 16 29
6 5 15 33
1 2 15 35
2 2 15 39
2 2 17 38
6 2 16 38
1 2 15 38
3 2 15 40
6 6 15 45
4 2 15 42
4 2 15 49
2 2 15 50
3 2 15 49
6 6 15 51
3 2 15 55
2 2 15 58
2 9 15 60
5 2 15 64
4 2 15 67
4 2 15 71
1 2 17 70
3 2 15 70
5 3 15 76
4 3 15 85
2 6 15 93
2 8 15 99
3 2 15 101
6 2 15 105
6 2 16 106
4 3 15 111
5 2 15 111
6 4 15 112
3 6 15 124
2 2 15 129
5 2 15 128
5 5 15 133
1 2 18 132
2 2 18 133
3 2 15 138
4 2 16 139
2 5 16 140
1 4 15 138
5 2 15 142
1 2 15 145
5 4 15 148
2 3 15 152
3 2 15 153
4 2 15 156
6 2 15 161
5 2 15 162
2 3 15 164
3 5 15 169
1 2 15 172
5 2 15 171
1 2 15 186
4 3 15 195
1 4 15 199
1 2 14 21
4 2 14 22
6 3 14 23
3 3 14 24
1 2 14 29
3 2 14 30
4 2 14 34
4 2 14 36
5 3 14 38
5 2 14 42
4 5 14 54
2 2 14 65
4 2 14 64
1 2 14 67
2 2 14 70
4 3 14 75
6 3 14 74
2 2 14 74
4 2 14 73
1 3 14 81
3 2 14 83
1 2 14 95
6 2 14 101
6 2 16 102
2 4 14 108
1 3 14 114
4 3 14 115
5 2 14 137
5 5 14 140
2 5 14 143
6 2 14 143
6 2 15 143
3 2 14 144
4 2 14 145
1 3 14 145
1 2 14 147
3 4 14 148
1 2 14 150
4 2 14 151
3 2 14 156
6 2 14 158
2 4 14 159
2 2 14 166
5 2 14 165
4 3 14 165
2 2 14 173
3 2 14 176
4 2 14 175
5 2 14 177
4 3 14 179
5 3 14 180
5 2 14 181
6 6 14 183
2 3 14 184
4 2 14 191
6 3 14 194
3 2 14 196
4 3 13 2
3 2 13 1
6 4 13 4
6 3 13 14
4 2 13 15
2 4 13 20
4 3 13 19
2 2 14 18
3 3 13 18
1 2 13 30
3 3 13 34
1 2 13 36
4 4 13 39
5 4 13 46
1 2 14 47
3 5 13 46
1 2 14 44
3 2 13 52
1 2 13 55
3 2 13 60
4 5 13 60
6 4 13 63
6 2 13 65
3 3 13 74
3 2 13 78
4 2 13 80
1 2 15 81
2 2 14 81
5 2 13 82
2 4 13 83
3 2 14 86
3 2 15 87
4 2 14 87
6 2 13 86
3 3 13 87
1 2 13 89
5 2 13 90
2 2 13 89
6 4 13 89
3 3 13 90
6 4 13 94
3 2 14 95
6 2 13 92
6 6 13 97
4 2 13 102
3 3 13 102
5 4 13 109
3 4 13 113
3 2 13 116
4 2 13 122
6 2 14 122
1 3 13 131
3 3 13 130
5 5 13 131
6 2 13 128
6 2 13 132
3 2 13 136
1 2 14 135
2 2 13 136
6 2 13 138
3 2 13 141
2 2 13 142
4 2 13 149
2 2 13 155
1 2 13 159
5 2 13 159
3 2 13 165
1 3 13 166
2 2 13 168
3 3 13 179
6 3 13 180
4 2 13 181
4 2 13 188
6 2 14 187
4 2 14 186
6 2 14 186
1 5 13 194
6 2 13 197
5 2 12 1
1 2 12 1
4 5 12 5
4 5 12 10
2 2 13 11
2 2 12 9
6 2 13 8
1 2 12 8
4 2 12 9
3 2 12 8
2 2 12 18
1 2 12 21
4 2 12 26
3 3 12 27
3 2 13 26
5 2 13 26
4 2 13 27
6 2 12 27
2 2 12 37
4 5 12 47
6 3 12 47
2 2 12 55
5 2 12 56
5 2 13 57
5 2 16 56
4 3 16 56
4 2 13 57
1 2 12 57
5 2 12 64
4 3 12 65
3 3 12 70
5 2 12 74
6 4 12 79
5 4 12 84
4 2 12 84
5 5 12 85
1 2 12 86
3 2 12 95
5 3 12 100
6 3 12 103
5 3 12 104
1 2 13 104
2 2 12 104
3 2 12 107
6 4 12 112
6 5 12 116
1 5 12 123
4 6 12 132
5 2 12 136
2 2 12 152
4 2 12 154
3 2 12 153
2 5 12 157
3 8 12 160
1 2 12 169
5 3 12 175
5 4 12 184
1 2 12 190
4 2 12 193
5 2 13 192
3 2 12 192
2 2 12 195
5 2 12 196
6 2 12 200
5 2 13 199
4 3 11 1
6 2 11 6
3 2 11 10
5 4 11 14
4 2 11 22
4 2 11 33
5 5 11 34
3 2 11 37
5 3 11 40
5 2 12 39
1 2 11 39
3 2 11 40
2 2 11 43
4 2 11 44
3 2 12 43
1 2 13 42
2 2 13 42
6 2 12 43
6 2 11 45
3 2 11 50
4 2 11 50
5 2 11 61
2 2 11 76
6 2 11 77
1 4 11 78
3 6 11 80
5 2 11 91
5 2 11 96
1 2 12 95
4 3 12 96
4 2 11 98
4 2 11 104
6 2 11 106
5 2 11 112
4 2 11 111
1 3 11 120
6 2 13 119
2 2 14 118
6 2 11 122
3 2 11 122
2 3 11 123
1 2 11 127
2 2 11 126
6 2 11 125
3 2 11 128
2 2 11 139
2 2 12 138
6 2 11 141
6 2 12 141
3 2 11 140
1 3 11 141
2 2 11 146
1 2 11 147
6 2 11 148
5 4 11 151
3 2 12 150
6 2 11 155
6 3 11 160
6 3 11 164
1 2 11 163
3 2 11 166
1 2 11 173
6 3 11 174
4 2 13 174
2 2 11 176
1 2 11 179
4 2 11 189
3 2 13 188
3 2 11 188
1 2 11 187
1 2 12 186
5 2 11 189
2 2 11 193
4 2 11 192
6 2 11 195
2 2 11 198
1 4 10 2
3 2 10 3
2 3 10 7
1 3 10 6
6 2 10 11
2 4 10 13
3 3 10 21
5 2 10 25
6 2 10 24
2 2 10 26
2 2 10 30
4 9 10 31
1 3 10 32
3 2 12 32
3 2 10 32
6 3 10 40
4 2 10 39
1 3 10 45
5 2 10 43
6 2 10 49
4 2 12 48
1 2 10 48
3 2 10 47
5 3 10 52
1 2 10 53
6 2 10 55
6 2 11 56
1 2 11 56
4 3 10 57
1 2 10 58
4 2 10 64
3 3 10 64
2 2 10 68
4 2 10 67
3 2 11 66
4 2 10 76
5 7 10 79
1 2 10 83
3 2 10 84
2 2 10 84
3 2 10 96
5 2 10 99
1 4 10 99
4 2 10 100
3 3 10 119
5 3 10 124
6 2 10 128
4 2 10 129
6 2 10 138
4 2 10 139
6 2 10 145
3 2 10 147
1 2 10 150
2 2 10 150
4 2 10 156
5 2 10 155
5 3 10 161
4 2 12 163
2 2 12 164
4 2 10 160
2 2 10 162
6 3 10 162
1 2 10 161
3 4 10 161
3 2 10 163
5 2 10 163
6 2 10 166
4 3 10 168
5 2 10 169
6 2 10 170
5 2 10 172
4 2 10 174
3 2 11 174
5 2 10 176
4 3 10 177
5 3 10 179
4 3 10 180
2 2 10 182
1 3 10 183
5 3 10 192
1 2 10 194
6 2 9 3
5 2 9 4
6 3 9 7
4 2 9 7
5 4 9 9
1 5 9 11
3 2 9 12
6 3 9 15
6 2 10 16
2 2 12 17
3 2 12 17
1 2 11 17
6 2 9 19
5 3 9 24
1 4 9 25
5 2 9 32
1 3 9 35
1 2 13 35
6 3 9 35
4 2 11 36
3 3 11 36
2 2 10 35
6 2 9 35
5 2 9 35
1 2 9 38
3 5 9 40
5 2 9 46
3 2 9 52
4 3 9 54
2 2 9 55
5 2 9 59
4 2 9 60
1 3 9 74
2 3 9 73
5 2 9 72
3 2 9 72
3 2 13 71
5 2 13 71
1 2 11 71
5 4 9 85
5 2 9 89
3 2 9 90
1 2 9 91
4 2 12 92
6 2 14 93
1 2 14 93
2 2 14 94
5 3 13 93
3 2 12 93
2 2 9 92
5 2 9 92
6 4 9 95
2 4 9 101
2 2 11 100
2 2 10 103
1 2 9 100
1 2 9 106
1 2 12 106
3 5 9 107
2 2 10 108
6 2 9 110
1 2 11 110
3 2 11 110
1 2 10 109
1 2 9 111
4 2 9 113
5 2 9 115
2 2 10 114
1 3 10 115
6 2 9 120
3 2 9 121
5 2 11 120
4 3 9 120
2 2 9 120
5 3 9 121
1 3 9 121
6 3 9 124
2 2 9 126
1 2 9 128
2 2 9 129
5 2 9 131
4 2 9 132
5 2 9 151
1 3 9 154
3 2 9 153
1 3 9 159
1 2 9 167
6 2 9 168
4 2 9 167
2 3 9 168
1 2 9 176
3 3 9 177
6 5 9 182
6 2 9 186
6 2 10 185
5 2 9 190
1 2 10 190
3 3 10 191
1 2 9 192
6 4 9 193
3 2 8 1
3 2 8 5
6 3 8 7
5 2 8 17
2 2 8 24
4 2 8 27
4 2 9 28
5 2 9 28
2 4 9 29
2 3 8 34
4 2 8 36
5 3 8 37
6 2 8 53
2 2 8 58
2 2 8 70
6 2 11 71
2 2 11 72
6 2 8 72
2 2 8 73
5 2 8 76
3 2 8 77
4 4 8 78
2 4 8 79
3 2 8 87
6 2 8 92
5 4 8 94
3 2 8 93
3 4 8 98
3 2 8 102
1 2 8 104
6 4 8 108
3 2 8 110
6 4 8 111
4 4 8 115
3 3 8 117
4 2 8 116
6 2 8 118
1 2 8 130
2 5 8 131
2 2 8 133
1 2 8 135
5 2 8 134
2 6 8 135
1 2 8 147
1 2 9 147
1 2 10 146
5 2 10 146
3 2 10 147
3 7 8 149
4 2 8 152
2 3 8 157
4 3 8 163
2 2 8 164
2 2 9 165
4 3 8 165
3 2 8 169
4 2 8 170
1 2 9 171
2 3 9 171
4 2 8 171
1 5 8 171
6 2 8 174
1 2 8 178
3 2 8 184
2 2 9 185
3 2 9 184
4 2 9 185
1 2 8 186
6 5 8 188
3 2 8 189
3 6 8 198
2 2 8 199
2 2 7 1
4 10 7 5
2 4 7 9
4 2 7 16
2 2 7 21
5 2 10 22
2 3 10 22
5 4 7 24
1 2 7 28
6 2 7 31
6 2 7 35
4 3 7 39
2 2 7 44
4 3 7 45
4 3 7 48
2 3 7 51
1 2 7 51
4 5 7 57
1 2 7 59
6 4 7 60
5 3 7 61
5 4 7 69
6 2 8 69
5 2 9 68
1 2 8 68
3 2 8 67
5 3 7 69
4 3 7 68
3 3 7 70
1 2 7 71
5 5 7 73
2 2 7 76
5 2 7 77
1 2 7 85
1 2 7 91
5 4 7 100
1 4 7 101
1 2 7 106
4 2 9 105
5 2 9 105
1 3 7 116
6 4 7 116
4 2 7 118
5 2 7 119
3 3 7 122
1 2 7 125
5 2 7 128
4 2 7 133
6 2 7 135
1 2 7 137
1 2 8 138
5 2 10 139
5 3 8 139
1 2 7 139
6 4 7 146
3 2 7 146
4 4 7 149
2 3 7 152
5 2 8 153
4 2 7 158
6 3 7 158
1 2 7 157
4 3 7 158
4 2 7 161
5 3 7 164
6 3 7 166
2 6 7 170
1 3 7 180
2 2 7 179
3 4 7 180
2 2 7 177
3 2 7 182
5 3 7 184
2 2 7 185
5 2 7 192
1 2 7 192
2 5 7 194
4 4 7 195
3 2 9 196
5 2 7 196
1 3 7 196
1 2 6 3
6 3 6 9
3 2 6 11
6 2 6 12
5 2 7 13
1 3 7 14
2 2 6 12
1 2 6 12
2 2 6 16
5 2 8 15
2 2 7 15
4 2 6 20
4 2 7 19
1 2 8 18
2 3 8 18
3 2 7 18
5 4 6 28
4 3 6 31
1 2 6 35
3 3 6 34
3 3 6 45
1 5 6 46
5 2 6 47
2 2 6 48
5 2 7 49
3 2 6 55
6 3 6 59
4 2 6 62
6 2 6 62
5 3 6 64
1 2 6 65
5 2 6 81
1 2 8 81
4 4 6 81
2 3 6 89
5 2 6 90
5 2 6 93
6 2 6 96
1 2 6 98
2 3 6 100
4 10 6 103
6 2 6 106
5 2 8 106
2 2 6 106
3 2 6 106
4 3 6 105
5 2 6 110
1 4 6 111
2 3 6 116
6 2 6 121
4 6 6 123
2 2 6 124
6 2 6 126
5 4 6 126
3 2 6 127
1 3 6 134
4 5 6 135
3 2 6 138
2 6 6 137
6 2 6 141
5 2 6 149
3 4 6 150
3 4 6 155
6 2 6 153
1 2 6 154
3 4 6 158
4 2 6 166
3 2 6 171
5 2 6 176
4 2 6 175
3 2 7 174
2 5 7 175
2 8 6 180
1 2 6 185
6 2 6 189
3 2 6 190
3 2 6 195
5 3 5 4
5 2 5 11
3 4 5 14
6 2 5 16
6 4 5 19
3 2 6 20
5 7 5 21
3 2 5 23
1 2 5 25
3 2 5 26
2 2 5 27
6 5 5 27
4 2 5 35
2 2 5 35
2 2 5 38
1 2 5 37
6 2 5 38
3 7 5 39
4 4 5 41
5 2 8 42
6 2 8 43
3 4 5 42
4 2 5 41
6 4 5 45
3 2 5 52
4 4 5 53
2 5 5 56
3 3 5 60
3 2 5 58
6 2 5 59
1 5 5 61
3 2 5 65
2 2 6 66
2 2 7 65
4 2 5 67
1 3 5 71
4 2 6 71
3 2 6 72
6 2 5 73
1 2 5 75
3 5 5 78
1 4 5 81
4 2 5 84
6 3 5 85
6 3 6 84
4 2 5 84
4 2 5 89
5 4 5 95
2 7 5 104
1 3 5 109
5 2 5 107
2 2 5 111
5 2 5 112
3 2 5 112
2 2 5 112
5 2 5 114
6 4 5 117
1 2 5 118
5 2 5 121
3 2 5 125
4 2 5 127
1 2 5 130
5 2 5 129
3 2 5 129
3 2 5 132
4 2 5 139
3 2 5 140
4 3 5 141
1 2 10 143
4 2 10 144
3 2 6 143
5 3 6 142
3 2 7 142
2 2 8 143
2 2 6 141
4 2 6 144
6 3 6 143
4 2 6 143
1 3 5 156
1 2 5 158
1 2 5 161
2 5 5 162
6 3 5 164
1 2 5 165
3 2 5 167
4 5 5 169
6 4 5 171
4 2 6 172
5 5 6 173
6 3 5 182
4 3 5 184
1 2 5 187
3 2 5 186
4 3 5 187
6 2 5 196
6 2 6 197
4 2 7 198
1 2 7 198
2 2 5 197
4 2 5 198
4 2 5 200
6 3 4 1
5 2 5 1
4 3 4 1
5 2 4 6
3 2 4 6
1 2 4 10
4 3 4 12
2 3 4 15
5 2 4 16
1 3 4 19
4 4 4 23
1 5 4 22
6 6 4 22
5 2 4 29
3 3 4 31
6 4 4 35
1 3 4 39
2 3 4 40
2 4 4 45
5 2 4 50
6 3 4 51
1 2 4 53
5 2 4 54
6 2 4 55
2 2 4 61
5 2 4 63
4 3 4 63
3 2 4 85
1 5 4 86
2 2 4 84
1 3 4 98
3 4 4 113
4 2 4 115
6 2 4 117
4 5 4 118
2 2 4 119
2 2 4 128
5 3 4 128
6 2 4 128
4 2 4 131
2 5 4 134
1 2 4 135
1 6 4 140
5 4 4 145
5 2 7 146
5 2 5 143
5 2 5 146
3 2 4 147
1 2 4 161
4 2 4 161
6 3 4 161
1 2 4 181
6 2 4 185
5 5 4 187
3 2 4 190
6 2 4 199
3 2 3 4
1 2 3 3
2 2 3 3
6 3 3 5
6 3 3 11
2 3 3 24
4 3 3 27
1 2 3 29
4 2 3 32
6 2 3 39
1 4 3 41
6 2 3 44
2 2 3 50
5 2 3 51
5 2 4 51
3 2 3 51
4 2 3 51
5 2 3 55
1 2 4 56
4 2 4 57
3 2 3 61
2 2 3 63
3 2 3 66
1 4 3 66
5 2 6 65
6 2 3 66
6 3 3 69
5 3 3 70
2 2 3 78
3 2 3 78
5 3 3 78
5 4 3 84
1 4 3 92
4 2 5 92
6 2 5 93
2 2 4 91
3 2 5 90
3 2 3 92
2 2 3 97
6 3 3 98
5 3 3 103
4 3 3 112
3 2 3 116
5 2 3 118
1 2 3 127
1 3 3 132
5 2 4 131
3 3 4 130
5 2 3 136
3 2 3 135
2 4 3 138
2 2 3 145
6 2 3 148
5 5 3 148
5 2 3 151
2 2 3 150
4 6 3 151
5 2 3 162
3 2 3 164
1 2 3 165
3 5 3 166
5 3 3 167
4 4 3 170
3 2 3 171
4 2 3 172
1 2 3 175
2 5 3 175
4 2 4 175
5 2 3 174
2 2 3 175
4 3 3 180
3 2 3 182
6 2 3 182
4 4 3 190
3 3 3 195
5 2 3 196
1 4 3 197
5 3 3 197
2 5 2 7
2 2 2 8
1 3 2 14
4 2 3 16
3 2 2 15
2 2 2 15
5 3 2 15
4 2 2 14
6 2 2 15
6 2 2 20
6 2 2 24
5 3 2 24
3 2 2 23
1 4 2 30
4 2 2 31
3 2 2 33
2 4 2 46
1 3 2 57
3 2 3 58
4 2 3 58
5 2 2 61
5 2 4 60
6 2 3 60
2 3 2 60
1 3 2 60
2 2 3 61
4 3 3 61
1 2 2 65
4 2 2 67
1 2 2 72
5 4 2 71
6 2 3 70
3 3 2 75
6 2 2 91
4 2 2 96
3 2 2 95
2 3 2 96
2 2 2 94
5 2 2 103
2 2 2 104
3 2 2 106
3 2 3 107
4 2 2 107
2 2 2 112
2 4 2 114
3 2 2 114
1 2 2 116
4 2 2 122
1 3 2 122
3 2 2 127
5 2 2 126
2 2 2 129
1 2 2 130
6 2 2 132
4 2 2 133
3 2 2 137
2 3 2 137
6 2 3 138
2 2 3 139
3 3 2 143
4 2 3 142
3 2 3 141
2 3 2 142
1 2 2 152
1 2 2 157
6 4 2 158
1 2 2 161
4 2 2 163
6 2 2 164
5 2 5 163
6 2 5 163
4 4 2 166
2 2 2 167
2 2 3 166
2 2 2 170
3 2 3 171
6 2 3 170
4 2 2 179
4 2 1 1
4 2 1 7
2 2 2 6
6 4 1 11
1 2 2 10
2 3 1 15
1 2 1 14
3 3 1 13
4 2 1 13
4 2 3 13
3 2 2 12
1 2 2 13
3 2 1 14
2 2 1 15
3 2 1 18
5 2 4 19
6 2 3 19
3 2 3 19
6 5 1 39
1 2 1 41
5 2 1 48
1 2 1 58
4 2 1 57
2 2 3 57
4 3 3 57
6 3 2 56
1 2 2 56
4 2 6 55
3 2 2 55
3 2 4 54
6 2 3 54
2 4 2 56
4 2 1 55
1 2 2 54
6 4 2 55
6 3 1 60
2 2 2 62
3 2 2 61
4 2 3 62
1 2 2 62
5 2 2 62
4 2 1 61
2 2 1 69
5 2 3 69
6 2 1 76
3 3 2 75
5 3 1 75
1 2 1 81
3 2 1 81
6 3 1 87
1 2 5 87
6 3 5 87
1 3 1 87
6 2 1 89
5 3 1 94
2 3 1 98
1 3 1 105
2 2 1 105
5 2 1 104
4 2 1 111
2 2 1 117
6 3 1 121
3 2 1 120
6 2 1 131
6 2 1 138
6 2 2 137
2 2 1 137
3 2 1 136
2 2 1 140
5 3 1 139
