695095
1159
1 53 100 2
6 2 100 14
6 2 100 16
2 2 100 18
1 3 100 22
3 233 100 34
8 55 100 49
4 2 100 60
8 3 100 62
5 68 100 64
8 65 100 72
2 4 100 83
1 2 100 86
2 2 100 91
1 141 100 95
4 4 99 19
5 2 99 28
6 2 99 28
2 5 99 58
5 4 98 12
7 2 98 15
8 4 97 1
8 3 97 11
4 2 97 13
6 2 97 19
5 4 97 21
1 5 97 29
2 2 97 26
7 26 97 57
2 3 96 11
2 2 96 19
8 3 96 23
3 2 98 24
3 3 96 26
6 3 96 24
1 2 96 23
5 22 96 49
2 11 96 80
2 2 96 93
8 322 95 12
2 18 95 27
4 45 95 56
2 2 95 85
3 44 94 82
5 47 93 61
4 4 93 72
2 2 93 93
5 3 93 98
4 2 92 26
4 2 92 51
8 3 92 69
8 2 92 77
8 3 91 27
8 3 91 47
3 2 91 73
1 46 91 76
1 2 91 80
6 3 91 99
7 2 92 99
4 2 90 9
2 6 90 26
7 2 90 32
1 2 90 50
5 13 90 53
7 5 90 77
7 2 90 94
8 2 90 94
2 2 90 98
3 2 89 9
6 4 89 29
3 2 89 29
2 2 89 30
8 2 89 31
7 2 89 31
1 95 89 46
2 2 89 87
4 2 89 98
6 2 88 9
2 27 88 24
4 7 88 35
8 193 88 77
8 2 88 85
4 5 88 92
7 2 89 92
2 3 88 94
3 4 88 97
4 2 88 100
8 2 87 32
7 6 87 86
6 2 87 92
7 2 86 5
1 2 86 33
7 2 86 33
4 2 86 32
3 12 86 85
5 2 86 94
2 2 86 96
8 3 86 97
2 3 85 1
6 6 85 9
8 2 85 60
8 2 85 89
2 2 85 88
1 2 85 97
8 2 84 1
6 2 86 1
8 2 85 1
6 66 84 27
1 2 84 40
6 4 84 44
3 2 84 64
6 2 84 88
7 2 84 92
8 3 84 96
6 2 90 95
1 2 86 95
5 2 86 96
2 2 85 95
2 2 84 97
7 3 83 2
3 2 83 6
5 2 85 5
8 2 85 6
5 10 83 45
8 24 83 48
7 2 83 61
3 2 83 79
7 29 83 82
3 2 83 96
6 4 82 2
7 2 82 42
5 3 82 58
3 2 83 59
1 2 83 60
7 2 82 64
6 3 82 63
2 2 82 62
2 3 82 65
2 2 82 87
4 125 82 95
4 3 81 8
2 2 81 7
8 3 81 25
4 2 81 37
8 2 81 41
6 2 82 40
2 7 81 59
3 28 81 62
3 2 81 84
4 2 82 85
1 2 80 32
3 2 80 42
7 2 80 60
8 2 80 84
8 2 80 88
5 3 79 1
8 2 81 3
3 2 82 4
5 2 82 4
2 2 82 4
4 2 81 4
7 2 79 6
8 3 79 6
1 15 79 8
7 7 79 26
8 2 79 31
7 2 79 42
4 2 79 45
3 55 79 47
5 6 79 80
2 48 79 85
2 2 78 13
2 3 78 22
4 2 79 21
3 2 78 22
6 2 78 22
4 4 78 24
5 2 77 5
6 4 77 6
7 2 77 8
7 8 77 13
8 3 77 22
8 2 77 31
6 2 78 32
5 2 77 37
7 2 78 38
4 2 77 36
6 3 77 35
8 42 77 38
1 3 77 33
5 7 77 33
5 2 77 44
3 2 78 43
1 2 78 43
6 6 77 72
6 2 77 78
7 3 76 1
3 2 76 11
7 2 79 10
6 2 76 10
5 51 76 13
5 2 76 23
1 4 76 26
8 2 76 28
3 2 77 29
1 2 76 30
2 2 76 30
4 69 76 45
6 2 76 57
7 2 76 58
4 8 76 60
4 2 76 63
5 2 75 2
5 3 75 6
2 2 75 4
4 2 75 17
8 2 75 25
2 35 75 27
2 3 75 55
4 2 75 57
3 2 75 59
4 3 75 73
7 2 75 72
8 2 75 80
2 3 74 7
7 2 74 8
3 2 74 17
5 2 74 19
6 2 74 21
4 5 74 23
6 3 74 62
4 10 74 64
2 69 74 69
5 2 74 81
3 2 74 84
6 10 74 91
5 24 73 3
3 2 73 7
2 2 73 19
1 5 73 23
3 2 73 77
5 24 73 79
5 3 73 100
8 2 75 99
7 7 72 19
3 2 72 23
3 45 72 35
1 2 72 58
6 2 72 58
7 2 74 59
1 2 74 60
8 2 73 57
1 2 72 59
5 2 72 58
6 2 72 59
7 84 72 61
7 9 72 83
3 3 72 88
8 2 72 90
1 2 72 90
4 2 72 92
2 2 72 92
1 2 72 93
7 2 72 98
3 3 72 100
5 2 73 98
4 3 71 8
3 2 71 9
5 3 71 10
6 3 71 21
6 34 71 49
8 2 71 86
4 2 71 87
6 2 71 89
8 3 71 98
8 2 70 7
5 60 70 21
1 8 70 28
5 55 70 87
6 2 70 98
4 2 75 99
7 2 71 99
4 2 70 98
4 2 69 2
8 2 73 3
1 2 73 4
2 2 75 5
6 3 69 3
2 2 70 4
6 2 71 5
5 2 69 3
2 2 69 9
4 2 69 15
4 2 70 14
8 2 70 15
6 2 70 16
3 2 69 27
6 16 69 96
3 3 68 3
1 2 68 5
3 3 68 6
1 2 70 5
4 2 70 6
2 25 68 13
2 254 68 27
2 2 68 40
5 5 68 42
8 2 68 65
2 3 68 66
1 2 68 74
3 5 68 78
7 57 67 4
2 3 67 7
8 5 67 67
4 41 67 82
8 43 67 91
1 2 67 99
4 2 67 100
2 3 66 38
3 3 66 39
5 3 66 52
7 2 68 53
7 2 66 65
8 3 66 75
2 2 67 75
3 23 65 9
8 232 65 15
2 29 65 41
6 20 65 56
7 2 72 54
4 40 65 68
3 2 65 65
8 3 65 98
4 2 64 40
6 2 64 39
7 3 64 40
7 2 64 51
1 2 64 65
1 2 64 84
8 41 64 85
2 2 63 37
3 2 63 64
2 5 63 96
2 13 63 99
1 7 62 38
4 2 62 39
3 2 62 53
2 2 62 52
6 2 64 51
5 2 64 53
2 2 64 53
3 2 64 54
8 2 62 51
7 2 63 50
4 2 63 52
6 2 62 54
7 2 62 53
5 3 62 65
8 2 63 63
7 2 63 63
1 2 62 73
3 3 62 75
3 12 62 77
7 2 62 87
1 2 62 89
4 3 61 41
7 40 61 45
4 3 61 55
8 2 62 56
5 2 64 55
2 2 62 55
4 2 62 56
3 2 62 57
7 2 61 58
6 9 61 66
8 2 61 88
5 2 61 92
7 3 60 38
3 30 60 49
7 4 60 53
2 8 60 57
5 17 60 67
2 9 60 90
3 2 59 38
8 5 59 53
8 46 59 61
6 3 59 71
4 2 59 74
6 2 59 75
7 4 59 79
3 2 59 86
5 2 59 87
6 2 59 99
3 4 59 99
2 2 60 99
5 46 58 37
1 62 58 69
5 2 58 79
1 8 58 80
7 2 58 89
1 2 58 90
2 2 58 95
3 2 62 95
5 2 62 96
1 2 62 97
3 3 58 97
8 2 58 100
1 2 57 50
6 9 57 52
3 2 57 55
6 2 57 55
5 2 64 54
6 2 58 54
1 2 57 56
3 2 57 55
3 2 57 73
1 8 57 74
7 6 57 77
6 10 57 86
3 3 57 93
4 2 57 91
7 2 56 1
4 15 56 5
4 2 56 33
7 2 56 49
6 11 56 72
7 2 56 79
5 2 56 78
3 2 56 80
4 51 56 89
4 3 56 96
8 2 59 97
8 2 56 97
5 2 58 98
1 2 57 98
7 2 56 98
4 3 56 100
7 25 55 36
1 12 55 53
7 9 55 55
5 2 55 75
1 4 54 32
2 2 54 50
2 25 54 75
2 2 56 76
4 61 54 77
2 2 54 96
7 2 57 95
5 2 53 1
3 2 53 2
1 2 54 1
6 3 53 3
5 24 53 33
1 2 53 35
5 2 53 55
1 2 58 54
4 2 57 54
8 2 53 56
2 2 53 80
8 2 53 92
6 43 52 35
7 3 52 44
8 72 52 49
8 3 52 54
2 2 52 53
8 2 52 80
5 4 52 93
8 21 52 94
3 2 52 98
3 3 51 56
3 2 54 57
6 4 51 57
6 2 52 57
6 2 51 79
8 2 51 95
6 2 51 96
1 2 51 97
5 2 51 99
1 3 50 3
2 2 50 6
2 25 50 53
5 3 50 73
2 2 50 83
7 43 50 92
2 48 50 98
5 2 49 3
4 2 49 5
4 3 49 7
6 5 49 20
1 4 49 22
4 2 49 57
8 2 49 58
2 2 49 79
6 2 49 83
7 2 49 84
2 2 48 2
8 2 52 1
5 2 48 11
4 12 48 12
2 2 48 19
8 9 48 23
8 67 48 67
7 8 48 80
8 2 48 81
1 2 47 3
5 9 47 14
3 13 47 19
1 3 47 31
1 2 47 54
8 2 47 54
1 14 47 57
7 3 47 59
2 2 47 64
6 5 47 78
1 3 47 81
5 2 47 81
2 2 47 83
5 2 47 84
2 2 46 17
7 58 46 28
8 2 46 41
8 3 46 49
5 3 46 51
4 3 46 58
1 2 46 57
6 2 46 61
2 3 46 81
6 2 45 6
3 2 47 5
7 3 47 6
1 4 46 6
7 2 46 8
7 28 45 16
5 4 45 18
1 2 45 34
2 7 45 39
7 2 45 49
6 2 45 52
6 9 45 59
5 2 45 61
5 4 45 74
1 2 45 77
8 2 45 78
5 233 45 96
6 2 44 8
1 2 44 7
2 2 44 10
1 2 44 10
4 4 44 22
2 2 44 21
4 2 44 24
7 2 44 35
3 2 44 51
2 3 44 60
4 4 44 63
2 2 44 65
5 2 43 6
7 2 43 7
2 2 43 9
1 7 43 12
7 4 43 18
1 2 43 20
5 2 43 21
1 2 43 25
3 3 43 33
5 4 43 34
7 55 43 40
2 3 43 48
3 2 43 53
2 8 43 56
1 55 43 59
7 7 43 73
6 3 43 75
1 37 43 76
3 2 42 1
6 4 42 3
2 2 43 4
7 2 43 4
1 2 43 5
5 4 42 3
2 4 42 5
2 9 42 17
5 3 42 19
7 8 42 21
7 2 42 22
2 2 42 23
3 2 42 25
2 2 42 45
7 3 42 49
6 10 42 55
7 13 42 79
1 2 43 78
4 2 43 79
4 4 41 9
5 2 41 24
6 2 41 24
1 3 41 26
1 2 41 33
4 22 41 46
7 2 41 55
3 2 41 78
2 3 41 78
4 76 40 4
1 5 40 14
4 106 40 35
3 2 40 54
4 2 40 53
2 2 40 52
8 2 40 51
5 2 40 84
5 2 39 7
2 2 39 11
6 2 39 12
8 3 39 21
2 2 39 49
8 3 39 54
7 2 39 55
3 13 39 58
6 3 39 79
1 4 39 83
8 2 39 83
3 3 38 8
4 2 38 7
1 13 38 10
3 3 38 13
7 149 38 47
4 29 38 64
8 2 38 73
3 2 38 82
3 5 37 19
4 2 37 24
7 3 37 68
6 2 37 74
7 48 37 76
4 2 37 83
1 2 40 82
2 2 37 84
8 4 36 7
6 2 36 17
2 2 36 19
2 2 36 23
1 2 37 22
6 2 36 23
7 2 36 24
8 9 36 41
2 13 36 58
5 7 36 80
7 2 37 80
8 2 37 81
6 2 38 81
4 2 38 81
3 4 36 84
2 2 36 100
7 3 35 6
8 3 35 14
8 2 35 16
7 2 35 18
5 2 35 20
7 2 35 21
4 2 35 22
1 2 35 24
8 3 35 37
5 2 35 68
8 2 35 70
4 2 36 69
8 32 35 82
7 2 35 100
3 2 34 6
3 2 34 12
1 2 34 53
2 2 34 72
7 36 33 8
7 3 33 15
1 3 33 23
1 2 33 37
4 2 33 42
2 2 33 43
8 2 33 54
5 2 33 55
7 9 33 59
8 59 33 65
3 2 33 86
2 4 32 14
3 3 32 23
1 2 32 32
3 3 32 35
6 3 32 42
8 2 32 57
8 7 32 73
5 3 33 70
2 10 32 86
3 31 31 12
5 11 31 18
1 2 33 17
7 2 32 18
4 2 32 19
7 2 31 23
5 2 32 22
1 3 31 35
4 4 31 70
6 2 31 71
1 3 31 87
3 2 30 18
1 2 30 22
8 2 31 21
3 2 30 22
6 2 30 24
3 3 30 31
8 3 30 34
2 2 30 36
7 3 30 41
3 2 30 41
2 3 30 56
1 2 30 61
5 2 30 71
4 3 30 72
4 2 30 75
8 2 30 91
8 2 29 5
7 2 29 19
5 2 29 26
3 2 29 35
7 2 29 34
8 2 29 39
4 2 29 43
4 64 29 57
7 2 29 70
2 2 29 73
5 2 29 78
2 22 29 81
6 2 29 90
4 9 28 13
4 2 29 16
6 3 29 17
3 2 28 16
1 2 28 17
6 3 28 21
2 2 28 20
1 4 28 19
3 2 28 22
8 2 28 23
5 2 28 23
1 5 28 27
1 3 28 31
7 2 28 36
1 2 28 39
8 2 28 41
6 3 28 42
4 48 28 69
4 2 28 91
7 2 28 90
4 3 27 17
4 3 27 23
8 2 27 30
3 2 27 39
8 2 27 78
7 2 27 82
1 9 27 84
2 7 27 90
4 2 27 94
3 2 26 4
6 2 26 7
5 3 26 13
7 3 26 15
8 2 26 17
5 2 26 17
3 2 26 23
2 2 26 28
3 2 26 29
6 2 26 29
7 2 26 32
6 2 26 32
4 2 27 33
5 2 26 32
1 2 26 35
4 2 26 35
8 3 26 37
4 3 26 40
7 2 26 39
2 5 26 43
5 2 28 42
3 2 26 68
1 2 26 77
6 2 26 98
2 2 27 99
3 3 26 100
3 2 27 99
8 2 25 1
5 185 25 6
4 2 25 1
3 2 25 25
1 2 25 24
4 2 25 27
5 10 25 28
3 2 25 38
6 4 25 40
1 2 25 41
8 3 25 42
4 3 25 42
5 2 25 55
7 8 25 69
5 3 25 77
4 2 25 77
8 42 25 86
4 2 25 95
6 2 29 94
2 2 28 94
5 2 28 93
3 3 25 97
2 49 24 23
4 49 24 31
2 3 24 40
3 3 24 44
1 2 24 45
4 2 24 50
7 2 24 51
7 2 24 65
3 3 24 66
8 2 24 75
3 3 24 77
3 2 25 79
3 3 24 94
8 2 25 93
7 2 25 93
6 2 24 93
6 2 24 100
4 2 24 99
7 2 23 20
5 29 23 38
8 2 23 45
2 2 23 51
1 4 23 52
7 3 23 80
1 2 26 80
5 2 24 80
4 2 25 79
6 2 23 80
7 2 23 80
1 2 23 99
5 2 22 1
8 2 23 1
8 2 22 12
1 2 22 20
4 2 22 20
5 2 22 21
4 2 22 47
3 3 22 54
1 2 26 54
4 2 23 53
8 2 22 62
3 3 22 64
1 2 22 62
7 2 22 67
6 52 22 75
4 2 22 91
6 50 22 92
6 4 21 44
3 2 21 50
3 2 23 49
6 2 21 52
8 3 21 57
5 2 21 60
2 2 21 67
3 2 20 20
8 3 20 33
7 9 20 41
4 2 20 50
5 2 20 49
1 54 20 48
4 2 20 53
1 2 21 54
2 3 21 55
3 2 23 55
7 2 23 56
8 2 22 55
6 3 22 55
5 2 21 54
8 4 20 54
1 3 20 55
6 2 20 61
5 3 20 63
1 3 20 67
7 2 20 71
1 3 20 87
2 16 19 12
4 2 19 20
8 3 19 20
6 2 20 19
5 2 19 65
5 2 19 69
8 2 19 81
4 3 19 81
6 2 19 83
4 39 19 87
2 2 19 96
2 5 18 19
6 2 18 22
6 81 18 25
8 13 18 35
7 2 18 33
1 7 18 38
2 13 18 60
7 2 18 65
5 4 18 82
4 2 18 96
1 3 17 1
4 2 17 17
3 2 17 20
8 2 17 51
2 73 17 92
7 2 16 2
7 2 23 1
2 2 23 1
8 2 22 1
7 2 19 1
6 2 19 1
1 3 19 1
6 2 19 1
2 2 19 1
3 2 18 1
1 2 16 1
6 15 16 12
2 2 16 15
8 2 16 16
6 5 16 19
8 2 16 21
3 48 16 37
7 63 16 56
7 2 16 63
7 2 18 62
4 2 18 63
6 2 16 62
7 2 19 61
4 2 16 72
1 2 17 73
2 3 15 1
6 2 15 2
7 34 15 20
2 2 15 62
4 2 17 61
8 2 17 62
2 2 17 61
5 5 15 63
1 2 17 65
3 2 15 66
2 2 15 66
5 2 15 67
5 2 19 68
7 2 19 69
3 2 19 70
6 2 15 68
8 2 15 68
5 2 15 69
1 2 16 70
8 2 15 71
2 2 15 70
1 3 15 76
5 3 15 78
7 2 15 81
2 3 15 84
4 2 14 1
1 2 14 56
4 3 14 59
6 2 14 59
1 2 14 60
8 2 14 66
6 2 15 65
6 2 17 64
3 2 15 65
4 2 14 65
4 2 14 72
8 2 15 73
2 2 15 73
1 4 14 73
2 2 14 77
6 4 14 78
3 2 13 33
4 6 13 54
6 2 13 69
1 3 13 69
8 6 13 69
6 2 15 72
7 2 13 71
5 2 13 72
5 2 13 75
8 3 13 76
1 2 13 81
4 2 13 80
3 3 13 81
2 2 12 13
2 2 12 43
5 2 12 44
1 6 12 53
6 7 12 59
1 2 15 57
2 2 14 57
8 2 13 57
7 2 13 61
3 2 12 58
8 3 12 62
2 51 12 65
5 2 12 80
1 2 13 79
8 2 12 80
6 4 12 83
7 2 11 11
2 2 11 12
7 3 11 35
5 58 11 38
6 2 11 44
3 2 11 52
8 3 11 56
2 3 11 56
4 2 11 55
1 2 11 78
8 3 11 77
7 2 11 84
5 2 12 83
1 2 11 84
5 3 11 84
8 2 11 85
2 2 11 86
1 2 11 88
8 2 11 99
2 2 10 7
4 2 13 8
8 2 11 8
8 7 10 11
1 2 10 17
3 2 10 18
8 2 10 20
7 4 10 22
7 2 10 29
7 25 10 33
7 3 10 53
1 2 10 61
7 3 10 77
3 2 10 79
5 3 10 80
3 2 10 91
1 2 10 94
4 60 9 8
7 2 9 15
2 2 9 15
5 5 9 28
8 21 9 53
5 2 9 51
6 2 9 52
5 54 9 57
2 3 9 70
2 2 9 79
6 2 9 79
1 3 9 87
3 3 11 86
3 4 9 89
6 25 9 92
7 2 9 94
3 43 8 2
1 2 8 17
8 3 8 16
8 31 8 21
1 66 8 23
1 2 8 48
1 2 8 67
8 3 8 68
4 2 8 68
4 3 8 71
5 2 10 72
8 3 9 71
6 2 9 71
7 3 8 71
1 4 8 77
3 2 8 81
5 2 8 93
7 43 8 95
4 2 7 2
6 2 7 24
2 3 7 42
2 39 7 48
8 49 7 62
6 2 7 66
4 3 7 70
6 3 7 74
2 2 9 72
3 2 7 75
8 47 7 76
4 3 6 16
1 2 6 69
5 35 6 73
1 2 5 12
6 6 5 13
3 3 5 41
4 2 6 42
8 2 5 43
1 3 4 1
3 3 4 3
7 8 4 39
6 2 4 40
5 2 4 41
5 2 4 81
4 2 4 89
8 2 3 2
1 2 3 13
3 3 3 14
7 2 3 27
2 7 3 32
3 2 3 74
7 2 3 77
2 3 3 79
8 2 4 78
6 2 7 79
4 2 7 80
7 6 3 79
3 8 3 88
2 2 4 83
5 2 3 87
6 2 2 25
4 2 2 24
5 3 2 30
4 4 2 37
8 2 2 39
4 2 7 38
4 2 2 41
6 2 2 41
7 2 2 42
1 2 2 46
4 2 2 50
6 2 2 55
2 3 2 72
4 2 2 72
1 3 2 78
4 3 2 78
3 2 5 80
3 2 3 80
5 2 4 81
1 2 3 80
4 2 2 84
1 3 1 14
4 2 1 16
2 2 1 15
2 2 1 19
5 2 1 20
7 2 1 20
8 2 1 22
8 2 1 40
5 2 2 39
8 3 1 45
3 2 1 50
3 2 1 52
1 2 1 51
6 2 1 55
2 2 2 54
7 2 1 54
4 3 1 53
5 2 1 61
2 2 6 60
4 2 5 61
7 2 5 62
6 2 1 61
