34813
2515
6 3 1 2
6 3 1 4
7 3 1 3
6 5 1 4
7 2 1 4
8 3 1 4
6 4 1 4
4 2 1 3
5 9 1 5
7 6 1 5
7 4 1 7
8 2 1 6
6 4 1 6
5 2 1 5
8 2 1 5
8 4 1 9
7 6 1 10
5 10 1 12
6 2 1 13
7 5 1 16
8 2 1 17
5 7 1 17
6 6 1 16
5 5 1 16
8 4 1 18
4 2 1 17
8 2 1 18
6 2 1 19
7 5 1 18
5 3 1 18
6 5 1 18
8 14 1 18
7 4 1 18
5 10 1 21
8 6 1 20
6 2 1 20
5 3 1 19
7 3 1 19
2 2 1 19
7 6 1 22
8 2 1 25
7 9 1 25
1 2 1 26
8 2 1 27
1 9 1 27
8 3 1 28
1 4 1 28
7 2 1 27
6 4 1 27
6 6 1 30
8 3 1 30
8 2 1 34
1 3 1 34
8 2 1 35
7 2 1 35
1 2 1 35
8 2 1 35
6 6 1 34
8 7 1 37
7 22 1 37
7 2 1 40
6 12 1 41
1 5 1 41
8 10 1 42
7 4 1 43
1 2 1 45
6 3 1 46
7 6 1 46
8 12 1 48
1 14 1 47
8 4 1 47
6 3 1 46
7 2 1 49
6 4 1 49
2 2 1 51
1 2 1 51
8 2 1 51
1 8 1 51
7 22 1 53
8 9 1 52
1 8 1 52
7 2 1 53
8 4 1 52
2 3 1 52
7 4 1 51
2 8 1 52
7 3 1 52
5 2 1 52
1 3 1 52
2 2 1 52
8 6 1 56
1 12 1 58
7 3 1 59
2 3 1 58
7 4 1 57
8 2 1 58
2 3 1 63
7 4 1 63
2 25 1 63
8 5 1 63
1 4 1 63
7 9 1 63
3 2 1 65
7 13 1 65
8 2 1 66
2 2 1 67
1 3 1 69
2 3 1 69
8 13 1 69
7 5 1 69
2 6 1 69
1 8 1 67
7 3 1 69
8 2 1 69
7 2 1 69
1 18 1 69
6 2 1 68
7 2 1 68
5 3 1 68
2 3 1 67
8 7 1 70
7 11 1 70
8 13 1 70
1 12 1 70
4 2 1 70
8 2 1 72
2 6 1 72
7 3 1 71
6 2 1 70
5 4 1 70
3 2 1 69
4 6 1 69
6 2 1 69
4 3 1 69
3 2 1 69
4 2 1 69
6 2 1 73
8 3 1 72
7 3 1 72
1 7 1 71
5 2 1 70
6 2 1 71
3 10 1 71
5 2 1 71
3 2 1 71
4 15 1 71
7 2 1 72
8 8 1 75
1 12 1 76
2 3 1 75
8 2 1 75
1 3 1 75
3 11 1 77
8 10 1 77
1 3 1 77
2 4 1 78
8 3 1 78
1 7 1 78
2 2 1 78
3 2 1 79
8 3 1 80
2 8 1 81
1 9 1 80
8 2 1 78
2 7 1 78
1 5 1 79
8 2 1 78
2 2 1 78
5 3 1 78
7 2 1 77
1 3 1 79
4 2 1 79
3 5 1 83
8 5 1 83
1 2 1 83
8 2 1 85
2 7 1 85
3 10 1 85
2 5 1 85
3 3 1 86
1 3 1 87
4 2 1 87
3 4 1 87
8 2 1 87
2 5 1 89
1 12 1 89
2 2 1 89
8 28 1 89
3 2 1 88
1 2 1 88
2 3 1 88
1 4 1 88
8 2 1 88
1 2 1 88
7 2 1 89
3 4 1 88
1 2 1 88
2 2 1 89
1 3 1 90
8 4 1 90
3 2 1 90
2 4 1 91
3 9 1 93
2 6 1 93
4 2 1 95
1 3 1 94
6 2 1 93
8 14 1 95
2 11 1 95
3 6 1 96
1 5 1 96
8 2 1 95
2 2 1 95
3 8 1 95
2 3 1 95
2 2 1 97
1 2 1 97
2 15 1 97
3 12 1 98
1 4 1 97
2 2 1 98
1 2 1 98
3 4 1 98
8 2 1 99
1 3 1 98
8 2 1 97
2 3 1 99
3 2 1 98
1 2 1 97
1 5 1 100
2 2 1 98
8 3 1 98
6 3 1 98
5 2 1 98
4 2 1 97
3 2 1 100
7 2 2 1
5 2 2 1
8 2 1 2
7 2 1 2
6 3 1 2
6 8 2 1
8 6 1 3
6 4 2 4
7 5 2 3
4 2 2 4
2 2 2 5
7 2 2 5
5 5 2 6
7 2 1 6
5 3 1 6
6 2 1 6
7 2 1 6
6 4 2 6
5 2 2 6
7 2 2 6
6 2 2 8
5 4 2 8
8 3 2 7
3 2 2 6
4 3 1 6
1 4 1 6
3 5 1 5
1 2 1 4
3 7 1 4
4 4 1 5
2 2 1 5
1 8 1 4
3 2 1 4
2 2 1 4
8 3 1 7
7 2 1 7
4 2 1 6
1 2 1 5
3 4 1 5
4 6 1 5
6 9 1 8
5 4 1 7
8 2 1 7
6 2 1 8
4 9 2 5
3 3 2 6
5 8 2 6
8 4 1 8
7 7 1 7
2 2 2 5
3 2 2 8
7 8 2 9
6 3 1 10
2 2 1 9
8 7 2 15
6 8 2 16
5 10 2 15
8 6 2 13
5 2 1 13
8 2 2 13
8 5 2 15
7 2 2 17
5 3 2 18
6 11 2 19
7 3 2 18
8 3 1 20
5 4 2 18
8 3 2 20
5 3 2 22
8 6 1 22
6 4 1 22
7 3 2 23
5 2 2 24
8 4 2 24
6 3 1 24
7 4 2 25
3 2 1 25
1 2 2 25
5 18 1 25
1 2 1 24
8 9 1 25
6 4 1 25
4 3 2 25
7 2 2 28
8 4 1 28
7 4 1 27
8 2 1 28
1 2 2 26
7 2 2 26
6 3 2 26
8 8 2 28
1 8 1 28
7 2 2 29
6 2 2 29
1 5 2 28
8 4 1 28
3 2 2 30
7 15 2 30
8 12 2 30
6 3 2 32
8 4 2 32
6 2 2 33
7 3 2 33
1 4 2 34
8 2 2 33
6 2 2 34
1 2 2 34
7 4 2 34
3 6 1 35
4 3 1 35
4 2 2 35
5 2 2 35
8 4 2 36
1 3 1 36
6 5 1 36
6 8 2 39
7 7 2 39
1 4 2 40
8 2 2 39
3 2 2 38
6 20 2 43
7 2 2 42
8 9 2 42
1 21 2 44
7 3 2 45
6 16 2 44
2 2 1 44
5 2 1 45
7 7 1 46
2 5 2 46
4 4 1 47
2 2 1 47
4 2 1 47
5 2 1 47
8 2 1 48
1 3 1 48
5 3 1 48
4 9 1 48
3 2 1 49
8 3 1 48
2 2 1 47
3 2 1 47
2 5 1 47
3 4 1 48
6 5 1 49
1 3 1 48
5 4 1 48
8 5 1 50
4 14 2 46
2 2 2 46
5 2 2 46
5 4 2 48
4 2 2 49
6 4 2 50
1 3 2 50
5 2 2 49
3 2 2 48
2 4 1 49
4 2 1 49
3 2 1 49
5 5 1 49
2 3 1 49
4 2 1 49
5 5 1 49
4 2 1 49
3 2 1 49
1 2 1 48
6 7 1 47
8 6 1 46
1 2 1 47
6 2 1 47
7 2 1 49
6 6 1 49
2 2 2 46
4 2 1 46
4 3 2 50
6 4 2 52
3 3 2 51
5 2 2 50
6 7 2 52
5 2 2 52
7 2 2 53
8 3 2 53
7 2 2 56
2 15 1 57
7 2 2 56
8 5 2 56
7 8 2 58
2 7 1 59
7 2 1 59
1 2 2 58
7 9 2 58
1 3 2 62
8 4 2 62
2 17 2 62
1 4 2 62
8 6 2 64
1 7 1 64
7 2 2 63
4 3 2 63
2 2 2 65
2 2 2 67
7 9 2 68
4 3 2 69
6 2 2 69
5 4 2 69
3 5 1 69
7 2 2 70
4 2 2 69
2 4 2 68
7 3 1 69
8 2 1 69
6 4 1 70
5 2 1 70
3 2 1 70
1 5 1 70
7 3 1 69
2 7 1 69
7 4 1 69
8 7 1 70
2 4 1 70
1 2 1 70
7 7 1 70
8 3 1 70
1 5 2 69
8 2 2 69
6 2 2 72
3 3 1 72
2 4 1 71
5 4 1 72
2 2 1 73
7 5 1 73
5 2 1 73
8 2 1 73
2 5 1 74
8 2 1 74
1 6 1 74
7 2 1 73
4 3 1 72
6 2 1 72
5 3 1 72
4 2 1 73
6 2 1 72
2 2 2 71
8 6 1 71
2 2 2 73
3 2 1 73
4 2 1 73
5 5 1 73
4 2 1 73
6 2 2 72
4 2 2 72
6 2 2 73
7 4 2 74
3 2 1 75
7 2 1 75
8 2 2 74
7 5 2 74
4 2 2 73
5 3 2 74
4 7 2 74
3 3 2 74
4 4 2 75
3 2 2 75
5 2 2 75
4 3 2 75
8 5 2 76
3 10 1 77
2 2 1 76
8 3 1 75
5 2 1 75
6 3 1 75
6 3 2 79
1 2 2 84
8 2 2 83
2 7 2 83
5 2 1 84
3 8 1 84
2 2 1 84
1 2 1 84
8 3 1 85
8 2 2 85
2 4 2 85
3 3 1 85
4 2 2 87
3 2 2 87
8 2 2 91
5 2 2 94
6 2 1 95
5 2 1 95
8 2 2 94
5 3 2 94
3 7 2 94
4 2 2 95
6 4 1 95
4 2 1 94
4 2 2 97
3 2 1 97
5 2 2 98
2 5 2 99
7 4 3 2
2 2 3 3
8 2 2 3
5 2 2 3
8 4 3 5
6 5 2 6
5 6 2 5
8 2 2 6
7 2 2 6
5 3 3 5
6 3 2 5
8 3 1 5
7 2 1 4
6 3 1 5
4 2 3 4
4 2 3 6
3 2 3 7
2 2 3 8
1 2 3 7
3 6 3 7
8 3 3 9
6 3 3 13
5 15 2 13
8 10 3 12
6 9 3 9
7 3 3 8
5 3 3 9
4 4 3 8
1 3 3 12
8 5 3 12
8 7 3 15
6 2 3 15
5 2 2 15
6 2 2 15
2 2 1 15
8 3 1 14
7 2 3 14
4 6 3 15
3 7 3 15
2 7 2 15
8 2 3 17
7 4 3 18
6 3 3 18
3 6 2 18
5 2 3 17
1 2 3 17
1 4 3 20
7 3 3 23
6 4 3 24
4 5 3 26
7 3 3 27
1 2 3 27
5 2 3 29
1 4 3 29
2 2 3 28
4 3 3 27
2 10 3 27
8 2 3 30
6 12 3 30
7 2 2 30
4 3 1 30
1 2 2 29
5 4 1 29
2 2 1 28
8 3 1 30
4 2 1 29
3 2 2 27
4 5 2 29
2 11 2 28
4 2 2 29
5 2 2 30
1 3 1 31
7 5 1 31
8 2 2 30
2 6 3 27
5 5 3 27
4 2 3 30
7 2 3 31
3 3 3 31
5 2 3 31
1 2 3 32
6 2 3 32
7 6 3 32
4 7 3 34
3 3 3 34
2 4 3 35
4 2 3 34
5 4 3 35
8 6 3 36
7 16 3 39
8 17 3 41
6 8 3 40
1 4 3 45
2 2 3 46
4 3 2 46
3 3 2 46
4 2 2 46
8 8 2 46
1 5 2 47
6 13 2 47
7 2 1 49
1 2 1 49
7 10 2 46
8 8 2 49
3 2 2 49
5 3 2 48
2 4 2 47
4 3 2 49
5 6 2 50
4 8 3 48
3 8 3 48
4 3 3 49
2 2 2 49
7 3 3 53
6 2 3 53
3 2 3 53
5 5 3 53
4 2 3 52
6 4 3 53
2 5 3 54
1 5 3 56
7 2 3 55
8 4 3 55
2 2 3 55
8 3 3 55
8 3 3 67
7 7 3 71
4 2 3 70
6 4 3 70
4 7 3 70
3 13 3 69
6 9 2 69
5 2 1 69
6 2 2 69
4 3 2 68
5 4 2 67
4 15 2 67
3 11 1 67
7 3 1 66
4 2 1 65
6 4 1 65
5 2 2 65
3 3 2 65
6 7 2 64
3 6 2 63
2 2 1 64
5 2 1 63
4 3 2 64
5 4 2 65
6 3 2 64
4 10 2 64
3 3 1 64
6 2 1 63
4 2 1 64
5 4 1 65
6 5 1 64
3 5 1 64
8 3 1 63
4 3 1 66
5 6 2 67
3 4 2 66
6 3 2 67
5 2 2 68
6 2 2 68
8 2 2 68
2 12 2 68
5 2 3 63
4 2 2 63
4 2 3 63
6 4 2 63
3 2 2 63
8 5 3 62
1 2 3 62
2 2 3 63
8 7 3 63
1 2 3 63
3 2 3 66
4 5 3 70
5 4 3 70
4 2 3 70
3 2 3 70
8 2 3 72
6 3 3 77
7 2 3 79
3 12 3 87
8 3 3 89
1 3 3 89
4 2 2 89
2 2 3 92
8 4 3 91
3 4 2 91
2 2 2 91
1 4 2 92
8 2 3 90
1 2 2 90
7 2 2 90
5 3 3 89
6 14 2 90
4 9 2 90
7 7 2 91
1 2 1 91
7 4 1 91
4 6 3 90
5 2 3 88
7 4 3 88
5 3 3 88
7 5 3 88
6 2 3 97
5 2 3 97
6 2 3 97
4 4 3 97
7 4 4 2
6 3 4 3
8 3 3 3
4 2 3 3
8 3 4 5
1 7 4 7
4 12 4 7
2 3 4 7
5 3 4 6
7 2 4 9
2 2 3 9
3 5 2 9
1 4 2 9
8 3 2 8
2 3 2 7
7 5 2 7
8 2 2 7
4 2 2 9
3 2 2 9
6 7 2 10
5 6 1 10
7 2 1 10
3 2 1 10
4 4 1 10
2 2 1 10
1 5 1 10
2 4 2 10
4 3 2 9
1 3 2 9
4 3 2 9
1 4 2 10
3 5 2 10
6 3 3 6
3 6 3 6
8 5 3 7
7 8 2 7
5 2 2 8
1 2 3 6
4 2 3 6
5 11 3 7
7 2 3 7
6 2 3 8
8 2 4 5
4 2 4 5
5 2 3 5
3 2 3 6
2 4 3 6
7 2 4 4
4 2 3 5
2 3 3 4
3 5 3 4
4 4 3 5
1 15 3 5
7 2 4 8
5 2 4 10
7 3 4 10
2 3 4 10
7 2 4 12
6 3 4 11
8 2 4 12
1 2 4 11
5 2 3 12
2 3 2 12
8 2 2 12
3 4 3 12
2 2 2 12
4 2 3 13
2 3 3 13
1 2 3 13
2 4 3 13
5 3 3 13
4 2 3 13
1 5 3 13
6 3 3 12
2 3 3 12
4 2 3 11
2 2 3 11
4 2 3 13
1 3 4 11
3 6 3 11
2 3 3 11
6 3 4 11
5 2 4 11
7 4 4 10
8 4 4 10
5 4 4 10
2 2 4 13
4 6 4 18
2 3 3 19
3 7 3 18
1 2 3 18
2 6 3 17
3 8 4 19
4 3 4 19
1 2 3 20
2 2 4 18
1 2 4 17
6 2 4 17
1 14 4 20
7 2 4 23
3 5 4 24
4 4 4 27
4 6 4 30
2 16 3 31
5 10 3 31
3 2 4 28
5 2 4 27
2 8 3 27
5 3 3 27
2 3 3 27
8 2 2 27
6 3 2 27
4 6 2 28
6 4 3 28
8 2 4 27
7 3 3 27
8 3 2 27
1 2 2 28
8 2 4 27
3 3 4 30
1 4 3 30
8 5 3 30
6 4 3 30
2 2 2 30
7 6 3 30
1 4 3 30
1 2 4 30
5 2 4 35
8 2 4 35
2 4 4 36
3 2 4 36
8 5 4 37
7 5 3 37
2 2 2 37
2 10 3 37
4 3 3 37
5 2 3 38
4 2 4 36
7 3 3 37
3 3 3 37
4 3 3 37
5 5 3 37
2 3 3 37
7 5 4 41
6 10 4 41
8 3 4 41
5 2 4 40
5 3 4 44
2 2 3 44
5 2 3 44
6 2 3 43
4 3 4 42
2 3 4 43
4 2 4 43
3 2 3 43
4 3 2 43
5 2 2 42
4 3 2 43
5 3 3 42
7 2 2 44
5 2 2 44
2 5 2 43
3 2 2 43
2 2 3 43
4 3 3 44
3 2 3 44
4 2 3 44
1 2 3 43
8 4 3 44
7 8 3 45
6 4 2 45
5 2 2 44
1 4 2 44
4 4 2 45
5 2 3 43
8 4 3 44
2 2 3 45
5 3 2 45
7 2 2 44
4 2 2 43
6 3 1 44
1 3 1 43
7 2 1 44
1 2 1 44
7 2 1 44
5 4 1 45
4 4 2 45
3 5 2 45
6 2 2 46
8 3 1 46
6 12 1 46
7 3 1 46
1 2 1 46
6 2 3 42
1 2 3 45
2 5 3 46
5 3 3 45
4 2 3 46
7 2 4 42
2 2 3 42
6 2 3 42
2 5 4 44
8 2 4 45
7 2 3 45
8 2 4 45
4 2 4 46
5 7 4 47
2 8 4 47
4 3 4 48
2 2 4 48
3 2 4 48
8 4 4 50
6 2 4 51
4 2 4 51
5 9 4 51
3 4 4 52
4 3 3 53
5 2 3 53
3 2 3 53
6 2 4 51
5 5 4 52
8 3 4 52
2 4 4 55
7 9 3 55
1 8 3 54
7 8 4 54
5 2 3 55
8 3 4 56
5 6 4 56
3 2 3 56
2 2 2 56
6 3 2 56
1 2 4 57
3 2 4 57
4 8 4 57
5 2 3 57
7 2 3 57
5 14 3 57
4 3 4 58
5 6 4 57
6 9 4 57
1 5 4 62
8 2 3 63
7 4 2 63
6 6 3 62
3 2 4 64
2 3 3 64
7 4 3 63
3 3 4 66
4 4 4 66
8 6 4 67
1 2 4 68
8 5 4 68
7 3 4 67
3 6 4 70
4 2 3 71
2 6 4 72
6 5 4 73
7 4 4 72
1 3 4 71
6 3 4 71
2 4 4 72
7 4 4 72
2 3 4 72
1 6 4 72
8 2 4 72
1 3 4 72
4 2 4 74
8 2 4 77
4 6 4 77
7 5 3 77
7 8 4 77
4 2 4 77
6 7 3 77
4 4 3 76
8 2 3 78
4 12 2 79
5 3 1 79
7 6 3 79
4 4 2 79
7 3 1 79
6 2 1 78
7 2 3 78
5 4 3 78
3 3 3 79
2 3 2 80
1 9 2 80
2 3 3 78
8 2 3 78
8 2 3 80
3 5 4 77
8 6 4 77
3 3 4 77
2 2 4 79
3 2 4 80
2 6 4 82
3 2 4 82
1 9 4 83
2 2 3 83
4 3 4 84
7 2 4 84
6 2 4 85
8 2 4 86
4 3 4 85
7 6 3 86
4 9 3 86
5 2 4 85
6 2 4 86
5 8 4 88
4 16 3 88
6 2 3 88
7 6 4 87
5 3 3 89
3 3 4 93
1 2 4 93
6 5 4 93
5 13 4 94
6 2 4 97
7 2 4 98
6 3 4 99
4 2 5 7
5 2 5 8
6 3 4 8
1 2 4 9
8 6 4 9
7 8 4 9
2 2 3 9
8 3 4 9
6 3 4 9
5 4 4 9
1 2 5 8
3 2 5 7
4 12 5 7
7 2 5 9
6 2 4 9
3 3 4 9
2 3 4 9
1 5 4 10
3 4 5 8
4 3 4 8
1 3 4 8
2 5 4 7
3 5 4 8
2 2 5 7
3 5 5 7
4 3 4 8
1 5 4 7
4 3 4 7
2 7 5 9
1 3 5 10
4 3 4 10
2 10 4 10
5 2 5 11
6 3 4 11
6 5 5 11
1 5 5 10
2 2 5 10
3 3 5 11
4 2 5 15
2 2 5 15
1 2 5 15
4 2 5 18
2 2 5 17
8 2 5 20
5 7 4 20
7 2 5 23
8 3 4 23
2 3 3 23
3 2 3 22
2 2 3 23
1 3 3 23
2 2 4 23
4 2 4 23
6 3 5 23
4 7 5 23
3 5 5 23
1 3 4 23
3 3 3 23
4 3 3 22
2 2 2 22
1 5 2 22
4 8 2 22
5 3 2 23
7 3 2 23
8 2 2 23
1 4 3 22
7 3 3 23
5 3 2 23
6 2 2 23
2 4 1 24
3 5 1 23
1 4 1 24
6 3 2 23
8 4 2 23
5 2 1 23
3 2 2 22
1 9 2 24
8 2 2 25
1 2 2 25
2 3 2 24
1 4 2 25
3 2 2 25
6 3 2 25
8 4 2 25
3 2 2 26
4 2 2 26
1 2 2 26
6 4 3 24
7 3 3 24
2 4 3 26
3 2 2 26
6 5 3 27
8 2 3 26
7 6 2 27
8 2 2 27
5 8 3 25
1 2 4 23
7 6 4 26
8 3 3 26
6 7 3 26
1 2 3 26
7 2 4 26
6 2 4 25
7 2 4 26
8 3 4 26
3 2 4 27
2 2 3 27
3 2 3 27
4 2 3 27
3 2 3 27
5 2 3 26
1 4 2 27
4 4 2 26
6 2 2 25
7 3 2 25
3 2 2 27
2 4 2 27
8 4 2 28
7 4 1 28
6 2 1 28
5 2 1 29
8 4 2 28
4 2 2 28
3 2 3 25
7 6 3 25
5 4 3 27
2 2 3 28
4 5 3 28
5 6 3 28
7 2 3 29
1 2 3 29
8 2 3 29
6 2 3 29
7 2 3 29
1 4 3 29
3 2 4 26
2 2 4 28
8 2 4 28
1 3 4 29
3 2 4 30
5 4 4 29
1 2 5 25
7 2 5 30
8 2 5 31
3 4 5 32
4 11 4 34
2 3 5 31
3 6 5 32
2 2 5 32
4 2 5 33
5 5 5 34
2 2 4 34
5 2 4 34
2 5 5 38
5 3 5 38
3 6 4 38
4 2 3 38
5 2 5 41
2 2 4 42
3 3 5 42
4 2 4 42
5 3 3 42
4 2 3 42
8 2 3 43
1 3 3 43
6 2 3 43
1 3 3 43
3 2 2 43
4 2 4 42
6 5 4 42
4 2 4 44
2 4 4 44
5 3 3 44
3 2 4 44
2 2 4 44
3 2 5 42
2 3 4 42
5 2 3 42
8 2 4 42
3 3 5 44
5 2 4 44
8 2 5 45
6 3 5 45
7 5 5 45
1 4 4 45
8 2 4 45
2 3 5 45
4 3 5 45
3 4 4 46
5 7 4 47
4 2 5 47
3 3 5 46
5 3 5 46
8 2 5 47
2 3 4 47
3 7 3 47
5 2 3 47
5 2 4 48
2 3 5 52
1 6 4 52
2 2 3 52
1 2 4 52
8 2 3 52
2 3 5 52
5 3 5 54
2 2 4 54
3 2 4 53
1 3 5 52
8 3 4 52
7 3 4 53
4 4 5 56
3 3 5 57
1 3 5 56
4 2 5 59
1 5 5 60
7 2 4 61
2 3 5 63
2 5 5 66
3 2 5 67
6 3 4 68
3 2 5 73
2 4 4 73
5 2 4 74
3 3 4 74
4 4 4 74
2 2 4 74
7 3 3 74
8 4 4 73
2 5 3 75
7 8 3 75
1 4 3 74
8 5 2 74
4 2 2 74
7 2 2 75
1 3 2 75
2 6 2 74
8 2 2 74
1 2 3 74
8 2 3 75
6 2 3 76
4 7 3 76
6 12 4 73
5 2 3 73
3 5 4 73
4 2 3 74
1 10 4 75
6 3 4 75
8 10 4 76
4 2 5 72
6 3 5 73
5 9 5 72
3 3 5 73
4 5 5 73
6 3 5 72
3 4 5 74
5 2 5 74
2 3 5 75
7 2 5 76
1 4 5 75
5 2 4 76
8 5 5 76
1 4 4 76
2 3 3 76
1 2 3 76
5 2 3 75
4 3 3 76
7 2 4 75
3 2 3 75
4 2 2 75
5 2 1 75
4 2 1 75
6 3 3 76
4 2 4 77
7 3 5 76
4 2 5 76
7 2 5 76
2 2 4 76
3 7 5 78
5 2 5 83
5 2 5 86
2 2 4 86
3 2 5 85
1 2 4 86
6 5 5 85
7 2 4 85
4 8 5 84
7 3 5 83
6 3 5 83
5 3 4 85
6 3 4 85
5 4 5 83
4 2 5 83
5 2 5 83
7 10 5 83
5 3 5 83
4 4 5 84
3 4 5 85
7 2 5 86
8 3 5 85
2 5 5 86
6 3 5 87
5 2 4 87
7 2 4 87
4 2 4 86
4 2 5 87
3 9 5 89
2 4 4 89
1 3 4 88
8 2 4 88
2 8 4 89
6 2 3 89
2 2 3 89
3 2 2 89
3 2 4 88
4 3 3 88
1 3 4 88
2 3 5 88
8 4 4 88
3 2 4 89
1 2 3 89
6 3 3 89
4 7 2 89
6 2 3 89
5 3 3 89
7 3 2 89
4 2 3 89
6 2 2 89
4 3 4 89
8 3 5 90
1 3 5 91
2 2 4 91
8 2 4 91
3 2 4 91
6 3 4 92
4 2 4 92
7 5 3 93
4 3 3 93
4 2 4 93
3 4 5 91
7 7 5 92
6 3 5 92
5 4 5 93
4 3 5 94
7 3 5 94
5 4 5 94
6 7 4 94
8 4 5 95
2 4 5 94
3 2 5 94
8 5 5 93
3 4 5 94
2 12 5 93
7 4 5 93
3 4 4 93
8 4 5 93
4 3 5 92
6 2 5 92
2 2 5 92
1 8 5 94
2 2 5 94
8 4 5 93
4 2 5 92
2 3 5 93
6 2 5 92
1 3 4 93
3 2 5 96
5 9 5 97
6 2 5 96
4 2 5 96
7 3 5 96
4 3 5 98
7 5 5 98
4 2 5 98
8 2 5 97
3 2 5 98
8 8 6 2
5 3 6 1
2 2 6 3
3 5 5 3
4 2 6 1
8 2 5 1
1 2 5 1
4 3 5 1
2 3 6 1
3 3 6 1
2 3 6 1
3 4 6 1
1 11 5 1
4 2 5 1
2 5 5 1
6 2 4 1
5 4 4 1
8 2 4 1
1 2 3 1
5 3 3 1
7 5 2 1
6 5 2 1
7 4 3 1
5 2 3 2
1 6 2 2
2 2 3 3
3 2 3 2
7 4 2 3
2 4 3 2
1 2 3 2
3 3 3 2
6 3 4 1
8 3 4 2
6 3 4 2
5 3 3 2
7 3 3 1
6 2 2 2
6 4 3 2
7 2 3 2
8 2 2 2
7 2 1 2
4 2 2 1
5 2 1 2
4 4 2 2
4 3 4 1
2 4 3 1
4 6 3 1
3 10 4 2
8 2 4 3
5 3 4 3
4 2 4 2
7 4 4 2
6 6 4 3
7 2 5 1
3 2 5 1
6 2 5 3
8 5 5 2
1 2 5 2
2 4 5 1
7 3 5 4
1 3 6 1
4 2 6 12
5 2 6 12
6 4 6 12
7 3 6 12
5 2 6 24
2 2 6 25
3 8 5 25
2 3 6 25
4 2 6 25
1 2 5 25
4 5 6 25
2 2 6 25
2 5 6 28
4 3 6 32
5 6 6 32
5 2 6 37
3 4 6 36
2 2 5 38
5 2 5 38
4 2 5 39
8 2 6 35
1 2 5 35
1 3 6 35
7 2 6 35
8 2 5 35
7 3 4 35
8 2 5 35
6 3 4 35
7 2 4 35
4 3 6 35
2 2 5 36
5 3 5 36
3 3 4 36
2 3 4 36
5 2 4 36
8 2 4 36
1 8 4 36
8 12 4 36
6 5 4 37
7 2 4 36
1 4 5 38
4 15 6 39
5 7 6 40
7 2 6 39
2 6 6 41
6 2 6 41
8 2 6 41
3 2 6 45
6 3 6 50
8 3 6 52
2 2 6 53
1 4 5 53
8 2 4 53
6 2 6 52
3 3 6 53
6 2 6 54
5 2 6 56
7 2 6 57
8 2 6 57
5 2 6 58
3 2 6 58
4 5 6 59
6 2 6 59
1 2 6 61
7 2 6 64
8 3 6 65
2 6 6 66
6 2 6 68
4 2 5 68
4 2 6 73
5 3 6 72
6 3 6 73
1 11 6 78
4 5 6 79
1 3 6 81
5 5 6 84
6 3 5 84
1 2 5 84
1 2 6 83
3 3 6 82
2 3 5 82
7 2 6 85
3 2 6 85
8 2 5 86
2 4 6 84
1 2 6 83
8 2 6 85
3 4 6 84
1 3 6 85
2 2 6 84
8 6 6 83
3 2 6 83
5 2 6 86
2 2 5 86
6 2 5 86
3 3 4 86
7 4 5 86
4 2 5 87
7 2 6 86
1 4 6 85
8 2 6 85
2 5 6 84
4 2 5 85
7 9 4 85
5 7 5 86
6 2 5 86
4 9 5 85
3 3 5 87
2 3 5 87
3 4 5 87
6 2 6 84
7 3 5 85
1 4 6 83
8 5 6 83
2 3 6 82
8 2 6 82
3 4 5 82
4 2 5 82
5 13 5 82
6 6 6 81
8 2 5 81
7 23 6 81
1 7 5 82
6 2 6 81
5 8 6 80
4 2 6 80
6 9 6 81
2 2 5 81
1 9 4 81
8 2 4 81
2 3 4 81
3 3 4 81
1 2 4 81
3 2 4 81
7 3 5 82
3 5 4 83
2 8 5 81
8 3 5 81
3 3 5 81
7 3 5 81
1 2 5 82
3 3 5 82
6 4 6 79
5 4 5 80
3 3 5 80
4 5 6 79
7 3 6 79
5 2 5 80
6 4 6 79
7 3 6 79
3 2 6 80
1 4 6 80
7 4 6 81
8 3 6 82
1 2 5 82
8 4 5 82
4 4 4 83
5 2 4 82
3 2 4 82
2 5 4 82
8 2 4 82
4 3 4 82
6 3 5 82
5 4 4 82
4 5 5 81
7 5 5 82
5 4 5 81
6 4 6 79
7 6 6 81
6 3 5 81
5 2 5 81
7 3 5 80
4 3 5 82
6 9 4 82
4 3 5 83
7 2 4 83
6 2 4 83
4 2 5 83
6 4 6 85
5 3 6 85
6 2 6 85
3 2 6 87
2 4 6 87
3 8 6 91
2 6 6 90
7 2 5 90
3 3 5 90
1 2 4 90
8 3 6 90
3 2 6 90
7 4 6 90
4 3 5 90
7 2 5 90
6 5 6 91
8 5 6 92
2 8 6 92
4 3 6 94
8 5 6 100
6 4 6 100
4 2 7 2
7 2 7 12
6 2 6 12
8 2 6 12
7 2 7 12
5 5 7 12
6 6 6 12
1 2 6 11
6 3 6 12
1 2 6 12
2 3 7 11
3 4 6 11
4 3 5 11
2 6 5 11
4 2 6 9
1 4 6 11
4 3 7 12
3 5 6 12
4 3 6 12
6 2 7 13
5 3 7 13
8 2 7 13
6 5 7 13
1 4 7 14
2 3 7 14
4 2 7 14
1 2 7 23
3 3 7 30
5 2 7 30
6 4 7 31
7 5 7 32
1 2 7 31
8 2 7 31
1 3 7 31
8 3 7 34
6 3 7 36
7 3 7 37
6 8 6 37
7 2 7 37
2 2 7 37
3 3 6 37
8 5 6 36
2 2 6 36
5 5 6 37
3 5 6 36
4 5 6 35
2 6 5 35
2 2 5 37
4 3 6 37
5 5 6 37
3 6 6 36
4 2 6 37
2 4 6 36
5 11 6 36
3 2 5 37
4 2 5 37
1 2 7 38
8 2 7 42
1 2 7 42
6 3 6 42
1 2 5 42
2 3 7 43
5 3 6 43
3 2 6 43
5 2 6 43
4 3 7 43
2 2 6 43
5 2 7 45
4 2 6 45
8 7 7 51
6 4 7 50
7 2 6 50
6 2 7 50
1 5 6 50
8 3 5 50
7 2 4 50
6 2 5 50
3 2 5 50
5 3 5 50
7 2 5 51
8 6 5 51
2 5 6 50
4 4 5 50
3 5 5 50
5 2 6 50
8 2 6 51
1 2 5 51
4 2 6 52
5 2 6 52
6 3 6 52
3 10 6 52
6 2 7 51
4 5 7 50
3 5 7 52
5 8 7 52
2 2 6 54
3 4 6 54
5 8 6 54
4 9 7 52
6 11 6 52
3 2 6 52
4 4 7 53
1 2 6 53
7 2 7 54
5 2 7 61
7 2 7 60
6 2 6 61
3 2 6 61
4 3 5 62
6 2 4 62
1 2 4 61
8 2 4 60
6 3 4 61
4 6 3 61
6 3 4 61
3 3 4 60
5 2 3 61
1 2 5 60
3 2 5 61
6 8 5 61
5 3 5 61
1 5 5 61
4 3 4 61
2 6 5 61
7 2 5 60
3 2 5 61
7 2 5 62
6 2 6 60
3 2 6 59
4 2 6 59
5 5 5 59
4 2 6 60
6 2 6 59
1 2 6 58
7 4 6 58
8 2 5 58
8 3 6 58
1 6 6 58
2 3 6 57
7 4 6 57
2 5 6 57
8 8 6 58
7 3 6 57
2 10 5 58
4 2 4 58
1 2 4 58
1 4 5 58
4 2 5 58
3 4 5 58
4 3 5 58
6 3 5 57
4 2 6 58
6 3 6 58
5 2 5 58
3 4 5 58
4 4 6 58
4 2 6 60
1 2 6 61
5 2 6 60
8 2 6 61
2 2 5 61
8 2 5 61
1 3 5 60
7 6 5 62
3 2 6 61
1 3 6 61
5 8 6 63
1 4 7 56
7 5 7 56
8 2 7 56
4 2 7 60
3 4 6 61
2 2 7 64
2 2 7 66
7 6 6 66
8 8 7 64
6 2 6 64
6 5 7 64
3 2 7 63
5 5 7 63
6 2 7 64
4 3 6 64
1 7 7 66
7 4 7 66
3 2 7 68
7 2 7 76
4 2 7 76
5 6 7 77
4 3 7 77
5 6 7 93
4 3 7 94
8 2 7 97
3 3 7 98
2 5 7 97
8 4 7 97
3 3 7 97
2 3 7 98
8 2 7 97
3 5 7 97
1 2 7 97
3 5 7 97
1 2 7 97
3 3 7 97
8 4 7 97
4 2 7 97
5 3 7 97
6 4 7 97
7 3 6 97
4 5 6 97
2 2 5 98
6 5 6 96
5 9 5 96
6 2 5 96
4 2 5 96
6 6 5 96
8 2 4 96
2 8 3 96
1 2 4 97
3 2 5 96
8 2 6 96
2 3 5 96
1 7 5 95
7 2 4 95
8 3 4 96
3 4 3 96
4 4 4 95
5 2 4 94
3 2 4 93
6 5 4 96
5 5 4 96
4 2 4 95
7 15 5 94
5 17 4 94
6 2 5 96
4 3 5 98
5 2 4 98
6 3 4 98
6 3 5 98
7 2 6 96
6 7 6 96
5 6 6 94
4 5 6 95
1 2 5 95
6 2 5 95
4 3 5 94
6 2 6 100
7 2 7 98
5 4 6 98
6 2 6 98
4 2 7 99
6 3 7 100
5 3 6 100
4 2 6 100
7 2 6 99
7 4 7 99
8 2 6 99
8 4 7 99
3 2 6 99
4 2 6 98
8 5 8 3
5 3 8 3
1 2 8 3
6 2 8 4
2 2 8 12
3 5 8 13
2 2 8 13
1 2 7 14
3 2 8 13
1 3 8 12
2 2 8 12
8 3 8 11
1 2 7 11
3 2 8 12
4 7 8 13
6 2 8 15
7 2 8 15
5 2 8 15
7 2 8 15
1 2 8 16
2 4 7 16
4 2 7 16
3 2 7 17
2 4 6 17
1 3 5 17
2 2 5 17
8 7 5 16
3 2 5 15
6 2 5 16
7 3 5 16
6 6 5 16
8 2 6 14
2 2 6 13
7 8 6 16
8 5 6 17
5 6 6 15
8 5 6 15
7 5 6 17
4 2 6 18
5 4 6 18
3 3 7 13
7 8 7 18
8 2 6 18
5 3 6 18
7 3 6 18
8 8 7 19
7 3 7 18
8 2 7 19
5 6 7 18
7 3 6 20
3 2 7 17
7 2 8 15
5 4 7 15
6 3 7 15
8 2 8 15
6 2 8 15
3 5 7 15
4 2 7 14
1 6 6 14
2 6 6 14
4 2 7 12
8 2 6 13
5 2 5 13
3 2 6 12
1 2 5 12
4 2 5 13
3 3 6 13
1 2 5 13
4 4 7 15
1 6 7 15
2 3 7 15
3 5 6 16
2 8 5 16
4 5 4 16
7 2 5 14
4 3 5 15
1 3 4 16
7 2 3 16
4 3 2 16
2 3 5 15
4 4 5 15
1 2 5 15
7 4 6 17
5 2 7 14
5 2 8 14
8 3 8 19
5 2 8 19
6 5 7 20
1 2 7 20
8 3 6 20
2 3 7 21
5 2 8 19
7 2 8 18
2 4 7 19
3 5 7 19
1 4 6 19
4 5 8 17
3 3 7 19
1 2 8 17
4 8 8 17
5 2 8 18
1 5 8 18
2 4 8 21
1 2 8 21
4 2 7 21
3 6 6 21
1 3 7 21
6 4 6 21
5 2 6 20
5 4 7 21
8 12 6 21
7 2 7 21
5 8 7 21
8 2 8 21
1 3 8 23
3 4 7 23
1 2 8 23
4 2 8 23
2 4 8 29
1 3 8 32
6 11 8 32
7 2 8 31
1 3 8 31
4 7 8 31
4 2 8 35
8 2 8 38
6 2 7 38
7 2 7 38
6 3 7 38
1 2 7 38
2 2 7 38
5 2 7 38
3 3 8 38
2 4 7 38
4 6 7 38
3 2 6 39
7 5 7 39
5 3 6 39
7 2 6 39
4 2 6 39
6 4 6 39
2 2 6 40
5 2 6 40
6 2 7 39
7 4 7 40
6 3 7 40
7 5 7 40
6 2 7 40
5 6 8 38
2 2 7 38
6 9 8 40
1 2 8 40
7 2 7 40
1 3 7 40
2 3 7 40
3 4 6 41
8 4 6 40
5 3 6 40
4 2 6 40
1 2 6 39
8 2 6 38
7 2 5 38
2 2 5 38
2 2 7 38
3 2 6 38
8 2 7 41
7 4 7 41
1 4 6 42
8 4 5 42
6 2 5 42
8 2 5 42
6 4 6 41
8 2 6 41
4 2 6 43
5 4 7 42
4 6 8 39
4 2 8 57
6 2 8 57
4 3 8 57
7 2 8 59
8 3 7 59
4 2 8 60
3 10 8 60
4 2 8 60
8 4 8 62
5 2 8 63
4 2 8 63
3 2 7 63
6 3 7 63
5 2 7 63
4 2 8 63
8 5 8 65
2 2 8 67
7 4 8 67
6 3 8 66
4 7 8 66
6 2 8 66
3 4 8 67
5 2 7 68
6 2 6 68
4 2 6 68
4 3 8 66
6 2 8 66
6 2 8 72
4 2 8 77
6 3 8 77
7 4 7 77
2 3 8 84
4 2 8 84
2 2 8 87
6 2 8 91
5 2 7 91
5 2 8 100
4 2 8 100
1 2 9 3
4 2 8 3
1 2 8 3
4 2 8 3
3 2 8 3
4 3 9 17
2 3 9 17
1 2 9 18
4 3 8 18
5 2 9 22
8 3 9 21
6 2 9 22
5 7 9 22
3 3 9 29
5 7 9 29
7 2 9 32
2 2 9 32
3 8 9 32
5 3 8 33
7 6 8 33
1 2 8 34
8 3 8 33
6 2 8 32
4 9 8 32
2 9 8 31
5 3 8 31
3 2 8 31
4 2 8 32
5 6 8 31
2 3 8 31
1 4 8 33
8 7 8 33
5 2 9 32
2 2 9 40
4 3 9 39
5 3 8 40
4 9 8 40
3 2 7 40
1 3 9 41
8 2 9 41
3 8 9 42
8 2 9 56
6 2 9 57
5 2 9 60
6 3 8 60
1 2 8 59
2 3 9 59
1 3 9 60
7 5 8 60
8 2 8 59
3 2 8 59
2 2 8 60
8 6 9 60
1 2 9 60
8 3 9 60
4 5 9 61
8 2 9 62
2 6 8 62
5 5 8 61
3 2 9 62
4 4 9 66
6 3 9 67
3 9 9 67
7 2 9 66
5 4 9 67
4 7 8 67
3 2 8 66
4 2 8 67
6 2 9 77
5 2 9 77
4 2 9 78
3 5 9 80
4 2 9 90
7 2 9 91
8 2 9 92
3 2 9 91
5 3 9 91
8 2 9 92
3 6 9 91
1 2 9 92
4 2 9 93
5 2 9 93
6 4 8 93
8 3 9 92
5 4 9 91
6 5 9 92
7 8 9 91
4 2 9 93
5 2 9 100
7 2 9 100
8 2 9 99
2 3 9 99
1 2 9 99
3 3 8 99
3 3 9 99
8 5 9 100
2 2 9 99
3 3 9 99
6 2 9 99
5 2 9 99
8 3 9 100
7 2 10 14
2 4 10 20
3 2 10 26
2 3 10 29
3 2 9 29
4 2 8 29
3 2 8 29
6 2 10 33
1 6 9 34
6 5 9 34
7 4 8 34
6 3 7 34
5 3 9 33
2 5 9 35
4 2 10 51
5 3 10 51
6 3 10 55
7 2 10 56
6 2 10 62
5 2 9 62
3 2 9 62
5 3 9 62
1 2 10 65
7 2 10 65
1 2 10 65
6 3 10 72
5 3 9 72
4 4 10 78
6 3 10 78
7 3 9 78
7 4 10 78
2 2 10 80
1 4 10 80
5 2 10 84
7 2 10 84
4 2 9 84
7 3 10 84
3 2 10 87
2 2 9 87
7 2 9 87
4 3 9 88
6 2 9 87
7 4 9 87
5 3 9 87
6 2 9 87
7 2 9 87
6 2 9 87
5 2 9 87
6 2 9 87
5 2 9 87
6 2 9 87
4 7 9 87
7 2 10 87
5 3 9 88
6 2 9 87
4 2 9 88
5 2 10 92
3 2 9 92
5 4 9 92
1 3 10 100
2 2 10 100
1 2 10 100
6 4 10 100
1 3 11 17
2 3 11 17
4 2 10 17
3 5 11 18
4 4 11 18
3 3 11 26
3 2 11 34
2 2 11 41
5 6 11 41
4 6 11 42
3 7 11 41
3 2 11 51
5 2 11 56
6 5 11 56
3 3 11 55
4 5 10 55
5 2 9 55
4 2 9 54
2 2 8 54
1 2 7 54
1 2 9 55
2 2 8 56
2 2 10 54
1 2 10 54
3 2 10 57
1 7 11 54
8 5 11 55
7 3 11 55
4 6 11 56
3 2 11 59
6 2 11 60
3 6 11 60
7 2 11 84
4 2 11 84
7 2 11 84
6 2 10 84
5 2 9 84
7 2 11 84
4 3 11 88
7 2 10 88
6 2 11 90
7 2 11 99
5 2 10 99
5 4 11 99
7 2 11 99
3 2 11 100
2 2 11 100
6 3 11 100
5 8 11 100
6 2 11 100
7 2 11 100
6 2 11 100
7 2 11 100
5 2 11 100
4 4 10 100
5 4 10 100
3 2 12 3
1 2 12 4
5 2 12 14
7 2 12 14
5 2 12 14
8 3 11 14
8 2 12 14
3 3 12 14
2 3 12 14
3 4 12 22
2 2 12 22
1 4 12 22
5 2 12 59
4 4 11 59
3 2 11 59
6 4 11 59
5 4 10 59
3 4 9 59
4 4 11 60
3 3 11 60
5 2 12 60
3 3 13 3
1 3 13 3
4 3 12 4
2 2 13 3
4 2 13 3
3 2 13 4
1 3 12 4
2 5 11 4
3 2 12 4
4 3 13 4
1 2 13 24
4 2 13 26
2 2 13 26
4 4 13 33
4 3 13 39
5 2 13 39
5 2 13 41
2 2 13 55
4 3 13 65
2 2 14 14
4 3 14 14
1 2 13 14
2 3 14 21
3 2 14 20
1 3 14 20
3 4 13 21
2 4 13 20
1 2 13 20
4 3 12 21
7 2 11 21
3 3 12 21
2 5 12 21
4 2 12 21
3 4 13 22
1 2 13 22
2 2 13 22
2 2 14 22
1 3 14 24
3 2 14 33
2 2 13 33
3 2 13 33
2 2 13 33
5 2 12 33
2 4 11 33
5 5 11 33
2 2 11 33
5 3 11 33
4 2 11 33
1 2 14 55
8 3 13 55
1 3 12 55
8 2 11 55
5 3 11 55
3 4 11 55
4 3 13 54
1 3 13 54
6 6 13 55
5 2 14 55
3 7 14 54
6 5 14 54
5 2 13 54
4 4 13 54
5 5 14 54
3 5 14 54
6 5 13 54
3 2 13 54
5 2 14 56
6 2 14 80
7 2 13 80
6 2 14 90
5 2 13 90
6 2 13 90
2 4 15 14
4 3 15 24
4 2 15 41
4 4 15 62
4 2 15 65
1 4 16 14
5 3 16 34
2 2 15 34
2 3 16 34
3 2 16 39
4 2 15 39
7 3 16 80
4 3 15 80
6 2 15 80
3 3 17 41
4 2 16 41
3 4 17 65
6 2 16 65
4 2 18 80
6 3 17 80
4 2 19 24
4 2 19 65
3 2 19 65
7 2 19 92
2 3 21 24
4 2 21 24
3 2 20 24
