6513
2297
1 2 1 7
4 2 1 13
1 2 1 16
3 2 1 19
8 2 1 18
7 2 1 20
3 2 1 21
7 2 1 25
1 2 1 26
6 2 1 27
3 3 1 38
4 4 1 39
5 2 1 40
8 2 1 49
3 2 1 48
6 3 1 52
3 2 1 52
4 2 1 55
4 3 1 59
8 2 1 59
5 2 1 63
6 2 1 63
4 3 1 63
7 2 1 69
4 2 1 70
8 3 1 93
6 3 1 96
5 3 1 98
8 3 2 1
1 2 2 1
5 2 2 2
2 2 2 2
7 3 1 2
5 3 2 6
2 2 2 18
4 2 1 18
4 3 2 18
6 2 2 26
7 2 1 26
3 2 2 30
5 3 2 29
8 2 2 29
4 4 2 30
7 2 2 30
6 4 2 32
2 2 1 34
8 3 2 32
4 2 2 37
8 3 2 36
6 2 2 36
8 2 2 36
5 2 2 38
8 3 2 43
5 2 2 42
5 3 2 47
7 2 2 50
2 5 2 51
1 2 2 51
2 3 2 60
1 3 2 61
5 5 2 60
5 2 2 65
2 2 2 68
4 2 1 68
4 4 2 68
1 3 2 67
5 3 2 72
7 2 2 73
8 3 2 74
6 2 1 74
1 2 1 76
1 2 2 73
2 3 1 73
8 2 2 73
6 2 2 74
7 5 2 79
1 2 2 89
6 2 2 89
5 2 2 92
2 4 2 94
6 2 2 94
5 3 3 3
1 2 3 3
2 3 3 6
7 3 2 7
2 2 2 7
8 2 3 22
7 2 2 22
1 2 2 22
4 2 2 23
6 2 2 23
3 2 1 24
4 3 2 23
1 3 1 24
2 2 3 21
8 5 2 21
1 2 2 20
7 3 2 19
6 3 1 20
1 2 1 19
4 2 2 21
1 2 3 22
5 2 3 24
7 3 3 23
2 2 2 23
5 2 3 31
6 2 2 32
2 3 2 32
2 2 3 32
3 2 3 36
6 4 3 44
4 2 3 49
3 2 3 50
4 2 3 55
7 2 3 56
3 2 3 74
4 2 3 78
6 3 3 81
7 3 3 82
1 2 3 83
3 3 2 83
8 2 2 83
3 2 3 86
6 2 2 87
1 2 3 93
5 2 3 92
8 2 3 91
1 2 4 1
2 2 3 1
8 2 3 1
2 2 4 7
8 2 4 6
4 3 4 10
2 2 4 11
8 2 4 13
5 2 4 18
4 2 3 18
7 2 3 18
7 2 4 20
6 7 3 21
4 2 4 20
3 2 4 24
3 2 4 29
7 2 4 29
6 2 4 32
8 3 4 38
1 2 4 37
4 3 3 37
2 2 4 39
6 2 4 40
1 2 4 40
3 2 4 40
2 2 4 50
4 3 4 64
6 4 4 67
1 2 4 68
2 2 4 72
3 2 4 71
7 2 4 74
2 3 3 74
5 4 4 75
1 3 3 75
4 3 2 75
5 4 2 74
3 2 1 74
2 2 1 74
1 2 1 74
8 2 1 74
4 2 1 75
5 2 1 74
3 2 2 76
5 2 3 73
7 2 2 74
4 2 1 74
7 3 1 73
2 3 1 73
6 2 1 73
4 2 2 72
1 2 1 73
6 2 3 74
3 2 3 76
1 2 2 77
6 2 1 77
5 2 1 77
4 2 3 76
3 2 4 75
4 2 4 75
6 2 4 82
8 3 4 82
7 3 4 84
5 2 4 98
7 3 3 98
5 2 5 8
8 2 5 7
6 2 4 8
7 3 4 8
1 2 4 9
5 2 3 9
3 2 4 10
8 2 3 11
8 2 5 11
5 6 4 12
4 3 3 12
6 2 3 11
7 2 3 11
2 2 3 12
4 3 4 16
7 2 3 16
6 3 4 15
3 3 3 15
6 3 2 15
2 3 2 15
3 2 3 14
1 2 3 15
2 2 3 16
1 3 3 17
5 2 4 15
3 4 3 15
5 3 4 15
4 2 4 15
2 2 4 14
8 2 4 13
4 2 4 13
2 2 4 13
7 2 3 13
2 2 4 13
5 2 4 12
7 2 4 11
3 3 4 11
1 6 3 11
2 2 3 10
5 2 3 10
7 2 4 11
8 3 4 16
6 5 3 16
4 5 4 16
3 2 5 10
4 2 5 12
2 2 4 12
3 2 5 25
4 2 4 25
2 2 4 25
7 3 4 24
7 3 5 24
8 2 4 24
2 2 5 27
6 2 5 30
3 2 4 30
2 3 5 30
7 2 4 30
6 2 5 33
6 2 5 36
6 2 5 39
8 2 5 44
4 2 5 45
7 4 4 45
2 4 4 44
3 2 5 49
1 2 5 52
8 3 5 60
2 2 5 61
4 2 4 62
1 6 5 61
7 4 4 61
4 3 3 61
6 2 3 60
2 2 3 59
8 2 2 60
2 2 2 60
7 2 1 61
6 4 2 59
1 3 1 59
3 2 1 59
1 2 1 61
8 2 2 59
4 2 2 60
5 2 1 60
1 2 2 60
6 2 5 58
8 3 5 58
6 2 5 59
5 3 4 60
4 3 3 60
2 2 3 59
7 2 3 59
7 2 4 60
2 2 3 61
6 5 4 60
3 3 4 59
4 2 4 59
2 4 5 59
3 2 5 60
1 2 5 60
3 4 5 65
5 2 5 65
1 2 4 65
2 2 3 65
5 2 4 65
6 2 3 65
1 4 2 65
8 2 2 64
6 3 2 65
7 2 3 64
3 2 3 66
2 2 3 66
4 4 4 64
6 2 4 66
5 2 4 65
1 3 5 75
7 2 5 75
5 2 5 75
2 2 5 77
1 4 5 78
8 3 4 78
3 2 5 81
6 3 5 81
5 2 5 82
2 4 4 83
6 4 5 84
8 3 5 85
7 2 5 98
5 3 4 99
4 2 3 99
3 2 4 98
8 2 3 98
8 4 5 97
4 2 6 6
6 2 6 6
5 3 6 11
1 2 5 12
8 3 6 10
2 3 5 10
5 2 6 10
5 3 6 35
2 4 6 34
4 2 6 55
6 3 5 55
3 4 6 54
2 2 6 53
3 2 6 56
7 2 6 62
8 2 6 62
1 2 6 64
8 2 6 66
1 2 5 66
6 2 4 66
5 2 6 66
8 2 6 66
4 3 6 82
5 3 6 92
8 2 5 93
3 5 6 97
7 2 5 99
3 2 7 1
8 2 7 2
6 2 7 3
2 3 7 6
7 2 7 5
5 3 7 5
7 3 7 6
8 3 7 5
4 2 6 6
2 3 7 5
4 2 7 5
6 4 7 5
1 3 6 5
5 2 7 3
6 2 7 4
2 2 7 4
7 2 7 6
1 3 7 5
8 2 7 7
3 2 6 8
2 5 7 10
7 4 6 10
6 2 6 9
5 4 7 13
4 2 7 12
1 2 7 29
2 6 7 31
4 3 7 35
7 4 7 38
5 3 6 38
3 2 6 38
1 2 6 38
5 2 7 39
7 2 7 42
2 2 7 43
5 3 6 43
3 2 6 43
1 2 7 44
2 2 7 43
4 6 6 44
6 2 7 43
8 3 7 54
2 2 7 63
3 4 6 63
4 2 7 79
1 2 7 78
7 2 7 79
4 2 7 81
6 3 6 81
2 2 6 81
7 3 7 83
8 2 7 90
7 3 7 95
3 2 7 94
2 2 7 93
7 2 6 93
3 4 7 97
2 2 8 23
7 3 8 24
1 2 8 25
6 3 8 25
3 4 8 30
7 3 7 30
6 2 7 29
2 3 6 30
7 2 7 30
5 3 7 30
8 2 8 31
4 3 7 31
4 3 8 35
5 2 8 34
3 3 8 33
3 3 8 43
7 2 8 42
3 5 8 46
4 3 8 51
6 2 8 52
2 3 8 58
1 2 8 58
3 3 8 67
4 2 8 67
1 2 8 68
2 3 8 69
4 2 7 69
1 3 6 69
7 2 6 69
8 2 5 69
2 2 6 69
5 2 6 69
7 2 6 70
4 2 5 70
1 2 5 70
2 3 7 70
5 3 7 71
3 2 6 71
6 2 8 76
1 2 8 77
5 2 8 77
7 2 8 79
6 2 8 79
2 2 8 80
5 3 8 81
7 2 7 81
5 2 8 85
6 2 8 84
3 2 8 84
1 2 7 84
1 3 8 86
8 2 8 87
2 2 8 93
5 2 8 100
7 2 7 100
6 4 9 7
3 2 9 6
7 4 9 8
2 4 9 8
6 3 9 7
8 2 9 13
2 2 9 16
8 2 9 16
2 2 9 19
4 2 9 19
1 2 9 29
7 2 9 34
1 2 9 36
2 2 9 36
6 3 9 37
7 2 8 38
3 2 9 38
5 2 9 38
4 3 8 38
5 3 9 45
3 2 9 46
2 2 8 46
7 2 9 46
4 2 9 46
3 2 9 46
2 2 9 48
5 4 9 53
6 4 9 54
7 2 9 58
5 5 9 59
3 3 8 59
2 2 9 63
7 2 9 72
2 2 9 72
8 2 9 79
6 2 9 78
4 4 9 77
8 2 8 78
6 2 7 78
8 3 8 78
4 2 7 78
5 3 9 77
2 5 9 79
1 2 9 79
3 3 9 79
6 2 9 78
4 2 8 78
6 2 9 84
3 4 9 87
7 3 9 86
1 2 9 85
6 2 9 94
4 2 9 96
7 3 9 98
6 2 9 99
5 2 10 1
1 2 10 2
5 2 10 3
8 3 10 4
6 2 10 5
7 2 9 6
4 2 10 7
2 3 10 8
7 2 10 15
4 2 9 16
7 2 10 16
8 2 10 19
5 2 10 19
4 2 10 18
1 4 10 29
7 2 10 28
8 2 10 29
5 2 10 28
7 3 10 28
6 3 10 29
3 4 9 30
8 4 10 29
1 2 10 29
5 3 10 30
2 2 10 31
7 4 10 40
3 2 10 46
2 3 10 46
5 2 10 55
8 2 10 54
1 2 10 63
6 2 10 63
3 2 10 67
7 3 10 74
6 3 10 80
7 2 10 82
8 2 10 87
3 2 10 95
8 2 9 96
8 3 11 2
4 2 11 6
3 2 11 15
5 2 10 15
3 2 10 15
1 2 11 16
3 2 11 20
4 2 11 24
2 2 11 27
7 2 11 28
4 3 11 29
6 3 11 28
4 2 11 27
6 3 11 28
3 2 11 28
7 3 11 33
7 2 11 35
2 2 11 36
5 2 11 36
7 2 11 36
1 4 11 37
3 3 11 36
7 2 11 51
2 2 11 51
8 3 11 58
3 3 11 57
2 2 11 69
5 2 10 70
1 2 11 69
3 2 11 69
7 2 10 69
7 3 11 69
8 2 11 70
4 2 11 75
1 3 11 75
6 2 11 79
5 3 11 81
2 2 11 82
8 2 10 82
1 2 11 88
5 2 10 89
3 2 11 89
7 2 11 89
8 2 10 90
6 3 11 88
8 2 11 87
4 2 11 89
2 3 11 91
6 3 11 95
7 3 12 9
8 3 12 15
7 2 12 14
5 4 11 15
6 2 12 17
5 2 11 17
6 2 10 17
8 2 10 16
7 2 10 15
2 3 9 16
3 2 8 16
6 2 10 14
6 2 11 16
4 2 12 14
3 2 11 14
1 2 11 14
5 4 11 13
2 3 12 13
1 2 11 14
4 2 12 17
1 3 11 17
7 2 12 19
5 2 11 19
4 2 11 18
7 4 12 22
6 2 12 20
2 2 12 25
3 4 12 30
4 2 12 29
2 2 11 29
2 2 12 35
2 2 12 39
3 2 12 42
4 2 12 42
4 3 12 46
7 3 11 47
8 3 10 47
6 2 9 47
2 2 12 48
8 2 12 48
5 2 12 50
4 3 12 52
6 2 11 53
8 2 11 53
1 2 12 51
3 4 11 51
4 2 11 50
2 2 10 50
1 3 10 51
5 2 10 50
8 3 12 52
7 2 11 52
5 2 10 52
6 2 9 52
8 2 10 51
5 2 12 52
5 3 12 57
4 3 12 59
2 2 12 61
1 2 12 61
5 3 12 66
1 2 12 69
7 3 12 69
2 5 12 78
3 2 12 81
2 2 12 84
5 2 12 91
6 2 11 92
4 2 10 92
7 2 11 91
4 4 12 98
6 5 12 98
2 2 13 7
7 2 13 14
6 2 13 26
3 2 13 27
2 2 13 26
4 2 12 26
7 2 12 27
8 2 13 45
2 4 13 55
1 2 12 55
4 2 13 59
7 2 13 59
6 2 12 59
6 2 13 64
2 2 13 70
2 2 13 82
7 2 12 83
6 2 12 82
4 2 11 83
1 2 12 81
7 2 13 81
1 2 13 80
6 2 12 81
5 2 13 79
2 3 13 81
4 4 13 83
3 3 12 83
6 3 13 83
7 4 13 88
4 2 13 95
8 2 14 1
1 2 14 4
5 3 14 3
8 2 14 3
6 2 13 3
2 3 14 8
5 2 14 10
8 3 14 9
1 2 14 12
3 2 14 11
4 2 13 12
1 2 12 12
4 2 12 12
2 2 12 11
3 2 11 12
6 2 14 11
3 4 14 12
6 3 14 17
3 2 14 19
4 2 14 32
7 2 14 32
1 2 13 32
6 2 14 31
3 2 14 32
8 2 14 33
6 2 13 34
5 2 13 34
5 3 14 42
6 2 13 42
5 2 14 42
8 2 14 48
3 4 14 48
4 5 14 50
5 2 13 50
4 3 13 49
6 2 12 49
3 3 11 49
6 2 11 48
8 2 12 49
1 3 11 49
4 2 10 49
3 2 10 48
8 2 10 49
8 3 12 48
3 2 12 49
2 3 12 48
7 2 12 50
8 3 12 49
1 2 13 47
6 3 12 48
1 2 14 46
6 2 13 46
5 2 14 47
8 5 14 51
7 2 14 52
3 2 14 55
5 4 14 55
8 2 13 56
1 3 13 55
4 3 12 55
8 2 14 61
3 4 14 61
5 2 13 61
1 3 13 61
7 2 13 61
3 2 12 61
4 2 12 61
4 3 14 64
3 2 14 67
7 7 14 67
2 2 14 67
4 3 14 69
2 3 14 70
8 2 14 72
3 2 14 75
8 2 14 79
5 3 14 86
7 2 14 85
3 2 13 86
8 2 14 87
4 3 14 88
3 2 13 88
7 2 14 87
6 2 14 87
4 3 13 87
2 2 13 87
8 3 12 88
4 2 13 87
2 2 14 86
3 4 13 87
7 2 12 87
2 3 14 86
5 2 13 87
3 2 12 87
7 2 14 90
3 3 13 91
4 3 14 93
3 3 14 94
4 2 14 94
8 3 14 97
1 2 13 97
2 2 14 98
1 2 14 97
7 2 15 1
2 3 15 5
6 2 15 6
8 2 14 6
3 2 15 7
7 4 14 7
6 3 14 8
5 2 15 6
1 2 14 6
7 2 15 5
5 2 15 5
8 4 15 9
3 2 14 9
2 2 15 8
4 3 15 9
2 3 14 10
6 2 14 10
5 2 15 14
8 2 15 15
4 2 15 15
1 4 14 15
7 2 15 14
3 2 15 16
3 2 15 22
5 2 15 21
1 2 15 22
3 2 15 24
8 2 15 29
1 3 15 34
3 2 14 35
4 2 15 33
7 2 14 34
5 2 14 33
3 2 14 34
8 4 14 34
7 2 15 39
2 3 14 40
6 4 14 39
5 4 13 39
3 2 14 37
6 2 14 39
7 2 14 38
4 2 15 38
8 2 14 38
1 2 13 38
3 2 15 40
2 2 15 40
2 2 15 44
1 2 15 45
8 2 15 52
2 2 15 51
5 2 15 56
1 3 15 59
3 2 15 68
2 3 15 70
7 2 15 72
6 2 14 72
5 2 14 72
5 4 15 78
7 2 15 86
3 2 15 85
2 2 15 86
8 3 15 87
3 2 15 90
8 2 14 90
3 2 15 90
5 2 15 91
4 3 14 91
5 3 14 90
4 2 13 90
2 6 12 90
7 3 14 88
2 3 16 6
4 3 16 5
6 2 16 13
1 2 16 13
2 3 16 12
5 2 16 17
4 2 16 18
2 3 16 20
1 2 16 20
8 5 16 25
5 2 16 24
4 2 16 23
8 2 15 23
4 2 16 28
8 3 16 35
7 2 16 45
6 3 16 45
8 2 16 52
7 3 16 55
2 2 15 55
7 2 14 55
4 2 15 55
1 2 16 54
6 2 16 56
7 2 16 55
8 3 15 56
6 2 16 70
1 2 15 70
4 2 16 75
1 2 16 77
6 3 16 81
5 3 16 81
2 4 16 84
5 3 15 85
6 2 16 85
1 4 16 85
7 2 16 86
2 2 16 87
1 3 16 98
4 2 16 98
5 2 16 98
7 2 15 99
1 2 17 2
7 2 17 7
3 2 17 7
5 2 17 17
2 2 17 16
4 2 17 20
2 2 17 23
6 3 17 23
6 3 17 27
7 2 17 32
5 2 16 32
3 2 16 31
1 3 16 32
6 2 17 31
2 3 16 31
3 3 17 36
5 2 17 37
7 2 17 40
2 3 17 41
8 2 17 41
8 9 17 59
5 3 17 58
8 2 17 63
3 2 17 63
4 2 17 62
6 2 17 64
7 3 17 63
3 2 17 63
2 3 17 63
6 2 16 63
1 3 17 63
5 5 16 64
7 2 16 62
4 2 17 63
7 4 17 63
3 3 17 65
2 2 17 68
4 2 16 69
7 2 15 69
8 3 14 69
5 2 15 68
8 3 15 68
7 2 15 67
1 4 16 68
8 2 16 67
3 2 16 67
4 3 15 68
2 2 15 67
3 2 15 67
1 2 16 66
7 4 17 70
3 2 17 74
1 5 16 74
2 2 17 78
4 2 17 80
2 3 17 87
2 2 17 91
3 2 17 91
3 3 17 94
2 3 17 96
1 2 16 96
1 3 17 96
5 2 17 100
5 2 18 3
8 2 18 6
4 2 18 6
5 2 17 6
4 3 18 19
6 2 18 22
3 5 17 22
1 2 18 27
7 2 18 33
4 2 18 33
3 2 17 33
3 2 18 38
7 4 17 38
7 2 18 38
4 4 18 38
2 3 18 48
7 2 18 47
3 3 18 55
6 3 18 60
4 2 18 61
3 2 18 60
1 3 17 60
3 2 17 59
2 3 17 61
6 2 18 58
4 2 17 58
2 2 17 59
5 2 18 62
4 3 17 63
8 2 17 64
1 2 17 64
7 2 17 64
5 2 18 76
7 2 18 79
3 2 18 80
3 2 18 85
8 3 18 89
1 2 18 88
6 2 17 88
2 3 18 90
4 2 18 89
1 2 17 90
3 2 18 88
4 2 18 87
7 5 17 87
8 2 18 86
2 3 18 86
1 2 18 88
7 2 17 89
1 2 18 89
4 2 18 88
8 2 17 88
3 2 19 2
5 4 19 2
4 2 19 4
5 2 19 9
4 3 19 11
8 2 19 19
6 2 18 19
1 2 19 19
6 3 19 20
1 2 18 21
4 2 19 24
8 3 19 24
2 4 18 24
3 4 18 24
5 2 19 22
5 2 19 30
4 2 18 31
6 2 18 31
8 3 18 30
3 2 17 30
2 2 18 31
8 3 19 29
4 3 18 31
3 2 19 32
8 2 19 32
6 4 19 38
4 2 19 37
8 2 19 50
7 2 19 50
5 3 18 50
6 2 18 50
2 3 18 50
8 2 18 49
4 3 19 52
2 3 19 56
4 2 18 56
8 3 17 56
2 2 17 55
6 4 17 55
7 2 18 56
4 2 19 62
1 5 19 62
7 4 19 66
6 3 19 67
7 2 19 70
4 3 19 82
1 2 19 83
4 2 19 86
8 2 19 90
2 2 19 91
2 2 19 94
7 4 19 96
6 3 19 97
2 2 19 96
4 2 19 96
8 3 18 96
3 2 18 96
2 4 18 95
5 2 18 96
4 2 17 96
6 3 17 95
3 2 19 96
5 3 20 9
7 2 19 9
1 3 19 8
4 2 19 7
6 2 19 8
5 3 20 7
1 2 19 7
7 2 18 7
7 2 20 7
4 2 20 10
6 2 20 15
4 2 20 15
7 4 20 15
3 3 19 15
4 4 18 15
2 2 19 16
1 3 19 16
6 3 20 16
7 3 19 16
2 2 20 22
8 2 20 24
3 3 20 24
4 2 20 23
1 2 20 22
4 2 19 22
8 3 19 22
3 2 18 22
1 3 18 22
1 2 20 26
7 2 20 25
6 5 20 29
8 2 20 51
5 2 19 52
4 3 20 63
5 3 20 68
8 4 20 67
5 2 20 66
4 2 20 68
1 2 20 69
5 3 20 70
2 3 20 69
7 2 20 72
4 2 20 71
2 2 20 72
6 2 20 75
7 2 20 75
5 3 20 79
8 3 20 84
1 2 19 85
4 2 19 85
8 2 19 85
3 2 20 84
5 2 20 83
7 4 20 82
2 2 19 84
1 2 20 92
6 4 19 92
3 2 19 92
7 3 18 92
5 2 20 95
5 6 20 97
4 4 20 98
6 3 20 97
4 3 21 2
5 2 21 1
3 2 20 1
8 2 21 18
1 2 21 21
7 2 21 37
8 2 21 39
5 2 21 38
7 2 21 40
3 2 21 39
8 2 20 40
7 2 20 39
7 2 21 42
5 3 21 52
6 2 21 51
1 6 21 56
3 2 20 57
7 4 20 56
2 4 19 58
6 2 20 55
3 3 19 55
7 2 19 54
4 2 21 60
1 2 21 65
1 2 21 69
5 5 21 79
7 3 21 80
5 2 21 88
2 2 21 88
8 2 21 87
7 2 21 89
7 2 21 93
3 2 21 92
5 4 20 93
3 2 21 97
7 2 21 96
4 3 21 96
8 2 21 97
6 3 21 98
5 2 22 7
2 2 22 7
5 5 22 14
3 2 22 13
8 2 22 14
3 2 22 16
7 2 22 17
4 2 22 16
5 2 22 20
3 3 21 20
6 2 20 20
7 2 22 21
2 3 22 22
2 2 22 30
6 2 22 30
7 2 22 30
3 3 21 30
1 2 21 30
5 2 22 31
6 4 22 33
2 2 22 33
7 2 21 33
5 2 21 34
4 2 22 35
3 2 22 34
8 2 22 34
5 2 22 34
4 2 22 46
4 3 22 52
8 4 22 53
3 3 21 54
6 3 21 54
7 2 22 53
8 2 22 53
5 4 22 53
4 5 22 54
2 3 22 59
6 3 22 61
5 3 22 62
5 2 22 64
1 2 22 64
7 4 22 75
2 2 22 75
5 2 22 74
4 2 22 76
7 3 22 78
8 4 22 81
3 2 21 83
3 2 22 81
4 2 22 82
8 2 22 88
1 3 22 90
5 6 21 91
8 2 21 91
7 2 21 91
3 5 20 91
4 2 21 91
2 2 22 89
1 2 22 92
8 2 22 93
1 3 22 93
7 3 22 93
3 3 22 93
5 2 22 95
8 2 21 95
6 3 20 95
1 2 21 95
2 2 22 94
8 3 22 97
4 3 22 98
5 3 23 4
3 3 23 8
5 2 23 12
3 2 23 18
2 3 23 19
7 4 23 22
3 2 23 21
4 2 23 23
1 3 23 31
7 3 22 31
1 2 23 31
3 2 23 32
2 2 23 35
5 2 23 39
4 2 23 44
8 2 23 43
3 2 23 45
8 2 22 45
6 3 22 45
7 2 23 46
5 2 23 48
1 2 23 47
4 2 23 48
7 2 22 49
6 2 23 52
5 2 23 55
2 2 23 55
8 6 23 62
1 2 23 70
8 2 22 70
8 2 23 75
3 3 23 76
1 2 23 88
3 3 23 89
7 2 23 88
8 2 23 89
6 3 23 90
7 3 22 90
5 2 23 90
1 2 23 92
5 2 23 98
7 2 23 99
2 2 23 99
7 2 23 99
3 4 23 99
2 2 23 100
6 2 24 3
8 2 24 7
3 2 24 8
6 4 24 12
8 2 24 16
4 2 24 15
1 2 24 16
6 2 24 17
4 2 24 16
2 4 23 17
3 2 24 15
7 2 24 17
5 2 24 20
6 3 23 20
2 4 24 20
3 4 24 21
7 3 24 24
4 2 24 36
2 2 24 45
4 3 24 63
3 2 24 63
8 2 24 66
4 2 24 68
6 2 24 69
3 2 24 70
5 2 24 71
5 2 24 74
6 2 24 74
6 4 24 80
7 2 24 80
4 3 24 83
1 3 24 90
7 3 25 4
3 2 25 6
7 2 25 7
8 2 25 26
4 3 24 27
6 2 24 27
7 2 24 28
8 2 24 28
6 2 24 29
7 2 24 28
3 2 23 29
1 2 25 26
7 2 25 30
8 2 25 30
3 2 25 36
6 2 25 43
7 3 24 43
7 2 25 43
8 2 25 46
8 2 25 50
7 6 25 50
2 2 24 51
6 2 24 51
1 2 25 51
8 2 24 52
2 4 25 55
8 5 25 54
3 2 25 54
6 2 25 56
6 5 25 61
2 4 24 61
5 3 24 61
3 5 23 61
4 2 24 60
1 2 23 61
2 2 25 66
3 2 25 65
6 2 24 66
5 2 23 66
1 2 23 66
7 2 22 67
1 2 22 67
6 5 21 67
2 2 20 67
3 2 21 66
2 2 23 66
2 2 24 67
1 2 25 65
8 2 25 68
3 2 25 68
5 3 25 68
8 4 24 69
3 6 25 72
1 2 25 85
6 2 25 86
1 3 25 86
8 3 24 86
3 3 24 85
5 2 25 86
2 3 24 87
8 2 24 87
1 2 24 86
5 2 24 85
1 2 24 86
8 2 24 86
4 2 23 87
3 3 25 89
8 2 25 90
5 2 25 89
3 2 25 89
2 3 25 98
3 2 26 5
8 2 26 5
1 2 26 5
4 6 26 11
5 4 26 20
3 2 26 21
7 3 26 21
6 6 26 24
8 2 26 23
4 3 26 22
5 4 26 25
7 2 26 26
1 3 26 34
4 2 26 34
3 2 26 35
3 2 26 39
6 5 26 41
3 2 26 43
8 3 26 47
1 4 26 51
2 2 26 50
3 2 26 51
1 2 26 51
3 2 26 53
6 3 26 53
5 3 25 53
6 2 26 59
4 2 26 63
3 2 25 63
4 2 25 62
1 2 26 64
8 2 26 65
4 2 26 65
7 2 26 66
4 2 26 66
2 2 26 66
8 4 26 75
3 2 26 75
5 2 26 74
4 2 25 74
6 2 26 77
6 2 26 81
7 3 26 82
4 4 26 81
1 3 26 81
6 2 26 81
2 2 26 83
3 2 26 89
4 2 26 100
5 2 27 5
6 2 26 6
2 2 25 6
1 3 24 6
5 3 24 6
1 2 25 6
7 2 26 6
6 2 26 7
3 2 27 8
4 3 27 8
2 2 26 8
8 3 25 8
7 2 24 8
6 3 23 8
1 4 23 7
4 2 23 6
5 2 26 8
2 3 25 8
4 4 24 8
2 3 26 7
3 2 25 7
1 2 26 7
8 2 26 8
4 2 26 8
2 2 26 8
7 2 27 12
3 2 26 12
7 2 27 22
5 2 27 21
7 2 27 21
6 2 27 22
1 2 27 23
7 2 27 26
6 3 27 25
4 2 26 25
3 2 26 26
1 2 27 25
7 2 27 25
1 3 27 30
8 4 27 31
2 2 26 32
1 2 26 32
8 2 27 36
7 3 27 35
6 2 27 36
1 2 27 37
8 2 26 38
4 4 26 38
2 2 26 37
1 4 26 36
7 2 26 36
4 2 26 37
5 5 26 38
2 4 26 38
4 2 26 39
3 2 27 37
8 4 27 37
1 2 27 38
7 2 27 37
2 2 27 39
5 2 27 38
2 2 27 50
7 2 26 50
5 2 27 50
3 4 27 49
4 5 27 49
7 2 27 48
8 2 27 47
8 2 27 53
5 3 27 58
3 3 27 61
2 2 27 65
6 2 27 69
7 2 27 73
5 2 27 73
6 2 27 76
2 4 27 76
3 2 27 82
1 2 27 84
7 3 27 86
5 2 27 86
3 2 26 87
7 2 26 87
7 2 27 87
2 2 27 89
6 2 26 89
2 2 26 89
1 2 26 89
3 3 27 90
7 6 27 92
4 2 27 92
8 2 27 93
2 4 26 93
7 2 27 92
6 2 27 93
3 2 26 94
6 2 26 94
1 3 27 100
1 2 28 4
6 2 28 6
4 2 28 6
2 3 28 9
1 2 28 15
3 2 28 16
1 2 28 22
2 3 28 28
5 3 28 29
7 3 28 30
4 3 28 39
1 5 27 40
8 2 28 38
1 2 27 38
6 5 26 38
2 2 27 36
5 2 27 35
1 2 27 34
3 2 27 35
8 3 26 35
4 3 27 35
6 2 27 34
7 4 26 34
5 3 26 35
4 4 26 34
6 2 25 34
2 2 25 33
7 2 26 34
8 2 26 35
7 2 25 35
2 2 27 35
4 2 27 35
7 3 27 35
7 2 27 39
4 2 28 44
2 3 27 45
3 2 28 50
2 2 28 52
2 2 28 58
6 3 28 59
5 3 28 61
4 2 28 61
8 2 28 79
7 2 28 82
4 2 28 82
7 3 28 92
1 2 28 94
8 7 28 98
6 2 28 98
7 2 28 97
5 2 27 98
7 2 27 98
1 3 27 97
5 2 28 97
3 2 29 8
8 5 29 14
7 2 29 15
5 2 28 16
8 2 28 16
4 2 28 15
8 3 28 16
6 2 28 15
2 2 29 22
5 2 29 23
4 3 29 28
8 2 29 28
6 2 28 28
1 3 29 27
3 2 28 28
7 4 29 27
3 2 29 33
5 5 28 33
6 3 28 33
3 2 28 32
8 2 28 33
2 2 28 34
8 3 28 35
3 3 29 32
4 2 29 34
8 2 29 34
2 2 29 41
4 4 29 41
3 3 28 41
7 2 27 41
1 3 28 41
5 2 28 42
2 4 29 47
6 2 29 46
3 2 29 54
7 2 29 56
2 2 29 61
5 3 29 64
5 3 29 69
8 3 29 68
5 2 29 68
2 2 29 67
5 3 29 75
1 3 29 81
2 2 29 80
8 4 29 82
2 3 29 88
5 2 29 88
7 2 29 87
7 3 29 93
7 4 29 96
2 2 28 96
7 4 28 95
5 2 27 95
6 2 28 95
6 2 29 96
5 3 29 95
8 2 28 95
4 2 29 94
5 4 29 95
8 3 29 95
3 2 29 94
1 2 29 93
4 2 29 92
3 2 29 93
7 2 29 94
2 2 28 94
1 2 28 95
3 6 28 95
2 2 27 95
4 3 26 95
2 2 26 95
1 2 29 97
3 2 28 97
6 3 29 97
8 2 30 4
5 5 30 12
7 2 30 13
6 7 29 13
4 2 30 23
2 2 30 24
4 3 30 24
2 2 30 24
7 3 30 28
2 2 30 35
8 2 30 36
5 2 30 36
3 2 30 35
4 4 30 35
5 2 30 34
1 4 29 35
7 6 29 33
6 2 28 33
3 2 29 33
1 2 29 34
6 2 30 32
1 3 30 34
7 4 30 35
2 2 29 36
3 2 28 36
2 2 28 35
7 2 28 36
5 3 27 36
4 2 27 35
8 2 26 35
8 2 28 37
6 4 30 39
8 2 30 42
1 2 30 56
2 2 29 56
3 2 30 63
3 2 30 66
7 2 30 66
5 3 30 77
7 2 30 88
5 2 30 90
2 2 29 91
4 2 30 89
6 2 30 91
1 2 30 93
4 5 29 93
6 2 28 93
7 2 29 93
3 3 28 93
7 3 28 93
1 2 27 93
7 2 28 93
2 5 28 93
8 2 28 92
8 2 29 91
5 4 28 92
7 2 28 92
1 2 29 92
3 2 29 91
4 3 29 91
8 2 31 12
3 2 30 12
3 2 31 18
1 2 31 18
6 2 30 18
7 4 30 18
1 4 31 23
4 2 31 24
5 2 31 25
4 2 31 32
5 2 31 36
6 2 30 36
3 2 30 36
4 2 29 37
6 2 28 37
4 4 31 39
2 2 31 41
6 2 31 41
1 2 31 48
3 4 31 53
5 2 31 52
8 2 31 58
2 2 31 58
7 2 31 59
7 2 31 71
7 2 31 74
6 3 31 81
7 2 30 83
7 3 31 85
8 2 31 87
2 2 31 88
5 3 31 96
4 3 32 10
1 2 32 10
8 2 32 9
1 2 32 8
8 2 32 8
4 2 32 18
7 2 32 19
2 3 32 18
8 2 32 19
7 2 32 19
5 2 31 20
3 2 30 20
7 2 29 20
8 2 29 19
1 2 31 20
8 2 32 20
3 2 32 24
4 3 32 27
2 3 32 26
5 3 32 31
2 4 32 32
1 2 32 33
8 2 31 34
6 6 32 36
5 2 32 39
8 2 32 48
7 2 32 48
1 2 32 49
8 2 32 50
2 2 32 52
1 3 32 52
2 2 32 54
3 2 32 54
4 2 32 54
7 2 32 55
8 2 31 56
3 2 32 66
4 3 32 65
1 3 32 71
3 2 32 72
4 3 32 72
8 2 32 72
2 2 32 72
5 2 32 74
8 2 32 78
4 2 32 79
6 2 32 81
1 3 31 81
6 2 32 80
5 2 32 79
3 2 32 85
6 3 32 85
1 2 32 84
5 2 32 83
7 2 32 82
4 2 32 97
3 3 32 98
7 2 31 98
1 2 31 97
3 2 31 98
8 2 31 99
8 2 32 99
2 2 32 100
5 2 33 9
2 3 33 9
3 5 32 10
5 3 31 10
1 2 33 26
1 2 33 44
5 3 33 45
2 2 32 45
7 2 32 45
3 2 31 46
4 2 31 45
2 3 33 46
6 2 33 47
8 2 32 48
7 2 33 73
6 3 33 74
4 2 32 74
5 2 33 77
2 3 33 78
1 2 33 82
4 2 33 86
5 3 32 86
1 2 32 86
2 2 31 86
8 2 33 90
4 4 32 91
6 3 33 100
7 2 33 99
8 3 34 1
6 2 34 1
7 2 34 1
2 2 34 2
7 2 34 5
6 2 34 9
1 2 34 19
3 2 34 18
8 2 33 18
2 2 33 17
7 2 32 17
4 2 32 18
5 3 34 19
2 3 34 42
3 2 34 59
6 2 34 66
4 8 34 67
6 3 34 78
3 2 34 81
4 2 34 83
7 2 34 90
2 2 34 91
5 4 34 96
5 2 35 11
2 2 35 12
1 2 35 18
7 4 35 20
3 2 35 21
6 2 35 29
8 2 35 29
3 2 35 32
6 3 35 32
7 4 34 33
3 2 35 32
3 6 35 50
1 7 35 58
2 3 35 54
8 2 35 57
4 2 34 58
7 3 33 58
3 3 33 58
4 2 33 57
1 3 34 58
3 3 33 58
6 2 35 64
4 3 35 75
7 3 35 76
8 2 35 76
6 3 34 76
7 2 35 75
5 2 35 79
6 2 35 79
1 2 35 78
5 2 35 82
7 2 35 82
3 2 35 82
3 4 35 85
4 2 35 88
3 2 35 88
6 4 35 90
2 2 35 89
7 2 35 90
4 2 35 91
7 2 34 91
8 5 35 96
4 2 34 97
1 2 34 97
6 3 33 98
8 2 33 97
6 2 35 99
3 2 36 2
4 2 36 1
5 2 35 1
4 3 36 6
3 5 36 19
1 3 35 20
6 3 36 21
6 2 36 26
2 3 36 27
7 2 36 42
3 2 36 43
8 2 36 42
6 4 35 43
6 3 36 53
1 2 36 58
4 2 36 58
8 2 36 57
5 2 36 60
8 2 36 62
3 2 36 63
5 2 36 65
3 2 36 65
6 3 35 66
5 2 34 66
3 2 34 65
2 2 34 65
8 2 35 67
1 2 36 77
1 2 36 83
4 2 36 84
3 4 37 1
8 2 37 10
4 2 37 9
8 3 37 28
3 3 36 29
6 2 35 29
7 2 36 28
8 2 37 31
7 3 36 32
3 2 37 37
2 2 37 37
5 2 37 39
2 2 37 40
6 2 37 43
4 2 37 42
5 2 37 42
6 2 37 48
6 2 37 56
5 5 36 57
3 2 36 57
1 3 37 70
5 2 36 70
6 2 36 71
2 3 37 75
3 2 37 75
4 3 36 75
5 2 36 74
1 2 37 78
7 2 37 77
2 2 37 77
4 2 36 78
7 2 35 78
8 2 34 78
4 2 36 78
6 2 37 77
6 3 37 79
2 2 37 79
1 3 37 79
2 2 37 79
6 2 37 79
4 2 37 81
4 2 37 91
6 2 37 94
2 4 37 94
7 3 36 94
2 2 36 94
4 3 38 4
1 4 38 24
5 2 38 32
5 3 38 45
7 2 38 46
6 2 37 46
3 3 37 45
5 2 38 60
3 2 37 60
2 3 38 62
6 2 38 62
4 2 38 64
2 2 38 65
5 3 37 65
8 3 37 65
3 2 36 66
5 2 38 68
5 3 38 70
8 2 38 71
1 2 38 71
7 2 38 75
2 2 38 77
6 2 38 81
1 3 37 81
2 2 38 80
7 2 37 80
5 2 37 80
3 2 37 81
8 3 36 81
6 3 38 84
5 2 37 84
3 3 38 94
2 2 38 95
6 2 39 1
8 2 39 2
1 2 39 5
8 2 39 4
7 4 39 13
6 4 39 23
4 2 39 41
3 3 39 57
2 3 39 63
3 3 39 65
2 2 39 65
8 2 39 72
4 3 39 71
2 2 38 71
6 3 37 71
6 2 39 75
4 2 38 76
1 2 39 84
3 2 38 84
8 2 39 96
6 2 38 96
3 4 40 10
1 3 40 9
2 2 40 11
8 4 40 11
6 2 40 10
3 2 40 14
8 2 40 14
6 3 39 14
3 3 38 14
1 2 40 25
7 2 39 26
3 2 40 27
2 2 40 27
8 2 40 26
6 3 39 27
1 2 40 29
7 2 40 28
5 2 39 28
4 2 38 28
4 2 40 43
6 2 40 47
7 2 40 50
2 2 40 100
8 2 39 100
1 2 40 100
1 2 41 2
2 3 41 2
7 3 40 3
4 3 41 2
5 5 41 26
3 2 41 26
1 2 40 27
6 2 41 26
5 2 41 28
8 2 41 37
5 2 41 40
6 2 41 40
1 2 41 41
7 2 40 41
1 2 40 40
5 2 40 41
8 2 40 42
5 3 41 44
4 2 41 46
7 2 41 53
3 2 41 53
4 3 40 53
6 5 40 52
4 2 39 52
2 3 40 53
6 2 40 52
8 2 41 57
4 2 40 57
7 2 41 64
2 2 41 64
8 2 41 64
7 3 41 71
2 2 41 73
2 2 41 83
1 3 41 100
5 2 42 1
1 5 42 14
5 2 42 17
1 2 42 21
2 4 42 22
4 3 42 21
7 2 42 21
5 4 42 21
8 2 41 23
2 2 42 40
7 2 41 40
4 2 41 40
1 2 41 40
7 2 41 40
8 2 42 40
4 2 42 42
7 2 42 43
5 2 42 42
8 2 42 43
3 3 42 62
7 2 42 84
8 2 42 85
6 2 42 96
2 2 42 99
5 3 42 100
3 2 43 1
2 3 43 1
1 2 42 1
8 2 43 1
5 3 43 1
6 2 43 11
8 2 43 17
5 3 43 21
4 2 43 25
4 2 43 49
1 2 42 50
7 2 43 73
7 2 44 4
5 3 44 4
6 3 44 9
1 2 44 14
2 2 44 27
1 2 44 26
8 2 44 41
4 2 44 41
5 3 44 53
2 2 44 56
7 2 43 56
6 2 43 56
2 2 44 72
4 2 45 18
3 3 45 18
5 2 45 17
6 2 44 18
5 2 44 18
4 2 45 25
3 2 44 25
4 2 44 25
3 2 45 48
2 2 44 49
8 3 45 50
4 2 45 53
1 2 46 41
3 3 46 48
8 2 46 47
4 2 46 84
2 2 46 84
8 2 46 84
7 4 45 84
6 2 47 4
7 2 47 3
8 2 46 3
4 2 47 5
7 2 47 5
5 2 47 19
1 4 47 43
5 5 46 44
8 2 47 41
4 2 46 42
8 4 47 42
7 2 47 46
3 2 47 77
2 2 47 92
6 2 48 3
5 3 48 2
4 2 48 26
1 2 48 26
8 2 48 26
2 2 47 26
7 2 47 27
6 3 47 27
8 2 48 27
2 2 48 45
4 2 48 47
5 4 48 72
7 2 48 73
2 2 48 84
2 2 48 92
4 4 49 1
1 2 49 3
1 2 49 43
3 2 49 42
2 3 48 42
8 3 48 42
8 2 49 70
6 2 49 71
2 2 49 71
2 2 49 100
7 2 48 100
4 2 50 2
5 2 50 1
7 2 49 1
8 2 50 3
6 2 50 3
6 2 50 43
1 2 50 45
1 2 50 72
4 3 50 77
1 2 49 77
3 4 48 77
8 2 47 77
4 2 49 77
3 2 49 77
5 2 50 80
4 2 51 3
2 3 51 2
2 2 51 70
8 2 51 76
3 2 52 41
5 2 53 44
2 3 52 45
4 2 52 44
3 2 52 44
6 2 52 45
3 2 52 45
4 2 53 44
1 2 53 44
8 2 53 100
8 2 54 3
7 2 54 5
4 2 54 5
1 2 53 5
5 2 54 4
6 2 54 4
2 3 54 100
8 2 56 57
3 2 58 80
4 2 57 80
7 2 58 80
4 3 60 47
3 2 61 57
8 2 62 47
6 2 65 57
