7029
2323
8 3 1 11
1 3 1 30
6 2 1 30
3 2 1 33
7 3 1 33
4 2 1 33
5 3 1 32
8 2 1 31
6 2 1 34
2 2 1 35
7 2 1 36
2 5 1 36
6 2 1 36
2 2 1 41
7 3 1 43
3 2 1 42
6 2 1 44
8 2 1 44
2 5 1 45
7 2 1 48
3 2 1 47
7 3 1 47
6 2 1 46
4 3 1 50
6 4 1 49
6 2 1 54
8 2 1 57
2 2 1 57
4 2 1 57
3 2 1 58
8 3 1 60
2 2 1 60
4 3 1 69
3 2 1 69
3 3 1 74
2 2 1 77
4 2 1 78
1 2 1 78
4 2 1 91
7 4 1 90
1 2 1 90
2 2 1 95
6 2 1 99
8 4 2 10
5 2 1 10
3 2 1 10
7 3 1 10
6 2 2 11
2 2 1 11
1 2 2 11
8 2 2 11
5 2 2 12
4 4 2 13
5 7 2 16
6 6 2 15
8 5 1 18
4 2 2 15
1 2 2 14
6 2 2 13
4 3 2 13
2 2 1 13
8 2 1 14
3 4 1 15
1 3 2 19
7 3 2 20
2 2 2 21
1 2 1 22
5 2 2 20
4 6 1 21
3 2 1 19
8 2 1 19
5 2 2 26
3 2 2 25
4 2 1 25
8 3 2 25
8 2 2 30
6 2 2 30
5 3 1 31
3 3 1 31
4 5 2 33
5 3 1 34
7 2 2 35
8 2 2 37
7 3 1 38
8 2 1 38
2 2 2 40
5 3 2 42
7 2 1 43
4 2 2 44
7 4 2 43
5 2 2 43
4 2 2 44
2 2 2 45
8 3 2 46
6 2 2 46
2 5 2 48
4 2 2 53
2 2 1 54
1 2 1 54
3 2 2 53
3 3 2 56
7 2 2 56
5 3 1 56
2 2 1 56
2 2 2 56
1 2 1 57
4 2 2 60
1 4 1 61
5 3 1 60
4 2 1 60
3 2 2 62
8 2 2 65
5 2 1 65
7 2 1 64
7 2 2 83
2 2 2 83
3 2 2 88
6 2 2 90
4 2 2 92
2 3 2 92
4 2 2 96
1 4 3 2
3 2 3 7
4 2 3 10
1 2 3 10
2 3 3 9
7 2 2 10
8 4 2 10
5 2 3 9
7 2 2 10
3 3 1 10
7 2 1 10
6 2 1 10
4 3 1 11
6 3 2 11
8 3 2 10
2 4 1 11
4 2 2 10
3 2 1 11
1 2 2 10
1 2 3 10
3 2 3 10
4 6 2 10
5 2 1 10
5 3 3 14
3 2 2 15
1 2 3 13
5 2 3 14
8 2 2 15
6 2 2 14
1 2 3 15
2 3 3 15
4 2 2 15
5 4 2 15
6 2 2 16
5 2 3 15
3 2 3 14
6 2 3 18
7 4 3 17
2 2 2 17
2 2 2 19
8 3 3 31
4 2 3 38
2 2 3 40
6 3 3 42
8 2 3 42
8 3 3 57
6 2 3 57
5 2 3 57
4 2 3 56
5 3 3 56
1 4 3 58
6 2 2 58
8 2 3 72
7 2 3 74
3 2 3 78
6 2 3 78
5 4 3 86
5 4 3 93
2 2 3 92
4 2 2 92
7 3 2 92
1 2 3 97
6 2 2 97
7 2 1 97
4 3 3 96
6 2 3 96
7 2 3 98
2 3 4 8
8 3 3 8
4 2 3 7
4 2 4 12
5 2 4 12
7 2 4 13
1 4 4 15
2 3 4 18
1 3 4 19
7 2 4 20
2 2 4 23
1 2 4 23
4 2 4 24
6 2 4 36
5 4 4 38
6 2 4 38
3 3 4 41
7 2 4 53
1 2 4 66
3 3 4 68
7 2 3 68
1 3 2 68
4 3 2 68
4 2 4 67
6 3 4 73
8 3 4 74
7 2 4 75
6 5 4 77
5 2 4 75
6 2 4 74
7 2 4 78
8 2 4 80
7 3 4 88
1 3 4 87
3 3 4 87
7 2 4 88
2 2 5 2
1 4 5 14
6 3 5 13
2 2 5 12
8 3 5 15
7 2 4 16
8 2 5 18
6 2 4 18
1 3 5 24
6 2 5 25
8 4 5 32
7 2 5 31
5 2 5 32
8 2 5 31
1 2 5 30
3 2 5 32
1 4 5 32
6 2 4 32
4 2 4 31
7 3 4 31
2 3 3 31
7 2 3 30
8 2 3 30
6 2 2 31
5 2 3 29
5 2 4 32
1 3 3 33
5 3 3 33
8 2 2 33
4 2 2 33
2 2 4 32
7 6 5 32
1 3 5 32
8 2 4 33
5 2 4 32
2 3 4 32
1 2 5 33
3 3 5 35
5 2 5 34
3 2 5 35
6 2 5 39
1 2 5 39
8 2 5 42
7 3 5 50
4 3 4 51
7 2 5 50
2 2 4 50
4 2 4 49
6 2 4 48
2 3 4 49
6 2 5 48
4 2 4 48
2 3 4 47
1 2 5 49
7 2 4 49
6 2 5 48
4 3 4 48
5 5 3 48
7 2 5 53
2 2 5 52
8 2 4 52
7 2 5 52
8 2 5 60
7 2 5 61
3 3 5 71
7 2 4 71
2 2 4 71
4 2 4 72
1 2 4 71
2 2 4 72
6 2 5 71
8 2 5 72
3 2 5 72
5 3 5 75
1 2 4 75
8 2 4 75
1 2 4 75
4 2 4 75
6 3 4 75
2 2 5 75
1 2 4 75
4 3 5 80
1 2 5 89
7 4 5 95
7 2 5 100
1 2 5 100
3 2 6 2
4 3 6 3
2 2 6 3
1 5 5 3
4 2 6 6
3 4 5 6
4 3 4 6
8 2 3 6
2 2 6 8
8 3 6 7
1 2 5 7
7 2 6 10
8 3 6 11
1 2 6 10
6 3 6 10
3 2 6 12
7 5 5 13
5 2 5 12
4 2 4 12
1 2 6 12
8 2 6 21
6 2 6 22
1 2 6 27
7 2 5 27
1 2 5 27
2 4 6 34
7 2 6 33
8 2 6 34
5 2 6 34
6 2 5 35
7 2 4 35
5 2 4 35
3 6 4 34
8 2 5 35
1 3 4 36
6 2 4 35
4 2 4 36
5 2 3 36
1 2 3 36
3 2 6 35
5 2 6 40
2 2 5 41
1 2 4 41
6 2 5 41
7 2 5 41
2 2 5 42
3 3 6 39
8 2 6 39
7 2 6 42
3 2 6 43
2 3 6 52
3 2 5 52
5 2 6 55
6 3 6 56
7 2 6 56
3 3 5 56
3 2 6 56
2 2 6 62
5 2 6 69
1 2 6 74
4 2 6 73
6 2 6 75
3 3 6 85
2 2 6 84
5 3 6 90
3 2 6 93
8 4 6 93
5 2 6 97
3 2 7 3
6 2 6 3
8 2 7 21
5 2 6 22
1 2 7 25
7 3 7 24
1 2 7 24
3 2 7 23
6 3 7 27
3 2 7 26
6 2 7 29
8 2 7 33
7 3 7 38
3 2 7 37
1 2 7 39
6 2 7 44
8 2 7 45
1 3 6 45
3 2 6 45
8 4 7 47
1 4 7 51
5 6 7 53
7 3 7 54
3 3 7 54
7 2 7 54
8 2 7 57
7 2 7 66
5 5 7 66
1 4 7 65
4 2 7 69
3 3 6 69
1 2 7 68
2 2 7 70
1 3 7 71
8 2 6 72
5 2 6 71
2 2 7 75
1 2 7 88
6 3 7 95
4 2 8 1
1 3 8 1
7 3 7 1
7 2 8 1
5 3 8 2
8 2 7 2
6 3 8 1
1 2 8 2
6 2 8 9
5 3 8 11
3 2 8 13
5 2 8 14
8 4 8 21
4 2 8 20
1 2 8 21
7 2 8 21
2 2 8 26
5 2 8 27
3 3 8 27
6 3 7 27
7 3 7 26
3 2 8 27
5 2 8 27
6 3 7 27
2 2 7 27
3 2 7 26
3 2 8 27
6 2 8 26
5 2 8 35
7 2 8 37
6 2 7 38
8 2 8 42
7 2 7 42
1 2 8 46
6 2 8 48
6 2 8 50
4 3 7 50
2 3 8 53
4 2 8 54
7 2 8 55
1 3 8 56
6 2 8 57
8 2 8 61
5 4 8 62
7 2 7 62
6 2 6 62
3 3 5 62
5 2 6 62
6 2 7 62
4 3 7 62
7 3 8 62
3 2 8 61
6 2 8 60
2 3 7 61
7 5 8 92
6 2 8 96
1 2 8 96
2 2 8 100
1 2 9 16
6 2 9 19
1 2 8 19
3 2 9 18
3 8 9 21
4 7 8 22
6 2 9 19
1 2 9 28
7 3 9 36
2 3 9 35
5 4 9 43
1 2 9 44
4 4 9 49
5 4 9 49
2 3 9 49
3 4 8 49
6 2 9 51
8 2 8 51
8 2 9 53
6 2 8 53
8 2 9 53
6 3 9 56
3 3 8 56
8 2 8 56
2 2 8 57
1 2 9 56
5 2 9 55
4 3 9 54
1 2 9 56
5 2 9 66
8 2 8 66
2 2 9 67
3 2 9 67
1 3 9 66
8 2 8 68
7 2 8 68
8 2 8 68
5 2 8 68
6 3 9 68
3 2 9 68
1 4 9 74
5 3 8 74
2 3 8 75
7 2 8 76
1 2 9 74
3 2 9 75
8 2 9 79
6 2 9 84
6 5 9 89
4 4 9 98
2 3 9 98
3 2 8 98
1 2 9 99
2 2 10 1
6 3 10 4
2 2 10 3
1 2 9 4
2 2 10 4
1 3 10 4
7 4 10 4
2 2 10 23
1 2 10 23
8 5 10 24
4 2 10 22
6 3 10 22
7 2 10 21
3 3 9 22
5 3 10 24
7 2 10 24
5 2 10 32
4 3 9 32
1 2 9 32
8 5 9 33
2 2 10 32
4 2 10 42
7 3 9 43
5 2 10 52
7 7 10 51
8 2 9 51
3 5 9 55
5 2 9 55
4 2 9 56
8 3 10 51
5 2 10 51
4 2 10 50
8 2 10 51
1 3 10 54
8 2 10 54
3 2 9 55
5 2 9 55
1 2 9 55
5 3 10 54
8 2 10 62
6 3 10 63
5 3 10 64
5 2 10 68
6 2 10 69
3 3 10 69
3 2 10 75
3 4 10 79
1 2 9 79
6 2 9 79
8 3 10 83
3 2 10 85
5 2 9 85
4 2 10 85
2 2 10 90
8 5 10 97
3 2 10 97
3 2 11 11
2 2 11 12
6 3 11 12
7 2 11 13
1 2 11 14
6 2 11 22
3 2 10 22
8 2 9 22
2 3 10 22
7 2 9 23
4 3 9 23
5 2 9 23
1 3 9 23
1 2 10 21
2 4 9 21
8 5 10 19
3 2 9 22
3 4 11 19
4 2 10 19
6 4 10 21
7 2 10 22
1 2 11 20
4 2 11 22
3 6 11 25
6 2 10 27
8 2 11 26
7 2 10 26
4 3 9 26
1 2 8 26
6 2 11 26
5 3 11 29
5 2 11 37
1 3 11 43
4 2 11 43
8 2 10 44
5 3 11 46
2 2 11 47
3 4 11 52
5 2 11 51
6 2 10 51
7 2 10 51
8 2 11 51
6 3 11 58
7 2 11 59
6 3 11 59
6 2 11 62
8 3 11 68
7 2 11 67
5 2 11 67
6 2 11 66
5 4 11 69
3 2 11 68
4 3 10 68
2 4 9 68
1 2 11 73
7 2 11 79
1 3 11 80
8 2 11 79
1 4 11 89
6 2 11 88
3 3 11 90
3 2 11 94
1 3 10 95
7 3 10 95
3 2 10 95
7 2 11 96
2 2 11 95
4 2 11 94
1 2 10 95
8 2 10 94
3 2 11 95
4 2 12 5
5 2 12 10
8 3 11 10
2 2 10 10
6 2 9 10
8 2 9 9
4 2 9 9
7 2 11 9
1 2 12 11
4 3 12 15
3 2 12 15
7 3 12 16
4 3 12 20
6 2 12 24
1 3 11 25
6 2 10 25
7 2 11 24
5 2 12 25
4 3 12 24
5 3 12 23
6 3 12 25
1 4 12 39
5 2 12 42
5 2 12 46
1 4 12 47
6 3 11 47
2 2 12 57
6 2 12 61
1 2 12 61
8 2 12 67
4 2 12 66
3 3 12 66
1 2 12 67
6 2 12 68
5 2 11 68
3 3 12 67
7 2 11 69
1 2 11 69
4 2 11 68
8 2 11 68
3 2 10 69
2 2 10 68
4 2 9 68
6 2 11 69
8 2 12 68
2 2 12 69
1 2 12 73
8 4 12 73
2 3 12 74
3 2 11 74
8 2 12 82
7 3 12 92
4 2 11 92
2 2 12 92
2 2 12 99
7 2 12 99
8 5 13 1
5 4 13 6
7 2 12 6
1 2 12 5
1 3 13 15
2 5 13 14
7 2 13 19
2 2 12 19
8 5 13 21
7 3 13 21
3 2 12 22
4 2 13 20
4 2 13 23
6 4 13 28
4 2 12 28
1 3 13 31
7 2 13 32
2 2 13 33
5 4 13 35
8 2 13 35
5 6 13 35
2 2 13 40
6 4 13 40
6 4 13 49
8 2 12 49
5 2 13 50
6 3 12 50
4 2 11 50
2 2 11 50
1 2 11 49
7 2 11 50
5 3 11 49
8 2 13 49
6 2 13 49
1 2 13 49
8 2 13 62
6 2 13 61
8 3 13 66
6 2 13 67
3 3 13 80
6 3 12 80
7 2 11 80
7 3 13 82
3 2 12 82
8 2 13 86
1 3 13 87
8 3 13 89
5 2 12 90
4 2 12 89
6 3 12 91
7 3 12 92
8 5 11 92
2 3 11 93
5 3 13 90
7 2 13 92
4 2 12 92
5 3 12 93
3 2 13 92
4 3 12 93
3 2 13 93
2 4 14 2
3 2 14 3
6 4 13 4
5 2 14 3
1 3 14 10
4 3 14 10
3 2 14 10
1 2 14 16
4 2 13 16
2 2 13 16
6 4 12 16
8 3 14 17
4 3 14 17
4 2 14 21
7 2 14 41
5 5 14 44
3 2 13 44
6 2 14 44
4 2 14 45
5 3 14 48
8 3 14 53
2 5 14 63
7 2 13 64
8 2 14 63
4 2 14 62
8 4 14 62
2 2 13 62
4 2 14 62
5 2 14 71
3 2 14 70
1 2 13 70
7 4 12 70
5 2 12 69
8 3 12 69
7 3 14 68
6 2 14 70
5 5 14 73
2 2 13 74
3 3 13 74
4 3 12 74
7 2 13 73
6 3 13 74
5 2 12 74
1 3 11 74
3 2 11 74
4 2 11 73
8 2 12 73
3 2 13 72
2 4 14 72
7 2 13 72
6 4 14 78
4 2 14 78
7 2 14 77
3 2 14 78
1 2 14 80
6 3 14 79
2 2 13 79
1 4 13 78
3 2 14 78
8 3 14 82
6 2 14 83
3 2 14 86
6 2 14 89
8 2 13 89
2 2 14 88
6 2 14 93
8 2 15 10
7 2 15 9
8 2 15 21
2 3 15 27
1 2 15 32
6 2 15 32
8 2 15 33
4 2 15 33
1 3 15 35
6 2 14 36
5 2 14 36
2 2 14 35
8 2 13 35
1 3 12 35
4 2 14 37
5 2 15 51
3 2 15 51
8 2 15 50
4 2 14 50
6 2 14 50
2 3 13 50
1 2 14 48
7 3 13 49
3 4 12 49
6 2 15 48
3 3 15 50
8 2 15 49
1 2 15 48
3 2 14 48
7 2 14 48
6 4 14 48
2 3 14 48
8 6 14 47
7 2 14 46
3 2 14 46
7 3 15 46
7 5 15 52
2 2 14 54
8 3 15 56
5 2 15 63
8 2 15 65
3 2 15 72
5 2 15 74
1 2 15 78
3 2 15 78
2 2 15 82
1 2 15 81
5 2 15 90
3 3 15 98
6 2 15 100
8 3 16 1
7 2 16 2
2 3 16 3
4 3 16 4
3 4 16 6
8 2 16 6
8 5 16 9
8 4 16 12
2 3 15 13
3 2 15 13
7 3 16 12
6 3 16 15
3 3 16 16
2 2 16 17
2 2 16 20
2 3 16 23
4 2 16 24
6 3 15 25
4 2 16 27
1 2 16 29
6 2 16 29
4 4 16 35
1 2 15 36
1 2 16 40
8 2 16 39
4 2 15 39
6 2 16 40
8 2 16 39
8 2 16 50
8 2 16 56
5 2 16 60
1 4 15 61
2 2 15 60
7 4 15 61
3 5 15 62
5 3 15 62
1 3 15 62
2 2 14 62
3 2 14 61
3 3 15 61
7 2 15 61
8 2 16 60
6 2 16 65
7 3 16 64
8 2 16 77
1 2 16 76
5 2 16 75
2 2 16 85
6 2 16 88
4 2 16 87
3 3 16 89
6 2 16 88
4 2 16 96
7 2 16 99
4 2 16 100
2 2 17 5
4 2 17 7
7 3 16 8
8 2 15 8
6 3 15 8
3 2 14 8
5 2 14 9
3 2 13 9
5 2 17 14
7 2 16 14
8 2 17 13
3 2 17 14
4 3 17 14
5 2 17 15
8 4 16 15
4 3 17 15
5 2 17 18
2 3 17 18
6 2 17 17
7 4 17 20
4 2 16 20
3 3 15 20
4 2 17 24
5 2 17 26
1 2 16 26
6 2 16 26
5 2 16 26
4 2 17 26
7 2 17 25
3 3 16 25
4 3 17 32
3 3 17 38
5 3 17 43
1 7 17 50
6 2 17 59
6 2 17 63
5 2 17 63
5 2 17 67
1 3 17 69
2 2 17 70
6 2 17 69
8 3 16 69
5 2 17 69
6 2 16 69
3 2 16 69
8 2 15 70
4 3 15 69
2 2 14 69
5 2 14 69
5 2 17 69
4 3 17 68
3 2 17 68
2 2 17 69
8 4 17 70
2 2 17 72
2 3 17 80
3 2 17 80
1 2 16 81
5 2 17 80
3 2 17 80
7 2 16 80
6 2 15 80
5 2 17 84
1 2 16 85
6 2 15 85
5 3 16 85
2 3 17 86
4 5 17 86
8 2 17 85
2 2 17 94
4 2 17 100
5 3 16 100
3 3 17 99
5 3 18 9
1 2 18 10
4 2 18 11
6 2 18 12
4 2 18 18
3 2 18 22
7 2 18 22
3 2 18 22
1 2 18 21
6 2 18 23
4 2 18 29
2 3 17 30
2 2 18 37
3 3 18 37
5 2 18 37
6 2 17 38
8 2 18 37
1 4 18 38
3 2 18 39
6 2 18 39
4 2 18 39
4 3 18 45
8 4 17 45
6 2 18 44
4 4 18 47
8 2 18 48
8 2 18 54
7 4 18 54
3 2 18 57
1 2 18 56
2 2 17 56
6 2 17 56
7 2 16 57
6 2 16 57
4 2 15 57
6 2 15 56
2 2 16 56
7 3 17 55
6 3 16 55
1 2 18 55
5 3 17 55
8 2 18 57
2 2 18 56
8 3 18 60
1 2 18 59
7 3 18 58
6 2 18 66
3 2 17 66
5 5 18 65
2 2 18 66
8 2 18 66
2 3 18 66
6 2 18 68
7 5 18 68
4 3 17 68
3 2 18 69
1 2 18 70
7 2 18 81
8 2 17 81
3 2 18 80
4 4 18 81
5 3 18 81
2 3 18 83
3 3 17 85
1 2 18 85
5 2 17 85
6 2 18 84
4 3 17 84
5 2 18 87
3 2 18 88
7 2 17 89
8 3 17 88
3 2 18 88
2 3 18 90
8 3 18 92
6 2 17 92
4 2 18 92
2 2 18 94
1 2 18 94
5 4 18 95
8 2 18 97
2 2 18 98
6 4 18 98
4 2 17 98
3 2 19 3
4 2 19 4
2 2 19 5
7 2 19 6
2 3 19 7
7 2 19 7
3 2 19 9
6 2 19 11
1 3 19 11
1 2 19 16
2 4 19 23
6 2 19 33
8 3 19 37
1 2 19 44
8 2 18 44
5 2 19 45
1 2 19 44
3 3 18 44
6 2 19 46
5 3 19 49
3 3 18 49
6 2 18 51
4 2 19 49
6 2 19 53
4 2 19 52
2 2 19 55
2 4 19 57
6 3 18 57
7 3 19 55
8 2 19 56
6 2 19 61
5 2 19 62
8 2 19 62
3 3 18 62
7 3 18 61
6 3 19 63
8 2 19 64
3 2 19 66
7 2 19 69
7 2 19 74
2 2 18 74
4 2 17 74
4 3 19 74
5 4 19 78
1 2 19 77
8 2 19 79
7 2 19 78
5 2 19 81
4 3 19 95
7 5 20 6
3 2 20 6
1 2 20 6
2 2 20 5
6 3 20 7
8 2 20 11
1 3 20 13
5 4 20 15
1 2 20 15
5 4 20 22
1 2 19 22
6 2 19 22
6 3 20 22
6 3 20 26
1 3 20 26
1 2 20 30
6 3 20 41
5 4 19 42
1 2 20 45
7 2 20 58
5 2 20 63
1 2 20 64
3 2 19 64
2 5 18 64
4 2 20 64
7 2 19 65
1 2 18 65
6 2 20 64
8 2 20 66
2 2 20 68
6 2 20 69
7 2 20 68
8 2 20 68
2 2 20 76
3 2 20 78
1 2 20 80
3 3 19 80
6 3 19 81
5 2 19 81
8 2 20 79
6 2 20 78
2 2 20 80
1 2 20 84
6 5 20 84
4 2 20 84
6 2 20 84
7 2 20 83
7 2 20 86
1 2 19 87
5 2 20 85
7 2 20 86
4 3 19 86
6 2 20 91
8 3 20 90
4 2 20 89
8 3 20 90
3 2 20 90
8 2 20 93
5 4 20 92
2 2 20 91
1 3 20 91
6 2 20 92
4 2 21 1
6 2 21 2
2 2 20 2
1 2 21 2
4 2 20 3
5 2 21 5
7 3 21 4
4 8 20 6
5 2 19 6
6 2 21 4
8 2 21 6
4 2 20 6
1 3 20 6
3 2 21 5
7 2 21 15
4 2 21 17
2 2 21 21
8 6 21 31
6 4 21 30
7 3 21 33
7 2 21 35
3 2 21 35
1 2 21 34
5 4 21 33
4 2 21 33
8 5 21 39
7 3 20 39
1 2 20 39
6 3 19 40
8 2 20 39
2 2 20 40
4 2 21 43
3 2 21 46
2 2 21 50
7 2 21 53
3 4 21 52
4 2 21 60
3 3 20 60
8 2 19 60
6 2 19 59
3 3 18 60
1 2 18 60
7 2 19 61
2 2 21 61
6 3 21 62
1 2 21 61
3 2 21 70
8 2 20 70
7 2 21 77
6 3 21 78
2 5 21 83
6 3 21 84
3 2 20 85
8 2 21 86
3 3 21 86
2 2 21 85
5 3 20 85
4 3 20 85
5 2 21 87
4 2 21 90
1 2 21 95
8 2 21 96
5 2 20 97
7 3 19 97
6 2 19 96
6 2 21 97
5 2 21 99
4 2 22 19
5 2 22 19
3 2 21 19
4 2 22 20
6 2 22 19
8 2 21 19
3 2 21 19
2 2 22 20
3 7 21 21
5 2 21 22
8 2 22 24
5 2 21 24
8 3 20 24
5 3 20 23
3 3 20 24
1 4 19 24
8 3 18 24
2 2 19 26
5 2 20 26
3 2 20 27
3 2 21 24
6 2 21 23
2 3 21 27
1 2 21 27
1 2 22 25
5 3 22 26
8 2 22 26
3 2 22 26
8 2 22 26
7 2 21 26
2 2 21 26
6 3 21 27
5 2 20 27
6 2 20 26
8 3 22 26
4 6 22 26
6 2 22 34
2 2 22 37
5 2 21 38
8 2 22 36
1 2 22 37
5 2 22 36
4 2 22 38
8 3 22 44
4 2 22 43
1 2 22 46
7 2 22 48
3 4 22 54
5 4 22 58
3 3 22 59
6 4 22 60
7 2 22 60
5 2 22 61
4 2 22 60
1 5 22 59
4 2 22 62
2 3 22 67
6 2 21 67
2 2 22 85
6 3 22 85
6 2 22 90
1 3 21 91
1 2 22 93
7 2 22 94
3 2 22 94
8 2 22 95
3 2 21 96
6 2 22 99
7 2 23 2
2 2 23 3
3 2 23 5
3 2 23 8
6 2 22 8
8 3 23 15
8 4 23 21
3 3 23 23
2 6 23 24
8 4 23 24
5 2 22 24
2 3 22 23
6 4 23 24
6 2 23 27
1 2 22 27
6 2 22 26
2 2 22 26
5 2 21 26
1 2 23 29
7 2 23 42
3 3 23 52
8 3 23 56
6 2 23 55
4 2 23 57
5 2 23 57
2 2 23 56
3 2 23 57
6 2 23 56
2 2 23 57
5 2 23 63
2 2 23 63
6 4 23 64
5 2 23 69
6 2 23 76
8 2 23 81
2 3 23 82
4 2 23 85
1 4 22 85
2 2 23 85
4 2 22 85
3 3 23 87
2 2 23 88
6 3 23 91
5 2 23 92
1 3 23 95
8 2 23 95
4 2 23 97
2 2 23 100
2 2 24 2
5 2 24 1
7 2 24 2
4 4 24 2
8 2 24 15
5 4 24 15
2 2 23 15
4 2 23 15
2 2 24 13
7 2 24 14
2 2 24 14
6 2 24 18
2 4 24 31
3 4 24 31
8 2 23 31
5 2 23 31
2 2 23 30
7 2 23 30
7 2 24 31
6 3 24 36
1 2 24 35
8 2 23 35
5 3 24 37
6 2 24 36
7 2 24 38
2 6 24 39
7 2 24 46
4 2 24 46
3 2 24 46
8 2 24 45
5 2 24 44
1 4 24 45
5 3 23 46
8 2 23 46
3 3 22 46
2 2 24 46
5 2 24 46
1 4 23 47
6 2 24 51
7 2 24 58
8 3 23 58
1 2 24 62
1 6 24 66
6 2 24 74
7 2 24 80
5 2 24 81
2 2 24 81
6 3 23 82
7 2 24 82
1 3 23 82
2 4 23 82
6 2 24 82
3 3 24 89
7 2 24 92
1 4 24 92
8 2 24 98
6 3 23 98
5 2 23 99
6 2 23 99
8 3 23 98
5 2 23 99
6 2 23 98
1 2 22 99
8 2 23 98
7 2 23 98
3 2 23 100
6 2 24 99
2 2 25 1
8 4 25 2
3 2 25 1
1 4 25 12
7 3 25 27
6 2 25 27
1 2 25 28
3 2 25 34
7 2 25 33
5 2 25 39
2 2 25 40
8 3 24 40
7 3 25 41
4 2 24 42
2 2 24 42
6 2 23 42
8 2 25 41
1 2 25 48
5 3 25 48
2 2 25 49
3 2 24 49
7 3 25 50
1 2 25 53
1 2 25 62
7 2 25 66
6 3 24 66
2 2 24 67
3 4 23 67
8 2 22 67
5 2 23 67
2 2 25 65
8 3 25 65
6 4 25 67
2 4 24 67
4 2 25 68
5 5 25 72
2 2 25 76
1 2 25 75
8 3 25 76
7 2 25 77
1 3 25 78
4 5 24 80
3 6 25 85
2 2 25 85
6 4 25 88
4 2 25 92
2 2 25 97
8 2 25 98
4 2 25 99
1 2 26 2
4 2 25 2
1 3 24 2
3 2 24 2
7 2 26 6
4 2 26 6
1 3 26 6
7 2 26 11
4 3 26 15
5 2 25 15
4 2 24 15
6 4 24 15
8 2 23 15
2 3 25 14
1 2 25 15
5 2 24 15
7 2 23 15
6 2 22 15
1 2 22 15
3 2 26 14
7 7 25 14
3 2 26 21
4 2 26 21
2 2 26 22
1 3 26 25
5 2 25 25
1 2 26 25
5 4 26 27
4 2 26 26
3 2 26 28
3 2 26 30
4 3 26 30
2 2 26 36
8 2 25 37
7 2 25 37
2 2 26 38
4 2 26 37
6 2 26 49
4 3 26 59
6 2 25 59
7 3 26 63
3 2 26 62
2 2 26 64
8 2 26 63
4 2 26 66
6 2 25 67
2 3 26 66
7 2 26 71
2 2 26 73
4 4 25 74
3 2 25 74
6 2 25 74
7 4 24 74
2 3 25 74
6 3 24 76
2 2 26 73
7 4 26 74
1 3 25 75
8 3 25 76
3 4 24 76
8 2 24 75
7 2 23 75
1 2 24 74
6 2 25 75
2 3 26 76
1 2 26 77
5 3 25 77
4 3 26 76
3 3 26 78
4 2 26 78
7 2 26 87
8 2 26 87
2 2 26 88
4 2 25 88
6 2 25 88
3 2 25 88
7 4 26 87
2 2 26 86
4 3 26 86
3 2 26 86
2 3 26 89
8 2 26 90
6 2 25 91
1 2 26 90
4 3 27 6
8 2 26 6
7 3 26 6
5 3 26 6
8 2 27 5
3 2 27 11
2 3 27 11
6 2 27 10
5 8 27 12
3 2 26 14
4 2 27 14
5 3 27 14
1 2 27 17
7 2 26 17
2 2 26 17
4 2 25 17
8 2 26 17
7 4 27 25
8 3 27 29
3 5 27 30
5 2 26 30
1 2 26 31
6 2 26 31
2 2 26 30
7 2 26 29
6 3 27 28
1 2 26 29
8 2 27 27
4 2 27 30
8 2 27 31
8 2 27 36
8 4 27 45
6 2 27 54
8 2 26 54
2 3 27 53
4 2 27 55
1 2 26 55
8 2 27 60
8 2 27 62
5 2 27 63
6 4 27 67
2 2 27 68
8 2 27 70
6 3 27 71
3 5 27 72
6 3 26 74
1 2 27 75
8 2 27 75
2 2 27 76
6 6 26 76
8 2 25 76
5 2 26 75
8 2 26 76
5 5 26 76
2 2 26 78
4 2 27 75
1 2 27 75
8 3 27 76
7 2 26 77
3 2 26 77
7 2 27 79
4 2 27 79
8 3 27 92
1 2 27 99
3 2 27 99
3 3 28 2
5 2 27 4
2 3 28 2
7 2 28 11
4 5 28 11
6 3 28 13
5 2 28 13
1 3 27 13
3 5 27 13
2 3 28 12
8 2 28 12
6 4 27 12
8 3 27 11
4 3 26 11
7 2 28 17
3 2 28 19
1 5 28 22
5 2 27 22
3 2 28 25
5 3 28 24
4 2 28 30
7 2 28 31
3 2 28 33
5 4 28 35
7 2 27 35
1 3 26 35
5 2 25 35
7 3 26 34
8 2 26 33
7 2 26 33
1 2 26 35
3 2 28 35
8 2 28 37
2 2 28 40
6 2 28 39
1 2 27 39
7 7 27 40
4 3 28 43
4 3 28 47
7 2 27 47
6 2 28 50
5 2 28 53
6 2 28 59
1 5 27 59
5 2 27 58
2 3 27 59
7 5 26 59
6 3 26 59
1 2 26 59
8 3 25 59
5 5 26 57
8 3 25 57
7 2 25 61
6 3 25 61
3 2 25 60
4 2 25 60
6 2 25 59
2 3 26 60
5 2 25 60
1 3 24 60
1 3 26 59
7 2 25 59
4 3 24 59
6 2 24 60
2 3 25 58
5 2 24 59
8 2 24 60
3 3 25 59
7 3 27 58
6 2 27 57
3 3 26 57
2 2 27 61
8 3 28 57
3 3 27 59
7 3 27 58
6 2 27 58
2 3 27 58
8 2 26 58
7 2 26 59
4 2 26 59
6 2 28 61
8 2 28 62
3 3 28 62
4 2 28 63
8 2 28 63
7 2 28 70
6 3 28 74
3 3 28 73
2 2 28 73
4 2 28 74
1 2 28 75
8 4 28 78
5 2 27 78
6 2 28 79
7 3 28 84
2 2 28 83
3 2 28 89
5 2 28 89
1 2 28 89
7 2 28 91
3 2 27 91
4 3 28 91
3 3 28 91
2 2 27 91
5 2 28 93
2 2 27 93
6 2 28 92
3 2 27 93
4 2 28 100
8 2 29 4
8 3 29 6
4 2 29 9
8 2 28 9
1 3 29 11
6 3 29 11
2 2 28 12
1 2 29 12
5 2 29 14
6 2 29 14
2 2 29 13
6 4 29 18
1 3 29 18
1 2 29 24
3 3 28 25
2 2 29 37
2 2 29 40
3 2 29 42
6 2 28 42
1 2 27 42
4 2 27 42
2 3 28 43
1 2 28 43
5 2 27 44
4 3 28 42
7 2 28 43
3 2 27 43
7 3 27 42
6 4 27 43
1 2 27 42
4 2 29 54
4 2 29 62
6 2 28 62
2 4 29 66
1 2 29 64
6 2 29 64
8 2 29 65
7 3 29 65
5 4 29 78
8 2 29 80
8 4 29 87
6 2 28 88
8 2 28 88
7 2 30 4
6 2 30 8
4 2 30 7
2 2 30 12
3 2 30 19
7 3 30 19
6 3 30 18
7 2 30 23
8 2 30 24
3 2 30 28
7 2 30 33
2 2 30 40
3 2 30 45
2 2 30 46
4 2 29 47
5 2 30 55
2 2 30 64
3 2 29 65
6 2 29 65
2 3 29 65
5 3 29 66
8 3 30 63
7 2 29 63
4 2 29 63
7 2 30 65
8 2 29 66
1 2 28 66
1 3 29 66
4 3 29 65
5 3 29 67
4 2 30 76
7 5 30 77
1 2 30 79
6 4 29 79
2 3 30 78
8 3 29 78
4 2 30 81
2 2 30 85
5 4 30 84
1 2 30 87
4 3 30 92
1 4 30 93
3 2 30 94
1 2 30 99
2 2 30 98
4 2 29 98
2 2 29 98
1 5 30 99
6 2 31 2
4 2 31 2
2 3 30 3
3 2 30 3
5 2 30 4
5 3 31 12
3 2 31 13
6 2 31 14
8 2 31 17
3 2 31 20
3 3 31 27
2 4 31 29
5 2 31 30
8 2 31 32
1 3 31 32
4 2 31 37
6 2 31 38
3 2 31 40
5 2 30 41
7 2 31 42
4 2 31 43
8 3 31 49
7 2 31 48
6 3 31 89
4 2 31 90
2 2 32 2
5 3 32 5
3 2 32 4
8 2 32 4
8 2 32 12
2 2 31 13
8 2 31 13
1 2 32 16
7 2 31 17
3 2 31 17
4 2 30 18
5 2 31 18
1 2 31 18
4 2 32 17
8 4 32 17
7 2 31 17
3 2 32 16
5 2 31 16
6 2 31 17
1 3 32 16
2 2 32 18
6 2 31 19
7 2 30 19
5 3 31 18
1 2 32 23
4 2 32 24
4 2 32 38
1 5 31 39
4 2 31 39
8 3 30 39
2 2 31 39
1 2 30 39
7 2 30 39
5 4 29 40
8 4 30 39
8 2 32 37
4 4 32 37
3 2 32 38
1 4 32 39
8 3 32 42
5 2 32 41
2 2 31 41
4 2 30 41
7 2 32 40
1 2 31 41
3 3 30 41
2 3 31 39
4 3 30 39
3 2 32 41
7 2 32 49
4 2 32 52
1 2 31 52
2 2 32 53
5 2 32 58
2 2 32 58
1 2 32 64
2 3 32 64
6 3 31 64
4 2 31 64
8 2 31 63
7 2 32 66
1 5 32 66
5 3 32 72
7 2 32 73
1 2 32 76
3 2 32 77
1 2 32 77
6 2 31 77
5 2 31 76
8 2 32 78
5 2 32 89
3 3 32 91
1 3 32 91
7 5 32 93
2 5 31 94
7 2 33 4
7 2 33 8
2 2 33 17
7 3 33 17
8 3 32 17
4 2 32 16
6 2 32 17
1 2 32 17
2 6 31 17
1 4 33 19
2 3 33 28
4 2 33 33
7 3 33 40
5 6 33 40
8 2 33 44
7 2 32 45
3 2 33 43
4 2 32 44
7 2 33 43
5 3 32 43
7 2 32 43
8 2 32 43
4 2 32 43
4 2 33 42
6 2 33 42
8 2 33 51
4 4 33 52
5 3 32 52
1 4 33 52
8 2 32 53
1 2 32 53
3 4 32 54
8 3 32 53
7 3 33 55
8 2 33 56
7 2 33 58
4 2 33 57
4 2 33 86
8 3 33 85
5 3 33 85
3 2 33 85
2 7 33 87
7 2 32 89
1 3 31 89
5 4 33 86
2 3 33 86
8 4 33 93
6 3 32 94
1 2 32 93
7 4 33 95
2 6 33 94
5 2 33 97
1 2 34 10
5 2 34 18
8 2 34 20
6 2 34 34
2 2 33 34
3 4 33 34
1 3 33 33
5 3 32 33
2 2 32 32
8 2 31 32
5 2 32 32
1 2 34 35
5 2 34 34
5 2 34 42
4 2 33 42
6 2 34 44
1 3 34 43
7 4 34 53
5 3 34 52
6 2 33 52
8 2 34 61
6 2 34 70
4 3 33 71
7 2 34 72
8 2 34 71
2 2 33 72
3 2 34 72
6 3 34 76
6 2 34 79
6 3 34 92
8 2 34 91
2 2 33 91
6 4 34 97
2 2 33 99
1 2 35 7
4 2 35 7
6 3 35 17
6 2 35 28
8 3 34 28
4 2 34 28
6 2 33 28
1 2 35 29
5 2 35 39
2 3 35 38
4 2 35 37
4 3 35 40
2 2 35 41
4 2 35 51
8 2 35 54
1 2 35 72
4 2 34 72
6 3 35 83
5 3 35 97
1 2 35 97
2 2 36 6
1 3 36 9
4 2 36 9
5 2 36 8
7 2 35 8
6 2 35 9
4 3 36 17
3 4 36 17
8 2 35 17
1 2 34 17
5 2 35 16
2 3 35 19
3 2 36 16
7 2 35 16
3 3 36 29
7 2 36 31
5 3 35 31
1 2 36 30
4 3 35 30
7 6 35 29
4 5 36 45
6 2 36 47
8 2 35 47
8 4 36 53
4 4 36 78
8 3 36 77
5 3 36 88
5 2 36 95
4 2 36 95
1 2 35 95
3 3 34 95
5 2 33 95
2 2 34 94
2 2 35 93
8 2 36 93
2 2 37 4
4 4 37 7
8 4 37 18
3 2 37 30
5 2 37 36
3 3 37 36
6 2 37 37
4 2 37 48
6 2 37 48
3 2 37 63
4 2 36 63
8 2 37 63
4 2 37 63
7 2 36 63
2 3 37 76
1 2 37 81
6 2 37 81
4 7 36 81
3 4 35 81
7 2 35 80
2 2 35 81
1 2 34 81
5 3 36 81
3 2 37 79
1 3 36 79
3 3 36 79
2 2 36 78
7 4 36 77
5 2 35 80
2 3 35 80
4 2 34 80
8 5 35 79
1 4 35 77
5 2 35 77
4 2 34 77
1 2 37 88
8 2 37 88
5 2 37 89
2 3 36 89
8 3 37 95
3 2 36 95
2 2 36 94
3 2 37 94
3 2 38 5
1 3 38 4
3 2 38 3
1 2 38 30
7 2 37 30
1 2 37 30
1 3 38 44
8 2 38 63
4 4 38 64
8 2 38 81
1 2 37 82
3 2 37 82
7 5 38 83
8 2 37 85
7 2 36 85
7 2 38 91
3 2 37 92
7 2 38 94
4 4 37 95
5 3 38 95
1 2 38 95
7 3 38 95
2 3 37 96
3 2 37 95
4 2 38 96
1 2 38 96
3 3 38 95
8 3 37 96
4 4 37 95
8 3 38 97
7 3 37 97
1 4 38 96
2 2 37 96
3 3 38 96
3 3 38 99
6 2 38 98
6 2 39 5
8 2 39 9
3 2 39 16
3 3 39 47
1 2 39 52
7 2 39 53
3 2 39 53
8 4 39 82
3 3 39 83
6 2 39 97
7 2 39 97
4 3 38 97
4 2 40 20
6 2 40 36
2 3 40 37
3 2 40 37
4 2 40 52
3 2 40 52
1 2 40 63
3 2 40 63
5 2 40 70
2 2 40 70
7 2 40 70
8 3 40 70
7 2 39 71
1 2 39 70
6 2 38 71
5 2 40 77
5 4 40 82
3 2 40 82
7 2 39 83
1 2 39 82
6 2 39 83
1 2 39 83
5 3 40 82
3 2 40 87
6 2 40 87
6 4 40 100
2 2 39 100
5 4 40 99
4 2 40 100
2 2 40 99
4 4 41 5
7 2 41 8
3 2 41 20
7 2 41 23
5 2 41 64
1 2 41 65
8 3 41 89
6 4 42 2
3 2 42 1
5 3 42 7
5 2 42 21
3 2 42 58
4 2 42 71
6 2 42 76
7 2 42 82
4 2 42 82
2 5 42 88
5 4 41 88
1 2 40 88
6 2 42 96
2 2 43 1
8 2 43 1
7 2 43 1
5 2 43 4
4 2 43 36
7 2 43 41
3 2 43 84
4 2 43 84
1 2 43 87
2 2 43 98
6 2 44 1
8 2 44 2
3 2 44 5
1 2 44 4
8 3 44 7
3 2 44 28
4 3 44 45
5 2 44 46
7 2 43 46
5 2 43 46
6 2 43 45
2 3 43 45
8 2 44 45
6 2 43 45
7 3 43 45
5 2 43 46
1 2 44 50
2 7 44 71
5 2 44 70
7 2 44 84
7 2 44 94
4 2 44 97
8 3 43 97
5 2 43 96
3 2 43 97
5 2 44 98
6 2 45 5
1 3 45 7
4 2 45 7
3 4 45 7
8 2 45 8
5 2 45 83
8 3 45 83
5 2 45 98
2 3 45 99
1 2 46 55
2 2 46 90
3 2 47 3
1 2 48 72
5 3 48 83
5 2 49 5
2 3 49 5
1 2 49 71
3 2 48 71
5 2 49 90
6 2 50 28
8 2 51 1
1 2 51 28
4 2 50 28
3 2 50 28
7 2 50 28
6 2 50 29
8 4 51 71
4 2 51 83
7 2 51 84
8 2 51 83
6 3 50 83
2 2 51 90
4 2 52 90
4 2 53 29
3 2 53 73
7 2 52 73
2 2 53 90
2 2 54 83
5 2 54 84
6 2 55 1
3 2 55 83
2 2 56 29
8 2 58 1
3 2 60 1
1 2 60 1
5 2 60 29
2 2 59 29
