6978
2319
5 3 1 2
8 2 1 3
8 2 1 5
4 2 1 7
8 3 1 9
5 2 1 10
4 2 1 9
2 2 1 8
4 2 1 14
4 2 1 20
7 2 1 19
8 3 1 19
1 2 1 18
5 4 1 19
1 2 1 25
2 2 1 36
1 3 1 39
7 2 1 43
4 3 1 48
1 2 1 50
6 2 1 50
5 2 1 56
1 2 1 57
5 2 1 58
8 2 1 57
2 2 1 57
6 2 1 58
4 3 1 68
8 2 1 76
1 2 1 88
4 2 1 92
3 2 1 91
6 2 1 93
7 2 1 95
2 5 1 97
8 2 1 99
1 2 2 1
4 2 1 2
1 2 2 4
3 2 2 5
1 2 2 7
4 2 2 6
6 2 1 7
1 2 2 9
6 2 1 9
8 2 2 9
7 2 2 20
1 2 2 28
4 3 2 35
8 2 2 34
3 2 2 37
7 5 2 37
4 3 2 41
7 2 2 40
1 2 2 39
7 2 2 45
1 4 2 48
6 4 1 48
8 3 1 48
7 2 2 56
2 3 2 56
2 3 2 62
6 2 1 63
1 3 2 62
7 2 2 63
8 2 2 64
1 3 1 64
8 2 1 64
7 3 2 67
2 2 1 68
8 2 2 73
2 2 1 73
4 3 2 77
6 2 2 81
7 3 2 80
2 2 2 85
8 2 2 90
6 2 2 95
8 2 2 99
4 4 3 4
7 2 3 4
6 2 3 4
4 2 3 4
3 2 3 5
5 2 3 11
7 5 3 11
6 2 3 10
1 2 3 11
2 2 3 11
3 2 2 11
8 4 3 13
6 2 3 13
5 2 3 14
7 2 3 14
4 3 2 14
8 2 2 14
6 2 1 14
7 2 1 14
1 2 1 13
8 2 2 15
4 2 2 14
3 3 1 15
8 2 1 14
2 2 2 13
3 2 1 13
3 2 3 17
1 2 2 17
2 3 2 16
7 2 3 17
5 3 2 18
6 3 3 26
8 4 2 26
6 3 3 27
2 2 3 26
4 2 3 27
5 2 3 30
2 3 3 40
3 6 2 40
8 2 2 41
4 3 3 41
1 3 3 40
6 2 3 46
2 4 3 55
5 2 3 58
7 2 3 61
5 4 3 62
4 2 2 63
1 2 3 64
3 2 3 63
8 2 3 62
5 2 2 63
4 3 3 62
7 3 2 64
1 2 2 63
5 2 2 63
8 3 2 63
2 2 2 64
3 2 2 63
2 2 3 61
7 2 3 63
4 2 3 66
1 2 3 66
3 2 3 67
5 2 3 69
6 3 3 77
1 2 3 81
5 2 3 81
6 2 3 82
1 2 3 83
4 3 3 83
1 2 3 83
1 2 3 86
2 2 3 88
1 2 3 89
3 2 3 94
6 2 3 97
3 2 3 99
7 3 2 99
3 4 1 99
4 2 3 98
8 2 4 7
6 3 3 8
8 3 4 11
3 4 4 12
7 2 4 11
1 3 3 11
8 4 3 11
4 2 4 13
6 2 4 16
2 2 4 20
7 2 4 22
1 3 4 28
3 2 3 28
7 2 2 28
1 3 2 28
6 2 2 28
7 4 4 29
2 2 3 29
1 2 4 33
3 3 4 32
8 2 3 32
1 6 2 32
8 2 4 34
5 2 4 33
6 2 4 38
7 3 4 42
6 2 4 45
4 2 4 47
1 2 4 47
7 2 4 46
8 2 3 46
3 3 3 45
4 2 3 44
1 3 4 46
6 2 4 54
8 3 4 54
3 4 3 54
5 2 3 53
4 2 4 58
8 2 4 60
1 2 4 66
8 2 4 66
3 9 4 66
6 6 4 67
8 3 4 66
3 3 4 67
7 2 3 67
3 2 3 67
5 2 4 69
1 2 3 69
7 3 4 69
8 2 4 69
3 2 4 69
3 2 4 80
8 2 3 80
5 3 4 82
2 2 4 83
1 2 4 85
6 2 4 91
4 2 5 2
3 2 5 1
5 2 5 1
1 3 5 2
7 4 5 1
8 2 4 3
4 2 5 3
6 4 5 4
3 4 4 4
5 3 5 4
5 3 5 11
8 2 5 15
5 2 4 15
4 2 5 16
5 2 5 20
1 2 5 25
5 2 5 24
7 2 5 25
8 3 5 34
2 2 5 41
5 3 5 41
1 2 5 41
4 3 5 43
1 5 4 43
7 3 5 46
3 2 5 53
2 2 5 62
5 2 5 64
7 2 5 66
6 2 5 77
4 2 5 76
8 2 5 76
1 2 5 75
2 2 5 75
5 2 5 78
8 2 4 78
1 2 5 80
5 2 4 80
7 4 5 82
6 2 5 83
6 3 5 93
4 2 5 92
7 2 5 95
1 2 6 3
4 2 6 5
1 2 6 9
4 2 5 10
3 5 6 8
6 2 6 7
1 2 6 9
2 3 6 17
4 2 6 18
1 6 5 19
6 2 6 19
2 2 5 20
8 2 5 20
5 2 5 19
4 2 5 19
5 11 5 19
6 2 4 19
2 2 4 18
2 3 5 18
3 3 5 19
4 4 5 18
1 2 6 17
6 2 6 19
1 3 6 19
6 3 6 24
7 3 6 25
2 3 6 25
3 5 5 25
4 2 6 26
6 2 5 26
1 3 6 27
6 2 6 28
2 2 6 27
5 4 6 35
4 2 6 41
4 2 6 44
7 5 6 47
4 2 5 47
6 2 4 47
8 2 4 47
1 2 4 47
4 2 4 46
5 2 4 45
8 4 4 45
4 4 6 47
5 2 6 47
1 2 6 56
5 2 6 58
4 2 6 58
6 2 5 59
7 2 6 60
3 2 6 59
5 3 6 59
6 2 6 61
2 2 6 61
3 2 6 61
1 2 6 64
6 2 6 64
5 3 6 69
6 4 6 83
4 2 6 82
1 2 6 85
5 2 6 84
8 2 6 90
7 3 5 90
4 2 6 92
2 3 5 92
6 3 7 5
6 3 7 17
6 3 7 23
5 2 7 26
7 3 7 26
8 2 7 32
7 2 7 34
6 4 6 35
4 2 6 34
2 2 6 35
2 3 7 35
7 2 7 37
3 7 7 39
2 2 7 40
6 2 7 39
7 2 7 39
3 2 7 51
6 2 7 50
3 2 7 53
4 2 7 52
1 2 7 51
5 2 6 51
1 3 7 56
2 2 7 56
1 4 7 56
7 2 6 56
5 4 6 55
6 2 5 56
8 2 6 54
8 2 7 56
5 2 7 55
4 2 7 60
2 2 7 60
1 3 6 60
4 2 6 59
7 2 7 61
5 2 7 61
3 4 7 62
8 4 7 70
4 2 6 71
7 2 6 70
2 3 5 70
6 3 5 69
8 2 6 70
1 3 7 77
1 2 7 84
8 3 6 84
7 2 6 84
5 2 6 84
4 2 7 83
2 4 7 82
6 3 7 89
2 2 7 98
7 3 6 99
1 2 6 98
4 2 8 3
3 4 7 4
1 3 7 3
3 2 8 3
7 2 8 6
5 3 8 12
8 2 7 14
2 2 8 13
3 2 8 13
1 2 8 12
6 2 8 14
6 2 8 20
2 4 8 21
5 3 8 22
2 2 8 35
7 2 8 35
4 2 8 37
7 2 8 41
6 4 8 40
7 2 8 42
2 2 8 42
1 2 7 42
3 2 8 42
8 2 7 43
8 2 8 45
3 2 8 46
8 2 8 49
4 3 8 59
7 3 8 66
6 2 8 69
4 2 7 69
3 2 8 68
2 2 8 78
2 2 8 86
1 2 8 98
8 2 8 99
8 5 9 2
4 2 9 5
2 2 9 14
1 3 9 14
8 6 9 16
3 2 9 24
7 2 9 26
5 2 9 30
1 2 8 31
1 2 9 35
6 2 8 35
3 2 8 34
8 2 9 35
1 2 9 41
4 5 8 42
1 2 8 43
4 2 7 43
1 3 6 43
6 4 7 42
2 2 8 42
7 3 8 42
4 2 8 43
5 2 9 43
8 2 9 54
1 2 9 55
3 2 9 56
2 2 9 56
8 3 8 56
7 2 8 56
2 2 7 56
6 3 6 56
4 2 7 57
8 2 9 60
1 3 8 60
4 2 8 60
6 2 8 60
7 2 9 61
3 2 8 61
6 2 8 61
7 3 8 60
8 2 9 62
1 3 9 68
7 2 8 69
1 2 8 69
7 2 8 69
2 7 8 68
5 2 9 71
4 3 9 79
2 2 8 81
5 2 9 80
3 3 8 80
1 2 8 79
6 2 8 79
7 5 8 78
8 2 7 80
2 2 8 78
8 4 7 78
4 2 8 80
7 2 9 76
5 3 9 76
8 2 9 76
5 2 9 76
4 2 9 77
4 2 9 80
8 2 9 86
3 2 8 87
7 3 9 93
2 2 10 3
5 2 9 3
7 3 9 4
1 3 10 8
5 2 10 8
6 3 10 8
7 2 9 8
3 2 9 8
4 2 9 8
6 3 9 7
5 2 10 12
1 2 10 12
5 2 10 22
8 3 9 23
7 3 10 26
1 3 9 27
6 3 10 29
8 2 10 33
2 2 10 35
5 2 9 35
7 2 10 35
8 2 10 36
5 2 10 41
7 2 10 43
6 2 10 48
4 2 10 53
5 2 10 54
2 2 10 56
5 2 10 63
8 2 10 64
3 4 10 64
4 4 10 63
1 2 9 64
8 2 9 64
7 2 10 66
8 2 10 67
7 2 9 68
5 2 9 68
8 2 10 68
5 2 10 72
1 2 10 74
7 2 10 76
8 2 10 84
7 4 10 84
1 3 10 85
7 6 10 85
3 2 10 86
6 3 9 86
6 3 10 94
5 2 10 96
3 2 10 96
5 4 10 96
4 3 10 99
2 2 11 4
2 3 11 13
5 4 11 12
6 3 11 10
7 2 11 9
8 2 11 10
8 3 11 13
1 3 10 14
2 2 11 14
4 2 11 15
3 2 11 15
2 2 11 16
7 2 11 18
4 5 11 21
7 2 11 20
1 3 11 20
2 2 11 23
7 2 11 30
4 2 10 31
7 4 10 31
2 6 11 35
1 2 10 36
4 2 11 40
8 2 11 40
6 2 11 39
2 3 11 43
5 3 11 45
7 3 11 45
5 2 11 51
8 5 11 52
6 4 10 52
3 3 11 54
2 2 11 57
8 4 10 57
3 2 11 72
4 3 11 84
1 2 11 86
2 4 11 87
5 2 10 87
8 3 10 88
5 5 11 89
1 2 10 89
4 2 11 96
1 3 10 97
6 2 12 3
7 3 11 3
5 2 12 5
5 2 12 13
6 2 12 21
5 3 12 21
8 2 12 32
5 2 12 31
2 2 12 31
4 3 12 30
6 2 12 32
5 2 12 31
1 4 12 38
6 2 12 39
5 3 12 39
4 2 11 40
1 3 12 40
7 2 12 40
3 4 12 42
6 2 12 46
1 2 12 45
7 2 12 45
1 2 12 48
6 2 11 48
2 2 12 47
4 2 12 47
2 2 12 51
4 2 12 51
3 2 12 54
2 2 12 54
7 3 12 55
8 2 12 72
5 3 11 72
2 3 11 72
4 2 12 73
3 3 11 73
6 2 12 76
3 3 11 76
3 2 12 78
7 2 12 78
5 2 12 83
6 2 12 85
3 2 12 86
8 2 12 87
3 2 11 88
4 3 12 88
5 2 11 89
2 3 12 93
3 4 12 95
5 3 12 96
7 2 12 96
6 2 11 97
3 2 11 97
4 2 13 2
6 2 13 11
1 3 13 14
8 3 12 14
1 2 11 14
1 2 12 14
5 3 13 15
6 2 13 17
1 2 13 19
6 2 13 21
6 2 13 23
2 4 13 24
1 2 13 26
3 3 13 25
8 2 13 25
6 2 13 29
7 2 12 29
3 5 12 30
8 3 11 30
5 2 13 29
4 2 13 34
8 2 13 34
6 2 13 36
7 2 13 35
1 2 13 42
2 3 13 50
5 2 13 50
2 2 13 50
1 2 13 51
3 3 13 53
4 3 12 54
3 2 13 55
1 2 13 54
8 3 12 54
7 3 13 55
5 2 13 54
2 2 13 56
8 2 12 56
3 2 13 55
1 2 13 58
4 2 13 58
2 2 13 59
5 2 13 61
6 2 13 64
3 2 13 66
6 3 13 67
2 3 13 67
5 2 12 67
1 3 11 67
4 2 12 67
4 2 13 66
1 2 13 66
4 2 13 71
5 2 13 70
1 3 13 72
5 6 13 72
7 2 13 72
8 2 13 74
7 2 12 74
1 2 13 73
3 2 13 79
7 2 13 79
8 2 13 83
5 4 13 83
1 2 13 84
4 2 13 92
1 2 13 99
5 2 13 99
8 2 13 98
7 2 14 5
4 2 14 6
6 3 13 7
2 4 14 7
8 3 13 8
1 2 14 13
8 2 14 23
6 2 14 23
7 2 14 25
5 3 13 25
7 3 14 30
7 2 14 37
2 2 14 37
5 3 14 37
3 6 13 37
1 2 13 40
5 4 12 40
8 2 14 38
8 2 14 42
1 2 14 41
6 3 14 45
2 4 14 44
7 2 13 44
6 4 14 43
3 4 14 43
4 2 14 51
1 3 14 54
5 5 14 55
6 4 14 56
3 3 14 55
8 2 14 57
3 3 14 62
8 2 13 62
4 3 13 63
5 2 14 61
2 2 13 61
6 3 14 62
7 3 14 61
1 2 13 61
3 2 13 62
7 3 13 62
4 2 12 62
6 3 14 69
1 2 13 69
4 3 13 68
8 3 12 68
4 2 12 68
5 2 12 68
8 2 13 68
3 2 13 71
3 2 14 69
8 2 14 71
4 2 14 72
5 5 14 73
8 3 14 73
6 2 14 83
2 2 14 87
5 2 14 86
3 2 13 86
7 2 14 85
1 4 14 88
5 3 14 89
4 2 13 90
6 2 12 90
2 2 12 89
3 2 14 91
4 2 14 90
7 3 13 91
2 2 14 92
8 3 14 93
2 2 14 95
5 2 14 98
4 2 14 100
4 2 15 2
1 4 15 7
7 2 15 14
2 2 15 15
3 3 14 15
1 4 15 19
8 3 15 20
5 3 14 20
2 2 15 21
7 2 14 21
4 3 14 20
8 3 15 33
3 2 15 33
7 4 14 33
4 2 14 33
7 2 15 42
7 5 15 53
8 2 15 54
1 3 15 55
6 5 15 55
4 3 15 58
1 3 15 63
8 5 14 64
2 2 15 64
4 4 15 65
1 2 15 67
6 2 15 66
1 2 15 65
7 2 15 65
7 2 15 69
6 3 14 70
2 5 13 70
8 2 12 70
3 2 14 69
5 2 14 69
1 2 13 69
2 2 15 68
6 2 14 68
4 2 15 68
3 2 15 76
3 2 16 4
2 4 16 5
4 3 16 6
5 2 16 8
1 3 16 7
5 3 16 6
3 3 15 6
7 2 16 6
2 2 16 7
7 2 16 12
4 3 16 16
8 3 16 21
5 2 16 21
7 2 16 31
1 2 16 37
2 2 16 37
8 3 16 37
5 3 16 39
5 2 16 44
2 2 16 46
1 2 16 45
5 4 16 48
4 3 16 52
5 3 16 51
1 2 16 50
6 3 16 49
8 2 15 49
1 4 16 48
6 2 16 47
7 3 16 47
3 3 16 47
3 2 16 49
8 2 16 54
5 3 16 55
1 2 16 61
5 2 16 62
6 2 16 63
4 2 15 63
3 2 15 62
8 2 16 61
1 4 16 64
8 2 16 64
3 4 16 66
4 3 16 66
2 2 15 66
3 2 15 66
8 5 16 69
3 2 16 72
4 2 16 75
2 2 16 78
4 2 16 79
5 2 15 80
7 2 16 79
3 2 16 80
2 3 16 84
8 2 16 84
3 2 16 86
5 2 16 87
7 2 15 87
2 2 16 86
7 2 16 85
8 2 16 89
1 2 15 89
4 2 16 93
7 2 15 93
1 2 15 93
7 4 16 94
5 3 15 95
4 2 16 97
6 2 16 98
8 3 15 99
7 3 16 98
8 2 17 7
6 3 17 11
2 2 17 14
6 3 16 15
6 2 17 27
2 2 17 27
4 2 17 29
3 2 16 29
2 2 17 31
4 3 17 33
8 6 17 34
5 4 17 35
8 3 17 35
1 2 17 38
5 2 17 40
6 2 17 44
2 2 17 45
1 2 17 46
7 2 17 46
8 2 16 47
5 2 17 53
6 3 16 53
7 2 16 53
1 3 17 53
6 2 17 54
8 2 16 54
8 2 17 54
1 2 17 54
5 2 17 55
2 2 16 55
1 2 15 55
6 2 16 56
4 2 16 56
3 3 16 56
6 2 17 56
7 2 17 57
4 5 17 57
8 3 16 57
5 2 16 57
7 2 15 58
3 3 14 58
2 2 16 57
1 3 15 57
6 2 17 63
4 2 16 63
1 3 16 62
6 2 16 63
7 6 15 63
2 5 14 63
5 4 14 62
4 2 13 62
6 2 14 62
1 2 14 61
4 2 14 60
6 2 15 64
7 2 16 60
7 3 16 63
1 2 16 63
2 2 17 61
1 3 17 71
3 3 17 71
7 2 16 71
4 3 16 70
5 3 15 71
2 2 16 69
7 2 15 70
6 2 16 72
4 2 16 73
5 3 17 78
1 2 17 81
3 3 17 87
6 2 16 88
1 3 17 87
6 2 17 88
3 2 17 87
8 2 17 89
3 2 17 92
8 4 17 95
1 3 17 100
2 2 18 3
2 3 18 7
4 6 18 6
1 2 17 6
2 2 17 5
5 2 17 5
6 2 17 4
5 2 18 5
4 4 18 5
1 3 17 5
5 2 18 11
1 2 18 16
6 2 18 17
1 2 17 18
8 3 18 17
7 2 18 17
2 4 17 18
5 2 17 17
4 2 18 18
5 4 18 18
6 4 17 18
3 4 16 18
7 2 16 17
4 2 15 17
1 2 16 18
5 5 17 17
7 2 17 19
4 2 18 16
8 2 18 18
5 2 18 28
6 3 18 29
1 2 18 38
3 4 18 37
8 4 18 37
2 3 18 38
3 3 17 39
7 2 18 43
8 2 17 44
2 2 18 54
5 2 18 53
2 2 17 53
5 2 16 53
4 2 18 54
3 2 18 57
1 2 18 57
1 2 18 60
7 2 18 63
5 2 18 64
2 3 18 66
5 2 18 66
7 2 18 70
6 2 18 69
1 2 18 68
8 3 17 68
7 4 17 67
2 2 17 67
5 6 18 76
4 2 18 78
8 4 17 78
6 2 18 78
3 2 18 86
2 3 17 87
8 2 18 91
6 2 17 91
7 3 18 98
5 2 17 98
8 2 19 7
2 3 19 11
5 4 19 12
3 2 19 13
8 2 19 12
7 2 19 18
1 4 19 18
6 2 18 18
1 2 17 18
2 3 17 18
1 2 17 18
6 2 19 18
5 4 18 19
4 2 17 19
3 3 19 18
7 2 18 18
3 2 18 17
8 2 18 18
6 2 19 23
7 2 19 22
1 2 18 23
2 2 19 35
3 3 19 36
7 2 19 43
1 2 19 44
2 2 19 49
7 3 18 49
3 2 19 51
7 2 18 52
1 2 19 52
8 8 19 52
4 2 19 51
5 2 18 51
6 4 19 50
2 2 18 52
2 2 19 49
1 2 19 53
6 5 19 53
1 2 19 57
4 3 19 57
6 3 19 67
1 2 18 68
5 3 19 67
8 2 19 74
6 2 19 75
5 2 19 75
4 2 19 76
5 2 19 79
2 2 18 80
1 2 19 81
2 2 19 82
5 2 19 84
2 2 19 84
6 2 18 84
1 2 18 83
8 2 18 84
7 2 18 83
1 3 19 84
4 2 19 92
7 2 18 93
3 3 19 94
4 3 18 95
6 3 18 94
4 3 19 95
3 2 18 95
8 3 18 94
2 2 18 94
6 2 19 95
2 4 19 95
3 2 20 5
6 2 20 6
7 2 20 9
7 3 20 17
8 3 20 18
3 2 19 18
1 2 19 19
6 2 20 35
5 5 19 35
4 3 19 35
1 2 20 35
5 3 19 35
1 2 20 39
4 2 20 39
7 2 20 47
6 2 20 47
2 2 20 48
4 2 19 48
1 2 19 47
1 2 20 46
7 2 20 51
8 3 20 50
1 2 20 65
5 2 20 79
4 2 21 10
8 3 21 10
1 2 20 10
8 4 21 13
1 3 21 14
2 2 21 15
6 3 21 30
6 3 21 34
7 2 20 34
8 2 21 37
4 2 20 37
7 2 21 45
2 3 21 46
2 2 21 52
4 2 20 52
7 2 21 52
6 2 20 52
7 2 21 52
2 2 20 52
8 2 21 52
1 2 21 61
6 3 21 60
3 3 21 65
2 2 21 71
3 2 21 72
4 2 21 80
7 2 21 83
4 4 20 83
3 2 20 84
4 2 20 84
3 2 21 89
7 2 20 89
6 2 21 89
8 2 21 88
5 4 20 88
4 2 20 89
6 2 20 88
3 3 19 88
1 3 20 88
2 3 19 89
4 2 19 89
5 2 18 89
4 2 17 89
8 2 19 88
6 3 19 88
2 2 21 86
6 2 21 88
7 5 21 90
4 2 21 97
6 2 21 97
8 3 21 97
4 2 21 98
2 2 21 97
1 2 20 98
6 2 21 97
7 2 21 98
6 2 22 8
1 3 22 10
7 2 22 11
3 3 22 17
5 2 22 16
1 2 22 16
2 2 22 16
4 3 22 15
6 3 22 14
7 2 22 16
8 2 21 16
1 2 21 15
2 2 21 15
4 2 22 15
1 2 21 15
7 3 22 16
2 3 22 15
8 2 22 14
5 3 21 15
3 4 21 15
4 3 20 16
1 2 20 17
7 2 21 16
1 3 21 15
4 3 22 26
8 3 21 26
7 3 22 25
6 2 21 25
2 2 21 27
4 2 21 26
7 3 22 26
6 3 22 27
2 2 22 28
8 2 22 29
4 2 22 28
7 2 22 28
5 3 21 28
3 2 21 27
5 2 20 27
2 2 20 26
2 3 21 26
1 2 20 26
5 2 19 26
7 3 18 26
1 2 20 26
7 2 20 26
4 4 19 26
4 2 21 27
3 2 22 30
4 2 21 30
8 2 22 39
4 2 22 38
7 2 22 38
2 2 21 39
5 2 22 37
6 3 22 41
8 3 22 46
7 3 21 47
5 3 21 48
8 3 20 48
1 5 20 48
2 2 21 47
7 3 20 48
6 2 21 46
3 3 21 49
1 4 21 48
4 2 22 51
1 2 21 51
5 4 20 51
7 2 22 54
1 5 22 54
6 2 21 54
6 3 22 51
8 2 21 51
3 2 21 51
7 3 21 51
6 3 21 50
7 2 22 59
5 2 22 59
3 3 22 62
4 3 21 62
8 2 20 62
6 2 20 62
2 2 21 62
1 2 22 62
8 2 21 62
3 2 20 62
5 2 19 62
1 2 18 62
3 3 18 61
8 2 17 62
6 2 18 62
5 2 17 62
6 2 20 63
5 3 21 63
8 2 21 62
3 3 20 62
6 2 21 61
7 2 20 61
2 2 22 68
7 4 22 83
1 3 22 85
5 2 22 85
2 2 22 86
3 2 21 86
4 2 21 86
8 4 20 87
5 3 20 86
8 2 21 86
4 4 22 86
1 2 22 85
8 2 22 86
5 2 22 88
6 4 22 87
7 3 21 88
6 4 23 2
1 3 22 2
3 3 23 7
7 2 22 9
3 2 22 9
1 2 22 9
5 3 21 9
7 2 23 10
6 3 22 10
1 2 22 10
6 2 22 10
7 2 22 9
6 3 23 14
8 2 23 16
3 2 23 16
6 2 23 16
8 2 23 16
5 8 23 15
7 4 23 14
2 2 23 15
3 2 22 15
2 2 23 23
8 2 23 25
5 2 23 33
4 2 22 33
7 3 23 33
6 2 22 33
7 2 23 43
2 2 22 44
5 3 22 43
6 2 23 45
1 2 23 51
4 2 23 55
5 2 22 55
4 2 21 55
2 2 23 63
2 5 23 65
2 3 23 72
7 2 23 73
1 3 22 73
7 2 22 72
4 3 21 72
6 2 21 71
1 2 20 71
5 2 22 72
6 2 22 71
8 2 22 74
7 3 23 70
4 2 22 70
3 3 22 70
7 2 23 70
7 3 23 78
6 3 23 79
8 2 23 79
8 4 23 95
4 4 22 96
6 2 23 96
8 6 22 96
1 2 24 4
7 2 24 5
2 2 24 4
5 3 24 4
7 2 24 10
4 2 24 14
8 2 24 16
2 2 24 16
8 3 24 16
4 2 24 17
5 3 24 33
1 3 24 38
5 2 24 41
4 2 24 40
2 2 24 40
1 2 23 41
5 3 24 45
1 3 23 45
7 2 24 49
2 2 24 50
4 2 24 52
3 4 24 56
6 3 24 57
7 2 24 57
7 2 24 73
5 7 24 77
4 2 23 78
3 2 24 82
1 2 24 84
4 3 23 85
2 3 23 84
4 2 23 84
5 3 23 85
8 2 23 85
2 3 23 84
7 4 22 85
6 2 21 85
1 3 20 85
3 4 20 86
6 3 20 85
5 2 21 86
4 2 21 86
7 2 22 87
3 3 21 87
7 2 21 86
4 3 21 87
3 4 23 83
7 2 23 86
6 4 22 86
7 2 23 86
3 3 23 86
6 2 23 86
2 2 24 93
3 2 24 94
4 2 25 1
5 2 24 1
8 5 24 1
3 2 24 1
6 2 24 1
1 2 25 14
7 2 25 16
3 2 25 20
3 2 25 25
2 2 25 26
3 2 25 26
8 7 25 29
6 2 25 30
1 4 25 30
5 2 25 29
8 2 25 29
4 2 24 29
1 3 24 28
2 3 23 29
4 2 23 28
7 3 24 28
3 2 24 28
2 2 23 29
1 2 22 29
5 3 22 29
5 4 25 27
4 2 25 33
6 5 25 34
2 2 25 34
3 3 24 34
2 2 23 34
4 2 25 35
1 3 24 35
6 2 25 37
1 3 25 38
4 2 25 38
2 2 25 41
8 2 25 41
1 2 25 45
4 3 25 59
1 2 25 63
3 2 25 70
5 2 25 74
4 2 25 74
3 3 25 76
2 2 24 77
6 2 25 77
3 2 24 77
7 3 24 77
2 2 25 75
4 2 24 76
7 2 25 74
3 2 25 76
4 2 25 78
4 3 25 83
2 2 25 82
2 3 25 87
6 2 25 91
7 3 25 90
3 3 25 90
2 2 26 2
5 2 26 3
2 2 26 3
1 2 26 4
4 2 26 9
5 3 26 9
1 2 25 9
8 2 26 8
3 2 26 15
1 3 26 16
3 3 25 16
7 2 26 17
6 2 26 23
2 2 26 24
4 3 26 27
1 5 25 27
3 10 26 37
7 2 26 36
2 2 25 37
1 3 25 37
8 2 24 38
2 3 23 38
3 2 24 38
2 4 26 44
6 2 26 52
5 3 26 52
6 2 26 67
8 3 25 67
2 3 25 66
6 3 25 68
2 2 25 68
5 3 25 67
4 2 24 69
4 2 26 67
7 3 25 67
7 2 26 67
5 2 25 67
1 2 26 68
7 3 26 71
3 4 25 72
3 3 26 98
4 2 25 98
3 2 25 98
5 2 25 99
6 4 25 100
2 2 25 100
1 2 24 100
4 2 24 99
8 2 24 99
5 2 23 100
1 2 24 99
7 3 24 98
6 2 23 98
3 2 24 97
7 2 23 97
2 3 24 98
8 2 23 98
2 2 23 97
3 2 23 98
5 2 24 98
8 2 24 99
1 2 23 99
2 2 24 98
3 3 24 97
4 2 23 98
1 2 24 99
6 2 26 96
8 3 27 1
5 4 27 10
6 3 27 13
3 2 27 19
5 3 27 21
4 2 27 24
1 5 27 24
4 2 27 32
2 2 26 32
5 2 26 31
8 2 27 34
1 3 26 34
2 2 27 34
3 2 27 33
7 2 27 36
4 4 27 41
7 2 27 55
6 2 27 63
3 2 27 69
1 3 27 68
3 2 27 75
6 2 26 75
7 2 27 75
6 2 27 77
2 2 27 80
1 2 27 84
2 4 26 84
6 5 26 84
5 2 26 85
4 5 27 83
1 2 26 85
3 3 26 85
2 2 26 86
2 2 27 84
1 2 27 85
3 2 27 84
5 2 27 84
1 2 27 85
7 2 27 88
8 2 27 92
5 2 27 92
3 2 27 96
8 2 27 97
5 2 27 97
6 3 28 4
7 2 28 5
6 5 28 5
8 2 28 14
6 2 28 19
3 4 28 19
8 2 28 21
4 3 28 26
3 2 27 26
5 3 27 25
7 2 27 24
2 3 27 23
3 2 26 23
4 3 26 23
1 2 26 22
1 3 27 24
3 2 27 25
4 2 27 25
2 2 28 21
7 3 28 28
1 2 28 34
5 4 27 35
6 2 28 34
8 2 28 33
3 2 28 32
7 2 27 32
5 2 28 34
8 2 27 35
5 2 28 35
7 2 28 38
3 2 28 41
3 9 28 44
8 3 28 43
2 2 28 44
1 2 27 45
6 4 28 46
7 3 28 50
4 3 28 50
3 2 28 51
7 2 28 54
7 2 28 57
3 2 27 57
5 2 28 59
6 2 27 60
3 2 28 76
4 2 28 79
7 2 28 78
1 3 28 79
3 3 27 79
4 4 27 79
5 2 28 80
8 3 28 83
1 4 28 87
3 4 27 88
7 3 27 86
5 2 28 87
8 2 28 89
4 2 27 89
7 2 28 90
1 4 27 91
2 2 28 98
3 2 28 99
8 2 27 99
4 2 27 98
7 2 27 97
6 2 27 98
2 2 29 4
7 4 28 5
5 2 28 4
7 2 29 20
7 4 29 24
4 3 29 25
2 2 29 26
1 4 29 28
5 2 29 28
3 4 28 29
5 2 29 26
1 2 29 28
5 3 29 28
5 3 29 32
6 3 29 38
4 2 29 45
2 2 29 47
7 4 28 48
4 2 29 47
1 2 29 50
6 2 29 49
5 2 29 51
4 2 29 55
2 2 29 57
8 2 29 59
1 2 29 60
2 2 29 63
3 2 29 67
4 2 29 69
6 3 28 69
1 2 28 68
4 2 28 68
8 2 29 70
1 3 29 71
2 3 28 71
6 2 29 72
8 2 28 72
2 2 29 71
8 3 29 81
7 2 29 87
8 2 29 88
3 3 29 88
4 6 29 87
5 2 28 89
2 4 27 89
3 4 28 87
8 2 29 88
8 3 29 90
8 3 29 94
4 2 29 94
5 2 30 1
8 2 30 4
6 2 29 4
4 2 30 3
2 2 30 3
1 3 30 3
6 3 30 2
5 2 30 2
2 2 30 12
7 4 30 25
6 2 30 25
2 2 30 29
7 2 30 37
8 2 30 36
5 2 30 56
7 3 30 60
1 2 30 64
5 3 30 64
5 3 30 67
7 2 30 69
7 2 30 79
3 4 29 79
8 2 28 79
2 2 28 78
2 2 29 77
8 3 29 78
7 2 29 77
1 3 29 79
4 2 30 79
1 3 30 89
3 3 30 95
6 2 29 95
5 2 30 97
2 2 31 3
4 2 31 8
8 4 31 10
6 2 31 9
8 7 31 13
1 3 31 12
7 2 31 21
4 2 30 21
8 2 30 22
5 3 31 23
7 2 31 29
4 2 31 32
6 2 31 33
1 2 31 34
5 3 31 42
5 2 31 47
2 4 31 50
4 4 31 49
6 2 31 50
7 2 31 51
2 3 31 56
3 2 31 55
5 3 31 55
3 2 31 64
7 2 31 66
3 2 31 73
1 2 31 73
2 3 31 73
6 3 31 73
6 2 31 87
5 2 30 87
5 2 31 89
8 2 30 89
3 2 29 89
6 2 30 89
5 2 30 89
3 3 30 89
8 2 31 91
7 2 31 91
2 2 31 93
7 2 31 93
5 2 31 92
4 2 31 94
1 3 31 94
3 2 32 1
1 2 32 6
6 2 32 5
7 2 32 5
6 2 32 5
5 2 32 4
8 3 31 4
8 3 32 7
7 2 32 19
1 2 32 19
6 3 31 20
3 2 31 20
4 4 31 20
5 3 32 27
3 2 32 30
7 7 32 30
8 3 31 32
3 2 30 32
6 2 32 32
3 2 32 32
5 2 32 33
3 2 32 39
5 4 32 47
7 3 31 48
7 2 32 48
6 3 32 49
8 2 32 49
4 2 32 49
2 3 31 49
4 2 32 51
2 2 32 54
8 3 31 54
2 2 32 54
3 3 32 53
7 2 32 77
4 2 32 81
8 3 32 81
7 2 32 87
7 2 32 90
8 2 32 91
5 2 32 92
1 2 31 92
8 3 31 92
7 2 32 98
5 2 32 100
4 3 33 3
8 4 33 5
2 2 32 5
6 2 33 16
4 2 32 17
6 2 31 17
7 2 31 17
3 2 33 15
7 5 33 14
6 2 32 15
1 2 33 15
6 2 33 20
4 2 33 28
7 2 33 28
1 2 33 29
6 2 33 29
6 2 33 37
3 3 33 37
4 2 33 41
8 4 33 41
6 3 33 42
1 2 33 43
7 3 33 44
5 2 33 46
4 2 33 45
7 4 33 49
8 5 33 57
3 2 32 58
5 4 31 58
2 2 30 58
1 2 30 58
7 2 30 57
6 2 29 57
4 3 32 57
5 3 32 58
2 3 32 58
4 2 31 58
1 2 30 58
6 2 33 66
7 2 33 71
2 2 33 72
3 2 33 72
6 3 33 76
2 2 33 81
4 2 33 92
7 2 33 92
8 2 33 91
6 2 33 90
5 5 33 92
8 2 33 100
1 2 32 100
4 2 33 99
6 2 34 1
7 2 34 2
6 2 33 3
8 2 34 20
1 2 34 21
5 2 34 31
7 2 34 30
2 2 34 30
1 2 34 30
5 3 34 30
3 2 34 29
1 3 33 29
8 7 32 29
6 2 32 29
1 2 31 29
4 2 31 30
2 2 31 29
6 2 33 27
2 3 32 28
1 2 32 28
3 4 32 28
7 2 34 30
5 2 33 30
8 2 34 32
1 2 34 39
4 4 34 39
8 2 34 39
5 2 34 38
2 2 34 42
5 2 34 46
6 2 34 54
3 3 34 59
8 2 34 64
4 2 34 74
7 2 34 75
5 2 34 75
2 2 34 81
7 8 34 98
7 4 35 1
3 2 35 10
2 2 35 9
8 2 35 10
7 3 35 10
3 2 35 24
6 2 35 30
2 2 35 38
1 2 35 39
4 2 35 43
3 2 35 75
4 2 34 75
1 2 34 75
2 3 34 74
5 3 34 74
2 2 34 75
3 2 34 76
8 2 33 76
5 2 35 74
3 2 35 75
1 3 35 75
4 3 35 76
3 3 34 76
7 2 35 75
2 4 35 76
7 2 34 77
1 3 35 82
6 2 35 94
6 3 36 13
4 2 36 17
3 2 36 20
2 3 35 20
4 3 35 20
7 2 36 20
7 3 36 36
3 2 36 36
8 3 36 50
1 4 36 53
2 2 36 60
1 2 36 66
1 2 36 70
6 2 36 70
5 2 36 70
4 3 36 73
2 2 35 74
8 4 34 74
4 3 34 74
1 3 33 74
3 2 35 74
4 2 36 74
6 2 35 74
5 2 34 74
2 3 34 74
6 3 34 73
1 2 35 75
7 2 36 81
4 3 36 81
4 2 36 93
1 2 36 99
6 2 37 9
2 3 37 9
8 2 36 10
5 3 36 9
1 3 37 10
4 4 37 10
3 3 37 13
4 2 36 13
4 2 37 13
5 2 37 12
6 3 37 37
4 2 36 37
5 3 36 38
4 4 37 38
8 2 37 41
3 2 37 42
7 2 37 41
6 3 36 41
7 2 35 41
4 2 35 40
3 2 36 39
7 2 36 38
5 6 36 41
6 3 35 41
8 2 36 42
1 2 36 43
3 3 35 43
5 2 36 42
2 3 35 42
1 2 34 42
5 3 33 42
1 2 33 41
3 2 32 41
8 2 32 40
6 2 31 40
2 2 30 40
5 2 30 40
7 2 29 41
4 3 33 42
6 3 33 42
7 2 32 42
8 2 32 42
3 2 32 43
5 3 32 42
6 2 36 44
1 2 37 39
6 2 37 40
2 2 37 39
1 2 37 39
6 5 36 39
2 2 37 46
7 4 37 51
6 4 37 58
7 2 37 58
4 2 37 57
4 2 37 60
2 3 37 61
3 2 37 65
1 2 37 80
3 2 37 80
4 2 37 90
6 2 37 100
8 2 37 99
2 4 36 99
7 2 37 98
7 2 38 3
3 2 38 7
2 3 38 11
5 3 38 10
3 3 37 11
6 3 37 10
4 3 36 11
7 3 36 10
2 2 35 10
3 2 35 10
1 3 35 11
7 2 36 11
5 4 38 9
7 2 38 8
8 2 37 8
3 3 38 21
1 2 38 25
5 2 37 25
1 3 38 30
5 2 38 31
6 3 38 31
3 6 37 31
5 3 37 30
7 2 38 30
7 4 38 45
6 2 38 45
1 2 38 45
8 2 37 45
6 2 38 46
7 3 38 45
2 2 38 48
5 2 38 49
7 3 38 49
6 2 38 49
8 2 38 70
4 2 38 77
1 3 37 77
8 2 37 77
3 3 38 79
7 4 38 91
1 2 38 93
3 2 38 93
4 2 38 93
5 2 37 93
7 2 37 93
1 2 37 92
2 3 36 92
5 2 37 92
2 8 39 1
5 2 38 2
3 2 37 2
6 3 39 6
8 2 39 11
6 2 39 12
4 3 39 23
6 2 39 22
8 2 39 25
1 3 39 32
4 2 39 31
8 2 39 31
2 3 39 53
3 2 39 64
8 2 39 64
7 3 38 65
4 2 39 70
7 4 39 70
1 2 38 70
3 2 38 70
5 2 37 70
5 4 39 72
7 2 39 73
2 2 39 74
2 2 39 91
4 3 39 90
7 3 39 91
1 2 38 91
8 2 39 94
3 2 39 96
8 2 40 3
5 3 40 3
8 4 40 3
8 3 40 45
4 2 39 46
3 2 40 46
7 2 40 71
3 2 39 72
8 3 39 71
1 2 39 71
2 2 40 72
2 2 40 77
5 2 39 78
6 3 40 79
4 2 39 79
8 3 39 79
5 3 38 79
4 3 40 90
5 3 40 91
7 3 41 1
8 2 41 3
7 2 41 3
3 2 41 21
5 2 41 24
7 4 40 24
1 2 40 23
4 5 39 23
1 2 39 22
2 2 40 21
7 2 41 22
2 3 41 33
7 2 41 36
4 2 41 44
1 2 40 44
8 4 41 45
5 3 41 49
7 2 41 50
2 3 41 49
4 2 40 51
8 2 41 61
7 2 41 60
6 3 40 60
1 2 40 60
3 3 40 61
2 4 41 74
7 2 41 75
4 2 41 80
8 2 41 83
3 2 41 82
4 2 41 82
1 2 41 90
2 2 41 91
7 2 41 93
5 2 41 97
7 2 41 97
1 2 41 100
2 2 40 100
5 2 40 100
6 2 40 99
7 2 42 3
4 3 42 3
5 2 41 4
4 2 42 8
6 2 42 12
7 2 42 20
4 3 41 20
8 3 42 23
7 3 42 33
1 3 42 38
8 2 42 76
1 2 42 76
4 2 42 77
5 2 42 80
6 2 42 93
7 2 42 93
3 2 42 92
5 4 42 93
4 3 42 93
3 2 41 94
2 2 41 93
1 2 42 100
8 3 43 1
8 2 43 36
5 2 42 36
6 2 41 36
1 3 41 36
8 2 42 36
1 5 43 44
3 2 42 44
8 2 43 53
2 2 43 71
4 2 43 82
1 2 43 82
6 2 43 93
3 2 42 93
1 2 43 100
6 4 44 1
7 2 44 13
1 2 44 13
3 2 43 13
4 2 43 13
1 2 42 13
2 2 41 13
4 2 41 12
6 2 44 21
5 2 44 21
7 2 44 21
4 2 43 22
7 3 42 22
6 2 42 21
8 2 41 21
6 2 44 21
4 5 43 22
2 2 42 22
7 3 43 21
3 3 42 22
8 2 42 21
2 2 41 21
2 2 43 23
6 2 44 22
5 2 44 23
4 2 44 24
7 3 43 24
3 3 43 24
8 3 43 23
5 2 43 23
1 2 44 31
5 3 44 49
2 3 44 60
4 2 44 65
3 2 43 65
6 3 42 65
3 2 44 77
5 2 44 90
6 2 43 90
4 2 43 91
8 2 44 93
2 2 45 1
4 2 45 7
1 2 45 8
6 2 45 31
8 3 44 31
7 2 45 50
5 2 45 50
4 2 44 50
5 2 45 50
6 3 44 50
4 2 45 75
2 3 45 74
1 2 45 81
5 2 45 91
1 2 45 95
2 2 45 96
5 2 45 96
2 2 46 6
3 2 45 6
5 2 45 6
5 2 46 8
7 2 46 25
1 2 45 25
7 2 44 25
5 2 46 32
2 2 46 79
3 3 46 97
7 2 45 97
5 4 46 96
2 2 47 82
3 2 47 83
2 2 48 1
2 2 48 6
1 3 48 22
7 2 47 23
3 2 48 66
6 2 48 82
6 2 49 6
2 2 49 6
7 2 49 22
4 2 49 36
2 2 49 59
4 3 48 59
3 3 47 59
6 3 49 92
2 2 50 34
7 2 50 53
2 2 50 94
2 6 51 6
8 3 51 6
4 2 51 59
6 2 52 59
8 2 52 94
7 2 52 95
7 2 53 81
1 3 52 82
7 2 53 81
7 2 54 59
8 2 55 65
4 2 56 36
1 3 56 90
5 2 57 65
8 2 58 81
2 2 57 81
8 2 59 1
4 2 59 12
8 3 58 12
7 2 61 82
6 2 63 82
