3910
2568
4 2 2500 1
1 2 2499 1
8 2 2498 1
6 2 2497 1
4 2 2496 1
1 2 2495 1
3 2 2494 1
7 3 2493 1
1 2 2492 1
8 3 2491 1
3 2 2490 1
7 3 2489 1
8 2 2488 1
2 3 2487 1
4 4 2486 1
6 2 2485 1
3 2 2484 1
6 2 2483 1
3 2 2482 1
7 3 2481 1
4 2 2480 1
2 2 2479 1
8 2 2478 1
3 2 2477 1
1 2 2476 1
4 2 2475 1
7 2 2474 1
4 2 2473 1
3 2 2472 1
5 2 2471 1
8 2 2470 1
4 2 2469 1
7 3 2468 1
4 2 2467 1
2 2 2466 1
8 2 2465 1
3 2 2464 1
8 2 2463 1
3 2 2462 1
8 2 2461 1
3 2 2460 1
4 2 2459 1
3 3 2458 1
7 2 2457 1
6 2 2456 1
1 2 2455 1
7 2 2454 1
2 2 2453 1
3 2 2452 1
8 3 2451 1
6 2 2450 1
8 3 2449 1
6 2 2448 1
1 2 2447 1
3 2 2446 1
8 2 2445 1
6 2 2444 1
1 2 2443 1
2 2 2442 1
6 2 2441 1
8 2 2440 1
6 2 2439 1
5 3 2438 1
2 2 2437 1
5 2 2436 1
6 2 2435 1
1 2 2434 1
8 2 2433 1
4 2 2432 1
6 3 2431 1
1 2 2430 1
5 3 2429 1
1 2 2428 1
7 3 2427 1
6 3 2426 1
5 2 2425 1
4 2 2424 1
8 3 2423 1
5 2 2422 1
6 2 2421 1
4 2 2420 1
3 2 2419 1
6 2 2418 1
7 2 2417 1
5 2 2416 1
3 2 2415 1
6 2 2414 1
3 2 2413 1
5 2 2412 1
8 2 2411 1
4 2 2410 1
1 2 2409 1
5 2 2408 1
7 2 2407 1
5 3 2406 1
2 2 2405 1
8 3 2404 1
3 3 2403 1
5 2 2402 1
6 2 2401 1
4 2 2400 1
3 2 2399 1
2 2 2398 1
3 2 2397 1
1 3 2396 1
3 2 2395 1
1 2 2394 1
4 2 2393 1
5 2 2392 1
1 2 2391 1
5 2 2390 1
2 2 2389 1
6 2 2388 1
3 2 2387 1
8 2 2386 1
7 3 2385 1
1 2 2384 1
8 3 2383 1
1 2 2382 1
2 2 2381 1
7 2 2380 1
4 2 2379 1
1 2 2378 1
2 2 2377 1
4 2 2376 1
6 2 2375 1
7 2 2374 1
3 3 2373 1
2 2 2372 1
6 2 2371 1
1 2 2370 1
5 2 2369 1
7 2 2368 1
5 2 2367 1
2 2 2366 1
1 2 2365 1
5 2 2364 1
3 2 2363 1
6 2 2362 1
5 3 2361 1
4 2 2360 1
3 2 2359 1
5 2 2358 1
6 2 2357 1
8 2 2356 1
7 3 2355 1
5 2 2354 1
3 2 2353 1
6 2 2352 1
5 2 2351 1
8 2 2350 1
2 2 2349 1
7 2 2348 1
8 2 2347 1
1 2 2346 1
3 2 2345 1
1 2 2344 1
7 3 2343 1
8 2 2342 1
6 2 2341 1
5 2 2340 1
2 2 2339 1
8 3 2338 1
6 2 2337 1
8 3 2336 1
5 2 2335 1
3 2 2334 1
7 2 2333 1
4 2 2332 1
7 2 2331 1
1 3 2330 1
5 2 2329 1
2 2 2328 1
1 2 2327 1
2 3 2326 1
3 3 2325 1
6 3 2324 1
8 2 2323 1
2 2 2322 1
1 2 2321 1
5 2 2320 1
7 2 2319 1
1 2 2318 1
8 2 2317 1
5 2 2316 1
2 2 2315 1
5 2 2314 1
3 2 2313 1
4 2 2312 1
1 2 2311 1
3 2 2310 1
2 2 2309 1
1 3 2308 1
3 3 2307 1
2 2 2306 1
5 2 2305 1
1 2 2304 1
8 3 2303 1
3 2 2302 1
2 2 2301 1
3 2 2300 1
2 3 2299 1
7 2 2298 1
3 2 2297 1
4 2 2296 1
2 2 2295 1
5 2 2294 1
3 2 2293 1
1 2 2292 1
7 2 2291 1
3 3 2290 1
1 2 2289 1
7 2 2288 1
4 2 2287 1
6 2 2286 1
3 2 2285 1
8 2 2284 1
3 2 2283 1
8 2 2282 1
1 2 2281 1
7 2 2280 1
2 2 2279 1
8 2 2278 1
2 2 2277 1
3 2 2276 1
2 2 2275 1
6 2 2274 1
2 2 2273 1
8 2 2272 1
4 2 2271 1
2 2 2270 1
7 2 2269 1
8 2 2268 1
1 2 2267 1
6 3 2266 1
7 3 2265 1
8 2 2264 1
1 3 2263 1
2 2 2262 1
8 3 2261 1
6 2 2260 1
8 2 2259 1
4 2 2258 1
5 2 2257 1
2 2 2256 1
1 2 2255 1
5 2 2254 1
8 2 2253 1
1 2 2252 1
2 3 2251 1
6 2 2250 1
2 2 2249 1
7 2 2248 1
6 2 2247 1
5 2 2246 1
7 2 2245 1
2 2 2244 1
3 2 2243 1
1 3 2242 1
7 2 2241 1
5 2 2240 1
7 2 2239 1
5 3 2238 1
2 2 2237 1
5 2 2236 1
8 3 2235 1
3 2 2234 1
7 3 2233 1
2 3 2232 1
1 2 2231 1
8 2 2230 1
7 2 2229 1
2 2 2228 1
8 2 2227 1
3 2 2226 1
8 2 2225 1
2 2 2224 1
5 2 2223 1
7 2 2222 1
6 3 2221 1
3 2 2220 1
6 2 2219 1
1 2 2218 1
5 2 2217 1
3 2 2216 1
6 2 2215 1
7 2 2214 1
3 2 2213 1
6 2 2212 1
5 2 2211 1
6 2 2210 1
3 2 2209 1
1 2 2208 1
4 2 2207 1
8 2 2206 1
1 2 2205 1
6 2 2204 1
3 2 2203 1
1 2 2202 1
7 2 2201 1
4 2 2200 1
5 2 2199 1
6 2 2198 1
1 2 2197 1
7 2 2196 1
1 2 2195 1
3 2 2194 1
2 2 2193 1
5 2 2192 1
2 2 2191 1
1 2 2190 1
5 2 2189 1
2 2 2188 1
3 2 2187 1
5 2 2186 1
6 3 2185 1
2 2 2184 1
8 2 2183 1
6 2 2182 1
3 2 2181 1
4 2 2180 1
5 2 2179 1
2 2 2178 1
5 2 2177 1
4 2 2176 1
1 2 2175 1
3 2 2174 1
5 2 2173 1
4 2 2172 1
6 2 2171 1
5 3 2170 1
4 2 2169 1
5 2 2168 1
6 2 2167 1
3 2 2166 1
4 3 2165 1
5 2 2164 1
8 2 2163 1
6 3 2162 1
7 2 2161 1
5 2 2160 1
2 2 2159 1
7 3 2158 1
2 2 2157 1
7 2 2156 1
8 2 2155 1
3 3 2154 1
7 2 2153 1
4 2 2152 1
2 3 2151 1
8 3 2150 1
1 2 2149 1
5 3 2148 1
3 2 2147 1
2 2 2146 1
5 2 2145 1
7 2 2144 1
3 3 2143 1
4 2 2142 1
7 2 2141 1
2 2 2140 1
6 2 2139 1
7 2 2138 1
4 2 2137 1
7 2 2136 1
6 2 2135 1
2 2 2134 1
1 2 2133 1
4 2 2132 1
7 2 2131 1
1 2 2130 1
4 2 2129 1
1 2 2128 1
5 2 2127 1
4 2 2126 1
5 2 2125 1
3 3 2124 1
8 2 2123 1
6 3 2122 1
2 2 2121 1
3 2 2120 1
4 2 2119 1
6 2 2118 1
8 2 2117 1
1 2 2116 1
3 2 2115 1
1 2 2114 1
3 2 2113 1
2 2 2112 1
4 2 2111 1
2 2 2110 1
6 2 2109 1
7 2 2108 1
6 2 2107 1
2 2 2106 1
1 2 2105 1
8 2 2104 1
6 2 2103 1
1 3 2102 1
6 2 2101 1
7 2 2100 1
4 2 2099 1
6 2 2098 1
3 2 2097 1
1 3 2096 1
5 2 2095 1
2 2 2094 1
7 3 2093 1
4 2 2092 1
3 2 2091 1
2 3 2090 1
1 4 2089 1
7 2 2088 1
5 2 2087 1
3 3 2086 1
5 2 2085 1
3 2 2084 1
1 2 2083 1
7 2 2082 1
1 3 2081 1
4 2 2080 1
6 2 2079 1
3 2 2078 1
8 2 2077 1
4 2 2076 1
5 2 2075 1
7 2 2074 1
6 2 2073 1
1 2 2072 1
5 2 2071 1
7 2 2070 1
6 2 2069 1
4 2 2068 1
3 2 2067 1
4 2 2066 1
6 2 2065 1
4 2 2064 1
5 2 2063 1
4 2 2062 1
6 2 2061 1
4 2 2060 1
2 2 2059 1
3 2 2058 1
1 2 2057 1
6 2 2056 1
5 2 2055 1
1 2 2054 1
5 2 2053 1
6 2 2052 1
3 3 2051 1
8 2 2050 1
3 2 2049 1
7 2 2048 1
2 2 2047 1
7 3 2046 1
6 2 2045 1
2 2 2044 1
6 2 2043 1
2 2 2042 1
1 3 2041 1
4 2 2040 1
6 3 2039 1
3 2 2038 1
2 2 2037 1
1 3 2036 1
6 2 2035 1
3 2 2034 1
6 3 2033 1
7 2 2032 1
3 2 2031 1
7 2 2030 1
1 2 2029 1
8 2 2028 1
3 2 2027 1
7 3 2026 1
2 2 2025 1
5 2 2024 1
4 2 2023 1
3 2 2022 1
2 2 2021 1
3 2 2020 1
6 2 2019 1
7 2 2018 1
5 2 2017 1
4 2 2016 1
8 2 2015 1
6 3 2014 1
5 3 2013 1
4 2 2012 1
6 2 2011 1
7 2 2010 1
5 2 2009 1
3 3 2008 1
6 2 2007 1
7 2 2006 1
1 2 2005 1
7 2 2004 1
5 2 2003 1
3 3 2002 1
7 2 2001 1
6 2 2000 1
3 2 1999 1
2 3 1998 1
6 2 1997 1
5 2 1996 1
8 2 1995 1
4 2 1994 1
7 3 1993 1
4 2 1992 1
1 2 1991 1
2 2 1990 1
4 2 1989 1
3 2 1988 1
7 2 1987 1
4 2 1986 1
7 2 1985 1
2 3 1984 1
7 2 1983 1
6 2 1982 1
4 2 1981 1
8 2 1980 1
6 3 1979 1
3 2 1978 1
4 2 1977 1
2 2 1976 1
1 3 1975 1
3 2 1974 1
7 3 1973 1
5 2 1972 1
7 2 1971 1
5 2 1970 1
8 2 1969 1
7 2 1968 1
1 2 1967 1
4 2 1966 1
3 3 1965 1
8 4 1964 1
3 2 1963 1
5 2 1962 1
7 3 1961 1
3 2 1960 1
1 2 1959 1
8 2 1958 1
6 3 1957 1
1 2 1956 1
2 2 1955 1
7 2 1954 1
3 2 1953 1
7 2 1952 1
4 2 1951 1
5 2 1950 1
3 2 1949 1
5 2 1948 1
4 2 1947 1
3 2 1946 1
7 2 1945 1
3 3 1944 1
5 2 1943 1
3 2 1942 1
5 3 1941 1
8 2 1940 1
7 2 1939 1
4 3 1938 1
3 2 1937 1
5 2 1936 1
7 2 1935 1
8 3 1934 1
1 2 1933 1
5 2 1932 1
3 2 1931 1
4 2 1930 1
3 2 1929 1
4 2 1928 1
1 2 1927 1
8 2 1926 1
7 2 1925 1
5 2 1924 1
7 2 1923 1
3 2 1922 1
2 2 1921 1
6 3 1920 1
2 2 1919 1
3 2 1918 1
4 2 1917 1
2 2 1916 1
7 3 1915 1
3 2 1914 1
4 3 1913 1
5 2 1912 1
4 2 1911 1
7 2 1910 1
5 2 1909 1
6 2 1908 1
7 2 1907 1
1 2 1906 1
2 2 1905 1
5 3 1904 1
6 2 1903 1
7 2 1902 1
3 2 1901 1
8 2 1900 1
3 2 1899 1
2 2 1898 1
1 2 1897 1
2 2 1896 1
5 3 1895 1
6 3 1894 1
7 2 1893 1
4 3 1892 1
1 2 1891 1
5 2 1890 1
3 2 1889 1
5 2 1888 1
2 2 1887 1
4 3 1886 1
2 2 1885 1
6 2 1884 1
4 2 1883 1
2 2 1882 1
7 2 1881 1
3 2 1880 1
5 2 1879 1
4 3 1878 1
3 2 1877 1
8 2 1876 1
3 3 1875 1
1 2 1874 1
2 2 1873 1
6 2 1872 1
2 2 1871 1
4 3 1870 1
7 2 1869 1
1 2 1868 1
6 3 1867 1
2 2 1866 1
8 2 1865 1
7 3 1864 1
3 2 1863 1
1 2 1862 1
3 2 1861 1
5 2 1860 1
7 2 1859 1
6 2 1858 1
1 3 1857 1
7 2 1856 1
4 2 1855 1
2 3 1854 1
3 2 1853 1
1 2 1852 1
6 2 1851 1
8 2 1850 1
3 3 1849 1
2 2 1848 1
3 2 1847 1
8 3 1846 1
4 4 1845 1
1 2 1844 1
5 2 1843 1
4 2 1842 1
2 2 1841 1
7 2 1840 1
3 2 1839 1
1 2 1838 1
5 2 1837 1
6 2 1836 1
4 2 1835 1
1 2 1834 1
3 3 1833 1
6 2 1832 1
3 2 1831 1
2 2 1830 1
5 2 1829 1
6 2 1828 1
4 2 1827 1
3 2 1826 1
5 2 1825 1
4 2 1824 1
6 3 1823 1
4 2 1822 1
6 2 1821 1
8 2 1820 1
4 2 1819 1
2 2 1818 1
1 2 1817 1
4 2 1816 1
8 3 1815 1
2 2 1814 1
3 2 1813 1
1 2 1812 1
3 2 1811 1
5 2 1810 1
8 2 1809 1
6 2 1808 1
8 2 1807 1
4 3 1806 1
8 2 1805 1
7 2 1804 1
1 3 1803 1
5 2 1802 1
4 2 1801 1
6 2 1800 1
8 2 1799 1
6 2 1798 1
8 2 1797 1
5 3 1796 1
7 2 1795 1
2 2 1794 1
7 2 1793 1
1 2 1792 1
2 3 1791 1
6 2 1790 1
7 2 1789 1
1 2 1788 1
6 2 1787 1
3 2 1786 1
2 3 1785 1
3 2 1784 1
8 2 1783 1
7 2 1782 1
6 2 1781 1
7 2 1780 1
4 2 1779 1
3 2 1778 1
8 3 1777 1
5 2 1776 1
7 2 1775 1
2 2 1774 1
8 2 1773 1
5 2 1772 1
4 3 1771 1
8 2 1770 1
4 2 1769 1
2 2 1768 1
6 3 1767 1
1 2 1766 1
8 2 1765 1
2 2 1764 1
6 2 1763 1
2 2 1762 1
5 2 1761 1
1 2 1760 1
6 2 1759 1
7 2 1758 1
3 2 1757 1
6 2 1756 1
2 2 1755 1
4 2 1754 1
1 2 1753 1
7 2 1752 1
6 2 1751 1
4 3 1750 1
5 2 1749 1
1 2 1748 1
7 2 1747 1
2 2 1746 1
8 2 1745 1
3 2 1744 1
1 2 1743 1
3 2 1742 1
4 3 1741 1
3 3 1740 1
1 2 1739 1
8 2 1738 1
4 2 1737 1
8 2 1736 1
7 2 1735 1
5 3 1734 1
7 2 1733 1
2 2 1732 1
8 2 1731 1
1 2 1730 1
7 2 1729 1
4 2 1728 1
5 2 1727 1
1 2 1726 1
3 3 1725 1
8 2 1724 1
6 2 1723 1
8 2 1722 1
5 3 1721 1
4 3 1720 1
1 2 1719 1
3 2 1718 1
1 2 1717 1
8 2 1716 1
1 2 1715 1
2 3 1714 1
8 2 1713 1
3 2 1712 1
2 2 1711 1
1 2 1710 1
8 3 1709 1
5 2 1708 1
1 2 1707 1
4 2 1706 1
3 3 1705 1
1 2 1704 1
5 2 1703 1
6 2 1702 1
8 2 1701 1
2 2 1700 1
3 2 1699 1
2 2 1698 1
1 2 1697 1
8 2 1696 1
4 3 1695 1
6 2 1694 1
3 2 1693 1
1 2 1692 1
3 2 1691 1
1 2 1690 1
8 2 1689 1
3 2 1688 1
1 2 1687 1
6 2 1686 1
1 2 1685 1
5 2 1684 1
7 3 1683 1
3 2 1682 1
2 2 1681 1
6 2 1680 1
3 2 1679 1
2 3 1678 1
7 2 1677 1
8 2 1676 1
2 2 1675 1
8 2 1674 1
5 2 1673 1
3 2 1672 1
5 2 1671 1
4 3 1670 1
1 2 1669 1
6 2 1668 1
2 2 1667 1
7 2 1666 1
6 2 1665 1
1 2 1664 1
3 3 1663 1
6 3 1662 1
1 3 1661 1
7 2 1660 1
8 2 1659 1
4 3 1658 1
5 2 1657 1
8 2 1656 1
1 2 1655 1
2 3 1654 1
8 3 1653 1
2 2 1652 1
8 2 1651 1
6 3 1650 1
4 2 1649 1
8 2 1648 1
3 2 1647 1
7 2 1646 1
1 2 1645 1
2 2 1644 1
4 2 1643 1
7 2 1642 1
1 2 1641 1
7 2 1640 1
3 2 1639 1
1 2 1638 1
5 2 1637 1
1 2 1636 1
4 2 1635 1
3 2 1634 1
8 2 1633 1
2 2 1632 1
6 3 1631 1
4 2 1630 1
8 2 1629 1
6 2 1628 1
7 2 1627 1
6 2 1626 1
2 2 1625 1
7 3 1624 1
8 2 1623 1
7 2 1622 1
6 2 1621 1
3 2 1620 1
4 2 1619 1
7 2 1618 1
5 2 1617 1
3 2 1616 1
8 2 1615 1
5 2 1614 1
8 3 1613 1
7 2 1612 1
3 2 1611 1
6 2 1610 1
2 3 1609 1
6 3 1608 1
1 2 1607 1
3 3 1606 1
4 2 1605 1
3 2 1604 1
4 2 1603 1
8 2 1602 1
7 2 1601 1
2 2 1600 1
8 3 1599 1
3 2 1598 1
1 3 1597 1
7 3 1596 1
3 2 1595 1
2 2 1594 1
3 2 1593 1
5 2 1592 1
6 2 1591 1
8 2 1590 1
6 2 1589 1
4 2 1588 1
5 2 1587 1
4 2 1586 1
6 2 1585 1
5 2 1584 1
4 3 1583 1
3 2 1582 1
4 2 1581 1
7 3 1580 1
4 2 1579 1
6 2 1578 1
7 2 1577 1
5 2 1576 1
8 2 1575 1
6 2 1574 1
7 2 1573 1
6 2 1572 1
8 2 1571 1
2 2 1570 1
7 2 1569 1
8 3 1568 1
1 2 1567 1
6 3 1566 1
3 2 1565 1
7 2 1564 1
3 2 1563 1
1 2 1562 1
3 2 1561 1
1 2 1560 1
4 3 1559 1
5 2 1558 1
1 2 1557 1
5 2 1556 1
4 2 1555 1
5 2 1554 1
6 2 1553 1
5 2 1552 1
7 2 1551 1
8 2 1550 1
4 3 1549 1
1 2 1548 1
8 2 1547 1
1 3 1546 1
3 2 1545 1
4 2 1544 1
1 2 1543 1
2 2 1542 1
8 2 1541 1
5 2 1540 1
2 2 1539 1
7 2 1538 1
1 2 1537 1
4 2 1536 1
3 2 1535 1
1 2 1534 1
8 2 1533 1
5 2 1532 1
4 2 1531 1
2 2 1530 1
8 2 1529 1
2 2 1528 1
3 2 1527 1
5 2 1526 1
3 3 1525 1
5 2 1524 1
1 3 1523 1
3 2 1522 1
4 2 1521 1
2 2 1520 1
7 2 1519 1
3 2 1518 1
4 2 1517 1
8 2 1516 1
4 3 1515 1
8 2 1514 1
5 2 1513 1
1 2 1512 1
4 2 1511 1
6 2 1510 1
7 2 1509 1
1 2 1508 1
8 3 1507 1
7 2 1506 1
1 2 1505 1
2 2 1504 1
3 2 1503 1
5 2 1502 1
4 2 1501 1
6 2 1500 1
2 3 1499 1
4 2 1498 1
8 2 1497 1
3 2 1496 1
5 3 1495 1
4 2 1494 1
5 2 1493 1
1 2 1492 1
6 2 1491 1
1 2 1490 1
3 2 1489 1
1 3 1488 1
7 3 1487 1
1 2 1486 1
8 2 1485 1
7 2 1484 1
1 2 1483 1
6 2 1482 1
5 2 1481 1
6 3 1480 1
4 2 1479 1
1 2 1478 1
2 2 1477 1
1 2 1476 1
3 2 1475 1
1 3 1474 1
6 3 1473 1
2 2 1472 1
4 2 1471 1
3 2 1470 1
4 2 1469 1
5 2 1468 1
8 3 1467 1
1 2 1466 1
8 2 1465 1
1 2 1464 1
6 2 1463 1
3 2 1462 1
2 2 1461 1
6 2 1460 1
3 2 1459 1
5 2 1458 1
7 2 1457 1
1 2 1456 1
2 2 1455 1
3 2 1454 1
7 2 1453 1
8 2 1452 1
1 2 1451 1
5 2 1450 1
8 2 1449 1
4 2 1448 1
1 2 1447 1
7 2 1446 1
6 2 1445 1
8 2 1444 1
5 2 1443 1
1 2 1442 1
6 2 1441 1
1 2 1440 1
8 2 1439 1
5 2 1438 1
2 3 1437 1
6 3 1436 1
8 2 1435 1
3 2 1434 1
1 2 1433 1
2 2 1432 1
7 2 1431 1
5 2 1430 1
6 2 1429 1
8 3 1428 1
5 3 1427 1
4 2 1426 1
8 2 1425 1
4 2 1424 1
2 2 1423 1
4 2 1422 1
5 3 1421 1
2 2 1420 1
5 3 1419 1
4 2 1418 1
6 2 1417 1
7 2 1416 1
4 3 1415 1
7 2 1414 1
8 3 1413 1
7 2 1412 1
3 2 1411 1
8 2 1410 1
4 3 1409 1
5 2 1408 1
8 2 1407 1
5 2 1406 1
2 2 1405 1
6 2 1404 1
1 2 1403 1
7 2 1402 1
6 3 1401 1
7 2 1400 1
1 2 1399 1
8 2 1398 1
1 3 1397 1
6 3 1396 1
5 2 1395 1
1 2 1394 1
7 2 1393 1
1 2 1392 1
4 3 1391 1
3 2 1390 1
2 2 1389 1
8 2 1388 1
6 3 1387 1
4 2 1386 1
5 2 1385 1
6 2 1384 1
4 2 1383 1
5 2 1382 1
2 3 1381 1
1 2 1380 1
5 3 1379 1
1 2 1378 1
2 2 1377 1
8 2 1376 1
2 2 1375 1
6 2 1374 1
7 2 1373 1
3 2 1372 1
4 3 1371 1
7 3 1370 1
3 3 1369 1
6 3 1368 1
1 2 1367 1
2 2 1366 1
7 2 1365 1
2 2 1364 1
8 2 1363 1
2 2 1362 1
5 2 1361 1
3 2 1360 1
8 2 1359 1
3 2 1358 1
7 2 1357 1
5 2 1356 1
8 2 1355 1
7 2 1354 1
5 2 1353 1
3 2 1352 1
2 2 1351 1
3 2 1350 1
8 3 1349 1
2 2 1348 1
4 2 1347 1
7 2 1346 1
2 2 1345 1
3 2 1344 1
6 2 1343 1
3 2 1342 1
5 2 1341 1
8 2 1340 1
6 3 1339 1
5 2 1338 1
3 3 1337 1
4 2 1336 1
5 2 1335 1
6 2 1334 1
7 2 1333 1
2 3 1332 1
8 2 1331 1
5 2 1330 1
8 2 1329 1
3 3 1328 1
5 2 1327 1
7 3 1326 1
1 2 1325 1
2 2 1324 1
1 2 1323 1
5 2 1322 1
1 2 1321 1
3 2 1320 1
1 3 1319 1
5 2 1318 1
8 3 1317 1
3 2 1316 1
7 2 1315 1
4 2 1314 1
2 2 1313 1
6 2 1312 1
4 3 1311 1
5 2 1310 1
6 2 1309 1
3 2 1308 1
2 3 1307 1
1 2 1306 1
3 3 1305 1
1 2 1304 1
2 3 1303 1
3 2 1302 1
4 2 1301 1
5 2 1300 1
7 3 1299 1
1 2 1298 1
6 2 1297 1
7 2 1296 1
4 3 1295 1
1 2 1294 1
6 2 1293 1
2 3 1292 1
5 2 1291 1
7 2 1290 1
4 3 1289 1
1 3 1288 1
8 2 1287 1
7 2 1286 1
3 2 1285 1
6 2 1284 1
1 2 1283 1
6 2 1282 1
7 2 1281 1
6 2 1280 1
2 2 1279 1
7 2 1278 1
1 3 1277 1
7 2 1276 1
4 3 1275 1
3 2 1274 1
2 2 1273 1
8 2 1272 1
3 2 1271 1
8 2 1270 1
6 2 1269 1
3 3 1268 1
4 2 1267 1
7 2 1266 1
4 2 1265 1
1 2 1264 1
6 3 1263 1
4 2 1262 1
1 2 1261 1
8 2 1260 1
1 2 1259 1
3 3 1258 1
4 2 1257 1
8 2 1256 1
1 3 1255 1
5 2 1254 1
7 2 1253 1
5 2 1252 1
4 2 1251 1
2 2 1250 1
6 3 1249 1
8 2 1248 1
4 2 1247 1
3 2 1246 1
8 3 1245 1
3 2 1244 1
7 2 1243 1
5 2 1242 1
4 2 1241 1
5 3 1240 1
8 2 1239 1
1 2 1238 1
8 3 1237 1
1 3 1236 1
2 2 1235 1
7 3 1234 1
1 3 1233 1
3 3 1232 1
5 2 1231 1
4 2 1230 1
2 2 1229 1
1 2 1228 1
8 2 1227 1
5 2 1226 1
3 2 1225 1
4 2 1224 1
2 2 1223 1
3 2 1222 1
1 3 1221 1
4 2 1220 1
3 2 1219 1
2 2 1218 1
3 2 1217 1
5 2 1216 1
4 2 1215 1
2 2 1214 1
6 2 1213 1
7 3 1212 1
4 2 1211 1
3 2 1210 1
5 3 1209 1
1 2 1208 1
3 2 1207 1
1 3 1206 1
5 2 1205 1
1 2 1204 1
6 3 1203 1
3 2 1202 1
7 2 1201 1
6 2 1200 1
5 3 1199 1
7 2 1198 1
5 2 1197 1
4 3 1196 1
2 2 1195 1
7 2 1194 1
4 2 1193 1
1 2 1192 1
4 3 1191 1
2 2 1190 1
1 2 1189 1
7 3 1188 1
3 2 1187 1
5 3 1186 1
6 2 1185 1
7 2 1184 1
6 2 1183 1
3 2 1182 1
8 2 1181 1
6 2 1180 1
5 2 1179 1
7 2 1178 1
4 3 1177 1
5 2 1176 1
1 2 1175 1
6 2 1174 1
4 3 1173 1
3 2 1172 1
4 2 1171 1
5 3 1170 1
6 2 1169 1
5 3 1168 1
1 2 1167 1
2 2 1166 1
1 2 1165 1
2 2 1164 1
3 2 1163 1
4 2 1162 1
5 2 1161 1
2 2 1160 1
7 2 1159 1
3 2 1158 1
4 2 1157 1
2 2 1156 1
1 2 1155 1
8 2 1154 1
1 2 1153 1
6 2 1152 1
2 2 1151 1
4 2 1150 1
2 3 1149 1
1 2 1148 1
4 2 1147 1
7 2 1146 1
3 2 1145 1
5 2 1144 1
4 3 1143 1
3 2 1142 1
7 2 1141 1
4 2 1140 1
5 2 1139 1
1 2 1138 1
4 2 1137 1
1 2 1136 1
2 2 1135 1
7 2 1134 1
5 2 1133 1
4 2 1132 1
3 2 1131 1
2 2 1130 1
8 2 1129 1
2 2 1128 1
5 2 1127 1
3 2 1126 1
8 2 1125 1
3 3 1124 1
6 2 1123 1
2 2 1122 1
1 3 1121 1
5 3 1120 1
2 2 1119 1
5 3 1118 1
7 2 1117 1
2 2 1116 1
7 2 1115 1
8 2 1114 1
5 2 1113 1
6 2 1112 1
1 2 1111 1
7 2 1110 1
2 2 1109 1
3 2 1108 1
7 2 1107 1
5 2 1106 1
4 2 1105 1
2 3 1104 1
8 2 1103 1
3 3 1102 1
6 2 1101 1
5 2 1100 1
8 2 1099 1
2 2 1098 1
6 2 1097 1
7 2 1096 1
1 2 1095 1
7 2 1094 1
3 2 1093 1
5 2 1092 1
3 3 1091 1
1 2 1090 1
5 2 1089 1
2 2 1088 1
4 2 1087 1
3 2 1086 1
7 2 1085 1
4 2 1084 1
3 2 1083 1
7 3 1082 1
3 2 1081 1
1 2 1080 1
6 2 1079 1
1 2 1078 1
3 2 1077 1
8 2 1076 1
7 3 1075 1
6 2 1074 1
3 2 1073 1
1 2 1072 1
6 2 1071 1
5 2 1070 1
2 2 1069 1
1 2 1068 1
2 2 1067 1
4 2 1066 1
8 2 1065 1
3 2 1064 1
8 2 1063 1
4 3 1062 1
8 2 1061 1
6 2 1060 1
4 2 1059 1
8 2 1058 1
2 2 1057 1
4 2 1056 1
7 3 1055 1
5 2 1054 1
4 2 1053 1
2 2 1052 1
3 2 1051 1
2 3 1050 1
1 4 1049 1
6 3 1048 1
1 2 1047 1
6 2 1046 1
2 2 1045 1
3 2 1044 1
7 2 1043 1
4 3 1042 1
6 2 1041 1
8 3 1040 1
5 3 1039 1
3 2 1038 1
7 2 1037 1
2 2 1036 1
4 2 1035 1
1 2 1034 1
5 3 1033 1
1 2 1032 1
5 2 1031 1
2 2 1030 1
4 3 1029 1
8 3 1028 1
4 2 1027 1
3 2 1026 1
8 3 1025 1
5 2 1024 1
2 2 1023 1
4 2 1022 1
6 2 1021 1
8 3 1020 1
6 2 1019 1
5 2 1018 1
8 2 1017 1
3 3 1016 1
6 2 1015 1
5 2 1014 1
1 2 1013 1
4 2 1012 1
6 2 1011 1
1 3 1010 1
6 2 1009 1
4 3 1008 1
6 3 1007 1
7 2 1006 1
8 3 1005 1
5 2 1004 1
8 2 1003 1
7 2 1002 1
8 3 1001 1
1 3 1000 1
8 2 999 1
3 2 998 1
4 2 997 1
3 2 996 1
5 2 995 1
6 2 994 1
7 3 993 1
4 2 992 1
1 2 991 1
6 2 990 1
1 2 989 1
3 2 988 1
2 2 987 1
4 3 986 1
3 2 985 1
6 3 984 1
5 2 983 1
7 2 982 1
5 2 981 1
3 3 980 1
4 2 979 1
3 2 978 1
6 2 977 1
3 2 976 1
6 2 975 1
7 2 974 1
1 3 973 1
2 2 972 1
4 2 971 1
1 2 970 1
6 2 969 1
1 3 968 1
4 2 967 1
5 3 966 1
4 2 965 1
8 2 964 1
7 3 963 1
2 2 962 1
6 2 961 1
3 2 960 1
2 2 959 1
7 2 958 1
3 3 957 1
8 2 956 1
4 2 955 1
8 2 954 1
6 2 953 1
1 2 952 1
7 2 951 1
2 2 950 1
7 2 949 1
6 2 948 1
8 2 947 1
2 2 946 1
5 3 945 1
6 2 944 1
5 2 943 1
6 2 942 1
3 3 941 1
4 2 940 1
7 2 939 1
4 2 938 1
7 2 937 1
3 2 936 1
6 2 935 1
2 2 934 1
1 2 933 1
5 2 932 1
4 2 931 1
7 2 930 1
5 2 929 1
1 2 928 1
6 3 927 1
2 2 926 1
4 2 925 1
6 2 924 1
4 2 923 1
3 3 922 1
5 2 921 1
2 2 920 1
8 3 919 1
1 3 918 1
4 4 917 1
7 2 916 1
8 2 915 1
4 2 914 1
8 2 913 1
1 2 912 1
4 3 911 1
1 2 910 1
7 2 909 1
2 2 908 1
1 3 907 1
6 2 906 1
8 2 905 1
3 2 904 1
7 2 903 1
1 2 902 1
5 2 901 1
1 2 900 1
2 2 899 1
8 2 898 1
1 2 897 1
2 2 896 1
8 2 895 1
7 2 894 1
4 2 893 1
6 2 892 1
1 3 891 1
4 2 890 1
6 2 889 1
4 2 888 1
2 3 887 1
7 2 886 1
5 2 885 1
8 2 884 1
2 2 883 1
8 2 882 1
2 3 881 1
8 2 880 1
2 2 879 1
7 2 878 1
5 2 877 1
6 2 876 1
3 3 875 1
8 2 874 1
7 2 873 1
2 2 872 1
6 2 871 1
5 2 870 1
3 2 869 1
7 2 868 1
6 2 867 1
8 2 866 1
2 2 865 1
5 2 864 1
2 2 863 1
7 3 862 1
2 3 861 1
8 2 860 1
2 2 859 1
8 3 858 1
2 2 857 1
5 3 856 1
7 3 855 1
4 2 854 1
5 2 853 1
7 3 852 1
4 2 851 1
2 2 850 1
7 2 849 1
5 2 848 1
3 3 847 1
6 2 846 1
2 2 845 1
8 2 844 1
3 2 843 1
1 2 842 1
4 2 841 1
1 2 840 1
7 2 839 1
4 2 838 1
2 2 837 1
7 2 836 1
5 2 835 1
4 3 834 1
8 3 833 1
7 2 832 1
6 2 831 1
2 2 830 1
6 2 829 1
1 2 828 1
4 2 827 1
1 2 826 1
6 2 825 1
8 2 824 1
6 2 823 1
1 2 822 1
4 2 821 1
6 2 820 1
7 2 819 1
4 2 818 1
8 3 817 1
3 2 816 1
2 2 815 1
4 2 814 1
5 2 813 1
6 2 812 1
1 2 811 1
3 2 810 1
6 2 809 1
5 2 808 1
8 2 807 1
2 2 806 1
4 2 805 1
6 2 804 1
3 3 803 1
6 2 802 1
7 2 801 1
5 2 800 1
7 2 799 1
3 2 798 1
2 2 797 1
3 2 796 1
1 3 795 1
8 2 794 1
4 3 793 1
6 2 792 1
5 2 791 1
3 2 790 1
1 2 789 1
5 2 788 1
4 2 787 1
3 2 786 1
6 2 785 1
4 2 784 1
8 3 783 1
7 2 782 1
8 3 781 1
5 2 780 1
1 2 779 1
5 2 778 1
6 2 777 1
7 2 776 1
1 2 775 1
7 2 774 1
8 2 773 1
3 3 772 1
4 2 771 1
8 2 770 1
2 3 769 1
8 2 768 1
1 2 767 1
4 3 766 1
3 2 765 1
2 2 764 1
7 2 763 1
5 2 762 1
1 2 761 1
7 2 760 1
3 2 759 1
5 2 758 1
4 2 757 1
5 2 756 1
1 2 755 1
5 2 754 1
2 2 753 1
3 2 752 1
1 2 751 1
4 2 750 1
1 2 749 1
2 3 748 1
5 2 747 1
8 2 746 1
2 2 745 1
5 3 744 1
8 2 743 1
2 2 742 1
5 3 741 1
7 2 740 1
8 2 739 1
4 3 738 1
1 2 737 1
8 2 736 1
5 2 735 1
4 2 734 1
5 3 733 1
2 2 732 1
4 3 731 1
6 2 730 1
2 2 729 1
1 2 728 1
8 2 727 1
6 3 726 1
4 3 725 1
3 4 724 1
1 2 723 1
6 3 722 1
5 2 721 1
2 2 720 1
4 2 719 1
2 2 718 1
7 2 717 1
1 2 716 1
3 2 715 1
1 2 714 1
4 2 713 1
7 2 712 1
6 2 711 1
8 2 710 1
2 2 709 1
8 2 708 1
4 2 707 1
1 2 706 1
2 2 705 1
1 2 704 1
8 2 703 1
1 2 702 1
7 3 701 1
8 2 700 1
1 2 699 1
7 2 698 1
2 2 697 1
7 2 696 1
1 2 695 1
6 2 694 1
5 2 693 1
3 2 692 1
8 2 691 1
4 2 690 1
1 2 689 1
6 2 688 1
7 2 687 1
5 2 686 1
4 2 685 1
6 2 684 1
7 2 683 1
6 3 682 1
5 2 681 1
8 2 680 1
4 2 679 1
8 2 678 1
4 2 677 1
7 2 676 1
6 2 675 1
4 2 674 1
3 3 673 1
1 2 672 1
7 2 671 1
8 2 670 1
5 2 669 1
7 2 668 1
2 3 667 1
8 2 666 1
3 2 665 1
1 2 664 1
7 2 663 1
6 2 662 1
2 2 661 1
5 2 660 1
8 2 659 1
4 2 658 1
5 2 657 1
6 2 656 1
3 3 655 1
5 3 654 1
7 2 653 1
4 3 652 1
2 2 651 1
8 2 650 1
7 2 649 1
3 2 648 1
4 2 647 1
1 2 646 1
7 2 645 1
5 2 644 1
1 2 643 1
3 2 642 1
4 2 641 1
6 3 640 1
5 2 639 1
4 2 638 1
3 2 637 1
5 2 636 1
6 2 635 1
5 2 634 1
7 2 633 1
3 3 632 1
7 2 631 1
3 2 630 1
6 2 629 1
8 2 628 1
3 3 627 1
5 4 626 1
7 2 625 1
8 2 624 1
5 2 623 1
3 2 622 1
6 2 621 1
5 2 620 1
7 2 619 1
4 3 618 1
5 2 617 1
3 2 616 1
1 3 615 1
7 2 614 1
2 2 613 1
5 3 612 1
8 2 611 1
5 2 610 1
3 2 609 1
4 2 608 1
7 2 607 1
5 3 606 1
2 2 605 1
5 2 604 1
8 2 603 1
1 2 602 1
6 2 601 1
4 2 600 1
3 3 599 1
7 2 598 1
2 2 597 1
4 2 596 1
3 2 595 1
1 2 594 1
5 2 593 1
6 2 592 1
2 3 591 1
5 2 590 1
3 3 589 1
6 2 588 1
1 2 587 1
4 2 586 1
7 3 585 1
5 2 584 1
4 2 583 1
7 3 582 1
5 2 581 1
1 2 580 1
3 2 579 1
7 2 578 1
3 2 577 1
4 2 576 1
7 3 575 1
5 2 574 1
2 2 573 1
8 2 572 1
3 3 571 1
5 2 570 1
1 3 569 1
8 2 568 1
3 3 567 1
6 3 566 1
4 2 565 1
1 2 564 1
8 2 563 1
2 2 562 1
5 2 561 1
8 2 560 1
7 2 559 1
6 2 558 1
5 2 557 1
1 2 556 1
8 2 555 1
1 2 554 1
6 2 553 1
4 2 552 1
6 2 551 1
5 2 550 1
8 2 549 1
3 2 548 1
8 2 547 1
3 2 546 1
4 2 545 1
2 2 544 1
3 2 543 1
1 2 542 1
6 3 541 1
4 2 540 1
8 2 539 1
2 2 538 1
4 2 537 1
1 2 536 1
6 2 535 1
3 2 534 1
4 2 533 1
1 2 532 1
4 2 531 1
7 2 530 1
8 2 529 1
3 2 528 1
5 2 527 1
2 3 526 1
6 4 525 1
8 2 524 1
5 2 523 1
3 2 522 1
4 2 521 1
5 2 520 1
6 2 519 1
2 2 518 1
7 2 517 1
2 2 516 1
7 2 515 1
3 2 514 1
8 2 513 1
5 2 512 1
7 2 511 1
3 2 510 1
1 2 509 1
8 2 508 1
2 2 507 1
4 2 506 1
1 2 505 1
8 2 504 1
2 2 503 1
7 2 502 1
3 2 501 1
1 2 500 1
6 2 499 1
2 2 498 1
6 2 497 1
8 2 496 1
7 2 495 1
4 2 494 1
6 2 493 1
1 2 492 1
6 2 491 1
2 2 490 1
3 2 489 1
1 2 488 1
3 2 487 1
7 2 486 1
5 2 485 1
1 2 484 1
2 2 483 1
6 3 482 1
7 2 481 1
6 2 480 1
2 3 479 1
4 2 478 1
5 2 477 1
6 2 476 1
7 2 475 1
4 2 474 1
2 2 473 1
8 2 472 1
2 2 471 1
7 2 470 1
4 2 469 1
7 3 468 1
6 2 467 1
4 2 466 1
7 2 465 1
6 2 464 1
4 2 463 1
1 3 462 1
2 2 461 1
6 2 460 1
2 2 459 1
1 2 458 1
2 2 457 1
7 2 456 1
2 2 455 1
1 2 454 1
7 3 453 1
5 2 452 1
4 3 451 1
1 2 450 1
2 2 449 1
7 2 448 1
3 3 447 1
8 2 446 1
5 2 445 1
8 2 444 1
6 2 443 1
7 3 442 1
5 2 441 1
8 2 440 1
3 2 439 1
5 2 438 1
2 3 437 1
7 2 436 1
6 2 435 1
8 2 434 1
3 2 433 1
5 2 432 1
3 2 431 1
5 3 430 1
6 2 429 1
7 2 428 1
2 3 427 1
5 2 426 1
1 2 425 1
2 2 424 1
8 2 423 1
4 2 422 1
2 2 421 1
8 2 420 1
2 2 419 1
8 2 418 1
5 3 417 1
4 4 416 1
1 3 415 1
7 3 414 1
2 2 413 1
3 2 412 1
6 2 411 1
2 2 410 1
1 2 409 1
7 2 408 1
2 2 407 1
8 2 406 1
1 2 405 1
2 2 404 1
3 2 403 1
2 3 402 1
1 2 401 1
4 2 400 1
8 2 399 1
2 2 398 1
7 2 397 1
4 2 396 1
6 3 395 1
5 2 394 1
8 3 393 1
7 2 392 1
1 2 391 1
5 2 390 1
2 3 389 1
6 2 388 1
1 2 387 1
8 3 386 1
7 2 385 1
3 3 384 1
5 3 383 1
3 2 382 1
1 2 381 1
2 2 380 1
8 2 379 1
1 3 378 1
8 2 377 1
1 3 376 1
6 2 375 1
7 2 374 1
5 2 373 1
7 2 372 1
5 2 371 1
4 2 370 1
8 2 369 1
6 2 368 1
2 2 367 1
4 2 366 1
6 2 365 1
5 2 364 1
8 2 363 1
3 2 362 1
2 2 361 1
6 2 360 1
2 2 359 1
4 2 358 1
6 2 357 1
2 2 356 1
8 2 355 1
5 2 354 1
7 2 353 1
3 2 352 1
5 2 351 1
8 2 350 1
1 2 349 1
3 2 348 1
1 2 347 1
2 3 346 1
7 2 345 1
8 2 344 1
1 2 343 1
3 2 342 1
2 2 341 1
5 2 340 1
7 2 339 1
2 2 338 1
4 2 337 1
2 3 336 1
5 4 335 1
4 2 334 1
1 2 333 1
6 2 332 1
1 2 331 1
4 2 330 1
7 2 329 1
5 2 328 1
2 2 327 1
3 2 326 1
5 2 325 1
8 2 324 1
4 2 323 1
6 3 322 1
3 2 321 1
2 2 320 1
7 2 319 1
5 2 318 1
7 2 317 1
6 2 316 1
2 2 315 1
1 2 314 1
7 2 313 1
6 2 312 1
1 2 311 1
3 2 310 1
5 2 309 1
6 2 308 1
2 2 307 1
5 2 306 1
2 3 305 1
3 2 304 1
5 2 303 1
7 3 302 1
1 2 301 1
6 2 300 1
3 2 299 1
8 2 298 1
4 2 297 1
1 2 296 1
4 2 295 1
5 3 294 1
1 2 293 1
4 2 292 1
7 2 291 1
4 2 290 1
5 3 289 1
8 2 288 1
5 2 287 1
6 2 286 1
2 3 285 1
5 2 284 1
8 2 283 1
4 2 282 1
1 2 281 1
2 3 280 1
7 2 279 1
4 3 278 1
7 2 277 1
2 2 276 1
3 2 275 1
4 2 274 1
3 2 273 1
2 2 272 1
8 2 271 1
6 2 270 1
4 3 269 1
3 3 268 1
1 2 267 1
4 2 266 1
2 2 265 1
5 3 264 1
8 2 263 1
2 2 262 1
1 2 261 1
3 2 260 1
6 2 259 1
3 2 258 1
8 2 257 1
5 2 256 1
1 2 255 1
5 3 254 1
3 2 253 1
6 2 252 1
1 2 251 1
7 2 250 1
2 2 249 1
3 2 248 1
6 2 247 1
3 2 246 1
6 2 245 1
4 2 244 1
2 2 243 1
5 2 242 1
1 2 241 1
7 3 240 1
2 2 239 1
3 2 238 1
8 3 237 1
7 2 236 1
1 2 235 1
2 2 234 1
3 2 233 1
6 2 232 1
1 2 231 1
4 2 230 1
8 2 229 1
6 2 228 1
2 2 227 1
3 2 226 1
5 2 225 1
4 2 224 1
2 3 223 1
5 2 222 1
7 2 221 1
6 3 220 1
4 4 219 1
3 2 218 1
8 2 217 1
5 2 216 1
8 2 215 1
7 2 214 1
1 2 213 1
4 2 212 1
1 2 211 1
7 2 210 1
6 2 209 1
8 2 208 1
1 2 207 1
3 2 206 1
2 2 205 1
3 2 204 1
1 2 203 1
8 2 202 1
7 2 201 1
6 2 200 1
4 2 199 1
8 2 198 1
7 2 197 1
1 3 196 1
5 4 195 1
2 2 194 1
5 2 193 1
8 3 192 1
4 2 191 1
7 2 190 1
3 2 189 1
2 2 188 1
7 2 187 1
4 2 186 1
6 2 185 1
3 2 184 1
8 2 183 1
4 2 182 1
3 2 181 1
7 2 180 1
8 2 179 1
5 2 178 1
4 3 177 1
8 2 176 1
5 2 175 1
1 2 174 1
7 2 173 1
5 3 172 1
6 2 171 1
2 3 170 1
7 2 169 1
5 2 168 1
8 2 167 1
6 2 166 1
4 3 165 1
2 2 164 1
6 2 163 1
1 3 162 1
5 2 161 1
7 2 160 1
8 2 159 1
4 2 158 1
2 2 157 1
3 3 156 1
8 2 155 1
3 2 154 1
4 2 153 1
8 2 152 1
1 2 151 1
5 2 150 1
3 3 149 1
1 2 148 1
3 2 147 1
7 2 146 1
2 3 145 1
5 2 144 1
2 2 143 1
5 3 142 1
6 3 141 1
7 2 140 1
5 2 139 1
6 2 138 1
8 2 137 1
2 2 136 1
5 2 135 1
2 2 134 1
8 2 133 1
4 3 132 1
3 2 131 1
6 2 130 1
3 2 129 1
8 2 128 1
3 2 127 1
1 2 126 1
2 2 125 1
8 2 124 1
7 2 123 1
6 2 122 1
2 2 121 1
7 2 120 1
6 2 119 1
1 2 118 1
2 2 117 1
8 2 116 1
3 2 115 1
7 2 114 1
5 3 113 1
3 2 112 1
2 2 111 1
6 2 110 1
2 2 109 1
1 2 108 1
5 3 107 1
2 2 106 1
4 2 105 1
1 2 104 1
2 3 103 1
4 2 102 1
5 2 101 1
2 2 100 1
1 2 99 1
2 2 98 1
7 3 97 1
6 2 96 1
5 3 95 1
2 2 94 1
3 2 93 1
7 2 92 1
6 2 91 1
2 2 90 1
7 2 89 1
3 2 88 1
1 2 87 1
3 2 86 1
4 2 85 1
8 2 84 1
1 3 83 1
6 2 82 1
3 2 81 1
5 2 80 1
4 2 79 1
7 2 78 1
6 2 77 1
1 3 76 1
2 2 75 1
1 2 74 1
7 2 73 1
2 2 72 1
3 2 71 1
5 2 70 1
4 2 69 1
2 2 68 1
6 2 67 1
2 2 66 1
3 2 65 1
2 2 64 1
7 2 63 1
4 2 62 1
1 2 61 1
7 2 60 1
6 2 59 1
8 2 58 1
1 3 57 1
8 2 56 1
5 2 55 1
4 2 54 1
7 2 53 1
4 2 52 1
3 2 51 1
1 2 50 1
7 2 49 1
5 2 48 1
4 2 47 1
7 2 46 1
1 2 45 1
5 2 44 1
8 2 43 1
1 2 42 1
2 3 41 1
1 3 40 1
7 2 39 1
5 2 38 1
1 3 37 1
4 2 36 1
2 2 35 1
4 3 34 1
7 2 33 1
2 2 32 1
7 2 31 1
5 2 30 1
8 2 29 1
5 2 28 1
6 2 27 1
5 2 26 1
2 2 25 1
5 2 24 1
1 3 23 1
5 2 22 1
8 2 21 1
6 2 20 1
4 2 19 1
7 2 18 1
6 2 17 1
8 3 16 1
2 3 15 1
8 2 14 1
2 2 13 1
6 2 12 1
2 2 11 1
3 3 10 1
2 3 9 1
4 4 8 1
3 3 7 1
7 2 6 1
3 3 5 1
8 2 4 1
6 2 3 1
1 2 2 1
4 2 1 1
1 2 5 1
5 2 7 1
8 2 81 1
3 2 80 1
5 2 189 1
4 2 243 1
1 2 242 1
5 2 322 1
5 2 426 1
6 2 491 1
1 2 593 1
3 2 632 1
6 2 692 1
1 2 743 1
4 2 746 1
1 2 789 1
6 2 788 1
7 2 788 1
2 2 816 1
1 2 816 1
7 2 874 1
1 2 873 1
4 2 884 1
5 2 907 1
2 2 924 1
1 2 927 1
6 2 947 1
6 2 968 1
3 2 975 1
1 2 974 1
5 3 992 1
3 2 1002 1
2 2 1005 1
1 2 1011 1
1 2 1029 1
8 2 1159 1
8 2 1179 1
4 2 1178 1
7 2 1195 1
1 2 1263 1
1 2 1279 1
5 2 1284 1
7 2 1288 1
8 2 1293 1
4 2 1338 1
3 2 1337 1
7 2 1336 1
8 2 1408 1
8 2 1426 1
3 2 1441 1
2 2 1457 1
4 2 1477 1
1 2 1567 1
2 2 1672 1
8 3 1671 1
7 2 1687 1
4 2 1720 1
8 2 1784 1
4 2 1870 1
7 2 1904 1
8 2 1909 1
5 2 1932 1
6 2 1932 1
3 2 1936 1
2 2 1935 1
1 2 1934 1
5 2 1933 1
3 2 1932 1
