4992
1041
1 2 1 4
8 2 1 4
6 5 1 6
6 3 1 12
1 2 1 12
4 2 1 11
8 2 1 10
1 2 1 16
8 2 1 22
5 3 1 23
6 2 1 28
7 3 1 28
8 2 1 29
5 2 1 36
8 2 1 35
4 2 1 35
4 2 1 49
6 2 1 53
2 4 1 56
3 2 1 60
1 4 1 59
4 2 1 66
5 2 2 4
7 4 2 7
6 2 2 6
5 2 2 8
2 2 1 8
3 3 1 7
5 2 1 8
6 5 2 13
3 2 1 13
5 5 2 16
7 2 2 22
4 5 2 23
1 3 2 25
4 7 2 27
3 3 1 27
4 2 1 26
6 3 2 26
3 3 2 26
4 3 2 26
8 3 2 36
1 2 2 58
8 2 2 58
4 2 1 59
6 2 2 57
2 2 2 57
8 2 2 58
1 3 3 4
8 3 3 18
3 4 3 19
5 4 3 18
7 3 3 19
1 3 3 21
1 2 3 27
4 2 3 26
3 4 3 31
7 4 3 32
2 4 2 34
3 2 1 34
2 4 1 33
8 2 1 33
2 2 1 33
5 4 1 33
5 2 2 34
2 3 3 35
7 2 2 35
6 3 3 36
5 4 3 40
2 3 3 40
8 3 3 41
3 2 3 46
8 3 3 50
5 2 3 52
3 2 3 51
6 3 3 51
6 3 3 55
1 3 3 55
3 2 2 55
4 2 3 54
7 3 3 56
8 3 3 56
1 2 3 57
1 3 4 4
3 3 4 5
7 3 3 5
8 2 2 5
5 2 2 5
1 2 2 5
2 2 2 4
1 3 4 4
5 2 4 4
4 4 4 7
5 2 4 7
8 3 3 7
7 2 2 7
3 2 4 7
2 2 4 7
7 2 4 7
1 3 3 8
6 2 2 8
5 2 3 7
2 5 3 6
4 3 3 7
1 3 4 7
7 2 4 10
3 2 3 10
4 3 4 19
2 2 4 21
8 2 3 21
6 2 3 20
1 2 3 20
4 3 3 20
1 2 3 20
3 4 4 23
5 2 4 22
3 3 4 26
2 2 4 25
1 2 3 26
5 4 2 26
7 3 2 25
3 2 2 24
8 2 1 25
6 2 2 25
2 3 1 26
7 6 1 26
5 3 1 25
2 2 2 27
1 3 1 27
2 2 2 27
1 2 3 24
3 2 3 24
2 2 3 23
1 2 2 23
5 2 2 22
3 4 1 23
7 2 1 23
5 2 1 23
8 2 2 20
8 2 3 25
2 2 3 25
7 2 4 19
1 2 3 20
7 2 4 26
2 2 4 27
5 2 4 27
6 3 4 28
4 2 4 28
3 2 4 31
7 2 4 32
4 3 4 32
8 4 4 34
6 3 3 34
5 2 4 36
4 3 3 36
1 3 3 37
5 2 4 37
8 3 4 36
6 4 3 37
6 2 4 40
5 2 4 41
3 2 4 53
7 2 4 53
1 4 4 60
8 2 4 60
7 2 4 59
3 2 3 60
6 2 4 61
8 3 4 64
6 2 4 66
7 3 4 65
2 2 3 66
6 7 5 4
4 2 5 3
5 2 5 4
3 3 4 5
4 6 4 5
1 2 5 4
8 2 5 5
8 2 5 10
4 2 4 10
2 3 3 10
4 2 3 10
6 2 2 11
7 2 2 11
2 2 4 10
3 2 3 10
2 2 3 10
6 2 5 12
3 4 4 12
8 6 5 14
4 2 4 14
2 5 5 18
8 2 5 19
7 3 5 28
3 3 5 31
7 3 5 34
6 2 5 35
8 2 5 34
3 2 5 35
3 2 5 41
1 2 4 41
4 3 3 41
7 3 3 40
3 2 2 40
6 2 3 40
4 3 2 40
7 3 4 42
3 3 3 42
7 2 3 42
2 3 2 42
1 2 2 41
8 2 2 41
3 2 1 42
1 2 3 42
4 3 5 39
7 2 5 40
5 2 5 45
7 2 5 46
5 2 5 53
2 4 5 54
6 2 5 54
3 2 5 53
8 5 4 54
6 2 4 53
7 6 5 52
5 3 4 52
2 2 4 51
8 4 5 58
6 3 5 58
2 2 5 57
7 2 5 58
4 6 5 60
3 2 5 59
6 4 6 10
1 3 6 10
2 3 6 9
4 2 5 10
7 3 6 10
8 2 6 10
6 2 6 12
8 2 6 13
1 2 6 19
3 2 6 20
7 3 5 20
7 2 6 24
3 3 6 24
8 3 6 24
2 2 6 25
2 3 6 32
1 3 5 32
4 3 5 33
6 4 6 31
3 2 6 31
5 3 5 31
1 2 4 31
4 2 3 31
3 2 6 30
7 2 6 31
5 2 6 32
6 3 6 35
5 2 6 35
1 4 6 39
8 3 5 39
7 2 5 38
6 2 4 39
5 2 4 38
8 2 5 37
7 2 5 37
3 2 5 41
8 2 5 42
5 2 4 42
3 2 6 43
5 3 6 44
8 2 6 43
6 2 5 43
2 2 5 42
2 2 6 42
3 2 6 48
2 4 6 47
5 2 5 49
6 3 6 47
7 2 6 51
8 2 6 55
5 2 6 54
4 2 6 55
8 2 6 58
5 2 5 58
4 3 4 58
8 2 4 58
6 5 4 58
5 2 6 57
2 2 5 57
4 2 7 4
6 4 7 9
5 2 7 16
4 2 7 16
3 2 6 16
4 2 6 15
8 3 5 16
5 2 5 15
4 2 5 15
2 2 5 14
3 2 4 14
7 2 4 13
3 2 6 12
5 3 6 11
1 2 6 11
3 3 6 10
2 2 5 11
4 2 4 11
5 2 4 11
3 2 4 10
4 2 5 11
7 2 4 12
8 5 6 11
3 2 5 11
8 2 5 10
1 3 6 10
8 3 7 10
3 3 7 9
6 2 7 10
4 2 6 11
3 2 5 11
4 2 5 10
7 2 7 10
3 2 7 11
6 6 7 13
8 2 7 26
1 2 6 27
2 3 5 27
5 2 6 27
7 2 7 27
3 2 7 31
1 2 7 31
8 3 7 34
8 2 7 40
2 2 7 52
8 2 7 57
1 3 7 56
4 3 7 56
2 2 7 63
7 2 7 66
2 2 7 66
3 4 7 66
7 2 8 1
2 3 8 2
1 2 8 2
6 2 8 2
5 5 8 5
3 2 8 6
1 2 8 6
4 3 8 6
8 3 8 5
3 2 7 5
2 3 8 6
5 3 8 10
6 2 8 10
2 3 8 12
7 4 7 12
8 3 7 11
1 2 7 12
3 2 8 9
1 2 8 9
4 3 8 16
7 2 8 16
2 2 8 16
5 3 8 18
1 2 8 19
6 3 8 23
5 3 7 24
3 2 7 24
7 2 8 22
4 4 8 22
5 2 8 24
2 2 8 24
6 2 8 36
5 3 8 39
5 3 8 53
6 2 8 57
2 2 8 63
8 2 8 62
3 3 7 63
5 3 8 65
7 2 8 64
6 14 9 10
2 3 9 13
1 2 9 14
6 3 9 17
8 4 9 18
1 2 9 21
4 3 9 27
1 2 8 28
8 2 8 29
2 2 9 29
3 2 9 33
4 2 9 40
1 2 9 43
5 3 9 42
7 3 9 44
6 2 8 44
1 2 9 46
2 3 9 46
6 6 8 47
4 4 9 47
1 3 9 46
5 3 8 47
5 2 9 54
1 2 8 55
2 2 8 55
3 3 8 54
8 3 7 56
4 2 8 53
3 2 8 54
6 2 8 55
1 3 9 64
4 2 9 63
6 3 10 2
3 3 10 1
5 2 9 1
2 3 10 2
7 3 10 9
3 3 10 16
3 2 10 23
2 2 9 24
5 2 9 23
1 2 10 30
7 2 10 37
3 2 10 44
6 3 10 52
4 2 10 53
5 3 10 55
6 2 10 58
8 2 10 63
1 2 10 62
7 3 9 62
8 2 9 61
2 2 9 63
3 2 10 61
5 3 10 62
7 4 9 64
1 2 9 64
4 2 10 61
5 2 9 61
6 3 9 62
2 2 8 62
3 3 9 62
7 2 8 62
8 3 9 62
2 2 10 65
5 2 11 4
3 2 10 4
2 4 11 4
5 2 11 9
2 3 11 14
6 4 11 20
1 2 11 23
8 2 10 23
1 3 9 23
5 2 11 27
3 2 10 27
2 6 10 27
5 2 11 27
7 2 11 26
4 2 10 26
8 2 10 26
4 2 11 31
1 2 11 31
4 2 11 31
3 2 11 31
2 2 11 35
8 2 11 45
4 4 11 64
6 2 10 64
1 2 10 63
8 2 10 63
2 2 10 63
7 3 9 63
7 2 10 63
3 3 9 63
6 3 8 63
4 2 9 62
2 2 8 62
7 2 12 2
8 2 12 2
5 2 12 4
6 4 11 4
4 2 12 7
6 2 12 7
5 2 11 7
8 2 12 6
6 2 11 7
7 2 12 14
3 2 12 15
4 2 12 14
7 3 11 15
7 3 12 18
8 2 12 30
7 2 12 36
2 2 12 35
6 2 12 36
4 2 12 35
2 3 12 37
3 2 11 38
2 2 12 42
3 3 12 41
2 2 12 45
4 4 12 46
6 3 12 45
5 2 12 45
1 6 12 50
5 2 12 50
3 3 12 64
2 3 12 65
5 2 11 65
4 2 10 65
1 2 12 65
8 5 12 66
6 2 12 65
1 2 12 66
3 2 11 66
2 3 12 65
5 2 13 2
6 3 13 5
1 2 13 9
2 2 12 9
8 3 13 8
4 2 13 7
2 2 13 6
6 2 13 7
1 2 12 8
7 2 13 7
4 2 12 8
7 2 12 8
6 3 13 10
1 2 12 10
6 3 13 16
2 2 12 16
6 2 11 16
1 2 13 20
7 2 13 23
3 2 13 23
4 2 13 25
7 2 13 25
5 2 13 27
7 3 13 29
4 2 13 33
3 2 13 32
8 2 13 34
5 2 13 36
6 2 13 37
5 2 13 40
3 2 13 40
2 2 13 41
1 2 13 44
2 5 12 45
4 2 11 45
8 4 13 45
4 2 12 45
3 3 13 52
4 2 12 52
5 3 11 52
7 3 11 53
6 3 12 54
2 2 11 54
7 4 13 55
6 4 13 56
4 2 12 57
3 2 13 57
5 4 14 13
2 2 14 13
1 2 14 12
4 3 14 17
1 2 14 16
2 4 13 16
7 2 14 19
8 2 14 19
4 2 14 19
5 3 14 20
3 2 13 20
6 3 12 20
4 3 12 20
3 2 11 20
8 2 13 18
3 2 13 17
7 4 13 17
8 2 13 16
3 2 12 16
2 3 13 19
5 2 13 20
4 3 14 17
1 3 14 18
5 2 14 18
8 2 14 17
3 2 14 17
4 2 14 24
1 2 13 25
6 3 14 26
5 2 14 32
7 2 14 31
6 2 13 32
4 2 14 30
6 2 14 36
3 2 13 36
6 3 12 36
5 2 11 36
5 2 13 36
4 2 14 36
8 2 14 35
2 4 14 38
2 2 14 45
7 2 13 45
5 2 14 48
6 2 14 47
2 4 14 50
6 4 14 51
2 2 14 52
7 4 14 54
3 3 14 53
5 7 13 53
4 3 14 53
6 2 13 53
5 3 14 53
7 2 14 53
3 2 13 53
4 2 14 58
6 33 15 5
4 2 15 4
1 3 14 4
2 4 14 4
2 3 15 8
7 2 15 7
3 2 15 6
4 2 14 7
3 2 15 12
1 2 15 16
3 2 15 15
6 2 14 16
5 3 13 16
7 4 13 15
2 2 13 15
6 3 13 14
3 2 13 15
2 2 13 15
7 2 14 13
4 2 13 14
8 2 12 14
1 2 11 14
2 2 12 13
1 2 13 14
6 3 14 13
5 4 14 13
2 4 14 14
5 3 14 14
7 3 14 14
4 2 14 16
6 2 13 16
8 2 12 16
1 2 13 16
4 2 15 19
3 2 15 19
8 2 15 19
2 4 14 20
4 2 15 24
3 2 15 29
8 2 15 39
4 2 15 41
5 2 15 44
3 2 15 44
8 2 14 44
6 2 15 45
4 2 15 50
6 2 15 51
3 2 15 50
7 3 15 65
8 2 15 67
6 2 16 7
7 2 16 23
1 4 16 23
4 2 16 26
1 2 16 26
8 4 16 29
5 2 16 29
6 2 15 30
3 2 15 30
1 3 16 37
3 2 15 38
4 2 16 39
6 3 16 41
2 2 15 41
3 2 16 41
5 3 16 50
7 2 15 52
3 3 16 49
2 2 16 50
3 2 16 62
4 2 16 61
2 3 15 62
7 2 16 64
2 3 15 64
3 3 15 64
3 2 17 3
4 2 17 2
7 2 17 2
7 2 17 9
6 2 17 13
4 2 17 13
2 2 17 18
8 3 17 26
4 2 17 26
7 2 17 40
8 2 17 42
7 2 17 43
7 2 17 50
2 3 17 52
5 2 17 51
2 2 17 54
8 2 17 57
6 3 17 57
7 4 17 58
7 2 18 14
5 2 18 30
3 2 18 35
5 2 17 35
6 2 16 35
4 2 16 35
2 2 18 34
4 2 17 34
6 2 17 34
8 2 17 35
5 2 18 35
2 3 18 35
1 2 18 34
4 2 17 35
6 2 16 35
8 2 18 33
1 3 18 34
7 2 18 37
4 3 18 47
6 2 18 46
2 2 17 46
7 2 18 47
1 2 18 47
5 2 18 49
3 2 18 49
5 2 18 56
4 2 18 61
3 3 18 64
1 3 19 1
3 2 19 1
4 2 19 2
7 2 19 19
5 3 18 19
3 2 18 18
3 3 19 20
1 2 19 20
4 2 19 20
7 4 18 20
2 2 18 21
6 2 19 24
3 3 19 32
2 3 19 34
5 3 19 38
4 2 18 38
7 2 17 38
6 2 17 37
6 5 18 36
3 3 19 36
1 2 19 35
7 2 19 34
8 2 19 34
2 2 19 42
1 2 19 41
8 2 19 42
6 2 19 44
5 3 19 43
2 2 19 47
5 3 19 53
4 2 19 53
2 4 18 54
7 3 18 53
8 2 19 55
7 2 18 55
6 4 19 55
1 2 19 54
3 3 19 56
5 2 19 56
7 3 19 56
6 2 19 56
4 2 19 58
8 2 19 58
7 2 19 58
2 2 19 66
5 2 19 66
4 2 20 3
3 2 20 3
8 3 20 13
4 2 20 13
3 2 20 15
4 2 20 18
2 2 20 20
3 2 20 19
1 2 20 19
5 3 20 22
5 2 20 28
5 2 20 31
1 4 20 36
2 2 20 39
2 3 20 47
5 2 20 47
3 2 20 46
8 3 20 47
4 2 20 55
7 4 20 59
3 7 20 59
7 2 20 65
6 2 19 66
3 2 20 67
8 2 21 1
4 2 21 1
6 2 21 8
5 2 20 8
5 2 21 20
8 2 21 28
3 2 21 30
7 3 21 53
4 5 21 58
1 2 20 58
7 4 20 57
3 2 20 57
7 3 20 58
4 2 20 57
2 2 21 60
2 2 22 1
5 2 22 1
8 2 21 1
3 3 21 1
7 2 22 23
4 2 22 30
3 2 22 43
5 3 21 44
1 2 22 47
7 7 22 58
8 2 22 64
4 2 21 64
7 4 21 65
2 2 22 63
4 2 23 3
6 3 22 3
3 2 22 2
7 2 22 2
3 2 23 2
6 13 23 3
4 2 22 3
5 3 21 3
8 2 23 18
2 2 22 18
7 2 23 18
5 3 23 17
4 2 23 23
1 2 22 23
6 3 23 33
5 2 23 32
1 2 23 39
4 2 23 40
6 2 23 41
1 2 23 49
8 2 23 48
8 3 23 51
2 3 23 51
4 2 23 50
7 4 23 49
6 3 22 50
5 2 22 49
5 4 22 51
1 2 23 51
6 3 23 50
7 3 23 49
8 2 22 50
4 2 21 50
7 2 21 50
1 2 20 50
6 3 19 50
2 2 21 50
3 4 20 51
2 3 23 60
8 2 22 61
4 2 22 60
7 2 23 62
4 2 23 64
3 2 23 63
7 6 23 64
2 3 24 1
3 2 23 2
7 3 22 2
2 3 24 17
4 2 24 18
5 3 24 24
7 2 23 25
6 2 24 24
2 4 23 25
8 2 23 24
3 2 24 25
6 3 24 25
1 4 24 25
3 4 24 29
4 2 24 28
2 3 23 29
8 2 23 28
6 2 24 29
2 2 23 29
1 3 24 31
8 3 24 32
8 2 24 43
4 2 24 46
5 2 24 48
3 2 24 49
7 2 24 54
1 4 24 56
2 3 24 61
7 2 25 1
2 2 25 8
8 2 25 12
2 2 24 12
5 3 23 12
6 2 25 21
7 2 25 31
4 3 25 36
3 2 25 36
5 3 25 37
3 2 25 46
8 2 24 47
1 2 24 46
6 2 25 49
2 3 25 49
5 2 24 50
6 2 24 51
3 3 25 50
8 2 25 62
7 26 25 62
8 2 26 17
8 2 26 21
4 2 26 21
6 2 26 22
8 2 26 38
2 2 25 38
3 2 24 38
7 5 26 39
5 5 25 43
6 2 25 42
7 2 25 42
7 3 26 50
7 2 26 52
7 3 26 55
3 2 26 59
7 3 27 1
1 2 26 1
2 2 27 30
8 2 27 39
6 2 27 38
8 2 26 38
5 2 26 39
6 2 26 38
5 2 26 39
8 2 25 39
4 2 25 39
1 2 25 40
8 2 26 39
6 2 25 39
3 2 25 38
5 4 26 41
2 2 26 41
1 3 27 43
4 2 26 43
4 2 27 59
8 3 27 61
2 2 27 66
5 2 27 65
1 2 28 21
1 2 28 28
4 3 28 28
7 2 27 29
1 2 28 40
1 2 28 56
7 2 28 59
1 2 29 2
6 3 29 6
7 2 29 15
4 3 29 21
7 2 28 21
3 2 29 29
7 2 29 37
7 2 29 40
5 2 29 43
2 2 29 44
7 2 29 47
7 2 29 51
7 3 29 66
6 6 30 9
4 2 30 28
7 2 29 28
3 2 28 28
1 2 28 28
8 2 30 29
8 3 30 44
5 2 30 45
2 2 29 46
8 2 29 45
6 2 29 45
5 2 30 67
3 2 29 67
6 2 31 6
3 2 31 29
8 3 31 30
5 2 31 33
4 2 31 49
7 3 31 49
6 3 32 43
4 3 32 45
7 2 32 49
6 2 32 60
6 2 32 65
7 3 32 67
2 3 33 32
8 2 33 60
7 5 33 60
2 2 33 67
6 2 33 67
2 2 34 32
7 4 34 43
7 4 34 65
7 2 35 56
7 2 35 60
8 2 37 1
2 2 39 22
5 2 39 22
6 2 39 67
1 2 41 67
7 2 41 67
5 2 46 48
7 2 46 48
