10072
2346
1 2 1 8
7 3 1 9
4 2 1 8
4 2 1 21
6 3 1 22
8 4 1 21
7 2 1 30
4 2 1 30
2 2 1 41
5 2 1 45
3 6 1 46
4 3 1 46
8 2 1 45
7 2 1 46
1 3 1 47
6 2 1 47
7 3 1 49
7 4 1 52
1 3 1 52
3 2 1 52
6 2 1 65
1 2 1 67
1 2 1 70
4 2 1 70
5 2 1 76
5 2 1 97
8 3 1 97
3 2 1 98
8 2 1 100
8 2 2 1
7 2 2 2
1 3 1 2
3 2 2 1
2 2 2 1
4 2 2 3
5 2 2 6
8 2 1 6
4 2 2 12
3 2 2 16
3 2 2 19
1 2 2 18
7 2 2 22
1 5 2 25
1 2 2 33
8 2 1 33
4 2 2 45
8 2 1 46
1 30 1 45
5 2 2 46
8 2 2 48
8 3 2 51
7 4 1 52
3 2 2 54
7 2 2 55
4 2 2 55
7 3 2 59
6 2 2 60
4 2 1 61
6 2 1 61
5 2 2 59
6 2 2 60
2 2 2 63
1 2 2 64
8 2 2 64
1 2 2 69
5 2 2 73
3 2 2 73
7 2 2 76
8 2 2 76
5 5 2 76
3 2 1 76
2 4 2 76
6 2 2 76
4 2 2 75
1 3 2 77
5 9 2 77
5 2 2 95
2 3 2 96
6 4 2 99
3 2 1 100
2 2 1 99
2 2 2 99
5 2 2 99
6 2 1 100
1 2 3 3
8 4 3 4
6 2 2 4
1 2 2 4
5 2 1 5
7 2 2 5
8 3 3 8
3 2 2 8
4 3 2 8
7 2 3 11
4 2 3 12
2 26 3 13
7 3 3 12
5 2 3 17
8 2 2 18
3 2 2 18
4 3 2 18
6 2 3 17
1 2 3 18
6 3 3 21
3 2 3 20
2 2 3 21
5 2 3 21
4 2 2 21
5 2 2 21
7 2 3 21
8 2 3 21
6 3 3 21
3 2 2 22
5 2 1 22
6 2 3 26
8 2 3 28
1 2 3 27
7 2 3 26
4 2 3 26
5 3 2 26
8 4 3 26
7 2 2 26
4 3 1 26
7 2 1 25
3 2 2 26
5 2 3 25
4 2 3 28
3 4 3 39
2 2 3 55
8 2 3 57
7 2 3 61
8 2 2 61
7 2 2 60
6 3 3 63
4 2 3 63
7 2 3 71
6 4 2 72
5 4 1 72
2 2 1 72
4 2 3 70
3 2 2 70
7 2 1 70
8 3 2 69
4 2 1 70
2 2 3 69
4 2 3 69
3 2 3 78
1 2 3 82
5 2 3 83
2 2 3 86
8 2 3 86
7 2 3 89
8 3 3 91
1 3 3 94
4 2 4 2
1 4 4 3
7 3 3 5
5 5 4 7
4 2 4 13
5 2 4 14
3 2 4 16
8 4 4 19
5 2 3 19
2 2 2 19
5 3 2 19
4 2 4 18
8 2 4 17
6 2 4 24
8 2 3 24
6 2 4 34
4 2 4 33
3 2 4 33
8 4 4 33
7 3 4 36
2 2 4 39
5 2 3 39
7 4 4 48
5 3 4 50
8 2 4 53
1 2 4 58
2 2 4 65
6 2 4 65
8 4 3 65
2 2 4 75
5 11 4 75
4 5 3 75
3 2 3 75
1 2 3 75
1 3 4 75
2 3 4 76
2 3 4 83
4 2 4 82
2 3 4 87
7 2 4 87
3 2 4 87
7 2 4 87
1 3 4 89
4 2 4 89
4 2 4 93
5 4 4 94
6 2 3 94
4 3 4 94
1 2 4 94
7 2 5 13
6 4 5 15
7 3 5 18
4 3 5 17
5 2 5 22
8 2 5 21
6 2 5 22
5 3 5 25
8 3 5 30
4 2 5 33
1 5 4 34
3 2 4 35
6 4 5 33
3 2 5 37
1 2 5 38
7 2 4 38
5 2 4 39
1 2 4 39
8 2 4 40
6 2 3 41
3 2 4 39
4 2 5 39
6 2 5 44
1 3 4 44
8 3 4 45
2 2 3 45
3 2 2 45
1 2 2 45
6 3 1 45
3 3 1 44
3 2 2 43
7 3 1 44
1 2 2 44
8 2 2 45
5 2 3 45
1 2 4 44
6 3 4 44
8 2 4 46
4 2 4 47
3 3 4 48
4 4 4 48
2 2 3 48
7 2 3 47
6 2 4 49
5 2 4 48
7 2 5 43
8 2 5 42
3 3 4 42
2 2 4 41
5 3 4 42
6 2 5 44
6 2 5 49
6 2 5 56
2 2 5 56
1 2 5 63
7 2 5 67
5 2 5 68
2 2 4 69
8 2 5 69
3 2 5 68
1 3 5 68
8 2 4 68
3 2 4 67
4 2 5 69
7 2 5 70
8 3 5 72
7 2 4 72
6 2 5 82
1 2 4 82
4 2 5 90
1 3 5 94
4 2 4 95
3 2 5 94
2 3 5 95
7 3 5 95
1 2 4 95
4 3 5 99
1 2 5 99
6 2 4 99
4 4 6 6
7 2 6 5
2 2 6 5
1 2 6 6
8 3 6 6
4 3 6 5
7 2 6 7
2 2 6 6
3 2 6 12
8 5 6 29
4 2 6 28
1 2 5 28
3 2 5 29
4 3 5 29
1 2 6 29
7 4 5 30
4 2 6 29
8 2 6 30
2 2 6 38
2 2 6 41
5 2 5 42
1 2 6 60
1 2 6 70
6 3 6 72
5 2 6 78
7 2 6 77
2 2 6 82
4 5 5 83
1 10 5 82
5 2 6 81
7 2 6 80
6 3 5 80
2 3 6 81
4 2 6 81
3 5 6 82
7 3 6 83
3 4 6 85
8 2 5 85
2 2 6 87
3 2 6 89
1 2 6 88
7 3 7 3
2 2 7 8
6 2 7 10
8 2 7 10
6 3 7 10
1 2 6 10
1 4 7 21
1 2 7 31
6 2 7 30
7 3 7 30
4 2 7 32
5 3 7 32
1 2 6 32
1 2 7 36
4 3 7 36
2 2 6 36
4 4 5 36
8 3 6 35
5 2 5 37
2 2 5 37
7 2 5 37
3 3 6 36
6 2 5 36
4 3 5 36
8 2 4 37
4 2 7 39
6 3 7 42
1 2 6 42
4 2 5 42
1 2 6 42
5 2 5 42
3 3 5 42
7 4 7 42
5 2 7 56
2 2 6 56
5 3 6 55
4 2 5 56
4 2 7 56
7 2 7 57
8 3 7 57
7 2 7 76
4 2 6 77
6 2 5 77
2 2 5 76
5 2 4 76
8 2 4 75
1 2 4 75
7 2 4 77
6 2 4 77
8 3 5 76
2 2 4 77
1 6 7 81
2 2 6 81
5 2 7 80
6 3 6 80
1 6 5 80
7 2 5 80
5 2 7 80
3 3 6 81
8 2 5 81
4 3 6 81
8 2 7 82
1 3 7 82
7 2 7 84
6 2 6 84
1 5 6 84
3 5 5 84
5 2 5 84
4 2 7 83
4 3 7 89
6 2 7 88
5 2 7 90
7 3 6 90
4 4 7 89
6 2 8 1
2 2 8 1
4 2 8 1
3 3 8 5
4 2 8 5
6 3 8 4
2 2 8 6
5 2 8 6
3 3 8 9
5 2 7 9
7 2 7 8
2 3 7 8
8 3 6 8
6 3 6 9
3 2 6 8
4 3 6 7
6 2 8 16
8 3 8 15
6 3 8 16
1 3 8 22
2 2 8 24
7 2 8 25
2 2 8 28
8 2 8 28
3 2 8 30
1 2 8 31
7 2 8 30
3 4 8 31
8 2 8 31
2 3 7 31
7 2 7 31
5 3 6 31
4 3 8 36
1 2 8 37
5 3 8 40
4 3 8 41
8 2 7 41
5 2 7 41
6 4 7 42
3 3 6 42
7 2 6 41
5 3 5 42
5 2 7 42
7 3 8 45
5 2 8 48
4 3 8 47
2 2 8 65
5 2 7 66
8 4 8 66
3 2 7 66
4 2 8 70
7 3 8 83
6 3 8 84
5 2 7 84
1 2 7 84
6 4 8 89
8 2 8 92
3 2 7 92
2 3 7 93
4 5 8 95
3 2 7 95
1 2 8 96
6 3 8 96
4 3 7 96
8 2 8 98
5 3 9 3
3 2 9 4
4 2 9 3
7 2 9 3
1 4 8 3
8 2 9 9
2 2 9 14
4 4 9 13
6 3 8 13
8 2 9 14
6 2 9 19
4 2 9 20
2 3 9 20
6 2 9 20
4 2 9 24
5 10 9 31
3 2 8 31
4 2 9 36
6 3 8 36
1 2 7 36
6 2 9 38
7 8 9 38
8 2 9 38
1 2 9 38
5 3 8 38
2 2 9 40
2 2 9 44
3 2 8 44
5 4 8 45
6 2 7 45
2 3 7 45
4 2 7 45
8 3 9 42
1 2 8 42
4 3 8 44
6 2 8 43
7 2 8 45
6 2 9 41
8 3 9 48
4 2 9 48
1 2 9 57
4 6 9 63
2 3 8 63
1 2 9 76
5 3 9 75
3 2 8 76
2 2 8 75
6 3 8 75
3 3 7 75
8 2 9 77
6 2 9 83
1 2 9 84
8 2 8 85
5 2 9 90
2 2 8 90
3 3 9 94
2 4 9 93
7 2 9 97
4 3 9 98
2 2 10 10
6 2 10 10
1 2 10 21
7 3 9 21
8 5 9 20
5 2 9 19
6 3 9 22
3 4 10 22
8 2 10 21
5 13 10 26
8 2 10 31
1 2 10 32
2 6 9 32
1 4 10 36
7 2 10 44
1 3 9 44
4 3 9 44
3 2 9 45
2 2 10 42
1 2 10 42
8 2 9 43
7 2 10 44
1 2 10 46
7 2 9 47
2 3 8 47
7 2 7 47
4 2 10 46
3 3 9 46
7 2 9 46
5 2 10 50
6 2 10 54
1 3 9 54
4 2 9 55
3 2 9 55
7 2 9 54
3 2 9 53
1 2 10 61
5 2 10 61
4 2 10 62
5 3 10 63
3 3 9 65
5 2 9 65
2 2 9 65
6 2 10 80
3 3 10 83
4 2 9 84
2 2 8 84
2 2 9 84
7 4 10 85
8 3 10 85
6 2 10 86
3 3 9 87
6 2 9 87
2 3 8 87
1 4 8 88
5 3 9 88
2 2 10 89
7 2 10 88
7 3 10 92
3 2 10 94
4 3 9 95
2 5 9 95
8 2 10 97
6 2 9 97
8 3 9 96
4 2 9 98
2 2 10 98
8 2 9 98
3 3 10 99
4 2 10 98
7 2 10 98
5 2 10 99
4 2 10 98
3 2 9 98
2 4 8 98
4 5 11 2
7 2 11 6
4 2 11 8
6 2 11 10
8 2 11 12
8 3 11 25
8 2 11 29
3 2 11 30
8 3 11 31
4 3 11 31
4 2 11 33
5 4 10 33
8 2 9 33
6 2 9 32
8 2 11 34
6 2 11 33
3 2 10 34
4 2 11 33
3 2 11 34
8 2 11 34
5 2 11 34
7 2 11 34
6 2 10 35
8 2 9 35
4 2 10 35
3 2 10 36
6 2 11 35
8 2 11 35
5 4 10 35
2 3 11 35
6 2 11 36
1 3 11 36
8 4 11 35
7 2 10 37
4 3 9 37
6 4 9 37
3 2 11 34
2 2 11 37
8 3 10 37
4 2 11 43
8 3 10 43
6 3 9 43
7 4 11 42
1 2 10 42
7 3 9 42
2 3 9 41
7 2 10 42
5 2 11 43
1 2 11 43
5 2 11 50
6 2 11 53
7 2 11 53
3 2 11 54
6 2 11 61
8 2 11 60
2 2 11 60
4 2 11 61
2 2 10 62
7 4 9 62
6 2 8 62
6 2 10 60
2 2 11 65
7 3 10 65
1 2 11 65
7 4 11 66
8 2 11 79
6 2 11 79
7 3 10 80
3 2 10 80
6 2 11 82
4 3 11 84
8 3 11 85
7 2 10 85
3 3 11 84
2 3 10 85
1 2 11 83
3 2 11 87
6 3 10 87
2 4 10 87
5 2 11 90
8 7 10 91
3 4 10 90
5 3 10 89
5 2 10 93
3 4 10 93
8 2 11 89
2 2 11 89
5 2 11 89
2 2 11 92
2 2 11 96
4 2 11 97
8 2 11 97
1 3 11 96
5 2 10 97
4 2 10 96
6 2 11 98
7 4 11 98
5 2 12 18
6 2 12 19
6 3 12 22
7 2 12 27
3 2 11 27
1 2 11 28
2 2 11 28
1 3 12 50
8 4 11 50
3 4 12 51
7 2 12 53
3 2 12 54
6 2 11 54
4 2 12 78
7 2 12 87
8 2 12 88
6 2 12 87
4 3 12 86
3 3 11 87
5 4 12 89
6 3 12 89
4 2 12 93
3 2 12 93
6 2 11 94
7 4 12 93
2 2 12 93
1 4 12 94
6 2 12 99
5 2 12 99
3 2 13 4
7 4 13 4
5 5 13 6
8 2 13 10
3 2 13 11
1 3 13 10
7 2 13 12
5 2 12 12
5 4 13 14
5 3 13 18
3 2 12 18
1 2 13 18
2 3 12 18
4 4 13 20
5 4 13 29
2 3 12 31
3 5 12 30
8 2 12 31
1 2 12 32
4 3 12 33
6 6 12 33
2 2 12 34
7 2 13 29
2 3 13 31
8 4 12 32
7 2 13 31
5 2 12 32
1 2 13 30
2 2 13 31
8 2 13 35
5 2 13 35
2 2 13 34
6 4 13 34
8 2 13 34
7 2 13 35
6 2 13 37
6 2 13 41
1 5 13 44
7 2 13 44
4 4 12 44
2 2 12 43
8 2 12 42
6 2 12 43
4 2 11 43
8 3 10 43
4 2 12 44
8 4 12 46
2 3 11 46
7 4 11 46
6 2 12 48
5 2 13 46
3 2 13 45
7 2 13 49
4 2 13 49
2 2 13 48
1 2 12 48
3 3 11 48
8 2 12 46
4 2 11 46
5 2 12 48
6 2 12 47
1 2 11 47
7 3 12 47
1 3 11 49
2 2 11 48
2 2 12 49
4 2 12 48
5 3 13 64
8 2 13 64
5 2 13 65
5 5 13 69
2 4 13 70
4 3 13 70
1 2 13 69
6 2 13 68
8 2 13 69
2 4 13 70
5 2 13 69
8 2 13 72
1 5 13 80
6 6 13 82
7 2 13 81
2 2 13 81
6 2 13 86
7 3 13 85
1 2 12 86
5 2 13 93
3 4 13 92
8 2 12 92
1 2 13 94
5 2 13 100
1 2 14 7
1 2 14 14
7 2 14 15
8 2 14 14
5 2 14 16
7 2 14 18
6 4 14 19
2 7 14 19
3 4 14 22
8 3 14 23
6 2 14 23
4 2 14 56
6 3 14 56
5 2 14 74
6 6 14 73
2 2 14 79
3 3 13 79
8 2 13 79
5 2 14 92
4 2 13 92
5 2 12 92
8 4 14 92
2 2 14 93
7 2 13 93
8 2 13 93
6 3 12 94
7 2 12 94
5 2 13 93
6 2 13 92
7 2 13 93
4 2 13 94
5 2 14 95
3 5 13 95
4 2 14 100
2 2 15 2
6 2 14 2
1 3 14 2
3 2 14 2
5 2 15 5
6 2 15 5
5 2 15 5
2 2 15 7
8 2 14 7
1 2 15 9
2 5 15 19
2 3 15 23
4 3 15 22
5 2 15 28
6 4 15 32
8 2 15 33
1 2 15 36
6 2 15 37
5 3 14 38
2 2 15 43
7 2 14 44
7 2 15 47
1 3 14 47
6 3 15 49
7 2 15 52
1 2 14 52
5 2 14 51
4 3 14 51
8 2 13 52
6 2 13 51
5 2 13 52
5 2 14 51
1 3 13 51
8 2 14 52
5 3 14 52
6 2 15 56
3 4 14 56
5 2 15 55
6 3 14 56
8 5 15 54
6 2 15 54
6 2 15 59
7 2 15 62
1 5 15 62
5 2 14 62
2 2 14 63
3 3 14 62
1 2 13 62
8 3 14 61
4 2 13 61
2 2 13 61
6 3 14 64
5 2 15 63
3 3 15 63
8 2 15 62
6 4 15 61
7 2 14 61
8 3 15 60
5 4 15 63
2 3 15 63
3 2 15 62
6 2 15 68
5 3 15 72
7 2 15 71
6 3 15 71
8 4 15 71
7 4 14 73
6 2 15 72
6 7 15 81
5 3 15 80
3 3 15 84
7 2 15 83
6 2 14 83
8 4 15 85
6 3 14 85
3 2 15 87
2 2 15 86
8 2 14 86
2 2 15 89
5 3 14 89
8 3 13 89
7 3 13 89
1 3 13 89
2 2 13 89
3 2 12 90
7 2 13 89
3 2 14 89
2 3 14 90
1 2 13 91
5 3 13 90
7 2 12 91
5 2 14 89
8 2 13 89
6 2 13 90
4 2 15 87
8 2 15 87
2 3 15 87
1 2 15 88
5 2 15 88
4 2 15 88
5 2 15 91
8 2 15 92
4 2 14 92
3 4 16 3
2 3 16 10
3 2 16 14
8 2 15 14
5 3 14 14
3 3 16 17
7 3 16 19
5 2 15 19
3 3 14 19
8 3 13 19
1 18 13 18
3 2 13 19
7 2 12 19
6 2 12 18
4 2 12 17
4 2 13 18
5 2 14 17
4 2 14 18
1 6 15 17
6 2 14 17
3 2 15 17
4 3 15 18
2 3 15 19
3 2 16 19
4 3 16 22
3 2 16 23
7 3 16 23
5 3 15 23
6 2 15 22
5 7 16 26
4 2 16 30
1 2 16 30
5 2 16 31
2 2 15 32
1 2 16 32
2 2 16 40
5 2 16 40
8 4 15 40
4 2 15 40
3 4 14 41
6 3 14 40
8 2 14 39
5 2 14 41
2 3 16 44
7 2 16 49
6 4 16 49
5 2 16 53
3 3 16 54
8 3 16 60
7 3 16 63
2 3 16 66
7 3 16 72
2 2 15 73
3 2 15 73
3 3 16 81
1 3 16 82
6 2 16 90
6 3 16 93
7 2 16 93
6 2 16 93
7 3 16 98
4 3 16 98
5 2 16 99
7 3 17 2
5 4 17 1
1 2 16 1
6 2 15 1
8 2 16 1
1 2 17 5
8 2 17 5
3 3 17 12
4 2 17 14
2 2 17 19
1 2 17 23
4 3 16 23
3 4 17 23
6 2 16 23
1 3 16 22
1 4 17 22
8 2 16 22
4 2 17 24
3 2 17 28
7 2 16 28
8 2 17 28
5 2 16 28
4 2 17 31
7 2 17 32
6 2 16 33
1 3 16 33
8 2 17 32
4 2 16 32
7 3 16 31
5 2 15 32
7 2 17 30
2 5 17 30
4 3 17 29
7 3 17 30
7 3 17 39
1 5 16 41
3 2 17 39
5 2 16 39
7 3 17 39
1 2 16 39
7 2 17 44
1 2 17 44
2 2 17 45
4 2 16 45
8 2 17 45
3 4 16 45
6 3 16 45
8 2 15 45
1 2 16 45
1 3 17 54
7 4 16 55
2 2 17 54
8 4 17 53
1 3 17 56
5 2 17 56
6 2 17 61
1 2 17 69
5 2 16 69
3 4 17 68
6 2 16 68
8 2 16 68
5 4 16 68
3 3 17 74
2 3 16 74
8 2 17 83
4 5 17 84
5 2 17 85
1 2 17 85
7 2 17 86
7 2 17 91
5 2 17 96
3 2 17 97
1 2 16 97
8 3 17 97
4 2 17 98
1 2 18 1
8 2 18 1
4 4 18 1
7 3 17 1
5 4 16 1
8 3 17 2
2 2 17 2
2 2 18 2
7 3 18 1
3 2 18 1
7 2 18 1
6 2 17 2
2 2 18 1
5 3 17 1
6 3 18 4
4 2 17 5
3 3 18 4
7 2 17 4
4 2 17 3
5 2 16 3
8 2 18 3
1 2 18 5
5 2 18 7
1 3 17 7
6 3 17 7
4 2 18 8
8 2 18 16
7 2 18 15
5 3 18 15
4 4 18 23
8 2 18 28
1 3 18 42
7 3 18 46
1 2 18 45
3 2 18 44
2 2 17 44
4 2 17 43
7 3 18 55
5 2 18 59
6 3 18 59
1 2 18 61
7 7 18 64
5 2 18 65
3 2 18 72
2 2 18 72
6 2 18 75
2 3 18 76
6 2 18 77
5 2 18 76
3 2 18 76
7 2 18 78
3 2 17 79
8 3 18 80
6 2 18 84
1 3 18 83
5 5 18 96
4 4 17 96
5 2 17 96
8 2 16 96
8 2 18 99
4 4 18 99
2 3 18 99
4 4 19 2
8 2 19 1
3 2 19 1
4 2 19 5
3 2 19 16
6 5 19 16
4 3 19 22
3 2 18 22
5 2 18 22
1 2 18 22
8 2 17 22
7 2 16 22
6 2 17 22
5 2 17 21
8 3 18 20
5 2 19 22
1 5 19 24
1 2 19 29
4 3 18 29
3 3 19 29
6 3 19 30
7 2 18 32
4 2 19 29
6 3 18 29
3 3 18 28
7 3 18 28
4 2 18 28
5 2 18 27
2 2 18 29
5 6 19 27
2 2 18 27
3 2 18 26
3 2 19 28
5 2 19 31
8 4 19 34
4 4 19 35
6 2 18 35
2 2 19 35
7 2 19 39
3 3 19 39
5 4 19 42
7 3 19 43
2 2 19 46
6 3 19 46
5 2 19 52
3 2 18 52
8 2 19 53
1 2 18 53
5 4 17 53
6 2 17 53
8 2 19 51
7 2 19 51
1 2 18 51
4 2 19 64
8 2 19 67
6 2 19 70
4 2 18 70
5 3 19 74
2 2 19 78
7 2 19 80
4 2 19 80
4 2 19 85
1 2 19 84
2 2 19 84
3 2 18 84
7 2 19 83
5 3 18 83
3 3 19 82
2 3 18 83
7 2 19 83
5 2 19 82
4 2 18 82
1 2 17 82
6 2 16 82
4 7 16 81
8 3 16 81
7 2 15 81
2 2 15 81
7 2 15 81
7 3 17 82
4 6 18 81
8 2 19 83
1 2 18 83
4 9 18 83
6 4 17 83
2 2 19 96
8 2 19 96
2 2 20 1
2 2 20 5
6 2 20 4
5 4 20 4
1 4 20 3
6 2 20 8
7 2 19 9
5 2 19 9
1 2 19 8
6 2 20 12
7 2 20 16
2 2 20 17
8 2 20 19
6 3 19 20
8 3 19 20
5 2 20 21
4 2 19 21
6 2 19 22
2 2 18 22
4 2 20 24
1 2 20 24
2 2 19 25
1 2 20 25
8 3 20 29
4 2 19 30
5 2 19 30
4 3 20 32
1 3 20 35
4 2 20 35
8 2 20 45
7 2 20 53
1 3 19 53
1 5 20 58
8 2 20 59
6 3 20 59
3 2 20 58
1 2 20 58
3 2 20 58
5 3 19 58
6 2 19 57
2 3 18 57
8 3 18 56
4 3 17 56
3 3 17 56
5 3 16 57
8 2 16 56
6 3 16 56
7 2 15 56
4 2 16 57
1 2 17 56
5 2 17 56
7 2 17 55
4 3 17 58
5 3 18 55
7 2 18 54
2 2 18 56
8 3 17 57
4 2 18 59
7 5 19 57
3 2 20 53
1 2 20 53
8 2 20 55
6 4 20 55
4 3 20 55
5 5 20 54
3 2 20 56
3 2 20 58
5 2 19 58
4 3 20 59
1 2 19 59
3 2 20 61
4 3 19 62
6 3 20 62
4 4 20 65
3 3 20 64
5 2 20 66
8 2 20 66
4 3 20 72
8 2 20 71
2 2 20 73
1 3 20 75
6 2 20 79
7 2 19 80
6 3 18 80
8 2 19 81
3 2 19 80
1 3 18 81
4 2 18 81
2 2 20 79
7 2 20 81
8 3 20 83
3 6 20 87
3 2 20 90
5 2 20 93
2 2 19 93
8 2 19 94
4 3 19 93
6 2 18 94
7 6 18 93
8 2 18 94
1 2 18 95
6 5 19 94
7 2 18 94
5 2 18 95
2 2 19 94
6 2 18 94
5 2 18 94
6 3 20 98
2 4 20 98
3 3 19 98
4 2 20 99
5 3 21 1
6 2 20 2
1 2 21 13
6 2 20 14
7 2 21 12
7 2 21 18
6 3 21 23
5 2 20 24
1 5 20 24
3 2 19 24
5 2 19 24
5 2 20 24
7 2 21 25
2 2 21 28
6 3 20 28
1 2 20 29
1 2 21 31
7 2 21 32
6 2 21 47
8 2 21 47
7 2 21 46
7 2 21 49
3 2 21 49
6 2 21 54
1 2 21 54
8 4 20 55
4 2 21 55
3 2 21 57
3 3 21 61
2 2 21 61
7 7 21 64
7 2 21 67
8 2 21 67
1 2 21 69
8 2 21 70
6 2 21 83
1 2 21 83
4 6 21 85
8 5 21 90
2 4 21 90
5 3 21 90
6 2 20 90
7 2 21 91
4 2 21 91
1 2 20 91
3 3 20 90
6 3 20 92
1 2 20 91
4 2 20 92
7 3 21 91
5 2 22 2
7 3 22 3
7 2 22 12
8 2 21 12
3 3 20 12
4 2 21 13
7 2 22 11
5 2 22 12
5 4 22 19
8 2 21 19
4 4 20 19
1 4 22 20
2 2 21 20
8 6 22 33
2 3 21 33
3 2 20 33
8 2 20 33
5 2 21 32
7 4 21 32
8 2 22 31
4 2 21 31
5 2 22 31
3 2 22 33
4 2 21 34
2 3 21 33
6 2 21 32
8 3 22 31
7 2 22 32
6 3 22 32
8 2 22 32
5 2 21 33
1 2 21 32
7 2 21 32
1 2 22 31
7 2 22 32
8 2 22 31
5 3 22 39
4 2 22 42
6 3 22 43
3 2 22 43
8 2 22 44
7 2 21 44
6 2 21 45
4 2 21 45
2 2 20 45
7 2 22 44
6 2 22 51
4 3 22 52
6 2 22 55
8 2 22 56
6 2 22 58
7 19 22 58
8 2 22 60
4 5 22 60
5 4 21 60
1 2 22 69
3 2 22 73
2 2 22 75
3 2 21 76
5 2 22 78
4 2 21 78
6 2 22 98
8 2 23 5
2 2 22 5
4 4 22 5
7 2 22 5
3 3 23 5
8 3 23 6
1 2 22 7
3 3 23 18
4 2 23 20
8 3 23 22
2 2 23 24
3 3 22 24
4 2 21 24
7 3 21 23
6 3 23 25
4 2 23 25
3 2 23 24
3 3 23 27
4 2 23 30
6 2 23 34
3 2 22 34
8 3 21 34
8 4 23 43
2 3 23 46
8 2 23 46
3 4 23 50
6 3 23 50
6 2 23 55
7 2 23 55
1 2 22 55
7 3 22 54
2 2 22 53
5 2 21 53
6 3 21 52
8 2 21 54
3 2 21 54
5 2 20 55
7 2 21 55
3 2 22 54
7 2 23 51
2 2 23 61
3 2 23 62
6 2 23 63
4 7 23 72
6 2 22 73
5 2 22 72
7 2 22 71
7 2 23 70
2 2 22 70
3 2 23 70
6 3 23 71
1 3 22 71
4 2 23 72
5 2 23 74
2 2 23 73
1 2 23 76
4 2 23 80
1 3 23 80
6 2 23 81
5 2 23 81
3 2 23 80
7 2 23 89
6 3 23 88
4 2 23 88
5 3 22 88
1 3 22 88
8 2 23 86
4 2 23 92
2 3 23 93
1 2 23 93
6 3 22 93
7 2 22 92
3 2 22 93
2 2 21 93
1 6 24 3
5 2 24 11
3 2 24 13
5 2 24 13
8 2 23 14
4 3 24 15
3 2 24 16
7 4 24 22
3 2 24 24
7 3 24 25
1 3 23 26
6 2 23 25
5 2 22 25
3 2 23 25
4 3 24 30
2 2 24 39
4 3 24 39
8 3 24 38
6 4 23 39
1 2 22 39
1 2 24 39
2 2 23 39
5 2 24 41
1 2 23 41
2 2 23 41
5 2 24 41
5 2 24 44
3 2 24 45
6 2 23 45
5 3 22 45
2 2 24 56
5 2 24 60
3 2 24 66
5 2 24 66
2 2 24 85
8 2 24 94
2 2 24 95
6 2 24 94
5 2 23 94
5 2 24 98
8 3 24 99
4 3 25 2
4 2 25 4
8 2 24 5
5 4 25 4
6 2 25 6
4 4 25 6
2 3 24 6
2 3 25 9
8 2 25 9
7 3 25 9
4 4 25 8
3 3 25 12
6 2 24 13
7 3 24 13
2 2 25 20
3 4 25 23
1 2 24 23
2 3 24 23
5 2 25 28
5 2 25 37
6 3 25 37
2 2 25 39
4 2 25 38
7 3 25 40
8 3 24 41
7 2 24 41
3 2 23 42
1 2 24 41
6 3 24 40
6 2 25 40
5 2 25 39
4 2 25 41
3 2 25 41
8 2 25 41
2 2 24 41
7 2 25 40
6 8 25 52
7 2 25 53
1 4 24 54
8 6 24 54
4 3 24 54
6 2 25 52
2 2 25 52
6 2 25 68
5 2 25 70
4 2 25 70
3 3 25 71
6 2 25 80
3 2 25 79
2 2 25 78
2 2 25 85
4 3 25 84
5 3 25 84
3 6 25 86
2 2 25 86
5 2 25 86
4 2 25 86
8 2 24 86
4 2 24 86
4 2 25 91
6 2 25 90
5 4 24 91
2 5 24 90
5 2 23 90
3 2 24 91
8 2 25 91
1 2 25 91
8 2 25 91
7 2 25 90
5 3 25 91
3 4 26 1
2 2 26 1
5 2 26 4
1 3 26 6
4 2 26 6
8 2 26 6
7 2 26 5
3 2 25 5
8 2 26 4
7 2 26 4
6 2 26 12
5 3 26 16
7 2 26 19
6 2 26 21
6 2 26 28
1 3 26 29
4 4 26 38
2 2 26 38
6 2 26 43
6 4 26 53
5 3 25 53
8 2 26 54
4 2 26 56
5 2 26 56
1 2 26 56
2 2 25 56
8 4 24 56
6 2 26 58
4 2 25 58
6 2 25 58
3 2 25 57
2 3 26 60
6 2 26 61
3 3 25 62
5 2 26 60
2 2 26 60
3 2 25 60
7 3 24 60
3 3 23 60
2 3 26 66
3 2 25 66
8 2 24 66
4 2 23 66
1 2 24 66
8 2 26 69
5 2 26 71
6 2 26 72
2 3 26 75
8 2 25 75
2 6 26 78
5 2 26 78
1 2 25 79
8 2 26 77
4 2 26 80
8 2 25 81
7 3 26 79
6 2 26 78
3 3 26 81
6 2 26 83
5 3 26 83
1 2 26 82
4 2 26 84
4 2 26 87
8 2 26 87
6 4 26 91
8 2 26 94
6 2 26 94
5 2 26 94
1 3 26 97
5 3 26 97
4 2 26 100
3 2 25 100
7 3 26 99
6 2 26 99
1 2 26 99
2 2 27 2
7 2 27 3
5 2 27 5
3 2 27 5
1 2 27 5
2 2 27 12
4 2 27 12
1 3 27 19
4 3 27 25
5 2 27 25
1 2 27 24
7 3 26 25
4 3 25 25
7 2 27 29
2 2 27 28
8 2 27 30
6 3 27 30
1 2 27 29
5 2 27 29
4 2 27 31
6 2 27 30
1 2 27 29
4 2 27 41
2 3 27 48
1 2 27 50
8 2 27 50
7 2 27 50
6 3 27 51
8 2 27 65
7 2 26 66
8 2 27 76
5 2 26 76
3 3 27 80
6 2 27 82
8 2 27 81
4 2 26 82
6 2 26 81
5 2 26 80
3 2 27 80
7 2 26 80
5 2 27 79
1 2 26 79
5 2 26 79
8 2 26 79
2 2 26 80
7 2 27 79
4 3 27 78
7 2 27 85
4 3 27 88
3 2 27 88
2 4 26 89
6 3 27 88
8 3 27 90
1 2 27 91
1 2 27 94
8 5 26 94
4 2 25 94
1 3 25 94
7 2 24 95
6 3 25 94
6 2 27 93
3 2 27 96
1 2 28 2
2 4 28 2
8 3 27 2
4 3 27 2
3 2 28 8
8 2 28 8
7 2 27 9
3 3 28 8
5 2 28 11
7 3 27 12
2 6 28 14
6 4 28 16
6 2 28 23
1 2 28 27
3 4 28 28
2 2 28 38
1 3 28 41
8 2 27 41
5 2 28 47
8 2 28 48
6 2 28 57
3 2 28 60
1 2 28 60
2 3 28 75
8 2 28 76
5 2 28 78
6 2 28 80
8 2 28 82
6 2 27 82
3 2 26 82
6 2 26 81
7 2 28 88
8 2 28 87
5 2 28 88
3 3 27 88
7 2 28 87
6 2 28 89
7 4 27 90
8 2 27 90
2 2 28 92
1 3 29 1
4 3 29 1
1 3 29 4
3 3 28 4
5 3 29 2
3 2 29 4
8 3 29 14
8 2 29 25
6 3 29 33
4 4 29 33
5 2 28 33
4 2 27 33
3 3 28 34
3 2 29 38
4 2 28 38
4 2 29 46
8 2 29 53
3 3 29 58
6 3 29 58
2 2 29 60
6 2 29 60
2 2 29 64
5 3 29 67
3 2 28 68
4 2 29 70
1 2 29 71
7 3 29 75
8 2 29 75
2 2 29 76
7 2 29 77
4 2 28 78
5 4 29 89
6 2 29 93
5 4 29 98
3 2 30 1
6 3 30 3
3 2 30 11
3 2 30 14
7 3 30 19
5 3 30 26
7 3 30 27
3 2 30 34
6 4 30 35
1 4 29 35
4 2 30 34
1 2 30 37
5 4 29 37
8 3 29 37
4 2 29 36
3 3 28 37
6 2 28 36
4 2 29 37
2 2 29 38
7 3 28 39
6 4 30 38
8 5 30 36
5 2 30 35
7 2 30 37
6 2 30 37
1 3 30 36
3 2 29 38
3 2 30 35
8 3 29 35
2 2 30 34
6 2 30 34
1 3 30 36
8 2 30 38
2 2 30 39
8 2 29 40
5 2 30 39
4 3 30 43
8 2 30 50
5 2 30 53
6 2 30 53
8 3 30 60
5 5 30 61
8 5 30 70
3 2 30 71
6 2 30 72
4 2 29 73
3 3 30 75
5 3 29 75
2 2 30 74
7 2 30 78
2 2 30 97
2 4 31 3
7 3 31 4
2 2 31 6
5 2 30 6
1 3 31 14
5 2 30 15
3 2 31 15
4 5 31 18
1 3 31 23
3 7 31 25
2 2 31 26
4 2 31 62
8 3 31 63
8 2 31 70
1 2 31 76
4 4 31 76
8 2 30 77
2 3 31 76
7 2 30 76
6 2 31 85
1 2 31 88
5 2 31 89
1 2 31 92
7 2 31 91
3 2 31 95
6 2 31 95
7 2 30 96
4 2 31 99
1 5 32 2
6 2 32 3
8 2 32 3
7 2 32 3
1 3 31 3
2 3 31 3
7 2 31 2
5 2 30 3
4 3 32 16
5 2 32 26
7 2 32 26
6 2 32 27
2 2 32 26
4 2 32 41
4 2 32 46
5 2 32 48
3 3 32 61
7 3 32 66
6 2 31 66
1 4 30 66
7 2 29 66
1 2 29 66
2 3 29 66
8 3 28 67
4 2 29 65
8 2 29 65
1 2 29 65
4 3 29 65
5 2 31 64
3 2 31 63
5 2 30 63
1 2 30 62
7 5 30 63
5 2 31 61
6 4 30 61
3 2 31 61
7 2 31 60
2 2 32 61
7 4 32 62
6 5 32 66
7 2 32 77
2 3 32 77
2 2 32 95
8 2 33 7
2 3 33 10
8 2 33 9
1 5 33 11
7 2 33 12
5 2 33 12
3 2 33 15
7 2 33 23
4 4 32 23
8 2 32 23
5 2 33 23
2 3 32 24
1 2 33 27
8 3 32 27
4 2 32 26
3 2 32 25
6 4 32 24
3 5 33 26
1 2 33 25
3 2 33 26
2 3 33 25
5 4 33 39
2 4 33 50
3 5 32 50
2 2 32 49
7 2 31 50
6 2 31 49
1 2 31 49
7 2 31 50
4 2 33 50
6 11 32 50
1 4 33 61
4 2 33 64
2 2 33 66
5 2 33 70
6 3 33 73
4 2 33 73
1 2 33 72
7 2 33 74
5 2 33 80
3 2 33 80
4 3 33 86
7 4 33 86
5 2 32 86
2 2 31 86
6 4 32 87
3 2 33 85
2 2 33 92
1 3 33 98
6 2 32 98
1 4 31 98
7 2 32 97
2 2 32 98
4 2 32 99
5 2 34 1
4 2 34 12
2 3 34 12
4 2 34 12
8 2 34 12
3 4 34 17
2 2 33 17
6 2 34 18
2 2 34 21
7 4 34 28
7 2 34 34
4 2 34 43
8 2 34 48
1 2 34 52
5 2 34 52
4 14 34 52
2 3 34 54
8 3 34 54
7 3 33 54
1 2 34 57
7 3 33 58
4 2 33 57
2 4 34 58
6 2 33 59
1 2 34 58
5 3 34 58
6 3 34 57
3 2 34 59
5 3 34 65
6 3 34 66
3 3 34 68
4 2 34 67
4 2 34 71
3 3 34 71
5 2 33 72
8 7 33 72
1 2 34 72
7 3 34 72
1 2 34 74
2 2 34 73
4 2 34 77
8 2 34 77
8 2 34 79
8 2 34 85
2 2 34 86
3 3 34 86
4 2 34 85
5 2 34 87
8 3 34 87
6 2 34 88
1 4 33 89
3 3 33 88
8 2 32 88
6 2 32 88
1 2 32 89
8 3 34 91
3 2 34 93
2 3 34 98
4 3 34 98
4 3 35 3
3 2 35 6
5 3 35 10
4 3 35 9
1 2 35 11
8 3 35 10
3 2 35 20
1 3 35 23
6 3 34 25
1 2 33 25
4 2 34 26
1 2 34 26
8 2 33 26
4 2 35 27
3 5 34 28
5 2 34 27
2 2 33 28
5 2 32 28
7 2 34 28
2 5 34 28
8 2 33 28
1 2 34 27
6 2 33 27
1 2 32 27
6 2 32 27
1 2 35 49
5 2 35 57
4 2 35 58
5 3 35 68
8 2 35 67
3 4 34 68
1 2 33 68
4 2 34 68
6 2 35 69
5 2 35 71
3 2 35 72
5 4 35 72
7 3 35 71
2 2 35 72
1 2 35 72
8 2 35 95
8 2 36 3
3 3 36 4
2 3 36 7
5 2 36 6
4 5 36 14
1 2 36 24
5 2 36 49
7 2 36 51
2 2 36 52
3 3 36 66
8 3 36 67
2 2 35 67
3 2 36 68
7 3 36 77
1 2 35 77
7 2 35 77
3 4 35 77
3 2 36 92
6 2 36 97
8 3 35 97
3 2 35 96
1 2 35 97
4 3 35 96
5 2 35 95
5 2 35 98
8 2 36 97
6 3 37 7
2 2 37 8
5 4 37 8
8 2 37 11
5 2 36 11
5 3 37 16
8 4 37 16
1 3 37 17
7 2 37 16
3 4 36 16
7 5 36 16
1 4 37 35
6 2 37 51
3 2 37 59
2 2 37 72
1 5 37 74
2 2 37 75
7 2 37 74
4 2 36 74
2 2 36 74
4 2 37 77
8 2 37 99
6 3 38 10
1 2 38 10
2 3 38 10
4 2 38 11
1 2 37 12
3 3 36 12
7 2 36 11
7 5 37 11
4 2 37 10
6 2 37 9
3 4 37 11
4 2 38 10
6 4 38 16
5 2 38 17
3 2 38 17
3 5 38 27
6 2 38 47
8 3 38 47
4 3 38 57
7 4 38 57
1 3 37 58
8 2 37 58
5 2 37 57
2 2 37 59
6 2 37 59
7 2 38 57
1 2 38 57
6 2 38 58
4 3 37 58
6 3 36 58
4 2 36 58
6 2 38 59
5 2 38 65
8 2 38 64
7 2 37 64
3 2 38 73
7 2 38 73
8 2 37 73
3 2 36 73
4 2 37 73
1 2 38 73
2 2 38 77
2 2 38 100
3 2 39 14
4 3 39 16
3 2 39 17
5 2 38 18
8 3 39 17
1 2 39 20
2 2 39 38
4 9 39 49
7 2 39 64
1 3 39 70
5 2 39 85
7 2 39 96
1 3 40 9
4 2 40 12
2 3 40 48
3 2 39 48
6 2 40 50
1 2 40 49
2 2 40 50
5 2 40 51
4 2 40 59
8 5 40 71
8 2 40 74
6 2 40 74
6 2 40 79
8 2 39 79
7 2 39 79
3 2 40 99
5 3 41 7
1 2 41 6
7 3 40 7
2 4 40 7
8 5 39 7
1 3 38 7
4 2 39 6
8 2 41 15
8 2 41 20
1 2 41 21
8 2 41 36
1 2 41 59
3 2 41 59
3 2 41 63
7 2 41 62
4 4 41 63
5 4 41 67
8 5 41 69
3 3 40 69
4 2 41 79
4 2 42 8
5 2 42 14
3 2 41 15
2 2 40 15
6 2 42 20
5 2 41 20
5 3 42 48
8 3 42 78
7 2 42 96
1 4 43 12
3 4 43 40
7 2 43 38
1 2 43 59
1 2 43 64
7 3 43 67
4 2 43 69
2 2 42 69
8 2 41 69
2 2 40 69
8 2 39 69
2 3 38 69
4 2 39 69
2 2 43 96
4 4 43 99
2 3 43 99
8 3 44 13
5 2 43 13
3 2 44 13
6 3 44 17
1 2 44 21
4 6 44 51
2 2 44 51
6 3 44 51
3 2 44 62
1 2 44 64
8 3 44 63
6 3 43 64
6 2 44 66
8 2 44 66
5 5 44 66
4 2 44 68
1 2 44 74
4 2 43 74
8 2 44 74
2 2 44 79
6 2 45 8
7 2 45 10
2 2 45 38
1 2 45 74
2 2 45 74
7 2 46 38
1 2 47 7
6 2 47 8
4 3 47 9
8 2 47 38
6 2 47 64
1 2 46 64
1 2 48 10
5 2 47 10
2 2 48 15
7 2 47 15
2 2 48 67
8 2 48 68
1 2 48 74
8 3 48 92
5 2 49 9
6 2 48 9
1 2 49 71
3 2 48 71
8 4 50 10
1 3 49 11
1 2 51 11
1 2 52 100
6 2 53 100
4 2 52 100
