12981
2959
4 2 1 1
3 2 1 1
8 4 1 1
6 4 1 1
1 2 1 1
8 2 1 1
5 2 1 1
6 2 1 1
7 2 1 1
6 2 1 1
3 2 1 1
7 2 1 1
4 2 1 1
2 6 1 1
4 6 1 1
7 2 1 1
5 2 1 1
7 2 1 1
5 2 1 1
4 2 1 1
3 2 1 1
7 2 1 1
5 4 1 1
2 2 1 1
1 2 1 1
8 2 1 1
1 2 1 1
6 6 1 1
1 2 1 1
7 2 1 1
2 2 1 1
8 4 1 1
5 2 1 1
7 4 1 1
5 2 1 1
6 2 1 1
8 2 1 1
7 2 1 1
8 2 1 1
4 4 1 1
2 2 1 1
4 2 1 1
3 2 1 1
2 2 1 1
7 4 1 1
8 2 1 1
4 2 1 1
3 4 1 1
7 2 1 1
4 2 1 1
2 2 1 1
7 4 1 1
1 2 1 1
5 6 1 1
7 4 1 1
6 10 1 1
5 6 1 1
7 2 1 1
3 2 1 1
7 2 1 1
4 2 1 1
5 2 1 1
4 2 1 1
8 2 1 1
1 2 1 1
4 2 1 1
1 2 1 1
4 2 1 1
2 2 1 1
4 2 1 1
8 2 1 1
7 2 1 1
6 4 1 1
8 2 1 1
1 2 1 1
5 2 1 1
2 2 1 1
8 2 1 1
7 4 1 1
5 2 1 1
2 2 1 1
4 2 1 1
8 2 1 1
3 2 1 1
4 2 1 1
6 2 1 1
5 4 1 1
4 2 1 1
5 2 1 1
7 2 1 1
1 2 1 1
7 2 1 1
3 2 1 1
7 2 1 1
3 2 1 1
4 2 1 1
3 2 1 1
6 4 1 1
7 2 1 1
2 2 1 1
5 2 1 1
6 2 1 1
2 2 1 1
3 4 1 1
4 2 1 1
5 2 1 1
6 2 1 1
2 2 1 1
5 2 1 1
6 2 1 1
3 2 1 1
2 6 1 1
1 2 1 1
4 6 1 1
6 2 1 1
7 4 1 1
3 2 1 1
8 4 1 1
1 2 1 1
4 2 1 1
6 6 1 1
3 2 1 1
1 6 1 1
8 2 1 1
2 2 1 1
3 2 1 1
8 2 1 1
4 2 1 1
6 2 1 1
7 4 1 1
4 4 1 1
1 4 1 1
6 2 1 1
4 2 1 1
5 6 1 1
8 2 1 1
5 2 1 1
7 2 1 1
6 2 1 1
7 2 1 1
8 2 1 1
4 2 1 1
7 2 1 1
8 2 1 1
3 8 1 1
8 2 1 1
5 2 1 1
3 2 1 1
1 2 1 1
4 2 1 1
6 2 1 1
3 2 1 1
1 2 1 1
6 2 1 1
4 2 1 1
2 4 1 1
5 2 1 1
4 4 1 1
3 2 1 1
7 4 1 1
5 2 1 1
3 4 1 1
2 4 1 1
3 2 1 1
4 2 1 1
6 4 1 1
8 2 1 1
6 2 1 1
8 2 1 1
1 2 1 1
5 4 1 1
6 4 1 1
4 10 1 1
8 2 1 1
5 2 1 1
8 2 1 1
7 6 1 1
6 2 1 1
7 2 1 1
4 2 1 1
7 2 1 1
6 2 1 1
8 2 1 1
5 4 1 1
2 4 1 1
8 2 1 1
5 2 1 1
2 6 1 1
5 6 1 1
1 2 1 1
8 2 1 1
1 2 1 1
6 2 1 1
4 4 1 1
3 2 1 1
4 2 1 1
1 2 1 1
2 2 1 1
8 4 1 1
3 2 1 1
7 2 1 1
3 2 1 1
7 2 1 1
6 2 1 1
4 2 1 1
8 2 1 1
5 4 1 1
1 2 1 1
7 6 1 1
2 4 1 1
3 2 1 1
1 2 1 1
4 2 1 1
2 4 1 1
1 14 1 1
3 2 1 1
4 2 1 1
5 2 1 1
3 2 1 1
4 2 1 1
6 4 1 1
7 2 1 1
5 2 1 1
1 2 1 1
6 2 1 1
8 4 1 1
6 2 1 1
3 2 1 1
7 2 1 1
2 2 1 1
7 2 1 1
2 2 1 1
6 2 1 1
3 2 1 1
8 2 1 1
5 2 1 1
4 2 1 1
7 2 1 1
6 2 1 1
3 2 1 1
7 2 1 1
3 2 1 1
8 2 1 1
3 2 1 1
1 6 1 1
6 4 1 1
7 4 1 1
1 2 1 1
4 2 1 1
1 2 1 1
7 2 1 1
5 2 1 1
3 2 1 1
6 4 1 1
3 2 1 1
2 2 1 1
8 2 1 1
3 2 1 1
5 6 1 1
7 2 1 1
6 2 1 1
2 4 1 1
8 2 1 1
3 2 1 1
7 4 1 1
5 2 1 1
8 2 1 1
4 2 1 1
6 2 1 1
3 4 1 1
8 2 1 1
4 2 1 1
5 2 1 1
4 2 1 1
3 2 1 1
6 2 1 1
1 2 1 1
6 6 1 1
4 2 1 1
8 2 1 1
2 2 1 1
5 2 1 1
4 4 1 1
5 2 1 1
3 2 1 1
6 2 1 1
2 2 1 1
3 2 1 1
1 2 1 1
7 6 1 1
2 4 1 1
8 2 1 1
6 2 1 1
3 2 1 1
4 4 1 1
6 2 1 1
8 2 1 1
4 2 1 1
3 2 1 1
4 2 1 1
5 2 1 1
8 2 1 1
2 2 1 1
4 2 1 1
6 2 1 1
1 2 1 1
3 2 1 1
5 6 1 1
7 2 1 1
1 2 1 1
7 2 1 1
1 2 1 1
5 2 1 1
3 2 1 1
8 2 1 1
4 2 1 1
2 6 1 1
7 2 1 1
5 6 1 1
2 2 1 1
5 2 1 1
7 2 1 1
1 6 1 1
8 6 1 1
3 2 1 1
2 2 1 1
4 4 1 1
6 2 1 1
7 2 1 1
6 2 1 1
4 2 1 1
7 2 1 1
4 2 1 1
2 2 1 1
7 2 1 1
1 4 1 1
3 2 1 1
6 2 1 1
2 2 1 1
5 4 1 1
6 2 1 1
7 2 1 1
6 2 1 1
5 2 1 1
8 2 1 1
1 2 1 1
2 2 1 1
8 2 1 1
7 4 1 1
8 2 1 1
4 2 1 1
6 6 1 1
2 2 1 1
8 6 1 1
5 2 1 1
4 2 1 1
2 2 1 1
7 8 1 1
2 2 1 1
8 2 1 1
2 4 1 1
3 6 1 1
2 2 1 1
4 2 1 1
3 2 1 1
5 4 1 1
1 2 1 1
4 2 1 1
2 2 1 1
7 2 1 1
2 2 1 1
8 6 1 1
3 4 1 1
8 4 1 1
1 2 1 1
8 2 1 1
2 2 1 1
1 2 1 1
6 2 1 1
8 2 1 1
5 4 1 1
7 2 1 1
8 2 1 1
3 4 1 1
1 2 1 1
5 2 1 1
7 2 1 1
4 4 1 1
8 4 1 1
1 2 1 1
8 2 1 1
4 4 1 1
1 6 1 1
6 2 1 1
7 2 1 1
5 4 1 1
8 2 1 1
6 2 1 1
5 4 1 1
3 4 1 1
2 4 1 1
6 2 1 1
3 2 1 1
4 2 1 1
7 4 1 1
8 4 1 1
1 2 1 1
5 2 1 1
7 2 1 1
8 4 1 1
4 2 1 1
8 2 1 1
7 2 1 1
5 2 1 1
2 4 1 1
3 2 1 1
7 8 1 1
1 2 1 1
6 4 1 1
4 2 1 1
7 2 1 1
4 2 1 1
2 4 1 1
6 2 1 1
5 4 1 1
4 4 1 1
5 2 1 1
6 2 1 1
1 2 1 1
7 4 1 1
1 2 1 1
4 2 1 1
7 2 1 1
5 2 1 1
1 2 1 1
8 4 1 1
6 2 1 1
4 6 1 1
2 2 1 1
4 2 1 1
5 2 1 1
6 2 1 1
4 2 1 1
8 2 1 1
1 2 1 1
8 2 1 1
6 4 1 1
1 2 1 1
3 4 1 1
1 2 1 1
5 2 1 1
2 2 1 1
4 2 1 1
8 2 1 1
4 2 1 1
7 2 1 1
5 2 1 1
4 6 1 1
1 2 1 1
5 2 1 1
7 2 1 1
4 2 1 1
3 4 1 1
7 2 1 1
6 2 1 1
1 2 1 1
8 6 1 1
6 2 1 1
4 4 1 1
1 2 1 1
8 2 1 1
3 2 1 1
1 2 1 1
5 2 1 1
1 2 1 1
4 2 1 1
8 2 1 1
3 2 1 1
2 6 1 1
3 4 1 1
2 2 1 1
6 2 1 1
1 10 1 1
5 2 1 1
8 2 1 1
6 4 1 1
8 2 1 1
4 2 1 1
7 2 1 1
3 2 1 1
2 2 1 1
5 2 1 1
4 2 1 1
7 2 1 1
4 2 1 1
3 2 1 1
7 2 1 1
5 2 1 1
2 2 1 1
8 2 1 1
7 2 1 1
5 2 1 1
8 2 1 1
5 4 1 1
3 2 1 1
4 2 1 1
1 6 1 1
3 2 1 1
5 4 1 1
7 2 1 1
2 2 1 1
1 2 1 1
4 2 1 1
7 2 1 1
6 6 1 1
1 2 1 1
3 4 1 1
4 4 1 1
5 2 1 1
3 2 1 1
5 2 1 1
1 2 1 1
4 4 1 1
7 8 1 1
8 2 1 1
2 2 1 1
7 4 1 1
6 2 1 1
3 2 1 1
4 2 1 1
8 2 1 1
7 4 1 1
2 4 1 1
5 6 1 1
1 2 1 1
6 2 1 1
3 4 1 1
2 2 1 1
4 4 1 1
2 14 1 1
4 2 1 1
2 2 1 1
8 2 1 1
5 2 1 1
4 4 1 1
5 2 1 1
4 2 1 1
7 2 1 1
8 2 1 1
7 2 1 1
2 2 1 1
8 2 1 1
2 2 1 1
7 2 1 1
4 2 1 1
7 4 1 1
5 4 1 1
8 2 1 1
5 4 1 1
2 4 1 1
1 4 1 1
3 2 1 1
6 2 1 1
7 2 1 1
4 4 1 1
2 2 1 1
6 2 1 1
2 2 1 1
3 2 1 1
4 2 1 1
7 2 1 1
1 4 1 1
6 2 1 1
1 2 1 1
6 2 1 1
3 4 1 1
7 2 1 1
2 2 1 1
1 2 1 1
5 2 1 1
1 2 1 1
7 2 1 1
3 2 1 1
1 2 1 1
2 2 1 1
5 2 1 1
3 2 1 1
2 2 1 1
1 2 1 1
6 2 1 1
7 2 1 1
3 2 1 1
4 4 1 1
3 2 1 1
5 2 1 1
7 2 1 1
1 2 1 1
5 2 1 1
2 2 1 1
7 2 1 1
1 2 1 1
7 2 1 1
8 2 1 1
6 2 1 1
2 2 1 1
4 2 1 1
2 2 1 1
8 2 1 1
4 2 1 1
5 4 1 1
4 2 1 1
1 2 1 1
3 2 1 1
7 2 1 1
2 2 1 1
3 2 1 1
6 2 1 1
4 2 1 1
6 6 1 1
2 2 1 1
1 2 1 1
6 2 1 1
4 2 1 1
7 4 1 1
5 2 1 1
2 2 1 1
3 2 1 1
4 2 1 1
6 2 1 1
7 2 1 1
2 2 1 1
5 2 1 1
4 2 1 1
5 2 1 1
1 2 1 1
3 2 1 1
4 2 1 1
7 2 1 1
8 6 1 1
2 4 1 1
4 2 1 1
7 2 1 1
4 2 1 1
1 4 1 1
3 2 1 1
1 2 1 1
2 2 1 1
5 2 1 1
7 4 1 1
4 4 1 1
3 2 1 1
2 2 1 1
1 4 1 1
7 2 1 1
3 8 1 1
7 2 1 1
3 2 1 1
6 2 1 1
7 2 1 1
4 6 1 1
5 4 1 1
3 2 1 1
8 4 1 1
7 2 1 1
3 2 1 1
6 2 1 1
5 2 1 1
4 4 1 1
3 2 1 1
8 2 1 1
4 2 1 1
6 2 1 1
4 2 1 1
2 6 1 1
7 6 1 1
6 2 1 1
3 2 1 1
4 2 1 1
1 4 1 1
3 2 1 1
4 2 1 1
8 6 1 1
4 2 1 1
1 2 1 1
6 4 1 1
7 2 1 1
3 2 1 1
4 2 1 1
7 2 1 1
1 8 1 1
4 2 1 1
2 4 1 1
4 2 1 1
2 4 1 1
5 2 1 1
8 2 1 1
6 4 1 1
2 2 1 1
4 2 1 1
5 2 1 1
1 2 1 1
8 4 1 1
1 6 1 1
3 2 1 1
7 2 1 1
5 4 1 1
4 2 1 1
1 4 1 1
8 2 1 1
6 2 1 1
8 4 1 1
3 2 1 1
7 2 1 1
5 4 1 1
2 2 1 1
4 4 1 1
8 4 1 1
6 2 1 1
4 2 1 1
2 2 1 1
8 2 1 1
6 2 1 1
2 2 1 1
4 4 1 1
8 2 1 1
2 2 1 1
5 4 1 1
6 2 1 1
5 2 1 1
8 2 1 1
1 4 1 1
6 4 1 1
5 2 1 1
8 2 1 1
1 2 1 1
3 8 1 1
7 2 1 1
8 4 1 1
7 2 1 1
3 4 1 1
1 2 1 1
8 2 1 1
7 2 1 1
1 2 1 1
8 2 1 1
5 2 1 1
4 2 1 1
7 2 1 1
4 2 1 1
2 4 1 1
8 2 1 1
6 2 1 1
1 2 1 1
5 2 1 1
4 2 1 1
7 4 1 1
8 2 1 1
5 2 1 1
7 2 1 1
2 2 1 1
1 2 1 1
5 2 1 1
7 2 1 1
4 2 1 1
6 2 1 1
2 2 1 1
4 4 1 1
2 2 1 1
1 2 1 1
4 4 1 1
3 4 1 1
1 4 1 1
7 2 1 1
4 2 1 1
3 2 1 1
1 4 1 1
7 2 1 1
5 4 1 1
8 2 1 1
3 2 1 1
1 2 1 1
7 2 1 1
6 2 1 1
2 4 1 1
8 2 1 1
2 2 1 1
1 4 1 1
4 4 1 1
8 2 1 1
6 2 1 1
7 4 1 1
8 4 1 1
6 2 1 1
8 2 1 1
5 2 1 1
7 2 1 1
4 2 1 1
7 2 1 1
6 2 1 1
8 2 1 1
5 2 1 1
7 2 1 1
8 2 1 1
1 4 1 1
6 2 1 1
7 2 1 1
3 2 1 1
1 4 1 1
3 4 1 1
6 4 1 1
5 2 1 1
8 4 1 1
3 2 1 1
4 2 1 1
5 2 1 1
4 2 1 1
2 4 1 1
3 2 1 1
4 6 1 1
8 2 1 1
3 2 1 1
5 6 1 1
7 4 1 1
5 2 1 1
1 2 1 1
2 2 1 1
1 4 1 1
7 4 1 1
2 2 1 1
3 2 1 1
4 2 1 1
5 6 1 1
2 2 1 1
3 2 1 1
5 2 1 1
3 2 1 1
4 2 1 1
1 2 1 1
6 8 1 1
3 2 1 1
6 2 1 1
4 4 1 1
7 2 1 1
8 2 1 1
4 2 1 1
5 4 1 1
6 2 1 1
3 4 1 1
8 2 1 1
3 2 1 1
8 2 1 1
2 6 1 1
6 4 1 1
7 2 1 1
5 2 1 1
7 4 1 1
2 2 1 1
8 2 1 1
4 2 1 1
6 2 1 1
5 2 1 1
2 2 1 1
4 2 1 1
8 4 1 1
7 2 1 1
3 2 1 1
2 2 1 1
6 2 1 1
5 2 1 1
4 2 1 1
2 6 1 1
5 2 1 1
1 2 1 1
7 14 1 1
5 6 1 1
3 2 1 1
2 2 1 1
3 2 1 1
7 2 1 1
5 2 1 1
8 2 1 1
6 4 1 1
5 2 1 1
4 2 1 1
2 2 1 1
8 2 1 1
6 2 1 1
2 2 1 1
4 6 1 1
8 2 1 1
6 2 1 1
4 4 1 1
6 2 1 1
3 2 1 1
5 2 1 1
2 2 1 1
3 2 1 1
7 2 1 1
4 2 1 1
8 2 1 1
3 2 1 1
7 2 1 1
1 4 1 1
7 2 1 1
5 2 1 1
4 6 1 1
7 2 1 1
6 2 1 1
3 2 1 1
5 2 1 1
2 2 1 1
1 2 1 1
4 2 1 1
3 2 1 1
7 2 1 1
6 2 1 1
3 2 1 1
7 2 1 1
5 4 1 1
6 2 1 1
3 2 1 1
5 2 1 1
8 4 1 1
4 2 1 1
3 2 1 1
7 2 1 1
4 2 1 1
7 4 1 1
4 2 1 1
8 4 1 1
4 2 1 1
2 2 1 1
6 2 1 1
4 4 1 1
5 2 1 1
8 2 1 1
3 2 1 1
8 2 1 1
7 2 1 1
8 2 1 1
4 2 1 1
1 2 1 1
5 2 1 1
8 2 1 1
5 2 1 1
8 6 1 1
1 2 1 1
5 2 1 1
2 2 1 1
5 2 1 1
2 2 1 1
8 2 1 1
7 8 1 1
1 2 1 1
8 4 1 1
3 4 1 1
7 4 1 1
6 2 1 1
3 2 1 1
7 4 1 1
4 4 1 1
3 4 1 1
8 8 1 1
7 4 1 1
6 2 1 1
2 2 1 1
1 2 1 1
5 2 1 1
6 2 1 1
3 4 1 1
7 2 1 1
3 2 1 1
5 2 1 1
6 2 1 1
4 2 1 1
8 2 1 1
1 2 1 1
7 2 1 1
4 2 1 1
8 2 1 1
6 2 1 1
1 2 1 1
4 2 1 1
7 2 1 1
2 2 1 1
4 4 1 1
7 8 1 1
5 2 1 1
4 2 1 1
6 4 1 1
1 2 1 1
8 2 1 1
7 2 1 1
3 2 1 1
4 4 1 1
7 2 1 1
4 2 1 1
7 2 1 1
4 2 1 1
2 2 1 1
1 2 1 1
8 4 1 1
1 2 1 1
2 2 1 1
7 2 1 1
6 2 1 1
1 2 1 1
7 2 1 1
8 2 1 1
5 2 1 1
1 4 1 1
6 2 1 1
5 2 1 1
8 2 1 1
1 2 1 1
7 2 1 1
5 2 1 1
2 2 1 1
8 2 1 1
4 2 1 1
8 2 1 1
5 2 1 1
2 4 1 1
6 4 1 1
5 2 1 1
4 2 1 1
8 2 1 1
4 2 1 1
2 2 1 1
3 2 1 1
2 2 1 1
4 2 1 1
8 2 1 1
3 2 1 1
1 6 1 1
2 2 1 1
4 2 1 1
2 2 1 1
6 2 1 1
5 2 1 1
7 6 1 1
2 2 1 1
4 2 1 1
3 2 1 1
2 2 1 1
8 2 1 1
6 2 1 1
5 2 1 1
3 2 1 1
6 4 1 1
3 2 1 1
1 8 1 1
2 2 1 1
1 2 1 1
8 2 1 1
7 2 1 1
2 2 1 1
5 4 1 1
2 2 1 1
8 2 1 1
3 2 1 1
4 2 1 1
8 2 1 1
4 2 1 1
2 2 1 1
7 2 1 1
4 4 1 1
1 2 1 1
3 2 1 1
6 4 1 1
1 2 1 1
4 4 1 1
1 2 1 1
4 2 1 1
1 2 1 1
4 2 1 1
7 2 1 1
5 2 1 1
2 6 1 1
5 2 1 1
7 4 1 1
1 2 1 1
3 2 1 1
2 4 1 1
6 2 1 1
5 4 1 1
1 2 1 1
8 2 1 1
5 12 1 1
6 6 1 1
2 2 1 1
4 6 1 1
1 2 1 1
2 2 1 1
3 2 1 1
7 2 1 1
8 2 1 1
6 2 1 1
1 4 1 1
3 4 1 1
4 2 1 1
8 6 1 1
2 2 1 1
7 2 1 1
6 4 1 1
7 4 1 1
3 2 1 1
5 2 1 1
2 2 1 1
4 2 1 1
3 2 1 1
4 2 1 1
7 2 1 1
2 2 1 1
6 4 1 1
5 2 1 1
3 2 1 1
7 4 1 1
3 2 1 1
2 4 1 1
6 6 1 1
2 4 1 1
8 2 1 1
2 2 1 1
5 2 1 1
4 2 1 1
8 2 1 1
2 6 1 1
6 2 1 1
5 8 1 1
3 2 1 1
4 4 1 1
7 2 1 1
1 2 1 1
4 2 1 1
7 2 1 1
1 2 1 1
3 2 1 1
2 4 1 1
1 2 1 1
3 2 1 1
8 6 1 1
2 2 1 1
1 2 1 1
8 2 1 1
4 2 1 1
7 2 1 1
6 6 1 1
5 2 1 1
7 2 1 1
6 4 1 1
1 2 1 1
4 2 1 1
7 2 1 1
3 4 1 1
5 2 1 1
7 2 1 1
4 2 1 1
2 2 1 1
1 2 1 1
2 2 1 1
7 2 1 1
8 2 1 1
5 2 1 1
2 2 1 1
5 2 1 1
6 2 1 1
4 2 1 1
8 2 1 1
6 6 1 1
3 2 1 1
4 2 1 1
8 2 1 1
3 2 1 1
4 2 1 1
5 2 1 1
2 2 1 1
3 2 1 1
6 2 1 1
3 2 1 1
2 2 1 1
4 2 1 1
7 4 1 1
4 4 1 1
7 2 1 1
6 2 1 1
7 2 1 1
8 2 1 1
3 8 1 1
6 2 1 1
5 4 1 1
3 2 1 1
8 4 1 1
3 2 1 1
4 2 1 1
1 2 1 1
4 2 1 1
5 2 1 1
1 2 1 1
6 2 1 1
2 4 1 1
6 2 1 1
7 4 1 1
4 4 1 1
3 2 1 1
1 2 1 1
3 2 1 1
4 2 1 1
2 2 1 1
7 12 1 1
6 2 1 1
5 2 1 1
3 4 1 1
6 2 1 1
3 2 1 1
7 2 1 1
4 2 1 1
1 4 1 1
7 2 1 1
6 2 1 1
2 2 1 1
4 4 1 1
2 2 1 1
4 2 1 1
5 2 1 1
7 4 1 1
5 2 1 1
3 2 1 1
4 6 1 1
2 4 1 1
6 4 1 1
4 4 1 1
2 2 1 1
4 2 1 1
1 2 1 1
2 2 1 1
3 2 1 1
2 2 1 1
5 4 1 1
6 2 1 1
4 4 1 1
7 2 1 1
8 2 1 1
2 6 1 1
5 2 1 1
8 2 1 1
5 2 1 1
8 2 1 1
5 2 1 1
8 2 1 1
1 6 1 1
7 2 1 1
8 2 1 1
6 2 1 1
8 2 1 1
2 2 1 1
7 2 1 1
2 2 1 1
5 4 1 1
7 2 1 1
8 2 1 1
6 4 1 1
2 2 1 1
4 4 1 1
6 2 1 1
4 2 1 1
2 2 1 1
1 4 1 1
4 2 1 1
6 2 1 1
8 2 1 1
2 4 1 1
3 2 1 1
2 4 1 1
6 2 1 1
5 2 1 1
6 2 1 1
8 2 1 1
4 2 1 1
8 2 1 1
2 6 1 1
7 2 1 1
3 2 1 1
4 2 1 1
3 2 1 1
8 2 1 1
2 2 1 1
4 2 1 1
7 4 1 1
1 2 1 1
7 2 1 1
1 2 1 1
7 2 1 1
2 2 1 1
7 2 1 1
4 2 1 1
6 4 1 1
8 2 1 1
6 2 1 1
3 2 1 1
7 4 1 1
4 8 1 1
2 2 1 1
8 2 1 1
5 4 1 1
2 2 1 1
4 2 1 1
6 2 1 1
5 2 1 1
7 4 1 1
5 2 1 1
1 2 1 1
3 2 1 1
8 4 1 1
7 4 1 1
1 2 1 1
3 2 1 1
1 6 1 1
8 2 1 1
2 2 1 1
1 2 1 1
5 2 1 1
1 2 1 1
8 2 1 1
3 2 1 1
4 2 1 1
7 2 1 1
3 4 1 1
1 2 1 1
7 2 1 1
5 2 1 1
3 2 1 1
6 4 1 1
8 2 1 1
1 2 1 1
6 4 1 1
3 2 1 1
5 4 1 1
4 2 1 1
7 4 1 1
1 2 1 1
3 2 1 1
8 2 1 1
6 4 1 1
1 2 1 1
2 10 1 1
4 4 1 1
6 4 1 1
5 4 1 1
4 6 1 1
1 2 1 1
7 4 1 1
2 2 1 1
1 2 1 1
2 2 1 1
7 2 1 1
1 2 1 1
4 2 1 1
1 2 1 1
2 2 1 1
8 2 1 1
7 2 1 1
6 4 1 1
4 2 1 1
7 8 1 1
3 4 1 1
8 6 1 1
2 2 1 1
8 2 1 1
7 2 1 1
5 2 1 1
7 2 1 1
4 2 1 1
7 2 1 1
1 2 1 1
8 2 1 1
5 2 1 1
4 2 1 1
8 2 1 1
1 2 1 1
2 2 1 1
8 2 1 1
7 2 1 1
1 2 1 1
3 2 1 1
6 4 1 1
3 2 1 1
7 4 1 1
3 2 1 1
2 10 1 1
6 2 1 1
5 2 1 1
6 2 1 1
8 2 1 1
7 2 1 1
2 2 1 1
4 2 1 1
8 2 1 1
5 2 1 1
1 6 1 1
8 2 1 1
4 2 1 1
1 2 1 1
2 2 1 1
8 2 1 1
4 2 1 1
7 4 1 1
1 2 1 1
2 2 1 1
7 4 1 1
1 2 1 1
3 4 1 1
8 2 1 1
4 2 1 1
6 2 1 1
2 2 1 1
3 2 1 1
2 2 1 1
1 2 1 1
5 6 1 1
1 2 1 1
6 2 1 1
3 2 1 1
4 4 1 1
1 2 1 1
4 2 1 1
2 4 1 1
3 2 1 1
4 6 1 1
8 2 1 1
7 2 1 1
8 2 1 1
4 2 1 1
2 2 1 1
3 2 1 1
6 2 1 1
7 2 1 1
8 2 1 1
3 4 1 1
8 2 1 1
3 2 1 1
4 2 1 1
5 2 1 1
6 4 1 1
2 2 1 1
7 2 1 1
2 2 1 1
4 2 1 1
3 2 1 1
2 2 1 1
5 2 1 1
2 4 1 1
6 2 1 1
3 2 1 1
6 2 1 1
2 4 1 1
8 2 1 1
5 4 1 1
8 2 1 1
5 2 1 1
7 2 1 1
8 2 1 1
2 2 1 1
1 4 1 1
8 2 1 1
5 2 1 1
4 2 1 1
8 2 1 1
3 6 1 1
2 2 1 1
3 2 1 1
1 2 1 1
2 2 1 1
6 2 1 1
2 2 1 1
4 2 1 1
2 4 1 1
8 8 1 1
4 4 1 1
6 2 1 1
1 6 1 1
2 12 1 1
4 2 1 1
8 6 1 1
3 4 1 1
7 2 1 1
6 2 1 1
2 2 1 1
4 2 1 1
2 2 1 1
5 4 1 1
7 4 1 1
5 2 1 1
6 2 1 1
7 10 1 1
2 2 1 1
1 2 1 1
3 2 1 1
2 4 1 1
3 2 1 1
6 6 1 1
7 2 1 1
4 2 1 1
6 2 1 1
8 2 1 1
3 2 1 1
6 2 1 1
1 4 1 1
5 2 1 1
4 2 1 1
3 6 1 1
8 2 1 1
7 6 1 1
5 2 1 1
4 2 1 1
3 6 1 1
2 2 1 1
6 4 1 1
7 2 1 1
1 2 1 1
8 2 1 1
2 4 1 1
3 2 1 1
6 2 1 1
7 2 1 1
3 2 1 1
7 2 1 1
4 2 1 1
6 2 1 1
5 4 1 1
2 2 1 1
5 2 1 1
6 2 1 1
3 2 1 1
1 2 1 1
6 2 1 1
7 2 1 1
4 2 1 1
8 2 1 1
5 18 1 1
6 2 1 1
8 2 1 1
6 2 1 1
2 4 1 1
6 6 1 1
8 2 1 1
3 4 1 1
8 4 1 1
2 2 1 1
1 2 1 1
4 4 1 1
5 6 1 1
4 2 1 1
2 2 1 1
3 2 1 1
6 2 1 1
5 2 1 1
8 2 1 1
6 2 1 1
3 2 1 1
1 2 1 1
7 4 1 1
4 6 1 1
6 2 1 1
1 2 1 1
2 2 1 1
8 2 1 1
2 2 1 1
4 2 1 1
8 2 1 1
1 4 1 1
2 2 1 1
8 2 1 1
4 2 1 1
1 2 1 1
7 2 1 1
6 4 1 1
1 2 1 1
5 2 1 1
7 4 1 1
3 2 1 1
2 2 1 1
5 2 1 1
8 6 1 1
7 2 1 1
6 2 1 1
4 2 1 1
3 2 1 1
1 4 1 1
6 2 1 1
4 4 1 1
8 2 1 1
6 2 1 1
7 2 1 1
3 2 1 1
7 4 1 1
2 6 1 1
8 2 1 1
4 2 1 1
6 2 1 1
7 2 1 1
3 2 1 1
4 4 1 1
8 2 1 1
5 4 1 1
1 2 1 1
4 2 1 1
2 4 1 1
4 4 1 1
8 2 1 1
6 2 1 1
2 4 1 1
5 4 1 1
2 2 1 1
7 2 1 1
6 2 1 1
8 2 1 1
2 2 1 1
3 6 1 1
8 2 1 1
4 2 1 1
8 2 1 1
2 2 1 1
6 2 1 1
5 2 1 1
2 2 1 1
3 2 1 1
7 2 1 1
4 2 1 1
7 2 1 1
5 2 1 1
8 2 1 1
2 2 1 1
8 6 1 1
4 2 1 1
2 2 1 1
3 2 1 1
4 2 1 1
1 4 1 1
3 2 1 1
5 2 1 1
6 2 1 1
7 2 1 1
2 4 1 1
5 8 1 1
8 2 1 1
2 4 1 1
3 4 1 1
7 2 1 1
3 2 1 1
1 2 1 1
4 2 1 1
1 2 1 1
6 2 1 1
8 4 1 1
4 4 1 1
6 2 1 1
7 2 1 1
2 2 1 1
6 2 1 1
2 2 1 1
7 2 1 1
2 2 1 1
3 4 1 1
1 2 1 1
2 4 1 1
1 2 1 1
7 2 1 1
2 2 1 1
1 4 1 1
7 2 1 1
6 2 1 1
5 2 1 1
2 2 1 1
8 2 1 1
6 4 1 1
7 2 1 1
4 4 1 1
1 2 1 1
6 4 1 1
1 2 1 1
3 2 1 1
1 2 1 1
3 2 1 1
2 8 1 1
4 2 1 1
7 2 1 1
1 2 1 1
2 2 1 1
5 2 1 1
3 4 1 1
5 2 1 1
8 2 1 1
6 2 1 1
2 2 1 1
6 2 1 1
7 2 1 1
6 2 1 1
8 2 1 1
4 2 1 1
1 8 1 1
2 2 1 1
4 2 1 1
6 2 1 1
1 6 1 1
5 2 1 1
1 2 1 1
6 8 1 1
4 4 1 1
7 2 1 1
2 2 1 1
1 2 1 1
3 6 1 1
8 2 1 1
7 2 1 1
6 2 1 1
4 8 1 1
3 2 1 1
7 2 1 1
5 2 1 1
6 2 1 1
1 2 1 1
4 2 1 1
3 6 1 1
2 6 1 1
4 2 1 1
1 4 1 1
6 2 1 1
7 6 1 1
3 2 1 1
6 4 1 1
4 4 1 1
2 2 1 1
8 2 1 1
2 2 1 1
4 2 1 1
2 2 1 1
6 2 1 1
7 2 1 1
8 2 1 1
3 2 1 1
6 6 1 1
5 4 1 1
6 2 1 1
8 2 1 1
7 2 1 1
2 4 1 1
3 2 1 1
6 2 1 1
1 2 1 1
5 2 1 1
2 2 1 1
8 2 1 1
2 2 1 1
3 2 1 1
5 2 1 1
8 2 1 1
5 4 1 1
7 2 1 1
3 2 1 1
1 2 1 1
7 2 1 1
1 2 1 1
4 4 1 1
6 2 1 1
4 2 1 1
6 2 1 1
3 2 1 1
2 2 1 1
8 2 1 1
4 2 1 1
1 2 1 1
4 2 1 1
6 2 1 1
4 4 1 1
5 6 1 1
3 6 1 1
2 4 1 1
5 2 1 1
1 2 1 1
8 2 1 1
5 4 1 1
7 4 1 1
4 2 1 1
8 2 1 1
4 2 1 1
5 2 1 1
2 2 1 1
4 2 1 1
5 2 1 1
4 2 1 1
6 4 1 1
5 2 1 1
3 7 1 1
4 2 1 1
3 2 1 1
2 2 1 1
6 2 1 1
3 2 1 1
4 4 1 1
7 4 1 1
8 2 1 1
5 6 1 1
8 2 1 1
1 4 1 1
4 2 1 1
3 2 1 1
5 2 1 1
4 2 1 1
6 2 1 1
4 2 1 1
6 2 1 1
5 2 1 1
8 2 1 1
1 2 1 1
8 2 1 1
4 2 1 1
7 9 1 1
5 2 1 1
3 2 1 1
6 2 1 1
1 2 1 1
2 6 1 1
7 2 1 1
4 3 1 1
7 7 1 1
1 2 1 1
6 2 1 1
7 2 1 1
2 2 1 1
7 2 1 1
2 2 1 1
7 2 1 1
3 2 1 1
6 2 1 1
7 2 1 1
4 2 1 1
6 2 1 1
8 3 1 1
1 2 1 1
3 2 1 1
6 2 1 1
3 2 1 1
2 3 1 1
1 4 1 1
4 2 1 1
7 4 1 1
5 5 1 1
3 2 1 1
4 2 1 1
2 2 1 1
4 2 1 1
5 2 1 1
8 2 1 1
5 2 1 1
1 2 1 1
3 2 1 1
6 4 1 1
2 2 1 1
1 2 1 1
3 3 1 1
2 7 1 1
8 2 1 1
6 2 1 4
3 2 1 5
3 3 1 9
5 3 1 11
8 3 1 19
5 3 1 19
2 4 1 25
6 3 1 26
2 2 1 33
4 2 1 32
3 2 1 35
7 5 1 34
5 2 1 34
8 2 1 36
2 2 1 40
7 2 1 40
4 2 1 40
1 3 1 41
6 4 1 40
7 2 1 44
4 2 1 43
1 2 1 46
8 2 1 45
2 2 1 46
5 3 2 4
1 2 1 4
7 2 2 11
2 2 1 11
8 4 2 14
7 3 2 13
6 2 2 13
4 2 2 15
3 3 2 19
4 2 2 23
5 3 2 26
6 3 2 27
4 2 2 26
1 2 2 26
3 2 2 34
7 3 2 38
4 2 1 38
7 4 3 3
5 2 3 3
7 3 3 8
2 2 2 8
8 4 1 8
5 2 2 6
4 2 3 9
3 2 3 9
1 3 3 12
2 3 3 18
5 2 3 17
6 3 3 24
2 2 3 29
5 3 3 29
6 2 3 28
2 6 3 28
8 2 3 27
5 2 2 27
6 2 2 26
5 4 3 26
1 4 3 26
7 2 3 29
1 3 2 29
2 2 1 29
1 2 3 29
2 2 3 30
8 2 3 32
3 5 3 34
4 2 3 32
1 3 3 32
6 2 2 33
4 2 2 33
3 3 3 33
7 4 3 42
3 2 3 41
4 5 3 42
8 2 3 42
2 5 2 42
6 2 3 48
2 5 4 4
1 5 3 4
4 2 2 4
6 2 2 3
3 3 1 3
2 3 1 4
4 2 3 5
1 2 4 18
4 2 4 19
7 2 4 18
3 2 4 19
1 2 4 20
6 5 3 21
1 2 4 20
8 3 3 20
1 4 3 19
6 2 4 35
4 2 4 39
2 2 4 39
3 2 4 39
6 2 4 39
1 2 4 40
6 3 4 42
6 5 4 46
6 2 4 48
4 3 4 48
7 2 4 48
6 3 4 48
8 2 5 2
4 6 4 2
5 2 5 3
4 3 5 2
2 3 5 4
1 5 4 4
4 3 5 6
8 4 4 6
5 2 5 12
3 2 4 12
1 2 5 15
3 3 4 16
7 2 5 35
2 2 5 41
4 2 4 41
1 3 4 41
2 2 5 46
1 4 5 48
4 3 6 2
1 3 6 2
8 2 6 1
7 3 6 1
5 3 5 3
3 2 6 3
6 2 6 5
1 2 6 4
6 2 5 4
4 2 6 7
6 2 6 12
5 2 6 15
7 3 6 20
1 2 6 20
8 3 6 23
4 2 5 23
8 2 5 23
4 3 5 23
3 2 6 29
8 5 6 38
4 2 6 37
3 2 6 39
7 2 5 39
5 2 5 38
8 2 5 38
1 2 4 38
2 2 5 37
6 2 5 39
5 2 5 38
3 4 5 39
4 3 4 39
8 2 3 39
3 2 4 39
7 2 4 39
2 3 3 40
1 2 3 40
7 2 6 41
7 2 7 5
7 2 7 8
1 2 7 8
8 2 6 8
3 4 5 8
6 3 5 7
5 4 4 7
1 2 7 6
6 3 7 7
4 2 7 7
7 2 7 8
8 2 7 7
5 2 7 12
2 2 7 13
6 3 7 13
8 2 7 12
4 2 6 12
4 2 7 19
7 2 7 23
4 2 7 33
6 3 7 41
1 3 7 40
8 2 6 40
3 2 7 43
5 2 7 45
4 2 8 1
5 3 8 1
4 2 8 2
7 4 8 3
1 2 8 2
5 2 8 6
4 3 8 9
7 2 8 9
1 2 8 15
4 3 8 19
8 3 8 19
2 3 8 18
7 2 8 17
2 5 8 17
8 2 8 19
4 3 8 22
7 3 8 21
1 2 8 20
8 4 8 21
4 2 8 22
3 2 8 34
5 2 8 35
7 2 8 39
8 2 8 48
1 2 9 3
4 3 8 3
1 3 8 3
2 2 8 2
5 2 8 2
2 3 9 4
8 2 9 6
1 2 9 8
7 2 9 9
3 2 9 10
7 2 9 16
2 2 9 17
5 2 9 18
6 4 9 25
1 4 9 27
2 2 8 28
1 2 8 28
5 2 8 28
3 2 9 26
8 2 9 29
3 5 9 36
4 2 9 39
3 2 9 40
5 4 8 40
3 3 9 46
2 2 9 50
7 2 10 8
1 3 10 12
3 5 10 11
6 4 9 12
7 5 9 12
4 4 8 12
8 4 10 11
3 3 10 18
4 2 10 20
4 2 10 31
3 2 10 43
8 3 10 49
5 2 9 49
1 3 8 49
4 2 8 49
7 2 9 49
4 3 11 5
7 3 11 8
4 3 11 7
5 2 11 6
3 2 11 5
8 2 11 5
4 2 11 6
8 2 11 6
1 2 11 8
5 2 11 8
1 2 11 8
8 3 11 29
6 2 11 30
7 3 11 31
6 2 11 34
3 4 11 34
8 2 11 40
4 2 11 39
3 2 11 39
1 2 11 38
5 2 11 39
2 4 10 40
7 3 10 39
3 2 10 39
6 2 10 40
5 2 10 41
8 2 9 41
6 2 11 40
1 2 11 39
3 2 11 40
5 2 10 41
7 2 11 41
3 2 10 41
6 3 11 46
6 2 12 2
2 2 12 5
2 4 12 8
4 3 12 8
3 2 12 7
4 2 11 7
7 3 12 10
6 4 12 16
8 5 12 15
2 2 12 16
3 2 11 17
4 2 12 16
1 2 12 23
4 2 12 24
1 2 12 27
7 2 12 36
6 3 12 37
1 2 12 41
4 4 12 46
7 3 12 46
6 2 12 48
5 2 12 50
6 3 13 14
8 2 13 16
5 2 13 15
4 2 13 14
5 3 13 14
3 2 12 14
8 2 13 14
2 2 13 15
4 10 13 17
8 3 13 22
6 2 13 23
2 2 12 23
6 2 12 22
3 2 12 23
3 3 13 29
1 2 12 30
3 4 13 30
5 2 12 30
2 3 13 29
1 2 13 32
2 2 13 35
5 2 13 40
1 2 13 45
6 2 13 45
4 5 13 48
7 5 13 48
3 3 12 48
1 3 13 48
6 2 14 3
4 2 14 3
1 3 14 5
2 2 14 6
6 2 14 7
3 9 14 18
8 2 14 20
7 3 14 25
2 3 13 25
7 2 12 25
4 5 13 24
5 2 14 26
5 2 14 33
4 3 14 35
6 2 14 40
3 3 13 40
2 3 13 39
2 2 14 40
8 3 13 40
7 2 14 48
6 2 15 1
1 2 15 7
3 2 15 14
2 2 15 23
2 3 15 27
6 3 15 27
4 4 15 27
1 3 15 26
6 2 15 32
2 2 15 32
3 2 15 31
1 2 15 31
3 2 15 31
5 2 15 32
1 6 15 33
8 2 15 41
1 2 15 41
6 3 15 44
1 3 15 46
5 2 15 46
1 2 15 48
8 6 14 48
6 2 15 46
2 2 15 49
4 2 15 49
7 2 15 50
7 2 16 1
2 2 16 2
1 3 15 2
1 2 16 4
4 2 16 4
5 3 16 12
4 4 16 21
2 2 16 22
7 2 16 22
5 2 16 23
8 2 16 29
7 5 16 30
7 2 16 35
2 2 16 34
6 5 15 35
5 2 15 34
2 3 14 35
3 2 13 35
8 2 12 35
1 4 14 35
8 3 15 35
3 3 16 36
7 2 15 36
6 3 15 35
2 2 16 40
1 2 16 40
2 2 16 45
5 3 16 47
5 3 17 3
4 2 17 5
7 3 17 5
8 5 17 13
3 2 16 14
7 3 17 12
4 3 16 12
6 2 16 12
5 2 16 14
2 2 16 13
8 4 15 13
1 3 15 15
3 2 14 15
7 2 16 12
3 4 17 14
6 4 17 15
4 2 16 15
8 2 17 17
7 2 17 23
8 2 16 23
7 2 16 23
6 3 16 24
1 2 17 23
8 2 17 39
6 2 16 39
7 4 17 42
2 4 17 44
4 5 17 45
7 2 17 45
5 2 17 44
8 2 17 43
2 2 17 43
3 4 16 44
1 2 17 42
3 3 17 44
1 2 18 5
3 3 18 10
8 2 17 11
6 2 18 12
7 2 18 13
8 2 17 13
6 2 18 13
8 2 18 18
8 3 18 20
7 4 18 24
6 3 18 34
8 2 18 37
6 4 18 38
1 2 18 39
2 4 18 39
4 2 17 40
6 3 17 39
7 2 17 39
8 2 18 40
5 2 18 45
4 3 17 45
8 2 18 49
8 2 19 3
5 2 19 5
6 2 19 7
1 2 19 11
8 3 18 11
7 2 19 21
4 3 19 24
4 2 19 34
2 3 19 41
5 3 19 41
6 3 19 41
7 2 19 45
8 2 19 45
4 2 18 45
7 2 18 45
2 2 18 46
3 2 18 45
4 2 18 45
6 2 17 46
8 2 18 44
8 2 19 46
5 3 19 46
1 2 18 46
2 2 18 46
3 3 19 46
6 3 19 47
8 3 19 48
1 3 19 48
6 2 19 48
4 2 19 47
5 3 18 47
1 2 18 46
7 2 18 47
2 2 18 46
8 3 17 46
1 4 16 46
3 2 18 48
4 4 17 48
5 3 17 47
1 3 17 47
6 4 16 48
7 2 15 48
8 3 16 48
7 2 16 49
8 2 15 50
2 2 17 47
5 2 17 48
4 2 19 46
1 2 19 45
3 2 18 46
7 2 19 47
3 3 19 46
4 4 20 12
3 2 20 16
2 3 20 17
8 2 20 27
6 3 20 37
2 2 20 37
3 4 20 42
7 2 20 44
2 2 20 47
5 2 20 46
8 2 20 45
4 5 20 46
2 3 21 5
4 2 21 7
8 2 20 7
3 4 20 7
3 2 21 14
6 2 21 18
1 3 21 20
2 2 21 20
5 2 21 20
3 2 21 21
4 2 21 20
2 2 21 23
3 3 21 25
4 2 21 27
3 4 20 27
6 5 20 27
5 2 21 31
3 2 21 31
6 5 20 32
8 2 20 30
2 2 20 31
5 2 20 32
8 2 20 31
5 2 21 40
4 3 21 39
6 2 20 41
7 3 21 39
4 2 21 39
5 2 21 41
4 2 22 3
6 3 22 5
1 2 22 9
7 3 21 9
8 3 21 8
5 3 21 9
2 6 22 8
8 4 22 8
2 2 22 24
6 3 21 24
4 2 21 23
1 2 21 23
7 2 21 24
4 2 22 22
3 2 22 25
2 3 22 34
3 2 22 36
1 2 22 36
8 2 22 36
7 2 22 35
4 3 21 35
3 3 21 34
8 3 20 34
5 2 20 34
7 2 19 35
8 2 20 35
4 3 20 34
6 4 19 35
7 3 20 33
4 2 20 34
2 2 20 36
3 2 19 36
7 2 20 36
8 4 21 34
1 3 21 34
6 2 21 36
3 2 21 36
1 3 22 37
5 2 22 38
4 2 22 39
2 2 21 39
3 2 21 38
5 4 22 38
6 2 21 38
7 2 21 38
2 2 21 39
6 2 22 41
5 2 22 41
3 2 21 41
2 2 20 41
7 4 20 41
8 2 20 41
6 2 21 42
8 2 22 48
6 3 22 47
2 4 23 1
5 4 23 7
1 2 23 6
3 2 23 14
5 2 23 16
6 2 23 29
1 4 22 29
2 3 23 37
2 3 24 14
8 2 24 19
2 3 24 18
5 2 24 25
6 2 23 25
7 2 23 25
6 4 24 25
3 2 24 27
3 2 24 29
8 2 24 29
4 2 24 31
2 3 24 31
4 2 24 31
5 2 23 31
4 2 24 31
4 2 24 33
7 6 23 33
4 3 23 32
4 2 24 34
2 2 23 35
8 2 23 34
6 2 24 41
7 3 24 44
8 2 24 49
4 2 24 48
8 2 25 5
7 2 25 6
2 3 25 11
8 2 24 12
6 2 24 12
1 2 23 13
4 2 23 13
5 2 23 13
6 3 22 14
3 2 23 12
2 3 22 13
1 2 23 11
7 2 23 10
5 2 24 13
1 2 24 15
7 3 25 11
8 2 25 10
3 3 24 10
2 2 25 12
4 2 25 12
7 3 24 12
1 2 25 15
2 3 24 16
3 3 24 17
6 2 25 16
7 2 25 15
8 3 25 15
5 2 25 14
2 2 25 13
3 2 25 12
6 3 25 16
8 3 25 19
2 3 25 23
1 2 24 24
6 2 25 23
5 2 25 23
4 2 25 26
7 2 25 30
8 2 25 30
1 2 24 30
3 4 25 31
7 2 25 31
5 2 24 31
8 2 24 31
1 2 24 32
5 2 25 36
5 3 25 40
2 2 24 40
7 2 24 41
1 2 25 39
6 4 24 40
1 2 23 40
8 3 22 40
5 2 22 39
1 2 25 43
4 2 25 49
1 2 25 48
5 2 25 47
2 3 25 46
2 2 26 4
1 4 25 4
2 2 25 4
5 2 24 4
3 2 26 3
4 2 26 6
2 2 26 7
5 2 25 7
6 2 26 10
5 3 25 10
1 2 26 10
2 2 25 10
5 2 26 23
3 4 26 27
6 2 26 26
1 2 26 29
2 3 26 31
3 2 25 31
7 2 26 30
5 2 26 30
6 2 26 32
7 2 25 32
4 2 25 33
5 2 26 39
6 2 26 39
2 2 26 47
8 2 25 47
1 2 25 46
1 2 27 1
5 2 27 4
6 4 27 8
2 3 27 7
1 2 26 7
8 2 26 6
3 2 27 8
4 3 26 8
2 2 27 7
7 3 27 9
6 2 27 15
4 2 27 16
7 2 26 16
4 3 25 16
3 3 27 22
8 2 26 22
7 2 26 21
8 2 27 20
5 5 27 23
7 3 27 28
2 3 27 28
1 2 27 28
3 2 27 28
6 3 27 42
4 3 26 42
2 2 26 41
1 2 27 44
5 2 27 46
4 3 28 1
3 2 27 3
7 2 27 2
2 2 27 3
2 2 28 5
6 2 28 12
3 4 28 15
5 2 27 15
6 2 28 16
4 5 28 17
2 3 28 16
7 2 28 16
4 4 27 16
2 3 28 16
1 2 27 16
7 2 28 23
4 2 27 24
2 2 28 22
8 3 28 25
5 2 28 28
2 3 27 28
5 2 27 27
4 2 28 29
6 2 28 33
8 3 28 35
6 2 28 35
4 2 28 44
6 2 29 6
6 2 29 13
6 2 29 19
7 2 29 19
5 2 29 29
8 2 29 42
5 3 28 42
1 3 28 42
2 2 28 41
3 3 29 44
8 2 29 50
3 2 29 49
8 2 30 4
2 5 30 3
3 2 30 6
8 2 30 6
7 2 30 9
6 5 30 11
3 2 30 11
4 3 30 14
5 2 30 18
8 5 29 18
2 2 30 23
5 3 30 26
6 2 30 26
2 2 30 26
7 2 30 36
6 3 30 45
3 2 30 47
8 2 30 47
2 2 30 49
5 2 30 49
3 2 31 2
7 2 31 12
5 4 31 16
7 9 31 17
4 3 31 26
7 2 31 25
1 4 31 25
5 4 31 33
6 2 31 35
3 2 31 36
6 2 31 42
8 2 31 44
2 3 30 44
5 2 30 44
7 2 31 42
1 2 31 44
3 2 30 45
5 2 30 45
4 4 30 45
2 2 29 46
3 2 31 47
7 3 31 49
2 2 31 50
1 2 30 50
4 2 32 7
5 3 32 9
6 2 32 13
4 2 32 21
8 2 31 22
5 2 32 23
8 3 32 23
1 3 31 23
5 5 30 23
7 2 30 22
1 4 31 22
5 2 31 22
2 3 30 22
6 2 31 23
3 3 31 22
7 4 30 24
4 2 29 24
6 4 31 21
8 2 30 23
6 4 32 21
3 3 31 21
1 2 32 21
6 5 32 20
8 3 32 21
4 2 32 20
3 2 32 20
8 2 32 35
1 2 32 42
4 2 32 47
4 2 33 3
7 3 32 3
1 2 32 4
6 7 32 4
5 3 33 27
1 2 33 26
6 2 33 31
1 3 32 32
7 7 33 31
5 3 32 31
8 2 33 34
3 2 33 34
1 2 33 36
5 2 33 48
3 4 33 49
3 2 34 24
4 3 34 24
8 2 34 29
4 2 34 32
7 3 34 31
3 2 34 44
5 2 35 5
1 2 35 11
8 2 35 13
1 3 35 15
4 2 35 17
5 2 35 17
6 2 35 17
7 2 34 18
6 3 34 18
1 2 34 18
6 2 35 22
4 3 35 27
3 3 35 30
2 2 35 36
4 3 35 48
7 2 35 47
8 3 36 2
3 2 36 6
1 4 36 6
7 3 36 5
3 3 36 4
1 3 36 5
5 2 36 5
7 2 36 6
4 3 36 8
5 2 36 10
1 2 36 13
3 2 36 18
8 2 36 18
4 2 35 18
1 2 36 24
4 3 36 25
5 3 36 26
7 2 36 27
4 3 36 31
1 3 35 31
6 2 34 31
5 2 33 31
3 3 35 31
2 2 35 32
3 4 36 32
4 2 35 34
7 2 36 37
5 2 36 37
8 3 36 37
3 2 35 37
5 2 35 36
5 3 37 6
4 2 37 17
5 2 37 21
3 2 37 22
8 2 37 27
6 2 37 31
4 3 37 42
6 4 36 44
1 3 37 50
3 2 37 49
3 2 38 4
5 3 38 16
1 3 37 16
6 2 38 19
1 2 38 20
4 3 37 20
2 2 38 19
1 5 37 20
8 2 36 20
7 2 36 20
2 4 35 20
4 3 34 20
5 2 33 20
2 2 34 19
5 2 34 19
8 3 34 19
8 2 36 20
7 5 35 20
8 2 36 22
6 2 36 21
5 4 38 28
4 2 38 28
3 2 38 28
7 2 38 38
1 2 38 42
5 2 39 22
1 5 39 25
8 3 39 24
7 2 39 33
8 3 39 34
3 2 39 34
5 2 39 42
8 2 39 43
7 2 39 42
3 2 39 47
7 2 40 12
5 2 39 12
1 2 39 13
5 2 40 17
8 2 40 18
5 2 39 19
1 2 40 28
2 2 40 28
7 2 40 32
8 2 39 32
1 2 38 32
8 2 38 32
6 2 40 33
8 2 40 36
5 2 40 36
3 3 39 36
4 2 40 37
5 3 40 42
3 2 40 44
6 3 40 49
8 2 40 49
8 2 41 2
7 2 41 2
2 2 41 10
6 2 41 15
4 2 41 19
4 2 41 25
7 2 41 27
5 3 41 32
3 2 42 5
7 2 42 10
8 4 42 15
2 2 42 16
4 2 42 22
3 2 42 29
5 2 41 29
6 2 42 29
1 2 42 29
7 2 42 30
2 2 42 42
6 2 42 44
8 2 41 44
4 2 41 44
3 2 41 44
7 2 40 44
6 2 39 44
5 3 38 44
8 2 40 43
1 2 42 44
4 2 42 49
5 2 43 2
4 2 43 14
1 3 42 14
4 2 41 14
5 2 41 14
3 2 40 15
8 3 40 14
4 2 40 14
2 2 41 13
3 3 43 17
1 2 43 17
6 2 43 21
2 2 43 28
4 2 43 29
5 2 43 32
1 2 43 37
8 2 44 18
5 2 44 28
7 2 44 28
4 2 44 29
1 3 43 30
6 2 42 30
1 2 45 9
7 5 44 9
2 2 43 9
7 2 43 9
3 2 44 9
6 2 43 9
2 2 45 21
5 3 45 24
4 2 45 30
8 2 45 33
3 2 45 33
2 2 46 1
5 2 46 17
8 2 46 32
4 2 45 32
3 2 46 38
7 2 46 43
7 2 47 28
4 3 47 37
8 2 47 37
7 2 48 6
2 2 47 6
8 2 49 2
5 2 49 50
4 2 53 43
3 2 54 1
4 2 54 1
4 4 54 9
1 5 53 9
3 2 54 37
2 4 54 37
2 2 55 38
3 3 56 50
7 2 59 43
