7173
2325
8 5 1 11
3 2 1 10
1 2 1 11
6 2 1 10
6 2 1 18
2 2 1 25
1 2 1 25
5 4 1 25
3 3 1 41
2 2 1 41
6 2 1 42
3 3 1 45
3 2 1 52
1 2 1 54
3 3 1 71
7 6 1 72
4 3 1 72
7 2 2 2
4 3 2 1
2 2 1 1
8 2 1 1
5 2 1 1
1 2 1 2
3 2 2 3
5 2 2 5
5 2 2 7
1 3 1 7
4 2 2 9
6 2 2 9
7 2 1 9
5 2 2 10
5 6 2 16
1 3 1 16
6 2 2 20
7 3 2 21
6 4 2 28
3 3 2 35
4 2 2 50
5 2 1 50
2 3 1 51
8 2 2 52
5 2 2 53
6 3 2 63
2 2 2 65
8 2 2 65
5 2 1 65
3 3 2 65
4 2 1 67
7 2 2 67
5 2 1 67
5 2 2 67
7 2 1 67
6 2 2 66
8 2 1 67
1 3 1 66
7 3 2 70
2 2 2 69
3 2 2 71
1 2 2 71
5 3 2 73
3 2 2 75
8 2 2 77
6 2 3 5
7 3 3 4
2 2 3 4
1 3 3 8
4 4 3 8
2 2 3 9
5 2 3 9
7 2 3 13
6 2 3 13
7 3 3 13
2 2 3 13
1 6 2 13
7 2 2 16
5 2 2 16
8 2 2 17
7 3 1 17
8 3 1 17
1 2 1 17
4 2 2 15
6 4 1 16
7 2 2 14
8 2 2 13
5 2 1 13
4 3 1 12
2 4 1 14
8 2 1 13
5 4 1 13
3 2 2 11
5 3 2 12
3 3 2 17
5 2 3 17
7 5 3 17
1 2 3 17
1 2 3 29
5 3 3 32
4 2 3 34
4 3 3 37
7 6 3 42
1 2 3 43
6 2 2 43
7 3 2 43
2 2 2 44
4 2 3 53
8 2 2 54
2 3 1 54
6 2 1 53
7 2 1 54
2 2 2 53
6 3 1 54
8 2 3 53
6 2 2 54
5 3 3 54
8 3 3 54
6 2 3 56
6 2 3 58
3 3 3 58
3 2 3 61
4 3 3 62
8 3 2 62
6 4 3 62
5 2 2 62
1 2 3 63
7 2 3 62
3 3 3 74
6 3 4 3
2 2 4 3
1 4 3 3
6 2 4 7
2 2 3 7
1 4 2 7
5 4 3 7
3 2 3 8
7 2 3 9
6 2 3 10
1 3 2 10
1 3 3 10
2 2 3 11
8 2 2 11
6 2 3 12
4 2 4 7
6 2 4 6
7 2 4 11
8 2 3 12
2 4 3 11
5 2 3 12
8 4 4 11
8 2 4 16
1 2 4 15
4 3 4 15
7 2 3 15
2 3 4 15
3 6 3 16
8 3 3 16
4 2 3 16
6 2 4 15
3 2 3 16
1 2 3 16
8 3 4 23
1 3 3 24
6 3 3 24
2 2 3 23
3 3 4 27
1 2 4 33
5 3 4 54
4 2 4 57
2 2 4 73
1 2 3 73
3 2 3 72
3 3 4 77
6 2 4 77
4 3 3 77
5 2 4 79
5 2 5 1
4 3 5 7
3 4 4 7
1 2 4 6
6 3 4 6
2 2 5 4
5 3 4 5
6 2 5 8
8 2 5 13
5 2 5 20
4 2 5 23
2 3 5 27
7 3 4 27
1 2 5 27
5 3 5 31
3 6 5 31
7 4 5 32
5 2 5 32
3 2 5 32
6 3 5 37
5 2 4 37
3 2 4 37
7 7 4 37
5 2 4 38
6 2 5 40
7 3 5 41
2 2 5 41
1 2 4 41
5 2 5 40
3 2 5 41
2 3 5 41
4 2 4 41
6 3 5 43
7 3 4 43
6 4 3 43
3 4 2 43
7 2 2 43
5 3 3 41
4 2 2 42
5 2 2 42
8 2 2 42
2 3 1 42
3 4 3 42
8 2 2 42
2 5 2 42
5 2 3 41
3 2 3 43
2 2 3 43
6 2 3 44
3 2 4 41
5 2 4 45
7 3 3 46
5 3 5 41
2 2 5 44
3 5 5 52
6 2 4 52
7 5 4 52
5 4 4 53
8 3 4 54
1 3 3 54
4 2 3 54
3 2 2 54
1 2 2 53
1 3 5 55
2 2 5 59
4 5 5 62
2 3 5 64
7 2 5 63
4 2 5 64
8 2 5 70
3 3 5 73
6 6 5 73
8 2 4 74
3 2 5 73
2 3 5 74
4 2 5 74
6 2 5 73
5 2 5 78
8 3 6 2
3 3 6 3
3 2 6 6
2 2 6 6
4 2 6 6
5 2 6 8
5 2 6 10
8 2 6 12
4 2 6 25
1 7 6 25
3 5 6 29
8 2 6 28
1 2 6 28
5 3 6 29
3 2 6 29
6 2 6 35
3 2 5 36
1 2 4 36
4 2 4 36
3 2 3 36
6 2 3 37
8 5 2 37
1 2 3 37
3 2 2 38
8 2 2 38
6 3 3 38
7 3 3 38
8 2 3 37
3 3 4 37
6 4 4 37
4 3 4 36
1 3 5 37
2 2 4 37
6 2 4 36
3 2 3 36
7 2 4 37
4 2 3 37
2 3 2 37
5 3 3 38
1 2 3 39
3 2 5 36
8 3 4 36
6 2 4 36
6 2 6 36
1 4 6 41
6 2 6 42
7 8 5 42
3 5 5 42
8 2 6 49
5 3 5 49
7 2 6 48
1 2 6 50
7 2 6 53
8 3 6 54
5 3 5 55
4 2 6 57
8 5 6 58
1 2 6 60
4 4 6 64
6 4 5 64
2 2 6 67
3 3 6 71
3 2 7 1
5 2 7 4
6 2 7 5
2 3 7 5
5 3 7 17
7 3 6 17
2 2 7 18
6 2 6 19
6 3 7 23
3 3 7 25
1 2 7 27
6 2 7 29
5 2 7 28
6 4 7 28
7 3 6 28
2 2 7 30
1 3 6 31
8 2 7 31
5 2 7 33
2 2 7 35
4 2 7 36
2 2 7 44
3 2 7 43
8 2 6 44
3 3 7 44
2 3 7 47
1 3 7 51
2 2 7 67
3 2 7 68
5 3 6 69
8 3 7 75
7 2 7 78
4 2 8 17
5 3 7 17
1 3 6 17
5 2 6 17
6 2 5 18
2 5 6 17
3 2 5 17
7 2 5 17
2 2 4 17
6 2 3 17
8 2 5 19
5 3 5 19
4 2 6 18
3 2 7 18
6 2 6 18
6 3 7 18
4 3 7 18
1 2 8 18
1 2 8 22
5 3 8 26
5 2 8 32
4 2 7 32
1 2 7 32
3 3 8 32
3 2 8 40
1 2 7 41
6 2 8 48
2 2 8 47
5 2 8 51
5 2 8 60
7 2 8 60
1 2 8 60
3 2 8 67
5 4 8 69
2 2 8 80
2 2 9 14
3 2 9 15
6 3 9 20
7 2 8 20
2 2 7 20
1 2 7 20
6 2 7 20
5 2 7 19
7 2 6 20
4 2 7 20
5 2 6 20
2 2 6 20
8 3 7 19
6 2 6 20
2 2 6 20
2 2 8 21
7 4 7 22
8 3 6 22
1 2 6 22
4 2 9 19
5 2 9 21
1 3 8 21
4 2 9 24
2 2 8 24
2 2 9 24
2 3 9 29
8 2 9 30
7 3 8 30
8 5 8 29
1 2 8 28
2 2 8 29
4 2 8 29
6 2 8 30
1 2 8 29
5 3 7 29
2 2 7 30
4 4 9 30
3 2 8 30
6 2 8 29
8 5 8 29
1 2 7 30
7 3 6 30
3 2 9 29
7 2 9 28
6 5 9 31
3 4 9 31
2 2 9 30
8 4 9 29
1 3 9 29
1 3 9 33
7 2 9 34
4 4 9 35
4 2 9 37
5 3 9 44
2 2 8 44
7 3 8 45
5 2 7 45
7 3 6 45
4 4 6 45
5 2 7 47
6 3 6 47
7 3 8 45
8 2 7 45
2 3 9 47
5 2 9 51
8 4 8 51
4 2 7 51
2 3 7 51
4 2 7 51
1 3 7 52
2 2 7 51
8 2 7 50
7 2 7 52
2 2 8 52
4 4 9 51
2 2 9 52
1 3 9 58
3 2 9 65
6 3 9 65
7 6 9 65
6 2 9 69
1 2 8 69
5 6 9 73
2 4 9 74
3 2 9 73
4 2 9 75
1 2 10 3
7 4 10 3
1 2 10 11
8 2 10 11
4 2 10 16
7 2 9 16
4 4 8 16
3 2 9 15
5 2 10 14
8 3 9 14
7 3 9 14
6 2 9 13
1 2 9 14
8 2 10 13
7 2 10 12
2 2 10 16
3 2 10 15
5 2 10 14
6 3 10 16
8 2 10 17
2 2 9 18
1 2 9 17
3 2 10 19
8 2 9 19
1 3 10 18
7 3 10 25
6 2 10 24
4 2 10 26
1 2 9 26
6 2 8 26
8 2 8 25
8 3 9 25
3 6 10 27
2 3 9 28
7 2 9 28
2 2 10 26
3 2 10 25
7 2 9 25
1 2 9 24
5 2 8 24
3 3 8 24
1 2 8 23
2 3 8 24
7 2 7 24
8 2 8 23
3 2 10 25
4 3 10 29
5 2 9 29
7 2 10 35
6 2 10 36
7 2 10 39
3 2 9 40
2 2 10 40
3 2 10 40
4 2 10 40
8 2 10 52
6 5 10 52
5 2 10 54
7 2 9 55
5 2 10 57
4 2 10 57
6 2 10 63
5 4 10 65
8 2 10 64
1 2 9 64
4 2 9 63
7 2 9 62
2 2 9 62
6 2 8 63
6 2 10 71
8 2 10 70
3 2 9 70
7 2 10 72
2 3 10 74
6 2 10 77
7 2 10 78
3 4 11 1
7 2 11 1
8 2 11 2
5 2 10 2
3 2 11 6
3 2 11 10
5 2 11 19
7 2 11 24
4 2 11 26
3 2 11 31
8 2 11 30
5 2 11 29
7 2 11 30
2 2 11 29
3 2 11 29
1 2 10 29
6 3 11 32
7 3 11 34
2 2 11 36
6 2 11 37
2 3 11 44
2 2 11 52
7 2 11 55
3 3 11 58
5 2 11 58
4 2 11 58
6 2 11 57
2 2 11 58
7 2 11 57
1 4 11 62
1 2 11 67
4 2 10 67
6 2 10 66
4 2 11 70
2 2 11 71
5 2 11 74
4 2 11 75
6 2 11 75
6 2 11 78
4 2 12 5
5 3 12 7
2 3 12 10
6 2 12 9
6 2 12 12
3 4 12 20
5 2 11 22
6 3 12 20
1 2 12 21
5 2 12 21
8 2 12 21
1 2 12 24
5 2 12 30
4 2 12 39
4 4 12 43
5 3 12 43
3 2 11 45
8 2 12 49
1 2 12 48
3 2 11 48
5 3 11 49
2 3 10 49
3 2 10 50
1 2 10 49
7 4 10 48
4 5 9 49
2 2 9 49
1 2 10 49
6 2 9 49
3 2 9 48
8 3 8 48
6 3 9 48
8 2 9 48
8 2 11 47
5 2 11 46
2 2 10 47
6 2 10 47
5 2 11 49
3 2 11 48
1 2 10 48
3 2 12 52
8 2 12 61
2 2 12 69
8 3 12 69
6 4 12 68
7 5 11 68
8 2 11 67
1 3 10 67
7 2 12 67
2 2 12 68
7 2 12 68
7 3 12 78
4 2 12 79
3 3 12 78
5 4 11 80
6 3 13 4
5 2 12 4
4 7 12 4
6 2 12 4
4 2 13 4
7 2 13 9
1 2 13 8
2 2 13 11
1 2 12 12
6 3 13 11
3 3 13 11
3 2 13 19
2 2 13 21
2 3 13 31
4 4 13 31
8 2 13 43
6 4 12 44
6 2 13 50
1 2 12 50
8 2 13 61
1 2 13 62
4 2 13 64
6 2 13 64
1 2 13 65
3 4 12 66
5 2 12 65
6 3 13 71
8 2 13 72
5 2 13 75
2 2 13 74
8 3 13 74
2 2 14 7
5 2 13 8
1 3 14 6
3 2 14 6
8 2 14 9
2 7 14 12
8 2 14 21
5 4 14 21
1 3 13 22
6 7 13 21
5 3 13 20
7 2 13 19
5 2 12 19
1 4 13 19
3 2 13 20
8 2 13 19
2 2 13 20
7 2 13 19
2 4 12 19
4 3 12 20
6 2 13 17
4 3 12 18
6 3 11 18
7 2 13 17
1 3 13 17
3 3 12 18
5 3 12 17
8 2 12 17
3 2 13 18
4 3 13 18
6 2 13 17
7 2 13 19
6 2 12 19
3 2 14 16
8 2 14 16
5 3 13 16
4 2 12 16
3 2 14 23
8 2 14 23
4 3 13 23
1 2 14 22
1 2 14 41
3 2 13 42
8 2 13 41
6 2 14 42
4 2 14 42
3 2 14 44
5 2 14 43
2 2 14 47
5 2 14 53
7 3 14 52
6 5 14 52
4 2 14 52
8 5 14 53
6 2 13 54
1 2 13 54
5 2 13 54
4 3 12 54
5 2 12 54
6 2 12 53
4 3 14 66
3 2 14 65
1 4 13 65
3 3 14 73
6 6 14 74
4 3 14 76
2 2 14 76
8 2 15 2
4 2 15 1
6 2 15 4
2 5 15 5
2 2 15 12
3 2 15 20
2 2 14 20
8 4 15 28
4 3 15 27
6 2 14 28
1 3 15 28
5 2 15 27
3 3 15 30
7 3 15 30
6 3 14 30
4 3 15 29
5 2 14 29
2 2 14 28
3 3 13 28
6 2 13 29
2 2 14 27
5 2 14 26
5 4 15 26
8 2 14 29
7 2 15 27
4 2 14 28
8 2 15 27
1 2 15 26
1 2 15 32
2 2 14 32
7 2 14 32
8 2 14 31
8 2 15 37
3 2 15 43
7 4 15 46
1 3 15 48
6 2 15 49
4 2 15 49
7 2 15 49
3 3 15 48
1 2 15 48
8 3 14 48
3 2 14 47
6 2 15 59
4 2 15 58
1 5 15 59
4 2 15 59
2 2 15 64
3 2 15 65
1 2 15 73
4 2 15 78
8 2 15 77
2 3 16 2
1 2 16 12
2 2 16 12
3 2 15 12
6 4 16 15
7 2 15 15
3 2 15 15
3 3 16 14
4 3 16 13
8 2 15 13
2 2 16 21
5 3 16 23
8 2 16 22
2 5 16 22
3 3 16 23
4 2 16 23
2 2 16 24
1 2 16 23
7 2 16 25
3 2 16 28
5 3 16 28
1 2 16 30
5 2 16 30
7 2 15 30
2 2 16 35
5 4 16 35
8 2 16 41
4 2 16 40
5 5 16 41
1 2 16 43
6 2 16 43
4 2 16 51
4 2 16 55
6 3 15 55
1 3 14 55
5 3 15 56
7 2 15 56
2 2 16 55
1 2 16 58
5 3 16 61
5 2 16 73
6 2 15 74
2 2 16 73
8 2 16 75
5 3 16 80
1 2 16 80
3 2 17 11
7 2 17 16
3 2 17 17
6 3 17 18
5 2 17 17
4 2 17 17
7 3 16 17
4 2 16 16
8 2 16 16
5 2 15 17
3 2 15 17
2 2 17 15
7 2 16 16
1 2 17 14
3 2 17 14
8 2 17 13
7 3 16 14
4 3 17 12
8 3 17 13
3 4 17 19
5 2 16 20
6 4 17 18
8 2 17 18
4 2 17 18
3 2 17 19
6 2 17 22
3 2 17 22
8 2 17 25
2 2 17 34
7 2 17 36
5 2 17 36
4 2 17 37
8 3 16 37
5 3 17 36
8 3 17 40
5 2 17 40
6 2 17 40
2 2 17 42
6 3 17 45
8 4 17 64
7 2 17 68
4 2 17 77
2 2 17 77
6 2 18 2
4 4 18 3
3 2 17 4
7 2 18 2
6 3 17 3
7 3 16 3
3 5 18 6
1 2 18 5
2 2 18 8
5 2 18 7
8 2 18 7
6 2 18 10
5 2 18 12
8 3 18 12
8 10 18 18
6 2 18 20
7 3 18 44
8 2 17 44
1 2 18 44
3 4 18 52
7 2 18 61
3 2 17 62
4 2 16 62
2 2 15 62
5 2 16 62
1 2 17 62
2 2 16 63
4 2 17 62
2 2 17 61
1 2 18 67
6 3 18 69
2 2 17 69
8 2 17 69
7 2 18 71
3 3 18 71
3 2 18 73
6 2 18 73
1 2 18 72
2 4 18 77
7 4 18 77
6 2 18 79
5 2 18 80
7 2 18 79
4 2 19 9
8 2 18 9
7 3 18 9
5 2 18 9
7 3 19 15
6 2 19 23
1 2 19 29
2 2 19 28
4 2 19 28
5 2 19 30
3 2 19 36
1 2 19 35
5 2 18 35
7 2 19 37
4 4 19 44
1 2 19 45
4 2 19 48
7 2 19 49
7 5 19 55
5 2 19 59
8 3 19 59
6 2 19 64
3 3 19 66
8 2 19 67
5 2 19 66
6 3 18 67
3 2 18 67
4 3 18 66
3 2 18 66
5 2 18 65
2 2 18 67
1 2 18 66
8 2 18 67
2 2 18 68
7 2 19 64
3 2 19 63
3 2 19 69
2 2 19 78
1 2 18 79
2 2 18 79
6 2 19 79
3 2 19 79
3 2 20 12
2 2 19 12
5 2 18 12
6 3 20 16
4 2 20 20
3 2 20 21
4 2 20 35
1 4 20 37
7 3 20 36
8 4 19 36
7 2 19 36
2 2 20 37
8 2 20 42
5 5 20 44
8 2 20 53
4 2 20 59
6 2 20 58
2 9 20 63
4 3 20 78
7 2 19 78
6 2 20 78
3 3 20 79
2 3 19 79
3 2 20 79
2 3 21 6
1 4 21 9
3 2 21 12
8 2 21 12
7 2 21 19
5 2 20 19
4 4 21 25
1 2 21 26
7 3 20 26
8 3 19 26
4 2 21 36
2 2 21 40
4 3 21 44
3 4 21 44
5 2 21 44
4 3 21 50
6 2 21 51
5 4 21 56
4 3 21 55
6 2 21 57
4 2 20 57
2 2 20 57
8 2 20 58
8 2 21 59
5 2 21 60
3 4 21 61
2 2 20 61
4 2 21 60
1 3 20 60
2 2 21 60
7 2 21 77
4 2 22 4
3 2 22 5
8 2 22 5
6 3 22 5
8 3 22 14
4 2 22 13
6 5 21 13
3 2 22 16
1 2 22 15
1 2 22 19
3 2 22 23
3 2 22 25
6 4 22 30
1 4 21 30
7 2 21 30
5 3 22 30
7 2 22 29
3 2 21 29
1 2 22 30
5 2 22 29
7 4 22 32
6 3 21 32
2 3 21 34
8 2 22 39
7 2 22 42
3 2 21 42
8 3 22 42
6 2 22 53
5 2 22 53
8 2 22 54
7 2 21 55
1 2 21 54
8 2 21 55
3 3 20 55
1 3 22 69
4 3 22 70
6 2 22 76
1 2 22 77
4 2 23 2
3 2 23 13
5 2 23 14
7 3 22 14
2 2 22 14
6 4 22 14
1 2 23 14
8 2 23 15
4 2 23 15
4 2 23 22
6 3 22 22
1 2 22 22
8 2 23 24
5 2 23 24
6 2 22 24
6 3 23 30
2 6 23 30
7 2 23 29
3 2 22 29
5 2 23 30
7 2 23 37
6 2 23 39
2 6 23 46
7 2 22 46
6 2 23 46
8 4 23 46
5 3 22 46
1 2 23 45
6 2 22 45
2 2 21 45
7 2 20 45
4 4 23 46
3 2 22 48
1 2 23 45
3 2 23 45
8 3 23 48
4 3 23 50
7 2 23 52
5 2 23 52
8 3 22 52
3 2 23 63
8 2 23 63
4 2 23 71
6 3 23 70
5 4 24 4
7 3 24 11
4 3 23 12
5 2 24 15
2 3 24 16
3 2 24 22
8 5 23 22
2 2 23 21
3 3 22 21
5 2 22 20
4 3 21 20
6 2 24 21
4 3 23 22
6 2 22 22
8 2 24 25
2 3 24 30
6 4 24 31
1 3 24 40
7 2 23 40
5 2 24 39
8 2 23 39
1 2 24 42
6 3 24 50
4 3 24 56
7 3 24 55
2 5 23 55
8 2 23 55
4 2 24 54
8 2 24 57
1 3 24 60
8 3 24 62
6 2 23 62
1 3 23 62
2 3 23 63
3 3 23 63
7 2 22 63
5 2 22 62
3 2 24 61
2 2 24 62
4 2 25 5
5 2 25 9
8 2 25 9
8 3 25 13
3 2 25 12
4 2 25 17
8 3 25 16
1 2 24 16
4 2 24 15
5 2 24 15
2 2 24 16
7 7 25 31
1 2 24 31
4 2 23 31
5 7 24 33
3 2 25 33
8 3 25 33
1 3 25 33
2 4 25 32
6 2 24 33
5 2 25 34
4 3 25 35
1 4 25 42
3 2 24 43
3 2 25 45
3 2 25 52
8 3 24 52
5 3 24 51
1 2 24 52
4 3 23 52
6 3 23 52
4 2 23 52
7 2 24 53
3 2 25 50
1 2 25 53
3 2 25 55
8 2 24 55
5 2 24 55
1 3 23 55
1 2 24 55
3 2 24 55
2 2 24 54
8 2 24 54
4 3 25 54
2 2 24 54
1 2 25 54
2 4 25 56
8 2 25 57
3 2 25 58
7 2 24 58
8 3 24 58
2 2 24 58
5 5 25 62
6 3 25 62
2 2 25 61
3 2 25 61
1 2 25 60
4 3 24 60
5 2 25 61
3 2 25 64
7 2 25 66
1 2 25 65
3 3 24 66
6 3 25 78
7 2 25 77
5 2 25 77
3 2 26 4
2 2 25 4
5 4 26 7
6 2 26 13
3 3 25 14
1 2 26 12
4 2 26 27
6 2 26 28
3 4 26 32
1 2 26 31
8 2 25 31
2 2 25 30
3 3 25 29
7 2 25 28
2 2 25 29
1 4 24 29
7 2 26 37
4 2 26 38
6 2 25 39
2 3 25 38
7 3 24 40
8 2 25 40
4 4 26 40
4 3 26 44
8 3 26 52
3 2 26 53
1 2 26 56
7 3 26 62
4 2 25 63
8 3 24 63
3 2 26 69
2 3 26 71
1 4 25 71
5 2 25 71
3 2 26 74
7 3 25 74
4 3 25 73
3 2 25 72
6 2 25 74
4 4 26 73
6 2 26 72
2 3 27 4
4 4 27 7
8 2 27 7
3 2 27 7
2 2 27 7
7 2 27 14
8 7 26 15
2 2 26 15
7 2 27 13
5 2 26 13
7 2 25 13
4 2 25 13
2 2 25 13
5 3 24 13
4 2 25 12
1 2 24 12
6 2 25 14
4 3 26 13
3 2 26 12
7 3 26 11
1 2 26 12
7 3 26 13
1 2 27 11
7 2 27 10
6 4 26 10
3 6 26 11
5 2 26 10
8 3 27 10
1 3 27 9
6 2 27 8
7 3 26 8
1 2 26 7
4 2 27 11
6 2 27 12
1 4 27 15
4 3 27 18
6 2 27 18
3 3 27 18
5 3 27 18
2 3 27 30
5 3 27 30
8 2 26 31
3 2 27 30
1 2 27 37
5 2 27 41
6 3 26 42
6 2 27 53
8 3 27 53
4 2 27 58
2 3 26 59
5 2 26 58
8 2 27 58
2 2 27 58
1 2 27 58
3 2 27 61
1 4 27 63
2 2 26 63
3 2 25 63
5 2 27 65
8 2 26 66
6 2 27 67
5 3 27 79
5 2 28 3
7 3 27 3
6 2 27 3
4 6 28 18
1 2 28 18
5 2 28 17
4 2 28 27
5 4 28 27
6 3 28 28
4 2 28 35
3 2 28 36
6 2 28 35
5 2 27 36
2 6 26 36
8 2 26 36
1 2 25 36
3 3 25 37
3 2 27 35
6 4 27 37
4 4 26 37
3 2 26 37
2 2 26 39
6 2 28 34
7 2 28 40
6 2 28 41
1 2 28 45
1 2 28 49
3 2 28 50
4 2 28 53
3 3 28 57
1 2 28 57
6 2 28 64
6 3 28 73
3 2 27 73
6 2 27 73
8 2 27 72
5 4 28 72
2 2 28 75
5 2 28 75
3 2 29 6
8 3 29 8
4 2 29 8
8 2 29 20
3 6 28 20
6 4 27 20
1 3 29 20
7 2 28 20
8 2 29 20
2 6 28 20
8 6 29 20
6 2 29 21
7 2 29 25
1 2 29 28
4 2 29 39
6 2 29 38
8 5 29 40
6 3 29 58
5 3 29 63
8 2 28 63
3 2 29 62
7 2 29 63
6 3 28 63
2 3 28 62
1 2 28 63
4 2 29 68
5 2 29 70
6 4 28 70
7 2 28 69
5 3 28 70
7 2 29 71
2 3 29 72
6 3 29 72
1 7 29 74
7 2 30 13
1 2 30 21
8 2 30 26
8 3 30 29
3 4 29 30
5 2 30 30
4 3 30 35
5 2 30 34
6 2 30 34
7 4 30 40
4 2 30 39
2 2 30 40
3 3 30 41
8 3 29 42
5 3 28 42
6 3 29 40
2 3 29 43
5 2 29 42
3 2 28 43
5 2 30 49
3 3 30 51
6 2 30 63
7 4 30 62
3 2 30 64
4 2 30 69
8 4 29 70
7 2 30 70
6 2 30 76
3 2 30 78
1 2 31 1
8 2 31 4
6 2 31 4
3 3 31 4
6 4 31 5
2 4 30 5
3 2 30 5
1 3 31 5
1 2 31 14
4 3 30 14
1 2 30 13
2 3 30 12
6 2 29 14
2 3 30 14
1 2 31 17
3 2 31 28
2 2 30 28
8 2 30 29
6 2 31 30
1 2 30 30
2 2 31 29
6 2 31 34
5 2 31 35
2 2 31 34
3 2 31 38
1 4 31 40
6 4 31 40
8 2 30 41
7 2 30 42
2 2 30 42
7 2 31 42
4 2 31 45
7 3 31 47
4 2 31 53
4 2 31 58
4 3 31 68
5 2 31 68
7 2 31 70
8 2 31 69
5 2 31 72
1 3 31 71
4 2 31 75
5 2 31 76
8 2 31 77
2 2 32 2
1 6 32 8
5 2 32 26
2 2 32 32
4 2 32 48
1 2 32 53
7 3 32 53
6 4 32 53
7 3 32 56
8 8 32 58
7 3 32 60
6 3 31 61
2 2 31 60
4 3 30 61
2 2 32 62
7 3 32 61
1 2 32 66
8 2 31 67
3 2 30 67
5 2 31 66
7 4 30 67
6 4 32 66
4 2 31 66
8 2 31 66
3 2 31 65
5 2 31 64
8 2 31 63
5 2 32 64
4 3 31 64
3 2 31 64
2 4 30 64
1 3 29 64
4 2 28 64
5 3 28 64
7 2 28 65
4 2 27 65
1 2 27 65
8 2 27 64
2 2 27 64
8 3 27 64
3 3 27 63
6 2 27 62
5 2 27 62
3 2 28 64
2 2 28 65
1 2 30 63
5 2 32 61
6 2 32 61
2 2 32 62
1 2 32 66
4 2 31 66
6 2 30 66
4 3 30 65
1 2 32 65
8 2 32 66
1 2 32 66
5 2 32 72
5 4 32 74
7 2 32 75
8 3 31 75
6 2 31 75
1 2 32 79
7 3 32 79
3 2 32 78
1 2 33 3
3 3 32 3
6 2 32 2
7 2 32 2
2 3 33 6
5 2 33 5
4 2 33 7
8 2 33 10
3 2 33 11
6 3 33 16
5 2 33 16
1 2 33 17
8 3 33 16
2 2 33 16
8 6 33 22
2 6 32 23
3 2 32 23
3 2 33 25
6 2 33 24
4 2 32 24
3 2 33 27
6 2 33 36
5 2 33 36
3 2 33 38
2 3 32 38
1 3 31 38
1 3 33 45
6 2 33 47
4 2 33 47
1 2 33 49
7 4 33 49
3 2 33 50
1 2 33 50
2 3 33 53
1 2 33 53
5 2 33 59
6 5 33 59
7 2 33 60
8 3 32 60
7 2 32 60
8 2 32 60
1 2 33 64
4 2 33 64
3 2 32 65
5 2 32 64
7 3 32 63
8 3 31 65
4 2 31 65
4 2 32 66
6 2 33 65
4 2 33 69
2 4 33 70
2 2 33 73
4 4 33 72
3 2 32 74
8 2 33 71
4 2 33 72
3 2 32 72
3 2 33 72
5 2 33 71
8 2 33 71
6 4 33 73
4 2 33 74
7 3 33 74
6 2 32 75
2 5 33 77
7 2 34 3
4 2 34 3
1 2 34 4
3 2 34 6
7 2 34 8
6 4 34 9
1 3 34 9
3 3 34 11
7 2 34 12
1 2 34 13
2 2 33 13
7 2 34 14
4 2 34 13
8 3 34 12
4 2 34 11
8 2 33 11
7 2 34 34
6 2 33 34
2 2 33 33
3 4 33 32
2 2 34 35
5 3 34 39
8 2 34 38
4 4 34 37
2 2 34 38
7 3 33 38
1 5 33 38
6 3 33 39
5 2 33 38
7 2 32 39
8 4 32 39
4 2 32 38
3 2 34 36
4 4 34 40
5 2 34 39
3 2 33 40
4 2 34 38
1 2 34 44
1 2 34 49
6 3 34 51
3 3 34 50
2 2 34 52
1 5 34 52
4 2 34 58
5 2 34 64
1 2 34 64
4 2 33 64
1 2 33 63
3 2 32 63
4 3 34 66
5 2 34 65
1 2 34 74
3 2 33 74
2 3 32 74
7 2 33 74
8 6 34 77
7 2 34 80
1 2 34 80
6 5 35 3
4 2 35 6
1 2 35 5
2 2 34 5
7 2 34 6
2 2 33 6
8 2 34 5
7 2 33 6
4 2 33 5
8 3 35 13
2 2 35 15
1 3 35 16
7 2 35 19
6 4 35 19
4 3 35 25
7 3 35 45
4 2 35 47
6 2 35 47
6 2 35 51
5 3 35 52
7 2 35 52
4 3 35 58
2 2 35 57
7 4 34 57
4 2 35 56
3 3 34 56
6 2 33 56
1 3 34 55
2 2 33 57
8 3 35 56
1 2 35 55
2 3 35 54
8 2 34 55
7 3 34 56
3 2 34 55
6 3 34 54
5 2 33 54
3 2 33 53
4 2 33 52
2 2 32 52
1 2 33 52
2 3 34 54
4 4 33 55
8 4 34 53
7 3 34 52
6 4 34 53
3 2 33 53
1 5 34 54
5 3 34 56
4 2 35 52
3 2 35 56
5 2 35 59
8 2 35 60
7 2 35 59
4 2 35 60
5 3 35 76
8 2 35 76
3 2 34 77
7 2 35 75
4 2 34 75
5 2 33 75
3 3 35 75
2 3 34 76
5 2 36 14
1 5 36 25
3 4 36 25
2 2 36 25
8 3 35 25
4 2 35 25
8 2 36 25
7 2 36 48
5 2 36 53
8 3 36 63
5 2 36 62
2 2 36 67
5 2 36 69
1 2 36 68
5 2 36 72
4 3 35 72
5 2 36 75
7 2 37 2
1 3 37 3
5 2 37 4
3 4 37 8
1 4 37 15
5 2 37 19
1 3 36 19
6 4 37 24
2 2 37 26
5 2 36 27
3 2 37 25
5 5 36 25
2 3 37 24
7 2 37 26
8 3 37 28
2 2 37 32
6 2 37 33
7 2 37 32
3 4 37 32
4 5 36 33
1 2 36 32
8 3 35 33
7 2 36 33
6 2 35 33
1 3 35 33
2 3 35 33
5 2 35 34
8 3 35 34
5 2 34 36
6 2 34 35
7 2 33 36
8 2 34 36
8 2 36 34
6 2 37 32
4 2 37 33
7 3 37 33
3 2 37 37
1 3 36 37
8 3 37 41
6 2 37 56
3 2 37 60
4 2 37 62
2 2 36 63
3 2 37 65
4 2 36 66
7 2 36 66
7 2 37 66
2 2 37 67
2 2 37 70
4 2 37 69
3 2 36 70
4 2 37 70
8 2 37 72
6 2 37 77
8 2 36 78
7 2 35 78
8 2 35 77
4 3 34 77
7 2 34 76
3 2 34 77
6 2 33 77
4 5 37 77
8 2 38 1
4 2 38 2
6 2 38 2
5 2 38 2
4 2 38 5
4 2 38 7
6 2 37 8
5 2 36 8
4 2 37 8
2 2 36 9
1 2 37 7
1 2 38 7
5 2 38 7
8 2 38 8
4 2 38 10
5 2 38 16
8 2 37 16
8 2 38 18
7 2 37 18
8 2 38 18
2 2 38 18
1 3 38 21
7 2 38 22
6 2 38 24
1 2 37 24
4 2 38 24
8 2 38 35
5 2 38 35
2 3 37 36
3 3 37 35
4 2 38 36
6 4 38 37
2 2 38 41
6 3 38 52
7 2 38 52
3 2 38 53
3 2 38 60
1 2 38 65
6 2 37 66
5 2 37 65
1 2 38 69
7 4 37 69
4 2 38 69
7 2 38 72
6 5 38 71
3 2 37 73
2 3 38 70
8 4 37 70
1 3 37 69
4 2 37 69
5 2 38 73
4 2 37 73
8 2 37 74
7 2 37 74
1 2 36 74
1 3 38 73
5 2 38 73
3 2 37 73
5 3 37 72
7 2 36 73
8 2 37 74
2 2 38 75
7 2 38 76
7 2 38 79
6 2 37 80
5 3 38 78
3 2 38 80
5 2 38 80
6 2 39 1
1 5 39 4
7 2 38 4
5 2 38 4
8 5 37 5
3 2 38 3
7 2 39 3
7 3 39 39
2 2 39 49
4 2 38 50
8 2 39 51
8 5 39 64
4 2 38 66
5 2 38 66
2 3 37 66
6 3 38 65
7 2 38 65
2 2 38 67
3 2 38 68
7 2 38 68
7 2 39 65
2 2 39 67
3 2 39 67
7 4 39 69
2 3 39 69
5 2 39 70
7 2 39 79
4 3 40 1
3 5 40 7
5 2 40 6
4 2 40 5
2 2 40 8
5 2 40 10
8 2 40 19
6 2 40 21
7 2 40 26
3 2 40 31
2 2 40 33
6 2 40 43
2 2 40 46
1 2 40 47
8 2 40 50
4 2 40 50
8 2 40 50
5 2 40 50
3 2 40 53
7 2 40 53
5 2 39 53
8 6 38 53
3 2 39 55
6 3 39 56
5 2 39 56
6 2 40 59
3 2 40 65
5 4 40 73
1 2 40 72
7 2 40 79
6 2 41 7
4 5 41 8
3 3 40 9
8 2 40 9
1 4 40 9
4 2 40 9
2 2 41 14
4 2 41 23
1 4 41 23
2 2 41 25
1 3 41 26
5 3 41 31
3 2 41 32
4 3 41 34
2 6 41 46
6 2 41 51
2 2 41 51
2 2 41 56
4 2 41 58
6 2 41 58
3 2 41 57
7 2 41 58
4 3 41 58
8 3 40 59
4 2 39 59
8 2 39 58
7 2 40 58
6 2 40 59
1 2 40 59
8 2 41 64
6 2 41 67
4 2 41 74
3 3 40 74
6 2 40 74
7 2 40 75
8 2 41 72
8 2 41 80
1 2 42 3
1 2 42 7
7 3 42 7
6 2 42 21
3 2 41 21
1 2 40 21
2 2 40 21
5 2 42 24
8 2 41 25
7 2 41 24
4 2 42 27
6 3 42 34
4 2 42 34
7 2 42 44
4 2 41 44
2 2 40 44
1 2 42 44
3 2 41 45
5 2 41 45
2 2 42 44
8 2 42 49
1 2 41 50
7 2 42 49
1 4 42 49
5 3 42 48
8 2 42 56
1 2 42 60
2 4 42 68
5 2 42 72
5 2 42 76
8 2 42 76
5 2 42 78
3 2 43 1
8 2 43 1
2 4 43 1
6 2 42 3
8 4 42 3
5 2 43 4
1 2 43 3
3 2 43 9
6 2 43 10
7 2 43 11
4 2 43 10
8 2 42 10
2 2 43 12
6 2 43 14
7 2 42 14
5 3 41 14
1 3 41 14
8 2 41 14
7 2 41 14
6 2 43 23
1 2 43 31
6 2 43 33
7 2 42 33
5 2 43 40
4 4 43 39
7 2 43 46
6 3 42 46
2 2 41 46
6 3 41 45
7 2 43 46
8 2 42 46
4 2 42 46
2 4 41 46
3 2 41 45
5 3 43 46
1 2 43 49
4 3 43 64
6 2 43 67
4 2 43 68
7 2 43 71
5 2 43 72
1 2 43 73
4 2 43 75
2 2 43 76
1 2 44 2
5 2 44 2
2 2 44 4
8 2 44 27
7 3 43 27
7 2 44 39
5 4 43 39
2 2 43 38
1 3 43 39
3 2 43 39
6 2 43 39
2 3 44 43
8 3 44 43
1 2 44 44
3 2 44 45
8 2 43 45
5 2 44 49
6 3 44 48
8 2 44 47
8 2 44 50
1 2 44 50
5 3 43 50
8 3 43 49
4 2 42 50
7 2 42 50
2 2 44 49
6 3 43 49
8 3 44 56
2 2 44 58
5 2 44 59
6 2 44 61
4 2 43 62
6 2 43 62
6 2 44 67
7 3 44 68
3 2 44 71
2 2 43 71
3 2 43 71
3 2 45 3
1 3 45 28
6 2 45 27
5 2 45 26
8 2 45 26
5 2 45 26
7 2 45 25
3 2 44 25
5 2 45 24
7 2 45 23
8 3 44 24
6 2 45 26
5 2 45 27
3 3 44 27
1 2 45 43
7 3 44 43
5 3 44 42
4 3 44 42
2 2 44 43
5 2 44 43
3 6 44 44
1 2 44 44
5 2 44 44
3 2 44 44
5 4 44 44
7 3 44 45
8 6 45 49
4 2 45 49
1 3 45 73
8 2 44 73
8 2 45 73
8 2 46 1
1 3 46 1
6 4 46 7
3 3 46 9
2 2 46 19
8 2 46 26
7 3 45 26
4 2 46 32
8 3 45 32
6 2 45 32
5 2 45 33
1 2 46 47
1 2 46 57
2 2 46 61
8 2 45 62
7 2 44 62
4 3 46 69
3 3 46 69
2 2 45 70
5 2 45 69
7 4 45 69
8 4 45 69
3 2 44 69
6 2 43 69
4 2 45 68
1 2 45 67
5 2 45 69
2 2 47 5
8 2 47 19
6 2 47 22
8 2 47 22
5 2 47 23
8 3 47 31
7 5 47 33
1 3 47 38
5 2 46 38
6 3 47 38
6 3 47 41
1 3 46 41
1 3 47 49
5 6 47 77
7 4 48 10
4 2 48 9
6 3 48 8
1 3 48 9
2 3 48 8
7 2 47 9
3 2 48 7
4 4 48 9
8 4 48 9
6 4 47 10
7 2 48 8
5 2 48 26
7 2 48 33
3 2 48 34
5 4 47 34
1 3 47 35
6 2 48 33
8 2 48 33
8 4 48 38
5 2 48 41
7 3 48 46
5 2 48 57
8 4 48 59
5 2 47 61
4 3 47 60
2 2 47 60
7 2 47 59
4 2 48 68
7 2 48 79
1 3 49 3
3 2 49 6
1 2 48 6
4 2 49 6
2 3 48 6
5 2 48 6
7 2 48 6
5 3 48 6
2 2 48 6
4 3 47 6
3 4 47 6
8 2 47 5
1 2 46 6
4 3 46 5
3 2 45 6
2 2 49 7
5 2 49 7
6 2 49 9
5 8 49 21
7 7 49 21
6 2 49 23
4 3 48 23
3 2 47 23
2 2 47 23
2 2 49 24
8 2 49 28
4 2 49 35
2 3 49 49
6 2 49 60
3 2 49 61
8 3 48 61
1 2 49 60
6 2 49 60
5 2 49 70
8 2 49 69
4 2 49 68
5 2 49 76
8 2 49 77
2 2 50 1
5 2 50 8
1 2 50 8
2 4 49 9
5 3 48 9
3 2 50 7
5 2 50 15
6 2 50 34
5 2 50 34
4 3 50 38
6 3 49 39
3 3 50 45
6 2 50 60
1 2 50 71
6 3 51 2
7 2 50 2
3 2 50 2
6 3 51 21
5 3 50 22
3 3 51 23
1 2 51 22
8 3 51 24
4 2 51 38
7 2 51 47
1 2 51 48
3 3 51 58
6 2 51 57
7 3 51 76
8 2 51 78
8 3 52 2
6 2 52 2
4 3 52 4
2 3 52 3
1 2 52 4
2 2 52 10
3 2 52 48
8 2 51 48
8 2 53 10
8 3 53 34
3 2 53 34
5 2 53 34
1 3 52 34
3 2 52 34
7 3 52 34
6 2 53 56
6 2 53 70
8 2 53 75
1 2 53 77
6 2 53 77
3 2 54 23
4 5 54 48
5 2 54 58
4 2 54 58
6 5 54 58
2 2 54 61
8 2 54 71
3 2 54 75
1 3 54 78
5 3 53 78
1 4 53 77
2 2 53 78
8 2 54 79
5 2 54 78
2 2 55 4
2 3 55 47
7 2 55 60
5 3 55 68
7 2 55 68
4 2 55 70
3 3 54 71
5 2 54 71
3 3 55 76
1 2 55 75
2 3 55 79
3 2 55 78
2 2 56 1
6 3 56 48
4 2 56 47
1 3 56 46
3 2 56 50
7 2 56 60
1 2 55 60
8 3 56 69
7 2 55 70
2 3 56 77
6 2 56 77
8 3 57 32
4 3 57 56
6 2 57 77
5 2 57 77
7 2 56 77
4 2 57 79
5 2 58 39
3 2 58 46
6 3 58 75
1 2 59 47
2 2 59 47
7 3 59 47
5 2 58 48
3 2 59 78
8 2 60 40
3 2 60 46
6 2 60 47
1 2 60 68
2 2 59 68
3 2 60 77
2 2 59 77
4 2 59 77
7 3 58 77
5 2 58 76
8 2 57 76
8 2 59 76
1 2 63 79
5 2 62 79
3 2 62 80
7 2 65 27
4 3 64 27
8 2 68 68
4 2 68 80
8 2 70 2
1 2 71 57
6 2 72 57
7 2 71 57
6 2 71 57
2 2 70 57
7 2 77 1
8 2 79 80
1 2 88 1
