1245765
1585
1 366 1 1
2 4 1 1
6 15 1 1
5 15 1 1
4 15 1 1
3 15 1 1
2 15 1 1
1 16 1 1
3 2 1 1
5 2 1 1
8 2 1 1
4 2 1 1
3 2 1 1
5 2 1 1
8 2 1 1
4 2 1 1
3 2 1 1
5 2 1 1
8 2 1 1
4 2 1 1
3 2 1 1
5 2 1 1
8 2 1 1
4 2 1 1
3 2 1 1
5 2 1 1
8 2 1 1
4 2 1 1
3 2 1 1
5 2 1 1
8 2 1 1
4 2 1 1
3 2 1 1
5 2 1 1
8 2 1 1
4 2 1 1
3 2 1 1
5 2 1 1
8 2 1 1
4 2 1 1
3 2 1 1
5 2 1 1
8 2 1 1
4 2 1 1
3 2 1 1
5 2 1 1
8 2 1 1
4 2 1 1
7 17 1 1
6 17 1 2
5 15 1 2
4 15 1 2
3 15 1 2
2 22 1 1
1 3 1 1
7 2 1 1
2 2 1 1
6 2 1 1
1 2 1 1
7 2 1 1
2 2 1 1
6 2 1 1
1 2 1 1
7 2 1 1
2 2 1 1
6 2 1 1
1 2 1 1
7 2 1 1
2 2 1 1
6 2 1 1
1 2 1 1
7 2 1 1
2 2 1 1
6 2 1 1
1 2 1 1
7 2 1 1
2 2 1 1
6 2 1 1
1 2 1 1
7 2 1 1
2 2 1 1
6 2 1 1
1 2 1 1
7 2 1 1
2 2 1 1
6 2 1 1
4 2 1 2
3 2 1 2
5 2 1 2
8 34 1 2
4 2 1 2
3 2 1 2
5 2 1 2
4 2 1 2
3 2 1 2
5 2 1 2
8 2 1 2
4 2 1 2
3 2 1 2
5 2 1 2
8 2 1 2
4 2 1 2
3 2 1 2
5 2 1 2
8 2 1 2
4 2 1 2
3 2 1 2
5 2 1 2
8 2 1 2
4 2 1 2
3 2 1 2
5 2 1 2
8 2 1 2
4 2 1 2
3 2 1 2
5 2 1 2
8 2 1 2
4 2 1 2
3 2 1 2
5 2 1 2
8 2 1 2
4 2 1 2
3 2 1 2
5 2 1 2
8 2 1 2
7 31 1 2
6 31 1 2
5 30 1 2
4 30 1 2
3 16 1 2
6 2 1 2
1 3 1 1
7 2 1 2
2 3 1 1
6 2 1 2
1 3 1 1
7 3 1 1
2 3 1 1
6 3 1 1
1 2 1 1
7 2 1 1
2 2 1 1
6 2 1 1
1 2 1 1
7 2 1 1
2 2 1 1
6 2 1 1
1 2 1 1
7 2 1 1
2 2 1 1
6 2 1 1
1 2 1 1
7 2 1 1
2 2 1 1
6 2 1 1
1 2 1 1
7 2 1 1
2 2 1 1
6 2 1 1
1 2 1 1
7 2 1 1
2 2 1 1
6 2 1 1
1 2 1 1
7 2 1 1
2 2 1 1
6 2 1 1
1 2 1 1
7 2 1 1
2 2 1 1
8 2 1 1
4 2 1 1
2 403 1 3
6 2 1 3
1 19 1 3
7 2 1 3
6 2 1 3
7 2 1 3
6 2 1 3
1 2 1 3
7 2 1 3
6 2 1 3
1 2 1 3
7 2 1 3
6 2 1 3
1 2 1 3
7 2 1 3
6 2 1 3
1 2 1 3
7 2 1 3
6 2 1 3
1 2 1 3
7 2 1 3
6 2 1 3
1 2 1 3
7 2 1 3
6 2 1 3
1 2 1 3
7 2 1 3
2 2 1 3
6 2 1 3
1 2 1 3
7 2 1 3
8 16 1 3
7 15 1 3
6 15 1 3
5 19 1 2
3 35 1 4
8 2 1 3
4 3 1 2
3 4 1 1
5 2 1 3
8 3 1 2
4 3 1 2
3 3 1 2
5 4 1 1
8 4 1 1
4 4 1 1
3 4 1 1
5 4 1 1
8 4 1 1
4 4 1 1
3 4 1 1
5 4 1 1
8 4 1 1
4 4 1 1
3 4 1 1
5 4 1 1
8 4 1 1
4 4 1 1
3 4 1 1
5 4 1 1
8 4 1 1
4 4 1 1
3 4 1 1
5 4 1 1
8 4 1 1
4 4 1 1
3 4 1 1
5 4 1 1
8 4 1 1
4 4 1 1
3 4 1 1
5 4 1 1
8 3 1 1
4 3 1 1
3 3 1 1
2 16 1 3
1 16 1 3
8 15 1 3
7 17 1 2
6 17 1 2
3 2 1 4
5 2 1 4
8 2 1 4
4 19 1 4
3 2 1 4
5 2 1 4
8 2 1 4
3 2 1 4
5 2 1 4
8 2 1 4
4 2 1 4
3 2 1 4
5 2 1 4
8 2 1 4
4 2 1 4
3 2 1 4
5 2 1 4
8 2 1 4
4 2 1 4
3 2 1 4
5 2 1 4
8 2 1 4
4 2 1 4
3 2 1 4
5 2 1 4
8 2 1 4
4 2 1 4
3 2 1 4
5 2 1 4
8 2 1 4
4 2 1 4
3 2 1 4
5 2 1 4
8 2 1 4
4 2 1 4
3 2 1 4
5 2 1 4
8 2 1 4
4 2 1 4
2 16 1 4
1 16 1 4
8 15 1 4
7 18 1 3
1 2 1 4
7 2 1 4
2 2 1 4
6 3 1 3
2 2 1 2
1 2 1 4
7 2 1 4
2 2 1 4
6 3 1 3
1 4 1 2
7 3 1 3
2 4 1 2
6 4 1 2
1 4 1 2
7 4 1 2
2 4 1 2
6 4 1 2
1 4 1 2
7 4 1 2
2 4 1 2
6 4 1 2
1 4 1 2
7 4 1 2
2 4 1 2
6 4 1 2
1 4 1 2
7 4 1 2
2 4 1 2
6 4 1 2
1 4 1 2
7 4 1 2
2 4 1 2
6 4 1 2
1 4 1 2
7 4 1 2
2 4 1 2
6 4 1 2
1 4 1 2
7 4 1 2
2 4 1 2
6 4 1 2
1 2 1 2
2 10 1 3
3 359 1 2
5 16 1 3
4 17 1 2
3 17 1 2
2 15 1 3
1 15 1 3
8 17 1 2
5 2 1 1
4 2 1 2
3 2 1 2
5 2 1 2
8 3 1 1
4 3 1 1
3 3 1 1
5 3 1 1
8 2 1 1
4 2 1 1
3 2 1 1
5 2 1 1
8 2 1 1
4 2 1 1
3 2 1 1
5 2 1 1
8 2 1 1
4 2 1 1
3 2 1 1
5 2 1 1
8 2 1 1
4 2 1 1
3 2 1 1
5 2 1 1
8 2 1 1
4 2 1 1
3 2 1 1
5 2 1 1
8 2 1 1
4 2 1 1
3 2 1 1
5 2 1 1
8 2 1 1
6 19 1 2
1 2 1 2
7 2 1 2
2 2 1 2
1 2 1 2
7 2 1 2
2 2 1 2
6 2 1 2
1 2 1 2
7 2 1 2
2 2 1 2
6 2 1 2
1 2 1 2
7 2 1 2
2 2 1 2
6 2 1 2
1 2 1 2
7 2 1 2
2 2 1 2
6 2 1 2
1 2 1 2
7 2 1 2
2 2 1 2
6 2 1 2
1 2 1 2
7 2 1 2
2 2 1 2
6 2 1 2
1 2 1 2
7 2 1 2
2 2 1 2
6 2 1 2
1 2 1 2
7 2 1 2
2 2 1 2
6 2 1 2
1 2 1 2
7 2 1 2
2 2 1 2
5 16 1 2
4 22 1 1
2 5 1 2
1 5 1 2
3 12 1 3
2 10 1 3
1 10 1 3
8 2 1 2
4 2 1 2
7 16 1 5
6 17 1 5
5 15 1 5
4 15 1 5
3 15 1 5
2 19 1 4
1 3 1 4
5 2 1 6
8 19 1 6
4 2 1 6
3 2 1 6
5 2 1 6
4 2 1 6
3 2 1 6
5 2 1 6
8 2 1 6
4 2 1 6
3 2 1 6
5 2 1 6
8 2 1 6
4 2 1 6
3 2 1 6
5 2 1 6
8 2 1 6
4 2 1 6
3 2 1 6
5 2 1 6
8 2 1 6
4 2 1 6
3 2 1 6
5 2 1 6
8 2 1 6
4 2 1 6
3 2 1 6
5 2 1 6
8 2 1 6
4 2 1 6
3 2 1 6
5 2 1 6
8 2 1 6
4 2 1 6
3 2 1 6
5 2 1 6
8 2 1 6
4 2 1 6
3 2 1 6
7 16 1 6
6 17 1 5
5 15 1 6
4 15 1 6
3 16 1 6
7 2 1 6
2 3 1 5
6 2 1 6
1 3 1 5
7 4 1 4
2 3 1 5
6 4 1 4
1 4 1 4
7 4 1 4
2 4 1 4
6 4 1 4
1 4 1 4
7 4 1 4
2 4 1 4
6 4 1 4
1 4 1 4
7 4 1 4
2 4 1 4
6 4 1 4
1 4 1 4
7 4 1 4
2 4 1 4
6 4 1 4
1 4 1 4
7 4 1 4
2 4 1 4
6 4 1 4
1 4 1 4
7 4 1 4
2 4 1 4
6 4 1 4
1 4 1 4
7 4 1 4
2 4 1 4
6 4 1 4
1 4 1 4
7 4 1 4
2 2 1 4
6 2 1 4
1 2 1 4
1 15 1 5
8 16 1 5
7 15 1 5
6 15 1 5
5 17 1 4
4 416 1 4
3 3 1 3
5 2 1 2
8 3 1 2
3 2 1 3
5 3 1 3
8 3 1 3
4 4 1 2
3 5 1 1
5 4 1 2
8 5 1 1
4 4 1 2
3 4 1 2
5 5 1 1
8 5 1 1
4 4 1 1
3 4 1 1
5 4 1 1
8 4 1 1
4 4 1 1
3 4 1 1
5 4 1 1
8 4 1 1
4 4 1 1
3 4 1 1
5 4 1 1
8 4 1 1
4 4 1 1
3 4 1 1
5 4 1 1
8 4 1 1
4 4 1 1
3 4 1 1
5 4 1 1
8 4 1 1
4 4 1 1
3 3 1 1
5 3 1 1
8 2 1 1
4 2 1 1
3 2 1 1
5 2 1 1
3 3 1 3
1 2 1 2
7 2 1 2
2 49 1 2
6 2 1 2
1 49 1 2
7 2 1 2
6 2 1 2
7 2 1 2
2 2 1 2
6 2 1 2
1 2 1 2
7 2 1 2
2 2 1 2
6 2 1 2
1 2 1 2
7 2 1 2
2 2 1 2
6 2 1 2
1 2 1 2
7 2 1 2
2 2 1 2
6 2 1 2
1 2 1 2
7 2 1 2
2 2 1 2
6 2 1 2
1 2 1 2
7 2 1 2
2 2 1 2
6 2 1 2
1 2 1 2
7 2 1 2
2 2 1 2
6 2 1 2
1 2 1 2
7 2 1 2
2 2 1 2
6 2 1 2
8 46 1 1
7 45 1 2
6 33 1 2
5 17 1 2
4 3 1 1
3 2 1 1
5 2 1 1
8 2 1 1
4 2 1 1
3 2 1 1
5 2 1 1
8 2 1 1
4 2 1 1
3 2 1 1
5 2 1 1
8 2 1 1
4 2 1 1
3 2 1 1
5 2 1 1
8 2 1 1
4 2 1 1
3 2 1 1
5 2 1 1
8 2 1 1
4 2 1 1
3 2 1 1
5 2 1 1
8 2 1 1
4 2 1 1
3 2 1 1
5 2 1 1
8 2 1 1
4 2 1 1
3 2 1 1
5 2 1 1
8 2 1 1
4 2 1 1
3 2 1 1
5 2 1 1
8 2 1 1
4 2 1 1
3 2 1 1
5 2 1 1
8 2 1 1
3 30 1 2
5 23 1 4
8 2 1 3
4 2 1 3
3 2 1 3
5 2 1 3
8 2 1 3
4 2 1 3
3 2 1 3
5 2 1 3
8 2 1 3
4 2 1 3
3 2 1 3
5 2 1 3
8 2 1 3
4 2 1 3
3 2 1 3
5 2 1 3
8 2 1 3
4 2 1 3
3 2 1 3
5 2 1 3
8 2 1 3
4 2 1 3
3 2 1 3
5 2 1 3
8 2 1 3
4 2 1 3
3 2 1 3
5 2 1 3
8 2 1 3
4 2 1 3
3 2 1 3
5 2 1 3
8 2 1 3
4 2 1 3
3 2 1 3
5 2 1 3
8 2 1 3
4 2 1 3
3 2 1 3
5 2 1 3
2 2 1 3
1 3 1 2
7 3 1 2
2 3 1 2
6 4 1 1
1 4 1 1
7 4 1 1
2 4 1 1
6 4 1 1
1 4 1 1
7 4 1 1
2 4 1 1
6 4 1 1
1 4 1 1
7 4 1 1
2 4 1 1
6 4 1 1
1 4 1 1
7 4 1 1
2 4 1 1
6 4 1 1
1 4 1 1
7 4 1 1
2 4 1 1
6 4 1 1
1 4 1 1
7 4 1 1
2 4 1 1
6 4 1 1
1 4 1 1
7 4 1 1
2 4 1 1
6 4 1 1
1 4 1 1
7 4 1 1
2 4 1 1
6 4 1 1
1 4 1 1
7 4 1 1
2 2 1 1
4 17 1 3
3 17 1 3
8 2 1 2
2 15 1 3
1 15 1 3
8 16 1 3
5 2 1 2
7 2 1 4
2 2 1 4
6 15 1 4
1 2 1 4
7 2 1 4
2 2 1 4
1 2 1 4
7 2 1 4
2 2 1 4
6 2 1 4
1 2 1 4
7 2 1 4
2 2 1 4
6 2 1 4
1 2 1 4
7 2 1 4
2 2 1 4
6 2 1 4
1 2 1 4
7 2 1 4
2 2 1 4
6 2 1 4
1 2 1 4
7 2 1 4
2 2 1 4
6 2 1 4
1 2 1 4
7 2 1 4
2 2 1 4
6 2 1 4
1 2 1 4
7 2 1 4
2 2 1 4
6 2 1 4
1 2 1 4
7 2 1 4
2 2 1 4
6 2 1 4
1 2 1 4
5 365 1 4
4 14 1 4
3 13 1 4
8 2 1 3
2 10 1 4
1 10 1 4
3 2 1 4
5 2 1 3
8 3 1 3
4 4 1 2
3 3 1 3
5 4 1 2
8 4 1 2
4 3 1 3
3 4 1 2
5 4 1 2
8 4 1 2
4 4 1 2
3 4 1 2
5 4 1 2
8 4 1 2
4 4 1 2
3 4 1 2
5 4 1 2
8 4 1 2
4 4 1 2
3 4 1 2
5 4 1 2
8 4 1 2
4 4 1 2
3 4 1 2
5 4 1 2
8 4 1 2
4 4 1 2
3 4 1 2
5 4 1 2
8 4 1 2
4 4 1 2
3 4 1 2
5 2 1 2
8 2 1 2
4 2 1 2
3 2 1 2
5 2 1 2
8 2 1 2
4 2 1 2
6 8 1 1
5 5 1 2
4 5 1 2
3 5 1 2
2 6 1 2
1 7 1 1
7 18 1 1
6 17 1 2
5 15 1 2
4 15 1 2
3 15 1 2
2 17 1 1
1 3 1 1
7 2 1 1
2 2 1 1
6 2 1 1
1 2 1 1
7 2 1 1
2 2 1 1
6 2 1 1
1 2 1 1
7 2 1 1
2 2 1 1
6 2 1 1
1 2 1 1
7 2 1 1
2 2 1 1
6 2 1 1
1 2 1 1
7 2 1 1
2 2 1 1
6 2 1 1
1 2 1 1
7 2 1 1
2 2 1 1
6 2 1 1
1 2 1 1
7 2 1 1
2 2 1 1
6 2 1 1
1 2 1 1
7 2 1 1
2 2 1 1
6 2 1 1
4 2 1 2
3 2 1 2
5 2 1 2
8 19 1 2
4 2 1 2
3 2 1 2
5 2 1 2
4 2 1 2
3 2 1 2
5 2 1 2
8 2 1 2
4 2 1 2
3 2 1 2
5 2 1 2
8 2 1 2
4 2 1 2
3 2 1 2
5 2 1 2
8 2 1 2
4 2 1 2
3 2 1 2
5 2 1 2
8 2 1 2
4 2 1 2
3 2 1 2
5 2 1 2
8 2 1 2
4 2 1 2
3 2 1 2
5 2 1 2
8 2 1 2
4 2 1 2
3 2 1 2
5 2 1 2
8 2 1 2
4 2 1 2
3 2 1 2
5 2 1 2
8 2 1 2
7 16 1 2
6 21 1 2
5 15 1 2
4 15 1 2
3 15 1 2
6 2 1 2
1 3 1 1
7 2 1 2
2 3 1 1
6 2 1 2
1 3 1 1
7 3 1 1
2 3 1 1
6 3 1 1
1 2 1 1
7 2 1 1
2 2 1 1
6 2 1 1
1 2 1 1
7 2 1 1
2 2 1 1
6 2 1 1
1 2 1 1
7 2 1 1
2 2 1 1
6 2 1 1
1 2 1 1
7 2 1 1
2 2 1 1
6 2 1 1
1 2 1 1
7 2 1 1
2 2 1 1
6 2 1 1
1 2 1 1
7 2 1 1
2 2 1 1
6 2 1 1
1 2 1 1
7 2 1 1
2 2 1 1
6 2 1 1
1 2 1 1
7 2 1 1
2 2 1 1
1 15 1 2
8 17 1 1
7 15 1 2
6 15 1 2
5 16 1 2
4 17 1 1
3 2 1 1
2 14 1 3
6 2 1 3
1 14 1 3
7 2 1 3
6 2 1 3
7 2 1 3
2 2 1 3
6 2 1 3
1 2 1 3
7 2 1 3
2 2 1 3
6 2 1 3
1 2 1 3
7 2 1 3
2 2 1 3
6 2 1 3
1 2 1 3
7 2 1 3
2 2 1 3
6 2 1 3
1 2 1 3
7 2 1 3
2 2 1 3
6 2 1 3
1 2 1 3
7 2 1 3
2 2 1 3
6 2 1 3
1 2 1 3
7 2 1 3
2 2 1 3
6 2 1 3
1 2 1 3
7 2 1 3
2 2 1 3
6 2 1 3
1 2 1 3
7 2 1 3
8 12 1 2
7 11 1 3
6 405 1 3
5 14 1 3
8 2 1 3
4 3 1 2
3 3 1 2
5 2 1 3
8 2 1 3
4 3 1 2
3 3 1 2
5 2 1 3
8 3 1 2
4 3 1 2
3 3 1 2
5 4 1 1
8 4 1 1
4 4 1 1
3 4 1 1
5 4 1 1
8 4 1 1
4 4 1 1
3 4 1 1
5 4 1 1
8 4 1 1
4 4 1 1
3 4 1 1
5 4 1 1
8 4 1 1
4 4 1 1
3 4 1 1
5 4 1 1
8 4 1 1
4 4 1 1
3 4 1 1
5 4 1 1
8 4 1 1
4 4 1 1
3 4 1 1
5 4 1 1
8 4 1 1
4 4 1 1
3 4 1 1
5 2 1 1
2 5 1 2
1 5 1 2
8 6 1 1
7 9 1 2
6 5 1 2
5 6 1 2
3 15 1 3
2 16 1 3
1 16 1 3
8 15 1 3
7 17 1 2
6 17 1 2
3 2 1 4
5 2 1 4
8 2 1 4
4 19 1 4
3 19 1 4
5 2 1 4
8 2 1 4
5 2 1 4
8 2 1 4
4 2 1 4
3 2 1 4
5 2 1 4
8 2 1 4
4 2 1 4
3 2 1 4
5 2 1 4
8 2 1 4
4 2 1 4
3 2 1 4
5 2 1 4
8 2 1 4
4 2 1 4
3 2 1 4
5 2 1 4
8 2 1 4
4 2 1 4
3 2 1 4
5 2 1 4
8 2 1 4
4 2 1 4
3 2 1 4
5 2 1 4
8 2 1 4
4 2 1 4
3 2 1 4
5 2 1 4
8 2 1 4
4 2 1 4
2 16 1 4
1 16 1 4
8 15 1 4
7 23 1 3
1 2 1 4
7 2 1 4
2 2 1 4
6 3 1 3
2 2 1 2
1 2 1 4
7 2 1 4
2 2 1 4
6 3 1 3
1 4 1 2
7 3 1 3
2 4 1 2
6 4 1 2
1 4 1 2
7 4 1 2
2 4 1 2
6 4 1 2
1 4 1 2
7 4 1 2
2 4 1 2
6 4 1 2
1 4 1 2
7 4 1 2
2 4 1 2
6 4 1 2
1 4 1 2
7 4 1 2
2 4 1 2
6 4 1 2
1 4 1 2
7 4 1 2
2 4 1 2
6 4 1 2
1 4 1 2
7 4 1 2
2 4 1 2
6 4 1 2
1 4 1 2
7 4 1 2
2 4 1 2
6 4 1 2
1 2 1 2
4 2 1 1
3 2 1 1
5 32 1 1
4 32 1 2
3 32 1 2
8 2 1 1
2 30 1 2
1 30 1 2
8 20 1 2
6 2 1 3
1 2 1 3
7 2 1 3
2 2 1 3
6 2 1 3
1 2 1 3
7 2 1 3
2 2 1 3
6 2 1 3
1 2 1 3
7 2 1 3
2 2 1 3
6 2 1 3
1 2 1 3
7 2 1 3
2 2 1 3
6 2 1 3
1 2 1 3
7 2 1 3
2 2 1 3
6 2 1 3
1 2 1 3
7 2 1 3
2 2 1 3
6 2 1 3
1 2 1 3
7 2 1 3
2 2 1 3
6 2 1 3
1 2 1 3
7 2 1 3
2 2 1 3
6 2 1 3
1 2 1 3
7 2 1 3
2 2 1 3
6 2 1 3
1 2 1 3
7 2 1 3
2 2 1 3
4 3 1 2
3 3 1 2
5 4 1 1
4 2 1 3
3 2 1 3
5 2 1 3
8 3 1 2
4 4 1 1
3 4 1 1
5 4 1 1
8 4 1 1
4 4 1 1
3 4 1 1
5 4 1 1
8 4 1 1
4 4 1 1
3 4 1 1
5 4 1 1
8 4 1 1
4 4 1 1
3 4 1 1
5 4 1 1
8 4 1 1
4 4 1 1
3 4 1 1
5 4 1 1
8 4 1 1
4 4 1 1
3 4 1 1
5 4 1 1
8 4 1 1
4 4 1 1
3 4 1 1
5 4 1 1
8 4 1 1
4 3 1 1
3 3 1 1
5 3 1 1
7 368 1 3
6 17 1 3
5 15 1 3
4 15 1 3
3 15 1 3
2 19 1 2
1 3 1 2
6 2 1 2
8 37 1 4
5 2 1 4
4 2 1 4
3 2 1 4
5 2 1 4
8 2 1 4
4 2 1 4
3 2 1 4
5 2 1 4
8 2 1 4
4 2 1 4
3 2 1 4
5 2 1 4
8 2 1 4
4 2 1 4
3 2 1 4
5 2 1 4
8 2 1 4
4 2 1 4
3 2 1 4
5 2 1 4
8 2 1 4
4 2 1 4
3 2 1 4
5 2 1 4
8 2 1 4
4 2 1 4
3 2 1 4
5 2 1 4
8 2 1 4
4 2 1 4
3 2 1 4
5 2 1 4
8 2 1 4
4 2 1 4
3 2 1 4
5 2 1 4
8 2 1 4
4 2 1 4
3 2 1 4
7 17 1 3
6 17 1 4
5 15 1 4
4 15 1 4
3 16 1 4
7 2 1 4
2 3 1 3
1 2 1 2
2 2 1 2
6 2 1 4
1 3 1 3
7 3 1 3
2 3 1 3
6 4 1 2
1 4 1 2
7 3 1 3
2 4 1 2
6 4 1 2
1 4 1 2
7 3 1 3
2 4 1 2
6 4 1 2
1 4 1 2
7 3 1 3
2 4 1 2
6 4 1 2
1 4 1 2
7 3 1 3
2 4 1 2
6 4 1 2
1 4 1 2
7 3 1 3
2 4 1 2
6 4 1 2
1 4 1 2
7 4 1 2
2 4 1 2
6 4 1 2
1 4 1 2
7 4 1 2
2 2 1 2
6 2 1 2
1 2 1 2
7 2 1 2
2 2 1 2
6 2 1 2
1 2 1 2
1 15 1 3
7 15 1 3
6 15 1 3
5 17 1 2
8 2 1 1
4 18 1 1
3 3 1 1
7 6 1 6
8 397 1 5
1 2 1 4
7 2 1 4
2 19 1 4
6 2 1 4
1 20 1 4
7 19 1 4
6 19 1 4
2 2 1 4
1 2 1 4
7 2 1 4
2 2 1 4
6 2 1 4
1 2 1 4
7 2 1 4
2 2 1 4
6 2 1 4
1 2 1 4
7 2 1 4
2 2 1 4
6 2 1 4
1 2 1 4
7 2 1 4
2 2 1 4
6 2 1 4
1 2 1 4
7 2 1 4
2 2 1 4
6 2 1 4
1 2 1 4
7 2 1 4
2 2 1 4
6 2 1 4
1 2 1 4
7 2 1 4
2 2 1 4
6 2 1 4
5 17 1 3
8 2 1 2
4 3 1 3
3 4 1 2
5 2 1 1
8 3 1 1
4 2 1 1
3 2 1 1
5 4 1 1
8 4 1 1
4 4 1 1
3 4 1 1
5 4 1 1
8 4 1 1
4 4 1 1
3 4 1 1
5 4 1 1
8 4 1 1
4 4 1 1
3 4 1 1
5 4 1 1
8 4 1 1
4 4 1 1
3 4 1 1
5 4 1 1
8 4 1 1
4 4 1 1
3 4 1 1
5 4 1 1
8 4 1 1
4 4 1 1
3 4 1 1
5 4 1 1
8 4 1 1
4 4 1 1
3 3 1 1
5 3 1 1
8 3 1 1
4 3 1 1
3 2 1 1
5 2 1 1
8 2 1 1
4 2 1 1
3 2 1 1
5 2 1 1
8 2 1 1
3 15 1 2
2 16 1 2
1 22 1 2
8 15 1 2
7 17 1 2
6 19 1 1
4 23 1 3
3 19 1 3
5 4 1 3
4 4 1 3
3 2 1 3
5 2 1 3
4 4 1 3
3 2 1 3
5 2 1 3
4 4 1 3
3 2 1 3
5 2 1 3
4 4 1 3
3 2 1 3
5 2 1 3
4 4 1 3
3 2 1 3
5 2 1 3
4 4 1 3
3 2 1 3
5 2 1 3
4 4 1 3
3 2 1 3
5 2 1 3
4 4 1 3
3 2 1 3
5 2 1 3
2 16 1 3
1 17 1 2
8 15 1 3
7 18 1 2
6 5 1 2
2 2 1 1
1 2 1 3
7 2 1 3
6 5 1 2
1 4 1 1
7 3 1 2
2 2 1 1
6 6 1 1
1 4 1 1
7 4 1 1
2 2 1 1
6 6 1 1
1 4 1 1
7 4 1 1
2 2 1 1
6 6 1 1
1 4 1 1
7 4 1 1
2 2 1 1
6 6 1 1
1 4 1 1
7 4 1 1
2 2 1 1
6 6 1 1
1 4 1 1
7 4 1 1
2 2 1 1
6 6 1 1
1 4 1 1
7 4 1 1
2 2 1 1
6 6 1 1
1 4 1 1
7 4 1 1
2 2 1 1
6 4 1 1
1 2 1 1
7 2 1 1
5 15 1 2
4 17 1 2
3 16 1 2
8 2 1 1
4 2 1 1
2 15 1 2
1 15 1 2
8 18 1 2
4 4 1 2
3 3 1 1
4 4 1 1
2 2 1 3
6 23 1 3
1 2 1 3
2 2 1 3
1 2 1 3
2 2 1 3
6 4 1 3
1 2 1 3
2 2 1 3
6 4 1 3
1 2 1 3
2 2 1 3
6 4 1 3
1 2 1 3
2 2 1 3
6 4 1 3
1 2 1 3
2 2 1 3
6 4 1 3
1 2 1 3
2 2 1 3
6 4 1 3
1 2 1 3
2 2 1 3
6 4 1 3
1 2 1 3
2 2 1 3
6 4 1 3
1 2 1 3
5 15 1 3
4 19 1 3
3 17 1 3
8 4 1 2
3 2 1 1
4 4 1 2
2 15 1 3
1 18 1 3
5 2 1 3
8 5 1 3
4 4 1 3
5 2 1 3
8 2 1 3
4 4 1 3
5 2 1 3
8 2 1 3
4 4 1 3
5 2 1 3
8 2 1 3
4 4 1 3
5 2 1 3
8 2 1 3
4 4 1 3
5 2 1 3
8 2 1 3
4 4 1 3
5 2 1 3
8 2 1 3
4 4 1 3
5 2 1 3
8 2 1 3
4 4 1 3
5 2 1 3
8 2 1 3
4 4 1 3
5 2 1 3
8 2 1 3
4 4 1 3
7 7 1 3
6 9 1 4
2 2 1 3
5 5 1 4
4 5 1 4
3 5 1 4
2 6 1 4
7 2 1 3
6 4 1 3
4 4 3 2
6 4 3 3
4 4 5 2
6 4 5 3
4 4 7 2
6 4 7 3
4 4 9 2
6 4 9 3
4 2 11 2
6 4 11 3
4 2 13 2
6 4 13 3
6 4 15 3
6 2 18 4
6 2 20 4
