16406
380
1 42 1 1
3 2 1 3
4 2 1 2
5 3 1 2
6 3 1 2
1 8 1 2
7 2 1 1
6 2 1 1
7 2 1 1
1 4 1 1
8 95 1 1
2 9 1 3
1 9 1 3
3 2 1 2
4 2 1 1
5 3 1 1
6 3 1 1
1 8 1 1
2 6 1 4
1 6 1 4
3 2 1 3
4 2 1 2
5 3 1 2
6 3 1 2
1 8 1 2
7 2 1 1
6 2 1 1
7 2 1 1
1 4 1 1
2 3 1 3
1 3 1 3
3 2 1 2
4 2 1 1
5 3 1 1
6 3 1 1
1 8 1 1
3 2 1 6
4 2 1 5
5 3 1 5
6 3 1 5
1 8 1 5
7 2 1 4
6 2 1 4
7 2 1 4
1 6 1 4
2 6 1 4
1 6 1 4
2 6 1 4
1 6 1 4
2 6 1 4
1 6 1 4
3 3 1 3
4 2 1 2
5 4 1 2
6 4 1 2
1 11 1 2
7 2 1 1
6 2 1 1
7 2 1 1
1 5 1 1
2 9 1 5
1 9 1 5
3 2 1 4
4 2 1 3
5 3 1 3
6 3 1 3
1 8 1 3
2 6 1 6
1 6 1 6
3 2 1 5
4 2 1 4
5 3 1 4
6 3 1 4
1 8 1 4
7 2 1 3
6 2 1 3
7 2 1 3
1 6 1 3
2 6 1 3
1 6 1 3
2 6 1 3
1 6 1 3
2 3 1 3
1 3 1 3
2 3 1 5
1 3 1 5
3 2 1 4
4 2 1 3
5 3 1 3
6 3 1 3
1 8 1 3
3 2 1 8
4 2 1 7
5 3 1 7
6 3 1 7
1 8 1 7
7 2 1 6
6 2 1 6
7 2 1 6
1 6 1 6
2 6 1 6
1 6 1 6
2 6 1 6
1 6 1 6
2 6 1 6
1 6 1 6
3 3 1 5
4 2 1 4
5 4 1 4
6 4 1 4
1 11 1 4
7 2 1 3
6 2 1 3
7 2 1 3
1 6 1 3
2 3 1 3
1 3 1 3
2 9 1 7
1 9 1 7
3 2 1 6
4 2 1 5
5 3 1 5
6 3 1 5
1 8 1 5
2 6 1 8
1 6 1 8
3 2 1 7
4 2 1 6
5 3 1 6
6 3 1 6
1 8 1 6
7 2 1 5
6 2 1 5
7 2 1 5
1 6 1 5
2 6 1 5
1 6 1 5
2 6 1 5
1 6 1 5
2 3 1 5
1 3 1 5
2 3 1 7
1 3 1 7
3 2 1 6
4 2 1 5
5 3 1 5
6 3 1 5
1 8 1 5
3 2 1 10
4 2 1 9
5 3 1 9
6 3 1 9
1 8 1 9
7 2 1 8
6 2 1 8
7 2 1 8
1 6 1 8
2 6 1 8
1 6 1 8
2 6 1 8
1 6 1 8
2 6 1 8
1 6 1 8
3 3 1 7
4 2 1 6
5 4 1 6
6 4 1 6
1 11 1 6
7 2 1 5
6 2 1 5
7 2 1 5
1 6 1 5
2 3 1 5
1 3 1 5
2 9 1 9
1 9 1 9
3 2 1 8
4 2 1 7
5 3 1 7
6 3 1 7
1 8 1 7
2 6 1 10
1 6 1 10
3 2 1 9
4 2 1 8
5 3 1 8
6 3 1 8
1 8 1 8
7 2 1 7
6 2 1 7
7 2 1 7
1 6 1 7
2 6 1 7
1 6 1 7
2 6 1 7
1 6 1 7
2 3 1 7
1 3 1 7
2 3 1 9
1 3 1 9
3 2 1 8
4 2 1 7
5 3 1 7
6 3 1 7
1 8 1 7
3 2 1 12
4 2 1 11
5 3 1 11
6 3 1 11
1 8 1 11
7 2 1 10
6 2 1 10
7 2 1 10
1 6 1 10
2 6 1 10
1 6 1 10
2 6 1 10
1 6 1 10
2 6 1 10
1 6 1 10
3 3 1 9
4 2 1 8
5 4 1 8
6 4 1 8
1 11 1 8
7 2 1 7
6 2 1 7
7 2 1 7
1 6 1 7
2 3 1 7
1 3 1 7
2 9 1 11
1 9 1 11
3 2 1 10
4 2 1 9
5 3 1 9
6 3 1 9
1 8 1 9
2 6 1 12
1 6 1 12
3 2 1 11
4 2 1 10
5 3 1 10
6 3 1 10
1 8 1 10
7 2 1 9
6 2 1 9
7 2 1 9
1 6 1 9
2 6 1 9
1 6 1 9
2 6 1 9
1 6 1 9
2 3 1 9
1 3 1 9
2 3 1 11
1 3 1 11
3 2 1 10
4 2 1 9
5 3 1 9
6 3 1 9
1 8 1 9
3 2 1 14
4 2 1 13
5 3 1 13
6 3 1 13
1 8 1 13
7 2 1 12
6 2 1 12
7 2 1 12
1 6 1 12
2 6 1 12
1 6 1 12
2 6 1 12
1 6 1 12
2 6 1 12
1 6 1 12
3 3 1 11
4 2 1 10
5 4 1 10
6 4 1 10
1 11 1 10
7 2 1 9
6 2 1 9
7 2 1 9
1 6 1 9
2 3 1 9
1 3 1 9
2 9 1 13
1 9 1 13
3 2 1 12
4 2 1 11
5 3 1 11
6 3 1 11
1 8 1 11
2 6 1 14
1 6 1 14
3 2 1 13
4 2 1 12
5 3 1 12
6 3 1 12
1 8 1 12
7 2 1 11
6 2 1 11
7 2 1 11
1 6 1 11
2 6 1 11
1 6 1 11
2 6 1 11
1 6 1 11
2 3 1 11
1 3 1 11
2 3 1 13
1 3 1 13
3 2 1 12
4 2 1 11
5 3 1 11
6 3 1 11
1 8 1 11
4 2 2 13
7 3 1 14
4 4 1 14
7 5 1 14
4 6 1 14
7 5 1 15
4 4 1 15
7 4 1 15
4 4 1 15
7 4 1 15
4 4 1 15
7 4 1 15
1 2 1 14
2 6 1 14
1 6 1 14
2 6 1 14
1 6 1 14
2 6 1 14
1 6 1 14
3 3 1 13
5 3 1 13
6 3 1 13
1 8 1 13
4 2 1 12
5 2 1 12
6 2 1 12
1 6 1 12
7 2 1 11
6 2 1 11
7 2 1 11
1 6 1 11
2 3 1 11
1 3 1 11
3 2 1 10
4 6 1 9
5 3 1 9
6 3 1 9
1 7 1 9
7 3 1 9
4 3 1 9
7 3 1 9
4 3 1 9
7 3 1 9
4 3 1 9
7 2 1 10
4 2 1 10
7 2 1 10
4 2 1 10
7 2 1 10
4 2 1 10
7 2 1 10
1 2 1 9
2 6 1 9
1 6 1 9
2 6 1 9
1 6 1 9
2 3 1 9
1 3 1 9
1 20 4 1
2 3 9 9
1 4 8 9
