12844
2996
5 5 1 1
1 4 1 1
3 3 1 4
2 3 1 6
4 4 1 8
3 2 1 7
1 2 1 10
5 2 1 11
5 2 1 22
2 5 1 23
3 2 1 24
5 2 1 30
3 3 1 31
6 2 1 30
4 3 1 29
6 4 1 33
4 4 1 34
3 4 1 36
1 2 1 36
4 3 1 38
2 2 1 40
5 2 1 42
2 2 1 43
4 6 1 43
1 2 1 47
5 2 1 46
2 2 1 46
2 3 2 1
5 2 2 3
6 4 1 3
1 2 2 3
3 6 2 4
5 4 1 5
6 2 1 5
1 2 1 5
5 2 2 5
2 2 2 6
4 3 1 6
3 2 1 5
1 2 1 5
4 2 1 5
5 2 1 7
5 2 2 11
6 2 2 26
2 2 2 26
4 2 2 29
2 4 2 30
5 4 1 32
1 2 2 29
3 7 2 31
4 3 2 33
6 2 2 32
1 5 1 33
6 3 2 37
1 2 2 37
4 4 2 37
1 2 2 37
6 2 2 38
1 5 2 39
6 2 1 39
1 2 1 39
3 2 1 39
2 2 1 38
3 2 1 38
1 2 2 41
4 2 1 41
3 4 2 40
2 4 2 43
1 2 2 49
5 2 1 49
2 3 1 49
3 2 2 51
4 2 2 53
3 2 2 53
2 5 2 54
3 2 2 54
6 8 2 58
1 2 2 58
1 5 2 60
4 2 2 64
6 2 2 63
3 2 2 67
3 2 2 72
6 2 2 75
2 5 2 75
5 2 2 78
3 2 2 78
4 6 2 77
6 2 2 80
2 2 2 79
1 2 2 78
3 2 2 79
5 2 2 80
6 2 2 79
3 2 2 79
2 3 2 78
6 2 2 77
5 3 2 76
4 2 2 76
2 2 2 76
6 2 2 75
3 5 2 76
3 2 2 79
1 2 2 80
1 2 2 88
4 2 2 89
6 2 2 90
1 3 2 90
2 3 2 90
5 2 2 90
3 6 2 91
4 2 2 93
6 10 2 96
1 5 2 96
4 4 2 95
3 7 2 97
1 2 3 1
6 3 3 2
3 2 3 2
6 3 3 7
1 3 3 9
2 4 2 9
3 2 3 7
2 2 3 6
4 3 3 7
5 2 2 7
4 2 3 11
6 2 3 14
1 3 2 14
5 2 3 23
4 7 3 30
6 2 2 30
1 2 2 30
3 6 1 30
2 3 2 28
3 2 2 27
5 3 1 27
1 7 2 28
4 2 2 29
1 4 2 29
6 2 2 29
3 2 2 29
5 2 2 30
6 2 3 25
1 2 2 26
4 4 1 26
3 3 2 26
5 3 2 27
1 2 1 27
2 2 1 26
6 2 2 27
2 2 2 27
1 3 3 25
5 2 2 25
4 4 2 25
1 2 1 25
4 2 1 25
2 2 1 24
6 2 1 25
1 2 1 25
2 3 2 25
2 3 3 26
6 2 3 26
5 2 3 27
6 3 3 28
2 4 3 28
1 2 3 27
5 4 3 28
4 2 3 27
3 2 3 29
2 4 3 31
1 2 3 30
5 2 3 32
2 2 3 36
3 2 3 35
4 2 3 34
6 2 3 34
5 2 3 34
3 4 2 34
1 4 3 32
6 4 2 32
5 5 3 33
6 2 3 34
2 2 3 33
4 2 3 34
5 2 3 33
2 3 3 39
1 8 3 42
4 3 3 43
6 6 3 43
5 3 3 43
2 3 3 44
4 6 3 46
3 7 3 46
1 5 2 46
5 2 3 45
4 5 3 51
6 2 2 51
4 2 2 51
4 4 3 55
1 3 2 55
6 8 2 56
5 3 3 55
3 2 2 55
3 2 3 57
3 4 3 60
2 2 2 62
5 2 3 59
1 2 3 66
2 2 3 68
3 2 3 67
5 2 3 71
6 3 2 71
2 6 3 75
6 2 2 76
4 2 3 77
3 3 3 77
2 2 3 77
1 2 3 77
6 4 2 78
1 2 2 78
4 2 2 78
5 4 2 79
6 2 3 78
5 3 3 78
4 2 3 79
3 2 3 79
6 2 3 80
4 2 3 79
4 2 3 83
5 4 2 83
6 2 2 83
3 2 2 82
1 2 2 82
6 2 2 81
5 2 2 82
2 2 2 84
2 3 3 81
1 2 3 80
3 3 2 81
2 3 2 80
6 4 2 82
4 2 2 82
1 4 2 82
3 2 2 81
4 6 2 83
3 2 3 85
5 2 2 86
1 3 2 86
6 2 2 85
5 2 2 85
3 6 2 84
6 4 2 86
6 2 3 90
5 2 3 90
4 2 2 91
4 2 3 94
5 2 3 98
1 2 2 99
1 2 4 2
3 2 4 13
1 4 3 14
5 3 2 14
2 3 2 13
3 2 1 14
1 2 1 13
4 2 1 13
2 3 3 14
1 2 4 13
6 2 4 12
3 5 3 13
5 3 2 13
5 2 4 14
4 4 3 14
6 3 3 14
3 2 4 15
5 5 4 18
4 3 4 17
4 2 4 23
1 2 4 22
6 2 4 23
5 2 4 22
2 2 4 24
1 3 4 28
5 3 3 30
4 4 3 30
2 2 4 30
5 2 3 30
3 2 3 30
2 3 2 30
6 2 1 30
1 2 1 30
4 3 1 30
1 3 2 30
3 2 1 30
6 3 1 31
1 2 1 30
5 4 1 29
2 2 1 30
3 3 1 30
1 2 2 30
2 4 2 30
5 2 3 29
6 2 4 30
5 4 4 33
2 2 4 33
3 5 3 33
6 3 4 37
4 2 3 38
5 4 2 38
6 3 1 38
2 2 3 36
5 2 2 36
2 2 2 35
1 2 2 34
2 2 2 34
4 3 2 35
4 3 2 37
6 3 2 37
5 3 1 37
3 2 1 36
3 2 1 38
4 2 2 38
1 2 2 38
6 2 1 38
3 3 1 38
2 2 1 38
1 2 1 37
5 2 1 36
6 2 1 35
1 3 1 35
5 3 1 34
4 2 1 35
6 2 1 34
3 2 1 33
4 2 1 32
6 2 1 31
5 3 1 30
2 3 1 37
4 2 1 38
3 2 1 37
5 2 1 36
1 2 1 35
4 2 1 36
4 4 2 38
1 2 3 29
2 2 3 31
3 4 2 31
2 2 3 34
4 5 4 28
2 2 4 28
6 2 3 28
3 2 2 28
5 3 3 29
3 4 4 30
3 3 4 34
6 2 4 33
4 2 4 34
5 2 4 36
4 5 4 36
3 2 3 37
6 3 3 37
1 5 2 37
4 2 4 36
1 2 4 38
4 9 3 39
3 2 4 37
6 3 4 38
2 2 4 37
1 3 4 38
6 2 4 45
4 8 3 46
5 2 4 47
2 6 4 52
3 6 4 51
2 3 3 54
4 4 2 54
6 2 2 53
2 2 2 54
5 2 2 55
6 2 2 54
1 3 2 54
5 3 3 56
4 3 2 56
2 2 2 57
6 5 2 57
5 2 2 57
1 2 3 57
4 3 3 58
1 2 2 58
3 2 2 58
5 2 2 58
6 3 2 58
2 2 2 59
3 2 3 59
4 2 3 59
6 3 3 59
5 4 2 59
4 2 2 58
2 2 2 57
6 2 4 51
4 2 4 51
5 2 3 51
3 2 4 55
2 3 4 56
3 2 3 57
2 2 4 59
3 4 4 62
5 2 4 63
6 2 3 63
2 2 3 62
1 2 3 61
5 3 3 62
1 3 4 61
4 2 3 61
5 3 2 61
2 3 3 62
1 2 3 61
6 2 3 62
3 3 2 62
4 2 3 61
6 2 2 61
5 3 2 61
2 2 3 60
3 2 2 60
4 2 2 60
3 4 2 60
6 10 2 59
4 2 2 58
6 2 3 57
5 2 2 57
4 2 3 58
4 2 3 63
1 2 4 60
4 4 4 59
5 2 3 59
5 4 4 63
2 3 4 62
1 2 4 61
3 4 4 64
2 2 3 64
5 2 4 67
4 5 4 79
5 5 3 79
1 2 3 80
2 3 3 80
2 2 4 78
5 2 4 78
6 4 3 79
3 2 4 77
2 2 4 80
4 2 4 96
1 2 4 98
3 4 3 98
2 2 2 98
6 2 2 97
5 2 2 98
2 2 3 96
5 2 2 96
1 2 2 96
4 2 3 96
6 2 3 99
4 3 3 99
1 2 2 99
3 3 2 99
2 4 2 99
1 2 4 95
5 4 4 94
3 2 3 96
6 3 2 96
2 3 2 95
1 4 2 94
5 2 2 93
3 4 2 96
1 3 3 93
2 3 3 92
4 3 3 95
5 2 3 95
6 3 2 95
1 3 2 95
3 4 2 96
1 4 2 96
6 3 3 97
2 2 4 95
3 2 4 95
1 7 4 96
2 2 4 99
6 3 5 2
1 6 5 2
4 2 5 5
3 5 4 5
2 2 5 3
4 7 4 3
1 2 3 3
6 2 3 2
2 2 2 3
4 3 1 3
3 3 1 2
5 3 1 2
4 3 1 1
2 2 1 1
3 3 1 2
3 2 3 2
4 5 2 2
5 4 3 2
6 2 2 2
1 5 1 2
3 3 3 3
5 5 4 2
6 7 4 2
1 2 4 5
5 2 4 5
3 3 4 5
4 2 4 4
2 2 4 6
6 2 4 7
2 3 3 8
4 2 3 7
3 2 4 7
4 3 4 8
1 2 4 8
2 4 3 8
4 3 5 6
3 2 5 5
5 2 4 6
6 3 3 6
6 3 4 6
2 2 4 7
3 2 5 9
4 2 4 9
6 3 4 10
2 3 4 9
1 3 3 10
6 2 3 10
5 2 3 9
3 2 3 9
5 2 3 9
4 2 3 8
2 4 3 9
4 5 2 10
2 4 5 15
6 3 4 15
4 2 5 14
6 3 5 15
4 2 4 15
3 2 5 14
5 2 5 13
1 2 5 14
5 2 5 15
3 3 5 17
3 5 5 21
1 2 5 22
4 4 4 23
2 2 5 23
3 2 5 23
4 2 5 23
5 4 4 23
6 2 5 26
3 4 4 27
5 2 5 25
1 3 4 25
4 3 3 25
2 3 3 25
1 3 5 27
2 2 5 28
4 2 5 27
2 4 5 26
3 2 5 27
3 3 5 29
2 4 4 30
4 2 4 32
2 2 3 32
5 6 5 31
6 2 5 32
4 2 5 33
6 2 5 33
6 2 5 35
5 2 5 35
1 2 5 37
5 2 4 37
3 7 5 39
5 2 4 40
1 2 3 40
2 2 3 39
6 2 2 40
4 2 3 39
1 2 2 39
5 3 2 39
3 2 2 40
1 2 2 40
5 2 2 41
3 4 2 40
1 3 1 43
6 2 2 41
2 3 1 41
2 3 2 41
1 2 2 40
4 5 3 40
4 2 4 38
2 2 3 38
1 2 3 37
5 6 3 39
1 3 4 36
3 3 4 38
6 2 4 38
3 2 4 38
1 4 3 39
4 2 4 37
5 3 4 39
4 2 3 39
3 2 4 41
6 2 4 42
1 2 4 43
3 2 4 43
6 2 5 39
5 2 5 38
3 4 5 38
1 8 4 38
2 5 4 37
3 2 4 38
4 7 4 37
6 4 3 37
2 5 3 36
1 4 3 39
2 3 2 39
2 2 5 42
4 4 5 43
6 2 5 52
2 2 5 53
4 2 5 56
2 2 5 55
1 2 5 54
2 2 5 55
2 2 5 59
6 6 5 59
5 3 5 59
6 2 5 64
5 4 5 63
1 3 5 66
4 2 5 67
4 4 5 72
6 6 4 72
3 2 4 74
6 2 5 72
5 3 5 72
5 2 5 75
3 3 5 86
4 2 5 87
2 2 5 88
6 2 6 3
4 3 6 2
2 2 6 1
3 5 5 2
5 2 5 1
3 2 6 7
6 2 5 7
1 2 6 7
3 2 6 7
6 2 6 11
2 4 5 11
1 2 6 9
5 3 6 8
2 2 6 7
2 4 6 10
3 3 6 10
5 2 5 11
1 3 6 10
4 3 6 10
1 2 6 13
6 2 5 13
4 2 6 12
2 2 6 11
3 2 6 11
5 2 6 10
2 2 6 11
5 2 6 11
4 3 5 11
4 2 6 16
5 2 6 16
4 2 6 16
3 2 6 15
2 2 6 14
2 2 6 17
4 3 5 17
2 3 4 17
1 2 4 16
6 2 4 17
3 3 5 16
1 2 5 15
5 2 4 16
4 2 6 17
6 2 6 16
5 2 6 18
6 4 6 21
2 4 6 23
3 2 5 23
1 8 6 22
6 2 6 24
3 3 6 24
4 2 6 24
5 3 6 23
4 2 6 24
2 3 6 25
3 5 6 24
3 2 6 30
1 3 6 33
6 5 5 35
2 3 5 33
5 2 5 35
2 2 4 35
4 2 6 31
3 3 6 31
1 2 6 30
4 3 5 30
1 4 5 29
6 3 4 29
1 2 4 28
2 2 4 28
6 3 3 28
1 2 3 27
6 2 2 27
5 2 2 27
5 2 3 26
3 2 3 26
3 2 3 29
6 2 4 28
5 2 4 30
3 2 5 26
1 13 5 27
5 2 4 27
1 4 3 27
4 2 3 27
3 2 2 28
6 3 1 28
5 8 1 28
1 2 1 27
4 3 1 29
6 5 2 27
1 2 2 28
4 2 2 28
3 2 3 29
5 2 2 29
6 2 4 28
4 2 4 29
2 2 3 30
4 2 3 30
5 4 3 30
1 2 3 29
6 4 2 30
2 2 2 31
3 2 2 31
4 2 3 28
1 2 2 28
1 2 3 28
6 6 4 28
3 2 4 28
4 3 4 29
5 4 3 29
1 2 3 29
2 3 2 29
5 2 4 28
6 2 3 28
4 2 4 27
3 2 4 28
4 4 4 29
2 3 3 29
6 2 3 29
2 2 3 29
1 3 3 28
5 4 2 28
3 7 1 28
2 2 1 27
1 2 1 27
5 3 1 27
4 3 2 28
1 2 2 28
2 2 2 27
5 3 2 28
6 2 1 29
1 3 3 27
2 2 2 28
3 2 1 28
1 2 4 27
3 2 4 26
2 3 4 31
5 2 3 31
1 3 3 32
6 2 3 31
2 2 2 31
4 2 4 31
5 2 5 26
3 2 5 26
6 3 4 26
2 4 3 26
1 2 4 25
4 2 5 27
5 2 4 28
1 3 4 28
6 3 3 28
2 2 4 27
2 2 5 27
6 2 5 27
5 2 5 26
5 2 5 29
5 2 6 24
1 3 6 31
3 2 6 31
5 2 6 33
5 2 6 36
1 4 5 37
2 2 4 37
4 4 3 37
3 2 3 36
2 4 6 37
3 2 6 38
5 3 5 38
6 5 6 45
5 3 6 46
1 2 6 45
2 3 5 45
6 3 5 46
5 2 6 44
1 2 6 44
3 3 6 45
2 3 6 44
3 2 6 44
4 2 6 43
6 2 5 44
1 3 6 43
3 2 6 44
2 3 5 44
3 2 5 43
6 2 4 43
5 6 3 43
4 2 4 42
6 2 3 43
4 2 3 43
2 2 3 44
1 3 3 44
6 3 2 44
1 2 2 43
2 2 5 42
3 5 4 42
1 3 3 42
6 3 3 41
4 2 2 43
1 5 3 42
2 2 3 41
5 2 3 40
4 3 3 39
5 8 3 38
3 3 3 38
2 2 3 37
1 2 3 37
6 2 2 38
3 3 2 37
1 3 1 38
6 4 1 37
5 2 2 38
4 4 1 39
2 2 1 38
4 3 1 39
5 5 2 38
2 3 1 39
1 3 1 38
4 3 1 37
1 2 1 38
1 2 3 40
3 2 2 41
5 2 2 41
6 2 1 42
2 4 2 41
6 2 2 43
5 2 4 35
6 2 4 34
3 2 4 34
4 2 3 35
3 2 4 41
4 3 3 42
6 2 4 41
1 2 3 41
2 3 4 43
3 3 4 42
6 2 4 44
5 2 4 44
3 2 3 44
4 2 4 43
5 4 3 43
6 2 4 44
3 2 4 43
4 2 3 43
2 3 4 45
1 3 4 44
6 4 3 46
4 4 3 45
3 5 3 46
1 5 3 45
3 2 2 45
2 2 2 45
5 2 2 46
4 2 2 45
2 2 2 47
4 3 3 45
3 3 2 46
1 2 3 47
5 6 3 47
6 2 3 46
3 2 3 46
4 3 4 44
3 3 4 45
5 2 4 46
5 2 5 40
2 2 5 39
4 2 4 40
3 2 5 40
1 2 4 41
6 2 4 41
2 3 3 42
1 2 4 43
2 12 3 44
5 3 2 44
3 2 1 44
5 2 1 43
5 2 2 44
1 2 2 44
3 2 2 43
3 4 3 44
5 2 3 43
4 4 2 43
6 2 2 45
6 2 3 42
4 2 3 43
3 3 2 43
5 3 2 42
1 4 1 43
4 2 4 44
3 4 4 43
2 2 4 43
6 2 3 44
5 4 4 42
1 2 3 43
3 3 4 42
2 2 3 43
4 2 4 44
4 2 5 46
6 4 4 47
3 3 4 45
5 3 5 47
2 2 6 33
3 3 6 34
2 6 5 35
6 2 5 35
3 2 5 35
1 3 4 36
4 3 4 35
6 4 3 35
5 2 4 33
4 3 3 33
2 3 4 34
3 2 4 34
3 2 4 37
1 2 4 37
6 2 5 32
6 3 5 35
5 3 4 36
1 2 4 35
1 3 6 34
6 2 6 34
2 5 5 34
1 2 5 33
6 2 4 34
6 2 6 32
1 2 6 40
6 3 6 40
3 2 6 40
6 3 6 41
5 4 6 42
4 3 6 43
6 4 6 45
5 4 6 48
3 2 5 49
4 3 6 52
2 3 6 51
3 4 5 53
5 7 4 53
6 3 5 54
4 4 4 55
6 3 4 56
3 4 4 56
1 2 4 55
2 2 4 56
6 3 4 56
2 2 4 56
1 2 4 58
1 2 5 53
2 5 4 54
5 3 5 53
6 2 5 52
1 4 5 52
5 3 5 52
4 2 5 51
3 3 5 53
4 3 5 54
3 3 6 53
4 2 6 52
1 2 6 53
5 7 5 54
1 2 5 52
1 5 6 55
6 5 6 54
2 2 5 54
3 2 5 54
6 3 4 54
3 2 3 54
3 2 5 53
5 3 4 54
3 2 5 55
4 2 4 55
5 2 4 55
2 2 3 55
6 2 6 54
1 5 6 60
4 3 6 61
6 4 6 60
2 8 6 61
1 5 5 63
4 3 5 62
5 2 5 61
6 3 5 61
5 4 6 59
2 2 6 66
3 3 6 67
5 2 6 68
4 2 6 69
6 4 6 70
5 5 6 70
2 2 5 70
3 2 5 70
1 3 5 70
6 5 4 70
3 6 3 70
6 2 3 70
4 2 2 71
1 2 3 69
5 4 2 70
6 3 2 69
1 2 2 68
2 2 2 70
3 3 2 69
1 2 2 69
3 5 2 70
5 3 2 70
1 2 3 68
6 2 2 69
2 2 2 68
2 5 3 67
2 3 4 71
6 2 3 71
6 3 5 71
5 5 5 71
4 3 5 70
3 2 5 71
2 2 5 70
4 4 5 72
2 2 5 73
5 2 4 73
1 2 4 72
5 2 5 71
3 2 5 71
4 3 4 71
3 3 5 71
2 3 5 72
1 3 6 74
5 2 6 76
2 3 6 76
2 2 6 82
3 2 6 83
6 6 6 84
2 2 6 83
1 2 5 84
3 2 5 84
5 2 4 84
3 2 4 84
4 2 3 85
4 2 4 85
6 2 5 83
5 4 5 83
2 2 5 85
1 2 5 86
4 2 5 87
1 3 5 87
3 3 5 86
5 3 4 86
6 3 4 87
5 2 4 88
3 2 4 88
1 2 4 87
2 2 4 86
4 2 3 87
6 3 3 86
3 3 3 86
5 4 2 86
1 3 2 85
4 3 2 84
2 2 2 83
1 2 2 84
2 2 2 87
6 3 3 85
4 2 3 85
1 4 3 86
4 2 3 88
6 2 3 88
1 3 3 88
2 3 3 89
3 2 4 82
1 3 3 82
5 2 2 82
1 2 2 81
3 2 2 81
6 2 2 80
1 2 2 79
1 4 3 78
2 3 2 78
3 2 2 79
6 2 2 78
5 3 2 80
4 3 3 81
2 3 2 81
3 2 2 80
1 2 3 80
2 2 3 79
5 3 2 80
2 2 3 80
6 2 3 81
5 2 2 82
3 3 3 81
4 2 3 83
2 2 3 82
6 2 3 81
5 2 3 80
5 2 3 83
1 2 3 83
2 3 2 84
6 2 2 83
2 2 4 77
1 4 4 78
6 2 4 77
1 2 4 78
1 2 4 82
3 3 3 82
5 2 4 83
4 4 4 82
4 2 4 86
1 2 4 85
5 2 4 87
6 6 3 88
1 2 3 89
3 2 2 89
1 2 2 89
5 3 3 89
3 2 3 91
3 3 4 86
1 2 4 87
2 4 4 90
6 3 4 91
5 3 4 90
2 6 5 80
3 3 5 85
6 5 4 85
2 2 4 88
6 2 4 88
5 2 5 92
3 3 4 92
1 2 3 92
6 2 2 92
4 3 5 91
1 2 5 93
2 3 5 94
6 3 5 93
2 2 4 93
1 2 5 93
2 2 6 83
6 4 6 83
5 2 6 88
4 2 6 88
4 2 6 91
3 4 5 92
1 2 5 91
2 3 4 91
1 6 4 91
6 2 4 91
3 3 3 92
4 3 3 91
2 4 4 92
3 3 5 91
5 5 6 90
6 3 5 90
6 3 6 95
3 2 7 9
5 3 7 10
2 2 7 9
4 2 7 12
3 2 6 12
1 3 7 11
5 2 6 12
3 4 7 17
4 2 6 18
1 3 5 18
2 5 5 17
1 2 4 17
6 2 4 17
5 3 5 16
6 2 6 16
2 2 6 17
4 5 5 17
5 3 5 17
3 2 6 15
2 5 6 15
1 4 5 16
4 2 5 15
3 2 5 14
5 2 5 15
3 2 4 16
2 3 3 16
3 3 2 16
5 2 2 16
4 2 2 15
6 2 2 17
3 4 2 16
2 2 2 16
6 2 2 16
2 2 4 14
6 2 4 18
3 2 4 18
6 2 4 18
5 2 4 18
5 3 6 14
1 3 5 14
6 3 6 14
4 2 5 14
3 3 5 15
1 2 5 14
6 3 4 14
5 3 3 14
3 2 2 14
3 3 4 15
2 2 4 16
4 3 3 16
5 2 6 18
6 2 5 19
2 2 6 19
1 3 7 14
3 2 7 18
6 2 7 23
5 2 7 23
6 2 7 23
1 2 7 22
6 2 7 32
4 5 7 31
6 4 7 31
5 2 6 31
3 4 6 31
2 3 7 34
5 4 6 34
4 2 6 35
3 2 6 34
5 2 5 35
6 3 5 34
4 2 6 34
2 2 6 35
1 4 6 35
6 3 6 36
6 2 7 32
3 2 7 34
5 2 7 33
3 2 7 33
6 3 6 34
5 3 6 35
3 4 5 35
1 3 5 34
2 2 7 37
5 2 7 39
2 2 7 41
3 2 7 40
1 2 6 41
2 3 7 40
3 3 7 45
6 3 7 46
2 2 7 46
1 2 7 46
5 3 6 46
4 6 6 47
6 2 7 51
3 2 7 51
2 2 6 51
4 2 7 53
5 2 6 53
5 2 7 53
3 2 7 60
4 2 7 59
1 5 7 58
3 5 6 59
4 4 6 61
2 4 5 61
3 2 5 60
6 2 4 60
2 2 5 60
4 4 4 61
5 2 5 60
1 2 4 61
5 2 4 61
1 3 4 61
1 2 5 61
4 2 4 61
3 2 5 61
1 2 4 61
3 3 3 61
2 3 3 60
6 3 3 59
1 2 2 59
3 5 2 60
2 2 4 61
1 2 5 60
6 3 6 62
3 2 5 62
2 2 6 61
1 2 6 62
5 3 6 63
6 3 7 56
4 2 7 59
5 2 7 58
2 2 6 59
4 2 7 59
3 4 7 60
6 3 7 61
5 4 7 64
2 2 7 65
4 2 7 66
6 2 7 69
4 3 7 73
2 4 7 73
4 3 7 75
2 2 6 77
5 2 6 76
2 2 7 76
5 3 7 77
1 2 6 78
4 2 6 78
6 2 6 78
2 3 7 77
4 3 7 76
3 5 6 77
2 2 6 77
5 2 6 77
1 5 6 76
4 2 5 77
3 4 4 77
1 2 3 77
6 3 4 78
2 2 4 77
4 2 4 76
5 2 3 76
6 4 3 76
4 2 3 76
6 2 3 76
3 3 3 77
5 5 2 77
4 2 3 76
6 2 3 78
5 3 4 79
2 3 3 79
4 3 2 79
1 2 2 79
1 3 3 78
5 2 2 79
2 3 2 78
6 6 2 77
6 2 3 78
4 2 3 79
4 3 4 77
6 3 4 78
1 2 4 77
4 4 4 77
3 2 4 76
5 2 3 77
3 3 2 77
1 2 4 75
6 3 4 77
1 2 4 80
3 3 3 80
5 2 3 79
3 2 2 79
6 2 4 79
4 3 4 78
1 2 3 80
5 2 4 80
6 2 3 81
5 2 3 81
3 3 3 80
5 2 3 81
3 2 3 81
3 3 4 79
1 3 4 78
3 2 4 77
5 3 3 77
1 5 3 77
2 2 3 76
6 5 3 78
4 2 3 80
3 3 3 80
3 4 4 80
1 4 4 79
1 2 4 81
2 2 4 82
3 2 5 75
5 2 5 77
2 2 5 77
5 2 5 80
5 2 5 82
2 2 6 77
5 2 5 77
1 3 5 77
6 3 5 76
1 7 5 75
5 2 4 76
6 2 6 75
3 4 6 74
4 2 6 75
5 3 7 79
2 2 7 78
4 2 6 78
3 2 5 78
5 3 7 77
4 2 7 77
1 3 7 83
2 4 6 83
3 2 5 83
3 2 7 82
6 4 7 83
5 2 7 86
2 4 7 88
1 2 7 89
6 2 7 88
4 3 7 89
5 2 7 88
3 2 7 88
1 2 6 88
6 2 5 88
5 2 7 100
3 2 6 100
4 5 8 5
2 3 8 4
5 6 7 4
1 3 7 4
3 3 7 3
6 3 6 3
4 2 8 2
2 3 7 2
6 2 8 3
5 2 8 2
2 2 8 2
3 2 7 3
1 2 8 1
4 2 7 2
5 2 8 2
6 3 8 6
5 4 7 6
2 2 7 7
6 3 6 7
4 3 5 7
1 5 5 6
4 3 4 6
3 4 3 6
1 2 3 7
5 3 3 6
4 2 3 5
2 3 3 6
3 3 2 7
2 2 2 7
6 2 1 7
3 2 1 7
5 2 4 4
4 2 4 4
2 2 3 4
2 2 4 7
1 2 4 7
4 3 5 5
3 2 4 5
4 2 4 4
1 2 4 3
4 2 5 3
3 2 5 4
6 3 4 4
6 3 5 4
1 2 5 3
3 2 5 7
2 2 4 7
4 2 3 7
4 2 6 3
5 4 6 2
3 6 6 4
1 2 6 6
4 3 6 6
5 2 6 7
6 5 5 8
3 2 7 1
1 2 7 2
4 3 7 2
6 2 7 3
5 2 7 2
2 5 6 3
5 2 7 4
6 2 7 5
1 2 7 5
2 4 7 5
5 2 6 5
4 5 5 5
2 2 4 5
6 2 4 5
5 2 3 6
6 2 3 6
2 2 6 5
6 2 6 6
1 2 6 7
5 3 6 7
3 2 7 4
1 4 8 1
5 2 8 5
4 2 8 9
4 4 8 15
1 3 8 16
2 2 8 16
3 5 8 16
6 2 7 16
2 4 8 21
4 2 8 24
4 2 8 26
1 2 8 26
3 7 8 26
2 2 8 33
3 3 8 33
6 3 7 33
2 2 6 33
5 3 5 33
4 5 4 33
6 3 3 33
2 4 3 33
5 2 3 32
6 2 3 33
1 2 3 33
2 2 3 32
3 4 2 33
4 2 2 33
6 2 2 32
3 2 3 31
1 2 3 33
2 4 3 33
3 4 2 33
5 2 2 33
6 5 1 34
1 6 1 33
3 2 1 33
5 3 1 33
4 2 1 32
1 2 1 31
5 2 1 31
3 2 1 35
4 2 1 35
6 4 3 31
1 2 3 32
2 3 4 33
1 2 4 34
4 4 3 34
3 2 2 34
2 3 1 34
2 2 3 34
3 2 5 32
6 2 5 32
3 2 5 35
5 3 5 35
4 2 5 35
1 2 6 31
1 2 7 31
2 2 6 31
2 2 8 34
6 2 7 34
5 2 7 34
3 5 8 34
1 2 7 35
5 2 8 34
3 2 8 39
4 3 7 39
6 2 7 38
3 3 7 38
5 3 6 39
6 2 7 40
5 3 8 38
6 5 8 43
1 2 8 44
3 3 8 44
6 3 8 46
1 2 8 53
4 5 8 52
5 2 8 52
3 2 8 53
6 2 8 56
4 4 8 57
6 2 8 60
2 4 8 62
4 5 8 62
3 3 7 62
2 2 8 62
1 5 7 62
4 3 7 61
6 4 6 62
2 3 7 62
4 2 6 62
2 2 7 62
6 2 8 75
2 2 7 75
4 4 8 74
3 4 7 75
1 2 6 75
6 3 5 75
1 2 4 75
6 2 4 74
2 2 4 73
3 4 3 74
5 3 2 74
4 2 3 72
5 2 3 72
5 2 5 76
1 2 6 71
6 2 6 70
5 4 6 72
4 2 6 72
3 2 7 69
5 2 6 70
3 3 7 70
3 2 7 73
5 2 6 74
4 2 7 73
4 3 7 76
6 4 8 72
5 2 8 72
6 2 8 72
4 2 8 71
5 6 8 72
1 3 8 73
2 2 8 79
3 2 7 79
1 2 7 78
2 3 6 79
6 3 5 79
4 4 5 78
5 2 6 78
4 6 6 78
3 3 6 77
6 2 5 77
1 3 5 76
3 2 5 77
6 5 7 80
6 2 8 82
6 2 8 89
2 3 7 89
3 3 7 90
1 2 9 6
2 4 9 6
3 3 8 7
6 4 7 7
1 2 7 6
6 2 7 5
4 3 8 4
6 2 8 5
3 2 7 5
5 2 7 4
1 2 7 3
3 3 6 3
6 9 5 3
5 4 5 3
3 3 5 4
1 2 5 5
3 2 5 5
1 2 5 5
4 5 5 6
1 2 6 5
5 5 6 6
3 2 7 4
2 4 6 4
6 2 7 7
1 4 6 7
4 4 6 6
1 2 5 6
6 2 4 6
5 2 3 6
1 4 2 6
2 2 1 6
1 2 1 5
4 2 4 6
1 4 5 5
6 2 4 5
3 2 6 4
2 2 5 5
4 2 4 5
1 2 5 5
6 2 6 3
2 2 6 7
3 3 6 7
4 2 6 6
2 2 6 6
3 3 5 6
2 2 6 8
5 2 6 7
6 2 5 7
1 2 6 9
6 2 7 2
1 2 7 4
5 2 8 2
3 3 7 2
2 4 6 2
3 2 5 2
1 2 6 1
3 2 6 2
4 3 7 2
6 2 8 8
6 2 8 10
2 2 9 9
1 3 8 9
5 5 8 10
6 2 8 9
2 2 9 12
3 4 9 13
1 3 9 12
2 2 9 14
3 3 9 17
5 4 9 20
5 4 9 26
4 2 9 25
5 2 8 25
3 2 9 47
1 2 9 48
5 7 8 48
4 2 8 47
5 3 9 53
1 2 8 53
2 2 8 54
3 2 7 54
3 2 8 54
4 2 8 54
2 7 9 57
1 3 9 56
6 4 8 57
3 3 7 57
1 2 8 55
1 3 9 55
3 2 9 56
6 2 9 56
4 3 9 57
5 2 9 56
1 4 9 56
4 2 9 55
3 3 8 55
2 2 8 54
4 3 8 54
6 3 8 55
2 2 8 54
5 4 7 54
5 4 9 59
3 5 9 58
1 4 8 62
2 2 9 59
2 2 9 63
5 3 8 63
4 2 8 62
2 2 9 66
4 2 9 66
1 2 8 66
1 2 9 68
3 2 9 68
6 5 9 73
4 2 9 73
3 2 8 74
2 2 9 74
3 2 9 74
6 4 9 75
5 3 8 75
1 2 9 73
2 4 8 73
1 3 9 73
5 3 8 73
3 5 7 73
6 2 8 72
5 2 7 73
3 3 8 72
5 2 8 72
6 3 9 73
4 2 8 73
2 2 9 73
3 2 9 73
1 5 8 74
2 2 7 74
3 2 9 80
2 2 9 80
4 3 9 82
5 7 9 81
2 4 8 84
1 2 8 84
3 3 9 86
4 4 9 88
2 4 10 10
6 2 10 15
4 3 10 18
5 4 10 25
3 3 10 25
1 9 9 25
5 2 9 25
3 3 10 31
6 2 10 40
2 2 10 41
1 2 10 51
5 2 10 50
4 3 10 50
3 3 10 52
2 6 9 52
2 3 10 59
3 2 10 63
2 3 9 63
4 2 9 63
1 6 10 68
4 3 10 67
3 3 10 67
1 2 10 67
3 2 10 68
2 3 10 70
5 2 10 69
3 5 10 70
2 2 10 71
6 3 10 72
4 2 10 72
3 2 10 75
5 2 10 81
2 2 10 84
5 4 9 85
1 3 9 85
6 2 8 86
4 2 10 84
5 2 10 83
1 2 9 83
3 3 9 83
2 4 9 84
5 3 8 84
1 2 9 83
4 4 8 83
5 2 9 83
2 2 9 82
3 2 8 83
6 2 9 81
3 4 9 80
3 2 10 79
5 3 10 80
6 2 10 87
4 2 10 87
1 3 10 89
4 2 10 93
6 3 10 92
1 2 9 92
4 2 8 92
5 2 9 94
5 3 10 91
3 2 10 93
1 2 11 3
6 2 11 9
3 2 11 10
6 2 11 10
4 2 10 10
1 4 11 9
6 2 11 9
5 2 10 9
4 3 9 9
1 2 9 9
3 2 8 10
1 3 7 10
5 6 9 8
6 2 9 10
2 3 8 11
4 4 8 10
6 3 7 12
2 2 7 12
5 2 8 12
5 2 9 12
6 3 10 11
1 2 10 10
4 5 10 9
1 4 9 9
2 4 8 9
3 3 8 10
6 2 8 9
2 3 10 11
1 2 10 11
3 5 9 12
5 4 11 9
1 6 11 18
3 2 10 18
5 11 10 19
3 5 10 20
1 2 11 18
2 2 11 17
1 2 11 18
6 3 10 18
4 3 11 22
6 4 11 22
2 6 10 23
6 2 11 22
5 3 11 23
2 2 11 39
1 2 11 41
6 2 10 41
5 2 11 41
4 2 11 46
6 2 11 47
6 3 11 52
5 4 11 53
1 3 11 52
6 3 11 52
2 2 10 52
4 4 10 53
5 2 11 51
6 3 11 52
4 2 11 64
6 2 11 64
1 4 10 64
2 5 11 67
4 5 11 68
6 2 10 70
1 2 9 70
6 2 8 70
4 4 8 70
2 3 8 69
6 3 8 68
3 3 8 67
4 2 7 67
5 2 7 66
6 2 7 65
5 2 8 65
1 2 7 66
2 2 8 64
3 2 7 65
5 2 8 65
6 5 7 66
4 4 7 65
1 2 7 65
3 2 7 65
5 3 6 65
6 3 5 65
3 4 5 64
2 5 4 65
6 2 3 65
5 2 2 65
3 4 2 65
4 2 2 65
5 2 2 65
4 5 3 64
6 2 3 66
1 2 4 63
3 3 4 64
3 3 5 63
1 3 4 64
2 2 5 65
1 2 5 67
6 2 6 66
3 4 5 66
4 3 6 67
3 3 6 66
1 2 6 68
5 3 6 68
4 2 6 67
1 2 7 66
2 3 6 66
3 2 6 66
4 4 5 66
6 2 5 66
2 2 5 66
5 3 4 67
1 2 4 66
2 2 6 67
3 2 7 68
5 3 8 63
1 2 7 64
2 2 7 63
6 2 6 64
5 2 8 66
5 2 8 69
4 2 8 69
1 3 7 69
4 3 7 68
2 3 7 70
6 4 9 64
5 3 9 65
6 2 9 66
2 6 8 67
1 3 9 66
4 2 8 66
2 2 8 65
3 4 8 65
5 5 7 65
6 4 7 65
1 2 7 64
6 3 8 63
4 2 7 63
3 2 7 62
3 3 8 62
4 2 7 63
2 3 7 63
5 3 7 63
1 6 6 63
5 3 5 63
5 3 7 61
1 2 7 62
5 3 8 61
6 2 7 61
3 2 6 61
5 3 5 61
6 3 4 61
1 2 4 60
4 2 4 61
4 2 5 62
2 5 4 62
2 3 7 61
1 2 7 61
4 3 8 63
3 2 8 62
5 3 7 63
4 3 9 63
6 2 9 62
3 2 9 61
2 3 9 63
5 5 9 64
3 2 9 64
2 2 8 64
3 3 7 64
1 2 8 62
6 4 7 62
3 2 7 61
3 2 9 62
4 2 9 63
5 3 8 63
6 2 9 62
6 3 9 68
3 2 9 69
2 2 9 70
6 2 8 70
5 3 9 70
3 3 8 70
1 3 8 71
2 2 8 70
6 3 7 71
2 3 7 72
6 2 7 72
5 4 6 72
1 2 6 72
3 5 10 64
6 5 9 64
1 2 10 65
3 2 10 65
5 2 9 65
5 2 10 67
6 5 10 69
3 2 10 68
2 4 10 68
5 2 10 70
2 3 10 70
1 3 10 70
5 7 9 72
2 2 8 72
4 3 8 72
5 2 7 72
6 2 6 72
2 3 6 71
4 2 5 71
1 2 5 70
6 4 4 70
1 2 3 70
3 3 2 70
4 2 2 69
5 3 4 70
3 2 4 70
3 5 5 71
4 4 4 71
3 2 5 72
6 3 4 72
1 2 5 72
6 2 5 72
4 2 5 73
6 2 5 73
2 2 4 74
6 2 6 71
2 2 6 72
4 2 7 71
1 5 6 71
3 2 7 73
2 2 7 72
5 3 6 72
6 4 6 72
4 4 6 72
1 2 5 72
4 2 5 71
3 5 4 72
1 4 3 72
1 2 5 74
3 4 7 71
5 2 6 71
3 2 6 71
6 3 6 72
6 2 9 71
5 2 11 65
2 4 11 65
6 2 11 64
3 2 10 65
4 2 11 63
1 2 11 63
2 2 10 64
4 2 11 66
2 3 11 75
2 3 11 80
5 2 11 80
1 2 11 82
2 4 11 82
4 4 11 82
3 3 11 82
4 2 11 84
5 2 11 83
2 5 11 83
6 3 11 85
3 3 11 86
5 2 11 86
3 3 11 86
6 2 11 86
1 2 11 90
4 2 11 91
1 2 11 91
3 3 11 92
1 2 11 92
4 4 11 96
5 2 11 94
3 2 11 95
1 2 11 94
3 2 11 93
1 4 11 93
6 3 11 96
4 3 12 1
6 3 12 9
3 4 11 9
2 2 12 11
6 6 12 16
5 5 12 15
5 2 12 25
3 2 12 35
5 2 11 35
1 2 12 35
5 2 12 39
6 5 12 40
3 2 12 39
5 3 12 39
1 3 11 39
3 3 11 38
5 3 12 44
1 3 12 45
2 3 12 44
6 2 12 47
4 3 12 47
1 3 11 47
2 2 12 52
5 5 12 52
4 5 12 51
5 2 12 56
6 2 11 57
5 2 11 57
4 3 10 57
3 4 10 56
1 2 9 58
1 3 12 57
1 4 12 61
4 2 11 61
2 3 10 61
5 2 12 62
4 3 11 63
2 6 11 63
5 2 10 63
5 2 12 64
6 8 11 65
3 3 11 65
2 4 11 65
6 2 11 67
3 2 11 67
5 2 11 68
3 4 12 66
1 3 12 65
6 2 11 65
6 2 12 67
2 3 11 67
5 2 11 66
4 3 11 65
5 5 11 66
2 2 11 66
4 2 11 66
1 2 11 68
6 2 10 68
1 2 10 67
6 3 10 68
2 2 10 67
6 2 11 67
1 3 10 67
5 2 10 67
3 2 9 67
4 2 9 68
2 4 10 67
6 2 10 66
4 2 9 66
1 2 9 66
2 2 9 67
5 2 8 67
3 2 10 68
4 2 10 69
5 2 12 68
4 2 12 74
3 5 12 74
6 2 12 79
1 3 12 83
5 4 11 84
6 2 12 82
6 2 12 87
5 2 12 87
3 4 11 87
1 2 12 89
3 2 11 89
2 2 12 89
5 3 11 90
6 2 12 92
5 2 12 95
4 6 11 95
1 4 11 97
6 2 12 95
2 3 12 95
5 4 11 95
4 4 11 95
3 3 11 96
1 3 10 96
5 4 10 96
2 3 10 95
1 2 10 95
6 2 11 96
4 3 10 97
5 3 11 95
3 3 11 97
6 4 10 97
2 2 10 96
2 2 12 93
5 3 12 93
3 3 12 93
3 2 12 95
2 2 12 96
4 2 12 96
4 4 13 2
5 2 13 16
2 3 13 21
5 2 13 21
3 3 13 24
1 2 13 32
5 2 12 32
2 2 12 32
3 2 11 32
4 2 13 41
6 2 13 52
3 3 13 51
1 3 12 51
3 3 13 62
5 2 13 68
3 3 12 68
4 3 12 67
6 2 11 67
2 2 11 69
3 3 13 69
1 2 13 71
4 2 13 79
3 3 13 80
5 2 13 84
6 2 13 85
1 3 12 86
4 3 13 86
2 2 13 94
6 2 12 95
5 2 12 95
4 2 13 95
3 2 13 96
1 2 12 96
2 3 12 95
4 4 12 96
2 3 13 95
6 3 12 95
4 2 13 96
1 2 12 96
3 2 11 96
6 2 12 96
5 3 12 95
3 2 12 96
3 2 13 94
2 2 12 95
1 2 13 93
2 4 13 94
4 6 12 94
6 2 13 93
3 5 13 94
4 5 13 96
6 2 13 95
5 2 13 96
3 2 13 95
1 2 12 96
5 4 12 95
1 2 13 94
5 4 13 94
6 2 13 95
2 2 13 96
1 2 12 96
2 2 11 96
6 3 12 97
2 3 13 98
6 2 13 97
3 3 12 97
1 4 11 97
1 2 12 97
4 2 12 97
5 3 11 98
3 2 11 97
6 3 11 96
5 2 11 97
4 5 10 97
1 2 11 97
3 2 11 97
6 2 10 97
4 2 10 97
5 2 10 96
5 2 11 97
4 2 13 97
6 3 14 2
2 3 14 15
6 4 14 20
1 4 14 25
3 4 13 27
5 2 14 26
2 2 14 40
5 3 13 40
6 2 14 45
2 3 14 45
1 2 14 45
5 3 14 55
3 3 14 55
2 2 13 55
6 2 12 55
3 3 11 55
4 2 11 55
2 2 10 56
1 3 9 56
4 2 9 55
1 2 10 55
6 2 10 56
4 2 12 53
5 3 13 54
6 4 12 54
5 2 12 54
4 5 12 54
6 3 13 57
5 2 14 57
3 2 14 59
6 2 13 59
3 2 12 59
1 3 12 59
2 3 12 58
1 2 12 58
5 4 11 58
6 3 11 59
4 3 11 58
3 2 11 57
4 2 11 56
1 3 10 56
2 3 10 55
6 2 10 54
2 2 10 53
5 2 10 56
3 3 9 56
6 2 9 57
5 2 10 55
4 2 10 54
6 2 10 54
1 4 10 54
5 3 10 54
6 2 9 55
2 2 9 55
1 2 10 57
5 2 9 57
4 3 9 56
5 3 10 56
4 2 11 52
3 2 10 53
3 3 12 56
3 2 12 59
5 4 13 56
2 3 13 57
6 4 13 57
2 3 13 57
4 2 12 59
2 2 11 59
3 2 13 58
1 2 12 58
3 2 12 58
2 2 14 52
3 2 14 52
4 2 13 53
1 2 13 52
5 2 13 53
5 2 14 57
6 3 13 57
4 3 13 56
1 2 12 56
2 3 11 56
5 2 12 57
2 3 13 56
3 3 12 56
6 2 13 56
4 2 12 57
6 2 14 68
1 2 14 68
3 3 14 74
2 2 13 74
4 2 14 79
6 4 14 80
1 2 14 90
2 2 14 97
4 2 15 3
6 2 15 2
4 2 15 10
5 3 15 12
3 2 15 11
6 3 15 15
5 2 14 15
3 2 15 20
5 3 15 21
2 3 14 21
4 2 14 21
3 3 13 21
4 4 12 21
2 2 12 20
1 4 11 21
2 2 11 21
6 6 11 21
6 2 12 21
2 2 12 23
5 3 14 20
1 3 13 20
5 3 12 20
6 2 12 19
2 4 12 19
4 4 13 20
6 2 13 22
5 3 14 18
2 2 13 20
4 2 13 20
2 2 13 20
1 2 12 20
2 2 14 17
3 2 14 19
6 2 13 19
2 2 13 20
3 2 13 20
1 2 13 21
5 3 14 22
4 4 13 22
5 3 12 22
2 4 13 20
6 2 12 21
4 5 12 22
1 4 12 22
2 3 11 22
3 3 13 20
6 2 13 20
5 4 12 20
3 3 11 20
4 3 11 19
5 2 11 19
6 2 11 18
3 2 11 19
1 2 11 18
4 3 10 18
3 2 11 16
4 3 11 15
1 2 10 16
2 2 12 16
2 2 12 19
6 3 11 19
2 2 10 19
4 3 11 19
2 2 12 19
6 2 12 21
3 3 12 21
1 2 13 14
6 2 13 15
1 2 13 17
6 7 13 18
4 4 13 19
1 3 13 23
5 3 12 23
2 2 13 23
4 5 14 17
3 2 14 17
1 2 14 16
5 2 14 15
3 2 14 16
5 4 13 17
6 2 12 17
6 2 13 17
1 2 14 19
3 3 14 23
1 2 15 13
3 2 15 17
6 3 14 17
4 2 14 17
1 2 14 16
5 2 14 18
3 4 14 17
6 2 14 18
1 2 13 18
5 2 15 20
3 2 14 21
1 2 13 21
5 2 14 21
6 5 13 22
2 2 14 21
5 6 14 23
1 2 15 22
3 5 15 24
2 3 14 24
3 2 14 24
6 4 13 24
4 2 13 23
2 3 13 22
4 2 13 23
5 6 13 23
3 3 12 23
1 2 12 22
4 4 12 24
4 2 13 21
6 2 12 21
2 2 12 22
5 2 13 22
4 2 14 20
1 4 13 21
6 2 14 20
5 2 14 22
6 3 13 22
3 2 14 21
5 4 13 22
2 5 13 21
4 2 12 22
1 2 13 21
3 3 12 21
6 2 12 21
1 2 11 21
5 2 14 19
1 3 14 23
3 5 13 23
6 3 12 23
4 2 11 23
4 2 13 24
1 3 13 24
6 2 15 22
1 2 15 40
6 4 15 44
5 2 15 46
2 2 15 74
5 3 14 74
6 2 14 73
3 3 13 74
1 2 15 73
2 2 15 82
5 2 15 86
3 4 15 87
1 3 14 87
6 4 15 85
4 4 15 87
1 3 15 87
5 2 15 88
3 2 15 88
5 2 15 93
2 2 15 92
3 2 14 92
4 3 15 93
6 3 15 93
5 5 14 94
2 2 13 94
1 3 14 93
2 2 14 93
4 3 13 93
2 2 14 91
4 3 13 91
5 2 13 91
2 3 13 91
5 2 14 89
1 2 14 92
6 2 14 94
5 2 15 91
3 2 15 92
5 2 15 94
1 2 14 94
5 2 14 93
4 3 14 92
1 2 13 93
3 2 13 94
6 5 15 99
2 2 14 99
3 2 15 98
5 4 14 99
4 5 16 10
6 2 16 11
5 2 16 10
1 2 15 11
5 2 16 15
4 2 16 15
3 3 15 15
5 2 16 13
2 3 16 14
4 2 16 18
5 2 16 27
4 2 16 40
6 2 16 46
2 2 16 47
1 3 15 47
6 2 15 47
3 2 14 47
5 2 15 48
2 3 15 48
4 2 14 48
4 3 16 46
6 4 16 47
1 3 15 47
4 3 16 47
6 2 16 50
3 2 16 51
2 2 16 51
6 5 16 51
1 2 16 50
6 2 16 61
4 3 15 61
4 2 16 64
3 2 16 80
1 2 16 81
3 2 16 81
2 4 16 81
4 3 15 81
3 2 16 87
4 2 16 91
1 4 15 91
3 2 14 91
4 2 14 90
6 2 15 90
1 2 16 90
6 2 16 92
4 4 16 92
3 4 16 92
1 3 16 96
5 2 16 97
4 2 16 98
1 2 15 98
1 2 16 98
5 2 15 98
4 3 14 98
2 2 14 99
5 5 14 98
3 2 14 97
6 2 14 98
1 2 14 98
2 3 13 98
4 3 13 98
5 5 12 98
4 3 11 98
2 3 11 97
3 5 11 98
4 2 11 98
2 3 12 98
3 2 11 98
6 4 11 98
1 4 10 98
3 3 10 97
6 2 10 97
4 2 10 97
1 2 9 97
4 3 8 97
3 2 8 97
5 5 9 98
1 3 8 98
6 2 8 98
5 2 8 97
4 2 8 97
6 2 10 98
3 2 9 98
1 2 8 98
4 3 7 98
2 3 8 99
3 3 7 99
5 3 11 99
4 2 12 99
2 2 13 99
2 2 15 99
1 2 15 99
2 2 17 9
1 2 17 8
5 2 17 9
6 2 16 9
4 3 16 8
4 2 17 9
1 2 16 9
5 2 17 8
2 2 16 9
4 5 17 12
1 2 17 14
3 2 16 14
4 2 16 15
1 3 16 14
6 2 15 16
6 4 16 14
5 7 16 14
4 3 15 14
6 2 16 14
1 4 15 14
3 6 14 14
1 3 14 14
2 2 15 14
4 3 14 15
1 2 15 14
2 3 14 15
6 2 14 14
5 3 14 14
2 6 14 13
5 2 14 15
1 2 13 15
2 2 13 15
2 2 14 16
1 2 15 13
1 2 16 17
5 2 16 17
3 2 15 17
4 2 16 18
1 2 16 18
3 2 17 19
6 2 16 19
3 2 16 18
1 2 17 19
4 2 17 39
2 3 17 40
6 2 17 46
2 2 17 56
4 2 17 61
2 3 17 86
5 3 17 86
2 2 17 99
1 2 17 99
6 2 16 99
3 2 15 99
5 2 17 99
6 2 16 99
6 2 18 24
6 6 18 46
1 2 18 45
1 2 18 87
2 5 18 90
1 3 17 90
4 5 18 89
5 2 18 88
4 2 17 88
6 5 16 88
4 3 15 88
2 2 16 87
2 3 18 88
3 7 18 90
1 4 18 90
5 2 17 90
4 2 18 91
2 4 18 91
6 2 17 91
1 3 17 91
2 2 16 91
6 2 18 89
4 4 18 91
5 2 18 93
3 7 19 11
2 3 19 18
1 2 18 18
1 3 19 26
6 2 18 26
1 3 17 26
6 2 17 26
5 4 19 40
1 2 18 41
6 2 18 40
6 3 19 45
4 3 18 45
6 2 19 85
2 4 19 86
4 3 18 87
6 3 19 90
4 2 19 91
3 3 19 91
1 2 18 92
6 2 19 93
4 2 20 1
1 2 20 8
5 2 20 11
5 4 20 39
3 2 20 47
6 2 20 46
2 2 20 46
4 2 20 46
1 2 19 47
6 2 20 46
2 4 20 46
6 2 20 80
2 2 20 81
5 3 20 80
3 2 19 80
6 2 19 82
1 4 20 81
3 3 20 80
5 2 20 80
6 2 20 82
3 4 20 83
1 4 20 82
3 2 19 82
5 3 18 82
2 2 18 81
2 2 19 80
4 2 19 83
3 2 19 84
6 2 18 84
3 4 20 80
5 2 19 81
4 2 18 81
6 2 20 80
2 2 20 80
6 2 20 85
1 3 20 84
5 2 20 87
4 2 20 86
2 2 20 86
3 2 20 90
4 2 20 90
3 2 21 8
4 5 20 8
2 2 19 8
1 2 21 46
6 4 20 46
3 4 21 47
4 3 21 47
3 2 21 50
2 2 20 51
5 2 21 55
1 3 20 55
3 2 20 55
4 2 21 64
2 2 21 64
1 2 20 64
2 2 19 64
2 2 21 74
3 2 21 88
3 4 21 90
6 2 21 99
5 3 22 19
1 2 22 24
5 2 21 24
2 3 21 25
5 2 20 25
3 2 21 25
1 2 22 24
6 3 21 24
4 4 20 24
4 5 22 47
6 4 22 47
1 5 22 47
3 2 21 47
5 2 22 46
4 3 21 47
1 3 21 46
5 2 20 47
6 2 22 51
5 4 22 90
2 2 22 92
1 2 22 99
2 2 21 99
5 3 20 99
5 3 23 9
6 2 23 11
3 5 22 11
4 2 23 12
2 2 23 11
4 2 23 19
6 2 23 19
1 2 23 19
2 2 23 19
6 3 22 20
5 5 22 20
4 3 23 19
5 3 23 46
2 2 23 47
4 2 23 48
5 2 22 48
2 2 21 48
4 2 22 47
3 2 23 46
1 5 23 50
4 2 23 50
1 2 23 84
1 3 23 89
6 3 22 90
1 2 23 89
2 3 22 89
3 2 23 92
3 2 24 11
1 3 23 11
3 2 24 24
6 2 23 25
2 3 24 24
2 2 24 47
4 2 23 47
5 2 23 47
5 2 24 46
4 2 24 69
5 2 24 85
2 3 23 86
4 2 25 4
2 2 24 4
6 2 25 11
6 2 25 20
3 2 25 47
3 2 25 50
3 2 25 69
4 4 25 83
6 2 25 84
5 3 26 11
1 2 26 12
3 2 25 12
3 3 26 12
1 2 26 50
6 2 26 51
1 2 25 51
4 2 27 51
3 2 27 69
4 2 27 88
2 3 27 93
5 2 26 93
3 3 25 93
1 2 27 93
3 2 28 13
2 2 29 86
4 2 30 13
1 2 30 50
5 2 31 1
3 2 31 12
2 2 31 12
4 2 31 12
6 2 31 50
5 2 31 50
4 6 30 50
5 2 30 50
3 2 30 50
2 5 29 50
6 3 28 50
4 2 28 50
3 3 28 50
5 2 30 50
3 2 30 50
4 2 29 50
5 3 29 50
1 2 28 50
2 2 32 1
6 2 32 88
4 2 32 89
3 3 32 89
5 2 32 88
4 2 33 1
6 2 33 8
3 3 33 13
3 2 34 48
5 3 34 48
6 3 35 1
1 2 34 1
4 3 34 1
6 2 42 1
6 2 43 13
5 2 45 1
