78958
1668
6 46 69 46
4 37 39 41
7 37 10 31
7 35 42 82
4 34 35 75
2 39 59 66
5 34 41 82
2 33 37 31
2 30 65 94
5 30 40 52
5 29 87 92
3 26 92 59
7 25 25 52
3 24 88 70
1 24 51 20
2 24 11 64
2 31 17 51
7 24 5 63
7 23 42 93
4 23 42 88
4 23 34 49
6 23 34 91
2 22 94 10
6 22 35 79
6 21 75 11
5 21 18 23
8 21 20 27
6 22 19 19
1 23 32 22
8 21 5 50
1 28 9 53
8 20 67 69
4 19 38 66
6 19 26 42
3 18 58 89
5 18 42 33
1 18 37 6
6 21 65 1
4 18 25 59
6 18 23 12
2 24 38 17
7 18 23 37
8 19 53 36
5 34 84 36
6 19 61 39
1 19 49 34
7 17 57 16
5 17 42 95
6 16 10 1
3 24 36 7
8 16 9 33
1 15 25 69
3 15 12 98
8 16 57 99
3 15 56 96
7 14 79 85
8 14 61 60
4 14 41 46
3 16 80 47
8 14 50 45
1 14 58 45
5 14 38 53
5 14 38 90
5 14 22 13
5 14 56 13
4 18 80 14
8 14 15 44
1 14 11 70
8 30 14 70
4 15 74 65
4 15 36 74
4 29 83 73
7 14 52 75
1 18 58 77
1 18 65 79
7 16 79 78
8 16 58 74
6 17 66 72
8 14 10 19
5 15 49 19
1 14 6 74
7 18 70 80
6 15 66 78
1 14 6 91
8 15 10 91
8 19 14 91
2 19 53 95
1 16 53 96
6 16 33 95
2 15 10 92
3 14 21 86
2 13 89 28
4 13 79 8
2 13 76 16
6 13 76 82
8 13 56 18
7 13 53 40
4 13 42 6
6 13 42 62
3 16 41 66
3 13 31 15
8 17 46 18
4 13 29 13
2 13 24 38
2 14 70 32
7 13 14 56
1 14 15 60
5 16 73 63
4 19 74 62
5 13 77 54
4 22 80 53
8 13 12 55
1 13 56 52
8 18 54 51
2 15 68 50
3 12 70 54
4 12 35 49
6 12 68 51
6 12 25 51
8 13 40 50
5 12 25 50
8 12 19 9
1 14 77 10
1 14 39 9
3 15 76 8
1 12 17 28
5 12 16 11
1 12 9 81
3 16 51 81
2 16 17 84
4 15 28 85
1 15 17 81
2 14 10 84
3 17 8 87
8 12 5 91
4 11 61 88
5 11 53 22
8 11 47 63
6 14 70 62
3 13 75 65
3 11 47 79
6 11 39 49
4 11 22 26
4 12 80 27
3 11 23 24
8 11 19 37
4 11 29 34
7 11 13 29
8 12 12 28
3 11 9 77
8 14 3 75
8 16 9 78
2 12 57 74
7 11 7 66
2 11 6 81
1 15 28 79
8 12 5 81
2 17 42 82
2 11 53 85
1 11 18 88
4 12 72 87
2 11 6 89
3 12 32 88
5 10 74 100
5 11 84 100
3 10 73 30
5 10 65 40
4 12 67 39
1 10 46 33
5 10 32 41
4 10 31 70
4 12 57 69
2 10 23 46
5 11 29 44
6 10 18 8
5 12 53 7
1 10 16 48
6 11 15 46
1 11 11 44
8 10 11 12
6 10 10 44
8 11 17 41
3 10 25 37
2 17 28 39
6 10 15 38
7 15 36 39
4 16 48 35
2 10 70 34
7 10 16 39
3 10 8 80
3 10 4 91
6 9 75 56
6 9 68 87
3 9 65 42
5 9 63 46
3 9 75 44
2 9 59 44
7 9 46 69
7 9 46 99
6 13 70 98
7 9 67 98
3 9 55 98
8 9 50 100
8 9 47 96
4 9 43 98
6 9 56 95
5 9 39 100
5 9 35 67
6 9 52 69
4 9 32 22
2 10 31 21
2 9 71 21
2 9 31 1
8 10 50 3
2 9 80 2
3 9 71 4
3 9 29 67
8 10 45 65
4 10 50 71
7 9 52 64
4 11 66 67
1 9 44 65
7 10 43 66
8 9 28 46
5 9 27 31
5 11 64 30
5 9 30 35
3 11 52 35
6 9 27 69
6 9 21 62
1 9 43 61
2 10 45 58
4 9 36 63
3 9 58 60
2 9 50 62
6 9 17 58
5 9 16 93
4 9 40 94
6 10 40 96
7 9 36 99
2 9 13 100
1 10 11 98
6 9 22 100
2 9 11 65
4 10 28 64
6 11 28 67
5 9 28 65
6 10 48 67
6 9 10 35
7 12 35 34
8 13 34 36
6 12 41 30
1 10 9 34
3 9 20 33
4 10 50 31
2 9 22 34
7 9 9 46
5 9 8 18
7 9 11 23
8 13 11 23
8 9 43 23
6 9 9 15
5 14 9 14
3 11 30 18
1 11 50 21
8 11 10 14
6 9 7 47
1 11 38 49
3 9 55 52
5 9 4 11
7 10 5 11
6 9 4 40
8 9 4 44
7 9 44 44
3 8 81 26
3 8 62 23
7 8 41 18
3 8 40 2
3 8 29 52
3 8 26 45
4 13 26 42
3 8 23 63
7 8 23 74
5 8 19 57
6 9 27 55
4 8 66 57
8 8 19 100
5 9 23 97
4 10 24 97
6 13 45 96
7 8 17 6
7 8 47 5
8 8 17 1
6 9 49 4
7 9 42 4
1 14 69 5
4 17 64 8
8 12 43 3
5 9 44 1
3 9 28 1
4 8 59 2
3 8 16 70
7 8 10 35
7 8 10 53
7 9 33 50
8 9 36 49
6 8 31 50
5 10 37 50
2 8 8 68
3 8 8 96
2 9 8 97
7 8 6 61
1 13 5 63
8 10 3 60
1 10 6 59
7 9 35 64
1 8 6 65
2 8 5 99
2 8 4 86
7 7 52 26
3 8 71 27
4 7 51 1
3 8 56 3
7 7 51 9
2 7 72 9
8 7 50 10
1 7 50 12
4 7 49 82
7 8 54 87
3 7 47 22
3 7 43 58
4 9 44 59
5 7 42 6
8 7 40 28
5 11 68 29
4 7 40 48
2 7 34 89
7 7 33 23
5 8 31 24
6 13 30 23
2 8 56 25
5 7 32 11
3 7 59 13
2 7 59 14
1 7 31 83
8 7 31 81
4 7 27 4
1 7 48 3
7 7 23 94
8 7 24 92
5 7 22 73
5 7 61 72
3 7 22 74
8 7 32 79
5 7 22 75
4 9 25 76
7 7 19 78
5 7 16 7
2 7 14 46
5 7 34 50
5 7 38 46
2 7 11 11
6 7 11 32
6 7 11 39
8 7 35 45
1 7 6 26
2 9 20 27
7 9 9 25
5 8 21 29
4 13 22 29
2 11 55 29
2 7 27 27
4 8 52 28
7 7 5 3
8 7 5 70
7 13 2 68
6 8 38 68
5 8 38 71
3 8 36 68
2 8 28 69
4 8 23 66
8 8 25 65
1 8 11 74
6 7 46 72
6 7 55 72
1 7 25 64
3 7 12 75
7 13 13 72
7 7 39 76
8 7 8 74
7 7 4 26
7 10 37 28
1 10 4 26
2 7 4 78
1 7 3 51
8 7 8 51
5 7 19 53
2 7 5 55
7 9 5 56
1 10 36 58
1 7 9 56
2 7 3 73
4 8 15 71
3 7 13 71
8 7 2 57
7 8 40 56
8 7 35 55
2 8 33 55
4 6 54 88
4 6 57 89
6 6 55 88
5 9 52 85
3 6 49 31
3 6 44 53
8 6 42 7
5 6 40 11
7 7 41 10
6 6 40 43
4 6 39 94
6 6 38 17
7 7 35 17
1 6 47 17
3 6 48 15
2 6 38 40
3 6 34 8
6 7 43 8
4 7 34 9
1 6 44 6
8 6 34 26
6 9 33 27
1 6 44 29
1 6 39 29
1 6 33 88
8 6 35 86
7 6 55 84
3 6 35 87
7 6 48 89
5 7 46 87
6 8 45 89
7 6 43 88
7 7 44 90
3 6 29 94
7 6 35 96
5 6 31 93
5 7 37 94
3 6 27 82
7 9 43 82
8 7 31 82
7 6 26 71
2 6 30 72
4 6 24 14
6 9 33 16
1 6 53 13
6 6 23 33
4 6 22 90
2 6 33 88
3 6 21 20
7 6 20 67
5 6 19 8
8 7 17 7
2 6 24 11
2 6 14 23
1 8 37 24
3 6 11 35
4 6 33 33
5 6 31 34
7 6 19 37
4 6 11 34
8 6 11 74
6 6 10 15
4 7 48 15
1 6 21 14
6 6 10 50
5 7 9 46
6 6 8 31
2 6 24 30
6 6 34 29
1 6 8 32
6 6 7 38
8 7 6 37
1 6 7 51
7 9 5 48
8 10 5 48
7 10 15 46
3 7 7 48
2 7 25 48
3 7 23 47
1 7 6 50
2 6 40 44
2 6 6 74
6 6 5 23
4 6 39 22
3 6 15 23
6 6 5 33
2 6 4 67
3 7 33 64
1 6 4 81
3 12 2 79
8 6 3 37
5 6 30 37
8 6 14 34
5 6 10 38
2 6 31 38
7 6 7 39
1 8 5 40
2 7 15 41
2 8 20 43
1 5 61 1
7 5 53 91
2 5 52 1
4 5 51 85
5 5 53 86
6 5 44 57
5 5 34 18
5 6 42 17
3 7 60 19
4 5 46 17
1 5 32 55
3 5 32 74
4 5 33 76
5 5 34 76
5 5 31 10
7 5 30 56
1 5 29 30
7 6 29 32
8 5 31 27
6 5 29 96
2 5 28 30
3 6 28 32
4 5 31 31
3 5 28 30
7 5 27 62
4 5 27 83
2 5 26 33
3 5 26 97
5 5 31 98
4 7 29 97
2 5 25 36
7 5 22 89
5 6 21 85
4 7 20 87
4 6 22 85
1 5 20 11
1 5 43 10
1 5 20 81
6 5 20 84
2 5 19 35
6 5 18 39
6 5 18 66
3 6 18 66
5 5 31 67
4 5 17 48
3 5 15 32
6 5 15 77
1 5 30 74
1 5 20 76
3 5 22 77
7 5 15 91
8 5 28 92
4 5 14 77
7 8 15 78
8 5 17 75
8 5 12 8
7 6 32 7
4 5 23 10
1 5 21 9
5 6 33 8
4 5 17 9
8 5 27 9
4 5 11 39
1 8 18 37
3 5 23 37
5 5 11 39
3 5 18 41
8 5 10 15
7 5 10 17
2 7 41 17
1 7 44 17
3 5 47 21
3 5 43 19
7 5 10 40
4 6 38 43
5 5 43 43
5 5 16 45
6 5 10 74
8 5 9 81
2 5 20 78
4 5 23 79
7 5 8 19
4 8 47 21
4 8 24 18
2 6 43 20
4 6 38 15
1 6 39 16
7 5 37 16
2 6 38 17
8 5 27 19
6 5 32 19
1 5 8 24
3 5 40 27
8 5 7 56
7 5 12 57
7 5 21 57
8 5 18 58
3 5 6 93
6 6 32 91
5 6 17 94
7 5 5 63
5 8 35 64
5 5 18 60
1 5 26 62
2 5 26 61
8 7 27 62
4 5 13 62
8 6 19 63
6 6 11 60
4 5 14 63
1 5 5 83
7 5 14 85
4 5 8 84
1 5 5 100
2 7 24 100
1 6 24 100
3 5 25 100
7 7 30 97
8 5 23 98
1 5 24 97
5 6 24 97
5 5 4 5
3 5 19 4
4 5 45 4
7 5 17 6
5 5 15 5
4 5 23 5
2 5 20 7
7 5 4 73
1 6 3 74
7 5 3 16
2 5 24 17
7 5 3 42
1 5 25 41
5 5 12 43
4 5 31 44
6 5 15 45
1 5 20 44
2 6 22 45
8 5 3 54
5 6 25 54
4 6 12 50
2 6 31 53
5 5 12 54
6 5 32 51
6 5 13 50
3 5 9 53
6 7 8 52
6 5 23 54
2 5 3 57
1 7 5 57
5 5 30 55
4 5 37 55
2 5 3 96
8 5 2 27
6 8 21 27
6 7 3 29
1 5 5 29
8 5 3 29
7 5 15 30
6 6 20 31
1 4 59 14
2 4 54 14
4 5 53 12
3 4 50 12
2 4 45 25
7 4 41 1
6 6 41 1
7 4 41 84
1 4 40 3
5 4 40 27
4 4 37 30
3 4 37 29
3 4 36 13
8 4 32 3
8 4 32 13
2 4 32 29
7 4 31 60
3 4 31 67
5 4 31 72
3 4 31 73
3 4 30 59
7 4 30 91
5 5 35 91
2 4 29 1
1 4 29 2
7 4 40 1
3 4 29 9
4 4 29 64
4 4 28 37
5 4 28 43
1 4 28 80
5 4 28 81
4 5 28 82
1 4 28 84
2 4 26 89
3 4 26 91
8 4 30 92
3 4 30 91
4 4 29 93
8 4 24 84
6 4 37 84
1 4 22 17
3 4 21 6
6 4 21 11
4 4 27 12
2 5 29 9
7 4 21 11
3 5 26 11
1 4 21 21
5 4 25 20
8 4 24 20
8 5 28 20
1 5 34 20
7 4 27 18
3 4 20 54
1 4 20 61
4 4 18 6
2 4 21 4
4 4 18 59
7 4 26 60
5 4 34 59
4 4 18 75
5 4 17 20
1 4 17 24
1 4 37 25
4 5 37 24
6 4 15 17
6 4 15 32
8 4 15 31
4 4 17 30
1 4 20 30
7 4 22 30
7 4 15 46
2 4 15 58
5 5 26 59
6 4 15 66
7 4 14 9
3 5 13 10
4 4 24 10
3 4 18 12
2 5 17 13
3 4 28 13
7 4 22 15
7 4 14 19
5 4 14 20
8 4 14 20
3 4 25 20
5 4 21 21
1 4 14 30
7 4 13 4
4 4 33 3
6 4 13 5
5 4 21 6
5 4 13 10
1 4 21 10
1 4 13 14
2 4 27 14
6 4 13 35
3 4 16 35
5 5 15 35
7 4 12 2
4 4 12 60
8 4 25 60
1 6 24 61
2 4 12 67
5 4 11 8
7 4 11 66
4 4 9 43
7 4 9 68
8 6 22 68
5 6 13 69
4 5 28 67
7 5 19 69
1 5 19 69
1 4 14 71
7 4 8 1
8 6 7 2
1 4 26 1
7 4 28 2
5 4 25 1
2 4 24 2
5 4 27 2
1 4 31 3
2 4 29 3
3 4 29 4
4 4 28 3
6 4 8 5
1 4 14 6
3 4 13 4
4 4 13 6
8 4 8 17
4 4 16 15
1 4 17 15
5 5 33 14
6 4 22 15
3 4 17 14
7 5 22 14
3 4 17 17
7 4 19 18
2 4 15 16
4 4 14 18
4 4 8 23
6 5 9 23
8 4 18 24
7 4 22 26
8 6 22 27
7 4 19 26
6 4 19 25
6 4 8 26
5 4 18 27
7 5 19 26
5 4 19 24
8 4 19 29
1 4 10 26
2 4 13 27
1 4 14 26
4 4 8 25
3 6 9 26
2 4 10 25
2 4 8 50
3 4 16 49
5 4 8 73
6 4 8 77
2 4 13 74
5 4 8 78
3 5 14 79
7 4 19 80
1 4 19 82
6 4 19 81
5 5 19 82
5 4 12 78
6 4 7 16
1 4 7 54
5 5 6 55
1 4 28 54
1 4 14 58
1 4 6 92
6 5 26 91
8 4 22 91
1 5 21 91
6 4 5 3
5 4 9 1
8 4 11 2
4 4 14 1
6 4 10 3
4 4 9 3
2 4 11 5
8 4 5 66
2 4 15 65
3 4 16 64
2 4 5 76
6 4 20 77
1 4 5 79
2 4 5 82
2 4 13 81
8 4 4 5
7 4 4 19
5 5 4 19
8 6 2 17
2 4 4 55
4 5 25 55
4 4 11 56
8 4 17 56
6 5 22 57
3 4 21 55
8 4 21 52
3 4 4 57
2 4 17 55
7 5 17 56
8 4 12 57
3 4 9 57
2 4 10 57
6 4 24 59
8 4 4 97
3 7 4 97
1 7 3 95
8 4 21 94
7 4 3 7
4 4 15 5
1 4 3 35
6 4 3 46
6 4 3 49
7 4 12 48
8 4 3 80
8 4 3 85
8 4 27 84
6 4 12 84
5 4 2 21
1 6 17 21
8 4 2 99
4 3 51 42
5 3 37 51
5 3 32 51
6 3 32 89
8 3 32 90
8 3 31 14
2 3 31 34
5 3 31 72
4 3 30 13
8 3 29 42
4 4 44 42
4 4 29 43
3 3 28 44
3 3 26 1
3 3 26 52
6 3 26 67
5 3 26 72
3 3 26 87
4 3 25 13
4 3 25 67
2 3 25 86
7 3 25 87
5 3 25 94
4 4 24 95
7 3 24 8
3 3 25 8
1 3 24 8
4 3 24 40
5 3 24 60
4 3 24 80
6 3 23 9
3 3 23 59
3 3 23 73
8 3 22 14
7 3 22 73
4 3 22 90
3 3 29 90
4 5 29 90
8 3 27 88
1 3 27 89
6 3 21 13
3 3 21 15
6 3 21 64
7 3 21 66
5 3 21 77
2 3 21 91
7 3 21 96
8 3 20 2
1 3 20 14
4 3 20 16
3 3 20 30
1 3 20 41
4 3 20 74
2 3 20 95
1 3 21 95
3 4 20 93
3 3 20 99
5 3 19 14
7 4 19 14
8 3 19 41
8 3 19 74
5 3 19 80
5 3 19 90
8 3 18 38
4 3 19 39
5 4 18 40
3 3 18 56
7 3 18 62
3 3 18 85
5 3 17 55
5 3 17 60
8 3 19 59
2 3 18 59
5 3 17 68
6 4 17 68
6 3 16 12
8 3 22 11
7 3 16 34
6 3 16 64
2 3 17 64
4 3 16 66
6 4 14 65
5 3 17 65
3 3 15 10
4 4 14 11
6 3 17 13
7 3 15 9
2 3 19 9
5 3 15 10
2 3 15 18
3 3 15 36
7 4 16 37
6 3 14 15
8 3 14 23
2 3 14 40
6 3 16 41
2 3 19 41
3 3 17 42
1 3 16 43
7 4 16 44
2 4 24 44
3 3 20 45
4 3 18 44
3 3 14 80
2 3 13 31
4 5 13 32
5 4 12 32
2 5 12 32
4 3 13 35
3 3 13 38
8 3 13 47
1 3 13 47
5 3 15 48
1 3 13 52
2 4 14 52
8 3 13 67
2 3 15 67
4 3 13 68
2 3 12 37
8 3 12 39
6 3 12 72
4 4 11 73
3 3 17 74
6 4 16 74
5 3 16 75
8 3 13 74
1 3 12 78
3 4 14 76
7 3 12 82
5 4 11 82
6 3 22 83
2 3 22 84
1 3 20 84
4 4 23 83
5 4 23 84
6 4 22 85
4 3 20 85
7 3 20 83
8 3 12 89
6 4 22 88
1 4 12 89
1 3 23 87
8 3 16 90
7 3 15 89
6 3 12 91
4 3 12 91
6 3 20 92
4 3 16 92
3 3 12 98
6 3 12 100
7 3 11 6
8 4 10 7
7 4 13 6
6 3 18 8
8 3 11 7
3 3 14 6
2 3 14 7
7 3 11 9
3 4 10 8
2 3 11 15
5 3 13 15
8 3 11 17
8 3 11 30
2 3 11 47
1 3 11 59
1 3 11 65
7 3 11 69
7 3 12 70
2 3 10 19
5 3 10 27
6 3 15 27
1 4 15 27
4 4 16 28
4 3 10 28
2 3 10 44
1 4 10 46
8 3 16 44
6 3 15 43
2 3 17 42
5 3 14 44
8 3 10 59
4 5 15 60
3 3 13 59
3 3 10 69
8 4 9 69
2 3 11 68
2 3 10 79
7 3 9 2
4 3 24 2
5 3 9 6
7 3 9 17
1 3 9 17
5 3 9 44
7 4 8 43
3 5 13 43
8 4 12 43
6 3 11 44
1 3 10 44
6 3 9 46
3 3 9 74
4 3 9 86
7 4 10 85
8 3 17 85
8 3 9 89
5 4 15 88
6 3 13 87
6 3 9 100
5 3 8 2
8 4 8 1
4 3 8 13
3 3 16 13
4 3 15 13
3 3 8 31
5 3 12 30
8 3 8 35
5 3 8 35
6 3 10 37
7 3 8 37
8 3 8 46
4 3 8 46
8 3 9 47
6 3 8 71
5 4 8 71
2 3 11 71
5 3 13 72
4 3 12 70
7 3 8 83
3 4 10 83
4 4 13 83
8 3 9 81
6 3 14 81
7 3 13 80
5 3 13 83
4 3 8 92
3 4 12 91
2 3 12 94
6 3 15 93
6 3 12 94
5 3 12 94
7 4 13 96
8 3 13 95
3 3 9 93
2 3 8 95
5 3 8 95
7 3 8 99
5 4 7 98
6 3 7 8
8 3 7 15
7 3 7 27
4 4 6 26
6 3 15 24
1 3 25 23
7 3 9 25
4 3 7 72
1 3 6 4
7 3 6 23
8 3 6 24
3 3 6 58
6 3 9 58
1 3 9 57
5 3 8 57
4 3 7 57
6 3 6 81
2 4 5 81
3 5 5 81
7 3 5 11
1 4 12 12
7 3 13 12
2 3 13 13
8 4 13 14
6 3 11 11
8 4 11 11
2 6 11 12
2 3 5 9
8 6 5 7
6 5 2 8
6 5 4 6
8 3 5 8
5 3 5 35
2 3 5 52
6 3 18 52
7 3 11 53
4 3 16 53
1 4 15 53
8 3 5 63
3 4 9 64
5 4 10 65
7 4 6 60
1 5 8 62
2 5 6 63
5 3 10 63
6 3 8 63
2 4 8 64
1 3 5 65
7 3 5 68
1 3 5 67
3 3 5 75
3 3 5 93
2 3 8 91
1 3 5 93
8 3 6 94
6 3 4 16
3 4 6 15
5 3 6 18
6 3 4 56
4 3 6 55
3 3 10 54
2 4 9 53
1 3 10 53
4 3 13 51
6 4 14 51
1 3 13 53
4 3 10 55
8 3 9 52
5 3 10 52
3 3 8 54
5 3 4 70
1 3 4 72
6 3 8 72
1 3 10 74
2 3 5 73
7 4 5 72
7 3 8 72
5 3 4 72
7 3 4 76
8 3 6 78
4 4 5 79
5 3 7 78
4 3 4 87
5 3 3 29
7 3 3 66
1 3 3 69
6 3 3 76
2 3 11 76
5 3 3 84
7 3 15 84
6 3 2 2
4 3 15 1
7 3 2 23
3 3 8 22
7 3 11 21
6 3 2 26
6 3 5 26
4 3 2 46
3 3 2 50
2 5 2 49
8 3 6 51
2 3 8 51
3 3 2 60
4 4 1 59
5 4 3 61
6 3 8 60
6 3 1 4
5 3 1 7
6 3 1 19
5 4 3 18
2 3 1 62
4 4 3 63
3 3 3 64
6 3 3 64
4 3 1 95
5 2 37 42
6 2 31 90
4 2 30 41
1 2 29 41
8 3 29 42
5 2 29 86
6 2 28 90
5 2 27 90
5 2 26 41
3 2 26 51
8 2 25 12
8 2 25 42
5 2 24 34
3 2 24 54
4 3 23 54
3 2 24 86
6 2 24 90
2 2 23 12
2 2 23 22
7 2 23 34
4 2 23 51
3 2 22 41
4 2 21 34
6 2 21 54
4 2 21 100
2 2 20 12
4 2 20 51
2 2 20 88
3 2 19 34
3 2 19 41
6 2 19 42
3 2 19 88
6 2 19 100
4 2 18 12
5 2 18 28
2 2 18 88
3 2 18 90
2 2 17 5
1 2 17 23
4 2 17 29
8 2 17 87
1 2 17 90
7 2 17 97
5 2 17 99
2 2 17 100
2 2 16 22
5 2 16 23
2 2 16 28
3 2 16 39
1 2 16 51
1 2 16 87
8 2 15 28
6 2 15 30
8 2 15 41
1 2 15 54
6 2 15 80
4 2 15 99
8 2 14 20
6 2 14 19
1 2 14 41
5 2 14 77
6 2 14 86
6 2 14 100
1 2 13 1
7 2 13 2
8 2 13 34
1 2 13 38
4 2 13 41
2 2 13 42
5 3 12 42
5 2 18 41
2 2 16 41
2 2 13 67
7 2 13 88
4 3 13 89
1 2 13 90
8 3 12 90
7 3 10 90
2 2 13 99
7 2 12 12
3 2 12 40
1 2 12 50
6 2 12 87
5 2 12 89
5 2 12 100
1 2 11 19
5 2 13 19
8 2 11 20
8 2 11 28
5 2 11 37
5 2 11 40
2 2 11 54
6 3 11 55
1 2 11 67
2 2 11 80
1 2 11 85
2 2 11 87
4 2 11 96
8 3 11 96
1 2 10 1
6 2 10 12
1 2 10 13
5 3 9 13
1 3 8 13
7 4 8 14
3 2 10 18
6 2 10 30
8 2 10 59
4 2 10 72
6 2 10 75
8 2 10 77
8 2 10 80
3 2 10 83
2 2 10 86
7 2 12 86
5 2 11 86
2 2 12 85
1 2 11 86
3 2 10 86
7 2 10 87
6 2 10 90
6 2 9 18
4 2 9 26
1 2 9 30
2 2 10 29
3 2 12 28
8 2 9 41
4 2 9 50
3 2 9 61
7 2 9 67
4 2 9 89
2 2 9 91
2 2 9 97
3 2 10 96
4 2 9 98
6 4 8 97
4 2 10 96
3 2 8 2
8 2 8 5
7 2 8 31
4 3 8 32
3 3 7 33
3 2 8 37
3 2 9 38
2 2 8 38
2 2 8 42
8 2 10 41
3 2 8 43
4 2 9 42
3 2 8 51
7 2 8 59
6 2 8 60
6 2 8 68
5 2 8 76
2 2 8 88
8 2 8 99
4 3 8 99
6 2 7 1
7 2 7 2
4 2 7 7
3 2 7 18
4 2 7 22
1 2 7 22
3 2 12 22
4 2 11 22
2 3 11 21
7 2 12 21
4 2 11 21
8 2 11 23
3 2 10 21
5 2 8 22
2 2 8 23
6 2 7 23
5 2 7 31
3 2 7 39
4 3 6 39
4 3 6 37
6 3 6 37
2 3 5 36
1 2 7 59
5 2 9 60
5 2 7 60
3 3 7 61
2 3 5 61
2 2 7 74
7 2 7 75
7 2 7 80
6 2 7 85
5 2 7 84
7 2 7 86
1 2 7 96
3 2 7 96
1 2 7 100
2 2 6 3
3 2 7 2
5 2 7 2
4 2 6 15
2 2 6 17
6 2 6 21
3 2 6 25
6 2 6 27
3 2 8 28
7 2 6 29
4 2 6 32
2 3 6 33
2 2 6 35
1 3 6 34
7 2 6 41
2 2 9 40
3 2 6 43
4 2 6 53
8 2 6 53
2 2 6 54
7 3 5 53
4 2 6 63
7 2 6 77
4 2 11 77
5 2 6 80
4 2 7 79
8 2 6 87
1 2 6 88
8 2 6 90
3 5 6 91
3 2 6 89
1 3 6 90
7 2 5 1
1 2 5 3
8 2 10 4
7 2 5 4
6 3 6 3
2 3 4 4
1 2 5 10
4 2 6 10
3 2 5 11
8 2 5 12
1 3 4 12
3 2 5 12
8 2 5 25
4 2 5 27
2 2 5 28
7 2 9 29
5 2 5 29
6 2 5 30
7 2 5 31
1 2 5 39
4 2 5 41
1 2 5 41
5 2 6 40
6 2 5 40
1 2 5 51
2 2 9 50
7 2 7 50
4 2 8 49
5 2 5 57
3 2 5 63
1 2 5 71
1 2 5 85
3 3 5 85
8 2 5 88
6 2 5 94
4 2 4 9
2 2 4 13
8 2 4 20
4 2 4 23
7 2 4 24
8 2 4 27
3 2 4 39
4 2 4 57
7 2 4 74
2 3 4 75
5 3 3 74
1 2 4 76
8 2 4 82
3 2 4 87
8 2 4 91
7 2 4 93
4 2 5 92
4 2 4 97
3 3 3 96
2 3 3 95
7 2 3 1
1 2 3 1
8 2 4 2
2 2 4 1
5 2 3 4
5 2 3 15
8 2 5 16
7 2 3 26
2 2 3 28
3 3 2 26
7 2 4 28
8 2 5 29
4 2 5 30
5 2 4 29
3 2 3 30
8 2 3 33
7 2 3 33
4 2 5 34
8 2 3 39
1 2 3 45
3 2 3 46
1 3 3 47
3 3 3 47
8 2 6 49
3 2 6 48
2 2 3 49
6 2 5 50
7 2 4 50
1 2 3 52
2 3 2 51
5 2 3 53
1 2 3 54
2 2 3 67
5 2 5 67
8 2 3 67
6 2 3 68
8 2 5 68
6 2 3 73
6 2 6 72
4 2 5 72
3 2 3 77
2 2 3 80
7 2 4 79
6 2 3 82
8 2 3 89
5 2 2 1
7 2 2 10
6 2 2 13
2 2 2 21
1 2 4 22
4 3 4 23
3 2 10 23
2 2 10 23
5 2 2 23
3 2 7 23
6 2 5 23
5 2 5 24
5 2 3 22
1 2 5 23
8 2 2 24
2 3 2 24
5 2 2 25
1 2 2 26
6 2 2 33
2 2 2 41
7 2 2 40
5 2 2 45
4 2 2 46
7 2 2 53
8 2 2 55
2 2 2 66
6 2 2 67
8 2 4 67
8 2 2 74
5 2 3 75
6 2 6 74
2 2 2 75
1 3 2 75
6 2 4 74
5 2 2 78
4 2 2 77
5 2 2 83
8 2 3 82
4 2 2 84
3 2 2 85
3 2 2 87
7 3 2 87
1 3 2 88
2 2 2 89
8 2 1 6
4 2 1 16
1 2 2 15
4 2 1 26
8 2 1 29
6 2 2 30
7 2 1 35
8 2 2 36
7 2 1 48
5 2 6 49
7 2 5 49
3 2 5 49
8 2 5 50
3 2 1 49
6 2 1 53
3 2 4 54
4 2 5 55
5 2 4 55
1 2 4 55
6 2 1 56
7 2 2 57
3 2 1 60
8 2 2 59
1 2 1 59
8 3 1 58
1 2 1 57
2 2 1 72
2 2 1 76
1 2 1 75
7 2 1 76
1 2 2 75
6 2 6 74
7 2 5 74
3 2 6 75
5 2 2 76
2 2 2 75
1 2 1 78
4 2 1 80
6 2 1 81
1 2 1 82
