47639
2472
6 95 100 29
6 82 22 50
6 44 100 13
6 42 50 66
6 37 25 66
6 36 72 18
6 34 12 89
6 29 42 34
6 29 21 18
6 27 48 50
6 26 16 82
2 23 52 76
6 22 55 66
6 22 13 66
6 21 38 82
6 21 7 26
6 20 56 2
6 20 28 1
6 17 29 42
2 17 57 40
6 16 82 98
6 16 49 81
6 16 34 18
6 16 25 98
6 19 28 98
8 15 82 15
1 15 51 46
1 15 24 46
6 15 67 42
3 14 78 23
2 14 43 54
6 22 58 50
6 14 19 81
6 14 16 50
4 13 57 71
6 13 56 80
8 13 32 37
6 13 24 10
6 13 8 10
6 12 69 74
6 12 69 90
6 12 54 74
6 12 52 42
6 12 27 36
2 12 24 13
6 13 61 10
6 12 5 74
6 11 81 1
2 11 47 46
1 11 43 58
2 10 91 3
5 10 84 12
6 10 66 34
6 10 57 90
6 10 59 90
6 10 54 34
6 10 51 58
6 10 41 34
6 10 39 26
3 10 31 40
6 10 26 82
6 10 13 2
6 10 7 66
3 9 78 12
6 9 58 1
3 9 58 18
6 9 56 17
6 9 51 26
6 9 40 74
6 9 33 50
2 9 15 11
1 8 87 87
5 8 61 58
8 8 50 42
6 8 47 55
6 8 44 2
4 8 44 55
6 8 41 98
6 8 40 89
6 8 39 56
1 8 33 82
3 8 32 21
2 9 47 20
6 8 30 58
7 8 30 74
2 9 29 77
4 8 22 49
6 8 17 26
6 9 19 26
6 8 10 98
5 7 86 6
8 7 83 9
2 12 82 6
3 7 72 79
3 7 64 93
2 7 60 15
7 7 55 68
1 13 55 69
2 7 47 70
6 7 46 58
6 7 44 94
4 7 43 53
6 7 36 18
2 7 36 98
6 7 38 98
2 7 34 26
4 7 31 50
6 7 62 46
6 7 30 3
6 7 25 90
6 7 20 41
5 7 20 58
7 7 22 61
3 7 18 34
7 7 18 62
1 7 16 45
6 7 10 90
3 7 10 93
8 7 8 82
8 7 45 83
8 7 15 82
2 6 89 91
4 6 83 91
2 6 68 62
6 6 67 10
5 6 66 15
7 6 63 9
2 6 57 6
4 6 54 65
2 6 49 78
2 6 48 16
3 6 45 17
5 6 45 80
7 6 44 78
6 6 43 10
7 6 43 75
3 6 42 51
6 6 42 62
3 6 86 65
6 6 79 62
2 6 41 4
1 6 41 16
3 6 37 9
2 6 43 8
2 6 86 6
3 6 36 65
8 6 33 31
1 6 30 86
4 6 22 76
3 6 22 79
7 6 20 51
6 6 19 58
5 6 16 16
6 6 16 45
6 6 42 46
2 7 45 46
1 6 11 26
6 6 11 42
6 6 10 90
6 6 35 90
5 6 6 39
7 6 5 6
2 6 23 5
6 6 4 16
1 6 9 19
3 6 33 15
2 8 68 16
4 6 66 16
5 6 3 30
4 6 34 33
1 6 26 29
2 6 14 26
7 5 84 5
2 5 84 19
8 5 79 92
2 5 77 72
2 5 75 11
6 5 75 70
7 5 86 70
2 5 71 86
3 5 69 9
1 5 69 29
4 5 87 28
2 5 62 14
4 5 62 37
6 5 55 20
6 5 70 20
6 5 54 63
1 5 53 5
6 5 51 54
2 6 48 55
2 5 54 54
2 5 61 54
8 5 51 91
2 7 50 92
3 5 70 91
3 5 50 27
7 5 48 23
1 5 41 72
2 5 40 62
7 5 54 64
6 5 39 58
2 5 38 94
6 5 47 95
5 5 37 44
2 5 50 46
4 5 32 42
8 5 32 64
8 5 32 100
2 5 72 100
2 5 30 4
2 5 36 5
6 5 23 2
6 6 33 1
2 6 19 2
4 5 23 47
6 5 23 66
6 5 23 98
6 5 21 10
6 6 27 10
4 5 17 43
8 5 18 46
2 5 20 46
2 5 52 46
6 5 18 46
2 6 39 46
6 5 28 48
6 5 17 74
6 5 16 10
2 6 15 8
6 5 15 66
7 6 14 66
2 5 54 68
8 5 74 68
7 5 12 74
7 5 45 72
5 5 59 72
2 5 46 71
5 5 12 74
4 5 71 75
4 5 44 72
6 5 46 70
6 5 11 18
2 5 11 30
4 5 12 28
7 5 11 65
6 5 31 63
6 5 10 10
3 5 10 37
7 5 9 9
6 5 35 10
2 5 8 17
2 5 31 14
4 5 4 4
5 5 10 2
5 6 27 1
1 5 18 2
4 5 5 5
2 5 59 4
2 5 4 19
4 6 6 18
3 5 18 17
6 5 4 60
2 6 31 62
2 5 18 58
2 5 8 58
2 5 4 59
6 5 61 62
7 5 31 58
1 5 11 60
1 5 3 2
1 5 3 58
1 5 13 58
2 5 29 53
3 5 12 59
5 5 3 86
8 5 16 85
2 5 13 84
7 5 76 84
2 4 84 25
1 4 83 99
2 4 82 92
1 4 80 80
2 4 76 12
7 4 76 75
7 4 74 57
6 4 74 86
8 4 74 86
1 4 73 30
7 4 73 37
8 4 73 36
4 4 73 43
8 4 70 68
2 6 69 70
2 4 69 62
2 4 68 65
6 5 67 62
6 4 65 68
6 4 72 72
6 4 65 85
3 5 71 85
2 4 74 84
6 4 61 6
3 4 60 29
2 5 74 28
2 4 66 28
4 4 64 27
7 4 60 51
8 4 60 84
2 4 59 12
6 4 70 12
8 4 58 3
6 4 64 3
2 4 60 3
8 4 58 76
7 4 58 91
6 4 68 93
6 4 57 5
2 4 56 8
2 4 65 5
6 4 66 6
1 4 54 44
6 4 54 94
2 5 80 94
4 5 52 95
2 4 70 95
7 4 53 65
6 4 51 54
8 4 72 55
2 4 50 41
2 4 72 38
1 4 50 62
2 4 49 11
4 4 52 11
3 4 49 59
2 4 52 60
7 6 54 61
4 4 48 32
7 4 60 31
1 4 48 95
3 4 47 37
2 4 47 96
2 4 85 96
4 4 83 96
4 4 46 12
5 4 46 30
2 4 46 29
6 4 45 78
2 4 78 78
8 4 50 78
6 4 65 75
2 5 66 75
2 4 44 36
4 4 69 36
1 4 41 37
2 4 41 54
4 6 41 53
3 4 66 52
5 4 55 55
3 4 42 53
4 4 48 51
8 4 40 43
7 4 67 44
2 4 39 62
1 5 44 62
4 4 49 59
4 4 38 19
8 4 38 92
7 4 71 91
2 4 37 55
8 4 37 72
3 4 34 44
2 4 40 46
6 4 39 46
6 4 33 54
6 4 30 42
6 4 30 74
2 4 29 24
3 4 67 25
5 4 51 23
2 4 39 23
2 4 28 68
8 4 46 67
2 4 42 68
6 4 26 14
6 4 25 33
2 4 25 56
8 4 62 56
7 4 25 61
4 4 24 7
2 4 38 6
7 4 60 5
3 4 23 23
1 5 39 23
1 4 23 40
4 4 58 40
2 4 23 46
2 4 34 46
5 4 70 47
4 4 54 44
8 4 32 47
3 4 32 47
4 4 59 49
3 4 45 47
1 4 23 50
4 4 20 98
6 5 18 98
8 4 19 11
6 4 19 34
6 4 19 42
2 4 23 41
3 4 44 39
5 4 19 51
3 4 18 49
6 4 18 89
8 4 27 90
7 4 33 92
2 4 26 92
8 4 17 74
1 4 17 99
1 4 16 58
6 4 16 66
8 4 16 89
4 4 15 26
4 5 20 24
4 4 50 25
3 4 15 25
8 4 14 7
1 4 71 7
4 4 59 7
7 4 14 25
8 4 52 24
2 4 61 22
1 4 70 22
7 4 34 27
2 4 58 28
5 4 14 71
2 5 44 71
7 4 68 73
2 4 19 71
4 4 44 71
2 4 53 73
6 4 37 69
6 4 26 68
2 4 13 44
6 5 22 42
2 4 25 45
8 4 13 98
2 4 12 42
4 4 12 67
1 4 12 91
2 5 31 92
2 7 51 91
6 4 46 94
6 4 16 92
1 4 11 12
1 4 27 12
2 4 25 9
8 4 29 11
6 4 11 50
2 4 10 32
4 4 81 32
4 4 23 31
2 7 22 34
4 6 24 34
3 7 22 34
4 4 65 31
6 4 9 18
4 5 20 18
2 4 9 72
8 4 50 72
4 4 14 73
8 4 19 72
2 4 23 71
3 4 10 69
8 5 23 70
2 4 25 68
6 4 40 68
4 4 8 11
3 4 23 10
3 4 8 33
8 5 6 32
2 4 35 32
5 4 20 31
8 4 17 33
2 4 7 89
2 4 13 88
6 4 12 90
4 4 5 42
7 4 5 65
2 4 25 64
6 4 25 63
5 4 50 61
8 4 2 53
6 4 35 52
2 4 35 51
7 4 2 58
8 4 2 58
6 4 30 60
5 3 89 87
4 3 85 89
2 3 83 14
8 3 83 87
5 3 80 88
3 4 82 87
2 3 78 100
2 3 80 99
2 3 77 80
6 3 77 99
2 3 75 38
6 3 74 85
3 3 73 19
8 3 73 20
2 3 73 86
2 3 70 27
6 3 70 94
8 3 69 28
4 3 73 28
4 3 69 38
2 3 82 38
1 3 69 87
8 3 73 88
7 3 68 31
3 3 68 93
3 3 73 95
8 3 67 77
7 3 67 79
3 4 66 79
8 3 66 28
2 3 66 51
4 3 64 40
7 3 64 81
8 3 74 80
7 3 73 81
2 3 73 80
6 3 67 80
8 3 64 92
8 3 63 4
7 3 61 77
3 3 71 78
6 5 71 78
2 3 61 81
8 3 62 79
2 3 60 19
2 3 64 21
3 3 60 23
4 4 60 24
5 3 62 22
6 3 60 33
8 3 66 33
2 3 64 32
2 3 60 56
6 3 60 55
3 3 59 13
6 3 58 40
6 3 68 38
1 3 58 56
4 3 58 76
6 3 57 13
3 4 67 13
1 3 57 31
6 3 66 30
8 3 57 47
3 3 57 65
4 3 56 28
8 3 56 94
7 3 65 93
7 3 55 39
6 3 71 38
2 3 55 94
2 3 56 94
2 3 55 100
7 3 54 55
6 3 54 67
2 3 53 20
4 3 68 20
5 3 64 21
2 3 53 84
2 4 60 85
2 3 79 87
6 3 72 86
4 3 70 84
2 3 53 88
6 3 67 86
2 3 73 88
3 3 71 87
2 3 67 86
6 3 67 86
6 3 52 59
2 3 61 59
8 3 61 60
2 3 51 69
6 3 51 70
5 3 51 86
6 5 50 86
3 3 50 5
8 3 52 3
4 3 50 83
2 3 49 20
2 3 62 20
8 3 61 20
4 3 50 20
8 3 49 20
7 3 48 13
2 4 46 13
6 3 49 11
4 4 50 12
2 3 48 32
2 3 56 32
8 3 48 84
2 4 46 84
8 3 64 83
6 3 53 84
2 3 51 83
3 3 59 84
7 3 47 79
4 4 45 79
2 4 63 80
6 3 56 77
8 3 49 80
2 3 49 78
6 3 46 14
8 3 46 17
3 3 46 23
8 3 59 24
7 3 46 45
8 3 46 76
6 3 45 70
2 3 45 94
4 3 44 40
6 3 50 38
1 4 63 39
2 3 66 38
2 3 44 88
6 3 55 86
2 4 56 86
8 3 43 12
7 3 42 6
4 3 51 7
8 3 54 7
2 3 57 6
5 3 54 6
1 3 42 78
2 3 53 77
2 3 42 80
8 3 42 87
4 3 41 15
6 3 62 14
2 3 42 16
4 3 48 16
4 3 41 24
4 3 55 24
5 3 41 29
2 3 54 30
6 3 53 30
2 3 58 30
5 3 57 29
8 3 56 27
8 3 40 15
6 3 40 21
3 3 41 21
6 3 41 20
3 3 40 35
4 3 73 35
8 3 55 35
8 3 40 64
4 3 64 63
6 3 48 64
4 3 45 64
8 3 52 63
2 4 54 62
2 3 55 63
4 3 40 65
2 3 44 63
3 3 39 31
3 3 39 39
6 3 40 38
1 3 39 83
1 4 54 83
1 3 66 83
3 3 39 88
4 3 58 87
7 3 39 93
4 3 45 91
6 3 38 15
8 3 47 15
8 3 58 15
2 3 57 13
2 3 45 14
6 3 44 14
3 3 41 14
4 3 38 16
8 3 38 20
2 3 54 20
6 3 37 6
2 3 37 13
3 3 37 15
2 3 37 29
6 3 46 30
3 3 46 31
8 3 48 30
6 3 37 30
8 3 39 27
2 3 37 84
4 3 36 43
2 3 61 43
6 3 45 44
8 3 44 43
2 3 36 52
8 4 36 52
6 3 53 54
3 3 52 55
4 3 57 55
2 3 51 53
7 3 35 67
8 3 35 81
4 3 59 79
8 3 43 79
7 3 47 77
5 3 35 83
4 4 53 84
8 3 34 8
2 3 40 5
6 3 40 6
2 3 35 6
4 3 34 8
6 3 34 29
6 3 38 28
2 4 43 30
4 3 34 28
3 3 39 29
7 3 46 27
3 3 47 27
2 3 43 28
6 4 44 30
1 3 40 29
2 3 39 30
4 3 34 49
4 3 34 83
3 3 34 95
8 4 69 95
8 3 33 96
7 3 68 95
1 3 69 97
4 3 64 95
2 3 32 77
7 3 31 9
3 4 32 9
6 3 31 6
2 3 31 20
1 3 47 22
2 3 57 22
6 3 54 22
6 3 31 21
2 4 48 22
3 3 31 61
6 5 33 60
5 3 51 59
2 3 48 59
7 3 31 71
7 3 30 14
8 3 30 39
3 3 55 37
2 3 51 38
4 3 30 48
2 3 50 48
4 3 30 63
2 3 32 62
7 3 30 73
7 3 30 75
4 3 29 20
2 3 29 62
1 3 29 70
5 3 31 70
2 3 30 67
7 3 28 1
6 3 28 46
6 3 28 62
7 3 28 79
2 3 27 72
4 3 26 20
2 4 24 20
4 4 36 22
2 3 38 24
2 3 43 23
8 3 35 24
8 3 26 48
4 3 26 64
8 3 51 64
8 3 26 62
1 3 26 65
7 3 26 83
4 3 44 83
7 3 25 13
2 4 23 13
2 3 36 12
4 3 49 11
5 3 49 11
2 3 25 14
6 3 25 14
5 3 46 13
8 3 48 11
3 3 25 19
5 3 25 35
6 3 55 36
2 3 53 36
6 3 43 36
7 3 27 35
2 3 35 36
5 3 58 37
6 3 35 38
8 5 39 38
2 3 38 38
4 3 43 38
3 3 46 37
6 3 46 37
2 4 45 38
3 3 54 37
6 3 43 38
2 5 42 38
5 3 38 39
3 3 26 35
4 3 26 36
7 3 44 37
5 3 31 36
4 3 25 75
3 3 26 75
7 3 25 87
2 3 25 85
6 4 25 86
7 3 35 87
6 3 39 84
7 3 24 85
6 3 23 22
2 4 32 20
6 4 31 22
2 3 23 29
6 5 22 29
4 3 23 32
6 3 23 52
6 3 49 52
4 3 52 52
2 3 52 52
7 3 42 52
1 3 39 54
6 3 43 54
2 3 43 54
6 3 42 54
6 3 23 76
5 3 30 77
5 3 23 81
8 3 27 79
7 3 27 81
4 3 23 92
2 3 53 91
6 3 22 10
3 3 22 38
4 3 26 38
2 4 30 38
4 3 54 39
7 3 33 39
6 3 30 38
2 3 21 22
4 3 30 20
6 3 30 22
2 3 28 22
6 3 27 22
2 3 21 32
5 3 48 31
2 3 21 49
7 4 22 48
1 3 21 79
1 4 23 79
1 3 21 81
6 4 21 82
3 3 20 21
2 3 20 36
3 3 20 95
5 4 47 96
1 4 57 97
8 3 57 96
1 4 63 95
3 4 56 96
2 3 37 95
2 3 30 97
4 3 29 96
6 3 60 95
1 3 19 13
8 3 44 11
8 3 38 11
3 3 19 27
2 3 19 30
4 3 19 37
6 3 27 38
6 3 19 70
8 3 18 16
7 3 18 37
4 3 39 35
1 3 34 36
4 3 32 36
4 3 59 36
3 3 19 36
5 3 36 35
3 3 18 81
4 3 27 80
8 3 18 82
2 3 22 83
2 3 18 84
6 3 18 86
2 3 16 38
5 3 16 39
4 3 16 43
8 3 56 43
5 3 16 45
2 4 15 46
3 3 20 46
1 3 19 44
3 3 33 43
4 3 29 43
2 3 29 43
8 3 31 43
3 3 27 43
2 3 16 94
6 3 52 95
5 3 15 9
4 3 15 34
8 3 15 47
8 3 15 59
2 3 14 6
2 3 14 30
2 3 22 28
4 3 29 27
3 3 14 83
4 3 13 90
4 3 12 10
3 3 23 9
6 3 48 7
4 3 12 20
8 3 21 20
7 3 25 21
3 3 12 27
4 3 12 48
4 3 12 96
2 3 21 95
4 3 11 4
1 3 13 5
3 3 39 6
4 3 27 5
2 3 22 6
1 3 11 50
2 3 11 98
6 3 10 6
2 3 46 8
6 3 26 6
2 3 26 6
6 3 24 6
7 3 46 7
3 3 10 7
2 3 18 8
8 3 49 8
3 3 18 9
4 3 10 7
7 3 10 9
2 3 10 12
8 3 32 11
8 3 28 11
6 3 10 30
4 3 17 30
4 3 10 32
2 3 10 37
8 3 38 35
4 3 10 76
1 3 20 74
5 3 21 74
4 3 25 73
1 3 9 18
6 3 16 17
3 3 9 50
2 3 9 77
6 4 29 76
6 3 40 76
2 3 11 77
1 3 28 75
8 3 43 76
4 3 28 76
8 4 27 75
4 3 8 15
6 3 26 14
8 3 27 15
2 3 26 14
4 3 25 15
6 3 8 54
2 4 7 54
7 3 8 95
4 3 19 96
4 3 12 96
6 3 7 38
2 3 12 38
2 3 7 60
8 3 29 60
8 3 42 59
5 3 13 60
8 3 7 80
1 3 46 79
2 3 24 80
4 3 9 79
2 3 13 78
4 3 38 79
8 3 6 20
8 3 40 19
7 3 41 19
7 3 18 22
4 3 26 19
5 3 6 58
4 4 12 56
3 3 19 56
8 3 43 55
5 3 43 55
8 3 39 55
3 3 12 59
2 3 6 64
4 3 6 72
1 3 18 71
3 4 17 71
8 3 21 72
2 3 5 2
2 3 5 28
7 3 5 83
3 3 6 82
5 3 10 82
8 3 5 84
8 3 33 84
7 3 36 85
2 3 37 86
2 3 26 84
4 3 8 82
7 3 8 83
2 3 7 82
6 4 8 82
6 3 4 2
4 5 4 1
1 3 10 2
8 3 23 3
8 3 14 2
2 3 62 3
1 3 4 26
7 3 4 67
5 4 7 67
2 3 54 67
4 3 15 67
7 3 14 67
4 3 53 67
1 3 54 69
3 3 3 7
1 3 21 7
2 3 3 22
2 3 9 22
4 3 3 22
2 3 28 22
3 3 3 27
8 3 30 28
2 3 3 54
2 3 14 54
6 3 24 54
2 3 24 54
4 3 9 53
5 3 33 53
7 3 9 51
2 4 9 52
6 3 10 54
8 3 13 52
3 3 3 57
4 3 49 55
1 3 37 57
2 3 32 56
8 3 42 55
4 3 39 55
3 3 31 55
8 3 20 56
6 3 3 58
6 3 3 82
1 3 2 20
7 3 3 21
2 4 3 20
6 4 3 22
8 3 25 23
7 4 33 23
6 3 21 22
2 3 9 22
5 3 8 20
8 4 8 20
8 3 21 19
1 3 2 74
4 2 75 99
8 2 70 88
5 2 68 1
1 2 67 89
5 2 64 1
8 2 64 100
6 2 69 99
2 2 63 91
4 2 62 4
2 2 62 33
1 2 62 35
7 2 62 97
6 2 61 4
5 2 61 49
3 2 61 97
1 2 60 48
1 2 60 93
2 2 60 99
8 2 59 40
7 2 59 73
1 2 59 91
3 2 58 17
4 2 58 24
1 2 57 13
1 2 57 89
4 2 67 88
6 2 66 88
6 2 57 88
4 2 59 87
8 2 63 88
2 2 59 88
4 2 58 88
8 2 57 88
4 2 56 3
3 2 56 13
5 2 56 41
2 2 56 88
4 3 55 88
8 2 55 48
5 2 55 69
3 2 54 5
4 2 58 4
5 2 54 27
7 2 54 40
4 2 53 100
4 2 61 99
6 2 56 99
3 2 52 31
5 2 52 35
2 2 52 40
3 2 52 69
8 2 52 68
1 2 52 93
6 2 51 40
6 2 51 56
2 2 51 56
1 2 51 67
6 2 52 67
7 2 51 75
2 2 51 78
6 2 51 83
1 2 51 91
4 3 51 91
1 2 53 93
6 2 53 94
8 2 53 94
7 2 51 93
1 2 51 99
8 2 50 40
5 2 50 49
8 2 57 48
2 2 57 48
3 2 56 48
4 2 55 48
8 2 50 51
6 2 52 52
1 2 50 53
6 2 50 78
6 2 50 80
3 2 50 100
2 2 49 3
2 2 49 40
6 2 49 40
5 2 49 45
2 2 49 78
6 3 48 78
5 2 49 91
8 2 52 91
4 2 48 60
4 2 54 59
2 2 49 59
5 2 48 75
4 2 48 88
8 2 51 87
3 2 47 19
5 2 47 43
5 2 47 51
1 2 54 51
2 2 47 59
5 2 47 69
6 2 47 73
4 2 47 76
7 3 47 77
8 3 46 75
7 2 46 31
5 2 46 39
4 2 46 52
4 2 50 51
2 2 49 51
6 2 46 51
5 2 46 57
2 2 46 56
7 2 46 69
4 2 51 68
6 2 49 68
8 2 46 91
6 2 47 92
6 2 49 91
2 2 49 92
4 2 46 96
2 2 45 11
1 2 45 27
4 2 45 27
6 2 45 28
4 2 49 27
3 2 45 31
8 2 46 31
2 2 45 40
5 2 45 47
4 2 47 47
7 2 45 63
5 2 45 71
1 2 45 89
1 2 44 13
2 2 44 28
8 3 43 27
2 2 48 28
8 2 44 32
1 2 44 33
2 2 44 32
4 3 44 32
5 2 44 49
2 2 49 48
8 2 49 48
7 2 44 57
6 2 44 78
6 2 44 94
3 2 45 94
6 2 45 94
2 3 44 94
4 2 44 95
6 2 44 96
2 2 44 96
8 3 43 96
5 2 43 7
7 3 42 7
3 2 43 11
1 2 43 35
8 2 53 35
2 2 44 35
1 2 43 41
8 2 43 48
2 2 44 47
6 2 44 48
2 2 43 48
3 2 43 57
8 2 43 56
1 2 43 61
8 2 43 60
2 2 43 78
6 2 43 80
4 2 45 80
3 2 45 81
2 2 43 92
1 2 46 91
8 2 45 92
1 2 43 93
1 2 43 95
2 2 42 3
3 3 42 3
6 2 52 4
4 2 48 4
6 2 48 4
4 2 46 3
2 2 46 4
1 2 42 9
6 2 42 8
5 2 42 31
2 2 42 56
7 2 42 61
4 2 47 60
7 2 48 59
6 2 47 60
2 2 42 70
7 2 42 71
2 2 42 96
8 2 42 99
7 2 41 13
3 2 41 25
6 2 41 27
2 2 41 44
2 2 44 43
4 2 46 44
1 2 41 47
4 3 41 47
6 3 40 48
6 2 41 56
5 2 41 57
3 2 41 61
6 2 41 62
4 2 41 63
6 2 45 64
7 2 45 65
4 2 43 64
1 2 43 65
2 2 41 64
8 2 44 63
6 2 41 64
6 2 41 70
2 3 40 70
2 2 41 75
6 2 41 78
3 2 41 87
8 2 44 87
8 2 48 88
1 2 41 91
6 2 41 94
1 2 40 1
5 2 40 9
7 2 40 11
4 2 40 24
4 2 44 23
5 2 40 49
5 2 40 51
2 2 49 51
8 2 48 51
5 2 40 55
2 2 40 62
6 3 39 62
6 2 40 83
8 2 40 84
2 2 40 83
4 2 40 84
1 2 39 11
5 2 39 53
2 2 45 52
2 2 39 68
8 2 43 68
8 2 44 67
6 2 42 67
8 2 39 72
4 2 40 71
3 2 39 79
2 2 39 78
4 2 39 91
8 2 39 92
2 2 39 94
3 3 38 93
4 2 39 92
1 2 39 97
1 2 39 99
4 2 43 99
2 2 38 3
4 3 38 4
4 3 39 3
6 2 39 4
8 3 38 4
7 2 38 5
1 2 38 17
2 2 38 62
7 2 38 67
4 2 43 67
2 2 43 68
6 2 38 70
2 2 38 88
8 2 39 87
4 2 46 88
6 2 38 94
8 2 38 95
7 2 38 100
2 3 37 100
4 3 36 99
8 2 54 99
4 2 54 100
6 2 42 99
2 2 39 99
5 2 37 9
7 2 37 23
4 2 37 24
6 2 37 28
8 2 37 28
4 3 37 28
8 2 37 32
1 2 37 33
2 2 39 32
3 2 39 33
8 2 39 32
2 2 37 43
6 2 44 44
4 2 37 44
6 2 41 43
7 2 37 55
4 2 37 63
5 2 39 64
7 2 37 63
8 2 38 63
3 2 38 63
5 3 37 63
2 2 38 64
2 2 37 70
1 2 37 75
6 2 48 75
4 2 40 75
4 2 37 76
2 2 37 78
2 2 36 3
3 2 36 9
3 2 36 13
2 2 38 13
6 2 38 14
5 2 36 27
5 2 36 29
6 2 36 78
3 2 35 4
4 2 35 4
8 4 34 3
5 2 35 13
7 2 35 15
1 2 35 17
4 2 35 40
4 2 42 39
8 2 44 40
4 3 44 40
8 2 37 39
7 2 37 39
3 2 36 39
2 2 36 40
2 2 35 59
4 2 38 60
4 2 41 59
1 2 35 70
5 2 35 87
8 2 35 91
1 2 34 31
2 2 34 35
2 2 34 44
8 2 34 44
8 2 35 43
6 2 34 44
4 2 34 48
3 2 34 59
5 2 34 61
3 2 34 63
8 2 36 63
6 2 34 64
3 2 34 75
8 2 35 75
4 2 34 76
2 3 34 76
6 3 32 76
6 2 34 83
7 3 34 83
6 2 34 86
2 2 34 94
6 3 33 94
8 2 34 99
6 2 34 100
8 2 46 99
3 2 33 21
3 2 33 33
4 2 33 43
8 2 33 52
2 2 39 51
1 2 42 52
3 2 39 51
7 2 41 51
8 2 41 52
8 2 39 52
8 2 33 61
8 2 41 60
4 2 33 68
7 3 33 69
3 3 33 67
3 3 31 69
8 2 37 68
2 2 33 68
2 2 33 70
6 2 33 78
2 3 33 78
4 2 35 79
8 2 45 80
6 2 36 80
2 2 33 83
8 3 33 84
2 2 33 86
8 2 32 7
4 2 32 27
4 2 32 31
6 2 38 32
4 2 35 32
2 2 33 32
8 2 33 32
7 2 32 31
6 2 32 32
8 2 32 40
6 2 38 40
4 2 32 68
6 2 32 70
2 2 32 80
6 2 32 86
2 3 31 86
3 2 32 99
2 2 32 100
1 2 36 99
2 2 31 1
1 2 31 9
2 2 31 12
4 2 32 12
5 2 31 23
6 2 31 40
1 2 31 43
2 2 31 48
2 2 38 47
8 2 36 47
5 2 36 47
7 2 35 47
6 2 33 47
2 2 31 52
4 2 38 51
2 2 37 51
6 2 37 52
3 2 31 51
4 2 34 52
8 2 31 67
4 2 35 67
6 2 33 67
4 2 31 72
4 2 36 71
3 2 36 71
4 2 34 71
6 2 34 72
8 2 32 71
2 3 32 72
6 2 31 72
4 2 31 88
2 2 31 94
1 2 30 5
6 2 30 12
5 2 30 17
8 2 30 32
7 2 30 37
1 2 30 48
4 2 30 68
6 2 30 67
8 3 30 68
7 2 30 71
5 2 30 77
4 2 30 79
4 2 37 80
8 2 33 80
2 2 33 80
5 2 30 91
4 3 30 91
3 2 29 1
2 2 29 3
4 2 29 4
6 2 29 8
3 2 29 9
6 2 29 19
4 3 29 20
3 2 29 21
8 2 29 23
2 2 40 24
2 2 29 28
2 2 30 27
4 2 33 28
3 2 33 29
5 2 32 29
8 2 31 28
2 2 31 27
3 2 31 27
6 2 31 28
1 2 30 27
7 3 29 27
1 2 29 39
8 2 31 39
2 2 29 48
4 2 29 52
2 2 29 62
1 2 28 3
3 2 28 13
7 2 28 15
8 2 38 15
8 2 29 15
2 2 29 16
5 2 31 16
6 2 30 16
7 2 30 17
4 2 28 16
7 2 28 21
5 2 28 43
4 2 28 60
6 2 39 59
2 3 39 60
2 2 29 61
6 3 29 62
2 2 28 72
7 2 28 94
4 3 28 95
8 2 29 95
4 2 35 96
6 2 35 96
8 2 31 96
1 2 28 97
7 3 27 97
8 2 27 4
1 2 27 5
8 2 27 7
5 2 27 7
4 2 27 8
8 2 33 7
2 2 27 8
6 2 36 7
2 2 33 7
7 2 33 7
2 2 27 39
7 2 30 40
8 2 27 52
6 2 30 51
2 2 30 52
2 2 27 51
6 2 27 56
6 2 34 55
8 2 42 56
7 2 42 57
6 2 35 56
2 2 34 56
4 2 27 55
5 2 27 57
2 2 27 59
2 2 27 62
6 2 27 70
8 2 27 72
8 2 28 71
2 2 28 72
7 2 27 73
2 2 27 77
8 2 28 76
4 3 28 75
2 2 27 76
4 2 32 75
8 2 27 79
2 2 36 80
4 2 27 86
6 3 26 86
7 2 27 88
4 2 32 87
4 2 36 88
8 2 27 87
6 2 34 88
5 2 27 91
5 2 27 93
8 2 31 92
5 2 35 91
2 2 31 91
2 2 29 92
6 2 27 94
6 2 27 96
7 2 26 13
4 2 26 20
8 2 26 56
2 3 25 56
5 2 26 65
8 2 28 64
6 2 26 72
8 2 26 71
1 2 26 70
3 2 26 71
6 2 26 76
3 2 26 79
2 2 26 88
1 2 26 91
4 3 26 92
3 2 26 93
4 2 25 27
2 2 26 28
7 2 25 29
5 2 25 49
3 2 26 48
4 2 28 47
2 2 28 48
5 2 25 53
3 2 25 57
3 2 25 62
2 2 25 70
3 2 25 91
8 2 24 8
4 2 24 7
1 2 24 13
6 2 35 13
2 2 35 14
6 2 24 14
3 2 24 17
5 2 24 45
6 2 27 44
5 2 24 51
7 2 24 63
6 2 24 70
5 2 24 71
2 2 24 72
4 2 24 72
3 2 24 75
4 2 24 76
7 3 24 77
1 2 27 77
1 2 24 99
4 2 29 99
2 2 23 3
4 2 23 11
2 3 23 12
8 2 29 12
2 2 30 13
8 2 23 32
4 2 23 36
6 2 49 35
7 2 46 35
2 2 46 36
3 2 34 35
4 2 34 36
2 2 33 36
8 2 30 35
1 2 31 36
2 2 25 35
1 2 23 52
3 2 23 69
2 2 23 70
6 2 23 78
1 2 23 89
8 2 25 88
2 2 22 6
6 3 21 6
8 2 22 8
1 3 22 9
3 2 30 7
1 2 30 7
4 2 22 12
2 2 22 14
5 3 21 13
6 3 21 14
2 2 22 19
4 2 28 20
4 2 22 20
6 2 24 19
2 2 24 20
3 2 22 21
3 2 22 25
4 3 21 23
4 2 26 24
4 2 28 23
6 2 28 24
6 2 47 24
2 2 22 36
2 2 30 35
8 2 29 36
5 2 29 37
3 2 27 36
4 3 27 36
7 2 27 37
3 2 22 47
3 2 23 48
7 2 22 47
7 2 22 68
8 2 22 67
4 3 22 68
4 2 23 67
2 2 23 68
8 2 22 71
3 2 22 77
6 2 22 84
6 2 29 83
6 2 22 94
8 3 24 93
3 2 21 13
8 3 20 13
6 2 21 16
1 2 21 23
8 2 24 23
2 2 27 24
3 2 27 25
3 2 24 23
4 2 26 23
7 2 24 24
7 2 23 23
2 2 21 24
8 2 23 24
6 2 21 35
5 2 21 35
8 2 21 36
3 3 21 37
1 2 21 35
8 2 21 36
5 2 21 37
4 2 21 59
8 2 23 59
6 2 21 63
2 2 26 64
6 2 21 70
7 2 21 77
3 2 21 85
8 2 24 84
4 2 21 84
2 2 21 94
4 2 21 95
2 2 20 6
7 2 20 9
7 2 20 11
8 2 20 15
2 2 21 14
6 2 21 14
8 2 21 16
7 2 20 19
2 2 20 20
6 2 20 24
7 2 20 25
6 2 20 38
7 2 20 65
2 2 29 64
4 2 20 80
8 3 20 80
4 2 22 79
2 2 20 83
8 3 20 84
4 2 21 83
5 2 20 92
6 2 20 91
6 2 20 94
6 2 19 6
2 2 19 14
1 2 19 19
6 2 19 20
4 2 19 23
2 2 32 24
2 2 19 30
7 2 19 35
2 2 19 38
6 3 18 38
2 3 17 38
3 2 19 41
4 2 20 40
5 2 19 40
8 2 31 39
4 2 25 39
5 2 19 43
2 2 20 43
4 2 28 44
7 2 25 44
8 2 22 44
2 2 23 43
7 3 23 43
5 2 19 49
1 2 25 48
6 2 19 56
4 2 32 55
4 2 30 55
8 2 29 55
1 2 19 57
8 2 19 59
8 2 24 60
2 2 22 60
4 2 19 71
6 2 19 72
3 2 19 75
2 2 20 75
3 2 19 79
4 2 19 80
5 2 22 80
5 2 19 81
1 2 19 91
1 2 19 95
4 2 18 4
5 2 18 10
8 2 18 35
1 2 18 40
4 2 18 44
8 2 23 44
3 2 23 45
5 2 18 55
4 2 19 55
3 2 18 57
5 3 17 57
6 2 18 62
2 4 17 62
1 2 18 72
8 2 18 88
8 2 19 87
5 2 19 86
2 2 18 88
6 2 18 90
1 2 18 93
4 2 18 94
8 2 17 4
4 2 20 3
6 2 20 4
2 2 17 4
1 2 17 9
4 2 17 15
6 2 17 18
2 2 17 24
6 2 17 30
8 2 17 44
1 2 19 43
4 2 18 45
6 2 18 46
2 2 17 46
6 2 17 48
2 2 17 70
4 2 17 83
2 2 17 86
2 2 17 94
1 2 17 97
8 2 18 96
4 2 27 95
6 2 16 6
7 3 15 5
5 2 17 4
8 2 16 8
5 3 16 9
7 3 15 9
8 2 16 11
6 2 16 24
2 2 16 43
5 2 16 45
4 2 16 46
6 2 16 46
2 2 16 48
7 2 16 49
8 2 16 52
6 2 23 51
2 2 19 51
8 2 18 51
4 3 18 52
2 3 17 52
4 2 16 72
6 2 16 76
8 2 16 78
2 3 15 77
5 2 16 79
2 2 16 80
8 2 16 90
3 2 15 3
2 2 15 6
5 2 15 18
8 2 16 19
7 2 16 19
3 2 15 23
5 2 15 25
1 2 15 29
6 2 15 36
4 2 15 41
4 2 15 52
5 2 15 53
4 2 15 60
4 2 20 60
6 2 20 60
6 2 26 59
3 2 18 60
6 2 15 62
2 3 14 62
4 2 17 63
8 2 18 64
6 2 15 70
6 2 15 74
4 2 15 80
4 2 15 92
2 2 20 91
8 2 20 92
2 2 16 91
6 2 15 94
8 2 15 96
6 2 14 6
8 2 14 16
7 3 16 15
1 2 16 15
3 2 15 15
5 2 14 17
2 2 14 18
4 2 14 26
6 2 14 30
4 2 14 30
8 2 16 31
6 2 16 32
8 2 17 31
2 2 21 32
2 2 14 35
4 3 14 36
5 2 14 37
1 2 14 40
3 2 14 53
6 2 14 54
2 2 14 68
8 2 18 67
8 2 14 68
6 2 14 72
1 2 14 73
2 3 13 73
8 2 14 80
8 2 14 84
2 2 14 86
6 2 14 86
7 2 14 89
4 2 15 88
2 2 13 30
6 3 12 30
5 2 13 33
7 2 13 33
2 2 13 36
1 2 13 44
4 2 19 43
3 2 19 43
3 2 13 45
7 2 13 49
8 2 13 50
6 2 13 62
2 3 12 62
6 2 13 66
2 2 13 67
6 2 13 78
8 2 13 92
8 2 14 91
2 2 13 99
2 2 12 10
6 2 12 18
3 2 12 19
3 2 12 23
8 2 12 28
2 2 23 27
8 2 23 28
5 2 16 27
8 2 18 28
5 2 12 31
3 2 12 33
6 2 19 32
4 2 19 32
5 2 14 32
8 2 17 31
4 2 14 32
7 2 12 45
4 2 12 46
6 2 12 48
2 4 11 48
4 2 12 81
4 2 12 87
8 3 12 88
5 2 12 86
6 2 13 87
8 2 17 88
4 2 13 88
4 3 18 87
1 2 18 87
3 2 17 87
2 2 12 88
6 2 12 96
8 2 11 4
2 3 10 4
2 2 12 2
7 2 11 19
5 2 11 25
8 2 11 24
7 2 11 34
8 3 11 35
7 2 14 37
4 2 11 36
8 2 12 36
5 2 11 39
3 2 11 45
1 2 11 47
3 2 11 49
2 2 11 51
7 2 11 57
6 2 11 64
7 2 11 65
3 2 11 66
7 2 11 69
3 2 14 69
2 2 14 70
8 2 11 72
2 2 11 72
6 2 11 88
8 2 11 90
3 2 11 90
2 2 11 93
6 3 11 94
8 3 11 95
6 2 11 98
4 2 36 99
6 2 29 99
8 2 29 100
8 2 24 99
4 2 22 99
8 2 20 99
5 2 11 97
4 2 18 96
2 2 12 96
4 2 10 2
2 2 10 6
1 2 10 9
2 2 15 10
6 2 15 10
4 2 14 8
8 2 23 7
8 2 10 11
2 2 15 12
4 2 13 12
4 2 14 11
1 2 14 11
5 2 10 13
2 2 10 14
8 2 10 15
5 2 16 14
6 2 16 14
2 2 16 16
6 2 16 16
8 2 15 16
2 2 15 16
2 2 10 18
6 2 10 22
2 2 10 24
4 2 10 24
2 2 10 27
8 2 14 28
8 2 12 26
7 2 11 26
5 2 10 35
2 2 10 36
8 2 10 38
6 3 10 38
1 2 10 42
4 2 11 41
1 2 11 42
6 2 10 42
8 2 10 52
6 2 10 54
2 3 9 54
8 2 10 56
2 2 17 55
7 2 17 55
8 2 17 56
8 2 12 55
6 2 12 56
2 2 12 56
2 2 10 56
6 2 10 62
2 2 10 68
4 3 10 69
8 2 10 71
5 2 10 74
1 2 10 75
4 2 11 75
8 2 12 76
8 2 15 75
4 2 10 84
1 2 12 83
8 2 11 83
1 2 13 84
8 2 10 86
1 3 10 86
2 2 10 88
2 2 10 91
4 3 10 92
2 2 10 96
7 2 10 97
4 2 9 4
6 2 9 6
2 2 9 8
4 2 23 7
1 2 23 7
8 2 10 8
6 2 9 12
2 2 9 16
8 2 12 16
6 2 12 16
7 2 10 15
2 2 10 16
2 2 9 22
2 2 9 30
2 2 9 32
8 2 9 32
7 2 9 55
4 2 9 56
6 3 8 56
4 3 7 55
3 3 7 53
2 2 9 62
1 2 9 66
2 2 9 70
8 2 9 76
8 2 9 78
6 2 9 86
8 2 9 94
1 2 9 95
6 2 8 2
8 2 8 3
2 2 8 6
4 2 8 15
4 2 9 14
6 2 8 22
3 2 8 29
5 2 9 28
4 2 8 32
5 2 8 33
4 2 8 34
7 2 8 36
4 2 8 36
6 2 8 36
3 2 8 42
8 2 11 43
4 2 8 51
1 2 9 50
7 2 10 49
6 2 8 70
7 2 8 71
5 3 7 71
6 2 8 78
1 2 8 77
2 3 8 78
8 2 8 84
2 2 11 83
2 2 10 85
2 2 8 86
4 2 8 87
6 3 8 88
4 2 11 88
8 2 8 90
1 2 8 93
1 2 8 97
6 2 8 98
7 2 7 2
3 2 7 9
5 2 10 9
7 2 7 12
1 2 7 14
7 2 7 17
5 3 7 18
2 2 7 19
1 2 7 29
7 2 16 28
3 2 16 29
6 2 7 34
4 2 7 39
8 2 8 40
2 2 7 42
4 3 7 43
2 2 7 49
6 3 7 50
2 3 5 50
2 2 13 48
1 2 14 47
6 2 14 48
4 2 13 48
8 2 10 48
6 2 10 48
6 2 7 58
7 2 7 73
8 4 6 72
2 2 8 75
3 2 8 75
6 2 8 76
1 2 7 79
1 2 7 91
7 2 7 93
2 2 7 95
8 3 7 96
3 3 7 97
5 2 6 1
2 2 6 10
3 2 6 10
6 2 6 9
4 2 8 8
7 2 8 9
3 2 6 15
1 2 7 15
7 2 6 22
2 2 6 24
8 3 9 23
6 2 6 26
7 2 6 26
8 2 7 27
6 2 7 28
4 2 6 28
3 2 6 30
1 2 6 32
2 2 6 31
6 2 6 32
4 3 5 32
3 2 6 35
6 2 6 42
5 2 6 53
1 2 6 66
3 3 6 67
4 2 6 72
3 3 6 73
1 2 7 71
2 2 6 72
6 2 6 78
2 3 5 78
8 2 6 98
1 2 6 99
7 2 22 99
3 2 22 99
2 2 25 99
4 2 15 99
4 2 7 99
5 2 7 99
3 2 5 2
6 3 5 2
8 2 5 11
7 2 5 14
6 3 5 14
4 2 5 16
3 2 5 17
6 2 5 22
3 2 5 25
2 2 5 35
4 3 5 36
7 2 6 38
8 2 5 36
7 2 5 75
2 2 5 80
8 2 9 79
4 2 5 80
8 2 5 79
2 2 9 80
6 2 9 80
2 2 5 80
1 2 5 80
8 2 5 94
2 3 5 94
6 2 11 95
8 2 11 96
2 2 10 96
6 2 9 96
5 2 7 95
5 2 5 100
4 2 4 12
6 2 4 18
2 2 4 22
5 2 4 26
6 2 4 34
4 2 4 36
2 2 4 38
2 2 4 46
4 2 4 56
4 2 4 59
4 2 5 60
8 4 5 59
4 2 15 59
4 2 16 60
1 2 16 61
8 2 13 60
2 3 13 59
6 2 10 59
7 2 10 59
4 2 5 58
2 2 4 62
6 3 3 62
8 2 4 64
8 2 11 63
2 2 14 64
2 2 4 66
2 2 4 70
5 2 4 73
2 2 4 98
2 2 3 4
8 2 7 4
4 2 5 3
8 2 3 3
2 2 3 6
4 2 4 7
7 2 4 7
8 2 13 7
4 2 11 7
8 2 5 7
3 2 4 6
6 3 4 6
2 2 3 12
8 3 2 12
6 2 3 22
4 2 3 28
6 2 8 27
1 2 8 27
2 2 11 27
4 2 8 28
6 2 7 28
4 2 6 28
5 2 3 34
6 2 3 38
5 2 3 43
6 2 15 43
2 2 15 44
6 2 3 46
2 2 3 57
8 2 9 56
4 2 9 56
2 2 4 56
1 2 3 66
6 2 3 70
7 2 3 73
2 2 3 84
4 2 8 83
4 2 11 84
3 2 8 83
6 2 8 84
2 3 7 84
6 2 3 94
1 2 3 95
6 2 2 3
1 2 2 2
4 2 2 11
2 2 2 12
2 2 2 18
8 2 2 20
1 2 5 20
6 2 5 20
8 2 11 20
1 2 11 21
8 2 4 19
4 2 7 20
6 2 7 20
4 2 5 20
2 2 5 20
2 2 2 22
6 2 2 25
4 3 2 25
2 2 2 38
2 2 2 46
4 2 2 51
6 2 2 54
1 2 2 61
4 2 7 60
7 2 7 61
8 2 5 60
2 2 2 70
6 2 2 74
2 2 2 94
5 2 22 93
7 3 22 94
1 2 22 93
5 2 16 93
1 2 14 93
3 2 3 93
4 2 2 97
2 2 4 98
7 2 4 98
8 2 5 98
1 2 1 33
4 2 2 34
5 2 1 76
2 2 4 75
5 2 4 75
4 2 4 76
4 2 2 75
3 2 1 97
8 2 26 97
3 2 28 96
7 2 21 96
5 3 21 96
3 3 20 96
2 2 23 97
6 2 23 98
1 2 18 96
4 2 18 97
5 2 23 96
3 2 15 96
6 2 22 97
7 2 9 96
7 2 3 96
4 2 19 97
8 2 19 98
2 2 18 98
