99242
1581
3 29 20 354
1 41 20 355
3 29 20 357
1 41 20 358
3 29 20 360
1 41 20 361
3 29 20 363
1 41 20 364
3 29 20 366
1 41 20 367
3 29 20 369
1 41 20 370
3 29 20 372
1 41 20 373
3 29 20 375
1 41 20 376
3 29 20 378
1 41 20 379
3 29 20 381
1 41 20 382
3 29 20 384
1 41 20 385
3 29 20 387
1 41 20 388
3 29 20 390
1 41 20 391
3 29 20 393
1 41 20 394
3 29 20 396
1 41 20 397
3 29 20 399
1 41 20 400
3 29 20 402
1 41 20 403
3 29 20 405
1 41 20 406
3 29 20 408
1 41 20 409
3 29 20 411
1 41 20 412
3 29 20 414
1 41 20 415
3 29 20 417
1 41 20 418
3 29 20 420
1 41 20 421
3 29 20 423
1 41 20 424
3 29 20 426
1 41 20 427
3 29 20 429
1 41 20 430
3 29 20 432
1 41 20 433
3 29 20 435
1 41 20 436
3 29 20 438
1 41 20 439
3 29 20 441
2 28 20 352
1 32 20 351
2 28 20 355
2 28 20 357
2 28 20 359
2 28 20 361
2 28 20 363
2 28 20 365
2 28 20 367
2 28 20 369
2 28 20 371
2 28 20 373
2 28 20 375
2 28 20 377
2 28 20 379
4 29 1 351
2 30 20 352
2 28 20 354
2 28 20 356
2 28 20 358
2 28 20 360
2 28 20 362
2 28 20 364
2 28 20 366
2 28 20 368
2 28 20 370
2 28 20 372
2 28 20 374
2 28 20 376
2 28 20 378
2 28 20 380
4 30 1 351
2 28 20 352
1 11 11 352
1 10 18 51
1 8 14 156
6 8 3 194
4 7 6 36
6 6 19 30
2 6 17 137
6 6 12 127
2 6 12 136
2 6 11 124
5 6 10 108
6 6 9 58
4 6 3 192
7 5 19 190
5 5 18 3
6 5 18 26
1 5 17 65
3 5 15 194
1 5 14 138
3 5 10 139
7 5 9 118
5 5 14 120
7 7 14 118
2 5 11 120
4 5 8 139
8 5 7 75
2 5 12 73
8 5 3 61
6 4 20 10
2 4 20 13
8 4 20 67
3 4 19 146
6 4 19 160
1 4 18 2
4 4 17 163
1 4 16 154
6 4 16 184
6 4 15 39
6 4 15 85
1 4 15 161
2 5 13 160
4 5 13 162
8 4 15 178
8 4 14 11
4 4 18 14
1 4 14 14
4 4 14 74
8 4 13 30
6 4 13 183
4 4 14 181
7 4 12 58
8 4 12 132
6 4 12 162
8 4 11 34
2 4 10 101
8 4 10 154
7 4 10 191
7 4 8 15
7 4 8 18
3 4 8 55
2 4 11 55
4 4 10 56
8 4 7 87
7 5 14 86
7 4 9 86
6 4 7 141
8 4 10 142
7 4 7 147
2 4 6 48
7 4 10 46
3 4 6 134
4 6 11 134
4 4 6 149
3 4 6 175
2 5 19 178
6 3 20 22
2 3 20 70
3 3 20 78
6 3 20 95
3 3 20 186
8 3 19 8
3 3 19 11
7 3 19 18
3 3 19 28
1 3 19 98
2 3 19 103
2 3 19 112
5 3 19 198
5 3 18 21
7 3 18 48
2 3 18 72
5 3 18 81
7 3 18 96
5 3 17 50
4 3 17 81
6 3 17 109
5 3 17 148
5 3 17 167
2 3 17 179
1 3 16 3
6 3 16 31
2 3 16 49
8 3 16 62
5 3 16 101
7 3 16 156
4 3 16 159
6 3 16 166
1 6 16 166
3 3 17 167
8 3 18 168
8 3 15 122
6 3 15 136
6 3 15 154
4 3 15 178
1 3 15 198
5 3 16 199
6 3 14 12
2 3 14 12
6 3 14 105
2 3 14 157
1 3 14 169
2 3 14 348
5 3 18 347
4 3 18 346
3 3 18 345
2 3 18 344
1 3 18 343
8 3 18 342
7 3 18 341
6 3 18 340
5 3 18 339
4 3 18 338
3 3 18 337
2 3 18 336
1 3 18 335
8 3 18 334
7 3 18 333
6 3 18 332
5 3 18 331
4 3 18 330
3 3 18 329
2 3 18 328
1 3 18 327
8 3 18 326
7 3 18 325
6 3 18 324
5 3 18 323
4 3 18 322
3 3 18 321
2 3 18 320
1 3 18 319
8 3 18 318
7 3 18 317
6 3 18 316
5 3 18 315
4 3 18 314
3 3 18 313
2 3 18 312
1 3 18 311
8 3 18 310
7 3 18 309
6 3 18 308
5 3 18 307
4 3 18 306
3 3 18 305
2 3 18 304
1 3 18 303
8 3 18 302
7 3 18 301
6 3 18 300
5 3 18 299
4 3 18 298
3 3 18 297
2 3 18 296
1 3 18 295
8 3 18 294
7 3 18 293
6 3 18 292
5 3 18 291
4 3 18 290
3 3 18 289
2 3 18 288
1 3 18 287
8 3 18 286
7 3 18 285
6 3 18 284
5 3 18 283
4 3 18 282
3 3 18 281
2 3 18 280
1 3 18 279
8 3 18 278
7 3 18 277
6 3 18 276
5 3 18 275
4 3 18 274
3 3 18 273
2 3 18 272
1 3 18 271
8 3 18 270
7 3 18 269
6 3 18 268
5 3 18 267
4 3 18 266
3 3 18 265
2 3 18 264
1 3 18 263
8 3 18 262
7 3 18 261
6 3 18 260
5 3 18 259
4 3 18 258
3 3 18 257
2 3 18 256
1 3 18 255
8 3 18 254
7 3 18 253
6 3 18 252
5 3 18 251
4 3 18 250
3 3 18 249
2 3 18 248
1 3 18 247
8 3 18 246
7 3 18 245
6 3 18 244
5 3 18 243
4 3 18 242
3 3 18 241
2 3 18 240
1 3 18 239
8 3 18 238
7 3 18 237
6 3 18 236
5 3 18 235
4 3 18 234
3 3 18 233
2 3 18 232
1 3 18 231
8 3 18 230
7 3 18 229
6 3 18 228
5 3 18 227
4 3 18 226
3 3 18 225
2 3 18 224
1 3 18 223
8 3 18 222
7 3 18 221
6 3 18 220
5 3 18 219
4 3 18 218
3 3 18 217
2 3 18 216
1 3 18 215
8 3 18 214
7 3 18 213
6 3 18 212
5 3 18 211
4 3 18 210
3 3 18 209
2 3 18 208
1 3 18 207
8 3 18 206
7 3 18 205
6 3 18 204
5 3 18 203
4 3 18 202
6 3 17 347
7 3 16 347
8 3 15 347
1 3 14 347
1 3 13 2
3 4 12 1
4 5 11 3
2 3 13 8
5 3 13 12
1 3 13 42
8 3 13 47
3 3 14 47
6 3 13 47
1 3 13 46
8 3 16 45
2 3 13 64
3 3 13 70
7 3 14 68
2 3 14 68
6 3 14 70
2 3 13 73
8 3 13 108
8 3 13 132
3 4 13 134
1 4 11 132
5 3 13 137
3 3 13 173
7 3 13 176
3 3 13 348
2 3 12 23
8 3 17 24
2 3 12 43
1 3 16 41
5 3 12 48
4 3 12 136
8 3 13 136
7 3 13 138
2 3 12 150
5 3 15 151
3 3 12 152
4 3 12 186
4 3 12 348
7 3 11 20
3 3 11 37
3 3 11 48
4 3 11 53
7 3 11 63
5 3 11 95
6 3 11 100
4 3 11 109
6 3 11 108
3 3 11 121
1 3 11 147
3 3 11 148
7 3 11 152
8 3 11 152
7 3 12 151
8 3 11 154
7 3 11 156
2 4 11 156
2 3 11 199
5 3 11 276
7 3 15 274
6 3 15 273
5 3 15 272
4 3 15 271
3 3 15 270
2 3 15 269
1 3 15 268
8 3 15 267
7 3 15 266
6 3 15 265
5 3 15 264
4 3 15 263
3 3 15 262
2 3 15 261
1 3 15 260
8 3 15 259
7 3 15 258
6 3 15 257
5 3 15 256
4 3 15 255
3 3 15 254
2 3 15 253
1 3 15 252
8 3 15 251
7 3 15 250
6 3 15 249
5 3 15 248
4 3 15 247
3 3 15 246
2 3 15 245
1 3 15 244
8 3 15 243
7 3 15 242
6 3 15 241
5 3 15 240
4 3 15 239
3 3 15 238
2 3 15 237
1 3 15 236
8 3 15 235
7 3 15 234
6 3 15 233
5 3 15 232
4 3 15 231
3 3 15 230
2 3 15 229
1 3 15 228
8 3 15 227
7 3 15 226
6 3 15 225
5 3 15 224
4 3 15 223
3 3 15 222
2 3 15 221
1 3 15 220
8 3 15 219
7 3 15 218
6 3 15 217
5 3 15 216
4 3 15 215
3 3 15 214
2 3 15 213
1 3 15 212
8 3 15 211
7 3 15 210
6 3 15 209
5 3 15 208
4 3 15 207
3 3 15 206
2 3 15 205
1 3 15 204
8 3 15 203
7 3 15 202
8 3 14 274
1 3 13 274
2 3 12 274
3 3 11 274
5 3 11 348
8 3 10 29
1 3 13 30
5 3 12 27
5 4 17 27
7 3 10 40
6 3 14 41
8 3 13 41
4 3 12 41
5 3 13 42
3 3 10 47
2 3 10 68
4 3 10 137
8 3 11 138
6 3 10 141
2 3 10 142
3 3 10 156
3 3 10 161
3 3 11 161
7 4 10 161
4 3 10 274
6 3 10 348
8 3 9 22
6 3 9 61
5 3 9 120
1 3 9 120
4 3 9 123
1 4 8 123
5 3 9 125
4 3 9 126
5 3 9 125
1 3 9 137
4 3 9 145
2 3 14 144
6 3 9 144
1 3 9 150
4 3 9 151
7 3 9 160
5 3 11 159
8 3 10 159
1 3 9 182
6 3 14 180
7 3 9 198
8 3 10 198
7 3 9 348
8 4 9 350
8 3 8 16
5 3 8 42
4 3 8 85
4 3 11 86
2 3 8 87
3 4 7 87
2 3 8 151
5 3 8 153
4 3 8 158
2 3 8 174
7 3 7 40
5 3 7 40
5 3 7 45
6 4 7 44
7 3 9 42
8 3 7 106
1 3 14 105
4 3 7 115
2 3 10 115
2 3 8 116
3 3 12 115
1 3 12 116
6 3 14 115
6 3 11 113
5 3 11 115
6 4 11 117
2 3 7 138
1 3 7 141
5 3 7 172
8 3 7 195
4 3 8 196
7 3 7 197
2 4 7 195
1 5 7 194
3 3 7 198
5 3 7 197
1 3 7 348
2 3 6 17
5 3 7 17
3 3 10 15
5 3 10 14
3 3 6 15
3 3 8 13
3 3 6 34
6 3 6 32
5 3 6 36
1 3 6 50
4 3 6 129
7 3 15 129
5 4 15 129
1 3 8 127
6 3 12 128
8 3 6 176
7 3 6 175
2 3 5 65
3 4 9 64
6 3 5 98
7 3 8 96
6 3 5 124
3 3 5 138
4 3 5 153
5 3 9 155
1 3 5 170
2 3 5 198
7 3 4 11
8 4 4 11
4 3 4 125
2 3 10 124
4 3 4 127
6 3 4 145
7 4 7 143
3 3 7 146
5 3 4 191
5 3 3 24
6 3 3 29
2 3 4 29
3 3 3 34
7 4 3 33
4 4 2 33
3 3 9 33
1 3 5 31
6 3 3 41
8 3 3 47
4 3 6 47
2 4 6 45
3 3 3 48
8 3 7 49
8 3 3 75
5 3 10 76
8 3 12 76
4 3 6 73
7 3 9 72
1 3 4 77
3 3 4 78
2 4 4 75
4 3 14 78
3 3 9 75
8 3 3 135
5 3 3 145
8 3 8 145
4 4 9 145
4 3 3 155
6 3 3 159
7 5 5 158
2 3 6 160
5 3 5 160
5 3 10 162
5 3 3 161
4 3 3 183
2 3 7 185
1 3 3 195
6 3 2 8
3 3 16 5
7 3 13 8
5 3 2 12
2 3 5 13
1 4 6 13
8 3 6 11
1 3 2 38
1 3 15 37
1 3 4 37
5 3 10 37
4 3 10 38
1 3 2 56
5 3 12 56
3 3 2 60
4 3 7 59
5 3 7 60
2 3 6 58
4 3 2 65
4 4 7 63
8 3 2 86
6 4 4 86
7 3 2 111
5 3 10 110
4 3 2 140
5 3 10 140
6 4 10 140
8 3 2 155
7 3 2 180
1 3 4 179
8 3 11 181
7 3 2 193
3 3 3 193
5 3 12 191
7 3 7 195
5 3 5 195
4 3 5 197
6 3 4 195
4 3 1 13
2 2 19 82
7 2 19 91
3 2 19 90
4 2 19 188
3 2 18 4
3 2 18 80
1 2 18 83
2 2 18 94
6 2 18 103
5 2 18 172
8 2 18 200
7 2 17 4
8 2 17 5
5 2 17 5
4 2 17 20
8 2 17 81
5 2 17 97
2 2 17 165
7 2 17 185
6 2 17 189
6 2 16 24
5 2 16 66
1 2 16 79
3 2 16 89
8 3 15 89
4 3 15 90
7 3 16 91
2 2 16 98
6 2 16 100
5 2 17 101
7 2 16 118
1 2 16 179
3 2 16 182
3 2 16 188
4 2 15 7
7 2 15 23
6 2 15 57
4 2 15 66
1 2 15 81
8 2 15 91
4 2 15 94
3 2 15 96
4 2 15 113
8 2 15 149
7 3 14 148
4 2 15 164
2 2 15 167
3 2 15 170
8 2 15 171
8 2 15 191
6 2 15 202
2 2 17 201
3 2 16 201
2 2 14 53
7 2 14 69
3 3 13 68
8 2 14 72
7 2 15 71
7 2 14 88
2 2 14 95
8 2 14 101
8 2 14 104
4 2 14 105
8 2 14 110
2 2 14 111
5 2 14 117
1 2 14 118
2 2 14 169
7 2 16 168
7 2 14 170
7 2 14 173
5 3 14 173
4 2 14 173
3 2 14 184
7 2 14 189
2 2 13 6
7 2 13 5
3 2 13 9
4 2 13 23
3 2 13 24
4 2 13 31
3 2 13 50
4 2 13 52
5 2 13 53
1 2 13 68
2 2 13 102
2 2 14 101
7 2 13 103
3 2 13 117
5 2 13 123
4 2 13 130
8 3 13 130
3 2 13 131
5 2 13 143
6 2 14 143
3 2 14 144
2 2 13 171
8 2 12 6
1 3 12 7
1 2 12 10
6 2 12 9
2 2 12 21
3 3 12 21
1 2 12 22
1 2 13 21
7 2 12 43
5 2 12 44
7 2 12 61
5 2 12 69
4 2 12 80
5 2 13 79
6 2 12 79
8 2 12 79
4 2 12 79
4 2 12 97
1 2 12 103
4 2 12 103
3 2 12 104
8 2 12 105
1 2 12 118
6 2 12 170
5 2 12 181
3 3 12 182
4 2 12 181
1 2 12 183
1 2 12 187
3 4 11 186
6 2 14 186
1 2 12 199
4 2 11 27
5 2 12 26
1 2 13 27
1 2 11 32
7 2 11 31
3 2 11 50
7 2 11 57
2 2 11 84
4 2 12 83
5 2 13 82
5 2 11 88
8 2 11 90
4 3 11 90
2 2 13 91
6 2 14 92
1 3 14 93
7 2 14 92
4 2 14 94
4 2 13 91
5 2 13 92
1 2 11 89
4 2 11 92
4 2 11 94
3 2 12 93
7 2 11 96
6 2 11 99
2 2 11 101
5 2 11 104
3 2 11 106
5 3 11 107
2 2 11 109
1 2 11 113
8 2 13 113
4 2 11 114
7 2 11 117
6 2 11 123
8 2 11 143
7 2 11 148
2 3 11 148
3 2 11 177
6 2 14 177
4 2 12 176
3 2 12 177
8 2 11 186
7 2 11 191
4 2 11 193
8 2 10 20
8 2 11 21
6 2 11 22
4 2 10 23
3 2 10 23
1 2 10 44
2 2 11 45
7 2 10 52
8 3 9 52
5 3 8 52
1 3 8 53
6 2 10 54
6 2 10 67
4 3 10 68
2 2 10 71
3 2 14 72
8 2 11 72
1 3 11 71
2 2 11 70
4 2 11 69
5 2 11 73
2 2 11 73
6 2 10 72
4 2 10 81
7 3 9 81
2 3 8 80
8 2 10 92
3 2 10 94
7 2 10 100
2 2 10 107
3 3 10 107
4 2 10 106
3 2 10 111
5 2 12 112
7 2 12 111
6 2 12 112
8 2 10 113
7 3 10 113
2 2 10 115
5 2 10 115
2 2 10 119
6 2 10 167
8 3 9 167
3 3 9 168
2 3 9 169
1 2 13 171
2 2 10 171
7 2 10 183
5 2 10 187
8 2 13 188
5 2 13 189
1 2 10 186
4 2 11 187
6 2 11 188
3 2 10 190
1 2 10 190
3 2 12 189
4 2 10 189
7 2 10 199
6 2 9 5
4 2 9 11
7 2 9 10
6 2 9 13
2 2 9 23
4 2 9 30
4 2 10 29
3 2 9 31
7 2 9 39
5 2 9 59
5 2 9 63
6 2 11 62
4 2 10 64
8 2 10 64
8 2 9 66
3 2 9 67
8 2 9 69
6 2 9 82
7 2 9 84
3 2 11 84
1 2 11 85
8 2 9 88
2 2 9 89
4 2 9 89
7 2 9 94
1 2 9 93
8 3 9 94
4 2 9 96
8 2 9 98
2 2 9 99
7 2 11 99
1 2 12 100
5 2 11 100
8 2 9 120
5 2 9 130
6 2 9 143
1 3 9 142
6 2 9 152
2 2 9 165
7 2 13 164
4 2 9 164
3 2 9 163
1 2 9 170
6 2 9 174
4 2 11 173
3 2 11 174
8 2 11 174
4 2 9 174
2 3 9 175
3 3 8 173
1 3 8 175
3 2 9 172
3 2 9 178
4 2 9 178
5 2 9 184
4 3 9 185
6 2 9 186
7 2 9 186
2 2 9 188
2 2 9 190
3 2 8 11
6 2 8 18
8 2 8 19
7 2 10 18
6 2 9 20
2 2 8 20
5 2 8 32
8 2 8 32
1 2 8 37
5 2 8 38
8 2 8 38
1 2 9 39
8 2 9 40
5 2 8 40
4 2 8 44
6 2 8 49
3 2 8 55
2 2 8 60
2 2 9 61
2 2 8 64
1 3 8 65
3 2 8 77
7 2 11 77
6 2 8 78
8 2 8 86
6 2 8 96
5 2 8 98
2 2 8 97
7 2 8 101
7 2 8 122
2 2 8 130
3 2 14 131
1 2 11 131
2 2 9 129
1 2 8 132
6 3 8 133
2 3 7 133
7 2 8 136
6 3 7 136
3 2 8 139
3 2 8 152
3 2 8 157
4 2 8 159
1 2 8 167
6 2 8 169
6 2 9 168
4 2 8 170
8 2 8 178
1 3 7 178
2 3 6 177
5 4 6 179
4 3 7 181
6 5 7 183
3 2 8 179
2 2 8 181
1 2 7 19
3 2 10 18
5 2 8 18
7 2 9 17
4 2 8 19
5 3 7 19
3 2 7 23
4 2 7 25
8 2 9 25
6 2 8 24
1 3 8 25
8 2 7 25
8 2 7 36
6 2 8 35
4 2 8 34
2 2 7 38
7 2 7 45
6 2 8 44
8 2 7 53
8 2 9 54
4 2 7 53
8 2 7 60
1 3 7 61
2 3 6 62
8 2 10 59
1 2 10 58
1 2 12 57
3 2 9 59
8 2 8 62
5 2 7 67
7 2 7 68
5 2 7 72
1 3 6 71
1 2 10 70
1 2 7 79
7 2 7 89
6 2 7 95
1 2 7 97
1 2 7 107
7 2 7 108
2 2 7 118
4 2 9 117
5 2 7 120
4 2 7 121
7 2 7 128
4 2 7 141
7 2 7 140
3 2 7 141
8 2 7 143
1 2 7 153
2 2 7 153
7 3 6 153
5 3 6 152
1 2 7 156
5 2 7 159
8 2 7 169
7 3 6 169
1 4 5 168
4 3 6 167
8 2 7 166
3 2 7 166
4 2 7 165
3 2 7 171
8 2 7 182
3 2 6 18
2 2 8 17
6 2 7 17
8 2 9 16
7 2 9 16
1 2 6 19
1 2 6 38
1 2 6 42
7 2 6 43
4 2 7 42
2 2 7 43
8 2 7 44
4 2 6 46
6 2 6 48
2 2 6 51
8 2 6 57
2 2 7 56
3 2 6 60
5 2 7 59
1 2 6 59
4 2 8 58
8 2 6 63
6 2 6 63
2 2 6 65
6 2 6 73
7 2 6 74
6 2 8 74
5 2 6 83
2 2 12 82
1 2 9 82
3 2 6 84
5 3 7 83
6 2 10 84
8 2 9 83
2 2 8 82
7 2 7 84
5 2 6 86
8 2 6 91
3 2 6 90
2 2 8 91
3 2 7 91
1 2 6 95
4 2 6 100
8 2 6 101
1 2 6 103
6 2 6 109
8 2 7 109
7 3 7 108
8 2 7 108
3 2 7 110
1 2 7 110
2 2 8 111
7 3 8 111
5 3 8 111
3 2 8 111
4 2 7 110
1 2 7 112
3 2 6 124
8 3 5 123
7 2 6 125
8 2 6 126
4 2 8 127
5 2 10 126
8 2 9 126
3 3 9 127
5 2 7 127
1 2 9 128
2 2 7 128
1 2 6 125
5 2 6 140
2 2 6 139
4 2 6 143
5 3 6 143
1 2 6 146
5 3 6 147
6 2 9 148
1 2 6 147
6 2 6 152
4 2 6 155
4 2 6 162
1 3 6 161
2 2 7 163
6 2 6 174
8 2 6 178
8 2 6 186
8 2 6 197
7 2 6 200
3 2 11 199
8 2 11 200
2 2 10 199
1 2 7 199
3 2 6 349
1 2 5 6
8 2 8 6
7 2 9 5
1 2 11 4
2 2 11 4
6 2 11 5
3 2 9 5
4 2 9 6
1 2 8 7
8 2 9 8
6 2 9 8
1 2 5 35
4 2 9 36
4 2 5 38
3 2 5 44
8 2 5 53
5 2 6 54
5 2 5 56
6 2 6 57
7 2 5 57
3 2 5 64
3 2 5 69
3 2 7 70
2 2 5 72
8 2 5 73
4 2 5 94
5 2 6 93
7 3 6 93
3 2 5 92
5 2 5 96
7 3 5 97
4 2 5 101
2 2 5 102
6 2 5 104
7 3 4 103
8 2 6 104
6 2 5 115
8 2 5 117
5 2 5 117
6 2 5 120
6 2 5 123
4 4 5 122
1 2 5 128
6 2 6 127
3 2 5 128
8 2 5 130
5 2 5 134
8 2 7 135
5 2 7 135
8 2 6 133
2 2 7 134
1 2 6 135
3 2 5 133
7 2 6 132
2 2 5 141
7 2 5 149
8 2 5 154
3 2 5 153
6 2 5 156
2 3 4 156
8 2 5 161
7 2 5 163
4 2 5 162
6 2 5 167
2 3 4 166
2 2 5 184
5 2 5 186
2 2 5 195
1 3 5 195
4 3 4 195
4 2 5 199
8 3 5 199
5 2 7 200
1 2 13 201
4 2 5 349
5 2 4 6
5 2 6 7
2 2 6 8
1 2 4 10
6 3 6 9
2 2 4 11
4 3 4 10
6 2 4 12
1 3 3 12
4 2 4 16
4 2 5 15
8 2 5 17
8 2 4 16
6 3 4 16
1 3 4 15
7 2 4 28
7 2 4 31
4 2 7 30
5 2 5 30
4 2 4 30
6 2 4 29
8 2 4 36
4 2 4 51
6 3 4 52
2 2 4 53
7 2 6 53
3 2 6 53
4 2 5 53
8 2 4 57
1 2 4 71
8 2 4 74
7 2 8 75
2 2 7 75
1 2 7 76
8 2 6 75
4 2 5 73
7 2 4 75
3 2 4 79
2 2 4 84
7 2 4 83
8 2 4 82
4 2 4 82
5 2 4 83
2 2 4 88
3 2 4 98
4 2 6 97
1 2 4 97
6 2 4 98
8 2 4 97
3 2 5 98
4 2 5 99
5 2 4 104
2 3 6 103
6 2 8 105
7 2 8 105
3 2 4 106
5 2 5 105
1 2 4 107
3 2 4 108
2 2 4 109
5 2 4 110
1 2 4 111
8 2 4 118
7 2 4 119
5 2 4 120
2 2 4 128
5 2 4 131
6 3 4 131
1 3 3 128
8 2 6 130
4 2 4 132
7 2 4 133
6 2 4 133
8 2 4 158
8 2 4 183
6 2 4 184
3 3 3 183
4 2 5 182
2 2 4 196
5 2 4 348
2 2 3 1
4 3 3 2
7 2 11 3
7 2 3 2
2 2 7 3
4 2 7 4
3 2 3 2
8 2 3 14
2 2 3 17
4 2 3 21
5 3 5 20
1 2 5 22
8 2 4 21
7 3 4 20
4 2 5 19
1 2 5 20
8 2 3 20
5 2 3 19
6 2 3 24
1 2 3 27
4 2 12 26
6 2 4 26
7 2 8 27
1 2 4 27
4 3 4 28
3 2 5 26
5 2 7 25
3 2 3 26
2 2 3 35
5 2 3 36
2 2 3 38
3 2 6 39
6 2 3 42
8 2 5 43
5 2 4 41
4 2 3 41
5 2 3 45
3 2 3 60
1 3 3 61
6 2 3 63
1 2 3 73
5 2 3 90
1 3 2 90
7 2 3 101
8 2 3 105
6 2 5 104
3 2 5 104
5 2 3 107
8 2 3 111
1 2 4 112
5 2 3 111
2 2 3 120
3 2 3 130
6 2 4 129
4 2 4 129
6 2 3 136
7 3 3 135
4 2 3 136
7 2 3 142
1 2 3 145
4 2 4 144
5 2 4 144
2 2 4 145
6 2 3 145
3 2 3 159
6 2 3 160
6 2 3 169
4 2 3 170
7 2 7 170
8 2 3 171
8 2 8 171
5 2 5 170
6 2 5 171
8 2 5 172
4 2 5 172
2 2 3 176
7 2 3 182
1 3 3 182
1 2 3 184
4 2 3 190
8 2 6 190
4 2 6 191
1 2 10 191
5 2 9 191
6 2 6 191
6 2 3 348
7 3 3 349
6 2 2 2
1 3 2 1
1 2 5 3
8 2 6 4
3 2 5 4
3 2 2 7
3 2 4 6
2 2 5 5
4 2 3 6
1 2 4 7
5 2 4 7
7 2 2 7
7 2 2 22
4 2 2 26
2 2 3 25
1 2 4 26
6 2 4 27
2 3 3 27
8 2 2 28
7 2 2 27
3 2 3 28
6 2 2 30
3 2 2 30
1 2 2 50
3 3 2 49
2 3 2 48
4 2 5 48
7 2 4 47
7 2 5 48
1 2 4 46
8 2 4 46
3 2 4 47
4 2 2 48
5 2 2 48
5 2 3 48
2 2 2 54
7 3 2 54
6 3 2 54
1 3 2 56
5 2 3 53
6 2 5 52
7 2 2 56
8 2 4 57
1 2 2 58
7 3 2 59
6 2 2 58
5 2 2 60
6 2 2 63
6 2 2 76
6 2 8 75
7 2 8 76
4 2 2 82
1 3 2 83
2 2 2 84
7 2 2 87
4 2 2 92
1 2 2 95
3 2 4 94
5 2 4 94
2 2 2 94
2 2 3 95
8 2 2 97
7 2 2 101
8 2 2 107
6 2 2 114
8 2 6 114
5 2 4 114
3 2 4 113
1 2 3 113
4 2 2 115
2 2 2 115
6 2 2 114
7 2 2 115
3 2 2 120
5 2 2 127
7 2 2 127
6 2 2 140
3 2 2 142
3 2 2 147
3 2 2 150
1 2 2 157
7 2 2 157
3 2 2 159
8 2 2 158
8 2 5 159
7 2 4 159
6 2 2 158
4 2 2 159
2 2 2 162
3 2 3 161
1 2 2 167
7 2 3 168
6 2 3 169
3 2 2 169
1 2 3 170
7 2 3 171
8 2 2 172
7 2 2 180
1 2 2 185
6 2 5 184
3 2 7 183
7 2 2 185
2 2 4 186
8 2 1 8
8 2 1 35
3 2 2 34
2 2 4 33
3 2 4 32
6 2 1 34
2 2 1 37
5 2 1 39
7 2 2 40
1 2 2 41
5 2 2 40
3 2 1 40
4 3 1 40
7 2 1 81
4 2 1 84
8 2 1 85
7 2 1 89
3 2 1 99
2 2 1 98
1 2 3 97
4 2 1 109
2 2 1 108
8 2 1 117
6 2 2 116
1 2 1 119
2 2 2 120
4 2 2 121
7 2 1 132
8 2 1 160
5 3 1 161
5 2 2 161
4 2 2 161
6 2 1 175
3 2 1 178
8 2 6 178
8 2 1 332
