68560
2626
5 160 27 10
5 149 36 12
2 27 20 9
4 12 20 17
5 12 18 188
4 12 16 10
3 10 48 141
4 10 7 5
6 9 50 81
1 9 44 70
6 9 28 117
6 9 21 55
3 9 17 15
4 9 6 103
6 9 37 106
3 8 42 138
1 8 37 100
3 8 29 25
3 8 29 118
5 8 28 99
6 8 28 198
5 8 22 68
2 9 40 73
2 8 23 71
5 8 22 171
1 8 21 135
1 8 20 3
3 8 19 180
2 10 18 182
2 8 15 99
4 8 9 29
3 11 37 35
6 7 40 89
4 7 35 87
4 7 33 39
5 7 27 78
4 7 23 164
4 7 22 190
1 7 16 6
2 7 15 61
3 7 47 66
1 10 48 66
3 7 8 149
2 8 40 151
5 7 39 156
2 7 5 104
1 6 48 52
4 6 47 40
2 6 46 133
5 6 47 137
1 6 46 159
2 7 48 163
6 7 46 159
4 6 45 26
4 6 42 22
1 6 41 196
5 8 41 196
6 6 40 32
6 6 39 53
6 6 38 73
2 6 46 74
2 6 37 23
2 6 37 64
2 6 42 64
4 6 33 22
6 6 30 71
3 6 29 6
6 6 26 186
4 6 23 123
3 7 33 124
3 7 27 123
6 7 27 126
5 7 25 125
4 6 21 71
2 6 29 73
6 6 15 45
2 6 15 93
6 6 39 96
6 6 14 183
2 8 16 182
5 6 9 79
5 6 12 82
5 6 41 84
3 6 8 198
1 7 38 197
2 6 7 170
1 9 42 169
2 7 39 171
6 6 6 7
4 6 15 6
2 6 5 180
6 8 26 179
1 6 4 141
3 5 49 112
1 5 45 75
3 5 44 100
4 5 43 57
4 5 43 92
3 5 46 93
3 5 43 133
6 7 42 134
1 5 41 30
1 5 41 148
4 7 40 150
5 5 40 89
3 5 39 167
1 5 38 153
2 5 37 30
2 5 36 79
2 5 35 173
6 5 34 23
4 5 33 1
4 7 43 1
2 5 42 4
4 5 33 47
5 5 32 25
2 6 31 21
2 5 32 39
1 5 29 51
1 5 29 97
4 5 37 97
6 5 28 61
2 5 39 60
1 5 30 64
6 5 28 123
5 5 28 151
3 5 28 166
2 5 27 7
5 5 33 8
2 5 27 123
5 9 28 123
3 5 27 144
1 6 27 145
3 5 30 146
2 5 33 146
4 5 26 197
5 5 24 111
1 7 39 109
4 5 43 110
2 5 33 113
4 5 37 111
2 6 40 113
1 5 40 113
1 5 23 52
2 5 31 51
5 5 32 50
5 5 36 49
5 6 38 48
3 5 40 51
2 5 36 51
3 5 31 52
2 5 23 51
5 5 23 76
5 6 39 74
5 5 41 78
1 5 24 76
1 5 21 191
1 5 20 36
1 5 20 109
4 5 21 107
3 5 28 107
5 5 19 4
1 5 19 40
2 5 19 135
2 5 19 157
6 6 34 161
3 6 21 159
4 5 28 161
3 5 24 160
6 5 19 155
6 5 20 154
4 5 18 32
3 6 44 33
5 5 18 54
2 5 17 188
2 5 42 191
2 5 16 15
6 5 16 138
1 5 25 136
5 5 16 154
6 5 17 159
3 5 15 125
1 6 23 124
3 6 28 128
6 5 47 130
6 5 16 124
6 5 27 127
5 5 26 128
5 5 15 133
4 6 12 132
6 5 37 130
1 5 15 169
6 5 14 13
4 5 14 54
1 6 15 53
3 5 14 79
3 5 17 78
3 6 32 77
6 5 13 97
4 5 12 10
6 5 12 116
1 5 12 123
2 5 12 157
3 8 11 157
2 7 22 160
6 7 22 159
1 5 29 154
2 6 36 154
3 8 34 154
1 5 20 156
4 7 23 154
3 7 21 155
3 5 12 169
3 5 32 169
2 5 18 167
5 5 11 34
3 5 9 81
4 6 26 81
1 5 16 78
4 5 17 80
6 5 27 83
4 5 37 81
1 5 27 83
1 5 17 80
1 5 11 81
6 5 8 188
4 5 7 57
3 7 21 57
4 6 42 58
4 5 29 60
4 5 19 59
5 5 24 60
4 5 34 62
3 6 33 60
2 5 7 194
3 5 34 192
1 5 7 194
3 5 21 194
6 5 9 194
2 5 5 56
3 5 5 78
5 5 11 78
2 5 34 80
4 5 5 123
1 6 25 122
2 5 20 121
4 5 5 169
6 7 35 166
2 5 4 135
1 10 5 134
6 5 28 136
2 5 7 131
6 6 23 133
3 5 33 130
5 5 4 188
4 5 40 190
3 5 38 189
3 5 4 190
3 5 3 167
1 5 29 165
2 5 33 167
5 5 35 169
2 5 2 7
5 5 41 5
6 5 34 5
6 5 1 55
2 5 1 54
3 4 47 142
4 4 45 36
5 4 44 47
5 4 43 25
3 4 41 162
4 4 41 178
6 4 39 184
4 4 39 185
2 9 39 184
5 4 38 86
6 4 37 110
5 4 37 183
6 4 37 191
5 5 36 190
2 4 36 90
6 5 43 90
5 4 36 112
6 4 40 112
1 4 36 140
3 4 36 150
5 4 35 28
2 4 42 26
6 4 36 28
6 4 35 84
5 4 34 8
1 4 34 132
5 4 35 130
1 5 36 128
3 4 34 175
2 5 45 175
6 4 33 60
2 4 33 88
3 7 34 88
4 4 38 88
3 4 43 90
5 4 33 147
1 4 32 3
5 4 32 22
4 5 32 24
1 4 32 22
4 4 32 52
5 4 32 127
4 4 32 130
5 4 32 136
3 4 32 146
5 4 32 166
1 4 32 179
3 4 31 166
1 4 31 186
2 4 31 186
4 4 31 185
1 4 30 24
3 4 30 22
3 4 30 49
6 4 30 164
4 5 30 165
2 4 38 163
4 4 29 23
3 4 29 28
2 5 33 28
5 5 31 27
6 5 37 30
4 4 38 30
3 4 29 39
3 4 29 70
1 4 29 69
5 4 38 67
1 4 38 64
3 4 29 193
2 5 33 193
2 4 28 22
2 4 28 33
4 4 33 31
6 4 39 32
1 4 28 53
6 4 28 53
2 4 28 132
1 4 28 149
1 4 27 1
5 4 27 58
5 4 34 58
5 4 31 55
5 4 27 139
6 4 27 150
1 5 27 152
6 4 27 163
2 4 26 2
6 4 37 3
6 4 28 1
1 4 26 21
2 4 26 30
3 5 26 31
2 5 36 33
2 5 30 34
1 4 30 34
6 4 28 27
6 4 36 26
2 4 28 30
5 4 28 33
1 4 27 26
3 7 34 27
5 4 30 27
2 4 31 27
3 4 26 38
1 4 26 121
2 4 47 119
5 4 44 118
4 4 37 121
3 4 26 138
4 4 26 160
5 4 26 183
6 5 27 183
5 4 28 184
3 5 28 185
3 4 33 186
3 4 29 181
2 4 38 179
2 4 26 181
3 5 26 183
1 4 31 184
5 4 31 185
4 4 28 184
1 4 26 183
6 4 25 151
2 4 25 157
4 4 24 4
2 4 29 4
2 4 24 9
2 4 24 98
1 4 37 98
5 4 36 96
6 4 37 99
3 4 36 97
6 4 35 96
3 4 24 154
4 4 23 8
4 4 23 86
2 7 25 85
2 6 28 86
1 4 28 87
6 4 23 143
4 7 27 144
4 4 35 144
3 4 29 144
2 4 22 27
2 4 25 24
3 4 22 60
6 4 22 77
2 4 33 75
4 4 28 76
3 4 21 72
4 5 35 72
6 4 22 74
5 4 29 73
1 4 25 78
3 4 21 104
2 4 33 100
5 4 31 103
5 4 22 102
5 4 21 145
5 5 26 145
2 5 26 146
1 5 26 147
5 4 41 147
2 4 29 143
5 4 31 142
2 4 22 144
4 4 20 38
2 5 30 34
6 4 20 54
3 5 19 53
2 4 20 65
4 4 26 65
6 5 37 65
3 4 27 65
2 4 41 67
6 4 26 64
2 4 27 67
5 5 32 63
2 4 20 88
6 5 19 88
6 4 27 87
3 4 30 86
4 5 31 83
1 4 31 82
5 4 27 88
3 4 20 111
3 4 20 114
6 5 18 115
3 4 37 117
3 4 20 188
5 4 20 189
6 4 19 50
5 4 19 61
4 4 28 62
3 4 22 61
3 4 24 65
2 6 23 63
1 4 21 61
5 4 19 112
4 4 19 129
1 4 19 190
6 4 18 163
5 4 25 161
2 6 25 160
1 5 24 161
3 4 17 22
4 4 17 95
3 4 20 92
1 4 17 97
6 5 16 98
4 5 23 96
6 6 24 97
2 4 43 95
1 4 38 94
3 4 31 94
5 4 37 92
2 4 30 92
4 5 36 94
4 5 30 92
5 6 29 91
2 4 24 92
6 4 25 94
2 4 17 115
1 5 19 116
6 5 18 113
4 6 18 112
3 4 17 118
2 4 35 117
4 4 35 115
5 5 35 117
3 4 35 119
3 4 17 162
5 5 22 160
4 5 24 159
1 4 17 160
6 4 27 162
3 4 23 159
6 4 24 157
1 4 23 158
3 4 17 165
4 6 31 170
4 6 27 167
2 8 28 166
2 4 23 168
6 5 25 168
1 5 33 170
1 4 26 168
3 4 16 46
4 5 15 45
5 6 15 46
4 5 38 45
6 5 38 46
1 4 39 48
1 4 34 44
6 4 33 45
2 4 38 42
4 4 23 46
5 4 23 47
6 5 22 47
2 4 36 48
1 4 30 45
5 4 29 43
1 4 35 44
3 4 42 42
5 4 40 42
2 4 41 42
5 4 19 46
2 4 28 47
1 4 16 47
6 6 14 47
3 5 26 48
4 5 14 49
5 4 25 45
3 4 16 73
5 4 16 127
2 4 16 200
6 4 15 14
6 4 15 33
6 6 23 33
1 7 22 30
5 4 22 32
5 4 24 31
2 4 14 108
1 4 14 126
6 4 27 126
4 4 33 127
2 4 23 126
3 4 14 134
4 4 14 155
5 5 25 155
2 4 15 155
5 5 28 153
4 4 29 151
5 4 29 152
2 4 13 20
4 4 13 39
5 4 21 43
2 4 19 40
6 5 22 38
5 8 30 35
1 8 22 38
4 4 29 34
1 4 17 41
2 4 33 43
3 4 13 46
3 7 16 46
4 5 16 45
6 5 15 46
6 4 13 63
6 4 13 94
1 4 19 94
5 5 20 96
2 7 19 95
5 4 13 109
3 4 33 109
5 5 36 109
5 4 13 158
6 4 18 157
6 4 26 154
4 4 27 156
2 4 13 160
1 4 13 178
3 5 17 178
4 4 30 176
5 4 23 180
6 4 31 179
4 4 26 182
4 4 21 177
3 4 35 176
3 4 25 178
1 4 20 181
4 4 12 60
5 4 18 62
3 4 12 58
2 4 19 57
5 4 12 61
4 4 12 78
3 6 17 79
5 4 12 86
5 4 12 98
6 4 12 112
5 4 12 184
4 7 21 182
3 5 21 182
2 4 23 185
2 4 17 182
3 5 17 183
5 4 11 14
4 4 11 33
2 4 11 62
1 4 10 2
2 4 10 13
6 4 9 79
5 4 18 80
1 6 19 81
4 4 24 82
5 4 9 85
4 4 14 85
6 4 21 85
6 4 9 95
3 6 16 96
2 4 22 98
3 4 36 102
1 4 17 97
5 4 18 95
6 4 9 141
2 6 32 141
6 4 32 142
1 4 8 11
6 4 13 8
1 4 12 10
3 5 12 7
3 4 8 38
1 4 8 78
2 5 7 79
2 4 21 81
3 5 21 81
5 4 8 94
3 6 9 96
3 4 23 92
6 4 18 92
5 4 12 95
6 4 8 158
5 4 15 157
6 4 23 155
2 4 14 157
6 4 7 6
6 4 7 60
5 4 7 69
4 5 34 67
5 7 35 70
5 4 7 75
4 4 19 73
3 4 24 73
1 4 8 74
2 4 7 123
1 4 7 171
2 5 17 171
2 4 36 172
6 4 36 172
4 4 7 197
6 5 21 196
3 4 34 192
4 4 28 196
6 5 30 196
2 4 20 193
5 4 6 28
1 4 25 29
5 4 19 26
3 4 19 29
6 4 23 28
2 4 6 28
6 5 5 27
1 6 15 24
6 5 15 23
5 4 6 99
1 5 7 98
4 4 16 100
3 4 27 102
6 4 22 101
4 4 23 101
1 4 6 111
2 4 6 136
5 4 18 133
2 4 6 140
4 7 27 136
4 4 30 139
4 4 35 137
3 4 6 155
4 4 18 151
2 4 5 9
3 4 22 7
3 4 34 4
2 4 11 6
5 4 20 4
1 4 19 6
6 4 27 5
3 4 5 14
5 4 5 21
5 4 17 22
1 4 17 25
3 4 5 39
4 4 5 41
5 5 8 40
4 4 23 39
6 4 29 37
3 4 5 42
2 5 7 41
6 5 5 43
6 4 7 41
1 5 26 38
5 4 16 39
1 4 5 61
2 5 16 60
5 4 13 59
5 4 5 95
1 4 5 101
1 4 21 102
1 4 23 105
4 4 22 105
5 4 40 105
2 4 34 105
2 4 35 107
1 4 35 106
6 5 34 106
4 4 35 105
6 4 21 100
1 4 16 101
2 4 5 101
6 4 5 117
4 5 10 115
3 5 28 115
2 5 13 117
1 5 9 118
1 4 32 113
6 4 24 119
6 4 32 120
1 4 32 121
2 4 33 120
4 4 31 119
3 4 23 120
3 4 9 119
1 4 27 120
3 4 6 117
6 8 8 118
5 4 29 115
4 4 5 133
3 4 8 132
5 4 19 130
2 4 9 130
2 4 7 133
2 6 13 135
6 4 12 135
5 4 11 134
2 4 15 133
1 4 17 134
6 4 5 171
3 4 22 173
3 4 31 173
5 4 30 173
4 4 33 173
4 4 17 171
5 4 4 4
6 4 9 3
4 5 8 3
2 5 16 6
6 5 18 2
3 5 8 1
5 5 7 4
3 5 11 1
5 8 13 1
3 5 12 5
1 5 8 6
4 4 13 6
5 4 9 2
6 5 9 5
1 4 17 6
6 4 17 8
4 4 7 3
4 4 4 28
2 5 7 28
6 4 4 36
4 4 4 78
6 4 10 77
3 4 23 75
2 5 22 76
1 4 21 77
2 4 23 75
3 4 23 75
4 4 4 119
4 4 10 119
4 4 16 120
4 4 4 136
5 4 4 146
3 5 19 144
3 4 14 147
1 4 3 93
5 5 20 90
2 4 19 93
6 4 11 92
2 4 22 91
5 4 11 91
3 5 16 89
6 7 17 91
4 6 16 89
2 4 11 94
2 4 3 139
6 4 31 139
5 4 10 140
3 4 14 139
2 4 25 137
1 4 26 140
2 4 10 140
4 4 3 172
4 4 3 192
4 4 15 190
1 4 24 189
5 4 5 192
1 4 3 199
5 5 13 197
2 7 14 195
4 5 17 197
4 5 5 200
5 4 17 195
5 4 23 198
6 4 2 5
2 4 15 7
1 4 2 37
6 4 5 36
1 5 7 36
5 4 13 32
5 4 2 149
6 6 17 148
1 5 17 152
3 5 15 147
3 4 25 145
4 4 18 148
2 4 7 151
2 4 2 176
5 5 12 175
3 4 20 178
5 4 18 176
3 5 18 175
3 4 33 176
2 4 16 177
4 6 15 174
1 5 16 174
5 4 22 171
4 4 22 172
5 4 17 171
2 5 16 172
5 4 10 178
4 4 10 180
5 4 13 181
6 5 12 182
4 4 2 185
1 5 6 186
1 5 16 186
4 4 26 188
3 4 26 189
2 4 14 188
6 4 22 186
2 4 19 186
6 4 5 188
5 4 18 188
6 4 3 186
5 4 13 185
6 4 1 12
3 3 37 56
1 3 35 55
5 3 35 56
3 3 34 192
6 3 33 104
1 3 33 104
6 3 32 56
2 4 32 55
2 3 32 137
6 3 32 179
4 3 31 49
3 3 31 111
3 3 30 1
1 3 30 105
3 3 30 109
4 4 33 109
2 3 32 108
6 3 30 148
1 3 30 192
5 3 30 199
1 3 29 25
4 3 29 144
6 3 28 49
3 3 28 54
2 3 28 88
4 3 28 181
5 4 26 181
1 3 28 197
5 4 28 196
2 3 27 1
6 3 27 1
4 3 27 65
6 3 28 64
4 3 27 69
4 3 34 69
3 3 33 68
1 3 27 107
4 5 27 108
1 3 27 108
3 3 28 108
2 3 27 128
3 4 26 128
1 3 27 131
5 3 28 131
3 3 28 129
3 3 27 137
4 3 27 160
5 3 26 38
2 3 26 70
2 3 26 130
5 3 26 162
5 3 30 163
1 4 31 164
5 3 26 166
4 4 30 165
5 3 25 66
3 3 30 66
6 3 32 66
1 3 25 70
3 3 25 75
5 3 25 101
6 3 25 111
6 3 25 129
2 3 26 130
5 3 25 141
4 3 29 141
4 3 25 175
2 4 23 174
4 3 24 88
6 4 23 89
2 3 24 114
5 3 24 115
1 3 24 150
5 3 24 164
3 4 23 163
6 4 22 163
4 3 24 165
1 3 24 178
2 3 26 178
3 3 24 195
1 3 23 36
4 3 23 63
6 3 23 70
4 3 23 71
6 3 23 77
6 3 23 115
4 3 23 129
1 4 21 129
2 3 23 142
1 3 27 142
5 3 23 192
3 3 26 192
6 3 22 21
2 3 30 22
1 3 22 68
2 3 30 66
5 3 31 68
2 3 22 68
3 3 22 66
1 3 22 75
4 4 21 76
5 3 22 112
1 3 22 142
3 3 26 141
5 3 23 144
2 3 22 163
5 3 22 166
5 3 21 24
6 3 21 39
2 3 21 40
3 3 21 42
3 3 27 42
1 3 26 41
5 3 23 41
2 3 21 127
2 3 33 126
5 3 22 127
3 3 21 126
4 4 22 126
1 3 21 174
6 4 22 176
5 3 20 22
4 3 20 29
1 3 20 31
6 3 20 32
4 3 20 66
6 3 26 65
2 3 21 65
6 5 20 65
6 3 20 79
5 3 21 80
6 3 20 93
5 3 20 104
2 3 31 104
6 3 29 105
5 3 20 129
1 3 20 136
2 6 20 135
2 3 19 31
3 4 19 33
4 4 18 33
1 4 22 34
1 3 24 34
6 3 24 36
3 3 23 37
6 3 22 34
3 3 21 36
3 3 19 49
4 3 23 51
1 3 19 51
4 4 19 52
5 4 20 53
1 3 19 60
1 3 19 141
1 3 23 141
1 3 19 162
5 3 19 165
6 4 24 165
3 3 19 176
6 3 19 187
1 3 18 34
5 3 18 56
2 3 21 56
1 3 27 57
3 3 18 121
5 3 28 121
4 3 23 120
6 3 22 122
2 3 18 124
4 3 18 179
2 5 18 179
6 4 17 178
4 3 21 180
2 3 18 187
1 4 18 185
4 5 17 186
5 4 17 185
2 3 18 187
1 3 18 197
3 3 19 197
5 3 17 2
4 3 17 24
4 3 18 23
6 4 22 24
2 4 22 25
6 3 17 34
1 3 17 44
3 3 17 99
6 3 17 111
6 3 25 112
4 3 17 113
1 3 19 113
6 3 19 114
6 3 17 120
1 3 17 121
6 3 17 174
4 3 16 23
6 3 16 65
5 3 17 63
2 3 16 64
2 3 16 116
1 3 16 117
4 3 16 117
5 3 16 118
2 5 15 117
1 4 15 117
3 3 16 131
4 3 16 146
1 4 15 147
3 3 29 148
1 3 21 146
6 3 23 148
4 3 16 155
2 3 20 152
6 3 23 151
4 3 20 153
5 3 16 156
1 4 16 156
6 3 16 156
2 3 18 157
3 3 17 157
5 3 16 162
6 3 20 163
4 3 19 160
6 3 16 165
2 3 16 168
1 4 20 167
3 4 16 168
5 3 24 169
5 3 15 62
4 3 15 67
3 4 20 69
4 4 19 69
5 3 15 91
3 3 15 96
1 3 15 108
5 3 27 106
2 4 27 107
6 3 19 106
6 3 22 105
2 3 25 104
3 3 25 104
6 3 15 124
5 3 18 125
1 3 21 126
6 3 20 127
3 4 19 126
4 3 15 136
6 3 19 137
2 3 26 137
5 3 26 138
1 3 23 137
4 3 21 137
6 3 15 146
2 3 24 147
5 3 18 147
4 3 21 148
4 3 22 149
5 4 22 149
2 3 23 148
2 3 21 148
2 3 18 146
2 3 15 147
5 4 14 147
4 3 18 145
6 3 15 161
4 4 15 160
2 3 15 164
3 4 14 161
3 3 15 173
2 4 14 173
6 4 17 174
5 3 15 174
2 3 17 175
1 4 20 174
1 3 17 176
4 4 17 176
2 3 17 177
3 3 14 28
3 3 14 61
6 3 14 80
4 3 14 102
2 5 13 101
3 4 19 104
6 4 13 102
5 4 13 104
1 4 16 104
5 3 16 104
3 3 15 102
6 5 15 102
4 3 14 108
2 3 21 109
4 3 24 108
3 3 22 109
2 3 14 109
6 3 21 109
5 3 16 107
5 4 19 107
1 3 19 108
3 3 14 112
3 3 14 113
4 3 14 124
3 3 14 126
1 3 14 145
6 3 17 144
6 3 23 143
2 3 23 142
4 4 22 142
3 4 21 144
6 3 24 142
5 3 16 144
4 3 14 146
5 3 14 162
1 3 14 179
6 3 17 180
4 3 13 19
3 3 13 18
2 5 13 17
3 3 13 31
1 5 12 30
5 6 12 30
5 3 15 28
2 3 13 29
2 3 13 35
5 3 19 37
1 4 22 38
2 3 19 36
4 3 13 37
4 3 13 59
3 3 13 108
2 3 13 112
2 5 18 113
6 4 13 112
3 3 16 111
4 4 17 110
1 3 15 108
1 3 19 110
5 3 14 113
1 3 13 114
3 4 14 112
2 3 13 144
5 5 12 144
2 3 13 152
3 5 13 151
3 3 19 153
6 3 18 153
2 5 18 154
2 3 14 154
3 3 13 178
3 3 13 199
6 5 18 199
4 4 18 199
4 3 19 197
3 3 12 8
1 4 11 9
6 3 12 19
1 3 12 18
5 3 12 37
5 3 20 35
1 3 17 39
3 3 18 38
2 3 15 38
6 3 13 38
4 5 13 39
4 3 25 42
6 3 12 35
1 3 12 37
6 3 16 36
4 3 13 37
3 4 13 38
2 5 12 37
1 4 12 35
6 4 12 37
2 4 13 39
4 3 15 40
2 3 12 45
1 6 12 45
2 3 21 47
4 3 12 56
6 4 12 57
6 4 13 58
4 3 12 65
6 3 12 65
5 3 12 64
3 3 17 63
1 3 16 63
3 3 12 82
1 5 12 83
5 4 21 84
2 3 23 83
3 3 21 86
3 3 24 86
1 4 25 88
2 3 18 83
1 4 19 83
5 4 18 82
3 3 18 83
4 3 13 81
3 3 13 81
6 3 15 82
2 3 12 80
6 3 17 81
4 3 17 81
2 3 13 79
3 3 14 81
3 3 12 87
4 4 18 87
6 4 12 89
6 3 17 89
3 3 12 90
1 3 12 104
2 3 12 124
5 3 12 129
6 3 12 141
3 3 23 138
2 3 20 139
4 3 12 167
6 3 13 167
5 3 13 167
4 3 24 169
1 3 11 1
4 4 20 1
6 3 20 2
3 3 15 2
1 4 17 1
5 3 18 1
3 3 11 32
6 3 11 40
3 4 11 39
5 7 10 40
2 3 14 41
6 3 16 42
4 3 15 43
3 3 18 44
5 3 15 42
2 3 15 44
6 3 15 43
5 4 15 43
5 3 18 44
6 3 14 44
3 4 13 43
2 3 15 42
4 3 15 43
1 3 13 44
3 3 11 55
3 3 11 59
4 3 16 59
3 4 16 59
2 3 14 58
1 3 15 57
2 3 11 65
4 3 11 65
3 4 10 64
3 3 11 70
5 3 11 118
4 3 11 119
3 6 12 120
6 3 14 116
2 3 13 116
5 3 12 115
5 3 13 114
4 3 12 115
1 3 13 114
3 4 13 114
6 3 11 119
1 3 11 130
6 3 11 136
3 4 11 136
1 3 14 138
6 3 11 164
1 3 17 165
6 3 11 172
1 5 13 171
6 3 11 174
3 6 13 173
2 3 12 175
1 3 11 196
3 3 18 195
3 3 12 195
1 3 12 194
2 4 15 194
4 4 13 194
6 3 22 191
1 3 10 21
3 4 9 21
6 3 14 21
4 3 10 46
5 3 10 52
2 4 19 52
5 3 18 51
2 3 15 53
4 3 10 61
6 3 14 60
1 3 19 57
6 3 19 57
4 3 21 56
5 3 13 60
3 3 10 87
6 3 12 86
5 3 18 85
1 3 12 88
3 3 10 101
1 4 11 101
4 3 12 102
5 3 12 100
2 5 12 101
5 3 10 142
4 3 18 143
6 3 17 142
2 3 18 141
5 3 10 161
5 3 10 189
3 4 15 189
6 4 17 188
4 3 21 192
2 3 13 188
3 3 11 188
6 4 10 187
1 4 10 189
4 3 15 190
2 3 11 191
5 3 18 192
6 3 18 192
3 3 15 190
5 3 15 190
4 3 10 195
2 3 17 194
4 4 17 193
5 3 15 194
6 3 16 194
5 3 9 24
5 3 16 25
3 3 15 26
2 4 14 25
5 3 9 100
5 3 9 104
6 4 11 104
3 4 12 105
3 3 9 107
6 4 13 107
3 4 13 108
6 4 8 108
6 3 9 110
1 3 9 116
3 3 9 117
1 6 9 117
5 3 9 131
3 3 11 129
4 3 10 131
1 3 14 128
2 3 20 127
4 3 17 127
3 3 9 141
1 4 8 140
4 3 19 140
3 3 10 141
6 3 9 145
1 3 10 145
2 4 10 146
4 3 10 144
3 3 10 147
4 3 9 149
3 4 16 148
1 3 9 159
4 3 16 158
3 4 15 158
3 3 9 161
2 3 10 161
4 3 9 178
3 4 11 178
2 3 9 178
2 3 8 6
3 4 10 5
4 3 11 5
3 3 14 7
5 3 9 5
6 3 8 3
2 4 8 3
6 3 8 7
3 3 8 32
6 3 11 32
4 3 8 53
5 3 8 142
2 3 8 142
4 3 8 161
4 3 8 163
4 3 8 166
6 3 9 166
5 3 8 193
5 3 13 193
2 4 13 193
5 3 10 193
6 3 9 194
1 4 9 193
4 3 9 194
6 3 7 20
6 4 9 19
4 3 9 22
1 3 9 21
4 3 7 48
2 3 7 51
1 3 15 50
5 3 23 49
2 3 7 75
4 3 10 74
5 4 10 75
2 4 9 73
4 3 23 76
3 3 10 74
3 3 7 122
4 3 11 121
3 4 27 122
6 4 27 122
2 3 22 122
4 3 15 121
6 3 15 123
6 3 9 121
1 3 15 122
5 4 16 121
5 3 7 133
4 4 7 134
1 3 7 136
5 3 9 136
5 3 7 151
4 4 7 151
3 3 15 151
5 3 15 150
1 3 16 152
5 3 15 153
2 3 7 198
5 5 9 196
6 4 17 197
3 3 12 197
2 3 12 198
1 4 12 198
3 3 13 197
4 3 15 197
1 3 7 199
6 5 9 197
6 3 11 197
5 3 9 198
2 3 6 9
6 3 7 11
3 6 8 10
2 3 8 9
5 4 10 9
1 3 6 14
2 3 9 11
5 3 6 23
3 3 6 41
2 3 10 43
1 3 6 47
6 4 19 49
6 4 9 47
3 4 14 47
2 3 12 49
3 3 17 48
1 3 6 54
5 3 18 56
3 6 17 55
6 3 20 55
5 3 20 55
5 3 6 64
1 3 14 66
3 4 15 68
5 3 18 68
4 3 6 82
2 3 6 89
1 3 9 90
5 3 7 89
1 3 9 88
3 3 16 90
4 4 20 92
3 3 19 90
2 3 7 88
4 3 6 94
1 3 12 93
2 3 12 94
3 3 6 92
6 3 6 103
6 3 6 106
2 4 12 105
1 3 7 106
3 3 6 142
1 3 6 161
2 5 5 162
3 3 6 159
4 4 6 157
5 3 8 158
1 3 11 157
4 3 6 166
5 4 9 166
2 7 10 165
1 4 8 167
6 3 5 19
4 4 5 18
2 3 6 16
6 3 8 16
2 3 5 38
4 3 5 39
1 5 4 38
4 3 6 36
4 3 5 53
6 6 12 51
1 3 15 54
1 3 7 52
3 3 8 52
6 3 7 54
6 3 6 52
1 3 8 50
4 3 7 54
2 3 7 55
4 3 5 57
5 3 10 57
2 3 11 58
4 5 13 58
3 4 11 58
2 3 10 59
1 3 5 58
5 3 5 61
6 4 11 62
1 3 9 62
1 3 5 71
5 3 22 71
5 3 17 71
1 3 19 72
6 3 20 74
6 3 17 69
1 4 17 71
6 3 5 85
4 3 17 84
1 3 16 84
1 3 5 109
3 3 8 110
1 4 8 109
5 3 12 111
5 3 10 112
2 3 6 106
5 3 6 107
5 3 6 109
6 3 6 110
2 5 6 109
5 3 5 125
6 4 7 125
1 3 5 156
1 3 6 155
6 3 5 164
4 3 7 164
6 3 4 1
4 3 4 1
2 3 12 2
1 3 4 10
5 3 5 9
4 3 5 9
1 3 4 19
5 3 4 20
1 3 4 24
4 4 3 21
2 4 3 24
6 4 2 23
3 4 2 23
1 3 11 24
1 3 9 26
4 3 10 26
5 3 11 28
3 4 10 28
3 3 12 29
6 3 8 24
3 3 4 32
4 3 4 76
1 3 4 79
2 3 4 100
1 3 12 99
3 3 18 98
5 3 15 98
2 3 12 98
4 3 4 110
3 3 5 110
3 3 4 115
5 4 5 114
4 7 4 114
3 3 4 131
3 3 4 136
2 3 6 135
2 3 4 136
5 4 3 135
5 3 16 137
6 3 16 137
6 3 7 134
5 3 4 190
2 3 14 190
4 3 3 12
2 3 3 15
5 3 4 15
1 3 3 29
5 5 3 30
4 5 3 31
3 3 9 34
1 3 5 29
1 3 3 42
1 3 3 54
5 3 4 54
1 3 3 68
3 3 16 68
2 3 15 67
4 3 10 67
5 3 10 69
1 3 10 67
6 5 10 68
4 3 5 67
3 3 11 69
6 3 3 70
5 3 11 70
1 3 11 69
5 3 3 71
5 3 3 104
4 3 9 104
3 4 10 103
3 3 3 113
2 3 3 117
1 4 3 115
3 4 3 117
5 4 2 116
6 3 5 116
4 4 4 117
5 3 3 118
6 3 6 119
5 3 6 121
3 3 11 121
1 3 11 122
2 4 12 120
4 3 11 122
6 3 3 134
4 3 7 132
4 3 3 184
3 3 3 196
2 3 10 196
1 3 8 196
5 3 2 18
3 3 2 86
3 3 19 84
1 3 6 85
6 4 13 84
2 4 10 84
6 3 17 86
4 3 10 84
3 3 7 86
3 3 10 85
2 4 11 86
5 3 8 86
4 3 10 85
4 3 7 87
1 3 7 86
4 3 5 84
1 3 4 87
3 3 2 158
2 3 2 157
3 3 3 159
2 3 2 186
1 4 14 186
1 3 9 186
4 3 8 186
6 4 7 185
4 3 9 186
5 4 9 185
4 3 2 186
3 3 7 184
3 3 3 188
3 3 4 186
4 4 4 188
5 3 2 197
2 3 1 19
6 3 1 87
1 3 12 89
3 3 6 89
4 4 5 88
2 4 12 90
1 3 5 90
1 3 10 89
3 3 4 89
2 3 8 90
2 3 3 89
2 3 1 138
2 3 8 137
4 4 7 137
5 2 35 198
6 2 24 168
4 2 23 49
4 2 23 172
5 2 22 49
1 2 23 48
3 2 22 48
2 2 21 48
3 2 21 84
3 2 21 130
1 2 21 168
3 2 20 48
4 2 20 71
2 2 20 98
3 2 20 125
4 2 20 167
6 3 20 167
5 2 20 179
6 2 19 20
2 2 19 71
1 2 19 127
5 2 20 127
5 2 19 168
3 3 19 168
4 2 19 168
5 2 19 169
1 3 18 168
3 2 19 180
2 3 18 180
2 2 18 20
5 2 18 25
4 2 18 66
3 2 18 71
4 2 18 73
1 2 18 147
2 2 18 177
4 3 17 177
6 2 17 41
3 2 17 167
2 2 17 168
3 2 17 178
5 2 17 198
6 2 16 72
2 2 16 74
6 2 19 75
4 2 16 121
1 2 16 125
3 2 16 125
5 2 16 147
4 2 16 150
3 2 16 172
4 2 15 9
5 2 15 74
1 2 16 75
3 2 15 73
5 2 15 72
5 2 15 123
1 2 15 130
3 2 15 135
5 2 15 177
6 2 15 179
5 2 15 179
1 3 15 178
1 2 14 46
3 2 14 48
1 2 16 47
1 2 14 54
1 2 14 72
2 2 14 113
4 2 14 132
3 2 14 146
6 2 14 149
2 3 14 150
5 2 14 155
2 2 14 173
4 2 14 177
3 2 14 178
6 2 14 181
2 2 14 180
1 2 13 74
3 3 13 75
6 4 13 74
4 2 13 121
1 2 13 137
5 2 13 170
6 3 12 170
5 3 10 169
2 2 13 171
5 2 13 172
5 2 13 180
6 2 13 190
1 3 13 189
5 3 12 189
3 2 12 17
1 2 12 40
6 2 12 62
4 2 12 78
5 2 12 91
5 2 12 95
6 2 12 127
6 2 13 126
3 4 13 127
2 3 12 127
1 3 12 128
4 2 13 125
6 2 14 124
5 2 16 123
2 2 13 125
5 2 13 126
1 2 12 130
6 3 11 130
5 3 10 128
4 5 10 129
2 3 8 129
1 2 12 142
2 2 12 143
1 2 12 145
3 2 12 153
5 2 12 162
4 3 12 163
6 2 12 172
4 2 12 181
2 2 12 193
5 2 11 6
1 2 11 17
6 2 11 25
2 3 11 26
6 2 15 25
1 2 11 27
4 2 11 33
2 2 11 34
3 2 11 62
1 2 11 73
3 2 12 72
2 2 12 72
2 2 11 74
1 2 11 79
5 2 11 78
2 2 11 78
4 2 11 79
6 2 11 80
5 2 11 81
2 4 11 82
3 2 11 92
4 2 11 93
6 2 11 96
3 3 11 97
4 3 11 96
2 3 10 95
5 4 10 97
3 2 11 118
1 2 11 125
4 2 11 137
3 2 13 138
5 2 13 138
6 2 11 146
1 2 12 147
6 2 13 146
4 2 12 146
6 2 11 158
1 2 11 180
3 2 10 34
3 2 10 43
1 2 10 47
1 2 11 46
4 2 12 47
5 3 12 47
6 2 11 46
2 3 11 46
1 2 11 47
3 2 10 47
6 2 12 48
1 2 10 54
5 2 12 53
6 2 12 53
4 2 12 54
6 2 11 55
5 2 11 56
3 2 11 56
2 2 11 57
2 2 10 53
2 2 10 68
6 3 10 69
5 2 10 75
5 2 10 83
1 2 10 94
6 2 10 126
5 2 10 138
5 2 11 137
1 2 10 142
3 2 10 142
6 3 10 143
1 2 10 146
1 2 10 148
5 4 9 147
3 2 12 148
2 2 10 147
4 2 11 148
1 2 10 148
6 2 10 148
2 2 10 150
4 2 10 152
2 2 10 168
5 2 13 167
1 2 13 167
6 3 13 167
2 3 12 167
1 2 11 168
1 2 10 171
4 2 10 172
2 2 10 173
3 2 14 172
5 2 13 172
4 2 10 172
1 3 10 173
5 3 10 174
6 2 10 175
5 2 10 175
2 2 10 180
4 2 10 189
2 2 10 188
3 2 9 1
4 2 9 3
3 2 9 6
3 2 9 9
4 2 9 28
2 2 9 34
6 2 9 44
5 2 9 46
3 2 9 49
5 3 8 48
5 2 10 47
5 2 9 54
3 3 9 54
4 3 8 53
5 2 9 65
4 2 9 70
4 2 9 74
3 2 9 77
6 2 9 81
1 2 9 84
1 2 9 102
1 2 10 103
2 2 9 111
6 2 9 110
4 3 9 111
5 2 9 109
2 2 9 119
5 3 9 119
4 2 10 118
2 2 9 124
4 2 15 123
1 2 15 124
3 2 9 148
4 2 9 149
5 2 10 150
3 2 10 151
4 2 9 162
1 2 9 177
6 3 9 177
6 2 9 180
6 2 9 188
4 2 8 6
6 2 8 28
5 2 8 33
5 2 9 32
2 2 9 32
2 2 8 49
6 2 8 58
1 2 8 64
3 3 8 65
2 2 8 69
2 2 8 75
3 3 7 74
6 2 8 76
5 2 8 81
2 2 8 82
3 3 8 83
6 2 8 89
4 2 8 93
3 2 8 92
4 3 8 91
6 3 8 91
5 3 6 91
6 2 8 94
4 2 8 95
1 2 8 98
4 2 10 98
6 2 8 102
1 2 8 105
2 2 9 104
3 3 9 105
1 2 10 104
2 2 8 112
6 2 8 119
5 2 8 123
1 2 8 128
3 2 8 128
3 2 12 127
4 2 10 127
5 2 8 129
1 2 8 131
1 2 8 133
6 2 8 144
5 2 8 145
2 2 8 150
4 2 8 165
3 2 10 166
4 4 10 167
6 2 8 172
5 2 9 171
1 2 8 178
4 3 8 177
3 2 8 189
1 2 8 189
5 3 8 188
2 2 8 189
6 2 8 190
1 2 7 5
1 2 7 11
5 2 7 17
6 2 7 17
5 2 7 29
4 2 7 30
1 2 7 47
4 2 7 49
5 2 7 56
1 3 7 57
1 2 8 55
4 2 7 56
6 2 7 61
2 2 7 67
5 2 7 72
5 2 7 76
4 2 7 84
2 3 7 85
4 2 7 99
5 3 6 98
6 3 6 99
1 3 7 98
5 2 10 98
3 2 10 98
5 2 7 97
4 3 7 97
2 2 9 98
4 2 8 98
5 2 7 126
6 2 7 130
4 3 6 130
6 2 7 128
1 2 9 127
3 2 7 132
6 2 7 136
1 3 6 136
2 4 6 135
2 2 7 136
6 2 7 137
5 2 7 138
1 2 7 145
6 2 7 146
1 2 7 148
3 2 7 149
4 2 7 153
1 2 9 152
1 2 10 151
6 2 9 151
2 2 7 155
5 2 8 154
3 2 7 156
1 2 7 161
6 3 7 160
5 2 7 167
2 2 7 166
1 2 7 175
3 3 7 174
5 3 7 176
6 2 7 179
3 2 7 180
4 2 7 189
3 3 7 190
4 3 7 191
5 3 6 190
2 3 6 191
1 2 6 3
3 2 6 13
2 2 6 33
6 2 6 33
1 2 6 34
3 2 6 35
6 2 6 35
6 2 6 40
4 3 5 40
4 2 6 42
5 2 6 46
2 2 6 47
3 2 6 47
6 2 6 48
1 2 6 64
4 2 6 79
5 3 5 79
1 2 6 78
6 3 6 78
1 2 7 77
2 2 6 80
1 3 6 81
4 2 6 80
6 2 6 83
3 2 6 90
1 2 6 94
6 2 6 96
3 2 6 95
2 2 6 99
1 2 7 98
6 2 6 98
3 3 6 99
4 2 6 101
2 2 6 102
3 3 6 103
4 3 5 103
4 2 7 104
1 2 6 112
5 2 6 123
4 2 8 124
3 2 8 125
3 2 7 122
6 2 7 121
2 2 7 121
5 2 7 121
3 2 7 120
1 2 7 119
5 2 7 118
5 2 6 132
4 2 6 141
1 2 7 142
1 2 6 140
4 2 6 146
1 2 6 149
4 2 6 156
5 2 6 157
6 2 6 166
3 2 6 165
6 2 6 169
3 2 6 170
4 2 6 173
2 3 6 173
5 3 5 171
4 4 4 169
3 5 5 173
2 3 4 173
5 3 4 174
5 3 3 170
4 2 6 175
3 2 6 176
3 2 6 188
6 3 6 188
3 2 6 193
3 2 7 193
6 2 7 193
1 2 6 193
2 2 6 197
4 2 5 2
1 2 5 1
5 2 5 1
6 2 5 3
3 2 5 5
1 2 5 11
3 2 5 27
2 2 6 26
2 2 14 25
4 2 13 25
1 2 12 25
3 2 11 25
4 2 7 25
5 2 5 36
1 2 5 37
3 2 7 38
2 2 5 40
6 2 5 40
1 2 5 41
5 2 5 41
6 3 5 42
4 2 5 44
1 2 5 44
4 2 6 43
2 2 5 43
3 2 5 51
5 3 4 50
1 2 5 49
3 2 5 49
5 2 5 55
4 2 5 61
5 2 9 62
4 3 9 63
5 2 8 63
2 2 7 62
3 2 5 60
1 2 7 59
3 2 6 59
3 2 5 64
2 2 5 69
5 2 13 70
5 2 6 70
3 3 6 71
1 3 6 70
2 2 9 70
3 2 8 70
6 2 7 70
4 2 6 70
2 2 5 71
6 4 5 72
6 3 6 72
1 2 5 74
6 2 5 85
3 2 5 94
2 2 5 95
5 2 5 108
5 2 5 111
3 2 6 111
6 3 6 110
3 2 5 115
1 2 5 123
1 2 6 122
6 4 6 123
3 2 5 123
6 4 4 123
3 3 3 121
3 2 5 137
5 2 5 140
2 2 6 141
6 3 6 141
2 2 5 140
5 2 5 145
3 3 5 146
4 2 5 148
5 2 5 162
1 2 5 163
3 2 5 164
1 3 4 164
3 4 3 163
3 2 5 168
6 2 5 180
1 2 8 181
4 2 14 182
1 2 13 182
4 2 12 182
3 2 12 183
5 2 9 182
5 2 5 181
1 3 5 181
2 2 8 182
4 2 8 183
4 2 5 196
6 3 5 195
2 2 4 2
4 2 4 1
6 2 4 9
6 2 8 8
1 4 8 7
4 2 7 9
1 2 4 8
2 2 4 12
5 2 4 11
6 2 4 11
3 2 4 12
4 2 4 16
5 2 4 27
4 5 4 28
6 2 4 30
4 2 4 35
1 4 4 36
3 3 3 36
3 2 4 44
2 2 4 45
4 3 3 45
3 2 4 54
6 3 4 54
5 2 4 53
4 2 4 60
5 2 4 63
4 3 4 63
3 2 4 69
5 3 3 69
2 3 2 68
4 2 6 67
1 3 6 68
6 2 4 74
3 2 4 78
5 2 4 87
4 3 4 88
1 2 4 97
2 3 3 96
3 2 4 100
1 2 4 102
6 4 3 100
5 2 4 103
1 2 4 111
5 2 4 115
6 3 4 115
2 2 4 123
3 2 4 124
4 2 4 134
1 5 4 135
5 3 3 135
3 3 2 133
4 3 2 133
2 2 4 133
5 2 4 135
4 2 4 136
6 3 4 137
3 4 2 136
4 2 4 136
2 2 4 136
3 2 4 141
2 2 4 156
6 2 4 156
4 2 4 155
1 2 4 158
4 2 4 158
2 2 5 159
3 2 4 159
1 2 4 160
1 2 4 162
4 2 4 164
2 2 4 173
1 2 4 173
6 2 4 176
1 2 4 176
6 2 4 196
5 3 3 196
5 2 3 13
1 2 3 27
5 3 3 27
6 2 3 37
2 2 3 40
3 2 4 41
5 2 3 42
6 2 3 50
2 2 3 50
6 2 3 58
2 2 3 57
5 2 3 58
3 2 3 61
2 3 3 62
3 2 3 66
5 2 9 65
2 2 3 75
4 2 6 75
3 2 3 76
2 2 3 77
5 2 3 83
3 2 4 82
2 2 3 82
3 2 3 85
5 2 3 89
3 2 3 91
2 2 4 90
1 2 6 91
6 2 3 92
5 2 3 91
1 2 3 109
2 2 6 108
2 2 3 113
2 2 3 116
5 2 3 125
6 2 8 126
1 2 3 125
5 2 3 138
2 2 3 142
6 3 2 142
3 2 3 146
5 2 3 148
4 5 3 149
2 3 2 148
5 2 6 148
6 2 5 148
6 2 3 157
5 4 3 156
5 2 3 164
1 2 3 167
6 2 3 173
3 3 3 174
4 2 3 177
2 2 3 184
1 3 3 185
3 2 2 4
3 2 2 6
2 2 2 9
6 2 2 12
1 2 2 16
2 3 2 17
3 3 2 18
4 3 2 19
2 3 2 18
1 4 2 19
1 2 13 19
2 2 6 19
3 2 6 20
1 4 6 19
4 2 5 15
2 2 5 20
4 2 7 19
3 3 7 20
6 2 6 19
5 2 2 21
5 2 6 22
3 3 6 23
6 2 2 27
3 2 2 27
5 2 2 29
3 3 2 30
5 2 2 29
1 2 2 30
6 3 2 30
2 2 2 31
4 2 2 35
3 3 2 36
5 4 2 35
4 2 2 45
5 2 2 50
6 2 2 51
1 2 2 61
1 2 2 70
5 2 2 73
1 2 2 77
5 4 2 76
6 2 3 75
1 2 3 75
3 2 2 83
6 2 2 92
4 2 2 103
3 2 2 112
4 2 5 113
3 2 5 114
2 2 4 113
4 2 2 113
2 2 2 118
1 2 2 117
1 2 2 122
5 2 4 121
3 2 4 121
2 2 3 120
4 2 3 120
4 2 2 129
1 2 2 131
5 3 1 130
2 2 2 134
1 2 2 135
5 2 3 135
3 2 2 142
2 2 2 143
1 2 2 147
6 3 2 147
6 2 2 155
2 3 2 155
1 2 2 157
6 2 2 163
1 2 2 166
4 2 2 168
6 2 2 169
1 2 2 173
1 2 5 172
6 2 2 172
2 2 2 171
4 2 4 170
5 2 2 175
2 2 2 177
6 2 2 177
2 2 2 183
3 2 3 182
2 2 5 181
5 2 5 182
6 2 3 182
4 2 3 183
4 2 2 186
5 2 3 185
4 2 1 1
1 2 3 2
5 2 3 2
3 2 2 1
4 2 1 8
3 2 1 18
2 2 1 21
6 2 3 22
1 2 3 23
3 2 1 24
2 3 1 25
1 2 2 25
1 2 1 27
3 2 1 33
4 2 2 34
5 2 1 49
1 2 2 50
1 2 1 52
3 3 2 51
5 2 3 51
4 2 2 51
5 2 1 57
1 2 1 68
1 2 1 75
2 2 1 89
5 2 3 90
1 2 3 91
2 2 1 98
6 2 1 112
5 2 2 111
2 2 1 111
6 2 4 110
5 2 4 110
1 2 2 111
4 2 2 111
2 3 2 110
2 2 1 113
1 2 3 113
5 2 1 118
5 2 7 117
2 2 6 117
3 2 2 117
6 2 5 118
3 2 5 118
6 2 4 116
1 2 4 118
4 2 3 118
6 2 2 116
2 2 2 118
4 2 1 117
1 2 1 117
5 2 1 130
1 2 1 129
6 2 1 128
3 2 1 130
2 2 1 133
6 2 7 132
3 2 7 132
4 2 6 132
5 2 4 132
2 2 3 132
6 3 3 131
4 2 1 136
1 2 1 135
3 2 1 134
2 3 1 135
3 2 2 133
1 2 2 132
1 2 1 135
2 2 1 142
1 2 5 142
2 2 5 143
3 2 1 142
3 2 1 155
3 2 2 154
6 2 2 154
3 2 1 161
1 2 2 160
4 2 1 160
6 2 1 161
3 2 3 160
6 3 3 160
4 2 2 162
5 3 2 163
1 2 2 162
2 2 1 160
4 2 1 160
6 3 1 160
2 2 2 160
1 3 2 161
