661836
1029
8 322 95 12
2 252 68 27
3 232 100 40
5 232 44 95
8 229 65 15
8 189 88 77
5 185 25 6
7 148 37 46
4 134 37 1
5 116 97 64
4 115 68 91
4 104 41 36
7 84 72 61
5 78 57 21
6 78 17 25
8 68 48 67
2 68 70 75
2 68 17 91
6 74 17 100
1 113 81 88
4 66 71 41
1 64 8 24
4 63 29 57
1 90 77 55
1 88 49 62
7 62 16 56
8 58 33 69
8 57 36 44
7 59 43 40
5 55 11 39
3 53 89 82
4 52 54 77
7 52 50 1
7 52 25 31
5 52 9 58
8 51 81 74
6 50 22 78
4 49 28 69
4 48 21 33
2 48 12 65
8 50 7 66
7 47 28 77
8 46 45 88
4 46 44 86
8 46 7 85
3 45 11 34
3 44 8 2
2 42 23 99
4 48 17 88
7 42 8 98
8 40 32 60
5 38 40 42
6 38 34 32
4 36 74 55
2 35 7 52
2 34 9 23
2 46 40 25
5 33 5 72
4 33 38 68
8 32 54 84
5 32 50 11
1 32 37 71
6 32 27 27
4 32 22 62
8 32 7 20
7 31 24 89
5 30 33 87
8 30 18 84
4 31 51 79
1 30 17 44
7 43 34 40
8 30 39 39
7 30 12 16
3 28 39 47
6 28 34 46
1 28 8 47
8 27 8 53
8 26 26 81
1 26 20 77
3 25 35 34
2 25 29 89
1 24 59 6
1 24 49 5
7 24 9 33
5 23 10 37
6 22 45 54
3 22 31 61
8 21 24 41
7 21 21 11
3 21 22 12
5 20 28 2
4 20 21 45
2 21 31 45
7 20 27 44
3 25 18 46
8 19 75 55
7 19 31 15
2 19 36 11
2 18 21 38
7 17 51 82
2 17 27 100
8 16 61 52
2 16 13 12
8 16 13 94
3 15 59 55
2 15 25 70
8 15 13 88
2 14 47 84
5 14 28 33
5 14 27 49
8 15 26 50
1 14 23 50
2 14 19 26
2 14 10 84
2 14 9 60
7 13 58 59
1 13 46 73
3 13 39 52
8 15 38 52
3 13 27 33
2 13 12 21
7 13 9 7
4 18 23 5
8 13 7 33
6 13 26 34
5 12 39 84
1 21 47 84
5 12 52 80
5 12 33 86
3 12 30 20
1 12 29 8
2 12 29 17
7 12 14 69
2 11 42 83
7 11 36 80
7 12 50 80
1 11 35 74
2 11 21 81
8 11 18 49
5 11 8 28
3 10 25 7
6 10 24 95
3 10 18 9
5 10 18 64
1 10 12 11
7 10 11 92
6 10 10 12
5 12 26 13
3 10 14 13
7 10 5 41
5 10 28 44
5 9 62 55
6 9 30 52
2 9 17 52
8 8 62 80
4 8 33 100
6 8 31 20
2 8 31 54
5 8 31 77
2 8 31 86
4 8 29 23
7 8 28 18
6 8 25 71
5 8 24 67
1 8 31 67
3 9 28 65
1 8 23 60
4 13 24 59
7 8 34 60
3 8 21 59
5 8 18 18
8 8 18 73
1 11 19 72
2 8 16 58
1 8 10 12
4 8 12 11
6 8 20 9
2 8 11 11
6 8 3 59
6 10 17 58
7 9 13 59
2 7 58 80
1 7 52 80
5 7 36 1
4 7 29 36
7 7 29 79
5 8 46 80
3 7 24 44
5 7 24 79
7 7 18 12
2 7 18 56
7 8 39 57
7 7 31 53
6 7 16 63
6 7 16 91
2 7 16 95
1 7 8 27
3 7 2 97
1 6 30 80
7 6 30 85
8 6 27 86
2 7 31 83
1 6 26 23
2 6 26 59
6 6 26 72
7 6 25 20
2 6 25 53
8 6 24 24
4 6 23 67
7 6 19 73
4 8 29 72
4 6 17 12
1 6 17 83
7 9 20 84
3 6 22 87
4 6 13 70
1 10 23 68
2 6 12 90
1 8 10 88
4 6 11 47
5 6 9 26
4 6 8 96
3 6 7 28
2 6 7 30
3 6 15 31
6 6 8 30
1 9 8 29
5 12 5 29
2 9 23 32
6 6 25 33
5 6 22 32
8 6 20 36
1 6 19 32
1 6 21 32
6 6 6 18
4 6 6 55
1 6 4 36
8 6 3 12
3 6 10 10
8 5 55 78
5 5 41 53
3 5 37 78
4 5 35 55
8 5 30 50
6 5 30 78
5 5 34 78
8 5 28 22
1 5 26 73
1 5 25 87
5 5 24 25
2 5 23 19
7 6 22 18
6 5 23 43
2 5 22 24
7 7 22 25
2 5 21 56
3 5 31 55
4 7 46 55
8 5 38 56
2 5 37 58
6 5 24 55
8 5 21 67
3 5 21 77
7 5 20 14
2 5 19 14
1 5 19 37
5 5 19 74
1 5 17 5
5 5 17 32
6 5 17 40
4 5 17 92
4 5 15 15
2 5 15 97
6 5 14 44
8 5 14 51
6 5 14 52
5 5 13 78
8 5 25 75
4 5 10 14
1 5 14 14
2 5 10 85
2 5 15 84
6 6 17 85
4 6 15 85
7 5 28 83
5 5 10 91
8 5 5 21
1 5 10 22
6 5 4 9
7 5 4 22
6 5 3 27
1 7 12 26
2 6 12 24
4 5 3 74
6 6 26 74
2 5 2 35
5 5 2 33
1 4 44 2
4 4 36 53
7 4 35 1
5 4 32 98
4 4 31 20
7 4 26 61
2 4 26 100
5 4 24 50
7 4 22 42
4 4 22 51
1 4 22 53
3 4 22 56
7 4 20 82
2 4 18 59
4 4 18 89
6 4 17 89
7 5 21 88
8 4 16 69
4 4 16 73
2 9 16 71
1 5 15 73
4 4 18 74
3 4 15 25
1 4 15 46
8 4 15 58
1 7 15 58
4 4 14 4
5 4 14 46
6 4 14 96
2 4 13 48
6 4 13 74
6 4 12 30
1 4 12 59
8 4 12 99
3 4 26 97
8 4 15 98
3 4 11 22
5 4 16 23
4 4 11 23
1 4 10 12
3 4 10 97
6 4 9 29
3 4 8 30
2 5 8 31
7 4 6 40
8 4 6 72
6 4 6 83
6 4 5 4
4 4 5 48
7 4 4 6
3 5 5 8
4 5 18 8
1 4 17 7
4 4 6 7
3 4 4 22
7 4 10 22
1 5 15 22
5 4 25 22
3 4 4 26
1 4 5 26
3 4 4 32
7 4 10 33
2 4 3 28
1 4 8 29
7 4 3 53
8 4 3 70
3 4 3 83
1 5 15 82
3 4 11 85
8 4 10 85
4 4 2 58
2 4 12 59
6 4 15 57
7 4 21 55
8 4 27 57
1 4 6 56
8 4 14 54
2 4 23 56
1 3 49 100
8 3 46 1
2 3 37 78
4 3 37 81
2 3 34 2
6 3 33 2
4 3 33 80
8 5 33 80
5 3 31 81
7 3 29 79
6 3 29 100
4 3 37 100
5 3 30 100
3 3 28 78
8 3 27 7
7 3 24 5
6 3 24 55
1 3 23 7
2 3 23 18
2 3 23 76
3 3 22 55
6 4 23 57
2 3 22 53
3 3 21 88
8 3 19 16
1 3 19 58
8 3 19 79
2 3 23 78
7 3 25 79
6 3 25 80
8 3 18 7
3 3 17 39
3 3 16 7
2 4 18 7
7 3 17 8
4 3 16 21
1 4 24 22
8 3 16 31
7 3 16 44
2 3 16 87
6 3 15 8
7 3 15 18
4 3 23 19
2 3 16 19
2 3 15 67
8 4 13 67
3 3 15 76
8 3 20 75
4 3 20 76
8 3 15 88
8 3 15 97
1 4 18 97
4 3 27 99
8 3 25 99
3 3 14 23
8 3 14 36
6 4 14 36
2 3 14 37
8 3 18 37
6 3 16 37
1 3 14 38
2 3 14 64
7 3 14 80
1 3 23 79
6 3 14 92
2 3 14 94
2 3 13 43
5 3 18 42
4 3 16 42
6 3 14 42
3 3 13 73
7 3 13 75
3 3 12 4
5 3 13 3
3 3 23 2
1 3 12 3
7 3 12 33
6 3 14 31
5 3 12 40
1 3 12 80
7 3 23 79
3 4 22 78
8 3 19 80
4 3 12 81
3 3 19 79
5 3 12 94
6 3 11 2
2 3 12 4
7 4 11 3
7 3 11 13
3 3 11 33
1 3 11 55
5 4 22 53
7 3 25 53
5 3 18 55
1 3 25 54
2 3 23 55
3 3 11 63
5 4 10 63
2 3 11 74
6 3 14 75
5 3 11 82
1 3 10 1
8 3 10 14
8 3 9 21
8 3 15 21
4 3 11 22
5 3 14 21
8 3 9 33
1 3 9 34
8 3 9 38
3 3 10 39
5 3 9 38
1 4 8 38
7 3 9 38
3 3 9 59
6 3 10 60
5 3 18 61
6 3 18 62
7 3 19 62
2 3 17 62
7 3 14 61
8 3 18 61
4 3 17 60
6 3 9 76
2 3 9 77
6 3 9 83
6 3 9 87
3 3 12 87
3 3 9 100
5 3 8 13
1 3 8 67
7 5 7 67
5 3 8 68
3 3 8 69
5 3 11 68
1 3 10 69
7 3 9 68
5 3 8 75
7 3 7 14
4 3 17 16
6 3 21 16
7 3 13 16
7 3 14 15
6 3 15 16
2 3 7 14
2 3 7 45
7 3 7 48
2 4 6 49
1 3 7 52
5 3 15 51
8 3 7 75
3 3 13 75
1 3 7 74
4 3 7 91
4 3 6 17
6 3 6 21
5 5 5 21
2 4 4 20
2 3 10 20
1 3 10 20
4 3 13 19
8 3 16 18
3 3 15 18
3 3 12 19
6 3 12 17
7 3 8 19
5 3 9 20
4 3 6 42
8 3 6 41
2 3 6 51
7 3 6 63
8 3 12 62
6 3 6 62
8 3 15 62
3 3 6 90
6 3 9 90
5 3 6 93
3 7 6 92
2 4 10 92
8 4 9 94
3 3 12 95
5 3 13 96
2 4 12 95
3 3 6 97
8 3 11 97
7 3 13 98
5 3 7 95
1 4 7 97
2 3 6 96
8 3 6 97
5 3 5 3
1 3 6 4
2 3 5 10
3 3 14 9
6 3 6 12
6 3 5 23
2 3 7 23
6 3 7 24
8 3 7 25
6 3 7 23
8 3 5 27
1 3 5 30
8 3 5 37
3 3 7 35
2 3 5 36
3 3 5 44
3 3 13 45
8 3 5 46
4 3 5 96
8 3 4 5
7 3 13 6
2 5 12 7
8 3 4 12
4 3 4 41
7 5 4 41
1 3 4 48
7 3 3 11
6 3 3 15
8 3 3 18
8 3 9 16
1 3 3 18
1 3 10 17
8 3 3 33
4 3 8 33
7 3 6 32
7 3 7 33
3 3 3 36
5 3 3 39
8 3 3 55
4 3 14 57
6 3 3 80
5 3 12 78
7 3 3 85
2 3 3 88
1 3 5 88
7 3 3 91
4 3 2 9
7 3 2 29
1 3 2 40
6 4 3 40
1 3 2 89
5 3 2 90
3 3 4 87
1 3 1 15
7 3 1 88
8 4 3 90
2 3 1 95
8 2 37 1
2 2 36 1
6 2 29 99
8 2 27 1
6 2 24 78
2 2 24 98
2 2 23 65
7 2 23 98
8 2 22 84
3 2 22 99
7 2 21 1
2 2 21 1
4 2 21 2
1 2 21 40
8 2 21 54
4 2 21 65
2 2 21 81
8 2 21 98
8 2 20 1
8 2 20 56
7 2 20 58
8 2 18 53
8 2 18 65
7 2 18 65
2 3 18 65
4 2 18 79
1 2 18 80
7 2 18 81
1 2 18 82
8 2 18 84
6 2 17 6
5 3 17 5
1 2 17 56
3 2 17 55
1 2 17 78
1 2 17 84
3 2 16 6
2 2 16 79
3 2 16 83
6 2 15 6
4 3 14 4
1 2 15 43
8 2 15 56
5 2 15 78
5 2 16 78
8 2 16 78
1 2 15 81
6 2 14 50
2 2 14 50
8 2 14 54
7 2 18 54
6 2 18 55
2 2 15 53
4 2 14 53
5 2 14 55
1 2 14 60
5 2 14 65
4 2 14 71
2 2 14 72
4 2 14 97
3 2 14 98
1 2 13 50
7 2 13 59
4 2 13 72
5 3 12 72
3 2 13 77
8 2 13 78
3 2 13 78
6 2 14 79
4 2 14 80
8 2 16 81
2 2 13 77
8 2 13 83
6 2 14 83
8 2 13 99
1 2 12 5
2 2 14 4
7 2 14 5
7 2 12 15
7 2 12 31
4 2 12 37
3 2 12 51
6 2 13 51
7 4 13 50
4 2 13 50
7 2 12 65
7 2 12 80
2 2 12 86
5 2 11 1
5 2 21 1
8 2 21 2
1 2 21 1
7 3 21 1
6 4 20 2
8 2 19 2
2 2 17 1
8 2 11 25
8 2 11 43
2 2 11 45
8 2 11 51
8 2 11 57
6 2 11 57
3 3 11 57
3 3 11 57
3 2 11 65
3 2 11 78
6 3 11 78
3 2 11 82
2 3 10 82
5 2 13 81
6 2 13 81
5 2 11 84
2 2 11 92
1 2 11 94
6 2 10 3
5 2 13 3
6 2 13 3
7 2 13 2
3 2 15 1
8 2 14 1
1 2 13 2
3 2 10 16
2 2 10 17
4 2 10 40
8 2 10 41
5 2 10 55
6 2 10 62
2 2 12 61
6 2 12 61
1 2 10 62
5 2 10 75
7 2 10 77
4 2 10 86
8 2 10 94
3 2 10 98
5 2 10 97
6 2 18 98
3 2 14 98
6 2 13 98
4 2 9 17
5 2 9 19
4 2 9 36
5 3 9 37
2 2 9 57
1 2 9 75
7 2 9 91
2 2 8 1
7 2 8 2
8 2 8 7
6 2 8 14
5 2 8 17
6 2 8 21
3 2 8 54
3 2 11 54
1 2 11 53
6 2 11 55
4 2 8 53
5 2 9 52
5 2 10 51
8 2 8 57
4 2 8 61
2 2 8 68
5 2 8 75
1 2 8 81
8 2 8 85
7 2 8 93
1 2 8 94
6 2 7 5
3 2 12 4
8 2 10 4
5 2 7 5
2 4 6 5
5 3 5 5
2 2 13 6
5 2 8 6
8 2 7 20
4 2 7 26
3 2 7 36
8 2 8 35
6 2 7 35
6 2 7 56
7 2 7 55
5 2 7 60
8 2 7 61
7 3 7 61
4 2 7 76
6 2 7 75
3 2 7 82
3 2 7 86
8 2 7 86
7 2 7 92
1 2 7 91
6 2 7 99
7 2 17 98
5 2 13 98
6 2 8 98
3 2 6 3
4 2 10 2
5 2 6 3
5 2 8 3
2 2 6 2
4 2 6 14
2 2 6 15
3 2 6 15
1 3 5 14
1 2 6 20
1 2 6 32
4 3 10 31
8 2 10 32
8 2 7 31
7 2 8 32
5 2 6 33
5 2 6 47
2 2 6 58
1 2 6 63
4 2 6 64
6 3 5 64
7 2 10 64
6 3 10 64
5 2 6 75
7 2 6 77
5 2 6 79
3 3 6 79
2 2 6 88
4 2 6 87
6 2 6 88
2 3 5 87
2 2 6 91
4 2 6 92
6 2 6 94
7 2 5 4
3 2 5 24
4 4 4 24
1 2 5 37
1 2 5 56
6 2 8 55
2 3 8 56
3 2 5 59
1 2 5 61
2 2 5 70
6 2 9 71
2 2 9 70
4 2 9 72
4 2 5 71
1 3 5 70
5 2 6 72
2 2 6 73
7 2 9 73
8 2 5 75
5 2 5 81
8 2 7 80
2 2 10 81
7 2 10 81
1 2 5 84
4 2 9 83
7 2 9 83
5 2 5 83
4 2 6 82
7 2 6 81
3 2 7 80
4 3 7 81
1 2 4 1
7 2 4 6
7 2 4 10
5 2 10 9
7 2 10 8
1 2 10 8
6 2 4 14
8 2 5 15
1 2 4 35
4 2 4 34
8 2 4 37
7 2 4 39
6 2 4 44
5 2 4 45
5 2 7 44
8 4 7 45
4 2 6 44
8 2 8 43
5 2 8 44
2 2 4 44
7 2 4 44
2 2 4 56
8 2 4 62
5 2 4 63
3 2 4 65
5 2 4 67
3 2 4 67
6 2 4 68
8 2 4 68
5 2 4 69
5 2 5 70
8 2 4 71
7 2 4 94
3 2 3 12
4 2 3 20
4 2 5 19
5 2 3 21
3 2 3 20
3 2 3 23
2 2 3 22
7 2 3 28
2 2 3 40
4 3 3 39
3 3 3 38
6 2 3 67
1 2 3 68
6 3 3 69
7 2 3 70
2 2 3 80
3 3 2 80
1 3 2 82
6 2 4 82
7 2 4 83
6 2 3 79
2 2 5 78
6 2 5 78
1 2 5 77
4 2 5 77
6 2 3 95
8 2 2 9
8 2 2 11
2 3 2 12
4 2 2 24
1 2 2 23
1 2 5 24
8 2 2 43
4 4 2 44
6 3 2 45
7 3 2 45
6 2 2 42
3 2 7 41
3 2 2 45
2 2 2 48
6 2 5 48
7 2 6 49
7 2 7 50
6 2 7 51
3 2 10 52
1 2 10 52
7 2 5 48
4 2 5 49
3 2 2 52
8 2 6 51
3 2 3 51
4 2 2 51
3 2 4 52
1 2 3 52
5 2 6 53
4 2 4 53
8 2 4 53
7 2 5 52
2 2 2 53
5 3 2 54
7 2 3 54
6 2 2 58
1 2 2 59
2 3 2 60
3 3 1 59
2 2 2 69
1 2 2 73
8 2 2 74
5 2 2 73
4 2 2 73
1 2 2 75
7 2 2 75
2 2 2 80
1 2 2 81
5 2 2 80
4 2 5 81
5 2 3 81
8 2 3 82
6 2 2 87
4 2 2 95
4 2 7 95
2 2 12 94
5 2 1 9
6 2 5 8
4 2 10 7
3 2 10 7
7 2 7 7
2 2 5 9
4 2 1 8
2 2 1 7
2 2 2 6
3 2 2 5
2 2 2 5
6 2 2 7
1 2 1 5
8 2 1 7
4 2 1 16
2 2 1 15
6 2 2 14
5 2 1 22
7 3 1 22
1 2 2 21
4 2 1 26
2 2 1 38
4 2 4 39
5 3 4 38
6 2 2 37
1 2 2 38
7 2 2 38
1 2 1 65
3 2 1 72
5 2 1 75
