113399
131
1 120 37 6
1 120 31 6
1 120 25 5
1 120 19 4
1 120 13 3
1 120 7 2
8 95 35 1
2 54 20 10
2 54 20 17
2 54 20 24
2 54 20 31
2 54 20 38
2 51 30 46
1 42 1 1
6 5 10 4
6 5 10 11
6 5 10 18
6 5 10 25
6 5 10 32
5 5 9 4
5 5 9 11
5 5 9 18
5 5 9 25
5 5 9 32
4 5 8 4
4 5 8 11
6 5 9 9
7 8 9 10
4 5 8 18
6 5 9 16
7 8 9 17
4 5 8 25
6 5 9 23
7 8 9 24
4 5 8 32
6 5 9 30
7 8 9 31
6 5 7 3
6 5 7 10
6 5 7 17
6 5 7 24
6 5 7 31
6 5 7 38
6 5 9 39
5 5 8 39
5 5 6 3
7 5 6 2
5 5 6 10
5 5 6 17
5 5 6 24
5 5 6 31
5 5 6 38
4 10 6 39
4 5 5 3
6 6 5 2
4 5 5 10
4 5 5 17
4 5 5 24
4 5 5 31
3 5 4 4
7 5 4 2
3 5 4 11
3 5 4 18
3 5 4 25
3 5 4 32
3 5 1 3
6 5 2 4
3 5 1 10
6 5 2 11
3 5 1 17
6 5 2 18
3 5 1 24
6 5 2 25
3 5 1 31
6 5 2 32
3 5 1 38
7 5 6 37
6 5 5 37
7 5 4 37
3 4 3 39
6 4 2 39
5 4 1 4
5 4 1 7
5 4 1 10
5 4 1 13
5 4 1 16
5 4 1 19
2 3 33 23
3 2 7 19
6 2 3 5
6 2 4 4
7 2 4 5
6 2 3 8
6 2 4 7
7 2 4 8
6 2 3 11
6 2 4 10
7 2 4 11
6 2 3 14
6 2 4 13
7 2 4 14
6 2 3 17
5 2 2 2
6 2 2 1
7 2 2 1
7 2 2 3
5 2 2 4
3 2 2 3
7 2 2 6
5 2 2 7
3 2 2 6
7 2 2 9
5 2 2 10
3 2 2 9
7 2 2 12
5 2 2 13
3 2 2 12
7 2 2 15
3 2 3 15
5 3 3 16
6 2 2 15
4 2 1 1
4 2 1 2
5 3 1 1
4 2 1 1
5 2 1 1
4 2 1 1
5 2 1 1
4 2 1 1
5 2 1 1
4 2 1 1
