24533
2510
2 8 93 27
2 8 93 95
2 8 76 10
2 8 59 61
2 8 25 27
2 8 25 95
2 8 8 10
2 8 8 78
2 7 89 59
2 7 55 25
2 7 55 93
2 7 42 44
4 7 56 45
2 7 38 8
4 7 38 27
4 8 69 28
2 7 38 76
2 9 70 78
4 7 38 95
4 8 69 96
4 7 21 10
4 8 52 11
4 7 21 78
4 8 82 78
4 8 52 79
4 6 72 61
4 6 42 62
3 6 53 62
1 7 54 61
3 7 54 57
4 7 53 57
2 11 53 57
1 8 53 57
4 14 52 56
3 10 52 55
2 11 52 54
1 13 51 57
4 8 51 57
3 8 51 57
2 13 50 57
1 9 50 57
4 6 50 57
3 11 49 56
4 7 48 63
3 6 40 59
2 6 40 58
1 7 40 57
4 10 40 56
3 10 40 55
2 11 40 54
1 10 39 56
1 6 39 59
4 6 8 28
3 6 19 28
1 7 20 27
4 7 19 23
3 7 19 24
2 10 19 24
1 7 72 27
3 7 70 28
1 7 27 27
2 7 26 28
1 7 18 23
4 12 18 24
3 7 18 24
2 7 17 23
1 12 17 24
4 7 17 24
3 7 16 23
3 6 45 27
2 8 45 27
1 7 48 25
2 7 47 25
3 10 47 25
4 11 46 27
1 7 44 25
4 6 8 96
3 6 19 96
1 7 20 95
3 7 20 91
4 7 19 91
2 11 19 91
1 8 19 91
4 14 18 90
3 10 67 96
3 10 18 89
2 9 18 90
1 15 18 90
1 10 64 95
4 10 63 87
2 10 63 89
4 10 17 89
3 9 17 90
2 15 17 90
1 11 16 89
4 7 16 90
3 12 16 90
2 9 15 89
1 8 15 90
4 9 14 95
3 6 13 92
4 6 7 61
3 6 6 25
2 8 17 25
3 6 42 27
4 6 43 23
1 6 42 23
2 9 42 27
4 9 41 27
3 6 40 23
1 8 41 24
2 6 6 24
1 6 6 24
4 8 6 24
3 7 6 24
2 7 5 23
1 8 5 24
4 7 5 24
3 7 4 23
2 10 4 24
3 6 6 93
2 6 6 92
1 7 6 91
4 10 6 90
3 9 6 90
2 9 6 90
1 11 6 90
4 8 6 92
4 5 86 44
4 9 89 45
4 6 91 39
3 6 95 38
2 6 95 37
1 6 95 36
4 12 95 35
3 7 95 34
1 6 93 38
2 7 93 38
3 6 91 38
1 6 90 39
2 6 89 39
3 6 88 39
1 5 87 40
2 5 86 40
3 5 85 40
4 5 79 10
1 5 79 76
3 5 50 11
1 5 63 10
3 5 61 11
4 5 69 8
1 5 68 8
3 5 68 7
2 9 68 6
1 5 68 10
3 5 50 79
2 5 84 74
1 5 92 73
4 5 92 72
3 5 96 71
2 5 96 70
1 5 96 69
4 10 96 68
3 6 96 67
2 6 96 66
1 5 94 71
2 5 93 71
3 5 92 71
2 5 91 73
3 5 90 73
4 5 89 73
1 5 88 73
2 5 87 73
3 5 86 73
4 5 85 73
1 5 84 73
3 5 83 74
2 5 80 74
4 5 81 73
1 5 80 73
3 5 79 74
3 5 61 79
2 5 49 10
2 5 28 25
4 5 24 44
1 5 19 8
1 5 88 5
4 5 88 4
3 5 96 3
2 5 96 2
1 5 96 1
4 9 96 1
1 5 94 3
2 5 93 3
3 6 93 3
4 5 91 3
1 5 90 3
2 5 89 3
3 5 88 3
2 5 87 5
3 5 86 5
4 5 85 5
1 5 84 5
2 5 83 5
3 5 82 5
4 5 81 5
1 5 80 5
2 5 79 5
3 5 78 5
4 5 77 5
1 5 76 5
2 5 75 5
3 5 74 5
4 5 73 5
1 5 72 5
2 5 71 5
3 5 70 5
4 5 69 5
1 5 68 5
3 5 64 7
4 7 64 8
2 5 4 97
4 5 3 25
4 4 97 33
3 4 97 32
2 4 95 35
1 4 95 35
2 4 74 76
4 4 55 7
1 4 61 6
2 5 61 7
3 6 60 8
4 5 59 6
2 6 58 8
1 5 58 7
2 4 60 11
2 4 56 6
3 5 56 6
1 4 54 7
2 5 54 10
3 4 52 7
4 6 52 7
1 4 50 7
2 4 49 7
3 5 49 10
3 4 48 91
4 4 47 91
1 5 56 89
2 5 55 89
3 5 54 89
4 8 54 90
3 5 62 88
1 5 52 89
4 5 49 89
2 5 50 90
3 8 50 90
1 5 48 89
2 8 48 90
1 8 47 90
2 4 45 91
4 4 45 89
3 8 45 88
4 5 44 94
1 5 43 94
2 5 42 91
3 4 40 91
4 5 40 94
1 5 39 91
1 4 38 44
3 5 38 41
2 4 68 45
2 4 64 43
2 4 38 59
3 5 38 60
4 4 39 57
2 4 40 57
3 4 39 57
1 6 38 57
4 4 37 41
2 6 37 41
1 5 37 41
1 7 44 44
1 7 46 39
2 7 45 39
3 9 45 42
4 11 44 39
2 7 43 42
3 8 42 40
4 6 40 40
1 8 40 42
2 9 39 40
3 5 37 40
4 7 37 42
3 5 36 42
1 5 36 40
3 4 41 41
4 5 41 44
1 5 40 43
2 6 39 41
3 5 38 44
4 5 37 43
2 4 37 91
3 5 37 94
4 5 36 91
1 4 34 91
2 5 34 94
3 4 32 91
3 4 27 96
1 5 31 93
2 5 30 93
3 5 29 93
4 9 29 95
1 5 27 93
2 5 26 93
3 4 25 93
2 4 22 62
1 4 19 76
1 5 73 74
2 5 75 73
3 5 74 73
4 5 73 73
1 4 73 73
4 4 67 75
3 4 67 74
1 5 67 75
2 4 7 44
1 4 34 44
4 6 33 41
2 5 33 42
3 4 32 43
1 4 32 43
2 4 34 40
2 4 37 41
1 5 45 38
1 5 52 37
4 5 64 36
4 5 79 35
4 5 86 34
2 5 87 33
3 5 89 32
3 5 86 33
1 8 86 35
1 5 81 34
2 5 83 33
2 5 80 34
3 5 79 34
1 5 78 35
4 5 78 34
2 5 77 35
3 8 77 35
4 8 76 35
1 5 74 35
2 6 74 35
3 5 72 35
4 5 71 35
1 5 70 35
2 5 69 35
3 5 68 35
4 5 67 35
1 5 66 35
2 5 65 35
3 5 64 35
1 5 63 36
2 5 62 36
3 5 61 36
4 5 60 36
1 5 59 36
2 5 58 36
3 5 57 36
4 5 56 36
1 5 55 36
2 5 54 36
3 5 53 36
4 5 52 36
2 5 51 37
3 5 50 37
4 5 49 37
1 5 48 37
2 5 47 37
3 5 46 37
4 5 45 37
2 5 44 38
3 5 43 38
1 4 41 40
2 4 40 40
3 4 39 40
4 8 39 39
1 4 37 40
3 4 36 41
4 4 35 41
1 4 34 41
3 4 33 40
3 4 5 90
2 8 5 90
3 3 98 65
3 3 96 1
1 3 96 68
4 3 94 86
3 3 98 85
2 3 98 84
1 3 98 83
4 3 98 82
4 3 97 85
1 3 96 85
2 3 95 85
3 3 94 85
1 3 93 86
2 3 92 86
3 3 91 86
4 3 90 86
1 3 89 86
2 3 88 86
3 3 87 86
4 3 86 86
1 3 85 86
4 3 84 32
1 4 84 33
4 3 86 31
1 3 85 31
2 4 85 32
3 3 84 31
2 3 84 86
3 3 83 86
4 3 82 86
1 3 81 86
2 3 80 86
3 3 79 86
4 3 78 86
1 3 77 86
2 3 76 86
3 3 75 86
4 3 74 86
1 3 73 86
4 3 72 72
2 3 73 71
3 4 73 73
1 3 72 71
4 3 72 71
2 6 72 70
1 4 84 69
4 4 84 68
1 4 90 67
2 4 89 67
3 4 88 67
4 7 88 68
1 4 86 67
2 4 83 69
3 6 83 69
4 4 81 69
1 4 80 69
2 6 80 69
3 5 79 69
4 4 77 69
1 4 76 69
2 4 75 69
3 4 74 69
4 4 73 69
1 4 72 69
2 3 72 86
3 3 71 70
3 3 71 86
4 3 70 86
3 3 69 45
4 3 69 73
3 3 69 72
1 3 69 86
2 3 68 86
3 3 67 86
4 3 66 86
1 3 65 86
4 3 60 12
4 3 49 53
1 4 49 55
3 3 69 55
4 3 68 55
2 3 88 54
3 3 87 54
4 3 86 54
1 6 86 53
2 3 84 54
1 3 81 54
3 3 84 53
4 3 83 53
2 3 80 54
2 3 86 52
1 3 94 51
4 3 98 50
3 3 98 49
2 3 98 48
1 3 98 47
1 3 97 50
2 3 96 50
3 3 95 50
4 3 94 50
2 3 93 51
3 3 92 51
4 3 91 51
1 3 90 51
2 3 89 51
3 3 88 51
4 3 87 51
1 3 86 51
3 3 85 52
4 3 84 52
3 3 79 54
4 6 79 53
1 3 77 54
4 3 74 54
3 3 76 53
2 4 76 53
1 3 73 54
2 3 72 54
3 6 72 53
4 3 70 54
1 4 70 53
1 3 67 55
2 6 67 55
3 3 65 55
2 3 62 55
3 3 61 55
4 3 60 55
1 6 60 55
2 3 58 55
1 3 55 55
2 3 54 55
3 3 53 55
4 6 53 55
1 3 51 55
1 3 49 78
3 4 69 76
4 4 68 76
1 4 67 76
1 4 59 76
2 4 58 76
2 4 49 80
2 4 54 76
3 4 53 76
4 4 52 76
1 8 52 76
4 4 52 79
2 4 57 78
2 4 50 76
1 3 77 80
2 3 76 80
3 4 76 81
4 6 75 80
1 3 73 80
2 4 73 81
3 6 72 80
3 3 50 79
4 3 54 78
2 4 69 80
1 4 54 80
4 3 48 55
3 3 48 53
2 5 48 53
4 4 48 52
2 4 65 51
1 4 69 50
1 4 80 49
2 4 82 48
1 5 86 46
2 5 85 46
3 6 85 46
4 9 84 47
1 5 82 46
3 8 82 47
2 7 82 46
1 5 81 46
4 8 81 46
3 6 81 46
2 8 80 46
1 5 80 46
4 6 80 46
3 4 78 49
4 4 77 49
1 4 76 49
2 4 75 49
3 4 74 49
4 4 73 49
1 4 72 49
2 4 71 49
3 4 70 49
4 4 69 49
3 4 64 51
4 5 64 53
1 6 63 51
2 5 62 53
3 4 60 51
4 6 60 51
1 5 59 53
2 4 57 51
3 6 57 51
4 5 56 53
1 4 54 51
2 6 54 51
3 5 53 53
4 4 51 51
1 4 50 51
2 5 50 53
3 4 48 51
1 4 48 53
3 4 47 55
3 3 79 46
4 3 45 53
4 3 45 76
2 3 57 75
2 3 67 73
1 3 67 72
3 3 56 75
4 3 55 75
1 4 55 75
2 3 53 75
3 3 53 78
3 3 52 75
4 4 52 75
3 3 48 75
1 3 44 53
2 4 44 53
1 3 44 76
4 3 47 75
1 3 46 75
2 4 46 75
3 5 45 76
2 3 43 76
3 3 42 53
3 3 42 76
4 3 41 53
4 3 41 76
2 3 40 29
1 3 40 53
3 3 38 76
4 3 37 57
2 3 37 62
3 3 48 63
3 3 70 63
4 3 69 63
1 3 68 63
2 6 68 64
3 3 66 63
4 3 65 63
1 6 65 64
4 3 84 64
1 3 83 64
2 3 82 64
3 5 82 65
4 3 83 65
1 3 82 65
2 4 82 65
4 3 80 64
1 4 80 65
2 3 78 64
3 4 78 66
4 3 76 64
1 3 75 64
2 4 75 66
3 3 73 64
4 3 72 64
1 4 72 66
2 3 70 64
3 3 69 64
4 4 69 66
1 3 67 64
2 3 63 63
3 3 62 63
4 6 62 64
1 3 60 63
4 3 46 60
1 6 46 62
3 4 45 58
2 5 45 60
2 3 46 64
3 3 43 60
4 6 43 62
4 3 54 58
1 3 53 58
2 3 52 58
3 5 52 58
1 3 42 60
4 3 44 58
1 4 44 59
2 3 43 58
3 3 43 59
4 3 37 76
1 3 38 75
2 3 37 75
1 3 36 76
3 3 31 8
4 4 31 10
1 3 45 8
3 3 44 7
4 3 43 7
1 3 42 7
2 4 42 7
3 3 40 7
4 3 39 7
1 4 39 7
2 3 37 7
3 3 36 7
4 4 36 7
1 3 34 7
1 3 29 8
2 6 29 7
3 4 28 10
4 3 26 8
1 6 26 7
2 4 25 10
3 3 23 8
4 6 23 7
1 4 22 10
4 3 33 10
4 4 57 11
3 3 56 11
1 5 56 11
2 4 55 11
1 3 51 11
2 3 50 11
3 3 52 13
3 4 58 11
4 4 57 11
3 4 54 11
1 3 56 14
2 3 55 13
4 3 54 14
1 3 53 13
4 3 50 13
2 3 20 8
3 6 20 7
1 3 33 11
3 3 20 26
4 3 26 27
1 3 25 27
4 3 53 29
1 3 52 29
2 4 52 30
3 5 51 29
4 4 50 30
1 3 48 29
2 3 48 31
3 4 47 29
3 3 39 29
4 3 44 30
1 4 44 31
2 5 43 29
3 5 42 32
4 4 41 31
1 5 40 29
2 3 39 32
2 3 24 27
3 5 24 27
4 3 22 27
1 4 22 29
4 3 32 29
2 3 20 27
4 3 20 60
3 4 20 59
2 3 35 59
4 4 35 60
3 5 34 57
2 5 34 56
4 4 37 57
1 4 34 59
1 3 34 55
2 3 36 54
4 3 37 53
3 3 37 52
2 3 37 51
2 3 44 50
4 3 45 49
2 3 66 48
2 3 77 46
3 3 76 46
4 4 76 48
1 5 75 46
2 5 74 46
3 3 72 46
4 4 72 47
1 3 70 46
2 3 69 46
3 3 69 47
1 3 66 47
3 3 65 48
4 4 65 48
1 3 63 48
2 3 62 48
3 3 61 48
4 3 60 48
1 3 59 48
2 3 58 48
3 3 57 48
4 3 56 48
1 3 55 48
2 3 54 48
3 3 53 48
4 3 52 48
1 3 51 48
2 3 50 48
3 3 49 48
4 3 48 48
1 3 47 48
2 3 46 48
3 3 45 48
1 3 44 49
3 3 43 50
4 3 42 50
1 3 41 50
2 3 40 50
3 3 39 50
4 3 38 50
1 3 37 50
1 3 36 53
4 3 33 59
2 4 33 60
3 5 32 58
3 3 35 61
4 4 35 63
1 3 32 57
2 3 31 57
4 4 31 59
1 4 30 60
4 3 26 58
2 4 27 59
3 4 26 59
2 3 38 62
3 3 37 62
1 4 37 62
4 4 37 63
1 3 25 58
2 3 24 58
3 3 38 56
3 3 23 58
4 3 22 58
1 3 21 58
2 3 20 58
1 3 20 61
1 3 30 61
4 3 19 26
1 5 19 25
2 3 27 23
2 3 17 26
4 3 27 25
2 3 39 24
1 3 43 23
2 3 42 23
4 3 62 22
3 3 86 21
2 3 98 20
1 3 98 19
4 3 98 18
3 3 98 17
2 3 98 16
1 3 98 15
3 3 97 20
4 3 96 20
1 3 95 20
2 3 94 20
3 3 93 20
4 3 92 20
1 3 91 20
2 3 90 20
3 3 89 20
4 3 88 20
1 3 87 20
2 3 86 20
4 3 85 21
3 3 82 21
1 3 83 20
2 3 82 20
4 3 81 21
1 3 80 21
2 3 79 21
3 3 78 21
2 3 75 21
4 3 76 20
1 3 75 20
3 3 74 21
4 3 73 21
1 3 72 21
2 3 71 21
1 3 68 21
3 3 69 20
4 3 68 20
2 3 67 21
3 3 66 21
4 3 65 21
1 3 64 21
1 3 61 22
2 3 60 22
3 4 60 22
4 3 58 22
3 3 55 22
4 3 54 22
1 3 53 22
2 5 53 22
3 3 51 22
2 3 48 22
3 3 47 22
4 3 46 22
1 5 46 22
2 3 44 22
3 3 41 23
4 4 41 24
1 3 39 23
3 4 39 24
4 4 38 24
1 4 37 24
2 3 35 24
3 3 34 24
4 3 33 24
1 3 32 24
3 3 26 23
3 3 16 26
4 5 16 25
1 3 26 24
1 3 24 23
2 4 24 25
4 3 23 23
3 3 23 25
2 3 22 24
4 3 22 24
1 3 20 23
3 3 5 11
2 4 17 10
4 5 18 10
3 5 17 8
2 3 17 7
1 3 16 11
1 3 6 10
4 3 16 8
1 3 15 8
2 3 14 8
3 3 6 9
3 3 32 11
2 3 29 11
3 3 28 11
4 3 27 11
1 5 27 11
1 3 65 12
2 3 64 12
3 3 63 12
4 4 63 14
2 3 60 12
3 3 59 12
4 3 58 12
1 6 58 13
2 3 56 12
3 4 56 14
1 3 53 12
4 3 72 14
1 3 71 14
2 3 70 14
3 6 70 15
4 3 68 14
1 3 67 14
2 6 67 15
2 3 85 15
3 3 87 16
4 4 87 16
1 3 85 16
2 4 85 17
3 3 84 15
4 4 84 15
1 4 83 17
2 3 81 15
3 4 81 15
4 4 80 17
1 3 78 15
2 3 77 15
3 4 77 17
4 3 75 15
1 3 74 15
2 4 74 17
3 3 72 15
4 3 71 15
1 4 71 17
2 3 69 15
3 3 65 14
4 3 64 14
1 6 64 15
2 3 62 14
3 3 61 14
4 4 61 15
4 3 67 17
2 3 52 12
3 3 51 12
4 5 51 13
1 3 49 12
2 5 50 14
3 3 34 11
4 3 33 11
4 3 29 11
1 4 29 11
2 3 25 11
3 3 27 12
2 3 27 13
4 3 5 9
2 4 5 10
1 4 5 9
4 6 4 8
3 6 4 7
2 7 4 6
1 10 4 5
4 10 4 4
3 9 4 3
2 9 4 2
1 10 4 1
4 10 4 1
3 11 4 1
2 10 4 1
1 8 3 2
4 9 3 2
3 7 2 2
2 6 2 2
1 8 2 2
2 8 11 2
3 8 10 2
4 9 10 9
1 11 9 2
2 6 30 1
3 6 29 1
4 6 28 1
1 11 28 2
2 6 26 1
1 6 23 1
2 6 22 1
3 6 21 1
4 11 21 2
1 6 19 1
4 6 16 1
1 6 15 1
2 6 14 1
3 11 14 2
4 6 12 1
3 6 9 1
4 6 8 1
2 10 8 2
1 6 7 1
4 6 1 2
2 6 6 1
3 12 6 2
4 11 5 2
1 5 3 2
2 6 3 6
3 9 2 2
2 4 13 2
3 4 12 2
4 4 11 2
1 7 11 2
2 4 9 2
3 4 8 2
4 7 8 2
1 4 6 2
2 4 5 2
3 7 5 2
4 4 3 2
1 4 2 2
2 7 2 2
3 5 3 2
4 4 2 2
1 4 15 1
2 4 14 1
3 4 13 1
4 6 13 1
1 4 1 2
1 4 2 2
2 5 2 5
1 3 8 2
2 3 7 2
3 4 7 2
4 3 5 2
1 3 5 56
4 3 22 56
1 5 22 56
2 3 20 56
3 4 20 58
4 5 19 56
2 4 18 55
2 3 26 57
3 3 41 58
4 3 40 58
2 3 48 59
3 4 48 59
4 3 46 59
1 6 46 60
2 4 45 59
3 3 60 61
3 3 43 59
4 5 43 60
1 3 41 59
2 3 40 59
3 4 40 60
1 3 39 58
2 3 39 60
3 3 25 57
4 3 24 57
1 5 24 58
2 3 18 57
1 3 18 58
2 3 23 58
3 3 22 58
4 4 22 60
4 3 17 56
2 3 5 57
2 3 20 57
1 3 20 58
3 3 19 57
1 3 22 58
2 3 21 58
3 4 21 59
4 4 20 58
3 3 15 57
3 3 5 74
4 4 46 74
1 4 6 73
4 6 5 72
3 4 5 71
2 5 5 73
1 3 49 75
4 3 71 76
1 3 70 76
2 5 70 78
3 3 69 76
2 3 12 74
3 3 44 74
2 4 44 75
4 4 43 73
1 3 44 76
4 4 51 75
1 4 50 75
2 5 50 76
3 8 49 75
4 4 47 75
2 4 47 77
1 7 47 75
4 5 50 75
3 5 50 76
1 6 50 76
2 8 49 77
4 4 49 77
1 4 48 77
3 7 48 77
4 5 47 76
1 6 57 76
2 6 56 76
3 6 55 76
4 13 55 77
1 6 53 76
2 6 52 76
3 13 52 77
2 4 48 79
3 3 64 78
4 3 57 82
1 3 53 82
2 3 52 82
1 3 50 78
4 3 50 79
2 3 54 77
3 3 53 77
2 3 46 78
4 3 50 76
1 5 50 78
2 4 49 77
1 3 39 74
4 3 42 75
4 3 46 77
1 3 46 77
3 4 45 78
4 4 44 78
1 3 44 79
2 3 38 74
2 3 41 76
3 5 41 75
1 3 39 75
4 3 39 76
3 3 38 75
1 3 4 2
2 4 4 2
1 3 4 19
3 6 4 19
1 4 2 21
3 4 2 22
4 3 14 19
1 3 4 87
4 3 4 86
3 6 3 85
4 4 25 84
4 4 51 82
1 4 24 84
4 4 21 84
1 4 20 84
2 4 19 84
3 7 19 85
4 4 17 84
2 4 17 85
3 4 14 84
2 4 11 84
1 5 14 85
4 4 12 85
1 4 11 85
3 4 10 84
2 4 10 85
4 4 9 84
1 4 8 84
2 4 7 84
3 4 7 85
4 4 5 85
2 4 3 86
1 5 3 85
2 3 58 82
3 3 57 82
1 3 27 83
4 3 43 82
1 3 42 82
2 4 42 83
3 4 41 82
1 3 51 80
4 3 51 79
2 3 50 80
3 3 28 82
4 3 38 81
1 4 38 83
2 4 37 82
3 4 36 81
4 4 35 83
1 4 34 82
2 4 33 81
3 4 32 83
4 4 31 82
1 4 30 81
2 4 29 83
4 3 27 82
2 3 26 83
3 4 26 85
2 3 22 83
3 3 8 88
4 3 10 88
3 3 10 89
4 3 11 89
1 3 11 91
4 3 7 88
2 3 9 89
3 3 2 2
4 3 2 88
1 4 2 89
1 3 3 88
2 3 3 89
3 4 2 88
4 3 1 2
8 2 96 92
7 2 89 92
8 2 86 60
2 2 85 26
1 2 85 26
5 2 84 27
1 2 83 60
2 2 82 60
3 2 82 61
6 2 82 92
8 2 81 27
7 2 81 60
4 2 80 60
4 2 79 25
7 2 79 27
6 2 79 60
1 2 78 25
2 3 78 25
3 3 77 26
4 3 76 26
1 3 75 25
3 2 77 60
6 2 76 27
4 2 76 60
5 2 75 60
5 2 75 92
2 2 73 25
3 3 73 26
4 3 72 25
3 2 73 60
4 2 72 60
1 2 71 60
2 4 71 61
1 2 70 25
2 3 70 26
5 2 69 27
5 2 69 38
3 2 69 60
5 2 68 1
3 2 68 25
4 2 68 38
8 2 68 60
8 2 68 92
4 2 67 25
8 2 67 38
4 2 67 64
1 2 69 63
4 2 69 62
2 2 68 63
3 2 67 63
2 2 67 65
1 2 66 25
3 2 66 38
2 2 66 38
2 2 66 60
1 2 68 61
1 2 65 10
3 2 84 11
4 2 83 11
1 3 83 12
2 2 65 25
3 2 65 60
2 2 67 61
3 2 67 62
8 2 64 1
3 2 64 25
4 2 64 60
1 4 64 61
4 2 63 25
1 2 62 25
8 2 62 27
2 2 62 60
2 2 61 25
7 2 61 60
7 2 61 92
2 2 60 23
3 2 60 25
7 2 60 38
3 2 62 38
4 2 61 38
1 3 61 38
2 3 60 39
3 2 59 23
4 2 59 25
1 2 59 60
2 2 63 61
4 2 61 61
4 2 62 62
4 2 58 23
1 5 58 24
2 2 58 60
3 2 61 61
1 2 60 61
7 2 57 1
2 2 57 25
8 2 57 49
4 2 57 77
2 2 56 23
3 2 56 25
1 2 56 77
2 3 56 78
3 3 55 77
3 2 55 23
4 5 55 24
7 2 55 27
7 2 55 49
6 2 55 60
2 2 54 8
4 2 54 8
3 2 56 8
3 2 58 9
3 2 63 10
2 2 81 11
3 2 80 11
4 3 80 12
1 3 79 11
2 2 77 11
3 4 77 12
4 3 76 11
4 3 77 12
1 2 74 11
2 4 74 12
3 3 73 11
3 2 73 12
4 2 71 11
1 3 71 12
2 4 70 11
1 3 69 11
2 2 71 12
3 2 70 12
4 2 69 12
3 2 68 11
4 2 67 11
1 2 66 11
2 2 65 11
3 2 64 11
4 2 62 10
1 2 54 25
6 2 54 92
8 2 53 7
3 2 53 8
1 2 56 9
2 2 60 10
2 2 61 11
3 2 59 10
2 2 55 9
1 2 57 10
1 2 58 11
2 2 56 10
1 2 53 23
2 5 53 24
4 2 53 38
1 3 53 38
3 2 56 39
4 2 55 39
1 4 55 38
2 3 54 40
6 2 53 49
4 2 53 77
1 3 53 78
2 3 52 77
3 2 53 89
2 2 93 90
3 2 92 90
4 2 91 90
1 3 91 91
2 2 89 90
3 2 88 90
4 3 88 91
1 2 86 90
2 2 85 90
3 3 85 91
4 2 86 91
1 2 85 91
2 2 84 91
4 2 83 90
3 2 83 91
1 2 82 90
2 2 81 90
3 2 80 90
4 2 79 90
1 2 78 90
2 2 77 90
3 2 76 90
4 2 75 90
1 2 74 90
2 2 73 90
3 2 72 90
4 2 71 90
1 2 70 90
2 2 69 90
3 2 68 90
4 2 67 90
1 2 66 90
2 2 65 90
3 2 64 90
4 2 63 90
1 2 62 90
2 2 61 90
3 2 60 90
4 2 59 90
1 2 58 90
2 2 57 90
3 2 56 90
4 2 55 90
1 2 54 90
2 2 53 90
3 2 52 25
3 2 52 39
4 2 52 38
3 2 52 38
1 2 52 39
4 2 52 40
4 2 52 89
1 3 52 89
3 2 51 23
4 2 51 25
2 2 51 38
5 2 51 49
1 2 51 77
6 2 50 1
4 2 50 23
1 5 50 24
3 2 50 78
2 2 50 89
2 2 49 25
5 2 49 38
8 2 49 49
4 2 49 59
4 2 52 60
1 3 52 60
2 2 50 60
3 4 50 61
4 2 56 61
3 2 49 89
4 3 49 89
5 2 48 5
3 2 48 7
1 2 53 8
4 3 53 9
4 2 54 10
4 2 55 11
4 2 60 12
1 2 59 12
1 2 51 8
2 3 51 8
3 2 49 8
2 2 48 23
3 2 48 25
6 2 48 27
5 2 48 60
2 2 48 67
4 2 65 66
3 2 65 65
1 2 64 66
2 2 63 66
3 2 62 66
4 2 61 66
1 2 60 66
2 2 59 66
3 2 58 66
4 2 57 66
1 2 56 66
2 2 55 66
3 2 54 66
4 2 53 66
1 2 52 66
2 2 51 66
3 2 50 66
4 2 49 66
1 2 48 66
8 2 48 82
4 2 47 7
1 4 47 8
5 2 47 16
3 2 47 23
4 5 47 24
7 2 47 49
3 2 47 67
4 3 47 68
4 2 47 77
2 2 48 76
3 2 49 77
4 2 48 77
2 2 48 78
1 3 47 78
1 2 47 89
5 2 47 92
1 2 46 25
2 2 46 89
3 3 46 89
8 2 45 16
1 2 45 23
2 2 45 25
6 2 45 49
1 2 45 67
8 2 44 5
2 2 44 23
3 5 44 24
8 2 44 31
2 2 44 67
3 3 44 68
8 2 44 71
2 2 44 76
3 2 45 77
4 3 45 78
4 2 44 89
5 2 43 1
7 2 43 16
4 2 43 25
3 2 43 76
1 2 43 76
7 2 43 82
1 2 43 89
2 3 43 89
7 2 42 5
4 2 42 23
1 2 42 25
8 2 42 38
5 2 42 49
8 2 42 60
3 2 44 59
4 4 44 60
2 2 54 61
2 2 56 62
3 2 55 62
4 2 63 63
1 2 62 63
2 2 61 63
3 4 61 64
3 2 53 61
1 2 53 62
1 2 58 63
2 2 57 63
1 2 59 64
2 2 58 64
3 2 56 63
4 4 56 64
1 2 54 63
4 2 52 61
2 2 42 60
4 2 49 61
1 2 48 61
2 4 48 62
6 2 41 16
1 2 41 23
2 2 41 25
1 2 41 31
4 2 41 30
1 2 43 29
1 2 50 28
4 2 62 27
3 2 62 27
2 2 56 27
3 3 56 27
1 2 59 27
2 2 58 27
4 2 58 27
1 2 57 27
2 2 56 27
4 2 54 27
1 3 54 28
2 2 52 27
2 2 49 28
3 2 48 28
4 4 48 27
1 2 46 28
3 2 48 27
2 2 45 28
3 3 45 28
4 3 44 28
2 2 42 29
3 2 41 29
3 2 41 60
3 2 46 61
4 2 45 61
1 4 45 62
4 2 51 63
2 2 43 61
3 2 42 61
6 2 41 71
6 2 40 5
2 2 40 23
8 2 40 27
4 2 40 26
1 2 42 27
2 2 41 27
3 2 40 27
2 2 40 31
8 2 40 92
5 2 39 16
3 2 39 23
3 2 39 31
1 2 39 49
4 2 39 59
5 2 39 71
5 2 38 5
4 2 38 23
2 2 38 49
1 2 38 59
2 3 38 60
1 2 40 61
8 2 37 16
7 2 37 38
3 2 39 38
2 2 39 38
1 3 38 38
4 3 39 38
3 2 47 39
4 2 46 39
1 2 45 39
2 3 45 40
3 2 43 39
1 2 43 40
4 2 42 39
1 2 41 39
2 2 42 40
3 2 41 40
4 3 41 41
2 2 40 39
3 2 39 39
1 4 39 40
4 2 37 38
8 2 37 49
8 2 37 71
7 3 36 71
8 2 37 79
8 2 36 1
8 2 36 5
2 2 36 38
7 2 36 60
4 2 36 73
2 2 36 72
6 2 36 82
7 2 35 16
6 2 35 38
3 2 35 47
7 2 35 49
4 3 34 47
1 2 35 73
7 2 34 5
8 2 34 27
1 2 39 26
2 2 34 73
5 2 34 82
6 2 33 16
4 2 33 33
2 2 33 32
1 2 37 31
4 2 37 30
1 2 39 29
4 2 39 28
2 2 38 29
3 2 37 29
2 2 36 31
3 2 35 31
4 2 34 31
1 2 33 31
6 2 33 71
3 2 33 73
3 2 33 79
7 2 33 92
1 2 32 5
2 2 32 6
3 2 32 32
4 2 32 35
3 2 32 37
4 2 32 73
6 2 31 5
4 3 30 5
3 3 29 5
2 2 45 7
3 2 44 7
4 2 43 7
1 3 43 7
2 2 41 7
3 2 40 7
4 3 40 7
1 2 38 7
2 2 37 7
3 2 36 7
4 2 35 7
1 2 34 7
2 2 33 7
3 2 32 7
4 2 31 7
5 2 31 71
1 2 31 73
8 2 31 82
1 2 30 7
5 2 30 16
4 2 30 35
1 3 30 35
2 3 29 36
6 2 30 49
3 2 30 50
4 4 30 49
2 3 29 50
1 5 29 49
1 3 30 48
2 2 32 47
1 2 32 46
2 2 34 45
4 2 35 44
3 2 35 43
2 2 35 42
2 2 38 41
3 2 37 41
4 2 36 41
1 3 36 42
3 2 35 42
2 2 34 41
1 2 34 44
3 2 33 45
4 2 32 45
3 2 31 47
4 2 30 47
7 2 29 1
4 2 29 5
2 2 29 7
8 2 29 38
3 2 31 38
6 2 29 60
1 2 32 59
2 2 34 58
3 2 33 58
2 2 31 59
3 2 30 59
4 4 30 58
1 4 29 58
3 3 29 58
1 2 29 80
1 2 31 79
4 2 33 78
2 2 42 77
3 3 42 78
4 2 40 77
1 2 39 77
2 3 39 78
3 2 37 77
4 2 36 77
1 3 36 78
2 2 34 77
3 2 33 77
1 2 32 78
4 2 32 77
2 2 30 79
3 2 29 79
4 3 29 78
2 2 30 77
3 3 30 78
7 2 29 82
1 2 28 5
2 2 28 80
2 2 27 5
7 2 27 27
1 2 38 27
2 2 37 27
3 2 27 35
3 2 27 79
6 2 27 82
4 2 28 81
1 2 27 81
3 2 27 82
5 2 26 5
4 2 26 35
2 2 26 81
6 2 26 92
1 2 25 35
5 2 25 82
8 2 24 5
2 2 24 35
1 2 24 81
3 2 24 80
1 2 25 79
4 2 25 78
1 2 29 77
1 2 27 77
2 3 27 78
4 2 26 77
3 2 25 77
2 2 24 79
2 2 24 82
8 2 23 16
3 2 23 35
5 2 23 49
4 2 23 80
8 2 23 82
1 4 22 80
4 3 22 82
3 3 22 82
6 2 22 1
7 2 22 5
7 2 22 38
3 2 22 50
3 2 27 49
2 2 27 50
4 3 26 49
3 2 26 50
2 2 25 50
5 2 22 60
4 2 25 59
2 2 28 58
2 2 26 58
3 2 25 58
1 2 24 59
1 2 25 58
4 2 24 58
2 3 24 59
1 2 23 58
3 3 23 59
2 2 22 58
1 2 22 59
7 2 22 71
7 2 21 16
8 2 21 51
4 2 21 50
4 2 21 59
2 2 21 59
6 2 20 27
1 2 20 50
1 2 25 49
3 2 23 49
4 3 23 50
2 2 20 50
3 2 20 51
4 2 20 81
1 2 19 49
2 2 21 48
2 2 28 47
1 2 28 46
2 2 30 45
1 2 30 44
2 2 32 43
4 2 33 42
1 2 32 42
3 2 31 43
4 2 30 43
3 2 29 45
4 2 28 45
3 2 27 47
4 2 26 47
1 2 25 47
2 2 24 47
3 2 23 47
4 2 22 47
1 2 21 47
3 2 20 48
4 2 19 48
1 2 19 81
2 4 19 82
5 2 19 92
6 2 17 38
2 2 17 68
3 4 17 69
2 3 17 70
2 4 27 68
3 4 26 68
1 4 20 68
2 5 20 71
3 4 18 68
4 8 18 67
1 5 17 71
3 5 22 66
4 5 21 66
1 5 20 66
2 5 20 66
3 4 16 68
1 4 27 65
4 4 35 64
2 4 40 63
3 4 39 63
4 4 40 62
4 4 38 63
1 7 38 63
2 4 36 63
3 7 36 63
2 4 35 62
1 6 35 64
4 4 35 63
3 4 37 61
3 4 34 62
2 6 34 64
1 5 34 62
3 4 32 64
4 5 32 65
1 4 30 64
2 5 30 64
3 5 29 65
4 4 27 64
2 4 27 65
3 4 21 65
4 5 21 68
1 4 19 65
2 4 19 65
4 3 34 62
2 3 33 62
1 3 17 67
4 3 17 68
2 3 16 67
3 3 16 67
4 2 23 64
1 2 25 63
3 2 30 62
1 2 31 61
2 2 30 61
4 2 29 62
1 2 28 62
2 2 27 62
3 2 26 62
4 2 25 62
2 2 24 63
3 2 23 63
3 2 20 64
1 2 21 63
4 2 21 62
1 2 23 61
2 2 22 61
3 2 21 61
4 2 21 61
3 2 21 65
3 2 20 60
2 2 20 63
4 2 19 64
1 4 19 65
3 2 17 71
3 2 30 72
4 2 29 72
1 2 28 72
2 3 28 72
3 2 26 72
4 2 25 72
1 3 25 72
4 2 24 72
7 2 17 82
1 4 16 82
8 2 16 49
3 2 16 52
1 3 16 53
4 2 18 51
1 2 17 51
2 2 16 51
4 2 16 71
3 2 22 72
1 2 22 72
2 3 22 72
4 2 21 72
8 2 16 75
3 2 36 75
3 2 21 74
1 2 34 75
2 2 33 75
3 2 32 75
4 3 32 76
1 2 30 75
2 3 30 76
3 2 28 75
4 2 27 75
1 3 27 76
2 2 25 75
3 2 24 75
4 4 24 76
1 2 22 75
2 2 21 75
3 3 21 76
4 2 20 74
1 4 20 73
2 2 18 74
3 2 17 74
4 4 17 73
3 2 16 80
2 2 20 79
3 2 22 78
4 2 21 78
1 2 22 77
2 2 21 77
1 2 20 78
3 2 19 79
4 2 18 79
1 2 17 79
2 2 16 79
5 2 15 1
6 2 15 5
1 2 18 5
1 2 25 6
4 2 27 7
1 2 26 7
3 2 23 6
4 3 23 6
4 2 23 7
3 2 25 8
1 2 21 6
2 4 21 7
3 3 20 6
4 2 18 6
2 3 18 6
1 2 17 6
3 2 16 5
4 2 15 4
6 2 15 16
2 2 17 16
3 3 17 16
3 2 19 15
4 3 19 16
1 2 17 15
2 3 17 15
1 2 40 14
2 2 58 13
3 4 58 12
4 2 56 13
1 3 56 14
2 3 55 13
1 2 54 12
2 2 56 13
3 2 55 13
3 2 54 11
2 2 54 12
4 2 54 13
3 2 53 13
4 2 52 13
1 3 52 13
2 3 51 13
1 2 50 12
3 3 50 13
3 2 51 11
4 3 51 12
4 2 48 13
1 2 47 13
2 2 46 13
3 2 45 13
4 2 44 13
1 2 43 13
2 2 42 13
3 2 41 13
4 2 40 13
3 2 38 14
4 3 38 15
2 2 37 14
1 2 36 14
2 2 35 14
3 2 34 14
4 2 33 14
1 2 32 14
2 2 31 14
3 2 30 14
4 2 29 14
1 2 28 14
2 2 27 14
3 2 26 14
4 2 25 14
1 2 24 14
2 2 23 14
3 2 22 14
4 2 21 14
1 2 20 14
2 2 19 14
3 2 18 14
4 2 17 14
1 2 16 14
8 2 15 55
4 3 14 55
2 2 18 56
3 2 17 56
3 2 18 57
8 2 15 60
4 2 15 68
6 2 15 71
1 2 15 74
4 2 15 80
1 2 14 4
3 2 14 17
3 2 14 22
2 2 36 23
3 2 35 23
1 2 35 24
4 2 34 23
1 2 33 23
2 2 32 23
3 2 31 23
3 2 16 23
2 2 28 22
1 2 28 23
4 2 28 24
3 2 38 25
4 2 37 25
1 2 36 25
3 2 19 22
3 2 26 23
2 2 26 24
3 2 34 25
4 2 33 25
4 2 25 23
1 2 24 23
2 2 23 23
3 2 22 23
4 2 21 23
1 2 20 23
2 2 19 23
4 2 18 22
4 2 15 23
1 4 15 24
2 2 31 25
1 2 31 26
4 2 31 27
3 2 30 25
2 2 30 26
4 2 29 25
1 2 28 25
2 2 27 25
3 2 26 25
1 2 15 22
2 2 14 22
4 3 14 22
2 2 14 53
1 2 14 68
2 3 14 68
4 2 14 67
1 3 14 67
3 2 14 66
3 2 17 65
4 3 17 66
1 2 15 65
2 3 15 65
4 2 15 64
2 2 16 63
3 2 18 62
1 2 19 61
2 3 19 61
4 2 17 62
1 2 16 62
3 2 15 63
1 2 14 64
2 2 14 81
3 2 14 90
1 2 33 89
2 2 32 89
3 3 32 89
4 4 31 90
3 2 51 91
4 2 50 91
1 2 49 91
2 3 49 92
4 2 42 91
1 3 42 92
3 2 45 91
2 2 40 91
3 3 40 91
4 3 39 92
3 2 38 92
2 2 32 91
3 3 32 92
4 2 38 91
1 2 37 91
2 2 36 91
1 2 35 91
2 2 34 91
1 2 31 91
4 2 30 91
3 2 30 90
3 2 33 89
4 2 32 89
1 2 31 89
2 3 31 89
1 3 30 89
2 2 28 89
4 2 28 88
3 2 27 89
1 2 27 88
4 2 27 89
1 2 26 90
2 2 28 91
1 2 28 92
2 2 27 92
2 2 25 90
3 2 24 90
4 4 24 91
1 2 22 90
2 2 21 90
3 3 21 91
4 2 19 90
1 2 18 90
2 2 17 90
3 2 16 90
4 2 15 90
1 2 14 90
3 2 13 4
5 2 13 27
3 2 13 53
4 2 13 66
3 2 13 81
2 2 13 90
8 2 12 1
4 2 12 4
2 2 12 4
5 2 12 16
1 2 12 22
3 2 12 22
4 2 12 53
1 2 12 55
2 3 12 56
3 2 12 68
5 2 12 71
6 2 12 82
8 2 12 92
5 2 11 5
1 2 11 21
4 3 11 22
2 2 11 22
1 2 11 53
4 2 11 68
7 2 10 1
1 2 10 19
2 2 13 18
3 2 10 22
5 2 10 38
2 2 10 53
3 2 10 55
4 3 10 56
2 2 10 56
1 2 16 57
3 2 19 58
4 2 18 58
1 2 10 68
3 2 10 71
4 4 10 70
1 4 9 72
1 3 11 72
2 2 13 73
3 3 13 74
4 2 14 74
1 2 13 74
2 2 14 73
3 2 13 73
1 2 12 72
2 2 12 74
2 2 11 72
4 2 11 73
5 2 10 82
3 2 9 4
2 2 9 19
3 4 9 18
3 3 11 17
4 3 8 20
1 2 12 16
4 2 12 16
2 2 12 17
1 2 10 18
7 2 9 49
3 2 9 53
3 2 9 56
2 2 9 68
6 2 8 1
4 2 8 53
1 2 8 55
7 2 8 60
3 2 8 68
8 2 8 82
3 2 7 20
1 2 7 53
2 2 7 55
4 2 7 68
2 2 7 71
3 2 10 72
4 2 9 72
3 2 7 87
4 3 7 88
4 2 8 86
1 2 7 86
3 2 18 87
4 2 17 87
1 2 16 87
2 4 16 88
3 2 14 87
4 2 13 87
1 4 13 88
2 2 11 87
5 2 6 1
4 2 6 1
3 2 6 1
1 2 6 19
2 4 6 18
2 3 8 17
4 2 9 16
1 2 8 16
8 2 6 27
4 2 27 27
2 2 6 53
3 2 6 55
1 2 6 68
3 2 6 71
8 3 6 71
4 3 6 72
7 2 6 82
2 2 6 86
4 2 9 87
2 2 12 88
3 2 11 88
4 3 11 89
3 2 10 89
1 2 10 89
4 2 9 89
1 2 10 90
3 2 11 91
2 2 11 92
3 2 9 88
2 4 9 89
1 5 8 87
2 2 7 87
3 2 6 87
8 2 5 16
8 2 5 38
3 2 5 53
2 2 5 68
1 2 5 70
1 2 5 87
7 2 5 92
4 2 9 91
8 2 4 1
8 2 4 5
3 2 4 19
4 2 7 18
3 2 7 19
4 2 4 53
4 2 4 69
1 2 4 82
2 2 4 87
4 2 3 16
2 3 3 17
1 5 2 16
4 6 2 17
3 4 2 16
3 2 3 15
3 2 14 14
2 2 14 13
1 2 38 12
2 2 48 11
1 2 48 10
3 2 47 11
2 2 47 10
4 2 46 11
1 3 46 11
2 2 44 11
3 2 43 11
4 2 42 11
1 2 41 11
2 2 40 11
3 2 39 11
4 2 38 11
2 2 37 12
3 2 36 12
4 2 35 12
1 2 34 12
2 2 33 12
3 2 32 12
4 2 31 12
1 2 30 12
2 2 29 12
3 2 28 12
4 2 27 12
1 2 26 12
2 2 25 12
3 2 24 12
4 2 23 12
1 2 22 12
2 2 21 12
3 2 20 12
4 2 19 12
1 2 18 12
2 2 17 12
3 2 16 12
4 2 15 12
1 2 14 12
4 2 13 14
1 2 12 14
2 2 11 14
3 2 10 14
4 2 9 14
1 2 8 14
2 2 7 14
3 2 6 14
4 2 5 14
1 2 4 14
2 2 3 14
2 2 3 81
4 2 3 82
3 2 3 86
7 2 2 1
8 2 2 3
2 2 6 2
1 2 4 3
3 3 4 3
1 2 4 1
4 2 4 1
4 2 2 2
2 2 2 16
6 2 2 47
3 2 2 80
4 2 2 85
1 2 1 2
2 3 1 1
4 2 7 1
1 3 7 2
2 2 5 1
2 2 2 2
3 4 2 3
3 2 2 1
1 2 1 13
4 2 1 12
3 2 1 11
2 4 1 10
1 5 1 9
4 5 1 8
4 6 4 7
3 6 8 6
2 6 8 5
4 6 7 6
1 10 7 6
2 6 5 6
3 6 4 6
1 6 3 7
2 7 3 12
3 6 1 7
4 3 13 7
1 3 12 7
2 4 12 7
3 5 11 8
4 3 9 7
1 4 9 7
2 5 8 8
3 3 6 7
4 4 6 7
1 5 5 8
2 3 3 7
3 4 3 7
4 5 2 8
4 3 4 6
3 3 7 5
1 3 11 4
3 3 11 6
2 5 10 4
4 3 6 5
1 4 7 6
4 4 7 5
1 4 6 5
2 5 5 6
3 4 4 5
1 5 3 7
2 2 5 8
3 3 5 8
4 2 5 7
4 2 3 5
4 2 3 8
2 2 2 8
2 2 4 7
3 2 3 7
1 2 3 8
4 2 2 7
3 3 2 8
2 2 1 6
2 2 3 5
3 2 2 5
1 2 1 71
