1801
164
7 8 4 25
6 2 3 25
5 7 3 25
7 2 3 25
4 3 3 25
6 3 4 25
1 3 3 25
2 2 5 25
5 2 4 25
8 2 4 25
7 2 1 24
6 4 3 25
5 2 3 24
2 2 4 24
8 10 5 24
4 3 2 23
1 4 3 23
1 2 4 23
6 3 5 23
4 6 4 23
7 5 3 22
5 2 4 23
2 3 2 22
1 3 2 22
1 3 3 22
6 2 4 22
7 4 4 22
3 2 3 22
4 4 2 22
2 3 11 21
1 2 1 20
3 3 1 20
5 2 7 21
2 5 2 20
4 3 4 21
1 3 2 20
6 2 8 21
7 3 2 20
5 4 3 21
4 3 6 21
7 4 2 20
8 2 2 21
6 10 3 21
1 2 2 19
7 2 2 19
2 2 2 20
1 3 5 19
5 3 5 19
6 6 4 19
8 6 4 19
3 7 5 19
1 2 1 18
7 3 1 18
8 8 1 18
7 2 3 17
6 3 4 18
5 2 3 17
4 3 3 18
1 2 2 18
3 3 1 17
1 5 3 17
3 2 4 17
5 3 1 16
8 2 2 17
2 2 2 16
5 2 2 16
4 12 4 16
1 2 4 16
8 2 4 16
6 3 2 15
7 3 4 15
5 2 4 15
8 3 4 15
5 3 5 15
2 2 5 15
5 2 2 14
1 2 2 14
7 3 2 15
3 2 3 16
3 4 1 14
2 2 1 15
6 2 1 16
8 4 1 14
2 2 4 14
1 2 2 13
7 6 3 14
1 3 1 13
3 2 2 13
7 3 2 13
3 3 2 13
1 3 2 13
4 7 2 12
6 6 3 12
4 3 3 12
5 2 4 12
2 2 4 12
1 4 4 12
7 2 5 12
4 3 5 12
6 2 1 11
2 4 1 12
6 3 6 12
7 2 5 12
6 2 1 11
1 3 1 11
2 2 1 11
5 8 2 10
1 4 2 11
7 2 2 12
5 2 1 12
8 2 2 10
2 6 2 10
6 3 3 11
3 4 3 10
1 16 1 9
5 3 2 10
6 3 1 9
5 2 1 9
2 3 1 9
8 3 1 8
6 5 2 8
5 3 2 9
8 5 3 8
5 2 3 9
4 7 3 7
1 4 3 8
8 2 4 7
5 3 4 7
6 2 1 6
3 2 2 6
2 13 1 6
3 3 1 6
4 5 1 7
1 5 1 6
6 3 1 6
5 3 3 6
3 2 3 6
8 3 5 5
1 3 2 4
3 4 4 5
8 2 4 4
1 3 4 5
6 2 3 5
1 2 5 4
5 2 5 4
3 9 7 4
8 4 8 4
7 2 4 3
1 3 5 4
6 4 3 3
2 2 6 4
4 7 3 3
1 7 3 3
7 5 3 3
4 4 4 4
5 2 1 2
4 2 1 2
2 2 2 3
8 3 2 4
5 2 3 5
7 4 3 2
5 5 1 1
8 2 1 1
6 3 3 1
