10615
3710
4 2 16 100
6 2 16 100
7 2 18 100
4 3 18 100
1 3 21 100
1 3 28 100
5 4 27 100
6 2 29 100
2 2 29 100
1 2 29 100
7 2 34 100
8 2 34 100
5 3 43 100
8 3 44 100
1 2 43 100
1 2 48 100
6 2 50 100
1 2 55 100
2 3 54 100
5 3 54 100
1 2 57 100
1 2 58 100
2 2 62 100
6 2 62 100
2 5 1 99
8 2 1 100
8 2 2 100
1 5 13 100
6 3 24 100
7 3 31 100
3 2 33 100
6 3 51 100
3 2 3 99
7 3 3 100
3 4 2 100
6 2 10 100
8 2 9 100
2 2 12 100
5 4 21 100
6 2 28 100
7 2 28 100
8 2 28 100
4 2 27 100
6 2 26 100
1 3 31 100
8 2 35 100
1 2 38 100
7 2 4 99
6 2 16 100
6 2 20 100
8 3 28 100
4 4 29 100
2 2 3 99
4 2 18 100
5 2 26 100
7 2 25 100
6 2 24 100
6 2 2 99
2 2 8 100
8 6 9 100
3 2 11 100
7 2 10 100
5 5 9 100
1 2 8 100
1 3 10 100
8 2 1 99
5 2 1 100
4 2 12 100
4 3 3 99
4 2 4 100
7 2 5 100
5 2 9 100
2 5 3 99
3 5 2 99
4 2 7 100
8 2 6 100
2 2 8 100
7 4 2 99
1 2 3 99
5 2 7 100
2 2 4 99
8 2 3 99
3 2 12 98
7 3 11 98
7 3 13 98
5 2 12 98
1 2 13 98
4 2 15 98
3 3 17 98
4 3 22 98
3 2 24 98
8 2 24 98
2 3 25 98
5 2 29 98
3 2 30 98
7 2 40 98
8 2 43 98
7 2 43 98
7 2 45 98
5 2 48 98
2 2 47 98
7 4 46 98
6 2 3 97
6 2 11 98
4 2 35 98
5 2 5 97
5 2 8 98
1 2 7 98
8 2 6 98
7 2 15 98
4 2 21 98
2 2 28 98
1 2 34 98
5 2 33 98
4 3 6 97
4 2 7 98
7 3 27 98
6 2 31 98
5 5 17 97
3 2 29 98
7 2 16 97
2 2 20 98
2 2 24 98
6 3 15 97
8 3 23 98
8 3 15 97
4 2 20 98
5 3 24 98
2 2 24 98
6 3 15 97
3 2 21 98
5 2 20 98
1 2 16 97
1 2 24 97
7 6 25 97
5 2 26 97
7 2 26 97
3 3 31 97
7 2 30 97
2 3 30 97
4 6 34 97
7 2 33 97
4 2 3 96
6 2 9 97
3 4 14 98
6 2 19 98
2 2 12 97
4 2 14 98
2 2 16 98
3 2 16 98
8 3 22 97
1 2 25 97
4 2 25 97
7 2 3 96
2 2 5 97
1 2 11 98
7 2 10 98
6 2 4 97
8 2 12 98
2 2 14 97
5 2 16 97
5 2 6 96
3 3 12 97
6 2 11 97
1 3 10 97
7 3 10 97
3 2 12 97
5 2 8 96
6 4 11 96
1 4 10 96
8 2 10 96
6 4 9 96
8 8 9 97
4 2 8 97
3 2 14 96
3 2 17 96
8 6 18 96
3 2 25 96
8 2 28 96
2 4 30 96
5 2 30 96
5 2 33 96
7 2 39 96
7 2 1 95
3 2 6 96
4 4 6 97
3 4 6 96
2 2 7 96
5 5 8 96
6 2 7 96
4 2 6 96
3 2 11 96
2 3 15 96
1 2 17 96
1 3 24 96
2 2 23 96
6 2 1 95
4 2 17 96
5 2 16 96
3 2 16 96
4 2 10 95
8 3 11 96
5 2 10 96
6 6 10 96
8 3 9 95
1 3 9 96
5 4 8 96
8 2 9 95
3 2 11 95
6 3 11 96
4 3 9 95
4 2 12 95
1 3 26 95
3 2 3 94
8 2 5 95
6 2 9 95
1 3 8 95
5 2 8 95
8 2 8 95
8 2 13 95
7 2 5 94
1 2 5 95
4 2 8 96
2 2 7 96
2 4 16 95
8 2 23 95
4 3 15 94
3 4 15 94
8 2 15 94
7 3 23 95
2 3 15 94
4 2 22 94
1 3 22 94
6 2 27 94
8 2 34 94
3 2 38 94
4 2 39 94
8 2 43 94
2 2 52 94
5 2 52 94
4 2 51 94
8 3 51 94
4 2 1 93
7 2 3 94
6 3 3 95
2 2 8 95
6 2 9 95
3 2 9 95
5 2 2 94
3 2 5 95
2 2 9 95
1 2 8 95
7 2 7 95
6 2 4 94
4 5 4 95
7 2 3 95
4 2 4 94
8 2 3 94
4 2 16 94
3 2 18 94
6 2 19 94
2 3 21 94
3 2 20 94
8 2 22 94
7 2 6 93
3 2 12 94
6 4 19 94
5 3 18 94
3 2 18 94
4 4 7 93
1 2 8 94
7 4 11 94
1 2 11 94
5 2 11 93
6 2 15 94
2 2 11 93
5 2 12 93
1 3 25 93
7 3 30 93
7 2 32 93
5 3 33 93
6 2 34 93
6 2 35 93
3 2 34 93
8 2 36 93
5 2 36 93
3 2 1 92
2 2 12 93
2 2 17 93
2 2 6 92
6 2 9 93
1 2 17 94
4 3 11 93
3 4 16 94
7 2 10 93
6 3 12 94
4 3 13 94
8 2 12 94
5 3 10 93
3 2 9 93
7 2 9 94
3 2 10 95
5 2 8 93
7 2 7 93
5 3 7 94
3 2 5 93
3 2 7 94
1 2 6 93
2 2 5 93
4 2 7 94
8 3 6 92
7 4 23 92
8 2 27 92
5 2 32 92
2 2 32 92
7 2 37 92
3 4 37 92
5 2 45 92
1 2 45 92
7 2 48 92
8 4 50 92
6 3 52 92
8 2 2 91
4 2 5 92
2 2 7 92
4 2 10 92
1 2 12 92
7 2 14 92
3 2 14 92
4 4 13 92
6 2 4 91
5 2 10 92
8 2 10 92
7 3 20 92
4 3 19 92
4 2 29 92
2 2 28 92
1 2 37 92
4 3 37 92
8 3 7 91
7 2 10 92
2 2 9 92
6 2 18 92
1 2 19 92
2 2 18 92
5 2 26 92
2 2 7 91
5 2 8 92
3 3 26 92
6 2 8 91
8 2 8 92
1 2 9 93
5 2 8 92
8 2 11 92
5 3 12 92
1 4 18 92
2 2 17 92
5 2 10 91
3 2 10 91
7 2 10 91
1 2 10 92
8 2 11 91
6 2 11 91
7 3 16 92
7 3 20 91
5 2 24 91
2 3 25 91
7 2 5 90
2 2 21 91
7 2 21 91
2 2 29 91
1 2 7 90
4 2 14 91
5 3 28 91
8 2 16 90
5 4 16 90
8 3 27 90
4 2 30 91
7 2 30 90
3 2 35 90
8 2 39 90
4 3 38 90
3 2 37 90
1 3 36 90
6 6 38 90
8 2 49 90
2 2 50 90
1 4 51 90
1 2 3 89
3 2 14 90
1 3 19 91
4 2 18 91
8 2 21 90
1 3 34 90
8 2 40 90
5 2 46 90
7 2 46 90
6 2 45 90
5 2 3 89
4 2 7 90
6 2 27 91
5 2 6 90
3 2 25 91
6 2 7 90
2 3 9 91
7 2 9 92
7 2 20 90
2 2 23 90
4 2 22 90
5 2 23 91
4 2 31 90
3 4 31 90
2 3 14 89
3 2 25 90
5 2 14 89
5 3 27 90
1 2 14 89
7 3 18 90
6 3 22 91
2 2 17 90
8 2 19 90
4 4 20 89
8 2 26 89
3 3 33 89
1 2 35 89
8 2 35 89
5 5 35 89
6 4 38 89
5 2 38 89
3 2 38 89
6 3 40 89
1 2 1 88
2 3 2 89
2 2 18 90
6 2 2 89
1 2 5 90
6 2 8 91
4 2 12 92
6 2 9 91
2 2 10 92
8 3 8 91
1 2 8 92
4 2 7 92
6 2 3 89
8 2 4 90
7 2 7 91
4 2 3 90
2 2 3 91
3 2 4 91
2 2 5 92
3 2 6 93
3 2 7 93
8 2 4 92
6 3 3 92
6 2 8 90
4 2 6 89
5 2 5 89
8 4 6 89
4 2 5 89
1 5 12 89
4 2 11 89
2 2 11 89
3 2 17 89
8 3 21 89
2 2 4 88
7 3 8 89
6 2 8 88
4 3 8 89
5 2 18 89
1 2 8 88
6 3 16 88
7 2 15 88
5 2 17 88
6 3 19 88
7 2 22 88
1 3 23 88
3 2 22 88
7 2 24 88
8 2 24 88
3 3 24 88
4 4 24 88
8 2 26 88
7 2 17 87
2 3 19 88
5 2 21 87
6 2 22 87
2 2 22 88
3 3 27 88
3 3 23 87
2 4 25 88
6 2 24 88
3 2 40 87
4 2 42 87
8 4 46 87
2 3 45 87
5 2 51 87
3 2 50 87
2 2 53 87
6 3 54 87
5 2 53 87
1 2 52 87
7 2 53 87
3 4 54 87
7 3 61 87
2 2 2 86
1 2 3 87
6 2 10 88
3 2 24 88
3 2 7 87
8 2 7 88
5 2 7 89
2 2 11 89
2 3 8 87
3 3 8 88
8 3 15 89
1 3 7 88
3 2 14 89
5 2 6 87
1 2 12 88
7 2 13 88
4 2 13 88
2 2 5 87
4 2 8 88
7 3 7 88
8 2 13 87
7 4 20 87
3 3 23 87
7 2 28 87
5 2 35 87
6 2 9 86
3 2 16 87
8 2 15 87
5 2 16 87
7 5 20 87
4 2 19 87
5 3 24 87
2 2 23 87
2 4 24 87
3 2 11 86
4 2 12 87
8 2 18 87
1 2 17 87
1 5 10 86
5 3 12 87
6 3 13 87
3 2 13 87
3 2 14 86
4 2 14 87
6 2 13 87
4 3 17 86
8 2 17 86
4 3 18 86
7 2 18 86
6 3 21 86
7 2 22 86
3 3 22 86
6 2 22 86
2 2 29 86
3 2 28 86
1 4 28 86
4 4 27 86
7 4 27 86
3 2 26 86
1 2 4 85
7 2 9 86
2 2 11 87
5 2 15 87
1 2 6 85
5 2 11 86
7 2 15 86
5 2 17 86
6 4 10 85
8 3 11 85
8 2 12 86
1 2 17 86
1 2 14 85
4 2 15 86
5 2 20 85
8 4 20 85
7 2 21 85
8 2 25 85
5 2 24 85
3 2 24 85
6 2 23 85
1 2 24 85
8 2 23 85
1 2 34 85
1 2 39 85
4 3 5 84
4 2 17 85
1 2 23 85
3 2 30 85
3 2 37 85
5 4 8 84
4 2 11 85
2 3 18 86
2 4 10 85
1 2 12 86
3 2 11 86
7 2 14 87
5 2 9 84
7 2 12 85
4 2 13 85
6 2 26 85
8 2 26 85
3 2 11 84
5 3 11 85
4 2 27 85
8 2 10 84
1 2 21 85
7 2 23 85
7 6 11 84
2 4 10 84
6 4 12 85
1 2 11 85
6 2 10 85
3 2 16 84
5 3 19 85
4 3 16 84
7 2 16 84
4 2 21 84
4 2 22 84
2 2 21 84
3 2 23 84
2 2 28 84
6 3 28 84
2 2 30 84
8 2 33 84
1 4 4 83
2 2 5 84
6 6 5 85
2 2 17 85
8 2 8 84
5 2 9 85
3 2 12 86
1 2 8 85
4 2 7 85
8 2 10 86
1 2 6 85
2 6 8 84
7 2 27 84
7 2 4 83
4 2 16 84
3 2 22 84
5 4 10 83
1 2 19 84
4 4 20 84
7 3 21 84
1 3 21 84
6 2 11 83
4 2 23 83
8 2 29 83
2 2 29 83
6 2 38 83
8 2 40 83
1 3 44 83
7 2 44 83
8 2 46 83
2 5 46 83
3 3 46 83
6 2 2 82
1 2 14 83
7 2 15 84
5 2 14 82
2 3 18 83
1 3 28 83
2 2 35 83
6 2 42 83
3 2 23 82
4 3 38 83
4 2 22 82
2 2 22 83
8 2 28 83
4 3 29 83
1 2 38 83
2 2 38 83
5 2 28 82
3 3 30 83
5 2 34 83
5 2 35 83
8 5 36 82
2 4 45 82
1 2 46 82
4 6 47 82
8 2 46 82
5 2 47 82
7 3 48 82
6 2 50 82
7 3 2 81
5 2 3 82
4 2 6 83
1 2 11 84
5 2 13 84
6 2 13 84
5 2 10 83
2 2 9 83
7 2 13 84
3 2 9 83
6 2 9 84
6 2 10 83
4 2 10 84
1 3 10 84
8 2 16 83
6 2 17 82
3 2 23 82
8 2 24 82
6 2 29 82
2 2 28 82
6 2 27 82
1 2 26 82
7 3 28 82
1 2 27 82
2 2 16 81
5 2 23 82
4 5 26 82
2 2 28 82
1 2 18 81
7 2 18 82
4 2 17 82
8 2 17 82
1 2 17 81
1 2 23 82
7 2 24 82
8 2 19 81
2 2 23 81
4 2 23 81
5 2 23 82
1 2 33 81
7 3 38 81
4 4 2 80
8 2 5 81
4 2 18 82
3 2 3 80
3 2 30 81
6 2 15 80
2 2 22 81
5 2 26 81
7 2 26 81
3 2 39 81
7 3 15 80
4 2 21 81
6 2 21 82
5 2 24 81
4 2 29 81
8 2 33 81
2 4 32 81
7 2 19 80
8 2 26 81
5 2 28 81
1 2 29 81
4 2 20 80
3 4 20 81
6 3 23 81
1 2 25 81
5 2 19 80
3 3 27 81
4 2 26 81
3 2 20 80
7 2 24 81
5 2 20 80
1 3 22 81
4 2 22 81
5 2 27 80
1 3 28 80
3 2 30 80
6 2 32 80
8 2 31 80
5 4 31 80
5 2 35 80
5 3 7 79
1 2 7 80
5 2 12 81
1 2 12 82
7 2 12 83
4 2 13 83
2 2 14 83
7 2 14 83
5 2 12 82
2 3 12 79
6 2 18 80
8 2 19 81
2 2 18 81
3 3 18 80
7 2 16 79
8 3 30 79
4 2 37 79
1 2 38 79
4 3 39 79
4 2 49 79
3 2 54 79
4 2 53 79
8 4 59 79
2 2 68 79
6 3 4 78
1 2 9 79
3 2 12 80
6 2 14 81
1 2 13 80
7 2 10 79
8 4 12 80
5 2 14 81
3 2 13 81
2 2 12 80
4 4 11 80
6 2 9 79
6 2 11 80
4 2 15 80
7 2 18 80
4 2 17 80
7 3 9 79
1 3 20 79
2 2 19 79
3 2 19 79
8 2 4 78
5 3 16 79
5 2 29 79
8 2 32 79
6 3 32 79
3 2 31 79
5 2 35 79
4 2 37 79
2 2 8 78
4 2 9 79
1 2 15 80
8 2 14 80
7 2 18 79
4 3 24 79
1 2 31 79
6 2 34 79
3 2 10 78
7 3 20 79
3 2 19 79
8 2 18 79
2 2 18 79
6 2 23 79
4 2 22 79
6 2 14 78
2 2 14 79
1 2 17 79
5 2 15 78
7 3 15 79
2 2 17 78
7 2 16 78
2 3 16 79
3 2 22 79
8 2 21 79
7 2 18 78
5 2 24 78
5 4 34 78
2 2 33 78
2 2 35 78
7 2 4 77
1 4 9 78
8 4 11 78
1 3 12 79
6 2 14 78
3 2 23 78
2 2 22 78
6 2 4 77
5 2 11 78
7 2 11 79
3 2 13 80
6 2 10 79
8 2 11 80
2 2 11 81
4 2 10 79
5 2 9 79
3 2 8 79
4 2 3 77
3 3 3 78
6 2 7 78
2 2 9 78
3 4 18 78
8 2 8 77
1 2 10 78
7 3 17 78
1 2 17 78
5 3 17 77
7 2 18 78
4 3 17 78
7 2 23 77
6 2 24 77
3 3 25 77
5 9 31 77
7 4 31 77
1 3 30 77
4 3 30 77
8 2 31 77
4 2 31 77
3 2 31 77
4 3 35 77
3 5 37 77
8 2 1 76
6 2 8 77
4 2 9 78
7 2 9 77
6 2 11 78
3 2 2 76
4 3 6 77
1 2 8 78
2 2 10 78
8 3 7 77
8 2 12 78
6 2 8 77
3 2 10 77
3 2 11 77
2 2 19 77
3 3 29 77
8 3 3 76
7 2 9 77
5 2 10 78
2 4 8 77
5 2 4 76
6 2 28 76
4 2 38 76
7 2 40 76
2 3 40 76
3 2 46 76
2 2 47 76
8 2 48 76
1 4 48 76
1 2 10 75
5 3 10 76
8 2 19 77
4 2 18 77
7 3 19 77
6 2 11 76
7 2 14 77
4 2 11 76
5 2 12 76
5 2 13 76
7 2 31 76
8 2 15 75
5 5 36 76
6 2 25 75
2 3 27 75
3 2 28 76
7 3 29 75
4 3 28 75
5 2 33 76
1 2 32 76
2 3 30 75
3 2 31 75
6 2 45 75
2 5 48 75
7 2 48 75
4 3 52 75
2 4 52 75
4 3 52 75
8 2 5 74
7 2 8 75
5 2 19 76
5 2 27 76
1 2 26 76
3 2 25 76
8 2 36 75
2 2 41 75
5 3 44 75
5 2 9 74
2 2 13 75
5 2 14 76
2 2 18 76
6 2 13 75
4 2 15 75
7 4 15 76
4 2 14 76
8 2 13 76
2 2 17 77
6 2 14 75
8 3 17 75
4 2 23 75
8 2 22 75
1 2 25 75
3 2 30 75
8 2 10 74
1 2 14 75
5 4 14 76
6 2 16 77
1 2 15 77
6 2 14 77
3 2 13 76
2 3 15 75
7 2 18 75
4 2 26 75
8 5 14 74
3 3 19 75
5 2 20 75
8 2 23 75
4 3 16 74
5 2 21 75
7 2 23 75
1 4 18 74
3 2 22 75
8 2 17 74
4 2 21 75
1 3 17 74
6 3 18 74
2 3 20 75
5 6 17 74
6 2 17 74
4 2 27 74
8 2 2 73
6 2 3 74
3 4 12 75
2 2 12 76
1 2 4 74
3 2 5 75
3 2 14 75
1 2 9 74
1 2 14 74
7 2 13 74
8 2 19 74
2 4 19 74
3 3 19 74
2 2 20 74
7 2 20 74
2 2 1 73
2 3 2 73
4 3 2 74
6 2 1 74
5 2 5 75
2 3 8 76
4 3 7 76
2 2 4 75
1 2 3 75
7 5 4 76
3 2 7 77
7 2 7 78
4 2 8 78
1 2 6 77
1 2 8 78
3 2 1 74
2 2 6 75
2 2 1 73
8 2 1 73
4 2 2 74
3 3 1 73
1 5 2 73
7 2 2 73
7 3 5 74
5 2 5 74
4 2 1 73
3 2 5 73
6 2 8 74
5 3 9 73
2 2 11 73
6 2 11 73
1 2 12 73
7 2 22 73
1 2 23 73
6 3 26 73
7 2 26 73
5 2 25 73
5 2 4 72
6 3 4 72
4 3 11 73
7 2 15 73
3 2 19 73
5 3 19 73
6 2 18 73
7 2 17 73
5 4 12 72
4 2 13 72
8 2 13 73
3 2 13 72
8 2 15 73
6 2 19 72
3 4 19 72
5 2 19 72
2 4 41 72
3 2 40 72
2 2 43 72
5 2 45 72
7 5 46 72
3 4 45 72
8 2 45 72
2 2 46 72
7 2 48 72
8 3 4 71
7 2 5 72
1 2 10 73
2 2 10 73
3 2 9 73
4 2 3 71
8 3 9 72
1 2 10 72
8 5 17 72
7 2 21 72
4 5 21 72
8 2 23 72
6 2 26 72
1 2 30 72
5 3 32 72
7 2 32 72
4 2 31 72
8 3 31 72
1 3 34 72
2 2 6 71
5 2 8 72
4 2 10 73
8 5 10 71
2 4 27 72
1 4 13 71
3 2 15 72
1 2 17 71
5 2 17 72
1 2 27 72
6 2 17 71
6 3 18 72
2 7 19 72
8 2 20 71
7 2 22 72
4 2 19 71
3 2 25 71
6 2 26 71
1 2 29 71
5 2 29 71
4 3 29 71
7 6 28 71
2 2 30 71
7 5 30 71
1 2 5 70
7 2 22 71
7 2 4 70
8 2 18 71
4 3 19 71
8 2 24 72
5 6 3 70
2 2 3 71
8 2 3 72
7 2 7 72
7 2 18 72
5 3 21 72
6 3 3 71
7 2 8 72
4 2 8 73
6 2 8 73
1 2 2 71
5 2 5 72
2 2 7 72
8 2 7 71
5 3 6 71
7 2 10 71
7 3 6 70
2 2 6 71
3 2 14 70
2 2 13 70
1 4 21 70
1 3 28 70
6 3 28 70
5 2 28 70
7 2 28 70
8 2 29 70
7 2 31 70
4 3 1 69
1 2 29 70
4 3 29 70
2 2 33 70
3 4 5 69
5 3 8 70
3 2 13 70
1 2 20 70
7 2 19 70
1 2 24 70
3 3 24 70
5 2 23 70
2 2 5 69
4 2 18 70
3 2 18 70
8 2 17 70
6 3 4 69
6 4 7 70
2 2 7 71
4 3 7 72
6 2 6 71
2 6 9 69
3 2 14 69
5 2 14 70
2 2 15 69
1 2 14 69
4 2 15 70
4 2 25 69
8 3 25 69
4 4 25 69
5 3 24 69
8 3 25 69
6 2 26 69
2 2 28 69
7 2 38 69
7 3 2 68
4 2 4 69
4 2 5 70
2 2 1 68
8 2 1 69
7 3 5 70
3 2 5 71
8 2 4 70
1 2 5 70
6 2 4 69
8 2 4 69
8 3 8 70
6 3 15 69
3 4 6 68
4 2 15 69
8 2 27 69
1 2 27 69
7 2 6 68
5 2 15 69
4 2 15 69
3 5 17 69
6 2 21 69
3 2 26 69
5 2 6 68
8 2 15 69
4 2 19 69
7 4 21 69
8 2 6 68
1 2 9 69
2 2 14 69
1 2 14 69
2 3 16 69
4 2 17 69
6 3 9 68
1 2 11 69
1 3 14 68
8 2 16 69
6 5 15 68
2 4 14 68
1 3 17 68
6 2 19 68
1 2 18 68
4 2 20 68
3 4 9 67
5 2 12 68
6 2 14 69
8 3 11 68
7 2 12 69
5 2 10 68
5 3 13 69
7 2 9 67
2 3 10 67
1 3 12 68
2 2 15 68
8 2 15 67
2 2 22 67
2 2 24 67
7 3 23 67
8 2 22 67
6 2 22 67
1 2 23 67
5 2 22 67
4 3 32 67
7 2 31 67
5 3 30 67
7 2 30 67
8 2 31 67
3 3 34 67
5 2 35 67
4 3 35 67
2 3 34 67
4 3 3 66
1 3 4 67
3 6 8 68
2 2 8 69
6 2 9 69
7 4 9 68
6 2 10 68
7 2 10 67
4 2 9 67
6 3 10 67
4 2 14 67
8 2 23 67
8 2 5 66
6 2 5 67
8 2 6 67
5 2 6 68
3 2 7 69
7 2 7 67
3 3 7 67
1 2 9 66
3 2 20 67
6 2 19 67
4 2 8 66
5 3 16 67
3 2 10 66
2 2 15 67
7 2 16 67
8 2 16 67
3 3 16 67
2 2 15 66
4 3 15 67
6 2 18 66
8 2 20 66
7 3 19 66
1 2 22 66
1 3 24 66
5 2 27 66
4 2 27 66
3 2 37 66
1 2 5 65
2 2 19 66
4 3 19 66
8 2 21 66
5 2 20 66
1 2 28 66
2 2 16 65
7 3 27 66
5 2 15 65
3 2 23 66
6 2 27 66
6 2 14 65
1 4 17 66
8 2 17 66
2 4 24 66
7 3 14 65
3 4 16 66
7 2 18 66
5 6 16 65
1 3 18 65
6 2 18 65
5 2 19 65
3 3 23 65
1 3 23 65
7 2 28 65
3 2 35 65
8 2 40 65
7 3 42 65
8 2 47 65
5 3 49 65
8 3 3 64
3 2 28 65
6 3 39 65
7 2 43 65
5 2 42 65
1 2 6 64
7 2 26 65
8 2 26 65
8 2 11 64
5 5 28 65
6 2 28 65
4 2 32 65
8 2 31 65
2 2 10 64
2 2 25 65
7 2 30 65
8 2 32 65
3 2 10 64
8 4 13 65
3 2 17 66
6 2 19 66
5 2 12 65
4 3 13 66
8 2 16 66
1 4 24 65
1 2 9 64
8 2 11 64
4 2 21 65
2 2 20 64
3 2 26 64
1 2 30 64
3 2 32 64
8 2 35 64
2 2 35 64
1 3 36 64
4 2 37 64
3 3 37 64
2 3 2 63
7 2 4 64
5 2 4 65
7 2 3 65
1 2 4 66
3 2 4 65
6 2 7 66
6 2 13 67
8 2 12 67
2 2 12 66
5 2 3 65
1 2 16 65
4 3 3 64
7 3 3 65
7 3 13 64
4 2 13 64
6 3 14 64
1 2 13 64
3 4 14 65
4 3 17 64
6 2 1 63
5 4 5 64
6 3 12 65
7 2 11 63
6 2 18 64
7 2 18 64
4 2 14 63
4 2 15 63
6 2 15 63
6 2 17 63
2 2 18 63
7 2 22 63
6 4 30 63
5 2 31 63
2 2 35 63
6 2 40 63
2 3 42 63
1 2 2 62
2 2 5 62
3 2 6 63
6 2 7 64
1 2 6 64
8 2 8 64
5 2 12 65
2 2 7 64
8 2 11 64
4 2 5 63
1 2 10 64
4 2 21 63
8 2 23 63
3 3 23 63
4 2 30 63
2 2 6 62
2 2 14 63
1 2 16 63
5 2 26 63
1 2 25 63
1 2 5 62
3 3 8 63
4 3 7 63
6 3 8 63
5 2 8 64
7 2 7 63
8 3 8 64
3 6 9 63
5 2 10 63
3 2 12 63
5 2 11 63
6 2 6 62
5 2 6 62
7 7 8 63
6 2 8 63
1 2 7 63
3 2 8 63
8 2 7 63
5 2 8 62
4 2 25 62
3 2 25 62
6 2 27 62
2 3 28 62
1 3 29 62
8 2 28 62
3 2 27 62
5 4 27 62
5 2 38 62
7 2 3 61
4 2 4 62
2 3 4 62
8 2 3 62
4 2 3 63
1 2 3 64
5 2 2 63
7 2 11 61
3 3 11 62
7 2 11 61
6 3 11 62
6 2 24 62
5 2 23 62
3 2 28 62
1 2 16 61
8 2 16 62
1 4 19 62
8 4 19 61
2 2 21 62
6 3 26 62
6 3 20 61
4 3 26 62
2 2 25 62
1 2 23 61
6 2 25 61
8 2 36 61
2 3 46 61
8 2 46 61
8 2 49 61
7 4 49 61
3 3 49 61
1 2 2 60
2 3 13 61
4 2 17 62
3 3 22 62
7 2 12 61
1 2 14 62
7 3 13 61
8 2 18 62
7 3 16 61
2 2 15 61
7 2 21 61
1 3 21 61
3 2 20 61
1 3 23 61
8 2 3 60
1 2 9 61
8 3 16 62
8 2 19 62
2 4 15 61
6 2 15 62
7 3 15 61
3 3 15 62
5 2 14 62
8 2 14 61
4 7 14 62
7 2 13 61
5 2 14 61
7 2 3 60
4 5 8 61
1 2 14 61
7 2 4 60
5 3 5 61
6 4 9 62
1 2 9 62
4 2 9 62
2 2 8 62
8 2 8 62
7 2 7 61
4 2 7 62
4 2 5 60
1 3 5 61
6 3 4 60
3 2 5 61
5 3 4 60
6 2 7 60
6 2 8 60
2 2 17 60
6 2 18 60
4 4 20 60
7 3 22 60
6 2 21 60
5 3 22 60
3 2 22 60
2 2 25 60
3 2 27 60
5 2 27 60
4 2 29 60
2 2 28 60
5 3 2 59
4 2 7 60
4 2 8 60
2 4 8 60
5 2 9 60
8 2 8 60
1 2 3 59
5 2 22 60
3 2 3 59
6 3 19 60
6 2 11 59
4 3 12 60
8 4 13 60
1 3 17 60
3 2 16 60
4 2 16 60
6 2 15 60
1 5 14 59
5 2 24 59
4 3 31 59
4 2 36 59
6 2 37 59
7 2 39 59
3 2 41 59
5 2 7 58
8 3 17 59
7 3 26 59
3 3 25 59
7 2 29 59
2 2 29 59
6 2 32 59
5 2 9 58
4 2 9 58
7 2 23 59
6 2 28 59
4 2 18 58
7 2 18 59
6 2 19 59
5 3 18 58
2 2 28 59
4 2 27 58
3 2 27 59
5 2 28 59
3 2 28 59
5 3 30 58
1 2 31 58
5 3 34 58
2 3 34 58
4 5 33 58
1 2 32 58
7 2 33 58
6 2 38 58
7 2 38 58
5 2 1 57
1 2 1 58
2 3 2 59
6 2 5 60
7 3 3 59
4 2 3 59
2 2 4 60
8 2 1 58
6 2 1 59
5 2 10 60
1 2 9 60
7 2 2 59
3 2 6 60
2 4 13 59
2 4 6 58
8 4 20 58
3 3 5 57
8 2 6 58
8 2 8 59
4 2 13 59
1 3 5 58
6 2 7 59
7 3 7 59
2 2 8 60
2 4 12 59
7 3 9 58
1 2 19 58
6 3 6 57
1 8 6 57
6 2 9 58
3 2 10 58
2 2 10 59
7 2 9 58
5 2 8 58
4 2 8 59
3 2 8 59
1 2 7 59
8 6 8 57
5 5 8 57
2 3 7 57
6 4 8 58
3 2 8 58
3 5 9 57
1 2 9 57
1 2 10 57
4 2 10 57
2 2 14 57
6 3 14 57
3 3 19 57
2 3 23 57
7 4 29 57
4 3 30 57
6 3 31 57
8 2 30 57
4 3 35 57
3 4 35 57
2 3 3 56
2 2 17 57
7 2 18 57
6 3 23 57
5 3 26 57
8 4 10 56
8 3 17 57
3 3 17 57
6 3 24 57
1 2 15 56
6 2 19 57
7 2 18 57
4 2 26 56
6 2 30 56
3 4 30 56
2 2 30 56
1 5 33 56
6 4 33 56
5 2 35 56
2 2 36 56
5 2 37 56
8 3 5 55
5 3 27 56
3 2 26 56
4 2 8 55
5 2 12 56
8 2 13 57
3 2 12 57
8 2 22 57
1 2 29 56
5 2 7 55
1 2 7 55
2 2 9 56
7 4 9 57
1 3 17 56
3 2 26 56
7 2 7 55
4 2 9 56
5 2 10 57
7 2 10 58
3 5 9 55
3 2 11 56
5 2 18 57
8 2 10 56
4 3 16 57
5 2 10 56
5 2 11 57
6 2 10 56
8 2 13 57
7 3 10 56
4 2 10 57
1 3 9 55
2 2 10 55
4 2 22 55
4 2 24 55
5 3 23 55
6 2 25 55
5 2 36 55
8 4 12 54
4 2 23 55
6 2 35 55
8 2 35 55
3 2 34 55
4 2 33 55
3 2 12 54
5 3 21 55
8 3 24 55
6 3 30 55
5 2 12 54
8 4 16 55
2 2 15 55
4 3 14 54
3 2 14 55
7 3 17 55
8 2 23 55
2 2 13 54
6 2 15 55
8 3 16 55
3 2 15 55
8 2 20 54
6 2 21 55
5 2 22 55
7 3 23 54
4 2 22 54
8 2 25 54
1 2 28 54
7 2 36 54
8 6 37 54
6 4 36 54
2 3 37 54
8 2 36 54
2 2 37 54
1 2 39 54
6 2 38 54
3 2 37 54
2 2 9 53
7 2 13 54
1 3 13 55
5 3 27 54
3 2 13 53
3 2 27 54
8 2 13 53
2 2 13 54
1 2 15 55
5 3 14 54
2 2 16 55
5 2 17 55
1 2 15 54
2 2 20 54
6 6 12 53
7 2 18 54
6 2 17 54
7 2 11 53
1 2 15 53
5 2 18 54
1 3 17 53
8 2 20 53
3 3 23 53
1 2 22 53
1 4 28 53
4 2 31 53
2 3 31 53
8 2 33 53
2 2 32 53
8 2 32 53
7 2 39 53
5 2 16 52
3 2 23 53
2 2 28 53
6 4 29 53
7 2 28 53
4 2 29 53
4 3 17 52
5 2 27 53
4 4 18 52
7 3 19 53
7 3 25 53
4 2 30 53
2 3 17 52
2 2 27 53
8 3 28 53
5 2 27 53
6 2 22 52
1 2 28 53
7 2 23 52
4 2 30 52
4 2 32 52
6 3 34 52
5 2 34 52
7 4 36 52
8 2 42 52
7 3 47 52
3 2 7 51
1 2 8 52
5 2 11 53
2 2 20 53
3 2 21 53
5 2 20 53
4 2 7 52
4 3 17 52
2 2 37 52
6 2 39 52
1 3 15 51
8 2 29 52
3 2 37 52
1 2 36 52
1 2 18 51
1 2 33 52
5 2 35 52
5 2 17 51
6 3 23 52
1 2 22 52
1 2 23 52
5 4 20 51
2 2 31 51
2 4 32 51
6 2 37 51
5 2 37 51
2 2 38 51
2 2 39 51
4 2 41 51
6 2 42 51
7 6 41 51
5 2 40 51
1 4 40 51
4 2 49 51
1 2 1 50
2 2 10 51
3 2 27 52
1 3 22 51
7 2 27 52
6 2 34 51
7 3 42 51
2 4 42 51
6 2 1 50
6 2 7 51
5 3 7 52
8 2 8 53
3 2 16 54
4 2 16 55
7 2 15 55
6 2 15 54
3 2 8 53
7 2 13 54
3 2 12 54
4 2 13 55
8 3 12 53
5 2 11 53
1 2 12 54
4 2 6 50
6 3 22 51
7 2 26 51
4 2 26 51
3 3 26 51
8 2 5 50
2 5 9 51
4 2 23 52
2 3 22 52
7 2 8 51
8 2 18 52
3 2 12 51
6 2 16 52
1 2 16 51
7 2 21 51
5 2 16 50
1 3 20 51
4 2 17 50
6 4 19 51
8 3 19 50
1 2 19 50
7 3 20 50
5 2 21 51
4 2 20 51
8 3 21 50
6 2 23 50
3 2 25 50
8 2 28 50
7 2 32 50
5 2 32 50
4 2 31 50
5 2 32 50
6 3 31 50
4 3 1 49
7 2 11 50
1 2 15 50
5 2 15 51
7 2 17 52
3 2 15 51
2 2 16 52
8 3 15 51
4 2 15 50
2 2 16 50
1 4 4 49
5 2 9 50
1 2 10 51
7 2 6 49
6 2 8 50
4 2 13 51
3 2 7 50
5 2 12 51
5 2 15 50
7 5 12 49
1 2 14 49
3 3 13 49
2 2 15 50
4 2 16 50
1 2 13 49
7 2 14 50
5 2 19 49
6 3 20 49
4 3 21 49
7 2 24 49
3 2 24 49
5 3 30 49
7 2 30 49
2 3 32 49
7 2 31 49
5 2 31 49
5 3 35 49
1 5 38 49
6 4 1 48
8 3 1 49
2 4 4 50
8 2 31 49
4 2 30 49
2 2 1 48
5 2 1 49
3 2 8 50
4 2 11 50
8 2 11 51
2 2 5 49
2 2 10 50
4 3 5 49
6 2 5 50
2 2 12 49
6 4 15 49
1 3 5 48
6 2 4 48
3 2 6 49
5 2 5 49
1 4 4 48
8 2 4 49
8 2 7 50
7 3 7 50
4 2 4 49
5 4 3 48
8 3 8 49
4 4 3 48
1 2 3 49
7 3 5 50
1 2 5 50
7 4 6 48
2 3 6 49
4 2 10 49
7 2 24 48
2 2 24 48
7 3 36 48
3 3 35 48
4 2 5 47
5 2 17 48
7 2 28 48
5 2 27 48
8 3 5 47
1 3 5 48
3 2 5 49
7 2 7 49
5 2 4 48
7 3 8 48
2 2 7 48
6 2 8 48
4 5 10 48
8 3 6 47
6 2 15 48
1 2 14 48
3 3 7 47
7 2 9 48
3 2 11 48
8 2 15 48
2 2 18 47
7 2 20 47
6 4 20 47
2 2 23 47
7 2 25 47
8 2 24 47
1 2 24 47
4 2 37 47
1 2 37 47
5 2 38 47
8 2 4 46
4 2 10 47
2 2 12 48
7 2 13 48
1 2 18 47
3 2 29 47
3 2 15 46
7 2 16 46
2 2 20 47
7 2 19 47
4 2 17 46
2 2 21 47
3 2 20 47
6 2 16 46
1 2 21 46
7 3 21 46
5 2 22 47
8 2 21 47
1 2 22 46
6 2 25 46
2 4 26 46
5 2 29 46
2 3 32 46
3 3 33 46
6 3 33 46
5 3 42 46
2 2 45 46
1 3 47 46
6 3 46 46
7 2 46 46
8 2 48 46
4 2 47 46
3 3 48 46
7 2 2 45
6 3 3 46
7 2 3 47
2 3 8 48
5 3 8 48
7 2 7 48
6 2 7 49
3 2 6 48
6 2 2 47
4 2 5 47
8 3 6 47
4 2 10 47
5 2 5 46
3 2 9 47
1 2 5 46
1 2 8 47
2 3 10 47
5 2 28 46
8 2 9 45
7 2 12 46
5 2 9 45
4 3 10 46
8 2 12 46
1 2 19 46
4 2 19 46
6 2 22 46
2 3 28 46
2 3 18 45
7 2 18 46
3 3 18 46
1 3 19 45
8 2 19 45
2 2 22 46
3 2 23 46
7 2 24 46
7 4 18 45
5 3 17 45
4 2 20 46
1 2 17 45
2 2 19 46
4 2 21 46
6 4 19 45
7 2 19 45
7 2 24 45
6 2 24 45
8 2 30 45
8 4 31 45
7 2 32 45
1 4 31 45
7 2 1 44
4 2 3 45
2 2 11 46
6 2 12 47
2 2 29 44
5 2 29 44
7 4 30 44
3 3 35 44
2 2 36 44
3 2 41 44
7 2 41 44
6 2 47 44
7 2 50 44
4 2 52 44
1 2 51 44
1 2 55 44
4 2 6 43
1 3 7 44
6 2 8 45
5 3 8 46
1 3 10 46
4 2 12 47
6 3 11 46
5 2 14 47
5 2 9 45
3 2 8 45
8 2 16 45
1 2 18 45
8 2 7 44
7 2 7 45
1 2 8 46
7 3 9 47
6 2 8 47
8 2 8 46
6 2 7 46
6 2 27 44
5 2 27 44
7 4 6 43
1 2 16 44
4 2 29 44
2 2 37 44
5 2 42 44
1 2 7 43
2 2 9 44
4 4 21 44
8 2 20 44
4 2 13 43
6 3 17 44
3 2 16 44
1 3 12 43
6 2 20 44
8 2 28 44
4 2 11 43
8 2 18 44
4 2 25 44
3 8 30 44
6 2 18 43
3 2 19 44
6 2 24 44
7 3 19 43
5 2 21 44
8 3 24 44
3 2 23 44
4 2 28 43
8 2 28 43
1 3 28 43
4 2 28 43
5 2 27 43
5 2 30 43
1 3 29 43
3 3 28 43
4 2 27 43
5 2 30 43
3 2 37 43
4 4 3 42
5 2 5 43
3 11 8 44
2 3 15 45
8 2 8 44
7 5 10 45
8 2 10 45
2 3 9 44
5 2 8 44
1 2 10 45
3 2 9 45
6 2 8 44
4 2 9 44
2 3 14 43
1 2 9 42
5 3 15 43
4 2 25 43
4 2 10 42
1 2 10 43
4 2 13 44
8 3 9 43
7 3 10 43
1 2 11 44
2 2 10 44
5 3 9 43
3 3 9 43
8 3 11 43
2 5 9 42
7 2 9 42
4 2 24 42
8 2 30 42
6 2 30 42
2 2 31 42
3 2 34 42
7 2 34 42
8 2 35 42
5 2 34 42
2 2 34 42
6 4 38 42
4 2 7 41
1 2 9 42
5 2 16 42
5 2 25 42
1 2 33 42
4 4 9 41
6 2 13 42
4 2 14 42
2 2 15 43
6 2 16 42
3 6 21 42
8 2 25 42
5 2 26 42
4 2 26 42
7 4 12 41
8 2 15 42
1 2 18 42
2 3 22 42
1 3 21 42
5 2 23 42
1 2 12 41
5 2 12 42
3 2 12 43
2 3 16 41
8 2 20 42
6 5 16 41
4 4 19 41
3 2 20 41
4 3 25 41
8 3 25 41
8 2 30 41
6 2 31 41
7 2 30 41
5 2 32 41
6 3 31 41
3 2 32 41
1 3 1 40
2 3 4 41
8 3 4 42
6 2 7 43
7 3 7 43
3 6 8 41
8 2 11 41
2 2 10 41
8 2 12 41
7 2 13 42
5 2 13 42
7 2 13 42
6 3 12 41
1 2 2 40
5 2 5 41
7 2 8 42
1 2 3 40
4 2 6 41
8 2 3 40
8 2 4 41
1 2 5 42
8 2 6 43
6 2 6 44
4 2 5 44
5 2 5 42
3 3 3 41
6 3 6 41
7 2 11 41
6 3 3 40
7 2 3 40
5 3 4 40
1 3 5 41
3 2 4 41
7 2 4 42
6 2 4 42
5 2 3 42
1 3 6 40
5 5 5 40
4 2 6 41
5 5 10 40
1 2 12 40
3 2 15 40
3 2 21 40
8 2 24 40
2 2 24 40
1 2 31 40
6 2 41 40
6 3 43 40
3 2 1 39
6 2 26 40
3 4 34 40
1 2 33 40
5 2 36 40
8 4 36 40
7 5 35 40
7 2 3 39
6 2 7 40
5 2 14 40
1 6 14 40
4 5 14 40
8 2 13 40
4 3 29 40
2 2 9 39
3 2 17 40
4 2 24 40
3 2 10 39
7 2 12 40
2 3 12 40
1 2 13 39
8 3 20 40
2 2 14 39
4 2 19 40
3 2 21 40
5 2 20 40
2 2 19 40
1 4 18 40
3 2 14 39
8 3 17 40
1 2 15 39
5 2 15 40
7 2 16 39
6 2 16 39
1 3 16 39
3 2 22 39
5 2 24 39
3 3 16 38
2 3 16 39
4 2 18 39
8 2 19 39
2 2 16 38
4 3 22 38
1 4 21 38
3 2 21 38
2 2 22 38
3 2 23 38
6 2 29 38
3 2 29 38
4 2 28 38
5 3 28 38
2 2 34 38
5 2 38 38
4 4 39 38
1 4 46 38
2 2 1 37
1 2 26 38
7 3 25 38
2 3 25 38
7 2 34 38
5 5 34 38
6 2 33 38
8 5 33 38
5 2 32 38
4 2 32 38
7 2 31 38
6 2 30 38
3 2 2 37
7 5 2 38
4 2 2 39
6 2 12 39
6 2 15 40
7 2 11 39
5 2 13 40
8 2 12 40
4 2 10 39
1 3 9 39
7 2 10 40
8 2 10 39
5 2 5 38
3 2 9 39
5 2 3 37
7 2 5 38
8 2 8 39
4 3 6 38
7 2 6 38
1 2 7 39
8 2 7 38
8 2 5 37
7 2 10 37
8 2 12 37
8 2 14 37
8 2 15 37
4 2 15 38
6 2 20 37
3 5 21 37
1 2 23 37
7 2 28 37
2 2 29 37
6 2 31 37
3 3 31 37
3 2 35 37
6 2 36 37
4 2 35 37
7 3 38 37
7 2 39 37
4 3 2 36
3 2 2 37
2 2 6 38
6 2 5 38
8 2 5 39
1 2 1 37
2 2 7 37
1 2 6 37
5 2 10 38
3 2 10 38
8 2 8 37
6 2 8 38
2 4 11 37
7 2 10 37
8 2 14 37
7 2 1 36
5 2 13 37
1 2 14 37
6 2 4 36
2 2 9 37
5 2 8 37
6 3 12 36
3 2 12 36
5 6 13 37
7 2 13 37
6 2 12 36
8 2 15 37
2 4 13 36
4 4 12 36
7 2 11 36
2 4 20 36
7 2 19 36
3 2 19 36
5 3 19 36
8 3 26 36
5 2 25 36
6 3 24 36
1 2 24 36
8 2 25 36
2 2 30 36
4 2 31 36
8 5 31 36
4 2 37 36
8 2 2 35
3 2 5 36
5 2 11 37
2 2 11 37
8 2 11 37
7 2 8 36
1 2 9 36
2 2 11 37
1 2 12 37
7 6 10 36
4 2 20 36
7 3 19 36
5 3 5 35
6 2 8 36
4 2 19 36
5 3 19 36
2 2 6 35
1 3 6 36
2 2 8 37
3 2 7 37
8 5 7 36
7 2 7 36
4 3 7 37
6 3 6 36
2 3 6 35
3 2 11 36
8 4 8 35
2 2 9 35
5 2 9 36
3 2 9 35
6 2 9 36
5 2 9 35
4 3 9 35
1 2 10 35
5 3 9 35
4 4 13 35
4 2 16 35
5 2 23 35
5 2 28 35
1 6 7 34
6 2 19 35
2 3 18 35
6 3 21 35
8 2 22 35
6 2 10 34
6 2 15 35
1 2 14 35
3 2 16 34
7 8 16 34
6 3 22 34
2 2 22 34
3 2 24 34
8 2 28 34
1 2 27 34
5 3 34 34
1 2 37 34
5 3 40 34
1 2 40 34
4 2 45 34
2 2 54 34
6 3 54 34
1 2 4 33
3 3 4 34
5 2 15 35
8 2 6 34
3 2 7 35
7 2 7 36
1 2 6 36
6 2 6 35
8 2 10 35
8 4 7 34
2 2 6 34
5 2 12 35
4 2 12 35
4 2 5 34
3 2 9 34
2 2 8 34
4 3 19 34
3 2 18 34
8 2 17 34
5 2 19 34
6 3 21 34
8 2 29 34
1 2 5 33
7 3 14 34
8 4 10 33
3 2 10 34
4 2 10 34
6 2 19 34
4 2 20 34
3 2 20 34
5 2 9 33
7 3 16 34
3 2 21 34
4 2 10 33
2 2 15 34
7 2 9 33
6 3 13 34
4 2 10 33
1 2 12 34
8 2 13 34
3 2 13 34
1 2 13 34
5 2 12 34
5 2 9 33
2 2 10 34
8 2 11 35
8 3 9 33
1 2 9 34
2 2 10 33
1 2 18 33
4 2 17 33
2 2 20 33
7 4 21 33
6 2 24 33
8 2 3 32
6 3 10 33
7 2 13 33
3 2 13 33
1 2 20 33
1 2 5 32
8 2 7 33
3 2 9 34
3 2 4 32
2 2 16 33
5 2 5 32
2 2 7 33
6 2 13 33
1 2 12 33
8 2 11 33
6 2 6 32
1 2 7 32
5 2 13 33
1 2 8 32
1 2 12 33
3 2 7 32
7 2 10 33
5 3 14 32
4 2 14 32
3 2 14 32
7 2 25 32
8 2 27 32
7 3 27 32
5 2 26 32
6 2 26 32
6 2 28 32
3 4 28 32
1 2 30 32
8 2 38 32
5 2 3 31
7 2 3 32
4 3 5 33
4 2 6 33
3 2 9 33
2 2 5 32
7 2 10 32
8 3 10 33
2 3 25 32
1 6 10 31
4 3 13 32
1 2 21 32
3 2 22 32
3 2 24 32
2 2 11 31
3 3 14 32
4 2 19 32
5 4 10 31
2 2 14 32
5 2 18 32
4 3 9 31
6 4 13 32
5 2 12 32
1 2 12 32
2 2 12 32
3 3 11 32
2 2 9 31
3 3 16 31
7 6 16 31
5 2 18 31
5 2 21 31
6 2 23 31
3 2 25 31
5 3 26 31
8 2 32 31
1 2 33 31
5 2 34 31
1 2 35 31
8 2 35 31
6 4 34 31
7 4 4 30
3 2 4 31
8 2 10 32
5 2 6 31
4 4 8 32
1 2 9 32
2 2 11 31
3 2 11 31
7 3 11 31
2 2 11 31
1 2 10 31
7 2 10 32
8 3 11 31
7 2 5 30
7 2 11 31
6 2 10 30
3 3 13 31
6 2 16 30
1 3 16 30
8 2 17 30
6 3 17 30
8 2 19 31
2 2 18 31
6 2 19 30
7 2 18 30
8 2 32 30
4 2 32 30
1 3 42 30
2 2 43 30
7 2 43 30
2 5 44 30
1 2 2 29
6 2 7 30
5 2 8 31
2 2 9 32
6 2 10 32
4 3 8 31
5 2 9 32
1 2 8 31
4 2 13 30
8 2 27 30
6 4 10 29
5 2 12 30
7 3 10 29
5 3 37 30
8 3 10 29
6 3 17 30
7 3 19 30
2 2 19 30
5 2 23 30
3 2 31 30
8 4 20 29
4 2 19 29
3 3 21 30
1 3 30 30
1 4 21 29
3 2 28 30
4 3 20 29
2 4 29 29
7 4 30 29
6 3 34 29
1 3 33 29
8 4 35 29
5 4 38 29
4 2 39 29
1 2 5 28
2 2 7 29
4 2 8 30
1 2 16 30
3 2 4 28
2 2 13 29
2 2 19 30
5 3 20 30
7 2 19 30
3 3 19 30
5 3 13 29
4 2 13 30
4 2 15 30
1 2 15 30
8 3 28 29
1 3 12 28
8 3 12 29
1 2 18 29
8 2 17 29
7 2 16 29
6 2 14 28
4 2 14 29
7 5 17 28
1 2 18 29
7 2 21 28
1 3 22 28
5 3 22 28
3 2 22 28
5 2 23 28
4 2 28 28
2 2 33 28
1 2 33 28
3 5 33 28
5 2 38 28
5 2 2 27
8 2 29 28
4 3 37 28
6 4 4 27
2 3 7 28
3 2 11 29
6 2 16 30
2 2 11 29
3 2 13 30
7 2 12 30
1 2 12 29
2 2 12 29
1 2 6 28
5 3 8 29
3 3 8 30
3 2 9 29
4 2 5 28
4 2 9 28
8 3 3 27
4 2 3 28
1 2 9 29
7 2 2 28
6 2 2 28
2 3 5 29
8 2 7 30
5 2 10 31
7 2 3 28
5 2 5 29
5 2 6 28
7 2 5 27
2 2 6 28
8 2 8 28
6 4 8 28
1 2 7 28
2 2 8 27
4 2 9 28
7 2 8 28
7 4 13 27
2 2 16 27
4 2 18 27
5 2 23 27
4 2 24 27
1 5 23 27
7 2 22 27
4 4 30 27
5 2 29 27
8 3 30 27
5 2 31 27
1 3 40 27
1 2 1 26
4 2 19 27
1 2 24 27
7 2 24 27
7 2 26 27
7 2 27 27
4 2 33 27
4 2 35 27
3 2 1 26
4 2 3 27
8 2 2 27
3 2 4 28
3 2 21 27
3 2 29 27
2 2 1 26
4 2 21 27
6 2 1 26
2 2 6 27
2 2 19 27
8 2 3 26
3 2 5 27
7 3 5 28
3 4 8 27
8 2 10 27
5 2 21 27
5 2 3 26
7 2 4 26
7 3 7 26
5 2 7 27
1 2 7 26
7 9 9 27
3 3 17 27
2 4 16 27
1 2 12 26
3 5 12 26
3 2 14 27
8 2 10 26
4 2 14 27
6 2 13 27
5 2 15 26
8 2 16 26
3 2 20 26
1 3 2 25
1 2 11 26
6 3 20 26
7 2 19 26
5 2 2 25
2 3 16 26
8 2 18 26
6 2 2 25
2 3 2 25
7 2 9 26
5 3 9 26
4 2 12 27
6 2 12 26
3 2 14 26
6 2 2 25
5 2 7 26
6 2 10 25
4 2 11 26
8 2 10 25
3 3 11 25
2 5 16 25
1 2 14 25
3 2 15 25
4 2 18 25
7 2 19 25
4 2 22 25
2 2 21 25
1 3 25 25
5 2 24 25
2 2 24 25
8 2 25 25
4 2 25 25
5 2 28 25
1 5 31 25
7 5 30 25
2 2 34 25
6 2 7 24
8 4 12 25
8 2 17 25
4 2 20 25
2 2 26 25
1 3 26 25
7 4 26 25
2 2 8 24
6 2 11 25
5 8 11 26
4 2 12 26
1 2 12 25
6 2 16 25
3 2 20 25
2 2 16 24
5 3 20 25
1 2 19 25
4 2 16 24
3 2 20 24
8 4 20 25
4 2 23 24
5 2 25 24
7 3 24 24
5 2 33 24
4 3 32 24
7 2 31 24
3 2 31 24
8 4 31 24
4 2 12 23
2 2 12 24
3 2 12 25
7 2 17 25
5 2 16 24
2 2 25 24
6 3 20 23
5 4 21 23
1 3 20 23
4 5 27 24
6 2 36 23
5 2 35 23
5 2 37 23
6 2 36 23
7 2 35 23
7 2 40 23
4 2 40 23
2 2 42 23
8 3 41 23
7 2 42 23
4 2 43 23
7 2 46 23
5 2 45 23
1 3 50 23
7 2 49 23
3 2 6 22
5 2 11 23
4 3 11 24
5 2 17 24
1 2 35 23
1 2 43 23
2 2 8 22
3 2 12 23
2 2 16 24
6 2 11 23
4 3 11 23
8 2 11 24
7 2 11 25
1 2 14 25
4 2 13 24
6 2 15 25
7 2 12 24
5 2 14 24
8 2 21 23
7 2 20 23
2 2 28 23
5 2 31 23
3 2 7 22
8 3 28 23
6 3 14 22
1 2 21 23
4 2 20 23
7 2 15 22
4 2 17 23
2 2 15 22
1 2 22 23
2 3 25 22
4 3 26 22
7 2 31 22
4 2 33 22
7 2 32 22
4 2 31 22
7 2 39 22
3 2 38 22
6 2 41 22
3 2 41 22
1 2 40 22
7 4 44 22
4 2 1 21
7 3 4 22
7 3 6 23
1 2 9 24
2 2 10 25
1 2 11 26
8 2 12 22
3 2 13 23
6 2 21 23
7 2 11 22
3 3 19 23
7 3 31 22
5 3 31 22
8 5 4 21
2 2 6 22
5 2 5 22
2 2 12 23
1 2 12 24
3 2 11 23
7 3 18 22
4 2 22 22
3 2 24 22
4 3 25 22
8 3 25 22
6 2 5 21
2 2 16 22
8 2 22 22
4 2 6 21
2 2 21 22
6 2 6 21
1 3 6 21
5 2 8 22
7 2 8 22
8 3 8 23
6 2 9 24
5 2 8 22
1 2 9 23
6 2 11 23
4 2 10 23
6 2 6 21
6 2 13 22
8 2 6 21
2 2 11 22
4 2 11 22
1 2 10 22
5 4 5 21
5 2 6 21
7 2 7 22
3 2 8 23
6 2 7 23
2 2 6 22
4 5 10 21
1 2 14 21
8 3 13 21
3 2 18 21
7 2 18 21
8 2 17 21
8 2 20 21
6 2 19 21
6 2 20 21
5 2 20 21
2 2 21 21
7 2 1 20
3 3 9 21
5 2 10 21
4 2 1 20
8 2 5 21
1 3 7 21
1 8 9 21
2 4 1 20
6 2 2 20
5 7 3 21
2 2 11 21
8 2 12 21
3 3 17 21
7 2 17 21
3 2 17 21
1 4 1 20
8 3 1 21
4 2 4 22
7 2 4 22
5 2 4 23
6 2 7 21
7 2 8 21
6 2 10 21
1 2 6 20
4 2 6 21
5 9 8 20
6 2 14 20
4 3 15 20
3 2 14 20
2 2 14 20
6 3 14 20
3 2 18 20
2 2 17 20
4 3 17 20
7 2 18 20
5 2 22 20
7 2 23 20
4 3 22 20
3 2 1 19
4 2 2 20
7 2 8 21
5 3 1 20
3 3 6 21
6 3 1 20
3 2 7 20
1 2 7 19
1 4 12 19
8 2 12 20
1 2 13 19
2 2 13 19
5 2 19 19
7 3 25 19
5 2 25 19
6 2 26 19
5 2 26 19
5 5 37 19
3 3 41 19
6 2 42 19
3 4 42 19
5 4 43 19
1 3 42 19
1 4 45 19
5 6 12 18
1 2 14 19
8 4 30 19
1 2 29 19
7 3 37 19
6 3 19 18
1 2 24 19
4 2 23 19
8 2 22 19
3 2 23 19
2 2 27 19
8 2 31 19
3 2 20 18
7 2 24 19
6 2 20 18
2 2 21 19
4 2 22 19
5 2 21 19
6 2 21 18
6 2 22 18
2 4 23 19
1 3 22 18
5 3 26 19
3 2 25 18
7 2 25 19
8 2 26 18
8 2 28 18
3 2 27 18
3 2 4 17
6 2 24 18
3 2 24 19
7 2 23 18
5 2 28 18
2 2 30 18
5 2 30 18
1 2 3 17
2 4 11 18
4 3 11 19
6 2 11 20
7 2 18 19
8 2 20 19
8 8 16 18
5 2 17 19
4 4 15 18
2 2 3 17
7 2 4 18
3 2 5 19
6 2 14 19
3 2 16 19
5 3 3 18
2 4 12 19
1 2 11 18
4 2 13 18
7 2 13 19
6 2 5 17
4 2 15 17
3 2 15 17
7 3 22 17
1 3 22 17
4 3 21 17
3 3 21 17
7 2 24 17
2 4 23 17
6 2 49 17
7 2 49 17
8 3 49 17
4 2 48 17
5 2 49 17
4 3 51 17
3 2 5 16
8 8 5 17
7 2 6 18
6 2 10 18
1 2 5 17
4 5 6 18
5 2 8 19
1 2 8 19
8 2 7 18
7 3 4 17
5 2 6 17
2 3 9 17
4 3 22 17
4 2 12 16
5 2 16 17
7 3 25 17
1 2 28 16
8 2 30 16
7 2 33 17
6 2 32 17
3 3 30 16
2 3 32 16
8 3 31 16
7 2 32 16
3 2 32 17
1 2 32 16
7 2 44 16
4 2 1 15
8 2 5 16
1 3 15 17
7 2 14 17
8 2 17 17
3 2 19 17
8 2 22 17
3 2 6 16
5 2 9 17
4 2 17 17
7 3 6 16
2 2 12 17
2 2 14 16
7 2 15 17
5 2 18 17
3 2 18 17
4 2 19 17
4 3 14 16
1 2 13 16
5 4 21 16
3 2 20 16
6 2 8 15
6 2 9 16
6 2 16 17
1 2 15 17
6 2 14 17
5 2 14 16
7 2 14 15
1 3 14 15
7 2 15 16
6 4 16 16
3 2 18 16
8 4 17 15
6 2 22 15
2 3 22 15
1 3 22 15
4 2 21 15
1 2 20 15
5 2 23 15
3 2 23 15
1 2 23 15
6 2 25 15
7 2 26 15
1 2 29 15
8 3 31 15
1 3 31 15
3 2 32 15
8 2 34 15
2 2 35 15
6 2 3 14
4 2 10 15
8 2 10 16
7 2 10 17
1 2 9 17
5 2 3 14
8 3 20 15
2 2 19 15
4 3 2 14
8 2 2 15
2 2 7 16
4 2 11 16
8 2 10 16
7 3 1 15
6 2 6 16
8 2 6 17
4 2 6 17
3 5 6 15
2 2 6 16
3 2 6 17
6 2 6 18
1 2 5 16
7 3 5 16
6 3 13 15
5 2 15 15
7 3 23 15
3 2 22 15
6 2 21 15
8 2 12 14
8 3 15 15
1 2 12 14
2 2 19 15
4 2 19 15
1 2 19 15
1 2 13 14
3 2 17 14
5 3 17 15
1 2 19 14
4 3 27 14
1 3 28 14
8 7 36 14
3 2 37 14
1 2 36 14
7 5 6 13
8 2 21 14
4 2 34 14
7 2 33 14
3 3 7 13
6 2 16 14
8 2 17 15
7 3 22 14
5 2 27 14
8 2 27 14
6 2 26 14
2 2 27 14
4 2 6 13
2 2 9 14
3 5 9 15
5 2 8 15
2 2 7 15
2 2 10 15
6 2 9 14
4 2 21 14
2 3 12 13
4 2 12 14
2 2 14 14
8 2 16 14
5 4 11 13
3 3 13 14
6 2 12 14
5 2 12 14
7 2 11 14
1 4 11 13
2 2 11 14
6 2 11 13
7 2 11 13
6 2 11 13
5 2 13 13
6 2 21 13
3 4 22 13
4 2 21 13
4 2 22 13
5 8 22 13
4 2 22 13
7 2 29 13
1 2 29 13
3 3 28 13
4 3 28 13
1 2 27 13
2 2 26 13
1 2 6 12
5 2 8 13
1 3 8 14
5 2 7 14
7 2 17 13
8 7 17 13
6 3 17 13
2 3 7 12
8 2 12 13
6 4 6 12
5 3 6 13
7 4 9 13
2 3 14 13
2 3 15 13
1 2 14 13
1 2 16 13
2 2 5 12
4 2 7 13
3 2 8 13
1 2 7 13
3 2 9 12
5 2 9 13
4 3 19 12
6 3 22 12
6 4 25 12
4 2 43 12
8 3 42 12
8 2 6 11
5 2 16 12
2 3 25 12
5 2 26 12
6 2 32 12
6 2 36 12
5 2 11 11
8 2 20 12
3 2 23 12
7 2 28 12
7 2 32 12
3 2 13 11
1 2 14 12
6 3 13 12
5 2 16 11
7 2 16 12
5 2 24 12
8 3 30 12
1 3 16 11
7 2 16 11
7 2 29 11
4 2 30 11
4 3 33 11
5 2 34 11
3 2 34 11
6 2 34 11
1 3 35 11
1 2 37 11
8 3 1 10
5 2 1 11
5 2 3 12
1 2 3 12
4 2 14 12
8 2 14 12
4 2 14 12
7 2 19 12
4 2 8 11
1 3 8 12
2 2 8 13
7 2 9 13
1 4 22 11
8 3 29 11
4 4 1 10
6 2 14 11
6 2 5 10
5 2 12 11
8 2 17 12
3 2 17 12
3 3 10 10
6 2 9 10
8 2 10 11
3 2 12 12
5 2 12 12
7 4 8 10
6 3 13 11
4 2 16 12
2 2 13 11
3 2 12 11
2 3 12 12
4 2 8 10
1 2 7 10
8 5 8 11
1 2 9 11
8 2 11 12
4 2 11 12
5 2 7 10
6 2 14 10
7 3 17 10
2 2 17 10
4 2 18 10
5 2 20 10
8 2 24 10
6 5 24 10
2 2 25 10
3 2 27 10
8 2 31 10
5 2 34 10
1 5 35 10
4 2 35 10
5 4 36 10
7 2 37 10
3 2 38 10
2 2 1 9
3 2 15 10
6 2 15 10
7 2 17 10
1 2 21 10
8 2 24 10
6 2 30 10
1 3 2 9
7 2 24 10
2 2 23 10
6 2 1 9
4 2 27 10
3 2 2 9
6 2 23 10
1 2 1 9
8 2 8 10
7 3 10 11
5 2 8 10
6 2 8 10
1 2 8 10
3 2 9 11
7 2 7 10
3 2 7 9
7 2 7 9
5 2 7 10
3 3 8 9
1 3 8 10
7 2 14 10
5 2 8 9
8 2 13 10
2 2 12 10
1 2 14 9
4 3 21 9
5 2 28 9
7 2 32 9
8 3 31 9
6 2 5 8
4 2 5 9
5 2 11 10
6 4 13 8
5 2 27 9
4 5 29 9
8 2 18 8
2 7 24 8
8 2 24 8
1 5 26 8
6 2 26 8
5 2 28 9
2 2 26 8
3 2 25 8
4 2 33 8
2 2 35 8
5 4 42 8
4 2 48 8
8 2 49 8
3 3 48 8
1 3 49 8
4 2 48 8
5 4 48 8
1 2 2 7
5 2 17 8
6 2 17 9
2 2 17 9
5 2 16 9
4 2 2 7
6 3 7 8
8 2 14 9
3 2 13 8
8 3 32 8
8 2 34 8
8 2 41 8
2 2 19 7
6 2 19 8
4 2 22 9
8 2 18 8
6 2 20 9
1 2 21 8
4 3 19 7
3 2 22 8
4 2 24 8
3 7 24 8
1 2 25 8
3 2 25 8
8 2 27 8
2 2 21 7
8 2 21 8
7 2 23 8
1 3 26 7
8 3 52 7
2 4 51 7
6 2 51 7
3 3 4 6
3 3 7 7
5 2 11 8
3 2 17 9
7 2 10 8
2 2 16 9
5 2 17 8
6 2 7 7
2 3 7 8
8 2 9 9
2 2 9 10
4 3 9 10
7 2 12 9
8 2 6 7
1 2 8 8
4 2 12 9
7 5 7 8
7 2 12 9
4 2 8 7
6 2 7 7
2 2 12 8
6 3 9 7
5 2 11 8
7 2 24 7
1 2 8 6
4 3 16 7
4 2 20 7
7 6 26 7
2 2 25 7
4 2 29 7
3 2 7 6
1 4 7 7
3 2 6 7
8 2 9 8
7 2 5 7
6 2 9 8
4 2 4 7
3 2 8 8
1 2 3 7
4 2 3 7
8 4 7 8
5 3 6 7
1 2 7 7
5 2 8 7
6 3 10 7
2 2 9 7
4 3 5 6
2 2 6 7
4 2 6 8
1 2 5 7
7 3 5 6
4 2 15 6
7 2 17 6
5 3 19 6
6 2 22 6
2 2 24 6
5 2 24 6
6 3 23 6
1 4 28 6
7 2 28 6
6 2 31 6
5 2 32 6
1 2 32 6
2 4 31 6
8 2 1 5
6 3 10 6
8 3 9 6
6 2 13 6
5 2 13 6
1 2 12 6
4 4 6 5
8 2 24 6
2 2 26 6
4 3 16 5
3 4 19 6
7 2 23 6
1 2 15 5
8 2 20 6
7 2 18 5
4 2 18 5
6 2 18 5
7 3 18 5
6 3 18 5
7 4 20 5
6 2 25 5
8 2 30 5
2 2 29 5
3 3 29 5
7 2 29 5
4 2 31 5
8 2 33 5
1 3 2 4
6 3 4 5
5 2 4 6
8 2 3 6
7 2 6 6
8 2 7 6
2 2 15 6
2 2 6 5
8 2 8 6
4 2 8 6
1 2 9 5
1 2 14 6
5 3 10 5
7 2 9 5
3 2 10 6
2 2 9 6
8 2 13 5
2 3 13 5
3 3 7 4
8 3 7 4
8 2 13 5
6 2 15 5
2 2 15 4
5 4 21 4
2 2 20 4
1 2 22 4
2 2 22 4
8 3 29 4
6 2 28 4
4 2 29 4
2 2 35 4
1 3 38 4
2 3 41 4
7 2 45 4
8 2 1 3
3 2 1 4
2 2 2 5
3 2 2 5
7 3 2 6
5 2 2 7
2 3 3 7
5 6 1 5
5 2 6 6
1 3 6 3
3 2 7 4
6 2 18 4
2 2 23 4
8 3 25 4
4 2 27 4
3 3 27 4
8 2 26 4
5 2 25 4
5 2 27 4
4 3 8 3
5 3 18 4
1 3 9 3
7 4 15 4
2 3 22 4
4 3 21 4
8 3 9 3
5 3 9 4
4 2 12 4
1 3 12 4
1 3 13 4
6 2 13 4
3 2 18 4
4 3 22 4
5 2 21 4
2 2 15 3
1 3 15 3
4 3 16 3
7 2 26 3
5 3 30 3
8 3 29 3
6 2 29 3
8 2 29 3
7 3 31 3
4 2 31 3
1 2 2 2
6 3 19 3
7 3 18 3
4 2 1 2
4 2 6 3
5 3 12 4
6 3 15 4
8 2 16 4
8 3 8 3
2 2 12 4
2 2 13 3
7 2 13 4
3 2 12 3
6 4 13 2
1 3 13 3
2 2 16 3
6 2 23 2
5 2 23 2
7 2 28 2
2 3 34 2
5 2 33 2
3 2 32 2
8 5 34 2
1 2 37 2
8 5 38 2
6 2 40 2
8 2 45 2
5 2 6 1
5 2 20 2
4 3 26 2
3 3 27 2
5 2 30 2
3 3 35 2
2 2 35 2
6 3 35 2
3 2 12 1
7 2 32 2
3 2 17 1
4 2 30 2
5 2 21 1
1 2 32 2
7 2 28 1
2 2 28 2
7 2 34 1
6 2 38 1
8 2 55 1
