5334
1582
2 2 8 67
7 3 13 67
8 2 13 67
8 3 17 67
4 2 17 67
1 2 20 67
3 2 20 67
4 2 26 67
5 2 29 67
3 2 28 67
7 6 31 67
2 3 32 67
6 2 32 67
3 2 33 67
6 3 37 67
1 2 39 67
7 3 39 67
4 2 1 66
6 2 4 67
7 3 4 67
3 3 15 67
5 2 14 67
2 2 8 66
3 2 18 67
2 4 19 67
7 2 18 67
2 4 24 67
5 4 23 67
3 2 27 67
3 3 8 66
4 3 20 67
7 2 19 67
2 2 23 67
8 3 11 66
5 2 19 67
6 2 10 66
2 3 19 66
5 2 19 66
7 4 21 67
8 4 3 65
2 4 9 66
1 4 9 67
3 2 15 67
4 2 14 67
6 3 15 67
8 2 14 67
2 2 4 65
8 3 5 66
4 3 8 67
1 2 11 67
3 2 4 66
2 2 7 66
5 3 5 65
7 2 8 65
7 2 13 65
1 3 16 65
3 3 24 65
2 2 35 65
6 3 34 65
8 2 33 65
3 4 33 65
7 4 33 65
4 2 17 64
6 2 16 64
7 3 26 65
4 2 27 65
8 2 19 64
7 2 19 65
2 2 19 65
8 2 20 65
7 2 19 65
5 2 19 64
2 3 19 64
8 2 19 65
7 3 27 64
4 2 29 64
7 5 30 64
5 2 3 63
3 4 3 64
3 2 6 65
2 2 9 66
4 2 5 65
1 2 5 65
3 2 8 66
1 2 8 65
1 3 14 65
5 2 13 65
6 2 2 64
5 2 10 65
3 2 9 65
2 2 3 64
7 2 4 65
6 3 4 66
8 2 5 66
6 2 5 66
5 3 3 65
2 3 3 66
8 3 11 64
2 3 9 63
3 2 17 64
7 2 9 63
8 2 12 64
4 3 11 64
7 2 10 63
2 2 12 64
7 3 12 63
6 3 12 64
8 3 23 63
7 6 35 63
1 5 7 62
6 3 13 63
3 2 12 63
4 6 12 62
2 2 23 63
3 2 26 63
6 2 25 63
5 2 11 62
7 2 12 63
8 2 11 63
5 4 24 63
3 2 12 62
2 2 17 63
7 2 18 63
3 2 20 62
4 2 20 63
2 2 19 62
8 2 20 63
7 2 27 62
8 2 29 62
7 8 29 62
3 2 1 61
1 4 1 62
8 4 4 63
3 4 8 64
3 2 3 63
1 3 6 64
5 2 9 64
4 2 5 63
6 2 8 64
8 2 5 62
3 2 10 63
4 2 9 62
4 3 12 62
5 2 18 62
4 2 18 62
3 2 5 61
7 2 7 62
2 2 6 62
6 2 5 62
8 3 7 62
5 2 6 61
1 2 8 61
5 2 7 61
3 2 11 62
2 3 9 61
4 2 10 61
8 2 11 61
2 2 10 61
2 2 17 61
2 2 18 61
5 2 18 61
8 3 20 61
7 10 20 61
6 3 5 60
8 2 6 60
7 2 8 60
3 2 10 61
4 2 15 61
8 2 14 61
6 2 8 60
7 2 8 60
3 3 11 61
5 2 7 60
4 2 10 61
8 3 10 62
2 5 9 61
7 2 6 60
3 3 6 61
6 2 8 62
8 3 9 60
2 2 8 60
5 2 8 61
6 2 13 60
8 2 14 60
7 5 14 60
7 2 16 60
8 3 5 59
2 2 5 60
1 2 14 60
7 2 23 59
5 2 23 59
8 5 25 59
7 2 27 59
3 5 27 59
7 2 31 59
3 2 32 59
5 2 31 59
3 2 31 59
7 4 31 59
6 2 31 59
4 5 31 59
7 3 32 59
2 4 1 58
1 2 2 59
4 4 5 60
7 2 4 60
3 3 4 59
6 2 5 60
2 2 6 61
4 2 6 61
4 2 3 59
1 2 3 59
6 2 2 58
8 3 2 59
5 2 2 60
3 3 1 60
4 2 1 59
6 3 2 59
5 2 7 59
3 2 14 59
2 3 15 59
7 3 1 58
8 2 2 58
8 2 3 58
8 2 14 59
6 4 3 58
4 2 13 59
5 2 3 58
7 2 10 59
6 2 3 58
1 2 3 59
2 2 3 60
5 2 3 61
7 4 16 58
7 2 17 58
7 3 19 58
2 2 2 57
1 3 15 58
7 2 2 57
4 3 13 57
2 2 16 58
6 3 12 57
8 4 12 57
1 2 12 57
4 2 12 58
7 2 12 57
4 2 13 58
6 2 12 57
5 2 14 58
4 4 15 57
8 3 15 57
7 2 14 57
6 2 14 57
2 3 14 57
6 3 17 57
7 5 27 57
6 2 3 56
2 2 11 57
3 2 11 57
1 2 13 57
3 2 13 58
8 2 4 56
7 2 15 57
6 2 19 57
7 2 3 56
3 2 15 57
2 3 18 57
4 3 17 57
7 5 6 56
2 2 6 57
6 2 6 58
8 2 9 59
2 2 6 58
3 2 6 59
4 2 6 59
5 2 7 57
5 2 8 57
5 3 9 57
6 3 9 56
8 2 8 56
1 2 11 56
7 2 11 56
1 2 15 56
5 4 21 56
7 2 21 56
1 3 3 55
5 3 9 56
1 2 8 56
7 2 10 57
3 2 2 55
6 3 9 56
3 4 8 55
1 2 9 56
5 2 13 56
3 3 13 56
4 3 8 55
1 2 9 55
7 3 9 55
5 6 10 55
3 3 11 56
6 2 10 55
8 2 13 55
6 3 15 55
1 2 23 55
7 5 24 55
2 2 6 54
8 2 5 54
5 4 6 55
6 2 7 56
1 2 6 55
3 2 6 54
3 2 17 55
5 3 17 55
6 2 11 54
2 2 14 55
4 4 13 55
2 4 11 54
6 2 12 54
5 3 12 54
2 3 16 54
5 3 18 54
4 2 18 54
2 3 17 54
1 2 18 54
4 2 18 54
7 3 23 54
6 2 1 53
7 3 12 54
8 3 8 53
4 2 13 54
1 2 13 55
5 2 12 54
8 2 12 55
3 2 11 54
1 2 11 55
7 3 10 54
2 2 9 54
3 2 7 53
1 2 8 54
6 3 6 53
6 2 10 53
5 3 14 53
6 2 14 53
6 3 15 53
3 2 15 53
5 2 15 53
3 2 16 53
6 3 27 53
7 3 28 53
3 2 4 52
7 4 7 53
5 3 7 53
3 2 16 53
6 2 4 52
7 2 5 53
4 2 7 54
4 2 13 52
6 2 13 52
2 3 13 53
5 3 16 53
2 5 17 53
7 2 17 53
7 2 14 52
8 2 22 52
7 2 31 52
8 4 3 51
1 3 13 52
3 2 17 53
6 3 13 52
7 2 15 53
5 2 12 52
5 2 16 53
2 2 27 51
7 2 28 51
5 4 28 51
3 2 32 51
6 2 38 51
7 2 44 51
6 2 5 50
5 2 7 51
4 2 11 52
3 2 14 52
7 2 21 51
2 2 30 51
6 3 31 51
4 2 6 50
6 2 7 51
4 2 8 52
3 2 9 53
3 3 7 51
4 2 11 52
1 2 13 53
2 2 10 52
6 2 11 53
5 3 10 52
8 2 11 53
4 2 11 53
5 2 11 51
6 2 12 51
4 3 16 51
5 2 6 50
1 4 7 50
4 2 27 51
2 4 7 50
3 2 9 51
3 2 10 52
7 2 17 51
8 2 25 51
2 2 9 50
1 2 21 51
6 2 21 51
4 2 13 50
8 2 17 51
6 2 16 51
7 4 16 51
5 2 18 51
3 4 24 50
7 2 23 50
5 2 22 50
7 2 22 50
4 2 1 49
4 2 6 49
3 2 7 50
7 2 9 51
8 2 12 51
1 2 13 51
2 4 12 51
6 2 11 50
5 2 5 49
7 2 11 50
2 3 7 49
5 2 8 50
1 2 9 51
5 2 10 51
3 2 9 51
3 2 8 49
4 2 9 49
8 2 9 50
1 2 10 49
3 2 18 49
6 2 19 49
5 2 25 49
4 4 26 49
7 4 26 49
7 2 27 49
4 2 4 48
3 2 16 49
6 2 24 49
4 2 24 49
6 2 9 48
6 2 14 49
4 2 9 48
1 2 9 48
5 2 9 49
7 2 19 49
6 2 14 48
8 2 15 49
2 2 15 49
4 3 16 48
2 2 18 48
5 3 18 48
6 2 29 48
4 2 34 48
5 2 38 48
7 2 38 48
3 2 3 47
2 2 8 48
5 3 12 49
7 2 12 49
8 2 14 49
6 3 14 48
5 2 14 49
3 2 14 48
1 2 14 49
6 2 14 48
1 3 24 48
6 4 5 47
5 2 9 48
8 3 9 49
4 2 12 49
2 4 20 48
2 2 6 47
5 3 17 48
2 2 16 48
1 2 5 47
7 4 6 48
4 2 7 49
1 4 7 50
3 2 8 47
3 2 9 48
7 2 10 47
8 4 12 48
6 2 11 48
5 2 11 48
1 2 12 47
1 2 17 47
2 4 19 47
7 2 21 47
5 3 5 46
3 2 18 47
3 2 5 46
2 2 7 47
4 5 11 48
6 2 6 47
8 2 12 47
1 5 5 46
6 2 16 46
2 2 20 46
4 3 22 46
1 2 35 46
5 2 36 46
7 2 40 46
5 2 5 45
7 3 5 46
2 2 5 47
4 2 4 47
2 2 9 47
2 2 14 46
7 2 20 46
3 4 29 46
2 3 3 45
5 3 11 46
6 2 15 46
2 3 15 46
1 2 17 46
2 2 20 46
5 2 19 46
7 2 15 45
4 2 14 45
6 3 14 45
1 2 15 46
4 2 22 46
3 2 21 45
8 3 21 46
6 2 20 46
8 2 19 46
5 3 21 45
8 2 21 45
5 2 23 45
4 2 24 45
4 2 3 44
6 3 8 45
4 3 8 46
8 3 10 47
1 2 7 46
1 2 8 45
3 5 12 46
7 3 8 45
2 2 8 46
3 2 8 47
4 2 8 47
2 2 9 45
7 2 8 45
7 2 10 45
8 2 7 44
4 2 7 45
6 2 7 46
8 5 7 47
5 3 6 46
3 2 6 45
6 2 11 44
5 3 16 44
3 3 15 44
1 2 20 44
7 2 20 44
8 2 20 44
5 2 20 44
2 3 19 44
8 2 20 44
6 2 22 44
8 3 23 44
7 4 23 44
3 2 8 43
2 2 10 44
3 2 17 44
2 3 12 43
1 2 16 44
1 4 12 43
8 3 12 44
6 3 13 44
5 2 12 44
7 2 11 44
3 4 13 43
8 2 16 43
5 2 16 43
3 3 21 43
8 2 22 43
5 2 23 43
7 2 23 43
7 2 24 43
2 3 24 43
5 4 3 42
1 2 10 43
2 2 11 44
6 3 9 43
4 2 19 43
1 2 27 43
6 3 27 43
7 2 26 43
7 3 5 42
1 5 19 43
7 3 26 43
7 2 6 42
1 2 7 43
4 2 8 44
8 2 6 43
3 2 8 44
5 2 10 44
2 3 10 42
3 2 12 42
1 2 16 43
8 2 16 42
8 2 17 43
6 2 20 42
5 2 21 42
6 2 21 42
7 2 20 42
2 3 3 41
8 2 11 42
6 2 11 43
8 2 16 42
8 3 3 41
4 2 7 42
3 2 9 43
7 4 9 43
4 2 10 43
5 2 9 43
2 2 9 42
6 2 4 41
5 2 4 42
3 3 4 43
1 2 6 44
8 2 7 43
5 2 7 44
2 3 12 41
4 3 14 41
2 2 14 41
3 2 17 41
1 2 20 41
7 2 21 41
6 2 23 41
7 2 26 41
5 2 28 41
7 3 31 41
4 3 7 40
3 2 11 41
6 2 7 40
6 2 13 41
5 2 15 41
3 3 19 41
1 2 21 41
7 4 8 40
8 2 12 41
7 2 18 41
4 3 9 40
5 2 19 41
5 2 9 40
2 3 12 41
1 2 16 41
4 3 17 41
2 2 16 41
6 2 15 41
3 2 11 40
1 2 14 40
4 2 15 41
7 2 14 40
1 2 21 40
7 2 22 40
8 3 9 39
6 2 9 40
8 2 8 40
5 3 12 39
2 3 19 39
6 2 20 39
4 2 20 39
2 2 20 39
5 2 22 39
2 3 22 39
8 2 22 39
1 3 23 39
2 2 22 39
5 2 28 39
5 2 32 39
1 2 4 38
8 2 13 39
8 2 18 40
3 2 12 39
8 2 14 40
5 2 15 40
6 3 13 39
1 2 12 39
6 2 11 39
5 2 4 38
3 3 14 38
4 3 22 39
6 5 22 39
8 2 21 39
6 2 20 39
3 3 15 38
3 2 22 39
7 4 17 38
6 4 18 39
8 2 25 38
6 3 30 38
8 2 29 38
7 3 34 38
5 2 1 37
5 2 5 38
8 3 7 39
8 2 10 40
1 4 10 41
2 2 13 41
7 2 12 40
5 2 8 39
2 3 8 40
8 3 9 40
7 2 7 38
4 2 6 38
3 2 9 39
6 7 7 38
4 2 9 39
5 2 8 39
8 4 4 38
7 4 4 39
1 2 6 39
1 3 3 38
2 2 3 38
2 2 10 37
6 3 12 38
5 3 11 37
7 2 12 38
1 2 14 38
3 2 19 37
5 3 28 37
3 2 31 37
8 2 1 36
5 2 3 37
4 5 3 37
3 2 5 38
8 2 5 37
5 2 9 38
3 2 8 38
2 2 7 38
8 2 3 36
4 2 8 37
6 2 9 37
5 6 8 36
7 3 8 37
6 3 9 37
5 2 10 37
3 2 10 37
6 2 10 37
1 2 9 37
2 10 8 36
6 2 10 36
8 2 14 37
3 2 13 37
4 2 13 36
2 2 15 37
1 3 21 36
2 3 21 36
6 2 20 36
4 4 24 36
4 2 6 35
4 2 17 36
4 2 19 36
3 2 22 36
6 2 7 35
8 2 7 36
3 2 8 37
7 3 8 37
7 2 12 37
4 2 7 36
8 2 13 36
7 2 13 37
8 4 10 35
5 2 9 35
2 3 9 35
8 2 9 35
6 5 10 36
3 2 11 35
6 2 12 36
5 2 10 35
5 2 16 35
2 2 16 35
7 2 3 34
8 2 12 35
7 3 18 35
6 2 17 35
2 3 2 34
5 3 3 35
3 2 6 36
4 2 8 36
3 2 7 36
8 2 4 35
8 4 9 35
3 2 1 34
6 2 2 35
7 4 2 36
1 2 6 37
1 3 2 35
6 2 2 36
7 2 5 37
2 2 1 35
4 2 3 36
5 2 3 37
3 2 1 34
4 4 9 34
6 2 11 34
1 2 15 34
2 2 16 34
8 2 17 34
8 2 2 33
4 3 10 34
2 2 9 34
1 2 8 34
2 3 8 35
8 2 8 34
3 2 19 34
7 3 7 33
5 2 7 34
7 2 8 35
2 2 7 33
2 3 10 33
7 2 11 34
4 3 12 34
1 4 10 33
6 2 10 34
3 2 17 33
6 2 21 33
5 2 31 33
3 2 34 33
7 2 4 32
3 6 6 33
4 2 7 34
3 2 7 34
5 2 7 34
8 3 7 34
8 2 9 34
3 5 6 33
3 2 7 34
5 3 6 33
7 2 8 34
4 2 5 33
3 2 16 33
6 2 16 33
4 2 12 32
8 3 14 33
5 4 14 33
6 2 21 32
4 4 23 32
8 2 26 32
3 2 27 32
5 2 26 32
3 2 25 32
1 2 27 32
2 2 29 32
2 2 30 32
4 3 3 31
1 3 4 32
1 2 14 33
2 2 13 33
7 2 14 33
6 3 14 33
6 4 4 32
3 2 5 33
2 3 7 34
7 3 9 32
1 2 12 32
1 2 14 32
6 4 8 31
3 2 9 31
2 2 11 32
7 2 15 32
5 2 15 32
1 4 11 31
7 2 13 32
4 4 10 31
6 3 10 31
8 3 13 32
5 2 13 31
8 3 14 31
5 2 14 31
3 3 19 31
1 3 19 31
7 3 20 31
7 5 3 30
7 2 9 31
4 2 12 31
2 2 3 30
5 2 3 31
3 4 3 32
6 2 8 33
1 2 4 32
3 2 6 32
7 2 5 32
5 2 3 31
4 2 4 31
7 3 5 31
3 2 4 31
5 2 5 32
6 2 4 32
6 3 9 30
5 2 8 30
4 2 13 30
7 2 13 30
2 2 19 30
8 3 25 30
6 2 1 29
8 3 1 30
4 2 1 30
1 2 2 31
2 2 1 30
5 2 1 31
4 2 2 32
8 2 1 31
6 2 9 30
1 2 12 30
3 3 13 30
5 2 16 30
3 2 19 30
2 2 18 30
8 2 2 29
7 3 8 29
8 3 10 30
5 2 9 30
2 2 7 29
5 2 10 30
3 2 7 29
4 2 8 29
2 2 14 29
2 2 17 29
2 2 19 29
1 3 19 29
8 2 28 29
4 4 3 28
8 2 6 29
2 3 10 30
3 2 10 30
3 3 2 28
2 2 5 29
7 2 15 29
4 2 16 29
4 5 6 28
4 2 9 29
3 2 12 29
6 2 11 29
1 2 11 29
7 3 6 28
6 2 12 29
8 2 15 28
4 2 15 29
2 3 16 28
5 2 15 28
7 2 22 28
4 2 26 28
1 2 31 28
4 2 1 27
6 3 2 28
4 2 6 28
3 2 13 29
3 3 7 28
5 2 8 29
7 3 10 30
2 3 25 28
3 3 2 27
1 2 3 28
1 6 7 29
8 2 6 29
6 2 9 30
3 3 8 30
2 2 8 29
4 2 6 28
8 2 6 28
8 2 13 28
6 2 19 28
7 2 4 27
2 3 5 28
1 2 12 28
3 2 12 28
7 3 14 28
3 2 14 28
2 2 6 27
4 2 13 28
5 4 6 27
5 3 9 28
5 2 12 27
3 4 11 27
2 5 11 27
8 3 11 27
5 2 11 27
7 3 11 28
2 2 16 27
1 3 15 27
1 4 4 26
2 2 6 27
1 3 6 28
4 2 12 27
7 2 6 26
6 2 8 26
7 2 12 26
6 2 21 26
1 2 24 26
8 3 25 26
4 2 25 26
7 2 28 26
7 2 2 25
3 2 4 26
6 2 4 27
5 2 5 25
7 2 14 26
5 2 14 26
7 2 17 26
1 2 21 26
4 2 20 25
6 2 23 26
2 2 24 26
5 3 23 25
3 2 23 25
2 2 25 25
5 3 28 25
7 2 27 25
2 3 29 25
6 2 32 25
1 2 32 25
8 2 32 25
4 5 5 24
3 2 16 25
8 4 16 26
3 4 7 24
2 2 7 25
7 2 8 26
2 3 9 27
4 2 8 26
8 2 7 26
4 2 16 26
3 2 15 26
3 2 8 25
4 2 11 26
5 2 7 25
6 2 10 26
7 2 9 26
2 2 8 25
7 5 11 25
6 3 10 25
3 2 15 25
5 4 12 24
2 3 13 24
4 2 19 24
6 3 19 24
1 3 19 24
3 2 18 24
6 2 20 24
8 2 25 24
6 2 29 24
1 2 29 24
8 2 1 23
5 3 1 24
7 2 3 25
3 2 6 26
6 2 6 27
4 2 5 26
1 2 4 25
8 3 3 25
1 5 5 25
2 2 4 25
3 2 2 24
7 2 6 25
5 3 4 23
1 2 6 24
8 3 9 24
1 3 9 24
1 4 16 24
2 3 5 23
2 2 7 24
4 2 6 24
3 5 5 24
8 3 5 25
6 2 5 24
4 2 4 24
5 2 3 24
8 2 10 23
4 4 11 23
7 5 11 23
3 2 11 23
7 2 14 23
5 2 19 23
7 2 21 23
7 2 2 22
4 2 1 22
8 2 10 22
5 2 16 23
6 2 23 22
7 2 24 23
2 2 36 22
5 2 36 22
8 2 4 21
2 2 8 22
3 2 8 23
2 2 14 23
1 2 20 23
4 2 19 23
4 2 11 22
6 2 11 23
8 2 11 23
6 2 30 22
6 2 4 21
6 2 11 22
2 2 26 22
8 2 25 22
1 2 3 21
3 4 26 22
1 4 10 21
1 2 22 22
4 2 9 21
3 3 9 22
5 2 9 23
5 3 11 22
4 2 17 22
7 2 18 22
5 2 18 22
1 2 8 21
2 2 10 22
2 3 14 22
7 2 7 21
6 2 14 22
4 2 7 21
6 2 10 22
7 5 9 21
4 2 14 22
3 3 11 21
6 2 12 21
8 3 13 22
4 2 13 21
1 2 15 21
4 2 16 21
7 2 15 21
4 2 4 20
1 2 4 21
5 2 11 21
8 2 11 22
6 3 13 20
1 2 13 20
4 2 18 20
4 2 25 20
2 2 26 20
1 2 32 20
7 2 33 20
7 2 38 20
8 3 3 19
2 6 12 20
5 3 21 20
5 2 24 20
6 2 25 20
1 2 24 20
7 2 24 20
3 4 3 19
5 4 3 20
3 2 11 21
1 2 10 21
8 3 8 20
2 2 8 21
6 2 7 20
5 2 8 21
7 2 6 20
1 3 12 20
2 2 11 20
1 2 8 19
6 2 10 20
8 2 9 20
3 2 8 20
6 2 11 19
4 3 11 19
8 4 12 19
4 2 12 19
3 3 19 19
7 2 24 19
5 2 23 19
7 2 4 18
7 2 5 19
4 2 8 20
5 2 13 20
5 4 7 19
2 3 10 20
1 2 11 20
8 2 13 19
8 2 22 19
6 2 8 18
7 4 8 19
4 2 9 19
1 3 15 19
7 2 9 18
6 2 9 19
3 2 10 20
4 3 9 19
2 2 14 18
3 2 15 18
6 2 16 19
6 3 18 18
7 2 23 18
5 2 23 18
4 3 25 18
4 2 7 17
8 2 7 18
2 2 7 19
8 2 9 19
6 2 9 17
2 2 18 18
6 3 33 17
7 2 32 17
4 2 33 17
2 3 33 17
8 2 35 17
7 3 46 17
1 2 1 16
5 5 2 17
3 2 6 18
3 3 12 19
5 3 6 18
4 3 11 19
8 3 13 19
7 2 9 18
5 3 8 18
6 2 10 19
7 2 7 18
1 2 8 17
7 2 8 18
2 2 7 18
8 2 9 17
7 2 10 17
1 2 10 17
4 6 10 17
7 3 10 17
2 5 10 17
8 4 11 17
3 3 11 17
2 3 19 17
3 4 25 17
4 2 6 16
2 2 15 17
8 2 19 17
3 2 5 16
6 2 10 17
1 2 13 17
5 3 19 17
2 2 9 16
2 2 17 17
6 2 16 16
7 2 19 16
1 2 23 16
6 6 4 15
5 2 18 16
4 2 18 17
6 2 17 16
8 2 17 17
8 3 5 15
3 3 12 16
5 2 12 17
6 2 12 17
5 2 4 15
5 2 18 16
4 2 17 16
2 2 8 15
7 2 8 16
3 2 9 17
8 2 9 17
1 3 8 17
8 2 7 17
7 2 9 15
3 2 9 15
2 4 9 16
6 2 9 15
7 2 9 16
1 2 12 15
3 2 14 15
7 3 17 15
3 2 16 15
7 2 20 15
3 2 5 14
5 4 6 15
4 2 7 16
6 3 7 17
1 2 5 15
5 2 17 14
4 2 17 14
4 2 18 15
2 5 27 14
5 4 26 14
7 2 32 14
8 2 34 14
6 3 1 13
7 2 5 14
2 2 15 15
4 2 4 14
2 3 4 15
2 3 22 14
3 2 1 13
6 5 11 14
1 2 13 15
1 3 1 13
8 2 3 14
3 2 4 15
5 2 6 16
8 2 6 16
6 2 3 14
2 2 2 14
1 2 2 14
7 2 3 15
7 2 4 15
6 2 3 15
2 2 3 16
8 2 3 17
4 3 3 18
3 2 3 19
3 2 8 20
1 2 7 19
1 2 2 17
8 4 3 14
6 4 7 13
5 3 13 14
6 2 12 14
6 2 9 13
3 2 10 14
2 2 9 13
6 3 14 13
4 2 17 13
8 2 20 13
8 2 21 13
2 2 21 13
1 2 27 13
4 2 1 12
2 2 2 13
5 2 3 14
6 2 4 15
3 2 1 13
3 2 11 13
1 2 17 13
7 3 22 13
4 3 22 13
3 3 3 12
2 4 12 13
8 2 5 12
7 4 10 13
6 2 10 13
5 2 13 13
4 2 12 13
4 2 14 13
2 2 10 12
3 2 10 13
8 2 13 13
1 2 13 12
3 2 14 12
5 2 14 12
2 2 13 12
5 2 23 12
8 4 25 12
8 2 1 11
7 5 4 12
1 2 5 13
6 3 9 13
4 2 7 12
7 2 7 12
8 4 8 12
3 4 4 11
1 2 6 12
3 4 6 12
2 2 5 11
5 2 5 12
3 4 8 12
5 2 8 13
6 2 12 12
4 3 11 11
3 2 11 11
3 2 14 11
5 2 15 11
6 6 20 11
8 2 21 11
2 2 3 10
4 4 3 11
1 2 5 12
7 2 5 13
6 2 6 14
7 4 14 11
2 2 18 11
2 5 3 10
4 2 9 11
8 2 11 11
3 3 17 11
6 2 5 10
3 2 9 11
7 2 9 12
2 2 8 12
2 2 6 10
1 2 8 11
8 4 9 11
6 6 8 11
5 4 6 10
3 2 7 11
5 2 10 11
6 2 10 11
4 2 9 11
7 2 7 10
6 7 12 10
7 4 12 10
5 2 13 10
1 3 14 10
6 2 14 10
8 2 2 9
3 2 4 9
3 6 9 10
1 2 9 11
2 3 8 9
3 2 11 10
8 3 9 9
7 2 13 9
8 2 17 9
6 2 22 9
6 7 24 9
5 2 2 8
4 5 4 9
1 4 5 10
4 2 5 11
3 2 4 9
4 2 8 10
7 7 4 9
2 2 5 10
8 3 5 11
2 2 6 12
8 2 6 13
1 2 2 9
1 2 17 9
4 2 21 9
7 2 21 9
6 7 2 8
1 2 9 9
2 3 8 9
8 3 8 8
3 2 11 9
7 2 7 8
7 2 8 9
6 2 12 9
5 3 7 8
1 2 10 9
4 2 6 8
4 3 8 9
2 4 9 8
2 5 10 9
7 3 9 9
6 2 9 9
5 2 8 8
7 2 9 8
6 2 8 8
8 2 8 9
7 2 7 8
6 2 8 8
5 2 7 8
1 2 7 8
4 4 9 8
2 2 10 8
7 2 2 7
8 2 2 8
4 3 2 7
5 3 2 8
2 3 2 9
6 2 3 10
5 2 2 10
1 2 2 10
3 2 1 9
3 2 1 7
1 6 2 7
2 2 13 7
8 2 18 7
6 2 17 7
6 2 19 7
6 2 23 7
6 2 25 7
2 2 31 7
7 3 5 6
3 2 7 7
1 2 7 7
2 2 15 7
3 2 22 7
4 2 7 6
7 2 8 7
5 2 25 7
4 3 20 6
6 3 26 6
6 2 28 6
4 4 29 6
1 2 28 6
8 4 29 6
3 3 28 6
3 2 30 6
1 2 1 5
5 2 1 6
4 2 3 7
2 2 4 8
6 2 4 8
5 2 10 7
7 2 14 7
7 2 15 7
4 2 14 7
3 2 13 6
6 2 14 6
2 2 15 6
8 3 1 5
7 2 1 6
5 3 3 7
2 2 11 7
8 2 2 6
3 2 2 7
3 2 10 6
1 3 1 5
2 2 1 6
2 2 2 7
8 2 2 8
1 2 4 6
6 2 11 7
3 2 3 6
5 2 3 5
7 2 5 6
4 2 7 7
3 2 6 6
8 3 3 5
5 3 3 5
6 2 9 5
6 20 13 5
1 2 7 4
1 2 8 4
5 2 8 5
4 2 12 5
1 3 12 4
2 2 14 4
5 3 18 4
3 2 17 4
6 2 19 4
3 2 23 4
2 2 26 4
6 13 27 4
6 2 7 3
1 2 13 4
1 3 16 4
2 3 15 4
5 2 15 4
6 5 15 4
1 2 17 4
4 3 21 4
3 3 17 3
4 3 17 4
3 4 17 3
7 5 17 3
4 3 18 4
1 2 17 4
6 2 18 3
6 13 22 3
7 2 8 2
2 4 8 3
1 2 8 3
6 2 8 3
4 3 9 4
7 2 15 4
8 2 8 3
7 2 19 2
1 3 21 2
8 2 24 2
4 2 24 2
3 3 30 2
2 3 32 2
3 2 31 2
7 3 30 2
1 2 38 2
3 2 20 1
5 2 25 2
7 3 31 2
2 2 30 2
2 2 23 1
6 2 25 2
3 2 24 2
8 2 22 1
7 3 27 1
1 2 26 1
8 2 37 1
