47261
3346
6 11 1 100
4 3 1 100
1 3 1 100
2 3 1 100
8 3 1 100
1 3 1 100
5 3 1 100
4 3 1 100
2 3 1 100
7 4 1 100
4 3 1 100
1 3 1 100
4 3 1 100
1 3 1 100
8 3 1 100
3 3 1 100
2 5 1 100
7 3 1 100
4 4 1 100
3 4 1 100
5 3 1 100
3 3 1 100
4 4 1 100
1 4 1 100
2 4 1 100
3 3 1 100
6 3 1 100
7 3 1 100
1 4 1 100
4 3 1 100
6 4 1 100
7 3 1 100
5 4 1 100
7 3 1 100
4 4 1 100
1 3 1 100
6 3 1 100
8 3 1 100
3 3 1 100
6 3 1 100
4 3 1 100
8 3 1 100
6 3 1 100
5 4 1 100
2 3 1 100
5 3 1 100
2 3 1 100
6 3 1 100
2 3 1 100
5 3 1 100
2 3 1 100
4 3 1 100
3 4 1 100
4 3 1 100
3 3 1 100
7 3 1 100
6 3 1 100
5 4 1 100
7 4 1 100
1 3 1 100
7 3 1 100
1 3 1 100
4 3 1 100
8 3 1 100
4 3 1 100
5 7 1 100
4 3 1 100
5 3 1 100
6 4 1 100
4 3 1 100
8 3 1 100
2 3 1 100
6 3 1 100
8 3 1 100
2 6 1 100
4 3 1 100
8 9 1 100
6 3 1 100
7 3 1 100
5 4 1 100
7 3 1 100
2 6 1 100
6 4 1 100
7 8 1 100
2 3 1 100
3 3 1 100
1 3 1 100
8 16 1 100
3 3 1 100
5 3 1 100
1 3 1 100
7 3 1 100
3 2 2 97
7 2 5 97
2 3 6 97
8 4 6 97
7 2 11 97
6 2 11 97
1 2 15 97
8 2 14 97
6 3 28 97
1 2 29 97
7 3 30 97
5 2 29 97
4 4 30 97
3 3 32 97
5 2 33 97
3 2 42 97
6 12 2 96
7 7 2 97
4 2 7 97
2 2 7 97
5 2 15 97
4 2 24 97
1 4 39 97
2 2 42 97
5 2 44 97
8 3 1 96
3 2 8 97
8 3 14 97
1 2 14 97
5 2 16 97
7 3 19 97
2 2 29 97
8 3 29 97
5 2 29 97
2 3 32 97
3 3 4 96
3 2 15 97
3 2 16 97
2 2 15 97
7 2 21 97
1 2 20 97
8 2 20 97
3 2 11 96
7 9 12 97
4 2 18 97
6 2 17 97
2 2 17 97
8 2 14 96
7 3 16 97
5 2 15 97
5 2 14 96
3 2 14 96
4 4 13 96
5 2 16 97
1 7 18 97
5 3 22 96
8 2 21 96
5 4 27 96
6 3 27 96
8 3 9 95
1 2 12 96
3 2 12 97
6 2 14 97
1 2 13 97
6 2 12 97
5 2 11 96
8 2 13 96
1 2 8 95
4 2 13 95
7 2 12 95
3 2 14 95
3 2 15 96
5 2 14 96
2 2 13 96
5 2 12 96
2 2 11 96
8 2 11 97
2 2 20 95
1 2 22 95
2 2 22 95
7 2 26 95
3 2 28 95
4 3 33 95
4 2 35 95
7 2 39 95
4 3 39 95
2 3 38 95
2 2 39 95
3 4 8 94
7 2 13 95
6 2 13 95
2 2 14 95
7 4 18 95
3 2 19 95
8 2 22 95
6 2 21 95
5 3 10 94
3 2 15 95
4 5 15 95
1 2 29 95
8 2 31 95
4 2 32 95
6 3 13 94
7 2 14 95
7 2 26 95
6 3 27 95
2 2 14 94
5 2 23 95
1 2 24 95
1 2 13 94
6 2 23 95
4 2 23 95
1 2 24 95
8 3 14 94
8 2 21 95
7 2 18 94
3 4 18 94
6 4 20 95
7 2 19 94
2 5 19 94
2 2 27 94
6 2 28 94
1 3 28 94
7 2 27 94
5 2 26 94
2 3 29 94
1 2 9 93
1 2 17 94
1 2 19 95
5 2 20 95
3 2 18 94
6 2 22 94
3 2 22 94
2 4 9 93
2 4 11 94
8 2 16 94
5 2 18 95
4 2 14 93
5 2 22 94
6 3 15 93
6 2 19 94
7 2 14 93
1 4 17 94
6 2 16 94
4 2 17 95
7 3 16 95
8 3 13 93
1 3 18 93
2 2 21 93
6 2 20 93
8 2 22 93
1 2 25 93
8 2 26 93
2 2 32 93
8 2 32 93
3 2 32 93
5 3 35 93
2 2 35 93
7 3 5 92
6 2 23 93
4 2 23 93
8 2 30 93
5 2 15 92
4 2 19 93
3 2 19 93
8 6 15 92
2 2 24 93
1 3 25 93
6 2 20 92
1 2 26 93
3 2 21 92
6 2 22 93
8 2 21 92
4 2 20 92
8 2 22 92
5 2 23 93
3 2 21 92
8 2 20 92
1 4 22 93
7 3 21 93
4 2 22 92
7 2 22 92
1 2 21 92
7 2 21 92
5 2 25 92
2 2 24 92
4 2 25 92
8 4 26 92
1 2 30 92
7 2 29 92
6 2 29 92
7 2 29 92
8 3 10 91
7 2 17 92
5 3 19 92
5 3 20 92
2 2 22 92
7 2 23 92
4 2 15 91
4 2 22 92
2 2 14 91
7 2 14 92
2 2 21 92
3 2 15 91
5 4 15 92
8 2 22 91
3 2 21 91
4 4 24 91
8 2 25 91
5 5 25 91
1 2 25 91
7 2 25 91
6 4 24 91
8 2 27 91
6 2 27 91
4 3 39 91
2 2 38 91
6 4 38 91
8 3 37 91
7 3 36 91
2 2 1 90
2 2 6 91
3 2 14 92
6 3 14 93
2 2 14 94
3 3 14 94
2 2 14 94
4 3 13 93
1 2 13 93
7 5 7 91
6 3 7 91
1 2 7 92
4 2 8 93
3 4 8 93
6 2 10 94
3 2 11 95
8 2 9 94
5 2 7 93
5 2 8 94
4 2 7 93
4 2 1 90
7 2 1 91
3 3 1 92
1 4 1 93
2 4 1 94
3 6 1 95
5 2 1 96
5 2 7 97
7 2 7 97
4 4 7 97
7 2 2 96
5 2 2 97
4 2 2 97
8 2 2 95
3 2 3 95
6 2 3 95
8 2 5 92
3 2 4 91
5 3 8 91
8 2 15 91
8 2 16 91
5 2 22 91
1 4 2 90
4 5 4 91
2 3 4 91
8 2 3 91
4 2 2 90
1 2 10 91
7 2 11 91
7 5 1 90
8 2 1 91
7 3 4 92
6 2 3 92
3 2 3 91
4 3 4 91
3 2 5 91
2 3 5 91
1 6 17 90
6 2 16 90
2 4 16 90
2 5 19 90
7 2 20 90
7 5 25 90
7 7 26 90
3 4 26 90
5 4 28 90
5 3 1 89
5 4 3 90
1 2 8 91
1 2 9 91
8 4 6 90
5 2 7 91
2 2 8 91
3 4 6 90
3 2 7 91
1 5 9 90
4 10 9 90
1 7 14 90
4 7 15 90
4 4 18 90
1 3 1 89
6 4 4 90
8 3 1 89
7 4 6 90
6 4 7 90
3 5 12 90
1 3 1 89
4 10 1 90
2 6 1 91
1 2 1 92
3 4 1 90
4 3 1 89
5 4 1 89
6 6 9 90
7 4 12 90
2 6 1 89
7 4 1 90
8 2 1 91
1 3 1 89
5 4 1 90
3 5 2 91
1 6 1 89
6 8 3 90
8 4 3 90
7 2 2 90
5 3 1 89
4 3 1 89
6 3 1 89
8 5 1 90
7 3 1 89
8 3 1 89
1 3 1 89
4 3 1 89
6 3 1 89
8 3 1 89
7 3 1 89
8 3 1 89
3 4 1 90
2 4 1 90
1 4 1 90
4 2 1 91
7 4 1 90
8 4 2 90
1 7 1 89
8 6 1 89
5 5 1 90
1 4 1 90
4 2 1 91
5 3 1 89
2 4 1 89
4 4 1 89
2 3 1 89
1 3 1 89
5 3 1 89
6 3 1 89
3 9 1 89
8 3 1 89
6 3 1 89
8 3 1 89
7 6 1 90
1 4 3 90
5 4 4 90
1 3 1 89
3 6 1 89
7 3 1 89
6 3 1 89
4 4 3 90
1 3 1 89
3 3 1 89
8 4 1 89
5 2 2 86
3 2 6 86
4 2 7 86
5 2 7 86
6 2 17 86
3 2 18 86
3 2 20 86
5 2 20 86
7 3 23 86
5 4 24 86
3 3 24 86
3 2 28 86
6 2 28 86
8 2 27 86
7 2 28 86
5 3 28 86
7 2 34 86
5 3 35 86
2 3 36 86
4 6 38 86
5 3 40 86
3 2 43 86
2 2 44 86
2 4 1 85
5 3 5 86
7 2 7 86
8 3 8 86
3 4 8 86
1 2 8 86
4 2 7 86
7 2 14 86
1 2 30 86
4 2 30 86
6 2 34 86
6 2 1 85
7 2 1 86
1 2 3 87
8 2 1 86
2 2 2 87
1 2 1 85
6 2 1 86
2 2 7 86
6 2 18 86
3 2 17 86
6 2 16 86
8 2 19 86
3 2 5 85
3 3 7 86
7 3 14 86
7 3 8 85
5 3 11 86
1 2 10 86
8 2 10 86
3 2 14 85
1 5 14 85
8 2 15 86
1 2 15 85
1 4 25 85
7 2 32 85
2 2 4 84
4 2 5 85
4 2 6 86
1 2 9 86
5 2 12 86
7 2 8 85
6 4 9 85
3 2 14 85
4 3 12 84
5 2 23 85
8 2 16 84
4 2 22 85
6 3 21 84
7 2 21 85
2 2 20 85
8 3 21 84
5 2 23 84
1 2 25 84
3 2 24 84
8 2 30 84
7 2 30 84
7 2 32 84
6 3 31 84
3 3 35 84
8 3 36 84
3 2 36 84
3 4 37 84
8 3 42 84
2 2 41 84
6 3 44 84
4 3 44 84
8 7 43 84
6 3 11 83
8 2 12 84
2 2 16 85
6 2 15 85
4 3 15 84
5 2 14 84
3 2 21 84
7 5 26 84
2 2 28 84
5 3 29 84
4 2 28 84
1 2 31 84
7 2 20 83
5 3 24 84
7 3 27 84
3 4 28 84
4 2 30 84
6 6 25 83
8 3 22 83
6 2 28 84
4 2 21 83
4 2 25 84
2 2 27 84
5 4 23 83
1 2 23 84
3 3 24 83
6 2 24 84
8 2 24 84
4 2 24 83
3 2 25 83
2 2 25 83
6 2 30 83
7 2 29 83
1 2 28 83
6 2 42 83
5 3 6 82
8 2 41 83
5 3 16 82
5 2 30 83
3 2 37 83
1 2 17 82
2 2 17 83
6 2 17 84
8 2 20 84
2 2 24 82
2 5 30 83
6 2 23 82
4 2 25 83
8 2 24 83
6 3 24 82
4 2 28 83
8 2 27 82
3 2 30 83
7 3 27 82
8 3 28 83
5 2 27 83
4 2 28 82
3 3 27 82
4 2 26 82
5 2 39 82
6 2 42 82
3 3 9 81
3 2 18 82
7 2 19 83
7 2 25 83
1 3 17 82
5 2 20 82
5 2 22 82
1 2 22 82
6 2 25 82
5 3 24 81
3 2 25 81
4 2 27 82
3 2 28 82
5 2 25 81
1 2 29 82
7 2 25 81
6 2 28 82
4 2 25 81
7 2 25 81
6 2 31 81
5 2 32 81
3 3 32 81
2 2 31 81
4 2 32 81
7 4 38 81
3 2 37 81
2 2 42 81
5 3 44 81
4 2 43 81
5 2 43 81
2 3 46 81
5 2 46 81
6 4 12 80
2 2 13 81
3 2 13 82
4 2 22 83
2 2 23 83
8 2 21 82
2 2 22 82
4 2 18 81
5 2 19 81
7 2 18 81
1 4 20 81
3 2 22 81
2 6 26 81
4 2 26 81
5 2 28 81
3 2 16 80
8 3 17 81
1 3 21 82
6 2 16 81
6 3 19 82
7 2 16 81
4 2 16 81
2 2 19 82
3 2 18 81
3 2 23 81
5 2 16 80
5 2 17 81
3 2 19 81
2 2 15 80
6 2 16 80
4 2 15 80
7 2 17 80
7 2 20 81
2 3 20 80
6 4 21 80
7 3 23 80
4 2 22 80
8 2 24 80
7 2 24 80
1 2 23 80
3 2 25 80
2 4 29 80
3 2 28 80
8 2 27 80
3 2 30 80
3 2 38 80
6 2 39 80
5 2 9 79
8 2 13 80
5 2 20 80
6 3 31 80
4 3 32 80
7 3 32 80
3 2 12 79
7 3 14 80
3 2 16 81
8 2 15 81
2 2 14 81
1 6 17 80
6 2 16 80
8 4 12 79
4 4 15 80
6 2 22 80
8 2 23 80
5 3 25 80
4 3 12 79
4 3 17 80
1 2 16 80
7 6 16 80
2 2 17 80
1 2 19 80
1 2 12 79
8 2 13 79
8 2 16 80
8 2 17 79
4 3 16 79
4 2 17 79
6 2 19 79
7 2 25 79
4 2 34 79
8 72 1 78
4 2 1 79
2 3 1 80
7 4 1 81
4 5 1 82
8 6 1 83
2 2 10 84
7 2 10 85
2 3 10 86
3 2 9 86
5 2 9 85
3 4 8 84
7 2 9 85
1 2 10 85
7 2 10 84
1 6 1 83
7 7 1 84
4 2 8 85
2 2 7 85
5 2 1 84
1 2 1 84
8 3 4 84
1 4 4 85
5 2 5 86
2 2 4 85
2 5 1 82
6 2 8 83
7 2 5 81
6 2 6 81
8 2 5 81
7 2 6 79
1 3 5 79
3 3 8 80
2 3 14 79
3 2 15 79
5 2 14 79
7 2 14 79
5 2 1 78
1 3 6 78
2 2 9 79
6 2 12 79
8 3 11 79
3 2 5 78
8 2 5 78
1 3 5 78
2 2 5 79
2 3 6 79
4 2 8 79
5 4 4 78
4 2 6 79
1 2 6 78
3 2 6 78
8 3 11 78
6 2 13 78
5 2 12 78
2 2 12 78
2 2 15 78
7 3 17 78
5 2 28 78
4 2 28 78
3 5 28 78
3 3 29 78
3 2 34 78
7 2 5 77
6 2 5 78
1 2 7 79
7 2 6 79
5 2 5 78
4 8 5 78
4 2 12 78
2 2 12 78
4 2 27 78
1 2 6 77
2 2 9 78
8 2 14 78
6 2 13 78
2 2 14 78
3 3 13 78
4 2 11 77
8 4 15 77
7 2 17 78
6 2 15 77
5 4 18 78
7 2 20 77
2 3 20 77
5 2 21 77
2 3 23 77
5 4 27 77
1 2 31 77
5 2 30 77
1 3 32 77
7 2 6 76
3 2 8 77
6 2 12 77
7 2 12 77
2 2 14 78
6 3 13 77
8 2 13 78
7 2 13 77
1 4 16 77
3 2 15 77
6 2 16 77
2 2 15 77
1 2 19 77
2 2 11 76
7 3 15 76
6 2 19 77
1 3 21 77
8 4 16 76
2 3 17 77
4 2 16 77
7 2 21 76
6 3 21 76
7 2 21 76
6 2 23 76
2 2 23 76
4 2 23 76
2 2 25 76
6 3 24 76
3 2 24 76
8 2 25 76
2 2 26 76
7 2 31 76
5 2 31 76
8 2 31 76
1 2 30 76
4 3 30 76
5 2 30 76
5 2 33 76
7 3 33 76
5 2 11 75
1 2 11 76
8 3 15 77
5 6 13 76
3 2 15 77
6 2 15 77
4 2 15 78
7 2 14 77
1 2 18 76
3 3 20 76
5 3 26 76
2 2 13 75
8 5 17 76
8 2 20 75
1 3 20 76
6 3 19 75
5 2 19 76
8 2 19 76
8 2 20 75
7 3 22 75
2 2 22 76
8 2 21 75
1 2 22 75
6 3 22 75
4 2 21 75
8 2 29 75
1 3 31 75
2 2 33 75
2 2 37 75
3 3 37 75
2 4 39 75
1 2 17 74
2 2 16 74
7 3 24 75
3 3 28 75
6 2 27 75
1 2 30 75
7 2 33 75
1 3 17 74
2 3 25 75
4 5 19 74
7 2 21 75
8 3 23 75
3 2 22 75
5 2 22 75
6 2 21 75
2 2 19 74
5 3 22 74
6 2 27 74
4 2 33 74
3 3 36 74
6 2 38 74
8 3 38 74
3 2 37 74
5 2 37 74
6 2 36 74
1 3 37 74
7 6 36 74
4 2 36 74
6 2 40 74
7 3 17 73
8 2 21 74
7 2 22 75
3 3 16 73
3 2 26 74
7 4 25 74
8 2 24 74
1 2 25 74
2 2 23 73
5 4 23 74
4 2 23 75
3 4 23 75
2 2 23 74
4 3 22 73
1 2 22 74
5 4 22 74
8 4 22 74
2 2 21 73
6 2 21 74
1 2 25 73
8 5 25 73
2 2 31 73
6 2 34 73
7 2 40 73
6 2 41 73
1 2 43 73
5 6 15 72
2 2 24 73
7 3 24 73
4 2 23 73
3 2 22 73
1 2 24 74
5 2 21 73
3 2 21 73
3 3 33 73
2 3 33 73
2 3 14 72
7 2 15 73
3 2 17 72
2 3 18 73
8 2 18 74
5 2 18 74
8 2 20 74
7 2 19 74
4 2 16 72
6 2 16 72
5 2 22 73
6 2 22 73
5 2 16 72
3 3 16 73
3 3 17 73
1 2 16 73
4 2 18 74
1 2 17 73
7 2 17 73
4 2 15 72
4 3 19 72
1 2 21 72
5 2 27 72
3 2 27 72
5 2 28 72
2 3 27 72
4 3 32 72
6 2 18 71
3 2 19 72
8 3 19 71
5 3 26 72
1 2 28 72
6 2 31 72
8 3 30 72
2 2 26 71
6 2 38 71
6 3 39 71
8 2 49 71
8 2 51 71
5 2 51 71
6 3 51 71
5 2 55 71
7 3 59 71
5 2 62 71
7 2 20 70
1 2 39 71
8 5 51 71
4 2 53 71
7 2 54 71
7 2 56 71
2 2 55 71
4 4 20 70
6 2 22 71
4 3 23 72
8 2 25 72
3 2 22 71
5 3 22 72
3 2 27 72
6 2 24 71
5 2 24 72
4 2 26 72
1 2 25 72
2 2 24 71
1 3 22 70
1 2 24 70
3 2 26 71
7 3 28 71
2 4 34 70
4 2 34 71
1 2 33 71
6 2 33 71
2 3 32 70
5 7 43 70
8 2 47 70
6 2 46 70
3 3 51 70
4 2 53 70
3 4 21 69
5 3 29 70
3 2 34 71
3 2 31 70
3 2 26 69
1 2 26 70
8 2 31 71
4 2 30 71
8 2 25 70
2 2 25 71
7 3 25 71
5 2 24 71
1 3 24 71
6 2 23 70
5 2 24 71
7 2 23 70
3 2 22 70
6 2 27 70
4 2 27 70
1 2 26 70
7 3 27 69
8 2 29 70
2 2 27 69
5 3 30 69
4 2 33 69
7 6 34 69
5 2 35 69
7 3 35 69
2 2 35 69
3 3 36 69
7 6 39 69
3 2 40 69
2 2 42 69
6 2 42 69
5 2 44 69
6 3 45 69
8 6 45 69
1 4 45 69
7 2 21 68
7 3 31 69
7 2 40 69
2 2 42 69
6 2 26 68
3 3 28 69
2 2 28 70
6 2 31 69
2 2 35 69
4 2 37 69
8 2 37 69
1 3 41 69
4 3 41 69
5 5 29 68
4 4 31 69
4 2 33 69
3 6 38 69
1 2 33 68
5 2 34 69
6 2 33 68
2 5 36 68
8 2 36 69
3 2 35 68
6 2 34 68
4 3 36 68
2 2 24 67
8 2 25 68
4 2 28 69
7 3 33 68
4 3 23 67
2 2 23 68
5 3 23 69
3 2 25 70
2 2 22 69
8 2 25 68
1 2 24 68
5 3 25 67
8 2 26 67
2 2 42 67
3 3 44 67
5 2 50 67
2 2 50 67
3 2 50 67
7 2 49 67
1 2 51 67
4 2 55 67
2 2 54 67
1 4 30 66
3 2 30 67
6 2 30 67
5 3 43 67
5 5 52 67
2 4 30 66
4 2 33 67
8 2 33 67
8 2 41 67
8 2 45 67
2 2 44 67
4 3 45 67
2 2 45 67
3 2 31 66
5 5 33 67
8 3 33 67
6 2 32 67
7 4 34 66
3 2 34 67
7 2 39 67
8 2 42 66
5 2 43 66
1 2 48 66
4 2 52 66
8 3 52 66
3 3 51 66
3 3 29 65
5 2 34 66
6 2 36 67
3 2 37 67
5 2 35 66
5 3 46 66
6 4 46 66
6 2 28 65
3 3 38 66
8 2 27 65
3 2 28 66
5 2 29 67
1 2 31 67
1 2 34 67
8 3 31 65
7 3 33 66
4 2 33 67
1 2 35 65
2 2 38 65
4 2 37 65
5 2 40 65
7 6 46 65
6 2 51 65
7 2 56 65
3 2 25 64
4 4 26 65
8 2 28 66
2 2 30 67
1 2 31 67
7 2 27 66
6 3 26 65
2 8 26 66
8 2 27 67
6 2 27 68
3 2 25 66
4 2 25 66
7 2 28 66
7 3 33 65
4 2 35 65
7 2 24 64
1 2 24 65
6 3 25 65
4 2 26 66
3 4 26 65
8 3 25 65
5 2 24 65
3 2 26 65
7 2 29 65
3 3 29 65
6 3 33 65
4 4 33 65
5 2 28 64
8 3 32 64
1 2 38 64
2 2 38 64
8 2 38 64
3 2 39 64
2 2 39 64
1 2 41 64
4 2 40 64
7 2 43 64
5 3 24 63
1 3 26 63
3 3 28 64
2 2 33 65
1 2 32 65
5 3 32 64
6 4 36 64
6 2 28 63
3 2 32 64
1 3 32 64
2 2 36 64
8 5 30 63
4 2 33 64
3 2 34 63
7 3 35 63
5 3 35 63
2 2 35 63
5 4 42 63
6 2 52 63
2 6 29 62
4 2 30 63
4 2 34 64
1 2 33 63
8 3 33 63
3 2 33 64
2 2 32 63
6 2 31 63
5 2 33 63
4 3 37 63
3 2 38 63
6 2 33 62
3 2 34 63
1 3 36 63
4 2 40 62
8 2 44 63
2 2 43 63
3 3 39 62
3 2 41 63
6 2 49 62
7 2 52 62
4 3 52 62
6 2 53 62
4 3 56 62
6 2 29 61
7 2 36 62
5 2 40 63
3 2 29 61
5 5 35 62
2 2 36 63
6 3 39 63
6 2 36 62
8 3 37 63
1 2 28 61
8 2 30 62
3 2 30 63
2 2 36 63
7 2 29 62
1 2 32 63
2 2 31 63
5 2 32 64
8 2 30 63
4 2 33 62
5 2 33 62
1 2 39 62
2 2 39 62
8 3 33 61
3 2 33 61
2 2 47 61
2 2 48 61
6 3 48 61
5 4 50 61
4 2 54 61
2 3 57 61
4 2 29 60
3 2 43 61
8 2 43 61
3 2 45 61
5 2 52 61
8 2 51 61
7 2 29 60
7 2 43 60
1 2 44 61
2 2 46 61
1 2 48 60
5 3 50 60
1 2 64 60
3 2 71 60
1 2 30 59
4 3 34 60
5 3 44 61
2 2 36 60
3 2 41 61
2 2 41 61
5 2 35 60
1 2 36 61
6 2 36 62
4 2 37 61
8 2 34 60
3 2 36 61
8 2 36 62
4 2 35 61
7 2 35 60
4 2 35 60
5 2 38 61
4 3 43 60
8 2 50 60
4 2 41 59
8 2 45 60
8 3 46 60
7 3 45 60
3 2 41 59
4 2 47 60
5 2 47 60
6 2 42 59
1 2 45 60
2 2 51 59
7 2 50 59
8 2 57 59
1 2 56 59
6 2 56 59
4 2 56 59
2 2 58 59
5 3 34 58
3 2 42 59
1 2 42 60
8 3 51 59
3 2 33 58
1 2 33 59
2 2 35 60
3 2 37 60
3 2 44 60
6 2 36 59
6 2 40 60
8 2 39 59
1 2 35 58
6 3 45 59
2 2 37 58
2 2 43 59
3 3 42 59
2 2 38 58
1 4 37 58
6 2 45 58
2 4 46 58
4 2 48 58
3 2 49 58
4 2 52 58
2 2 52 58
4 3 52 58
4 3 54 58
7 2 62 58
7 3 37 57
5 3 37 58
4 2 38 59
7 2 39 59
1 2 37 58
1 2 40 57
4 2 40 58
7 2 40 59
5 2 40 59
1 2 39 58
4 3 39 59
7 2 47 58
2 3 39 57
7 3 38 57
8 2 41 58
1 2 41 58
6 5 40 57
8 2 44 58
1 2 44 58
4 4 41 57
3 2 42 58
5 4 44 58
6 2 43 57
4 2 45 57
8 2 44 57
3 2 43 57
7 2 44 57
6 2 43 57
1 2 43 57
8 2 43 57
2 4 43 58
5 2 43 57
7 3 44 57
7 2 45 57
2 2 36 56
8 2 36 57
8 2 38 58
6 2 38 59
1 2 37 57
3 2 37 58
1 3 39 56
3 2 39 56
5 2 38 56
7 3 39 56
3 2 39 56
7 6 49 56
8 2 50 56
3 3 49 56
3 2 50 56
1 2 51 56
7 2 59 56
2 3 38 55
4 2 39 56
2 2 47 56
8 2 50 56
1 3 50 56
6 2 38 55
5 3 40 56
4 2 47 56
4 2 43 55
2 2 43 56
5 4 42 56
2 4 49 56
2 3 52 55
3 3 53 56
8 5 53 55
5 3 53 55
6 2 52 55
8 2 53 55
7 3 52 55
3 2 51 55
1 3 50 55
4 2 50 56
5 2 50 55
4 5 51 55
2 2 51 55
7 4 35 54
8 2 42 55
7 2 48 56
3 2 47 56
2 2 45 55
1 2 45 55
4 2 36 54
1 2 38 55
7 3 39 56
8 2 38 56
2 2 41 57
6 2 40 56
2 2 38 55
5 3 42 56
5 2 37 55
4 2 37 56
6 4 39 55
8 2 38 55
3 2 36 54
8 2 40 54
2 2 40 54
1 2 51 54
6 2 51 54
7 3 55 54
6 2 56 54
6 2 41 53
4 3 41 54
6 2 41 54
4 2 47 54
1 2 50 54
5 6 50 54
7 2 40 53
3 4 44 54
4 3 44 54
2 2 43 54
1 2 40 53
7 3 42 53
3 2 42 53
5 3 43 54
2 2 43 54
1 2 41 53
5 2 40 53
7 2 40 53
2 2 41 54
8 2 40 54
1 3 43 53
8 2 47 53
2 2 52 53
3 2 36 52
8 2 37 53
7 2 37 54
3 2 38 53
8 2 40 53
2 5 40 54
3 3 39 53
6 2 41 53
4 2 40 53
7 2 40 53
5 3 35 52
1 2 39 53
2 3 34 52
5 2 34 53
2 2 35 54
1 2 34 54
6 2 36 55
8 2 34 53
4 3 38 52
2 2 37 52
1 3 37 52
6 4 38 52
3 2 42 52
5 2 51 52
7 7 52 52
8 2 51 52
6 2 52 52
8 4 52 52
7 2 38 51
4 4 45 52
1 5 41 51
5 2 41 52
6 2 41 52
4 2 40 52
7 2 40 52
3 2 43 52
5 2 48 51
2 3 50 51
3 2 50 51
1 2 50 51
5 2 60 51
1 3 61 51
3 2 61 51
2 2 64 51
6 2 65 51
1 2 64 51
5 2 63 51
5 3 37 50
3 2 38 51
2 4 38 50
7 2 42 51
6 2 43 52
2 3 41 51
1 2 42 52
7 2 43 52
4 2 41 51
5 2 42 52
7 3 52 51
5 2 39 50
6 3 41 51
7 2 41 51
3 2 44 51
1 3 39 50
8 2 44 51
2 3 40 50
4 2 47 51
6 3 40 50
5 2 41 51
8 2 39 50
2 2 39 51
3 2 39 52
6 2 38 51
7 2 38 51
8 3 41 50
4 5 43 50
6 3 45 50
4 6 44 50
6 2 47 50
4 2 60 49
5 2 60 49
5 2 61 49
4 2 70 49
6 2 73 49
5 3 75 49
8 2 76 49
4 2 46 48
2 3 46 49
4 3 55 49
1 2 65 49
7 2 65 49
3 2 67 49
2 3 68 49
4 3 47 48
3 2 59 49
1 2 64 49
6 2 64 49
2 2 48 48
5 2 59 49
2 4 62 49
4 2 51 48
1 2 54 49
3 2 56 49
7 2 55 49
6 4 55 48
4 3 58 49
5 2 57 48
7 2 58 49
3 2 56 48
3 2 57 48
4 3 56 48
7 2 41 47
8 2 46 48
5 2 51 49
3 3 48 48
7 2 48 49
4 2 50 48
8 2 50 49
2 2 48 47
6 3 49 48
1 2 48 48
8 3 55 47
5 2 55 47
3 2 55 47
1 2 56 47
2 2 58 47
8 2 58 47
6 3 57 47
4 2 63 47
5 3 68 47
6 2 62 46
4 5 68 46
3 3 70 46
2 2 73 46
4 2 73 46
3 3 72 46
2 3 76 46
5 2 46 45
2 2 60 46
7 2 62 47
1 2 63 47
5 2 62 47
2 2 63 46
2 3 46 45
8 2 48 46
2 2 49 47
5 2 48 47
1 3 47 47
6 2 46 47
6 2 53 47
2 2 53 47
7 2 47 46
4 3 54 47
7 2 52 46
3 2 52 46
7 2 53 47
6 2 52 46
8 2 53 47
5 2 53 46
4 2 48 45
1 2 53 46
7 3 56 46
5 2 47 45
2 2 54 46
4 2 53 46
4 2 47 45
3 3 46 45
6 2 50 45
8 4 49 45
6 2 49 46
5 2 49 47
8 2 48 47
1 2 49 47
2 2 48 46
8 2 49 45
5 4 56 45
3 2 55 44
1 2 58 45
5 2 57 45
8 2 55 44
3 4 56 44
7 2 58 44
4 4 58 44
5 2 60 44
6 3 61 44
3 3 60 44
2 2 62 44
6 2 61 44
7 2 63 44
6 2 67 44
7 2 42 43
2 2 42 44
5 3 42 45
1 3 46 46
8 2 45 46
6 2 53 45
2 2 53 45
6 2 45 44
7 2 53 45
8 5 53 44
3 2 53 44
4 2 42 43
5 3 46 44
7 2 48 45
5 2 48 45
2 4 46 44
8 2 42 43
8 2 54 44
1 2 44 43
1 2 45 43
8 5 51 43
1 2 52 44
3 2 53 44
5 3 50 43
6 3 50 44
7 3 48 43
4 3 50 44
8 12 1 42
6 2 1 43
5 3 1 44
8 4 1 45
3 5 1 46
4 6 1 47
6 7 1 48
1 9 1 49
4 9 1 50
8 10 1 51
3 11 1 52
2 12 1 53
4 13 1 54
3 14 1 55
5 15 1 56
6 17 1 57
3 17 1 58
1 18 1 59
2 19 1 60
8 20 1 61
5 22 1 62
4 22 1 63
6 23 1 64
7 24 1 65
5 25 1 66
2 26 1 67
1 27 1 68
4 28 1 69
6 29 1 70
1 30 1 71
4 31 1 72
8 33 1 73
1 33 1 74
4 34 1 75
6 35 1 76
8 2 7 77
7 2 7 78
5 35 1 76
4 35 1 77
2 36 1 78
5 2 5 78
8 2 8 78
5 2 3 77
3 2 6 78
6 2 5 78
6 2 3 77
3 2 7 75
5 2 9 76
7 32 1 74
4 33 1 75
8 36 1 76
7 33 2 76
2 5 1 76
7 2 1 77
3 2 1 78
8 2 2 79
8 2 4 80
5 2 4 81
1 36 1 78
7 2 7 72
3 2 5 71
7 2 9 72
6 2 5 71
4 2 5 71
2 18 1 70
1 2 2 71
5 2 3 72
5 6 1 69
8 2 1 70
3 2 3 71
6 2 4 68
2 2 5 69
2 2 1 66
8 2 2 67
1 2 3 68
7 2 3 68
4 2 3 69
5 2 2 69
3 2 2 67
4 2 5 63
6 2 5 63
8 2 8 62
5 8 1 61
8 2 1 60
6 2 1 61
2 2 3 62
4 2 1 61
3 2 4 62
7 2 1 60
4 2 1 60
5 2 5 61
6 2 4 61
3 2 1 60
1 2 3 60
2 2 1 59
8 2 1 59
8 2 4 58
2 2 1 55
4 2 1 56
1 2 2 57
4 2 5 52
5 2 9 50
3 2 3 49
6 2 5 49
3 2 4 49
5 2 7 50
5 2 8 49
3 3 8 50
1 2 7 50
4 2 2 48
1 2 3 48
1 2 4 48
2 3 1 47
5 3 1 48
8 2 1 49
2 2 1 50
8 2 3 51
5 2 3 52
1 2 2 50
4 2 1 50
7 2 3 50
3 2 1 47
4 2 1 43
8 2 5 44
2 2 7 45
3 2 6 43
1 2 9 43
5 2 13 43
3 3 14 43
4 2 5 42
4 2 7 43
2 3 7 43
4 2 10 43
6 2 11 43
3 3 6 42
5 2 14 42
7 2 20 42
3 2 22 42
5 3 21 42
4 2 23 42
6 2 26 42
6 2 3 41
6 2 20 42
1 2 20 42
4 2 22 42
5 2 22 42
8 2 4 41
5 2 6 42
7 2 10 43
7 2 5 42
2 2 5 43
6 2 6 44
8 2 5 43
1 2 8 42
2 2 8 42
4 2 4 41
3 2 4 42
1 2 4 43
6 3 4 41
4 2 6 42
6 2 6 42
2 2 8 41
8 2 12 41
5 2 20 41
6 2 23 41
1 2 23 41
4 4 23 41
2 2 24 41
5 3 29 41
1 3 34 41
4 2 34 41
4 4 43 41
8 3 46 41
7 2 45 41
7 2 47 41
2 2 52 41
3 2 12 40
2 2 13 41
7 2 17 41
2 2 17 41
4 2 25 41
8 2 28 41
2 2 29 41
1 3 32 41
5 2 42 41
6 2 16 40
1 2 16 41
8 3 21 41
3 3 37 41
1 2 17 40
5 3 19 41
6 2 26 41
5 2 28 41
3 2 27 41
7 2 20 40
4 2 20 41
1 2 22 40
5 2 21 40
1 2 21 41
8 4 31 41
7 3 20 40
2 3 29 41
4 2 20 40
1 2 28 41
6 2 27 41
5 2 21 40
3 2 23 41
4 4 24 40
5 2 23 40
6 2 24 41
2 2 25 41
3 2 23 40
7 2 25 41
1 2 22 40
5 2 22 40
7 2 21 40
3 2 14 39
5 2 14 40
4 2 14 41
8 3 14 41
6 2 14 41
2 2 14 41
6 2 18 41
4 2 13 40
1 2 15 41
7 2 15 40
5 2 15 41
3 2 14 41
2 2 14 39
5 2 16 39
8 2 20 39
6 2 21 39
2 3 23 39
4 2 24 39
1 2 25 39
5 2 32 39
2 2 31 39
2 2 34 39
5 2 35 39
5 2 40 39
7 2 43 39
4 2 44 39
2 2 44 39
6 2 43 39
1 2 45 39
3 2 47 39
2 2 51 39
3 2 15 38
6 2 15 39
5 2 20 39
4 2 19 39
7 2 19 39
7 2 34 39
8 8 39 39
8 4 45 39
4 2 44 39
1 2 45 39
5 2 18 38
1 2 18 39
2 2 32 39
3 2 31 39
5 2 35 39
8 2 35 39
5 3 37 39
6 2 18 38
8 3 24 39
7 2 32 39
7 3 35 39
1 2 28 38
6 2 30 39
2 2 36 39
1 2 34 38
5 2 33 38
4 2 50 38
8 9 8 37
3 2 8 38
8 3 18 39
3 2 34 39
4 2 8 38
6 4 8 39
8 2 13 40
1 3 8 39
4 5 8 40
1 2 11 41
4 3 11 41
7 2 11 42
3 2 7 40
5 2 7 41
2 2 10 42
8 2 9 41
8 4 7 39
3 2 8 39
2 2 7 39
6 2 7 40
7 2 16 38
4 2 15 38
8 2 31 38
3 3 10 37
4 2 12 38
6 3 12 39
5 3 12 38
3 2 15 39
2 2 15 39
1 3 18 39
4 2 17 39
1 3 14 38
6 3 14 39
2 2 13 38
4 2 21 38
1 2 21 38
3 2 20 38
1 2 19 38
1 2 12 37
4 3 12 37
8 3 12 38
7 3 16 38
4 2 14 37
2 2 14 37
5 3 14 37
6 2 16 37
2 2 18 37
1 2 18 37
8 2 18 37
8 2 20 37
6 2 20 37
1 2 23 37
5 3 26 37
4 2 26 37
8 2 25 37
4 2 27 37
3 2 29 37
5 8 1 36
8 2 1 37
6 3 1 38
2 4 1 39
7 6 1 40
1 2 3 41
8 2 4 41
1 5 1 40
4 2 2 41
7 2 3 42
3 2 1 41
5 2 1 40
6 2 1 38
2 2 4 39
1 2 7 39
7 2 7 39
3 2 8 39
5 3 1 38
4 2 2 37
1 2 2 38
5 2 4 39
4 2 1 38
1 2 1 38
2 2 1 37
6 3 2 37
8 2 4 38
7 2 10 37
8 2 1 36
6 4 4 37
3 3 4 37
1 3 11 37
1 2 3 36
5 3 3 37
7 2 3 38
6 2 7 36
1 2 15 37
4 2 14 37
8 2 14 37
8 4 8 36
4 3 11 37
6 2 10 37
4 2 8 36
2 2 8 37
5 3 11 37
7 2 8 36
3 3 10 37
2 3 8 36
1 2 9 37
8 2 8 36
4 2 8 37
3 2 8 36
4 2 8 36
1 3 24 36
7 2 32 36
5 2 31 36
4 3 32 36
8 2 35 36
2 2 1 35
3 3 8 36
2 2 9 36
5 2 14 36
2 3 14 36
4 2 18 36
2 2 29 36
5 3 29 36
7 2 1 35
4 2 3 36
2 2 4 37
7 2 6 37
8 2 1 35
3 2 1 36
8 3 18 35
7 2 22 35
1 3 22 36
6 2 22 36
5 4 22 35
5 2 23 35
1 3 23 35
4 2 22 35
5 2 24 35
4 2 25 35
1 2 38 35
2 2 39 35
4 2 43 35
1 2 8 34
4 2 11 35
2 2 20 35
8 2 19 35
8 2 22 35
3 2 22 36
4 2 31 35
8 2 31 35
3 4 36 35
3 3 10 34
6 2 11 35
1 2 10 35
2 2 15 36
3 2 14 36
6 3 17 35
5 2 17 36
7 3 17 36
1 3 17 35
4 3 16 35
5 2 16 35
7 2 22 35
8 2 16 34
4 2 16 35
1 2 15 35
4 3 26 34
1 3 30 34
1 3 32 34
2 2 32 34
6 2 33 34
8 2 33 34
3 2 37 34
4 2 47 34
6 2 20 33
1 2 21 34
8 3 22 34
7 2 24 34
6 2 31 34
4 2 34 34
8 2 37 34
1 2 37 34
7 2 37 34
2 2 37 34
3 2 19 33
6 2 21 34
2 2 20 34
5 2 20 33
2 2 19 33
2 2 27 34
5 2 29 34
4 3 18 33
3 2 29 34
4 4 29 34
8 2 23 33
8 3 30 34
5 2 32 33
6 3 34 33
4 3 33 33
6 2 32 33
4 3 31 33
7 2 31 33
6 2 31 33
1 2 30 33
2 2 29 33
2 2 37 33
6 2 38 33
6 6 1 32
1 2 1 33
2 4 1 34
1 2 2 35
6 2 7 36
6 3 1 35
8 2 6 35
7 3 1 34
4 2 4 35
5 2 7 36
8 2 12 36
6 2 11 35
6 2 9 34
5 2 18 34
4 2 19 34
1 2 19 34
4 2 15 33
7 2 17 34
6 2 19 33
1 3 25 33
7 2 24 33
5 2 1 32
8 2 1 33
1 2 14 34
6 2 1 33
6 2 3 34
5 3 3 35
3 2 7 36
2 2 1 33
1 2 4 34
3 2 13 34
7 2 1 33
4 3 2 34
1 2 7 35
4 2 6 35
8 4 1 33
2 2 5 34
1 3 6 33
3 2 7 34
3 2 8 33
6 2 9 34
1 2 7 33
2 2 7 33
1 3 1 32
3 2 4 32
5 3 4 32
8 2 3 32
8 2 5 33
4 2 4 33
2 2 4 32
8 2 12 32
4 2 12 32
4 2 14 32
8 2 14 32
6 3 19 32
8 2 19 32
6 2 19 32
2 2 28 32
7 2 28 32
3 2 29 32
2 2 28 32
8 2 27 32
4 2 29 32
6 2 29 32
6 5 33 32
4 2 34 32
8 3 35 32
7 2 34 32
2 2 1 31
5 2 17 32
6 2 23 32
4 2 27 32
7 76 3 31
8 2 8 32
1 2 16 32
7 2 20 32
5 2 26 32
8 3 4 31
1 3 8 32
4 2 7 32
3 2 11 31
1 3 17 32
8 2 12 31
4 3 17 32
4 2 13 31
2 2 16 32
3 2 15 32
8 2 18 32
1 2 18 32
5 2 12 31
7 2 14 32
2 2 16 32
1 2 13 31
4 2 13 31
5 2 14 32
6 2 14 32
7 2 28 31
4 3 29 31
5 2 28 31
4 4 30 31
2 2 30 31
5 2 37 31
8 3 38 31
1 2 1 30
6 2 4 31
5 2 4 32
2 2 7 32
3 2 12 31
3 2 14 31
2 2 1 30
2 2 11 31
5 2 1 30
6 2 5 31
7 2 9 32
8 2 10 32
3 2 4 31
2 2 5 32
5 2 9 31
1 2 11 31
8 2 21 31
8 2 3 30
8 2 5 31
1 2 7 32
4 2 11 31
5 2 12 31
4 2 17 31
7 2 11 30
1 2 14 30
6 3 13 30
4 2 17 30
1 2 18 30
5 2 33 30
2 2 47 30
3 2 46 30
7 2 51 30
2 2 51 30
6 2 1 29
2 2 8 30
2 2 10 31
2 2 13 31
5 2 11 30
5 2 4 29
8 4 8 30
5 2 8 31
7 2 10 31
2 3 12 31
3 2 7 30
4 2 8 30
4 2 11 31
8 2 8 30
7 2 8 31
6 17 5 29
6 2 6 30
1 2 11 30
2 3 11 30
8 2 11 30
6 2 10 30
1 2 16 30
5 2 15 30
4 3 22 30
5 2 23 30
8 3 23 30
7 2 24 30
4 2 19 29
8 2 24 30
1 2 24 30
1 2 20 29
4 2 21 29
7 2 24 30
8 2 22 29
2 2 23 30
5 2 21 29
1 3 28 29
5 3 30 29
4 2 30 29
1 2 34 29
4 2 41 29
5 16 7 28
6 2 13 29
1 2 17 30
6 2 16 29
6 2 17 30
5 2 18 30
8 2 16 29
4 2 15 29
8 2 11 28
5 2 11 29
7 2 12 30
6 2 13 30
3 2 12 28
2 2 12 29
6 3 15 29
7 2 16 30
1 2 15 30
3 2 15 29
4 3 21 29
8 2 24 29
1 2 24 29
6 2 25 29
8 2 16 28
6 2 16 29
2 2 18 29
6 2 18 28
5 2 21 29
7 2 20 29
1 2 18 28
4 2 18 28
8 5 19 29
2 2 19 28
2 2 24 28
5 2 29 28
4 2 31 28
8 3 39 28
1 2 44 28
3 3 49 28
3 2 50 28
8 15 13 27
2 2 47 28
3 2 16 27
8 2 21 28
7 2 24 28
6 2 44 28
8 3 45 28
5 2 44 28
4 3 15 27
4 2 20 28
2 2 43 28
4 3 43 28
3 2 14 27
5 2 17 28
1 2 19 28
7 2 18 28
6 2 14 27
1 3 35 28
3 2 34 28
6 2 24 27
4 2 28 28
7 2 29 28
5 3 30 28
2 2 26 27
7 2 26 28
2 2 27 28
8 2 26 27
6 2 29 28
7 3 26 27
4 2 25 27
7 3 28 27
3 2 29 28
6 2 28 27
1 2 35 27
5 2 36 27
6 2 15 26
1 2 15 27
8 2 20 28
4 2 21 28
1 2 24 28
4 2 19 27
1 2 18 27
5 2 18 28
3 2 18 29
2 3 18 28
6 3 18 28
3 4 18 27
4 2 20 28
1 3 19 27
8 2 16 26
2 2 21 26
4 3 21 27
8 3 26 26
4 3 39 26
3 3 41 26
7 3 50 26
1 2 50 26
5 3 50 26
4 2 50 26
2 2 52 26
3 2 20 25
5 2 20 26
6 2 20 26
4 2 24 26
7 2 25 26
1 2 27 26
4 2 30 26
5 2 33 26
8 4 33 26
4 2 33 26
2 2 26 25
6 2 31 26
4 2 38 26
4 2 26 25
2 2 30 26
6 2 35 25
8 2 35 26
2 2 37 25
1 3 37 26
4 3 37 25
6 3 37 25
1 2 37 25
2 2 42 25
5 2 42 25
8 3 42 25
4 3 44 25
2 2 48 25
7 2 49 25
3 3 25 24
5 2 25 25
1 2 32 26
6 3 24 25
7 2 27 26
1 2 26 25
1 2 34 25
4 2 34 25
1 3 39 25
2 2 26 24
1 4 42 24
5 3 41 24
8 2 40 24
5 2 41 24
4 4 42 24
6 2 45 24
8 4 46 24
4 4 45 24
3 2 27 23
6 2 28 24
8 3 31 25
7 2 31 26
6 2 30 26
3 2 30 25
6 2 40 24
2 3 41 24
7 2 45 24
2 2 45 24
2 2 34 23
1 2 43 24
1 2 46 24
5 2 39 23
5 2 42 24
8 2 41 23
7 2 41 23
3 3 43 24
1 3 41 23
4 2 40 23
8 2 40 24
3 2 39 24
7 2 39 23
1 3 40 23
8 3 43 23
3 2 46 23
1 2 47 23
2 2 48 23
6 4 39 22
2 2 41 23
7 3 47 23
8 3 52 22
2 2 53 22
2 2 58 22
8 2 57 22
5 4 59 22
1 2 11 21
2 4 11 22
7 2 11 23
8 4 11 24
6 7 11 25
2 7 11 26
7 6 11 27
3 2 13 28
2 3 14 29
7 2 14 28
1 2 15 29
1 3 11 27
5 3 11 27
6 2 11 27
4 2 11 26
1 2 15 26
4 2 14 26
8 2 18 26
6 3 11 25
4 6 17 26
2 2 16 26
8 3 12 25
3 4 12 26
5 2 11 26
5 2 13 26
2 2 15 26
1 4 10 24
4 2 11 25
1 3 12 25
8 3 12 25
1 2 14 26
6 2 11 24
5 2 15 25
6 2 16 25
5 2 12 24
4 2 12 25
3 2 13 26
7 2 12 25
2 2 11 25
4 2 12 24
4 3 18 24
6 2 18 24
4 2 10 23
2 2 12 24
1 2 11 23
7 2 12 24
5 3 11 23
7 2 15 24
3 2 22 23
7 3 10 22
6 2 20 23
4 2 17 22
6 2 23 22
7 2 29 22
5 2 29 22
2 2 29 22
1 2 31 22
1 2 33 22
1 2 9 21
8 2 11 22
3 2 16 23
5 3 15 23
2 2 15 23
3 2 11 22
8 3 13 23
6 3 10 22
1 5 11 23
7 3 13 24
8 4 19 22
3 2 18 22
8 2 24 22
4 2 29 22
5 2 10 21
4 2 12 22
5 2 11 22
4 2 11 23
3 3 11 24
4 4 21 22
6 3 21 22
7 2 20 22
5 3 13 21
3 2 12 21
8 2 20 22
2 3 13 21
4 2 14 22
1 2 14 21
5 2 13 21
3 2 19 22
4 2 17 21
2 2 17 21
5 2 22 21
6 2 22 21
5 2 27 21
7 8 1 20
4 2 1 21
5 3 1 22
7 4 1 23
2 5 1 24
6 6 1 25
7 7 1 26
4 8 1 27
5 8 1 28
1 8 1 29
2 9 1 30
7 3 1 31
6 2 1 32
6 2 3 33
1 5 1 28
4 2 8 29
5 2 8 29
4 2 8 29
2 5 1 28
3 2 7 29
8 2 8 30
5 2 6 29
7 4 1 28
8 5 1 29
3 2 2 29
4 3 2 30
1 3 1 30
5 2 1 29
6 3 1 27
5 2 3 25
5 2 1 24
8 2 1 25
7 2 6 22
7 2 4 20
1 2 18 21
6 2 3 20
4 2 8 21
8 2 8 21
7 2 7 21
5 2 3 20
1 2 6 21
2 2 7 21
5 2 7 22
2 2 18 20
8 2 27 20
5 2 35 20
2 2 38 20
5 3 38 20
1 2 38 20
6 2 37 20
8 2 41 20
1 2 45 20
2 2 45 20
7 2 5 19
2 3 11 20
5 4 12 21
7 2 11 21
6 2 13 20
7 2 13 20
6 2 16 20
4 2 22 20
2 3 35 20
6 2 8 19
4 2 17 20
1 2 18 20
2 3 20 20
4 2 26 20
6 2 31 20
1 2 34 20
1 2 7 19
8 3 11 20
6 2 18 20
8 2 20 20
7 2 21 20
1 2 24 20
5 2 28 20
7 2 7 19
5 2 9 20
3 2 8 20
4 2 7 20
1 2 8 20
4 2 13 20
8 2 7 19
1 2 13 20
5 2 14 20
3 3 10 19
8 4 18 20
6 3 10 19
4 3 11 20
7 3 16 20
1 3 10 19
8 3 10 20
5 2 18 19
2 3 17 19
8 2 18 19
5 2 20 19
4 2 22 19
3 3 23 19
2 2 22 19
8 3 22 19
5 2 24 19
5 3 11 18
8 3 14 19
1 2 17 19
3 2 16 19
6 2 19 19
3 3 19 19
2 3 18 19
6 3 13 18
8 2 18 18
5 2 18 19
7 2 17 19
7 2 20 18
8 2 32 18
2 2 33 18
6 3 43 18
7 3 43 18
2 2 44 18
6 2 43 18
7 2 43 18
4 3 47 18
7 23 6 17
1 2 12 18
4 2 13 19
1 2 15 19
4 2 14 18
6 2 13 18
1 3 18 18
8 3 19 18
4 2 25 18
8 2 25 18
5 2 28 18
5 2 35 18
7 2 34 18
7 2 8 17
5 3 13 18
4 2 19 18
6 2 19 18
1 2 33 18
2 2 10 17
7 3 10 18
6 3 10 19
2 3 11 20
3 2 11 21
4 2 9 19
1 2 9 20
6 2 10 21
7 2 9 20
1 2 15 18
4 2 16 18
5 2 22 18
3 3 14 17
4 2 21 18
6 3 14 17
1 2 22 17
5 2 24 18
8 2 24 17
1 2 33 17
4 3 35 17
6 2 37 17
8 3 39 17
6 2 42 17
1 22 1 16
2 2 1 17
6 3 1 18
8 4 1 19
3 2 6 20
4 5 1 19
2 2 1 20
6 2 4 20
4 2 5 21
5 3 1 18
2 4 1 18
6 5 1 19
4 4 1 19
5 2 1 19
8 3 13 17
6 4 12 17
2 2 15 18
7 2 15 18
4 3 14 17
2 2 3 16
5 3 4 17
8 2 4 17
1 2 9 18
7 2 8 18
4 2 8 17
1 2 10 18
3 2 9 18
5 2 17 17
3 3 17 17
2 2 5 16
8 2 7 17
1 2 21 17
6 2 22 17
1 2 9 16
4 2 16 17
5 2 17 17
2 2 17 16
4 2 17 17
8 3 19 16
8 2 23 16
5 3 31 16
2 2 30 16
2 2 34 16
4 2 39 16
1 2 39 16
2 2 40 16
5 2 40 16
8 2 1 15
7 2 3 16
6 4 3 17
6 2 6 17
2 2 8 18
7 2 3 16
8 2 6 17
5 2 7 18
7 2 6 17
2 3 7 16
5 3 9 16
4 2 1 15
5 2 1 16
1 2 1 17
2 2 1 18
3 2 1 18
1 2 1 18
6 2 2 18
4 2 1 18
3 2 5 18
2 2 6 17
1 2 9 16
4 2 8 16
3 2 22 16
8 2 23 16
2 2 22 16
7 2 5 15
6 2 8 16
5 4 8 16
1 2 19 16
4 2 18 16
6 4 17 16
6 4 10 15
4 2 11 16
8 2 11 16
1 2 10 15
3 2 9 15
2 5 9 16
5 4 11 15
4 2 19 15
1 2 20 15
4 2 20 15
8 2 22 15
2 2 29 15
1 2 33 15
2 2 32 15
8 2 2 14
8 3 19 15
4 2 21 15
1 2 25 15
5 3 26 15
4 2 26 15
6 2 26 15
5 2 27 15
2 2 27 15
6 2 35 15
4 2 2 14
5 2 2 15
7 5 6 16
1 2 5 16
8 2 6 15
6 2 14 15
8 4 20 15
7 2 20 15
4 2 24 15
1 3 25 15
8 2 9 14
6 4 9 15
4 2 18 15
5 2 22 15
4 2 24 15
3 2 10 14
2 2 22 15
2 2 10 14
8 3 19 15
5 3 11 14
1 2 13 15
6 2 13 15
6 2 11 14
7 2 15 15
3 2 10 14
4 3 12 15
8 2 11 14
1 3 11 15
5 2 10 15
5 2 12 15
7 3 10 14
2 4 10 15
4 3 17 14
4 4 19 14
2 2 21 14
4 2 5 13
1 2 5 14
3 2 12 15
2 3 5 14
1 2 10 14
3 3 10 15
7 2 9 15
2 2 14 13
3 2 13 13
6 3 14 13
5 3 18 13
8 2 17 13
7 2 19 13
8 2 31 13
2 2 32 13
8 2 39 13
5 3 38 13
2 3 37 13
4 2 40 13
7 2 40 13
6 2 44 13
1 2 13 12
2 2 16 13
1 2 34 13
4 2 39 13
4 2 43 13
7 2 14 12
1 2 15 13
5 2 34 13
1 3 35 13
8 2 15 12
6 2 14 12
1 2 19 13
4 2 19 13
4 2 21 13
4 2 28 13
8 2 28 13
7 2 27 13
6 3 18 12
5 2 29 13
8 6 28 13
3 2 19 12
5 2 35 12
4 3 39 12
1 2 38 12
3 2 39 12
6 2 38 12
2 2 40 12
1 2 18 11
6 2 23 12
4 2 26 13
2 2 23 12
6 2 24 13
4 2 26 13
3 2 25 13
4 2 32 12
5 2 31 12
2 3 17 11
5 3 19 12
6 2 19 13
1 2 21 13
8 2 18 12
8 2 22 12
1 2 25 12
7 2 17 11
1 2 16 11
3 2 18 12
4 3 17 12
1 2 19 13
7 2 18 12
2 3 18 13
3 2 16 12
5 2 17 11
6 4 16 11
2 2 18 11
8 2 40 11
6 2 51 11
8 3 50 11
2 4 52 11
6 2 52 11
1 3 51 11
5 2 51 11
5 2 19 10
6 2 26 11
4 2 36 11
5 2 37 11
8 2 41 11
4 2 45 11
6 2 45 11
1 2 23 10
8 3 23 11
5 2 23 11
1 2 27 11
4 2 27 11
2 2 34 11
4 2 35 11
7 2 36 11
8 2 27 10
1 2 35 11
2 2 28 10
1 2 31 11
3 2 27 10
6 4 27 11
5 2 34 11
8 4 30 10
4 2 31 11
8 2 32 10
2 2 39 10
5 2 46 10
6 5 45 10
4 3 46 10
6 9 21 9
2 4 21 10
4 2 28 11
6 2 29 11
2 2 30 11
7 3 29 11
5 2 26 10
1 2 27 11
4 3 27 10
8 2 27 11
5 2 21 9
7 3 21 10
4 2 23 11
3 3 22 10
3 2 27 10
1 5 19 9
1 2 30 10
8 2 44 9
5 2 52 9
8 2 52 9
1 2 53 9
6 3 53 9
5 3 56 9
7 2 55 9
5 2 22 8
6 3 28 9
8 2 29 9
7 2 29 10
2 2 28 10
6 2 39 9
2 2 41 9
7 2 45 9
2 2 45 9
4 2 45 9
4 2 46 9
2 3 23 8
5 2 27 9
3 3 26 9
7 2 23 8
8 4 24 9
5 2 25 10
4 3 23 9
5 2 31 8
4 2 35 9
1 2 36 9
3 2 30 8
1 2 30 9
5 2 31 9
4 2 30 9
8 4 37 8
2 2 38 8
4 2 47 8
7 2 53 8
1 3 22 7
8 3 27 8
8 2 29 9
8 2 30 9
5 2 22 7
3 2 27 8
6 2 28 8
1 2 28 8
4 4 28 9
5 2 29 9
1 2 33 8
5 2 35 8
6 2 35 8
4 3 39 8
2 3 21 7
7 2 21 8
6 2 21 9
1 3 23 10
7 2 23 11
1 3 21 9
4 2 22 9
6 2 22 10
1 2 22 10
7 2 22 10
6 2 21 8
2 3 21 9
4 2 23 8
3 2 22 7
2 2 25 8
8 3 25 8
1 2 28 7
4 2 33 7
6 4 33 7
8 3 34 7
2 2 35 7
8 2 43 7
6 2 45 7
8 2 45 7
7 2 45 7
7 3 19 6
4 3 19 7
5 4 19 8
6 2 19 9
8 2 19 10
6 2 19 11
4 2 18 8
7 3 17 8
7 2 19 6
5 3 19 7
6 3 19 7
3 2 19 8
2 2 21 8
7 2 19 7
1 2 24 7
4 2 25 7
2 2 30 7
5 2 33 7
2 2 17 6
8 4 18 7
8 2 22 8
6 3 17 7
1 2 19 8
5 2 17 7
1 3 23 7
5 2 24 7
7 2 23 7
3 3 17 6
4 2 21 7
6 2 30 6
8 2 31 6
7 2 40 6
6 2 40 6
5 2 39 6
7 2 39 6
8 2 42 6
3 3 1 5
6 2 1 6
1 3 1 7
8 13 1 8
3 17 1 9
4 6 1 10
5 7 1 11
2 8 1 12
3 9 1 13
2 2 1 14
6 2 1 14
7 2 3 14
1 4 3 15
4 2 5 16
8 3 3 15
3 2 4 16
8 9 1 13
4 2 2 14
6 2 7 14
6 3 1 13
4 2 7 13
5 2 7 13
4 8 1 12
8 2 1 13
2 6 1 11
6 6 1 11
7 7 4 12
2 6 4 12
5 2 4 13
8 2 4 13
8 6 1 11
4 7 1 12
5 9 1 13
6 7 1 12
7 2 1 10
4 3 1 11
2 3 3 6
1 2 6 7
4 2 6 7
8 2 14 6
7 2 15 6
8 3 16 6
2 2 15 6
1 3 1 5
1 2 7 6
7 3 3 5
2 2 3 5
4 2 12 6
1 2 12 6
5 3 4 5
7 5 24 5
8 5 36 5
8 2 46 5
6 2 45 5
1 2 9 4
5 2 15 5
6 4 22 5
2 2 23 5
6 4 31 5
5 2 31 5
4 2 30 5
7 2 12 4
5 3 22 5
8 2 27 5
2 2 34 5
7 2 21 4
1 2 25 5
4 2 29 5
8 2 29 5
7 5 24 4
4 2 25 5
5 4 30 5
7 2 29 5
1 2 28 5
7 2 27 5
1 2 26 4
1 2 31 4
8 3 32 4
5 2 32 4
4 2 41 4
8 3 46 4
4 3 57 4
1 4 12 3
7 5 15 4
1 2 17 5
2 3 17 5
6 2 22 5
4 2 15 4
8 2 17 5
5 2 15 4
4 2 20 5
1 2 19 5
3 3 18 4
7 5 23 4
4 2 26 4
6 4 26 4
1 3 25 4
7 2 39 4
2 3 18 3
2 2 20 4
8 2 24 4
5 4 27 4
7 2 18 3
6 4 18 4
2 2 22 4
2 2 26 4
4 2 27 4
3 2 21 3
1 2 28 4
2 2 27 3
8 3 30 3
6 2 32 4
1 2 29 3
5 3 30 4
8 3 30 3
4 2 29 3
2 2 29 4
3 2 36 3
2 2 36 3
8 4 5 2
3 5 5 3
3 2 18 4
4 3 18 5
6 2 18 4
1 2 19 4
6 2 20 4
4 2 19 4
4 2 5 3
1 2 15 4
6 3 15 5
3 2 14 5
2 2 13 4
8 2 15 4
7 2 14 4
5 2 5 3
2 3 5 4
3 3 5 4
4 4 10 5
3 2 9 5
8 4 5 4
8 2 8 5
4 2 9 6
4 3 4 4
2 3 4 5
6 2 5 6
5 2 7 6
2 3 7 6
5 2 5 5
6 2 4 4
3 2 3 4
5 2 7 3
4 2 10 3
1 2 11 3
5 3 9 2
6 2 17 2
8 4 46 2
4 2 49 2
1 2 50 2
6 2 1 1
5 2 1 2
7 3 1 3
6 4 1 4
1 3 1 3
8 2 1 4
4 2 14 2
6 3 27 2
6 2 32 2
1 2 8 1
8 2 9 2
7 3 10 2
6 2 12 2
4 2 13 2
2 2 25 2
8 2 29 2
2 2 34 2
7 3 14 1
4 2 28 2
1 2 27 2
4 2 26 2
5 2 19 1
4 2 28 2
3 2 27 1
5 2 27 2
2 2 30 2
8 2 47 1
