14177
3628
8 2 1 100
6 4 2 100
3 2 1 100
2 2 1 100
5 2 18 100
4 5 19 100
5 3 21 100
4 2 20 100
6 3 25 100
2 2 28 100
5 3 27 100
4 3 30 100
3 2 29 100
7 3 30 100
8 4 31 100
2 2 45 100
4 3 51 100
1 2 61 100
4 2 61 100
6 3 60 100
4 2 59 100
1 2 59 100
2 2 2 99
5 2 2 100
6 2 1 100
6 2 4 99
5 2 10 100
8 2 10 100
2 3 27 100
4 3 3 99
5 2 11 100
4 6 20 100
6 2 20 100
2 6 19 100
7 2 31 100
6 2 36 100
1 2 44 100
3 2 9 99
6 4 9 100
8 4 24 100
4 2 23 100
3 3 29 100
1 2 13 99
7 3 13 100
7 2 19 100
1 3 21 100
3 2 20 100
2 2 29 100
8 2 30 100
3 2 36 100
4 3 13 99
2 2 13 100
5 2 13 100
3 2 14 100
4 2 18 100
5 2 17 99
2 2 17 100
8 3 23 100
5 4 25 100
4 2 28 100
5 2 20 99
6 2 19 99
8 2 21 100
3 2 20 100
4 2 21 99
2 6 22 99
5 2 1 98
1 2 8 99
7 3 8 100
4 2 8 100
2 2 11 100
4 2 13 100
3 3 1 98
8 4 1 98
8 2 2 99
5 2 6 100
3 3 6 100
1 3 5 100
6 2 6 100
1 2 6 100
4 2 9 100
7 2 8 100
1 2 1 99
5 2 1 98
2 2 4 99
8 6 2 98
3 2 4 98
7 3 4 98
7 4 7 98
7 2 12 98
4 2 12 98
3 2 21 98
6 2 24 98
1 2 32 98
5 3 32 98
8 3 33 98
6 2 34 98
1 3 33 98
2 3 37 98
4 2 40 98
2 2 39 98
1 2 39 98
2 3 4 97
6 3 6 98
2 2 7 98
6 2 9 98
4 7 11 98
8 2 11 98
3 2 10 98
7 3 29 98
5 2 33 98
1 3 4 97
3 2 4 98
1 2 19 98
4 2 4 97
8 4 4 98
3 2 9 98
6 2 8 98
2 2 7 98
1 3 4 97
6 2 18 98
4 2 5 97
3 2 6 98
5 5 11 98
6 4 14 98
7 2 14 98
1 6 13 98
5 4 14 98
3 2 9 97
8 2 9 98
3 2 12 98
6 2 13 98
1 5 9 97
4 5 10 97
2 4 12 97
5 2 12 97
1 2 15 97
8 2 21 97
8 2 25 97
5 2 2 96
2 6 9 97
1 2 15 97
3 2 19 97
7 2 4 96
4 2 16 97
8 2 16 97
4 3 18 97
2 3 9 96
5 5 15 97
4 6 14 97
3 2 24 97
3 2 11 96
7 2 13 97
1 2 14 97
8 3 16 97
2 2 15 97
7 2 14 97
6 2 13 97
5 2 11 96
8 4 11 97
6 2 12 96
3 2 17 96
3 2 18 96
6 2 29 96
7 5 41 96
4 2 5 95
2 2 10 96
2 3 14 97
4 4 14 96
2 3 14 96
8 2 16 96
2 2 24 96
3 3 24 96
4 2 24 96
5 2 23 96
1 2 26 96
2 2 29 96
1 2 29 96
7 2 8 95
4 2 8 96
3 2 12 97
1 2 11 97
3 4 8 96
8 3 20 96
1 3 9 95
3 2 14 96
2 3 26 96
1 2 10 95
7 2 21 96
5 2 12 95
1 2 11 95
6 2 11 95
6 2 14 96
7 2 13 96
2 2 12 96
6 3 25 95
2 2 27 95
6 2 27 95
1 2 33 95
8 2 35 95
5 4 35 95
7 2 35 95
4 2 34 95
5 3 5 94
6 2 17 95
7 2 21 95
8 2 22 95
7 3 23 95
4 6 24 95
3 3 24 95
6 2 24 95
6 2 4 94
1 3 18 95
8 2 18 95
5 3 18 95
4 3 19 96
3 4 18 95
2 2 18 96
5 3 20 95
4 3 21 95
1 2 20 95
8 2 5 94
3 4 9 95
8 6 17 95
7 7 18 95
8 3 6 94
1 2 7 95
4 2 8 96
7 2 8 97
5 2 7 95
7 2 12 96
2 2 12 95
2 4 5 94
8 2 11 95
3 2 4 94
6 4 7 95
1 2 3 94
6 2 5 94
7 2 4 94
2 3 5 94
5 3 7 95
8 2 7 96
6 2 4 94
7 3 7 94
8 2 6 94
5 2 5 94
5 2 7 94
6 2 6 94
6 2 9 94
1 2 11 94
8 3 10 94
4 2 10 94
1 2 10 94
3 4 12 94
4 2 4 93
1 2 4 94
4 2 6 95
1 2 5 95
7 2 9 94
2 4 4 93
8 2 6 94
5 3 5 94
7 2 3 93
6 2 9 93
6 3 10 93
2 2 15 93
2 3 23 93
1 4 23 93
6 2 22 93
3 2 22 93
2 2 21 93
6 2 28 93
6 2 31 93
3 3 37 93
3 2 6 92
1 2 8 93
3 3 15 93
8 4 15 93
4 2 14 93
8 2 8 92
7 2 8 93
2 2 7 93
6 2 6 93
7 2 5 93
8 3 19 93
3 2 9 92
6 2 9 93
5 4 9 92
3 2 12 93
8 4 13 93
6 2 20 93
5 3 19 93
4 3 9 92
6 2 16 93
4 2 17 93
6 2 10 92
7 2 12 93
1 2 11 93
1 2 13 93
4 2 10 92
7 2 19 92
4 2 21 92
6 2 28 92
1 2 27 92
1 2 32 92
1 2 33 92
7 2 32 92
2 2 32 92
8 7 33 92
3 2 35 92
7 3 36 92
2 2 43 92
8 3 45 92
8 3 3 91
6 2 3 92
6 2 4 93
2 2 3 93
3 2 5 93
5 2 8 93
5 2 6 92
8 2 6 92
4 3 30 92
2 2 29 92
8 2 11 91
1 2 31 92
4 2 30 92
5 2 12 91
5 3 17 92
2 5 20 92
3 3 22 92
6 2 24 92
7 2 12 91
1 3 20 92
4 2 19 92
5 5 19 92
7 2 17 91
5 3 20 92
4 2 20 91
3 2 22 91
2 3 22 91
8 2 24 91
8 2 25 91
5 3 26 91
6 5 27 91
1 2 28 91
2 4 35 91
8 2 36 91
1 2 12 90
2 2 17 91
8 3 18 91
1 2 22 92
5 5 19 91
6 2 15 90
3 3 15 91
7 3 20 92
7 2 16 91
6 2 16 92
2 2 17 92
1 2 17 92
2 3 14 90
2 2 22 91
7 2 21 91
6 3 19 90
5 2 18 90
3 4 24 90
8 2 25 90
5 2 26 90
6 2 31 90
5 3 31 90
5 3 33 90
8 2 40 90
7 2 44 90
8 2 44 90
7 2 3 89
1 3 4 90
8 2 5 91
8 2 16 92
7 2 8 91
1 2 9 92
3 2 13 91
4 3 4 90
3 2 9 91
7 2 12 92
2 2 8 91
1 3 15 90
2 2 18 90
6 2 17 90
5 2 24 90
2 4 23 90
8 2 34 90
1 2 36 90
4 2 8 89
5 2 15 90
8 2 17 90
7 3 22 90
4 2 12 89
4 2 28 90
5 2 30 90
6 2 29 90
1 3 17 89
3 3 23 90
6 2 22 90
8 2 17 89
2 2 19 90
5 2 20 90
1 2 17 89
8 2 20 90
6 2 21 90
7 3 20 90
7 2 24 89
2 7 33 89
5 2 39 89
8 2 39 89
6 2 42 89
2 3 4 88
2 3 12 89
7 2 16 89
3 2 16 90
2 2 15 90
5 2 15 89
6 2 9 88
4 2 24 89
4 2 32 89
5 2 11 88
6 2 21 89
4 3 25 89
3 2 24 89
5 2 30 89
1 3 33 89
8 2 14 88
5 2 16 89
2 2 22 89
6 2 26 89
7 4 15 88
3 3 21 88
5 2 23 88
1 2 28 89
4 2 22 88
8 2 22 89
4 3 24 88
6 3 27 89
3 4 27 89
3 3 23 88
6 2 23 89
2 2 23 88
8 2 25 89
1 2 24 89
7 3 22 88
5 2 22 88
1 2 29 88
4 3 31 88
1 2 35 88
2 2 3 87
1 2 11 88
7 2 12 89
4 2 15 90
2 2 14 89
5 2 17 89
4 2 10 88
8 2 11 89
6 2 13 90
3 2 10 89
1 2 13 89
8 2 13 90
2 2 14 88
3 2 14 88
8 2 19 88
3 2 22 88
6 2 23 88
7 4 4 87
8 2 12 88
6 2 12 88
8 2 21 88
3 2 4 87
7 2 4 87
6 3 10 88
4 2 11 89
7 3 10 89
7 2 12 88
7 2 15 88
3 3 8 87
1 3 10 88
2 2 10 89
6 2 9 87
3 3 9 88
2 2 10 88
3 2 11 87
6 3 17 87
3 3 19 87
8 3 24 87
5 2 24 87
3 3 25 87
8 2 30 87
3 2 46 87
8 3 47 87
8 2 3 86
6 2 3 87
5 2 9 88
8 2 8 88
4 2 10 88
4 2 3 86
7 2 12 87
1 2 14 87
8 4 14 87
1 27 17 87
5 2 19 87
8 2 28 87
1 2 2 86
5 3 7 87
4 3 6 87
2 2 6 88
8 2 2 86
7 3 11 87
4 2 12 87
3 3 21 87
5 2 21 87
4 2 24 87
1 2 5 86
8 3 6 87
2 4 6 87
3 2 5 87
4 2 5 88
5 2 6 88
5 2 10 87
6 2 4 86
2 2 6 87
3 2 5 87
8 3 3 86
2 4 7 87
1 2 15 87
3 2 6 86
4 3 6 87
8 3 6 87
7 2 7 87
1 2 4 86
2 2 4 87
6 2 6 88
6 2 7 87
7 3 6 86
7 9 9 86
6 2 13 86
2 4 16 86
3 5 16 86
8 2 21 86
7 2 20 86
6 2 20 86
6 2 23 86
3 2 4 85
2 2 12 86
3 2 7 85
3 5 12 86
6 4 12 86
8 2 12 86
8 3 14 86
4 2 14 86
5 4 16 86
2 2 16 86
8 3 7 85
7 3 6 85
5 2 7 86
2 2 9 87
5 3 9 87
4 2 7 86
2 2 6 86
6 3 9 85
1 2 8 85
4 3 9 85
4 5 12 85
1 3 13 85
5 2 12 85
4 3 16 85
3 3 21 85
4 4 23 85
5 2 33 85
7 2 33 85
4 2 7 84
1 2 23 85
5 3 7 84
6 2 8 85
4 2 11 85
2 2 14 84
6 4 20 85
6 2 17 84
2 2 19 85
3 9 19 85
4 6 21 85
8 2 20 85
1 2 17 84
2 4 23 85
6 2 22 85
7 2 17 84
1 2 20 84
3 2 19 84
7 2 27 84
6 2 26 84
1 2 27 84
8 2 26 84
5 3 31 84
1 2 31 84
4 2 30 84
1 2 3 83
5 2 3 84
2 4 11 85
7 2 13 85
7 2 19 85
8 2 19 85
2 3 4 84
1 2 8 85
5 2 10 85
2 2 15 85
4 2 17 84
5 3 20 84
8 4 21 84
4 4 4 83
7 2 5 84
1 2 11 85
6 3 10 84
7 2 11 85
6 3 14 85
4 2 10 84
2 2 10 85
7 2 10 84
8 2 4 83
1 3 4 84
3 2 6 85
8 2 8 86
8 2 5 85
6 2 8 83
7 3 8 83
3 2 10 83
2 5 9 83
4 6 15 83
6 2 15 83
8 2 18 83
6 2 19 83
6 4 27 83
5 2 27 83
6 4 29 83
6 2 4 82
1 3 14 83
6 2 20 82
3 2 22 83
1 3 25 83
2 2 21 82
5 2 25 83
3 3 26 83
6 2 21 82
5 2 23 83
6 2 25 83
4 3 22 82
1 2 21 82
4 7 21 83
8 4 21 83
7 3 23 82
7 2 27 83
1 2 23 82
3 4 27 82
4 2 27 82
6 4 28 82
8 2 41 82
6 2 40 82
3 3 39 82
6 2 38 82
4 2 9 81
5 2 19 82
2 3 23 83
5 2 26 83
7 2 18 82
2 2 19 83
5 2 19 83
6 2 17 82
4 3 17 83
1 2 17 83
3 2 16 83
8 2 16 82
3 3 19 82
1 2 19 82
2 2 9 81
4 2 22 82
5 2 10 81
8 2 21 82
3 3 18 81
7 2 17 81
7 2 20 81
4 5 22 81
8 2 24 81
1 2 25 81
4 2 25 81
1 3 32 81
8 2 38 81
6 2 9 80
4 2 18 81
2 2 18 82
6 2 19 83
4 2 17 82
6 2 21 81
5 2 30 81
5 2 32 81
6 4 32 81
7 3 35 81
6 2 36 81
3 2 39 81
1 2 8 80
6 3 8 81
1 3 9 82
6 2 15 83
2 2 12 82
1 2 12 83
7 4 7 81
5 2 12 82
1 5 17 81
3 2 16 81
6 2 5 80
7 4 11 81
5 2 10 81
8 4 9 81
5 2 8 81
6 2 15 81
8 2 21 81
5 2 21 81
6 3 21 81
5 2 5 80
8 2 5 81
4 3 10 82
3 2 9 82
8 5 10 81
7 2 9 81
6 3 5 80
4 2 12 81
2 3 5 80
4 3 4 80
1 2 8 81
4 2 8 82
3 2 8 81
2 2 7 81
1 2 8 81
7 2 4 80
3 2 8 81
6 3 7 80
4 3 7 80
3 6 9 80
6 2 18 80
3 2 18 80
6 2 20 80
5 2 21 80
3 3 21 80
3 2 5 79
7 2 5 80
3 2 9 80
7 2 8 80
7 3 14 80
2 3 16 79
2 2 21 79
5 2 30 79
8 2 30 79
7 2 31 79
7 2 33 79
4 2 35 79
2 2 39 79
6 6 44 79
8 3 43 79
7 3 43 79
4 2 45 79
2 2 49 79
7 3 53 79
6 2 52 79
1 2 2 78
3 2 13 79
2 2 13 80
8 2 16 80
8 3 13 79
5 2 13 80
1 2 13 79
7 3 13 80
5 2 14 79
1 2 13 79
2 4 33 79
4 2 40 79
2 2 40 79
5 5 3 78
6 2 4 78
3 2 10 79
4 2 12 80
5 19 5 78
6 2 9 79
6 2 12 80
8 3 8 79
5 2 11 80
1 2 10 79
3 2 25 79
4 2 27 79
7 2 27 79
4 2 4 78
3 2 8 79
6 2 15 79
7 2 14 79
7 2 9 78
5 2 20 78
4 2 31 78
4 2 35 78
8 2 36 78
6 2 44 78
2 4 49 78
6 2 12 77
3 2 20 78
8 4 23 79
2 3 22 78
6 2 23 78
3 2 23 78
5 2 28 78
8 2 30 78
1 2 33 78
1 2 36 78
2 3 15 77
5 2 22 78
8 2 30 78
5 3 30 78
8 2 30 77
8 2 36 78
7 2 29 77
1 3 30 77
2 2 29 77
1 2 31 78
5 3 34 77
7 2 35 77
2 4 34 77
4 2 36 77
8 2 36 77
7 3 38 77
1 2 37 77
7 2 37 77
3 2 37 77
4 2 39 77
5 2 1 76
7 2 2 77
1 2 3 78
2 2 3 79
2 2 6 79
7 2 6 80
4 3 9 78
1 2 16 79
6 2 15 79
8 2 14 79
5 2 8 78
2 2 7 78
4 2 11 78
8 2 12 78
3 2 19 78
4 2 18 78
4 3 26 77
6 3 33 77
2 3 32 77
8 2 2 76
5 2 15 77
6 2 17 78
6 2 14 77
7 2 14 78
2 2 13 78
8 2 21 77
3 3 21 77
6 2 20 77
1 3 22 77
3 2 1 76
2 4 2 77
4 2 3 78
4 2 7 79
3 2 6 78
4 2 5 77
7 2 7 78
5 2 6 78
2 4 8 77
8 2 9 77
1 6 8 77
3 2 8 78
6 2 7 77
5 3 7 78
4 2 6 78
7 2 7 77
2 2 6 77
4 6 6 77
3 3 6 76
5 3 5 76
2 2 10 76
2 2 12 76
3 2 17 76
8 3 30 76
2 2 37 76
1 4 38 76
2 2 38 76
6 2 40 76
2 2 40 76
1 2 7 75
3 2 11 76
5 2 10 76
6 2 27 75
1 2 32 76
7 3 30 75
7 2 31 76
2 3 30 75
8 2 34 76
3 2 33 76
5 3 29 75
2 3 30 75
7 5 32 76
7 3 34 75
3 3 36 75
5 3 35 75
2 2 44 75
1 5 53 75
8 2 13 74
4 2 18 75
2 2 20 76
8 2 21 76
5 2 20 76
2 2 22 76
2 2 24 76
7 2 20 75
3 5 20 75
8 2 23 76
1 2 20 75
7 2 25 75
5 3 26 75
4 2 27 75
5 2 36 75
6 2 35 75
6 2 14 74
2 3 17 75
4 2 24 76
5 3 17 75
8 2 18 76
6 2 16 75
1 2 16 76
3 3 21 76
2 2 15 75
5 2 20 76
1 2 14 75
7 2 15 75
4 2 16 76
6 2 18 76
7 3 16 75
8 3 16 75
3 2 16 76
5 4 13 74
3 2 12 74
5 2 12 75
8 2 13 75
2 5 14 75
6 2 18 74
7 4 17 74
2 2 24 74
1 2 24 74
4 2 23 74
8 3 27 74
8 2 35 74
1 2 36 74
2 2 36 74
1 2 39 74
6 2 40 74
5 2 2 73
7 2 22 74
4 2 32 74
1 2 31 74
3 2 2 73
1 4 10 74
8 3 13 74
3 3 23 74
6 3 23 74
5 2 27 74
6 3 3 73
8 2 3 74
7 2 3 75
6 2 5 76
8 2 5 76
8 2 6 76
4 2 2 75
1 2 7 76
1 2 3 75
5 2 4 73
2 2 13 74
1 2 12 74
2 2 14 74
2 3 3 73
3 2 9 74
2 2 17 74
4 2 17 74
6 2 18 74
3 2 5 73
4 2 8 74
4 2 9 74
2 2 6 73
3 2 6 74
4 3 9 74
6 2 5 73
5 2 14 74
3 2 14 74
7 3 5 73
5 3 5 74
8 3 5 74
6 2 5 75
7 4 4 74
6 5 5 73
4 3 5 73
6 2 6 73
1 2 8 74
4 2 6 73
8 5 9 73
2 2 9 73
3 2 16 73
7 2 16 73
8 2 16 73
6 5 17 73
6 2 8 72
3 3 18 73
5 2 10 72
4 3 18 72
4 3 22 72
1 2 24 72
4 2 25 72
1 2 34 72
7 3 34 72
6 3 34 72
8 2 35 72
1 2 36 72
5 3 36 72
5 2 38 72
8 4 38 72
3 2 37 72
7 2 38 72
3 2 40 72
5 3 39 72
2 2 40 72
1 2 40 72
1 2 1 71
7 2 5 72
2 2 8 72
7 3 8 73
2 2 12 73
1 2 13 73
4 3 7 72
5 2 8 73
1 5 7 73
8 2 7 74
7 2 7 72
3 3 9 73
5 2 8 72
7 2 11 72
5 2 19 72
4 2 1 71
8 3 7 72
7 2 7 72
1 2 10 73
2 2 6 72
6 2 6 73
3 2 5 73
3 4 7 72
8 2 11 72
1 4 17 72
2 2 16 72
4 2 3 71
8 2 2 71
6 2 2 72
6 3 7 72
5 2 6 72
8 2 2 71
7 2 2 72
2 2 4 73
4 5 6 72
3 4 1 71
3 4 4 72
7 4 2 71
2 2 4 72
6 2 5 72
8 3 1 71
1 2 4 72
3 2 2 71
6 2 2 71
3 2 5 71
4 2 4 71
7 3 5 71
5 4 5 72
7 2 4 72
6 2 3 71
4 3 4 71
6 2 4 71
1 2 4 71
8 6 5 71
1 2 14 71
3 2 13 71
2 2 1 70
3 2 2 71
7 2 3 71
4 2 2 70
5 3 4 71
2 6 4 71
4 5 4 71
2 2 12 71
1 3 2 70
1 2 3 71
8 3 2 71
7 2 2 71
1 2 2 72
5 3 2 73
8 2 3 73
4 3 2 72
2 2 2 70
5 2 1 70
4 2 1 71
1 2 2 70
3 2 2 71
8 2 3 71
5 4 1 70
7 2 12 70
2 3 11 70
3 2 12 70
8 2 12 70
2 2 12 70
5 2 11 70
4 2 11 70
1 2 10 70
4 2 14 70
8 6 15 70
8 2 16 70
5 4 18 70
2 4 18 70
2 2 20 70
6 2 19 70
1 3 21 70
8 2 1 69
7 2 4 70
8 3 4 70
3 3 4 70
6 2 6 70
8 2 5 70
3 2 5 70
5 2 7 69
4 2 10 70
1 2 9 69
5 3 9 70
5 2 11 69
3 2 10 69
4 2 13 70
6 3 19 69
3 2 22 69
5 2 38 69
8 9 38 69
3 3 37 69
4 3 40 69
2 2 39 69
8 2 38 69
2 2 37 69
8 2 36 69
2 3 35 69
3 2 39 69
1 3 4 68
8 2 9 69
6 3 10 69
5 2 10 69
7 2 11 70
2 2 10 70
1 3 9 69
7 3 7 68
1 2 7 69
2 2 11 69
8 6 13 69
6 2 17 69
2 2 18 69
3 2 8 68
8 2 8 69
6 2 7 69
6 3 10 69
4 2 8 68
6 2 10 68
5 2 12 69
5 3 17 68
8 2 18 69
6 2 16 68
3 3 19 69
4 3 18 69
5 3 19 68
4 2 23 68
5 2 24 68
8 3 24 68
4 2 37 68
8 2 37 68
8 5 41 68
1 2 1 67
7 3 11 68
6 2 13 69
3 2 14 69
3 2 15 69
2 2 12 68
2 2 6 67
4 2 10 68
8 2 13 69
5 2 9 67
7 2 11 68
3 2 12 69
1 3 10 68
8 4 13 68
2 2 13 69
3 2 12 68
1 3 11 68
7 4 12 68
3 3 9 67
3 2 13 68
4 2 14 68
2 2 20 68
1 4 20 68
2 2 9 67
6 2 13 68
5 2 15 68
6 2 21 68
2 2 15 67
5 2 21 67
6 2 21 67
3 2 27 67
5 6 35 67
7 2 37 67
5 4 40 67
8 2 6 66
4 2 8 67
1 2 14 68
2 2 11 67
3 2 14 68
7 2 13 68
2 2 15 67
4 2 28 67
3 3 31 67
7 6 36 67
5 2 5 66
1 2 14 67
5 2 36 67
2 4 5 66
1 2 8 67
2 2 12 67
5 5 16 68
2 4 19 67
8 2 27 67
6 2 29 67
7 2 8 66
3 2 18 66
7 3 28 66
6 2 27 66
1 2 26 66
7 2 25 66
1 4 25 66
2 2 24 66
6 2 29 66
1 2 31 66
3 2 36 66
4 4 38 66
3 4 38 66
1 2 39 66
6 2 44 66
6 2 1 65
2 3 11 66
4 2 11 67
6 3 13 68
8 2 10 67
4 2 17 67
7 3 19 67
1 3 10 66
4 2 10 67
2 2 12 67
8 2 12 67
8 3 19 67
2 3 18 67
3 4 12 66
4 2 13 66
7 2 13 66
6 2 17 67
5 4 16 66
4 2 15 66
5 2 17 66
8 2 18 66
8 3 4 65
5 3 10 66
4 2 12 67
1 2 11 66
7 2 13 66
2 3 9 65
6 2 9 66
3 2 11 67
6 2 11 68
8 2 10 67
5 3 10 66
8 3 12 65
8 2 22 65
1 3 21 65
4 2 21 65
6 4 21 65
6 2 25 65
6 2 31 65
5 2 31 65
8 2 30 65
5 2 30 65
7 4 30 65
5 2 34 65
1 2 2 64
6 3 3 65
7 4 9 66
1 2 9 67
6 2 8 67
5 2 11 65
6 2 11 66
8 2 5 64
2 2 14 65
4 3 20 65
4 3 7 64
5 2 13 65
4 7 13 65
8 2 12 65
5 2 17 65
6 2 18 65
3 2 10 64
2 2 14 65
5 2 13 65
3 2 12 65
7 4 12 65
4 2 11 65
2 2 16 64
1 3 22 64
1 2 39 64
1 3 40 64
8 2 40 64
6 2 39 64
6 3 43 64
1 2 42 64
2 2 2 63
3 2 27 64
5 3 30 64
4 2 38 64
3 2 37 64
1 2 5 63
6 2 15 64
3 3 18 64
8 2 26 64
7 5 25 64
3 2 27 64
7 3 32 64
6 6 5 63
5 5 5 64
8 2 7 65
1 2 10 66
4 2 6 65
8 2 10 66
6 2 8 65
2 3 13 64
5 3 18 64
2 3 5 63
7 2 11 64
3 2 10 64
8 2 29 63
8 3 32 63
7 6 35 63
8 2 37 63
3 2 39 63
3 3 43 63
1 2 42 63
2 2 41 63
3 2 41 63
7 2 40 63
4 3 40 63
3 2 40 63
7 2 41 63
7 2 7 62
5 2 7 63
4 2 21 64
6 2 22 64
4 2 7 63
3 2 15 64
4 3 14 64
2 2 14 63
1 2 18 63
5 5 18 64
1 2 18 63
4 2 29 63
8 2 28 63
2 2 6 62
3 2 21 63
5 2 20 63
7 2 7 62
1 2 8 63
7 2 13 64
8 2 14 63
6 4 16 64
1 2 16 63
5 2 15 63
2 2 13 62
4 2 16 63
6 6 17 63
2 2 14 62
3 2 19 62
2 2 19 62
6 2 18 62
4 2 22 62
6 3 28 62
7 3 28 62
1 3 29 62
6 5 35 62
1 3 37 62
3 3 39 62
6 2 2 61
6 2 7 62
8 2 7 63
8 2 8 63
4 2 12 64
6 2 12 64
7 3 11 64
1 2 8 63
5 2 10 64
4 2 6 62
3 2 11 62
6 2 19 62
3 2 19 62
4 2 1 61
4 2 10 62
5 2 9 62
8 2 3 61
7 7 3 62
1 4 6 63
3 2 2 62
3 2 3 62
2 2 6 63
8 5 6 63
7 2 16 62
7 3 4 61
8 3 8 62
4 2 7 61
8 5 10 62
3 2 9 62
6 2 8 62
2 3 6 61
5 2 7 62
7 2 6 62
1 6 6 61
6 3 7 62
2 2 7 61
3 2 9 61
2 2 9 61
1 2 10 61
2 2 12 61
5 3 20 61
5 3 27 61
3 3 29 61
7 5 32 61
2 2 33 61
5 2 2 60
6 2 5 61
4 2 4 61
3 2 6 62
3 2 5 60
1 2 13 61
6 4 14 61
5 2 18 61
8 2 10 60
7 2 14 61
4 2 24 61
4 2 10 60
5 2 10 61
5 3 19 61
6 2 18 61
8 2 14 60
4 4 14 60
2 2 19 60
2 2 20 60
3 3 28 60
2 2 30 60
6 2 30 60
8 2 31 60
5 2 33 60
7 4 35 60
6 2 37 60
8 2 44 60
1 2 44 60
7 2 5 59
3 2 20 60
3 2 21 60
1 4 21 61
7 2 20 60
6 2 20 61
1 5 22 60
7 3 25 60
4 2 4 59
7 2 6 60
3 2 14 61
3 2 16 61
3 2 6 60
6 3 9 61
7 2 8 61
8 2 5 60
4 3 7 61
2 2 7 60
5 2 9 61
6 2 10 61
7 2 8 60
2 2 8 61
4 3 8 60
5 2 7 60
4 3 12 60
4 3 17 60
5 2 3 59
8 4 8 60
7 2 14 59
5 2 17 59
6 2 17 59
2 2 22 59
1 2 24 59
3 5 24 59
3 3 28 59
6 3 35 59
4 2 37 59
1 2 42 59
8 2 3 58
1 2 4 59
1 2 5 60
7 3 5 61
1 2 7 62
5 2 5 61
8 2 6 62
3 2 5 61
2 2 11 60
3 2 10 60
5 2 12 59
2 2 12 59
1 3 14 59
6 2 13 59
4 2 17 59
5 4 17 59
5 2 4 58
6 2 14 59
7 7 18 59
6 3 19 59
6 2 20 59
8 2 22 59
3 2 11 58
8 2 12 59
3 4 23 59
5 2 34 58
4 2 40 58
7 7 40 58
1 4 39 58
4 3 46 58
2 2 46 58
7 2 8 57
8 3 9 58
4 2 15 58
7 2 23 59
2 2 31 58
6 4 34 58
8 2 34 58
8 4 23 57
5 3 23 58
7 2 25 58
8 3 26 58
3 2 26 57
1 2 27 58
7 2 27 57
6 3 33 58
3 5 32 57
6 2 42 57
5 5 43 57
4 2 42 57
4 2 45 57
7 2 45 57
1 2 47 57
7 2 50 57
4 2 4 56
6 2 5 57
4 2 9 58
6 2 12 58
2 2 17 59
4 2 18 59
1 2 20 59
5 2 14 58
2 2 20 59
6 3 15 58
4 2 19 58
1 2 19 58
5 3 19 59
4 2 17 58
7 2 16 58
6 2 8 57
2 2 10 58
8 2 14 59
5 2 9 58
8 2 9 57
1 2 11 58
4 2 11 59
7 2 10 59
5 4 10 57
2 4 9 57
6 2 11 58
8 3 9 57
1 2 11 57
6 3 21 57
6 3 23 57
8 4 24 57
7 3 23 57
5 2 22 57
3 2 21 57
2 2 28 57
2 5 5 56
3 2 9 57
5 3 6 56
4 3 15 57
3 6 23 57
4 4 5 56
1 2 6 57
7 2 5 57
5 2 7 58
5 3 9 57
3 2 9 58
6 2 5 56
1 4 9 57
2 2 8 57
7 2 6 56
8 2 14 57
1 3 14 57
4 2 7 56
6 3 10 57
5 3 10 56
7 3 10 57
8 2 23 56
4 3 29 56
5 2 29 56
1 2 29 56
2 2 28 56
8 3 27 56
7 2 2 55
5 2 15 56
7 4 19 56
2 2 20 56
8 2 3 55
3 2 5 56
8 2 12 56
2 2 11 56
1 3 5 55
1 2 8 56
5 2 9 57
3 2 9 57
4 3 9 57
6 2 8 57
7 2 10 56
1 4 11 56
8 2 5 55
2 2 6 55
8 3 9 56
7 5 9 55
8 2 13 55
6 7 13 55
4 2 13 55
5 3 13 55
5 2 16 55
4 2 16 55
8 2 15 55
6 2 15 55
1 2 14 55
6 2 14 55
7 2 14 55
3 4 16 55
1 2 14 55
7 2 17 55
1 2 21 55
7 2 27 55
8 3 27 55
3 2 26 55
8 2 25 55
4 2 24 55
8 2 26 55
1 2 1 54
6 2 8 55
8 3 12 55
7 2 11 55
3 2 2 54
6 3 10 55
5 2 10 55
6 2 12 55
8 4 14 55
4 2 13 55
7 6 3 54
4 2 7 55
8 2 7 56
1 3 4 54
3 2 3 54
3 3 5 55
6 2 5 56
7 3 4 56
2 2 6 57
1 2 5 57
3 2 3 56
1 2 5 55
4 2 4 55
7 2 6 55
6 2 6 55
2 4 2 54
5 2 2 55
6 2 1 55
3 2 2 55
6 2 6 54
3 2 13 54
6 3 16 54
8 3 18 54
4 3 31 54
2 4 31 54
7 3 32 54
1 4 32 54
7 2 10 53
2 2 12 54
5 3 13 54
1 2 12 54
4 2 10 53
8 2 21 54
2 2 29 54
5 2 9 53
1 4 19 54
4 2 18 54
7 2 22 54
8 2 21 54
5 2 12 53
6 3 18 54
8 4 14 53
3 7 16 54
5 2 14 53
1 2 19 53
5 3 28 53
6 5 28 53
5 3 35 53
6 2 35 53
7 2 37 53
4 2 36 53
1 2 35 53
4 5 37 53
3 2 37 53
7 2 3 52
8 3 3 53
1 2 13 54
2 2 14 54
7 2 16 54
4 2 15 54
8 2 14 54
4 2 2 53
7 2 8 54
5 2 10 53
2 3 11 53
7 4 12 53
5 5 17 53
2 2 16 53
8 5 19 53
8 2 8 52
1 2 8 53
3 2 10 54
3 2 7 53
6 2 7 54
1 2 24 53
4 2 10 52
6 2 11 52
3 2 15 53
5 2 15 52
6 2 18 53
4 2 18 52
3 2 19 52
7 2 21 53
6 2 19 52
3 2 20 52
6 4 21 52
8 2 21 52
5 2 26 52
5 2 33 52
6 3 33 52
4 6 33 52
2 2 35 52
5 4 4 51
2 2 4 52
8 2 9 53
6 2 8 53
4 2 14 53
7 2 5 52
8 2 6 53
1 3 6 54
3 2 4 53
4 3 3 53
7 2 6 52
5 2 5 52
1 2 6 52
4 5 9 52
1 35 16 52
7 3 16 52
3 2 21 52
1 2 23 52
3 3 3 51
2 2 16 52
4 2 3 51
6 4 12 52
5 2 15 52
3 3 15 52
1 3 15 52
6 5 17 52
6 3 3 51
8 2 14 52
2 2 13 52
1 3 4 51
6 2 10 52
5 3 3 51
7 3 8 52
5 2 8 53
2 2 8 52
3 2 10 52
1 2 4 51
4 5 4 51
2 2 6 51
6 6 6 51
7 2 9 51
4 2 10 51
5 3 14 51
4 7 18 51
2 2 18 51
6 4 18 51
8 3 18 51
3 2 18 51
2 2 4 50
5 2 6 50
8 2 6 51
1 2 8 51
6 3 7 51
7 2 6 51
4 2 5 51
3 2 7 51
8 2 7 52
8 2 8 53
7 3 7 51
5 2 8 50
2 2 12 50
1 2 12 50
7 3 13 50
8 2 16 50
2 2 19 50
3 3 18 50
7 3 19 50
7 2 21 50
4 2 23 50
6 2 22 50
6 3 30 50
4 6 31 50
6 4 31 50
2 2 32 50
1 2 31 50
8 2 30 50
7 2 2 49
6 4 8 50
5 2 8 50
2 2 14 50
7 2 14 50
1 2 16 50
1 2 20 50
6 2 24 50
2 4 15 49
8 2 20 49
7 2 22 49
3 3 23 50
8 2 22 50
1 2 40 49
5 2 41 49
4 4 44 49
3 6 3 48
4 2 13 49
4 2 16 50
7 2 20 50
4 2 14 49
2 3 14 50
6 2 18 50
1 2 15 49
4 2 15 49
2 2 16 49
6 2 16 50
5 4 16 49
8 2 15 49
1 2 16 49
3 2 16 50
6 2 15 49
5 2 21 49
6 3 23 49
1 2 25 49
4 3 1 48
1 3 1 49
6 2 4 50
7 2 4 50
2 3 5 51
3 3 3 49
1 2 2 49
3 2 8 50
7 5 5 49
8 2 7 50
7 2 6 50
4 4 10 49
2 2 9 49
7 2 15 49
4 2 14 49
3 2 6 48
8 2 11 49
8 2 7 48
4 2 7 48
1 4 8 49
3 2 9 48
2 3 9 49
5 2 8 49
6 2 8 49
7 3 8 50
7 2 12 48
6 2 18 48
1 2 19 48
8 2 23 48
2 2 23 48
6 2 23 48
4 4 27 48
5 2 27 48
8 2 26 48
8 2 28 48
7 3 28 48
2 4 34 48
3 2 33 48
7 2 33 48
4 2 33 48
5 2 34 48
6 2 1 47
8 2 3 48
7 2 14 47
8 3 31 48
2 2 13 47
1 3 21 48
7 2 12 47
4 2 29 48
6 2 17 47
3 6 25 48
8 3 25 48
2 2 24 48
5 2 30 47
2 2 29 47
5 4 34 47
6 2 37 47
8 2 37 47
7 5 46 47
5 2 45 47
7 2 2 46
4 2 3 47
7 2 5 48
1 2 7 48
2 2 23 48
8 2 29 47
5 2 37 47
8 4 1 46
8 2 4 47
4 2 4 48
2 3 16 48
4 2 15 48
8 2 14 48
3 3 13 48
4 2 12 47
5 4 2 46
7 3 19 47
2 2 23 47
3 2 23 47
8 2 6 46
1 2 12 47
3 2 17 47
8 3 14 46
7 2 16 47
6 3 26 47
4 3 13 46
6 2 15 47
7 2 25 47
2 2 15 46
2 2 17 47
1 2 17 46
6 2 21 47
7 2 22 46
6 2 22 46
2 2 22 46
4 3 30 46
4 2 33 46
3 2 11 45
2 4 25 46
3 3 30 46
7 2 29 46
6 2 10 45
4 2 25 46
6 2 13 45
2 2 18 46
7 2 16 45
3 2 18 46
3 2 22 47
8 2 17 46
8 3 20 46
1 3 20 47
5 2 15 45
6 3 14 45
7 3 13 45
6 2 16 45
3 2 19 46
6 2 30 45
1 2 32 45
4 5 32 45
5 2 36 45
6 2 35 45
5 2 44 45
8 2 43 45
5 2 48 45
1 2 6 44
5 2 20 45
8 2 20 45
7 3 30 45
6 2 40 45
7 3 7 44
4 3 18 45
6 2 18 45
8 2 26 45
1 4 27 45
2 2 29 45
2 2 33 45
7 3 33 45
3 5 6 44
3 2 9 45
7 2 9 46
4 3 10 46
2 2 12 45
1 2 12 46
8 2 11 46
7 2 11 45
4 2 12 46
3 2 19 45
4 5 23 45
1 2 6 44
8 2 7 45
5 2 8 46
2 2 9 46
3 4 8 44
8 2 16 45
6 2 16 45
1 2 7 44
4 3 11 45
7 2 10 44
2 4 10 45
2 2 16 45
7 2 10 44
6 2 15 45
3 2 13 44
8 2 20 44
7 2 22 44
1 2 22 44
8 3 22 44
8 4 24 44
8 2 6 43
6 2 8 43
8 2 15 44
6 2 17 45
1 2 30 44
5 3 8 43
3 2 19 44
7 2 18 44
7 2 8 43
5 2 8 43
5 5 18 44
2 2 21 44
8 2 25 44
5 2 10 43
1 2 10 44
3 2 16 45
8 2 18 44
6 3 11 43
1 3 13 44
4 4 12 44
7 2 12 44
6 3 13 44
4 2 12 44
7 2 12 44
3 2 12 45
3 2 13 44
1 3 12 43
7 2 21 43
5 2 20 43
6 5 22 43
3 2 22 43
6 2 27 43
4 3 31 43
1 2 31 43
4 2 34 43
6 2 45 43
2 2 1 42
7 3 27 43
2 2 28 43
5 2 27 43
1 2 11 42
4 2 22 43
8 2 39 43
3 2 11 42
5 2 18 43
4 2 17 43
5 2 10 42
6 2 13 43
2 2 12 43
7 3 11 42
8 2 16 43
5 2 15 43
1 2 15 42
6 2 19 43
7 2 20 43
6 2 15 42
8 2 21 43
2 3 21 43
7 2 15 42
2 2 15 43
8 2 14 43
1 3 15 42
3 2 18 43
7 4 15 42
7 5 19 42
8 2 20 43
1 2 18 42
2 2 20 43
3 2 17 42
4 2 17 43
6 3 18 43
1 3 17 42
5 2 18 42
3 4 21 42
4 3 21 42
7 2 34 42
4 2 33 42
8 3 33 42
4 2 12 41
8 2 18 42
5 3 22 42
3 2 28 42
5 2 28 42
8 2 11 41
4 2 11 42
6 2 14 42
3 2 15 43
7 2 14 42
3 3 16 42
7 2 15 42
2 2 11 41
6 2 14 42
1 4 18 41
8 2 21 41
2 2 28 41
5 2 29 41
1 3 33 41
4 3 35 41
3 2 35 41
8 2 35 41
2 2 34 41
1 3 40 41
8 3 39 41
4 2 44 41
3 4 5 40
5 2 22 41
7 2 29 41
8 2 28 41
2 2 4 40
5 3 12 41
4 2 18 42
6 2 22 41
1 2 7 40
7 2 14 41
3 2 19 41
7 2 23 41
1 2 24 41
3 2 25 41
7 2 24 41
3 2 9 40
6 2 12 40
2 3 13 41
8 4 12 41
3 2 14 42
6 3 15 42
8 2 15 43
5 2 16 41
1 2 15 41
4 3 12 40
7 2 13 41
5 2 13 42
7 2 23 40
8 2 23 40
6 2 24 40
3 2 27 40
7 2 29 40
5 4 37 40
3 3 47 40
5 2 3 39
5 2 11 40
2 2 16 41
4 3 17 41
6 2 15 40
3 2 18 41
2 2 17 40
3 2 30 40
1 2 29 40
6 2 40 40
5 2 39 40
8 5 39 40
5 2 4 39
1 2 4 40
8 2 4 41
2 2 5 42
6 2 3 41
4 2 5 40
1 3 12 41
8 2 8 40
5 4 12 40
7 2 12 41
6 2 11 40
7 2 6 39
6 3 6 40
1 2 10 40
5 3 9 40
4 2 9 39
1 2 21 40
1 2 11 39
7 2 12 40
8 2 12 39
2 2 16 40
5 2 15 40
6 2 16 40
7 2 12 39
2 2 14 40
4 2 14 39
1 2 14 39
2 2 14 39
7 2 28 39
1 6 29 39
4 2 35 39
6 3 35 39
4 2 41 39
3 3 6 38
7 3 9 39
5 2 19 40
3 2 19 40
2 2 14 39
2 2 16 39
4 2 16 39
4 3 30 39
3 3 35 39
2 2 6 38
1 2 7 39
7 2 18 40
3 2 9 39
8 2 14 40
6 3 9 39
2 3 14 39
3 3 14 40
5 2 15 40
3 2 23 39
8 3 23 39
4 2 24 39
4 3 8 38
5 4 8 39
6 2 6 38
5 2 6 38
8 2 18 39
6 3 21 39
6 2 6 38
2 4 13 39
4 2 12 39
6 2 13 40
1 3 11 39
7 2 13 40
5 2 11 39
5 2 12 40
7 3 10 38
3 2 14 38
8 2 15 38
2 2 24 38
3 2 31 38
2 3 32 38
7 2 33 38
8 2 34 38
7 3 5 37
2 4 6 38
8 2 4 37
8 2 8 38
3 2 7 38
1 2 9 39
3 5 14 38
1 2 18 38
4 2 3 37
6 3 14 38
1 2 13 38
8 2 2 37
8 2 12 38
7 3 11 38
3 2 10 38
6 2 10 39
6 4 15 38
5 2 3 37
1 3 3 38
7 2 8 39
4 2 2 38
5 3 4 39
2 2 4 39
4 3 3 37
6 3 12 38
8 3 6 37
4 5 12 38
7 2 12 37
4 4 14 37
6 2 21 37
5 3 26 37
1 3 28 37
5 3 28 37
8 3 28 37
3 2 31 37
4 2 31 37
8 2 34 37
6 3 35 37
1 2 4 36
2 3 15 37
4 2 6 36
1 4 25 37
4 2 26 37
3 2 26 37
6 2 25 37
3 2 8 36
6 3 11 37
7 2 22 37
5 2 23 37
6 2 9 36
6 3 15 37
4 2 20 37
8 2 19 36
1 2 24 37
4 3 20 36
1 2 19 36
3 2 20 37
8 2 19 36
6 2 24 36
2 4 24 36
8 2 26 36
6 2 25 36
1 2 28 36
2 2 32 36
7 2 31 36
4 2 30 36
1 3 30 36
6 3 33 36
8 2 33 36
1 3 6 35
7 2 10 36
1 2 10 37
4 3 10 37
3 2 14 37
5 2 13 37
8 2 11 36
6 5 16 37
7 2 15 37
2 2 11 35
5 3 22 36
7 2 22 35
3 3 22 36
2 2 31 35
1 2 32 35
6 6 37 35
1 2 46 35
5 2 50 35
8 3 51 35
3 3 50 35
8 3 54 35
6 3 4 34
8 2 5 35
8 2 7 36
6 3 8 35
4 2 20 36
7 2 12 35
4 2 15 36
8 2 16 36
6 2 15 35
6 2 18 36
2 2 14 35
5 2 24 35
2 2 25 35
8 5 28 35
4 2 28 35
1 2 27 35
5 2 34 35
4 2 4 34
8 2 12 35
8 3 15 35
8 4 30 35
1 2 4 34
3 3 12 35
5 4 11 35
4 2 13 36
5 2 14 37
1 3 12 36
7 2 11 35
2 2 11 36
4 5 23 35
8 2 22 35
3 2 25 35
2 2 28 35
3 3 8 34
6 4 11 35
7 3 25 35
2 2 7 34
3 2 26 35
4 2 7 34
8 2 10 35
3 2 16 35
6 2 10 34
1 2 24 35
7 2 24 35
8 4 15 34
4 2 18 34
3 2 18 34
2 2 20 35
6 4 21 35
1 2 2 33
1 2 18 34
4 4 22 34
8 3 26 34
8 2 1 33
5 2 1 34
3 2 6 35
7 2 8 35
3 2 11 36
1 2 11 37
2 2 1 34
1 2 3 35
4 2 11 35
2 2 10 35
3 2 10 35
6 2 10 36
5 2 10 36
8 3 1 34
7 2 1 35
5 3 4 35
6 2 11 34
2 2 12 34
1 3 12 34
7 2 3 33
4 2 10 34
7 2 10 34
6 2 10 34
5 2 7 33
1 3 12 33
7 2 12 33
8 4 20 33
2 2 19 33
8 2 20 33
6 2 24 33
1 2 29 33
5 5 36 33
6 3 36 33
4 3 35 33
2 2 2 32
2 3 21 33
7 2 20 33
3 2 19 33
6 2 21 33
8 2 20 33
5 2 19 33
5 2 2 32
5 2 13 33
2 3 13 33
8 2 13 33
5 2 17 33
4 2 4 32
8 5 7 33
1 3 11 33
8 2 12 32
5 2 19 33
2 2 13 32
2 3 18 33
4 2 17 33
8 3 13 32
7 2 13 33
3 2 12 33
1 3 13 32
5 2 17 32
2 2 16 32
1 3 17 32
8 2 19 32
5 5 21 32
8 4 22 32
5 5 27 32
4 3 28 32
7 6 33 32
6 2 33 32
8 2 33 32
5 2 32 32
7 2 34 32
6 2 34 32
8 2 33 32
7 2 33 32
1 2 34 32
7 3 34 32
1 3 7 31
7 3 8 32
4 2 11 33
5 2 7 32
2 5 24 32
3 2 10 31
8 5 10 32
6 2 10 33
4 2 13 33
3 2 12 33
5 2 9 32
7 6 10 32
4 2 9 32
6 2 11 33
7 2 10 32
6 2 9 31
3 4 9 32
4 2 19 32
4 3 10 31
1 2 14 32
3 2 18 32
7 2 13 31
2 3 13 32
5 3 12 32
7 2 14 32
4 7 12 31
2 2 12 31
1 2 17 31
5 2 26 31
4 2 33 31
6 2 32 31
7 2 1 30
4 2 1 31
3 2 1 32
1 2 4 33
2 2 5 34
7 2 6 35
1 2 7 36
3 2 7 37
7 2 7 38
4 3 5 35
3 4 10 31
8 2 28 31
2 3 29 31
7 4 30 31
8 2 33 31
8 4 6 30
2 2 6 31
7 2 6 32
4 2 5 32
6 2 5 32
8 2 6 32
6 2 6 31
3 3 12 30
6 2 21 31
4 4 25 31
3 2 13 30
1 2 13 30
5 2 14 31
2 2 17 31
8 2 19 30
5 3 20 31
4 3 24 30
4 3 25 30
6 2 31 30
1 3 31 30
6 2 31 30
3 3 32 30
7 2 38 30
2 3 39 30
4 3 10 29
4 5 28 30
1 2 37 30
5 2 36 30
7 2 9 29
3 3 17 30
4 2 18 31
7 2 17 31
8 2 16 31
1 3 15 31
6 3 16 30
2 2 16 30
8 2 12 29
7 3 22 30
4 2 30 30
5 2 12 29
2 2 20 30
1 2 19 30
8 2 16 29
3 5 17 30
8 2 19 29
1 2 27 29
5 2 31 29
1 2 30 29
3 5 31 29
5 2 32 29
4 2 37 29
8 2 3 28
1 3 8 29
8 2 8 30
2 5 11 30
7 2 12 30
4 2 12 31
4 2 7 29
5 2 19 30
2 2 18 30
6 2 18 30
5 3 22 29
8 3 25 29
2 2 8 28
6 2 10 29
5 2 10 30
8 2 13 31
5 2 12 28
1 2 12 29
7 2 12 30
2 2 12 28
8 3 12 29
7 3 15 29
2 2 15 30
6 2 21 29
7 2 11 28
7 2 19 29
4 3 18 28
5 2 22 29
2 2 23 28
6 2 22 28
5 25 25 28
4 2 24 28
3 2 24 28
6 3 23 28
3 4 38 28
6 2 41 28
7 5 42 28
2 2 42 28
8 2 41 28
6 2 3 27
1 2 3 28
4 2 3 29
3 2 7 30
6 2 9 30
1 2 6 29
3 3 5 29
1 3 10 30
5 2 9 30
4 2 9 31
2 2 12 29
7 2 11 28
3 2 12 28
7 3 13 28
2 3 17 28
8 2 20 28
6 2 21 28
4 2 20 28
5 2 28 28
1 2 29 28
7 2 3 27
7 3 6 28
3 3 12 28
6 4 9 27
5 2 9 28
5 3 23 28
3 3 13 27
7 5 20 28
2 2 22 28
8 2 22 27
1 2 22 27
8 2 22 27
4 2 22 27
6 2 21 27
1 2 21 27
5 3 23 27
1 2 24 27
6 3 30 27
3 5 32 27
6 2 37 27
5 2 36 27
8 2 35 27
4 2 3 26
5 3 3 27
6 2 3 28
7 2 3 29
1 2 23 27
6 2 22 27
8 2 2 26
4 3 4 27
4 2 8 27
5 2 8 28
8 2 7 28
1 2 10 29
3 2 10 28
6 2 10 28
2 2 11 28
4 2 15 27
8 4 7 26
7 2 22 26
1 2 21 26
3 2 21 27
5 2 23 27
6 2 22 27
4 2 23 26
7 2 22 26
5 2 27 26
7 2 33 26
3 5 38 26
3 2 39 26
2 2 39 26
1 5 2 25
2 2 13 26
4 2 19 27
8 2 15 26
7 2 14 26
3 2 17 27
8 4 17 27
6 3 15 26
3 2 20 26
2 2 19 26
4 2 30 26
3 3 6 25
8 2 10 26
1 2 16 27
2 2 15 27
2 2 13 26
3 2 12 26
6 2 13 27
5 2 14 27
8 3 11 26
4 2 12 26
6 2 13 26
7 3 13 26
1 2 13 27
2 3 18 26
5 3 6 25
1 3 16 26
4 2 9 25
1 2 9 25
2 2 9 26
7 2 12 25
6 2 14 26
3 2 15 25
3 2 22 25
4 5 24 25
5 3 24 25
5 3 32 25
1 4 33 25
3 4 33 25
5 2 33 25
6 6 4 24
5 3 13 25
4 2 13 26
8 2 12 26
1 3 22 25
7 2 21 25
4 2 20 25
3 2 26 25
1 2 29 25
2 2 4 24
4 2 9 25
2 2 18 25
1 2 8 24
1 3 9 25
2 2 10 26
3 2 9 26
7 2 13 24
4 2 19 25
2 3 24 25
1 2 12 24
3 3 12 24
6 2 15 24
5 3 14 24
3 4 15 25
7 4 17 25
1 2 26 25
4 3 14 24
2 2 19 25
6 2 24 25
3 2 14 24
7 2 18 25
3 2 17 24
3 2 27 24
1 2 35 24
8 4 1 23
2 3 19 24
8 2 19 25
1 2 21 25
3 3 18 24
5 2 2 23
4 2 10 24
8 2 17 25
8 4 9 24
6 3 9 23
3 2 12 24
8 2 15 25
6 2 18 25
4 3 12 24
1 2 17 25
7 3 13 24
2 2 12 24
1 3 16 24
4 5 17 24
6 2 18 24
6 2 10 23
3 3 15 24
1 4 16 24
3 2 9 23
2 2 10 23
5 5 12 24
5 2 13 25
6 4 21 23
1 2 22 23
3 3 27 23
1 2 26 23
2 2 26 23
3 4 33 23
5 2 31 23
1 2 31 23
6 2 30 23
7 2 31 23
4 5 30 23
8 3 29 23
4 2 29 23
6 2 30 23
1 4 31 23
4 2 1 22
6 2 5 23
1 2 10 24
7 2 12 25
6 2 9 23
4 2 9 24
2 2 10 24
8 5 17 23
1 2 17 23
7 3 1 22
3 2 1 23
3 2 4 24
6 2 4 23
5 2 5 24
2 2 4 24
2 3 5 22
1 3 9 23
6 2 6 22
7 2 7 23
4 3 7 22
7 2 9 23
6 4 10 23
5 3 9 23
2 3 10 23
3 3 6 22
4 3 6 23
4 4 17 22
3 2 16 22
5 2 16 22
7 2 18 22
8 4 22 22
5 2 23 22
2 2 27 22
8 2 32 22
7 4 33 22
6 2 2 21
5 2 3 22
6 2 6 22
8 2 8 23
7 2 28 22
3 3 2 21
8 2 4 22
1 3 8 22
7 2 9 23
8 2 8 22
7 4 2 21
8 2 2 22
1 2 5 23
3 2 4 22
8 2 5 23
6 2 6 22
5 2 6 23
1 2 6 22
8 2 11 22
7 3 6 21
2 3 14 22
3 2 7 21
4 2 7 21
1 5 9 21
5 2 9 22
8 2 12 22
2 2 8 21
7 2 10 22
6 2 9 22
4 3 9 21
6 2 20 21
7 2 22 21
2 3 28 21
8 2 32 21
8 4 34 21
1 2 34 21
1 6 37 21
8 2 7 20
1 2 7 21
1 2 8 22
5 2 7 21
5 2 15 21
2 3 7 20
5 6 8 20
3 2 11 21
6 2 7 20
4 5 8 20
4 2 13 21
1 2 19 21
6 7 18 21
6 3 8 20
1 2 13 21
8 2 14 21
5 2 19 21
4 2 18 21
2 2 8 20
3 2 8 21
4 2 7 21
6 2 7 22
1 3 8 20
6 3 8 20
3 2 8 20
4 2 15 21
8 2 7 20
2 3 10 21
5 2 9 21
6 2 8 20
1 2 8 20
2 2 9 20
2 2 12 20
4 2 11 20
5 2 11 20
6 4 11 20
3 2 16 20
1 2 20 20
6 2 24 20
5 5 23 20
2 3 23 20
1 9 29 20
7 2 27 20
1 2 2 19
3 2 2 20
7 2 11 21
5 2 10 21
1 2 1 20
4 3 9 21
8 2 1 20
2 3 3 21
6 2 3 21
4 2 5 22
2 2 5 23
7 3 4 20
8 2 6 21
1 2 3 20
2 2 4 20
8 2 4 21
6 2 3 20
7 2 8 20
5 2 3 19
7 2 3 20
4 2 2 20
5 2 3 19
8 3 3 19
6 3 3 20
2 5 3 21
3 2 6 20
2 2 15 19
4 2 15 19
5 2 19 19
5 3 24 19
8 2 23 19
4 2 23 19
7 3 25 19
3 3 24 19
6 2 26 19
1 2 28 19
7 2 31 19
4 3 32 19
3 3 2 18
3 2 15 19
2 2 24 19
5 2 27 19
7 3 6 18
1 2 9 19
2 5 15 19
6 2 14 19
5 2 20 19
7 2 22 19
4 2 6 18
8 3 6 19
1 2 12 19
4 4 15 19
7 2 6 18
3 3 6 19
8 3 19 19
1 2 5 18
1 3 8 19
2 2 7 19
4 3 7 19
8 2 4 18
7 2 12 19
2 26 4 18
6 2 6 19
6 2 8 18
2 2 10 19
3 2 11 19
6 4 12 18
4 2 21 18
5 2 21 18
6 2 25 18
3 3 27 18
2 2 13 17
1 4 21 18
8 2 15 17
3 4 16 18
6 2 16 18
7 2 18 18
3 2 18 18
5 3 25 18
5 3 16 17
1 2 17 18
6 2 17 18
3 2 23 18
2 2 15 17
4 2 20 18
8 2 20 18
2 2 16 17
3 2 17 18
4 2 16 18
6 2 21 17
8 3 21 17
3 2 26 17
2 2 25 17
5 2 28 17
1 2 30 17
3 2 31 17
7 3 30 17
8 2 35 17
3 3 34 17
3 2 36 17
6 5 37 17
8 3 10 16
6 4 24 17
1 2 27 17
8 3 27 17
2 2 26 17
5 2 25 17
1 2 30 17
4 3 12 16
5 2 14 17
1 2 15 18
6 3 14 18
7 3 14 18
5 3 13 18
3 3 19 17
2 2 18 16
7 4 17 16
4 2 18 17
6 4 18 17
5 3 16 17
1 2 15 17
2 2 19 16
4 3 21 16
5 3 28 16
8 2 28 16
7 3 30 16
6 3 32 16
4 3 33 16
1 2 37 16
6 2 5 15
8 2 15 16
1 2 25 16
3 2 24 16
7 2 23 16
4 4 25 16
7 3 13 15
4 2 29 16
5 2 15 15
6 2 15 16
2 3 15 17
8 2 13 16
8 2 15 17
2 2 18 16
5 2 19 16
8 2 18 16
1 3 18 16
5 6 21 16
2 2 19 15
3 3 18 15
4 2 22 16
3 3 27 15
6 2 26 15
8 4 27 15
1 2 37 15
2 3 38 15
7 2 37 15
8 2 36 15
2 2 39 15
8 2 3 14
1 3 21 15
8 2 21 15
2 3 24 15
4 2 30 15
1 2 29 15
5 2 4 14
6 2 21 15
2 2 21 16
3 2 22 15
8 2 29 15
3 2 29 15
1 2 33 15
6 2 6 14
2 4 8 15
5 2 8 16
3 2 14 17
1 2 11 15
2 2 16 16
7 3 11 15
3 2 15 16
5 2 21 15
8 2 8 14
4 3 12 15
6 2 12 16
7 3 21 15
2 4 21 15
5 4 9 14
6 4 11 14
3 3 15 15
1 4 22 15
8 3 10 14
6 2 10 15
5 2 13 16
1 2 9 15
7 2 10 16
2 2 11 17
4 2 12 17
7 2 12 18
3 2 9 16
8 2 9 16
3 3 16 15
4 3 11 14
8 3 10 14
4 2 14 15
7 2 14 14
5 3 14 15
4 3 13 14
7 2 27 14
4 2 2 13
6 2 10 14
8 2 13 14
5 3 13 14
3 2 14 14
4 3 4 13
2 2 8 14
7 2 17 14
5 2 20 14
7 5 3 13
6 2 12 14
2 2 12 14
8 2 12 14
6 2 16 14
7 2 4 13
2 2 14 14
6 4 7 13
4 2 7 14
4 2 9 13
3 3 10 14
6 2 10 14
5 2 10 15
2 2 9 15
4 2 8 15
1 2 7 15
7 3 12 13
3 2 24 13
1 2 24 13
1 3 38 13
8 2 39 13
5 2 38 13
3 2 39 13
6 2 44 13
2 3 2 12
3 3 4 13
5 2 6 14
1 2 13 13
7 2 18 13
8 2 19 13
4 2 18 13
2 2 18 13
8 2 17 13
5 2 16 13
1 2 15 13
6 4 21 13
7 2 23 13
4 2 22 13
8 3 22 13
6 2 6 12
1 2 23 13
5 3 22 13
2 2 21 13
7 2 7 12
5 2 10 13
7 3 10 13
6 2 9 13
2 2 9 13
8 2 9 14
7 2 13 13
8 2 7 12
5 2 7 13
1 2 9 12
4 2 12 13
3 3 8 12
2 2 10 13
6 2 10 13
7 2 7 12
3 2 7 13
3 2 8 12
4 2 11 12
3 2 19 12
7 3 23 12
5 2 23 12
4 2 24 12
2 2 24 12
4 2 24 12
3 2 35 12
7 2 35 12
3 2 41 12
1 3 41 12
8 2 3 11
2 2 6 12
4 2 5 12
1 2 4 12
2 2 5 13
6 2 20 12
7 3 29 12
8 3 8 11
2 2 14 12
4 2 29 12
8 2 29 12
3 2 8 11
3 2 11 12
3 2 18 12
1 3 21 12
1 2 15 11
7 2 17 12
5 2 15 11
6 2 15 12
5 2 15 11
8 2 15 12
8 4 20 12
1 2 17 11
2 3 16 11
3 2 21 12
4 2 21 12
8 3 17 11
5 2 16 11
6 4 17 11
7 4 19 12
7 2 16 11
5 3 17 11
4 2 17 12
3 3 17 12
1 2 25 11
8 2 30 11
1 2 29 11
1 2 31 11
6 3 7 10
1 2 13 11
2 3 15 11
4 2 15 12
1 2 14 12
6 2 14 12
5 3 14 11
5 2 19 11
2 2 19 11
6 2 18 11
1 2 6 10
2 3 10 11
4 2 9 11
8 2 9 11
6 2 11 10
8 2 12 11
5 2 16 11
2 2 11 10
7 2 13 10
4 2 13 10
3 2 18 10
6 2 17 10
5 3 21 10
6 3 25 10
1 4 25 10
2 2 25 10
4 2 29 10
1 2 31 10
6 2 31 10
7 2 35 10
7 2 44 10
8 2 44 10
7 2 1 9
2 2 2 10
7 2 4 11
7 2 10 12
3 6 8 11
1 2 10 12
2 2 9 11
8 3 8 11
1 3 5 10
6 3 8 10
3 2 8 10
4 5 7 10
2 3 8 10
8 3 7 10
7 2 8 11
4 2 1 9
5 3 3 10
6 2 5 11
7 4 11 10
8 3 11 10
8 2 1 9
3 3 14 10
4 2 3 9
3 2 5 10
8 2 13 10
7 2 21 10
7 3 3 9
2 3 3 10
4 2 3 11
8 2 3 11
1 2 4 11
6 3 2 10
5 2 1 10
4 2 1 11
7 2 2 9
4 2 5 10
5 2 2 9
1 3 2 9
8 2 7 10
4 3 7 10
3 3 1 9
3 3 2 10
6 2 1 10
2 2 3 9
6 2 3 10
2 3 8 9
3 3 7 9
7 2 20 9
1 3 22 9
4 2 30 9
4 2 34 9
5 3 3 8
7 3 5 9
1 2 6 10
5 2 5 10
1 2 4 10
8 2 5 8
4 2 5 9
4 2 10 9
4 3 11 9
7 3 11 9
4 2 22 9
5 4 25 9
6 2 24 9
4 2 6 8
8 2 9 9
5 2 8 9
8 2 7 9
5 2 15 9
4 2 13 8
1 2 13 8
6 3 13 9
8 4 16 8
1 3 19 8
3 2 20 8
8 2 22 8
8 2 28 8
2 2 29 8
2 2 30 8
5 2 30 8
8 3 38 8
4 2 38 8
6 2 45 8
8 2 47 8
8 3 6 7
6 5 18 8
5 2 18 8
1 2 22 8
8 3 33 8
5 2 41 8
2 2 13 7
2 2 34 8
6 3 36 8
8 3 37 8
7 2 15 7
3 3 19 8
8 2 14 7
7 3 37 8
1 2 36 8
6 4 27 7
4 2 27 8
5 4 27 8
8 2 26 8
7 2 26 7
2 4 31 8
1 3 26 7
5 3 27 7
8 3 29 8
3 2 28 8
1 2 27 7
8 2 3 6
7 2 24 7
2 2 27 8
5 2 23 7
6 3 24 7
3 2 34 7
7 3 6 6
6 2 7 7
6 2 25 8
5 2 6 7
4 2 16 8
2 3 22 8
4 2 21 8
1 2 24 7
4 2 7 6
1 2 11 7
4 2 11 8
2 3 11 9
5 2 11 8
2 2 12 9
1 3 7 6
4 4 22 7
4 2 7 6
3 2 13 7
7 3 13 8
3 2 14 9
1 2 13 9
1 2 11 7
8 2 12 8
7 2 11 7
2 2 12 8
3 2 10 7
8 2 9 7
5 2 8 7
2 2 6 6
6 2 5 6
4 2 4 6
2 4 5 7
7 2 6 8
3 2 5 7
5 3 2 6
4 3 2 6
6 2 3 6
7 3 5 6
7 2 7 6
4 4 11 6
1 2 14 6
4 2 14 6
8 2 14 6
5 2 16 6
5 4 21 6
2 2 21 6
6 3 24 6
5 4 23 6
2 2 22 6
3 2 24 6
8 2 29 6
1 3 31 6
4 2 32 6
1 2 6 5
3 2 20 6
5 2 20 6
4 3 25 6
4 2 5 5
2 3 7 6
1 3 16 6
3 2 15 6
6 2 18 6
2 3 23 6
7 2 5 5
3 4 16 6
3 6 6 5
6 2 7 6
5 2 7 6
6 2 13 6
8 2 8 5
4 2 12 6
7 2 11 6
5 2 11 6
2 2 10 6
3 2 18 5
4 3 20 5
1 2 20 5
8 2 19 5
3 3 22 5
7 3 22 5
3 2 23 5
1 2 22 5
2 2 9 4
8 2 11 5
4 2 14 5
5 2 17 5
2 3 16 5
5 2 15 5
8 2 15 5
7 2 14 5
5 5 13 4
6 4 18 5
6 2 14 4
8 2 14 5
3 2 15 5
7 5 14 4
6 2 19 5
5 3 19 4
1 4 19 4
7 3 21 4
5 2 22 4
1 2 23 4
5 2 24 4
4 2 23 4
5 2 23 4
1 2 30 4
3 3 32 4
8 2 34 4
7 2 34 4
8 2 41 4
7 3 43 4
3 2 44 4
4 2 45 4
4 2 2 3
1 5 3 4
7 2 10 5
4 2 9 4
2 2 12 5
1 4 10 4
8 2 11 5
7 2 13 5
1 2 12 5
4 3 10 4
7 3 3 3
3 2 11 4
8 2 10 4
2 4 19 4
7 2 19 4
7 2 4 3
6 2 9 4
7 2 22 4
1 2 22 4
2 2 22 4
4 2 3 3
3 5 8 4
5 2 7 4
7 2 7 5
4 2 11 4
5 2 4 3
4 4 5 4
1 2 5 5
2 2 5 6
2 2 7 6
5 2 6 5
5 2 8 3
4 6 7 3
2 2 13 4
6 2 12 4
2 3 17 4
1 2 9 3
5 2 16 3
5 2 18 3
2 2 18 3
7 2 19 3
4 2 31 3
8 2 36 3
8 4 3 2
1 3 13 3
6 2 13 4
8 3 18 3
3 2 25 3
6 2 26 3
2 3 4 2
2 2 5 3
8 5 5 4
7 2 5 4
6 2 4 4
2 2 6 5
3 4 5 4
3 2 8 3
7 2 15 3
8 2 20 3
7 3 20 3
6 2 6 2
2 2 14 3
8 2 7 2
6 2 20 3
3 2 19 3
4 3 11 2
1 2 15 3
5 2 14 3
4 2 14 3
1 2 13 3
2 2 13 2
6 2 12 2
7 2 13 2
5 2 14 2
4 2 17 2
8 3 25 2
4 2 25 2
7 2 26 2
1 4 26 2
4 2 26 2
2 2 30 2
1 3 30 2
5 4 32 2
6 2 7 1
6 2 14 2
5 2 15 2
7 2 15 2
7 2 26 2
1 2 13 1
8 3 19 2
3 2 25 2
2 3 26 2
5 2 13 1
3 2 15 2
4 3 16 1
6 2 16 2
2 2 15 2
5 2 15 1
5 3 18 2
4 2 22 2
7 2 15 1
2 2 16 2
3 2 17 1
5 2 19 1
3 3 25 1
3 2 33 1
1 2 37 1
5 2 37 1
