382757
1502
7 41 1 100
2 68 1 100
6 75 4 100
3 3 7 100
6 2 8 100
5 232 10 100
2 44 14 100
2 16 15 100
4 98 19 100
3 2 19 100
2 3 20 100
4 8 20 100
6 3 25 100
4 2 24 100
5 3 25 100
3 3 24 100
8 2 26 100
4 2 27 100
6 2 28 100
8 2 29 100
7 2 29 100
1 3 29 100
5 3 29 100
4 2 28 100
4 2 1 99
3 3 10 100
7 3 12 100
3 2 26 100
1 2 25 100
8 20 7 99
8 5 20 100
2 2 10 99
6 2 10 100
2 2 17 100
6 5 17 100
1 3 10 99
7 2 15 99
1 7 14 99
3 7 1 98
6 2 7 98
8 2 7 98
5 2 7 99
4 2 14 99
8 2 7 98
4 6 7 99
2 9 13 98
5 3 13 98
1 8 13 98
2 2 1 97
8 2 10 98
3 6 3 97
1 3 4 98
4 2 4 99
3 2 8 99
6 2 7 99
6 6 3 98
1 2 3 99
8 2 3 100
2 2 6 100
8 3 7 97
3 3 8 97
1 8 12 97
2 2 4 96
5 2 4 97
4 2 5 98
4 2 3 96
7 2 4 96
3 3 8 97
6 3 3 96
6 2 6 96
2 2 6 97
5 2 6 96
1 3 6 96
2 2 7 97
8 2 5 96
5 2 5 96
1 10 5 97
8 2 4 97
6 2 4 96
3 3 4 95
7 8 4 95
8 2 3 95
2 2 2 95
1 9 12 95
4 4 3 94
8 16 7 95
5 3 9 94
2 2 9 94
1 8 13 94
5 2 4 93
3 2 4 93
5 2 6 94
7 2 9 95
8 2 8 94
7 2 5 93
6 3 5 94
2 2 5 95
4 4 5 94
2 2 6 93
1 4 6 93
2 2 7 93
7 3 7 92
4 47 7 92
3 4 6 92
5 2 6 92
8 56 7 92
4 3 7 92
6 2 9 92
7 28 12 92
4 41 10 92
8 18 8 92
2 2 8 92
1 7 10 92
6 3 9 92
5 3 9 92
7 3 1 91
8 2 1 91
2 2 1 91
6 2 2 91
4 9 2 92
2 2 4 93
7 2 5 93
1 20 5 93
3 2 2 92
7 2 2 93
2 2 4 91
1 3 1 90
5 3 1 90
7 2 1 91
6 2 1 91
2 8 1 90
5 4 5 90
1 3 5 90
6 2 6 90
4 6 6 90
2 2 9 90
1 20 9 90
7 2 7 89
5 8 7 89
2 3 7 89
4 3 8 89
2 2 8 89
6 3 8 90
3 2 6 89
1 15 8 89
8 2 9 89
8 46 1 88
7 2 1 89
8 2 6 90
1 3 4 89
6 3 3 89
3 3 3 88
4 2 4 88
2 6 4 88
5 8 5 88
8 2 4 88
2 23 4 88
6 2 3 88
3 3 4 88
1 4 6 88
7 2 7 88
3 2 8 88
1 7 7 88
4 2 7 88
7 2 3 87
6 4 2 87
5 3 2 87
7 2 2 88
5 9 2 87
2 10 4 88
3 2 8 87
7 6 8 87
3 5 8 87
1 4 7 87
2 3 6 87
3 7 2 86
4 8 3 87
3 2 4 88
6 4 2 86
2 2 1 86
8 7 2 87
5 7 3 87
2 10 2 86
7 4 2 87
8 4 4 86
3 3 2 86
2 4 2 86
1 5 2 87
4 5 1 86
3 5 1 87
3 8 5 87
7 6 1 86
1 3 1 86
4 3 1 85
6 2 2 85
8 9 2 86
5 6 1 85
2 4 1 86
7 2 1 85
2 6 1 85
3 3 5 85
3 7 6 85
1 3 6 85
6 5 1 84
2 3 6 85
1 2 1 84
1 3 4 84
8 7 5 85
1 3 12 84
8 27 19 84
5 3 20 84
4 2 20 84
5 2 20 84
8 2 20 84
7 4 20 84
2 4 20 84
1 3 19 84
3 4 22 84
8 2 22 84
8 2 23 84
3 7 22 84
1 6 22 84
2 3 10 83
2 15 22 84
8 7 10 83
4 5 11 84
5 2 10 84
7 2 9 84
5 3 8 84
2 2 8 83
6 2 7 83
8 8 7 83
5 2 7 83
4 5 7 83
7 4 12 84
2 3 11 84
7 10 12 84
8 6 8 83
3 8 11 84
1 4 8 83
2 2 8 83
1 2 1 82
7 2 6 83
3 2 4 82
5 5 6 83
6 2 4 82
1 6 4 82
6 4 4 82
4 6 6 82
1 2 7 82
8 3 7 82
8 6 8 82
1 4 8 82
5 3 8 82
4 7 8 82
8 3 9 82
2 4 9 82
7 15 10 82
8 3 10 82
3 7 10 82
1 5 9 82
3 2 1 81
5 2 4 82
5 3 1 81
4 2 2 82
6 4 2 81
7 2 1 81
2 3 7 82
5 2 6 82
4 2 4 81
8 2 5 81
8 2 8 81
8 2 11 81
1 4 11 81
5 2 11 81
4 4 10 81
5 4 10 81
8 5 9 81
7 6 11 81
5 3 11 81
7 2 12 81
8 4 11 81
3 4 12 81
1 7 12 81
2 2 1 80
6 5 3 81
1 3 3 82
7 2 4 83
2 2 2 82
5 35 2 80
5 3 5 80
7 5 7 81
6 2 4 80
4 4 8 81
7 4 5 80
8 2 8 81
6 46 7 80
4 5 10 80
5 4 10 80
4 3 10 80
3 2 11 80
5 4 10 80
8 2 10 80
8 2 11 80
7 11 11 80
5 3 11 80
8 8 11 80
5 7 11 80
2 5 16 80
1 2 15 80
8 3 15 80
2 3 6 79
7 3 12 79
7 3 14 79
4 4 13 79
2 2 13 79
1 2 13 80
6 2 13 79
7 2 13 79
4 6 15 79
4 3 16 79
3 2 16 79
5 5 15 79
7 4 19 79
5 2 19 79
8 4 19 79
7 2 19 79
3 2 18 79
2 3 20 79
8 5 20 79
7 2 9 78
4 6 18 79
5 2 17 79
1 4 9 78
2 3 10 78
6 5 11 79
3 2 11 80
7 36 14 79
3 2 14 78
4 8 14 78
5 2 13 78
3 2 13 78
5 3 13 78
8 4 13 79
8 9 17 78
2 3 21 78
8 5 21 78
7 2 5 77
1 24 12 78
6 2 6 77
1 2 7 77
5 3 7 77
4 63 8 77
3 6 12 78
8 2 11 78
7 2 12 79
6 2 11 78
7 2 9 77
3 2 10 78
1 2 11 79
4 14 9 77
5 6 10 77
8 5 10 77
8 11 12 77
7 3 12 77
3 3 11 77
1 2 10 77
8 2 10 77
8 6 12 77
4 5 1 76
8 2 2 77
1 2 2 78
3 2 4 79
3 2 7 80
4 2 2 78
5 2 5 79
2 3 6 79
4 2 5 79
2 2 7 77
8 2 3 76
6 3 4 77
3 3 4 78
8 2 3 78
4 3 3 77
5 3 2 76
1 3 2 76
5 2 3 76
5 3 5 76
8 8 4 76
2 2 3 76
6 2 2 76
8 12 2 77
7 2 1 77
1 4 2 76
8 8 3 76
6 2 2 75
6 3 3 75
4 3 4 75
2 2 4 75
1 3 4 75
7 3 4 75
4 2 5 75
6 3 6 75
3 2 7 75
8 4 6 75
2 4 6 75
8 6 6 75
8 8 9 75
1 3 9 75
8 9 10 75
8 2 2 74
2 3 2 75
4 3 5 75
5 4 4 75
2 5 6 75
1 3 5 74
4 6 4 74
3 2 4 75
4 2 4 74
2 8 6 74
8 3 6 74
8 6 7 74
6 3 9 74
8 12 9 74
1 7 9 74
4 4 8 74
8 11 10 74
7 6 7 73
5 2 7 73
1 3 9 74
4 2 7 73
6 3 8 73
4 2 8 73
3 2 8 74
2 10 12 73
8 3 12 73
1 2 11 73
6 2 13 73
8 12 13 73
1 9 13 73
7 3 14 73
8 12 15 73
2 49 3 72
4 2 12 73
8 54 3 72
2 3 9 73
5 2 7 72
6 3 7 72
4 4 8 72
5 2 10 72
2 12 10 72
8 6 10 73
3 2 9 73
8 18 11 72
6 2 12 72
1 4 12 72
4 3 12 72
8 7 12 72
7 2 6 71
4 2 9 72
6 3 9 73
7 2 8 73
2 3 9 71
6 4 9 71
1 3 8 71
4 9 8 71
2 9 8 71
8 74 8 71
6 3 7 71
1 7 7 72
5 2 8 71
8 6 9 71
6 2 4 70
5 4 4 70
2 2 4 71
1 3 9 70
2 4 10 70
1 4 11 70
4 42 11 70
2 9 11 70
8 47 11 70
1 6 12 70
2 2 11 70
5 8 11 70
8 2 11 70
1 2 1 69
6 2 1 70
1 2 1 70
7 2 3 71
4 3 6 72
3 2 2 70
5 3 3 70
8 2 2 69
7 8 2 70
2 5 4 69
1 8 4 69
4 7 4 69
2 8 4 69
8 11 5 69
1 4 5 69
5 10 8 69
7 6 7 69
6 2 2 68
1 5 4 68
2 6 6 69
1 7 6 68
5 2 6 68
4 5 8 68
2 7 8 68
8 2 8 68
4 2 8 68
8 10 8 68
1 40 8 68
5 17 7 68
6 2 7 68
3 3 2 67
8 2 2 68
7 2 3 69
4 2 4 67
7 2 4 67
2 3 5 67
8 4 5 67
4 3 4 67
8 12 4 67
1 7 4 68
5 16 4 67
2 2 1 66
3 3 2 66
6 4 2 66
7 7 2 67
4 2 2 66
2 2 2 67
8 13 7 66
2 5 9 66
1 3 9 66
5 12 12 66
1 3 3 65
7 2 5 65
7 4 10 66
3 3 9 66
5 4 5 65
6 2 4 65
1 2 4 66
8 3 7 66
3 7 7 65
8 4 7 65
4 3 7 65
2 3 6 65
5 8 6 65
7 2 5 65
5 8 7 65
5 55 2 64
4 2 3 65
3 2 2 65
5 2 1 65
6 5 5 64
8 6 7 64
6 2 8 64
5 2 7 64
7 6 7 64
7 2 8 64
3 6 12 64
8 13 11 64
4 2 11 64
5 6 12 64
3 2 13 64
6 2 13 64
5 6 13 64
7 2 2 63
4 3 4 64
1 7 6 64
7 15 7 64
6 2 5 63
3 5 6 64
2 2 5 64
8 7 6 63
4 6 6 63
5 8 6 63
5 4 9 63
8 2 2 62
1 9 3 62
2 2 4 62
1 5 6 62
8 8 6 63
7 17 5 63
6 4 5 64
3 5 6 62
8 2 6 62
3 2 6 62
5 7 7 62
7 2 7 62
8 2 12 62
6 7 3 61
6 3 7 62
2 14 4 61
5 3 4 62
4 37 4 63
2 2 2 62
5 2 3 63
1 2 2 62
3 2 2 63
2 2 2 63
1 2 5 61
7 3 5 61
1 21 5 61
6 3 7 61
1 8 8 61
8 13 8 61
7 34 7 61
4 4 7 61
3 3 8 61
7 2 10 61
5 10 9 61
7 2 9 61
4 5 10 61
4 3 1 60
3 2 1 61
2 3 5 61
3 10 4 60
1 9 4 60
6 4 4 61
8 2 3 61
7 3 4 60
3 2 5 60
1 2 4 60
5 8 4 61
7 7 5 61
8 3 4 61
2 2 3 60
2 2 5 59
1 4 5 59
8 2 7 59
2 2 7 59
6 2 8 59
7 9 7 59
6 2 6 59
2 3 6 59
3 3 8 59
2 8 9 59
1 2 9 59
5 5 13 59
7 7 13 59
8 27 1 58
6 2 6 59
4 2 2 58
2 2 13 59
3 2 2 58
1 4 6 59
6 2 11 59
2 2 1 58
6 3 2 59
5 2 2 60
4 2 2 60
7 2 1 59
8 2 1 58
3 2 5 59
7 2 4 59
1 3 1 58
6 2 7 58
7 4 7 58
6 3 7 58
1 2 8 58
7 2 10 58
2 2 11 58
1 3 11 58
8 3 11 58
4 3 11 58
5 3 10 58
4 3 10 58
7 4 12 58
2 9 12 58
8 5 3 57
4 5 5 58
6 3 5 57
6 3 8 58
2 2 5 57
4 3 9 58
1 6 5 57
2 2 13 57
6 5 13 57
7 4 13 57
6 2 13 57
6 2 20 57
1 4 21 57
4 14 20 57
7 4 20 57
8 2 21 57
5 2 1 56
7 5 3 57
3 2 7 58
7 2 6 58
8 2 5 58
3 2 9 57
2 5 17 57
4 11 3 56
2 5 10 57
1 4 9 57
3 3 11 57
8 3 10 57
7 3 10 56
7 2 11 56
6 2 12 56
6 4 15 56
1 8 27 56
4 12 27 56
8 2 27 56
2 4 26 56
8 2 26 56
2 37 1 55
2 2 9 56
1 10 5 55
5 2 9 56
3 3 11 57
8 2 9 56
4 2 10 57
1 3 9 56
7 4 12 56
4 2 11 56
4 4 5 55
5 3 6 56
7 2 8 57
6 8 8 57
2 2 5 56
8 2 5 56
1 2 5 55
5 2 8 56
3 3 7 56
7 2 4 55
3 2 4 55
7 4 4 55
3 3 4 55
5 2 3 55
6 2 2 55
7 64 2 55
4 7 2 55
2 2 5 56
4 2 4 56
3 4 2 55
6 2 2 55
3 3 9 55
4 2 9 55
1 8 9 55
4 2 13 55
5 3 13 55
4 3 13 55
8 6 13 55
8 4 1 54
5 2 4 55
4 6 3 54
2 6 9 55
8 4 3 54
7 145 8 55
1 2 9 55
8 3 7 54
2 3 7 55
6 2 6 54
6 3 7 54
5 2 8 54
1 2 10 54
7 2 9 54
3 6 12 54
1 8 12 54
4 3 14 54
5 5 14 54
8 70 15 54
1 5 7 53
8 2 7 54
4 3 6 53
2 15 6 53
3 2 7 54
8 5 9 54
1 2 6 53
3 2 8 53
1 2 8 54
3 6 15 53
1 7 15 53
4 3 18 53
5 5 18 53
8 9 17 53
1 21 3 52
1 6 8 52
2 5 14 53
6 4 7 52
7 2 7 53
5 2 8 54
7 2 8 54
4 2 7 54
2 2 7 53
6 2 7 52
6 2 8 52
5 2 8 52
3 6 10 52
1 13 10 52
8 5 10 52
4 2 10 52
8 10 12 52
2 2 5 51
5 2 9 51
6 3 9 52
3 2 9 51
5 2 9 52
4 2 9 53
2 2 9 51
6 9 9 51
7 5 8 51
3 21 9 51
1 9 9 51
8 5 9 51
4 3 10 51
8 7 11 51
6 19 11 50
3 14 12 50
1 12 12 50
8 9 12 50
1 2 12 50
5 6 14 50
8 5 14 50
2 2 1 49
5 6 12 50
2 3 8 49
1 2 8 50
7 2 9 51
3 2 7 49
8 4 8 49
4 6 3 48
7 3 4 49
2 5 3 49
4 7 4 48
6 2 4 48
3 11 4 48
1 3 4 49
8 4 3 48
8 2 4 48
1 3 3 48
5 4 5 48
5 2 6 48
8 5 6 48
6 3 2 47
7 5 1 47
2 6 1 47
4 5 2 47
3 6 5 48
6 3 1 47
1 15 4 48
5 3 2 48
3 4 2 47
8 2 2 48
3 2 2 47
8 2 2 47
4 5 2 47
3 5 5 46
7 7 4 46
2 5 5 46
4 8 6 46
6 2 5 46
3 4 6 46
1 12 6 46
5 4 6 46
3 9 6 46
8 2 2 45
6 3 3 45
5 2 2 45
4 8 7 46
6 3 3 45
2 2 4 45
3 3 5 45
7 8 4 45
2 4 4 45
4 12 5 46
5 5 6 45
1 28 6 45
3 10 7 45
7 7 2 44
6 2 6 44
5 2 6 45
4 5 6 45
7 2 6 44
2 3 5 44
8 2 5 45
1 2 5 46
5 56 5 44
3 46 6 44
7 6 7 44
2 4 7 44
4 13 7 44
5 2 12 44
6 4 11 44
3 2 12 44
1 2 11 44
3 12 10 44
4 2 4 43
2 2 5 44
3 2 6 44
5 2 5 44
8 2 5 43
2 2 5 43
7 6 8 43
8 4 8 43
2 2 10 43
5 5 10 43
4 6 10 43
7 6 10 43
2 4 11 43
4 13 11 43
6 2 18 43
3 17 18 43
7 11 2 42
5 25 4 43
8 5 3 43
6 3 4 44
7 2 4 44
1 2 2 42
7 6 4 42
8 3 4 43
5 11 11 43
7 4 4 42
8 8 4 42
7 12 4 42
2 6 6 43
4 6 6 42
8 2 8 42
5 5 8 42
7 4 8 42
7 40 9 42
3 20 9 43
8 4 4 41
4 3 4 42
6 2 3 42
3 2 3 42
2 2 4 41
5 2 3 41
4 6 3 42
8 5 3 41
8 2 6 41
3 16 8 41
4 2 1 40
2 2 1 41
2 2 4 41
6 3 1 40
8 5 5 41
6 3 5 41
3 2 1 40
4 2 2 41
5 2 2 42
2 2 2 40
7 4 2 40
5 7 1 40
1 2 1 41
1 7 2 40
4 3 9 40
8 6 9 40
1 2 15 40
3 19 15 40
6 3 3 39
7 7 7 40
5 6 7 40
4 7 11 40
2 5 3 39
1 2 4 39
7 3 4 40
4 2 3 40
8 12 3 39
3 20 7 40
3 4 4 39
6 4 7 38
7 5 9 38
5 5 9 38
7 2 10 38
1 2 10 38
2 3 11 38
4 8 11 38
8 7 11 38
6 9 11 38
8 2 11 38
3 26 14 38
2 5 1 37
5 2 4 38
1 2 3 38
7 29 3 39
6 2 3 40
7 3 6 37
5 3 7 38
5 2 7 37
2 4 7 37
1 5 7 37
2 2 7 37
8 4 7 38
6 2 7 37
8 2 7 37
3 2 10 37
4 6 10 37
3 15 10 37
1 2 1 36
3 2 4 37
1 2 3 37
5 2 1 36
4 49 6 36
5 4 6 37
7 2 5 36
6 8 5 36
7 3 6 36
2 6 6 36
3 11 7 36
6 3 7 36
8 2 7 36
4 2 10 36
6 2 9 36
8 2 8 36
4 3 8 36
3 14 8 36
8 14 1 35
1 2 1 35
7 2 1 35
4 13 2 36
5 2 4 37
6 9 5 36
5 4 2 35
5 3 3 35
7 2 2 35
2 10 3 36
3 9 2 36
8 3 3 35
6 2 2 35
8 4 2 35
6 2 2 35
4 12 8 35
3 4 5 35
1 2 6 35
3 12 6 35
6 82 6 34
6 3 7 34
5 2 6 34
7 2 5 34
5 3 4 34
2 10 4 34
3 7 4 34
2 3 4 34
3 2 4 34
6 4 4 34
8 3 4 34
6 3 4 34
4 78 7 34
3 11 10 34
3 2 11 34
1 64 1 33
7 4 3 34
1 2 4 35
8 2 3 34
4 2 1 33
1 3 6 34
5 8 1 33
6 2 5 34
7 55 3 33
5 4 3 34
1 2 2 34
2 2 2 35
5 2 4 33
2 234 6 33
3 5 6 33
6 3 8 33
5 7 8 33
6 3 8 33
3 10 15 33
5 4 15 33
1 5 4 32
1 5 6 33
3 15 6 33
1 3 11 33
7 2 10 33
5 10 4 32
6 14 4 32
8 2 4 32
2 2 4 33
8 3 6 32
3 25 6 32
8 2 7 32
6 3 7 31
2 3 10 31
1 2 4 30
2 2 5 31
4 2 6 32
1 2 7 33
6 3 6 31
7 3 6 32
2 35 1 29
5 6 3 30
8 2 5 31
1 12 4 30
3 2 4 31
6 32 1 29
7 3 2 30
2 2 3 31
4 2 1 29
2 12 5 29
1 3 7 29
5 5 3 28
5 2 8 29
8 2 2 28
7 2 4 29
3 2 3 29
6 2 2 29
1 2 2 28
6 6 3 28
2 2 4 27
8 2 4 27
2 4 4 27
1 2 3 27
2 2 2 27
8 2 1 27
7 2 1 26
3 4 2 27
2 2 1 27
4 2 1 26
5 2 1 26
1 3 1 26
8 3 4 26
2 4 4 26
1 3 5 26
2 3 5 26
7 5 6 26
2 2 6 26
8 2 6 26
2 3 6 26
3 4 7 26
5 5 7 25
8 4 7 25
2 2 7 26
4 2 6 26
6 2 5 26
8 5 7 25
2 2 7 25
7 4 8 25
2 3 8 25
8 2 8 25
2 4 8 25
3 3 8 25
3 2 3 24
7 2 11 25
8 32 4 24
1 6 6 25
4 3 6 25
5 2 5 25
6 4 5 25
5 4 4 24
8 2 6 25
6 2 4 24
4 2 3 24
5 7 3 24
1 5 4 25
8 7 3 24
2 2 3 25
4 5 3 24
2 26 3 24
8 2 3 24
6 2 4 24
7 5 1 23
3 2 1 23
7 2 2 23
8 3 3 23
1 4 4 24
5 10 2 23
8 2 2 23
1 2 2 24
3 2 3 25
8 7 2 23
4 4 1 23
5 3 1 24
2 4 1 25
8 2 1 23
2 2 3 23
3 4 3 23
1 3 3 23
3 2 3 23
8 2 3 23
7 34 3 22
8 3 5 23
3 2 3 22
4 3 6 22
8 3 6 22
1 2 5 22
5 197 5 22
8 3 5 22
8 11 6 22
2 2 10 22
5 2 17 22
1 2 18 22
8 5 2 21
4 2 7 22
6 3 3 21
7 5 9 22
8 2 14 22
3 2 2 21
7 2 3 22
4 2 7 22
8 3 6 22
3 3 6 22
6 2 5 21
2 8 6 22
8 2 5 21
5 13 5 22
8 19 4 21
6 3 7 22
6 2 4 21
5 2 8 21
1 4 9 21
2 2 7 21
7 2 6 20
4 2 8 21
1 2 5 20
7 2 8 20
3 5 8 20
6 3 10 20
8 2 9 20
2 7 9 20
5 10 10 20
8 12 9 20
8 7 10 20
4 3 14 20
2 3 16 20
4 2 16 20
6 2 15 20
1 2 2 19
6 7 2 20
3 2 3 21
5 3 2 21
4 2 1 20
2 2 2 20
6 2 4 20
8 2 2 19
7 2 4 19
3 2 7 19
1 2 7 20
3 3 8 19
5 7 8 19
3 2 8 19
8 8 8 19
8 3 9 19
2 3 8 19
8 2 8 19
5 6 11 19
8 230 11 19
7 4 11 19
2 2 10 19
3 2 11 19
2 2 11 19
4 2 12 19
8 4 6 18
7 7 7 19
5 12 9 19
7 3 7 18
8 11 8 19
2 2 7 19
8 3 7 18
2 2 11 18
1 3 1 17
4 2 1 18
3 2 4 19
2 2 1 17
4 3 1 17
1 2 1 18
7 2 4 19
4 2 3 19
6 4 3 19
1 2 2 18
3 2 1 18
4 3 1 18
6 2 1 17
1 2 1 18
2 9 3 17
7 5 2 17
5 2 2 17
2 2 2 18
6 2 1 17
8 14 3 17
4 136 3 17
8 12 3 17
3 2 1 16
7 4 5 16
2 2 4 16
7 4 4 16
2 3 4 16
8 7 5 16
5 3 5 17
8 4 4 16
4 2 3 16
8 12 3 16
6 2 7 16
6 3 1 15
4 7 6 15
2 2 7 15
7 2 7 15
7 12 10 15
5 3 10 15
2 3 10 15
5 2 10 15
8 9 10 15
5 2 10 15
8 10 10 15
7 2 10 15
8 4 10 15
1 2 3 14
2 2 5 15
3 3 6 14
2 2 6 15
7 2 6 16
7 3 10 15
5 4 11 15
1 2 7 14
2 4 7 14
8 7 10 15
5 7 7 14
8 9 7 14
7 3 7 14
8 4 7 14
4 2 9 15
6 2 9 14
8 6 1 13
6 13 5 14
3 23 5 15
1 3 5 15
4 2 4 15
2 19 3 13
6 2 1 13
3 4 5 13
1 4 4 13
7 3 7 13
1 15 7 13
5 3 8 13
2 5 8 13
5 6 8 13
8 3 8 13
5 2 8 13
8 15 8 13
7 2 7 13
8 4 7 13
4 6 8 13
2 6 8 13
5 8 8 13
7 38 2 12
8 3 1 12
3 2 1 13
5 2 2 14
4 2 1 13
6 2 1 12
8 2 1 12
8 21 2 12
5 2 3 12
1 3 1 11
7 2 2 12
3 2 2 13
7 2 1 13
4 8 2 12
2 3 3 11
5 18 4 11
3 2 3 11
8 20 3 11
2 6 5 11
4 3 4 10
3 5 4 11
1 5 3 10
6 3 3 11
2 4 6 11
6 2 6 10
3 9 8 10
5 6 11 10
8 2 1 9
5 2 1 10
1 3 9 10
8 10 8 10
4 4 1 9
5 2 7 10
2 2 3 9
1 2 4 9
7 3 4 10
5 2 4 11
8 3 3 11
6 6 4 9
3 2 4 10
6 2 4 9
4 2 5 9
1 6 5 9
3 44 1 8
3 4 6 8
7 2 5 8
4 2 9 8
8 2 12 8
1 3 12 8
8 6 12 8
1 3 12 8
4 2 12 8
7 4 11 8
2 3 11 8
6 3 10 8
4 3 13 8
1 6 14 8
2 3 1 7
6 2 4 8
4 3 1 7
8 2 1 8
7 2 2 8
3 6 5 8
5 2 5 8
8 3 8 8
1 2 1 7
1 2 2 8
4 2 3 9
2 2 2 8
3 5 2 7
8 9 4 7
1 6 4 7
2 4 4 7
8 2 4 7
3 2 5 7
1 7 8 7
5 2 3 6
7 2 2 6
2 2 2 7
4 5 3 7
3 5 4 7
6 2 4 8
7 4 2 6
3 2 2 7
1 2 5 6
2 2 5 6
8 3 6 6
6 2 6 6
7 2 8 6
4 8 12 6
7 10 13 6
5 2 13 6
8 2 12 6
2 2 13 6
1 6 13 6
8 2 3 5
4 3 5 5
1 3 5 5
8 6 9 6
5 2 6 5
5 2 7 6
4 4 13 5
7 10 15 5
5 8 15 5
1 9 15 5
6 3 3 4
7 3 3 5
5 2 8 6
8 7 8 5
2 2 9 5
2 2 10 5
1 2 3 4
3 2 3 5
4 2 3 6
6 3 3 6
1 2 2 6
2 3 1 5
3 2 3 4
5 3 4 4
6 2 3 4
1 8 12 4
1 2 7 3
8 3 7 3
7 3 8 3
6 3 7 3
7 10 7 3
5 7 7 4
8 8 7 3
2 2 9 4
5 3 7 3
4 2 8 4
6 2 7 3
1 7 15 3
1 2 4 2
6 2 8 3
3 2 8 3
5 2 7 3
8 2 10 3
1 6 7 2
3 2 6 2
2 4 5 2
7 2 7 3
4 2 5 2
5 3 7 2
7 14 7 2
5 5 7 2
3 2 6 2
4 2 6 3
8 12 6 4
4 2 7 2
7 2 6 2
6 2 10 2
7 2 10 2
2 4 10 2
6 2 12 2
8 3 11 2
1 5 11 2
7 13 11 1
5 6 11 1
8 8 11 1
7 2 14 1
8 2 20 1
2 2 19 1
8 3 20 1
