1418579
1688
8 3 1 100
1 3 1 100
8 379 1 100
7 5 1 100
6 20 1 100
5 35 1 100
4 50 1 100
3 65 1 100
2 65 1 100
6 2 3 100
6 2 5 100
6 4 7 100
6 4 9 100
6 4 11 100
6 4 13 100
6 4 15 100
6 4 17 100
6 4 19 100
6 4 21 100
1 66 1 99
7 2 1 100
2 2 1 100
7 2 1 100
2 2 1 100
7 2 1 100
2 2 1 100
7 2 1 100
2 2 1 100
7 2 1 100
2 2 1 100
7 2 1 100
2 2 1 100
7 2 1 100
2 2 1 100
7 2 1 100
2 2 1 100
7 2 1 100
2 2 1 100
6 2 1 99
7 2 1 100
2 2 1 100
6 2 1 99
5 2 1 98
8 50 1 98
4 4 1 98
5 2 1 98
4 4 1 98
5 2 1 98
8 2 1 98
4 4 1 98
5 2 1 98
8 2 1 98
4 4 1 98
5 2 1 98
8 2 1 98
4 4 1 98
5 2 1 98
8 2 1 98
4 4 1 98
5 2 1 98
8 2 1 98
4 4 1 98
5 2 1 98
8 2 1 98
4 4 1 98
5 2 1 98
8 2 1 98
4 4 1 98
5 2 1 98
8 2 1 98
4 4 1 98
2 2 1 96
6 4 1 96
1 2 1 96
2 2 1 96
6 4 1 96
1 2 1 96
2 2 1 96
6 4 1 96
1 2 1 96
2 2 1 96
6 4 1 96
1 2 1 96
2 2 1 96
6 4 1 96
1 2 1 96
2 2 1 96
6 4 1 96
1 2 1 96
2 2 1 96
6 4 1 96
1 2 1 96
2 2 1 96
6 4 1 96
1 2 1 96
2 2 1 96
6 4 1 96
1 2 1 96
2 2 1 96
6 4 1 96
1 2 1 96
4 2 1 94
4 2 3 94
4 2 5 94
8 2 6 94
4 4 6 94
3 3 5 94
8 2 4 94
4 2 4 94
3 2 3 94
8 2 2 94
4 2 2 94
3 2 1 94
4 2 2 94
4 2 4 94
4 4 6 94
4 4 8 94
7 401 1 93
8 2 1 94
3 2 1 94
8 2 1 94
3 2 1 94
8 2 1 94
3 2 3 94
4 2 1 93
4 2 2 93
4 2 4 93
4 2 6 93
4 2 8 93
4 2 10 93
4 2 12 93
6 24 1 92
1 2 1 92
7 2 1 92
1 2 1 92
7 2 1 92
6 4 1 92
1 2 1 92
7 2 1 92
6 4 1 92
1 2 1 92
7 2 1 92
6 4 1 92
1 2 1 92
7 2 1 92
6 4 1 92
1 2 1 92
7 2 1 92
6 4 1 92
1 2 1 92
7 2 1 92
6 4 1 92
1 2 1 92
7 2 1 92
6 4 1 92
1 2 1 92
7 2 1 92
6 4 1 92
1 2 1 92
7 2 1 92
4 4 1 90
3 2 1 90
3 3 4 91
8 2 3 91
3 2 2 91
8 3 2 92
3 2 1 92
5 2 1 90
4 4 1 90
3 3 4 91
5 2 1 90
4 4 1 90
5 2 1 90
4 4 1 90
3 2 1 90
5 2 1 90
4 4 1 90
3 2 1 90
5 2 1 90
4 4 1 90
3 2 1 90
5 2 1 90
4 4 1 90
3 2 1 90
5 2 1 90
4 4 1 90
3 2 1 90
5 2 1 90
4 4 1 90
3 2 1 90
5 2 1 90
4 4 1 90
3 2 1 90
5 2 1 90
2 17 2 88
1 33 1 88
6 2 1 88
7 46 10 88
6 46 8 88
8 53 1 87
2 2 9 88
6 2 9 88
1 3 8 88
7 3 8 88
2 3 7 88
5 45 1 87
6 2 7 88
1 3 6 88
4 34 1 86
3 2 1 86
5 2 1 86
8 2 1 86
3 2 1 86
5 2 1 86
8 2 1 86
4 2 1 86
3 2 1 86
5 2 1 86
8 2 1 86
4 2 1 86
3 2 1 86
5 2 1 86
8 2 1 86
4 2 1 86
3 2 1 86
5 2 1 86
8 2 1 86
4 2 1 86
3 2 1 86
5 2 1 86
8 2 1 86
4 2 1 86
3 2 1 86
5 2 1 86
8 2 1 86
4 2 1 86
3 2 1 86
5 2 1 86
8 2 1 86
4 2 1 86
3 2 1 86
5 2 1 86
8 2 1 86
4 2 1 86
3 2 1 86
5 2 1 86
8 2 1 86
1 2 1 84
6 3 3 85
1 5 3 86
2 2 3 86
6 2 2 86
7 5 2 86
2 7 1 86
6 5 1 86
1 2 1 86
7 4 1 86
2 2 1 86
6 2 1 86
1 4 1 86
7 4 1 86
2 4 1 86
6 3 1 85
1 3 1 85
7 3 1 85
2 3 1 85
6 3 1 85
1 3 1 85
7 3 1 85
2 3 1 85
6 3 1 85
1 3 1 85
7 3 1 85
2 3 1 85
6 3 1 85
1 3 1 85
7 3 1 85
2 3 1 85
6 2 1 84
1 2 1 84
7 2 1 84
2 2 1 84
6 2 1 84
1 2 1 84
7 2 1 84
2 2 1 84
6 2 1 84
1 2 1 84
7 2 1 84
2 2 1 84
6 2 1 84
8 2 3 83
3 18 1 82
5 2 1 82
7 2 1 80
2 2 1 80
6 417 1 80
1 2 1 80
7 2 1 80
2 2 1 80
1 2 1 80
7 2 1 80
2 2 1 80
6 2 1 80
1 2 1 80
7 2 1 80
2 2 1 80
6 2 1 80
1 2 1 80
7 2 1 80
2 2 1 80
6 2 1 80
1 2 1 80
7 2 1 80
2 2 1 80
6 2 1 80
1 2 1 80
7 2 1 80
2 2 1 80
6 2 1 80
1 2 1 80
7 2 1 80
2 2 1 80
6 2 1 80
1 2 1 80
7 2 1 80
2 2 1 80
6 2 1 80
1 2 1 80
7 2 1 80
2 2 1 80
6 2 1 80
1 2 1 80
5 46 4 79
4 62 2 79
8 2 3 80
3 77 2 79
5 2 2 80
4 2 1 80
8 2 1 79
2 81 1 78
5 2 1 78
8 2 1 78
4 3 1 79
3 4 1 80
5 4 1 80
8 5 1 81
4 4 1 80
3 5 1 81
5 4 1 80
8 4 1 80
4 4 1 80
3 4 1 80
5 4 1 80
8 4 1 80
4 4 1 80
3 4 1 80
5 4 1 80
8 4 1 80
4 4 1 80
3 4 1 80
5 4 1 80
8 4 1 80
4 4 1 80
3 4 1 80
5 4 1 80
8 4 1 80
4 4 1 80
3 4 1 80
5 4 1 80
8 4 1 80
4 4 1 80
3 3 1 79
5 3 1 79
8 3 1 79
4 3 1 79
3 2 1 78
5 2 1 78
8 2 1 78
4 2 1 78
3 2 1 78
1 67 1 76
7 5 1 74
8 54 1 74
4 2 1 74
3 2 1 74
5 2 1 74
4 2 1 74
3 2 1 74
5 2 1 74
8 2 1 74
4 2 1 74
3 2 1 74
5 2 1 74
8 2 1 74
4 2 1 74
3 2 1 74
5 2 1 74
8 2 1 74
4 2 1 74
3 2 1 74
5 2 1 74
8 2 1 74
4 2 1 74
3 2 1 74
5 2 1 74
8 2 1 74
4 2 1 74
3 2 1 74
5 2 1 74
8 2 1 74
4 2 1 74
3 2 1 74
5 2 1 74
8 2 1 74
4 2 1 74
3 2 1 74
5 2 1 74
8 2 1 74
4 2 1 74
3 2 1 74
5 2 1 74
6 2 1 72
1 2 1 72
7 2 1 72
2 3 1 73
7 4 3 74
2 5 2 74
1 4 2 74
7 2 1 74
6 7 2 74
1 3 1 73
7 3 1 73
2 4 1 74
6 3 1 73
1 4 1 74
7 4 1 74
2 4 1 74
6 4 1 74
1 4 1 74
7 4 1 74
2 4 1 74
6 4 1 74
1 4 1 74
7 4 1 74
2 4 1 74
6 4 1 74
1 4 1 74
7 4 1 74
2 4 1 74
6 4 1 74
1 4 1 74
7 4 1 74
2 4 1 74
6 4 1 74
1 4 1 74
7 4 1 74
2 4 1 74
6 4 1 74
1 4 1 74
7 4 1 74
2 3 1 73
7 40 1 69
4 2 1 70
3 2 1 70
5 2 1 70
8 2 1 70
4 2 1 70
3 2 1 70
5 2 1 70
8 2 1 70
4 2 1 70
3 2 1 70
5 2 1 70
8 2 1 70
4 2 1 70
3 2 1 70
5 2 1 70
8 2 1 70
4 2 1 70
3 2 1 70
5 2 1 70
8 2 1 70
4 2 1 70
3 2 1 70
5 2 1 70
8 2 1 70
4 2 1 70
3 2 1 70
5 2 1 70
8 2 1 70
4 2 1 70
3 2 1 70
5 2 1 70
8 2 1 70
4 2 1 70
3 2 1 70
5 2 1 70
8 2 1 70
4 2 1 70
3 2 1 70
5 2 1 70
8 2 1 70
1 2 1 68
7 2 1 68
2 2 1 68
6 25 1 69
1 3 1 69
7 3 1 69
2 2 1 68
1 2 1 68
7 2 1 68
2 2 1 68
6 2 1 68
1 2 1 68
7 2 1 68
2 2 1 68
6 2 1 68
1 2 1 68
7 2 1 68
2 2 1 68
6 2 1 68
1 2 1 68
7 2 1 68
2 2 1 68
6 2 1 68
1 2 1 68
7 2 1 68
2 2 1 68
6 2 1 68
1 2 1 68
7 2 1 68
2 2 1 68
6 2 1 68
1 2 1 68
7 2 1 68
2 2 1 68
6 2 1 68
1 2 1 68
7 2 1 68
2 2 1 68
6 2 1 68
3 2 1 66
5 2 1 66
8 2 1 66
4 2 1 66
3 2 1 66
5 2 1 66
8 2 1 66
4 2 1 66
3 2 1 66
5 2 1 66
8 2 1 66
4 2 1 66
3 2 1 66
5 2 1 66
8 2 1 66
4 2 1 66
3 2 1 66
5 2 1 66
8 2 1 66
4 2 1 66
3 2 1 66
5 2 1 66
8 2 1 66
4 2 1 66
3 2 1 66
5 2 1 66
8 2 1 66
4 2 1 66
3 2 1 66
5 2 1 66
8 2 1 66
4 2 1 66
3 2 1 66
5 2 1 66
8 2 1 66
4 2 1 66
3 2 1 66
5 2 1 66
8 2 1 66
4 2 1 66
5 358 1 63
7 2 1 64
2 14 1 64
6 2 1 64
1 29 1 64
7 2 1 64
6 2 1 64
7 2 1 64
2 2 1 64
6 2 1 64
1 2 1 64
7 2 1 64
2 2 1 64
6 2 1 64
1 2 1 64
7 2 1 64
2 2 1 64
6 2 1 64
1 2 1 64
7 2 1 64
2 2 1 64
6 2 1 64
1 2 1 64
7 2 1 64
2 2 1 64
6 2 1 64
1 2 1 64
7 2 1 64
2 2 1 64
6 2 1 64
1 2 1 64
7 2 1 64
2 2 1 64
6 2 1 64
1 2 1 64
7 2 1 64
2 2 1 64
6 2 1 64
1 2 1 64
8 40 1 62
7 55 1 62
6 68 1 62
5 62 1 62
8 2 1 62
4 451 1 62
3 2 1 62
5 2 1 62
8 2 1 62
3 2 1 62
5 2 1 62
8 2 1 62
4 2 1 62
3 2 1 62
5 2 1 62
8 2 1 62
4 2 1 62
3 2 1 62
5 2 1 62
8 2 1 62
4 2 1 62
3 2 1 62
5 2 1 62
8 2 1 62
4 2 1 62
3 2 1 62
5 2 1 62
8 2 1 62
4 2 1 62
3 2 1 62
5 2 1 62
8 2 1 62
4 2 1 62
3 2 1 62
5 2 1 62
8 2 1 62
4 2 1 62
3 2 1 62
5 2 1 62
8 2 1 62
4 2 1 62
3 2 1 62
2 2 1 60
6 2 1 60
1 2 1 60
7 2 1 60
2 2 1 60
6 2 1 60
1 2 1 60
7 2 1 60
2 2 1 60
6 2 1 60
1 2 1 60
7 2 1 60
2 2 1 60
6 2 1 60
1 2 1 60
7 2 1 60
2 2 1 60
6 2 1 60
1 2 1 60
7 2 1 60
2 2 1 60
6 2 1 60
1 2 1 60
7 2 1 60
2 2 1 60
6 2 1 60
1 2 1 60
7 2 1 60
2 2 1 60
6 2 1 60
1 2 1 60
7 2 1 60
2 2 1 60
6 2 1 60
1 2 1 60
7 2 1 60
2 2 1 60
6 2 1 60
1 2 1 60
7 2 1 60
3 36 3 58
8 2 1 58
4 2 1 58
6 2 1 56
1 2 1 56
7 2 1 56
2 24 1 56
6 2 1 56
1 2 1 56
7 2 1 56
6 2 1 56
1 2 1 56
7 2 1 56
2 2 1 56
6 2 1 56
1 2 1 56
7 2 1 56
2 2 1 56
6 2 1 56
1 2 1 56
7 2 1 56
2 2 1 56
6 2 1 56
1 2 1 56
7 2 1 56
2 2 1 56
6 2 1 56
1 2 1 56
7 2 1 56
2 2 1 56
6 2 1 56
1 2 1 56
7 2 1 56
2 2 1 56
6 2 1 56
1 2 1 56
7 2 1 56
2 2 1 56
6 2 1 56
1 2 1 56
7 2 1 56
2 2 1 56
4 2 1 54
3 3 1 55
5 4 1 56
8 4 1 56
4 4 1 56
3 4 1 56
5 4 1 56
8 4 1 56
4 4 1 56
3 4 1 56
5 4 1 56
8 4 1 56
4 4 1 56
3 4 1 56
5 4 1 56
8 4 1 56
4 4 1 56
3 4 1 56
5 4 1 56
8 4 1 56
4 4 1 56
3 4 1 56
5 4 1 56
8 4 1 56
4 4 1 56
3 4 1 56
5 4 1 56
8 4 1 56
4 4 1 56
3 4 1 56
5 4 1 56
8 4 1 56
4 4 1 56
3 4 1 56
5 4 1 56
8 4 1 56
4 4 1 56
3 4 1 56
5 4 1 56
8 2 1 54
1 8 1 52
7 2 1 52
2 2 1 52
6 13 1 52
1 2 4 52
7 2 4 52
2 3 4 52
6 3 3 52
1 2 3 52
7 3 3 52
2 3 2 52
6 2 2 52
1 3 2 52
7 3 1 52
2 2 1 52
6 2 1 52
1 2 1 52
7 2 1 52
2 2 1 52
6 2 1 52
1 2 1 52
7 2 1 52
2 2 1 52
6 2 1 52
1 2 1 52
7 2 1 52
2 2 1 52
6 2 1 52
1 2 1 52
7 2 1 52
2 2 1 52
6 2 1 52
1 2 1 52
7 2 1 52
2 2 1 52
6 2 1 52
5 31 1 50
4 25 1 50
3 55 1 50
2 65 1 50
1 65 1 50
3 2 1 50
5 2 1 50
8 59 1 50
4 2 1 50
3 2 1 50
5 2 1 50
4 2 1 50
3 2 1 50
5 2 1 50
8 2 1 50
4 2 1 50
3 2 1 50
5 2 1 50
8 2 1 50
4 2 1 50
3 2 1 50
5 2 1 50
8 2 1 50
4 2 1 50
3 2 1 50
5 2 1 50
8 2 1 50
4 2 1 50
3 2 1 50
5 2 1 50
8 2 1 50
4 2 1 50
3 2 1 50
5 2 1 50
8 2 1 50
4 2 1 50
3 2 1 50
5 2 1 50
8 2 1 50
4 2 1 50
3 2 1 50
5 2 1 50
8 2 1 50
4 2 1 50
7 2 1 48
2 2 1 48
6 2 1 48
1 2 1 48
7 2 1 48
2 2 1 48
6 2 1 48
1 2 1 48
7 2 1 48
2 2 1 48
6 2 1 48
1 2 1 48
7 2 1 48
2 2 1 48
6 2 1 48
1 2 1 48
7 2 1 48
2 2 1 48
6 2 1 48
1 2 1 48
7 2 1 48
2 2 1 48
6 2 1 48
1 2 1 48
7 2 1 48
2 2 1 48
6 2 1 48
1 2 1 48
7 2 1 48
2 2 1 48
6 2 1 48
1 2 1 48
7 2 1 48
2 2 1 48
6 2 1 48
1 2 1 48
7 2 1 48
2 2 1 48
6 2 1 48
1 2 1 48
7 40 1 45
5 2 1 46
8 2 1 46
4 2 1 46
3 2 1 46
5 2 1 46
8 2 1 46
4 2 1 46
3 2 1 46
5 2 1 46
8 2 1 46
4 2 1 46
3 2 1 46
5 2 1 46
8 2 1 46
4 2 1 46
3 2 1 46
5 2 1 46
8 2 1 46
4 2 1 46
3 2 1 46
5 2 1 46
8 2 1 46
4 2 1 46
3 2 1 46
5 2 1 46
8 2 1 46
4 2 1 46
3 2 1 46
5 2 1 46
8 2 1 46
4 2 1 46
3 2 1 46
5 2 1 46
8 2 1 46
4 2 1 46
3 2 1 46
5 2 1 46
8 2 1 46
4 2 1 46
3 2 1 46
2 2 1 44
6 30 1 44
1 2 1 44
7 2 1 44
2 2 1 44
1 2 1 44
7 2 1 44
2 2 1 44
6 2 1 44
1 2 1 44
7 2 1 44
2 2 1 44
6 2 1 44
1 2 1 44
7 2 1 44
2 2 1 44
6 2 1 44
1 2 1 44
7 2 1 44
2 2 1 44
6 2 1 44
1 2 1 44
7 2 1 44
2 2 1 44
6 2 1 44
1 2 1 44
7 2 1 44
2 2 1 44
6 2 1 44
1 2 1 44
7 2 1 44
2 2 1 44
6 2 1 44
1 2 1 44
7 2 1 44
2 2 1 44
6 2 1 44
1 2 1 44
7 2 1 44
8 2 1 42
4 2 1 42
3 2 1 42
5 2 1 42
8 2 1 42
4 2 1 42
3 2 1 42
5 2 1 42
8 2 1 42
4 2 1 42
3 2 1 42
5 2 1 42
8 2 1 42
4 2 1 42
3 2 1 42
5 2 1 42
8 2 1 42
4 2 1 42
3 2 1 42
5 2 1 42
8 2 1 42
4 2 1 42
3 2 1 42
5 2 1 42
8 2 1 42
4 2 1 42
3 2 1 42
5 2 1 42
8 2 1 42
4 2 1 42
3 2 1 42
5 2 1 42
8 2 1 42
4 2 1 42
3 2 1 42
5 2 1 42
8 2 1 42
4 2 1 42
3 2 1 42
5 2 1 42
5 12 1 39
3 360 2 38
8 22 12 38
5 36 22 38
2 5 1 37
5 2 18 38
8 2 18 38
4 48 17 38
3 3 17 38
8 2 16 38
4 2 16 38
1 20 1 37
5 2 11 38
4 2 10 38
3 2 13 38
5 3 12 38
7 20 1 37
8 2 6 38
4 2 6 38
5 2 5 38
4 2 7 38
6 20 1 37
4 2 1 36
1 2 1 36
7 2 1 36
2 2 1 36
6 2 1 36
1 2 1 36
7 2 1 36
2 2 1 36
6 2 1 36
1 2 1 36
7 2 1 36
2 2 1 36
6 2 1 36
1 2 1 36
7 2 1 36
2 2 1 36
6 2 1 36
1 2 1 36
7 2 1 36
2 2 1 36
6 2 1 36
1 2 1 36
7 2 1 36
2 2 1 36
6 2 1 36
1 2 1 36
7 2 1 36
2 2 1 36
6 2 1 36
1 2 1 36
7 2 1 36
2 2 1 36
6 2 1 36
1 2 1 36
7 2 1 36
2 2 1 36
6 2 1 36
1 2 1 36
7 2 1 36
2 2 1 36
6 2 1 36
8 16 3 34
3 18 12 34
5 3 15 35
8 3 15 35
4 4 15 35
3 5 14 35
5 3 14 35
8 4 14 35
4 5 13 35
3 3 13 35
5 4 13 35
8 5 12 35
4 4 12 35
7 30 1 33
3 2 11 34
5 3 11 35
3 2 10 35
5 2 10 36
8 5 10 36
4 3 10 34
3 2 10 34
5 3 9 34
8 3 9 34
4 3 9 35
3 3 8 34
5 3 8 34
8 3 8 35
4 3 7 34
6 40 1 33
3 2 2 33
5 3 2 34
4 2 2 34
3 4 2 35
5 2 2 36
8 4 2 36
4 3 1 36
5 2 2 36
8 2 1 36
4 5 1 32
7 2 1 32
2 2 1 32
6 2 1 32
1 2 1 32
7 2 1 32
2 2 1 32
6 2 1 32
1 2 1 32
7 2 1 32
2 2 1 32
6 2 1 32
1 2 1 32
7 2 1 32
2 2 1 32
6 2 1 32
1 2 1 32
7 2 1 32
2 2 1 32
6 2 1 32
1 2 1 32
7 2 1 32
2 2 1 32
6 2 1 32
1 2 1 32
7 2 1 32
2 2 1 32
6 2 1 32
1 2 1 32
7 2 1 32
2 2 1 32
6 2 1 32
1 2 1 32
7 2 1 32
2 2 1 32
6 2 1 32
1 2 1 32
7 2 1 32
2 2 1 32
6 2 1 32
1 2 1 32
5 26 2 31
8 2 1 31
3 15 1 30
2 16 1 30
5 2 1 30
8 2 1 30
4 3 1 31
3 2 1 30
5 3 1 31
8 2 1 30
4 2 1 30
3 3 1 31
5 2 1 30
8 2 1 30
4 3 1 31
3 3 1 31
5 2 1 30
8 2 1 30
4 2 1 30
3 2 1 30
5 2 1 30
8 2 1 30
4 2 1 30
3 2 1 30
5 2 1 30
8 2 1 30
4 2 1 30
3 2 1 30
5 2 1 30
8 2 1 30
4 2 1 30
3 2 1 30
5 2 1 30
8 2 1 30
4 2 1 30
3 2 1 30
5 2 1 30
8 2 1 30
4 2 1 30
3 2 1 30
5 2 1 30
8 2 1 30
4 2 1 30
3 2 1 30
6 2 1 29
1 3 1 30
7 3 1 30
2 3 1 30
6 3 1 30
1 3 1 30
7 3 1 30
2 3 1 30
6 3 1 30
1 3 1 30
7 3 1 30
2 3 1 30
6 3 1 30
1 3 1 30
7 3 1 30
2 3 1 30
6 3 1 30
1 3 1 30
7 3 1 30
2 3 1 30
6 3 1 30
1 3 1 30
7 3 1 30
2 3 1 30
6 3 1 30
1 3 1 30
7 3 1 30
2 3 1 30
6 3 1 30
1 3 1 30
7 3 1 30
2 3 1 30
6 3 1 30
1 3 1 30
7 3 1 30
2 3 1 30
6 3 1 30
1 3 1 30
7 3 1 30
2 2 1 29
4 10 1 27
3 10 1 27
2 405 1 27
1 10 1 27
5 21 8 26
4 37 6 26
3 61 6 26
8 2 5 26
5 2 4 26
8 2 16 26
4 2 16 26
3 2 16 26
5 3 15 26
6 5 1 25
8 48 15 26
2 50 1 25
4 2 9 26
3 2 9 26
5 3 9 26
8 3 8 26
4 2 8 26
3 3 8 26
5 2 7 26
1 431 1 25
4 2 7 26
3 3 6 26
6 2 1 24
1 2 1 24
7 2 1 24
2 2 1 24
6 2 1 24
1 2 1 24
7 2 1 24
2 2 1 24
6 2 1 24
1 2 1 24
7 2 1 24
2 2 1 24
6 2 1 24
1 2 1 24
7 2 1 24
2 2 1 24
6 2 1 24
1 2 1 24
7 2 1 24
2 2 1 24
6 2 1 24
1 2 1 24
7 2 1 24
2 2 1 24
6 2 1 24
1 2 1 24
7 2 1 24
2 2 1 24
6 2 1 24
1 2 1 24
7 2 1 24
2 2 1 24
6 2 1 24
1 2 1 24
7 2 1 24
2 2 1 24
6 2 1 24
1 2 1 24
7 2 1 24
2 2 1 24
4 2 1 23
8 2 1 24
4 2 1 24
3 3 1 24
5 2 3 24
8 4 3 24
4 4 2 24
3 3 2 24
5 5 2 24
8 4 1 24
4 3 1 24
3 3 1 24
5 3 1 24
8 2 1 23
4 2 1 23
3 2 1 23
5 2 1 23
8 2 1 23
4 2 1 23
3 2 1 23
5 2 1 23
4 2 6 22
3 2 6 22
5 2 6 22
8 3 5 22
7 30 1 21
4 2 5 22
3 2 5 22
5 3 4 22
8 3 4 22
4 2 4 22
3 3 3 22
5 3 3 22
8 2 3 22
4 3 2 22
3 3 2 22
5 2 2 22
8 3 1 22
4 2 1 21
1 2 1 20
7 2 1 20
2 2 1 20
6 19 1 20
1 2 1 20
7 2 1 20
2 2 1 20
1 2 1 20
7 2 1 20
2 2 1 20
6 2 1 20
1 2 1 20
7 2 1 20
2 2 1 20
6 2 1 20
1 2 1 20
7 2 1 20
2 2 1 20
6 2 1 20
1 2 1 20
7 2 1 20
2 2 1 20
6 2 1 20
1 2 1 20
7 2 1 20
2 2 1 20
6 2 1 20
1 2 1 20
7 2 1 20
2 2 1 20
6 2 1 20
1 2 1 20
7 2 1 20
2 2 1 20
6 2 1 20
1 2 1 20
7 2 1 20
2 2 1 20
6 2 1 20
3 3 1 19
5 3 1 19
8 3 1 19
4 3 1 19
3 3 1 19
5 3 1 19
8 3 1 19
4 3 1 19
3 3 1 19
5 3 1 19
8 3 1 19
4 3 1 19
3 3 1 19
5 3 1 19
8 3 1 19
4 3 1 19
3 3 1 19
5 3 1 19
8 3 1 19
4 2 1 18
3 2 1 18
5 2 1 18
8 2 1 18
4 2 1 18
3 2 1 18
5 2 1 18
8 2 1 18
4 2 1 18
3 2 1 18
5 2 1 18
8 2 1 18
4 2 1 18
3 2 1 18
5 2 1 18
8 2 1 18
4 2 1 18
3 2 1 18
5 2 1 18
8 2 1 18
4 2 1 18
7 46 9 16
2 2 9 17
6 63 9 17
1 3 7 17
7 2 7 17
2 2 6 16
6 2 6 17
1 2 6 17
7 3 6 17
2 3 5 17
6 2 5 17
1 3 5 17
7 3 4 17
2 2 4 17
6 3 4 17
1 3 3 17
7 2 3 17
2 3 3 17
6 3 2 17
1 2 2 17
7 3 2 17
2 3 1 17
6 2 1 17
1 2 1 17
7 2 1 17
2 2 1 17
6 2 1 17
1 2 1 17
7 2 1 17
2 2 1 17
6 2 1 17
1 2 1 17
8 45 1 15
5 77 1 15
7 2 1 16
2 2 1 16
6 2 1 16
1 2 1 16
7 2 1 16
8 2 1 14
4 64 1 14
3 2 1 14
5 2 1 14
8 2 1 14
3 2 1 14
5 2 1 14
8 2 1 14
4 2 1 14
3 2 1 14
5 2 1 14
8 2 1 14
4 2 1 14
3 2 1 14
5 2 1 14
8 2 1 14
4 2 1 14
3 2 1 14
5 2 1 14
8 2 1 14
4 2 1 14
3 2 1 14
5 2 1 14
8 2 1 14
4 2 1 14
3 2 1 14
5 2 1 14
8 2 1 14
4 2 1 14
3 2 1 14
5 2 1 14
8 2 1 14
4 2 1 14
3 2 1 14
5 2 1 14
8 2 1 14
4 2 1 14
3 2 1 14
2 8 1 13
6 3 1 13
1 3 1 13
7 3 1 13
2 3 1 13
6 3 1 13
1 3 1 13
7 3 1 13
2 3 1 13
6 3 1 13
1 3 1 13
7 3 1 13
2 3 1 13
6 3 1 13
1 3 1 13
7 3 1 13
2 3 1 13
6 3 1 13
1 3 1 13
7 3 1 13
2 3 1 13
6 3 1 13
1 3 1 13
7 3 1 13
2 3 1 13
6 3 1 13
1 3 1 13
7 3 1 13
2 3 1 13
6 3 1 13
1 3 1 13
7 3 1 13
2 3 1 13
6 3 1 13
1 3 1 13
7 2 1 12
2 2 1 12
6 2 1 12
1 2 1 12
7 2 1 12
3 16 3 10
8 2 1 10
4 2 1 10
6 2 1 8
1 2 1 8
7 19 1 8
2 2 1 8
6 2 1 8
1 2 1 8
2 2 1 8
6 2 1 8
1 2 1 8
7 2 1 8
2 2 1 8
6 2 1 8
1 2 1 8
7 2 1 8
2 2 1 8
6 2 1 8
1 2 1 8
7 2 1 8
2 2 1 8
6 2 1 8
1 2 1 8
7 2 1 8
2 2 1 8
6 2 1 8
1 2 1 8
7 2 1 8
2 2 1 8
6 2 1 8
1 2 1 8
7 2 1 8
2 2 1 8
6 2 1 8
1 2 1 8
7 2 1 8
2 2 1 8
6 2 1 8
1 2 1 8
7 2 1 8
2 2 1 8
3 17 1 7
5 2 1 8
8 2 1 8
4 2 1 8
2 19 1 6
4 2 1 6
3 2 1 6
5 3 1 7
8 3 1 7
4 3 1 7
3 4 1 8
5 4 1 8
8 4 1 8
4 4 1 8
3 4 1 8
5 4 1 8
8 4 1 8
4 4 1 8
3 4 1 8
5 4 1 8
8 4 1 8
4 4 1 8
3 4 1 8
5 4 1 8
8 4 1 8
4 4 1 8
3 4 1 8
5 4 1 8
8 4 1 8
4 4 1 8
3 4 1 8
5 4 1 8
8 4 1 8
4 4 1 8
3 4 1 8
5 4 1 8
8 4 1 8
4 4 1 8
3 4 1 8
5 4 1 8
8 3 1 7
4 3 1 7
3 3 1 7
5 3 1 7
8 2 1 6
6 16 4 4
2 17 6 4
1 18 7 4
6 2 8 4
7 2 7 4
2 2 7 4
6 2 6 4
3 17 1 3
1 2 6 4
7 3 5 4
5 2 1 2
8 2 1 2
4 2 1 2
3 2 1 2
5 2 1 2
8 2 1 2
4 2 1 2
3 2 1 2
5 2 1 2
8 2 1 2
4 2 1 2
3 2 1 2
5 2 1 2
8 2 1 2
4 2 1 2
3 2 1 2
5 2 1 2
8 2 1 2
4 2 1 2
3 2 1 2
5 2 1 2
8 2 1 2
4 2 1 2
3 2 1 2
5 2 1 2
8 2 1 2
4 2 1 2
3 2 1 2
5 2 1 2
8 2 1 2
4 2 1 2
3 2 1 2
5 2 1 2
8 2 1 2
4 2 1 2
3 2 1 2
5 2 1 2
8 2 1 2
4 2 1 2
