50083
2019
7 2 4 100
8 2 9 100
5 2 14 100
6 2 19 100
7 2 24 100
8 2 29 100
5 2 34 100
6 2 39 100
7 2 44 100
8 2 49 100
5 2 54 100
6 2 59 100
7 2 64 100
8 2 69 100
2 8 23 97
3 3 22 97
1 4 22 97
4 6 22 98
2 5 50 97
1 2 50 97
4 4 50 97
3 6 50 98
2 2 49 97
1 4 49 97
4 6 49 98
2 5 49 99
4 7 54 100
3 9 53 100
1 7 49 99
2 2 53 100
1 4 53 100
4 3 52 100
1 2 51 100
3 2 52 100
2 4 52 100
1 2 51 99
4 3 51 100
2 3 52 100
1 9 51 100
3 3 50 99
4 2 49 99
3 4 49 100
2 3 48 100
2 9 52 98
1 2 52 99
4 8 52 99
3 4 52 99
2 4 52 100
1 3 51 99
4 3 51 99
3 10 51 100
2 6 50 100
1 2 50 100
4 4 50 100
3 2 49 100
3 3 48 97
4 4 48 98
1 6 48 99
3 2 48 98
2 4 48 99
2 4 59 97
1 2 59 98
4 2 59 98
3 5 59 98
2 4 59 99
1 4 58 98
4 6 58 98
3 4 58 99
2 4 57 98
1 2 56 97
4 6 6 96
3 6 6 97
1 2 47 98
4 8 47 99
4 2 48 100
1 2 46 99
3 4 46 99
2 6 45 99
1 2 45 100
4 3 45 100
3 3 45 100
2 2 44 100
1 5 44 99
4 3 43 99
1 3 43 100
3 5 44 98
2 2 43 98
4 4 44 98
3 6 17 97
3 2 19 98
2 2 19 98
3 2 20 99
2 3 24 100
1 4 23 100
2 2 20 99
4 3 23 100
3 5 23 100
2 5 22 100
3 2 21 100
1 5 22 100
4 7 22 100
1 6 20 99
2 2 21 100
4 3 22 100
3 4 21 100
1 2 21 99
2 5 21 100
1 2 21 100
4 4 20 100
1 2 19 100
4 3 18 100
3 6 19 99
2 2 19 100
3 2 20 99
4 3 18 98
1 5 18 99
2 9 17 97
4 2 16 97
3 2 16 97
2 3 16 98
1 3 15 97
4 8 15 97
3 2 15 98
2 3 14 97
1 10 14 97
4 3 14 98
3 3 13 97
2 7 13 97
1 3 13 98
2 6 5 96
4 2 12 97
3 10 12 97
2 2 12 98
1 7 5 96
4 10 5 97
2 2 5 97
1 4 5 98
2 5 6 97
1 5 6 97
3 9 4 96
4 5 4 97
3 2 4 97
2 2 4 96
1 3 3 96
4 3 12 95
1 2 11 95
4 2 11 95
3 3 11 95
2 4 10 95
1 5 10 95
4 6 10 95
3 4 9 95
2 5 9 95
1 4 9 95
4 4 8 95
3 6 8 95
2 7 8 95
3 2 12 95
2 4 18 95
1 3 17 95
3 3 18 95
4 3 5 94
1 2 7 95
2 2 15 95
4 7 6 94
2 2 11 95
1 3 11 95
4 3 10 95
3 4 10 95
1 6 6 93
3 3 6 94
2 2 6 95
3 2 5 95
2 2 5 96
1 5 5 96
4 4 5 96
2 9 3 95
1 2 2 95
4 2 2 95
3 3 2 95
1 2 1 94
2 3 2 94
1 4 2 94
4 7 2 94
3 2 1 94
2 3 1 95
1 2 1 94
4 2 1 94
3 2 1 95
2 3 1 95
4 2 1 96
3 2 1 96
1 2 1 94
4 3 1 94
3 6 1 92
2 3 1 93
1 4 1 93
4 3 1 93
3 4 1 94
2 6 1 95
1 6 1 95
4 5 1 95
4 2 3 96
2 3 4 97
1 4 3 97
3 2 3 96
4 3 3 97
3 3 3 97
2 3 2 97
3 2 1 97
2 2 1 97
1 3 1 97
4 2 1 97
3 8 1 97
2 7 1 96
1 6 1 95
4 8 1 96
3 7 1 96
2 8 1 96
1 6 1 94
4 6 1 95
3 5 1 94
2 5 1 94
1 6 1 95
4 5 1 94
3 6 1 95
2 5 1 94
1 4 1 93
4 4 1 93
3 4 1 93
2 4 1 93
1 4 1 93
4 4 1 93
3 4 1 93
2 4 1 93
1 4 1 93
4 4 1 93
3 4 1 93
2 4 1 93
1 4 1 93
4 4 1 93
3 4 1 93
2 4 1 93
1 4 1 93
4 4 1 93
3 4 1 93
2 4 1 93
1 4 1 93
4 4 1 93
3 4 1 93
2 4 1 93
1 4 1 93
4 3 1 92
3 3 1 92
2 3 1 92
1 3 1 92
4 3 1 92
3 3 1 92
2 3 1 92
1 3 1 92
4 3 1 92
3 3 1 92
2 3 1 92
1 3 1 92
4 3 1 92
3 3 1 92
2 3 1 92
1 3 1 92
4 3 1 92
3 3 1 92
2 3 1 92
1 3 1 92
4 3 1 92
3 3 1 92
2 3 1 92
1 3 1 92
4 3 1 92
3 2 1 91
2 2 1 91
1 2 1 91
4 2 1 91
3 2 1 91
2 2 1 91
1 2 1 91
4 2 1 91
3 2 1 91
2 2 1 91
1 2 1 91
4 2 1 91
3 2 1 91
7 2 1 89
2 2 1 90
1 2 1 90
4 2 1 90
3 3 1 90
2 4 1 90
3 5 3 90
2 6 3 90
1 7 3 90
4 12 2 90
8 2 1 89
5 2 2 89
6 2 7 89
7 2 12 89
8 2 17 89
5 2 22 89
6 2 27 89
7 2 32 89
8 2 37 89
5 2 42 89
6 2 47 89
7 2 52 89
8 2 57 89
1 3 1 88
3 4 1 89
3 2 2 90
2 2 2 90
1 4 2 89
4 5 1 89
1 2 1 90
3 9 2 89
2 13 2 89
1 3 1 88
4 5 1 89
2 4 2 89
1 5 1 89
3 3 1 88
4 4 1 89
3 4 1 89
2 4 1 89
4 5 6 89
3 6 5 89
1 4 1 88
2 6 5 89
1 10 5 89
4 6 4 89
1 2 3 89
3 6 4 89
2 9 4 89
4 4 1 88
3 6 1 89
4 7 2 89
2 6 3 89
1 12 2 89
1 5 1 88
4 12 2 89
3 18 2 89
2 24 1 89
4 7 6 89
3 8 5 89
1 11 1 88
2 7 5 89
1 14 5 89
4 9 4 89
1 2 3 89
3 7 4 89
2 14 4 89
4 10 1 88
3 12 1 89
4 7 2 89
2 7 3 89
1 9 2 89
1 6 1 88
4 7 2 89
3 13 2 89
2 8 1 89
1 6 1 88
4 6 1 88
3 3 1 89
2 3 1 89
1 3 1 89
4 2 1 88
3 2 1 88
2 2 1 88
1 2 1 88
4 2 1 88
3 2 1 88
2 2 1 88
1 2 1 88
4 2 1 88
3 2 1 88
2 2 1 88
1 2 1 88
4 2 1 88
3 2 1 88
2 2 1 88
1 2 1 88
4 2 1 88
3 2 1 88
2 2 1 88
1 2 1 88
4 2 1 88
3 2 1 88
2 2 1 88
1 2 1 88
4 2 1 88
3 2 1 88
2 2 1 88
1 2 1 88
4 2 1 88
3 2 1 88
2 2 1 88
1 2 1 88
4 2 1 88
8 2 1 86
3 3 1 85
2 3 1 85
1 4 1 86
4 4 1 86
3 5 1 87
2 4 1 86
1 4 1 86
4 4 1 86
3 4 1 86
2 4 1 86
1 4 1 86
4 4 1 86
3 4 1 86
2 4 1 86
1 4 1 86
4 4 1 86
3 4 1 86
2 4 1 86
1 4 1 86
4 4 1 86
3 4 1 86
2 4 1 86
1 4 1 86
4 4 1 86
3 4 1 86
2 4 1 86
1 4 1 86
4 4 1 86
3 4 1 86
2 4 1 86
1 4 1 86
4 4 1 86
3 4 1 86
2 4 1 86
1 4 1 86
4 4 1 86
3 4 1 86
2 4 1 86
1 3 1 85
4 3 1 85
3 3 1 85
2 3 1 85
1 3 1 85
4 3 1 85
3 3 1 85
2 3 1 85
1 3 1 85
4 3 1 85
3 3 1 85
2 3 1 85
1 3 1 85
4 2 1 84
3 2 1 84
2 2 1 84
1 2 1 84
4 2 1 84
3 2 1 84
2 2 1 84
1 2 1 84
4 2 1 84
8 2 1 82
2 3 32 80
1 3 32 80
4 4 32 80
3 4 32 81
2 3 31 80
1 3 31 80
4 4 31 81
2 4 31 82
1 5 31 82
3 2 30 80
4 3 30 81
3 4 30 82
4 2 29 82
2 6 30 82
1 4 29 81
4 3 29 81
3 6 29 82
1 3 28 82
2 3 28 81
4 3 28 82
3 2 27 81
2 2 27 82
3 2 26 82
1 4 27 82
4 7 26 81
3 2 26 81
2 4 26 82
4 3 25 82
1 4 25 81
3 3 25 82
2 2 24 81
1 2 24 82
2 2 23 82
4 4 24 82
3 4 23 81
2 2 23 81
1 4 23 82
3 3 22 82
4 4 22 81
2 3 22 82
1 2 21 81
4 2 21 82
1 2 20 82
3 4 21 82
2 4 20 81
1 2 20 81
4 4 20 82
2 3 19 82
3 4 19 81
1 3 19 82
4 2 18 81
3 2 18 82
4 2 17 82
2 4 18 82
1 4 17 81
4 2 17 81
3 4 17 82
1 3 16 82
2 4 16 81
4 3 16 82
3 2 15 81
2 2 15 82
3 2 14 82
1 4 15 82
4 10 14 81
3 2 14 81
2 4 14 82
4 3 13 82
1 5 13 81
3 3 13 82
2 2 12 81
1 2 12 82
2 2 11 82
2 3 14 80
3 3 13 80
1 2 13 80
4 4 12 80
3 2 11 80
3 2 13 79
2 2 12 79
1 3 12 80
4 3 12 80
2 4 17 80
3 3 16 80
1 2 16 80
4 3 15 80
1 3 18 79
4 2 18 79
3 3 18 79
2 6 17 79
4 2 22 79
2 3 22 79
1 2 21 79
1 4 3 78
4 6 3 79
3 2 3 80
2 3 3 80
2 3 9 81
1 3 3 80
4 4 3 81
1 3 8 82
4 3 8 83
3 2 8 83
3 8 2 80
2 3 2 80
1 5 2 81
3 3 2 82
2 5 2 83
1 2 2 83
4 4 2 83
3 3 1 83
2 2 1 83
1 3 1 83
2 2 4 79
8 2 1 78
3 2 1 79
5 2 1 78
1 2 1 79
4 4 1 80
3 2 1 80
4 2 5 80
3 2 5 80
2 3 5 80
1 3 4 80
4 2 4 80
3 3 4 80
2 2 3 80
6 2 1 78
1 3 1 79
4 2 1 80
7 2 1 78
3 2 1 79
3 2 2 78
2 7 2 78
1 8 2 78
4 11 2 79
3 2 2 79
4 3 4 79
3 3 4 79
2 2 4 79
5 2 2 78
6 2 4 78
4 7 3 78
7 2 6 78
2 5 6 78
1 6 5 78
8 2 8 78
2 3 11 78
5 2 11 78
6 2 16 78
1 3 16 78
4 4 15 78
4 4 19 78
8 2 23 78
3 9 23 78
2 11 22 78
3 10 1 77
1 4 2 78
3 3 2 78
2 2 2 79
1 2 1 79
4 3 2 78
3 3 2 78
2 13 2 78
1 2 4 78
4 2 4 78
3 4 4 78
2 4 3 78
1 2 8 78
4 2 8 78
1 12 1 77
3 2 2 78
4 2 1 77
1 2 2 78
3 2 2 78
2 3 2 78
1 2 1 77
4 2 1 77
3 4 1 77
1 2 2 78
3 2 3 78
2 2 1 77
2 2 2 77
1 2 2 77
4 2 1 77
3 5 1 77
2 2 1 77
1 2 1 77
4 13 1 77
2 2 1 75
1 3 1 76
4 3 1 76
3 14 1 77
2 15 1 77
1 16 1 77
4 11 1 77
3 11 1 77
2 11 1 77
1 10 1 77
4 10 1 77
3 10 1 77
2 10 1 77
1 10 1 77
4 10 1 77
3 2 1 77
2 2 1 77
1 4 1 77
4 4 1 77
3 10 1 77
2 10 1 77
1 10 1 77
4 10 1 77
3 4 1 77
2 4 1 77
1 8 1 77
4 8 1 77
3 10 1 77
2 8 1 77
1 9 1 77
4 9 1 77
3 9 1 77
2 10 1 77
1 10 1 77
4 10 1 77
3 10 1 77
2 10 1 77
1 10 1 77
4 9 1 76
3 9 1 76
2 9 1 76
1 9 1 76
4 9 1 76
3 9 1 76
2 9 1 76
1 9 1 76
4 9 1 76
3 9 1 76
2 9 1 76
1 9 1 76
4 9 1 76
3 9 1 76
2 9 1 76
1 9 1 76
4 9 1 76
3 9 1 76
2 9 1 76
1 9 1 76
4 9 1 76
3 9 1 76
2 9 1 76
1 9 1 76
4 9 1 76
3 8 1 75
2 8 1 75
1 8 1 75
4 8 1 75
3 8 1 75
2 8 1 75
1 8 1 75
4 8 1 75
3 8 1 75
2 8 1 75
1 8 1 75
4 8 1 75
3 8 1 75
2 8 1 75
1 8 1 75
4 8 1 75
3 8 1 75
2 8 1 75
1 8 1 75
4 8 1 75
3 8 1 75
2 7 1 74
1 6 1 73
4 6 1 73
3 6 1 73
2 6 1 73
1 6 1 73
4 6 1 73
3 6 1 73
2 6 1 73
1 6 1 73
4 6 1 73
3 6 1 73
2 6 1 73
1 6 1 73
4 5 1 72
3 4 1 71
2 3 1 70
1 2 1 69
4 2 1 69
3 2 1 69
2 2 1 69
1 2 1 69
2 2 3 68
1 2 3 68
4 7 3 68
7 2 1 67
8 2 3 67
5 2 8 67
6 2 13 67
7 2 18 67
8 2 23 67
5 2 28 67
6 2 33 67
7 2 38 67
8 2 43 67
5 2 48 67
6 2 53 67
7 2 58 67
8 2 63 67
3 6 2 66
2 8 2 67
3 3 2 68
1 10 2 67
4 13 1 66
4 3 4 67
3 4 3 67
3 5 1 66
2 7 1 67
4 2 1 68
1 6 1 66
2 3 1 67
1 3 1 67
4 7 1 67
2 6 6 67
1 8 5 67
3 7 1 66
4 8 5 67
3 13 5 67
2 10 4 67
3 2 3 67
1 11 4 67
4 13 4 67
2 5 1 66
1 7 1 67
2 7 2 67
4 5 3 67
3 10 2 67
3 4 1 66
2 5 2 67
1 10 2 67
4 8 1 67
2 5 6 67
1 7 5 67
3 4 1 66
4 5 5 67
3 11 5 67
2 12 4 67
3 2 3 67
1 5 4 67
4 13 4 67
2 9 1 66
1 7 1 67
2 7 2 67
4 9 3 67
3 12 2 67
3 7 1 66
2 5 2 67
1 14 2 67
4 12 1 67
2 6 6 67
1 7 5 67
3 5 1 66
4 6 5 67
3 11 5 67
2 11 4 67
3 2 3 67
2 8 1 66
1 9 1 67
4 6 1 67
1 5 1 66
4 5 1 66
3 8 1 66
2 7 1 66
1 4 1 66
4 4 1 66
3 5 1 66
2 5 1 66
1 8 1 66
4 11 1 66
3 10 1 66
2 8 1 66
1 5 1 66
4 10 1 66
3 6 1 66
2 6 1 66
1 9 1 66
4 6 1 66
3 9 1 66
2 10 1 66
1 10 1 66
4 10 1 66
3 4 1 66
2 4 1 66
1 4 1 66
4 4 1 66
3 4 1 66
2 4 1 66
1 4 1 66
4 4 1 66
3 4 1 66
2 4 1 66
1 3 1 65
4 2 1 64
3 2 1 64
2 2 1 64
1 2 1 64
4 2 1 64
8 2 1 62
2 9 8 62
1 8 8 62
2 3 13 62
1 6 13 62
4 7 12 62
3 7 12 62
2 10 12 62
1 5 11 62
4 7 11 62
3 5 1 61
4 6 6 62
3 6 6 62
2 5 1 61
1 6 1 62
4 6 1 62
3 7 1 63
2 7 1 62
1 7 1 62
4 6 1 62
3 6 1 62
2 4 1 62
1 3 1 61
4 3 1 61
3 4 1 62
2 4 1 62
1 3 1 61
4 3 1 61
3 3 1 61
2 3 1 61
1 3 1 61
4 3 1 61
3 3 1 61
2 4 1 61
1 2 1 60
4 3 1 61
3 3 1 61
2 3 1 61
1 3 1 61
4 3 1 61
3 3 1 61
2 3 1 61
1 3 1 61
4 2 1 60
3 2 1 60
2 2 1 60
1 2 1 60
4 2 1 60
3 2 1 60
2 2 1 60
1 2 1 60
4 2 1 60
3 2 1 60
2 2 1 60
1 2 1 60
4 2 1 60
3 2 1 60
2 2 1 60
1 2 1 60
4 2 1 60
3 2 1 60
2 2 1 60
1 2 1 60
4 2 1 60
3 2 1 60
2 2 1 60
1 2 1 60
4 2 1 60
1 2 3 59
4 3 3 59
3 3 3 59
2 4 2 59
8 2 1 58
1 3 2 57
4 2 2 58
3 3 2 58
4 3 3 57
3 4 3 57
2 5 3 57
1 3 3 58
4 2 3 59
3 3 3 59
2 3 2 58
1 3 2 59
6 2 1 56
1 7 3 57
4 3 2 57
3 2 2 58
2 3 2 58
3 3 3 57
7 2 1 56
8 2 1 56
5 2 6 56
6 2 11 56
7 2 16 56
8 2 21 56
5 2 26 56
6 2 31 56
7 2 36 56
8 2 41 56
5 2 46 56
6 2 51 56
7 2 56 56
8 2 61 56
4 6 2 55
2 3 2 56
4 2 5 57
3 3 5 57
2 2 5 58
1 5 5 58
2 2 4 56
4 4 4 57
3 2 4 58
4 2 3 58
2 3 4 58
1 3 3 57
4 4 2 57
1 3 4 58
4 2 4 58
3 3 3 58
2 6 3 58
1 4 2 58
4 2 1 58
3 2 1 59
4 3 3 58
3 14 3 58
4 2 7 56
1 2 11 57
4 4 11 57
3 3 6 56
2 2 6 57
3 2 10 58
2 7 10 58
1 3 6 57
1 5 8 58
4 3 8 58
3 4 7 57
2 4 7 58
1 2 7 58
4 3 7 58
3 6 6 58
2 5 6 56
1 2 6 57
4 4 6 57
1 3 1 55
3 2 2 56
2 3 2 57
1 4 2 58
2 3 1 58
2 2 3 58
1 2 3 58
4 3 2 58
3 5 2 58
2 2 2 58
1 3 1 58
4 4 1 58
3 3 1 58
2 3 1 58
1 3 1 58
4 3 1 57
2 3 6 57
1 4 6 57
1 2 1 56
4 2 4 57
3 4 4 57
2 2 3 56
2 2 1 55
1 2 1 55
4 5 1 56
3 3 1 57
2 2 1 56
1 3 1 56
4 3 1 56
3 3 1 56
2 2 1 56
1 2 1 55
4 2 1 55
3 2 1 55
2 3 1 55
1 3 1 55
4 3 1 55
3 4 1 55
2 2 1 55
1 3 1 55
4 3 1 55
3 3 1 55
2 2 1 55
1 3 1 55
4 3 1 55
3 3 1 55
2 6 1 55
1 6 1 55
4 4 1 55
3 4 1 55
2 5 1 55
1 5 1 55
4 7 1 55
3 5 1 55
2 6 1 55
1 6 1 55
4 6 1 55
3 8 1 55
2 9 1 55
1 10 1 55
4 11 1 55
3 12 1 55
2 13 1 55
1 10 1 55
4 10 1 55
3 10 1 55
2 10 1 55
1 10 1 55
4 10 1 55
3 10 1 55
2 10 1 55
1 10 1 55
4 10 1 55
3 10 1 55
2 10 1 55
1 10 1 55
4 10 1 55
3 10 1 55
2 10 1 55
1 10 1 55
4 10 1 55
3 10 1 55
2 10 1 55
1 10 1 55
4 10 1 55
3 10 1 55
2 9 1 54
1 9 1 54
4 9 1 54
3 9 1 54
2 9 1 54
1 9 1 54
4 9 1 54
3 9 1 54
2 9 1 54
1 9 1 54
4 9 1 54
3 9 1 54
2 9 1 54
1 9 1 54
4 9 1 54
3 9 1 54
2 9 1 54
1 9 1 54
4 9 1 54
3 9 1 54
2 9 1 54
1 9 1 54
4 9 1 54
3 9 1 54
2 9 1 54
1 9 1 54
4 9 1 54
3 9 1 54
2 9 1 54
1 8 1 53
4 8 1 53
3 8 1 53
2 8 1 53
1 8 1 53
4 8 1 53
3 8 1 53
2 8 1 53
1 8 1 53
4 8 1 53
3 8 1 53
2 8 1 53
1 8 1 53
4 7 1 52
3 7 1 52
2 7 1 52
1 7 1 52
4 7 1 52
3 7 1 52
2 7 1 52
1 7 1 52
4 7 1 52
3 7 1 52
2 7 1 52
1 7 1 52
4 7 1 52
3 6 1 51
2 6 1 51
1 6 1 51
4 6 1 51
3 6 1 51
2 5 1 50
1 5 1 50
4 5 1 50
3 5 1 50
2 5 1 50
1 4 1 49
4 4 1 49
3 4 1 49
2 4 1 49
1 4 1 49
4 3 1 48
3 2 1 47
8 2 1 45
2 3 1 46
1 4 1 45
4 5 1 45
3 6 1 45
5 2 1 45
6 2 6 45
1 7 6 45
4 9 5 45
4 2 6 45
7 2 6 45
8 2 11 45
2 2 17 45
6 2 21 45
7 2 26 45
4 10 28 45
8 2 29 45
3 10 29 45
2 12 28 45
1 21 27 45
5 2 29 45
2 10 34 45
1 9 34 45
4 10 33 45
3 21 33 45
2 9 33 45
1 10 32 45
7 2 32 45
2 2 31 45
1 9 31 45
4 17 31 45
3 10 30 45
2 31 30 45
4 11 29 45
8 2 29 45
3 2 28 45
4 5 27 45
5 2 28 45
3 2 29 45
2 2 29 45
1 11 29 45
2 7 1 44
4 2 1 45
3 2 1 45
2 2 1 45
4 8 11 45
3 2 11 45
1 2 16 45
4 3 15 45
3 6 5 44
3 7 8 45
2 9 7 45
3 2 12 45
2 7 14 45
4 7 15 45
2 12 5 44
1 2 7 45
3 2 8 45
2 7 8 45
1 2 10 45
3 8 10 45
2 2 9 45
4 3 6 44
1 7 5 44
4 8 5 45
2 2 5 44
1 6 8 44
4 2 19 44
3 6 19 44
2 7 18 44
1 6 1 43
1 7 3 44
3 2 5 45
3 14 3 44
4 6 3 44
2 3 3 45
1 7 5 45
3 6 3 44
2 6 3 44
4 7 2 44
3 3 2 45
1 8 1 45
4 7 1 43
4 6 2 44
3 16 2 44
2 8 1 44
1 8 1 44
4 8 1 44
1 5 1 43
4 5 1 43
3 9 1 44
2 10 1 44
1 11 1 44
4 12 1 44
3 12 1 43
2 13 1 43
1 9 1 43
4 9 1 43
3 9 1 43
2 9 1 43
1 9 1 43
4 9 1 43
3 9 1 43
2 9 1 43
1 9 1 43
4 9 1 43
3 9 1 43
2 5 1 43
1 5 1 43
4 6 1 43
3 7 1 43
2 9 1 43
1 9 1 43
4 9 1 43
3 9 1 43
2 6 1 43
1 6 1 43
4 7 1 43
3 8 1 43
2 9 1 43
1 9 1 43
4 9 1 43
3 9 1 43
2 9 1 43
1 9 1 43
4 10 1 43
3 9 1 43
2 6 1 42
1 6 1 41
4 6 1 40
3 3 1 39
2 3 1 38
1 3 1 38
4 3 1 38
3 4 1 38
2 3 1 38
1 4 1 38
4 4 1 38
3 3 1 38
2 4 1 38
1 4 1 38
4 4 1 38
3 4 1 38
2 4 1 38
1 4 1 38
4 4 1 38
8 2 1 38
3 3 1 37
2 3 1 37
1 4 1 38
4 4 1 38
3 4 1 38
2 4 1 38
1 4 1 38
4 4 1 38
3 4 1 38
2 4 1 38
1 4 1 38
4 4 1 38
3 4 1 38
2 4 1 38
1 3 1 37
4 3 1 37
3 3 1 37
2 3 1 37
1 3 1 37
4 3 1 37
3 3 1 37
2 3 1 37
1 3 1 37
4 2 1 36
3 2 1 36
2 2 1 36
1 2 1 36
4 2 1 36
3 2 1 36
2 2 1 36
1 2 1 36
4 2 1 36
3 2 1 36
2 2 1 36
1 2 1 36
4 2 1 36
3 2 1 36
2 2 1 36
1 2 1 36
4 2 1 36
3 2 1 36
2 2 1 36
1 2 1 36
4 2 1 36
3 2 1 36
2 2 1 36
1 2 1 36
4 2 1 36
8 2 1 34
3 2 1 35
2 2 1 35
1 6 1 35
4 7 1 35
3 8 1 35
4 9 3 35
3 10 3 35
5 2 1 34
2 9 1 35
1 10 1 35
6 2 2 34
1 6 2 34
4 12 1 34
7 2 4 34
4 6 5 34
3 7 5 34
8 2 5 34
2 8 4 34
1 13 3 34
8 2 4 34
6 2 10 34
1 2 14 34
7 2 14 34
2 2 13 34
4 2 14 34
8 2 16 34
5 2 21 34
6 2 26 34
7 2 31 34
8 2 36 34
5 2 41 34
2 5 1 33
3 7 1 34
2 8 1 34
4 6 1 34
5 2 1 35
3 5 1 33
1 7 6 34
4 8 5 34
2 5 1 33
3 6 5 34
1 2 4 34
2 12 5 34
3 2 4 34
2 2 3 34
1 6 1 33
4 8 1 34
3 9 1 34
1 6 1 34
4 6 1 34
3 6 1 34
1 8 6 34
4 9 5 34
2 9 1 33
3 6 5 34
2 13 5 34
1 8 4 34
2 2 3 34
4 7 4 34
3 15 4 34
1 5 1 33
4 6 1 34
1 6 2 34
3 6 3 34
2 10 2 34
2 5 1 33
1 7 2 34
4 13 2 34
3 9 1 34
2 6 1 33
1 8 1 33
4 11 1 34
3 6 1 34
2 7 1 34
1 6 1 33
4 6 1 33
3 7 1 33
2 8 1 33
1 8 1 33
4 6 1 33
3 6 1 33
2 10 1 33
1 7 1 33
4 8 1 33
3 10 1 33
2 7 1 33
1 8 1 33
4 8 1 33
3 5 1 33
2 9 1 33
1 6 1 33
4 6 1 33
3 8 1 33
2 6 1 33
1 8 1 33
4 8 1 33
3 8 1 33
2 11 1 33
1 12 1 33
4 15 1 33
3 6 1 33
2 6 1 33
1 7 1 33
4 7 1 33
3 14 1 33
2 5 1 33
1 5 1 33
4 12 1 33
3 6 1 33
2 15 1 33
1 10 1 33
4 5 1 32
3 9 1 32
2 9 1 32
1 9 1 32
4 9 1 32
3 8 1 31
2 7 1 30
1 6 1 29
4 5 1 28
3 5 1 28
2 8 1 28
4 2 16 27
2 12 31 27
1 2 30 27
4 4 30 27
3 4 30 27
2 2 29 27
1 7 29 27
4 4 29 27
3 5 28 27
1 3 1 26
4 4 1 27
3 5 1 28
2 5 1 28
1 5 1 28
4 5 1 28
3 5 1 28
2 5 1 28
1 5 1 28
4 5 1 28
3 4 1 27
2 4 1 27
1 4 1 27
4 4 1 27
3 4 1 27
2 4 1 27
1 3 1 26
4 3 1 26
3 4 1 27
2 4 1 27
1 4 1 27
4 4 1 27
3 4 1 27
2 4 1 27
1 4 1 27
4 4 1 27
3 4 1 27
2 7 1 27
1 4 1 27
4 4 1 27
3 3 1 26
2 3 1 26
1 3 1 26
4 3 1 26
3 3 1 26
2 3 1 26
1 3 1 26
4 3 1 26
3 3 1 26
2 3 1 26
1 3 1 26
4 3 1 26
3 3 1 26
2 3 1 26
1 3 1 26
4 3 1 26
3 3 1 26
2 3 1 26
1 3 1 26
4 3 1 26
3 3 1 26
2 3 1 26
1 3 1 26
4 3 1 26
3 3 1 26
2 3 1 26
1 3 1 26
4 3 1 26
3 3 1 26
2 3 1 26
1 2 1 25
4 2 1 25
3 2 1 25
2 2 1 25
1 2 1 25
4 2 1 25
3 2 1 25
2 2 1 25
1 2 1 25
4 2 1 25
3 2 1 25
2 2 1 25
1 2 1 25
8 2 1 23
5 2 6 23
4 6 6 23
3 8 5 23
6 2 8 23
7 2 13 23
8 2 18 23
1 8 19 23
4 9 19 23
3 11 18 23
5 2 18 23
6 2 23 23
1 6 27 23
7 2 27 23
2 2 26 23
4 6 27 23
3 16 27 23
8 2 28 23
5 2 33 23
6 2 38 23
7 2 43 23
8 2 48 23
5 2 53 23
1 5 1 22
2 6 5 23
1 12 5 23
4 9 4 23
1 2 3 23
3 6 4 23
2 13 4 23
4 6 1 22
3 8 1 23
4 7 2 23
2 7 3 23
1 8 2 23
1 6 1 22
4 7 2 23
3 13 2 23
2 15 1 23
4 2 1 24
1 6 5 23
4 7 4 23
1 9 1 22
1 7 5 23
3 7 6 23
2 9 5 23
4 6 1 22
3 8 1 23
2 14 1 23
4 6 1 22
1 8 1 23
4 6 5 23
3 9 4 23
4 10 1 22
3 6 1 23
2 6 3 23
1 13 3 23
4 9 2 23
1 2 1 23
3 6 2 23
2 18 2 23
1 6 1 22
4 7 1 23
2 7 2 23
1 14 1 23
3 11 1 22
4 12 1 23
3 12 1 23
2 14 1 23
4 12 6 23
3 8 5 23
1 10 1 22
4 10 1 22
3 11 1 23
2 11 1 23
1 11 1 23
2 7 1 22
1 7 1 22
4 8 1 23
3 10 1 22
2 10 1 22
1 10 1 22
4 7 1 22
3 7 1 22
2 8 1 22
1 8 1 22
4 10 1 22
3 8 1 22
2 9 1 22
1 9 1 22
4 9 1 22
3 7 1 22
2 8 1 22
1 8 1 22
4 8 1 22
3 10 1 22
2 10 1 22
1 10 1 22
4 10 1 22
3 8 1 22
2 9 1 22
1 9 1 22
4 9 1 22
3 10 1 22
2 10 1 22
1 9 1 21
4 8 1 20
3 6 1 19
2 6 1 18
1 5 1 17
4 5 1 17
3 5 1 17
2 5 1 17
1 5 1 17
4 5 1 17
3 5 1 17
2 5 1 17
1 5 1 17
4 5 1 17
3 5 1 17
2 5 1 17
1 5 1 17
4 5 1 17
3 5 1 17
2 5 1 17
1 5 1 17
4 4 1 16
3 4 1 16
2 4 1 16
1 4 1 16
4 4 1 16
3 4 1 16
2 4 1 16
1 4 1 16
4 4 1 16
3 4 1 16
2 4 1 16
1 4 1 16
4 4 1 16
3 4 1 16
2 4 1 16
1 4 1 16
4 4 1 16
3 4 1 16
2 4 1 16
1 4 1 16
4 4 1 16
3 3 1 15
2 3 1 15
1 3 1 15
4 3 1 15
3 3 1 15
2 3 1 15
1 3 1 15
4 3 1 15
3 3 1 15
2 3 1 15
1 3 1 15
4 3 1 15
3 3 1 15
2 3 1 15
1 3 1 15
4 3 1 15
3 3 1 15
2 2 1 14
1 2 1 14
4 2 1 14
3 2 1 14
2 2 1 14
1 2 1 14
4 2 1 14
8 3 1 15
8 2 1 12
3 2 1 13
2 2 1 13
1 2 1 13
5 2 2 12
2 5 4 12
1 2 4 13
4 2 4 13
1 2 6 13
3 4 3 12
6 2 3 12
3 2 4 13
2 3 3 13
4 2 2 12
7 2 3 12
8 2 8 12
5 2 13 12
4 4 17 12
6 2 17 12
1 3 16 12
7 2 20 12
8 2 25 12
5 2 30 12
6 2 35 12
7 2 40 12
8 2 45 12
4 5 48 12
5 2 49 12
1 2 3 11
3 3 8 12
2 4 7 12
2 5 5 11
1 2 7 12
4 4 7 12
3 4 6 12
4 2 5 12
2 5 6 12
2 2 10 12
1 3 9 12
2 4 19 12
1 2 19 12
4 4 19 12
3 3 18 12
1 7 5 11
4 2 6 12
3 3 5 12
2 2 5 12
4 2 5 12
3 6 5 12
3 4 22 12
2 5 21 12
1 2 21 12
3 2 20 12
4 8 19 12
1 3 15 11
2 2 17 12
1 4 16 12
3 3 16 11
2 3 16 11
1 4 16 11
4 5 15 11
3 5 15 11
2 10 15 12
2 3 17 11
3 2 16 11
4 5 22 11
3 2 22 11
2 5 22 11
1 5 21 11
4 2 21 11
3 7 21 11
2 5 20 11
1 7 20 11
4 12 20 11
3 4 19 11
2 7 19 11
1 7 19 11
4 5 18 11
3 10 18 11
2 10 18 11
1 3 17 11
1 3 3 10
4 8 3 11
2 4 3 12
1 5 2 12
3 2 3 12
2 3 2 12
4 6 1 11
1 3 6 12
4 3 5 12
3 3 4 12
1 2 1 11
1 2 2 12
4 2 2 12
2 2 1 11
4 2 1 11
3 6 1 12
2 4 1 10
4 2 1 11
8 2 1 10
2 3 1 10
1 2 1 10
4 2 1 10
3 4 1 11
2 3 1 10
1 5 1 10
4 3 1 10
3 4 1 10
4 5 7 10
1 4 6 10
3 5 7 10
2 4 7 10
1 4 6 9
4 2 6 10
3 3 5 9
2 2 5 10
1 2 5 10
4 7 5 10
3 4 4 10
2 5 4 10
1 6 3 9
4 5 3 10
3 7 2 9
2 2 1 8
1 2 1 9
2 3 1 10
1 3 1 10
4 5 1 9
3 2 1 9
2 2 1 9
1 3 1 9
4 3 1 9
3 2 1 9
2 2 1 9
1 3 1 9
4 3 1 9
3 6 1 9
2 9 1 9
1 8 1 9
4 8 1 9
3 8 1 9
2 8 1 9
1 8 1 9
4 8 1 9
3 8 1 9
2 3 1 9
1 4 1 9
4 4 1 9
3 3 1 9
2 3 1 9
1 4 1 9
4 4 1 9
3 4 1 9
2 8 1 9
1 8 1 9
4 8 1 9
3 4 1 9
2 4 1 9
1 5 1 9
4 5 1 9
3 8 1 9
2 8 1 9
1 8 1 9
4 7 1 8
3 7 1 8
2 4 1 8
1 5 1 8
4 4 1 8
3 5 1 8
2 7 1 8
1 7 1 8
4 7 1 8
3 6 1 7
2 6 1 7
1 6 1 7
4 6 1 7
3 6 1 7
2 6 1 7
1 6 1 7
4 6 1 7
3 6 1 7
2 6 1 7
1 6 1 7
4 6 1 7
3 6 1 7
2 6 1 7
1 6 1 7
4 6 1 7
3 6 1 7
2 6 1 7
1 6 1 7
4 6 1 7
3 6 1 7
2 6 1 7
1 6 1 7
4 6 1 7
3 6 1 7
2 6 1 7
1 6 1 7
4 6 1 7
3 6 1 7
2 6 1 7
1 6 1 7
4 6 1 7
3 6 1 7
2 6 1 7
1 6 1 7
4 6 1 7
3 6 1 7
2 5 1 6
1 5 1 6
4 5 1 6
3 5 1 6
2 5 1 6
1 5 1 6
4 5 1 6
3 5 1 6
2 5 1 6
1 5 1 6
4 5 1 6
3 5 1 6
2 5 1 6
1 5 1 6
4 5 1 6
3 5 1 6
2 5 1 6
1 4 1 5
4 4 1 5
3 4 1 5
2 4 1 5
1 4 1 5
4 4 1 5
3 4 1 5
2 4 1 5
1 4 1 5
4 3 1 4
3 3 1 4
2 3 1 4
1 3 1 4
4 3 1 4
3 3 1 4
2 3 1 4
1 3 1 4
4 3 1 4
3 3 1 4
2 3 1 4
1 3 1 4
4 3 1 4
3 2 1 3
2 2 1 3
1 2 1 3
4 2 1 3
3 2 1 3
7 2 1 1
2 2 1 2
8 2 5 1
5 2 10 1
6 2 15 1
7 2 20 1
8 2 25 1
5 2 30 1
6 2 35 1
7 2 40 1
8 2 45 1
5 2 50 1
6 2 55 1
7 2 60 1
8 2 65 1
5 2 70 1
