11216
3720
8 2 1 100
5 2 1 100
7 2 1 100
4 3 7 100
8 3 7 100
6 2 9 100
7 2 16 100
1 2 16 100
3 2 15 100
2 2 15 100
6 2 14 100
5 3 19 100
1 2 19 100
6 2 20 100
7 7 30 100
8 2 29 100
7 2 30 100
3 2 33 100
3 2 34 100
4 2 33 100
1 3 33 100
7 2 35 100
1 2 44 100
3 3 47 100
1 2 52 100
6 2 52 100
5 4 52 100
5 2 3 99
3 3 9 100
5 2 8 100
8 2 8 100
8 3 16 100
4 4 36 100
4 2 38 100
7 4 5 99
4 2 9 100
4 4 10 100
5 2 10 100
4 4 17 100
1 3 22 100
7 3 27 100
1 4 4 99
2 2 6 100
7 2 9 100
2 2 21 100
8 2 22 100
4 2 22 100
5 2 27 100
4 2 31 100
6 2 31 100
4 2 31 100
8 2 6 99
1 3 8 100
2 4 7 100
6 2 7 100
1 2 7 100
4 2 6 100
2 2 11 100
6 3 11 100
3 2 11 100
5 3 13 100
7 6 15 100
6 2 14 100
8 2 14 100
1 2 13 100
5 4 6 99
5 2 7 99
3 2 9 100
6 4 11 100
7 2 17 99
2 2 17 99
4 3 16 99
8 2 16 99
6 2 19 99
5 2 19 99
5 2 14 98
1 2 15 98
5 2 18 98
1 3 21 98
6 2 22 98
2 2 23 98
4 3 36 98
5 2 39 98
2 2 42 98
5 2 41 98
8 3 41 98
2 3 47 98
4 3 46 98
8 4 45 98
4 2 51 98
1 3 55 98
2 3 7 97
6 2 8 98
6 2 14 99
7 4 12 98
3 2 12 98
2 3 14 99
1 3 12 98
8 2 15 99
4 2 14 99
7 2 12 98
5 2 14 98
6 3 16 98
5 2 16 98
1 2 34 98
7 2 33 98
2 4 40 98
2 2 10 97
1 2 14 98
3 2 19 98
2 2 19 98
3 2 31 98
1 2 30 98
8 7 32 98
5 3 31 98
4 4 11 97
7 4 13 98
3 3 20 98
4 2 23 98
2 2 22 98
6 3 22 98
1 5 12 97
6 2 11 97
2 4 11 98
3 2 14 98
8 2 10 97
7 3 13 97
2 2 20 98
6 2 15 97
7 4 19 98
5 2 19 98
8 2 19 98
1 3 17 97
8 3 20 97
6 2 22 97
1 2 24 97
5 4 27 97
5 2 28 97
8 4 3 96
4 2 9 97
4 2 14 98
5 2 14 98
4 2 16 98
3 2 16 98
6 2 14 97
7 2 14 98
2 3 13 98
3 2 13 97
2 3 13 97
6 2 12 97
1 4 3 96
4 2 4 96
8 2 4 97
2 2 4 98
6 2 4 98
3 2 5 99
4 2 7 99
8 2 11 100
3 2 6 98
3 3 3 96
4 2 15 96
8 4 19 96
5 2 24 96
4 2 26 96
6 2 26 96
4 4 38 96
5 2 38 96
3 3 37 96
1 8 39 96
5 2 39 96
4 2 41 96
4 2 48 96
2 4 4 95
8 5 5 96
6 2 6 97
7 2 5 97
8 2 4 97
5 4 10 96
4 2 29 96
6 2 36 96
3 5 4 95
2 3 6 96
4 2 8 96
8 2 22 96
4 2 21 96
3 2 21 96
5 2 20 96
8 2 19 96
7 2 10 95
6 2 15 96
7 2 23 96
1 2 23 96
1 3 25 96
6 2 27 96
2 3 26 96
5 2 10 95
7 4 14 95
3 3 15 96
1 2 14 96
4 2 19 96
7 2 22 96
5 3 17 95
5 2 20 96
1 2 17 95
8 2 19 96
6 4 21 95
1 2 20 95
5 4 20 95
7 3 20 95
4 2 20 95
7 2 23 95
6 3 23 95
6 3 6 94
4 2 9 95
1 2 9 96
4 2 16 96
2 2 16 96
7 2 15 95
6 2 15 96
8 2 17 95
8 3 18 94
8 2 24 94
4 2 23 94
7 2 33 94
3 2 34 94
8 2 36 94
1 2 39 94
7 2 40 94
8 2 43 94
6 2 42 94
4 2 41 94
7 2 42 94
2 3 47 94
4 2 48 94
3 3 10 93
7 3 10 94
6 2 20 95
8 2 9 94
4 2 17 95
7 2 18 95
3 2 18 95
5 4 18 94
6 6 11 93
2 2 11 94
5 4 11 95
8 2 13 96
4 2 13 96
3 4 13 96
3 2 10 95
1 2 10 94
7 2 16 93
8 2 16 94
3 3 26 94
7 3 30 94
1 2 29 94
5 2 29 94
4 2 24 93
4 2 28 94
6 2 26 93
2 2 26 94
7 2 32 93
4 2 41 93
8 3 53 93
2 2 54 93
3 2 53 93
8 2 1 92
2 3 24 93
4 2 25 94
8 2 24 94
5 2 26 94
4 2 34 93
1 2 51 93
8 2 3 92
2 2 40 93
4 3 7 92
1 2 12 93
1 2 20 94
5 2 20 94
2 2 11 93
6 2 11 94
4 2 13 94
8 2 22 94
5 2 26 93
1 4 33 93
5 2 32 93
3 4 32 93
6 2 31 93
4 2 31 93
1 2 9 92
7 2 14 93
4 2 19 94
3 2 20 94
6 2 30 93
3 6 11 92
8 2 11 92
2 2 13 93
5 2 15 94
7 2 14 93
7 2 20 93
8 2 20 93
3 2 13 92
1 3 14 93
1 4 21 93
6 6 13 92
5 2 16 93
6 2 16 92
3 2 21 93
8 3 16 92
5 2 19 93
7 2 18 93
2 3 18 92
3 3 18 92
7 2 19 92
3 2 19 92
5 3 27 92
7 2 26 92
4 2 26 92
1 2 27 92
2 4 5 91
7 2 7 92
6 3 7 93
2 2 10 93
7 2 10 94
4 2 10 93
5 2 13 92
1 5 12 92
7 2 14 92
6 4 14 91
8 2 14 91
5 2 13 91
6 2 16 92
5 2 15 92
7 3 19 91
3 2 18 91
5 2 18 91
4 3 19 91
2 5 19 91
6 2 21 91
2 2 25 91
1 2 24 91
8 2 27 91
5 5 34 91
3 4 38 91
1 2 39 91
5 4 40 91
4 2 41 91
5 2 43 91
2 4 44 91
4 3 43 91
6 2 45 91
8 2 45 91
5 4 45 91
4 2 15 90
3 2 33 91
6 3 36 91
3 2 18 90
1 2 18 91
5 3 19 91
4 2 31 91
6 2 30 91
2 2 29 91
8 2 17 90
6 2 18 90
1 5 25 91
3 2 26 91
7 2 31 91
8 4 31 91
3 2 20 90
4 3 19 90
3 2 19 91
8 4 19 90
8 2 26 91
3 2 28 91
1 2 27 91
2 3 23 90
4 2 26 91
3 2 22 90
8 3 22 90
5 2 22 91
2 2 26 90
1 2 28 90
6 4 28 90
1 2 3 89
6 2 3 90
1 2 3 91
7 2 3 91
3 2 5 92
4 3 6 93
3 2 8 94
8 3 7 92
2 2 7 93
4 2 8 94
7 2 6 91
3 2 2 90
5 2 4 91
6 2 9 92
4 3 9 93
7 2 9 92
8 2 8 92
7 2 8 93
3 2 7 91
2 3 6 91
4 2 2 90
6 2 4 91
7 2 5 92
4 2 4 91
1 2 4 90
3 2 4 90
4 2 3 90
1 3 3 91
5 4 9 90
1 2 8 90
6 2 8 90
6 2 4 89
2 2 5 90
3 3 7 89
7 2 10 90
6 2 10 89
4 2 12 89
2 3 19 89
3 3 18 89
4 4 18 89
5 3 23 89
8 2 24 89
6 4 33 89
6 2 35 89
3 2 35 89
7 3 35 89
3 3 37 89
1 3 42 89
4 2 43 89
8 2 45 89
2 2 44 89
4 2 8 88
3 2 9 89
4 2 9 89
7 2 9 89
8 2 14 89
3 2 13 89
6 4 14 89
1 3 12 88
8 3 12 89
5 4 18 89
6 3 17 89
7 2 27 89
1 2 12 88
3 2 15 89
8 3 16 89
4 2 15 89
7 2 14 89
3 2 12 88
2 2 13 89
6 2 11 88
5 2 16 89
8 3 12 88
6 2 24 89
1 2 19 88
8 3 20 89
8 2 24 88
1 2 37 88
8 2 37 88
2 5 39 88
7 3 8 87
2 2 14 88
7 2 18 89
1 2 14 88
7 2 19 89
6 3 18 89
5 2 18 89
3 3 14 88
4 2 14 88
8 2 17 88
3 2 28 88
2 3 9 87
2 2 19 88
4 2 9 87
1 2 24 87
4 3 25 88
3 3 32 87
4 4 54 87
3 3 57 87
6 2 61 87
3 2 61 87
1 5 61 87
7 3 61 87
1 2 61 87
5 2 60 87
8 4 60 87
3 2 2 86
5 2 12 87
7 2 24 88
5 4 22 87
6 2 25 88
5 2 24 88
6 2 30 87
7 2 33 87
5 2 36 87
5 2 40 87
8 2 40 87
1 2 45 87
2 2 46 87
4 2 1 86
1 2 1 87
5 2 4 88
1 2 9 89
8 2 9 90
5 2 8 88
8 2 20 88
5 3 5 87
2 2 7 87
3 5 18 88
2 2 17 88
7 2 6 87
6 2 6 88
3 2 9 89
4 2 9 89
1 2 12 89
1 3 5 87
4 2 12 88
5 2 11 88
4 2 13 87
4 2 15 87
8 2 18 87
3 2 23 87
4 2 32 87
4 2 10 86
6 2 27 87
2 2 15 86
2 2 24 87
1 2 17 86
5 2 17 87
7 4 28 87
8 3 27 87
7 6 17 86
7 3 26 87
5 2 21 86
4 4 24 87
8 2 23 87
6 2 25 87
5 2 25 87
3 2 20 86
2 4 24 87
4 2 24 86
7 3 3 85
3 3 3 85
5 2 3 86
2 2 6 87
3 2 7 88
8 2 6 88
4 2 7 89
6 2 6 87
8 6 2 86
7 2 6 87
7 2 8 87
3 2 1 86
2 2 2 86
5 2 5 87
6 2 12 87
1 4 2 86
1 3 3 86
2 2 3 87
8 2 4 88
6 3 2 87
7 2 4 87
2 3 5 87
8 4 7 86
6 3 2 85
4 8 2 85
5 2 4 86
8 2 3 85
6 5 4 86
5 2 5 85
6 2 5 85
7 6 8 85
3 3 10 85
5 5 10 85
7 2 13 85
7 2 17 85
4 3 17 85
3 2 25 85
8 3 25 85
2 8 24 85
7 2 24 85
6 2 25 85
3 2 25 85
5 2 28 85
3 2 39 85
3 2 3 84
4 2 19 85
3 2 19 85
1 2 18 85
4 4 11 84
1 2 20 85
3 2 26 85
3 2 19 84
4 7 19 85
7 4 22 85
7 2 31 85
4 2 24 84
1 2 37 84
3 3 37 84
7 2 38 84
6 2 1 83
6 2 16 84
2 2 18 85
1 2 22 85
7 5 30 85
5 2 17 84
5 2 21 85
8 2 25 85
1 2 26 85
6 3 25 85
3 2 21 84
4 3 23 85
1 2 23 85
2 3 23 84
6 2 30 84
7 4 29 84
1 2 1 83
8 2 3 84
3 2 5 85
4 2 7 85
8 2 10 85
1 2 10 85
3 2 9 85
2 2 4 84
1 2 10 85
8 2 13 85
6 2 4 84
7 2 7 85
4 2 7 85
5 3 3 84
3 6 8 85
8 4 8 85
6 2 7 85
2 3 4 84
1 2 8 84
5 2 8 84
7 3 10 84
1 2 3 83
4 2 2 83
8 2 7 84
3 2 6 84
1 2 2 83
7 2 3 84
4 2 3 85
4 2 4 85
2 2 2 84
1 2 3 83
6 2 3 83
8 3 4 83
8 2 8 83
8 2 10 83
6 3 11 83
7 2 12 83
8 3 13 83
1 2 12 83
8 2 12 83
5 2 13 83
7 5 12 83
2 2 11 83
3 2 14 83
2 2 14 83
6 3 13 83
4 2 13 83
2 2 12 83
1 2 16 83
7 4 20 83
2 2 7 82
4 2 7 83
7 2 6 82
1 2 9 83
8 4 15 82
5 2 15 83
6 3 16 83
3 2 16 82
5 3 16 82
8 3 15 82
5 2 22 82
6 2 29 82
8 3 29 82
7 3 29 82
1 2 28 82
3 3 28 82
4 3 27 82
6 2 33 82
1 2 34 82
3 3 43 82
6 2 47 82
5 2 48 82
2 2 1 81
6 2 7 82
5 2 8 82
4 2 9 83
3 2 12 83
3 2 8 82
2 2 14 83
1 2 15 81
8 2 25 81
7 2 27 82
7 2 30 82
3 2 25 81
1 3 39 82
6 2 25 81
5 4 25 82
1 2 35 82
7 2 34 82
6 2 24 81
4 6 26 82
6 2 25 81
4 2 26 81
5 2 33 82
2 2 25 81
3 2 28 82
1 2 27 82
4 2 26 81
1 2 33 81
5 3 36 81
6 2 3 80
3 2 6 81
2 2 27 82
5 2 8 81
1 2 9 82
4 2 18 82
5 5 24 82
2 2 8 81
8 2 10 82
5 2 11 83
7 2 13 83
5 3 17 81
8 2 21 82
3 2 16 81
6 2 18 82
7 2 17 82
1 2 16 82
2 2 16 82
2 3 29 81
6 2 7 80
7 2 9 81
4 3 9 82
3 3 10 83
6 3 8 82
2 2 8 83
5 2 7 83
1 4 8 83
8 4 7 82
1 2 13 81
7 6 18 81
6 3 8 80
5 2 9 81
7 2 11 81
4 2 8 80
4 3 11 81
2 2 8 80
8 2 8 81
3 3 8 81
7 2 9 81
1 3 10 80
6 2 9 80
8 2 9 81
8 3 11 80
3 4 11 81
6 3 12 80
2 4 24 80
6 2 23 80
2 2 26 80
7 3 40 80
4 2 41 80
8 2 42 80
7 2 41 80
8 3 3 79
4 2 13 80
3 2 17 80
1 3 16 80
1 3 4 79
1 3 7 80
4 2 6 80
2 2 6 81
5 2 7 82
5 2 8 81
8 2 8 80
7 2 15 80
8 2 17 80
7 2 17 80
7 2 18 80
3 4 18 80
2 2 25 80
6 3 25 80
3 3 24 80
5 2 8 79
7 4 8 80
8 2 25 80
5 3 10 79
7 3 11 80
1 3 11 79
4 3 13 80
6 2 12 80
3 2 13 79
2 2 13 79
4 2 13 80
3 3 14 80
4 5 14 79
6 3 17 80
3 4 16 79
7 2 17 80
5 5 17 79
7 3 19 79
2 3 19 79
2 3 26 79
6 2 25 79
1 2 25 79
6 3 29 79
4 2 3 78
1 4 17 79
5 2 19 79
4 2 6 78
8 3 6 79
2 2 7 80
4 2 6 80
3 2 7 81
8 2 8 80
2 3 5 78
8 2 12 79
6 2 5 78
7 2 5 79
4 2 11 79
5 2 10 79
6 2 10 80
8 2 9 80
1 2 16 79
7 2 6 78
1 2 6 79
3 2 5 79
2 2 6 80
4 2 6 80
6 3 6 81
7 3 6 79
2 2 7 79
4 2 7 79
6 3 15 78
3 3 16 78
1 2 20 78
6 2 24 78
8 2 26 78
1 2 37 78
3 2 42 78
3 2 3 77
7 2 9 78
4 3 12 78
5 2 18 78
1 2 23 78
6 2 25 78
7 2 25 78
4 3 28 78
8 3 3 77
1 2 8 78
5 4 29 78
2 3 5 77
3 2 18 78
2 2 28 78
6 2 27 78
6 2 8 77
3 2 20 78
2 2 21 78
8 3 7 77
4 3 8 78
7 2 19 78
4 2 8 77
8 5 12 78
2 2 9 77
2 3 19 78
8 2 21 78
6 2 9 77
1 2 15 78
6 3 17 78
4 3 10 77
5 2 13 78
1 2 17 78
4 3 15 77
2 3 15 78
2 2 16 77
4 2 21 77
7 4 27 77
6 4 31 77
5 5 3 76
3 2 21 77
7 2 4 76
7 2 24 77
3 2 23 77
8 2 22 77
2 2 22 77
4 3 22 77
5 2 21 77
8 2 21 77
3 5 4 76
3 2 6 76
5 2 6 77
1 2 6 78
3 2 9 79
8 2 5 77
2 4 7 76
6 4 7 76
8 2 11 77
3 4 13 78
5 2 13 78
1 2 10 77
7 4 9 77
8 2 9 76
2 2 10 76
3 2 11 76
7 2 10 76
1 2 11 76
4 5 25 76
2 3 25 76
5 2 25 76
5 5 27 76
8 7 28 76
2 2 27 76
1 2 32 76
3 2 31 76
1 2 31 76
7 2 30 76
8 3 32 76
1 4 4 75
4 2 8 76
1 3 11 76
4 4 14 76
2 4 17 76
8 3 4 75
6 2 13 76
4 2 18 76
6 2 19 76
7 2 18 76
6 2 20 76
4 2 14 75
4 2 20 76
1 2 20 76
3 2 19 76
3 2 13 75
1 3 13 76
2 2 12 76
2 4 15 76
5 2 15 76
6 3 16 75
1 4 21 75
3 4 22 75
6 3 20 75
7 3 25 75
3 2 26 75
7 3 26 75
5 2 36 75
1 2 39 75
6 3 40 75
8 2 40 75
4 2 3 74
8 2 7 75
3 2 8 76
2 2 7 76
4 4 7 77
6 2 6 77
4 3 21 75
5 2 3 74
3 2 3 75
4 2 26 75
7 5 7 74
3 5 11 75
8 2 15 75
5 4 7 74
1 2 11 75
7 4 11 75
6 2 10 75
4 3 9 74
3 2 9 75
4 3 8 75
3 3 23 74
5 2 24 75
5 2 25 74
5 2 31 74
6 2 35 74
8 2 43 74
6 3 44 74
1 2 27 73
7 2 27 74
8 5 28 74
2 2 27 74
8 2 36 74
5 5 40 74
4 2 25 73
2 3 39 74
4 3 31 73
8 2 37 74
4 2 36 74
8 3 31 73
7 3 31 74
5 2 34 74
5 2 40 73
7 6 40 73
1 3 39 73
1 2 41 73
8 2 41 73
8 2 44 73
3 2 2 72
7 2 8 73
1 3 8 74
6 2 8 75
2 2 8 75
1 2 9 75
8 2 9 75
6 2 18 75
2 2 17 75
2 2 11 74
8 2 13 75
5 3 12 75
1 2 11 74
4 3 13 74
8 2 13 75
1 2 13 74
6 2 13 74
7 2 12 74
3 3 12 75
4 2 7 73
7 2 7 74
4 2 8 73
5 2 10 73
5 3 11 74
3 3 11 74
8 3 9 73
7 6 28 73
7 2 1 72
6 2 14 73
7 5 14 73
4 2 13 73
3 3 13 73
5 2 12 72
5 3 13 73
3 3 18 73
2 2 21 73
4 3 42 72
8 2 42 72
1 3 42 72
4 2 54 72
7 4 57 72
1 2 7 71
4 2 8 72
1 2 17 73
6 3 16 73
3 3 7 72
2 2 7 73
3 2 12 74
5 2 12 73
8 2 12 73
1 3 28 72
2 2 46 72
7 2 9 71
7 2 27 72
3 2 41 72
8 2 40 72
2 2 39 72
7 3 43 72
3 2 9 71
8 4 30 72
2 2 29 72
2 2 11 71
8 2 13 72
2 2 20 72
3 5 12 71
6 2 18 72
3 5 18 72
5 2 14 71
7 2 19 72
8 4 18 72
6 3 17 71
3 3 17 71
6 2 21 72
3 3 20 71
1 2 27 72
4 2 26 72
3 2 23 71
4 4 24 72
2 2 26 72
6 2 26 71
7 2 25 71
2 2 26 71
8 3 1 70
5 2 4 71
1 3 8 72
1 2 11 72
2 2 12 73
4 2 12 73
6 3 11 73
7 2 11 72
5 2 12 72
1 3 13 72
7 3 12 72
7 2 5 71
4 2 8 72
7 2 7 72
6 2 11 72
4 2 9 71
2 2 22 71
4 2 1 70
5 2 1 71
3 2 3 72
1 2 7 73
5 2 7 73
8 2 2 72
7 2 5 70
7 2 10 71
5 2 15 71
8 2 20 71
5 2 22 71
4 2 8 70
5 3 17 70
2 2 23 70
2 3 29 70
4 3 35 70
2 2 38 70
3 2 39 70
2 2 39 70
4 2 40 70
2 6 46 70
4 2 51 70
4 2 4 69
5 2 7 70
5 2 9 71
2 2 8 71
8 2 7 71
1 2 10 71
7 2 15 71
6 2 7 70
5 3 19 70
6 2 5 69
4 2 9 70
8 2 11 70
4 2 14 71
1 2 13 71
3 2 13 70
4 3 17 70
3 2 16 70
8 2 17 70
1 2 16 70
7 2 26 70
5 2 26 70
2 2 30 70
8 3 4 69
3 3 5 70
8 2 9 69
3 4 16 70
2 2 15 70
5 2 17 70
6 2 23 70
1 2 25 70
5 3 8 69
8 5 21 70
8 2 14 69
6 2 21 69
5 2 23 70
4 2 23 69
6 2 24 69
2 2 31 69
1 2 30 69
3 2 35 69
3 2 44 69
5 2 4 68
6 4 8 69
6 5 14 70
5 4 11 69
1 2 14 70
7 3 21 70
1 2 10 69
5 2 24 69
4 4 26 69
8 2 25 69
1 3 8 68
4 2 9 69
3 2 10 70
6 2 14 70
8 2 13 70
1 2 15 70
8 2 15 70
5 2 9 69
2 3 14 70
3 2 11 69
5 4 15 69
3 3 19 69
1 2 10 68
4 2 10 69
1 3 13 70
1 2 18 68
5 2 34 68
3 2 40 68
1 2 39 68
7 2 39 68
3 2 39 68
6 2 38 68
1 3 39 68
2 2 38 68
5 2 38 68
4 3 39 68
2 2 38 68
7 4 43 68
4 3 42 68
3 2 42 68
2 2 45 68
4 2 4 67
1 2 23 68
1 3 42 68
7 2 41 68
3 2 7 67
7 2 9 68
7 3 14 68
3 4 15 68
7 3 29 68
2 5 28 68
4 2 34 68
4 2 9 67
8 2 9 68
5 2 17 69
7 2 12 67
4 3 18 68
2 2 17 68
5 2 27 68
8 2 26 68
6 2 11 67
2 2 21 68
7 2 12 67
5 2 19 68
6 4 13 67
8 2 14 68
1 2 13 68
7 3 17 69
8 2 12 68
6 2 17 69
1 2 16 68
6 2 16 68
2 2 17 67
5 2 20 67
7 4 21 67
6 3 21 67
7 3 22 67
4 2 24 67
1 2 29 67
8 4 32 67
7 2 3 66
5 2 5 67
6 2 8 68
3 3 9 69
4 2 13 68
2 2 6 67
1 2 8 68
5 3 8 68
2 3 8 67
8 2 10 68
8 5 11 67
6 2 18 66
8 3 18 66
7 3 26 66
5 2 27 66
1 6 30 66
6 3 30 66
2 2 29 66
8 2 29 66
3 3 30 66
2 2 36 66
7 3 36 66
7 2 37 66
3 3 37 66
3 3 39 66
7 2 39 66
8 2 47 66
6 2 3 65
6 2 5 66
7 3 5 67
7 2 7 68
2 2 8 69
2 2 12 70
3 2 7 68
3 2 4 67
1 3 5 68
2 2 5 67
2 2 8 67
4 2 4 66
5 2 10 67
5 3 27 66
8 4 28 66
4 6 30 66
6 4 5 65
2 2 10 66
8 2 11 66
4 2 11 66
1 3 13 66
2 2 14 67
6 3 13 67
3 2 25 66
1 2 28 66
5 2 30 66
2 2 30 66
5 2 5 65
1 3 5 66
3 2 5 67
8 2 5 68
4 2 10 66
6 4 20 66
5 2 19 66
3 2 11 65
1 2 14 65
7 3 23 66
6 2 23 66
2 2 22 66
6 2 13 65
7 4 14 65
1 2 16 65
5 2 16 66
3 4 19 65
2 3 19 66
4 2 19 66
8 2 21 65
4 2 21 65
5 3 27 65
2 3 3 64
3 2 18 65
7 2 18 65
6 2 18 66
5 2 18 65
4 2 21 65
7 3 5 64
8 2 8 65
3 2 7 65
1 2 7 66
7 2 8 67
3 2 8 67
8 2 14 65
8 5 16 65
2 2 15 65
2 2 11 64
6 2 11 64
8 2 13 64
1 2 13 65
6 3 14 65
5 2 13 65
3 2 12 64
7 2 12 65
5 5 14 64
4 2 18 64
1 2 18 64
4 2 18 64
8 2 23 64
8 2 24 64
3 2 23 64
5 2 28 64
5 2 35 64
8 3 37 64
5 2 41 64
5 3 2 63
1 2 11 64
2 2 12 65
6 2 4 63
5 2 7 64
1 2 7 64
6 2 10 65
8 2 9 65
4 5 7 64
7 2 6 64
3 2 6 64
8 3 9 64
7 3 14 64
6 2 27 64
8 2 4 63
8 3 5 63
4 3 11 64
7 3 10 64
6 2 10 63
4 2 20 63
6 2 20 64
5 2 19 63
2 4 19 64
7 2 17 63
5 2 18 64
1 2 21 64
3 4 17 63
1 2 19 64
4 2 21 63
7 2 21 63
5 3 21 63
2 2 27 63
7 2 28 63
1 2 29 63
6 2 30 63
4 2 30 63
8 2 32 63
7 3 32 63
4 3 31 63
1 2 2 62
2 2 12 63
3 2 14 64
8 2 13 64
6 2 20 63
3 2 21 63
7 3 3 62
3 2 5 63
5 2 5 64
1 2 5 63
2 2 6 64
7 2 5 64
6 2 4 63
4 2 4 64
3 3 4 65
5 2 7 66
1 2 8 67
7 2 7 66
5 2 9 63
2 2 8 63
6 2 7 63
7 3 15 63
7 2 10 62
8 3 9 62
8 2 17 62
3 4 18 62
4 3 17 62
8 2 24 62
8 4 30 62
7 2 33 62
1 4 37 62
4 3 44 62
8 2 43 62
1 2 52 62
8 2 2 61
8 2 5 62
4 2 8 63
7 2 8 64
4 2 7 64
1 3 2 61
2 2 4 62
7 2 6 63
5 2 7 63
6 2 7 63
3 2 6 63
3 2 4 62
8 2 5 62
1 2 16 62
3 2 16 62
2 3 17 62
2 3 34 62
8 2 33 62
1 2 5 61
6 3 6 62
1 2 8 63
2 2 5 62
5 7 5 62
7 2 6 63
3 2 6 63
1 2 7 63
2 2 6 62
8 3 7 62
7 2 18 62
1 2 21 62
5 2 20 62
2 2 12 61
1 2 21 62
5 5 21 62
8 2 14 61
5 4 15 61
4 2 18 62
1 2 17 62
1 2 14 61
7 2 16 62
3 5 13 61
6 2 16 62
3 2 14 61
2 2 18 61
7 2 25 61
5 2 30 61
6 2 29 61
3 3 38 61
1 2 39 61
4 2 3 60
1 2 14 61
5 2 31 61
2 2 35 61
6 3 18 60
4 3 25 61
1 2 26 61
2 2 25 61
8 2 18 60
5 2 18 61
1 3 17 61
7 4 20 60
3 2 22 61
8 2 21 61
1 2 24 61
1 2 21 60
4 2 21 61
3 3 24 60
5 3 24 60
8 2 24 61
7 2 34 60
4 2 36 60
8 2 40 60
5 2 41 60
6 2 40 60
5 2 46 60
2 2 46 60
2 2 4 59
1 3 4 60
7 3 4 61
1 2 4 62
4 2 5 63
7 2 4 63
6 2 4 62
8 2 8 61
3 2 14 61
6 2 16 61
5 2 18 61
3 6 3 60
6 2 3 61
1 2 4 62
5 3 4 62
5 2 8 62
6 2 12 61
6 2 5 60
5 3 3 59
4 2 11 60
4 2 16 60
2 4 16 60
8 2 20 60
1 2 28 60
4 5 30 60
8 3 30 60
7 3 3 59
8 2 24 60
6 5 24 60
7 2 5 59
4 2 5 60
2 4 21 60
6 7 6 59
5 2 14 60
2 8 5 59
8 4 6 60
1 5 12 60
6 3 11 59
5 2 22 60
2 2 12 59
3 2 15 60
4 2 11 59
8 2 16 60
3 3 19 60
8 2 13 59
6 3 13 59
1 4 20 59
8 2 28 59
7 2 28 59
7 2 30 59
3 2 29 59
1 2 2 58
5 2 5 59
6 3 5 60
7 2 6 61
3 2 6 61
8 2 5 61
1 4 5 60
8 2 7 61
1 2 10 60
5 2 3 59
2 2 4 60
7 2 4 61
4 2 5 60
3 2 7 60
6 3 2 59
4 2 3 60
3 2 3 61
5 2 4 61
8 2 2 60
7 2 2 61
2 2 2 62
4 2 1 62
2 2 1 59
5 2 5 59
3 2 10 59
4 3 12 59
7 3 4 58
3 3 4 59
7 2 7 58
2 2 9 59
7 2 9 59
5 2 7 58
5 2 8 58
8 2 7 58
6 5 11 58
3 4 14 58
2 2 14 58
6 2 15 58
3 2 21 58
6 2 25 58
4 2 26 58
6 3 26 58
3 2 25 58
7 2 26 58
8 3 28 58
6 2 32 58
3 2 32 58
7 2 37 58
7 2 8 57
7 2 13 58
5 5 13 58
2 3 7 57
1 3 20 58
6 2 20 58
7 3 20 58
5 2 29 58
1 3 15 57
1 2 27 58
2 2 31 58
5 2 16 57
2 2 19 58
3 2 22 58
4 2 24 58
5 2 26 58
3 2 18 57
2 2 24 58
5 3 17 57
6 4 21 58
7 2 25 57
8 2 24 57
5 3 25 57
4 4 24 57
2 2 26 58
8 2 24 57
4 2 24 57
3 5 24 58
4 6 24 57
3 4 26 57
8 2 24 57
2 2 24 57
7 3 13 56
8 2 16 57
5 2 21 58
7 2 21 58
8 3 21 58
7 3 19 57
2 3 18 57
8 2 19 58
5 3 19 57
7 3 15 56
2 3 19 56
6 2 23 56
3 2 23 56
5 2 27 56
2 2 26 56
3 2 38 56
2 2 40 56
5 2 39 56
1 7 4 55
6 3 4 56
7 2 10 57
5 2 10 58
5 2 8 56
1 2 9 57
2 2 11 57
7 2 12 58
8 2 12 58
3 2 11 58
6 3 10 57
7 2 27 56
4 2 28 56
8 2 30 56
1 3 33 56
4 7 39 56
6 2 9 55
3 3 10 56
5 2 31 56
2 11 8 55
5 2 9 56
3 2 11 56
8 3 15 56
3 2 17 56
1 2 19 56
2 2 18 56
4 2 17 56
7 6 9 55
5 2 13 56
5 2 15 56
6 2 8 55
2 2 16 56
5 3 8 55
1 2 9 56
1 2 14 56
2 2 23 56
8 2 10 55
7 3 10 56
7 4 13 55
3 2 12 55
1 2 16 55
4 2 22 56
5 2 22 56
2 2 17 55
8 2 19 56
6 3 19 56
8 3 19 56
7 2 19 55
8 2 22 55
3 2 22 55
6 2 22 55
6 2 33 55
3 2 1 54
2 2 1 55
4 2 9 56
2 2 9 57
4 2 5 55
6 2 17 56
1 2 4 55
3 2 8 56
2 2 9 56
5 2 9 56
2 3 11 56
8 2 6 55
4 2 12 56
8 3 12 55
2 2 17 55
7 2 2 54
5 2 1 54
4 2 4 55
2 3 14 55
3 2 13 55
4 2 14 55
4 2 6 54
5 2 5 54
1 5 6 55
4 2 8 56
6 2 8 57
8 2 7 56
7 2 5 55
1 2 9 54
8 2 9 54
5 2 12 54
4 2 12 54
3 3 19 54
1 2 22 54
5 2 22 54
6 3 21 54
8 2 32 54
3 2 34 54
1 2 36 54
1 2 3 53
7 3 3 54
6 6 4 55
3 2 4 55
5 2 7 56
7 4 12 54
4 2 23 54
2 2 26 54
1 3 28 54
5 3 29 54
1 2 33 54
5 2 3 53
2 2 8 54
7 4 13 54
8 2 21 54
2 2 20 54
5 2 22 54
7 2 25 54
1 2 7 53
7 2 9 54
6 5 16 54
5 14 7 53
5 3 12 54
4 2 12 54
8 2 11 54
3 4 12 54
4 4 11 54
4 2 6 53
1 3 9 54
7 2 7 53
6 3 7 53
1 4 11 54
8 2 10 54
5 2 12 53
4 4 17 53
1 6 17 53
6 2 19 53
1 2 24 53
5 2 26 53
2 2 25 53
5 2 24 53
6 2 1 52
4 3 1 53
5 2 18 53
4 2 21 53
1 2 21 53
8 2 3 52
4 5 6 53
4 2 12 53
8 2 6 52
2 3 13 53
8 2 12 53
5 5 9 52
8 2 13 53
1 2 13 53
1 2 9 52
5 3 10 52
7 2 11 53
4 2 11 54
6 2 10 53
2 2 9 53
8 3 10 52
2 2 11 52
4 5 24 52
2 2 24 52
3 3 28 52
4 2 28 52
1 4 28 52
7 2 31 52
5 4 31 52
5 2 32 52
2 5 1 51
1 2 1 52
7 2 2 53
6 2 5 53
2 2 4 53
7 4 3 52
4 2 3 52
3 2 3 52
5 2 2 52
1 2 3 53
4 2 1 52
6 2 11 52
1 3 16 52
3 2 10 51
5 3 10 51
8 2 11 52
4 2 9 51
5 2 11 52
6 2 11 52
8 2 11 52
7 2 10 52
3 2 10 52
2 3 9 51
4 2 9 51
5 2 14 51
4 2 21 51
2 3 24 51
2 2 27 51
8 5 28 51
7 2 31 51
6 2 40 51
4 2 2 50
4 2 10 51
5 2 2 50
2 2 5 51
7 5 6 52
2 2 9 51
3 3 19 51
8 4 34 51
3 2 33 51
8 2 5 50
5 3 12 51
6 2 13 51
6 3 20 51
2 2 30 51
7 4 7 50
5 2 24 51
6 6 8 50
6 2 10 51
3 2 14 51
2 4 14 51
4 2 19 51
3 2 25 51
4 3 26 51
1 2 7 50
4 2 14 51
3 2 10 50
3 2 22 51
7 2 10 50
6 3 12 50
1 2 25 50
2 3 32 50
5 2 32 50
4 2 36 50
3 2 6 49
7 2 7 50
1 3 10 51
5 2 16 51
6 2 9 50
5 3 8 50
4 2 11 51
8 2 13 51
5 3 16 51
6 2 10 50
1 2 8 49
7 3 9 50
4 2 9 51
5 2 11 52
2 2 8 50
3 2 14 50
7 4 16 50
4 2 17 50
3 2 15 49
1 2 18 50
5 2 15 49
4 2 19 49
3 2 19 49
6 2 21 49
6 2 25 49
8 2 25 49
1 2 31 49
4 2 30 49
7 2 33 49
7 2 35 49
5 3 35 49
8 3 34 49
2 2 35 49
3 2 35 49
6 2 37 49
2 3 5 48
3 2 8 49
6 2 8 50
3 2 8 51
1 2 9 52
7 2 9 52
8 2 7 51
1 3 7 52
5 2 10 50
4 2 7 49
2 4 11 50
7 2 7 49
1 2 8 49
8 3 8 50
4 2 8 49
8 2 8 49
8 3 5 48
8 2 17 49
1 2 18 49
2 3 6 48
7 2 10 49
3 2 9 49
4 2 5 48
7 2 13 49
5 2 14 49
5 2 19 49
3 3 10 48
2 4 10 49
6 2 10 50
5 2 10 50
2 3 11 48
3 2 10 48
4 2 11 49
6 2 10 49
1 2 12 48
2 3 27 48
2 2 28 48
2 2 30 48
3 2 31 48
2 2 45 48
3 2 44 48
7 3 45 48
1 2 6 47
4 2 9 48
3 2 12 48
4 2 12 48
7 2 13 48
7 2 24 48
8 2 27 48
7 2 6 47
8 2 8 48
5 2 11 49
7 2 10 49
2 2 7 48
1 2 9 49
5 2 5 47
2 3 8 48
5 2 8 49
7 2 20 48
6 5 6 47
5 3 12 48
3 2 13 48
6 2 14 48
2 3 17 48
4 2 16 48
2 2 19 48
2 2 23 48
5 2 6 47
4 2 6 48
8 2 6 47
5 3 9 48
4 2 8 47
7 2 8 48
1 3 11 48
3 2 7 47
4 3 14 48
8 2 13 48
7 3 7 47
5 2 8 47
6 3 11 48
7 2 16 48
4 2 13 47
3 2 13 47
5 2 18 47
4 2 19 47
7 2 19 47
6 2 21 47
8 2 28 47
6 2 32 47
4 3 2 46
4 2 4 47
3 2 6 48
4 2 5 47
1 2 6 48
2 2 5 48
8 3 16 47
8 2 23 47
1 2 1 46
4 2 28 47
2 3 1 46
6 2 16 47
1 2 16 47
4 2 16 47
3 2 15 47
8 4 4 46
1 2 8 47
4 2 8 47
7 4 10 47
5 3 14 47
6 2 17 47
2 2 16 47
7 2 3 46
8 2 2 46
5 2 2 47
6 2 10 48
6 2 1 47
5 2 3 46
3 2 7 47
2 2 7 48
7 2 7 49
2 2 2 46
8 2 9 46
6 2 17 46
3 2 22 46
5 2 28 46
3 4 29 46
8 2 28 46
6 2 34 46
7 2 4 45
1 2 10 46
3 2 13 46
1 2 32 46
1 3 4 45
8 2 31 46
7 6 30 46
3 2 31 46
1 2 30 46
2 2 5 45
7 2 9 46
5 2 9 47
3 2 6 45
2 2 6 46
7 2 5 46
3 2 5 47
4 2 5 48
8 2 14 45
2 2 24 46
5 2 13 45
2 2 17 46
1 2 16 46
6 2 12 45
3 2 12 46
1 2 11 46
8 2 12 45
3 3 15 45
5 3 16 46
8 2 22 45
4 3 22 45
4 2 35 45
1 2 38 45
7 3 40 45
3 3 39 45
6 3 47 45
7 5 46 45
1 2 12 44
6 2 14 45
4 2 13 45
7 2 13 46
2 2 22 45
3 5 25 45
2 2 14 44
4 2 26 45
3 2 19 44
6 2 21 45
7 2 20 45
5 2 18 44
8 4 27 45
5 4 29 45
7 2 21 44
3 4 23 45
6 2 22 45
5 2 20 44
8 2 20 45
2 3 22 45
1 2 25 45
7 2 24 45
4 2 23 45
1 2 21 44
8 2 29 44
8 2 32 44
3 2 32 44
1 2 31 44
1 2 35 44
3 3 34 44
7 2 45 44
4 2 12 43
7 2 17 44
5 2 21 45
6 2 22 44
3 2 21 44
8 2 20 44
4 3 20 45
2 2 20 44
8 3 25 44
5 2 24 44
6 2 29 44
2 2 28 44
4 2 30 44
5 3 14 43
1 2 14 44
6 3 20 45
8 3 13 44
7 2 17 44
2 5 18 43
6 2 18 44
5 3 18 44
3 3 18 45
1 2 18 45
1 4 20 44
8 3 17 43
3 2 18 44
5 2 17 43
6 2 18 44
5 2 25 43
6 5 30 43
4 2 32 43
6 2 32 43
3 2 36 43
3 3 37 43
6 2 38 43
8 3 37 43
2 3 37 43
2 3 40 43
1 3 1 42
4 3 14 43
6 2 13 43
7 2 12 43
3 2 13 44
7 3 16 45
6 2 15 45
2 2 12 43
3 3 19 43
1 3 3 42
8 2 4 43
3 2 7 44
5 2 11 45
3 2 13 46
1 2 6 44
1 2 9 44
2 2 9 45
2 2 12 46
3 2 3 43
4 2 5 44
5 3 8 45
2 2 4 43
2 2 15 43
8 2 15 43
7 3 15 43
3 3 7 42
5 2 11 43
2 3 11 43
5 2 16 43
4 3 18 43
1 4 9 42
2 2 9 43
3 3 11 43
5 2 8 42
4 2 11 43
8 5 15 43
2 2 7 42
7 2 10 42
5 2 10 43
2 2 12 42
8 3 15 42
1 3 20 42
8 2 22 42
5 4 24 42
6 4 23 42
8 2 23 42
8 3 24 42
7 2 28 42
1 2 28 42
7 2 28 42
4 4 28 42
5 2 28 42
4 2 5 41
4 2 11 42
8 2 11 43
1 5 10 43
6 2 9 43
6 3 7 41
5 3 19 42
1 2 22 42
2 2 14 41
8 2 21 42
8 2 25 41
2 2 24 41
2 2 37 41
3 3 44 41
5 2 46 41
7 3 46 41
8 3 47 41
2 3 47 41
7 2 5 40
6 2 8 41
6 2 12 42
5 2 16 42
4 2 18 42
2 3 17 42
1 2 12 41
2 2 12 42
3 2 14 42
7 3 14 42
4 3 11 41
6 2 13 41
4 2 28 41
1 2 31 41
4 2 36 41
4 2 37 41
5 2 36 41
1 3 8 40
7 2 8 41
5 2 12 42
1 2 10 41
8 2 12 42
6 2 12 42
1 2 11 41
1 2 20 41
5 3 20 41
6 3 13 40
8 2 17 41
3 2 16 41
7 2 16 40
8 4 18 41
7 3 17 40
6 2 20 41
4 2 24 41
6 3 16 40
7 4 22 40
8 3 21 40
5 3 21 41
4 2 20 40
2 3 20 41
3 2 27 40
8 3 34 40
1 7 33 40
8 3 33 40
5 2 35 40
2 2 36 40
5 2 1 39
7 2 2 40
3 4 6 41
8 3 8 42
3 3 8 43
5 3 7 41
1 2 8 41
2 2 8 42
7 2 7 42
1 2 9 40
6 2 12 41
4 2 9 40
6 2 13 41
3 2 13 41
8 2 8 40
7 2 7 40
1 2 11 41
4 2 11 41
8 2 4 39
6 3 6 40
5 2 8 41
4 2 18 40
2 3 3 39
6 2 9 40
4 2 10 40
7 3 3 39
2 3 3 39
8 2 3 40
8 2 7 41
2 2 8 41
3 2 2 40
7 2 4 40
5 2 3 39
1 2 8 39
8 2 15 39
6 3 18 39
3 4 20 39
8 2 25 39
2 3 32 39
8 2 33 39
1 4 40 39
8 2 45 39
6 2 45 39
4 3 46 39
5 2 8 38
3 3 14 39
7 3 16 39
4 5 20 39
5 4 10 38
5 2 18 39
3 4 21 39
5 3 25 39
3 2 31 39
2 2 38 39
7 2 15 38
6 3 15 39
1 2 14 39
5 2 16 39
7 2 21 39
6 2 20 39
4 2 28 39
1 2 19 38
6 3 22 38
3 2 25 38
8 2 26 38
5 3 27 38
4 2 27 38
3 2 27 39
7 2 27 38
1 4 29 38
6 7 34 38
1 2 35 38
2 3 41 38
2 2 5 37
3 2 18 38
4 2 26 39
4 2 17 38
2 2 26 39
7 2 25 39
8 3 18 38
1 3 18 39
4 2 31 38
2 4 31 38
4 2 31 38
8 3 31 38
4 2 5 37
1 3 12 38
6 2 17 39
8 2 17 39
2 2 16 39
3 3 5 37
8 3 13 38
2 2 13 39
3 2 14 39
7 2 13 39
1 3 13 38
5 2 19 38
1 4 21 38
1 2 6 37
8 3 7 38
4 2 8 39
7 3 6 38
4 2 12 39
6 2 8 38
3 2 11 39
7 2 11 39
4 2 11 39
5 2 7 38
3 2 7 38
2 2 8 39
1 2 7 38
4 3 8 37
8 3 9 37
4 2 13 37
8 3 15 37
4 2 21 37
7 2 21 37
6 2 21 37
3 3 29 37
6 2 33 37
3 2 2 36
6 3 2 37
2 2 1 37
7 2 4 38
8 2 4 39
3 2 11 37
1 2 22 37
1 2 26 37
5 2 2 36
2 2 3 37
6 3 3 38
2 4 7 37
7 3 2 36
1 2 1 36
2 2 12 37
5 2 14 37
3 3 24 37
5 2 1 36
5 2 7 37
6 2 20 37
7 2 2 36
7 2 5 37
7 2 3 36
3 2 24 37
2 2 8 36
7 3 12 37
2 2 12 37
4 2 11 37
1 2 11 37
8 2 10 37
7 2 8 36
7 2 14 36
4 2 22 36
6 2 26 36
2 2 25 36
5 2 27 36
8 3 28 36
7 2 31 36
6 2 32 36
1 2 31 36
5 2 33 36
8 2 10 35
6 2 14 36
5 2 15 37
4 2 13 36
7 2 16 37
8 2 15 36
8 3 18 36
1 3 9 35
5 3 10 35
6 3 20 36
2 2 9 35
7 2 10 36
2 2 14 37
1 2 14 37
4 2 10 35
3 2 12 35
2 2 12 36
5 3 12 36
6 2 13 36
3 3 12 35
8 3 16 36
2 2 18 35
8 2 22 35
1 2 25 35
3 2 27 35
8 2 27 35
5 5 30 35
4 2 32 35
6 2 38 35
2 3 39 35
2 2 40 35
4 2 5 34
4 3 18 35
3 4 18 35
2 2 19 36
2 2 20 35
7 3 10 34
5 3 13 35
8 2 12 35
4 2 13 36
6 2 14 34
1 4 14 35
7 2 21 35
1 2 25 35
5 3 25 35
3 2 16 34
4 2 20 35
3 2 25 35
8 3 21 34
5 2 25 34
8 5 25 34
4 3 24 34
6 2 26 35
7 2 24 34
2 2 24 35
7 2 24 35
5 2 24 34
7 3 27 34
7 2 42 34
1 5 51 34
3 2 5 33
6 2 6 34
3 6 6 35
6 2 11 36
6 2 9 35
2 2 14 36
7 2 15 36
6 2 13 35
1 3 15 35
8 2 14 34
2 2 14 35
4 2 13 34
4 2 15 34
8 2 16 34
7 2 40 34
6 2 7 33
1 2 8 34
1 3 13 35
3 2 15 34
2 2 15 34
4 2 16 34
8 2 17 34
5 2 19 34
5 2 25 34
7 2 26 34
2 2 29 34
3 3 10 33
2 2 20 34
8 2 19 34
5 2 10 33
7 5 13 34
6 2 13 35
4 2 11 33
6 2 24 34
1 2 24 33
7 3 26 33
5 3 30 33
8 2 35 33
1 2 50 33
2 2 2 32
6 2 14 33
7 2 15 34
3 3 14 33
2 2 15 34
5 2 16 34
4 4 13 33
1 3 16 34
6 2 15 34
1 2 14 34
3 2 12 33
8 2 17 33
8 3 35 33
3 2 34 33
5 4 16 32
4 2 16 33
7 2 15 33
2 5 15 33
6 2 15 33
1 2 16 33
5 2 20 33
4 3 15 32
7 4 15 33
6 2 23 32
3 2 23 32
8 4 23 33
5 2 24 33
7 2 24 32
1 2 27 32
4 3 27 32
4 2 39 32
1 3 47 32
8 2 46 32
6 2 48 32
7 2 2 31
4 2 2 32
3 2 10 33
5 2 13 34
2 2 13 34
1 2 17 33
1 2 18 33
4 2 17 33
3 2 17 32
2 2 17 32
5 2 34 32
7 2 38 32
1 2 4 31
2 2 18 32
4 3 5 31
3 2 8 32
7 2 9 33
2 2 9 34
7 2 8 34
3 2 21 32
5 2 34 32
6 3 4 31
3 8 19 32
1 3 20 32
4 3 19 32
1 2 18 32
5 2 6 31
6 3 7 32
5 2 7 33
3 2 9 33
3 2 12 33
1 5 7 32
6 3 9 32
7 2 9 33
8 3 9 34
1 3 8 34
4 2 5 31
2 2 8 32
7 2 16 32
3 2 15 32
5 2 5 31
8 3 4 31
1 4 8 31
6 2 13 32
4 2 9 31
6 2 19 31
3 2 21 31
5 3 28 31
4 2 27 31
1 3 26 31
2 2 26 31
3 2 30 31
7 2 6 30
1 3 9 31
2 5 13 32
8 5 15 31
5 2 15 31
3 2 18 31
6 3 11 30
2 4 15 31
4 2 14 31
8 3 14 32
7 2 15 31
1 3 11 30
2 2 11 31
3 2 10 31
5 2 12 32
1 2 11 30
5 2 10 30
4 2 18 30
5 2 17 30
8 2 17 30
1 2 18 30
5 2 17 30
5 4 19 30
7 3 20 30
6 3 20 30
4 2 19 30
2 2 21 30
8 2 21 30
1 2 23 30
3 2 31 30
6 2 30 30
1 3 29 30
2 2 33 30
3 2 33 30
4 2 1 29
2 2 1 30
2 2 3 31
2 2 6 32
7 2 12 32
5 3 2 31
8 2 1 31
3 2 1 31
7 3 3 32
4 3 3 33
8 3 2 31
4 2 1 30
5 2 4 30
6 2 5 30
3 3 7 30
5 3 16 30
3 2 16 30
2 2 16 30
6 2 19 30
1 3 22 30
1 3 3 29
7 2 4 30
2 3 10 30
7 2 10 30
1 2 9 30
4 4 13 30
5 2 3 29
6 3 6 30
4 2 7 30
3 2 6 30
8 2 5 29
7 3 6 29
4 2 14 29
4 2 18 29
4 2 19 29
4 2 26 29
1 2 28 29
7 3 29 29
2 2 29 29
7 2 30 29
1 2 1 28
6 2 1 29
3 2 7 30
2 2 11 30
4 2 2 29
2 2 2 29
5 3 8 30
3 2 14 29
3 2 21 29
4 2 20 29
2 2 25 29
3 2 2 28
2 2 14 29
8 3 22 29
3 8 23 29
1 2 5 28
1 3 20 29
2 5 20 29
4 5 20 29
3 2 21 29
8 2 5 28
7 2 10 29
6 2 15 29
5 2 20 29
3 2 4 28
7 3 4 29
4 2 3 29
3 2 4 30
8 2 6 28
1 2 11 29
5 2 7 28
6 2 9 29
8 2 7 28
5 2 14 28
4 2 20 28
3 4 25 28
6 2 25 28
3 2 25 28
7 2 34 28
4 2 33 28
2 2 32 28
5 2 33 28
1 4 34 28
5 3 37 28
3 2 7 27
8 2 14 28
3 2 14 28
5 2 14 28
6 3 14 28
3 4 32 28
7 4 11 27
4 2 13 28
1 3 25 28
2 7 24 28
7 2 23 28
5 2 16 27
4 2 24 28
6 7 17 27
7 2 25 28
8 2 18 27
1 2 24 27
6 4 26 27
2 2 30 27
6 2 42 27
2 3 41 27
7 2 44 27
7 2 15 26
5 6 17 27
3 2 17 28
8 2 20 28
2 2 17 27
2 2 19 27
6 4 23 27
6 2 27 27
7 6 26 27
4 2 31 27
4 5 33 27
4 2 15 26
5 2 19 27
4 3 20 28
1 2 19 28
3 3 19 27
1 2 15 26
3 2 20 27
2 2 20 27
5 4 20 27
7 3 21 27
3 3 20 27
1 2 22 27
8 2 21 27
8 2 16 26
7 2 16 27
8 2 16 26
7 3 17 27
4 3 19 26
7 2 20 26
8 2 22 26
4 2 23 26
3 2 24 26
8 4 26 26
5 3 25 26
8 2 32 26
3 3 5 25
7 3 7 26
2 2 18 27
3 2 9 26
1 2 11 27
3 2 15 28
2 2 14 27
4 2 12 26
6 2 12 27
7 2 12 27
2 2 20 26
6 2 19 26
5 2 18 26
7 4 18 26
8 2 8 25
2 2 23 26
8 5 13 25
8 3 15 25
6 3 15 26
4 2 17 26
7 5 14 25
8 2 20 26
4 2 13 25
3 2 13 25
6 4 13 26
1 2 14 26
2 2 14 26
7 3 12 25
5 2 11 25
2 2 11 26
3 2 10 26
2 2 12 25
2 3 16 25
2 5 20 25
2 2 31 25
1 2 32 25
3 2 7 24
1 3 10 25
2 2 12 25
7 2 15 25
4 2 14 25
7 2 24 25
6 2 7 24
5 2 15 25
1 2 23 25
1 3 12 24
7 2 25 25
8 2 24 25
4 5 12 24
7 3 13 25
5 2 13 24
6 4 13 25
8 2 12 25
2 3 16 25
3 2 14 24
8 3 15 24
4 2 17 25
3 2 15 24
7 2 17 25
5 4 15 24
3 2 15 24
2 3 25 24
1 2 26 24
4 3 26 24
6 2 29 24
4 2 31 24
3 3 40 24
7 2 42 24
1 2 41 24
4 3 2 23
5 2 5 24
5 2 6 25
3 2 8 25
3 2 11 26
1 2 12 27
8 3 8 25
4 2 11 26
3 3 6 24
4 3 6 24
6 2 8 25
7 2 13 24
8 3 13 24
4 2 16 24
3 4 22 24
6 2 26 24
8 2 2 23
6 2 3 24
1 3 3 24
2 3 3 24
7 2 7 25
1 2 6 25
5 2 2 24
4 2 5 25
2 2 5 26
4 2 5 27
7 2 20 24
8 3 20 24
5 5 7 23
1 3 9 24
8 4 10 24
7 2 9 24
4 3 6 23
5 2 6 24
8 2 8 23
4 3 20 23
2 2 23 23
8 2 23 23
6 2 28 23
3 2 27 23
7 2 29 23
1 3 30 23
8 2 1 22
7 2 4 23
3 3 6 24
8 2 5 24
3 2 4 24
1 2 5 25
5 2 6 24
4 2 5 23
2 3 5 23
1 2 4 23
1 2 7 24
2 3 7 23
8 3 6 23
6 4 4 22
4 2 4 23
5 2 7 24
5 2 5 23
6 4 5 24
2 3 4 24
1 2 4 22
7 2 10 23
3 2 11 23
7 3 4 22
8 2 7 23
8 3 11 22
1 3 17 22
6 3 26 22
6 2 32 22
7 2 31 22
8 3 38 22
4 2 40 22
4 3 43 22
4 2 44 22
2 3 44 22
3 2 46 22
5 2 47 22
4 3 51 22
4 2 2 21
2 2 5 22
4 2 7 23
5 2 8 23
2 3 6 22
8 2 15 22
5 5 15 22
6 2 21 22
3 4 30 22
7 2 30 22
4 2 29 22
7 4 33 22
3 2 3 21
8 2 3 22
3 3 4 23
1 4 28 22
6 2 33 22
4 5 8 21
7 2 10 22
4 3 11 22
2 2 25 22
1 3 26 22
8 2 25 22
7 2 13 21
8 2 13 22
8 2 17 22
5 5 12 21
7 2 15 22
4 2 18 22
6 2 21 22
2 4 12 21
3 2 13 22
1 3 13 22
2 4 14 21
3 2 18 22
8 2 13 21
2 3 19 22
4 2 18 22
3 3 21 21
7 2 21 21
3 2 22 21
3 2 23 21
6 2 25 21
8 2 26 21
3 2 26 21
7 2 25 21
5 2 3 20
6 2 15 21
1 2 20 21
5 3 19 21
8 2 2 20
7 4 3 21
3 2 7 22
7 2 6 22
5 2 6 22
5 2 9 21
1 2 8 21
4 2 13 21
2 2 13 22
4 3 15 21
4 2 2 20
8 2 7 21
3 2 9 21
3 2 15 21
6 2 9 20
3 3 11 21
2 2 11 22
7 2 10 21
1 2 9 21
8 2 8 20
2 2 25 20
1 2 24 20
2 2 25 20
6 3 25 20
5 2 27 20
3 2 28 20
7 2 27 20
4 2 29 20
6 2 31 20
5 2 35 20
1 2 36 20
6 3 1 19
5 2 2 20
6 2 3 21
2 3 5 22
3 2 5 22
4 2 7 23
7 2 5 22
6 2 5 22
8 2 4 22
1 3 6 19
7 2 7 20
8 3 14 20
8 2 16 20
3 2 15 20
7 2 14 20
1 3 20 20
8 2 22 20
8 4 6 19
5 2 18 20
7 2 20 20
3 2 19 20
8 2 13 19
2 2 18 20
8 3 18 20
7 9 12 19
1 2 16 19
6 3 17 19
3 2 17 19
5 2 20 20
8 6 17 19
7 2 18 20
6 2 17 19
3 2 21 19
6 4 22 19
6 3 23 19
2 2 37 19
7 2 38 19
1 2 40 19
2 2 6 18
5 3 11 19
4 2 15 20
3 3 11 19
4 2 12 19
5 2 13 20
1 4 15 20
6 3 12 19
1 2 29 19
8 3 29 19
5 3 29 19
3 2 8 18
7 2 11 19
7 2 17 19
2 2 17 19
7 2 25 19
2 3 10 18
4 3 22 19
8 3 23 19
6 2 24 19
4 3 24 19
3 3 12 18
4 2 22 18
7 2 25 18
8 2 24 18
6 3 25 18
6 8 32 18
4 4 32 18
3 2 41 18
6 2 40 18
3 2 4 17
2 2 7 18
7 2 19 19
4 2 6 18
7 2 12 19
2 2 12 20
8 2 11 20
3 2 10 20
5 2 15 19
4 2 14 19
1 2 14 19
5 5 5 18
6 2 6 19
5 2 6 20
8 3 6 19
4 2 7 20
4 2 12 18
1 3 12 18
6 2 13 19
2 2 12 19
5 2 17 18
8 2 4 17
6 3 4 18
5 3 7 19
3 2 6 18
4 2 5 17
4 3 20 18
1 2 8 17
2 2 7 17
7 3 18 18
3 2 7 17
2 2 11 18
7 2 11 18
2 2 13 17
6 4 13 17
7 2 14 17
1 2 16 17
4 2 15 17
3 2 21 17
4 4 21 17
3 2 32 17
2 2 40 17
2 2 41 17
4 2 4 16
5 2 4 17
5 2 10 18
8 2 9 18
3 2 13 18
2 5 8 17
6 2 8 17
6 2 22 17
6 3 24 17
8 2 34 17
1 2 4 16
2 2 10 17
4 5 22 17
6 2 4 16
1 2 7 17
3 2 11 18
7 2 7 17
5 6 7 18
4 2 7 18
4 3 8 16
8 2 17 17
8 2 10 16
1 2 10 17
7 3 11 17
5 3 10 17
8 3 11 16
2 2 11 16
1 3 14 17
3 2 14 17
7 2 13 17
8 2 11 16
4 2 12 16
4 2 13 17
1 2 14 17
2 3 16 17
1 3 16 16
7 2 15 16
6 3 17 16
6 3 27 16
5 2 27 16
3 3 29 16
8 3 29 16
1 2 28 16
6 2 27 16
1 4 27 16
1 2 30 16
7 4 30 16
5 2 29 16
5 2 3 15
5 2 24 16
8 2 4 15
6 2 10 16
3 2 12 17
7 2 14 16
4 2 13 16
1 2 13 16
7 2 9 15
3 2 9 16
8 2 13 17
6 2 12 17
5 2 10 16
2 3 9 16
3 2 10 17
8 2 17 16
6 2 16 15
4 3 17 15
7 2 21 15
2 2 22 15
5 3 25 15
2 2 27 15
7 2 31 15
8 2 35 15
4 2 36 15
4 2 4 14
2 2 7 15
7 2 9 16
6 2 8 16
8 2 9 17
1 4 11 16
5 2 9 15
2 3 11 16
4 2 9 15
5 2 22 15
4 2 25 15
4 2 30 15
8 8 30 15
3 2 8 14
8 3 12 15
7 4 16 15
3 2 25 15
7 5 9 14
1 2 20 15
1 4 26 15
7 2 26 15
5 2 10 14
4 2 11 15
6 2 11 15
1 2 11 16
1 2 13 15
7 2 15 15
4 3 15 15
5 2 16 15
3 2 17 14
6 2 17 15
1 2 18 14
2 2 23 14
4 3 23 14
2 2 23 14
4 5 26 14
2 3 26 14
6 2 25 14
4 5 29 14
2 2 29 14
7 5 37 14
5 2 1 13
1 2 6 14
4 2 6 15
8 2 7 16
5 3 6 15
2 2 6 15
3 3 6 16
6 2 9 14
2 2 9 14
8 3 20 14
7 2 24 14
4 2 23 14
7 4 2 13
8 2 2 14
8 2 7 14
7 2 9 15
6 2 1 13
6 3 3 14
7 3 3 14
4 2 6 15
3 2 21 14
6 2 21 14
6 2 4 13
1 2 9 14
3 2 10 14
5 2 11 14
5 5 13 14
8 2 4 13
3 2 5 14
2 2 4 14
8 2 8 13
2 2 8 14
1 2 11 14
1 2 7 13
5 2 6 13
8 2 11 14
3 2 6 13
6 2 17 13
7 2 22 13
5 2 22 13
6 2 22 13
8 2 22 13
6 3 24 13
3 2 27 13
5 2 31 13
6 3 10 12
1 2 14 13
3 2 17 13
5 2 17 13
7 5 10 12
1 2 20 13
6 3 10 12
5 2 11 13
2 3 14 13
3 3 22 13
5 2 14 12
6 2 17 13
7 2 17 13
4 3 20 13
5 2 18 12
8 2 32 12
2 2 34 12
6 2 33 12
1 2 40 12
6 2 52 12
2 2 1 11
1 3 3 12
6 2 4 13
7 2 8 14
3 2 2 12
3 2 6 13
2 2 5 13
8 2 7 14
3 2 11 13
4 2 10 13
7 2 1 12
5 2 3 13
8 3 3 14
6 2 5 15
6 2 6 15
5 2 5 15
1 2 6 12
4 2 11 12
8 2 19 12
3 2 18 12
5 2 18 12
3 3 25 12
6 4 34 12
8 2 34 12
4 2 6 11
8 2 13 12
4 2 14 12
3 2 13 12
8 3 9 11
1 4 9 12
2 4 15 12
6 2 19 11
8 2 19 12
2 2 18 12
4 4 18 11
7 3 19 12
4 5 19 11
5 6 20 12
7 2 20 11
1 2 23 12
4 3 23 11
3 3 28 11
7 2 31 11
2 2 35 11
3 3 35 11
7 6 37 11
4 4 3 10
7 2 5 11
2 2 9 12
3 3 17 12
3 2 20 12
1 2 16 11
7 2 16 12
8 2 16 11
3 2 17 12
2 3 16 12
5 2 15 11
4 2 14 11
6 5 22 11
6 7 6 10
4 2 7 11
6 2 7 12
1 3 8 13
8 2 13 12
2 2 12 11
6 2 12 11
8 2 11 11
4 2 11 12
1 2 10 12
1 2 15 11
6 2 16 11
5 2 6 10
1 2 9 10
5 2 9 11
7 2 9 12
2 2 8 10
8 2 10 10
5 2 17 10
3 2 17 10
6 2 17 10
2 2 18 10
8 4 22 10
6 2 25 10
2 4 29 10
7 2 30 10
6 2 32 10
1 5 33 10
3 2 31 10
4 2 31 10
7 2 34 10
1 2 33 10
4 5 2 9
6 3 7 10
5 2 9 11
2 3 9 11
8 2 8 11
3 2 9 11
5 3 7 10
7 2 7 11
1 2 9 10
8 2 21 10
1 2 5 9
8 3 5 10
7 3 15 10
8 3 15 10
8 3 19 10
7 3 7 9
6 3 9 9
1 2 12 10
4 2 11 10
7 2 12 9
1 2 22 10
8 2 22 10
4 5 21 9
3 5 21 9
6 2 25 9
3 3 25 9
4 2 28 9
5 2 33 9
1 3 33 9
7 2 5 8
5 3 8 9
3 2 11 10
6 2 13 10
5 2 12 10
3 2 12 9
5 3 15 10
4 3 14 10
6 2 11 9
2 2 14 9
1 3 14 9
8 2 6 8
7 2 14 9
4 4 14 9
8 2 13 9
4 3 7 8
7 2 9 9
5 2 13 10
2 3 8 9
1 4 11 10
3 2 10 9
5 3 10 10
4 3 9 10
8 2 7 8
1 2 7 9
4 4 10 9
6 2 8 8
8 4 9 9
2 2 9 8
8 2 18 8
3 2 19 8
7 3 23 8
3 3 24 8
2 6 24 8
5 2 23 8
7 2 30 8
6 2 30 8
6 2 38 8
1 2 8 7
3 2 13 8
5 5 17 8
8 2 23 8
5 2 26 8
1 2 31 8
7 5 7 7
2 3 7 8
4 3 33 8
5 10 5 7
7 3 6 8
8 2 24 8
6 2 27 8
1 3 31 8
6 3 6 7
4 2 9 8
4 4 14 8
2 2 18 8
7 5 17 8
2 3 12 7
1 3 15 8
3 2 15 8
2 2 24 8
7 2 18 7
4 2 21 7
1 2 25 7
5 3 25 7
2 2 38 7
8 2 5 6
4 2 5 7
6 2 7 8
5 2 14 8
8 2 18 8
5 2 18 8
7 3 5 7
5 2 6 8
7 2 7 9
2 2 7 9
3 2 6 8
4 3 6 8
6 2 6 9
8 4 6 8
6 2 16 7
2 3 32 7
7 2 5 6
1 2 8 7
6 2 8 7
4 2 7 7
2 2 6 6
5 2 20 7
2 2 23 7
2 2 8 6
7 4 25 7
4 2 21 6
8 3 21 6
6 2 21 6
1 2 22 6
1 3 27 6
3 2 27 6
4 2 29 6
2 2 35 6
7 2 37 6
8 2 39 6
5 2 3 5
3 2 4 6
6 3 4 7
1 5 4 7
2 2 17 7
1 2 16 7
3 2 16 7
8 2 10 6
5 2 11 7
1 2 10 7
4 2 16 7
7 2 9 6
1 2 11 7
6 2 11 6
8 2 29 6
6 2 28 6
4 2 2 5
8 3 3 6
7 2 3 7
8 3 8 8
3 3 3 7
3 2 10 8
3 2 5 6
2 2 5 6
8 2 9 7
5 3 8 7
1 2 9 6
8 2 18 6
1 2 2 5
4 2 3 6
7 3 5 7
4 2 6 8
2 2 5 8
6 2 4 7
1 2 4 6
6 2 1 5
6 2 9 6
2 2 9 6
6 2 12 6
2 3 6 5
4 2 10 6
1 2 9 6
6 4 8 5
3 2 9 5
1 2 14 5
7 3 19 5
2 2 20 5
3 2 24 5
7 5 23 5
1 2 22 5
8 2 22 5
1 3 31 5
2 2 2 4
1 2 7 5
5 2 7 5
2 2 10 5
8 2 10 5
4 2 13 5
4 2 17 5
6 2 17 5
8 4 26 5
4 3 31 5
3 2 32 5
4 3 32 5
2 2 3 4
5 3 9 5
3 2 8 5
3 3 4 4
4 2 6 5
1 2 6 6
8 2 8 6
4 2 11 5
5 2 15 5
7 2 14 5
2 2 11 4
6 2 13 5
6 2 15 5
4 2 14 5
3 2 13 5
7 4 16 5
7 3 11 4
1 2 10 4
8 3 11 5
5 2 10 5
1 3 12 4
1 3 15 4
6 2 15 4
3 4 14 4
8 2 14 4
3 3 15 4
6 3 19 4
5 2 21 4
1 3 21 4
6 3 21 4
3 3 20 4
7 2 20 4
6 2 25 4
3 3 11 3
4 3 14 4
2 2 14 4
7 2 25 4
6 2 10 3
8 2 14 3
5 2 23 4
8 2 26 4
8 6 15 3
6 2 21 4
7 2 20 4
4 2 23 4
4 2 16 3
4 2 17 4
6 2 17 4
5 5 16 4
2 5 16 3
6 2 15 3
7 2 15 4
1 2 17 4
5 4 15 3
6 2 35 3
6 2 36 3
1 2 39 3
6 2 38 3
6 3 41 3
5 2 42 3
7 2 3 2
1 3 33 3
3 2 32 3
6 2 37 3
1 2 5 2
7 3 10 3
3 2 14 4
4 2 14 4
5 3 10 3
2 2 11 4
8 2 10 4
6 2 9 4
8 2 9 5
5 2 5 2
6 2 14 3
8 3 15 3
2 4 5 2
1 4 17 3
8 3 18 3
6 3 7 2
4 4 10 3
7 3 20 3
2 2 8 2
6 2 20 3
2 2 19 3
5 2 19 3
7 2 8 2
4 3 8 3
8 2 8 2
3 2 8 3
3 2 9 3
2 2 11 3
5 2 10 3
3 2 10 3
1 2 15 3
8 2 15 3
8 2 9 2
5 2 14 3
4 2 8 2
4 3 12 3
6 2 13 2
1 2 12 2
3 2 17 2
4 2 18 2
4 3 19 2
1 3 28 2
6 2 4 1
7 3 18 2
2 2 17 2
5 2 18 2
2 2 7 1
3 3 11 2
8 2 17 2
7 2 9 1
5 2 9 2
8 2 10 2
1 2 10 2
2 2 10 3
6 3 10 3
7 2 9 3
7 2 14 2
2 2 8 1
2 2 9 1
1 3 10 2
3 3 10 2
5 3 11 1
8 2 14 1
4 3 15 1
2 2 24 1
1 2 27 1
5 2 28 1
8 2 30 1
4 2 39 1
