24962
2484
5 5 100 15
5 6 100 40
4 6 100 76
2 5 99 12
5 5 99 9
1 6 98 54
2 7 97 65
3 6 95 35
3 7 93 81
2 5 92 87
1 9 91 5
4 5 91 6
5 6 91 42
3 5 91 60
1 5 90 34
1 6 90 41
3 5 90 67
6 5 89 7
5 12 89 22
3 5 97 22
3 12 88 9
3 5 90 10
1 7 88 26
5 5 97 27
6 5 88 67
1 10 87 12
4 6 87 80
5 5 93 79
5 7 87 99
4 5 92 95
6 5 86 34
2 5 86 35
2 5 86 46
5 6 85 22
6 6 86 24
3 6 83 32
2 5 80 34
3 5 88 37
5 5 87 35
6 5 80 41
2 5 80 53
5 7 96 51
3 5 80 60
3 6 79 11
1 5 86 11
1 5 79 72
4 8 78 10
1 7 77 48
6 5 94 44
6 5 84 47
4 5 75 6
5 5 85 7
5 6 75 5
4 5 74 92
1 6 73 7
2 12 73 87
6 7 72 15
5 5 84 15
4 5 72 29
5 5 94 30
1 5 78 30
5 5 85 30
2 6 71 4
5 5 71 10
4 7 71 55
6 5 82 53
4 5 71 98
3 7 70 2
3 5 70 96
2 6 81 92
3 7 89 91
1 5 91 92
3 5 68 64
2 6 76 64
3 5 68 79
6 7 79 81
6 5 95 83
3 6 92 76
5 5 85 79
5 6 69 81
2 6 75 80
3 5 73 81
4 8 73 82
3 5 81 80
6 5 67 77
1 5 70 77
6 6 80 77
1 5 92 74
1 9 67 95
1 5 83 99
4 5 67 97
6 5 79 98
6 6 65 46
5 5 65 60
5 5 82 59
4 5 65 95
4 6 87 92
1 5 80 92
5 5 72 94
5 9 64 3
4 5 92 3
6 8 64 28
1 5 90 27
3 5 83 27
2 6 79 26
6 5 83 28
3 6 84 33
1 5 84 32
5 5 79 27
4 5 80 26
1 7 80 29
4 5 82 30
3 5 73 32
5 6 82 29
5 7 71 30
6 5 64 52
3 8 64 78
2 6 63 81
1 5 61 37
1 5 86 36
3 5 60 51
2 6 60 52
6 5 60 78
1 10 59 1
6 5 59 6
5 6 58 64
4 6 89 65
5 5 75 65
5 5 65 66
2 5 58 86
2 6 56 9
2 5 74 9
6 5 67 11
1 5 56 71
5 5 90 71
6 6 64 68
2 5 64 67
4 6 56 86
3 5 55 44
4 5 79 42
5 5 55 85
6 6 54 32
6 5 71 33
6 7 54 48
1 6 54 76
3 5 78 76
5 5 54 79
4 5 63 77
4 5 61 78
1 6 76 77
5 5 74 77
2 6 70 74
1 9 53 29
6 5 78 27
3 7 78 26
2 8 77 28
2 5 65 29
2 5 53 71
6 5 85 70
2 5 85 70
3 5 79 71
4 5 70 73
3 5 70 73
4 6 65 71
6 7 69 73
6 5 82 71
3 5 79 73
6 5 53 75
3 5 53 74
4 5 52 13
3 5 52 29
3 5 63 29
1 5 52 33
1 6 79 34
1 5 67 35
4 5 78 34
4 6 69 37
3 7 52 71
2 5 51 34
3 5 64 33
3 5 48 24
6 7 77 26
4 5 81 23
2 8 85 22
6 5 84 20
1 7 59 25
5 5 60 28
6 5 60 29
3 6 58 26
5 8 57 23
1 5 65 24
1 5 72 23
5 8 71 23
5 6 60 26
4 7 57 24
1 5 58 24
5 7 48 51
4 5 48 52
4 5 72 51
5 7 70 51
6 5 76 54
1 5 48 57
6 7 88 59
2 5 87 58
6 6 47 62
5 5 88 63
4 6 55 61
5 5 46 28
1 5 59 25
4 5 48 27
5 6 50 29
2 5 69 33
2 5 49 28
2 6 46 66
1 6 45 27
5 6 46 25
6 6 47 26
6 5 59 25
2 6 45 58
5 5 45 97
2 6 75 98
6 5 75 95
5 9 68 99
6 5 44 12
3 5 42 17
6 7 64 15
5 5 62 15
4 6 71 15
2 5 60 15
4 5 83 19
6 6 69 17
4 7 43 18
2 5 48 17
1 5 79 20
4 5 57 17
6 5 71 15
2 5 68 15
1 5 42 59
1 7 42 76
6 5 43 77
1 7 42 97
4 5 55 95
2 7 60 95
3 5 73 97
1 5 57 97
3 5 56 95
3 6 40 71
3 5 41 67
3 5 39 29
1 6 45 29
4 5 38 4
6 6 59 3
2 5 78 6
6 5 81 9
5 19 38 40
5 6 74 39
2 5 68 37
3 6 62 40
6 7 36 7
3 5 76 4
1 6 70 5
4 5 35 37
2 6 66 39
5 5 72 45
3 6 72 43
4 6 70 43
6 5 65 42
5 5 34 71
4 5 52 71
6 5 50 71
5 5 47 71
5 6 69 71
5 5 43 72
6 12 34 73
3 5 36 76
1 5 33 43
2 6 61 44
3 7 33 65
2 6 30 63
1 6 84 65
4 5 30 63
1 5 54 62
3 6 30 93
4 5 29 48
4 5 64 48
4 5 39 47
2 5 44 47
2 5 72 46
4 9 46 49
1 5 70 45
4 5 28 96
2 6 66 97
5 5 59 97
1 6 67 95
5 5 45 96
2 5 35 97
5 5 55 100
3 5 36 97
4 6 52 97
6 8 33 94
5 5 27 90
1 6 27 98
5 9 25 21
6 5 84 22
2 5 64 23
5 5 50 23
6 7 28 21
3 5 25 96
6 5 51 94
4 5 36 97
4 7 23 41
3 5 22 23
6 5 37 21
1 5 26 23
6 5 58 22
6 6 27 22
6 7 21 60
2 6 58 60
1 5 68 59
1 5 62 59
4 5 72 58
5 5 72 57
4 6 47 58
4 5 20 46
2 5 75 45
6 7 58 49
1 5 55 44
6 6 26 46
2 7 44 43
2 6 50 49
5 7 22 47
5 6 47 47
5 5 27 48
6 6 18 83
1 5 80 85
5 5 21 85
4 5 90 88
1 5 31 87
3 5 76 85
6 5 29 84
4 5 78 88
1 5 67 82
4 5 17 51
3 5 74 51
1 6 66 52
4 6 62 51
3 5 16 12
3 5 65 12
3 5 32 13
1 5 48 12
5 5 35 14
1 5 31 13
4 5 56 12
3 5 73 10
5 5 37 14
2 6 30 12
1 6 52 8
3 5 68 7
1 5 23 11
5 5 26 11
6 5 46 8
4 5 62 13
4 5 65 13
6 5 64 13
2 7 31 10
4 6 41 11
2 5 22 10
2 5 55 7
5 5 31 10
4 5 64 8
4 5 70 7
4 6 21 8
2 5 35 7
2 5 16 22
4 5 21 23
4 6 16 31
3 7 42 28
5 5 74 35
4 5 33 30
6 5 16 79
4 5 63 75
4 5 66 75
3 5 69 73
5 5 60 77
2 5 44 80
6 5 55 80
2 5 69 80
6 5 67 81
1 5 80 83
3 5 55 81
2 5 64 82
1 5 16 76
2 6 58 80
4 6 16 81
3 6 15 40
3 5 79 39
6 5 78 37
2 5 15 39
2 5 73 37
5 7 54 39
4 7 57 39
1 6 59 38
5 9 15 64
1 7 14 28
1 5 17 33
6 5 14 71
4 5 33 70
5 5 25 72
2 5 45 72
2 5 13 28
6 6 13 27
3 6 13 30
3 5 26 31
6 6 64 33
5 5 63 35
4 6 12 28
3 6 12 87
1 5 50 87
5 6 43 86
3 5 74 89
1 5 73 87
5 5 49 84
1 5 70 88
3 6 75 93
3 5 44 88
3 5 11 53
2 7 69 53
4 5 68 51
6 5 67 51
4 8 33 54
2 6 30 54
1 5 37 54
5 6 34 52
6 5 60 55
3 5 29 51
1 5 20 52
6 5 11 57
2 7 11 75
4 6 10 72
4 7 9 46
6 5 15 45
4 6 53 44
6 7 48 47
4 5 49 49
3 7 48 48
1 5 47 43
2 6 68 43
3 5 24 44
1 5 10 45
3 5 46 45
1 6 23 45
6 5 31 45
1 5 52 43
2 5 18 44
6 6 8 38
5 5 66 37
1 8 9 37
1 6 44 40
2 6 62 38
5 6 57 38
2 5 43 38
5 5 10 35
5 5 21 32
4 5 22 35
4 5 49 38
1 5 56 37
1 5 30 36
1 5 8 41
5 5 44 40
1 5 14 42
2 9 8 52
6 5 8 93
2 5 52 92
3 5 80 89
5 5 83 91
2 5 72 92
1 6 68 92
6 6 75 91
4 5 68 91
3 5 65 91
5 5 51 90
6 6 63 92
4 7 61 89
5 5 69 88
1 5 9 93
1 6 54 91
5 5 44 94
1 7 21 92
3 5 57 93
5 5 49 92
5 5 10 95
2 7 40 94
1 6 25 96
2 5 41 95
6 5 41 96
1 5 24 92
5 5 54 89
3 5 49 88
6 5 58 86
4 5 40 94
1 5 40 93
3 6 41 93
3 5 8 92
5 5 38 93
3 5 7 4
2 6 52 2
4 7 52 5
1 5 35 2
3 6 45 1
4 5 23 5
3 5 46 5
5 5 63 7
2 6 7 43
3 5 25 45
4 8 7 53
5 5 6 3
5 6 32 2
4 5 50 1
6 6 39 2
6 6 32 2
1 6 51 1
4 5 53 2
4 5 72 1
5 5 27 4
4 6 31 2
5 5 38 2
6 6 69 2
6 5 44 2
3 5 27 2
1 5 17 3
1 5 27 3
1 5 55 4
5 5 6 17
1 5 76 17
6 5 48 18
2 5 78 18
6 6 77 19
1 5 58 17
1 5 66 18
1 5 46 18
3 7 61 19
5 5 58 18
3 6 57 16
2 6 32 17
1 6 25 19
3 7 54 18
4 5 53 18
4 5 58 18
1 5 6 61
3 5 60 57
3 6 6 97
6 5 22 97
4 5 20 97
1 8 6 96
3 5 35 96
6 5 28 98
3 5 18 96
3 5 26 97
5 6 34 98
6 6 5 3
3 5 23 3
3 5 21 5
5 5 56 9
6 5 15 4
4 5 45 3
6 8 5 58
3 6 51 55
5 5 12 55
4 5 4 44
5 5 49 43
5 5 61 41
5 6 42 44
1 6 50 42
6 5 8 42
4 5 49 46
3 5 50 41
2 5 4 76
6 5 39 74
5 5 41 73
3 9 9 77
3 5 47 73
2 5 30 77
3 5 19 71
1 5 42 70
5 5 2 1
2 4 83 68
1 4 80 67
4 4 78 65
2 4 73 66
2 4 72 33
1 4 72 85
4 4 70 90
6 4 71 88
2 4 71 87
3 4 69 88
2 4 67 68
4 4 82 67
3 4 82 69
5 5 80 69
1 4 67 82
5 4 69 82
3 4 66 83
6 4 69 83
6 4 65 67
3 4 62 79
1 4 62 79
1 4 61 17
2 4 57 8
2 4 56 1
1 4 56 15
5 4 56 82
2 5 67 84
4 6 67 84
4 5 56 83
5 4 55 60
3 4 76 62
6 4 65 59
2 5 65 60
1 4 54 68
5 4 64 68
6 5 65 66
3 4 63 67
5 4 56 68
1 4 63 68
5 4 54 87
3 4 54 88
6 4 53 66
5 4 53 82
6 4 52 83
1 6 56 83
5 6 61 83
6 4 65 85
4 4 64 87
5 4 52 91
2 4 54 94
2 4 51 67
3 4 51 93
6 4 50 8
1 8 50 7
4 4 60 10
2 4 50 42
5 4 50 45
5 4 52 47
1 4 50 76
3 5 55 78
4 4 63 79
4 4 50 80
6 4 55 81
2 5 54 82
4 4 55 82
5 4 55 85
6 4 49 20
3 4 50 21
5 4 49 64
3 4 62 61
3 4 54 62
6 5 60 65
6 4 48 12
4 4 48 11
6 4 57 9
4 4 48 33
6 4 67 31
6 4 48 40
6 4 48 52
3 4 48 69
6 4 46 46
6 4 45 5
1 4 45 80
1 4 52 79
4 4 44 47
1 4 45 45
1 4 43 86
6 5 44 86
3 4 50 83
4 4 50 85
6 4 41 61
1 5 43 60
3 5 42 60
2 6 46 60
1 4 63 63
3 4 52 58
1 4 50 61
4 4 49 59
3 4 60 57
6 4 76 55
5 4 49 57
6 5 62 56
4 5 57 59
1 5 57 59
5 4 76 55
2 4 73 55
5 4 59 58
6 4 46 60
6 4 41 87
3 4 41 92
5 4 46 93
4 4 40 21
2 4 45 21
3 5 46 24
4 4 54 22
2 5 55 23
3 4 53 23
1 4 45 22
5 5 53 20
4 5 43 22
5 4 49 20
4 5 50 21
3 4 49 22
3 4 48 20
4 4 39 39
5 4 59 38
3 4 39 52
4 4 54 53
1 4 41 54
2 4 39 88
2 4 42 86
4 4 39 86
5 5 40 86
6 5 40 87
2 4 51 85
5 4 50 87
1 5 49 86
4 4 37 68
5 5 42 69
5 4 64 66
3 4 49 68
6 4 50 67
1 4 36 69
2 5 38 69
6 6 36 71
4 4 38 68
2 4 45 65
3 4 55 67
6 4 46 65
2 5 47 64
5 5 62 62
4 5 47 65
6 4 59 64
3 4 59 65
6 4 59 65
5 4 39 68
4 4 48 67
1 4 38 70
3 5 37 68
4 6 36 69
2 6 43 68
2 5 34 69
4 4 40 64
3 4 40 66
2 5 45 67
4 5 45 70
1 4 40 67
2 4 36 82
2 4 41 82
3 4 52 81
6 4 36 83
4 4 44 84
6 4 43 81
2 4 38 85
1 7 37 83
6 4 35 56
5 4 53 58
3 4 35 75
2 4 49 73
3 5 60 75
3 4 49 76
2 4 57 74
5 4 49 76
1 4 33 28
3 4 37 26
3 4 33 73
4 4 32 83
3 6 42 81
6 4 31 28
3 5 32 27
2 6 33 26
2 5 37 23
1 4 36 25
5 4 33 27
3 4 36 24
4 4 31 61
1 5 30 61
4 4 29 76
5 4 28 64
2 6 32 63
1 4 30 64
6 4 59 63
3 4 38 62
6 4 30 66
6 4 36 67
1 4 28 91
6 4 51 88
1 4 35 90
4 4 37 92
5 4 48 94
6 4 26 59
4 5 32 61
5 4 31 65
1 5 51 65
4 6 42 61
5 4 43 64
1 4 41 60
4 4 39 61
2 4 28 62
3 4 26 70
5 4 29 70
5 4 45 70
4 4 26 86
3 5 27 85
4 4 38 88
1 4 47 89
3 4 25 61
3 4 35 60
1 4 30 65
1 4 25 62
6 5 24 61
2 8 24 63
4 6 26 64
1 4 36 60
5 4 29 60
3 4 35 63
6 6 35 63
2 4 29 62
2 4 24 21
5 5 23 23
2 5 40 20
5 4 39 19
3 4 57 18
6 4 33 21
4 4 24 45
1 4 24 52
3 4 24 64
6 5 24 64
3 4 30 66
2 4 24 91
5 4 32 93
6 4 23 42
1 4 23 48
6 4 23 51
5 4 23 62
5 4 22 29
3 4 61 34
4 4 61 34
1 4 33 27
5 4 22 45
5 4 34 44
3 5 38 41
1 4 23 44
2 4 22 70
2 4 22 75
1 4 41 79
5 4 49 79
6 5 49 79
6 4 45 78
3 4 34 77
5 4 21 12
6 5 21 12
3 5 20 11
5 4 47 11
3 4 45 15
2 4 21 33
3 4 21 46
2 5 20 43
2 5 32 43
3 4 44 38
6 4 39 46
1 4 31 47
3 4 20 33
3 4 20 84
2 5 18 83
5 4 36 80
1 4 42 80
4 4 48 80
6 4 50 78
2 4 46 80
3 5 45 78
1 7 44 76
5 4 40 82
5 4 28 82
2 4 36 83
3 4 27 82
3 4 18 40
4 5 19 43
6 4 34 41
2 4 44 39
5 4 44 38
2 4 47 37
2 4 56 36
4 4 27 42
3 5 28 42
1 4 26 40
1 5 31 38
1 4 19 39
2 5 17 40
3 4 24 37
6 4 17 44
6 4 18 43
4 4 19 45
3 6 18 44
3 5 27 41
2 5 27 44
1 4 30 45
6 4 27 43
1 4 17 47
6 4 17 97
6 4 31 96
2 4 42 92
1 4 29 96
6 4 16 55
6 6 41 56
2 4 39 52
5 4 46 54
3 4 47 55
2 4 58 57
1 4 46 53
2 4 46 55
3 5 45 52
5 6 46 54
5 4 54 55
4 4 43 55
2 4 52 59
1 4 46 56
4 4 16 73
2 4 16 99
4 4 32 99
1 4 15 35
6 4 45 32
6 4 21 32
6 4 50 35
3 4 41 31
3 4 50 31
5 4 50 32
3 4 19 36
5 4 16 33
6 4 44 31
4 4 18 32
4 4 15 35
6 5 51 32
6 5 14 38
5 5 14 36
4 4 26 34
2 4 44 34
2 4 21 38
1 5 32 37
3 4 37 36
5 4 31 36
6 4 17 37
6 4 35 39
6 4 22 38
2 4 27 38
5 4 15 79
1 4 15 97
4 4 30 95
6 4 14 42
3 4 13 66
4 4 11 25
6 4 37 21
1 4 11 33
3 6 9 31
6 6 10 30
4 6 9 34
2 6 8 31
5 6 8 32
5 4 12 29
1 5 12 30
2 4 11 30
2 4 19 29
5 4 30 30
5 4 28 31
4 4 28 29
1 4 41 32
4 4 40 33
5 4 28 28
4 4 27 27
3 4 31 25
1 4 45 24
2 6 44 24
2 4 26 29
5 4 11 70
6 4 11 85
6 4 10 37
1 4 39 39
4 4 23 38
3 4 36 40
4 4 33 43
5 4 23 40
3 5 31 40
2 4 36 41
4 4 11 39
2 4 10 53
1 5 43 51
5 4 19 53
1 4 9 29
1 4 11 27
4 4 35 24
5 5 42 25
5 4 35 24
3 4 40 25
1 4 8 19
5 6 28 20
1 4 50 16
3 4 41 15
2 4 65 15
3 4 56 14
1 4 56 14
3 4 25 19
3 5 36 20
1 4 46 20
6 4 46 20
4 4 38 19
5 4 48 15
4 4 49 15
6 4 25 17
2 4 46 18
6 4 35 18
3 5 43 18
1 4 8 25
4 5 38 24
1 4 37 22
6 5 37 24
2 6 35 24
6 4 8 70
2 6 34 71
6 6 35 71
3 4 11 70
6 4 18 71
4 4 17 72
5 4 11 67
3 4 7 17
4 5 6 17
4 6 16 18
3 4 26 14
1 4 26 16
5 5 33 17
2 5 34 17
3 4 16 16
6 4 44 15
2 5 43 13
5 6 41 13
6 4 51 14
1 4 41 12
3 4 43 12
6 4 19 15
3 4 7 21
1 4 32 20
2 4 33 20
4 4 31 21
3 4 20 20
2 4 18 21
2 4 7 29
3 7 7 29
4 6 6 31
6 6 8 31
6 4 15 28
3 4 17 31
6 4 14 31
3 4 7 46
5 4 7 67
2 5 11 66
3 5 28 68
5 5 11 64
1 5 9 71
6 7 10 72
1 4 44 72
6 4 33 68
4 4 28 66
5 4 24 65
2 4 12 65
4 4 34 65
1 4 10 67
4 5 11 66
6 4 10 65
4 4 27 64
3 4 19 64
6 4 12 64
2 4 6 17
2 4 24 13
3 5 24 15
2 4 39 11
4 4 24 14
4 4 23 16
5 5 23 16
6 5 30 15
5 4 36 13
3 4 29 15
3 4 12 14
5 5 20 13
4 5 19 11
2 4 16 14
1 4 12 13
4 4 14 12
1 5 20 14
2 4 17 11
6 4 42 11
4 4 49 7
3 4 49 7
5 4 6 28
3 4 20 27
2 4 22 25
2 4 10 29
4 4 6 38
4 4 8 37
4 4 19 36
4 4 30 39
4 4 30 36
5 4 38 34
6 4 18 38
4 4 33 40
2 4 11 37
1 5 10 37
6 4 27 40
2 4 25 36
1 4 26 36
6 4 27 36
6 4 6 56
4 5 52 55
2 4 13 57
1 4 39 54
5 4 36 53
6 4 17 55
3 4 12 57
3 6 34 56
6 4 23 55
1 4 10 57
4 5 11 56
4 6 11 58
3 6 12 60
2 5 17 58
4 4 34 57
1 4 34 56
3 4 41 55
1 4 24 55
4 4 14 59
3 4 11 56
3 5 24 54
6 4 10 59
5 4 9 59
1 4 7 55
5 5 25 55
3 5 5 55
3 4 30 54
6 4 8 54
6 5 22 54
6 4 25 58
4 4 6 79
3 6 41 80
1 4 41 79
6 4 4 97
4 4 4 96
5 4 28 94
6 4 40 93
1 6 40 93
4 4 32 92
1 4 30 92
6 4 3 34
6 6 19 34
3 6 4 33
4 5 12 31
5 4 21 33
6 4 21 34
2 4 33 34
4 4 3 34
1 4 2 3
3 4 43 1
4 4 2 9
2 5 11 6
2 4 47 5
6 4 23 6
3 5 22 5
4 4 26 6
3 4 2 37
3 4 24 34
3 4 2 92
6 5 9 97
3 5 22 90
1 4 37 90
6 4 24 88
3 4 41 88
5 4 40 89
4 4 33 90
6 4 35 86
5 4 32 88
1 4 37 90
6 4 37 90
2 4 17 95
2 4 31 93
3 4 25 94
5 4 11 95
1 5 22 93
4 5 10 97
4 4 24 90
4 4 16 94
6 5 22 93
1 4 5 90
1 4 42 89
4 4 44 89
5 5 43 88
2 4 1 24
6 5 20 26
5 3 67 49
5 3 66 100
3 3 65 49
2 3 55 51
5 3 51 1
1 3 51 9
6 3 58 8
4 3 56 8
3 3 55 9
2 3 50 8
3 3 51 8
4 3 47 49
2 4 46 49
5 3 47 74
3 3 46 1
3 3 46 9
6 3 46 9
1 4 47 10
2 3 45 10
5 3 45 48
2 3 41 3
4 3 41 76
5 4 41 77
6 3 47 74
2 3 43 75
6 3 40 52
2 3 40 73
1 3 40 73
4 3 42 73
6 4 41 73
4 3 40 80
6 3 37 86
3 4 36 86
5 4 33 86
1 4 33 84
2 3 36 53
6 3 35 57
2 3 35 80
2 4 39 79
3 3 35 98
2 3 38 99
5 3 35 99
2 3 50 99
3 3 34 47
4 3 34 98
4 3 48 99
3 3 33 4
1 3 33 53
4 5 32 52
1 3 33 72
5 4 34 72
6 3 33 81
3 3 32 70
4 3 35 72
5 3 39 74
1 3 32 98
3 4 34 99
4 4 33 98
6 4 31 98
6 3 31 12
2 3 33 13
2 3 31 13
5 3 30 10
4 4 43 9
5 3 44 10
1 3 30 51
5 3 30 73
6 3 33 72
4 3 38 74
1 3 29 18
1 3 29 21
6 3 31 19
3 3 31 19
5 3 29 55
4 3 32 53
3 3 32 54
5 3 29 80
3 3 28 6
2 3 37 7
3 3 39 7
2 3 35 8
5 3 34 8
3 3 34 7
5 5 35 5
3 4 36 5
3 3 31 6
5 3 38 8
4 3 37 8
1 3 37 8
2 3 30 5
4 3 28 14
2 3 28 16
3 3 28 39
6 3 28 62
4 3 28 67
1 5 27 65
5 4 26 67
6 4 26 68
1 3 28 74
1 3 30 73
2 4 30 75
4 3 28 74
6 3 31 74
1 3 31 76
6 3 29 73
1 3 27 1
6 3 39 1
3 3 27 15
5 4 29 13
1 3 29 14
5 3 27 16
6 3 27 16
4 4 27 18
2 3 27 22
1 3 27 40
5 3 27 52
3 3 30 51
6 4 30 51
3 3 27 73
5 5 27 73
3 3 27 99
5 3 27 100
2 3 27 100
6 3 26 25
4 3 26 52
1 3 26 63
3 3 26 93
2 3 25 1
1 3 25 3
1 3 25 20
1 3 32 20
4 3 25 59
5 4 25 56
2 3 25 59
5 3 30 58
5 3 25 66
2 3 25 77
4 3 34 77
6 3 28 78
1 4 27 77
5 3 31 79
2 3 24 21
3 3 25 21
4 3 25 20
5 4 26 22
4 3 24 24
6 3 24 53
3 7 25 54
2 3 25 55
5 3 24 59
4 3 24 81
3 5 29 82
4 4 28 82
1 3 24 87
2 3 40 87
4 3 41 88
3 3 43 89
6 3 43 90
2 3 41 90
3 5 40 87
4 3 36 87
2 3 36 89
5 3 40 90
1 3 39 90
2 4 39 90
6 3 25 86
6 3 28 87
3 3 38 89
4 3 37 89
6 3 35 88
1 3 35 87
3 3 24 91
1 3 36 89
5 3 23 36
4 3 23 39
1 3 23 56
6 3 25 57
1 3 23 68
6 3 23 98
4 3 22 5
4 4 30 4
5 3 31 5
1 5 32 6
6 6 30 5
1 3 26 7
5 3 25 6
6 3 25 7
3 3 25 7
4 3 26 9
3 4 26 9
1 5 27 9
6 3 29 12
3 4 28 12
6 3 25 7
2 3 25 9
3 3 22 38
1 3 22 44
4 3 22 55
3 3 22 60
4 3 22 61
3 3 23 58
4 3 22 68
4 3 22 94
5 3 21 38
5 4 22 38
2 3 22 40
2 3 26 40
6 3 25 40
4 4 25 42
2 3 24 42
4 3 20 14
4 3 26 14
5 3 27 14
2 3 26 15
1 3 24 14
2 3 20 60
5 5 20 59
1 3 20 87
6 4 19 88
5 4 17 88
4 3 32 91
6 3 29 89
4 3 27 89
2 3 26 89
1 3 28 91
3 3 28 89
2 3 28 90
4 3 28 92
5 3 23 87
5 3 27 86
2 3 29 87
5 3 19 4
1 3 19 5
1 3 19 27
2 5 18 26
6 3 19 61
2 3 20 59
2 3 19 87
3 3 24 86
4 6 24 86
2 4 25 85
1 3 27 82
6 3 29 81
5 3 28 81
3 4 27 81
4 3 19 91
5 3 17 10
6 6 17 9
5 3 20 11
4 3 17 36
4 3 22 35
4 3 17 60
1 4 17 60
3 3 17 92
2 3 18 92
2 3 16 3
6 5 17 1
5 4 28 2
3 4 20 3
2 3 26 2
6 4 26 3
5 3 23 1
2 3 18 4
1 3 16 32
3 3 29 31
3 3 21 34
1 5 21 36
2 4 21 35
6 4 21 32
6 3 16 59
3 3 25 59
5 3 16 58
4 3 19 58
1 3 20 59
3 3 16 57
6 3 16 91
2 5 16 90
6 4 21 90
5 3 17 92
6 5 16 92
4 3 15 4
4 3 15 23
2 3 21 21
2 3 24 20
2 3 32 19
5 3 24 20
2 3 15 25
5 4 29 25
6 3 28 26
1 3 26 24
4 3 19 25
5 3 20 22
1 3 20 23
6 4 19 22
4 5 20 22
6 3 22 21
4 3 15 25
1 5 14 25
5 3 16 25
6 3 15 53
1 3 17 53
1 3 24 52
3 3 19 54
4 3 21 54
5 3 20 53
2 3 20 55
2 3 15 80
1 3 26 80
3 3 27 79
6 3 25 81
2 3 25 79
3 3 14 4
3 3 21 2
5 3 38 1
4 3 18 4
5 3 14 4
4 5 13 4
4 3 25 2
5 3 19 2
4 3 16 2
1 3 16 2
4 3 16 2
1 3 19 1
2 3 23 1
6 3 20 1
2 3 14 17
5 5 15 18
5 3 20 18
1 3 17 17
5 3 12 16
5 3 21 14
3 3 23 16
5 3 12 28
1 3 12 28
1 3 12 34
2 5 13 35
6 3 17 32
3 3 17 36
2 3 12 94
1 3 11 6
3 3 13 6
2 3 11 3
2 3 16 1
6 3 11 24
2 4 11 24
4 3 22 25
3 3 18 25
6 3 18 24
2 4 18 25
3 4 17 23
1 3 18 26
2 3 16 23
3 3 11 42
1 4 13 41
5 4 11 43
4 4 11 42
3 4 22 40
2 3 28 45
3 3 24 45
5 3 22 40
6 3 22 41
5 3 21 44
5 3 22 43
3 3 20 40
3 3 14 40
3 3 15 39
5 3 11 52
2 5 18 51
6 3 20 54
6 3 19 51
5 3 13 51
3 3 14 53
2 3 11 74
1 3 17 74
5 3 10 21
3 3 10 26
5 3 10 25
5 3 10 30
4 3 19 30
1 3 11 30
1 3 21 31
2 3 15 31
5 3 11 32
4 3 12 32
1 3 12 30
1 3 13 31
4 4 17 33
2 3 13 32
3 4 13 33
2 3 11 32
3 3 10 37
1 3 15 38
6 3 17 37
6 3 10 69
1 3 27 70
5 3 23 69
6 3 19 69
2 3 12 69
5 3 12 70
3 3 11 71
3 3 16 71
5 3 10 72
2 3 14 71
6 3 18 70
1 3 16 69
2 3 19 68
1 3 10 87
6 3 17 88
3 3 17 90
2 3 10 89
5 3 19 90
6 3 14 90
5 3 13 90
4 3 9 5
4 3 9 16
2 4 12 15
2 4 16 14
1 3 17 14
3 3 16 15
3 3 9 22
3 3 17 20
5 3 15 20
1 3 11 21
4 3 9 25
1 3 9 35
3 3 9 62
2 3 9 77
5 4 22 77
4 5 22 76
6 4 8 75
6 4 13 75
4 3 15 75
3 3 13 74
6 3 17 76
3 3 19 73
2 3 13 76
2 4 19 75
5 3 12 75
3 4 18 75
2 3 17 76
6 3 18 76
5 4 18 75
4 3 18 77
5 4 17 77
3 4 17 79
1 3 16 76
3 3 10 76
2 4 10 77
5 4 20 78
4 3 18 79
3 3 10 79
5 4 12 78
4 4 23 79
1 5 22 80
5 3 21 79
1 3 15 80
5 3 21 81
1 3 18 80
2 4 18 81
6 3 16 79
3 4 16 81
2 3 11 80
1 4 11 80
4 3 20 82
1 3 14 82
6 3 10 78
5 3 9 86
2 3 21 83
6 3 22 85
3 3 21 85
5 3 24 85
1 3 24 84
2 3 16 84
3 3 10 84
4 5 10 84
5 4 9 83
1 6 9 83
6 4 9 83
3 3 10 81
3 3 14 82
1 3 10 84
1 3 14 82
2 4 14 84
4 3 10 85
6 5 11 83
1 3 19 87
2 3 19 87
6 3 12 82
4 3 11 84
4 3 9 82
6 3 8 17
6 3 14 17
4 4 14 16
6 3 11 15
5 3 10 14
1 3 20 12
3 4 20 13
4 3 25 11
3 3 16 12
3 3 8 18
2 3 16 18
1 3 8 25
5 5 7 24
5 3 8 36
3 3 9 35
4 3 12 37
4 3 14 39
4 3 8 36
6 3 8 37
1 3 8 61
1 3 8 66
4 4 7 67
2 4 7 67
3 3 21 66
1 3 16 65
6 3 14 65
1 3 18 63
4 3 11 69
1 3 10 69
1 3 7 13
6 3 14 12
1 3 22 10
2 3 20 11
6 3 20 11
5 4 22 10
3 3 21 11
3 3 13 12
1 3 12 12
5 4 11 13
5 3 15 11
5 3 19 9
1 3 18 9
3 3 20 8
4 3 20 9
3 3 16 9
1 3 15 10
2 3 15 10
3 3 14 11
2 3 14 13
4 3 14 12
1 3 7 16
2 4 6 15
4 4 8 17
2 4 8 18
6 5 7 19
1 3 7 18
6 4 6 17
3 3 7 35
3 3 7 41
1 3 12 39
2 4 12 41
4 3 18 42
1 3 7 74
1 3 10 73
4 3 14 72
5 3 15 73
3 3 7 82
1 3 7 86
3 3 6 2
1 5 7 2
6 4 5 2
6 3 21 2
6 3 14 3
1 3 16 1
4 4 16 2
5 3 6 2
2 4 13 1
5 3 13 3
6 3 6 28
6 3 8 28
4 3 6 42
5 3 6 43
3 3 18 44
6 3 6 82
5 3 9 84
1 3 8 84
5 3 7 82
2 3 7 81
4 4 6 82
3 3 6 87
1 3 8 89
4 3 15 88
3 5 14 87
2 3 6 93
4 4 6 93
4 4 8 93
6 3 5 8
4 4 9 8
6 4 14 9
6 3 5 51
5 3 17 51
4 3 5 51
4 3 10 51
5 3 5 55
4 3 17 54
5 3 10 56
1 3 16 56
4 3 5 56
2 3 4 1
3 3 4 51
1 3 10 51
6 3 4 80
3 3 7 79
4 3 9 78
6 3 6 78
2 3 4 92
4 3 11 91
5 3 4 99
6 3 24 100
3 3 20 98
4 3 20 98
2 3 13 96
5 3 22 98
1 3 22 99
4 3 13 98
5 3 11 100
3 4 10 100
6 3 6 99
2 3 11 96
5 3 14 97
5 3 10 97
1 4 10 97
1 3 14 97
5 3 3 32
6 3 15 30
3 3 10 31
2 3 15 31
6 3 5 33
1 3 3 40
5 3 8 40
6 3 9 40
4 3 9 39
1 3 8 41
5 3 4 40
3 3 4 42
1 3 4 43
6 3 10 42
3 3 3 60
6 3 3 75
5 3 6 76
2 3 5 76
4 5 5 75
1 3 6 78
5 3 3 76
3 3 3 96
3 3 7 94
1 3 6 94
2 3 3 97
4 3 4 96
6 3 14 96
5 3 9 94
4 3 2 1
3 3 2 4
3 3 3 5
2 3 13 7
2 3 4 7
2 3 6 8
6 3 7 10
1 3 6 10
2 3 7 10
2 3 2 7
4 3 18 6
3 3 18 7
2 3 16 7
5 3 16 8
3 3 6 5
4 3 2 39
5 3 1 30
5 2 50 100
2 2 49 100
1 2 47 100
3 2 44 48
6 2 44 100
5 2 42 1
3 2 41 48
4 2 41 48
6 2 40 48
3 2 39 48
6 2 39 100
2 2 38 49
6 2 37 1
3 2 37 51
5 2 35 49
5 2 38 48
4 2 37 48
1 2 35 48
5 2 35 51
1 2 35 100
4 2 34 51
1 2 33 51
2 2 33 100
2 2 32 47
6 3 32 47
1 2 32 62
4 3 31 62
6 2 32 100
4 2 31 19
4 2 31 62
3 2 30 48
2 2 30 62
6 2 29 62
4 2 29 62
1 2 27 1
1 2 26 6
6 2 26 47
2 2 26 65
5 2 25 47
2 2 25 47
4 2 30 48
1 2 25 48
3 3 24 48
6 3 24 47
1 2 25 51
5 2 25 65
3 2 25 70
1 2 25 72
4 2 24 1
2 2 24 62
5 3 24 63
3 4 23 62
3 2 24 66
4 2 23 62
2 2 23 65
4 3 22 64
6 2 23 66
4 2 23 70
3 2 22 72
3 2 22 99
2 2 20 67
4 2 19 4
1 2 19 44
6 2 19 69
4 2 19 72
2 2 18 4
5 2 18 19
2 2 18 48
5 2 24 47
1 2 23 47
2 2 18 57
5 3 17 57
4 2 18 57
1 2 18 57
4 2 21 57
2 2 18 63
4 3 18 62
1 3 18 63
2 3 18 64
5 3 18 64
3 3 17 62
1 2 21 61
4 2 18 70
2 2 18 71
2 2 18 75
6 2 17 19
5 2 17 46
6 3 17 47
6 4 18 45
4 5 18 45
4 3 17 48
1 3 17 46
2 3 17 48
6 2 17 44
3 2 18 45
6 2 18 44
3 2 17 49
5 2 17 55
3 2 17 57
1 2 17 71
4 2 17 72
1 2 17 87
6 2 16 13
5 2 16 49
1 2 16 59
5 2 16 61
1 2 16 61
2 2 16 62
5 2 16 61
6 2 16 62
4 2 16 64
5 2 16 66
4 3 15 66
3 2 15 21
6 2 15 31
4 2 15 35
3 2 15 34
5 2 19 35
3 2 18 35
1 2 18 36
5 2 15 35
5 2 15 46
2 2 16 45
4 2 16 44
3 2 15 49
3 2 15 58
2 2 15 59
5 2 15 62
3 2 15 71
2 2 15 72
1 2 15 74
5 2 15 75
6 2 15 87
5 2 15 87
6 3 14 87
2 2 14 8
4 2 14 61
3 2 14 60
2 3 14 61
5 2 14 64
2 2 14 65
2 2 14 68
5 3 13 66
6 2 15 65
3 2 15 66
1 2 14 65
5 2 14 71
6 2 14 74
3 2 14 88
1 2 14 90
2 2 14 92
4 3 13 92
6 2 13 13
1 2 13 20
4 2 16 19
6 2 13 19
3 2 13 27
1 2 13 51
2 2 23 51
4 2 22 51
6 2 22 51
3 2 16 51
1 2 13 53
1 2 13 58
6 2 15 57
2 2 13 73
1 2 13 74
2 2 13 90
2 2 13 94
6 2 13 93
5 2 13 93
4 2 13 94
5 3 13 94
6 2 12 1
3 2 12 2
4 2 12 9
5 2 12 31
1 3 12 32
3 2 12 34
6 2 17 35
5 2 12 48
5 2 12 54
5 2 13 53
4 2 13 55
6 2 12 53
3 2 12 54
1 2 12 54
2 2 12 55
6 2 12 56
2 2 12 57
5 2 15 57
4 2 15 58
6 2 14 58
1 2 12 65
5 2 12 73
1 2 12 88
5 2 12 89
3 2 12 92
6 2 11 22
1 3 10 21
4 5 10 21
2 4 9 19
6 3 10 22
1 2 13 19
2 2 13 19
5 3 12 19
6 2 11 24
3 2 11 32
1 2 11 44
5 2 15 45
3 2 14 45
4 2 14 45
6 2 11 46
3 2 11 49
3 2 11 56
3 2 11 62
4 2 11 63
3 2 11 65
4 3 11 66
1 2 11 67
4 2 11 68
6 3 10 68
2 2 11 74
3 2 11 75
3 2 11 88
6 2 11 90
1 2 10 3
6 3 10 3
5 3 10 2
3 2 10 4
1 2 10 8
6 3 12 7
1 3 11 7
4 2 11 7
4 2 10 30
5 2 10 32
6 2 10 38
3 2 10 38
5 2 10 42
4 2 10 43
2 2 10 44
6 2 10 48
6 2 10 57
2 3 10 56
1 3 9 56
3 2 10 69
6 2 10 70
1 2 11 71
3 3 11 72
5 2 10 70
4 2 11 69
1 2 11 69
1 2 10 72
6 2 10 72
4 2 10 90
3 2 10 90
6 2 10 90
4 2 10 99
3 2 16 99
2 2 16 100
3 2 9 1
4 2 9 1
2 2 9 2
1 2 9 3
4 2 9 10
3 2 9 9
5 2 9 8
6 2 9 10
3 2 9 19
1 2 9 18
6 2 10 19
5 2 9 22
2 2 9 30
3 2 10 29
5 2 9 30
6 2 9 33
1 2 9 34
2 2 14 35
6 2 10 35
5 2 9 35
4 2 9 52
3 2 9 53
6 2 11 54
2 2 9 54
3 2 9 57
3 2 9 64
5 2 9 74
5 2 9 86
3 3 9 86
2 4 8 84
6 2 9 95
4 3 9 95
3 2 9 95
2 2 9 97
5 2 9 99
3 3 10 98
6 2 10 99
4 2 8 7
2 3 8 8
4 2 8 18
4 2 9 19
2 2 9 19
5 2 8 20
3 2 8 19
4 2 8 31
3 2 8 42
5 2 8 61
2 2 8 62
1 3 8 61
6 4 8 63
5 2 8 65
1 2 8 64
2 2 8 65
6 2 8 66
1 2 8 67
3 2 8 75
2 2 8 77
2 2 13 78
4 2 11 78
4 2 8 87
1 2 8 87
3 2 8 94
2 2 10 93
6 2 9 93
1 3 9 93
1 2 8 98
2 2 14 99
6 2 14 100
6 2 8 98
2 2 7 3
4 2 7 11
3 2 7 16
6 3 6 15
6 2 7 24
1 2 10 23
4 2 11 22
3 2 9 23
5 2 7 27
4 2 10 27
6 3 10 26
2 2 10 26
2 2 10 28
6 2 9 28
4 2 9 27
5 2 7 35
6 3 7 34
2 3 7 36
1 2 7 36
2 2 7 57
4 2 9 58
2 2 7 63
5 3 7 64
3 2 7 65
3 2 7 70
1 2 13 69
3 2 12 69
2 2 8 71
2 2 7 80
4 2 7 84
2 2 7 87
4 3 7 87
6 2 7 89
5 3 7 90
6 2 10 91
5 2 8 91
3 2 7 99
2 3 7 100
2 2 6 6
6 2 9 6
5 2 9 6
2 2 8 6
6 2 6 10
2 2 6 11
3 2 6 13
1 3 10 12
2 2 6 27
4 3 6 28
3 2 6 36
2 2 6 46
2 2 8 45
5 2 11 44
4 2 7 45
5 3 7 46
5 2 11 47
4 2 7 47
2 2 7 47
3 2 7 47
6 2 6 45
2 2 6 49
5 2 8 48
1 2 8 48
3 2 6 51
4 2 6 54
3 2 7 53
2 2 6 59
5 2 8 58
2 2 7 60
1 2 6 58
2 2 6 62
3 2 6 63
2 2 6 70
4 2 6 71
3 2 6 83
2 3 6 83
6 2 6 85
5 2 6 86
6 2 6 95
3 3 6 96
5 2 6 94
2 2 6 93
4 2 5 2
5 2 6 1
3 2 5 2
6 2 5 6
5 3 5 6
4 4 4 5
5 3 3 4
1 4 3 5
3 2 5 10
5 2 5 11
3 2 7 11
2 2 8 12
6 2 7 12
5 2 6 11
5 2 5 15
1 2 5 14
3 2 6 13
5 3 6 13
4 2 5 17
5 2 5 18
4 2 5 24
2 2 6 23
1 2 7 22
6 2 5 26
1 3 5 27
3 4 4 27
4 2 5 32
2 2 6 31
1 2 6 30
2 2 5 33
5 2 9 34
1 2 9 34
3 2 7 34
4 4 7 35
2 2 6 33
1 2 5 32
5 2 5 34
3 2 5 38
2 2 5 41
1 2 8 42
2 2 7 42
4 2 5 43
6 2 5 55
4 2 5 64
6 2 5 65
2 2 5 66
3 4 5 67
1 3 5 69
6 4 5 70
5 3 4 71
4 2 7 67
1 2 7 67
3 2 6 68
6 2 6 72
5 2 7 73
2 2 7 73
3 2 6 72
5 2 5 79
5 2 11 78
6 2 11 78
6 2 5 78
3 2 7 77
2 2 8 78
1 2 8 78
6 2 6 77
6 2 7 78
2 2 6 78
1 2 5 80
2 2 5 90
3 2 5 92
2 2 7 91
3 2 7 92
6 2 5 91
4 2 5 91
6 2 4 14
4 3 4 13
1 3 3 13
2 4 2 12
5 3 2 11
2 2 4 26
1 2 4 37
6 2 4 40
2 2 4 51
5 2 4 52
3 2 15 51
6 2 8 51
2 2 8 51
2 2 9 51
4 2 9 52
6 2 4 51
2 2 8 52
5 2 7 52
1 2 4 52
2 2 4 53
3 2 4 62
1 2 4 66
5 2 4 76
4 2 4 76
1 2 4 77
2 2 4 79
5 2 4 83
1 2 4 91
2 2 4 96
6 2 4 95
5 2 4 97
1 2 3 3
6 2 3 3
3 2 3 4
1 2 3 8
4 2 3 9
1 2 3 29
5 3 3 30
2 3 2 28
4 2 3 32
2 3 2 32
1 3 2 31
3 2 3 33
2 2 3 40
2 2 3 45
1 2 3 48
6 2 3 47
5 2 5 46
3 2 4 46
6 2 3 52
2 2 3 54
4 2 3 55
1 2 5 54
5 2 4 54
2 2 3 54
2 2 4 55
5 2 4 56
6 2 3 55
1 2 3 57
5 2 3 58
3 2 5 59
4 3 5 60
6 2 5 58
4 2 3 57
2 2 3 61
6 2 4 61
5 2 3 61
3 2 4 60
3 2 3 77
5 3 3 78
1 2 3 80
4 2 3 82
5 2 3 90
4 2 3 92
1 2 3 98
1 2 6 98
5 2 5 98
3 2 2 2
6 2 2 6
5 2 2 7
3 2 3 7
4 2 3 8
4 2 2 11
5 2 2 14
2 2 2 23
5 3 2 23
3 3 2 24
6 2 2 26
6 2 2 32
3 2 2 37
2 3 2 38
4 3 2 39
5 2 6 37
3 2 5 37
1 2 2 45
2 2 2 45
5 2 2 47
4 2 2 51
3 2 2 56
4 2 2 62
6 2 2 61
3 2 2 65
5 2 4 66
2 2 3 66
2 2 4 67
3 2 2 70
5 2 4 71
1 2 2 86
6 2 5 85
5 2 5 86
4 2 2 87
6 3 2 88
4 2 1 2
2 3 1 1
6 2 5 1
4 2 2 2
1 2 2 3
4 2 2 4
1 2 1 8
6 2 1 28
4 2 1 27
5 2 1 29
1 2 1 31
5 2 1 36
6 2 3 37
3 2 2 37
2 3 2 38
5 2 4 38
6 2 4 38
3 2 3 38
5 2 1 40
1 2 2 39
4 2 1 41
