15699
3094
3 9 99 28
4 5 99 34
5 5 98 82
5 5 95 45
4 6 95 60
6 8 95 80
3 5 92 15
4 5 91 2
8 5 91 31
7 6 89 54
2 5 89 66
3 5 87 41
7 6 87 68
1 6 85 81
6 5 82 59
3 5 81 5
1 7 81 65
7 7 88 65
4 6 77 20
7 7 77 32
4 5 89 32
8 5 77 96
2 6 93 96
4 5 88 96
3 6 75 96
3 5 74 91
6 6 72 3
7 5 70 1
7 5 70 62
4 6 67 39
1 5 67 53
6 10 59 40
5 5 92 41
4 6 71 40
1 5 89 41
6 5 84 38
5 5 57 96
1 7 56 14
4 5 70 14
1 5 80 15
5 5 75 14
6 5 56 77
1 5 49 72
1 5 48 78
2 5 82 78
2 5 48 87
2 5 74 86
5 5 78 87
7 5 92 90
7 5 47 68
2 5 42 9
6 6 42 37
5 5 42 99
2 10 41 81
4 5 85 81
8 5 40 51
4 5 86 48
8 5 38 6
1 5 51 5
6 6 37 37
5 5 75 36
1 5 57 38
1 7 36 71
6 6 82 72
5 5 36 74
3 5 84 77
5 6 68 72
2 5 83 68
7 5 86 68
6 8 35 44
7 6 63 39
7 7 55 44
6 7 42 43
4 5 80 44
2 5 34 22
2 5 32 51
3 5 30 71
7 5 29 56
1 5 29 74
2 5 39 74
4 5 28 23
2 5 28 73
5 7 27 2
4 5 30 1
3 5 69 4
3 5 53 1
3 5 50 3
2 5 24 46
4 7 23 61
6 7 62 63
2 5 31 64
3 7 21 40
5 5 19 9
4 6 68 7
6 5 31 8
4 5 33 9
7 5 29 8
6 9 18 87
8 5 52 86
4 6 17 14
8 5 17 41
7 5 16 70
6 5 21 72
3 6 16 80
5 7 15 49
4 6 15 64
2 7 14 93
4 5 19 92
7 5 69 91
3 5 81 94
2 5 12 32
4 6 91 33
5 5 12 74
2 5 18 70
5 5 76 69
5 5 50 73
5 5 11 61
4 5 49 61
3 5 68 60
4 5 9 36
4 6 9 73
8 6 74 73
2 7 73 72
1 5 10 70
4 6 72 70
8 5 20 72
2 5 8 12
6 5 94 12
8 5 16 10
5 5 28 9
7 6 8 20
6 5 52 20
1 5 61 21
4 5 59 19
7 5 43 19
3 5 42 20
4 5 51 23
6 5 8 76
8 7 7 65
4 5 61 63
1 5 57 63
8 5 59 62
1 6 7 73
4 8 6 93
7 6 84 91
6 5 52 91
6 5 69 93
3 5 64 92
2 8 53 92
1 6 4 55
3 5 21 56
3 5 59 57
2 5 52 54
3 5 51 57
5 4 94 4
1 4 93 99
8 4 90 27
2 4 89 54
8 4 91 53
7 4 88 26
5 6 88 26
6 4 86 58
4 4 84 94
5 4 82 62
7 4 80 3
6 4 79 27
6 4 77 62
8 4 77 90
2 4 78 91
1 4 80 93
1 4 72 34
2 4 94 35
6 4 72 62
4 4 71 92
8 4 71 93
6 4 71 94
5 4 88 95
4 4 71 94
7 4 68 64
5 4 68 72
4 4 68 94
5 4 67 36
1 4 67 49
5 4 67 55
3 4 65 46
6 4 88 47
3 4 81 45
8 4 65 99
5 4 81 98
4 4 89 100
4 4 80 99
3 6 88 99
7 5 88 98
6 4 64 18
1 5 86 17
7 4 64 81
8 4 81 80
5 4 63 15
5 4 88 16
7 4 63 50
3 4 63 71
1 4 64 71
1 4 62 6
4 4 61 17
5 4 80 15
7 4 73 17
4 4 61 34
1 4 61 56
6 4 60 19
1 4 57 52
5 4 69 49
2 4 55 51
6 4 55 56
8 5 63 54
5 5 68 56
3 5 62 56
7 5 55 55
6 5 55 53
4 4 58 55
4 4 67 56
4 4 54 7
5 4 59 7
7 4 53 2
5 4 52 95
5 4 60 95
2 4 51 79
6 4 82 78
8 4 52 79
5 4 51 81
3 4 50 92
6 4 48 44
2 4 70 41
2 5 82 43
5 4 74 41
7 4 64 44
8 4 65 48
3 4 48 65
6 4 73 66
2 4 58 65
7 4 48 71
3 4 49 73
8 4 56 73
8 4 50 74
2 4 47 5
7 4 85 3
2 4 57 4
5 4 46 5
6 4 46 11
3 4 43 31
8 4 52 30
2 5 77 30
8 4 43 89
8 4 62 91
6 4 56 88
8 4 83 85
3 4 83 87
1 4 82 88
7 4 41 7
3 4 63 7
3 4 65 6
7 4 57 6
7 4 41 11
1 4 79 13
6 4 41 88
3 4 40 12
8 4 43 13
4 4 70 13
2 4 57 14
3 4 40 75
3 4 53 74
6 5 59 72
2 4 60 71
1 4 45 74
6 4 39 67
3 4 53 64
4 4 39 83
3 4 38 39
6 4 81 37
7 4 36 13
7 4 36 93
1 4 35 78
2 4 56 76
8 4 34 19
7 4 80 20
7 4 54 20
4 4 32 68
4 4 53 68
3 4 31 43
6 4 31 67
7 5 60 67
6 5 53 67
3 4 46 67
6 4 43 66
5 4 30 50
4 5 60 51
2 5 77 49
3 6 30 51
8 4 30 66
4 5 28 66
1 5 74 65
8 4 55 68
3 4 30 94
3 4 45 93
3 4 36 94
5 4 42 92
4 4 42 92
1 4 43 94
3 6 45 95
2 5 50 97
7 4 42 93
7 4 59 90
3 4 28 81
3 4 78 83
3 4 28 99
1 5 53 97
1 4 62 95
3 4 27 29
3 4 55 30
1 4 38 31
4 5 70 30
7 4 84 29
8 4 34 27
6 4 27 57
6 4 62 57
8 4 61 56
4 4 40 58
8 4 26 65
3 5 41 63
5 4 61 65
8 4 47 61
1 4 67 59
5 4 46 61
2 4 42 61
2 4 26 78
1 5 52 77
5 4 74 78
8 4 26 78
4 4 56 75
7 4 44 74
8 5 48 74
3 4 37 77
1 4 75 77
5 4 24 33
8 4 69 32
6 4 44 31
8 4 70 28
2 4 82 28
1 4 82 27
4 4 70 30
3 4 69 29
5 4 70 32
7 4 81 33
2 4 24 35
4 4 79 34
5 4 79 36
2 4 41 36
6 4 67 39
3 4 66 38
6 4 26 35
8 4 56 37
7 4 78 34
4 4 24 57
3 6 25 58
5 5 54 58
1 4 77 60
6 4 65 54
6 4 73 52
8 4 74 51
4 4 53 54
1 4 63 53
4 4 71 52
8 4 38 59
7 4 24 80
6 5 23 80
2 4 74 81
7 4 68 81
7 4 52 80
8 4 73 81
1 4 72 79
5 4 75 78
4 4 36 80
3 4 23 35
6 4 23 88
8 4 66 87
3 4 80 86
4 4 80 85
8 4 48 87
1 4 67 88
8 4 70 87
4 4 63 88
1 4 22 14
5 4 51 14
1 5 60 14
5 4 62 12
6 5 62 15
5 5 78 17
7 4 64 16
7 4 69 13
2 4 76 11
7 4 56 15
8 4 70 16
2 4 22 40
4 4 36 39
4 5 47 39
8 4 74 43
3 4 47 38
8 4 22 98
7 5 54 98
6 5 23 98
7 4 41 96
6 5 63 97
7 5 57 95
6 4 21 90
8 4 56 89
4 4 21 98
3 4 18 29
8 5 74 27
7 5 68 28
2 4 72 28
1 4 63 28
8 4 62 26
2 4 85 27
5 5 88 24
7 4 77 25
3 4 38 28
4 4 54 28
6 4 18 94
2 4 17 6
4 4 26 3
6 4 74 6
8 4 60 6
6 4 17 57
1 5 47 57
3 4 16 5
8 5 23 3
7 4 56 4
6 4 23 3
3 4 53 4
1 4 62 1
7 4 34 2
1 5 42 1
2 4 16 35
4 4 39 33
3 4 24 36
3 4 46 33
3 4 16 41
1 4 64 39
5 4 55 41
6 4 53 41
2 4 28 41
2 4 52 42
4 4 61 40
1 4 66 41
3 4 68 40
5 4 26 43
4 4 29 43
3 5 49 41
8 4 25 40
7 4 45 37
8 5 46 39
7 4 16 55
2 4 60 58
1 4 26 58
6 4 19 53
1 4 29 55
2 4 15 80
3 4 70 79
5 4 13 96
2 4 67 97
3 4 12 26
7 4 46 24
2 4 56 22
3 4 45 21
5 4 54 21
7 4 56 20
3 4 41 26
7 4 10 15
3 4 33 14
4 4 8 33
3 5 11 34
4 4 69 34
7 4 28 32
3 4 69 30
7 4 30 30
5 4 27 32
4 4 6 51
1 4 42 51
2 4 41 51
7 4 78 49
5 4 29 54
4 5 29 55
4 4 58 50
3 4 65 50
8 4 46 53
6 4 28 54
3 4 26 54
3 4 35 51
2 4 71 50
5 4 41 50
5 4 35 52
2 4 60 52
1 4 6 68
2 5 72 67
2 5 11 68
2 4 53 69
4 4 13 70
6 4 21 67
4 4 68 65
3 4 11 68
8 4 35 68
3 4 63 69
8 4 64 68
5 4 62 67
6 4 48 71
4 4 49 72
1 4 37 71
2 4 43 73
7 4 46 72
6 4 6 83
6 5 27 83
6 5 54 84
3 4 44 83
3 4 39 85
8 4 54 81
5 4 55 79
4 4 50 82
5 4 47 86
2 4 58 85
7 4 35 84
7 4 59 84
1 4 23 83
3 4 57 83
2 6 70 83
1 4 28 81
2 4 5 1
3 4 16 1
8 4 5 80
1 4 46 79
8 4 57 82
6 4 26 79
7 4 55 77
2 4 28 78
7 4 4 23
3 4 34 20
5 6 78 22
1 4 75 22
3 4 12 19
4 5 48 19
1 4 8 21
2 4 73 21
7 4 39 21
7 4 31 21
7 4 67 23
1 4 65 22
4 4 70 24
1 6 71 25
6 4 72 26
3 4 44 22
8 4 45 23
3 4 58 24
7 4 23 22
5 4 56 18
8 4 77 19
2 4 13 21
2 4 70 20
4 4 56 20
6 4 41 22
1 4 40 23
4 4 14 22
5 4 4 30
1 4 65 30
3 4 68 30
4 4 49 31
6 5 49 29
6 5 66 28
5 5 49 30
1 4 62 30
7 4 12 29
7 5 30 27
4 4 67 25
6 4 48 31
3 4 27 31
8 4 45 31
6 4 35 30
6 4 4 78
3 4 54 76
8 4 55 78
1 4 54 78
4 4 24 77
1 5 24 78
3 4 3 2
8 4 1 83
3 4 33 84
2 5 67 86
3 3 84 10
3 3 82 46
2 3 81 50
3 3 80 60
7 3 80 60
5 3 79 24
4 3 78 48
2 4 78 49
8 3 83 47
5 3 77 89
6 3 76 60
6 3 75 24
3 4 75 24
4 4 75 25
4 3 74 12
4 3 76 12
7 4 80 12
6 3 74 25
5 3 74 46
4 3 73 10
4 3 83 9
8 3 75 8
8 3 73 9
6 3 72 86
4 3 71 75
7 3 71 89
6 3 76 90
7 3 70 7
2 3 70 7
3 3 69 90
4 3 75 90
1 3 73 90
8 3 74 90
6 3 68 60
3 3 76 60
4 3 71 58
1 3 68 86
3 3 67 5
4 4 67 6
5 4 66 5
4 3 67 15
4 3 67 36
1 3 70 36
1 3 66 4
2 3 66 11
2 3 76 11
1 3 74 11
5 3 73 11
3 3 66 46
8 3 66 61
4 3 66 61
1 3 66 60
4 3 66 63
8 3 70 63
5 3 65 19
3 3 71 18
4 3 65 38
7 3 65 61
3 3 65 63
2 3 65 60
4 3 65 97
2 3 64 39
5 3 64 38
5 3 64 45
5 4 77 46
6 4 75 45
2 3 64 48
1 3 75 47
1 3 70 48
5 3 63 48
3 3 62 3
8 3 62 27
7 3 62 54
6 3 61 9
3 5 60 9
5 4 66 7
1 4 59 7
7 4 70 8
4 3 61 46
8 3 60 66
8 3 60 100
4 3 59 3
1 3 59 12
8 3 74 13
2 3 60 13
8 3 59 34
2 3 60 35
3 3 59 52
5 3 58 15
6 3 58 21
5 3 58 54
1 3 57 10
3 3 57 30
8 3 66 28
4 3 57 35
7 4 60 36
8 3 60 36
8 3 63 37
6 3 63 38
1 3 63 36
8 3 57 69
8 3 57 94
1 3 56 19
3 4 55 17
6 3 56 28
3 3 56 88
1 3 66 89
2 3 57 88
7 3 61 86
4 3 65 84
4 3 61 87
6 3 73 89
2 3 55 27
2 3 65 25
1 3 55 90
6 4 54 89
4 3 64 91
3 3 68 90
2 3 58 91
2 3 66 89
1 3 62 91
5 3 61 91
6 3 58 92
5 3 56 91
6 3 53 41
8 3 53 59
3 4 54 60
5 4 53 57
5 3 68 58
8 3 66 58
8 3 61 60
5 3 63 60
1 3 60 56
2 3 59 55
5 3 54 58
7 3 53 84
1 3 54 85
7 3 66 84
1 3 61 86
5 3 59 85
3 3 61 84
4 5 63 82
3 4 64 85
5 3 61 85
8 3 62 85
6 3 61 84
6 3 63 85
7 3 56 83
7 3 53 95
4 3 53 97
6 3 52 15
1 4 52 17
5 3 52 84
5 3 62 86
8 3 52 84
1 3 58 85
6 3 52 85
1 3 51 4
4 3 63 5
8 3 51 8
1 3 67 8
5 3 51 22
5 3 51 36
6 4 51 34
7 3 51 77
7 3 58 78
3 3 63 80
1 3 51 82
6 3 50 14
8 3 50 22
4 4 51 21
6 3 67 23
8 3 54 20
2 4 54 20
7 3 58 17
8 3 59 16
6 3 49 60
5 3 48 29
4 4 48 30
7 3 57 26
4 3 68 25
1 3 48 70
1 3 47 28
5 3 53 27
2 3 47 29
7 3 47 59
4 3 49 59
6 3 51 57
5 3 47 64
2 3 68 64
1 3 60 64
7 3 48 64
4 3 50 62
6 3 60 61
4 3 58 60
4 3 65 61
1 3 64 62
3 3 50 64
8 3 54 64
6 3 61 66
4 3 46 44
1 3 46 56
1 3 46 64
1 3 50 64
4 3 51 64
4 3 46 69
7 3 66 70
2 3 45 37
1 5 44 37
6 3 58 37
2 3 45 63
2 3 49 62
7 4 57 60
3 3 51 61
5 3 51 63
8 3 48 64
2 3 45 90
8 3 49 90
7 3 44 20
1 3 44 82
6 3 43 22
6 3 54 24
7 3 43 39
4 3 51 38
7 3 55 39
6 3 51 39
3 3 51 39
6 3 50 40
7 3 72 42
7 3 63 42
8 3 43 74
8 3 43 81
6 3 48 80
5 3 51 79
3 3 47 79
4 3 49 78
2 3 47 78
4 3 44 80
3 3 42 13
7 4 50 12
6 3 60 14
1 3 47 12
4 3 56 10
1 3 41 37
1 3 48 39
1 3 55 40
1 3 50 41
2 3 56 40
2 3 45 39
7 3 41 50
7 3 72 49
4 3 41 56
8 4 42 56
6 3 43 57
4 3 42 57
3 3 42 57
3 3 40 32
3 3 59 34
4 3 65 33
2 3 59 35
8 3 60 33
2 3 40 56
5 3 40 80
2 4 40 79
2 4 44 80
1 3 50 80
8 3 39 16
7 3 41 15
8 3 57 15
5 3 46 16
3 3 50 18
1 3 52 19
1 3 46 18
5 3 52 20
5 3 39 27
1 3 39 26
2 4 41 24
3 3 39 40
5 4 40 40
8 4 41 38
5 3 39 43
2 4 60 42
6 3 60 42
6 3 39 84
1 3 46 82
4 3 46 82
4 3 39 98
7 3 59 98
5 3 50 98
4 3 56 100
5 3 44 97
8 5 43 96
7 3 63 96
2 3 55 96
4 3 55 96
6 3 59 94
2 3 47 96
3 3 43 99
4 3 45 99
6 3 46 98
8 3 38 48
4 3 74 47
3 3 38 51
3 3 38 80
7 3 39 80
3 3 38 78
2 3 38 84
2 3 48 84
3 3 45 83
4 3 37 14
4 3 37 16
3 3 55 15
6 3 55 16
2 3 49 16
1 3 51 16
7 3 37 25
7 3 41 26
8 3 40 24
8 3 63 23
1 3 45 23
3 3 44 23
3 3 55 24
4 3 43 23
8 3 45 24
1 3 37 41
6 3 40 39
7 3 37 48
4 3 39 48
8 3 62 47
3 3 40 46
7 3 60 46
6 3 37 52
7 4 37 52
7 3 45 53
2 3 48 51
4 3 37 53
6 3 55 54
8 4 55 54
3 3 37 88
7 3 37 89
1 3 36 29
7 3 36 30
5 3 58 32
2 3 36 56
2 4 41 58
2 3 60 60
6 3 43 55
8 3 42 59
3 3 50 58
6 3 35 1
7 5 35 1
3 3 53 1
6 3 41 3
5 3 35 1
2 3 35 1
1 3 44 2
8 3 44 2
1 3 35 69
1 3 40 67
4 3 35 88
7 3 59 88
2 3 51 87
1 3 40 88
7 3 42 88
6 3 35 99
1 3 37 99
7 3 35 98
1 3 42 97
5 3 55 99
8 3 45 97
7 3 34 25
5 3 40 23
5 3 47 21
4 3 54 23
2 3 34 26
1 3 47 28
3 3 34 60
2 3 51 59
3 3 52 60
1 3 39 57
6 3 50 59
1 4 53 60
7 3 53 60
5 3 39 58
1 3 44 60
6 3 41 59
7 3 41 61
3 4 41 60
4 3 47 61
7 3 39 58
3 3 34 70
1 3 33 12
8 3 33 14
8 3 33 30
5 3 39 31
8 3 38 31
6 3 47 32
8 3 48 30
8 3 47 33
7 3 47 33
1 3 45 33
3 4 46 33
2 4 52 32
7 3 57 34
6 3 57 35
3 3 57 35
7 3 47 34
8 3 51 33
8 3 33 79
1 4 33 80
5 3 49 78
6 3 47 79
2 3 33 79
3 4 34 81
7 4 32 80
7 3 43 83
7 3 32 31
5 3 40 29
5 3 45 30
2 3 44 30
2 3 32 57
5 3 42 57
4 3 32 75
5 3 50 74
5 3 34 75
4 4 40 74
4 3 74 76
8 3 33 75
6 3 41 76
2 3 40 76
6 3 39 75
4 3 36 74
5 3 37 75
8 3 38 75
1 4 45 74
1 3 32 97
3 3 62 97
2 3 42 98
3 3 42 98
6 3 31 51
2 5 31 51
5 3 66 50
8 3 48 49
2 3 46 49
5 3 65 48
5 3 45 51
1 3 42 53
2 3 42 54
1 3 48 52
3 3 49 50
4 3 49 52
5 3 32 50
3 3 60 48
2 3 40 48
6 3 42 47
4 3 34 51
8 3 31 54
7 4 30 53
8 3 39 54
5 4 40 54
6 3 38 53
8 3 30 23
4 3 30 22
5 4 30 24
1 3 55 25
3 3 39 22
5 3 30 35
3 3 30 66
5 4 30 64
5 3 50 67
3 3 49 64
6 3 49 64
8 3 46 66
7 3 53 67
2 3 29 4
2 4 51 6
6 4 54 6
4 4 57 6
8 3 49 5
1 3 63 3
2 3 58 3
2 3 55 6
3 3 45 4
2 3 52 5
6 3 29 34
7 4 50 34
4 3 48 35
5 3 43 35
6 3 30 32
7 4 37 33
8 3 30 32
4 3 29 54
1 4 37 54
4 3 29 86
6 3 30 86
7 3 44 85
5 3 50 86
5 3 44 86
5 3 46 85
8 4 46 85
3 3 49 87
4 3 29 91
4 3 28 27
4 4 33 28
8 3 54 26
8 3 33 26
4 3 28 61
6 4 45 61
8 4 45 61
7 4 35 62
8 3 39 61
5 3 28 63
5 3 45 64
2 3 35 63
5 3 40 64
5 3 46 65
2 3 47 65
6 3 32 63
4 3 29 62
8 4 29 63
2 3 27 8
2 3 27 27
2 3 39 25
5 3 34 26
5 3 53 25
6 3 36 26
2 3 26 14
4 3 32 12
7 3 58 10
6 3 58 11
6 3 26 51
6 3 26 61
4 4 35 61
6 4 27 59
2 4 31 60
8 4 25 61
8 3 33 63
4 3 29 62
7 3 26 86
1 3 32 84
4 4 37 82
1 3 37 83
1 3 25 50
3 4 38 52
4 3 61 48
6 3 60 50
8 3 59 49
5 3 26 51
3 4 29 50
5 4 36 49
1 3 51 49
5 3 49 48
6 4 49 50
8 3 45 49
6 3 29 51
2 3 35 50
6 3 34 51
6 3 25 76
5 3 39 76
1 3 45 74
2 3 51 76
4 3 51 76
1 3 24 40
5 4 33 40
6 3 35 37
6 3 27 40
8 3 50 42
3 3 62 44
3 3 24 42
5 4 56 42
4 3 23 40
4 3 23 58
2 4 23 60
6 4 34 57
8 3 37 57
8 3 23 82
3 3 28 81
3 3 23 83
8 3 36 82
1 3 30 82
7 3 22 5
6 3 44 5
8 3 58 4
7 3 48 7
2 4 55 8
4 3 22 62
2 3 30 63
7 4 30 63
8 3 40 65
7 3 39 65
5 3 29 65
8 3 33 65
4 3 57 67
2 3 33 65
1 3 28 64
3 3 22 88
4 3 24 86
3 3 49 85
6 3 42 88
4 3 42 88
6 3 56 89
3 3 41 89
7 3 57 89
8 3 56 89
8 3 50 90
2 3 39 85
8 3 29 84
8 4 31 85
3 3 21 2
4 3 41 3
5 4 54 1
5 3 28 3
6 3 21 10
3 3 52 8
5 4 52 9
4 3 52 11
8 4 52 11
8 3 59 9
4 3 59 9
6 3 51 9
3 4 57 10
2 4 50 10
1 3 51 9
2 3 46 11
8 3 45 10
7 3 51 9
2 3 28 10
3 4 27 10
6 3 21 19
5 4 31 17
2 3 59 15
1 4 59 17
8 3 39 19
1 3 35 18
5 3 35 19
5 4 39 20
4 3 51 19
1 3 48 20
4 3 42 19
3 5 47 18
6 3 31 20
7 3 46 21
4 4 46 22
8 3 45 21
6 3 39 18
8 3 31 21
5 3 28 20
6 3 27 19
6 3 34 17
7 3 47 15
3 3 57 13
5 3 56 13
3 3 41 19
5 3 36 16
2 3 36 19
2 3 29 18
1 3 48 15
1 3 28 18
3 3 35 18
4 3 30 18
7 3 33 17
1 3 21 38
5 3 21 48
8 3 31 46
8 3 33 46
1 4 52 44
8 4 52 45
3 3 53 46
2 3 25 49
2 3 27 47
6 3 56 46
6 3 52 46
2 3 52 47
4 3 52 47
5 3 52 46
4 3 43 49
3 3 21 59
7 3 30 58
7 3 34 56
2 3 21 63
5 4 24 62
7 3 22 62
3 3 21 62
7 3 21 88
5 4 22 88
4 3 44 90
5 4 44 90
3 3 47 89
1 3 42 89
4 3 47 91
3 3 54 93
5 4 54 94
2 3 53 94
1 3 52 94
6 3 21 94
5 3 26 93
8 3 53 95
3 3 44 92
2 4 44 91
6 3 28 92
4 3 33 93
1 3 20 3
1 3 50 4
6 3 20 63
4 3 20 66
8 4 20 68
4 4 31 66
4 4 28 67
3 3 54 69
3 3 28 68
3 3 44 70
2 3 44 71
7 3 50 71
8 3 50 72
3 3 25 66
3 3 26 63
3 3 27 62
3 3 20 78
2 3 20 94
3 3 48 95
6 3 47 95
5 3 46 94
4 3 44 94
5 3 37 95
6 4 37 96
8 3 33 92
8 3 41 91
5 3 19 11
6 4 25 10
3 3 44 12
5 3 46 10
3 3 40 11
5 3 44 13
2 3 43 11
3 3 44 9
2 3 34 12
8 3 21 11
5 3 22 10
7 3 41 12
6 3 40 12
6 3 19 36
2 3 44 35
7 3 45 34
3 3 45 36
3 3 19 72
3 3 18 24
4 3 31 25
1 3 32 24
7 3 24 23
7 3 18 26
5 3 30 28
2 3 31 30
3 3 30 27
2 3 20 25
6 3 21 25
5 4 35 25
5 4 20 24
6 4 41 26
1 3 20 23
1 3 19 27
7 4 35 27
6 3 38 26
2 3 30 27
2 3 33 27
5 3 18 26
6 3 18 32
8 3 30 32
5 3 45 33
1 3 25 31
2 4 27 31
4 4 25 31
8 3 35 29
3 3 35 30
8 3 25 33
8 3 29 35
3 3 35 34
8 3 35 36
4 3 40 36
8 4 39 34
2 3 32 34
7 3 32 35
4 4 32 36
8 3 34 34
1 3 32 37
1 3 31 35
8 3 18 58
8 3 18 62
7 4 18 61
6 3 18 75
8 3 40 76
2 3 27 75
1 3 45 74
5 3 40 76
2 3 28 76
7 3 34 75
6 3 26 74
1 3 25 76
3 3 39 75
3 3 32 74
7 3 24 75
5 3 40 73
4 3 21 76
6 4 21 75
3 3 31 77
4 3 28 78
5 3 22 74
3 4 22 72
1 3 49 70
8 3 52 69
6 3 51 69
6 3 49 69
2 3 37 73
4 3 45 73
4 3 37 72
7 3 22 74
8 3 21 73
7 3 28 73
2 3 21 73
4 3 25 70
7 3 47 70
1 3 18 88
2 3 22 86
1 3 23 87
5 4 22 86
5 3 31 86
1 3 31 87
4 3 32 85
6 3 33 84
5 3 24 86
2 3 20 89
8 3 26 89
6 3 21 88
4 3 22 87
6 3 22 85
3 3 17 12
8 4 16 8
5 3 39 8
4 3 47 7
8 3 35 7
6 3 52 6
3 3 37 6
2 3 36 6
1 3 38 8
8 3 41 9
6 3 41 8
1 3 17 16
6 3 20 14
3 3 32 15
7 3 17 40
8 3 39 39
2 3 39 38
5 3 37 38
4 3 34 39
7 3 35 38
7 3 36 40
5 3 36 41
3 4 35 42
7 3 17 46
3 3 37 44
7 3 56 43
4 3 17 69
1 3 40 70
1 3 41 68
8 4 41 67
4 3 49 70
8 3 49 70
2 3 46 67
5 3 40 69
4 3 44 67
1 3 17 81
4 3 29 82
6 3 29 83
5 3 25 80
5 3 31 79
6 3 31 79
8 3 30 78
7 3 24 79
6 3 27 78
8 3 17 90
8 3 26 91
3 3 21 89
5 3 22 90
7 4 21 90
3 3 31 89
6 3 34 89
4 3 19 89
2 3 21 87
1 3 19 90
6 3 29 90
8 3 19 92
1 3 30 92
6 3 40 93
2 3 29 93
1 3 39 94
2 3 35 94
4 3 38 95
4 3 35 93
3 3 33 93
8 3 33 93
2 3 27 90
1 3 27 90
5 3 17 91
4 3 31 91
7 4 32 91
7 3 25 92
1 3 25 93
5 3 21 90
3 4 25 90
3 3 17 92
4 3 17 94
4 3 16 17
7 3 27 18
8 3 27 17
1 3 38 15
4 4 38 16
4 3 16 54
7 3 34 51
5 3 16 58
3 3 29 57
3 3 16 70
4 5 32 67
1 3 30 68
6 3 30 68
2 3 32 67
8 3 29 69
5 3 34 68
7 3 38 66
8 3 31 69
7 3 16 93
8 3 15 31
1 4 19 29
5 3 24 30
3 3 24 31
7 3 23 31
3 3 19 32
7 3 15 34
2 3 18 34
2 3 34 32
1 3 34 34
3 3 15 34
1 3 28 35
5 3 16 33
8 3 15 81
5 3 15 81
5 3 15 84
6 3 17 85
2 3 14 9
2 3 39 7
1 3 38 10
6 3 37 10
7 3 18 10
5 3 40 9
6 3 30 10
8 3 37 12
7 3 30 12
2 3 40 14
1 3 25 9
2 3 21 9
3 3 33 9
8 3 50 7
4 3 32 8
7 3 36 6
2 3 14 28
4 3 14 30
8 3 22 28
7 3 22 28
1 3 14 28
2 3 15 27
7 3 21 26
5 3 20 28
1 4 29 26
6 3 20 30
1 3 16 27
8 3 21 25
7 3 14 51
7 4 20 51
1 3 32 52
2 3 30 51
3 3 36 51
7 3 24 50
3 3 23 50
6 3 20 51
8 4 22 50
8 3 26 49
5 3 29 49
3 3 44 47
4 3 25 48
1 3 15 50
3 3 25 48
2 3 44 47
7 3 15 51
1 4 22 49
8 3 13 5
3 3 41 5
7 3 50 4
6 3 26 4
6 3 20 5
3 3 45 5
4 3 45 5
8 3 40 3
4 3 52 1
1 3 40 4
4 3 19 6
4 3 13 11
5 3 12 24
8 4 12 25
8 3 24 22
5 3 14 23
8 3 37 22
8 3 14 25
4 3 24 25
6 3 17 23
3 3 12 87
6 3 12 98
8 3 40 98
5 3 40 98
6 3 39 99
6 3 16 97
1 3 17 98
2 3 19 99
6 4 18 100
7 3 20 99
2 3 21 98
2 4 29 96
1 3 32 97
5 3 45 96
3 3 43 97
7 3 14 99
1 3 19 98
4 4 24 98
3 3 20 99
5 3 23 98
1 3 25 98
7 3 23 98
8 3 20 97
3 3 34 99
5 3 21 96
7 3 36 95
6 3 21 97
2 3 11 42
3 3 40 41
2 3 51 43
7 3 40 43
1 3 36 43
8 3 26 41
6 3 28 43
2 3 52 44
2 3 36 45
1 3 29 45
4 3 47 44
6 3 42 44
8 3 40 45
4 3 53 43
8 4 53 44
3 3 28 43
2 3 27 44
7 4 49 44
2 3 16 43
5 3 30 44
1 3 49 45
6 3 29 44
7 3 30 44
8 4 29 44
2 3 29 42
4 5 43 42
1 3 30 42
7 3 27 43
7 3 29 40
5 4 34 41
5 3 11 90
7 3 10 42
1 4 29 42
5 3 38 43
3 3 43 45
8 3 38 45
4 3 38 46
1 3 38 44
3 3 34 42
2 3 33 44
7 4 33 43
1 3 32 45
4 3 31 45
3 3 25 41
4 4 25 42
2 4 24 41
6 3 26 40
1 3 24 41
1 3 10 66
5 3 27 67
1 3 25 67
3 3 26 66
5 3 10 77
2 4 18 77
7 4 24 78
5 3 14 78
6 3 17 80
7 3 20 80
8 3 20 80
2 3 13 77
5 3 17 76
3 3 16 75
7 3 16 75
8 3 16 77
3 4 14 76
1 3 10 76
1 3 10 83
7 4 9 83
8 3 9 43
3 3 23 42
4 3 23 43
5 4 23 43
1 3 22 45
1 3 10 42
3 3 9 80
7 3 9 91
7 3 9 96
1 4 10 98
6 3 34 95
8 3 23 94
8 3 29 95
7 3 24 96
6 4 27 95
3 3 20 95
5 3 23 95
7 3 26 93
1 3 20 96
3 3 16 97
4 3 8 6
7 4 6 5
5 3 18 4
5 3 39 2
4 3 21 3
4 3 8 17
8 4 44 15
8 4 14 16
6 5 14 19
3 3 42 17
1 3 28 20
7 3 8 25
1 3 16 23
6 3 8 36
8 4 8 34
1 3 16 36
7 3 25 36
2 3 30 38
4 3 19 36
7 3 28 38
8 3 8 57
7 4 8 57
5 3 21 58
2 3 27 59
4 4 27 57
4 3 25 58
2 3 26 58
3 3 8 55
1 3 13 55
3 3 31 54
7 3 12 53
2 3 12 53
1 3 18 53
1 3 9 54
7 3 16 56
5 3 23 58
7 3 23 55
8 3 10 54
3 3 9 55
5 3 19 54
7 3 8 99
3 3 23 100
8 3 22 99
4 3 11 98
3 3 7 6
4 4 25 7
3 3 27 7
6 3 24 6
7 4 33 6
4 3 26 5
8 3 23 7
1 3 18 4
5 3 29 6
2 3 34 8
2 3 20 3
6 3 42 1
2 3 26 2
3 3 7 32
5 3 7 54
8 3 6 8
8 3 29 7
3 3 18 6
6 3 28 8
7 3 30 8
1 3 17 9
7 3 6 7
3 3 6 57
1 3 6 63
5 4 23 63
8 3 14 62
3 4 17 61
1 3 18 59
6 3 19 61
7 3 23 61
8 3 21 60
6 3 12 63
6 3 22 64
7 3 7 63
2 3 15 62
8 3 17 61
3 3 9 63
2 3 6 66
7 5 25 67
2 4 21 65
6 3 30 66
6 3 9 66
3 3 32 65
4 3 17 65
8 3 6 71
6 4 18 71
3 3 6 83
4 3 19 83
7 3 9 80
5 3 6 82
8 3 18 82
5 4 18 83
6 3 5 17
5 4 5 18
7 3 5 37
3 3 19 37
3 3 25 37
5 3 18 36
1 3 19 38
3 3 30 38
5 4 30 40
8 3 19 38
4 3 17 38
2 3 19 37
8 3 14 36
6 3 5 65
8 3 5 76
7 4 7 75
3 3 18 77
8 3 19 75
7 5 19 74
4 4 20 75
1 3 18 77
4 3 18 78
4 3 13 73
1 3 23 72
5 3 4 42
5 3 18 42
1 3 4 48
1 3 23 47
5 4 24 47
7 3 13 47
6 3 33 47
7 3 22 46
1 3 17 46
3 3 40 47
6 3 26 47
8 3 26 47
5 3 18 46
6 4 20 44
3 4 20 46
2 3 24 47
6 3 17 47
7 3 27 48
3 3 14 46
6 3 12 48
6 3 17 48
8 3 11 49
1 3 25 47
1 3 4 71
7 3 22 70
5 3 12 71
3 3 35 71
2 3 22 71
2 3 11 70
3 3 4 78
4 3 24 78
5 3 14 76
6 3 14 76
4 3 4 80
3 3 12 82
6 3 28 84
7 3 27 85
7 3 12 84
3 3 19 83
5 4 19 84
1 3 7 79
6 3 3 13
3 3 3 15
8 5 3 15
2 4 3 16
1 3 26 12
8 3 24 16
5 3 10 16
7 3 26 15
8 3 3 21
8 4 17 20
6 3 15 20
5 3 8 20
3 3 16 22
3 3 9 22
1 3 9 22
4 4 20 20
2 3 20 20
3 3 17 19
2 3 5 19
6 4 5 21
1 3 22 20
2 3 9 22
8 3 9 23
1 3 22 23
4 3 14 23
6 3 3 56
8 3 9 56
4 3 8 56
5 3 2 11
8 3 2 78
6 3 6 76
1 3 2 99
5 4 1 96
8 2 67 1
5 2 62 1
4 2 49 1
4 2 44 29
4 2 43 1
8 2 51 1
7 2 47 1
6 3 47 2
2 2 44 1
7 2 44 2
2 2 45 1
1 2 45 1
4 2 44 1
7 2 44 1
5 2 44 1
2 2 43 100
3 2 40 1
1 2 39 13
5 2 41 12
2 2 41 14
3 3 41 14
6 2 40 14
5 2 39 15
3 2 37 12
7 2 38 13
8 2 38 13
6 2 37 14
5 2 37 70
6 2 37 95
8 2 36 1
6 3 36 1
2 2 39 1
7 3 39 2
2 2 36 12
5 2 35 1
8 2 38 2
8 2 35 13
4 2 35 12
8 2 35 73
4 2 34 2
1 3 34 2
6 2 40 3
4 2 40 3
2 2 34 17
7 3 34 18
6 2 34 70
7 2 33 71
5 2 32 4
4 2 32 12
1 2 32 17
1 2 32 48
5 2 32 49
5 2 32 68
5 2 32 72
2 2 31 15
7 2 31 24
4 2 31 40
2 2 31 47
7 2 31 47
7 2 31 100
4 2 30 12
6 2 31 13
6 2 34 12
7 2 33 12
3 2 33 14
3 2 30 13
2 2 30 12
5 2 30 24
2 2 30 55
8 2 30 65
4 2 30 70
2 2 30 71
3 2 30 70
8 2 30 92
1 2 30 95
4 2 29 32
4 2 29 65
7 2 29 66
2 2 29 68
1 2 28 8
5 2 32 8
7 2 31 8
2 2 28 9
5 3 28 10
5 2 28 28
3 2 28 59
6 2 28 74
7 2 28 100
7 2 27 3
2 2 30 4
8 2 37 3
2 2 37 4
1 2 36 4
2 2 27 30
1 2 27 39
7 2 27 48
6 2 28 49
7 2 27 55
1 2 31 55
2 2 31 55
4 2 30 55
7 2 29 55
1 2 27 74
7 2 27 89
4 2 26 5
8 2 26 16
3 3 25 16
6 2 26 15
6 2 26 18
2 2 26 35
7 2 26 40
6 2 26 44
3 2 26 51
1 2 27 52
7 2 26 52
6 2 26 51
2 2 26 50
2 2 26 55
2 2 26 80
8 2 26 80
2 2 26 94
3 2 25 4
6 2 35 3
4 2 35 3
6 2 34 3
8 2 32 3
3 2 32 3
6 2 26 5
8 2 25 8
7 2 25 12
8 2 29 13
5 2 27 13
5 2 28 14
4 2 25 13
1 2 28 14
4 2 30 15
6 2 25 12
8 4 25 11
5 2 25 17
5 2 26 17
3 2 25 16
2 2 27 15
7 2 27 15
6 2 27 16
7 2 25 17
8 2 25 16
6 2 25 23
7 3 25 24
3 2 25 28
8 2 25 44
3 2 25 44
8 2 25 47
2 2 26 46
8 2 26 47
4 2 26 47
3 2 25 48
5 2 25 49
4 2 25 53
5 2 25 85
2 2 35 86
6 2 31 86
4 2 32 85
8 2 25 88
5 3 25 88
1 2 25 91
4 2 26 92
5 2 25 94
2 2 24 2
4 2 30 1
8 2 30 1
3 3 29 1
5 2 24 3
7 2 24 8
4 2 24 11
6 2 24 15
1 2 24 23
6 2 24 34
5 2 24 33
6 2 25 32
1 2 24 32
8 2 24 52
5 2 24 52
5 2 24 72
8 2 25 71
7 2 27 72
6 2 24 73
3 2 27 73
7 2 28 74
5 2 28 75
8 2 24 73
6 2 26 74
3 2 24 74
5 2 23 1
8 2 26 1
4 2 23 17
5 3 22 17
2 2 26 18
1 2 23 21
8 2 25 20
7 2 23 35
6 2 23 68
7 2 29 69
6 2 29 70
5 2 28 69
1 2 28 70
7 2 27 69
2 2 27 69
4 2 23 86
4 2 23 89
2 2 23 91
3 2 25 92
4 2 23 95
6 2 23 95
1 3 22 95
5 2 27 96
7 2 24 95
1 2 24 96
2 2 24 95
2 2 22 6
1 2 22 16
6 2 22 18
7 2 24 19
5 2 22 20
1 2 22 32
7 2 25 33
8 2 26 32
5 3 26 33
3 3 25 34
2 2 22 32
3 2 22 33
4 2 22 35
1 2 22 45
2 2 23 44
5 2 22 48
7 2 22 48
6 2 24 47
3 2 22 59
1 2 25 58
3 2 22 67
1 2 23 66
4 2 22 69
8 2 22 69
6 2 22 79
2 2 22 79
7 2 22 80
6 2 22 81
8 2 22 96
4 2 21 1
1 2 21 4
8 2 23 5
5 2 21 6
3 2 21 8
7 3 20 6
1 3 20 6
3 2 27 7
2 2 25 4
5 2 29 3
2 2 29 4
1 2 25 4
6 2 22 7
5 2 22 7
4 2 21 8
8 2 21 9
7 2 22 9
3 3 22 9
4 2 21 14
2 2 21 16
4 2 21 33
2 2 26 32
7 2 21 41
1 2 21 58
6 2 21 59
3 2 21 59
7 2 24 59
1 2 24 60
6 2 23 60
5 2 22 58
7 2 21 66
5 2 27 65
5 2 25 67
6 2 21 91
3 2 21 96
5 2 21 95
4 2 21 100
5 2 20 3
7 3 20 3
4 2 26 2
1 2 20 9
2 2 20 8
2 2 20 11
7 2 20 13
8 3 20 13
2 2 23 14
5 2 22 14
7 2 22 15
4 2 20 16
2 2 20 23
2 2 20 33
8 2 21 34
6 2 20 33
1 3 19 32
1 2 20 37
5 2 29 37
2 2 27 37
5 2 26 37
3 2 20 38
8 2 20 38
1 2 23 37
6 2 23 37
8 2 20 41
6 2 20 42
4 2 20 55
8 2 20 54
6 3 20 53
7 2 30 55
4 2 30 56
2 2 20 53
8 2 20 58
6 2 20 81
2 2 20 81
1 2 23 81
6 2 23 81
5 2 23 82
4 2 22 81
1 2 20 85
7 2 20 88
7 2 20 90
5 2 20 90
6 2 20 99
2 2 19 4
1 2 21 4
8 2 19 10
4 2 19 11
1 2 19 14
6 2 20 14
6 2 19 23
3 2 19 24
7 2 19 37
4 2 19 41
7 2 23 40
6 2 20 40
2 2 19 40
7 2 19 43
1 2 19 53
6 2 22 52
5 2 22 53
7 2 21 53
4 2 21 52
1 2 20 53
5 2 19 67
2 2 21 68
8 2 19 66
3 2 24 65
2 2 24 66
8 2 20 65
4 2 19 67
1 2 20 67
8 2 19 69
2 2 26 70
3 2 26 71
7 2 19 85
3 2 19 87
3 2 18 4
7 3 18 4
4 2 18 7
8 3 18 7
1 2 18 11
1 2 20 12
3 2 18 12
6 2 18 12
8 2 18 18
3 2 18 19
4 2 18 37
1 3 18 37
7 2 18 39
7 2 18 53
8 2 18 57
6 2 18 57
7 2 18 60
7 2 20 60
5 2 20 61
6 2 18 66
1 3 17 66
6 2 18 68
7 2 18 69
1 2 18 82
2 2 20 83
2 2 18 84
1 2 18 87
4 2 28 86
3 2 18 89
6 2 17 3
3 2 25 2
3 2 22 2
3 2 17 29
7 2 19 30
4 2 26 29
1 2 26 30
5 2 24 29
4 2 19 29
5 2 17 31
3 2 18 30
8 2 22 29
7 2 19 31
4 2 18 32
2 3 18 32
6 2 17 38
8 2 19 39
5 3 19 40
6 2 19 39
8 3 18 37
2 2 18 38
8 2 17 47
5 2 20 48
1 2 24 49
4 2 24 50
3 2 20 49
4 2 20 50
3 2 19 46
5 2 19 45
2 2 19 45
8 2 17 52
5 2 17 51
7 2 19 50
6 2 17 53
8 2 17 54
3 2 17 67
5 2 17 72
7 2 20 71
4 2 24 70
3 2 17 74
2 2 17 74
4 2 17 87
6 3 17 88
8 3 17 88
3 2 27 86
4 2 20 86
8 2 23 85
3 2 23 86
2 2 23 86
7 2 22 86
2 2 17 86
3 2 16 17
1 2 16 18
7 3 15 18
7 2 18 19
8 2 19 20
4 2 20 21
8 2 21 22
3 3 21 23
2 2 21 21
5 2 16 19
1 3 16 20
6 2 16 19
7 2 16 22
6 2 16 23
5 2 16 56
1 2 23 55
8 2 23 56
4 2 16 60
1 2 16 73
1 2 16 78
5 2 21 79
2 2 16 96
4 3 16 96
2 2 15 22
3 2 15 27
1 2 18 27
5 2 16 26
2 2 27 25
7 2 19 27
6 2 18 25
3 2 16 27
2 2 15 26
3 2 26 25
4 2 25 25
4 2 21 25
3 2 21 25
6 2 20 24
4 2 16 25
7 2 17 24
8 2 18 23
1 2 17 24
5 3 17 25
3 2 16 25
4 2 15 28
7 2 15 37
4 2 15 49
3 2 15 53
1 2 15 52
8 2 16 53
7 2 15 55
2 2 15 57
7 2 15 63
1 2 15 66
7 2 15 65
2 3 15 66
5 2 15 67
8 2 15 69
6 2 23 70
1 2 19 70
5 2 19 70
5 2 15 78
7 2 16 77
7 2 19 76
8 2 19 78
2 2 18 76
7 2 15 95
6 2 21 94
8 2 21 95
4 2 14 1
6 2 20 1
7 2 20 2
3 2 14 17
2 2 14 18
2 2 15 17
4 2 15 16
8 2 16 15
6 3 16 16
5 2 15 14
3 2 15 15
7 2 15 16
7 2 14 20
4 2 14 24
2 2 14 28
8 2 17 29
5 3 17 30
1 3 16 29
6 3 15 28
4 3 14 28
8 5 14 30
7 2 14 44
8 2 14 43
1 2 16 42
5 2 18 43
8 3 18 43
4 2 14 46
3 2 16 47
7 2 19 48
8 2 18 48
3 2 18 49
5 2 14 48
6 3 14 49
3 3 14 50
2 2 14 48
7 2 14 50
4 2 14 51
2 2 14 52
5 2 15 53
6 2 14 64
3 2 14 65
7 2 14 67
4 2 14 68
5 2 14 73
2 3 14 74
4 2 19 72
8 2 14 74
1 3 14 75
6 2 14 78
8 2 14 79
1 2 14 94
8 2 13 2
3 2 13 19
4 2 13 19
2 2 13 20
3 2 13 30
7 2 13 31
4 2 13 33
1 3 13 34
5 2 17 33
1 2 17 33
4 2 16 32
6 2 16 33
5 2 16 33
3 2 15 32
2 2 13 39
4 2 15 39
6 2 15 40
8 2 15 41
8 2 13 45
8 2 14 46
5 2 15 47
4 2 14 47
6 2 14 47
1 2 15 46
2 2 14 46
3 2 14 46
5 2 13 45
7 2 14 44
4 2 14 45
1 2 13 49
5 3 12 47
5 2 13 52
4 2 13 53
8 2 13 54
2 2 23 55
6 2 23 55
3 2 22 55
5 2 21 55
3 2 17 55
3 2 14 55
5 2 13 64
3 2 13 78
2 4 13 77
4 2 14 77
1 2 13 85
7 2 13 84
8 2 13 83
2 2 13 87
6 2 17 86
2 2 17 87
5 2 14 86
3 2 13 89
4 2 13 100
8 2 12 14
4 2 18 13
8 2 13 15
5 2 12 13
4 2 12 16
6 2 12 17
2 2 12 31
5 3 11 30
1 3 11 29
3 3 10 30
7 2 12 41
2 2 15 40
6 2 13 40
8 2 12 43
4 2 12 43
6 3 11 43
6 2 12 69
1 3 12 69
7 4 12 68
8 3 12 69
5 3 11 68
7 2 12 72
3 3 12 72
1 4 12 73
6 2 19 71
3 2 19 71
8 2 18 71
4 2 12 77
6 2 13 76
5 2 13 76
1 2 12 80
4 2 12 86
3 2 14 86
1 2 14 87
4 2 14 87
8 2 12 88
2 2 18 89
2 2 16 89
7 2 14 87
4 2 11 4
8 2 16 5
3 2 16 5
6 2 16 6
6 2 11 3
8 2 16 2
2 2 20 1
2 2 16 2
4 4 16 1
8 2 15 3
2 2 11 2
1 2 14 1
5 2 14 2
5 2 11 1
5 2 11 4
8 2 11 12
3 2 17 11
4 2 17 11
5 2 17 12
3 2 14 11
1 2 15 10
5 2 17 9
1 2 11 26
6 2 13 25
6 2 14 26
2 2 13 26
6 2 11 27
1 2 11 36
8 2 18 35
6 2 18 35
5 3 17 35
5 2 15 37
7 2 11 37
1 2 12 36
4 2 12 37
3 2 11 51
8 2 11 54
3 2 17 55
7 2 15 55
5 2 15 56
4 2 15 55
7 2 11 62
3 2 11 69
7 2 11 72
6 2 11 73
6 2 11 80
8 2 11 83
1 2 14 82
6 2 16 81
4 2 13 84
2 2 13 85
1 2 12 85
6 2 13 84
5 2 14 85
1 2 14 85
8 2 13 85
6 2 11 84
4 2 11 83
4 2 15 82
8 2 16 81
7 2 11 91
1 2 11 92
4 4 11 91
3 3 13 92
2 2 17 94
5 2 17 94
8 2 16 91
5 2 16 92
7 2 16 93
4 2 16 93
8 3 15 93
2 2 15 92
4 2 15 95
1 2 15 96
1 2 13 90
8 2 13 94
7 4 12 93
6 2 10 2
5 2 10 6
6 2 10 8
8 2 14 9
5 2 14 10
7 2 14 10
6 4 13 9
6 2 10 13
1 2 10 18
3 3 9 18
1 2 10 20
3 2 10 27
7 2 11 28
8 2 10 39
3 2 11 38
6 2 11 37
3 2 11 36
7 2 11 36
2 2 11 35
8 2 14 34
1 2 14 34
5 2 11 34
2 2 11 39
3 3 11 40
4 2 10 62
2 2 10 65
2 2 10 68
5 2 10 70
3 2 10 73
4 2 10 73
2 2 11 73
5 2 11 72
8 2 11 71
4 2 12 70
5 2 10 82
3 2 10 83
7 2 10 84
5 3 10 85
1 2 10 90
4 2 12 91
2 2 10 90
7 2 12 89
3 2 12 90
8 2 10 92
8 2 11 91
6 2 10 95
5 2 12 96
7 2 12 97
2 2 9 3
6 2 9 6
2 2 9 26
7 2 10 25
7 2 9 35
4 2 9 40
2 2 10 41
7 2 9 42
7 2 9 57
2 3 9 57
1 3 9 59
2 3 16 58
2 3 8 58
3 3 11 59
5 2 14 60
7 2 12 59
6 2 12 59
5 2 9 63
2 3 9 62
1 2 9 73
6 2 9 77
5 2 11 78
8 2 11 79
3 2 10 78
2 2 9 78
2 2 9 82
7 2 10 81
6 3 10 82
8 2 9 91
8 2 9 100
8 2 16 99
3 2 8 10
4 3 7 8
1 3 8 9
3 3 8 11
7 3 8 11
4 2 13 9
2 2 8 17
5 2 9 17
1 2 9 18
2 2 10 18
8 2 8 17
7 2 8 22
5 2 8 29
1 2 8 42
8 2 8 48
5 2 8 52
2 2 8 52
3 2 9 51
5 2 13 50
4 2 8 58
8 2 10 57
1 2 8 64
6 2 8 69
3 2 8 73
5 2 9 74
7 2 9 74
2 2 9 75
4 2 8 76
3 2 8 75
1 3 8 76
2 2 8 88
6 2 8 92
6 2 8 97
2 2 8 97
7 2 9 96
1 2 9 95
8 2 9 94
6 2 9 97
5 2 8 98
3 2 8 99
6 2 7 1
1 2 9 2
7 2 9 3
4 2 9 4
5 2 9 4
4 2 7 5
7 2 12 6
2 2 12 7
5 2 11 6
7 2 9 6
3 3 9 7
1 2 8 6
3 2 7 10
5 2 7 26
2 2 7 30
8 2 7 32
7 2 13 32
2 2 11 32
8 2 9 32
6 2 8 32
1 2 8 33
8 2 9 32
4 2 7 32
2 2 7 43
6 2 9 43
4 2 10 42
7 3 10 43
3 2 10 44
8 2 10 45
6 2 10 46
2 2 10 47
1 2 8 43
6 2 7 50
1 2 11 50
8 2 7 61
1 2 12 60
3 2 12 61
2 2 11 60
8 2 8 61
4 3 8 62
6 3 7 62
4 2 7 65
8 2 7 69
1 2 11 70
6 2 7 71
5 2 9 71
4 2 8 71
2 2 8 72
3 2 7 72
6 2 7 79
6 2 7 88
2 2 10 87
4 2 8 87
1 2 8 89
1 2 7 96
2 2 8 95
2 2 7 98
3 2 6 5
2 3 5 5
6 2 6 10
3 2 6 14
1 2 6 18
8 2 6 24
5 2 6 23
5 2 13 22
7 2 13 22
8 2 13 23
2 2 12 23
7 2 12 24
6 2 6 22
1 2 7 21
5 2 10 22
5 2 9 20
4 2 6 28
2 3 6 27
6 3 5 28
1 2 6 27
5 2 6 34
5 2 7 34
1 2 6 36
5 2 9 37
8 2 6 37
3 2 6 44
6 3 6 43
3 3 7 44
4 3 6 45
7 2 7 45
2 2 6 45
6 2 6 47
3 3 5 47
4 3 4 47
7 2 10 48
1 2 6 50
4 2 9 49
6 2 9 49
8 2 8 48
5 2 6 62
2 2 6 66
7 2 6 67
8 2 6 76
2 2 6 75
7 3 6 76
6 3 5 74
5 2 6 80
7 3 5 79
4 2 11 80
2 2 6 86
4 2 6 90
3 2 6 94
6 2 6 93
3 2 8 92
7 2 6 95
3 2 6 96
1 2 5 7
6 3 5 7
5 2 6 7
2 2 5 7
7 2 7 8
8 2 5 19
2 3 5 20
6 3 5 18
6 2 9 18
8 2 7 18
4 2 7 18
5 2 7 18
3 2 7 18
8 2 5 19
3 2 5 20
4 2 5 22
8 2 5 29
4 3 4 27
5 2 5 31
2 2 5 34
8 2 5 36
3 2 6 35
8 2 6 34
7 2 6 33
7 2 5 50
3 2 5 54
3 3 8 53
2 3 4 54
1 3 4 53
6 2 9 55
1 2 9 55
5 2 5 54
1 2 5 55
3 2 8 56
5 3 8 56
1 3 7 57
8 2 6 55
3 2 5 67
3 2 5 69
2 3 4 69
4 3 4 67
7 2 5 73
3 2 5 75
1 2 5 77
7 2 6 76
8 2 6 77
1 2 9 77
2 2 5 81
3 3 4 79
2 2 7 81
8 2 5 82
5 2 5 88
5 2 6 87
1 2 7 86
8 2 5 87
3 2 4 4
8 2 4 5
6 2 5 4
2 2 5 5
4 2 4 4
1 2 4 3
7 2 4 7
1 2 4 10
2 2 4 10
8 2 4 12
7 2 4 17
8 2 4 17
8 2 4 22
2 2 4 28
2 2 4 52
3 2 4 58
3 2 4 60
4 3 4 59
5 2 8 58
1 2 8 59
6 2 7 58
7 2 7 60
3 2 6 59
5 2 5 59
2 2 6 58
8 2 5 58
4 2 6 57
4 2 5 60
2 2 4 58
2 2 4 63
4 2 4 62
5 2 4 65
3 2 4 72
5 2 4 77
6 2 4 76
2 2 4 77
3 3 4 77
4 2 4 80
6 2 4 82
3 2 8 83
6 2 4 87
3 3 3 87
7 2 4 97
3 3 4 98
4 3 4 99
8 2 3 2
6 2 3 1
5 2 3 4
7 2 3 11
1 2 4 12
2 2 4 11
5 3 4 12
4 3 3 11
6 2 4 13
2 2 11 14
2 2 8 14
3 2 7 14
4 2 8 13
8 2 8 13
8 2 7 15
2 2 3 17
4 2 4 18
1 3 4 18
2 2 3 20
7 2 3 19
6 2 3 27
2 2 3 34
4 3 3 34
5 2 4 36
6 2 4 35
3 2 4 37
1 2 3 42
3 2 5 41
6 2 8 40
4 2 5 41
4 2 5 43
8 2 4 41
8 2 3 48
6 2 3 60
6 2 3 62
4 2 3 64
8 2 4 65
3 2 3 65
1 2 10 64
2 2 10 64
7 2 3 67
1 4 3 66
4 2 3 70
7 2 3 75
4 3 2 75
1 2 4 74
4 2 4 75
7 2 3 82
5 2 5 81
7 2 5 82
8 2 3 81
2 2 3 81
1 2 3 85
7 2 6 85
4 2 6 86
8 2 5 85
2 2 3 86
5 2 3 89
8 2 4 89
6 2 3 89
4 2 3 88
1 2 2 3
5 2 2 2
5 2 2 6
4 2 2 7
4 2 3 8
1 2 2 8
4 2 2 13
5 3 2 14
3 2 2 16
5 2 2 24
4 2 8 25
4 2 5 25
3 2 2 27
1 2 2 30
4 2 5 29
2 2 2 29
7 2 2 37
1 2 2 37
5 2 2 54
8 2 2 70
2 2 2 75
1 2 2 74
5 2 2 76
7 2 2 85
7 2 7 84
8 2 7 85
3 2 2 84
4 2 6 83
5 2 2 84
6 2 2 87
1 2 2 86
7 2 2 93
7 2 1 19
4 2 1 23
1 2 3 24
6 2 4 25
8 2 1 29
4 2 1 36
2 2 2 36
4 2 6 37
7 2 6 37
5 2 1 40
4 2 1 45
4 2 1 48
8 2 4 49
2 2 5 48
5 2 2 47
6 2 1 57
5 2 1 69
6 2 1 70
4 2 2 69
6 2 1 73
1 2 1 75
2 2 1 81
7 2 1 85
1 2 1 86
