15965
3094
6 5 102 4
8 5 99 10
8 6 99 25
5 5 99 30
1 6 99 85
2 5 97 6
3 5 97 92
1 7 92 4
2 5 92 65
3 5 88 66
3 5 93 66
4 5 87 91
1 5 91 92
5 11 86 19
5 6 85 65
6 5 99 61
8 5 83 27
1 5 82 24
4 5 82 84
3 5 79 50
2 5 100 48
3 5 90 51
7 6 78 11
6 6 76 67
6 6 75 88
7 5 74 7
4 5 75 10
8 6 73 29
6 5 70 27
7 5 69 6
2 5 69 49
1 5 67 66
1 5 67 82
3 6 66 93
8 5 67 90
8 5 98 88
4 5 63 42
5 5 63 87
1 6 61 31
5 5 62 33
8 7 61 40
7 5 97 39
4 5 90 43
3 5 60 19
6 5 92 19
5 7 59 5
1 6 59 15
3 5 91 16
2 5 75 16
4 6 59 63
8 5 95 61
4 5 80 62
8 5 59 73
3 5 97 74
2 5 82 75
8 5 63 75
3 5 82 73
6 5 52 60
7 5 52 95
1 5 68 96
5 5 51 70
4 5 60 71
8 6 93 71
6 6 94 69
8 5 51 68
1 5 50 69
6 6 49 37
1 5 48 23
6 5 98 23
4 5 76 22
4 5 83 24
1 5 67 21
2 5 57 21
1 5 71 24
3 5 69 24
3 5 48 40
2 5 59 38
7 5 45 1
1 5 57 2
2 6 67 4
7 5 44 87
6 5 61 90
3 5 43 59
4 5 44 58
4 5 78 57
6 6 60 57
3 6 87 55
4 6 92 56
6 6 42 26
2 5 66 25
4 5 85 22
5 5 42 58
7 5 80 55
5 6 69 60
6 5 48 62
8 7 61 61
1 5 42 92
1 5 41 83
4 5 84 85
8 6 69 83
6 5 91 84
6 6 40 67
2 5 37 2
6 5 37 17
6 5 48 16
8 5 35 70
5 5 34 18
5 5 32 31
2 5 44 30
6 5 94 33
5 5 67 31
6 5 86 32
3 5 32 40
1 8 43 36
3 5 83 41
5 5 83 43
4 5 82 44
1 5 85 43
2 5 65 43
8 6 32 38
3 7 54 38
5 5 65 34
7 5 82 32
4 5 32 49
1 5 92 50
8 5 32 57
6 5 64 56
4 7 53 58
2 5 43 56
1 6 45 55
1 6 86 52
6 5 86 54
5 7 60 55
3 5 81 51
7 5 82 52
2 6 27 67
7 5 48 64
5 5 50 64
2 5 80 61
2 5 37 65
6 5 26 22
3 5 26 66
5 5 25 67
2 5 24 59
1 5 43 59
2 5 63 59
5 5 42 60
2 5 23 94
4 7 22 81
7 6 80 80
2 5 69 80
7 5 74 79
1 5 72 77
5 5 56 80
8 6 40 80
2 5 87 76
7 6 21 22
1 6 51 23
8 5 19 51
4 6 18 92
7 5 17 65
3 5 31 61
3 5 16 36
4 5 60 38
8 6 60 36
2 5 84 34
1 5 59 40
6 6 83 43
8 5 84 45
8 6 13 10
8 9 54 12
8 5 70 10
7 7 56 10
6 5 13 24
3 5 32 25
5 6 56 23
5 5 13 75
5 7 8 78
7 5 54 77
5 6 71 78
4 5 66 77
7 6 8 79
2 6 5 4
1 5 69 5
6 5 51 5
8 5 77 7
6 5 42 2
6 5 5 6
4 6 5 23
6 5 29 23
3 5 5 28
3 5 21 27
4 5 4 9
7 5 3 92
4 5 57 91
4 5 83 96
8 4 97 47
2 4 93 72
5 4 92 77
7 4 93 76
7 4 92 84
7 4 87 37
8 4 86 48
7 4 94 46
6 4 93 48
5 4 84 49
4 4 84 52
3 4 82 96
8 4 80 53
7 4 79 62
1 4 79 65
3 4 76 62
8 4 75 36
1 4 75 85
6 4 74 33
4 4 74 88
2 4 89 90
7 4 73 38
2 4 73 54
2 4 72 36
7 4 70 20
6 4 73 22
3 4 68 80
5 4 68 97
3 4 68 98
7 4 66 5
8 4 83 5
7 4 69 5
5 4 66 19
7 4 66 35
4 5 65 35
5 5 76 33
7 4 75 33
8 4 66 63
5 4 65 3
6 4 65 89
7 4 85 90
7 5 90 90
2 4 75 90
1 4 83 90
8 4 76 88
5 4 75 89
2 4 78 91
5 4 78 91
5 4 62 7
2 4 61 85
1 4 85 85
5 4 80 85
7 4 60 74
7 5 77 75
2 4 69 75
7 4 78 75
1 4 59 56
6 4 59 60
5 4 58 76
7 4 57 69
5 4 55 62
2 4 54 73
3 4 74 73
8 4 67 75
1 4 56 74
5 4 52 50
8 4 52 77
8 4 54 75
6 4 54 79
6 4 52 98
3 4 49 1
3 4 48 11
7 4 66 13
3 4 52 9
4 4 46 91
5 4 46 89
6 4 45 42
2 5 54 41
6 4 45 53
4 4 44 17
1 4 87 17
3 4 44 72
5 4 44 76
1 4 43 13
4 4 45 16
4 5 84 16
7 4 84 18
2 4 42 18
3 4 42 97
5 4 41 55
8 4 41 56
1 4 74 54
8 4 59 56
3 4 41 69
5 4 41 94
7 5 75 92
4 4 73 94
6 4 72 92
7 4 51 90
6 4 40 7
3 4 40 73
7 4 43 73
3 4 48 72
4 4 60 72
6 4 41 72
1 4 62 70
8 4 39 24
4 4 54 24
6 4 55 25
6 4 35 66
6 5 79 67
7 4 48 64
7 4 82 62
6 4 78 62
1 4 78 64
4 4 76 61
2 4 60 65
8 4 34 53
1 4 31 14
1 4 31 21
1 5 79 18
5 4 81 16
1 4 31 33
7 5 62 34
5 5 49 34
1 4 46 33
7 4 39 33
8 4 44 33
5 5 44 33
6 4 66 35
6 4 55 33
6 4 31 60
1 5 31 60
4 5 39 58
8 4 46 58
8 4 40 60
2 5 46 60
7 4 51 58
6 4 64 58
3 4 46 59
6 4 67 59
1 4 50 61
7 4 29 21
7 4 80 20
6 4 31 19
6 4 79 18
8 4 28 25
1 4 50 26
5 4 54 27
6 4 59 28
6 4 69 29
3 4 55 28
5 4 26 33
3 4 39 33
2 4 30 32
3 4 30 29
2 4 56 31
1 4 26 36
3 6 26 34
5 4 62 36
4 4 26 84
4 4 26 93
3 4 64 92
2 4 60 95
8 4 44 95
6 4 76 93
7 4 80 94
2 4 69 96
2 4 79 95
5 4 44 93
5 4 72 95
3 4 47 96
7 4 43 95
7 4 58 94
5 4 58 95
2 4 49 93
3 4 25 9
8 4 56 8
3 4 65 10
3 4 24 28
5 5 39 27
3 4 27 28
2 5 66 28
8 4 70 32
1 4 80 30
3 4 60 30
1 6 59 31
4 4 49 28
7 4 35 29
7 5 64 28
7 4 24 56
8 4 75 55
7 4 31 57
5 4 23 31
8 4 41 31
6 4 33 32
3 4 49 32
1 4 22 40
8 4 22 41
8 4 47 40
3 4 40 44
4 4 65 43
7 4 54 44
1 5 72 42
2 4 80 42
7 4 21 52
2 4 71 54
7 4 73 56
3 4 53 54
8 4 61 52
1 4 60 52
4 4 39 54
6 4 56 54
8 4 69 54
5 4 28 54
3 4 21 58
2 4 58 58
8 5 61 56
7 6 58 55
7 4 56 58
2 4 30 57
8 4 20 62
4 5 35 60
8 4 66 63
3 4 45 62
3 4 18 50
5 5 18 50
3 4 36 50
7 4 85 47
2 4 71 48
7 5 76 47
2 4 82 45
1 4 79 48
5 4 24 53
4 4 60 53
8 4 59 50
1 4 53 53
6 4 29 53
3 5 59 53
5 4 17 79
1 5 20 82
5 5 63 82
3 4 26 79
3 4 16 3
2 4 54 4
5 4 14 82
1 4 50 84
6 4 77 83
6 4 71 84
7 4 73 85
7 4 20 84
3 4 81 86
8 4 70 86
5 4 11 39
2 5 22 37
5 4 37 37
4 4 11 41
5 4 10 45
5 5 60 46
2 4 38 44
6 4 24 46
4 4 78 44
4 4 76 49
2 4 10 70
6 4 75 68
1 4 74 69
6 4 10 87
8 4 60 86
2 4 19 84
2 4 71 82
5 5 71 82
8 4 22 83
8 4 9 7
8 6 79 8
7 6 29 7
4 5 64 4
6 5 50 6
2 4 75 8
1 4 65 4
6 4 59 5
3 4 43 9
2 4 44 7
3 4 56 7
8 6 64 6
8 4 58 8
3 4 52 5
5 4 58 4
8 4 48 8
1 4 44 8
4 4 43 8
5 4 8 8
7 5 58 7
4 6 7 9
1 7 29 9
4 5 13 9
1 7 54 7
8 5 14 9
7 4 66 5
6 4 46 7
3 4 64 7
5 4 44 8
2 4 29 9
6 5 81 11
2 4 9 10
7 7 10 11
6 5 11 12
5 4 62 13
3 4 8 17
8 5 67 15
8 4 25 15
3 6 45 14
3 4 60 19
7 4 6 65
2 5 52 67
1 4 55 65
6 4 26 67
6 4 35 65
3 5 34 64
7 4 38 63
4 4 5 14
4 5 56 12
8 4 66 17
6 4 60 13
2 4 5 65
5 4 8 63
5 4 51 65
8 4 66 66
2 4 65 68
8 4 38 63
4 4 16 62
1 5 40 59
2 4 44 61
6 4 28 60
1 4 21 60
6 4 29 63
3 4 5 65
4 4 63 66
6 4 54 67
6 5 60 67
3 4 55 66
2 4 53 66
7 4 54 67
6 4 43 66
7 4 8 66
2 4 14 66
7 4 56 66
7 4 40 66
5 4 18 63
5 4 11 70
8 4 11 68
5 4 5 73
8 4 69 74
3 4 3 22
6 4 22 20
5 4 3 41
3 4 63 40
7 4 43 41
8 5 62 41
4 4 65 40
4 4 61 40
8 4 67 38
5 3 90 46
4 3 82 88
8 3 80 86
2 3 79 51
4 3 78 12
3 3 78 71
7 3 78 98
3 3 77 46
2 4 76 46
4 3 84 46
5 3 78 49
7 3 75 43
8 3 75 45
8 3 74 1
6 3 76 2
6 3 74 87
1 3 73 88
3 3 72 29
6 3 74 29
8 3 74 30
7 3 72 34
7 3 72 84
1 3 72 85
2 3 74 85
8 3 72 85
4 3 71 77
1 3 71 75
5 3 71 78
5 3 70 46
6 3 71 45
3 3 76 47
3 3 68 11
7 3 73 12
8 3 68 14
7 4 67 13
8 3 67 1
6 3 67 2
5 3 67 12
8 3 68 12
2 4 68 12
7 3 68 12
7 3 67 16
2 3 66 2
7 3 66 3
3 4 65 1
2 3 66 21
1 3 66 29
2 4 66 30
7 3 66 31
2 3 66 37
1 3 65 24
6 3 65 28
1 3 68 28
4 3 73 26
3 3 73 27
2 3 67 29
1 3 65 98
4 3 64 17
2 3 77 19
5 3 64 30
4 4 63 30
5 5 62 29
4 3 65 31
7 3 64 96
6 3 62 22
4 3 62 28
8 3 66 26
2 3 72 26
7 3 71 24
7 3 70 28
8 3 67 27
6 3 68 26
7 3 62 78
6 3 69 78
7 3 61 86
6 3 65 85
1 3 60 3
2 3 61 3
7 3 70 1
5 3 69 1
2 3 64 5
4 3 62 1
7 3 63 2
1 4 62 3
4 3 67 1
7 3 65 1
4 3 61 2
3 3 67 2
3 3 60 1
3 3 60 57
5 3 63 56
2 3 59 6
7 3 68 6
2 3 59 31
3 3 60 29
4 3 59 35
7 3 59 55
8 3 59 72
4 3 77 72
2 3 60 71
7 4 65 70
2 3 69 71
1 3 75 70
4 3 63 72
8 3 73 72
7 3 68 72
7 3 72 70
8 3 71 70
5 3 70 68
1 3 59 96
1 3 63 95
4 4 64 96
7 3 70 93
2 3 66 93
5 3 61 97
1 3 71 97
1 3 63 96
4 3 58 23
7 3 58 22
5 3 62 21
4 3 58 61
2 3 58 83
1 3 72 80
4 3 79 81
7 3 58 86
7 5 63 86
3 4 66 85
8 3 74 87
2 3 74 86
5 3 74 89
5 3 69 86
6 3 73 87
2 3 65 86
1 3 63 86
5 5 63 87
7 4 69 86
1 3 78 89
1 3 67 87
7 3 65 88
1 3 57 56
5 3 57 72
5 4 67 72
3 3 67 69
5 3 57 93
7 3 55 26
2 4 55 26
6 3 55 74
1 4 56 74
3 3 55 83
2 3 68 81
8 3 70 80
5 3 71 78
8 3 68 80
2 3 77 81
3 3 72 80
3 3 56 85
4 3 56 86
3 3 66 88
1 3 64 84
7 3 54 38
6 3 67 39
1 4 68 38
7 3 73 39
4 3 62 37
3 3 68 36
1 3 68 34
6 5 68 36
5 3 64 36
3 3 64 38
3 3 60 36
6 4 60 35
2 3 59 37
1 3 60 38
3 3 54 43
1 3 54 81
2 3 71 80
2 3 63 82
2 3 61 83
5 3 57 82
3 3 67 80
1 3 64 80
7 3 70 80
2 3 71 78
4 3 53 5
8 3 53 40
5 3 53 53
3 3 52 2
8 3 52 1
5 3 52 23
7 3 52 23
3 3 52 84
4 3 61 86
2 3 61 86
6 3 56 84
4 3 52 84
3 3 56 85
5 3 57 83
6 3 58 84
8 3 51 9
2 3 50 19
5 3 66 18
8 3 50 25
6 3 60 25
1 3 67 24
4 3 49 3
6 3 64 3
6 3 49 22
2 4 48 22
3 3 53 21
8 3 53 21
4 4 56 19
7 3 53 20
5 3 53 21
1 3 55 22
6 4 54 22
2 4 56 22
7 3 52 22
8 3 49 27
4 3 55 28
1 3 55 27
3 4 55 26
8 4 55 28
5 3 63 24
2 3 51 28
7 3 49 26
4 3 59 25
7 3 52 27
2 3 48 7
6 3 48 11
8 3 59 12
5 3 60 12
1 4 67 13
3 4 61 12
2 3 54 11
3 3 71 13
6 3 68 13
8 3 60 13
5 3 66 14
2 3 60 13
7 3 52 11
8 3 52 12
6 3 61 13
6 3 50 11
2 3 48 26
6 3 58 25
1 3 57 25
5 3 48 31
2 3 66 31
4 3 57 30
6 3 48 70
7 3 48 78
2 4 47 78
7 3 63 78
3 3 58 77
3 4 61 75
8 3 48 77
6 4 48 77
8 3 58 78
4 3 47 1
6 3 47 21
3 4 47 23
8 3 47 20
7 3 47 19
5 3 47 23
5 3 54 25
5 3 55 25
2 3 48 21
4 3 47 36
1 3 58 34
4 3 47 44
7 4 69 42
3 3 47 47
7 3 63 48
8 3 69 49
6 3 70 49
3 3 72 49
1 3 66 50
4 3 67 50
8 3 68 49
1 3 47 45
6 3 50 45
1 3 49 44
4 3 52 45
7 3 77 46
4 3 47 74
6 3 47 74
8 4 49 74
8 3 47 96
3 3 46 20
1 4 46 20
6 3 48 22
8 3 48 23
6 3 46 19
4 3 47 19
1 3 62 17
7 3 46 89
2 3 75 89
6 3 69 89
5 3 59 90
1 3 50 89
8 3 51 89
1 3 57 89
3 3 58 91
1 3 62 91
8 3 68 91
5 3 46 95
3 3 63 97
2 3 59 97
2 3 45 45
5 3 59 46
2 3 45 48
7 3 64 49
2 3 60 49
3 3 63 50
8 3 59 48
3 4 59 48
4 3 59 49
8 3 58 47
5 3 45 50
5 3 57 51
5 3 64 51
2 3 64 53
1 3 61 52
7 3 60 52
7 3 45 53
4 3 56 53
7 3 49 53
5 3 44 79
7 3 43 13
8 3 65 14
2 3 66 15
3 3 65 15
1 3 50 12
2 3 52 13
2 3 50 12
1 3 43 55
3 3 55 55
5 3 55 56
5 3 43 56
7 3 43 79
6 4 43 79
7 3 68 75
3 3 65 75
3 3 45 78
5 4 47 78
6 4 69 75
2 4 49 77
3 3 52 80
5 4 51 80
6 4 53 79
6 3 61 81
7 3 44 77
4 3 43 84
6 3 50 85
8 3 43 90
3 4 43 90
3 3 63 91
5 3 47 90
3 4 47 91
8 3 46 92
6 3 47 90
2 3 42 16
8 3 44 16
5 3 42 38
6 4 47 36
7 3 59 39
6 3 42 48
1 3 50 45
8 4 50 47
5 3 58 47
7 3 41 15
1 3 58 15
4 3 46 15
8 3 43 16
4 3 41 28
5 3 54 28
6 3 51 26
8 3 49 26
3 3 47 27
4 3 49 28
5 3 49 29
1 3 44 28
6 3 43 27
2 3 43 27
3 3 49 26
4 3 41 44
8 3 43 44
7 3 42 44
6 3 45 45
4 3 40 13
3 3 40 18
6 4 40 18
6 3 59 17
4 3 53 15
8 3 44 20
2 3 44 21
1 3 40 44
2 3 52 44
5 3 54 43
8 3 51 43
7 3 40 58
8 3 40 94
2 4 43 94
6 4 40 95
8 4 39 95
6 3 43 93
1 3 46 92
7 3 46 94
5 3 39 5
7 3 60 6
8 3 39 31
2 3 49 31
3 3 53 30
8 3 39 43
7 3 39 62
3 3 41 63
3 3 56 63
7 3 48 64
1 3 42 63
5 3 49 61
7 3 50 63
3 3 46 61
7 3 39 84
7 3 47 82
8 3 39 86
1 3 47 85
3 3 39 93
2 3 47 93
7 4 47 93
5 3 48 92
8 3 53 94
2 4 56 95
6 3 58 96
6 3 55 96
3 4 55 96
8 3 49 90
1 3 52 88
3 3 51 88
5 3 49 93
8 3 38 17
1 3 40 15
8 3 51 16
5 3 52 15
8 3 45 17
6 3 47 16
5 3 41 14
7 3 41 15
5 3 54 13
7 3 38 35
4 4 41 32
5 4 41 32
4 3 59 33
6 3 49 29
1 3 44 35
1 6 52 34
6 3 40 31
2 3 41 31
1 3 38 66
1 5 49 64
3 3 38 64
4 3 48 64
7 3 48 66
8 4 47 65
2 3 38 74
5 3 51 73
2 3 65 75
7 3 49 74
8 3 64 75
4 3 37 4
2 3 45 4
6 3 47 3
8 3 37 62
6 3 50 61
6 3 37 68
5 4 45 68
7 3 54 71
4 3 54 70
3 3 47 69
1 3 47 70
5 3 55 68
5 3 50 69
2 3 58 71
8 3 51 68
4 3 46 68
3 3 44 68
5 3 56 68
4 3 37 73
7 3 59 74
5 3 45 73
2 3 50 73
8 3 50 73
7 3 40 71
4 4 40 72
4 3 41 73
8 3 37 82
3 3 41 82
6 3 47 81
4 3 58 80
1 3 51 80
7 3 36 10
7 4 47 10
5 4 46 10
1 3 45 9
6 3 36 35
3 3 36 37
5 3 58 39
3 3 67 40
4 3 40 39
2 3 36 76
2 4 44 74
8 3 49 73
3 3 53 71
6 3 57 69
4 3 57 70
4 3 53 73
1 3 44 75
6 4 44 75
3 3 44 75
6 3 35 8
6 3 35 11
6 3 52 11
2 3 52 12
1 3 35 33
3 3 35 49
7 4 33 49
8 4 35 49
5 4 35 49
8 3 44 49
1 3 48 48
4 3 45 51
7 3 37 47
8 3 66 46
4 3 40 48
7 3 35 57
1 3 35 61
2 3 47 62
5 3 34 17
3 3 50 17
8 3 52 18
7 3 51 19
4 3 62 18
7 3 50 16
8 3 34 34
2 3 34 34
4 4 47 33
5 3 53 33
2 3 46 35
4 3 34 60
1 3 58 59
7 3 36 58
7 3 34 61
7 3 33 35
8 5 32 36
6 4 48 36
8 3 47 34
7 3 46 34
3 3 52 33
4 3 34 37
7 3 38 38
5 4 60 40
1 3 63 41
3 3 38 38
5 3 33 45
5 4 39 45
2 4 40 44
1 3 47 44
4 3 40 44
6 3 32 16
5 3 35 15
4 3 41 14
2 4 41 13
7 3 50 14
5 3 45 13
4 3 49 13
5 3 41 16
3 3 42 16
2 3 42 16
2 3 37 17
7 3 37 17
4 3 35 16
1 3 32 39
6 4 31 39
5 3 33 38
2 4 33 39
8 3 56 39
6 3 44 38
1 3 42 37
4 4 42 38
6 3 56 40
6 3 59 41
6 3 36 37
2 3 46 37
5 3 40 36
7 3 40 37
1 4 40 37
4 3 44 37
8 4 43 37
5 3 41 35
8 3 34 38
5 3 55 40
3 3 47 40
3 3 49 42
1 3 39 40
5 4 38 41
3 4 38 39
4 3 32 42
4 3 46 41
2 3 36 40
1 3 32 78
5 3 36 78
4 4 40 76
2 3 55 80
2 3 40 79
4 3 38 80
6 3 37 81
8 3 52 82
7 3 52 83
1 3 51 80
3 3 51 82
5 3 53 81
8 4 53 80
2 3 46 83
6 3 32 91
2 4 45 90
2 3 52 91
6 3 46 90
7 3 51 92
6 3 50 93
5 3 42 91
3 3 31 43
1 3 31 44
1 3 48 42
3 3 42 45
7 3 48 46
8 3 38 45
1 3 40 46
8 3 31 85
6 3 42 87
8 3 40 84
8 3 32 83
1 4 32 85
7 3 48 86
6 3 30 15
7 4 33 15
6 3 30 60
8 3 47 59
2 3 47 59
1 3 46 59
4 3 54 58
4 3 36 61
6 3 37 62
8 3 34 60
3 3 47 59
1 3 52 59
6 3 47 57
2 3 41 58
7 3 30 68
4 3 35 66
5 3 33 66
3 3 44 66
4 3 30 89
5 4 54 87
6 3 51 87
2 3 41 88
2 3 51 88
7 3 33 88
4 4 33 88
3 3 44 87
8 3 48 86
2 3 29 19
8 3 42 16
5 3 46 18
8 3 46 19
2 3 42 18
7 3 29 32
6 3 43 31
1 3 41 30
6 3 29 31
6 3 44 29
7 3 29 84
4 3 33 84
7 3 38 83
7 3 28 41
7 3 37 41
3 3 34 42
8 3 33 41
5 3 59 42
3 3 28 52
4 3 53 51
8 3 45 53
6 3 28 74
6 3 36 74
6 3 51 75
5 3 27 10
4 3 44 10
5 3 27 23
3 3 30 22
7 4 30 23
1 3 53 24
1 3 34 23
4 3 37 25
3 3 37 26
4 3 32 24
2 3 32 24
2 3 33 25
4 3 29 25
5 3 30 24
6 3 32 24
7 3 36 25
3 4 36 24
7 3 35 25
6 3 38 25
4 3 38 25
7 3 27 26
1 3 29 25
5 3 33 26
1 3 26 30
5 4 26 29
8 3 42 29
4 3 47 29
1 3 35 27
5 3 40 29
7 3 28 27
7 3 26 32
7 3 48 32
4 3 37 30
3 3 37 29
1 3 26 37
6 3 29 36
5 3 26 59
7 3 44 58
5 3 44 58
8 3 44 60
8 3 26 73
4 3 26 76
5 3 41 74
1 3 38 75
2 3 43 73
3 3 26 95
6 4 42 97
1 3 42 97
6 3 33 95
5 3 31 97
3 3 36 96
8 3 25 11
3 3 38 12
3 3 25 16
2 3 25 33
1 3 25 56
2 4 42 55
8 4 24 55
6 4 49 54
1 3 51 54
6 3 51 52
4 3 54 50
4 3 49 55
8 3 42 54
4 3 41 55
7 3 38 53
3 3 39 55
3 3 40 53
1 3 25 79
8 5 30 79
7 3 36 77
2 3 29 80
5 3 36 82
4 3 42 83
2 3 24 6
7 4 33 8
6 3 43 8
7 3 42 7
3 3 32 5
5 3 32 7
7 3 24 36
2 4 24 35
8 4 24 35
3 3 33 33
8 3 33 35
6 3 31 36
3 3 27 36
2 3 24 45
1 3 52 46
5 3 52 46
2 3 51 46
4 3 31 44
2 3 30 47
2 3 38 48
4 3 29 44
2 3 24 77
3 3 37 77
6 3 40 76
7 3 39 76
4 4 38 75
8 3 41 75
1 3 35 78
2 3 34 79
5 3 23 22
6 3 23 26
8 3 32 26
5 3 34 25
4 3 23 29
4 4 33 28
7 3 31 30
6 3 30 29
4 3 23 47
2 3 23 59
8 3 27 58
3 3 39 57
6 3 42 59
2 3 41 56
6 3 39 59
5 3 23 71
5 4 51 69
2 3 25 71
4 3 39 70
7 3 23 96
6 3 29 96
3 3 43 94
8 4 43 93
5 3 45 96
4 3 36 95
7 3 29 95
3 3 22 22
5 3 22 52
5 3 49 51
6 3 50 50
1 3 35 53
5 3 36 54
8 3 35 54
6 3 29 52
1 3 21 8
8 3 36 7
3 3 23 7
8 3 35 5
8 3 21 22
6 3 29 22
7 3 29 22
4 3 21 31
5 3 30 31
8 4 32 31
3 3 37 31
6 3 24 30
5 4 24 31
4 4 25 31
7 4 26 30
6 3 29 30
8 3 23 32
5 3 26 30
2 3 34 28
8 3 34 27
6 3 21 34
4 3 23 35
7 3 23 35
5 5 23 36
2 4 24 37
1 3 31 39
1 3 23 36
1 3 21 58
2 3 21 89
4 4 21 90
8 4 26 91
5 3 44 91
1 3 43 92
3 3 31 88
6 3 30 88
8 3 30 89
1 3 31 88
4 3 40 89
6 3 39 88
5 3 31 87
2 3 31 87
1 3 29 87
1 3 27 90
7 4 41 92
3 3 40 94
4 4 40 92
6 4 40 93
3 3 41 90
7 3 26 89
7 3 38 90
2 3 31 89
1 3 33 88
3 3 31 89
4 4 31 89
2 3 40 91
4 3 37 91
8 3 31 88
3 3 36 88
3 3 30 90
2 3 32 89
7 3 30 91
7 3 37 92
4 3 39 92
1 3 39 93
1 3 22 87
3 3 32 86
4 3 20 35
1 4 20 35
5 3 20 41
2 3 41 42
7 3 40 42
5 3 41 42
4 3 45 42
1 3 20 66
7 3 48 68
7 3 20 89
5 3 31 88
1 3 32 87
4 3 25 88
6 4 28 87
2 3 26 89
5 3 23 88
7 3 25 87
5 3 20 89
6 3 20 98
7 3 19 6
4 3 51 4
8 3 23 4
8 3 47 3
3 4 49 4
3 3 43 4
5 3 19 58
1 3 19 72
1 4 32 71
5 4 18 72
8 3 27 72
1 4 35 70
3 3 32 73
2 3 28 72
7 3 40 74
6 3 29 74
8 4 30 74
5 3 30 73
4 3 35 74
4 3 18 55
2 3 35 56
5 3 29 54
1 3 18 78
5 3 36 77
3 3 37 76
5 3 17 15
6 3 17 25
2 3 30 26
4 3 17 33
4 3 19 33
3 3 21 31
7 3 21 30
2 3 25 29
1 5 25 30
1 3 33 27
8 3 22 30
6 3 20 30
3 3 21 30
8 3 17 47
8 4 20 47
3 4 23 48
2 4 23 50
7 3 29 46
6 4 40 43
8 3 24 51
7 3 23 49
4 4 22 50
7 4 33 48
8 3 32 47
8 3 21 49
7 3 36 48
2 3 36 48
1 3 29 47
4 3 32 49
3 4 38 50
4 3 30 48
5 3 17 75
6 3 36 76
1 3 17 84
8 3 37 84
2 3 21 84
5 5 25 83
6 4 23 83
8 3 16 6
5 4 21 7
4 3 41 6
5 3 41 7
6 3 41 5
3 3 40 6
2 3 43 6
5 3 38 6
1 3 48 5
2 3 35 7
6 3 39 5
4 3 21 8
8 3 20 7
3 3 23 8
3 3 22 6
7 3 19 8
7 3 44 10
7 3 16 15
1 3 36 14
1 3 16 25
2 3 16 56
1 3 33 53
5 3 25 57
3 3 33 57
3 3 30 56
4 3 35 58
4 3 21 57
7 3 16 66
3 4 27 65
8 3 43 68
4 3 47 68
2 3 44 67
7 3 21 67
4 3 18 65
8 4 17 65
3 4 15 64
4 3 38 64
2 3 24 65
1 3 25 67
8 3 24 66
6 4 24 66
4 3 32 67
4 3 22 65
2 3 27 63
4 3 39 61
1 3 39 60
1 3 27 63
7 4 36 62
3 3 21 66
3 3 16 73
2 4 15 72
1 4 15 73
6 3 22 71
3 4 33 70
6 3 33 73
7 3 33 72
3 3 18 74
2 3 37 75
3 3 27 76
5 3 35 75
1 3 34 75
1 3 26 77
8 3 30 75
5 3 29 77
7 3 16 94
1 3 22 95
4 4 43 95
1 3 42 95
5 3 34 96
5 4 41 96
2 3 43 97
4 3 38 96
7 3 30 94
5 3 33 94
6 3 15 21
7 3 37 19
8 3 37 19
4 3 27 19
3 4 27 20
4 3 43 20
1 3 41 17
1 3 46 19
8 3 26 21
1 3 21 21
3 3 45 20
3 3 20 21
2 3 37 20
6 3 22 20
4 3 39 18
7 3 27 18
2 3 27 21
3 3 34 22
8 3 29 23
5 3 28 24
3 3 15 38
7 3 26 36
6 3 15 66
1 3 31 68
5 3 30 69
1 3 15 79
8 3 29 78
4 3 29 77
2 4 29 75
1 3 22 79
5 3 32 80
6 3 34 82
2 3 33 79
3 3 23 79
4 3 22 78
2 3 15 81
3 3 33 80
8 3 16 81
4 3 34 81
4 3 15 95
8 4 32 95
1 4 28 95
5 4 21 95
2 4 24 96
8 4 20 96
6 3 27 94
6 3 25 98
7 3 18 95
2 4 17 96
7 3 20 95
3 4 19 95
8 3 15 98
2 3 31 98
6 3 14 12
3 4 19 12
4 3 35 15
1 3 30 11
5 3 41 10
1 3 41 11
1 3 20 11
6 3 18 13
3 3 31 14
7 3 35 16
6 3 31 13
3 3 34 14
1 3 34 15
6 3 22 11
3 3 33 9
3 3 27 13
5 3 28 12
7 3 26 13
2 3 22 13
4 3 17 11
2 5 18 12
4 3 14 72
7 4 16 71
8 3 15 72
8 3 14 83
8 3 19 84
4 3 21 86
4 3 17 83
2 3 14 88
5 3 22 90
4 3 22 89
1 3 22 92
8 3 22 92
2 3 21 92
6 3 31 93
3 3 22 91
1 3 19 87
5 3 20 86
1 3 13 81
7 3 29 81
1 3 13 86
5 3 12 22
6 3 36 19
6 3 31 21
5 3 12 49
6 3 27 48
8 3 39 48
7 3 12 48
6 3 13 48
4 3 34 46
3 3 29 47
2 3 32 45
5 3 19 47
5 5 30 47
5 4 26 47
5 3 12 60
7 4 18 59
5 3 31 60
1 3 33 61
1 3 11 3
3 3 31 3
8 3 20 2
1 3 19 4
6 3 43 3
6 3 21 6
1 3 41 3
4 3 18 4
8 4 34 5
7 3 33 5
1 3 33 5
5 3 20 4
4 3 42 2
7 3 42 2
3 3 54 2
1 3 17 5
5 3 34 6
3 3 32 4
6 3 41 4
2 3 20 3
4 3 15 4
2 3 37 3
6 3 27 3
7 3 19 3
4 3 45 1
1 4 45 2
7 3 45 1
8 3 14 5
7 3 12 3
4 3 11 13
6 3 11 40
5 3 29 39
4 4 29 39
1 4 27 39
8 4 36 39
4 3 36 39
4 3 36 41
2 3 28 37
7 3 10 15
5 3 10 31
7 3 10 78
6 4 11 80
8 4 9 78
3 3 26 80
4 4 29 81
6 4 26 78
1 3 29 77
1 3 22 80
8 3 22 81
2 3 20 78
7 3 11 80
3 4 13 82
5 4 13 83
6 3 19 79
4 3 10 93
4 3 18 94
5 3 19 92
3 4 19 94
2 3 9 7
2 3 15 6
5 3 9 12
3 3 17 12
6 3 26 10
1 3 28 8
1 3 40 10
4 3 31 10
7 3 26 10
4 3 11 11
1 3 13 10
7 3 12 10
3 3 29 9
3 3 27 9
2 3 27 9
5 3 13 11
7 3 8 29
7 3 17 29
4 3 16 29
2 3 8 42
1 3 19 43
6 4 19 42
2 3 22 41
2 3 24 40
7 3 18 44
3 5 17 42
7 3 29 44
4 3 17 44
3 3 9 43
3 3 12 45
6 3 16 46
2 3 22 47
6 3 12 44
1 3 35 43
1 3 21 43
5 3 8 72
8 3 7 7
6 4 18 6
4 3 18 8
2 3 10 5
7 3 10 6
2 3 7 24
7 3 7 27
4 3 19 27
6 3 20 26
5 3 13 24
6 3 7 33
7 3 19 33
3 3 25 32
1 3 9 34
5 3 25 36
1 3 24 32
4 3 16 36
6 3 19 36
3 3 19 35
5 3 15 36
8 3 15 37
4 3 22 38
5 3 21 37
8 3 9 34
4 3 7 77
1 3 10 76
7 3 15 75
1 3 16 76
1 3 17 75
6 3 24 73
6 3 18 75
8 3 8 76
2 3 7 77
2 3 7 94
6 3 18 93
6 3 12 95
8 3 15 94
8 3 16 93
2 3 16 94
7 3 7 97
2 3 6 3
2 4 8 1
2 3 6 74
2 3 20 74
4 3 6 75
1 3 17 73
6 3 6 81
6 3 11 80
3 3 27 82
8 3 21 79
3 3 21 80
4 3 15 81
5 3 6 97
5 4 15 95
4 3 5 1
7 4 5 1
1 3 5 1
2 3 36 1
7 3 5 17
1 3 5 26
7 3 22 23
3 3 17 24
4 3 8 23
1 3 8 25
4 3 4 67
1 6 5 67
2 3 43 69
2 3 12 69
4 3 27 68
8 3 27 68
8 3 42 69
3 3 4 90
2 4 6 90
8 4 12 89
4 4 12 89
7 4 12 89
6 3 19 87
2 3 15 89
7 3 15 92
3 3 15 93
1 3 12 92
5 4 11 91
6 3 13 89
6 3 10 91
5 3 15 89
8 3 7 92
1 3 13 93
7 3 18 95
2 3 13 93
3 3 6 91
5 3 13 92
8 3 13 93
4 3 13 93
1 3 6 91
6 3 5 91
8 3 3 1
5 3 12 2
8 3 19 1
1 4 19 1
4 3 28 2
4 3 24 3
6 3 12 4
6 3 9 1
1 3 3 35
4 3 13 36
7 3 14 38
7 3 17 37
8 3 3 48
5 4 3 50
6 3 35 51
4 3 11 46
2 3 12 45
1 3 4 49
3 4 4 49
2 3 26 50
2 3 4 48
1 4 12 46
5 3 3 66
5 3 22 65
5 3 18 65
5 3 3 89
1 3 11 89
7 3 3 91
7 3 4 89
3 3 2 53
4 3 21 55
3 3 16 51
1 4 25 52
5 3 16 54
6 3 18 56
8 3 2 51
2 3 17 50
8 3 2 57
8 4 32 58
4 3 28 58
3 3 30 59
2 3 18 57
2 3 20 57
6 5 21 57
2 3 14 58
8 3 14 58
3 4 15 58
8 3 23 60
7 4 24 62
5 3 37 63
4 3 23 61
2 3 22 61
6 3 21 59
3 3 21 60
2 4 23 60
1 3 11 59
1 4 19 59
5 3 22 60
8 3 7 56
8 3 19 57
5 3 22 56
7 3 24 55
6 3 19 59
5 3 18 60
6 3 3 59
5 3 8 56
8 3 8 59
3 3 2 75
2 3 2 85
1 3 2 84
6 5 5 85
5 4 4 84
1 3 13 82
5 3 19 81
7 3 10 86
6 2 58 1
3 2 48 51
6 2 46 43
4 2 44 64
5 2 42 98
5 2 41 1
2 2 41 19
4 2 43 18
8 3 43 19
6 2 42 18
8 2 41 51
2 2 41 51
4 2 40 15
1 2 40 69
3 2 40 69
3 2 39 19
4 2 39 18
5 2 38 42
7 2 38 43
8 2 38 42
2 2 38 43
5 2 38 54
6 2 38 64
6 2 37 14
4 2 36 2
1 2 36 13
7 2 37 13
8 2 37 14
3 2 36 14
2 2 36 52
7 2 39 51
5 2 39 51
5 2 36 62
1 2 35 40
3 2 35 51
5 2 35 54
1 2 35 62
6 2 34 13
1 2 34 51
6 2 34 52
5 2 34 69
4 2 41 70
1 2 41 70
6 2 41 71
7 2 40 70
8 3 39 69
6 2 35 70
5 2 33 1
5 2 33 13
6 2 33 57
7 2 32 1
2 2 32 13
7 2 32 14
4 2 32 15
4 2 32 51
7 2 31 28
8 2 31 41
6 2 31 46
5 2 30 17
7 2 30 47
2 2 30 61
8 2 29 15
1 2 29 20
6 2 38 19
5 2 36 19
7 3 36 20
1 2 34 19
3 2 31 19
3 2 33 20
6 2 31 18
8 2 33 17
3 2 29 43
3 2 33 42
5 2 32 42
5 2 29 54
6 2 32 54
1 2 29 82
7 2 29 82
1 3 28 82
2 2 28 9
4 2 28 16
1 2 28 17
7 3 27 17
6 2 28 16
5 2 28 20
4 3 28 19
5 2 32 18
7 2 30 20
8 2 30 21
4 2 28 46
2 2 28 47
7 3 27 47
4 2 28 61
7 2 28 62
5 2 30 62
5 2 28 63
6 2 28 83
2 2 28 97
6 2 27 14
2 2 27 14
8 2 27 28
6 2 27 40
8 3 27 40
6 3 28 39
4 2 28 41
3 2 27 46
3 2 27 54
2 2 27 71
1 2 27 70
8 3 27 71
5 2 35 69
7 2 29 70
4 3 29 71
2 2 28 70
6 2 27 69
1 2 27 70
2 2 26 19
8 2 26 32
4 2 29 33
6 2 27 33
3 2 27 33
2 2 26 39
7 2 26 56
3 2 26 98
5 2 25 2
1 2 25 15
8 2 25 14
2 2 26 15
3 2 26 16
3 2 25 39
8 3 24 39
6 2 25 53
4 2 30 52
4 2 34 51
8 2 32 51
2 2 28 52
4 2 26 52
4 2 29 53
8 2 25 55
4 3 24 54
8 2 25 64
3 2 25 70
8 2 25 82
4 2 25 83
6 2 25 97
1 2 24 10
4 2 24 15
5 2 24 14
5 2 24 18
4 2 25 17
6 2 25 17
5 2 25 18
4 2 24 19
3 3 24 18
1 2 29 20
2 2 26 19
6 2 27 20
3 2 27 21
1 2 25 20
6 2 24 20
7 2 24 41
6 3 23 41
4 2 24 46
7 2 24 53
1 2 28 52
3 2 29 51
6 2 34 50
7 2 33 50
6 2 24 55
3 2 25 54
1 2 25 54
7 2 24 60
6 2 24 81
7 2 24 86
5 2 27 85
2 2 23 8
7 2 25 9
5 2 23 7
2 2 23 6
7 2 23 13
1 2 24 12
3 2 24 12
7 2 23 19
8 2 23 19
5 2 23 20
5 2 23 33
3 2 23 40
6 2 23 40
3 2 23 62
1 2 26 61
6 2 23 63
8 2 28 64
4 2 23 69
7 2 33 68
1 3 33 69
3 2 25 68
5 2 24 70
5 2 23 73
4 2 23 76
4 2 22 1
6 2 28 2
8 2 30 1
7 2 30 2
8 2 29 3
2 3 29 3
8 2 25 2
1 3 25 1
5 2 25 3
8 2 22 1
2 2 22 2
3 3 22 1
1 3 22 2
7 2 22 53
2 2 22 53
3 2 24 52
5 4 24 51
7 3 23 53
5 2 29 50
5 2 27 50
7 2 27 51
6 2 26 51
3 2 24 51
3 2 22 54
5 2 22 56
3 2 22 60
8 2 22 88
4 2 21 2
5 2 21 10
4 2 21 10
2 2 21 9
4 2 21 8
4 2 22 7
6 2 22 6
7 2 22 5
4 2 21 16
2 3 20 16
5 3 20 15
8 4 19 14
6 2 22 13
8 2 22 14
2 2 21 19
4 2 21 18
1 2 21 18
2 2 21 17
7 2 21 24
1 2 25 23
3 3 25 24
5 2 24 23
4 3 24 22
8 2 22 23
2 3 22 24
2 2 21 32
3 2 21 33
4 2 21 33
1 2 21 40
4 2 21 53
7 2 21 67
6 2 20 17
8 2 20 18
5 2 20 21
8 2 20 21
3 2 20 21
2 2 20 22
1 3 20 23
5 2 21 22
4 2 20 22
5 2 20 26
3 2 21 25
8 2 22 24
7 2 22 24
8 2 20 28
3 2 24 27
1 2 23 27
5 2 23 27
4 2 23 28
2 2 22 26
7 2 22 26
7 2 20 40
5 2 21 41
1 2 26 42
7 2 33 43
2 2 23 42
5 2 31 43
1 2 31 43
7 2 30 43
2 2 30 44
8 2 20 51
8 2 20 54
2 2 20 56
3 2 20 57
5 2 19 4
2 2 20 3
7 2 20 3
5 2 20 4
1 2 19 5
5 2 19 18
1 2 19 17
5 2 19 23
6 2 19 25
4 2 19 24
7 2 19 51
4 2 20 50
6 2 19 50
5 2 19 51
3 2 19 52
6 2 19 57
6 2 19 63
3 2 25 63
1 2 26 64
4 2 26 64
5 2 20 62
8 2 22 63
7 2 23 64
5 2 23 64
1 2 29 64
6 2 24 64
3 2 24 65
6 2 21 63
3 2 25 64
2 2 24 62
6 2 26 61
8 2 23 62
4 2 24 61
4 2 20 61
2 2 19 82
2 2 22 81
7 2 19 81
4 2 19 81
7 2 18 13
1 2 20 12
8 2 20 11
2 2 19 12
6 2 20 11
4 2 19 13
3 2 18 16
7 2 18 17
2 2 18 24
6 2 18 24
5 2 18 25
2 3 18 26
1 2 18 25
1 2 18 27
6 2 18 39
2 2 20 39
1 2 18 40
6 2 18 45
4 2 19 46
3 2 22 47
1 2 18 46
3 2 24 45
8 2 24 44
5 2 24 45
6 2 21 47
4 2 22 46
1 2 22 46
1 2 18 49
5 2 18 49
8 2 18 50
6 2 18 68
3 2 22 69
6 2 22 69
3 2 18 88
2 2 18 95
7 3 17 95
4 2 17 4
2 2 17 8
3 2 17 11
7 2 20 10
2 2 19 10
8 2 17 12
2 2 17 14
4 2 17 15
1 2 17 20
4 2 17 25
4 2 17 40
2 3 17 41
5 2 23 42
5 2 20 42
3 2 23 43
6 2 23 44
1 2 20 42
2 2 22 42
8 2 17 40
7 3 17 39
5 3 16 40
4 2 23 42
3 2 23 42
1 2 23 43
8 2 22 43
7 2 20 42
1 2 17 50
4 2 17 62
7 2 19 61
3 2 17 65
1 3 16 64
6 2 19 65
1 2 19 65
2 2 18 64
4 2 18 64
4 2 17 66
5 2 16 4
7 2 16 3
3 2 16 3
8 3 15 3
3 2 16 17
3 2 16 22
7 2 17 22
2 2 17 21
6 3 17 20
5 2 16 23
4 2 16 30
7 2 20 29
1 2 20 30
7 2 16 32
2 2 17 31
1 2 16 31
2 2 16 39
1 2 16 45
8 2 16 45
3 2 16 46
8 2 16 53
7 2 16 75
6 2 16 79
6 2 18 80
3 2 16 95
6 2 16 96
2 2 15 5
4 2 15 12
1 2 15 14
5 2 15 20
8 2 15 19
2 2 15 24
3 2 15 25
3 2 15 28
8 2 15 32
5 3 15 32
4 2 18 32
2 2 18 33
3 2 15 32
1 2 15 33
8 2 15 40
2 2 15 45
7 2 15 48
6 2 15 62
4 2 18 61
3 2 15 62
8 2 15 66
2 2 15 65
4 2 15 65
5 2 15 66
2 2 14 9
3 3 14 10
1 2 17 8
6 2 15 8
8 2 16 7
8 2 15 9
6 3 14 9
7 2 19 7
3 2 16 9
7 2 15 7
3 2 16 6
6 2 14 15
1 2 14 15
3 2 14 20
6 2 14 40
2 2 14 40
1 2 14 55
3 3 14 55
7 3 13 56
6 2 17 54
1 2 15 55
7 2 16 56
4 2 21 57
2 2 19 57
3 2 19 57
6 2 18 57
3 2 17 57
2 3 16 57
5 2 14 54
7 2 14 60
7 2 16 61
5 2 14 61
4 4 13 60
5 2 14 77
8 2 20 76
3 2 17 76
5 2 21 77
7 2 21 78
4 2 16 76
2 2 17 77
1 2 19 76
7 2 17 78
7 2 14 85
1 2 28 85
3 2 20 85
2 2 23 86
5 2 20 86
1 2 19 84
5 2 24 85
6 2 20 83
2 2 19 85
3 2 17 85
3 2 25 86
6 2 23 86
8 2 23 86
3 2 13 3
8 2 13 15
1 2 13 31
2 2 14 30
5 2 13 41
3 2 18 42
7 2 17 42
4 2 13 42
6 2 13 52
6 2 16 51
4 2 16 50
8 2 16 50
2 2 17 50
1 2 17 50
4 2 13 54
4 2 14 55
3 2 13 55
1 2 13 61
3 2 15 60
6 2 14 60
8 2 13 60
7 2 13 65
4 2 13 66
5 2 18 67
2 2 20 68
1 2 16 67
7 2 14 67
2 2 13 86
1 2 15 85
4 2 19 84
2 2 14 85
5 2 17 86
7 2 15 86
8 3 15 86
1 2 13 97
4 3 13 98
2 2 17 97
3 2 13 96
1 2 18 97
4 2 18 98
1 2 17 98
1 2 14 97
7 2 12 6
1 3 11 4
3 3 11 5
5 3 11 4
8 2 14 6
5 2 14 7
5 2 15 6
4 3 15 7
8 2 12 11
5 2 14 10
4 3 14 11
1 2 13 9
8 2 13 11
4 2 12 11
4 2 12 17
5 2 13 17
4 2 14 18
3 2 12 20
7 2 12 20
3 2 12 23
8 2 12 22
1 3 12 23
8 2 12 24
8 2 12 31
8 2 12 36
2 2 14 35
2 2 12 35
1 2 19 34
6 2 19 34
3 2 12 34
5 2 12 33
2 2 12 32
8 2 12 35
1 2 12 43
8 3 12 44
3 2 14 43
4 2 14 42
2 2 12 45
5 4 12 44
8 2 13 43
6 3 13 44
2 2 12 50
5 2 12 52
8 2 12 53
4 2 14 52
2 2 13 52
6 2 12 60
7 2 12 60
2 2 12 60
5 2 12 69
1 2 18 70
4 2 17 70
3 2 23 71
4 2 24 72
1 2 21 71
7 2 21 72
2 2 20 72
5 2 20 71
4 2 18 69
8 2 17 70
1 2 12 70
2 2 17 69
3 2 12 84
1 2 18 83
7 2 20 82
5 2 12 94
1 2 11 2
7 2 11 1
2 2 11 2
8 2 14 1
6 2 11 8
4 2 11 9
7 2 11 10
7 2 11 25
4 4 10 25
5 3 10 27
4 3 12 27
2 3 12 29
7 3 11 29
5 2 13 29
3 2 13 29
7 2 13 29
6 2 13 28
3 2 11 48
7 2 11 49
3 2 11 55
5 2 11 54
5 2 11 60
5 2 11 64
7 2 15 63
5 2 11 67
3 2 12 67
2 2 11 66
3 2 11 72
2 2 11 75
7 2 13 74
1 2 22 73
6 2 20 73
3 2 20 73
3 2 11 74
5 2 15 73
7 2 17 72
7 2 15 73
3 3 14 73
6 2 15 72
4 2 14 74
6 2 11 76
7 2 11 76
8 3 10 75
1 2 11 82
5 2 11 87
1 2 15 87
4 2 13 87
4 2 11 90
8 2 11 90
7 2 10 4
3 3 9 3
4 3 10 2
6 2 12 1
6 2 10 6
1 3 9 6
1 2 10 7
5 2 10 7
1 2 10 13
5 2 13 13
1 2 13 12
3 2 13 14
6 2 12 12
6 2 10 14
2 2 10 15
4 3 9 14
4 2 13 15
7 2 10 21
6 2 10 22
1 2 10 28
2 2 12 27
8 2 14 26
5 2 12 27
6 2 10 27
7 2 10 38
3 2 13 39
3 2 14 38
1 2 15 37
4 2 10 39
2 2 11 38
3 2 15 37
7 2 14 37
4 3 14 37
5 2 11 37
7 2 10 45
1 5 9 44
7 2 12 43
2 2 10 47
8 2 10 49
3 2 15 50
7 2 14 50
6 2 11 50
3 2 11 49
1 2 11 51
5 2 11 51
4 2 10 62
5 2 13 63
2 2 13 64
8 2 14 63
7 2 10 65
5 2 10 69
8 3 11 68
4 3 11 69
7 2 14 70
3 2 11 69
5 2 10 74
4 2 10 80
3 2 17 79
1 2 17 79
8 2 17 80
2 3 17 79
2 2 14 79
7 3 14 80
8 2 13 79
4 2 15 78
4 2 13 78
8 2 14 77
6 2 13 78
4 2 11 79
8 2 10 83
6 2 10 83
7 3 10 82
4 5 10 84
7 2 14 82
5 2 15 81
5 2 12 84
2 2 10 81
3 2 10 83
2 2 10 83
8 2 10 84
5 2 10 84
1 2 13 85
8 2 10 94
5 2 10 95
8 2 9 3
3 2 9 8
2 3 8 7
5 2 9 9
3 3 9 10
5 2 9 11
7 2 9 12
8 2 9 17
1 2 9 26
3 3 9 27
8 3 8 28
5 3 7 29
3 2 11 26
6 2 10 26
6 2 9 32
6 2 10 32
7 2 9 32
5 2 9 32
8 2 9 32
1 2 9 32
4 2 9 34
3 3 9 34
1 2 9 40
2 3 8 40
7 2 9 41
2 2 9 44
8 2 9 52
8 2 10 52
3 3 10 53
7 2 12 53
7 2 10 54
4 2 9 58
6 2 9 65
4 2 9 66
3 2 9 80
5 2 9 79
6 3 9 80
2 4 8 79
4 2 9 88
3 3 9 87
6 3 9 89
1 2 11 86
3 2 10 86
3 2 9 90
4 2 8 9
2 2 8 15
2 2 8 17
1 2 8 18
2 2 11 19
8 2 9 17
3 2 8 26
7 2 8 38
6 2 8 42
1 2 11 41
6 2 11 42
1 2 9 41
4 2 9 42
2 2 8 50
1 2 8 50
7 2 8 56
5 2 10 57
6 2 9 55
3 2 8 56
3 2 8 58
7 2 13 58
1 2 13 59
4 2 10 57
5 2 10 58
8 2 10 57
1 2 8 57
4 2 8 60
1 2 8 64
8 3 8 65
7 2 12 63
3 2 12 62
5 2 11 63
1 2 11 63
2 2 8 64
6 2 8 69
2 2 17 68
1 2 17 68
7 2 9 70
8 3 9 71
1 2 9 70
6 2 8 71
3 2 8 79
3 2 8 86
5 2 8 87
7 2 7 4
6 2 7 3
6 2 7 8
5 2 7 9
6 2 7 14
2 2 7 28
3 2 7 42
8 2 7 44
7 2 7 44
6 2 8 43
5 2 7 45
6 2 7 50
2 2 7 57
1 2 7 56
4 2 7 58
5 2 7 58
4 2 7 62
3 2 9 61
3 2 7 69
2 2 8 68
7 2 8 67
6 2 8 68
4 2 8 69
1 2 7 68
2 4 6 68
1 2 7 71
1 2 9 71
3 2 9 71
2 2 9 72
6 2 8 71
8 2 7 71
6 3 6 71
1 2 7 79
1 2 7 81
2 2 7 86
8 2 7 89
6 2 7 91
7 2 7 92
2 2 7 92
1 2 7 94
6 2 7 96
8 2 17 97
7 2 15 97
6 2 15 97
4 2 6 4
3 2 6 5
1 2 6 11
8 2 6 24
2 2 8 23
3 2 7 23
6 2 6 25
8 2 6 27
1 2 7 26
4 2 6 27
8 2 6 29
2 2 6 31
3 2 6 30
3 2 7 31
4 2 7 31
7 2 6 32
1 2 7 32
8 2 6 33
2 2 14 34
6 2 6 36
7 2 6 35
4 2 6 46
5 2 6 60
2 3 6 60
1 2 8 61
8 2 8 62
6 2 7 61
8 2 6 64
4 2 6 75
7 2 6 76
3 2 6 76
8 2 10 77
5 2 6 78
2 2 6 81
4 2 7 80
8 2 7 80
7 3 6 80
2 2 6 84
4 2 6 86
3 2 6 96
4 3 6 97
8 2 7 95
2 2 7 94
2 2 6 96
5 2 5 2
1 3 5 3
4 2 5 2
7 2 5 7
3 2 5 11
1 2 7 10
6 2 5 12
8 2 7 13
1 2 5 16
4 2 5 20
4 2 9 21
1 2 6 19
2 2 5 21
6 2 5 23
5 3 5 24
7 2 5 27
7 2 5 41
5 2 5 40
8 2 5 43
5 2 5 43
1 2 5 45
2 3 4 44
8 2 5 46
5 3 5 47
7 3 5 49
3 3 5 49
6 5 5 47
4 3 4 48
3 2 5 46
5 2 5 51
4 4 4 50
8 2 5 69
6 2 5 84
7 2 5 83
3 2 5 90
1 2 6 89
2 2 6 90
5 2 4 20
7 2 7 19
6 2 10 18
8 2 10 19
6 2 4 32
5 2 4 33
5 2 4 36
3 2 6 35
7 2 8 34
5 2 6 35
4 2 10 34
5 2 9 34
1 2 9 35
2 2 4 36
4 2 4 35
2 2 4 42
6 2 4 61
7 3 4 62
8 2 4 81
6 3 3 81
4 2 4 82
2 2 4 86
4 2 4 89
4 2 5 90
8 2 5 91
6 2 4 94
4 2 4 94
2 2 3 7
8 2 4 6
1 2 4 7
3 3 4 8
8 2 4 8
6 2 3 9
1 2 3 23
5 2 3 26
6 2 3 25
3 2 3 31
8 3 3 32
3 2 3 35
6 2 3 54
3 2 3 53
1 2 7 54
4 2 3 60
5 2 3 59
4 2 3 65
6 2 4 65
3 3 4 66
4 2 8 67
6 2 5 67
8 3 5 68
6 2 3 67
6 2 4 68
6 2 3 71
4 2 6 72
7 2 9 73
3 2 5 72
7 2 6 73
1 2 6 74
1 2 8 74
2 2 8 74
4 3 7 74
8 2 6 72
6 2 6 73
7 2 3 76
4 2 4 75
3 3 4 74
2 2 3 78
6 2 5 77
8 2 4 77
4 2 6 76
7 2 6 76
3 2 3 84
5 2 2 4
6 2 4 3
8 2 4 4
4 2 4 5
5 2 3 5
8 2 2 5
6 3 2 6
7 2 2 9
2 2 3 10
1 2 2 15
5 2 5 14
1 2 5 14
2 2 3 14
6 2 7 15
3 2 7 15
3 2 3 15
4 2 6 16
5 2 6 16
5 2 2 16
1 2 4 15
4 2 2 17
5 2 2 19
8 2 2 22
8 2 4 21
2 2 2 23
1 2 2 22
5 2 4 21
4 2 4 21
2 2 3 21
1 2 2 26
3 2 2 29
7 3 2 29
5 2 3 29
4 2 2 29
6 2 4 30
1 2 2 30
7 3 2 31
6 2 2 41
7 2 4 40
1 2 2 45
3 2 2 44
6 2 6 45
5 2 2 47
5 2 3 46
7 2 2 52
3 2 2 56
7 2 5 55
4 2 2 58
1 2 3 57
8 2 2 69
7 2 2 71
2 3 2 72
4 2 2 75
4 2 2 94
6 2 5 94
8 2 1 28
6 2 4 28
4 2 1 36
8 2 9 37
6 2 8 37
1 2 6 37
6 2 5 37
1 2 4 37
4 3 4 37
5 2 1 53
5 2 4 54
7 2 1 65
8 2 3 64
6 2 1 68
1 2 1 67
4 2 1 70
4 2 1 77
2 2 3 76
6 2 2 76
4 2 1 95
5 2 4 94
8 2 7 95
4 2 4 94
