22048
3128
7 5 100 22
8 5 100 55
8 5 100 91
2 5 97 28
6 5 97 64
2 5 96 52
6 6 96 51
2 5 95 50
1 6 94 2
4 30 93 51
3 25 89 27
7 5 92 30
4 5 89 69
5 6 86 60
3 5 88 61
2 5 83 5
8 23 83 69
5 5 82 91
6 5 83 91
5 6 79 58
7 5 76 63
1 7 84 62
5 6 75 16
3 5 75 23
3 5 74 14
6 5 73 48
2 5 71 8
5 6 74 8
4 5 74 8
2 9 71 91
6 20 70 51
8 5 69 80
6 5 68 83
8 5 67 33
6 7 89 33
5 5 66 4
1 5 66 74
4 29 66 82
3 5 61 49
2 6 61 77
2 6 90 76
8 6 82 77
4 5 81 77
4 5 58 36
7 5 57 27
5 5 57 78
1 19 54 19
1 5 54 32
6 6 54 53
4 6 54 73
3 5 65 70
1 5 51 4
1 6 50 23
3 5 84 25
7 23 49 59
3 5 59 60
2 5 65 59
1 5 83 58
3 5 49 71
5 5 48 4
1 5 82 2
3 6 48 23
7 8 48 64
4 6 48 99
5 5 47 96
6 6 44 80
6 6 85 78
8 5 43 61
6 6 42 50
2 5 40 19
8 5 40 32
4 5 58 30
6 6 40 33
8 7 54 34
1 5 91 36
1 5 76 29
3 5 56 29
4 5 84 31
1 5 37 17
5 5 37 89
4 5 57 86
4 7 69 84
6 5 75 84
2 6 48 91
3 5 36 3
1 6 55 3
7 5 35 29
2 6 35 70
5 6 78 70
3 5 75 67
8 5 74 67
3 6 34 30
3 6 36 30
5 36 33 30
4 7 62 32
8 5 44 34
5 5 34 26
4 5 44 23
5 5 45 23
1 6 25 50
7 6 65 50
3 5 21 84
7 5 25 85
2 5 34 87
5 5 82 84
8 5 74 85
3 5 76 86
3 5 53 87
1 30 18 48
6 5 70 46
8 5 54 48
2 5 63 48
1 24 18 82
3 5 49 82
5 5 39 78
2 5 36 79
6 5 72 81
4 7 18 95
8 5 60 98
6 5 50 93
5 21 10 74
7 5 55 77
6 5 42 75
3 5 78 75
2 25 8 14
3 5 34 17
8 7 66 15
2 5 40 17
1 5 5 24
2 5 75 26
4 5 31 24
1 5 75 24
6 6 5 24
6 6 5 60
2 5 55 61
5 6 36 63
7 5 54 63
3 6 3 46
7 5 61 46
2 5 70 46
8 4 95 10
8 4 95 37
1 4 89 94
8 5 89 94
6 4 85 17
6 4 85 93
1 4 76 41
4 5 82 42
1 4 90 41
8 4 86 43
8 4 88 41
3 4 91 40
2 4 76 69
8 4 75 69
2 5 74 69
4 5 72 70
5 4 75 98
2 4 91 99
4 5 90 99
1 4 88 98
5 4 74 27
8 4 74 46
4 4 73 33
6 4 71 36
1 6 76 34
8 4 96 38
4 4 77 33
8 4 70 5
5 4 76 6
1 4 72 5
6 4 84 5
2 4 84 7
3 4 70 75
1 4 83 74
3 5 82 73
3 4 69 4
8 4 69 54
5 5 70 53
7 4 85 54
3 4 67 87
3 4 85 86
5 4 72 88
1 4 65 17
7 5 67 16
6 4 69 16
6 4 65 92
8 5 83 97
7 4 81 90
4 4 86 92
7 4 73 91
1 4 66 93
5 4 63 52
1 5 64 56
4 4 88 56
7 4 62 94
4 4 61 6
7 4 72 3
4 4 81 2
6 4 70 6
8 5 76 7
6 4 84 8
1 4 93 9
3 4 60 58
7 5 77 57
8 4 79 56
6 4 59 56
5 4 62 56
8 4 59 75
4 6 79 76
2 4 67 76
4 4 58 16
8 4 71 17
3 4 70 17
2 4 73 15
4 4 75 14
4 4 72 18
4 4 68 16
1 5 67 14
3 4 58 17
8 4 56 13
8 4 56 66
5 4 89 67
4 4 73 65
3 4 58 67
1 4 54 39
6 4 54 68
1 4 71 71
1 5 75 70
8 4 78 73
7 4 75 71
7 4 53 49
2 4 54 50
4 5 58 50
1 4 74 46
6 4 53 51
5 4 53 58
5 4 52 30
2 6 53 28
6 4 60 27
4 4 52 65
6 4 75 65
7 4 81 66
2 4 51 45
3 4 51 64
3 4 50 12
4 4 76 12
1 4 80 12
2 4 54 9
7 4 49 29
6 4 74 31
5 4 49 71
6 4 49 73
5 4 48 97
6 5 55 96
1 4 81 94
6 4 76 93
5 4 47 16
2 5 62 15
1 4 47 44
7 4 62 43
1 4 69 45
4 4 45 96
7 4 82 96
6 4 44 22
4 4 45 22
4 4 74 23
4 4 63 19
8 4 44 55
1 5 44 56
5 5 54 55
6 4 44 58
2 4 43 78
1 4 43 82
1 4 53 82
7 4 42 45
2 5 59 44
3 4 40 81
3 4 67 80
2 4 54 84
7 4 45 81
6 4 57 77
5 4 45 81
5 4 39 5
3 5 69 5
2 4 77 5
7 4 39 64
4 4 82 63
7 4 48 64
5 4 45 65
8 5 83 68
5 5 50 65
7 4 51 66
7 4 39 97
2 6 46 96
8 4 60 93
2 4 64 96
2 4 80 97
8 4 37 21
7 6 36 23
3 5 34 20
2 4 71 20
8 4 77 20
8 4 44 20
6 4 76 20
6 4 60 21
5 4 74 20
5 4 65 22
8 4 62 21
2 4 53 19
6 4 37 89
1 4 75 91
8 4 73 90
7 4 38 90
5 4 74 92
2 4 48 87
5 4 42 88
3 4 36 95
5 4 65 94
7 4 61 94
1 4 74 96
6 4 61 93
3 4 35 26
6 4 34 16
5 5 33 19
2 4 55 15
5 4 32 1
4 4 45 3
5 4 61 3
3 4 83 1
2 4 53 1
1 4 32 37
6 4 41 37
6 4 87 35
8 4 43 36
7 4 32 45
2 4 37 45
4 4 48 44
7 4 39 44
6 7 63 43
8 4 71 38
4 4 34 44
7 5 46 43
6 4 53 49
3 4 32 46
4 4 70 46
8 4 32 46
6 4 41 48
2 4 30 28
3 4 28 17
8 4 28 90
2 4 62 90
4 4 57 91
2 4 27 27
4 4 27 36
6 5 43 35
3 4 27 78
7 4 27 79
1 4 71 78
7 4 71 77
8 4 26 72
5 4 62 71
6 4 63 73
1 4 80 74
5 4 31 69
4 4 72 67
8 4 26 85
5 4 26 100
5 4 25 14
2 4 25 65
5 4 72 64
6 4 70 64
3 5 78 64
4 4 43 62
1 4 72 64
3 4 53 61
6 4 47 62
6 4 55 60
3 4 24 73
2 4 56 75
6 4 75 73
5 4 28 72
6 4 24 86
2 4 22 76
7 5 62 77
7 4 20 13
5 4 17 3
4 4 73 2
3 4 72 1
7 4 47 4
3 4 37 3
7 4 17 25
2 4 40 24
8 4 71 28
6 4 63 22
4 4 17 63
3 5 30 64
2 5 16 62
7 4 65 62
8 4 69 64
2 4 59 60
7 4 16 37
7 4 89 38
2 4 75 38
8 4 16 51
6 4 57 50
5 4 11 25
7 4 42 23
7 6 63 23
2 4 58 24
3 4 39 24
4 4 50 25
1 4 55 23
6 4 39 25
1 4 11 31
5 4 66 27
5 4 64 29
2 4 35 31
8 4 31 34
7 4 43 33
8 4 70 35
3 4 57 35
3 4 69 36
5 4 77 39
2 4 38 30
7 5 38 30
4 4 11 36
4 5 49 37
3 4 66 34
3 4 18 36
1 4 65 34
6 4 59 37
7 5 72 39
5 4 68 41
2 5 69 39
4 4 20 39
4 4 13 36
1 4 34 36
7 4 10 47
5 4 60 48
3 4 67 48
3 4 10 86
7 5 9 87
7 4 61 86
3 4 48 87
8 4 74 87
7 4 67 88
1 4 21 86
4 4 39 84
5 4 68 83
6 4 58 83
8 4 8 52
2 5 8 56
5 4 7 94
3 6 22 94
6 4 56 89
5 4 56 91
6 4 64 87
7 4 51 91
4 4 9 94
3 4 65 92
2 4 64 92
7 4 28 93
3 4 33 93
8 4 53 89
5 4 53 89
2 4 31 94
6 5 62 95
8 5 43 95
6 4 58 97
8 4 34 92
3 4 54 90
4 4 55 87
8 4 21 92
8 4 41 91
4 4 48 92
1 4 8 94
5 4 45 95
2 4 59 95
5 4 59 96
2 4 22 95
4 5 25 97
5 4 6 50
8 4 5 25
8 4 16 25
8 4 47 26
1 4 27 24
6 4 63 26
3 4 58 26
1 4 53 24
4 4 33 23
4 4 13 26
4 4 60 26
3 4 5 39
6 4 33 42
2 4 27 40
5 4 5 62
6 4 42 61
5 4 49 62
4 4 41 60
6 4 35 59
7 4 58 58
6 4 76 57
8 4 11 65
5 5 31 65
1 5 51 65
5 4 50 63
7 4 3 52
7 4 20 53
2 5 57 51
3 4 57 54
5 4 36 52
7 4 4 52
4 4 19 52
5 5 26 52
5 5 18 51
1 5 61 49
7 5 42 50
2 4 45 51
7 4 27 49
3 4 14 51
8 4 2 21
1 4 46 22
4 4 51 22
6 3 84 100
3 3 82 12
1 3 93 11
7 3 81 10
8 4 80 10
7 3 78 19
3 3 76 10
1 3 83 9
4 3 84 9
5 3 81 8
7 3 76 57
3 3 76 57
4 3 75 58
4 3 76 58
3 3 75 73
7 3 74 11
2 4 74 11
2 3 74 71
5 3 74 74
4 3 73 100
8 3 72 99
5 3 71 32
5 3 71 72
2 3 72 71
8 3 70 2
7 3 70 31
4 3 70 33
5 3 70 48
2 3 70 54
4 3 70 57
1 3 74 56
5 3 72 56
8 3 70 97
5 3 69 6
3 3 72 5
7 3 69 79
8 3 69 81
8 3 68 54
2 3 68 60
2 3 67 6
1 3 67 38
7 3 67 55
3 3 67 59
1 3 66 9
8 3 67 8
7 3 66 10
4 3 66 84
7 3 70 85
6 3 65 10
4 4 71 10
5 4 71 11
7 3 72 12
6 3 72 12
7 3 76 12
8 3 74 13
4 3 74 12
7 3 65 36
8 3 65 41
5 3 68 43
8 3 65 89
1 3 77 88
6 3 77 88
2 3 64 100
6 4 70 99
4 3 63 5
1 4 73 4
4 3 63 37
4 3 63 67
2 3 68 67
6 3 63 67
3 3 70 66
1 3 62 12
5 3 71 13
1 3 72 11
5 3 62 19
4 3 75 18
1 3 77 20
1 3 70 19
3 3 63 20
6 3 64 20
4 3 62 39
7 3 61 14
5 3 72 13
1 3 61 29
4 3 61 73
4 3 70 74
7 3 69 72
8 3 65 73
4 3 60 2
1 3 60 4
7 3 61 3
8 3 60 11
8 3 60 15
2 3 60 30
7 3 60 71
1 3 66 71
5 3 59 10
1 3 59 26
8 4 59 27
7 3 59 29
2 4 61 28
7 3 61 31
4 3 59 57
7 3 59 75
5 4 59 75
2 3 58 3
2 4 59 3
1 3 58 11
5 5 68 12
8 3 70 11
3 3 62 11
6 3 57 40
3 4 72 38
7 4 72 40
6 4 64 38
7 3 57 89
5 3 69 89
1 3 68 88
4 3 58 89
2 4 60 89
5 3 56 20
7 3 56 66
1 3 56 99
8 3 55 83
1 3 63 83
6 3 70 81
2 3 64 85
2 3 55 84
6 3 66 85
5 3 56 86
4 3 55 99
2 3 54 5
7 4 64 4
4 3 65 6
8 3 64 5
8 3 54 48
6 3 54 52
3 3 58 52
8 3 54 90
2 3 57 89
5 3 53 1
6 3 53 2
6 3 54 2
7 3 63 1
3 3 56 1
1 3 53 35
1 3 53 91
3 3 53 97
1 3 60 97
1 3 52 70
2 3 69 70
6 3 54 71
5 3 63 72
3 4 63 71
6 3 67 74
8 3 51 56
4 3 63 58
3 3 51 60
8 3 54 59
3 3 51 90
6 3 58 88
3 3 58 86
7 3 63 85
5 3 51 97
2 3 68 98
3 3 66 97
1 3 65 97
5 3 50 4
7 3 52 4
2 3 56 4
3 3 64 4
1 3 58 6
3 3 53 4
3 3 50 21
7 3 53 20
8 4 61 20
7 4 56 18
7 3 61 20
8 3 68 19
7 3 66 20
1 3 60 20
5 3 50 22
4 3 56 20
1 3 49 17
4 6 49 18
5 3 57 15
3 3 55 17
5 3 59 14
6 3 70 12
7 3 70 11
3 3 69 12
2 3 55 17
6 3 55 20
7 3 53 15
7 3 49 60
6 5 57 59
6 3 58 60
1 3 56 58
6 3 63 57
2 3 70 56
6 3 51 59
1 3 49 60
8 6 57 58
5 3 65 56
1 3 65 54
4 3 65 54
7 3 57 59
2 4 56 56
4 3 49 59
1 3 60 58
4 3 49 72
8 4 56 69
5 4 55 70
3 4 50 71
4 6 56 70
3 3 69 69
2 3 61 73
2 3 54 70
3 3 55 68
8 3 49 79
1 5 50 77
2 3 70 78
6 3 63 78
8 4 63 78
4 3 63 80
8 3 63 81
2 3 61 78
1 3 62 77
5 3 61 78
5 3 61 80
2 4 60 80
5 3 64 80
3 4 64 80
8 3 50 77
7 3 49 82
4 3 49 81
7 3 48 13
4 3 47 6
3 3 49 5
8 3 61 6
4 3 49 4
6 3 60 5
4 3 73 7
8 3 72 7
6 3 47 28
6 3 56 26
1 3 47 27
4 3 47 30
5 3 57 30
1 3 66 31
8 3 62 31
6 3 47 58
6 3 59 56
6 3 50 57
5 3 53 55
1 3 53 57
2 3 47 60
5 3 46 1
7 3 48 1
4 3 46 58
6 3 45 17
5 3 49 16
3 3 50 15
6 3 52 15
8 3 45 24
2 3 52 25
7 3 45 31
6 3 58 31
3 4 66 32
2 3 45 37
3 3 53 37
1 4 60 38
5 3 62 38
5 3 56 37
8 3 51 38
3 3 57 37
2 3 51 38
1 4 51 38
8 3 66 40
3 3 50 38
2 3 54 38
6 3 57 38
7 3 45 59
3 3 47 59
2 3 54 57
1 3 45 75
1 3 61 74
1 3 53 74
3 3 55 76
7 3 55 78
4 3 54 73
4 3 55 74
7 3 54 74
2 4 54 74
1 3 45 89
7 3 44 89
2 3 63 87
1 3 53 88
4 3 62 86
6 3 43 23
4 3 43 38
2 3 43 74
7 3 44 72
7 3 43 78
8 3 54 77
6 3 43 79
2 3 43 84
8 3 46 86
4 3 42 1
5 3 69 1
6 3 42 33
2 3 54 31
7 3 54 32
8 3 55 33
2 3 50 34
4 3 42 72
6 3 53 71
7 3 42 95
3 3 51 95
4 3 54 94
4 3 61 95
2 3 61 96
4 3 55 96
7 3 54 92
2 3 54 92
4 3 52 94
7 3 54 96
2 3 47 95
8 3 48 94
1 3 46 95
8 3 44 94
7 3 42 98
1 3 53 97
5 3 52 95
5 3 41 25
7 3 41 25
5 3 46 25
5 3 41 69
8 3 46 66
2 3 44 66
6 3 41 84
6 3 40 7
2 3 67 7
3 3 69 8
1 3 40 23
2 3 40 23
6 3 40 49
8 4 59 48
8 3 46 47
2 3 40 88
5 3 47 88
6 3 48 89
2 5 48 90
4 3 41 88
1 3 39 36
4 3 43 35
1 3 43 36
6 3 39 36
6 3 46 35
4 4 46 36
3 3 62 33
4 3 49 35
1 3 39 42
6 4 42 43
7 4 63 44
6 4 65 42
4 4 63 41
1 4 47 41
3 3 68 42
7 3 68 44
8 3 65 44
8 3 48 45
4 3 56 43
7 3 56 44
1 3 60 42
3 5 60 40
2 3 60 41
3 3 56 46
8 3 41 42
2 4 42 40
2 3 61 43
5 3 39 60
8 3 38 80
1 4 46 80
3 4 46 80
1 4 50 81
2 3 46 82
4 3 37 14
4 3 54 12
6 3 63 10
3 3 47 15
1 3 48 13
5 3 45 11
8 3 52 13
2 3 42 14
5 3 56 12
6 3 47 15
2 3 47 15
7 3 51 13
1 3 50 15
6 3 42 13
8 3 37 54
5 4 42 55
4 3 51 55
4 3 40 56
7 5 39 54
8 7 40 55
6 4 38 56
7 4 46 53
1 3 45 57
3 3 41 56
3 3 47 55
4 3 38 55
6 3 57 53
2 3 47 56
4 3 36 33
8 3 49 33
4 3 36 52
3 3 36 52
3 3 45 51
8 3 39 49
5 3 44 47
1 3 45 48
7 3 54 46
3 3 47 49
1 3 39 51
8 3 36 85
2 3 36 90
5 3 35 57
7 3 35 61
3 3 39 58
1 3 35 71
1 3 52 72
1 3 39 70
3 3 40 69
8 3 38 73
5 3 45 74
7 3 45 74
5 3 40 74
8 3 45 75
6 3 35 82
5 3 34 5
8 3 34 57
8 3 49 56
7 3 40 56
8 3 40 55
6 3 40 55
1 3 39 55
2 3 33 10
1 4 35 9
5 3 42 9
7 3 64 10
4 3 43 8
1 3 66 7
5 3 39 10
8 3 33 43
2 3 33 48
8 3 53 49
3 3 48 46
2 3 46 49
6 3 52 50
4 3 47 47
7 4 61 47
1 3 33 51
6 3 33 60
3 4 53 61
5 3 41 62
4 3 37 59
4 3 33 77
6 3 40 76
8 3 55 78
6 3 55 79
3 3 32 54
5 3 39 54
1 3 32 54
4 3 31 31
8 3 52 31
6 3 52 30
1 3 51 29
4 3 51 31
7 4 50 29
8 3 50 29
5 3 50 28
1 3 47 30
4 3 51 29
1 3 51 29
5 3 40 31
3 3 47 33
2 3 52 33
6 3 31 43
4 3 53 43
2 3 50 43
7 3 51 42
5 3 57 42
8 3 52 40
7 3 47 42
3 3 52 40
6 3 31 81
7 3 31 94
6 3 39 93
4 3 39 94
6 3 40 96
7 3 45 95
1 3 39 95
3 3 43 95
3 3 35 94
6 3 30 22
1 4 51 20
1 3 30 80
7 4 37 79
6 3 32 78
4 3 51 78
8 3 30 88
3 3 39 87
1 3 29 2
1 4 48 1
8 4 38 1
8 3 41 3
3 3 42 2
7 3 41 2
4 3 45 3
2 3 29 7
5 3 50 6
7 3 55 7
8 3 54 7
8 3 59 8
1 3 59 10
1 3 40 6
2 3 56 8
3 3 56 9
6 3 56 9
7 3 29 41
4 3 59 41
3 3 47 41
6 3 29 56
4 3 38 55
3 3 36 57
8 3 36 57
6 3 40 57
3 3 47 59
1 3 28 58
1 3 28 65
5 3 58 65
2 3 43 64
6 3 60 63
7 3 38 66
8 3 28 76
7 3 28 86
2 3 50 85
8 3 46 85
3 3 34 84
8 3 32 87
4 3 29 86
8 3 52 84
5 3 38 85
4 3 52 83
6 3 28 99
4 4 28 99
2 4 30 98
7 3 27 18
6 4 48 18
2 4 27 19
4 3 47 16
7 3 57 18
6 3 28 19
6 4 30 18
4 4 39 18
8 3 44 14
3 3 50 12
5 3 38 18
4 3 38 18
3 3 50 18
5 3 27 18
3 4 40 15
8 3 37 16
1 4 40 14
6 3 54 12
6 3 39 16
7 3 33 16
4 3 40 15
5 3 48 13
6 3 36 17
3 3 35 16
7 3 29 16
6 3 27 17
8 3 27 16
5 4 26 14
3 4 28 14
2 4 26 17
2 3 49 11
4 3 32 15
8 3 27 14
5 3 27 29
8 6 27 29
3 3 43 29
6 3 39 26
3 3 40 26
3 3 38 29
4 3 45 26
8 3 31 28
1 3 33 29
4 3 32 29
4 3 27 48
1 4 31 47
4 4 41 46
6 3 52 47
5 3 46 47
3 3 42 50
1 3 36 47
8 3 27 63
6 4 27 63
4 3 48 62
6 3 50 62
2 3 26 2
2 4 44 1
4 3 41 1
1 3 26 15
3 3 39 13
2 3 44 12
8 3 56 11
6 3 26 50
7 3 41 50
1 3 49 52
4 4 49 53
1 3 26 97
6 3 50 97
8 3 28 94
1 5 29 95
4 4 27 95
3 3 35 96
5 3 29 93
5 3 37 94
6 3 27 94
3 4 27 95
7 3 35 95
4 3 28 94
2 3 27 93
3 3 38 93
4 3 27 97
7 3 26 98
3 3 49 99
5 3 26 98
3 5 26 98
7 3 44 98
4 3 31 98
4 4 48 98
2 4 36 97
8 3 32 98
7 3 41 100
1 3 38 97
3 3 38 100
3 3 30 97
2 3 34 98
5 3 34 99
6 3 33 98
5 3 37 97
1 3 25 21
1 3 45 20
8 3 45 22
8 3 42 21
2 3 39 19
6 3 39 20
5 4 49 18
3 3 49 18
5 3 39 21
2 3 44 21
5 3 44 21
8 3 44 21
4 4 44 20
1 4 43 20
2 3 38 20
1 3 37 19
2 3 28 22
4 3 27 22
8 3 30 21
3 3 27 23
1 3 30 23
3 3 25 53
8 3 46 54
7 3 33 52
2 3 24 32
5 3 47 31
6 3 49 33
6 3 47 32
4 3 24 32
3 3 33 33
5 4 42 31
2 4 37 32
4 4 38 30
2 3 40 32
7 3 44 32
6 3 24 31
1 3 31 32
5 3 31 32
7 3 32 32
5 3 38 34
5 3 32 34
8 3 55 34
7 3 43 34
2 3 31 34
8 4 34 34
8 3 31 35
3 4 33 33
5 4 38 35
5 3 24 33
6 3 24 34
4 3 23 3
3 5 25 4
5 3 38 4
6 3 36 4
6 3 39 2
8 3 43 4
7 3 50 5
6 3 40 3
8 4 40 5
7 3 41 2
8 4 41 2
2 3 51 2
2 3 38 2
8 3 36 4
6 3 32 4
7 3 31 4
2 3 36 4
7 3 25 3
4 4 34 2
5 3 44 1
6 3 26 5
2 3 31 3
2 3 28 3
6 3 40 3
7 3 30 2
4 3 48 1
8 3 23 52
8 3 33 50
7 3 23 65
8 4 32 65
5 3 57 66
8 3 56 67
6 3 42 66
3 3 39 66
6 3 60 66
6 3 44 65
2 4 47 67
1 4 43 66
1 3 47 66
4 4 47 66
8 3 50 66
6 3 55 68
5 3 49 68
8 3 58 68
3 3 46 64
5 4 46 65
5 3 23 92
5 4 27 91
4 4 23 93
7 3 37 91
8 3 42 91
8 3 51 88
5 3 31 90
2 3 24 89
4 3 46 88
8 3 28 90
1 3 32 88
8 3 34 86
2 3 34 86
5 3 47 87
1 3 47 89
5 3 43 85
1 3 37 84
5 3 32 89
7 3 46 88
8 3 46 87
1 3 37 89
3 3 37 91
1 3 22 51
3 3 22 53
2 3 36 52
5 3 36 52
1 3 36 52
4 3 39 53
6 3 25 54
7 3 35 53
3 3 22 93
6 3 21 9
7 3 21 13
2 3 26 14
4 3 21 18
7 3 31 17
2 3 41 19
3 3 33 19
5 3 21 65
7 4 42 64
1 3 45 67
8 3 44 63
3 3 44 62
6 3 43 63
7 4 43 63
7 3 46 61
5 3 21 92
1 3 26 92
2 3 20 5
4 4 47 6
6 3 46 6
4 3 23 4
8 3 20 12
8 4 29 11
6 3 32 12
7 4 32 11
1 3 19 3
5 3 32 3
6 3 25 2
7 3 19 18
5 3 36 18
8 3 36 19
5 3 19 40
7 3 54 40
1 3 49 41
6 3 49 42
8 3 54 43
3 3 53 44
4 3 54 46
8 3 52 43
5 3 38 41
7 3 37 41
6 3 19 39
7 5 19 40
5 3 56 39
3 3 36 38
1 3 35 39
4 3 24 39
3 5 29 38
6 5 37 37
7 6 36 37
6 3 51 42
6 3 50 40
5 3 50 40
8 3 45 42
5 3 45 43
3 3 35 36
6 3 45 37
8 3 34 36
2 3 37 35
5 3 40 35
3 3 36 34
5 3 46 34
7 3 32 39
3 3 32 39
2 3 37 39
4 3 36 38
5 3 39 40
7 3 39 40
3 3 42 38
4 3 42 39
8 3 19 97
8 3 31 96
5 3 21 95
6 3 24 97
1 3 25 99
5 3 24 99
4 3 21 95
2 5 23 94
7 3 24 93
4 3 18 6
8 3 40 6
1 3 18 37
7 3 41 37
1 3 18 40
5 3 46 42
3 3 18 82
1 3 49 81
4 3 38 82
7 3 17 3
4 4 19 2
7 4 26 1
1 3 32 1
8 3 17 50
3 3 24 51
6 3 17 71
8 4 27 71
6 6 28 72
7 4 26 73
5 5 39 72
7 4 31 71
4 4 31 70
2 4 36 70
4 3 40 70
2 3 33 69
8 3 31 70
7 3 28 73
2 5 27 73
2 3 41 74
2 3 48 76
6 3 41 75
8 3 35 72
2 3 31 72
3 3 29 72
6 4 30 71
3 3 35 73
1 3 30 70
1 3 38 68
8 4 38 70
7 3 18 70
4 3 17 69
8 3 29 69
3 3 47 67
5 3 26 69
4 4 35 68
6 3 26 68
4 3 41 67
6 3 33 68
3 3 17 92
3 3 25 90
6 3 24 92
6 3 29 92
4 3 29 92
4 3 24 92
1 3 23 91
3 4 28 90
3 3 41 88
6 3 40 90
8 3 16 6
3 3 20 7
6 3 23 9
8 3 43 9
2 3 47 11
4 4 49 9
7 3 49 9
4 3 47 13
2 3 20 8
3 3 30 9
1 3 30 11
4 3 16 41
3 3 16 45
8 3 36 44
3 4 38 45
2 3 42 46
7 3 38 45
2 3 46 42
3 3 46 42
1 3 15 5
5 3 38 6
7 3 16 5
4 3 24 2
8 4 24 2
8 3 28 1
2 3 28 2
4 3 15 5
6 3 15 44
5 4 24 42
8 4 16 46
4 3 44 46
1 3 28 44
4 4 32 44
3 3 42 44
6 3 36 42
2 3 35 42
5 3 30 42
4 3 29 44
1 3 37 45
3 3 28 42
3 3 24 42
8 3 24 43
4 3 15 89
6 4 18 89
5 3 22 88
8 3 34 89
7 3 34 90
3 3 23 87
1 3 19 88
5 3 17 90
4 3 18 88
6 3 15 96
5 3 22 96
8 3 21 96
6 3 14 16
8 3 17 16
1 3 17 18
6 4 23 19
7 3 23 15
8 3 23 16
2 3 14 19
5 4 14 19
8 3 20 21
7 3 14 62
8 3 43 63
6 3 13 10
7 3 29 7
4 3 13 29
1 3 27 28
5 3 38 26
7 3 14 30
5 3 13 56
1 3 35 53
2 3 34 56
3 3 19 54
2 3 35 54
4 3 16 56
3 3 27 56
7 4 30 53
1 3 30 53
6 3 26 56
5 5 24 55
3 4 24 56
8 3 39 59
1 3 45 59
5 3 42 58
6 3 29 58
8 3 23 55
1 3 25 57
1 3 13 75
2 4 22 74
2 3 16 75
3 4 36 76
7 3 38 75
6 3 24 77
8 3 13 78
6 3 46 79
5 3 34 77
6 3 39 79
2 3 30 78
3 3 22 79
1 3 16 78
4 3 13 83
4 3 45 81
7 3 52 83
3 3 44 83
7 3 30 81
8 3 41 82
7 3 38 82
5 3 12 21
7 3 12 26
2 3 25 24
1 3 33 26
6 3 33 25
7 3 37 24
4 3 26 26
8 3 12 30
3 3 18 31
1 3 22 32
5 3 32 32
8 3 22 33
5 3 20 30
2 3 18 30
2 3 24 29
7 3 28 31
8 3 12 33
7 3 15 32
5 3 15 32
8 3 24 31
5 3 23 32
6 3 14 34
3 3 13 31
7 3 15 29
2 3 12 37
5 3 32 37
2 3 29 35
6 3 37 34
8 3 37 35
6 3 21 36
5 3 28 36
8 3 15 37
4 3 15 36
4 3 33 34
2 3 19 34
8 3 11 9
3 3 43 10
4 3 40 9
6 3 40 8
7 3 24 8
3 3 41 8
6 3 37 10
8 3 26 7
1 3 42 7
7 3 43 7
1 3 21 10
6 3 24 9
5 3 41 11
7 4 41 12
6 4 39 13
1 5 38 11
8 3 38 12
2 3 11 9
3 3 12 9
7 3 29 9
4 3 11 8
6 4 31 6
5 4 11 9
3 3 11 22
6 5 11 22
6 4 23 22
3 3 36 24
7 3 33 21
4 3 33 20
6 3 33 20
7 3 28 23
4 3 24 22
1 3 24 24
8 3 19 23
5 3 23 22
2 3 11 76
5 3 18 75
2 3 45 76
5 3 28 76
1 4 35 74
4 3 20 74
4 3 30 74
5 3 23 73
4 3 10 2
1 3 24 2
5 3 23 3
5 3 10 42
4 4 35 41
3 3 10 43
4 3 10 49
5 3 10 56
2 3 21 55
1 3 10 74
4 3 14 75
6 3 15 73
7 3 29 71
1 3 33 69
6 3 29 73
1 3 18 74
5 3 15 73
8 3 13 73
7 3 26 71
2 3 25 73
4 3 24 72
5 4 27 70
4 3 27 69
5 3 31 69
7 3 34 67
2 3 40 67
6 3 33 68
6 3 10 98
4 4 11 99
8 4 11 98
6 3 23 95
1 4 24 97
8 3 17 96
2 4 17 98
4 3 9 18
1 3 9 23
4 3 9 32
1 5 14 31
6 3 23 30
4 3 23 29
5 3 28 28
7 3 27 28
4 4 31 28
1 3 37 27
6 3 24 29
8 3 23 30
1 3 9 63
2 4 41 62
3 3 48 62
4 3 41 63
1 3 16 61
3 3 11 64
5 4 43 65
7 3 43 67
1 3 42 68
4 3 10 62
1 3 9 68
3 3 31 68
3 3 40 68
8 3 8 29
6 4 20 29
2 3 16 28
8 3 8 59
7 3 33 57
1 4 33 58
2 3 23 61
4 3 8 69
4 3 22 67
8 3 36 65
2 3 37 67
8 3 30 69
1 3 23 69
2 3 28 68
8 3 13 68
6 3 8 81
2 4 13 81
1 3 14 81
6 3 25 80
2 3 24 83
7 3 29 85
1 3 7 34
3 3 7 40
5 4 13 40
8 4 30 38
6 3 23 40
5 3 14 37
4 3 7 74
1 4 23 76
3 4 22 76
5 3 33 76
2 3 21 75
8 3 31 76
8 3 28 75
7 3 20 75
6 3 20 72
3 3 18 72
4 3 6 26
8 3 8 26
5 3 31 27
1 3 21 26
6 3 6 55
8 3 11 57
7 3 36 58
3 3 24 57
4 3 22 57
8 4 26 59
7 3 10 57
6 3 6 92
1 3 22 94
1 3 9 94
2 3 10 94
1 3 13 92
2 4 13 94
4 3 20 95
2 3 20 96
4 3 14 95
7 3 13 93
8 4 18 92
7 3 9 95
6 3 15 94
6 3 5 33
7 3 29 34
2 4 28 34
1 3 26 35
7 3 5 36
8 3 23 35
7 3 12 34
8 3 10 35
6 3 21 36
7 3 21 35
5 3 21 37
4 3 36 38
2 3 32 38
2 3 5 87
6 4 21 87
3 3 32 86
6 3 37 85
7 3 21 88
1 3 30 87
2 3 20 89
1 3 7 88
8 3 20 89
5 4 19 89
2 3 11 87
5 3 30 86
5 3 26 86
8 3 5 91
7 3 3 58
4 3 22 57
1 3 23 58
5 4 23 58
8 3 3 97
1 5 9 95
5 5 2 95
6 4 3 97
3 4 3 97
3 4 15 98
2 4 3 96
4 4 6 95
2 3 4 98
4 3 12 97
1 3 14 98
6 3 5 99
4 3 1 46
8 3 11 45
3 3 9 48
3 3 19 49
4 3 8 47
2 3 39 46
7 3 23 47
5 3 21 48
7 3 3 48
6 4 10 49
8 4 33 51
5 3 33 52
5 3 12 50
1 4 17 48
6 3 30 50
2 3 13 47
1 4 13 49
1 3 1 47
5 3 28 49
1 3 1 52
6 3 15 50
5 2 52 45
4 2 50 100
1 2 45 64
5 2 44 61
3 2 44 85
8 2 47 84
3 2 43 82
2 2 43 85
5 2 41 78
6 2 40 64
7 2 40 80
8 2 39 13
1 2 39 15
5 2 39 47
5 2 39 80
4 2 38 12
2 2 39 13
3 2 38 14
1 2 38 27
8 2 38 46
6 2 38 47
7 2 38 63
3 2 39 64
8 2 38 65
3 2 38 80
7 2 37 7
8 2 39 7
2 2 37 11
4 2 37 14
3 2 37 63
6 2 37 82
4 2 37 85
1 3 37 84
1 2 44 84
5 2 36 8
8 2 36 7
6 2 36 9
2 2 36 15
4 2 36 45
1 2 36 45
5 2 36 62
1 2 42 61
6 2 40 61
6 2 36 61
8 2 36 63
6 2 36 77
7 2 36 79
3 2 40 78
4 2 37 78
5 2 36 82
3 2 36 84
4 2 35 8
2 2 35 60
4 2 35 78
7 2 35 84
8 2 39 83
6 2 40 82
4 2 39 84
2 2 36 83
3 2 39 82
5 2 37 84
7 2 36 84
3 2 34 46
3 2 34 62
1 2 34 63
4 2 34 65
6 3 34 64
1 2 35 66
6 2 37 67
6 2 35 67
3 2 34 64
5 2 33 13
4 2 33 25
1 2 33 39
1 2 33 61
4 2 35 60
5 3 35 61
5 2 33 79
8 2 37 78
2 2 36 78
1 2 33 79
5 2 33 84
2 2 40 85
6 3 40 85
3 2 39 85
7 2 32 6
3 2 33 7
1 2 33 7
7 2 34 7
3 2 34 6
5 2 32 7
5 2 32 42
7 3 32 42
5 2 32 46
6 2 32 46
7 3 32 47
4 2 32 49
8 2 32 67
8 2 32 83
2 2 32 84
3 2 32 93
5 2 31 15
5 2 31 38
8 2 32 39
8 2 31 42
8 2 31 48
1 2 31 67
5 2 36 67
4 2 31 78
7 2 33 77
4 2 34 78
1 2 33 77
2 2 32 77
7 2 30 1
5 2 30 8
7 3 30 9
2 2 30 21
4 2 30 42
4 2 30 46
4 2 30 66
1 2 30 79
6 2 30 82
3 2 32 81
2 2 32 81
4 2 33 80
7 2 29 19
2 4 28 19
1 3 28 21
3 2 29 45
8 2 36 44
6 2 36 45
3 2 33 44
7 2 33 44
5 2 33 45
8 2 29 54
3 2 29 55
3 2 29 64
4 2 29 77
8 2 29 79
6 2 32 79
1 2 29 82
8 2 29 85
2 2 30 86
6 2 29 85
5 2 28 7
8 2 28 6
4 2 28 6
4 2 28 8
3 2 28 21
8 2 28 22
8 2 28 38
7 3 27 38
5 3 27 39
6 2 28 38
4 2 28 43
3 2 30 44
1 3 30 44
6 3 29 45
6 2 29 42
8 2 28 46
2 3 27 45
5 3 27 44
8 3 26 45
8 2 28 67
2 2 32 66
7 2 28 70
2 3 27 69
4 2 28 68
8 2 27 19
3 2 27 28
5 2 33 27
6 2 27 40
4 2 27 60
1 2 36 61
1 2 28 61
4 2 32 62
8 2 31 62
7 2 32 61
4 2 30 62
3 2 30 62
8 2 29 61
7 2 28 60
5 2 27 60
3 2 27 84
7 2 32 85
4 2 27 84
5 2 26 13
2 2 30 14
7 2 27 14
6 2 32 13
1 2 35 12
4 3 35 11
7 2 34 11
3 3 34 12
4 2 30 13
6 2 26 27
2 2 29 26
6 2 32 27
1 2 32 27
4 2 30 27
7 2 30 28
2 2 27 26
3 2 26 38
7 2 26 47
1 2 26 48
7 2 29 49
4 2 27 47
6 2 27 47
6 2 26 49
8 2 26 61
2 2 27 62
5 2 28 63
6 2 28 64
1 2 29 65
4 2 27 63
2 2 26 60
6 2 26 69
8 2 26 71
1 2 25 5
5 3 25 5
6 2 25 6
4 2 25 15
6 2 25 14
7 2 29 13
3 2 29 12
1 2 25 15
6 2 25 18
3 2 25 21
4 2 25 24
3 3 25 24
7 3 24 24
6 3 25 23
3 3 25 25
5 3 25 25
8 2 27 27
4 2 25 51
7 2 25 50
2 2 25 49
3 2 25 52
8 2 26 52
1 3 26 53
3 3 26 53
4 2 25 60
3 2 26 59
6 2 26 59
8 2 25 58
5 2 25 60
2 2 25 65
2 2 26 66
5 3 26 67
8 3 25 67
7 2 27 67
8 2 25 79
4 2 29 80
7 2 27 78
3 2 27 77
1 2 27 79
4 2 27 80
1 2 25 80
3 2 25 81
8 2 25 80
3 2 25 85
4 2 29 85
1 2 24 12
3 2 26 11
4 3 26 10
7 2 24 12
5 2 24 19
2 2 24 25
8 2 24 26
1 2 24 39
2 2 30 40
5 2 29 40
3 2 28 40
4 2 24 38
2 2 24 38
7 2 24 40
4 2 24 46
2 2 24 51
2 2 24 59
7 2 24 64
2 2 27 64
5 2 25 64
1 3 25 65
4 2 25 65
7 2 24 81
5 2 29 82
7 2 29 83
5 2 28 83
6 3 27 83
2 2 26 82
6 2 29 82
3 2 27 82
4 2 27 82
5 2 27 83
2 2 26 83
1 2 24 81
6 2 24 84
1 2 28 85
1 2 29 86
7 2 28 86
2 2 28 86
6 3 27 85
1 2 26 83
8 2 26 85
5 2 27 86
4 2 25 83
8 2 25 83
3 2 24 93
2 3 23 93
6 3 21 92
4 2 26 91
7 2 25 91
1 2 24 91
1 2 23 5
1 2 27 6
1 2 23 14
6 2 25 13
4 2 24 13
6 2 23 36
8 2 23 43
3 2 24 43
2 2 25 44
7 2 25 44
6 2 24 42
8 2 26 41
1 2 23 42
6 2 23 44
4 2 23 48
3 2 23 59
6 2 23 61
1 2 24 61
3 2 25 62
3 2 23 63
4 2 23 64
2 3 23 64
3 2 23 67
6 2 23 68
7 2 23 69
1 4 23 68
7 2 23 80
8 3 23 81
3 2 25 79
4 2 29 78
3 2 29 78
5 2 23 82
7 2 23 85
8 3 22 85
2 2 25 86
3 2 23 87
4 2 23 91
6 2 23 92
1 2 23 92
5 2 23 93
2 2 22 15
3 2 23 14
8 2 22 39
4 3 22 40
2 2 22 43
4 2 22 44
6 2 22 80
6 2 22 82
1 3 22 83
7 2 22 83
5 3 21 83
4 2 22 87
6 3 22 88
6 2 22 90
5 2 22 99
8 2 22 99
3 2 21 3
4 2 21 8
2 2 28 8
8 2 25 8
1 3 25 8
3 2 25 9
1 2 24 9
6 2 21 9
7 3 21 8
5 2 27 10
2 2 22 10
2 2 23 11
3 2 23 11
8 2 25 10
1 2 23 10
7 2 23 11
6 2 25 10
4 2 25 10
2 2 25 11
6 2 23 11
5 2 22 11
5 2 21 10
8 3 20 10
3 4 20 9
2 2 21 27
5 2 21 42
7 2 21 42
1 2 21 46
7 2 22 47
5 2 22 48
7 2 21 55
6 2 23 54
5 2 24 53
8 2 23 55
2 2 21 58
1 2 21 63
1 2 22 62
8 2 21 63
6 2 21 64
5 2 21 66
1 2 21 66
2 2 21 67
7 3 21 67
5 2 21 90
7 2 21 92
7 2 20 7
8 2 23 7
6 2 21 6
1 2 20 14
2 3 19 12
8 2 20 13
8 2 20 22
1 2 24 21
4 2 26 20
1 2 26 20
5 2 21 23
5 2 22 22
7 2 20 32
6 2 20 34
8 2 20 39
1 2 20 39
1 2 20 42
2 2 20 41
5 2 20 52
2 2 23 53
8 2 20 67
3 2 20 68
7 2 20 70
1 2 22 71
4 2 20 70
6 3 20 70
7 2 20 70
3 2 20 71
8 2 20 79
3 3 19 79
8 2 21 78
7 2 23 77
3 2 24 76
5 3 24 75
6 2 24 77
1 2 23 77
2 2 22 77
2 2 23 78
6 2 22 79
5 2 22 80
7 2 21 79
8 2 20 86
6 2 20 90
7 2 20 100
6 2 19 9
8 2 19 15
5 3 19 16
1 2 21 17
2 2 19 23
3 2 19 26
8 3 19 26
7 3 17 26
5 2 20 27
6 2 20 27
8 2 19 32
4 2 19 31
1 2 19 33
3 2 19 34
6 2 19 45
6 2 19 54
8 2 19 53
8 2 21 52
1 2 21 53
6 2 20 53
7 2 21 52
2 2 19 66
6 2 19 66
5 2 19 68
2 2 19 72
1 2 19 76
4 2 23 75
7 2 23 75
3 2 23 76
5 2 20 77
6 2 20 77
4 2 20 78
1 2 19 82
5 2 19 90
1 2 19 91
2 2 19 99
8 2 18 4
5 3 18 5
3 2 21 6
4 2 18 7
5 2 18 7
8 2 18 14
6 2 18 15
4 2 18 29
6 2 18 61
5 2 18 72
8 2 18 85
6 2 19 84
2 2 17 6
3 4 16 4
4 2 17 5
1 2 17 7
6 2 17 7
3 2 17 8
5 2 17 13
6 2 17 32
7 3 17 32
1 2 17 42
5 3 16 42
4 3 15 41
5 2 17 52
7 2 17 52
6 2 17 59
7 2 19 59
4 2 22 60
6 2 22 61
3 2 20 60
3 2 17 59
8 2 17 60
3 2 17 70
7 2 17 74
8 2 17 75
2 3 17 75
5 2 17 80
2 2 18 81
4 2 19 80
8 2 17 89
2 4 16 88
7 3 16 89
5 2 17 92
7 2 17 93
5 2 16 7
4 2 16 8
6 2 16 12
7 2 17 11
2 2 16 17
6 2 16 25
8 2 23 24
1 2 17 24
4 2 16 24
4 2 16 33
4 2 16 45
1 2 16 44
7 3 16 45
2 2 20 47
8 2 21 48
6 2 20 47
3 2 20 48
8 2 16 48
6 2 16 47
2 2 16 47
2 2 16 49
4 2 18 50
2 2 16 59
2 2 16 68
6 2 16 67
1 2 16 70
8 3 16 69
5 2 16 73
2 2 16 78
2 2 17 77
5 2 17 78
6 2 16 85
7 2 16 85
7 2 16 91
2 2 16 93
6 2 15 1
6 2 22 1
6 2 15 3
6 2 16 4
5 2 16 3
4 2 17 2
6 2 24 1
4 2 15 12
2 2 15 14
3 2 15 38
7 2 20 39
8 2 16 39
5 2 17 38
2 2 17 38
6 2 16 38
2 2 15 38
5 2 15 45
2 2 17 46
7 2 15 47
7 2 15 50
5 2 15 50
1 2 20 49
2 2 18 49
6 2 19 50
8 2 19 49
3 2 19 50
8 2 15 67
7 2 15 80
6 2 15 83
3 3 15 84
3 2 16 82
8 2 16 81
4 2 15 88
7 2 21 87
3 2 21 87
1 2 15 92
6 2 15 92
2 2 14 16
8 2 17 17
1 3 17 18
3 2 16 16
4 2 15 15
5 2 15 15
8 2 14 20
7 2 23 19
3 4 23 18
6 2 16 21
2 2 22 20
7 2 22 21
6 2 14 21
7 3 14 21
3 2 16 22
4 2 14 22
3 2 14 27
4 2 14 48
2 2 14 49
6 2 14 53
8 2 14 52
1 2 18 53
4 2 14 61
8 3 14 62
1 3 13 61
2 2 18 62
6 2 14 63
3 2 16 64
3 2 17 65
6 2 14 68
6 2 14 80
5 2 14 81
7 2 14 94
4 2 13 6
7 2 14 5
8 2 13 9
2 3 13 9
2 2 14 10
4 2 13 15
8 2 13 18
4 3 12 18
4 2 13 17
7 2 14 16
1 2 14 18
2 2 16 19
6 2 13 19
3 2 17 20
4 2 16 20
6 2 15 20
5 2 13 20
5 2 14 19
7 2 14 19
8 2 13 18
4 2 13 20
2 2 13 24
2 2 15 25
7 2 17 24
3 2 16 24
6 2 16 23
4 2 16 25
7 2 13 25
8 2 13 31
2 2 13 39
3 2 13 40
6 2 17 40
7 2 17 41
8 2 14 40
5 2 13 46
4 2 13 49
7 2 13 53
3 2 17 52
4 2 16 52
1 2 15 52
3 2 13 54
4 2 19 55
3 2 13 69
7 3 12 69
5 2 13 68
7 2 13 76
4 2 14 75
6 2 14 75
5 2 14 74
7 2 14 76
6 2 14 77
3 2 13 81
4 3 12 81
3 2 13 88
6 2 12 6
4 2 14 6
7 2 12 7
8 3 12 8
2 2 12 13
6 2 13 12
8 2 12 16
2 2 12 17
4 2 12 29
1 3 11 28
8 3 11 30
1 2 17 27
3 2 14 30
7 2 13 30
3 2 15 31
2 2 13 31
2 2 12 28
7 2 16 27
6 2 12 33
6 2 12 40
5 2 12 48
5 2 12 62
7 2 14 63
4 2 12 63
8 2 12 66
4 2 12 65
8 2 12 64
5 2 14 65
5 2 12 64
1 2 13 64
2 2 12 67
4 2 12 67
7 2 12 71
7 2 15 72
2 3 15 72
1 2 14 73
7 2 12 83
4 2 13 82
8 2 12 83
6 3 12 83
3 2 13 82
8 2 12 97
7 2 11 3
1 2 11 2
2 2 14 1
8 3 14 2
7 2 17 1
2 3 17 2
4 2 11 3
1 2 11 5
7 3 10 5
2 2 11 6
3 2 11 8
1 2 11 10
8 2 12 10
1 2 12 10
4 2 11 21
2 2 11 21
7 2 14 22
1 2 14 22
8 2 11 32
2 2 11 34
2 2 21 35
2 2 25 34
7 2 24 34
3 2 22 34
1 2 22 36
5 2 21 35
3 2 21 35
7 2 15 35
8 2 19 34
4 3 19 34
1 2 15 36
1 2 18 35
4 2 15 36
8 2 15 37
6 2 13 35
8 3 13 34
3 2 13 34
6 2 12 35
3 2 11 36
6 2 11 43
1 2 11 44
6 2 11 54
1 3 11 53
4 3 11 55
8 2 14 55
1 2 11 57
3 2 14 58
5 2 16 57
7 2 17 56
2 2 16 57
1 2 15 57
6 2 12 56
8 2 11 60
7 2 12 59
4 2 12 59
6 2 12 59
1 2 11 59
2 2 11 69
3 2 11 74
4 2 13 73
1 2 11 75
5 2 11 78
4 2 13 78
3 2 11 93
8 2 12 92
5 3 12 93
1 2 11 94
4 2 11 95
8 2 11 99
8 2 10 1
7 2 10 7
4 2 10 9
7 2 10 10
6 4 10 11
3 3 11 11
6 2 10 14
8 2 10 20
6 2 11 19
1 2 10 20
8 2 10 25
6 3 10 25
4 3 9 24
1 3 9 26
1 2 12 24
8 2 12 28
3 2 13 27
6 2 13 27
5 3 12 27
7 2 10 32
5 2 10 34
4 2 10 33
2 2 10 34
1 2 10 33
8 2 10 34
4 2 10 34
6 2 10 36
1 3 9 36
2 2 10 38
2 2 10 41
5 3 10 42
2 2 13 40
3 2 11 43
7 2 11 43
6 2 11 43
2 2 14 44
3 2 14 44
4 2 11 44
5 2 10 46
5 2 10 58
8 2 11 57
2 2 10 60
7 2 12 61
1 2 12 62
7 2 10 69
2 2 11 70
8 2 10 74
2 2 10 75
5 2 10 80
6 2 10 80
8 2 10 79
2 2 10 82
7 3 10 83
4 2 10 91
8 2 10 94
7 2 9 13
5 2 13 12
2 3 13 13
5 2 9 26
2 2 9 27
6 3 8 27
3 2 9 29
4 3 8 28
5 2 9 39
1 2 9 39
1 2 9 42
8 2 9 43
2 2 9 49
7 2 10 50
8 2 9 54
5 2 11 53
2 2 11 52
8 2 11 52
1 2 10 55
7 2 9 55
7 2 12 55
6 2 12 56
2 2 9 54
7 2 9 53
4 2 9 58
1 2 9 60
5 2 9 62
5 2 11 61
1 2 9 80
2 2 9 81
5 2 9 84
4 3 9 83
7 2 12 85
5 2 18 86
2 2 18 86
6 2 13 86
8 3 13 86
1 2 16 87
8 2 15 86
3 2 12 87
3 2 9 89
1 2 12 90
2 2 12 91
7 2 11 90
5 2 11 90
6 2 10 90
7 2 9 96
3 2 8 7
1 2 8 9
3 2 8 14
5 2 8 13
1 2 11 12
8 2 8 13
1 2 8 15
2 2 8 21
2 2 8 24
3 2 9 23
8 2 10 24
6 2 10 25
5 2 9 24
7 2 8 23
3 2 8 33
1 2 8 34
3 2 8 38
1 2 10 37
6 2 10 38
5 2 10 39
3 2 10 40
8 2 8 37
5 2 8 37
4 2 8 39
3 2 8 43
8 2 9 44
6 2 9 45
4 2 11 46
7 2 11 47
2 2 9 45
1 2 9 46
3 2 9 46
1 2 9 47
3 2 8 45
8 2 8 55
2 3 8 55
1 2 9 56
6 2 9 57
3 2 9 57
5 2 9 58
2 2 8 65
6 3 7 64
8 2 13 65
2 2 9 65
3 2 10 66
5 3 10 66
4 2 9 64
8 2 9 64
1 2 9 63
7 2 8 67
8 2 8 70
1 2 9 71
3 2 8 71
5 2 11 72
2 2 11 73
8 3 10 73
3 2 11 73
3 2 9 73
4 2 8 70
6 2 8 73
6 2 8 80
7 2 8 81
5 2 8 83
8 2 8 93
8 2 10 92
3 2 9 94
6 2 9 94
1 2 9 95
2 2 8 93
1 2 8 97
4 3 7 97
6 2 10 98
7 2 10 99
5 2 15 99
6 2 14 99
5 2 11 99
3 2 8 96
2 2 7 1
1 2 14 1
3 2 13 1
7 2 7 5
3 2 7 4
8 2 7 6
7 2 7 12
7 2 9 11
4 2 8 11
1 2 7 29
6 2 10 30
8 2 7 31
2 2 7 41
7 2 7 43
1 2 7 44
7 2 7 45
8 3 7 46
5 2 8 47
4 3 8 48
6 2 7 45
1 2 7 47
7 3 6 47
4 2 7 56
1 2 7 57
7 2 8 58
4 2 7 56
7 2 7 70
5 2 9 69
6 2 9 70
3 2 7 70
1 2 7 71
1 2 7 82
3 2 7 84
1 2 7 84
8 2 7 85
3 2 7 94
5 2 7 99
3 2 6 2
1 3 6 3
3 2 8 1
5 2 8 2
8 2 11 1
2 2 7 1
1 2 7 4
5 2 6 7
5 2 6 14
6 2 6 15
6 2 10 15
1 2 10 15
2 2 6 15
5 2 6 16
6 2 8 17
8 2 7 17
1 2 11 18
3 2 6 17
4 2 6 16
1 3 6 17
6 3 6 17
5 3 5 17
2 2 6 23
5 2 11 22
6 2 7 22
4 2 7 23
7 2 6 25
1 2 7 26
3 2 6 37
7 2 6 44
5 2 6 55
1 3 5 53
2 2 6 52
4 3 6 53
7 2 6 57
3 2 6 67
8 2 6 76
6 3 7 75
8 2 12 77
7 2 10 77
4 2 7 76
4 2 9 77
6 2 8 77
3 2 8 78
8 2 7 75
1 2 6 76
3 3 6 75
3 2 6 78
4 2 6 82
8 2 6 90
4 4 6 89
3 2 8 91
8 3 8 91
8 2 7 88
2 2 11 87
5 2 12 86
1 2 11 88
6 2 10 88
4 3 9 88
1 2 7 91
5 2 7 91
7 2 6 89
3 2 6 91
4 2 7 92
2 2 6 91
8 2 6 93
6 2 6 97
3 2 7 97
8 2 6 98
2 3 5 98
8 2 6 98
2 2 8 99
1 2 8 99
3 2 8 100
4 2 7 99
7 2 7 100
6 2 5 4
5 2 5 5
8 4 4 4
2 2 6 3
7 2 6 3
4 2 5 12
8 2 6 11
2 2 8 10
6 2 7 10
8 2 5 15
2 2 5 14
4 2 6 13
7 2 5 13
6 2 5 21
3 3 4 19
3 2 5 24
3 2 6 25
5 2 5 32
5 2 7 31
2 2 16 30
8 2 16 31
3 2 15 31
7 2 7 30
6 2 7 30
6 2 7 33
2 2 6 30
4 2 6 30
8 2 5 34
4 2 5 34
8 3 4 33
3 2 5 35
4 2 5 45
2 2 5 48
1 2 5 58
4 2 5 59
7 3 5 60
8 3 5 60
4 2 9 61
4 2 5 63
2 3 7 62
8 3 4 63
7 2 9 64
2 2 9 65
3 2 5 73
5 3 4 73
8 2 5 86
4 2 10 86
1 2 10 86
1 2 6 86
2 2 6 87
3 2 6 87
3 2 5 95
5 2 5 97
7 3 5 97
1 2 4 1
7 2 4 11
2 3 4 12
1 2 4 15
8 2 4 18
7 2 4 22
5 3 4 21
3 3 3 22
8 2 4 28
7 2 5 27
5 2 5 26
7 2 4 29
2 2 4 32
2 2 4 39
8 2 5 40
1 2 5 40
6 2 5 41
5 2 4 39
7 2 6 38
1 2 4 44
3 2 4 47
5 2 4 47
2 2 4 53
5 2 9 52
8 2 6 52
4 2 4 55
7 2 4 56
3 2 4 56
8 2 4 68
1 3 4 69
2 2 4 81
1 3 4 82
2 2 5 83
4 2 5 82
6 2 4 86
7 2 4 89
1 2 4 89
6 2 4 90
3 2 4 100
8 2 4 99
8 2 3 1
7 2 3 2
5 2 4 2
7 2 4 1
4 2 3 3
4 2 3 8
1 2 4 7
7 3 4 7
3 2 3 11
4 4 2 11
6 2 3 25
1 2 3 26
4 3 3 27
5 2 4 29
3 2 4 30
1 2 4 30
7 2 4 31
5 2 4 31
1 2 3 32
7 2 3 45
4 2 3 48
5 2 12 49
6 2 3 49
3 3 7 48
7 2 7 48
7 2 7 50
5 2 5 48
3 2 3 53
7 3 3 54
1 2 3 52
1 2 7 51
7 2 4 51
8 2 3 56
2 2 3 56
2 2 3 62
1 2 3 63
1 2 3 77
5 2 3 82
6 2 3 81
5 2 3 80
8 2 3 79
8 2 3 82
2 2 3 85
4 2 3 84
1 2 3 93
5 2 2 6
1 3 2 7
7 2 2 9
8 2 3 9
3 2 2 15
3 2 2 18
1 2 2 17
8 2 4 18
5 2 4 18
2 2 3 18
7 3 2 18
4 3 2 20
1 2 2 19
7 2 2 28
5 2 2 43
8 3 2 44
6 4 2 42
8 2 2 44
6 2 2 56
7 2 3 57
6 2 3 56
3 2 3 58
6 2 3 58
7 2 3 57
5 2 2 55
1 2 2 56
4 2 2 57
2 2 2 57
6 2 2 61
1 2 2 63
6 2 4 62
7 2 4 63
4 2 3 63
2 2 2 65
4 2 2 66
5 2 2 72
7 2 6 72
4 2 6 72
5 2 3 72
7 2 2 72
4 2 4 71
1 2 5 70
5 2 4 72
2 2 4 71
3 2 2 72
7 2 2 93
8 2 2 96
3 2 1 7
2 2 5 6
8 2 1 6
6 2 1 26
2 2 2 25
8 2 2 25
5 2 2 27
7 2 2 27
4 2 1 27
2 2 2 28
2 2 1 38
3 2 1 47
2 2 4 46
3 2 4 46
3 2 2 48
4 3 2 47
1 2 1 65
6 2 8 66
7 2 3 66
4 2 3 65
6 2 3 67
5 2 2 67
2 2 1 67
8 2 1 71
7 2 3 70
1 2 3 71
