121573
1708
6 6 200 4
1 11 200 5
8 6 200 20
4 7 200 33
1 5 200 48
7 8 199 18
5 5 199 39
6 5 200 41
2 16 198 8
5 7 198 21
2 13 197 3
8 6 197 44
8 12 196 6
4 13 196 44
6 5 198 43
7 5 197 38
8 5 195 27
7 5 194 20
6 6 194 47
3 11 194 48
3 5 193 26
2 35 192 37
6 5 194 34
4 5 193 29
5 5 195 28
6 16 191 14
5 5 195 13
7 6 195 15
8 5 194 18
7 10 190 9
8 5 190 12
8 5 190 16
7 7 190 19
8 5 188 1
7 6 188 28
2 23 187 14
6 41 187 28
4 57 187 41
5 15 186 5
1 10 186 21
8 22 186 30
6 13 186 37
7 9 185 4
3 5 196 1
6 5 183 32
7 11 183 47
6 11 182 9
4 41 182 23
3 28 181 15
2 13 181 37
8 7 180 28
4 43 180 31
5 15 179 20
8 5 179 31
3 5 178 22
5 5 178 32
6 13 178 49
8 9 177 1
4 29 177 6
7 13 177 41
8 5 181 40
2 19 177 45
6 5 176 45
6 5 176 47
7 10 175 13
6 9 177 14
1 21 175 25
6 12 173 5
7 6 173 14
3 7 173 21
2 29 173 30
5 5 181 29
4 12 173 42
1 6 173 46
1 5 177 45
8 14 172 17
3 10 171 9
7 17 171 30
7 5 176 29
8 13 171 41
4 5 170 2
2 5 170 31
1 8 170 45
3 7 169 2
4 5 169 48
4 20 168 4
1 5 168 19
7 5 168 39
7 5 167 12
8 5 170 13
1 6 167 13
8 21 167 33
4 5 175 34
8 5 166 13
7 21 166 49
8 6 165 15
3 8 165 20
8 28 164 22
3 5 168 21
5 7 168 22
5 5 165 27
8 8 163 8
5 6 166 8
1 19 163 17
6 5 173 18
6 9 163 43
4 13 163 48
2 10 162 5
7 6 162 8
6 5 170 11
4 12 162 18
1 6 162 21
6 6 161 33
5 5 161 44
3 5 160 18
1 47 160 27
7 5 170 24
3 27 160 37
7 9 159 2
6 5 175 1
1 5 159 5
8 26 159 16
2 5 163 19
1 9 162 11
3 6 159 45
2 7 158 43
4 5 160 44
5 13 156 25
3 5 158 26
1 13 155 6
5 16 155 11
1 22 155 19
5 7 155 40
4 6 155 42
1 6 155 46
5 6 154 18
4 5 154 21
6 8 154 33
5 10 153 8
3 25 153 30
4 5 152 36
1 7 160 35
5 34 151 6
1 5 151 4
1 5 168 3
3 6 151 4
4 11 150 32
6 5 149 27
6 5 152 28
7 6 153 27
1 17 149 44
4 11 148 28
8 5 160 30
2 5 148 49
1 9 147 4
5 18 147 14
5 8 147 22
3 20 147 23
2 35 147 35
4 5 146 2
5 5 160 1
5 5 172 1
8 5 167 1
7 5 146 13
6 5 146 15
1 5 146 20
3 27 146 32
5 7 145 10
7 7 146 9
6 6 144 8
2 5 145 11
5 5 161 11
2 6 144 45
1 6 143 15
1 5 152 16
2 5 153 18
2 9 142 12
2 6 149 12
8 8 142 16
6 7 141 23
7 10 141 24
2 5 150 24
7 10 139 15
2 6 139 21
7 5 140 22
8 5 138 10
7 22 138 7
6 6 137 25
4 46 137 29
3 43 137 41
5 6 136 26
1 15 135 1
5 73 135 11
8 6 135 35
5 9 134 38
5 6 133 46
1 5 132 15
2 26 132 24
5 5 141 25
2 10 131 3
5 16 131 7
8 5 131 35
4 48 130 12
7 6 142 13
6 37 130 38
1 7 148 41
1 24 130 42
8 5 151 48
6 6 129 29
8 6 129 30
3 6 129 32
7 61 129 41
3 7 135 45
2 5 128 18
1 11 127 15
4 5 127 22
7 7 143 21
5 5 125 11
8 6 131 13
5 10 125 48
4 5 145 46
2 16 123 16
7 51 123 19
1 29 123 33
5 7 123 36
5 5 144 34
2 5 135 34
8 5 130 36
1 9 122 3
2 6 122 4
6 5 120 10
4 8 119 6
7 5 119 27
2 17 119 33
6 5 119 39
1 5 118 8
3 5 145 7
8 5 132 8
3 10 118 12
1 5 118 17
7 5 117 10
1 5 117 12
8 19 116 4
6 6 116 22
8 5 124 22
7 20 115 3
8 9 115 33
6 18 114 6
6 9 114 17
2 5 122 19
5 5 123 22
4 7 114 28
8 11 114 31
3 5 141 28
2 5 141 30
2 45 114 32
5 9 114 35
6 6 114 38
7 9 113 7
2 21 112 19
5 6 115 20
4 22 112 22
2 47 112 39
4 5 120 46
4 5 113 46
1 5 128 44
5 5 133 42
8 39 111 9
4 14 110 5
7 19 109 37
5 6 108 45
1 6 107 4
8 6 108 2
7 28 107 14
1 7 107 34
3 6 107 36
6 8 106 24
8 5 105 21
8 14 105 33
4 7 104 15
3 7 103 15
3 6 103 28
2 5 119 31
5 5 106 31
8 5 114 31
1 59 102 23
6 43 102 38
6 6 126 43
3 5 126 43
5 14 101 11
2 6 105 16
4 5 102 10
4 7 101 28
7 5 102 29
1 6 105 30
8 5 102 29
7 29 100 7
4 16 100 32
7 5 101 32
6 6 100 31
5 7 100 36
4 6 99 34
3 8 99 47
8 5 104 47
3 5 115 47
5 9 98 12
7 13 98 29
2 16 98 46
6 5 97 14
5 5 97 23
6 5 97 50
8 5 96 32
7 5 95 24
3 8 95 25
4 6 111 23
3 17 95 39
4 34 94 5
1 5 94 10
4 5 127 8
7 7 94 21
5 7 94 32
4 5 104 34
2 11 94 37
4 19 94 42
3 6 92 12
1 5 114 9
3 5 108 12
6 5 97 12
7 6 101 11
6 5 92 34
1 5 99 37
2 15 91 14
6 5 91 28
8 11 91 32
1 25 90 8
8 6 92 8
7 12 89 2
1 5 117 1
6 5 136 2
8 7 89 22
3 13 89 37
7 5 92 35
8 5 93 36
4 7 95 36
7 5 96 37
1 9 89 39
4 5 99 37
8 5 118 40
2 5 99 36
8 5 95 39
7 8 89 50
3 8 88 6
7 7 88 26
1 5 105 23
7 11 88 33
4 12 87 11
3 6 87 20
2 6 87 35
5 6 86 43
8 5 105 44
2 6 85 11
4 5 85 15
3 5 103 19
4 38 85 26
4 5 84 42
6 6 84 43
1 5 120 43
2 5 116 41
3 10 83 12
8 16 82 5
8 5 95 6
5 5 93 7
1 34 82 21
2 5 82 23
7 10 82 27
1 5 94 28
5 8 82 32
6 54 82 37
7 5 109 43
4 5 92 42
8 5 82 49
5 5 100 48
6 5 87 47
3 5 105 43
5 15 81 16
4 10 81 33
5 5 80 4
6 5 82 3
7 6 80 43
4 5 82 41
4 12 77 9
1 5 92 9
2 5 77 8
3 6 77 8
8 5 77 29
3 26 76 40
7 6 95 43
1 5 78 44
6 5 92 44
1 5 104 43
2 15 76 49
8 5 74 15
5 8 73 28
8 5 73 43
3 6 73 48
4 5 97 46
2 5 72 47
5 5 82 46
6 35 71 27
4 5 87 29
4 7 71 32
1 7 71 40
7 5 102 43
8 5 90 41
2 6 71 43
2 5 96 44
3 5 70 33
6 15 69 10
4 5 76 12
2 10 69 19
8 5 75 18
2 13 69 49
5 11 68 22
2 5 68 40
4 9 68 46
1 7 67 5
6 10 75 6
5 5 68 3
5 5 70 1
4 35 67 15
7 5 66 22
2 5 66 36
7 5 75 37
4 5 72 36
6 5 81 36
5 24 66 41
8 6 65 2
6 55 64 10
3 18 64 35
6 5 67 33
1 5 68 33
3 18 63 4
4 26 63 32
6 12 62 25
1 5 62 35
3 34 62 42
3 6 73 41
2 6 61 13
6 5 66 9
7 5 76 12
5 5 61 15
7 6 69 14
4 11 61 47
3 7 59 48
7 6 59 50
7 6 58 19
6 5 79 21
5 13 57 16
6 5 68 17
4 5 60 16
3 5 61 14
8 33 57 26
3 5 72 24
8 5 57 26
2 5 56 2
4 6 60 4
6 14 56 22
7 5 68 21
6 5 66 19
1 15 56 34
5 31 54 9
3 5 81 11
2 6 54 14
6 7 54 37
2 6 53 32
6 5 58 30
2 7 52 4
4 5 51 12
7 5 51 12
6 31 51 33
5 5 62 34
4 11 51 47
7 5 87 46
1 5 50 4
8 7 57 3
4 5 50 6
7 6 49 46
1 5 50 45
4 5 55 43
3 5 49 49
6 5 48 19
2 6 48 24
7 5 79 25
3 5 48 31
8 34 47 14
5 5 77 13
8 5 61 10
5 40 47 27
4 27 47 34
2 7 46 36
2 5 66 34
4 6 51 37
5 7 50 37
4 15 46 38
7 5 68 39
7 5 90 39
2 5 90 39
1 5 77 39
1 6 45 4
5 6 45 16
7 5 51 17
6 12 44 5
1 5 122 3
7 8 44 7
3 15 44 18
2 5 48 18
1 12 44 28
2 6 49 27
2 5 67 24
5 6 68 27
2 8 42 40
6 5 47 37
5 5 65 38
6 5 79 40
4 6 42 45
3 5 79 46
1 5 52 48
3 5 51 45
1 5 66 42
4 5 42 49
2 11 41 19
2 6 41 30
2 36 40 9
8 5 46 17
1 5 43 17
1 7 40 17
2 5 83 19
5 9 40 27
4 5 41 26
6 6 40 29
7 5 66 31
6 5 39 22
8 7 48 21
6 5 69 17
2 5 39 37
7 6 41 37
5 5 79 38
1 7 42 37
7 7 38 23
3 6 42 23
6 6 38 44
5 6 39 44
2 5 38 50
3 9 37 9
5 18 37 19
3 27 37 36
5 5 66 41
7 7 36 3
4 35 36 45
7 5 52 46
8 5 47 44
5 5 69 45
2 7 35 6
5 6 53 6
8 5 35 19
4 12 34 17
1 7 34 31
7 11 35 34
7 5 42 35
7 8 34 40
8 5 55 41
8 5 38 37
5 17 33 9
2 9 33 25
6 5 49 23
4 5 42 24
6 5 39 24
4 5 33 27
1 7 35 27
3 8 33 28
1 22 32 4
3 9 32 22
3 5 32 42
6 8 32 47
3 5 39 49
2 10 32 50
6 6 31 20
8 6 31 33
1 6 37 34
8 5 40 37
8 6 31 49
1 5 30 17
4 9 30 33
1 69 30 39
3 5 39 45
7 5 38 36
8 5 29 16
6 6 58 18
3 7 28 14
6 10 28 27
1 5 49 28
5 5 28 34
6 8 28 35
1 5 44 37
2 6 26 6
1 6 29 5
3 6 33 3
6 9 26 20
8 5 28 19
3 5 26 45
5 5 45 48
1 10 24 7
4 7 24 31
2 5 30 32
3 10 24 33
6 8 23 29
2 5 46 28
8 5 31 29
3 5 27 30
5 6 23 37
4 5 25 38
3 8 22 1
8 5 58 3
3 5 48 1
2 5 25 1
2 5 65 1
3 5 81 3
4 10 22 1
7 11 22 37
5 6 30 35
6 5 46 36
1 6 26 37
3 5 21 24
7 5 68 25
1 5 20 40
6 8 19 4
5 5 21 3
3 5 21 1
5 5 75 2
3 5 20 6
3 27 19 14
2 5 60 15
2 6 20 17
1 7 19 15
2 32 18 3
8 6 65 1
2 8 41 2
2 5 19 5
5 24 18 20
6 6 51 20
3 5 51 19
4 5 22 21
1 5 21 17
4 5 27 19
1 6 27 22
8 5 18 40
1 6 18 45
2 5 33 44
3 5 17 17
8 20 17 22
2 9 17 27
7 15 16 24
8 24 16 32
5 5 16 39
5 7 15 22
7 15 15 35
6 5 25 34
7 7 15 48
1 6 26 49
6 5 41 49
5 5 14 46
6 5 15 44
3 5 13 17
3 10 13 25
3 5 22 27
8 13 13 40
2 5 47 42
4 5 47 40
4 6 12 1
6 5 25 2
4 5 11 8
1 7 10 22
4 8 10 21
1 5 52 23
3 5 23 20
2 5 15 19
5 16 9 31
1 5 10 30
8 5 9 50
3 5 21 48
4 6 19 47
6 5 13 49
4 5 28 45
5 5 7 11
1 5 15 9
1 9 7 46
8 5 8 44
3 5 6 3
1 6 6 2
1 7 6 20
2 9 6 25
7 5 37 24
1 5 26 28
6 5 8 26
4 5 5 7
7 8 5 15
6 5 7 15
5 5 5 27
1 5 11 24
5 6 4 8
7 5 45 7
8 4 113 50
1 4 70 6
6 4 62 48
7 4 61 48
8 4 57 47
3 4 53 46
3 4 70 49
7 4 35 47
3 5 36 50
6 4 57 48
6 4 33 8
5 4 33 37
7 4 32 35
6 4 31 2
4 4 76 1
4 4 45 1
6 4 40 3
8 4 30 11
4 4 58 14
1 4 49 8
3 5 50 8
2 4 49 9
7 4 26 50
3 4 24 11
4 4 20 24
8 4 47 24
2 4 18 37
4 4 26 35
8 4 28 36
6 4 18 38
5 4 26 35
7 4 16 23
6 4 14 16
2 4 60 17
5 4 44 13
6 4 24 17
3 5 22 18
5 4 34 18
8 4 13 15
6 4 12 13
3 4 38 13
5 4 12 20
1 4 19 19
6 4 10 20
4 4 10 25
7 4 21 26
5 4 10 39
7 5 47 40
2 4 46 40
2 4 40 40
1 4 8 18
5 5 7 15
7 5 7 18
8 4 24 16
5 4 7 27
4 5 25 27
3 4 7 28
1 5 7 28
8 4 26 28
4 4 6 24
8 4 5 18
6 4 18 18
5 4 13 18
7 5 23 16
7 4 33 17
5 5 33 18
2 4 23 17
2 4 12 19
5 4 5 35
5 4 4 4
4 4 4 4
1 6 6 4
8 6 4 4
7 4 35 3
7 4 22 3
5 5 21 1
5 4 2 13
4 3 113 50
6 3 106 50
3 3 95 50
4 3 94 1
6 3 88 50
3 3 83 6
6 3 89 6
2 3 81 1
2 3 81 6
3 3 79 2
6 3 70 7
2 3 89 6
1 3 62 9
5 3 62 48
7 3 58 10
4 3 56 29
4 3 64 29
4 3 54 6
2 3 54 43
7 3 53 10
4 4 58 11
6 3 58 10
2 3 56 10
8 3 56 10
4 3 53 10
6 3 53 10
2 3 51 46
2 3 50 43
3 3 51 42
8 3 48 47
8 3 47 50
2 3 53 49
5 3 70 50
4 3 50 49
2 3 45 28
6 3 46 30
4 3 44 2
6 3 45 2
2 3 51 2
7 3 55 1
8 3 65 2
2 3 59 1
1 3 57 1
3 3 52 1
3 3 44 9
4 3 44 26
6 3 44 45
2 3 47 46
1 4 46 46
1 3 53 48
7 3 46 48
3 3 63 48
3 3 44 47
7 3 50 46
6 3 50 48
2 3 48 46
4 3 40 11
3 5 40 13
5 3 43 10
1 3 40 14
7 3 48 14
8 3 39 19
6 3 39 43
1 3 44 41
4 4 44 42
8 3 43 43
4 3 39 44
8 3 36 43
7 3 45 43
3 3 37 43
5 4 37 43
2 3 39 43
6 3 36 43
6 3 41 44
7 4 41 44
8 3 38 42
6 3 35 6
3 3 56 8
3 3 35 8
2 3 35 9
4 3 37 9
7 3 40 6
1 3 34 11
3 3 51 9
5 3 43 9
8 3 43 11
6 3 33 12
2 3 38 13
3 3 33 10
2 4 33 11
2 3 38 8
3 3 52 6
6 3 37 12
3 3 39 13
2 3 47 14
5 3 39 14
8 3 32 8
3 4 38 6
4 3 51 6
4 3 44 9
5 3 45 9
7 3 31 31
6 3 52 29
5 3 49 29
2 3 31 48
5 3 47 48
2 3 59 48
7 3 64 48
3 3 47 47
1 3 45 47
6 3 44 47
2 3 30 7
4 5 29 7
7 3 58 6
4 3 68 6
2 3 30 9
1 3 44 11
1 3 30 35
3 4 38 34
1 3 38 34
7 3 29 7
6 3 29 46
1 3 28 8
7 3 28 11
6 3 29 11
8 5 37 10
4 3 31 12
5 3 36 11
7 3 30 9
1 3 27 2
5 3 45 1
5 3 27 10
5 3 29 9
1 3 29 9
6 4 29 8
5 3 27 6
3 3 27 11
6 3 27 14
7 3 27 13
1 3 27 20
2 3 32 20
4 3 31 19
4 3 34 17
2 3 26 20
1 3 31 19
3 3 24 21
2 3 24 29
2 3 54 28
3 3 47 28
4 3 45 28
1 3 27 30
5 3 26 29
6 3 40 28
4 3 23 3
2 3 23 38
5 3 45 38
6 3 37 38
1 3 43 39
7 3 39 38
8 3 23 37
1 3 23 46
8 3 41 46
8 3 50 48
6 3 50 48
7 3 49 49
1 3 57 49
2 3 26 46
4 3 22 19
5 3 22 23
6 3 22 36
6 3 22 43
1 4 26 43
6 3 43 41
7 3 21 23
6 3 37 23
6 3 21 26
5 3 32 24
7 3 32 24
2 3 21 34
5 3 21 38
8 3 21 47
8 3 55 48
5 3 26 46
6 3 50 48
1 3 26 47
5 3 27 48
6 3 26 49
8 3 28 48
3 3 20 6
8 3 45 6
6 3 20 18
8 3 20 24
2 5 19 25
5 3 20 28
8 3 39 28
7 3 22 28
5 3 41 28
1 3 21 28
1 3 20 34
2 3 19 43
7 3 26 44
8 3 26 46
4 3 34 46
3 3 43 48
5 3 33 45
5 3 18 39
2 3 40 40
1 3 40 41
3 3 40 40
5 3 31 41
6 3 39 39
4 3 24 40
4 3 20 39
1 3 18 43
2 3 23 42
3 4 23 40
5 3 23 44
2 3 17 43
8 4 20 42
1 4 16 42
3 3 28 40
7 3 28 41
2 3 23 40
2 4 30 38
6 3 25 41
7 3 24 42
8 3 17 44
5 3 16 11
5 3 16 13
3 3 17 15
3 3 25 15
5 3 16 50
6 3 18 50
2 4 31 50
4 3 28 47
4 3 15 27
3 3 24 29
1 3 49 29
2 3 34 29
1 3 23 28
1 3 40 29
3 3 40 29
5 3 15 32
8 3 28 29
5 3 18 32
8 3 15 36
3 4 21 35
7 3 21 35
2 3 21 35
6 3 18 37
3 3 15 37
2 4 14 38
6 3 14 7
2 3 34 8
1 4 33 8
5 3 21 7
1 3 14 48
6 4 27 48
6 3 17 48
7 4 16 47
4 4 17 47
2 4 16 46
8 3 31 48
2 3 31 47
1 3 20 45
6 3 15 45
7 3 25 44
4 3 20 44
2 3 15 48
5 5 17 47
3 3 27 47
7 3 13 8
5 3 35 8
3 3 23 8
6 3 29 9
4 3 15 8
7 4 17 6
8 3 23 6
1 3 13 36
6 3 25 34
7 3 9 16
3 3 10 18
7 3 9 18
5 3 9 26
4 3 10 26
6 3 46 26
5 3 9 48
8 3 22 46
1 3 22 47
1 3 8 7
8 4 13 6
7 3 12 6
7 3 8 43
6 5 8 45
8 3 7 1
5 3 7 20
8 4 21 19
6 3 7 26
5 4 26 26
1 3 9 25
5 3 39 25
3 3 37 25
4 3 7 34
8 3 8 35
2 3 6 9
4 3 18 8
5 3 25 10
8 3 8 9
6 3 6 10
4 3 6 8
2 3 6 20
4 3 12 22
8 3 5 25
4 4 23 24
8 3 32 23
5 3 6 23
1 3 5 44
6 4 20 43
3 3 4 7
5 4 4 6
2 5 4 7
8 4 15 10
1 3 51 6
1 3 25 11
3 3 24 10
5 3 16 11
7 3 16 11
7 3 13 9
1 3 14 8
8 3 9 6
1 3 9 8
2 3 9 7
4 3 6 5
6 4 6 5
3 3 5 6
6 3 4 20
7 4 3 20
5 3 7 18
1 5 7 19
3 4 7 20
3 3 4 29
3 4 26 29
6 3 25 31
7 3 6 28
6 3 12 30
6 3 2 11
5 3 9 9
3 3 4 11
6 3 11 10
8 3 10 10
7 3 12 11
4 3 3 10
2 3 20 12
4 3 24 12
1 3 4 10
6 3 2 16
7 3 34 17
4 3 5 17
6 3 5 17
8 3 2 20
2 4 4 20
6 3 4 23
2 3 11 23
4 3 3 19
7 3 2 31
4 3 23 30
3 3 23 31
1 3 2 44
7 4 13 44
2 3 7 45
1 2 93 1
1 2 85 50
7 2 76 1
5 2 76 50
4 2 64 1
2 2 61 2
1 2 59 1
3 2 58 50
7 2 56 1
6 2 56 1
5 2 54 2
4 2 63 1
5 2 63 1
2 3 63 1
4 2 61 1
3 2 60 1
5 2 55 1
8 2 54 6
3 2 53 1
7 2 54 2
7 2 53 6
6 2 52 1
4 2 51 1
6 2 50 2
6 2 49 50
4 2 48 6
1 2 48 6
4 2 47 1
5 2 51 2
5 2 46 6
2 2 45 1
7 2 44 2
6 2 44 1
8 3 44 2
5 2 45 2
7 2 46 1
8 2 45 2
1 2 44 21
3 2 43 1
2 2 43 21
1 2 42 1
8 2 42 6
3 2 42 31
6 2 40 30
1 2 38 26
5 2 38 31
7 2 38 49
5 2 37 49
8 2 36 6
5 2 35 29
5 2 35 31
6 2 35 50
1 2 37 49
3 2 37 49
2 2 37 50
1 2 34 1
3 2 36 1
8 2 36 1
4 2 38 1
3 2 38 1
6 3 37 1
5 2 41 1
2 2 34 25
3 2 34 31
1 2 34 49
8 2 33 6
2 3 33 6
4 2 33 28
2 2 33 29
1 2 33 30
8 2 33 42
3 2 32 6
5 2 32 24
2 2 31 6
6 2 34 6
4 2 31 7
1 2 31 28
3 2 31 31
8 2 31 40
5 2 30 6
6 2 30 21
7 2 30 38
1 2 32 39
3 2 30 49
1 2 29 42
8 3 28 42
6 2 28 3
3 2 29 2
5 2 37 1
5 2 33 1
2 2 35 2
7 2 35 3
2 2 28 2
1 2 28 13
1 2 38 14
4 2 37 14
8 2 29 14
3 2 28 24
4 2 31 25
8 3 31 26
1 2 29 23
7 2 28 24
3 2 28 30
2 2 34 29
7 2 34 30
7 2 29 29
8 2 29 28
6 2 28 38
1 3 28 39
4 2 29 38
1 2 27 3
2 2 35 2
7 2 28 2
2 2 27 25
1 2 27 28
5 2 27 39
4 2 27 40
6 2 29 40
5 2 26 1
8 2 27 1
8 2 31 2
1 2 30 2
6 2 26 12
5 2 26 18
2 2 28 17
1 2 26 23
4 2 26 35
3 2 26 39
2 2 27 38
1 2 25 12
5 2 26 13
6 2 37 14
3 2 31 14
8 2 31 14
5 2 32 13
6 2 31 14
1 2 29 14
2 2 26 14
5 2 25 16
8 2 25 35
4 2 25 38
7 2 25 49
5 2 24 3
4 2 30 2
5 2 24 13
2 2 28 14
1 2 24 17
5 2 34 17
5 2 31 17
6 2 25 17
6 2 24 23
1 2 23 2
1 2 25 1
5 2 25 2
7 2 25 2
8 2 23 38
3 2 24 38
4 2 23 41
4 2 22 1
6 2 22 13
1 2 22 13
5 2 22 48
6 2 21 2
3 3 21 3
8 2 21 12
7 2 21 13
7 2 21 38
4 2 21 50
7 2 26 49
3 2 26 49
2 2 22 49
4 2 20 12
5 2 20 14
5 2 23 14
3 2 23 14
3 2 20 43
8 2 20 50
1 2 23 49
3 2 19 13
8 2 19 25
1 2 27 25
1 2 21 25
2 2 19 40
5 2 24 41
8 2 19 40
5 2 19 39
1 2 19 48
7 2 24 49
2 2 18 15
4 2 23 15
4 2 20 14
7 2 22 15
1 2 22 15
6 2 20 15
1 2 18 15
4 3 18 15
4 2 18 17
3 2 18 29
8 2 25 28
5 2 24 29
6 2 25 28
2 2 24 28
1 2 24 30
6 2 23 29
8 2 23 28
7 2 22 29
6 2 19 29
4 2 21 30
2 2 20 30
5 2 20 30
1 3 19 30
1 3 20 30
7 2 18 31
3 3 18 32
7 2 18 39
3 2 19 38
4 5 19 39
6 2 23 41
2 2 22 41
1 2 21 41
8 2 19 40
8 2 18 42
7 2 17 14
8 2 17 17
4 2 26 18
8 2 20 18
3 3 20 18
8 2 26 17
6 2 24 18
8 2 22 18
3 2 25 17
2 2 20 17
8 3 20 17
2 2 19 19
4 2 18 18
7 2 17 16
2 2 17 29
1 2 17 35
3 2 20 34
5 2 17 48
1 2 17 49
6 2 16 14
7 3 15 14
3 2 16 17
5 2 18 16
6 2 21 17
3 2 18 16
1 2 18 17
2 2 16 23
4 2 23 23
2 2 16 27
6 2 16 35
4 2 15 6
8 3 15 6
8 2 32 6
7 2 29 6
6 2 19 6
4 2 19 6
6 2 27 6
5 2 17 6
7 3 17 7
3 2 23 6
1 2 21 6
1 2 17 6
6 2 15 6
1 2 15 13
6 2 20 12
5 2 15 16
1 2 15 18
1 2 21 18
7 2 15 21
7 2 15 35
3 3 15 35
7 2 15 39
3 2 15 42
5 2 21 41
5 2 15 41
2 2 16 40
3 2 16 40
6 2 14 21
2 2 14 42
8 2 15 41
6 2 15 41
4 2 14 48
4 2 15 49
3 3 15 50
8 2 14 49
2 2 13 1
1 2 13 6
4 2 17 6
6 2 17 7
2 2 13 6
8 2 13 17
1 2 13 23
6 2 18 24
2 2 24 25
3 2 20 25
7 2 20 26
1 2 18 23
8 2 14 24
6 2 21 25
5 2 14 24
7 2 14 25
1 2 17 25
3 2 13 25
2 3 17 24
8 3 13 25
2 3 12 23
3 2 13 27
8 2 13 31
2 3 12 31
5 2 17 30
6 2 17 31
8 2 13 34
3 2 13 38
4 2 13 40
3 2 13 42
6 2 13 44
5 2 13 47
4 2 17 46
3 2 13 49
8 5 12 48
4 2 15 49
8 2 12 1
5 3 12 1
4 2 12 6
1 2 12 15
8 2 14 14
3 2 12 29
1 2 12 32
3 2 12 34
4 2 12 36
2 2 11 2
8 2 12 1
7 2 11 1
8 2 11 6
6 2 11 24
4 2 12 23
8 2 13 24
2 2 11 35
7 2 11 42
4 2 11 46
1 2 13 45
6 2 11 47
2 2 10 15
4 2 10 14
3 2 12 13
4 2 10 19
3 2 16 18
2 2 16 17
6 2 14 18
5 3 14 18
5 2 11 20
4 2 10 23
7 2 10 29
3 2 10 30
7 2 10 31
4 2 10 36
6 2 14 37
3 2 10 37
5 2 10 37
4 2 10 38
5 2 10 40
8 2 13 39
7 2 10 39
8 2 10 39
3 2 10 42
4 2 12 42
7 2 9 6
2 2 14 7
7 2 14 7
7 2 9 14
8 2 9 16
3 2 9 17
5 2 16 18
8 2 13 18
4 2 11 16
5 2 9 29
2 2 9 32
1 2 9 36
4 2 9 42
6 2 10 41
4 2 10 42
5 2 10 43
1 2 9 43
2 2 9 47
7 2 11 46
6 2 8 9
2 2 10 10
4 2 11 9
7 3 11 9
5 2 8 26
6 2 10 27
1 3 10 28
2 2 8 27
4 2 8 29
3 2 8 38
2 2 8 40
2 2 8 43
5 2 8 45
2 2 7 10
1 2 8 11
2 2 7 17
7 3 7 18
1 3 8 17
5 4 8 19
7 2 10 16
2 2 9 17
2 2 7 29
6 2 7 31
7 2 7 30
6 2 7 30
8 3 6 30
1 2 7 42
1 2 7 45
8 3 6 44
3 2 9 44
4 2 8 44
6 2 6 9
4 2 7 10
1 2 6 11
4 2 15 12
5 2 14 12
8 2 8 12
5 2 8 13
7 2 6 12
8 2 6 13
3 2 8 13
6 2 6 16
2 3 6 17
4 2 6 22
2 2 6 22
8 2 6 22
1 2 6 21
3 2 6 21
3 2 6 23
2 3 6 24
7 2 7 25
7 2 6 23
6 3 5 23
1 2 8 23
3 2 7 23
2 2 7 24
8 2 7 25
6 2 6 27
3 2 6 26
5 2 6 30
2 2 6 34
5 2 12 34
7 2 7 34
5 2 7 35
3 2 7 35
4 2 8 36
6 2 6 33
3 2 6 33
6 2 6 37
5 2 6 39
1 3 7 38
7 4 7 39
4 2 7 40
5 2 6 41
8 2 6 41
7 2 6 46
4 2 6 46
2 2 6 48
5 3 5 47
4 2 9 48
5 2 6 48
1 2 6 48
8 2 6 49
3 2 5 4
5 2 5 5
7 2 5 13
7 2 5 20
3 2 7 19
4 3 7 18
1 2 7 20
7 2 5 25
4 2 5 30
7 2 5 30
4 2 4 3
5 2 8 2
6 2 12 1
7 2 12 2
2 2 7 2
6 2 8 1
7 2 4 10
4 2 4 12
2 3 4 11
3 3 4 11
7 2 6 13
4 3 6 14
4 2 4 15
1 2 4 16
8 2 4 17
5 2 4 22
1 2 4 26
6 2 4 30
4 3 3 29
7 2 4 33
6 2 4 35
6 2 4 43
1 2 4 49
2 2 4 50
6 2 3 6
1 2 3 13
8 2 3 23
8 2 3 27
2 2 3 31
7 2 3 45
8 2 2 16
3 2 2 21
1 2 2 28
8 2 2 29
3 2 2 29
1 2 2 29
3 2 2 32
6 2 3 31
4 2 2 34
8 2 3 35
1 2 5 36
7 2 3 35
7 2 2 42
5 2 2 42
2 2 2 46
5 2 2 45
8 3 2 46
3 2 2 50
4 2 1 6
3 2 6 7
6 2 6 8
2 2 6 7
4 2 1 9
8 2 5 8
5 2 2 10
8 2 1 24
5 2 5 23
8 2 5 23
5 2 3 23
4 2 3 24
3 2 2 25
5 3 2 26
1 2 3 25
4 2 2 27
4 2 1 30
1 2 1 31
4 2 1 32
5 2 6 32
7 2 1 45
8 2 3 46
