15502
3083
4 6 100 92
6 6 99 10
3 5 97 18
1 5 96 21
5 5 91 18
8 6 90 72
4 9 90 93
4 6 87 56
2 8 87 66
1 5 86 82
4 5 78 39
7 5 76 69
3 5 73 84
4 5 71 59
1 6 70 5
6 5 86 4
2 5 69 14
5 7 66 75
2 5 63 52
6 5 62 3
2 6 62 36
3 5 66 32
2 5 59 93
1 5 54 13
2 5 52 6
7 5 81 9
8 6 51 8
1 5 87 7
6 7 51 39
5 8 51 92
6 5 49 15
8 6 84 11
1 6 68 16
7 5 88 14
1 5 49 97
5 5 88 98
6 6 91 97
2 6 47 60
6 5 89 59
4 6 45 88
6 6 61 86
6 5 74 88
3 5 83 89
1 5 61 83
6 6 43 92
8 5 41 17
1 5 64 17
2 5 53 16
2 8 38 32
6 5 63 30
4 5 38 30
8 5 50 29
2 7 37 87
1 8 79 85
7 5 47 88
3 5 39 85
8 5 57 89
5 7 66 88
4 5 36 33
5 5 69 34
1 5 54 32
8 7 35 81
5 5 31 56
7 5 56 56
5 5 31 60
3 5 54 61
7 6 62 61
1 5 84 59
2 5 30 19
3 5 27 63
5 6 57 63
8 5 25 17
5 5 81 16
1 5 88 20
8 5 70 19
6 5 25 95
4 5 90 96
4 5 76 97
3 6 76 95
5 5 21 66
1 5 19 46
4 5 43 44
6 5 23 45
4 5 19 81
8 5 18 14
4 5 18 15
6 6 70 14
6 5 86 9
5 6 63 16
7 5 37 16
1 9 18 95
6 5 46 94
3 5 27 97
8 5 50 96
4 6 16 97
6 5 13 27
1 5 85 27
6 6 11 97
4 5 39 98
7 5 44 98
4 5 10 9
2 5 43 8
8 6 21 9
1 5 59 10
7 6 61 12
2 5 15 7
6 10 6 24
7 5 53 24
5 5 41 26
5 6 32 25
5 5 29 27
6 6 27 26
5 5 6 66
7 5 86 64
8 4 97 36
2 4 97 72
2 4 96 47
6 4 95 42
3 4 94 81
5 4 93 68
4 4 92 83
5 5 90 79
6 4 90 81
3 4 87 38
5 4 88 40
1 4 87 44
3 4 87 43
5 4 87 62
3 4 86 5
2 4 86 7
5 4 86 10
5 4 83 25
2 5 85 25
3 4 85 28
2 4 83 35
1 4 87 31
2 4 82 62
5 4 91 62
7 4 82 71
8 4 81 7
1 4 81 52
8 4 77 40
4 4 77 47
7 5 86 47
3 4 75 48
4 4 84 49
6 4 84 48
2 4 73 16
5 4 73 28
7 4 70 55
7 4 80 53
5 4 89 54
4 4 88 52
8 4 82 54
8 4 77 57
1 4 77 56
4 4 73 52
5 4 71 53
2 5 71 54
2 5 73 53
7 4 80 51
4 4 77 53
7 4 70 81
6 4 88 81
5 4 70 84
7 4 69 38
2 4 81 38
5 4 75 39
6 4 72 35
1 4 82 34
8 4 69 88
4 4 66 48
7 4 74 49
4 4 66 74
5 5 82 75
6 4 72 71
2 4 84 72
3 5 84 73
7 4 82 75
6 4 66 84
8 4 80 85
8 4 65 67
1 4 81 68
7 5 81 68
3 4 64 24
1 4 74 22
2 4 71 25
7 4 84 26
7 4 63 1
7 4 63 5
8 4 82 5
3 4 87 5
7 4 86 3
6 4 67 5
6 4 63 80
2 4 68 80
8 4 63 89
2 4 63 92
5 4 81 93
3 4 84 93
2 4 80 92
3 4 62 2
3 4 62 42
8 7 69 40
4 4 61 17
7 4 61 20
2 4 59 38
3 4 58 84
2 4 66 87
8 5 72 92
1 4 58 96
1 4 82 96
1 4 71 95
5 4 69 98
6 4 58 97
4 4 56 12
2 5 66 11
8 4 70 12
7 4 56 34
6 4 55 7
5 4 54 60
1 5 88 60
6 4 72 61
7 5 81 61
5 4 52 8
3 4 63 6
4 4 52 22
8 5 64 20
5 4 75 22
2 4 51 35
1 4 81 36
4 4 62 36
8 4 51 88
3 4 67 86
4 4 65 89
1 4 50 28
5 4 63 29
4 4 58 27
7 4 50 54
8 4 75 52
3 5 75 50
6 4 55 54
8 4 53 54
2 4 47 37
7 4 47 47
2 4 47 67
7 4 80 64
5 4 47 70
2 4 89 67
5 4 73 70
2 4 56 71
5 4 89 71
1 4 46 95
6 4 45 1
1 4 45 25
5 4 45 65
1 7 47 64
5 4 81 65
8 4 71 62
3 4 45 97
2 4 54 96
5 4 44 41
1 5 79 40
6 5 80 41
6 4 44 46
1 5 56 48
4 4 84 47
5 4 43 93
2 4 42 20
4 4 42 50
4 4 58 49
6 4 68 51
8 4 58 50
6 4 42 73
5 4 43 72
1 4 85 71
5 4 74 73
5 4 82 72
6 4 73 72
6 4 77 69
1 4 77 73
6 4 42 85
4 5 42 85
7 5 46 84
7 4 62 84
1 4 72 83
3 4 42 89
6 4 46 87
3 4 40 18
3 4 59 16
8 4 40 22
1 4 63 20
4 4 64 19
4 4 45 21
6 4 67 23
7 4 73 25
5 4 39 35
6 4 78 37
4 4 38 34
3 4 37 8
2 4 36 20
1 4 45 18
7 4 71 18
3 4 36 25
8 5 43 24
1 4 61 25
5 4 36 41
1 4 36 59
6 4 83 56
3 4 84 57
1 4 49 59
7 4 47 58
6 5 46 58
5 5 55 61
7 4 73 58
7 4 76 55
7 4 36 73
4 5 63 71
5 6 62 71
2 4 46 74
8 4 71 74
1 4 35 5
5 5 79 5
5 4 35 32
1 4 40 32
6 4 45 31
1 4 54 32
8 4 59 32
4 4 49 30
6 4 60 29
1 4 67 31
7 4 60 30
8 4 35 38
2 4 80 36
1 4 35 40
2 4 38 39
8 4 35 49
1 4 65 47
1 4 50 50
7 4 55 49
5 4 75 47
4 4 35 81
1 4 64 81
8 4 75 81
1 4 60 80
3 4 34 85
3 6 45 84
6 5 35 87
6 4 75 89
6 4 69 85
8 4 69 85
2 4 58 84
5 4 53 86
5 4 43 84
8 4 76 83
1 4 31 65
1 5 35 63
6 4 37 63
7 5 67 63
3 4 69 62
4 4 52 61
4 4 67 61
1 4 67 61
1 4 61 62
7 4 59 65
3 4 32 64
5 4 42 62
8 4 29 90
2 4 72 89
5 4 65 89
8 4 27 4
7 4 27 28
5 4 27 40
4 5 65 42
1 4 71 43
2 4 69 42
6 4 64 41
2 4 69 38
4 4 53 44
3 4 84 43
8 4 70 45
4 4 22 36
6 5 29 36
2 4 26 35
4 4 25 37
1 5 24 35
5 4 44 37
7 4 21 56
4 4 62 54
2 4 40 55
1 4 19 67
7 4 19 66
3 5 18 66
4 4 60 66
3 4 54 65
6 4 47 64
1 4 18 50
1 4 72 49
7 4 70 53
5 4 60 51
3 4 52 50
1 4 65 52
4 4 17 85
8 4 36 86
1 4 60 86
3 4 61 87
6 4 24 84
3 4 39 82
2 4 58 82
6 4 17 90
8 4 53 92
5 4 22 92
7 5 53 91
1 5 56 91
6 4 61 90
8 4 17 97
3 4 27 95
7 4 28 96
1 5 29 97
7 4 60 98
5 4 16 11
5 5 42 10
7 4 66 11
6 4 24 13
6 4 83 13
7 4 59 11
8 4 58 10
4 4 16 26
2 5 16 27
3 6 17 28
7 6 44 29
8 4 83 30
3 4 43 32
6 4 36 30
2 4 44 31
2 4 15 84
2 4 52 86
6 4 51 82
3 4 64 82
8 4 14 6
2 6 23 6
8 4 82 2
8 4 17 7
6 5 20 4
8 4 48 7
1 4 73 6
6 4 77 4
8 4 83 2
1 4 84 2
6 4 63 7
7 4 75 7
2 4 75 9
1 4 57 7
8 4 68 5
1 4 63 4
6 4 39 3
7 4 68 2
2 4 53 2
3 4 62 1
3 4 67 2
6 4 52 3
5 4 60 3
1 4 26 2
3 4 37 5
3 4 25 7
1 5 45 7
3 4 39 5
3 5 55 10
4 4 48 7
3 4 28 8
8 4 29 8
3 4 19 2
7 4 45 6
4 4 31 2
2 4 16 5
5 4 14 28
6 5 15 28
4 4 55 28
6 4 26 26
2 4 55 26
6 4 22 25
8 4 56 26
6 4 52 24
8 4 45 27
5 4 51 24
2 4 14 43
2 4 19 44
7 5 43 44
7 5 33 42
8 4 71 43
3 4 60 44
1 4 48 45
6 4 59 45
3 4 46 42
3 4 48 40
4 5 47 40
4 4 18 45
7 5 60 45
4 5 51 46
6 4 66 46
8 4 69 48
3 4 58 47
2 4 62 45
3 4 62 45
6 4 49 47
1 4 56 48
7 4 14 42
5 4 48 41
2 4 43 43
5 4 41 43
7 4 52 42
1 4 14 50
5 4 13 50
6 4 13 53
3 4 12 75
1 6 57 77
5 4 78 77
7 4 12 93
1 4 24 91
5 4 32 90
4 5 56 91
1 4 56 88
7 4 64 88
2 4 43 93
8 4 53 94
5 4 10 85
7 4 32 85
8 4 10 92
3 4 9 46
2 4 47 45
1 5 52 45
7 4 48 47
1 5 47 47
8 9 49 48
1 4 31 45
5 4 45 47
2 4 46 49
2 4 43 47
5 4 35 46
1 4 8 48
5 4 61 49
3 4 68 50
1 4 57 49
5 4 57 51
1 4 47 50
7 4 15 50
3 4 8 91
6 4 5 18
1 4 70 18
5 4 9 18
8 4 33 16
3 4 38 16
4 4 49 15
7 4 47 14
7 4 13 16
7 4 54 16
1 4 44 13
3 4 5 77
5 5 22 75
5 4 68 76
6 4 67 75
8 4 40 74
3 4 3 38
4 5 3 41
7 4 61 40
1 4 61 39
7 4 35 38
3 4 3 61
2 4 64 61
5 5 64 61
6 4 63 60
8 4 34 59
2 4 34 59
2 5 43 57
3 4 59 55
4 4 56 55
8 4 53 59
7 4 22 61
6 4 19 61
8 4 2 95
6 4 57 97
6 4 1 3
5 4 26 4
1 3 89 79
2 3 84 77
1 3 83 76
7 3 82 99
6 3 81 57
8 3 80 67
3 3 78 70
3 3 77 38
8 3 77 69
3 3 76 67
2 3 76 99
1 3 75 79
7 3 74 12
1 3 74 13
8 3 74 68
2 3 75 69
3 3 74 74
1 3 73 36
7 3 73 73
4 3 73 73
7 3 72 23
2 3 76 21
1 3 70 75
1 3 69 56
5 3 69 74
5 3 73 76
7 3 69 74
7 3 68 34
8 3 67 25
2 3 67 40
8 3 67 43
8 3 67 80
2 3 83 80
6 3 66 17
6 3 71 19
3 3 66 32
8 4 70 32
5 3 72 34
2 3 66 71
4 3 69 70
3 3 66 74
5 3 65 12
2 3 75 12
8 3 65 21
8 3 77 20
3 3 74 20
4 3 68 22
8 3 68 21
3 3 65 26
4 3 65 34
7 3 65 72
1 4 65 73
5 3 65 78
6 5 70 79
3 4 82 78
2 3 84 78
6 3 72 78
3 3 65 89
4 5 65 90
7 3 64 53
2 3 63 37
3 3 63 92
5 3 62 13
1 3 63 12
3 4 63 12
6 3 62 53
6 3 63 52
6 3 62 78
3 3 63 78
8 3 79 78
4 3 62 85
3 3 61 39
3 3 60 17
8 3 61 16
4 4 63 14
4 3 60 38
7 3 64 38
8 3 60 40
1 3 60 73
7 3 60 74
4 3 58 21
1 3 69 19
7 3 69 19
4 3 65 21
5 3 58 43
3 4 65 44
1 3 58 54
8 3 58 56
2 3 62 56
1 3 57 66
1 3 59 66
5 4 58 65
7 3 58 65
2 3 58 68
6 3 58 67
3 3 67 69
8 3 57 66
7 3 57 92
8 3 57 97
2 3 56 3
7 3 56 87
5 3 62 88
8 3 58 88
4 3 55 24
7 3 73 22
8 3 55 61
4 3 59 61
3 3 58 61
3 3 55 81
5 4 66 83
6 3 65 79
3 3 65 79
4 4 75 78
5 3 75 78
6 3 74 78
4 3 56 80
2 3 55 88
3 3 55 97
8 3 58 98
2 3 54 18
8 3 62 16
7 4 62 17
3 3 71 14
6 3 58 17
7 3 58 19
2 3 54 62
6 4 56 62
5 4 59 62
7 4 56 59
8 3 55 61
3 3 54 66
6 3 60 64
6 3 56 66
6 3 53 61
1 3 53 78
7 3 62 78
8 3 61 78
5 3 63 76
3 3 60 77
8 3 70 76
2 3 70 77
1 3 59 77
8 3 60 76
2 3 56 76
6 3 56 78
7 3 55 77
8 3 53 98
4 3 53 96
5 3 62 95
1 3 59 98
8 3 52 41
7 3 64 41
3 3 56 41
3 3 52 38
6 3 62 37
5 3 51 2
1 3 51 13
8 3 68 12
2 3 60 11
3 3 51 27
6 3 57 28
8 3 51 80
8 3 68 79
2 3 64 81
5 3 50 72
6 5 58 72
2 4 51 71
1 4 50 70
4 4 56 70
5 4 54 71
2 4 55 73
8 3 63 71
8 3 57 74
3 4 56 75
2 3 54 68
8 3 51 71
5 4 50 71
6 3 60 69
8 4 60 70
5 3 52 69
4 3 51 70
6 4 50 69
2 3 49 17
5 3 49 20
4 3 49 78
8 3 48 77
2 3 48 78
7 3 48 96
2 3 67 94
7 3 52 94
4 3 66 94
1 3 65 93
3 3 57 93
8 3 55 93
4 3 55 93
8 3 59 92
5 3 47 5
2 3 47 6
7 3 51 8
8 3 60 6
6 3 50 9
5 3 47 30
5 3 75 30
4 3 65 31
3 3 66 31
1 3 67 31
5 3 46 13
6 3 46 76
3 3 47 77
5 3 49 76
8 4 48 75
4 3 55 73
1 3 56 75
8 3 45 11
3 3 64 12
3 3 49 10
6 3 45 10
1 3 45 27
7 3 45 28
4 3 45 34
2 3 45 43
7 4 47 42
2 4 54 42
7 3 58 44
6 3 53 41
3 3 49 40
6 4 49 41
6 5 56 40
4 3 57 43
4 3 54 43
4 3 51 41
7 4 52 40
6 3 45 78
8 3 44 60
7 3 46 58
1 3 58 57
3 3 46 57
6 3 56 56
2 3 51 57
4 3 46 55
1 5 46 54
2 3 56 53
4 4 61 52
4 3 56 55
4 3 44 71
3 3 43 21
7 3 56 22
5 3 59 22
3 3 53 20
6 4 54 19
5 3 51 20
6 3 63 21
1 3 63 23
2 3 52 22
3 3 63 23
3 3 53 21
2 3 63 22
4 3 50 21
2 3 56 20
3 3 43 27
5 3 53 25
6 3 63 24
2 3 53 26
8 3 51 25
3 3 43 53
1 3 56 55
5 3 60 57
8 3 64 57
2 3 63 58
6 3 54 55
3 3 55 55
3 3 49 52
2 3 65 51
6 3 42 22
2 3 48 24
2 3 59 23
4 3 61 22
4 3 58 23
7 3 50 25
7 3 47 23
6 3 54 24
4 3 42 26
4 3 42 55
8 3 42 70
2 4 48 69
8 3 57 68
5 3 55 70
8 3 41 39
8 4 55 38
7 3 41 51
2 3 53 50
7 3 44 48
7 3 50 47
5 3 57 46
6 3 53 45
6 3 54 46
3 3 51 49
2 3 57 50
8 3 41 86
4 4 41 87
1 3 56 86
4 3 40 36
1 4 39 37
6 3 66 35
2 3 50 39
2 3 40 67
5 4 53 65
7 4 47 68
2 4 54 67
3 4 47 68
1 3 40 81
1 3 40 91
1 3 58 91
4 3 45 89
5 3 40 98
1 3 52 97
6 3 46 98
2 3 55 98
5 3 55 98
8 4 54 98
1 3 65 99
3 3 53 100
5 3 46 98
1 3 43 98
8 3 40 99
8 3 43 98
3 3 50 97
3 3 43 100
4 3 39 5
4 4 55 6
5 3 58 7
5 3 55 5
5 3 42 5
7 3 46 2
8 3 39 50
6 3 46 50
5 3 41 50
4 3 41 50
6 3 39 50
3 4 38 49
5 3 50 51
2 3 50 53
8 3 38 57
4 3 38 74
5 3 37 4
3 3 59 2
8 3 50 3
5 3 37 48
4 3 37 56
1 4 45 57
6 3 63 58
4 3 59 57
8 3 52 54
5 3 50 55
6 3 41 55
5 3 37 62
7 3 36 20
4 3 56 18
1 4 56 17
2 3 43 20
7 3 58 20
5 3 54 20
1 3 53 20
3 3 53 19
8 3 53 21
1 3 36 73
3 3 40 73
5 3 39 71
2 3 39 73
1 3 50 74
2 3 49 73
8 3 49 72
2 3 39 70
1 3 46 69
4 3 35 20
8 3 35 22
4 3 35 27
6 4 34 28
2 5 35 27
2 5 46 30
3 3 68 29
2 3 68 31
8 3 59 28
5 3 38 26
3 3 38 26
6 3 37 25
2 3 35 72
7 3 35 76
2 3 35 93
2 4 54 94
7 3 57 93
4 3 37 93
3 3 48 92
4 3 57 94
6 3 47 93
3 3 62 94
5 4 62 94
8 3 51 92
7 3 34 32
8 3 41 34
1 3 57 36
3 3 64 36
2 3 36 34
1 3 34 89
8 3 33 19
6 4 33 21
7 3 38 18
4 3 48 17
5 3 33 74
3 3 46 73
4 3 47 75
4 3 41 74
4 3 33 74
3 3 33 99
5 3 49 98
8 3 49 98
2 3 49 99
4 3 42 98
8 3 32 11
6 3 56 11
1 3 66 10
1 3 36 10
3 4 51 11
4 4 35 10
6 3 38 9
3 3 35 11
7 3 32 10
7 3 59 9
3 3 57 10
2 3 54 9
4 3 48 11
7 3 32 27
4 3 66 29
7 3 57 28
5 3 32 26
5 3 32 38
6 3 32 39
4 3 52 38
1 3 52 40
1 3 45 37
4 3 41 38
3 3 54 36
8 3 60 35
5 3 62 33
2 3 54 35
4 3 53 35
7 3 54 33
4 3 39 38
5 3 44 40
7 3 43 40
4 3 43 39
5 3 39 37
5 3 42 39
3 3 39 37
5 3 57 37
8 3 56 37
8 3 47 36
2 5 47 35
1 3 34 40
2 3 45 41
8 3 45 43
3 3 45 44
8 3 43 41
6 3 41 41
3 3 32 41
7 4 32 41
8 4 30 40
7 3 35 39
7 3 37 38
4 3 52 37
7 3 39 38
3 4 50 38
7 4 49 37
3 3 32 50
6 3 43 50
8 3 33 49
4 3 48 51
2 3 32 64
7 3 45 65
5 4 46 67
1 3 46 66
1 3 48 67
5 3 50 69
2 3 52 67
4 3 49 68
6 3 49 68
4 3 50 69
6 3 32 93
1 4 44 93
5 3 40 92
4 3 38 93
3 5 38 92
8 3 39 93
8 3 60 95
6 3 59 94
6 3 52 94
7 3 38 91
7 3 58 89
8 3 45 90
8 3 33 92
2 3 47 94
4 3 44 91
6 3 35 91
7 3 42 90
2 3 46 89
6 4 50 89
4 4 46 90
8 3 32 95
2 3 32 96
5 4 44 96
5 3 38 93
4 3 44 95
2 3 31 11
1 4 46 9
4 3 53 10
6 3 54 9
8 3 53 9
5 3 31 63
3 3 31 74
8 3 35 75
6 3 42 74
6 3 45 75
2 3 45 76
7 3 48 78
4 3 48 80
4 3 63 80
5 3 47 78
3 3 47 78
2 3 42 77
6 3 42 78
4 3 31 84
7 4 56 83
6 3 43 83
1 3 31 84
8 3 48 85
2 3 41 84
5 3 44 83
7 3 41 85
8 3 30 35
7 4 30 35
2 4 29 37
2 4 40 35
5 5 40 37
6 4 38 35
1 5 38 37
5 3 41 34
8 3 47 33
6 3 61 31
1 3 39 34
7 3 39 38
7 3 38 36
3 3 37 37
1 3 35 37
6 3 35 38
1 3 38 38
2 3 37 36
2 3 31 34
3 3 52 34
8 3 33 34
4 3 50 32
2 3 30 70
7 3 48 69
4 3 31 71
4 3 46 71
7 3 42 72
7 3 35 72
5 3 35 74
8 3 33 71
7 3 30 75
5 3 30 75
1 3 33 76
3 3 32 76
8 5 40 74
6 3 31 75
7 3 39 76
1 3 43 76
5 3 36 75
4 3 40 76
1 3 37 74
1 3 29 17
3 3 40 17
6 3 54 15
6 3 50 18
2 3 50 16
3 3 59 14
8 3 44 15
5 3 63 14
7 3 40 19
4 3 33 15
4 3 39 16
1 3 29 25
4 3 32 23
1 4 32 25
7 3 37 24
8 4 40 22
3 3 36 22
8 4 37 21
5 3 36 24
3 3 29 39
3 3 38 41
1 3 36 41
4 3 39 42
1 3 53 44
6 3 37 42
8 3 36 42
6 3 45 44
2 3 36 42
7 3 28 17
8 3 45 17
1 3 40 17
5 3 40 16
7 3 51 15
3 3 62 15
6 3 62 14
7 3 61 15
4 3 60 13
8 3 44 15
6 3 56 14
2 3 57 15
2 3 50 13
8 3 40 19
6 3 28 25
2 3 34 25
2 3 30 26
6 3 28 41
6 3 34 41
3 3 35 42
6 3 27 9
7 3 33 9
4 3 28 9
1 3 50 8
3 3 52 6
1 3 52 8
7 3 34 10
5 3 39 11
6 3 47 13
8 3 29 10
4 3 27 55
7 4 26 55
2 3 50 54
8 3 42 54
7 3 34 56
7 4 47 56
5 3 32 52
7 3 27 81
6 3 45 81
8 3 45 83
2 3 27 85
6 3 48 87
8 3 27 84
7 3 34 86
2 3 33 86
4 3 47 87
1 3 46 88
5 3 45 88
8 3 26 45
4 3 48 46
4 3 34 44
7 4 37 46
7 3 33 43
2 3 47 45
3 3 31 45
8 4 32 46
3 3 46 47
2 3 35 46
6 3 31 45
8 3 27 46
4 3 24 15
4 4 41 13
1 5 41 14
6 4 48 16
5 4 33 13
6 4 31 13
2 4 24 13
5 4 24 15
3 3 30 13
5 3 28 11
5 3 26 13
8 3 25 15
3 3 24 19
7 3 24 33
6 3 61 33
8 3 54 32
1 3 55 33
3 3 26 33
7 3 43 33
7 3 59 31
3 3 59 31
4 3 46 32
1 3 42 33
4 3 24 44
2 3 23 9
7 3 49 7
8 3 23 13
7 3 23 24
2 4 29 24
2 3 23 60
4 3 41 59
1 3 42 59
2 3 28 59
2 3 50 59
3 3 50 60
5 3 50 61
3 3 45 58
4 3 41 59
2 3 39 58
5 3 40 56
2 3 40 58
4 3 50 60
4 3 35 59
8 3 39 57
8 3 38 60
6 3 27 59
6 3 44 59
8 3 41 58
3 3 23 77
8 4 22 75
3 4 34 75
4 3 31 77
6 3 37 79
2 3 23 96
2 3 38 97
7 3 22 3
4 3 53 3
1 3 52 2
4 3 47 3
5 3 46 2
6 3 52 3
5 3 52 3
8 3 39 4
2 3 45 6
5 4 45 8
3 3 44 3
2 3 24 1
7 3 25 3
1 3 51 4
1 3 31 4
4 4 40 3
6 3 24 3
2 4 39 3
5 3 37 2
3 3 24 4
6 3 40 4
6 3 35 3
3 3 35 1
1 3 33 2
8 3 31 1
7 3 29 4
8 3 34 4
4 3 30 5
5 3 29 4
3 3 22 11
7 3 22 10
4 3 43 7
8 3 43 8
3 3 42 10
4 3 28 9
2 4 38 8
7 3 34 7
8 3 35 8
3 3 42 7
4 3 22 13
5 3 40 12
2 3 22 11
5 3 22 40
7 3 26 40
1 3 22 81
8 3 33 80
4 3 42 81
7 4 42 82
4 3 26 79
1 3 34 78
2 3 34 80
5 3 33 80
2 3 32 80
1 3 24 81
2 3 58 83
8 3 26 80
5 3 30 82
3 3 22 84
8 4 21 84
3 4 44 85
5 4 20 83
3 3 36 84
1 3 25 84
1 3 41 84
2 3 44 82
6 3 41 84
5 3 41 86
1 3 40 86
8 3 30 84
5 3 40 82
4 3 21 20
7 5 21 18
6 3 37 19
6 3 30 17
1 3 30 18
5 4 30 18
2 3 21 32
2 4 52 31
7 3 62 30
3 3 52 30
5 3 33 31
7 3 42 30
4 3 21 33
2 3 21 59
3 3 27 59
7 3 25 59
1 3 31 58
8 3 27 58
5 3 35 57
7 3 20 8
6 3 20 8
5 3 30 6
4 4 35 4
7 3 35 4
4 3 38 4
1 3 20 18
8 3 30 20
7 3 20 85
5 3 28 86
2 3 22 86
1 3 43 88
3 3 50 89
3 3 45 89
5 3 27 88
6 3 42 90
5 3 47 89
8 3 42 90
1 3 27 90
7 4 30 90
1 3 34 91
7 3 36 89
4 3 36 92
2 3 31 93
4 3 19 29
7 3 49 28
8 3 33 28
6 3 47 28
6 3 49 30
4 3 34 27
1 3 33 30
5 3 41 31
1 3 47 31
6 3 50 29
6 3 40 30
3 3 47 30
5 3 33 29
4 3 31 30
4 3 21 28
7 3 31 27
6 3 31 28
2 3 33 27
1 3 33 29
3 3 30 29
8 3 35 28
2 3 30 29
5 3 38 29
4 4 38 28
2 4 41 30
4 3 29 28
7 3 26 28
2 3 30 29
8 3 38 28
1 3 23 26
4 3 29 25
8 3 27 24
5 3 27 25
6 3 28 26
3 3 28 26
4 3 19 70
2 3 28 69
5 3 28 69
5 3 35 67
3 3 30 68
1 3 43 70
4 3 39 68
8 6 42 68
7 3 47 66
2 3 30 67
3 3 41 68
1 3 40 66
8 3 32 68
3 3 37 68
4 3 19 77
1 4 19 77
3 3 24 79
6 3 23 78
8 3 24 79
5 3 20 76
6 4 20 75
2 3 20 76
1 3 24 74
6 3 40 73
1 3 32 73
2 3 20 78
3 3 27 79
5 3 20 79
3 3 19 83
5 3 19 87
7 3 19 97
4 4 38 97
6 3 38 100
1 3 36 98
2 3 39 96
7 3 31 98
5 4 30 98
7 3 35 98
8 3 26 95
6 3 46 94
8 3 23 97
1 3 18 8
1 3 32 7
3 3 26 9
4 3 18 9
2 4 32 8
1 3 18 19
1 3 18 69
2 4 35 68
4 3 30 69
3 4 33 71
7 3 34 68
6 4 33 67
7 3 32 67
6 3 31 72
6 3 18 88
1 3 18 90
6 3 27 90
5 3 33 89
1 3 35 89
4 3 26 91
3 3 18 91
1 3 17 10
5 3 17 16
8 3 22 17
8 3 28 15
2 3 22 16
7 3 17 76
7 3 16 17
7 3 19 17
5 3 29 18
2 3 16 63
5 3 16 72
8 3 32 73
3 3 21 73
6 3 28 73
5 3 15 19
3 3 32 19
2 3 34 20
7 3 28 18
6 3 16 19
5 3 16 17
2 3 24 19
4 3 36 20
3 3 38 22
6 3 24 19
5 3 32 20
8 3 31 20
8 3 22 16
6 3 23 17
4 3 23 18
7 3 20 15
3 3 17 19
4 3 30 21
3 3 15 21
3 3 41 22
6 3 40 22
2 3 16 20
1 3 25 21
7 3 30 22
3 3 24 22
6 3 15 61
8 3 24 60
1 3 37 62
1 3 45 62
3 3 62 63
4 3 50 63
3 3 54 64
2 3 50 63
3 3 45 63
3 3 15 78
7 3 15 81
7 3 15 93
8 4 21 94
7 3 17 94
4 3 24 94
2 3 15 93
3 3 14 35
5 3 21 36
6 3 28 37
2 3 19 36
6 3 16 36
6 3 31 36
6 3 34 33
3 3 33 34
5 3 28 34
8 3 28 36
7 3 17 34
3 3 17 35
3 3 27 37
4 3 24 36
4 3 16 38
5 3 18 39
8 3 15 38
5 3 24 36
5 3 22 37
8 3 14 46
8 3 45 47
4 3 14 53
2 4 13 53
1 4 36 53
4 3 44 55
7 3 40 55
5 3 37 54
8 3 33 55
6 3 34 54
7 3 32 51
6 3 32 52
6 4 37 52
1 3 40 52
3 3 29 53
8 3 27 55
8 3 22 55
8 3 36 53
5 3 36 55
2 3 39 55
3 3 36 55
6 3 36 54
7 3 33 54
1 3 33 56
2 3 30 55
6 3 13 1
4 3 13 20
7 3 13 38
3 3 13 54
3 3 31 54
7 3 39 51
4 3 13 68
2 4 28 67
4 3 29 66
3 3 29 68
6 3 27 69
8 3 27 69
2 3 19 67
8 3 19 69
7 3 13 86
8 3 16 86
1 4 24 86
2 4 15 86
4 3 22 86
3 3 13 86
5 3 21 84
1 3 12 6
2 3 26 6
3 3 35 4
6 3 27 6
1 3 20 5
3 3 29 4
2 3 30 5
6 3 24 5
1 3 25 5
7 3 12 11
8 3 39 12
3 3 14 11
6 3 14 11
7 3 20 11
6 3 34 11
6 3 28 10
1 3 25 10
7 3 12 27
2 3 19 29
8 3 34 30
5 3 21 29
5 3 36 30
3 3 21 30
8 3 45 32
1 3 31 28
2 4 31 28
2 3 21 31
1 3 18 30
8 4 18 30
7 4 31 29
6 3 21 31
1 4 31 32
4 3 12 25
3 3 12 24
2 3 11 7
5 3 29 8
8 3 16 9
5 4 15 9
2 4 15 7
3 5 14 6
8 3 11 8
5 3 11 21
4 4 11 23
6 4 10 22
3 3 11 34
7 3 30 34
8 3 29 33
3 3 32 32
2 3 28 33
1 3 11 33
6 3 27 31
2 3 27 30
7 3 11 79
6 3 31 80
3 3 32 81
7 3 36 80
2 3 36 79
7 3 37 80
2 3 37 79
6 3 15 79
5 4 30 80
7 3 12 77
6 3 11 84
8 3 36 82
1 3 10 19
6 3 10 59
6 5 24 58
6 3 12 58
7 3 17 57
3 3 19 58
1 3 29 59
6 3 30 61
1 3 13 56
8 3 16 58
1 4 15 56
4 3 15 56
6 3 21 54
2 3 30 53
6 3 15 57
7 4 23 56
3 3 16 55
2 3 13 57
6 5 23 56
8 5 13 56
4 3 25 57
8 3 25 59
1 3 24 55
1 3 24 59
7 3 34 60
2 3 40 62
6 3 35 61
4 3 34 62
3 5 35 64
7 3 36 64
8 3 35 63
5 3 36 63
4 3 26 60
3 3 19 57
1 3 10 100
3 3 17 99
2 3 9 12
4 3 9 33
7 3 9 40
2 3 27 41
2 3 29 43
4 3 18 40
8 3 22 41
5 3 22 40
6 3 19 41
5 3 21 41
7 3 18 41
2 3 19 39
5 3 9 44
4 4 27 43
4 3 13 45
3 3 29 44
5 3 29 45
4 4 29 45
5 4 28 45
2 3 38 47
2 3 36 43
6 3 22 42
3 3 9 43
7 3 27 43
5 3 14 43
2 3 14 42
4 3 9 48
6 4 29 46
1 5 30 47
8 3 32 46
6 3 30 46
4 4 30 48
3 4 29 49
5 3 26 47
2 3 34 49
8 3 30 49
2 3 10 49
2 3 28 49
3 3 35 51
8 3 21 49
8 3 34 51
7 3 27 49
1 3 28 50
4 3 25 48
5 4 25 50
1 3 29 53
8 3 27 46
2 4 27 46
7 3 26 49
7 3 21 51
4 3 26 50
6 3 17 50
6 3 9 47
1 3 9 47
3 3 22 47
2 3 11 47
3 3 12 46
8 3 24 44
1 3 24 43
6 3 26 45
2 3 17 48
7 3 12 46
3 4 11 46
6 3 22 48
4 3 22 48
2 3 9 53
8 4 9 53
8 3 22 51
4 3 23 53
5 3 13 53
2 3 19 53
3 3 29 51
3 3 18 52
4 3 17 54
5 4 17 55
3 3 9 81
5 3 34 81
8 3 30 83
2 3 9 80
2 3 17 79
6 3 9 90
6 4 35 89
8 4 34 88
8 3 11 89
5 3 35 88
6 3 9 98
1 3 31 97
1 3 41 99
2 3 27 100
7 3 38 100
5 3 38 99
7 3 9 99
8 3 8 6
6 3 25 4
8 3 26 6
7 3 24 6
4 3 22 6
1 3 23 7
5 3 11 7
2 3 18 7
6 3 8 11
2 3 28 11
5 3 24 11
8 4 27 10
3 3 19 9
4 3 9 11
5 3 8 31
7 3 28 30
6 3 28 30
3 3 25 30
2 3 17 30
8 3 12 32
1 4 12 33
8 4 25 32
5 3 25 33
6 3 8 93
4 5 8 94
3 3 8 98
1 3 12 97
6 3 32 95
7 3 32 95
6 3 11 96
4 3 11 95
2 3 11 96
4 3 19 98
2 3 19 99
6 3 7 40
6 3 13 38
5 3 7 92
5 4 16 93
3 4 6 93
1 3 13 93
4 3 6 7
7 3 8 6
2 4 22 5
1 3 6 57
6 3 20 56
2 3 6 60
5 3 26 60
4 3 17 58
8 4 17 60
5 3 27 60
7 3 28 61
7 3 7 61
6 3 35 62
4 3 12 59
1 3 20 61
5 3 19 61
4 3 43 63
1 3 7 61
2 3 17 61
4 3 24 63
2 3 49 64
2 3 27 62
1 3 27 62
2 3 37 63
3 3 17 60
3 3 13 59
5 3 9 61
2 3 21 62
8 3 19 62
6 3 6 73
2 5 6 72
5 4 6 73
2 3 24 74
1 3 24 73
7 3 23 75
5 4 24 75
4 3 18 75
5 3 11 71
7 3 18 70
5 3 5 24
5 3 10 24
4 3 15 25
6 3 26 24
3 3 16 26
7 3 5 35
1 3 15 36
7 3 4 17
1 3 25 16
1 3 11 18
5 3 4 31
5 4 22 30
7 3 4 64
6 3 44 65
5 3 44 65
8 3 43 64
6 3 13 63
4 3 13 61
4 3 11 64
3 3 22 64
6 3 4 72
7 3 4 80
3 3 27 80
6 3 17 78
2 3 25 79
8 3 6 81
6 3 19 82
6 3 21 80
2 3 28 82
3 3 26 81
5 4 37 82
4 3 37 82
4 3 13 81
1 3 22 79
5 3 23 81
7 3 22 80
4 3 29 79
4 3 23 82
5 3 9 78
1 3 9 80
7 3 14 78
8 3 9 80
8 3 20 80
1 3 32 82
4 3 3 4
7 3 9 3
3 3 3 5
2 3 3 87
3 4 17 85
7 3 10 86
1 3 15 84
4 3 3 86
5 4 9 87
8 4 4 85
4 3 31 83
8 3 22 88
5 3 18 86
1 3 8 84
2 3 18 82
7 3 18 80
1 3 4 87
3 4 5 87
6 4 11 87
5 3 2 17
1 4 21 16
3 3 21 15
3 3 34 14
2 3 30 13
7 3 27 14
2 3 14 16
1 3 2 46
6 4 13 46
1 3 14 47
5 4 13 45
7 3 15 46
8 3 3 46
2 3 6 44
7 4 6 42
4 3 17 40
1 3 2 91
2 3 16 89
7 3 23 88
2 3 24 89
5 3 24 90
6 3 16 90
5 3 3 91
3 3 20 90
7 3 16 90
5 3 16 90
2 3 18 89
6 3 18 91
3 3 15 88
7 3 20 88
4 3 2 90
4 3 4 90
5 3 2 94
2 3 35 94
1 3 8 93
4 3 2 95
3 3 19 94
6 2 74 1
2 2 73 1
1 2 50 23
3 2 49 100
8 2 48 1
6 2 46 1
4 2 46 1
3 3 46 2
7 2 43 52
8 2 42 14
2 2 42 52
4 2 41 14
1 2 40 1
7 2 39 1
3 2 39 70
2 2 38 96
4 2 37 1
5 2 37 13
2 2 37 13
6 2 36 23
1 2 35 64
4 2 35 66
4 2 41 66
7 2 41 65
3 2 38 66
7 2 35 66
4 2 39 65
2 2 39 65
5 2 37 65
8 2 39 64
8 2 37 65
1 2 37 66
8 2 37 67
6 2 35 100
2 3 34 100
4 3 33 100
7 2 34 95
8 2 33 25
2 2 33 64
6 2 36 65
6 2 37 64
1 2 37 64
5 2 37 65
4 2 36 63
3 3 36 63
1 2 35 65
6 2 33 64
6 2 33 71
1 3 33 72
6 2 33 94
5 2 33 96
3 2 33 95
4 2 32 14
2 2 32 13
4 2 32 63
3 2 32 70
7 2 32 94
6 2 31 1
1 2 31 13
7 2 32 12
1 2 32 13
8 2 31 64
2 2 31 63
4 2 31 64
7 2 31 70
6 2 30 25
2 2 30 35
7 2 30 34
4 2 30 34
3 2 30 95
6 2 31 94
4 2 29 15
4 2 29 28
6 2 29 35
7 2 29 51
5 2 29 51
4 3 28 51
6 3 28 52
8 2 29 63
2 2 29 67
3 2 29 71
8 2 29 71
4 3 28 71
8 2 29 76
3 2 29 76
7 2 29 82
2 2 29 94
1 3 29 95
1 2 28 14
8 3 28 15
6 2 28 13
5 2 28 14
5 2 28 23
5 2 37 23
2 2 33 23
4 2 33 22
7 2 33 22
1 2 28 34
4 2 28 64
2 2 28 71
1 2 28 72
5 3 27 72
5 2 28 82
2 2 27 1
8 2 35 1
7 2 29 1
2 2 27 3
3 2 28 3
6 2 27 2
3 2 37 1
6 2 27 14
7 2 27 32
5 2 27 44
6 3 27 43
7 2 27 43
1 2 28 44
4 2 27 44
8 2 27 57
2 2 27 57
1 2 27 64
6 2 27 97
3 2 26 14
6 3 25 13
8 3 28 12
7 2 27 12
5 2 27 12
7 3 26 11
7 2 26 15
3 2 26 28
7 2 26 37
3 2 26 44
7 2 26 71
4 2 26 73
3 3 26 74
2 2 26 76
5 2 26 97
4 2 25 2
8 2 28 1
4 2 25 10
3 2 25 12
2 2 25 13
7 2 25 22
1 3 26 21
1 2 31 23
8 2 31 23
1 2 30 23
6 2 26 23
4 2 25 32
8 2 25 57
5 2 25 63
2 2 25 72
1 2 24 10
5 3 24 11
8 2 24 13
3 2 24 26
2 2 28 25
1 2 24 27
2 2 24 33
6 2 26 33
4 2 24 36
2 2 24 43
4 2 24 44
7 2 24 63
5 2 24 69
8 2 24 73
3 2 24 76
1 2 24 77
3 2 24 96
2 2 24 97
4 2 24 98
6 3 24 99
3 2 23 1
2 2 23 10
4 2 23 12
1 2 23 14
5 2 23 14
3 2 23 14
4 2 23 15
5 2 23 23
6 2 24 23
6 2 23 28
3 3 22 28
8 4 22 27
1 2 23 28
4 2 23 32
3 2 23 33
4 3 23 34
5 2 23 43
6 2 23 66
4 2 25 65
6 2 26 66
5 2 26 67
1 2 24 65
7 2 25 66
6 2 27 65
5 2 26 65
6 2 24 64
8 2 23 82
6 3 23 83
6 2 26 83
4 2 25 82
2 2 28 83
3 2 27 83
1 2 24 82
1 2 27 83
4 2 22 9
5 2 22 25
4 2 26 24
3 3 26 23
2 2 26 23
7 2 25 23
8 2 25 24
7 2 26 24
7 2 22 26
7 2 22 57
2 2 22 60
8 2 22 62
7 2 22 72
8 2 24 71
5 2 24 72
4 2 22 72
2 5 21 70
7 3 20 72
2 2 22 79
1 2 22 96
8 2 22 95
6 2 24 96
3 2 22 97
5 2 22 98
6 2 21 7
2 2 21 15
2 2 21 20
2 2 24 21
3 2 24 20
1 2 23 21
7 2 21 28
6 2 21 28
4 2 21 29
8 2 21 32
7 2 21 33
1 2 21 37
1 2 21 76
3 2 21 85
6 2 20 1
8 2 22 2
1 2 24 3
5 2 24 3
4 3 23 2
3 2 25 1
7 2 24 4
5 2 21 2
5 2 25 1
1 2 25 1
6 2 25 2
3 2 20 3
4 2 20 11
6 3 20 11
3 2 20 18
2 2 20 36
3 2 20 44
8 3 20 44
5 2 20 53
1 2 28 52
7 2 20 55
8 2 20 62
2 2 20 62
7 2 20 75
8 3 20 75
6 2 20 87
7 2 20 96
1 2 19 3
5 2 19 9
1 2 19 9
8 2 19 10
1 2 19 11
3 3 19 12
4 3 19 14
7 3 19 14
8 2 19 12
4 2 19 24
6 3 19 24
5 2 19 27
8 4 18 25
2 2 19 28
3 2 19 36
1 2 19 35
3 2 19 35
7 2 19 44
5 2 19 45
3 2 19 49
8 2 20 48
6 2 20 48
1 2 19 51
3 2 28 52
8 2 25 52
7 2 23 52
1 2 23 53
6 3 22 52
5 2 23 51
7 2 23 50
4 2 23 50
8 2 22 53
8 2 19 53
7 2 19 63
4 2 19 87
4 2 19 98
2 2 27 99
5 2 27 100
2 2 26 100
5 2 25 100
8 2 27 99
4 2 25 99
7 2 25 99
2 2 24 100
3 3 23 99
7 2 22 99
3 2 19 98
6 2 19 99
2 2 18 15
6 2 18 17
8 2 18 18
3 2 18 25
2 2 20 25
4 2 20 26
1 2 18 35
2 2 19 34
4 2 19 34
5 2 19 35
3 2 18 33
6 2 19 32
1 2 19 31
1 2 18 39
8 2 18 44
1 2 18 49
5 2 18 57
1 2 18 80
8 2 18 83
4 2 24 83
2 3 24 82
7 4 24 83
8 2 23 84
6 2 18 96
5 2 18 97
7 2 18 99
1 3 18 100
5 2 17 2
4 4 16 2
7 2 18 1
5 2 17 16
8 2 17 15
6 2 17 19
3 2 17 20
3 2 21 21
8 2 22 22
2 2 21 22
7 2 18 21
5 2 17 21
1 2 17 28
7 2 17 27
3 2 17 31
2 2 22 30
2 2 17 33
1 2 17 41
2 2 17 48
1 2 17 53
6 3 17 54
3 2 17 64
3 2 24 65
6 2 18 65
8 2 24 66
6 2 17 67
6 2 20 68
8 2 21 67
2 2 17 69
2 2 20 68
4 2 17 81
2 2 17 99
7 2 17 100
6 2 16 6
1 2 16 9
8 2 16 26
2 2 16 25
1 2 17 26
5 2 17 27
5 2 16 29
1 2 20 30
5 2 20 31
4 2 18 30
1 2 16 30
7 2 16 32
5 2 16 43
8 2 21 42
4 2 16 50
5 2 16 49
6 2 16 50
8 2 16 51
8 2 16 65
5 2 19 64
4 2 19 65
2 2 20 65
2 2 16 65
1 3 15 65
1 2 18 63
3 2 18 64
3 2 16 70
1 2 20 71
1 2 19 69
6 2 19 71
6 2 16 69
7 2 16 90
2 2 23 89
6 2 23 89
4 2 18 89
8 2 16 92
1 2 16 91
2 2 16 91
4 2 16 92
2 2 15 1
1 2 15 20
5 2 15 22
3 2 23 23
6 2 15 44
7 2 15 54
7 2 15 59
5 2 15 60
4 2 15 69
7 2 15 70
4 2 15 88
1 2 18 88
7 2 20 89
2 2 16 87
8 2 17 88
3 2 17 89
4 2 17 89
1 3 16 89
4 2 15 96
8 2 20 95
7 2 20 96
2 2 15 100
7 2 14 1
6 2 18 1
5 2 18 2
5 2 14 2
2 2 14 2
4 2 14 4
3 2 15 5
7 2 15 6
4 2 14 10
8 2 15 11
1 3 15 12
6 3 14 12
7 2 14 13
3 2 15 14
8 2 14 20
7 2 14 20
4 2 16 19
4 2 14 34
8 2 14 35
5 2 16 35
7 2 14 48
2 2 14 59
8 2 14 65
8 2 14 73
2 2 14 76
5 2 20 76
4 2 20 76
1 2 16 76
8 2 17 77
7 2 17 78
2 2 18 79
3 2 17 79
4 2 16 75
7 2 16 76
2 2 15 75
6 2 14 76
3 2 15 75
2 2 15 76
4 2 16 77
3 2 14 79
1 3 13 77
5 2 14 89
3 2 14 92
6 3 13 92
1 3 13 91
8 2 13 3
3 3 13 3
5 2 15 4
7 2 13 6
6 2 15 7
5 2 15 7
6 2 13 7
8 3 13 8
8 2 13 15
3 2 13 16
5 2 13 15
1 3 13 16
6 3 12 16
8 3 11 16
1 2 13 20
6 2 13 22
7 2 19 23
2 2 17 23
8 2 17 23
1 2 14 23
2 3 14 24
5 2 17 24
1 2 17 25
6 2 15 22
2 2 15 23
5 2 13 23
8 3 12 22
4 2 13 24
3 2 13 24
3 2 13 31
6 2 13 32
1 2 13 33
8 2 13 68
4 2 20 67
4 2 13 72
1 2 15 71
4 2 15 72
6 2 14 72
1 2 16 73
7 2 16 74
4 2 13 76
8 3 12 76
4 2 13 99
5 2 12 4
4 2 12 7
2 2 12 14
5 2 12 26
4 2 12 33
5 3 11 31
7 2 14 30
1 2 12 37
6 3 15 36
6 2 17 35
2 2 15 36
3 2 15 38
8 2 15 38
8 2 12 38
2 2 12 48
4 2 12 49
1 2 12 57
7 2 16 56
3 3 16 57
2 2 16 56
4 2 12 56
8 2 15 55
6 2 14 57
4 2 14 56
2 2 14 57
7 2 14 58
5 2 15 58
2 2 12 55
7 2 12 60
8 2 12 66
6 2 12 66
5 2 12 65
4 2 17 66
2 2 17 67
3 2 12 67
1 2 12 68
2 2 12 69
5 2 12 71
1 2 12 80
8 2 15 79
7 2 14 81
3 2 22 82
8 2 19 82
1 2 19 83
1 2 20 84
2 2 20 85
3 2 14 82
5 2 19 83
5 2 12 86
3 2 13 86
6 2 14 87
4 2 13 86
7 2 11 2
2 2 11 2
4 2 11 4
6 2 12 5
7 2 11 8
1 2 11 10
4 2 11 11
3 2 11 16
6 2 11 15
4 2 11 14
6 2 11 21
8 2 14 20
7 2 14 20
6 2 11 44
7 3 10 43
1 2 12 42
8 2 11 42
3 2 14 41
8 2 14 42
5 2 14 41
4 2 11 43
1 2 12 42
7 2 13 41
8 2 11 55
5 2 11 56
2 2 11 63
4 2 17 62
6 2 17 63
5 2 16 62
1 2 12 62
3 2 13 63
4 3 13 64
8 2 11 62
4 2 13 61
8 2 12 61
8 2 11 69
8 2 11 73
5 2 15 74
3 2 16 73
1 2 11 72
2 2 11 76
5 2 13 77
3 2 11 81
7 2 13 82
2 2 11 87
1 3 11 86
1 2 11 95
2 2 19 94
1 2 18 94
1 2 16 94
6 2 14 94
4 2 11 95
2 3 15 94
5 2 12 95
1 2 13 96
8 2 14 97
8 2 12 95
1 2 12 94
5 2 12 95
3 2 11 96
5 2 10 3
5 2 10 6
3 2 10 7
1 2 10 13
3 2 10 13
4 2 10 17
8 2 10 21
4 3 10 21
6 2 10 25
3 3 9 25
2 3 7 25
5 2 10 47
8 2 10 50
4 2 17 51
3 2 13 51
4 2 14 52
5 2 11 49
7 2 10 56
5 2 10 58
2 2 10 58
5 3 9 58
5 3 11 58
4 3 8 58
1 2 11 60
3 2 10 57
1 2 10 76
7 2 12 77
3 2 10 77
5 3 10 77
5 2 11 79
2 2 11 79
4 3 10 78
5 2 10 84
8 2 9 2
1 2 9 8
6 2 9 9
5 2 9 11
5 2 10 11
1 3 10 12
7 2 9 13
3 2 9 20
7 2 9 19
2 2 9 18
4 2 9 47
1 2 11 46
6 2 10 48
3 3 10 49
8 2 10 48
1 2 9 53
3 2 13 54
5 2 13 55
6 2 10 54
5 2 9 54
2 2 10 54
4 3 10 55
1 2 9 64
2 2 11 63
2 2 9 67
7 2 16 67
3 2 14 66
1 2 14 67
2 2 13 67
5 3 15 66
6 2 15 66
5 2 12 67
5 2 9 68
6 3 9 68
4 2 9 70
6 2 15 70
3 2 9 71
5 2 9 80
6 3 9 81
1 2 13 79
8 2 10 79
1 2 10 80
5 2 9 95
8 2 12 96
4 2 11 96
6 2 8 4
4 2 8 5
2 2 9 4
7 2 8 4
2 2 8 7
4 2 8 12
4 2 8 16
8 2 8 22
4 2 8 27
1 2 9 26
3 2 9 27
8 2 13 28
3 2 8 32
6 2 13 31
8 2 13 32
3 2 8 40
8 2 9 41
6 2 9 41
5 2 9 42
3 2 9 43
5 2 8 41
7 2 8 50
6 2 11 51
2 2 8 52
8 3 8 53
1 2 8 53
3 2 8 52
6 3 8 53
7 3 7 53
2 2 15 51
4 2 8 52
2 2 9 51
3 2 8 64
4 2 8 65
7 2 8 80
2 2 8 79
6 3 8 79
4 2 8 94
8 2 11 93
2 2 12 92
7 3 12 93
5 2 11 92
4 2 10 93
3 2 10 94
2 2 8 97
7 3 7 97
2 2 11 97
7 2 13 98
6 3 13 99
3 2 11 98
1 2 10 97
5 2 10 98
8 3 10 98
6 2 9 96
3 2 9 96
1 2 7 10
7 2 7 9
7 2 7 15
2 2 7 17
2 2 7 32
4 2 10 31
7 2 11 30
8 2 7 32
6 4 7 31
1 3 7 31
1 2 8 33
3 2 12 34
7 2 12 35
8 3 11 34
6 2 7 37
4 2 7 43
2 2 9 42
6 2 8 43
2 2 7 46
5 2 10 47
4 2 9 47
3 3 9 48
3 2 7 46
8 4 6 44
2 3 5 46
7 2 7 60
8 2 7 59
6 3 7 59
4 2 7 67
7 2 7 82
4 2 7 81
1 2 10 82
8 2 7 85
3 2 14 84
6 2 14 84
7 2 9 84
8 2 8 84
4 2 13 83
4 2 10 83
7 2 12 82
8 2 9 85
1 2 7 87
7 2 11 88
4 2 7 88
5 2 9 87
7 2 9 87
8 2 7 96
8 2 8 95
4 2 6 2
1 2 6 2
3 2 6 7
2 2 6 8
4 2 6 11
6 3 5 11
6 2 6 14
1 3 6 15
8 2 6 14
1 2 6 19
6 2 6 18
7 2 6 20
5 4 6 21
4 2 7 18
5 2 6 24
5 2 6 28
4 2 12 28
2 2 11 28
4 2 6 38
1 3 5 38
1 2 7 39
3 2 6 39
5 2 6 54
2 2 6 57
8 2 6 57
3 2 6 58
3 2 6 60
2 2 7 61
6 2 8 62
8 2 7 62
5 2 7 61
8 2 6 65
5 2 6 70
1 2 8 69
8 2 6 73
8 2 8 72
2 2 6 75
1 2 6 76
8 2 6 77
3 2 7 78
4 2 6 77
3 2 6 80
1 2 6 88
7 3 6 89
3 2 6 95
5 4 5 93
7 2 6 92
2 2 6 92
6 2 6 93
7 2 5 3
4 2 5 3
3 3 4 1
5 2 5 4
1 2 8 4
5 2 10 5
8 2 10 6
8 2 5 9
2 2 5 10
3 2 5 20
8 2 5 19
4 2 5 36
3 2 11 35
5 3 11 36
8 2 5 37
4 2 5 40
7 2 10 39
1 2 10 39
4 2 9 39
8 2 5 42
7 2 5 47
8 2 5 49
5 2 6 50
4 2 5 48
2 3 5 47
6 2 5 48
8 2 5 48
7 2 5 50
8 2 5 51
8 2 8 51
2 2 5 56
5 2 5 64
2 3 5 65
4 2 8 67
2 3 8 67
2 2 10 66
3 2 5 65
7 2 5 64
1 2 5 63
3 3 5 62
4 4 4 62
1 2 5 66
1 2 5 70
8 3 4 70
3 2 13 70
5 2 12 70
4 2 7 69
1 2 6 71
3 2 6 72
4 4 5 70
8 2 5 75
7 2 5 75
6 2 5 77
5 3 5 78
3 2 5 82
1 3 5 82
3 2 6 82
5 2 6 83
2 2 6 82
6 3 6 83
3 3 6 83
6 2 7 85
8 2 6 83
5 2 6 85
4 2 5 87
1 2 5 94
7 2 5 95
3 2 5 96
7 2 4 11
5 2 4 10
7 2 4 26
6 2 5 27
3 2 11 28
6 2 11 29
1 2 4 25
1 2 4 28
6 2 8 27
7 2 7 28
8 2 12 29
5 3 12 29
3 2 10 29
7 2 4 31
3 2 4 31
2 2 4 35
5 2 4 38
8 2 12 39
2 2 6 37
3 2 4 41
7 2 4 59
4 2 4 59
8 2 4 67
3 2 7 66
1 2 4 72
8 2 4 82
1 2 4 84
1 2 4 91
4 2 8 90
8 2 9 89
2 2 8 89
7 2 7 90
5 2 8 91
3 2 8 92
8 2 7 91
2 2 4 95
4 2 4 99
4 3 6 98
2 3 4 99
8 3 3 99
5 2 7 97
1 2 7 97
3 2 6 98
1 2 3 10
3 2 3 16
2 2 6 15
2 2 3 29
1 2 3 30
4 2 6 29
1 2 6 28
6 2 3 35
8 2 3 43
1 2 4 43
1 2 5 42
7 2 3 49
1 2 3 49
5 2 3 54
3 2 3 68
2 2 3 71
3 3 2 70
7 3 2 68
2 2 3 78
8 2 3 92
6 3 3 91
1 2 2 3
8 2 2 4
7 2 2 8
3 3 2 8
5 4 2 9
3 2 2 14
5 3 3 13
8 2 3 15
7 2 3 15
3 2 2 29
2 3 2 30
4 2 2 28
8 2 2 35
4 3 2 35
4 2 5 37
2 2 8 36
6 2 5 37
1 2 4 37
7 2 4 36
2 2 3 37
5 2 2 37
1 2 2 40
2 3 2 41
7 2 4 42
2 2 3 42
4 2 3 43
7 2 2 39
5 2 2 48
8 2 2 50
5 3 1 50
6 2 5 52
7 2 4 50
1 2 4 51
4 2 10 51
3 2 3 51
4 2 3 52
3 2 2 63
2 4 1 62
1 2 3 65
6 3 3 66
5 2 2 77
8 2 2 83
7 2 1 4
2 2 6 5
8 2 6 6
6 2 5 6
2 2 1 5
7 2 3 6
7 2 1 8
2 2 1 15
1 2 6 14
6 2 5 14
5 2 4 14
7 2 1 29
5 2 1 28
8 2 1 36
8 2 1 37
5 2 5 36
1 2 2 37
6 2 4 36
2 2 1 42
4 2 1 46
1 2 1 50
7 2 1 55
8 2 3 56
2 2 1 54
8 2 1 53
2 2 1 66
5 2 5 65
8 2 1 74
8 2 2 73
7 2 4 74
2 2 1 79
8 2 5 80
8 2 1 88
1 2 1 89
