654984
1368
2 213 100 1
1 215 100 26
2 348 90 1
1 359 90 26
1 236 74 1
2 242 74 26
1 285 63 1
2 282 63 26
8 8 54 23
8 7 54 47
6 6 54 50
6 5 51 76
4 6 98 78
4 5 50 28
2 10 50 50
5 8 50 54
5 11 50 67
4 5 97 66
3 5 96 64
5 12 96 63
3 7 94 67
5 6 95 68
4 9 94 69
5 5 58 67
4 7 57 67
5 6 87 66
4 5 86 66
3 5 86 64
5 7 78 66
3 5 86 68
5 5 85 63
4 5 86 63
3 5 89 62
4 5 83 69
4 7 77 66
3 13 77 65
5 5 75 66
4 5 78 67
4 7 65 66
4 7 73 68
3 6 74 68
3 6 64 66
5 8 71 69
5 5 85 62
4 5 88 63
5 5 66 68
3 5 77 70
3 5 83 70
3 10 65 65
4 6 97 72
3 9 96 76
5 9 96 75
4 8 96 75
5 6 94 72
3 9 93 76
5 5 86 71
4 6 87 73
3 7 88 74
5 7 87 75
3 8 87 77
5 6 87 78
5 6 66 64
4 5 65 64
3 5 72 64
4 5 65 69
5 9 64 71
4 5 71 70
5 5 77 72
5 6 82 73
4 15 83 75
3 5 87 78
3 5 92 79
4 6 85 78
4 6 78 72
3 10 79 74
5 6 78 75
5 5 59 65
4 5 67 62
3 6 59 66
4 6 59 66
3 9 56 67
4 6 56 70
4 5 76 71
5 5 76 72
3 5 75 71
5 12 55 68
5 10 50 71
3 5 72 76
3 7 57 73
3 5 67 73
4 5 67 74
5 11 67 74
4 5 66 75
3 6 65 77
5 5 60 73
4 6 59 72
3 6 59 73
5 5 58 74
4 13 57 75
5 9 56 74
5 6 57 77
3 10 56 79
4 8 56 80
3 5 55 80
5 6 80 81
4 5 97 81
3 7 53 70
5 14 50 76
3 6 93 82
5 7 92 81
3 5 71 82
4 5 98 84
5 6 54 80
5 5 59 83
5 5 82 81
4 6 81 80
4 5 58 83
3 5 75 83
5 5 76 84
3 6 76 82
4 7 75 83
3 5 92 85
3 5 82 85
5 8 88 84
4 5 87 87
3 5 87 88
5 8 81 84
4 9 80 84
3 7 57 81
3 5 79 84
3 6 73 82
4 5 55 83
8 5 53 75
3 8 53 81
4 5 67 81
5 5 67 82
5 6 52 76
5 5 60 78
4 6 54 78
4 6 58 78
3 8 59 78
4 6 50 76
5 11 50 84
3 5 87 86
4 6 86 90
3 6 79 88
5 6 84 90
4 5 94 90
3 5 84 91
4 5 86 87
4 8 83 90
5 5 83 93
3 10 83 94
4 8 83 95
5 13 83 96
4 5 96 96
3 11 83 97
4 11 83 98
5 10 83 99
3 9 83 100
4 7 82 99
5 6 82 100
5 5 53 83
5 5 60 82
4 7 60 83
4 5 61 78
3 8 62 78
5 9 62 78
3 7 59 86
4 5 65 87
4 6 79 87
5 8 80 86
5 5 58 83
5 5 62 83
3 5 61 86
3 5 71 88
4 5 76 88
5 8 60 84
4 7 59 87
3 5 55 82
4 6 56 84
5 5 54 85
3 5 60 88
5 5 67 89
4 8 67 88
3 7 66 92
5 6 65 89
3 5 62 86
3 5 67 90
4 5 67 91
4 5 82 93
3 5 86 94
5 10 86 95
4 5 84 94
3 8 84 97
5 6 83 98
5 10 67 92
3 6 67 95
5 5 77 94
4 9 67 96
5 8 67 97
3 9 67 98
3 6 73 93
5 5 69 92
3 5 67 90
4 9 67 99
5 5 67 100
5 5 59 88
5 5 57 88
4 6 51 82
3 6 51 83
5 12 50 98
1 11 49 48
6 19 49 58
3 5 77 59
3 6 94 58
4 6 92 58
4 5 95 54
5 5 94 57
5 7 93 60
4 6 93 61
3 6 91 58
5 5 86 56
3 6 84 56
5 7 84 61
4 13 83 54
3 5 88 61
5 5 86 61
4 5 85 53
3 10 82 55
5 8 81 61
4 8 80 57
5 7 78 60
4 7 76 56
3 6 76 54
3 6 60 63
5 5 49 61
4 6 52 61
3 6 51 61
4 6 54 64
3 8 54 61
5 19 53 60
5 6 55 59
3 5 57 58
4 6 68 54
5 5 68 53
3 9 68 53
5 6 66 54
4 7 66 55
3 6 64 54
5 5 63 55
4 6 62 54
5 6 57 54
3 5 60 56
3 5 63 59
3 5 57 53
4 10 57 53
5 5 57 52
3 5 53 56
4 12 53 54
4 5 53 66
3 10 53 68
4 5 51 61
4 5 50 67
6 7 49 80
7 10 49 83
6 5 49 91
4 5 59 92
4 5 56 92
3 7 55 92
6 13 49 100
6 5 49 93
5 6 54 92
3 5 59 92
5 5 58 93
4 5 64 95
4 8 58 93
3 5 59 96
3 5 56 93
3 6 53 92
1 8 48 1
2 7 48 2
1 5 48 37
3 5 48 39
1 5 48 41
3 5 48 43
1 5 48 45
3 5 48 47
5 7 48 60
6 8 48 69
6 7 48 84
4 6 51 85
5 6 48 92
5 5 52 94
4 6 53 95
5 6 50 94
4 5 52 93
7 7 49 92
5 6 47 76
6 6 47 76
7 31 47 74
4 5 57 80
5 6 51 78
5 7 47 89
4 5 55 85
7 11 46 53
7 7 46 57
6 5 46 56
7 8 46 85
7 5 46 90
7 7 46 95
4 5 45 28
1 6 45 29
5 12 45 69
6 8 45 81
6 11 45 88
5 5 53 86
6 5 45 95
5 5 44 55
6 6 44 54
6 6 44 71
7 5 44 72
5 5 44 78
4 5 49 79
5 7 44 91
7 5 44 94
5 7 43 59
3 5 57 61
6 6 43 60
7 5 44 65
5 7 44 62
5 5 55 63
7 5 43 81
7 7 42 61
3 5 55 62
4 5 53 60
4 5 49 59
5 5 49 58
4 5 42 74
7 7 42 87
5 6 42 95
6 5 43 92
2 11 39 50
7 12 39 62
7 5 39 73
6 7 44 74
5 5 39 70
7 5 39 80
3 5 48 80
1 7 38 1
2 7 38 2
3 10 38 3
4 8 38 4
4 5 41 4
1 5 47 5
3 6 48 5
2 10 48 6
8 5 49 7
3 8 40 3
1 10 38 5
2 7 38 6
3 9 38 7
4 8 38 8
1 9 38 9
2 8 38 10
3 9 38 11
4 8 38 12
1 9 38 13
2 8 38 14
6 11 38 54
3 6 49 54
4 5 57 53
5 5 38 53
7 5 40 55
6 10 38 66
6 5 42 65
5 5 48 62
5 6 38 68
6 13 38 75
5 5 38 81
3 6 37 6
1 5 37 9
3 6 37 11
2 10 37 10
1 5 37 13
4 10 37 12
4 9 37 36
1 11 37 37
2 9 37 38
3 11 37 39
4 9 37 40
1 11 37 41
2 9 37 42
3 11 37 43
4 9 37 44
1 11 37 45
2 9 37 46
3 11 37 47
4 9 37 48
7 5 37 55
5 7 37 58
5 5 43 54
6 7 37 60
7 5 37 70
7 5 37 78
5 7 37 86
5 5 37 93
7 5 37 96
3 8 36 15
4 6 36 16
2 5 36 18
4 5 36 20
2 8 36 22
2 5 42 22
4 8 36 24
4 5 42 24
4 5 37 23
2 8 36 26
2 5 42 26
2 5 37 25
4 8 36 28
2 8 36 30
4 8 36 32
8 6 53 33
2 8 36 34
5 5 36 65
7 6 38 64
4 5 36 64
6 15 36 70
5 5 36 76
6 11 36 88
5 7 38 86
5 7 44 81
6 5 36 82
7 7 36 82
7 14 36 89
4 7 35 37
2 9 36 38
4 9 36 40
2 9 36 42
4 9 36 44
2 8 36 46
7 6 35 58
7 21 35 73
5 11 35 90
4 6 34 8
1 5 34 16
3 5 34 19
1 9 34 21
3 8 34 23
1 9 34 25
3 9 34 27
1 7 34 29
3 11 34 30
2 5 37 31
3 5 39 31
4 5 38 32
1 12 35 32
7 6 34 87
6 17 34 91
5 7 35 96
6 5 33 52
7 13 33 55
5 5 33 60
5 7 44 60
6 6 33 62
6 24 33 80
7 9 33 91
5 6 37 88
5 10 32 56
6 9 32 61
5 7 32 82
6 23 32 83
3 5 40 87
5 6 32 93
7 8 32 93
5 10 32 97
3 5 31 35
6 15 31 53
4 5 34 55
5 9 31 58
7 6 31 68
5 8 31 84
7 5 30 57
7 5 30 62
3 6 35 61
6 5 30 72
5 9 32 72
5 5 30 79
7 5 30 83
6 5 35 84
4 5 39 87
8 5 29 50
5 5 42 52
6 8 29 85
6 7 28 66
6 6 28 100
7 5 34 98
7 5 30 98
2 12 27 22
3 13 27 23
4 12 27 24
1 12 27 25
3 12 27 27
2 5 27 26
8 8 34 25
1 12 27 29
3 12 27 31
2 5 27 30
1 12 27 33
3 12 27 35
1 12 27 37
3 12 27 39
1 12 27 41
4 5 27 40
8 6 27 39
3 12 27 43
2 12 27 46
3 13 27 47
4 12 27 48
1 8 27 49
2 12 27 50
7 7 27 52
5 5 27 55
3 5 38 53
5 6 37 53
8 6 28 53
6 7 29 58
3 6 31 58
5 10 27 59
5 6 27 63
5 7 29 63
7 14 30 65
7 5 27 74
5 8 27 78
7 10 26 62
6 5 26 95
7 6 26 98
6 5 26 97
6 6 25 54
6 14 25 71
4 6 35 73
6 5 28 67
5 11 25 73
5 7 25 83
7 14 25 85
5 6 25 94
7 5 24 57
6 20 24 61
6 5 24 81
5 6 24 88
4 6 31 88
6 10 24 89
6 5 25 88
8 6 24 85
5 6 24 88
7 20 24 95
1 11 23 21
4 9 24 20
3 5 26 19
2 6 26 18
4 5 23 59
8 8 24 61
6 13 23 77
2 7 22 26
4 10 22 28
2 10 22 30
4 9 22 32
1 5 24 33
2 7 22 34
4 8 22 36
2 8 22 38
4 8 22 40
2 8 22 42
4 7 22 44
1 5 27 45
1 7 22 45
7 12 22 53
5 5 25 52
5 5 22 54
7 10 22 71
5 5 30 73
6 5 22 94
6 5 28 92
5 7 22 93
7 13 23 93
5 6 21 58
7 8 21 61
6 6 21 72
6 5 23 75
6 9 21 94
5 7 21 95
4 5 20 44
6 24 20 53
6 6 21 56
5 14 20 60
5 5 20 70
5 5 20 74
7 15 20 74
7 6 20 78
5 5 20 81
5 5 21 82
6 15 19 68
7 6 20 67
7 5 24 67
5 7 22 67
6 9 19 66
5 9 19 68
5 8 19 78
6 7 19 78
7 5 17 76
5 7 18 76
6 19 17 80
5 5 17 93
6 27 16 58
8 5 16 73
5 5 16 76
6 5 16 86
5 11 17 84
6 7 17 83
5 5 17 86
7 10 17 87
6 14 16 92
5 19 15 52
6 11 15 74
7 6 15 84
1 5 14 1
3 5 14 3
8 7 33 1
2 6 27 3
3 5 21 3
2 7 20 2
3 5 17 2
4 7 14 4
4 5 30 4
1 5 24 5
4 6 21 4
3 7 14 39
4 7 14 40
1 8 14 41
2 7 14 42
3 7 14 43
4 7 14 44
1 7 14 45
2 7 14 46
3 7 14 47
4 7 14 48
1 11 14 49
2 14 14 50
7 22 14 59
6 18 14 84
3 5 14 90
7 14 13 55
6 16 13 66
1 9 12 5
1 13 12 25
1 5 13 25
3 12 12 27
4 5 20 28
3 5 13 27
1 12 12 29
3 12 12 31
1 12 12 33
2 5 12 34
3 10 12 35
2 5 15 34
4 5 12 36
1 5 12 37
2 6 12 38
5 11 12 91
7 9 13 91
8 5 19 91
6 8 12 96
6 5 18 97
5 6 25 98
5 5 28 100
6 7 15 97
5 8 12 98
4 5 11 32
6 7 11 56
5 19 11 72
7 9 11 84
5 8 12 83
1 12 10 20
1 5 27 21
5 6 10 59
6 11 10 63
5 9 10 63
6 7 10 79
7 12 10 75
8 5 17 81
7 5 16 81
5 16 10 80
8 6 13 81
5 7 14 82
8 5 10 75
5 6 10 92
5 5 12 94
7 10 11 95
3 9 9 23
7 10 9 74
6 8 9 82
7 8 9 83
8 5 9 88
4 5 8 4
1 6 10 5
4 5 10 4
6 7 8 82
6 7 8 92
8 8 8 93
5 10 9 96
5 26 8 92
6 6 7 52
5 8 7 56
5 5 9 57
6 7 7 55
6 5 7 62
6 12 7 69
5 7 7 66
7 10 7 71
5 6 7 71
6 5 7 89
2 8 6 22
1 5 9 21
4 7 6 24
2 8 6 26
4 8 6 28
2 8 6 30
2 7 6 34
4 7 6 36
4 5 9 36
1 7 7 37
2 6 6 38
2 5 9 38
3 7 6 39
4 6 6 40
1 7 6 41
2 6 6 42
2 5 7 42
3 7 6 43
4 6 6 44
1 7 6 45
2 6 6 46
3 7 6 47
4 6 6 48
5 7 6 85
3 6 16 85
7 16 6 86
6 7 6 100
4 7 5 20
3 5 8 19
2 6 6 18
3 6 5 19
4 5 15 19
3 5 32 15
2 6 34 14
2 5 18 18
3 7 18 19
1 5 26 17
4 6 26 16
2 5 26 18
3 5 9 19
5 10 5 56
3 5 27 51
5 7 5 66
7 5 5 68
6 5 5 86
7 6 5 100
4 6 4 32
6 7 4 66
7 11 4 65
6 9 4 71
7 10 4 83
7 9 4 96
5 10 3 63
6 9 3 88
5 5 2 84
6 4 37 12
3 4 34 11
3 4 33 15
4 5 33 16
1 4 32 17
2 4 26 6
3 6 26 7
4 4 26 8
1 6 26 9
2 4 26 10
3 6 26 11
4 4 26 12
1 6 26 13
6 4 38 14
2 4 26 14
3 6 26 15
6 4 25 18
6 4 24 2
2 4 24 6
4 4 24 8
2 4 24 10
4 4 24 12
2 4 24 14
1 4 21 1
1 4 18 49
4 4 18 63
6 4 17 36
6 4 16 28
6 4 15 24
2 4 14 6
3 5 14 6
2 6 16 6
3 4 16 7
4 4 21 7
4 4 14 8
1 5 14 8
8 4 19 7
1 6 19 8
4 4 19 8
2 4 14 10
3 5 14 10
2 6 16 10
3 5 16 11
4 4 14 12
1 5 14 12
4 6 16 12
1 6 16 13
3 4 14 15
4 4 34 15
1 4 14 17
4 4 21 16
1 5 21 17
1 4 14 21
2 5 14 22
4 5 14 20
4 4 12 32
3 4 12 35
3 4 16 35
2 4 14 34
4 4 12 60
6 4 11 42
6 4 10 44
6 4 9 40
1 4 8 1
2 4 8 2
3 6 8 3
2 7 5 2
2 4 8 6
3 7 8 7
4 4 8 8
1 7 8 9
4 5 6 8
8 4 9 7
2 4 8 10
3 7 8 11
4 4 8 12
1 7 8 13
2 4 8 14
3 7 8 15
2 9 7 14
2 4 8 14
3 6 9 15
4 4 8 16
1 7 8 17
4 10 7 16
2 5 5 18
1 4 10 17
4 4 9 16
4 4 8 48
5 4 8 54
3 5 9 55
4 5 11 52
8 5 8 53
3 5 10 51
8 4 8 63
6 4 8 66
3 4 7 43
8 4 7 68
6 4 7 78
8 5 6 77
6 4 10 80
3 4 8 77
7 4 5 59
5 5 10 60
8 4 11 63
2 4 4 26
4 4 4 28
2 4 4 30
1 4 4 49
7 4 4 71
5 4 4 73
6 6 4 74
4 4 7 71
3 4 3 22
3 4 5 23
8 4 4 23
6 4 3 62
5 8 3 63
8 3 56 51
8 3 46 51
3 3 40 99
4 3 46 99
4 3 39 99
8 3 22 35
8 3 20 13
8 3 20 17
6 3 18 34
2 3 15 30
8 3 15 57
3 3 14 17
6 3 14 20
1 3 14 49
8 3 14 65
3 5 13 64
1 3 13 25
6 3 13 26
8 3 13 45
6 3 13 48
1 3 12 1
1 3 12 5
3 3 12 15
3 3 12 27
7 3 12 41
6 3 12 99
4 3 18 98
4 3 11 1
1 3 11 9
2 3 11 15
2 3 11 30
4 3 11 98
3 3 18 97
3 3 10 15
8 3 10 15
4 3 10 20
8 3 10 51
2 3 9 18
4 3 9 16
3 3 9 19
2 3 9 21
1 3 10 21
4 3 9 24
7 3 10 25
1 3 9 45
7 3 9 45
6 3 10 46
3 3 9 47
3 3 9 51
3 3 39 51
3 3 30 51
6 3 9 60
3 3 9 62
4 3 10 62
5 5 10 63
4 3 10 64
8 3 9 76
7 3 8 22
6 4 9 22
1 3 8 41
4 3 8 48
6 3 8 54
3 5 13 51
3 4 18 51
5 4 12 52
4 4 12 52
3 3 22 51
8 3 19 51
3 3 11 53
4 3 15 52
5 5 15 53
4 4 14 53
3 3 17 51
8 3 17 51
8 3 12 53
4 3 8 77
8 3 8 87
2 3 7 2
3 3 7 23
1 3 7 25
3 3 7 27
1 3 7 37
8 3 8 37
3 4 7 38
5 3 7 67
8 3 8 67
3 3 7 82
7 3 7 97
7 3 9 96
2 3 6 7
3 5 5 7
2 5 3 6
2 3 6 11
7 3 10 9
8 4 11 11
8 3 10 9
6 3 10 10
4 3 6 13
2 3 6 18
8 3 6 35
5 3 6 87
6 3 6 97
3 3 13 96
3 3 9 97
8 3 6 95
3 3 7 94
6 3 7 94
3 3 5 31
7 3 11 29
8 3 12 29
6 3 12 30
5 3 11 30
3 3 5 35
2 4 10 34
7 3 13 34
8 3 5 42
4 3 6 44
1 3 5 49
8 5 4 48
7 3 5 78
5 5 6 79
7 5 3 79
3 3 5 92
5 3 5 99
5 3 14 100
6 3 5 99
4 3 4 20
1 4 3 20
8 3 4 31
5 3 4 92
8 5 5 93
4 3 4 93
1 3 3 1
3 3 3 3
4 3 3 4
1 5 3 4
4 3 3 8
7 3 3 6
6 4 4 8
6 3 3 6
1 3 3 9
2 3 3 10
3 3 3 11
4 3 3 12
1 3 3 13
3 3 3 15
1 3 3 17
1 3 9 17
6 3 3 20
2 3 3 22
3 3 3 23
4 3 3 24
6 3 3 55
8 4 5 57
7 6 5 57
5 3 8 53
5 3 9 52
4 3 8 52
4 3 6 58
6 3 4 59
5 3 3 77
6 5 3 78
4 3 3 92
5 3 2 55
4 3 6 54
7 3 4 54
5 3 2 55
7 3 2 58
7 3 2 63
3 3 5 62
7 3 3 64
6 5 3 63
8 4 2 67
8 3 2 69
3 3 5 70
3 3 13 70
6 3 4 70
5 3 9 70
5 3 4 70
6 3 2 80
6 4 3 80
5 5 3 81
3 3 2 80
4 3 2 80
5 3 2 88
6 3 2 97
5 4 2 95
6 4 2 95
5 3 2 99
4 3 7 97
8 3 8 97
8 3 7 99
3 3 6 98
5 3 7 98
6 3 8 98
7 3 4 99
7 3 1 6
8 2 44 51
6 2 43 51
8 2 42 51
6 2 41 51
8 2 40 51
6 2 39 51
8 2 38 51
6 2 37 51
8 2 36 51
6 3 35 51
8 2 33 51
6 2 32 51
8 2 31 51
6 2 30 51
8 2 29 51
8 2 26 51
3 2 24 99
5 2 23 99
4 2 23 100
3 2 20 51
8 3 20 51
5 2 19 32
6 2 18 32
3 2 18 51
6 2 22 51
8 2 22 51
7 2 17 19
8 2 17 51
3 3 16 51
8 2 16 19
5 2 15 52
4 3 15 52
4 2 17 52
5 3 17 52
4 3 16 52
5 3 15 52
7 2 14 5
3 2 14 53
8 2 13 51
4 2 13 52
4 2 12 32
4 2 12 35
8 3 12 35
5 2 12 52
7 2 12 100
6 2 11 16
5 2 11 43
6 2 11 68
4 2 10 1
7 2 10 4
7 2 10 32
4 2 10 36
8 2 10 89
3 2 11 89
5 3 11 89
3 2 9 18
8 2 9 21
1 2 9 29
7 3 8 28
1 2 9 33
3 2 9 35
6 2 9 38
7 2 9 47
1 2 8 1
2 2 8 14
7 2 8 21
5 2 8 37
8 2 8 51
6 2 8 96
8 2 7 1
8 2 7 3
2 2 7 2
3 3 7 3
6 2 7 4
1 2 7 13
2 2 7 26
4 2 7 28
7 2 7 37
8 3 6 37
2 2 7 38
7 3 7 39
8 2 7 43
3 2 7 51
6 2 8 51
5 3 8 52
3 4 7 51
6 2 7 72
4 2 7 78
8 2 7 89
4 2 9 89
3 2 8 89
6 2 7 100
3 2 17 99
5 3 17 100
4 2 19 99
5 2 17 99
3 2 14 99
5 2 13 99
4 3 13 100
3 2 15 99
8 2 12 99
4 2 11 99
4 2 6 10
3 2 6 35
6 2 6 38
7 2 6 49
8 2 6 51
7 2 6 57
4 2 6 71
4 2 6 84
6 2 6 86
6 2 6 90
1 2 5 1
7 2 6 1
6 2 5 2
1 2 5 5
8 3 4 5
5 2 5 15
3 3 5 15
8 3 3 15
6 2 5 18
3 2 5 19
8 3 4 19
2 3 3 18
6 2 5 22
1 2 5 29
8 3 4 29
1 2 5 33
8 3 4 33
4 2 5 38
4 2 5 40
2 2 5 42
7 2 5 43
8 2 5 54
8 2 5 62
4 2 5 61
6 3 5 62
3 3 4 61
3 2 5 72
8 2 5 73
4 2 5 89
5 2 5 90
4 2 5 98
4 2 4 4
3 2 4 11
7 3 3 10
8 3 3 11
1 2 4 13
8 3 3 13
7 2 6 13
6 2 6 14
2 2 4 14
4 2 4 16
6 2 4 24
3 2 4 31
2 2 4 32
6 2 4 38
5 2 4 43
6 2 4 44
8 2 4 45
2 4 4 46
6 3 3 46
8 2 4 49
4 2 4 52
6 2 6 51
6 2 4 52
3 3 4 51
4 2 4 52
5 2 4 57
5 2 4 59
7 2 4 61
3 2 4 66
7 2 5 67
6 2 5 68
4 2 4 67
7 2 4 68
5 2 4 73
5 2 4 78
8 2 4 79
6 2 4 88
5 2 4 95
8 2 4 95
5 2 4 98
2 2 3 2
3 2 3 3
8 3 2 3
1 2 3 8
6 2 3 15
1 2 3 16
8 2 3 24
8 2 3 26
4 2 3 31
8 2 3 40
8 2 3 46
8 2 3 52
6 2 3 63
8 2 3 68
8 2 3 70
7 2 3 76
7 2 3 84
6 3 3 85
3 3 3 84
8 3 2 83
5 2 5 86
4 2 5 86
5 3 4 84
8 2 3 86
3 2 3 90
5 3 3 91
3 2 4 89
8 2 3 90
4 2 3 95
4 2 2 1
6 2 2 3
4 3 2 3
3 2 5 4
6 2 2 5
8 2 2 6
6 2 2 7
6 2 2 8
6 2 2 10
4 3 1 10
8 2 2 14
2 2 3 14
8 2 2 18
1 2 2 27
8 2 2 34
8 2 2 36
8 2 2 40
6 2 2 45
1 2 2 46
6 3 2 45
7 2 2 47
5 2 3 48
6 2 3 49
4 2 2 51
3 2 2 52
8 2 2 56
8 2 2 59
7 2 2 59
5 2 2 60
5 2 2 63
3 2 3 64
5 2 5 63
4 3 5 64
7 2 2 67
4 2 2 76
5 2 2 78
4 3 2 79
5 2 3 79
3 2 3 80
6 2 2 92
4 2 1 15
1 2 1 34
2 2 1 33
3 2 1 32
1 2 2 31
8 2 2 32
4 2 1 33
6 2 1 45
3 2 2 44
8 2 2 44
6 2 1 49
6 2 1 50
5 2 1 66
6 2 1 71
7 3 1 72
7 2 1 77
4 2 1 76
3 2 7 77
5 2 6 77
5 2 4 77
7 2 2 77
3 3 2 78
4 2 2 76
4 2 1 78
