27366
2564
2 8 100 30
7 8 100 32
7 6 100 43
7 10 98 35
4 6 98 42
6 6 98 44
7 10 96 39
5 6 96 48
8 6 96 65
8 5 96 68
5 5 95 86
5 8 94 5
7 6 94 6
2 6 94 16
4 6 94 29
1 5 93 59
7 6 92 2
8 6 92 19
6 10 90 46
2 8 88 4
4 10 88 4
8 6 88 11
2 6 96 11
2 6 88 33
5 6 94 35
5 6 88 31
4 6 88 35
4 6 86 22
5 6 90 22
7 6 96 23
8 6 94 23
5 6 86 29
5 5 85 67
2 8 84 39
5 8 86 39
1 6 84 45
6 6 84 47
2 6 86 47
7 6 92 49
3 6 82 13
1 6 84 12
6 6 82 12
8 6 90 12
4 6 90 12
5 6 82 13
7 6 86 15
5 6 92 15
5 6 86 15
4 14 82 14
6 6 82 28
1 6 84 27
2 8 82 28
6 6 82 41
8 6 82 44
4 5 82 97
2 7 81 54
2 8 80 13
4 10 80 35
1 8 80 46
1 8 78 6
6 6 84 6
5 6 78 5
5 6 80 5
1 6 80 4
8 6 78 35
1 6 84 37
2 8 78 41
4 6 78 43
7 6 76 10
2 6 76 33
4 6 88 33
7 5 76 59
7 5 75 86
6 6 75 94
5 8 74 32
7 6 74 35
6 6 74 33
4 6 74 48
3 6 88 49
3 6 78 47
8 6 80 47
5 6 76 48
4 6 74 48
8 5 80 49
5 6 80 50
4 8 72 9
8 6 72 11
2 6 72 33
1 8 70 21
8 6 70 22
6 8 70 30
4 6 70 33
2 7 69 56
8 5 70 58
4 6 68 24
8 6 94 25
4 6 84 25
4 6 72 24
6 6 70 23
7 6 76 23
7 6 68 25
7 8 68 31
3 6 68 28
2 6 68 27
6 6 70 26
6 6 68 34
4 6 66 18
2 6 76 18
8 6 90 18
4 6 88 17
7 6 88 17
8 6 66 18
7 6 72 17
3 8 80 16
3 6 68 20
3 6 74 20
8 6 66 24
8 7 66 56
5 5 66 92
8 7 67 93
5 5 82 95
6 8 64 35
7 6 64 37
2 6 74 38
2 6 86 38
3 6 66 38
1 8 64 49
1 5 80 49
6 6 70 48
5 6 68 49
4 6 68 47
1 6 68 48
7 5 64 50
2 5 78 50
7 6 62 5
3 6 62 3
2 6 62 8
3 6 64 10
6 8 62 20
3 8 62 23
5 8 68 21
3 6 74 24
2 14 62 39
8 6 62 42
6 6 86 41
4 6 66 42
8 6 61 68
7 6 60 17
1 6 60 21
1 8 66 19
2 6 72 21
6 6 60 22
5 6 60 33
3 8 70 32
6 6 60 44
2 6 68 46
2 6 60 45
1 6 66 46
7 8 58 6
5 6 58 14
8 8 58 40
7 6 78 42
3 6 74 41
7 6 58 45
2 6 62 45
4 8 62 46
2 6 56 33
4 6 56 33
8 8 66 32
1 6 70 31
6 6 68 31
4 8 66 31
7 12 56 34
6 6 56 46
4 8 54 26
2 8 60 29
3 6 72 28
5 8 58 28
7 8 54 27
2 6 54 27
4 10 52 5
8 6 62 4
2 6 62 5
1 6 52 7
2 6 70 8
3 6 62 6
4 6 54 7
1 6 54 6
5 6 52 11
8 8 74 10
3 6 74 12
5 6 66 11
2 6 58 10
2 6 52 32
4 6 52 49
5 8 50 1
7 6 50 2
7 12 50 9
5 6 54 11
4 6 60 11
1 8 66 12
1 6 52 9
8 6 50 13
6 6 64 13
1 8 52 12
7 6 70 14
7 6 76 15
1 6 76 16
4 6 76 17
4 6 60 15
4 8 50 13
6 6 52 11
2 8 50 15
4 6 68 17
5 6 50 25
2 6 62 23
3 10 50 25
8 6 64 27
1 6 64 29
7 6 62 26
5 6 62 25
4 6 54 23
2 6 50 51
5 6 48 4
6 6 48 3
6 6 74 1
8 12 48 5
4 6 50 4
5 6 50 8
6 6 48 17
5 8 62 16
2 6 48 31
6 8 46 5
8 6 50 5
4 6 54 2
3 8 48 6
6 6 50 6
4 6 46 29
7 6 50 28
3 6 60 30
7 8 60 31
7 6 46 35
2 8 60 34
6 10 58 32
6 5 46 49
7 8 44 5
5 6 44 9
1 6 44 19
6 6 66 18
3 6 60 18
5 6 58 19
7 6 62 19
8 6 62 20
7 6 60 20
8 6 54 18
5 6 50 19
2 8 50 19
3 6 44 23
7 8 44 24
6 6 44 25
1 5 43 57
6 10 42 7
4 6 42 20
4 6 54 21
3 10 42 47
1 6 38 4
3 6 38 49
3 6 52 48
6 7 37 85
8 6 69 87
7 5 69 83
7 5 56 82
3 5 59 81
8 6 36 10
8 6 44 9
3 6 42 8
2 8 40 8
3 10 36 18
4 6 40 17
6 6 38 15
1 8 38 16
3 8 40 16
1 8 36 29
1 6 48 29
4 6 50 27
3 6 46 30
8 6 36 63
3 6 36 93
3 5 73 94
7 8 34 1
7 8 38 2
5 6 44 2
3 6 40 1
5 6 36 1
4 6 38 2
8 6 64 1
8 6 34 6
1 6 34 24
8 6 50 23
6 6 44 23
4 6 64 22
7 8 34 27
8 6 34 26
4 8 34 29
2 8 34 44
7 6 60 43
3 6 34 68
4 5 55 67
6 5 64 68
7 5 63 66
4 6 64 67
6 6 32 5
7 8 32 17
2 6 30 15
5 6 44 14
2 6 48 14
3 6 44 16
5 6 30 14
4 6 32 15
2 6 48 15
8 6 40 15
3 6 40 14
1 6 42 11
6 6 42 13
2 6 30 14
2 8 30 23
3 6 44 24
6 8 30 32
3 6 34 33
1 6 42 34
1 8 48 33
8 6 40 34
4 6 32 31
8 6 30 43
7 5 30 62
4 6 70 62
4 5 29 69
3 5 76 68
3 5 29 80
4 12 28 12
2 14 28 35
8 6 52 37
6 6 70 38
3 6 70 38
1 6 70 36
4 6 70 38
7 6 54 37
3 6 44 35
5 6 44 34
7 6 42 36
4 5 28 55
7 7 79 56
7 6 26 14
7 6 28 13
8 10 26 19
4 7 25 66
3 6 24 1
2 6 58 2
5 6 58 2
2 6 24 5
7 6 24 10
4 6 34 10
2 8 34 9
5 6 30 10
6 6 24 46
1 5 23 80
4 6 48 81
7 7 47 82
3 5 24 80
4 5 74 77
5 6 29 81
8 6 50 79
8 5 45 86
7 6 22 2
3 8 22 4
3 6 36 3
8 6 22 4
1 6 32 2
8 6 22 10
6 6 36 9
4 8 22 39
3 6 54 40
4 8 44 38
1 6 46 40
6 6 48 39
8 6 58 39
5 6 52 39
4 8 48 38
8 6 40 39
6 6 54 41
2 6 46 38
7 8 46 40
5 6 44 41
5 6 56 42
1 6 62 42
3 6 40 39
2 6 28 40
6 6 38 39
5 6 38 38
8 6 36 38
4 6 32 40
2 6 34 40
6 6 28 40
6 7 22 64
6 6 22 95
4 6 20 2
2 6 34 1
4 6 30 1
4 6 20 13
7 8 20 23
1 6 50 22
8 12 20 27
4 6 48 24
6 8 20 30
5 8 20 30
8 6 20 28
2 6 22 27
4 8 20 29
2 10 20 38
1 6 24 36
4 6 20 50
4 5 87 53
7 5 20 50
6 6 32 49
7 5 32 50
1 5 50 50
5 5 27 51
4 6 18 34
3 6 18 87
4 5 23 87
4 6 72 89
2 7 17 51
5 10 16 8
3 6 24 10
7 6 40 11
3 6 16 47
6 6 48 47
1 6 20 46
6 6 40 44
4 8 16 46
3 6 14 4
7 6 14 15
7 6 18 12
6 6 14 37
7 6 18 37
6 6 12 2
6 6 20 1
2 6 12 23
3 6 28 23
7 6 34 21
5 6 12 25
1 6 12 40
2 6 12 45
6 6 38 45
5 8 20 45
7 6 12 50
2 6 20 48
5 6 20 48
3 6 10 33
5 6 22 33
3 6 24 31
3 8 10 42
6 5 9 96
4 5 21 96
2 6 40 96
3 5 89 99
4 6 36 94
6 8 8 3
6 6 18 4
6 6 8 30
4 6 18 32
8 6 8 32
7 10 8 34
8 6 18 34
4 6 28 35
8 6 8 41
3 6 16 42
4 6 24 39
5 6 46 41
3 6 16 39
7 10 16 41
1 6 22 40
3 6 16 41
5 10 8 43
4 6 8 48
4 6 38 48
4 5 20 49
5 7 8 49
5 6 6 3
6 6 6 25
5 6 20 24
2 6 20 25
6 6 32 24
5 10 6 31
4 6 22 30
7 8 22 31
7 6 10 29
1 6 12 29
2 6 10 30
1 8 6 34
4 8 6 34
8 6 10 35
6 6 6 42
7 6 4 13
8 6 18 15
1 6 4 15
2 8 4 17
4 6 20 16
1 8 24 17
2 6 28 19
2 6 12 16
7 10 4 28
7 6 8 27
2 6 4 47
7 6 4 85
2 5 88 86
3 5 52 86
6 5 34 87
6 5 3 76
6 5 53 77
6 6 48 74
4 5 83 74
5 6 87 75
7 5 50 74
6 4 95 89
3 4 84 87
1 4 81 55
4 5 80 55
7 4 90 55
8 4 80 72
5 4 80 89
5 4 72 77
5 4 70 78
2 4 65 54
3 4 83 55
2 4 63 91
8 4 61 85
8 4 72 82
6 4 84 81
8 4 81 85
8 4 60 7
6 4 60 65
1 6 76 65
4 4 65 67
2 4 74 64
4 4 60 81
8 4 59 88
5 4 88 89
5 4 58 7
1 4 58 21
7 4 58 22
5 4 58 87
2 4 58 90
2 5 66 88
5 4 57 76
3 4 56 37
7 4 56 87
8 4 56 93
8 4 52 21
3 6 52 22
6 4 50 62
6 5 78 62
1 4 82 62
5 4 58 59
3 4 50 77
1 4 75 78
8 4 85 74
1 4 50 78
3 5 50 76
1 5 63 76
7 4 61 74
1 4 79 72
5 5 80 73
6 4 84 72
4 4 71 76
5 4 68 72
2 4 50 78
3 4 50 94
7 5 73 93
2 4 92 92
4 4 71 95
4 4 49 52
5 5 52 51
2 4 50 54
1 5 48 54
1 4 73 56
6 4 48 8
4 4 58 7
5 4 48 22
2 4 48 85
4 4 48 85
2 4 48 96
8 4 66 97
5 4 64 93
1 4 64 95
8 4 47 98
8 5 60 98
6 4 45 62
8 4 45 61
3 6 62 59
4 4 84 58
2 4 48 61
6 6 59 61
7 4 62 57
5 4 63 56
7 4 48 61
6 4 68 63
1 5 78 63
1 4 45 64
8 4 54 64
1 4 58 61
7 4 72 60
5 4 59 60
3 4 58 65
5 5 75 65
3 4 67 66
3 4 45 64
4 4 71 64
7 4 58 60
2 5 58 62
3 4 73 61
5 4 73 61
4 4 74 64
6 4 66 58
5 4 52 64
3 4 45 75
3 4 44 7
6 4 56 8
3 4 44 21
7 4 46 20
8 4 44 99
3 4 52 98
8 4 42 1
4 4 42 46
4 4 40 2
4 4 40 6
4 4 40 21
4 4 46 20
2 4 38 21
1 4 38 22
1 4 38 26
5 4 38 45
8 4 40 44
2 4 52 43
2 4 38 45
2 4 38 84
6 4 53 84
1 5 65 86
7 4 37 74
8 4 70 76
2 4 50 73
4 4 58 76
1 4 50 74
1 4 46 74
3 4 47 72
5 4 72 71
6 4 73 71
1 4 59 71
4 4 62 73
8 4 46 71
6 6 61 72
1 5 69 73
8 4 58 69
4 4 38 74
6 6 53 73
1 4 59 75
2 4 75 77
3 4 56 77
1 4 39 76
7 4 46 78
1 4 36 1
1 4 36 16
7 4 35 58
1 4 61 58
4 4 45 58
7 4 70 55
3 4 70 55
7 4 52 55
6 4 74 54
2 4 59 57
2 4 55 57
6 4 66 55
6 4 43 60
3 5 51 57
5 4 43 60
7 4 50 59
5 4 39 58
6 4 34 1
4 4 34 7
7 4 36 8
8 4 42 7
3 4 44 8
4 6 44 8
1 4 34 8
6 4 34 8
4 4 34 17
1 4 34 38
4 4 36 37
8 4 34 68
2 4 70 69
2 4 33 66
3 8 35 66
6 4 67 65
6 4 33 73
6 4 69 71
5 4 36 73
4 5 44 72
2 4 43 74
2 4 38 74
7 4 32 1
8 4 32 2
8 4 32 10
1 4 34 11
2 4 32 24
8 4 32 27
1 6 32 26
2 4 32 30
7 4 30 27
2 4 30 41
1 4 30 42
8 4 50 43
3 4 30 42
6 4 30 41
4 4 28 2
3 4 28 7
3 4 34 6
7 6 34 7
5 4 32 7
3 4 30 6
2 4 32 7
2 4 30 6
3 4 28 13
4 4 28 12
8 4 28 13
6 4 28 27
8 4 30 26
2 4 36 27
5 4 34 27
5 4 28 26
6 4 27 62
4 4 27 72
5 6 48 70
2 4 26 2
4 4 26 8
8 4 28 7
6 4 26 7
6 4 26 16
5 4 28 17
7 4 26 16
7 4 26 18
8 4 28 19
6 4 34 20
6 4 36 21
4 4 34 21
8 4 34 21
7 4 26 21
2 4 30 20
8 4 26 27
1 6 26 26
4 4 30 25
2 4 26 28
5 4 26 48
2 4 26 72
3 4 58 72
8 4 59 71
2 4 75 71
5 4 81 69
3 4 36 70
8 4 24 31
6 4 24 36
8 4 30 37
1 4 34 36
5 4 30 36
5 4 24 44
8 6 26 43
3 4 36 43
7 4 22 21
5 4 22 23
5 4 26 24
1 4 28 23
4 4 28 23
5 4 26 23
7 4 28 23
3 4 26 23
8 4 24 23
8 4 26 22
5 4 26 21
6 4 22 26
7 4 24 25
1 4 22 31
3 4 22 36
4 4 26 35
3 6 26 36
2 4 26 36
6 4 26 36
7 4 26 37
6 4 34 37
8 4 24 37
1 4 22 35
1 4 22 43
7 4 24 43
6 4 24 42
7 4 36 43
2 4 24 44
4 4 26 44
3 4 28 45
2 4 38 46
5 4 28 46
2 4 28 46
1 4 30 47
8 4 32 48
7 4 30 46
8 4 28 46
4 4 28 47
8 4 22 65
5 4 37 66
6 4 37 67
3 4 21 89
7 4 63 86
8 4 69 85
4 4 69 88
6 4 55 89
7 5 75 90
7 4 40 90
6 4 58 91
1 4 40 93
7 4 84 91
4 4 73 90
3 4 73 91
6 4 46 92
3 4 52 89
3 4 39 91
6 5 62 92
3 4 66 88
2 4 67 88
4 4 46 93
8 4 20 36
8 4 20 38
5 4 20 47
7 4 26 48
1 4 22 46
1 4 24 45
1 4 20 51
6 5 47 53
4 4 21 53
1 4 18 9
8 4 20 8
2 4 28 9
3 4 18 8
1 4 28 9
1 4 18 12
5 6 18 13
7 4 20 11
8 4 26 10
1 4 24 10
4 4 18 27
7 4 20 26
8 4 18 30
6 4 18 29
8 4 18 34
5 4 18 42
2 4 20 42
8 6 20 42
4 6 20 43
7 4 18 41
5 4 18 49
3 5 20 49
4 6 16 49
2 6 12 48
3 6 16 46
8 6 12 48
8 4 18 97
1 4 25 96
6 4 52 97
1 4 57 99
4 4 57 98
5 4 18 100
6 4 77 99
7 4 16 18
1 4 26 18
5 4 16 19
1 6 16 20
5 4 26 19
8 4 26 20
6 4 20 18
3 4 20 18
4 4 20 19
1 4 22 20
6 4 20 20
5 4 20 21
4 4 20 22
2 4 22 23
6 4 20 22
3 4 20 23
7 4 18 18
2 4 16 18
3 4 16 26
4 4 16 34
6 6 16 34
6 4 18 32
3 4 18 31
3 4 16 35
2 4 16 43
3 4 18 44
7 4 16 47
1 4 16 78
6 4 77 78
6 4 35 77
4 6 34 76
8 4 47 77
4 4 57 79
2 4 50 74
3 4 30 77
3 4 36 75
7 4 33 80
3 4 62 80
1 4 71 79
4 4 71 79
5 4 49 80
6 4 66 80
3 4 18 79
2 5 27 79
1 5 49 75
2 4 40 81
7 4 57 80
7 4 43 80
1 4 59 80
1 4 42 84
8 4 29 79
3 4 15 82
1 4 14 10
8 4 14 12
7 4 16 13
3 4 14 11
8 4 14 11
6 4 14 21
4 4 16 20
5 6 16 20
1 4 14 23
6 4 14 23
2 6 14 23
7 4 16 24
4 4 14 24
1 4 14 29
5 4 14 28
5 4 14 31
4 4 18 30
7 4 14 33
8 4 14 42
4 4 14 52
1 4 35 53
7 4 34 52
7 4 41 53
2 4 13 91
1 4 74 90
2 4 46 93
5 4 40 91
4 4 12 3
5 6 12 3
7 6 12 4
5 6 14 3
6 4 14 3
1 4 18 2
3 6 18 3
7 4 18 1
6 4 18 4
4 4 12 4
6 4 12 7
5 4 12 11
4 4 14 10
8 4 12 20
5 4 12 24
5 4 12 34
2 4 12 45
4 4 16 45
1 4 14 45
7 4 12 50
6 4 25 51
2 5 24 50
3 4 22 50
6 4 10 1
1 4 20 1
2 4 16 1
4 4 10 2
1 4 10 4
5 4 10 5
8 4 10 7
1 6 8 7
7 6 6 8
5 4 12 8
7 4 12 9
4 4 10 8
5 4 18 9
2 4 16 9
1 4 10 11
5 4 10 22
6 4 10 31
8 4 12 31
1 4 12 31
1 4 10 42
6 4 12 41
1 4 12 43
8 4 10 46
3 6 10 45
7 4 8 3
3 4 8 6
3 4 8 29
4 4 8 29
7 4 8 37
2 4 20 38
7 4 18 38
3 4 18 39
1 4 16 36
1 4 12 36
4 4 12 37
5 4 12 36
5 4 8 37
4 4 8 43
8 6 8 44
7 4 10 42
2 4 10 43
2 4 10 45
7 6 10 45
6 4 8 43
3 4 8 83
1 4 29 83
7 4 7 92
8 4 42 91
5 5 67 92
5 4 53 91
7 4 33 92
1 4 21 91
7 5 61 91
1 4 13 90
8 4 26 91
2 4 18 90
6 4 13 92
1 4 48 92
7 4 43 94
4 4 11 90
2 4 47 89
2 4 6 2
2 4 6 7
2 4 12 6
4 4 12 6
7 4 12 7
2 4 8 6
6 4 6 8
1 4 6 9
8 4 6 11
4 4 6 12
5 4 12 11
7 4 12 12
4 4 12 13
1 4 6 17
3 4 22 16
3 4 12 18
4 4 12 19
1 4 8 18
6 4 6 29
4 4 6 44
5 4 6 46
5 4 5 52
8 4 4 2
5 4 4 6
6 6 4 6
4 4 6 4
1 6 6 5
5 4 10 3
6 4 4 11
2 4 4 22
3 4 6 21
2 4 8 20
4 4 4 23
5 6 4 24
8 4 16 25
1 4 6 25
8 6 6 26
7 4 4 27
2 4 4 35
2 4 4 48
1 6 4 47
3 6 4 47
7 5 4 48
8 4 4 63
5 5 21 63
6 4 33 64
3 4 63 64
2 4 22 64
5 4 20 65
7 4 3 52
6 4 47 53
2 4 3 74
8 5 38 74
4 4 26 74
5 4 47 71
7 5 47 72
2 4 47 70
1 4 74 69
1 4 21 75
3 4 25 75
5 4 16 77
5 4 10 75
1 5 10 75
6 4 15 76
7 4 2 2
3 4 2 11
2 4 6 12
6 6 6 12
6 4 2 15
3 4 8 14
4 4 2 26
8 4 12 27
4 4 4 27
3 4 4 27
2 4 2 38
8 4 14 39
6 4 14 38
8 4 8 37
3 4 10 36
5 4 8 39
2 4 12 40
5 4 10 40
8 4 8 40
3 4 8 41
2 4 6 39
6 4 4 37
1 4 4 39
7 4 2 39
7 4 6 39
5 4 8 40
2 4 4 39
4 4 2 38
3 6 2 38
7 3 81 67
5 3 71 54
5 3 69 96
2 3 67 50
3 3 67 95
6 3 65 55
6 3 66 54
8 3 65 79
1 3 65 93
6 3 65 94
8 3 72 95
7 3 64 66
8 3 78 66
4 3 78 66
5 3 63 52
4 3 63 86
5 3 63 92
8 3 62 95
3 3 63 94
4 3 60 69
7 3 73 66
7 3 60 68
2 3 60 87
6 3 59 66
6 3 60 67
1 3 58 57
8 3 57 89
6 3 57 91
2 3 58 92
5 3 72 94
6 3 55 60
8 3 58 61
8 3 55 61
6 3 60 62
1 3 61 63
5 3 55 69
3 3 55 80
7 3 59 80
4 3 54 80
1 3 53 81
4 3 52 82
5 3 52 94
3 3 66 94
1 3 55 93
2 3 65 92
5 3 54 95
1 3 51 49
1 3 51 73
1 3 50 94
2 3 50 97
4 5 49 95
2 4 50 93
3 3 50 96
5 3 52 96
7 4 52 96
5 3 49 53
8 4 67 51
2 3 70 53
3 3 65 51
2 3 62 52
1 3 55 53
4 3 49 53
8 5 49 52
8 3 61 51
7 3 63 49
5 4 64 49
8 3 49 76
4 3 65 77
7 3 59 77
1 3 64 78
5 3 63 78
5 3 49 80
1 3 49 85
5 3 62 83
3 3 50 84
3 3 66 83
4 3 66 84
8 3 56 85
6 3 50 83
5 3 52 82
3 3 64 80
1 3 63 84
7 3 50 81
1 3 53 83
8 3 62 84
6 3 61 81
8 3 48 88
3 3 47 58
4 3 59 56
2 3 56 56
7 4 62 57
6 4 56 56
8 3 54 57
3 3 47 93
6 4 47 94
1 3 51 95
1 3 48 93
1 3 65 91
8 3 59 90
5 3 47 92
4 3 46 50
4 3 46 59
6 3 45 54
5 3 48 53
3 3 58 54
8 3 49 53
1 4 58 54
4 3 48 52
7 3 45 63
3 3 45 71
7 3 50 71
2 3 44 50
7 3 61 49
6 3 66 49
8 3 67 49
1 3 44 67
4 3 40 94
1 3 40 96
8 3 39 67
2 3 66 66
7 3 52 66
5 3 65 66
6 3 39 80
3 3 62 78
1 3 39 79
8 3 60 78
8 3 39 81
6 4 47 81
4 3 39 80
6 3 39 79
5 3 59 77
8 3 39 92
7 3 37 70
2 3 42 70
3 3 50 71
2 3 37 72
6 3 48 73
5 3 38 71
7 3 46 72
4 3 37 78
7 3 36 55
3 3 51 55
8 3 54 55
5 3 44 54
4 3 36 55
1 4 36 55
5 3 55 53
3 3 53 56
5 3 66 57
3 3 56 58
5 3 53 57
3 3 43 55
2 3 48 54
2 3 36 56
8 5 35 54
6 4 34 56
3 4 34 57
2 3 44 59
5 3 36 78
4 3 36 80
5 3 35 94
5 3 42 93
1 3 34 52
1 3 50 52
5 3 41 51
8 3 41 50
4 3 51 48
3 3 52 50
3 3 48 50
6 4 48 49
8 3 56 49
7 3 49 49
8 3 47 49
6 3 46 52
3 3 40 50
1 3 45 48
2 3 45 49
6 3 45 49
1 3 42 52
3 4 42 53
1 3 39 51
1 3 51 49
3 3 51 49
7 3 43 53
6 3 34 76
8 4 34 77
7 3 61 75
3 3 56 76
4 3 34 89
1 4 38 89
7 4 37 90
4 3 36 91
1 3 42 92
2 3 50 93
4 3 37 91
6 3 36 90
5 3 48 88
6 3 49 88
3 3 48 90
5 3 36 88
8 5 36 88
5 3 43 87
6 3 52 86
2 3 52 84
3 3 43 87
2 3 36 89
3 3 50 90
4 3 40 88
4 3 47 90
5 3 47 89
6 3 49 90
2 3 33 51
4 3 38 52
4 3 43 53
5 3 42 51
4 3 43 50
5 3 33 48
4 3 33 54
3 3 33 63
7 3 50 61
4 3 55 63
2 3 33 66
8 3 54 65
1 3 32 49
2 3 32 70
4 3 37 71
8 3 44 69
8 3 31 59
5 3 54 61
3 3 32 61
1 3 31 69
5 3 29 72
2 3 39 72
3 3 28 91
2 3 45 90
8 4 45 89
1 3 42 89
3 3 43 90
5 3 42 90
4 3 28 96
7 5 27 95
8 3 34 95
4 3 57 95
6 3 34 93
7 3 34 95
5 3 44 93
3 3 45 92
7 3 27 54
2 4 33 53
2 3 38 54
4 3 36 55
4 3 27 71
7 3 26 69
4 3 51 68
6 3 60 66
7 3 50 68
5 3 26 66
8 4 29 64
2 3 48 67
3 3 48 68
4 3 46 65
7 3 28 67
8 3 27 66
5 4 28 64
8 3 43 64
7 3 43 65
4 3 53 64
2 3 36 63
3 3 51 64
1 3 35 67
2 3 26 90
7 3 34 92
5 3 45 93
7 3 45 94
8 3 46 94
8 3 42 93
1 3 43 92
3 3 38 93
2 3 43 93
5 3 32 92
4 3 25 66
1 4 26 65
3 3 33 67
5 3 25 87
6 3 39 87
3 3 37 86
1 5 37 85
1 3 45 83
6 3 24 54
8 3 24 58
5 3 35 58
7 3 46 58
7 3 35 59
6 3 53 57
1 3 50 58
3 3 45 59
2 3 49 60
4 3 49 61
1 3 39 58
7 3 53 57
4 3 37 58
5 3 47 57
4 3 43 57
8 3 30 58
4 3 26 58
6 3 41 56
4 3 44 57
7 3 34 57
6 3 46 59
3 3 45 59
5 3 43 59
6 3 35 56
2 3 27 58
8 3 33 60
5 3 46 61
2 3 37 58
7 3 38 60
7 3 28 59
5 4 28 61
8 3 36 59
3 3 27 56
4 4 27 54
8 3 27 53
8 3 35 53
1 3 35 54
2 3 24 66
4 4 28 64
3 3 47 68
6 3 28 63
4 3 26 67
1 3 24 70
8 5 23 70
6 3 29 69
3 3 32 70
7 3 32 71
3 3 28 70
8 3 24 68
4 3 39 66
8 3 46 65
2 3 46 64
5 3 23 49
1 4 40 48
1 4 27 50
2 3 33 48
6 3 29 50
4 3 26 50
7 3 23 52
2 3 27 50
6 3 25 53
8 3 25 55
2 3 37 56
4 3 27 55
2 3 26 55
3 3 24 52
1 3 23 51
2 3 23 82
1 3 39 83
3 3 35 83
8 4 42 81
2 3 45 81
2 3 42 80
8 3 28 83
7 4 53 84
2 3 50 82
6 3 22 50
3 3 33 51
3 3 22 58
3 4 35 57
1 3 28 57
7 3 33 56
1 3 30 56
4 3 30 58
7 3 22 60
8 3 22 61
4 3 29 62
3 3 22 61
2 3 33 62
1 3 35 60
6 3 41 62
2 3 35 60
8 3 23 62
1 4 24 62
2 3 21 51
1 3 37 51
1 3 20 48
3 3 21 49
8 3 22 51
7 3 20 56
1 3 25 56
6 3 19 54
5 4 23 54
2 5 29 51
5 3 30 51
7 3 29 52
8 3 20 53
6 4 24 51
4 3 26 53
8 3 23 54
8 3 19 62
1 3 26 62
7 3 27 62
5 3 38 64
4 3 19 74
8 3 19 76
3 3 19 82
2 3 50 79
6 3 33 82
6 3 47 84
3 3 43 84
6 3 35 80
3 3 29 82
4 3 22 82
5 3 37 83
7 3 43 85
2 3 51 85
6 3 37 85
6 3 22 82
5 3 48 80
6 3 19 84
1 4 23 83
2 3 25 82
4 3 18 49
7 4 22 49
2 3 18 57
8 3 24 57
5 3 18 79
6 3 29 78
2 3 28 77
1 3 49 77
6 3 48 76
6 3 25 77
2 3 43 75
7 3 33 79
1 3 35 80
6 3 17 81
8 4 33 80
5 4 32 80
7 4 17 83
7 4 30 81
4 3 16 56
3 3 18 57
1 3 22 59
7 3 16 78
2 4 33 78
6 4 40 77
5 6 41 77
6 4 14 78
4 4 27 77
3 3 37 76
2 3 26 77
4 3 39 75
5 3 44 74
3 3 43 75
8 4 43 74
7 3 33 77
2 3 36 75
1 3 40 73
3 3 27 78
6 3 17 79
1 4 18 81
3 3 27 81
4 5 28 82
3 4 28 79
2 3 32 84
6 3 31 77
1 3 32 79
1 3 31 77
7 3 16 78
5 3 25 79
6 3 25 79
1 3 16 96
1 3 32 95
2 3 37 96
1 3 34 95
2 3 41 95
3 3 15 93
7 4 18 94
1 3 40 94
5 3 20 94
6 3 32 94
2 3 13 60
6 3 13 60
7 3 24 58
8 3 13 84
3 3 21 86
4 3 31 84
1 3 36 85
8 3 22 85
8 3 18 86
1 3 31 88
5 3 31 88
4 3 12 54
8 3 12 69
4 5 12 69
8 4 11 70
6 3 11 59
2 3 21 56
6 3 11 67
4 3 43 66
3 3 36 67
1 3 18 66
1 3 43 65
6 3 29 64
3 3 41 66
8 3 15 68
1 4 14 68
8 3 23 68
6 3 30 68
1 3 36 67
2 3 35 66
7 3 14 67
4 4 13 67
4 3 28 67
3 3 27 66
2 3 27 65
1 4 27 65
2 3 16 65
6 3 23 64
7 3 15 65
8 4 15 66
5 4 25 65
1 3 30 69
1 3 32 71
3 3 12 66
2 3 13 65
3 3 26 65
7 3 25 63
7 3 22 62
7 3 12 67
8 3 26 68
6 3 30 69
7 3 26 69
3 3 12 68
6 3 14 69
1 3 11 63
5 3 21 61
8 3 21 65
2 3 11 75
1 4 11 75
1 3 25 73
2 3 38 74
2 3 21 74
3 3 24 73
7 3 25 73
5 3 25 75
4 3 24 73
5 3 20 74
5 3 20 77
8 3 11 84
7 3 29 85
5 5 28 85
2 3 27 85
2 3 10 51
1 4 9 50
4 3 11 49
3 3 26 50
6 3 11 49
8 3 20 49
4 3 10 80
8 3 26 79
4 3 16 81
5 3 10 92
4 3 25 91
5 3 25 91
7 5 25 90
4 4 31 89
2 3 22 91
4 3 9 69
2 3 9 77
8 3 23 77
8 3 18 75
6 3 30 73
6 3 9 80
8 3 8 70
5 3 26 70
4 3 25 70
3 3 8 86
6 3 27 87
3 3 26 85
1 4 30 84
4 3 25 87
7 3 30 86
4 3 8 95
1 4 11 96
4 3 28 95
6 3 8 96
7 4 23 95
8 3 13 97
6 4 14 94
8 3 22 94
3 3 18 94
7 3 28 92
2 3 29 94
8 3 27 93
4 3 14 95
6 3 22 95
2 3 10 97
4 3 10 95
1 3 12 95
6 3 11 95
2 3 7 48
7 3 7 52
4 5 8 52
8 5 7 55
4 3 22 50
2 3 17 53
7 3 7 58
7 4 11 55
4 3 16 53
1 3 16 53
3 4 16 53
8 3 19 52
7 3 16 52
2 3 16 50
1 3 7 80
2 3 12 80
1 3 23 81
5 3 20 80
3 3 32 82
1 3 11 81
8 3 22 82
3 3 6 56
2 3 6 57
8 3 16 58
6 3 5 71
5 3 5 76
2 8 5 75
2 4 22 77
3 3 25 74
1 3 14 78
7 3 15 78
4 3 5 90
3 3 15 89
3 3 10 89
2 3 27 88
8 3 20 90
6 4 21 92
4 3 7 89
8 4 24 89
7 3 24 90
6 3 23 89
6 3 7 89
3 3 20 90
7 3 21 89
7 3 4 54
5 3 4 58
4 3 4 56
5 3 4 65
7 3 9 63
3 3 10 64
5 3 9 62
1 3 9 67
8 3 8 66
4 3 12 67
3 3 5 66
6 3 9 65
7 3 7 65
7 3 3 61
4 4 14 59
5 3 3 72
1 3 3 88
6 3 27 87
1 3 22 87
6 3 12 87
7 3 13 87
4 3 24 86
8 3 13 86
2 4 19 85
7 3 20 86
1 3 18 86
3 4 19 83
7 3 22 85
7 3 20 83
5 3 18 84
7 3 4 87
4 4 4 85
5 3 13 84
2 3 13 84
2 3 5 86
3 3 7 86
1 4 16 87
4 4 18 88
8 3 18 90
5 3 12 88
7 3 7 86
8 3 15 86
3 3 2 47
8 3 8 48
8 3 2 66
2 3 4 65
1 3 4 65
6 3 2 89
4 3 9 89
3 3 1 56
4 2 46 1
8 2 44 1
7 2 42 1
4 2 42 48
2 2 40 1
8 2 40 48
3 2 38 1
4 2 36 1
2 2 34 1
4 2 32 1
8 2 31 62
8 2 30 1
7 2 30 16
3 2 30 72
4 2 30 73
7 2 30 74
8 2 36 75
8 2 34 75
2 2 34 75
7 2 33 75
8 2 31 75
5 2 30 74
6 2 29 75
4 2 29 76
7 2 29 79
3 2 29 80
7 2 29 92
8 2 33 91
8 2 29 91
5 2 30 92
4 2 29 93
7 2 28 1
6 2 28 16
8 2 28 30
3 2 28 75
5 2 28 83
6 2 27 63
7 2 27 75
5 2 27 74
3 2 27 83
6 2 27 91
2 2 27 91
3 2 27 92
7 2 27 92
5 2 26 1
1 2 26 16
6 2 26 17
5 2 26 30
5 2 26 42
1 2 26 44
1 2 26 61
8 2 26 61
2 2 26 75
3 2 26 97
7 2 25 72
5 2 25 73
1 2 25 72
2 2 26 71
5 2 26 71
8 2 26 72
5 2 25 75
7 2 24 1
3 2 24 16
2 2 24 17
2 2 24 30
3 2 24 42
6 2 24 44
3 2 24 51
4 2 24 84
6 2 24 83
8 2 26 82
4 2 25 82
7 2 25 82
6 2 24 93
6 2 24 96
3 2 23 62
7 2 34 63
4 2 25 63
2 2 25 64
4 2 28 63
2 2 28 63
6 2 23 91
2 2 22 1
5 2 22 16
4 2 22 17
8 2 22 30
1 2 22 42
3 2 22 44
3 2 22 59
8 2 22 62
8 2 22 74
5 2 21 48
1 2 21 63
4 2 23 63
1 2 23 63
2 3 22 62
4 2 21 64
7 2 21 63
1 2 20 1
8 2 20 9
1 2 20 14
1 2 20 16
2 2 20 17
6 2 20 30
4 2 20 42
7 2 20 44
7 2 20 49
2 2 20 60
6 2 20 62
6 2 21 63
7 2 22 62
5 2 22 61
3 2 22 62
2 2 20 83
1 2 20 91
4 2 25 92
6 2 25 91
3 2 25 92
2 2 19 64
6 2 19 81
3 2 19 95
8 2 18 1
5 2 18 9
6 2 18 14
6 2 18 16
4 2 18 17
2 2 18 30
3 2 18 42
5 2 18 44
7 2 18 56
5 3 17 56
3 2 18 59
4 2 18 59
6 2 21 60
6 2 18 61
4 2 18 63
2 2 18 79
4 2 25 79
4 2 20 79
7 2 20 80
4 2 18 80
2 2 18 91
2 2 18 94
6 2 17 59
7 2 18 59
8 2 17 59
4 2 20 60
6 2 17 86
7 2 16 1
7 2 16 9
7 2 16 14
2 2 16 16
5 2 16 17
2 2 16 28
3 2 16 30
3 2 16 33
2 2 16 42
8 2 16 44
5 2 16 50
5 2 18 51
7 2 16 68
7 2 16 72
6 2 22 71
1 2 21 71
3 2 21 72
2 3 20 72
2 2 16 73
4 2 19 74
5 2 19 75
1 2 17 74
8 2 22 73
1 2 19 73
7 2 19 73
7 2 16 72
1 2 16 77
3 2 16 80
7 2 17 81
2 2 17 82
8 3 16 81
6 2 16 79
3 2 22 78
1 2 22 79
4 2 21 79
8 2 16 97
6 2 15 52
6 2 16 53
6 2 15 56
5 2 15 60
5 2 18 61
4 2 15 67
8 2 22 68
1 2 23 69
2 2 23 70
2 2 15 72
8 2 15 71
6 2 15 70
3 2 15 71
8 2 15 78
3 3 15 77
5 4 15 78
2 2 16 79
1 2 16 79
1 2 15 85
5 2 18 84
6 2 17 84
3 2 17 85
5 2 15 88
4 2 14 1
6 2 14 9
1 2 14 14
7 2 14 16
8 2 14 17
5 2 14 28
7 2 14 30
5 2 14 33
8 2 14 35
2 2 14 36
4 2 14 42
7 2 14 44
4 2 14 45
4 2 14 47
4 2 14 51
1 2 15 50
2 2 19 49
7 2 15 52
3 2 14 60
3 2 16 61
2 2 14 60
3 2 14 73
6 2 14 76
1 2 13 60
2 2 13 67
1 4 13 68
7 2 13 88
2 2 13 87
5 2 12 1
7 2 12 9
6 2 12 10
3 2 12 14
8 2 12 15
6 2 12 16
2 2 12 17
3 2 12 25
7 2 12 26
3 2 12 28
3 2 12 30
2 2 12 32
4 2 12 33
7 2 12 35
1 2 12 36
1 2 12 38
5 2 12 42
8 2 12 44
2 2 12 45
2 2 12 47
5 2 12 59
7 2 12 63
8 2 12 63
4 2 17 62
2 2 17 63
8 2 12 67
2 2 12 68
3 2 12 68
5 4 12 69
3 2 16 69
6 2 16 70
4 2 15 68
6 2 16 69
8 2 16 70
6 2 15 68
7 2 13 68
4 2 13 70
1 2 13 71
1 2 12 67
5 3 12 67
8 2 12 86
4 2 14 85
6 2 12 92
4 3 12 92
2 2 20 92
7 2 18 91
5 2 18 92
2 2 21 93
7 2 21 94
8 2 17 92
4 2 15 92
4 2 13 92
1 2 13 92
3 2 12 92
5 2 12 93
4 2 17 94
5 2 17 94
6 2 16 94
1 2 12 94
2 3 12 94
1 2 15 95
8 2 20 96
1 2 11 50
5 3 11 50
3 3 11 50
7 3 9 49
8 3 9 49
2 4 9 51
8 2 11 59
1 2 11 62
6 2 13 62
8 2 13 61
3 2 13 63
4 2 11 69
8 2 11 81
1 2 17 82
8 2 11 93
7 2 11 96
7 2 19 96
3 2 17 96
5 2 17 96
8 2 10 1
1 2 10 3
4 2 10 9
2 2 10 10
5 2 10 12
5 2 10 14
2 2 10 15
3 2 10 16
4 2 10 17
2 2 10 19
7 2 10 22
4 2 10 25
6 2 10 26
2 2 10 28
6 2 10 30
4 2 10 32
3 2 10 33
2 2 10 35
4 2 10 36
2 2 10 38
6 2 10 41
4 2 10 42
3 2 10 44
1 2 10 45
6 2 10 47
4 2 10 50
6 2 11 49
3 2 10 51
4 2 10 58
2 2 10 58
8 3 9 58
1 3 9 55
4 2 10 56
5 2 11 55
1 2 10 64
7 2 10 82
5 2 10 82
4 2 12 83
7 2 16 82
8 2 19 83
3 2 16 83
6 2 15 82
6 2 12 83
5 2 12 84
2 2 12 84
8 2 10 90
3 2 12 89
3 2 9 48
8 2 9 51
8 2 9 55
7 2 9 56
6 2 9 65
8 3 8 64
1 2 13 63
7 2 12 63
8 2 9 73
7 2 10 74
5 2 13 75
2 3 13 75
4 3 12 74
7 2 14 75
6 2 14 76
6 2 12 73
5 2 14 72
8 2 12 74
6 3 11 74
2 2 9 75
4 3 9 76
3 3 8 73
5 4 8 71
5 2 17 76
1 2 14 76
2 2 14 77
1 3 13 77
8 2 9 84
3 2 9 95
5 2 10 94
4 2 12 95
2 2 13 96
7 2 12 95
1 2 8 1
6 2 8 3
7 2 8 4
3 2 8 7
7 2 8 9
8 2 8 10
4 2 8 12
2 2 8 14
4 2 8 15
1 2 8 16
6 2 8 17
5 2 8 18
3 2 8 19
6 2 8 20
8 2 8 22
6 2 8 25
2 2 8 26
6 2 8 28
7 2 8 30
2 2 8 31
8 2 8 32
1 2 8 33
8 2 8 34
7 2 8 35
1 2 8 36
1 2 8 38
3 2 8 41
5 2 8 42
6 2 8 44
8 2 8 45
1 2 8 47
6 2 8 51
3 2 8 55
3 2 8 63
2 2 8 64
7 2 8 69
4 2 8 81
4 2 11 80
4 2 19 79
3 2 10 82
8 2 8 80
4 2 13 79
6 2 13 80
7 2 11 79
5 2 13 78
3 2 10 79
8 3 10 80
8 2 10 78
4 2 10 78
1 2 8 88
3 2 10 87
4 2 10 87
5 2 13 86
8 2 10 86
2 2 8 92
3 2 8 91
6 2 7 48
6 2 15 48
4 2 7 62
5 2 9 61
2 2 13 60
7 2 7 66
8 2 7 75
8 2 11 76
4 2 7 78
6 2 7 77
6 2 7 82
1 3 6 82
5 3 6 81
4 3 7 82
4 2 9 84
6 2 7 86
3 2 8 87
5 2 9 88
5 2 7 87
1 2 7 87
5 2 7 90
7 3 7 91
2 5 6 89
4 2 7 92
7 2 9 93
5 2 7 91
6 2 7 90
4 2 7 90
2 2 7 94
8 2 7 95
6 2 15 96
4 2 13 96
3 2 13 97
8 2 12 96
5 2 12 96
1 2 12 97
8 2 6 1
2 2 6 3
3 2 6 4
8 2 6 7
3 2 6 9
4 2 6 10
2 2 6 12
1 2 6 14
6 2 6 15
4 2 6 16
8 2 6 17
3 2 6 18
4 2 6 19
1 2 6 20
8 2 6 21
4 2 6 22
4 2 6 25
5 2 6 26
5 2 6 28
1 2 6 30
7 2 6 31
6 2 6 32
3 2 6 33
6 2 6 34
4 2 6 35
3 2 6 36
7 2 6 37
4 2 6 38
7 2 6 41
8 2 6 42
4 2 6 44
2 2 6 45
5 2 6 46
8 2 6 47
1 2 6 62
8 2 6 62
5 2 7 62
7 2 6 80
3 2 6 83
2 2 6 84
7 2 6 83
1 2 8 84
7 2 6 95
6 4 6 96
1 2 5 60
5 2 6 59
3 2 6 59
1 2 5 69
4 3 5 70
5 2 9 68
2 2 8 69
1 2 8 70
4 2 11 71
7 4 11 72
7 2 5 76
6 2 9 76
3 2 5 81
6 3 4 80
8 2 5 82
3 2 4 1
6 2 4 3
2 2 4 4
4 2 4 6
7 2 4 7
4 2 4 9
2 2 4 10
3 2 4 11
8 2 4 12
5 2 4 13
2 2 4 14
3 2 4 15
5 2 4 16
4 2 4 17
8 2 4 18
1 2 4 19
6 2 4 20
1 2 4 21
7 2 4 22
1 2 4 23
3 2 4 24
6 2 4 25
1 2 4 26
5 2 4 27
6 2 4 28
7 2 4 30
8 2 4 31
5 2 4 32
2 2 4 33
7 2 4 34
2 2 4 35
4 2 4 36
2 2 4 37
5 2 4 38
6 2 4 40
5 2 4 41
7 2 4 42
2 2 4 43
7 2 4 44
6 2 4 45
3 2 4 46
6 2 4 47
2 2 4 53
5 2 4 54
8 2 4 56
3 2 5 55
1 3 5 56
2 3 4 55
1 2 4 73
4 2 8 73
6 2 8 74
8 2 4 79
2 3 4 80
4 3 3 79
2 3 2 80
1 2 4 84
5 2 6 85
4 2 6 86
4 2 4 83
3 2 4 84
8 2 4 84
8 2 4 89
1 2 4 90
4 2 4 96
1 2 3 51
5 2 4 50
2 2 9 49
2 2 16 48
5 2 12 48
3 2 3 52
1 2 10 52
5 2 11 53
7 2 10 53
3 2 10 53
7 2 8 52
5 2 5 52
3 2 5 52
6 3 5 52
8 2 5 52
5 2 3 64
6 2 3 67
2 2 8 66
2 2 6 66
5 2 6 67
2 2 3 67
1 3 3 68
6 2 3 75
5 2 6 74
2 2 6 75
1 2 3 81
7 2 3 85
6 2 3 87
6 2 4 86
6 2 3 95
4 2 6 96
4 2 2 1
8 2 2 1
3 2 2 1
8 2 2 1
7 2 2 1
3 2 2 1
4 2 2 1
1 2 2 1
3 2 2 1
5 2 2 1
7 2 2 1
2 2 2 1
1 2 2 1
3 2 2 1
1 2 2 1
7 2 2 1
1 2 2 1
5 2 2 1
8 2 2 1
7 2 2 1
4 2 2 1
3 2 2 1
8 2 2 1
6 2 2 1
7 2 2 1
5 2 2 1
7 2 2 1
8 2 2 1
2 2 2 1
1 2 2 1
3 2 2 1
2 2 2 1
7 2 2 1
3 2 2 1
1 2 2 1
5 2 2 1
7 2 2 1
6 2 2 1
4 2 2 1
1 2 2 1
2 2 2 1
6 2 2 1
8 2 2 1
6 2 2 1
7 2 2 1
4 2 2 1
1 2 2 1
5 2 2 2
7 2 5 1
6 2 8 2
1 3 8 2
3 3 7 2
4 2 5 2
6 2 2 13
5 2 9 12
7 2 6 12
2 2 6 13
1 2 6 13
7 2 5 14
3 2 4 14
1 2 4 15
3 2 4 16
6 3 3 15
4 2 2 15
6 2 2 21
4 2 2 23
2 2 7 24
6 2 6 22
7 2 2 27
4 2 3 28
8 2 7 29
3 2 7 29
5 3 7 30
5 2 3 27
4 2 2 26
1 2 6 25
8 2 2 27
2 2 2 40
8 2 2 45
2 2 2 46
1 3 2 47
7 3 1 44
1 2 4 45
6 2 4 46
3 2 4 46
1 2 4 46
6 2 1 4
7 2 3 3
1 2 4 2
3 2 1 35
5 2 1 34
8 2 1 36
5 2 1 39
4 2 1 43
