18819
2606
2 2 4 1
3 4 4 1
1 2 7 1
3 3 7 1
4 2 8 1
1 2 7 1
4 3 6 1
2 3 7 1
5 2 6 1
1 2 11 1
1 3 16 1
3 2 16 1
2 3 16 1
4 5 15 1
1 2 16 1
3 14 17 1
2 4 16 1
3 2 18 1
1 5 18 1
4 3 23 1
2 2 23 1
1 4 22 1
1 3 24 1
4 2 27 1
3 2 30 1
1 5 30 1
2 2 29 1
3 2 29 1
4 5 29 1
2 2 32 1
3 5 34 1
3 2 35 1
2 11 35 1
4 2 34 1
3 2 35 1
1 3 35 1
4 12 2 2
2 3 7 1
4 5 9 1
2 6 12 1
6 2 15 1
2 3 15 1
1 2 15 1
2 3 19 1
1 2 19 1
2 8 21 1
4 2 23 1
4 3 25 1
1 2 27 1
1 3 3 2
4 2 3 1
2 2 2 1
3 3 2 2
2 3 20 1
4 5 22 1
1 2 7 2
3 2 12 1
4 2 14 1
3 2 13 1
4 3 7 2
5 2 12 1
5 2 6 2
5 2 9 1
1 2 8 1
6 2 9 1
1 2 15 2
4 4 14 2
3 3 14 2
4 2 3 3
4 2 5 2
3 2 5 1
2 2 2 3
4 2 5 2
2 6 5 1
3 4 7 1
5 3 7 1
1 2 4 2
6 2 3 2
1 5 6 3
6 2 8 3
4 8 9 3
1 4 8 3
3 2 8 3
1 2 15 3
3 2 15 3
4 3 15 3
3 2 20 3
2 3 19 3
1 2 22 3
4 2 22 3
3 4 22 3
4 8 22 3
3 4 24 3
2 3 27 3
2 4 8 4
4 2 11 3
6 2 14 3
5 2 19 3
3 2 19 3
4 3 20 3
2 2 11 4
3 2 14 3
2 2 13 3
1 3 13 3
3 2 12 3
1 2 11 3
4 11 11 4
1 2 13 3
3 2 12 3
2 2 11 4
6 2 11 3
1 2 10 4
3 3 10 4
2 2 9 4
3 2 9 3
3 6 10 4
4 3 9 4
5 3 9 3
1 5 9 4
2 5 9 4
1 9 9 4
1 3 10 4
4 3 10 4
4 4 12 4
1 4 12 4
3 4 11 4
1 2 11 4
5 2 11 4
3 5 11 4
3 3 13 4
4 2 13 4
3 2 2 5
1 2 13 4
2 2 2 5
4 2 8 4
4 3 2 5
5 2 4 4
1 2 6 4
3 3 6 3
6 2 6 4
4 3 6 3
2 3 4 4
1 2 6 3
3 2 2 5
6 2 2 5
3 5 3 4
1 5 2 4
2 7 3 4
5 2 1 5
2 2 6 5
1 4 7 5
3 5 6 5
4 2 5 5
4 3 7 5
3 2 6 5
4 2 12 5
4 2 13 5
2 4 13 5
1 3 12 5
3 2 12 5
6 2 12 5
4 2 14 5
1 4 14 5
1 3 15 5
1 4 7 6
2 2 9 5
4 7 8 5
2 3 7 6
3 6 7 5
3 4 9 5
5 2 6 6
5 2 7 5
4 4 7 5
2 2 6 5
3 2 7 5
1 2 5 6
3 2 6 6
2 2 6 6
4 3 6 5
6 5 5 5
4 2 4 6
3 5 5 6
1 2 6 6
1 3 9 6
3 2 14 6
4 2 20 6
4 6 22 6
2 13 24 6
3 6 23 6
4 7 23 6
1 4 23 6
3 3 2 7
2 2 4 6
4 2 4 6
5 3 6 6
3 2 16 6
1 5 2 7
3 6 9 6
2 2 8 6
6 2 9 6
1 2 10 6
2 2 2 7
2 2 9 6
4 2 3 7
4 3 5 6
2 2 4 6
3 2 4 5
1 4 4 6
3 2 6 6
5 2 1 7
6 3 1 6
4 4 3 5
1 5 1 7
4 3 1 6
5 2 1 6
2 2 1 5
2 2 5 7
4 3 5 7
1 2 4 7
1 2 5 7
4 2 7 7
3 2 6 7
3 2 1 8
2 3 2 7
2 4 4 7
1 4 3 8
1 3 6 7
2 2 2 8
3 2 2 8
3 3 3 8
6 2 3 7
2 4 3 8
1 3 3 7
4 2 2 7
3 2 3 8
1 2 3 8
2 2 3 8
1 5 10 8
3 2 9 8
4 5 8 8
3 2 7 8
4 3 8 8
1 2 8 8
3 3 8 8
2 3 10 8
4 4 10 8
3 2 11 8
1 2 10 8
1 3 12 8
4 5 14 8
3 3 15 8
4 4 16 8
1 4 17 8
2 2 16 8
4 5 16 8
3 2 9 9
2 3 10 8
1 2 16 8
2 2 15 8
3 3 12 9
4 2 13 9
3 2 13 9
3 2 22 9
2 2 23 9
3 3 25 9
3 3 27 9
1 3 30 9
4 3 31 9
4 4 3 11
1 4 4 11
2 2 3 11
3 3 2 11
4 3 4 11
2 2 6 11
2 4 12 11
1 3 12 11
3 3 16 11
4 7 17 11
4 6 24 11
3 5 23 11
2 6 25 11
3 2 26 11
1 4 25 11
2 3 33 11
3 2 33 11
1 3 36 11
4 3 36 11
1 3 39 11
4 5 42 11
1 3 47 11
4 2 47 11
4 2 48 11
1 4 2 12
4 2 2 11
4 2 7 11
3 2 8 11
4 2 8 11
2 3 15 11
4 3 24 11
3 2 24 11
3 2 27 11
2 2 27 11
3 3 27 11
1 9 31 11
4 2 30 11
3 2 29 11
1 2 33 11
3 2 33 11
2 2 32 11
3 3 2 12
1 2 5 11
4 3 9 11
3 4 3 12
1 2 19 11
1 5 22 11
2 2 4 12
2 2 5 11
1 2 9 11
2 2 13 11
4 2 15 11
3 2 14 11
2 2 15 11
2 2 16 11
3 2 4 12
1 2 5 12
3 2 7 11
4 2 16 11
2 3 7 12
4 2 7 12
5 2 9 12
1 3 9 11
1 6 10 12
3 4 15 11
2 2 17 12
5 2 17 12
4 3 18 12
3 3 18 12
2 3 18 12
1 3 17 12
3 3 16 12
2 2 16 12
1 2 15 12
4 5 3 13
6 2 3 12
4 2 4 11
5 2 2 12
2 2 5 11
3 2 8 11
6 2 1 12
5 2 1 12
6 2 1 12
3 6 2 13
4 4 7 13
1 5 8 13
3 2 8 13
3 8 10 13
1 3 13 13
2 3 15 13
4 3 15 13
3 2 15 13
1 2 19 13
3 5 18 13
1 10 17 13
4 2 19 13
3 3 20 13
2 3 20 13
1 2 19 13
3 8 21 13
1 4 21 13
4 2 21 13
1 3 22 13
3 2 21 13
4 5 23 13
1 2 22 13
1 2 3 14
2 15 6 13
6 3 5 13
6 2 12 13
5 2 13 13
3 2 6 14
1 2 7 13
3 2 7 13
4 6 7 14
2 2 8 13
3 6 10 13
2 4 9 13
2 2 14 14
4 9 25 14
2 5 25 14
2 2 28 14
1 4 28 14
4 2 27 14
1 2 27 14
3 2 27 14
3 2 2 15
3 4 9 14
3 3 11 14
1 5 3 15
4 3 3 14
4 2 4 13
5 2 3 14
4 2 5 13
5 3 5 13
1 2 4 13
2 3 13 14
1 2 13 14
1 4 4 15
3 7 12 14
4 9 6 15
2 2 9 14
1 2 8 14
6 2 4 15
2 6 4 14
4 2 4 14
2 2 5 13
3 2 3 15
6 2 5 14
3 2 6 14
4 3 5 14
5 3 3 15
2 2 3 15
2 8 8 15
1 2 12 15
3 4 11 15
2 5 14 15
3 3 14 15
1 4 13 15
3 2 13 15
4 2 13 15
2 3 14 15
3 3 15 15
1 2 14 15
1 7 15 15
1 4 18 15
2 4 22 15
1 2 3 16
4 3 11 15
6 2 11 15
2 2 12 15
2 2 16 15
3 5 18 15
3 2 6 16
4 3 15 15
1 2 15 15
4 5 5 16
3 2 5 15
5 2 6 15
4 3 6 15
1 3 7 15
3 5 10 16
4 2 11 15
2 2 9 16
3 2 11 16
3 2 12 16
2 3 12 16
1 6 11 16
3 3 3 17
5 2 10 16
3 4 11 17
2 2 11 17
4 4 15 17
2 5 16 17
4 3 16 17
2 3 17 17
3 2 20 17
4 2 20 17
1 3 19 17
4 4 19 17
3 4 23 17
1 3 22 17
1 2 23 17
3 2 23 17
2 2 22 17
4 2 27 17
3 2 26 17
4 2 26 17
2 3 26 17
4 2 27 17
3 3 27 17
2 4 28 17
4 3 27 17
2 2 27 17
4 2 3 18
2 2 8 17
1 3 14 17
3 4 14 17
4 6 17 17
1 2 21 17
3 2 4 18
2 2 4 17
3 2 9 16
6 2 6 17
4 3 5 17
1 2 5 16
3 3 6 15
6 2 6 16
1 4 11 17
1 2 4 18
2 4 7 17
6 2 8 17
1 3 5 18
3 4 10 18
4 3 11 17
2 2 10 18
1 2 10 18
1 3 12 18
2 2 12 18
1 3 12 18
4 2 12 18
2 4 12 18
4 5 17 18
3 3 19 18
4 2 29 18
4 3 22 19
3 6 22 18
2 3 22 18
1 2 21 18
1 2 30 19
1 3 31 19
3 2 38 19
1 2 49 19
2 3 2 21
1 6 2 21
3 5 2 21
1 3 2 21
4 6 5 21
1 5 9 21
1 4 12 21
2 3 11 21
1 2 11 21
2 2 12 21
4 5 13 21
3 6 11 21
4 14 18 21
1 4 15 21
3 2 14 21
1 2 24 21
3 4 26 21
1 3 25 21
2 4 33 21
1 3 34 21
4 3 39 21
1 2 38 21
3 2 38 21
2 2 38 21
4 2 37 21
3 6 40 21
3 5 41 21
1 2 42 21
4 4 50 21
2 5 8 22
3 3 17 21
4 2 20 21
3 2 19 21
4 2 28 21
2 2 30 21
4 3 35 21
2 3 35 21
1 2 34 21
4 2 9 22
3 3 12 21
2 4 18 21
3 3 26 21
4 3 35 21
3 3 34 21
1 3 13 22
4 2 13 21
1 5 23 22
4 2 32 21
2 3 32 21
2 2 25 22
2 4 27 21
1 3 26 22
3 4 31 21
5 2 26 22
4 3 27 21
2 5 3 23
3 4 16 22
4 2 18 21
2 2 19 21
4 3 15 22
1 8 15 22
1 3 3 23
3 2 3 22
1 2 12 21
3 2 17 21
1 2 17 21
4 5 2 23
2 7 5 22
6 2 6 22
3 2 10 23
6 2 11 22
5 2 10 22
4 5 10 21
6 2 9 22
4 2 18 23
4 2 20 23
3 2 19 23
2 3 23 23
4 4 22 23
1 2 22 23
4 2 36 23
3 2 3 24
4 3 14 23
1 3 13 23
6 2 14 23
3 3 16 23
2 4 17 23
4 6 17 23
4 2 18 23
1 3 18 23
3 4 17 23
1 2 19 23
1 4 20 23
4 6 20 23
3 3 19 23
1 3 5 24
2 6 11 23
1 2 10 23
5 2 14 23
3 3 7 24
3 3 11 23
2 2 11 23
4 3 10 23
6 2 10 23
1 6 11 23
1 2 12 23
5 2 6 24
3 3 7 24
6 2 7 24
4 2 8 23
3 4 8 24
2 3 11 24
3 3 13 24
4 3 13 24
1 2 16 24
3 2 5 25
2 4 6 24
3 2 9 24
2 2 10 23
4 2 11 24
3 5 10 24
3 3 7 25
2 2 8 24
5 4 8 23
4 4 8 23
1 4 7 25
2 2 6 25
4 7 6 25
6 2 5 25
3 6 8 25
4 2 8 25
2 3 8 25
3 4 8 25
2 4 10 25
3 2 10 25
4 3 10 25
3 4 10 25
1 3 12 25
6 2 12 25
1 2 12 25
1 2 13 25
2 3 12 25
4 4 11 25
4 2 14 25
3 4 14 25
1 9 15 25
3 2 17 25
4 5 18 25
3 2 18 25
1 5 17 25
3 2 5 26
5 2 12 25
4 2 15 25
3 3 9 26
4 2 8 26
1 2 8 25
1 3 10 25
2 9 9 25
2 2 7 26
6 2 7 25
2 2 8 26
1 12 7 26
5 3 7 25
4 2 6 25
1 2 5 26
2 8 5 25
4 2 6 26
2 4 10 26
3 5 11 26
2 3 11 26
3 3 12 26
2 8 13 26
3 4 13 26
2 5 2 27
3 2 5 26
1 2 4 26
3 2 6 27
4 4 9 26
3 4 9 27
4 6 10 27
1 2 12 27
3 3 17 27
1 2 16 27
4 5 18 27
3 2 18 27
2 2 20 27
1 2 20 27
3 2 24 27
2 3 25 27
1 2 27 27
2 2 28 27
2 3 29 27
4 4 29 27
1 2 29 27
4 2 36 27
3 2 35 27
2 3 35 27
4 2 34 27
4 3 2 28
4 5 3 27
6 2 6 26
5 2 7 26
1 4 5 27
3 4 6 27
4 4 6 26
3 4 7 27
1 3 12 27
5 2 17 27
1 2 20 27
6 2 20 27
2 2 9 28
2 3 11 27
4 3 10 27
3 3 16 27
1 2 15 27
4 2 15 28
1 3 23 28
2 3 23 28
1 2 31 28
3 2 30 28
4 4 30 28
4 2 32 28
1 3 31 28
1 3 34 28
3 4 33 28
2 2 5 29
3 3 10 28
3 2 13 27
2 4 12 27
1 3 10 28
4 2 10 28
1 4 10 28
1 2 13 28
2 3 12 28
4 2 14 28
2 4 17 28
1 2 20 28
4 2 20 28
3 3 25 29
3 2 35 29
3 2 37 29
2 3 38 29
4 2 40 29
4 4 2 31
3 2 2 31
4 2 2 31
3 2 7 31
3 2 8 31
2 7 9 31
4 2 15 31
3 3 14 31
2 9 17 31
2 4 20 31
3 3 22 31
2 4 26 31
4 3 27 31
3 4 27 31
1 3 28 31
4 7 29 31
4 2 30 31
2 2 30 31
1 2 29 31
3 3 29 31
1 7 31 31
3 2 32 31
2 2 32 31
4 6 31 31
2 2 32 31
1 3 34 31
2 2 36 31
3 8 37 31
1 6 39 31
3 2 38 31
2 8 38 31
2 2 39 31
3 2 38 31
1 2 2 32
1 2 5 31
4 3 8 31
3 2 10 31
3 5 13 31
2 2 14 31
1 5 14 31
1 3 29 31
4 4 28 31
2 2 2 32
3 2 14 31
2 2 15 31
4 2 17 31
2 2 20 31
1 2 21 31
4 4 2 32
2 3 4 31
1 2 6 31
1 3 8 31
4 2 7 31
4 5 11 32
3 5 10 32
2 2 11 31
3 4 16 31
1 2 12 32
4 2 12 31
4 5 14 32
1 3 17 32
4 2 16 32
1 3 21 32
4 5 20 32
3 2 2 33
3 2 8 32
5 2 8 32
6 2 7 32
6 2 10 32
1 4 2 33
3 4 3 32
2 2 5 31
5 2 4 32
3 2 5 33
2 2 5 33
3 3 14 32
4 5 15 32
4 2 4 33
2 3 4 32
4 2 7 31
1 5 7 33
1 2 12 32
2 3 10 33
2 3 11 32
1 6 11 33
2 2 13 33
3 3 15 33
2 2 17 33
1 5 16 33
4 2 15 33
2 4 16 33
4 2 17 33
2 2 19 33
3 3 19 33
1 4 21 33
3 5 20 33
4 2 20 33
4 2 2 34
3 3 10 33
3 7 12 33
5 2 13 33
1 4 13 33
3 2 16 33
1 9 2 34
2 4 16 33
1 3 4 34
4 2 11 33
1 2 6 34
6 3 6 33
2 2 7 32
5 2 7 32
4 2 8 31
2 2 7 32
4 4 5 33
4 4 8 34
2 2 7 34
3 4 9 34
1 2 8 34
3 2 9 34
4 4 9 34
1 4 11 34
2 7 10 34
1 2 10 34
4 9 15 34
3 2 15 34
1 6 17 34
4 3 16 34
2 6 16 34
2 6 2 35
3 2 3 34
6 2 5 33
3 3 5 32
1 3 4 32
5 3 4 34
2 5 4 34
6 4 4 33
1 4 4 34
3 3 3 34
4 2 2 35
5 3 2 34
5 2 3 33
1 2 2 34
2 2 2 35
3 2 4 35
2 3 7 35
4 3 10 35
1 7 10 35
3 3 15 35
1 3 16 35
2 4 16 35
3 3 16 35
4 2 19 35
3 3 18 35
4 3 23 35
4 3 27 35
2 2 28 35
1 2 27 35
1 3 3 36
6 2 3 35
2 5 8 35
1 3 6 35
3 2 5 35
6 3 6 35
2 7 8 35
4 2 7 35
5 2 7 35
3 5 3 36
5 2 4 35
3 3 5 35
1 2 5 35
4 2 4 35
4 3 3 36
2 4 3 35
3 2 2 35
6 2 3 35
3 3 5 35
1 8 3 36
4 4 4 35
4 2 6 36
2 2 5 36
2 4 7 36
3 4 11 36
2 2 10 36
1 4 14 36
3 2 18 36
4 2 18 36
2 3 18 36
1 4 17 36
4 2 2 37
5 3 2 36
1 2 14 36
4 6 15 36
3 3 1 37
1 2 6 36
3 2 5 36
6 2 5 36
1 2 4 36
1 2 3 37
3 2 5 36
4 2 4 36
5 2 3 36
3 3 3 35
2 2 3 37
5 2 3 37
1 2 9 37
2 4 10 37
2 3 17 37
1 2 18 37
2 2 20 37
3 3 19 37
1 6 19 37
4 3 21 37
1 3 22 37
2 2 21 37
4 2 21 37
2 4 21 37
3 5 29 37
2 2 2 38
4 2 6 37
3 4 8 37
1 2 10 37
2 2 9 37
3 2 19 37
4 2 21 37
4 3 7 38
5 2 8 37
6 2 11 37
2 5 18 37
1 4 17 37
2 2 16 37
3 2 7 38
1 4 10 37
2 2 9 37
3 2 8 38
4 2 7 38
2 2 9 38
2 2 10 38
1 2 9 38
3 2 13 38
1 3 13 38
2 2 13 38
4 2 14 38
3 2 17 38
2 3 17 38
1 5 17 38
3 3 15 38
2 2 17 38
4 2 17 38
4 2 23 38
3 3 23 38
1 2 7 39
1 2 14 38
4 2 22 38
1 4 15 39
3 2 18 38
3 2 19 38
2 2 16 39
4 3 17 38
2 3 17 38
1 2 18 39
4 2 17 39
2 2 17 39
1 2 17 38
1 2 30 39
2 2 29 39
3 2 28 39
3 2 33 39
1 2 32 39
2 5 32 39
3 3 3 41
4 2 3 41
1 2 2 41
3 4 2 41
2 4 2 41
4 2 4 41
3 2 4 41
1 3 5 41
4 3 8 41
1 2 8 41
2 2 7 41
3 3 10 41
2 2 11 41
3 4 12 41
4 2 11 41
4 4 12 41
1 2 19 41
2 3 18 41
4 3 20 41
3 3 22 41
1 3 22 41
4 5 23 41
4 5 24 41
3 3 26 41
3 3 27 41
4 2 28 41
3 4 28 41
2 2 28 41
1 3 27 41
4 5 28 41
3 3 30 41
2 6 30 41
4 4 31 41
2 2 34 41
4 2 33 41
4 3 2 42
3 3 7 41
1 4 19 41
1 4 2 42
3 4 13 41
4 5 18 41
3 4 24 41
4 2 2 42
4 6 24 41
1 5 6 42
2 3 17 41
2 2 18 41
3 6 24 41
2 4 7 42
2 4 8 41
1 2 17 41
4 5 17 41
6 2 13 42
1 6 13 42
1 2 16 42
1 3 17 42
2 2 20 41
1 2 18 42
3 2 17 42
4 5 20 42
3 2 23 42
2 3 2 43
2 2 3 42
1 2 3 41
3 2 4 41
5 2 10 42
1 2 10 42
2 2 10 41
4 2 9 41
3 2 9 41
4 2 14 42
1 3 2 43
6 2 3 42
5 2 2 42
2 2 3 41
6 2 1 42
5 2 1 42
2 2 6 42
4 3 7 42
3 3 4 43
3 2 5 43
3 3 9 43
1 2 9 43
4 5 9 43
2 5 9 43
1 5 16 43
3 3 19 43
1 4 21 43
4 2 20 43
1 2 25 43
3 4 25 43
2 2 25 43
3 2 7 44
2 4 19 43
4 10 13 44
4 2 21 43
2 2 12 44
3 3 15 43
3 4 18 43
4 5 17 43
2 7 18 43
1 5 17 44
3 2 18 44
3 3 21 44
2 11 21 44
4 2 23 44
3 2 27 44
3 5 28 44
6 3 29 44
2 8 31 44
1 5 30 44
3 2 32 44
4 9 32 44
2 2 34 44
1 5 33 44
3 2 2 45
3 5 3 44
5 2 3 43
2 2 4 42
4 6 3 44
5 2 13 43
6 2 4 44
1 2 7 43
2 3 8 43
2 2 11 43
1 3 3 44
6 2 7 43
3 2 8 43
1 2 7 43
4 2 6 44
2 2 11 44
3 2 14 44
4 2 13 44
2 5 12 44
5 2 12 44
1 7 13 44
4 5 12 44
1 8 11 44
4 3 3 45
5 3 5 44
3 2 9 44
1 2 2 45
6 2 5 44
4 2 5 44
5 2 6 43
2 2 10 45
2 2 12 45
3 2 12 45
2 3 12 45
2 3 16 45
4 2 15 45
3 2 15 45
1 2 15 45
3 2 17 45
2 2 18 45
2 6 21 45
2 4 2 46
3 4 2 45
2 2 2 44
3 2 2 43
6 2 2 42
1 2 1 42
4 4 15 45
4 7 2 46
5 2 3 45
1 3 3 44
2 4 3 43
3 2 3 45
5 2 7 45
6 2 1 46
4 3 2 45
1 6 2 45
3 3 3 45
4 2 4 46
2 2 7 45
1 2 6 45
3 4 5 46
5 2 8 46
2 2 9 46
1 5 10 46
1 2 11 46
2 2 10 46
4 3 11 46
4 3 13 46
2 2 13 46
2 4 14 46
4 2 14 46
1 6 15 46
5 2 13 46
2 3 2 47
6 2 3 46
2 2 3 46
4 2 3 45
1 2 2 46
3 3 6 46
3 2 7 46
2 2 7 46
4 4 2 47
3 2 2 46
6 3 4 45
1 4 4 46
2 4 2 47
3 2 2 47
4 9 3 46
1 2 2 46
1 2 3 47
4 2 8 47
1 3 8 47
1 4 10 47
3 2 10 47
1 4 15 47
2 3 15 47
3 3 14 47
4 2 14 47
1 2 15 47
2 2 16 47
3 6 17 47
4 5 16 47
2 2 16 47
6 2 16 47
1 3 16 47
4 2 17 47
2 7 16 47
4 2 16 47
3 3 6 48
2 3 7 47
5 2 7 47
2 2 7 47
4 2 6 47
1 2 6 47
3 2 6 47
2 2 7 47
3 2 9 48
2 4 9 48
3 5 9 48
1 3 9 48
4 5 11 48
1 2 12 48
2 2 11 48
1 2 11 48
3 2 14 48
4 2 15 48
2 2 17 48
1 2 17 48
4 5 20 48
2 5 19 48
3 2 18 48
4 3 27 48
3 3 2 49
2 2 13 48
3 3 20 48
4 2 13 49
2 2 20 48
4 2 19 48
1 2 18 48
1 2 14 49
3 2 21 49
2 2 23 49
4 2 22 49
4 2 23 49
4 2 26 49
1 2 38 49
4 2 39 49
4 2 41 49
4 3 44 49
1 4 4 51
2 2 3 51
1 2 4 51
4 3 4 51
3 2 3 51
4 2 12 51
4 2 15 51
4 2 18 51
3 6 18 51
4 2 16 51
2 12 16 51
1 5 18 51
3 2 17 51
3 3 20 51
4 2 22 51
1 4 22 51
3 6 21 51
3 3 24 51
4 2 25 51
2 3 26 51
1 2 25 51
2 2 26 51
1 2 28 51
2 2 30 51
1 4 29 51
4 2 30 51
2 2 35 51
3 4 37 51
1 2 38 51
2 2 38 51
3 3 42 51
1 3 41 51
1 2 42 51
2 7 4 52
4 2 5 51
2 2 5 51
3 2 5 51
1 6 5 51
2 2 5 51
2 2 7 51
1 2 11 51
2 3 11 51
4 3 11 51
1 2 24 51
4 2 27 51
1 2 5 52
1 2 9 51
1 2 12 51
2 3 11 51
2 2 14 51
3 2 17 51
1 3 19 51
6 2 5 52
3 3 8 51
1 3 19 51
2 2 21 51
4 3 8 52
4 2 11 51
1 10 9 52
4 6 10 52
2 3 11 52
3 2 12 51
1 2 12 52
2 3 13 51
3 2 12 52
4 10 12 52
2 6 13 52
4 3 16 51
2 2 16 52
3 3 18 52
4 2 20 52
3 8 3 53
5 2 11 52
3 2 14 51
1 2 12 52
4 9 19 52
1 2 18 52
4 2 3 53
5 2 4 52
1 2 3 52
6 3 6 52
3 3 6 51
3 5 3 53
2 3 7 52
2 5 10 52
3 3 10 52
2 3 3 53
3 4 4 53
6 2 4 52
5 2 3 52
1 2 4 52
4 2 5 51
5 2 4 52
4 3 7 53
2 2 6 53
1 2 7 53
3 3 7 53
4 2 9 53
1 2 9 53
1 2 11 53
4 2 12 53
2 6 12 53
1 3 12 53
4 5 12 53
3 3 12 53
4 2 14 53
3 2 15 53
2 2 15 53
4 2 15 53
1 2 6 54
4 2 6 53
1 4 13 53
1 2 9 54
4 2 11 54
1 2 12 54
1 2 14 54
4 2 14 54
3 3 16 54
4 4 15 54
3 3 18 54
2 3 17 54
1 4 16 54
3 2 17 54
2 3 20 54
4 2 20 54
1 4 19 54
3 6 19 54
4 2 18 54
1 5 23 54
2 2 22 54
3 3 22 54
4 2 22 54
1 3 2 55
2 5 2 54
4 2 3 53
6 2 5 53
6 3 10 53
5 2 2 54
2 3 2 54
4 4 5 54
2 2 9 53
2 2 5 54
4 2 6 53
3 2 5 53
5 2 5 53
3 3 5 55
1 2 5 55
5 2 4 55
6 2 5 54
2 7 5 55
3 3 5 55
1 2 7 54
2 4 7 55
3 4 7 55
1 3 9 55
4 6 14 55
3 2 13 55
4 3 16 55
3 4 16 55
2 2 16 55
1 5 16 55
2 2 18 55
4 6 18 55
2 3 21 55
4 2 20 55
4 2 5 56
2 2 7 55
3 2 7 55
2 5 10 55
1 2 11 55
2 2 14 55
1 2 5 56
6 2 5 56
2 2 5 55
5 4 5 54
3 6 5 56
2 2 10 55
3 2 9 56
2 4 9 56
6 2 10 55
1 4 8 56
4 5 8 55
1 11 7 55
4 3 16 56
1 6 15 56
1 3 18 56
2 3 17 56
2 2 21 56
1 6 22 56
4 2 21 56
2 2 24 56
4 2 3 57
5 2 5 56
4 2 6 56
2 3 6 55
5 2 6 55
4 2 10 56
2 2 9 56
1 2 7 57
4 3 12 56
4 2 14 56
3 2 8 57
5 2 12 56
1 3 13 56
3 4 9 57
1 2 11 56
4 3 9 57
2 5 9 57
3 7 9 57
6 4 9 56
4 2 8 56
4 5 10 57
2 2 11 57
1 2 10 57
3 2 9 57
2 3 14 57
4 2 15 57
4 5 16 57
2 2 20 57
2 4 21 57
1 2 20 57
3 4 19 57
3 3 3 58
4 3 9 57
1 3 8 57
5 3 7 57
3 2 7 56
4 3 2 58
3 6 8 57
1 2 11 57
1 2 2 58
1 4 5 58
2 2 4 58
4 4 6 57
1 2 6 56
2 2 6 56
6 2 5 57
3 4 5 58
1 2 6 58
3 5 6 58
2 2 7 58
1 3 6 58
4 5 8 58
1 10 7 58
1 2 8 58
1 2 9 58
2 4 10 58
1 3 20 58
2 2 21 58
4 3 21 58
1 2 21 58
4 2 21 58
4 2 22 58
2 2 21 58
1 3 21 58
1 3 13 59
3 2 17 58
4 2 13 59
2 2 12 59
3 3 15 58
2 4 14 58
1 2 14 58
2 2 15 59
4 2 17 59
4 2 18 59
2 2 23 59
2 3 26 59
3 2 25 59
2 2 27 59
1 2 28 59
3 3 4 61
4 2 4 61
1 5 3 61
1 3 4 61
3 2 4 61
2 4 4 61
3 2 8 61
1 6 8 61
4 2 8 61
2 14 9 61
1 2 8 61
3 2 11 61
4 3 11 61
3 4 12 61
3 5 13 61
4 2 17 61
3 3 17 61
1 2 16 61
3 3 16 61
4 2 15 61
3 2 18 61
2 2 19 61
3 2 21 61
4 4 23 61
3 2 25 61
1 3 24 61
4 4 25 61
3 2 27 61
2 2 27 61
2 8 28 61
3 2 28 61
2 6 30 61
4 2 32 61
3 8 32 61
1 3 32 61
1 2 5 62
2 2 8 61
1 3 8 61
2 2 9 61
1 2 10 61
2 2 16 61
1 3 20 61
2 3 27 61
3 3 26 61
3 11 6 62
4 2 9 61
3 2 14 61
4 5 18 61
4 3 20 61
1 2 19 61
2 2 8 62
3 7 16 61
5 2 8 62
4 2 13 61
1 6 8 62
3 2 11 62
4 4 16 62
2 2 15 62
4 2 17 62
4 5 19 62
3 2 18 62
3 2 19 62
1 2 19 62
1 4 24 62
2 9 24 62
1 2 22 62
4 8 22 62
1 3 4 63
2 3 18 62
4 6 5 63
6 2 8 62
1 2 14 61
5 2 11 62
2 3 17 62
2 2 5 63
3 2 13 62
4 2 14 62
2 3 6 63
6 2 9 62
1 2 7 63
3 2 10 62
4 3 9 62
1 3 8 63
6 2 9 62
5 2 8 62
3 2 20 63
4 2 21 63
1 2 20 63
3 2 20 63
4 5 22 63
1 2 22 63
3 6 24 63
3 2 2 64
4 8 3 63
2 3 7 63
2 6 14 63
6 2 4 64
1 7 4 63
5 2 5 62
1 3 6 63
3 2 6 62
4 2 5 63
3 2 4 63
1 5 9 63
4 2 10 63
3 4 3 64
1 2 5 63
4 2 5 63
5 2 5 63
5 2 2 64
6 2 6 63
1 2 7 63
2 2 6 63
6 2 1 64
4 2 5 63
3 6 1 64
2 5 1 64
4 2 1 64
1 2 6 64
3 2 9 64
3 2 12 64
4 2 13 64
4 2 16 64
2 3 19 64
3 4 19 64
3 4 22 64
5 3 1 65
2 3 7 64
4 2 7 64
1 3 7 64
2 3 9 64
1 2 8 64
4 2 8 64
2 2 2 65
6 2 7 64
3 2 6 64
4 7 9 64
1 4 8 64
3 6 7 64
2 3 14 65
2 2 17 65
1 3 17 65
2 2 17 65
3 4 17 65
4 2 16 65
1 3 21 65
4 2 21 65
3 4 20 65
1 2 23 65
3 2 24 65
4 2 24 65
2 5 24 65
2 2 27 65
3 2 3 66
4 2 6 65
5 3 6 64
3 2 8 65
1 2 10 65
1 2 11 65
2 2 16 65
1 2 17 65
4 2 17 65
4 2 3 66
6 2 3 65
3 3 2 65
6 2 7 65
2 2 3 66
4 4 8 65
6 2 11 65
1 5 11 65
2 4 8 66
3 2 10 65
4 7 8 66
1 2 8 66
5 3 8 65
2 2 7 65
4 3 7 66
3 5 7 66
2 3 6 66
3 3 6 65
1 2 5 65
4 3 10 66
3 4 9 66
1 3 9 66
2 3 10 66
4 4 12 66
1 3 11 66
2 2 11 66
4 2 11 66
3 3 11 66
2 4 11 66
1 2 3 67
6 2 7 66
5 3 9 66
4 2 8 66
2 4 3 67
5 2 4 66
4 3 4 65
1 3 3 65
2 2 2 65
3 2 4 67
3 3 6 67
1 9 5 67
4 4 2 67
4 4 3 67
3 4 6 67
4 2 6 67
3 2 6 67
2 3 8 67
1 4 8 67
3 3 7 67
1 3 8 67
2 2 9 67
4 3 15 67
2 3 20 67
3 2 22 67
5 2 23 67
4 5 23 67
1 5 22 67
2 4 22 67
1 2 24 67
4 2 24 67
3 7 24 67
2 2 23 67
2 2 24 67
4 3 26 67
2 2 25 67
4 2 25 67
2 4 5 68
2 2 7 67
3 5 10 67
3 2 13 67
2 2 12 67
1 2 7 68
4 3 10 68
1 2 10 67
4 2 9 67
4 6 13 67
1 2 12 67
6 2 12 67
2 2 9 68
3 5 11 67
3 2 17 68
1 9 17 68
4 2 16 68
2 4 18 68
4 3 17 68
1 3 29 68
1 3 16 69
1 2 19 68
2 2 24 68
1 4 32 69
3 2 34 69
2 2 34 69
1 3 45 69
4 5 2 71
2 2 2 71
1 2 2 71
3 5 2 71
3 2 12 71
1 4 13 71
4 9 22 71
2 2 25 71
4 2 29 71
1 4 30 71
3 8 30 71
2 2 31 71
4 2 32 71
1 2 32 71
4 7 32 71
4 3 36 71
4 4 40 71
2 2 44 71
4 12 44 71
3 3 44 71
1 5 46 71
2 3 47 71
1 2 47 71
4 2 49 71
2 9 50 71
1 5 51 71
1 3 3 72
2 2 3 71
2 2 6 71
4 3 6 71
2 2 17 71
2 7 33 71
4 2 33 71
1 3 33 71
3 3 41 71
4 2 7 72
1 4 7 71
2 2 6 71
2 2 9 71
4 2 8 71
3 5 7 71
1 2 7 72
2 3 17 71
1 2 27 71
2 2 26 71
3 3 9 72
4 2 11 71
3 2 10 71
3 2 15 71
3 2 23 71
1 3 9 72
4 4 15 72
4 2 18 72
1 2 18 71
3 2 17 71
1 2 19 72
2 4 24 72
2 2 26 72
3 2 26 72
2 4 4 73
6 2 6 72
4 2 8 71
4 2 9 71
1 3 20 72
3 2 20 71
1 3 4 73
4 2 18 72
2 2 18 71
2 4 6 73
3 3 6 72
5 2 5 72
4 2 5 73
5 2 6 72
3 5 8 72
1 2 13 71
5 2 12 72
2 9 8 73
4 3 10 72
1 2 13 73
3 3 13 73
1 2 14 73
4 2 14 73
3 5 14 73
4 3 14 73
1 4 15 73
4 2 20 73
2 3 23 73
4 6 22 73
3 3 29 73
4 2 29 73
4 6 2 74
6 2 8 73
6 2 13 73
2 5 14 73
1 3 16 73
4 2 19 73
2 3 24 73
4 5 6 74
5 2 12 73
4 2 11 73
1 2 11 73
3 2 5 74
3 3 17 73
4 2 16 73
1 7 16 73
4 4 5 74
2 2 6 73
6 2 9 72
1 2 5 73
1 2 9 74
2 2 9 74
4 6 12 74
2 4 12 74
3 2 12 74
1 2 12 74
4 6 13 74
2 2 13 74
3 2 14 74
1 2 16 74
2 3 18 74
1 2 20 74
3 2 27 74
1 4 5 75
6 2 9 74
3 2 8 74
6 2 11 73
5 2 8 74
4 2 12 74
4 4 17 74
4 3 5 75
3 4 8 74
2 3 10 73
1 8 8 74
4 6 12 74
5 2 11 74
3 4 13 74
2 4 14 74
3 2 9 75
4 3 9 75
3 2 9 75
2 3 12 74
1 2 11 74
4 2 12 75
3 2 12 75
1 5 13 75
3 2 13 75
3 3 14 75
1 4 17 75
4 3 16 75
2 3 15 75
1 2 15 75
3 9 15 75
3 3 17 75
2 2 16 75
4 2 16 75
1 9 17 75
2 4 16 75
3 2 3 76
5 2 14 75
3 2 4 76
6 2 4 75
1 2 3 75
2 8 4 76
1 3 4 76
5 3 4 75
4 3 3 75
2 9 4 74
4 3 7 73
5 2 8 72
5 2 3 74
2 2 6 74
6 3 3 75
6 3 4 75
1 2 2 76
3 3 2 75
1 2 2 76
4 4 2 75
3 3 9 76
2 2 10 76
1 3 10 76
3 2 10 76
3 3 21 76
3 3 22 76
4 6 21 76
5 2 1 77
1 4 3 76
4 2 3 76
4 4 10 76
3 3 9 76
2 3 4 77
5 3 4 76
3 5 9 76
1 2 8 76
1 2 3 77
2 3 3 76
1 2 6 77
4 2 9 76
5 2 9 76
4 3 9 77
1 3 17 77
4 2 19 77
3 4 19 77
3 2 22 77
4 8 21 77
2 3 20 77
6 2 21 77
1 2 22 77
3 3 22 77
1 2 22 77
1 3 23 77
4 4 2 78
3 2 9 77
2 4 11 77
2 3 13 77
4 6 12 77
1 3 11 77
5 2 14 77
4 4 14 77
3 3 2 78
6 2 5 77
2 2 4 77
1 3 4 76
4 7 3 76
4 2 6 77
2 3 7 77
1 2 2 78
3 2 4 77
1 2 5 76
3 2 5 77
2 4 4 78
3 2 5 78
4 2 4 78
6 2 4 77
2 6 5 78
3 2 5 78
4 3 10 78
1 3 10 78
2 3 12 78
1 4 13 78
3 4 13 78
2 3 14 78
3 2 14 78
4 2 15 78
1 3 15 78
1 2 16 78
3 2 15 78
2 2 8 79
2 2 10 78
2 3 11 79
2 2 17 79
3 2 17 78
4 2 16 79
2 3 16 78
1 3 19 79
3 2 18 79
1 2 18 79
3 2 25 79
4 3 30 79
2 2 30 79
1 2 29 79
4 2 28 79
1 2 31 79
1 2 33 79
1 4 2 81
2 4 2 81
3 2 2 81
4 2 2 81
1 2 2 81
3 2 4 81
4 3 6 81
3 3 5 81
2 3 8 81
1 2 8 81
4 2 8 81
3 3 7 81
2 3 9 81
3 4 9 81
2 3 9 81
4 2 9 81
1 2 10 81
4 2 12 81
1 3 12 81
3 5 11 81
4 11 11 81
1 7 11 81
1 11 14 81
2 4 14 81
3 2 14 81
2 4 22 81
3 5 28 81
4 2 28 81
1 6 29 81
2 5 28 81
3 5 30 81
1 3 30 81
2 4 30 81
2 2 32 81
1 2 34 81
4 2 34 81
3 5 35 81
4 2 35 81
1 2 34 81
4 2 3 82
4 3 5 81
4 4 11 81
2 3 12 81
4 9 13 81
1 4 12 81
1 2 26 81
2 2 7 82
4 2 28 81
2 2 13 82
2 2 20 81
3 2 20 81
4 2 12 82
2 3 25 81
4 6 13 82
2 3 14 81
6 3 14 82
1 4 14 81
3 2 14 81
1 2 14 81
3 2 14 81
1 2 14 81
1 3 20 82
4 2 19 82
4 2 21 82
4 2 2 83
2 2 2 82
3 3 10 81
6 2 7 82
5 2 8 82
3 2 16 81
4 2 10 82
2 2 14 82
3 2 2 83
1 3 2 82
2 2 11 81
3 3 5 82
4 9 5 82
1 6 9 82
2 9 4 83
3 7 7 83
2 2 7 83
3 3 7 83
5 2 8 82
1 2 9 83
2 3 8 83
4 3 7 83
2 3 12 83
4 3 11 83
2 5 11 83
1 2 11 83
3 5 12 83
4 3 13 83
1 5 13 83
4 2 13 83
4 3 17 83
2 2 17 83
3 8 3 84
4 3 8 83
1 2 8 83
2 2 10 83
4 7 12 83
3 3 11 83
1 3 11 83
1 2 5 84
5 2 5 83
6 2 5 82
5 2 4 82
1 2 4 81
3 2 5 83
6 2 5 83
5 2 5 83
2 10 4 84
2 2 5 84
3 2 6 84
1 3 11 84
3 3 11 84
4 2 11 84
2 3 15 84
1 2 17 84
4 3 18 84
2 2 20 84
3 2 20 84
4 3 21 84
2 2 20 84
2 2 21 84
1 2 21 84
2 2 21 84
4 2 22 84
4 2 9 85
1 4 11 84
2 2 10 84
5 2 10 84
4 2 10 84
1 4 9 84
2 2 9 84
3 6 9 84
6 2 8 84
1 2 8 85
6 3 7 85
3 4 7 85
2 2 7 84
4 3 7 84
1 2 6 84
2 2 9 85
3 6 11 85
3 9 12 85
2 2 15 85
1 2 14 85
3 2 14 85
1 2 15 85
2 4 18 85
4 4 18 85
2 8 18 85
6 2 18 85
1 4 17 85
2 2 17 85
4 4 2 86
1 2 8 85
2 2 10 85
1 2 9 85
3 3 14 85
3 5 4 86
2 3 6 86
4 3 6 85
5 4 6 84
4 5 7 85
3 3 8 85
2 2 9 85
2 2 6 86
5 2 7 85
4 2 6 86
4 3 8 85
1 12 5 86
3 3 5 85
1 2 6 84
6 2 4 85
2 2 4 86
4 5 7 86
3 4 8 86
1 3 9 86
3 2 9 86
3 2 12 86
4 3 11 86
1 2 10 86
3 2 11 86
2 2 16 86
3 6 15 86
1 2 19 86
4 2 20 86
2 2 20 86
1 4 4 87
6 3 5 86
5 2 8 86
2 3 7 86
4 4 7 86
1 5 6 86
2 2 7 86
1 2 7 86
3 8 11 86
1 2 11 87
3 4 17 87
2 2 16 87
4 4 16 87
4 2 17 87
2 5 19 87
4 2 18 87
1 2 18 87
4 2 26 87
2 3 25 87
3 3 24 87
1 2 23 87
2 2 24 87
4 2 24 87
1 2 25 87
4 3 26 87
2 6 2 88
3 3 25 87
2 3 24 87
4 3 6 88
3 3 17 87
2 4 7 88
1 2 15 87
4 3 7 88
6 2 7 87
2 2 9 86
1 3 7 87
5 2 8 86
4 2 7 86
3 2 6 87
2 2 5 87
4 4 12 87
3 3 8 88
3 3 11 88
4 2 11 88
4 2 12 88
3 2 12 88
1 3 13 88
4 3 12 88
4 2 13 88
4 2 14 88
2 5 15 88
4 2 15 88
1 2 18 88
1 5 20 88
2 4 21 88
2 2 6 89
2 2 19 88
4 2 19 88
1 2 6 89
3 2 9 88
5 2 10 87
6 2 11 87
2 2 7 89
3 2 13 89
1 2 16 88
2 3 15 89
3 2 15 89
4 2 15 89
1 3 18 89
2 2 18 89
4 2 17 89
3 2 26 89
3 3 33 89
3 3 6 91
1 2 6 91
4 8 6 91
2 2 5 91
1 3 8 91
4 2 8 91
2 4 9 91
2 3 25 91
1 5 28 91
4 2 28 91
3 2 28 91
4 3 30 91
3 3 33 91
2 4 33 91
4 2 33 91
1 6 37 91
2 2 36 91
4 2 36 91
3 2 36 91
4 3 38 91
3 2 41 91
4 2 40 91
1 6 40 91
4 3 43 91
4 5 48 91
2 2 47 91
3 4 47 91
2 9 47 91
3 5 44 91
4 3 45 91
1 3 47 91
3 6 46 91
2 7 46 91
4 2 4 92
1 2 4 91
1 6 7 91
3 3 14 91
2 3 23 91
3 2 25 91
2 21 26 91
3 3 27 91
3 2 30 91
2 3 36 91
3 2 38 91
2 2 5 92
4 2 7 91
3 2 10 91
4 3 9 91
1 4 7 92
1 2 11 91
4 4 10 91
2 2 13 91
1 2 17 91
4 2 18 91
1 2 19 91
3 2 21 91
3 2 9 92
4 3 21 91
2 2 20 91
1 6 18 92
2 2 2 93
1 3 2 92
6 2 4 92
3 15 4 91
2 2 5 91
3 2 12 91
4 2 6 92
5 2 7 92
1 2 2 93
2 3 2 93
2 5 6 93
5 2 10 92
1 2 7 93
3 6 8 93
2 3 7 93
2 3 8 93
6 2 9 92
3 2 8 93
5 2 8 92
1 2 8 93
4 3 7 93
6 5 7 92
2 2 8 93
3 2 8 93
1 2 7 93
5 2 9 93
3 4 9 93
2 3 9 93
1 4 8 93
4 7 8 93
4 3 10 93
1 2 9 93
1 2 10 93
2 2 9 93
1 2 5 94
3 2 6 94
3 3 7 93
4 2 9 93
4 4 10 94
1 3 9 94
5 2 9 94
2 6 9 94
3 2 8 94
3 2 10 94
1 3 12 94
3 2 14 94
4 5 14 94
1 3 14 94
4 2 16 94
3 2 17 94
4 2 18 94
2 3 18 94
3 6 18 94
6 2 18 94
1 5 20 94
3 4 20 94
2 3 19 94
4 5 18 94
1 2 22 94
2 2 22 94
4 2 21 94
3 3 21 94
4 3 22 94
2 2 21 94
4 6 2 95
1 5 3 94
2 3 6 93
1 2 7 93
4 2 6 94
2 3 8 94
4 2 8 94
3 2 11 94
1 3 4 95
1 7 5 95
2 2 6 94
6 3 6 93
5 4 5 94
2 2 4 94
1 2 4 94
4 2 4 93
1 2 6 95
2 2 8 95
2 5 15 95
3 2 14 95
1 2 14 95
4 2 13 95
3 3 18 95
2 5 20 95
2 5 2 96
3 2 4 95
4 2 5 95
1 3 5 95
4 2 5 95
1 2 5 95
2 3 5 95
4 2 5 95
4 4 11 95
2 2 10 95
2 4 13 96
3 2 11 96
3 5 13 96
1 5 13 96
4 2 12 96
2 3 18 96
3 4 19 96
2 2 19 96
2 6 23 96
1 4 28 96
3 3 27 96
2 5 31 96
4 2 3 97
6 2 3 96
3 2 11 96
3 3 13 96
2 2 21 96
1 6 20 96
6 2 20 96
2 4 20 96
4 2 23 96
3 5 23 96
1 2 23 96
1 5 25 96
3 5 2 97
2 3 23 96
1 3 2 97
4 2 2 96
4 4 8 96
6 2 9 95
1 2 9 95
4 2 15 96
1 2 5 97
6 2 5 96
2 2 8 95
5 2 7 96
3 2 6 96
4 2 5 96
5 2 5 95
1 5 6 95
3 4 9 96
2 2 5 97
5 2 4 97
2 3 4 97
3 3 4 96
4 2 4 96
1 2 5 96
2 2 6 97
1 4 8 97
3 3 13 97
2 3 16 97
2 6 19 97
1 2 17 97
1 3 18 97
2 2 18 97
4 4 18 97
2 5 18 97
2 2 2 98
1 7 12 97
2 2 11 97
3 2 13 97
4 3 2 98
1 2 6 97
3 3 5 97
4 2 3 98
4 3 5 97
5 2 6 97
3 2 7 98
4 2 7 97
2 3 6 98
3 2 6 97
2 2 8 98
4 3 9 98
1 2 14 98
3 2 15 98
2 2 16 98
4 2 15 98
1 3 15 98
3 3 15 98
3 2 18 98
4 4 21 98
1 4 21 98
3 2 20 98
4 2 19 98
3 3 20 98
4 5 24 98
3 2 10 99
2 2 13 98
1 3 19 98
2 3 14 99
3 2 25 99
1 2 24 99
2 2 23 99
3 2 25 99
2 2 32 99
2 3 34 99
4 2 33 99
3 2 32 99
3 4 33 99
