10493
3785
8 3 2 1
1 2 2 1
2 3 4 1
8 2 6 1
8 2 8 1
5 2 13 1
8 2 13 1
1 2 14 1
8 4 15 1
7 3 16 1
5 2 21 1
4 4 32 1
8 3 37 1
5 2 44 1
3 2 44 1
5 2 50 1
3 4 51 1
2 3 51 1
1 2 50 1
5 2 64 1
5 2 2 2
7 3 2 1
1 2 3 1
6 2 15 1
2 2 15 1
8 2 14 1
4 2 14 1
1 3 14 2
3 3 16 1
5 7 17 1
3 2 40 1
4 3 49 1
5 4 50 1
7 2 49 1
2 2 33 2
6 3 37 1
1 2 37 1
4 2 36 1
7 2 32 2
8 3 37 1
2 2 39 2
8 2 39 2
7 2 41 1
3 2 42 1
7 2 43 1
2 2 42 1
4 3 43 2
4 2 44 2
5 3 44 2
5 3 3 3
2 2 5 2
7 2 23 1
5 3 23 1
6 3 8 2
3 2 14 1
8 6 16 1
6 4 24 1
6 2 29 1
1 2 29 1
5 4 30 1
5 2 15 2
6 4 15 1
6 2 18 1
3 4 23 1
4 2 24 1
5 2 23 1
7 2 22 1
2 2 24 2
4 5 26 2
1 2 3 3
8 2 6 2
7 2 6 1
5 2 7 1
7 3 14 1
6 2 19 1
2 2 6 2
2 2 9 2
8 2 13 2
5 3 15 2
3 2 15 1
1 2 14 1
4 2 14 1
2 2 13 2
4 2 3 3
4 2 9 2
5 2 4 3
8 2 6 2
7 2 7 1
4 2 4 3
3 5 5 2
6 3 5 1
8 2 5 2
1 4 3 3
8 2 2 3
6 2 2 2
2 2 3 1
2 2 4 3
3 2 10 3
1 2 11 3
7 2 12 3
2 2 11 3
1 4 16 3
8 3 15 3
6 2 19 3
5 4 19 3
8 2 22 3
6 2 22 3
8 2 28 3
1 3 28 3
2 3 27 3
6 2 27 3
6 2 3 4
8 2 16 3
7 4 20 3
1 2 19 3
6 2 4 4
1 2 8 4
5 2 8 4
1 2 10 4
8 4 13 3
6 2 17 3
4 2 16 3
6 2 9 4
4 3 18 3
1 2 14 4
2 3 16 3
3 2 13 4
5 2 15 3
7 2 21 4
5 2 21 4
6 2 22 4
2 2 21 4
6 2 21 4
8 2 23 4
5 3 28 4
2 2 27 4
6 2 29 4
2 2 11 5
6 2 12 4
7 2 12 4
7 2 14 3
3 2 13 4
4 2 13 3
6 2 13 3
3 2 19 4
4 2 18 4
2 4 13 5
7 3 16 5
2 2 17 5
4 2 19 5
2 2 19 5
4 2 19 5
1 3 32 5
1 2 47 5
4 2 57 5
7 2 57 5
7 2 64 5
4 2 64 5
1 2 63 5
5 3 2 6
8 2 5 5
1 2 5 4
2 2 4 4
7 2 5 5
4 2 8 5
8 2 9 4
5 2 8 4
5 2 9 6
8 2 30 5
1 2 38 5
5 2 38 5
8 3 39 5
5 2 44 5
1 2 47 5
4 2 10 6
8 3 10 5
6 2 9 5
8 2 12 4
7 7 10 5
6 2 10 4
3 2 12 3
1 2 8 5
6 2 18 5
7 2 25 5
4 2 28 5
3 2 36 5
2 3 17 6
5 2 21 5
2 3 24 5
3 2 27 5
8 2 33 5
5 3 39 5
1 2 20 6
5 2 22 5
8 2 23 5
8 2 20 6
4 2 20 5
4 2 24 5
2 2 24 5
6 2 27 5
6 4 19 6
1 2 25 5
6 6 22 6
5 2 26 5
7 3 29 5
6 5 28 5
3 2 21 6
4 2 28 6
7 2 30 6
2 2 29 6
5 2 28 6
4 3 32 6
1 2 1 7
2 3 3 6
2 2 13 5
3 2 17 5
7 2 20 5
5 2 13 6
4 2 13 5
2 2 17 5
1 2 17 5
1 2 15 6
7 3 2 7
6 5 11 6
2 2 13 5
7 3 10 6
8 2 17 6
5 2 17 5
2 2 2 7
5 2 3 6
4 2 4 5
5 2 11 4
1 2 10 4
7 3 10 3
4 2 9 3
8 2 3 5
4 3 5 6
8 2 11 5
6 2 11 5
4 2 10 5
3 2 9 5
4 2 8 5
8 2 7 6
8 2 2 7
1 2 2 6
3 5 9 7
7 3 9 6
7 3 13 7
3 2 13 7
5 2 18 7
1 2 17 7
4 2 18 7
2 2 20 7
5 2 21 7
2 6 21 7
6 2 24 7
7 2 25 7
5 2 26 7
1 2 25 7
6 2 27 7
8 3 27 7
2 2 31 7
5 2 5 8
3 2 11 7
6 2 26 7
2 2 13 8
4 2 28 7
3 2 27 7
5 2 13 8
1 2 26 7
2 2 17 8
7 2 17 8
6 2 17 7
7 2 16 7
7 2 25 7
2 2 17 8
5 2 17 7
8 2 18 7
8 2 21 7
6 3 17 8
3 2 18 7
2 2 17 8
4 3 26 8
8 3 27 8
1 2 29 8
4 2 34 8
5 3 35 8
3 3 45 8
1 2 46 8
6 2 12 9
1 3 16 8
8 2 19 8
1 3 34 8
8 2 34 8
2 5 35 8
4 2 34 8
2 2 33 8
4 3 24 9
5 7 30 8
2 2 29 8
5 2 30 8
7 2 28 9
3 3 30 8
6 2 27 9
8 2 32 8
2 2 31 9
4 3 31 8
7 2 33 8
1 2 42 9
5 2 42 9
4 2 48 9
4 4 55 9
6 2 57 9
4 3 4 10
2 2 11 9
2 2 13 8
4 3 15 7
7 2 18 7
3 2 17 8
8 2 11 9
6 3 11 8
6 2 15 7
7 3 11 8
3 2 13 8
8 2 12 8
2 2 12 7
4 2 11 7
3 2 11 8
4 2 15 7
2 3 11 8
7 2 11 7
6 2 11 8
2 2 15 9
2 2 18 9
4 2 9 10
5 2 17 9
3 2 16 9
2 2 25 9
6 2 26 9
6 2 36 9
5 2 36 9
3 2 9 10
7 2 15 9
6 3 19 9
4 2 23 9
1 2 31 9
2 3 31 9
5 2 8 10
5 2 10 9
6 2 12 8
1 2 10 9
3 2 11 8
1 2 13 7
6 2 12 8
7 2 8 10
1 2 24 9
3 2 23 9
4 2 23 9
6 3 8 10
8 4 8 9
8 3 9 9
7 2 11 9
3 2 10 9
5 2 9 10
1 2 17 9
5 2 16 10
2 2 18 10
3 2 17 10
8 2 25 10
2 2 27 10
3 2 28 10
1 3 29 10
7 2 31 10
2 2 4 11
7 3 15 10
3 3 22 10
6 2 28 10
5 2 33 10
7 2 5 11
2 3 17 10
1 4 8 11
3 2 7 11
5 2 16 10
1 2 17 10
4 3 22 10
6 2 28 10
7 2 21 11
7 2 23 11
8 2 23 10
1 2 24 11
4 2 24 11
2 2 24 10
3 2 23 10
2 2 35 11
8 2 34 11
5 2 34 11
3 4 40 11
8 2 41 11
1 2 41 11
6 3 43 11
1 2 2 12
4 3 22 11
5 2 21 11
5 2 23 11
8 2 4 12
7 2 9 11
5 2 10 10
8 2 12 9
1 2 11 9
5 2 3 12
3 3 8 11
6 2 20 10
8 3 19 10
3 3 17 11
1 2 17 11
4 2 2 12
2 3 2 11
1 2 4 10
1 2 5 9
4 2 6 9
6 3 6 8
4 2 9 7
8 2 5 8
8 2 7 8
5 3 8 10
8 3 6 11
7 2 6 11
6 2 12 10
4 2 12 10
1 2 12 11
2 2 20 11
7 2 21 11
2 2 21 11
2 2 3 12
5 2 20 11
7 2 19 11
3 2 18 11
4 2 3 12
4 2 8 11
7 2 9 10
5 2 10 10
3 2 10 10
3 3 7 11
2 2 6 11
8 2 8 10
6 3 7 10
1 2 3 12
8 2 4 12
4 4 6 12
4 2 7 12
5 5 14 12
6 2 15 12
5 2 16 12
8 2 21 12
7 2 20 12
5 4 21 12
8 2 22 12
3 2 21 12
4 2 21 12
2 2 26 12
4 2 1 13
8 2 15 12
8 2 23 12
2 2 29 12
8 2 30 12
7 2 2 13
5 2 2 12
6 2 1 12
4 2 1 11
3 2 2 11
1 2 1 12
4 2 9 12
1 4 17 12
2 2 17 12
3 2 20 12
3 2 21 12
2 2 4 13
7 2 9 12
3 2 8 12
8 3 16 13
4 2 21 13
5 3 27 13
6 4 26 13
7 4 37 13
8 2 48 13
2 2 54 13
6 2 2 14
5 3 4 13
2 3 8 12
6 2 7 13
7 2 15 12
1 3 10 13
5 4 11 12
6 3 13 12
7 2 10 13
6 2 9 13
2 4 11 13
7 2 10 13
1 2 23 13
5 3 24 13
5 3 32 13
5 2 38 13
8 2 8 14
4 2 21 13
4 2 23 13
7 3 25 13
8 3 33 13
5 2 8 14
4 3 9 13
1 2 8 13
7 2 9 12
2 2 12 13
7 2 13 13
3 7 7 14
3 2 16 13
1 3 7 14
7 4 8 14
6 2 8 13
8 2 8 12
1 2 11 12
2 2 8 13
8 2 8 14
3 3 9 13
5 2 10 12
4 2 15 13
6 5 14 13
7 2 8 14
5 4 9 14
4 2 15 13
2 2 14 13
3 3 9 14
6 2 11 13
8 2 11 14
5 2 10 14
6 2 12 14
3 3 11 14
6 3 13 13
8 2 11 14
1 4 16 14
1 2 18 14
3 2 1 15
2 3 4 14
6 2 9 13
3 2 3 14
4 2 4 14
7 2 5 13
5 2 11 14
4 2 5 15
2 2 4 15
3 4 7 14
5 2 5 15
8 2 6 14
5 3 7 14
1 3 10 13
6 2 8 14
3 2 8 14
8 2 7 14
7 2 5 15
5 2 6 15
8 5 12 15
4 2 12 15
4 3 15 15
3 2 18 15
6 2 18 15
4 3 17 15
3 2 18 15
4 2 18 15
5 2 23 15
3 2 27 15
7 2 29 15
8 3 33 15
1 2 1 16
2 2 7 15
5 2 8 15
1 2 10 15
7 2 11 15
7 3 20 15
6 3 28 15
6 2 6 16
1 2 25 15
2 2 11 16
7 2 13 15
8 3 18 15
6 3 21 15
3 3 21 15
7 2 24 15
8 2 23 15
4 4 12 16
3 2 16 15
2 2 15 16
1 2 16 15
7 3 22 16
1 3 23 16
6 2 24 16
7 2 23 16
2 2 22 16
5 2 24 16
4 4 25 16
2 2 31 16
4 2 43 16
8 3 42 16
2 2 3 17
4 2 4 16
1 4 4 15
4 2 13 15
6 2 19 15
6 2 5 16
8 2 5 15
3 3 5 14
1 3 5 14
2 2 11 15
4 2 13 15
1 2 10 16
8 3 10 16
5 2 12 15
3 2 9 16
4 2 11 15
7 2 10 15
1 2 18 16
6 5 23 16
4 4 5 17
1 2 11 16
8 2 14 16
4 2 13 16
3 2 14 16
7 2 15 16
5 5 11 17
6 5 10 17
3 2 12 16
5 2 13 16
8 3 13 16
5 4 13 16
5 2 9 17
7 2 20 17
4 2 20 17
8 2 22 17
6 2 23 17
4 3 23 17
2 2 23 17
7 2 24 17
7 2 33 17
5 2 47 17
4 3 49 17
4 2 2 18
7 4 7 17
1 2 8 16
4 2 10 16
6 2 13 17
2 2 14 17
4 2 20 17
3 2 24 17
8 2 3 18
5 2 10 17
2 2 9 17
1 3 9 17
4 2 8 17
1 2 8 18
5 5 8 17
8 2 9 16
3 2 15 17
2 2 7 18
1 3 22 17
8 3 8 18
2 2 9 17
1 2 11 17
7 3 19 17
2 2 25 17
5 2 10 18
2 2 18 17
8 2 24 17
1 3 27 17
2 2 28 17
8 2 9 18
4 2 16 17
5 3 22 17
3 2 15 18
4 2 18 17
7 2 22 17
8 4 14 18
8 2 22 17
6 2 16 18
3 2 20 18
8 3 20 17
2 2 20 17
4 2 21 18
3 3 21 18
4 3 26 18
3 2 1 19
2 2 2 18
5 3 6 17
6 2 5 17
4 2 7 17
6 2 8 17
7 2 9 16
3 2 4 19
1 2 15 18
6 2 17 18
5 4 16 18
4 2 16 18
7 2 5 19
4 2 12 18
6 2 14 18
3 2 13 18
2 3 4 19
8 3 11 18
6 2 11 18
4 2 11 19
2 2 18 19
8 2 21 19
7 2 25 19
2 2 29 19
5 2 36 19
3 3 38 19
5 2 51 19
7 2 1 20
7 3 8 19
5 2 7 19
2 2 6 19
3 2 10 18
1 2 9 19
6 2 9 18
8 2 33 19
6 4 33 19
2 2 39 19
8 2 3 20
1 2 10 19
5 2 12 19
1 3 11 19
6 2 6 20
4 2 15 19
8 2 35 19
4 3 8 20
3 2 9 19
8 2 8 19
5 3 28 19
6 3 7 20
8 4 15 19
6 2 16 19
6 4 10 20
3 2 10 19
2 2 10 19
7 3 9 20
1 2 14 19
6 2 16 19
2 2 15 19
4 2 11 20
7 2 23 19
5 3 23 19
6 2 15 20
5 5 14 20
2 2 15 20
2 2 17 19
1 2 16 19
4 3 15 19
6 3 14 20
3 2 15 20
7 2 16 20
2 2 16 20
1 2 24 20
6 3 24 20
8 2 24 20
8 2 27 20
7 2 27 20
1 4 26 20
3 3 26 20
1 2 26 20
5 3 28 20
3 2 1 21
6 2 8 20
7 2 10 19
8 2 9 19
5 2 10 19
3 2 10 19
7 3 9 19
1 3 9 20
3 2 17 20
5 2 18 20
2 2 1 21
4 2 5 20
5 2 5 19
3 2 8 18
5 2 7 19
1 2 7 18
7 2 5 20
8 2 1 21
1 2 4 20
4 2 4 19
1 2 4 18
8 5 4 20
7 2 4 20
4 2 10 20
2 2 4 21
1 4 3 21
7 2 6 20
1 2 4 21
4 2 3 21
7 4 3 21
6 2 3 20
2 3 7 20
3 2 2 21
1 3 2 20
6 3 1 20
3 4 2 20
5 4 1 20
3 2 2 21
3 2 8 21
7 3 11 21
7 3 12 21
3 3 20 21
4 3 23 21
7 2 23 21
5 2 25 21
8 2 7 22
3 3 12 21
5 2 25 22
2 2 28 22
7 2 29 22
7 2 34 22
6 2 39 22
1 2 40 22
6 2 50 22
2 4 58 22
4 2 1 23
1 2 11 22
2 2 18 21
1 2 18 21
4 2 18 21
7 3 52 22
1 2 51 22
4 2 2 23
6 3 9 22
4 2 9 21
3 2 9 21
5 3 8 21
2 2 10 23
1 2 41 22
7 3 11 23
1 2 16 22
8 4 16 21
7 2 16 21
2 2 20 23
1 2 46 22
3 2 23 23
4 2 39 23
5 2 43 22
4 3 40 23
5 2 44 22
8 5 39 23
7 2 39 23
2 4 38 23
4 2 39 23
6 7 50 23
3 2 51 23
5 2 52 23
8 3 51 23
7 4 52 23
1 2 53 23
6 2 2 24
7 5 13 23
5 2 17 22
6 2 18 22
8 2 18 22
6 2 18 22
3 2 17 22
4 2 17 22
1 2 17 22
5 2 18 22
7 2 17 22
2 2 19 22
1 2 20 23
4 2 30 23
1 2 30 23
3 4 33 23
6 2 33 23
8 8 34 23
4 2 35 23
5 2 35 23
3 2 1 24
3 4 8 23
4 2 11 22
4 2 17 22
3 2 25 22
7 2 8 23
8 2 13 22
3 2 13 22
2 2 14 21
8 3 7 23
2 2 8 22
6 2 9 21
7 2 12 21
3 2 8 22
5 4 7 23
6 2 6 23
8 2 7 23
7 2 14 22
3 4 19 22
4 2 10 23
2 2 9 23
4 2 16 23
1 2 16 22
5 2 15 22
7 3 8 24
4 2 10 23
6 2 8 24
6 2 10 24
5 2 12 24
3 3 12 24
4 2 12 23
6 5 11 24
8 2 11 23
2 2 10 23
7 2 13 24
2 2 19 24
4 2 19 24
2 2 19 24
1 2 20 24
5 2 23 24
1 2 28 24
7 2 1 25
1 2 3 24
1 2 7 23
4 2 6 23
7 2 7 22
5 2 12 21
4 2 2 24
1 3 2 23
8 2 1 24
3 3 1 24
5 2 1 24
6 2 1 23
2 2 1 22
4 3 1 24
8 2 3 23
1 3 2 24
5 2 1 24
2 2 1 25
7 2 4 24
6 3 3 25
4 2 3 24
3 2 3 24
1 2 5 24
8 2 4 24
6 2 3 24
2 2 3 25
2 2 10 25
1 2 13 25
5 2 17 25
4 3 17 25
6 3 17 25
7 4 20 25
1 2 19 25
5 3 24 25
1 2 32 25
5 2 33 25
4 2 34 25
4 2 37 25
4 2 39 25
3 2 38 25
4 2 38 25
5 3 38 25
1 2 1 26
5 3 4 25
8 2 7 25
8 2 8 25
7 2 7 25
2 5 13 25
6 2 32 25
7 2 1 26
4 2 7 25
6 2 6 25
2 4 6 26
1 2 21 25
1 4 23 25
4 2 10 26
1 3 15 25
7 2 16 25
8 2 17 26
7 3 21 25
4 2 16 26
7 2 16 26
3 2 16 26
8 2 19 25
2 2 18 25
2 2 20 25
6 6 15 26
3 2 15 25
1 3 15 26
2 2 18 26
1 2 19 26
4 2 23 26
5 3 32 26
8 2 36 26
2 4 38 26
4 2 40 26
2 3 42 26
6 2 1 27
1 2 6 26
3 2 8 25
4 2 15 27
6 3 15 26
7 3 16 26
8 4 16 25
5 2 15 25
3 2 15 26
7 2 24 27
3 3 25 26
6 2 29 26
4 2 25 27
1 2 28 26
7 2 25 27
2 2 31 27
8 2 31 26
1 2 43 27
4 2 47 27
6 2 50 27
8 2 51 27
1 3 51 27
6 2 5 28
2 2 6 27
7 3 6 26
4 2 13 25
6 2 13 26
7 2 15 26
5 2 22 26
6 2 21 26
7 2 21 26
6 2 24 26
3 3 21 27
3 2 25 27
1 2 24 27
8 3 33 27
7 3 33 27
3 2 5 28
7 3 23 27
3 2 30 27
5 2 8 28
4 2 12 27
2 2 11 27
5 2 12 26
7 2 11 26
1 2 12 25
4 2 13 27
6 7 16 27
4 4 15 27
2 2 17 26
6 2 17 27
2 3 20 27
4 2 19 27
8 2 20 27
7 4 7 28
1 3 13 27
2 2 13 26
3 3 16 27
1 2 16 26
7 2 15 27
5 2 14 27
5 2 7 28
6 2 9 28
4 2 9 27
8 2 11 26
6 2 10 28
7 2 11 28
4 2 15 28
8 4 21 28
4 3 25 28
8 2 32 28
1 2 33 28
6 3 38 28
4 3 6 29
3 2 21 28
7 2 21 28
1 2 6 29
2 3 20 28
2 2 32 28
1 3 10 29
8 2 11 28
7 2 23 28
4 2 26 28
7 2 10 29
6 2 14 28
7 2 17 28
5 2 24 28
7 2 27 28
6 3 11 29
6 2 15 28
1 2 11 29
2 9 12 28
8 2 15 28
3 4 17 28
7 2 15 28
5 2 15 28
2 2 13 29
3 2 14 28
5 2 17 28
2 2 18 29
5 3 18 29
4 2 19 29
7 3 20 29
7 2 21 29
6 2 26 29
8 2 26 29
1 2 36 29
3 2 2 30
5 3 2 29
1 2 3 28
8 3 5 27
2 2 7 26
1 2 11 28
6 2 13 28
8 2 12 28
8 2 2 29
5 2 6 28
4 2 10 28
7 2 2 29
7 4 8 28
3 4 6 29
4 2 5 29
6 2 5 28
7 2 5 27
1 3 5 29
3 4 6 29
6 2 6 29
8 2 8 29
6 2 20 29
2 2 6 30
7 3 5 30
6 2 13 29
5 6 5 30
1 2 8 29
3 4 11 29
7 2 11 29
5 3 13 29
3 2 8 30
8 4 10 29
4 2 10 29
5 3 10 30
3 2 10 30
7 2 12 29
4 2 10 30
3 2 18 30
3 2 19 30
8 2 18 30
2 3 22 30
7 2 23 30
2 3 26 30
6 4 25 30
7 2 28 30
8 3 28 30
6 3 28 30
2 2 27 30
4 2 29 30
7 3 29 30
2 2 30 30
4 2 2 31
4 2 6 30
3 2 9 29
2 2 9 29
8 2 9 29
1 2 8 30
5 2 11 30
6 2 15 30
3 2 14 30
3 2 17 30
8 3 5 31
2 9 6 30
3 2 8 30
5 3 11 30
1 2 10 30
3 2 5 31
4 3 9 30
8 2 8 30
6 2 8 29
5 2 7 29
5 4 7 31
4 2 7 31
1 4 14 31
7 7 13 31
5 2 12 31
1 2 12 31
2 2 12 31
1 3 15 31
8 3 15 31
7 3 17 31
3 3 20 31
1 2 19 31
2 2 28 31
2 2 31 31
6 6 2 32
2 2 4 31
8 3 6 30
1 2 7 30
6 2 6 31
4 2 9 31
5 2 13 31
7 2 13 31
3 2 12 31
3 2 20 31
6 2 3 32
1 3 7 31
1 2 16 31
2 2 3 32
4 2 6 31
3 2 7 30
2 2 6 31
3 3 3 32
8 3 3 31
1 2 6 31
8 3 8 31
6 4 2 32
3 2 3 32
5 3 3 31
7 3 2 31
6 2 4 30
1 2 3 30
8 2 1 31
4 2 9 32
6 2 8 32
8 2 9 32
2 2 8 32
1 2 8 32
3 2 14 32
4 2 17 32
5 2 18 32
2 3 18 32
3 3 21 32
7 3 27 32
8 2 26 32
4 4 10 33
1 2 14 32
7 4 16 32
5 2 18 32
6 3 23 32
6 2 10 33
4 4 15 33
2 2 21 32
3 2 14 33
2 2 17 32
6 2 16 32
8 2 13 33
3 2 17 32
7 3 16 32
5 2 15 32
7 4 12 33
6 4 14 32
1 2 11 33
5 4 13 32
3 2 19 33
5 3 18 33
6 2 18 33
2 2 33 33
7 2 36 33
2 2 1 34
7 2 3 33
3 2 7 32
5 2 7 33
7 4 18 33
5 2 23 33
6 2 23 33
5 2 35 33
7 2 35 33
1 2 35 33
8 4 8 34
1 2 10 33
7 2 10 33
4 2 34 33
3 2 33 33
1 2 10 34
4 5 10 33
3 3 12 33
8 4 12 33
2 2 11 33
6 2 11 32
6 3 13 33
5 3 16 33
3 3 17 33
6 2 19 33
1 2 22 33
5 2 9 34
3 2 10 33
8 2 14 34
1 3 15 33
4 2 14 33
7 2 14 33
4 2 17 33
7 2 15 34
4 2 19 34
7 2 19 34
2 2 18 34
6 2 17 34
4 2 21 34
8 3 21 34
1 2 27 34
8 2 30 34
6 2 34 34
5 2 34 34
2 2 7 35
3 4 7 34
4 2 12 33
2 2 16 33
2 3 10 34
6 2 10 34
5 2 9 34
3 2 13 34
1 2 14 34
4 3 21 34
2 2 23 35
7 2 23 35
3 2 24 35
5 3 26 35
7 2 25 35
3 2 26 35
8 2 26 35
5 2 29 35
8 2 30 35
2 2 33 35
4 2 33 35
8 3 36 35
2 2 35 35
3 3 38 35
7 4 41 35
1 2 40 35
5 2 39 35
8 4 4 36
6 2 28 35
4 3 27 35
4 2 31 35
5 2 39 35
6 2 7 36
2 3 18 35
4 2 22 34
8 4 22 34
3 2 19 35
1 2 20 35
5 2 19 35
7 2 18 35
7 2 20 35
8 2 19 35
1 3 19 34
2 2 18 35
4 2 18 35
5 2 8 36
1 2 9 35
7 2 19 35
4 2 9 36
1 5 11 35
8 2 18 34
6 2 9 36
6 2 12 35
6 2 13 35
7 2 14 34
1 2 14 34
3 3 10 36
4 3 12 35
8 2 11 35
3 2 11 36
1 2 10 36
8 2 9 36
7 2 9 36
6 2 9 36
4 2 14 36
2 2 18 36
8 2 18 36
4 3 20 36
2 2 35 36
6 3 36 36
4 2 2 37
4 2 4 36
7 2 5 35
4 2 7 35
1 2 4 36
7 2 6 35
3 2 6 35
2 5 6 34
7 2 11 33
3 2 13 33
6 2 13 33
5 2 10 34
3 2 11 33
5 5 5 35
5 2 6 36
7 2 11 36
2 2 10 36
3 2 9 36
3 2 21 36
3 2 12 37
7 6 14 36
5 2 16 36
6 2 15 36
3 2 14 37
5 3 16 36
2 2 16 36
7 2 17 37
6 3 17 37
3 3 19 37
5 2 18 37
1 2 21 37
1 4 22 37
4 5 23 37
1 3 23 37
7 2 25 37
8 2 30 37
5 3 36 37
4 3 42 37
6 4 42 37
3 2 46 37
2 3 46 37
8 4 50 37
3 3 1 38
6 2 2 37
1 2 14 36
8 3 3 37
6 2 3 36
5 4 7 36
4 7 10 36
5 2 9 36
1 2 3 37
6 2 4 37
2 2 7 36
7 4 6 36
3 2 5 36
8 2 4 37
1 2 4 37
8 2 4 37
3 2 4 38
2 2 4 37
4 2 20 37
6 3 22 37
4 2 26 37
8 2 25 37
4 3 29 37
3 2 28 37
3 2 11 38
7 2 11 37
7 2 12 37
7 6 13 37
5 3 13 38
2 2 20 37
1 4 20 37
2 6 22 37
5 2 16 38
6 2 20 37
3 2 20 37
8 4 20 37
7 2 15 38
5 2 16 38
1 2 16 38
6 4 21 38
8 2 22 38
4 4 1 39
4 2 3 38
8 2 8 37
3 2 10 37
1 5 8 38
6 2 8 37
5 2 9 37
8 2 9 37
4 2 14 37
7 2 8 38
1 2 11 38
2 3 3 39
4 2 7 38
7 2 2 39
6 3 3 38
5 3 3 37
8 2 3 37
7 2 4 36
1 2 3 39
5 2 6 38
2 2 4 39
6 4 3 39
6 2 5 39
7 4 11 39
3 3 12 39
7 2 13 39
8 2 13 39
1 2 15 39
3 2 14 39
5 3 13 39
3 2 16 39
5 3 17 39
2 2 20 39
4 2 22 39
6 5 29 39
4 3 30 39
5 2 1 40
6 3 12 39
7 3 24 39
7 2 27 39
8 2 8 40
4 5 17 39
8 2 20 39
4 2 7 40
2 2 16 39
1 2 15 39
2 2 7 40
6 2 14 39
5 2 13 39
7 3 12 39
7 2 9 40
2 2 8 40
3 3 10 39
8 2 9 40
1 2 12 39
5 2 13 39
7 2 8 40
3 3 8 39
6 2 10 39
1 2 11 39
2 2 15 39
4 2 15 39
5 2 16 39
4 2 11 40
1 3 11 40
3 2 11 40
7 2 31 40
8 2 35 40
7 2 37 40
2 2 39 40
6 2 7 41
5 4 7 40
6 3 26 40
5 2 25 40
2 3 27 40
4 3 27 40
2 4 11 41
1 2 12 40
5 2 12 39
8 2 23 40
3 3 13 41
8 2 13 40
1 2 21 40
7 2 21 40
6 3 23 40
7 2 22 40
1 2 21 40
2 2 13 41
2 2 17 40
2 2 20 40
6 2 21 40
3 6 17 41
4 7 21 41
8 2 22 41
4 3 23 41
5 2 30 41
6 2 30 41
2 2 31 41
8 2 36 41
4 3 36 41
1 2 38 41
6 2 38 41
8 2 38 41
5 2 41 41
3 2 42 41
5 2 4 42
5 2 9 41
7 2 9 40
3 2 12 39
6 2 12 39
2 2 11 39
8 2 9 40
4 4 8 40
6 2 11 40
4 2 13 40
5 5 12 41
2 2 14 41
5 2 17 41
1 2 20 41
7 4 8 42
7 2 12 41
7 4 15 41
3 3 14 41
1 3 18 41
2 2 21 41
6 2 8 42
5 5 9 41
2 2 8 41
1 2 7 41
7 2 11 40
3 3 17 41
6 4 10 42
5 2 11 42
7 2 12 41
4 3 11 41
6 2 11 40
2 3 12 42
7 3 14 41
8 2 14 41
4 4 15 42
2 2 18 42
7 2 26 42
4 2 29 42
5 3 32 42
8 6 32 42
2 2 35 42
8 2 35 42
8 3 2 43
7 3 16 42
4 2 16 42
5 2 27 42
8 2 26 42
3 3 29 42
3 2 4 43
4 2 4 42
1 2 10 41
1 2 12 41
1 2 3 42
3 2 4 41
4 2 5 40
5 2 9 39
8 2 5 41
1 2 5 40
2 2 4 40
5 2 7 42
1 2 8 42
8 3 7 42
2 2 4 43
6 2 6 42
7 3 16 43
3 2 15 43
1 2 16 43
3 2 22 43
6 3 23 43
6 3 25 43
4 4 30 43
1 2 41 43
2 2 42 43
5 2 46 43
6 2 46 43
1 3 46 43
6 4 3 44
8 3 3 43
3 3 7 42
4 2 6 42
2 3 4 43
7 2 25 43
3 2 24 43
5 2 23 43
7 2 2 44
1 3 5 43
5 2 6 42
6 2 5 43
2 2 6 42
6 2 7 42
4 2 6 42
7 2 6 43
2 2 3 44
2 5 11 43
8 3 20 43
4 2 20 43
3 2 3 44
8 4 12 43
6 3 11 43
3 2 21 43
5 2 20 43
7 2 19 43
1 2 19 43
7 2 7 44
7 2 10 43
4 2 9 43
7 2 13 43
1 2 9 44
5 2 9 44
3 6 8 44
2 2 14 43
1 2 7 44
6 3 7 43
5 2 6 43
4 2 9 43
8 2 7 44
5 2 11 44
1 2 19 44
5 3 18 44
7 3 18 44
4 2 29 44
1 2 29 44
4 2 5 45
6 2 7 44
2 3 8 43
7 3 4 45
8 2 11 44
7 2 12 44
3 2 23 44
3 2 6 45
1 2 9 44
7 2 8 44
2 2 8 44
5 2 10 44
8 2 13 44
3 4 9 45
6 3 13 45
8 2 12 45
4 3 13 45
7 2 13 44
2 2 15 44
5 2 14 44
2 2 12 45
4 3 15 45
2 2 17 45
5 2 18 45
5 2 27 45
1 3 37 45
4 3 36 45
1 2 39 45
6 3 46 45
3 3 45 45
4 2 6 46
7 3 10 45
6 2 12 44
3 5 10 45
4 2 10 44
5 3 10 45
4 4 11 44
8 2 9 45
2 2 10 45
2 2 30 45
5 2 32 45
2 2 31 45
6 2 18 46
7 2 25 46
8 2 43 46
6 2 48 46
3 2 48 46
4 2 52 46
7 3 58 46
3 3 58 46
2 2 58 46
5 3 2 47
8 2 10 46
1 2 13 45
3 2 16 45
5 2 20 45
2 2 25 46
6 2 26 46
7 2 30 46
3 3 29 46
4 2 29 46
2 3 31 46
2 6 42 46
4 2 43 46
7 2 10 47
4 2 21 46
7 3 26 45
3 2 20 46
2 2 17 47
8 8 25 46
5 2 26 45
7 2 25 46
4 2 26 45
5 3 32 46
1 2 16 47
7 2 19 46
2 2 22 45
6 2 24 45
8 2 18 46
5 2 23 46
5 2 15 47
3 2 17 46
1 2 22 45
4 2 17 46
7 2 20 45
8 2 16 46
2 5 22 46
5 2 21 46
6 2 19 47
8 3 22 47
1 2 42 47
4 3 46 47
8 3 48 47
8 2 4 48
5 2 6 47
2 3 8 46
6 2 9 46
1 2 9 45
4 2 15 45
4 3 5 48
8 2 10 47
6 3 11 47
2 2 12 46
3 2 9 48
7 2 13 47
6 2 19 47
6 2 24 47
8 2 29 47
7 3 9 48
6 2 16 47
1 2 16 47
5 2 15 47
2 2 8 48
8 3 8 47
1 3 11 46
3 2 12 45
8 2 12 45
8 2 13 47
8 2 15 47
3 5 8 48
5 2 10 47
3 2 28 47
4 2 7 48
7 2 7 48
4 2 13 47
4 3 19 47
5 2 6 48
1 6 18 47
5 2 9 48
2 2 9 47
7 2 10 46
6 2 9 46
3 2 8 46
4 3 9 47
4 3 14 47
2 2 19 47
7 2 11 48
6 2 19 47
6 2 15 48
8 2 14 48
3 3 14 48
6 3 16 47
2 3 20 48
6 2 19 48
3 3 18 48
6 2 18 48
4 2 17 48
3 3 17 47
3 2 18 48
4 2 21 48
8 2 1 49
3 2 1 48
3 5 4 47
5 3 7 46
2 2 4 47
1 2 3 47
2 2 6 46
5 2 3 48
6 4 3 47
1 2 6 47
7 2 8 47
7 4 1 49
8 4 8 48
1 2 7 48
6 2 3 49
4 2 22 49
4 3 27 49
8 3 33 49
1 2 34 49
7 2 33 49
7 2 38 49
2 2 46 49
2 2 55 49
1 2 54 49
7 3 18 50
3 3 26 49
7 2 26 49
8 2 28 49
3 3 29 49
8 3 31 49
2 5 43 49
2 2 44 49
5 2 17 50
4 3 20 49
7 2 19 49
8 2 22 49
3 4 22 49
5 3 23 49
2 2 24 49
8 2 31 49
1 2 33 49
5 4 37 49
3 2 19 50
6 3 21 49
5 3 18 50
1 2 25 49
3 2 30 49
8 2 26 50
4 2 28 49
2 3 28 49
7 3 25 50
3 3 24 50
6 2 27 49
5 2 23 50
1 2 23 49
4 2 22 49
2 2 31 50
7 2 34 50
8 4 42 50
1 3 3 51
2 2 6 50
3 2 6 49
5 2 11 49
5 2 12 49
6 2 16 49
7 2 16 49
1 2 21 49
4 3 7 50
6 2 7 49
4 3 12 49
3 2 13 49
2 3 13 49
8 2 11 50
4 3 14 49
5 2 13 49
1 2 10 50
8 2 10 49
3 2 9 49
7 2 8 49
2 3 9 49
3 2 11 50
2 3 8 51
4 3 8 50
1 4 9 50
6 2 9 50
8 2 7 51
4 2 13 50
1 2 12 50
8 3 12 50
1 3 12 50
6 4 12 51
7 3 21 51
2 2 20 51
6 2 20 51
5 2 20 51
1 2 22 51
3 2 22 51
1 2 22 51
3 4 24 51
8 2 25 51
7 2 25 51
6 2 28 51
3 4 30 51
8 2 34 51
5 2 37 51
2 2 40 51
6 3 1 52
7 2 11 51
1 2 12 51
8 5 12 51
7 2 12 51
8 2 14 51
8 5 22 51
3 2 1 52
7 2 3 51
4 2 4 50
2 2 6 49
5 2 6 48
7 2 5 48
4 2 8 51
6 2 9 51
2 2 9 50
8 2 10 52
7 3 23 51
5 3 10 52
1 3 10 51
4 2 9 51
2 2 10 51
1 2 10 51
6 2 9 51
3 2 8 51
5 2 8 51
4 2 9 52
5 2 9 52
6 2 11 51
6 4 13 51
3 2 12 51
5 2 12 52
8 2 12 51
7 2 14 52
6 2 15 52
8 2 15 52
4 5 15 52
5 2 21 52
6 6 21 52
2 4 20 52
8 2 26 52
3 2 25 52
6 2 29 52
4 2 28 52
2 3 2 53
7 2 9 52
8 2 8 52
2 2 11 51
1 3 11 52
5 2 18 52
1 3 18 52
4 5 19 52
6 2 18 52
3 3 7 53
8 2 10 52
7 3 15 52
8 3 15 52
5 4 9 53
6 4 9 53
8 2 9 53
6 2 11 53
1 2 14 52
5 3 10 53
7 3 10 52
3 2 12 52
6 4 13 52
2 2 12 52
3 3 21 53
6 3 25 53
8 2 24 53
4 4 28 53
6 2 27 53
2 2 26 53
7 3 28 53
3 2 28 53
4 2 27 53
1 2 10 54
5 2 16 53
2 2 16 53
7 2 16 53
2 5 26 53
5 2 30 53
2 2 30 53
4 2 29 53
3 2 13 54
3 2 14 53
8 4 14 53
5 2 19 53
4 2 24 53
3 5 24 53
3 3 14 54
4 3 15 53
6 2 21 53
7 2 13 54
3 3 18 53
7 2 20 53
8 4 15 54
1 2 14 54
1 3 17 53
2 5 18 53
3 4 15 54
1 4 17 54
1 2 19 54
2 2 18 54
5 2 28 54
4 3 29 54
4 2 1 55
3 2 4 54
2 2 6 53
2 2 7 52
1 2 10 51
4 2 7 52
1 2 7 51
6 2 8 51
5 5 12 53
4 2 10 54
4 3 11 54
6 2 11 53
7 2 17 54
3 2 17 54
4 2 3 55
1 2 3 54
8 2 9 54
7 2 12 54
4 2 3 55
1 2 5 54
5 2 13 54
4 2 12 54
6 2 2 55
6 2 4 54
8 2 8 53
5 2 7 53
2 5 5 54
3 2 4 54
5 2 9 53
3 3 8 54
6 2 7 54
7 3 4 55
6 2 10 55
2 2 9 55
3 2 12 55
8 2 16 55
2 2 23 55
6 2 30 55
4 2 34 55
2 2 35 55
5 4 13 56
1 2 13 56
6 2 14 55
8 3 22 55
5 3 13 56
6 2 16 55
4 2 15 55
7 2 28 55
8 2 12 56
7 5 12 55
2 3 15 55
1 2 20 55
3 2 28 56
6 3 28 55
2 2 26 56
7 3 30 56
1 2 31 56
2 2 30 56
4 2 38 56
5 2 37 56
5 4 40 56
6 2 39 56
4 2 38 56
1 2 37 56
8 2 36 56
2 4 13 57
5 3 15 56
3 2 17 55
7 2 16 56
8 2 18 55
6 3 14 57
6 2 17 56
3 2 19 55
6 2 22 55
4 2 21 55
8 2 25 56
7 2 25 56
8 2 25 56
2 2 14 57
7 2 17 56
6 2 23 56
1 3 23 55
2 4 23 56
4 2 22 56
1 2 21 57
8 2 27 57
1 2 26 57
2 2 33 57
3 2 35 57
3 2 44 57
5 3 46 57
8 2 55 57
3 2 60 57
6 2 64 57
3 2 8 58
8 7 9 57
4 2 13 56
8 2 12 56
5 2 15 56
8 3 15 55
2 2 17 55
6 3 18 55
7 2 16 56
4 2 9 57
3 4 16 57
5 3 22 57
2 2 31 57
4 2 30 57
8 3 45 57
2 3 45 57
4 2 47 57
4 2 50 57
1 2 9 58
4 2 20 57
6 3 41 57
7 3 46 57
3 4 46 57
5 2 14 58
3 2 17 57
4 2 16 57
6 5 17 58
4 2 35 57
4 3 17 58
6 2 18 57
8 2 38 57
1 2 16 58
5 2 22 57
8 2 23 57
6 2 26 57
7 2 16 58
2 3 25 57
1 2 16 58
8 2 21 57
1 3 29 57
3 4 30 57
5 3 29 57
7 4 16 58
1 2 16 58
4 3 21 57
4 3 24 57
8 2 24 57
6 2 26 57
2 5 17 58
3 3 23 57
7 3 16 58
1 2 16 58
8 2 24 57
5 2 23 57
1 3 17 58
2 2 21 57
4 3 1 59
1 2 2 58
2 2 16 57
6 2 2 58
5 2 3 57
4 2 4 56
6 2 11 55
8 2 7 58
6 2 10 58
5 2 10 58
4 2 12 57
8 2 13 56
5 3 13 55
7 2 12 56
1 2 11 57
3 4 11 57
5 2 11 56
8 2 1 59
2 2 1 58
4 2 1 57
3 2 4 56
7 2 5 55
8 2 6 54
6 2 3 56
1 3 4 55
6 2 5 54
4 2 4 54
2 2 3 55
8 2 3 54
7 2 2 54
3 2 3 55
4 2 2 55
1 2 4 55
4 2 3 55
8 2 2 57
2 3 2 57
6 2 5 59
7 3 6 59
5 3 6 59
2 2 5 59
6 2 6 58
4 3 4 59
8 4 5 58
3 2 3 59
4 3 4 59
7 2 4 59
1 2 8 59
8 5 10 59
2 3 24 59
5 2 24 59
8 2 23 59
6 4 25 59
3 2 27 59
6 2 27 59
2 3 2 60
5 2 9 59
2 2 12 59
4 2 14 59
1 5 3 60
6 2 4 59
4 3 6 59
4 2 13 59
5 2 18 59
3 2 21 59
5 2 25 59
5 7 2 60
5 2 5 59
5 2 7 59
6 2 8 59
7 4 9 59
2 2 8 59
1 2 7 59
8 2 6 60
1 2 13 60
2 2 19 59
4 2 15 60
6 2 16 59
3 2 16 59
1 2 22 60
1 2 25 60
4 2 27 60
1 2 26 60
3 2 26 60
3 2 30 60
5 2 44 60
5 2 46 60
3 2 45 60
2 2 5 61
1 3 5 60
3 2 6 59
1 5 7 59
2 2 6 59
7 2 34 60
4 3 35 60
1 2 35 60
3 3 35 60
8 2 35 60
7 2 4 61
6 2 6 60
1 3 30 60
6 2 29 60
4 5 3 61
2 3 3 60
8 2 3 59
4 2 2 59
7 5 2 58
6 2 9 60
8 2 8 60
1 2 8 59
6 2 7 60
5 2 10 60
3 2 9 60
8 2 8 60
4 2 9 60
8 3 3 61
8 2 6 60
3 5 13 60
3 2 3 61
5 2 9 60
2 2 2 61
2 4 3 61
8 3 4 60
7 2 6 59
3 2 5 60
6 2 4 60
4 2 5 59
7 2 3 60
8 3 7 61
7 2 13 61
8 2 19 61
6 3 20 61
2 3 19 61
5 2 19 61
3 4 18 61
5 3 27 61
4 2 27 61
7 3 4 62
5 2 4 61
1 2 5 61
2 2 4 61
6 2 9 61
7 2 9 61
4 2 13 61
1 3 12 61
8 2 3 62
2 2 7 61
3 2 6 61
7 2 3 62
1 2 3 61
6 2 3 60
4 2 3 60
8 2 3 61
4 2 8 61
4 2 5 62
7 2 4 62
1 3 9 61
3 3 8 61
6 2 10 62
5 2 10 62
8 3 11 62
3 2 21 62
2 2 24 62
3 5 29 62
8 2 30 62
2 4 32 62
6 2 32 62
5 2 39 62
6 2 1 63
6 2 2 62
6 2 3 61
2 2 3 61
5 2 3 62
8 2 3 61
3 2 4 62
6 3 15 62
6 2 18 62
7 2 17 62
4 3 1 63
1 2 2 62
1 2 3 61
7 2 3 60
2 3 1 63
3 3 1 62
4 2 2 62
4 5 13 62
4 6 22 62
1 2 5 63
1 3 25 62
3 3 12 63
4 3 15 62
7 2 15 62
3 3 15 62
1 3 13 63
2 2 14 62
3 2 19 62
4 2 21 63
6 3 24 63
3 2 34 63
3 2 40 63
2 2 45 63
3 2 48 63
1 2 3 64
8 2 10 63
6 2 14 62
5 2 15 62
5 4 12 63
1 2 14 62
8 2 16 62
6 2 15 62
4 2 12 63
1 2 21 63
1 2 28 63
7 2 28 63
4 2 3 64
6 2 9 63
3 2 14 62
7 2 12 63
4 2 12 63
7 3 19 63
4 2 18 63
8 2 2 64
1 3 8 63
5 3 10 62
8 3 9 63
2 2 9 62
4 2 8 62
8 2 13 63
6 2 15 63
4 2 17 63
7 2 3 64
2 2 5 63
6 3 5 62
5 2 5 62
7 3 5 62
4 2 8 63
6 7 13 63
5 3 4 64
3 2 7 63
1 2 7 63
1 2 9 64
1 2 16 64
7 2 17 64
6 2 25 64
4 2 28 64
7 5 29 64
1 2 31 64
7 2 31 64
2 3 30 64
8 2 30 64
3 4 30 64
5 2 2 65
1 3 3 64
2 2 3 63
8 2 3 63
5 2 5 64
4 2 6 63
2 2 5 64
3 2 5 63
2 2 6 63
8 2 6 62
5 4 10 64
2 3 11 64
6 3 10 64
2 2 12 64
4 2 12 64
3 2 11 64
6 3 11 64
4 2 17 64
3 3 3 65
6 3 3 65
1 3 15 64
1 2 10 65
7 2 9 65
5 2 12 64
4 2 12 64
2 2 11 64
8 2 10 64
1 2 15 65
8 3 16 65
4 2 16 65
2 2 17 65
6 2 18 65
5 4 17 65
8 2 18 65
4 2 23 65
3 2 25 65
7 5 25 65
2 3 25 65
5 2 24 65
3 4 31 65
2 3 31 65
5 2 3 66
6 2 9 65
7 2 10 65
3 2 9 65
4 2 15 65
3 2 3 66
1 2 6 65
4 2 7 64
8 2 6 65
7 3 6 64
3 2 6 63
3 2 5 65
2 4 5 65
8 3 4 65
6 3 15 65
1 4 9 66
6 2 16 66
5 2 16 65
4 2 17 66
7 2 17 65
7 2 22 66
4 2 22 66
4 2 25 66
3 2 26 66
3 3 29 66
4 2 29 66
6 4 31 66
6 3 3 67
3 3 27 66
6 2 28 66
4 2 31 66
5 2 34 66
2 2 40 66
8 2 39 66
3 2 38 66
8 2 9 67
3 2 10 66
5 4 13 65
8 2 13 65
1 2 13 65
2 3 12 65
3 4 12 66
6 2 13 66
2 3 15 66
1 6 17 67
6 2 25 66
3 2 24 66
2 2 24 66
7 4 24 67
1 2 24 66
8 2 23 67
6 2 25 66
1 3 31 67
2 3 30 67
8 2 29 67
2 3 34 67
4 7 42 67
2 2 2 68
4 2 10 67
8 3 10 66
5 2 20 66
4 2 26 67
4 2 28 67
8 2 38 67
4 2 1 68
8 2 19 67
7 2 18 67
4 3 2 68
3 2 5 67
5 2 7 66
4 2 10 65
1 2 9 66
3 2 9 66
8 2 11 66
7 2 10 66
5 2 10 65
4 2 9 66
6 2 8 66
5 2 8 66
4 2 7 66
7 2 7 67
2 2 7 67
1 2 7 67
5 2 12 67
7 5 16 67
8 4 16 67
1 2 26 67
6 2 26 67
5 2 1 68
1 3 2 67
8 2 13 67
2 4 22 67
8 2 21 67
3 2 2 68
6 2 3 67
1 2 6 66
8 3 4 67
3 2 7 67
4 2 18 67
8 2 2 68
2 2 5 67
2 2 6 67
3 2 12 67
7 2 11 67
5 2 9 68
4 2 10 67
8 2 11 68
7 3 29 68
5 2 30 68
4 2 35 68
7 3 1 69
4 4 1 68
6 2 6 67
2 5 6 68
3 2 8 67
5 2 7 68
6 2 8 67
8 2 6 68
3 2 27 68
7 3 7 69
2 2 7 68
1 3 7 67
5 2 7 68
2 2 7 67
4 2 9 69
1 2 9 69
6 2 17 68
3 2 16 68
7 3 12 69
1 2 12 69
4 2 13 68
8 2 14 68
7 3 14 68
5 3 11 69
5 2 16 68
8 4 16 69
2 4 26 69
7 3 32 69
5 4 37 69
7 2 38 69
1 2 38 69
3 3 38 69
6 2 38 69
8 3 41 69
5 2 40 69
6 3 18 70
1 2 25 69
8 2 36 69
2 2 19 70
6 3 22 69
6 2 29 69
6 2 35 69
3 2 35 69
7 3 21 70
1 2 21 69
2 2 24 69
8 2 33 69
7 2 32 69
1 2 32 69
2 3 32 69
2 4 20 70
7 2 22 70
1 3 25 69
4 2 24 69
4 2 27 69
1 2 21 70
2 2 24 69
3 3 27 69
6 2 22 70
5 3 23 69
4 2 22 69
8 2 28 70
5 2 30 70
3 3 33 70
1 4 40 70
7 2 5 71
2 2 12 70
3 2 21 69
6 2 13 70
4 2 17 70
2 2 18 70
4 2 18 70
5 3 9 71
3 2 13 70
7 3 15 69
1 2 17 68
6 2 15 69
5 2 12 70
6 2 22 70
1 2 10 71
7 2 18 70
1 2 17 70
8 2 19 69
5 2 16 70
8 3 18 70
8 2 22 70
7 4 22 70
2 2 17 71
1 2 18 70
6 3 18 69
1 2 25 71
6 2 24 71
5 3 26 71
8 2 26 71
4 2 28 71
2 4 27 71
5 2 30 71
7 3 31 71
8 3 35 71
5 2 39 71
2 2 40 71
4 4 43 71
5 3 2 72
3 2 4 71
8 3 9 70
2 2 7 71
1 2 11 70
2 2 15 69
8 2 14 69
7 2 13 69
6 2 12 70
3 2 11 70
4 4 12 69
3 2 6 71
5 2 7 71
1 3 11 70
8 2 10 70
2 2 9 70
7 2 10 71
6 2 9 71
3 2 8 71
2 2 16 71
4 2 23 71
6 2 22 71
1 2 6 72
2 2 7 71
6 3 10 71
7 2 10 71
3 3 17 71
5 2 9 72
7 3 16 71
2 2 17 71
7 2 10 72
2 2 11 71
6 2 11 71
4 2 9 72
1 2 13 72
8 2 14 71
6 2 23 72
4 2 24 72
5 2 27 72
5 3 34 72
6 2 35 72
8 2 35 72
1 3 35 72
7 2 2 73
2 2 3 72
8 2 7 71
1 2 8 70
6 2 6 71
8 2 5 71
5 2 6 70
4 5 6 69
7 3 5 71
1 2 16 72
3 2 16 72
8 6 22 72
6 2 25 72
7 2 27 72
8 2 4 73
2 2 22 72
7 2 22 72
2 2 4 73
6 4 7 72
8 2 10 72
5 2 13 72
1 2 5 73
3 4 8 72
5 2 14 72
7 2 25 72
2 2 7 73
7 4 7 72
2 3 7 72
3 2 23 72
8 2 23 72
4 2 7 73
3 2 7 73
3 3 8 73
8 2 9 72
1 2 8 72
7 4 7 73
5 6 7 73
6 2 7 72
2 2 16 73
2 2 21 73
7 2 23 73
7 6 29 73
3 2 42 73
8 3 2 74
1 3 6 73
2 2 13 72
1 2 12 72
4 2 11 72
5 2 6 73
3 2 6 72
2 2 7 72
3 2 20 73
5 2 20 73
3 3 30 73
6 2 1 74
6 2 10 73
2 2 11 73
8 2 10 73
5 2 9 73
4 2 10 72
1 2 9 72
2 2 2 74
7 2 3 73
4 2 4 72
6 2 3 73
8 2 5 72
7 2 4 73
1 5 22 73
4 2 2 74
1 2 9 73
6 2 16 73
4 4 18 73
7 2 17 73
6 2 6 74
4 2 10 73
3 2 12 73
6 2 9 74
7 4 16 74
5 4 18 74
4 2 20 74
7 2 29 74
5 2 30 74
4 2 30 74
1 3 2 75
5 2 9 74
5 2 10 73
2 2 11 73
4 2 11 74
3 2 13 74
4 2 17 74
2 2 1 75
8 2 12 74
2 2 18 74
6 2 17 74
5 4 3 75
4 3 3 74
8 2 18 74
6 3 21 74
6 2 27 74
1 2 4 75
3 2 15 74
1 2 20 74
4 2 19 74
7 2 4 75
1 3 7 74
5 2 20 74
4 2 19 74
2 2 5 75
7 3 16 74
6 2 15 74
6 2 9 75
8 2 15 74
1 4 8 75
8 2 17 75
3 2 17 75
5 2 22 75
4 2 29 75
7 3 30 75
2 4 32 75
4 2 33 75
7 2 36 75
3 4 36 75
3 3 3 76
4 3 4 75
6 2 10 74
7 2 11 75
7 2 13 74
5 3 13 75
2 2 16 75
4 2 17 75
2 2 17 75
5 3 19 75
3 2 21 75
4 3 24 75
8 2 2 76
2 2 7 75
8 2 12 74
1 2 14 75
2 2 16 75
6 2 15 75
3 3 2 76
8 2 14 75
4 2 13 75
3 2 13 75
4 2 1 76
1 2 5 75
3 2 5 75
8 3 5 74
5 2 8 73
3 2 7 73
6 2 7 74
7 2 4 75
2 2 3 75
7 3 6 76
3 2 7 76
1 2 8 76
2 4 10 76
1 2 11 76
5 2 11 76
8 2 10 76
7 2 16 76
8 3 16 76
6 3 15 76
5 2 30 76
5 3 38 76
6 2 39 76
1 2 2 77
6 3 2 76
4 2 3 75
5 3 1 76
6 2 6 75
3 2 1 76
6 2 5 76
2 4 10 76
2 2 2 77
2 2 5 76
5 2 23 76
7 6 2 77
1 3 4 76
5 2 6 76
4 2 11 76
6 3 18 76
1 2 1 77
4 5 2 76
8 4 1 76
7 2 2 75
1 2 1 75
4 2 14 76
2 2 16 76
7 2 17 76
1 5 4 77
5 3 4 76
6 2 5 76
1 2 8 76
7 2 4 77
2 2 10 76
5 2 7 77
8 2 6 77
3 2 13 76
6 2 11 77
2 3 10 77
8 2 10 76
3 2 10 76
3 2 17 77
4 4 20 77
1 2 19 77
3 3 18 77
8 5 17 77
7 2 18 77
4 4 18 77
3 2 18 77
3 2 2 78
3 2 6 77
6 2 9 76
8 2 9 76
1 2 6 77
5 2 6 76
8 2 9 77
1 2 8 77
5 2 8 77
6 3 7 77
1 2 7 77
8 2 8 77
8 3 2 78
2 2 1 78
6 2 3 78
6 2 4 77
4 4 4 76
2 2 4 78
3 2 4 77
4 5 4 78
2 3 6 78
7 2 21 78
6 3 25 78
8 3 32 78
2 3 34 78
6 2 35 78
7 2 36 78
1 2 40 78
5 2 45 78
4 2 46 78
1 2 2 79
2 4 13 78
2 2 40 78
7 3 2 79
1 3 11 78
5 2 18 78
1 2 23 78
3 2 22 78
5 3 27 78
1 2 31 78
8 3 35 78
7 2 3 79
8 2 5 78
8 2 14 78
7 2 32 78
6 2 5 79
4 2 5 78
8 2 9 78
6 3 14 78
1 2 16 78
4 3 16 78
3 2 20 78
8 2 20 78
1 3 19 78
5 3 5 79
3 3 5 78
5 2 11 78
5 5 14 78
4 3 17 78
7 2 16 78
6 2 5 79
2 3 5 78
6 2 12 78
7 2 4 79
1 3 9 78
2 2 11 78
3 2 10 78
4 2 9 78
3 2 8 78
2 2 4 79
8 2 7 79
5 2 11 79
6 2 15 79
2 4 15 79
1 2 15 79
2 2 15 79
6 2 15 79
2 2 2 80
4 2 8 79
3 2 2 80
7 2 4 79
6 2 7 78
5 3 10 79
8 2 10 79
3 2 10 79
3 3 4 80
5 2 6 79
3 2 10 80
8 2 10 79
5 2 10 79
6 2 15 80
6 2 34 80
2 2 37 80
4 3 44 80
7 3 49 80
5 2 50 80
3 2 58 80
4 2 57 80
1 2 57 80
7 2 57 80
6 3 3 81
2 2 10 80
7 3 10 79
5 3 13 80
7 3 12 80
5 2 13 80
6 2 25 80
5 3 33 80
7 2 32 80
8 2 2 81
6 5 12 80
4 2 11 80
5 2 21 80
1 2 25 80
7 2 24 80
1 2 31 80
8 2 32 80
6 3 7 81
1 2 16 80
6 2 16 80
4 2 20 80
8 5 7 81
3 2 19 80
2 4 21 80
5 2 27 80
6 3 28 80
4 2 6 81
7 2 11 80
2 2 25 80
7 2 25 80
5 2 9 81
2 3 14 80
3 3 20 80
3 2 9 81
5 2 14 80
4 2 19 80
7 2 9 81
6 3 10 80
2 2 10 79
8 2 10 80
4 2 9 80
1 2 8 81
8 2 10 80
6 4 8 81
1 2 12 80
5 2 13 80
6 2 10 81
3 2 14 80
5 2 14 80
1 2 11 81
3 3 20 81
7 3 3 82
1 2 21 81
2 2 29 81
3 4 4 82
2 4 7 81
6 3 16 81
4 2 20 81
5 2 23 81
2 2 5 82
7 2 17 81
6 3 20 81
1 2 19 81
3 2 19 81
8 2 18 81
4 2 5 82
7 2 9 81
4 3 16 81
5 4 4 82
6 2 4 82
1 2 4 81
1 2 5 80
7 3 4 80
3 2 6 79
6 2 5 79
4 2 3 80
5 2 2 80
1 2 1 80
5 2 1 80
6 2 2 81
1 2 2 81
2 2 2 81
4 4 7 82
4 2 14 82
7 2 18 82
4 3 18 82
3 2 20 82
4 5 22 82
1 3 26 82
8 2 25 82
1 4 30 82
5 3 32 82
7 4 32 82
4 2 39 82
8 2 38 82
1 2 3 83
8 2 3 82
5 2 8 82
7 3 7 82
7 3 10 83
3 2 28 82
6 2 12 83
3 4 12 83
3 4 22 82
6 2 21 82
6 5 13 83
8 4 19 82
7 2 20 82
4 2 25 82
5 2 22 83
2 3 24 83
1 2 23 83
8 2 26 83
6 2 26 82
7 2 32 83
4 2 34 83
2 2 34 83
3 2 33 83
1 2 34 83
7 3 4 84
7 2 28 83
8 3 31 83
4 3 31 83
2 2 36 83
3 2 38 83
6 3 4 84
1 2 8 83
4 2 15 82
1 2 14 82
7 2 14 82
6 2 11 84
8 2 19 83
5 2 21 83
7 2 20 83
2 5 14 84
3 3 16 83
6 2 19 82
1 2 19 83
1 2 21 84
6 2 27 83
4 2 20 84
2 2 21 83
1 2 20 84
5 3 20 83
6 2 19 83
3 2 21 83
4 2 22 84
6 2 24 84
5 3 23 84
7 2 32 84
4 3 36 84
7 3 38 84
4 2 40 84
5 3 9 85
1 2 28 84
8 3 28 84
1 4 11 85
2 3 18 84
3 2 31 85
6 2 38 84
1 4 33 85
8 2 37 85
2 2 37 84
2 4 38 85
7 3 38 85
3 2 39 85
6 2 39 85
4 3 40 85
3 3 42 85
1 3 49 85
5 2 48 85
8 3 48 85
6 4 48 85
1 3 47 85
8 2 52 85
2 4 54 85
3 2 3 86
8 4 5 85
3 3 21 84
1 2 23 84
3 2 22 84
7 2 9 85
3 2 14 84
4 4 18 83
7 2 17 83
5 3 14 84
4 2 15 83
1 3 15 82
6 2 15 84
5 2 16 83
6 2 27 85
6 2 32 85
7 2 31 85
2 2 39 85
4 2 7 86
1 2 8 85
8 2 23 84
2 2 22 84
1 2 14 85
3 5 11 86
7 4 11 85
1 3 35 85
2 2 12 86
7 3 14 85
6 2 17 84
5 2 17 84
7 2 20 85
8 2 20 84
5 2 19 85
8 2 21 85
5 3 27 85
7 2 16 86
4 3 16 85
1 2 15 85
3 2 16 86
1 2 16 85
5 5 16 85
7 2 19 84
7 2 22 86
7 2 43 86
4 2 43 86
6 2 2 87
1 2 3 86
6 3 16 85
2 2 16 84
3 2 15 85
3 2 17 85
5 3 2 86
3 2 4 85
4 2 15 84
8 4 13 85
6 2 12 85
6 2 1 86
2 2 1 85
6 2 7 84
8 2 7 83
4 2 11 82
2 2 8 83
8 2 11 82
2 3 11 82
3 2 10 82
5 3 10 82
3 2 7 84
6 2 8 85
1 2 8 86
2 2 7 86
8 4 7 86
5 2 7 85
4 2 10 86
2 2 10 86
6 2 9 86
5 2 8 86
3 2 17 86
2 2 3 87
3 3 13 86
5 2 17 86
8 2 3 87
4 2 5 86
3 2 4 86
6 2 4 86
4 3 4 85
2 2 4 84
7 2 8 83
5 2 3 86
4 2 6 86
7 3 3 87
7 2 6 86
5 2 6 86
2 3 5 87
3 2 4 87
2 2 4 86
8 2 6 86
2 3 7 87
7 2 8 87
4 2 16 87
2 2 15 87
8 2 17 87
7 2 27 87
7 2 28 87
4 3 36 87
7 2 5 88
6 2 8 87
8 6 8 87
7 5 8 87
3 3 9 87
8 2 14 87
1 2 22 87
8 2 27 87
2 2 8 88
4 4 16 87
2 2 25 87
8 2 14 88
3 2 20 87
4 5 21 87
1 3 29 88
7 2 29 88
2 2 35 88
7 4 38 88
8 2 39 88
2 3 39 88
3 2 44 88
3 3 51 88
8 3 50 88
1 2 2 89
7 2 13 88
2 3 20 87
7 2 19 87
6 2 13 88
1 2 13 87
1 2 17 88
5 2 17 87
2 3 17 88
8 3 17 87
3 2 16 87
6 3 15 88
5 4 23 88
8 2 38 88
4 2 38 88
6 2 2 89
4 3 5 88
1 3 6 87
8 2 8 87
5 2 13 87
1 2 13 87
5 2 13 87
6 2 7 88
4 2 11 87
2 2 9 88
8 3 12 88
4 2 19 88
2 2 23 88
3 3 28 88
1 2 3 89
7 2 12 88
1 3 13 88
7 2 16 88
8 2 15 88
3 3 3 89
5 5 3 88
5 2 9 87
7 3 5 88
6 2 10 88
7 2 16 88
1 2 8 89
3 6 15 88
3 2 7 89
2 2 12 88
5 4 7 89
3 3 9 88
2 2 9 87
6 2 11 88
6 2 9 89
2 3 9 89
6 2 22 89
8 2 28 89
2 5 29 89
7 2 7 90
5 4 15 89
2 6 14 89
4 3 14 89
5 2 15 89
6 2 14 89
4 2 15 89
4 2 16 89
4 2 7 90
8 2 9 90
1 3 13 89
3 3 12 89
8 3 14 89
3 3 8 90
2 2 11 90
5 2 16 89
7 2 12 90
3 2 12 90
6 2 13 89
1 2 12 90
2 2 12 89
3 3 13 89
7 2 15 90
8 3 21 90
2 3 24 90
3 3 25 90
5 4 28 90
7 2 35 90
6 3 36 90
7 2 37 90
5 3 4 91
7 2 9 90
6 2 13 89
8 3 8 90
5 2 12 89
2 2 11 90
8 2 10 90
2 2 17 90
5 3 20 90
8 3 22 90
6 2 6 91
4 3 8 90
1 2 9 89
7 2 7 90
3 2 8 90
5 2 8 89
2 2 8 89
6 2 7 89
3 3 10 90
2 3 5 91
8 3 5 90
3 3 5 89
1 3 5 90
4 2 4 90
1 2 6 91
3 3 7 90
2 2 7 90
4 3 6 90
7 3 5 91
5 2 7 90
1 3 8 91
6 2 12 91
7 3 12 91
6 2 16 91
4 2 17 91
8 2 21 91
4 2 20 91
2 2 22 91
7 3 22 91
7 2 27 91
4 2 28 91
8 3 2 92
4 2 7 91
4 2 8 91
5 3 9 91
2 4 16 91
3 2 15 91
6 2 17 91
4 2 16 91
6 2 18 91
5 2 5 92
6 2 8 91
7 2 19 91
2 2 5 92
8 2 11 91
3 2 18 91
7 2 9 92
4 2 15 91
6 3 8 92
3 3 11 91
7 2 11 91
1 3 14 91
1 2 8 92
7 3 20 92
4 2 20 92
3 2 22 92
7 2 21 92
5 2 25 92
2 2 50 92
2 2 51 92
2 4 3 93
5 2 19 92
2 2 18 92
5 2 20 92
1 2 23 92
7 3 28 92
7 3 33 92
8 3 5 93
3 2 5 92
2 3 10 91
5 2 9 91
2 2 5 92
4 2 4 92
6 3 4 91
2 2 7 90
7 3 6 91
8 2 5 91
4 2 5 92
3 2 14 92
5 3 21 92
2 2 29 92
8 3 29 92
8 2 30 92
1 2 5 93
8 2 7 92
4 3 9 92
8 2 8 92
6 2 9 93
7 2 24 92
1 2 14 93
3 2 16 92
6 2 15 92
8 2 16 92
4 3 17 92
3 2 16 92
1 3 16 92
5 2 15 92
8 2 14 93
4 2 14 92
6 5 15 93
7 2 16 93
7 3 17 93
4 3 18 93
3 2 18 93
7 3 25 93
7 2 27 93
2 6 27 93
7 2 28 93
1 3 32 93
6 2 2 94
4 2 3 94
3 2 6 93
2 2 6 93
1 3 6 92
6 2 5 92
8 3 5 93
5 2 6 92
2 2 8 92
6 3 5 93
7 3 5 92
3 2 4 92
6 2 5 92
1 3 3 93
3 4 7 93
2 2 2 94
3 3 8 93
4 2 14 93
2 2 9 94
3 8 13 94
6 2 20 94
3 2 22 94
5 2 27 94
3 2 32 94
4 2 33 94
6 2 34 94
6 2 39 94
2 2 41 94
7 3 41 94
2 2 41 94
1 2 41 94
5 4 41 94
3 3 41 94
5 2 4 95
8 4 12 94
1 2 13 93
5 2 12 93
4 3 11 95
5 2 11 94
2 2 11 93
6 2 10 94
1 2 11 94
3 3 11 94
4 2 15 95
1 2 24 94
8 3 25 94
5 2 25 94
6 2 29 94
8 4 31 94
5 4 14 95
2 2 21 94
7 2 22 94
5 2 16 95
8 2 15 95
4 3 23 94
3 2 22 94
6 2 14 95
5 3 21 95
8 3 21 95
3 3 24 95
2 2 26 95
2 3 29 95
6 3 29 95
2 2 39 95
2 2 40 95
6 3 1 96
1 3 4 95
4 2 10 94
2 2 15 94
1 3 17 94
5 2 8 95
8 2 8 94
1 4 8 93
4 2 22 95
1 2 33 95
5 2 32 95
8 2 31 95
6 2 3 96
7 2 4 95
2 2 5 94
6 3 8 93
2 2 6 94
7 2 7 93
1 2 12 95
2 4 12 94
3 3 22 95
3 4 5 96
4 2 7 95
3 2 9 94
7 2 9 94
4 3 8 94
5 2 8 95
1 3 10 95
7 5 11 94
8 2 9 95
4 2 8 95
4 2 11 96
7 2 20 96
2 3 22 96
7 3 26 96
6 9 26 96
3 4 36 96
5 2 37 96
8 5 38 96
8 2 42 96
6 2 41 96
1 2 44 96
6 4 44 96
7 2 6 97
6 2 9 96
8 4 12 96
2 2 11 96
6 3 13 96
1 2 16 96
7 2 18 96
2 3 17 96
5 2 19 96
2 2 19 96
8 2 9 97
1 6 10 96
8 3 27 96
3 2 27 96
4 2 16 97
4 2 20 96
7 2 28 96
5 3 16 97
2 2 23 96
4 3 20 97
8 2 22 97
5 2 24 96
7 2 25 97
1 2 27 97
6 2 29 97
5 4 31 97
6 6 34 97
8 3 33 97
4 4 32 97
8 3 33 97
5 3 1 98
7 3 15 97
5 2 21 96
1 4 20 97
8 2 20 96
3 2 19 97
1 3 28 97
1 2 30 97
5 2 4 98
1 2 17 97
2 2 23 96
5 2 19 97
1 2 22 96
8 2 21 97
4 4 22 97
7 2 6 98
5 4 21 97
7 2 9 98
5 2 9 97
3 2 12 96
7 2 15 96
6 2 15 96
3 2 15 96
6 2 16 96
4 2 8 97
2 2 8 96
2 4 12 97
8 2 12 96
8 2 11 98
4 2 11 98
6 2 18 98
8 3 17 98
7 3 17 98
5 2 16 98
3 3 27 98
5 2 35 98
6 2 34 98
4 2 34 98
7 2 36 98
5 3 5 99
8 2 23 98
4 2 14 99
3 2 14 98
7 2 15 98
3 3 28 98
5 2 14 99
4 2 23 98
7 4 22 98
3 2 17 99
2 2 25 99
8 2 26 99
8 3 28 99
6 2 28 98
1 2 27 99
3 3 31 99
2 3 30 99
4 3 33 99
1 3 35 99
7 2 35 99
6 2 34 99
2 4 41 99
5 2 8 100
2 2 11 99
4 2 19 98
6 2 19 98
5 2 22 98
7 2 7 100
4 2 7 99
5 3 10 98
6 2 10 97
3 2 6 99
6 2 12 98
3 2 18 98
6 2 18 98
1 2 17 98
4 2 9 99
2 3 11 98
1 2 11 98
2 2 11 98
1 3 16 99
8 2 15 99
3 2 21 99
5 3 10 100
7 2 13 99
5 2 13 98
2 2 17 99
4 2 16 99
6 2 16 99
6 2 23 100
2 2 32 100
8 2 31 100
1 2 32 100
1 3 33 100
5 3 34 100
2 2 41 100
7 2 40 100
8 2 45 100
2 3 46 100
