10844
3750
4 2 4 1
1 2 4 1
5 3 5 1
1 2 6 1
7 2 5 1
3 2 15 1
6 2 14 1
1 3 18 1
7 2 20 1
4 3 21 1
5 2 20 1
8 10 20 1
3 2 20 1
5 3 21 1
8 4 23 1
6 2 24 1
3 2 28 1
6 6 30 1
7 2 31 1
8 2 32 1
2 5 34 1
7 3 37 1
6 4 41 1
5 3 40 1
8 3 39 1
8 2 45 1
8 2 54 1
5 3 1 2
7 2 41 1
6 2 51 1
8 3 2 2
7 2 11 1
4 3 16 1
3 2 15 1
1 2 15 1
2 2 16 1
1 3 20 1
4 2 3 2
7 2 6 1
5 2 6 1
6 2 13 1
7 2 17 1
2 2 20 1
4 2 26 1
4 3 38 1
1 2 4 2
1 3 13 1
5 2 12 1
8 3 5 2
2 2 9 1
1 3 16 1
4 2 15 1
2 3 16 1
3 2 17 1
1 2 30 1
7 2 5 2
2 2 17 1
3 2 17 1
2 4 18 1
8 4 21 1
7 2 21 1
6 2 8 2
1 2 22 1
6 3 23 1
5 3 15 2
3 2 15 1
8 2 17 2
3 3 17 1
6 2 17 1
2 2 16 2
4 2 16 2
6 2 18 1
1 2 8 3
7 2 14 2
8 2 16 1
4 3 9 3
3 3 9 3
6 2 11 3
5 5 14 2
2 2 14 1
3 2 21 3
1 2 20 3
8 2 21 3
2 3 22 3
2 2 23 3
6 2 26 3
1 2 29 3
4 2 33 3
6 2 33 3
8 2 37 3
7 2 40 3
1 2 40 3
2 2 40 3
5 6 42 3
8 3 41 3
8 2 42 3
7 2 44 3
4 2 44 3
2 2 45 3
1 2 2 4
6 3 5 3
8 2 6 2
8 2 8 2
5 2 9 2
6 2 8 2
3 2 7 4
1 2 7 3
4 2 19 3
7 2 18 3
5 2 17 3
3 4 22 3
7 3 22 3
2 2 24 3
7 2 23 3
6 3 26 3
2 2 27 3
3 2 7 4
2 2 20 3
4 2 20 3
4 3 6 4
5 2 22 3
3 2 6 4
7 5 7 3
1 4 8 2
4 3 7 3
3 2 11 3
4 4 12 3
6 2 18 3
3 2 7 4
8 2 7 4
5 2 8 3
2 2 8 3
1 4 9 3
6 2 7 4
6 3 8 4
2 2 9 3
6 5 10 3
3 2 9 3
8 3 9 4
7 2 10 3
4 2 10 4
2 3 10 4
5 4 13 4
8 2 12 4
2 2 11 4
4 2 10 4
2 3 16 4
1 2 18 4
8 2 17 4
5 2 18 4
4 5 18 4
8 2 1 5
3 2 2 5
7 2 4 4
7 4 6 4
1 3 10 4
3 3 13 4
7 4 10 5
4 3 11 4
5 2 11 4
5 2 12 4
1 3 10 5
6 2 18 5
7 2 18 5
6 3 18 5
2 2 19 5
7 4 18 5
3 3 21 5
2 2 27 5
8 4 26 5
8 2 34 5
5 2 7 6
1 2 11 5
7 2 11 4
1 2 7 6
6 4 9 5
2 2 10 5
8 2 16 5
7 2 23 5
3 4 7 6
7 2 27 5
1 2 17 6
5 2 20 5
2 2 22 5
8 2 22 5
5 4 17 6
6 9 19 5
3 2 22 5
4 2 16 6
7 3 17 6
7 2 18 5
4 2 20 5
6 2 32 6
6 2 36 6
2 3 36 6
8 2 42 6
6 2 44 6
2 4 47 6
4 2 1 7
4 2 4 6
8 2 5 5
7 2 11 5
4 2 11 5
6 2 17 5
5 2 12 6
1 3 15 6
1 4 20 6
5 2 19 6
6 2 19 6
8 2 18 6
1 2 33 6
1 2 2 7
2 2 6 6
4 3 17 6
3 3 21 6
6 2 1 7
3 2 6 6
8 2 10 5
6 2 13 5
3 2 14 5
1 2 5 6
7 3 11 5
4 4 8 6
8 2 8 5
5 2 9 4
2 4 9 6
2 4 10 5
6 3 3 7
1 2 7 6
5 2 10 5
8 2 2 7
4 2 13 6
2 2 12 6
8 3 3 7
8 2 9 7
7 2 11 6
8 2 12 6
1 2 13 6
3 2 10 7
1 2 10 6
5 3 10 6
5 2 26 7
8 2 40 7
2 5 39 7
6 3 39 7
6 2 11 8
4 6 29 7
6 2 35 7
2 2 34 7
4 2 10 8
5 2 11 7
8 2 14 7
2 2 17 7
7 2 24 7
8 5 10 8
8 2 21 7
5 2 24 7
4 2 28 7
5 2 19 8
8 2 23 8
2 3 26 7
3 2 22 8
1 2 26 7
4 2 24 8
5 3 33 8
4 2 39 8
1 2 43 8
4 2 42 8
5 3 42 8
8 3 1 9
6 2 6 8
8 2 12 7
1 2 11 7
3 3 18 8
1 3 18 8
2 2 21 7
4 2 22 8
8 3 34 8
3 2 33 8
7 4 33 8
1 3 4 9
3 3 29 8
7 5 7 9
3 2 12 8
5 3 12 8
7 2 13 8
2 2 14 8
8 2 13 8
6 3 13 7
3 2 14 7
7 2 18 8
1 2 19 8
6 2 7 9
1 2 7 8
7 2 6 8
1 3 9 8
8 2 9 7
3 3 9 6
7 2 9 6
4 3 7 7
5 2 8 6
6 3 14 8
3 5 6 9
3 4 12 8
8 2 11 8
1 4 11 9
5 2 11 8
5 2 18 9
8 2 24 9
6 2 26 9
6 4 39 9
5 2 39 9
5 2 1 10
4 2 1 9
2 2 1 8
4 2 1 7
7 2 3 6
3 2 3 5
2 2 4 4
5 2 5 4
4 2 2 6
5 2 2 6
4 2 4 10
1 2 23 9
7 4 40 9
8 2 39 9
8 5 14 10
4 3 15 9
1 3 14 9
7 3 13 10
4 3 19 9
5 2 18 9
8 3 18 9
1 2 18 9
4 2 32 9
6 2 25 10
6 4 27 10
5 2 29 9
5 4 30 9
2 3 33 10
8 3 32 10
3 2 37 10
5 2 45 10
1 2 46 10
4 2 46 10
6 2 46 10
3 2 50 10
5 2 3 11
6 2 3 10
8 2 5 9
6 2 8 9
7 2 7 9
8 2 11 8
6 2 9 9
2 2 10 8
2 2 13 9
7 2 18 9
7 2 19 9
4 2 18 9
5 2 8 10
5 2 14 9
6 2 14 9
3 3 15 9
1 4 13 10
1 4 17 10
6 2 16 10
5 2 19 10
5 2 28 10
1 2 3 11
4 2 18 10
2 2 17 10
8 2 17 10
8 2 19 10
6 2 19 10
2 2 18 10
2 2 3 11
1 2 8 10
4 2 9 9
7 2 9 9
3 2 2 11
7 2 5 10
5 4 5 10
4 2 4 10
2 2 6 9
1 2 5 9
4 2 8 8
1 2 8 10
7 2 7 10
8 2 3 11
8 2 7 10
3 3 5 11
4 2 4 11
3 3 6 10
7 3 8 10
2 2 8 9
1 5 5 11
4 2 7 10
5 2 8 11
5 2 10 11
8 2 12 11
7 2 17 11
5 5 24 11
3 4 24 11
6 2 24 11
1 2 25 11
8 2 30 11
6 2 5 12
7 2 9 11
5 2 11 11
4 2 22 11
2 2 10 12
7 2 10 12
4 2 20 11
3 3 21 11
5 2 9 12
7 3 11 11
3 2 18 11
6 3 15 12
2 5 18 11
1 3 19 11
2 3 21 12
8 2 31 12
6 2 31 12
4 2 31 12
6 2 33 12
2 2 34 12
6 2 42 12
7 2 42 12
4 2 48 12
8 4 47 12
8 4 3 13
5 4 21 12
1 4 22 12
6 2 21 12
7 2 22 12
8 3 26 12
4 2 26 12
8 4 27 12
3 2 26 12
5 3 26 12
7 2 30 12
5 2 30 12
7 2 35 12
4 2 3 13
3 2 6 12
6 2 6 11
4 2 7 11
6 2 8 11
8 2 10 11
4 2 11 11
7 2 13 11
2 2 5 12
4 2 14 11
5 2 10 12
2 2 17 12
4 3 17 12
3 2 7 13
3 4 15 12
3 2 20 12
4 3 6 13
3 2 9 12
2 2 11 11
1 2 11 13
1 4 14 12
6 2 12 13
6 3 16 12
4 2 16 12
3 3 16 13
4 2 18 13
2 3 22 13
1 4 21 13
2 2 20 13
7 2 22 13
1 3 22 13
3 2 21 13
4 2 21 13
1 2 20 13
4 2 1 14
8 4 6 13
7 2 6 12
2 2 7 11
5 2 6 12
6 2 8 11
3 2 7 11
5 2 9 12
8 2 11 12
2 2 8 13
5 3 11 13
6 2 1 14
8 3 7 13
5 2 7 12
8 2 8 11
7 2 7 12
4 3 6 13
5 2 1 14
6 2 6 13
7 2 1 14
7 2 2 14
2 2 7 13
4 2 6 13
6 2 8 14
8 4 8 14
1 2 8 14
5 2 8 14
1 2 9 14
8 2 11 14
1 2 10 14
8 2 9 14
1 2 9 14
6 2 9 14
7 2 12 14
3 2 18 14
5 2 18 14
1 2 21 14
3 2 24 14
2 2 24 14
7 2 25 14
8 2 33 14
6 2 33 14
8 4 35 14
1 2 35 14
3 2 2 15
2 2 8 14
8 2 12 14
2 2 13 14
4 2 13 14
7 2 25 14
4 2 29 14
4 3 7 15
1 4 13 14
8 2 22 14
1 4 28 14
5 2 13 15
6 3 19 14
2 7 17 15
2 2 22 14
3 2 17 15
5 2 23 14
6 2 19 15
5 2 23 15
3 4 24 14
7 2 23 14
2 2 24 14
6 3 25 15
7 3 26 15
3 2 35 15
8 3 35 15
3 2 37 15
2 2 40 15
7 2 42 15
4 2 43 15
1 3 43 15
5 2 10 16
3 2 14 15
4 3 14 15
1 2 21 14
6 2 14 15
4 4 16 14
1 2 13 15
5 2 18 14
2 2 29 15
8 3 9 16
4 3 22 15
7 2 22 15
8 5 28 15
7 3 10 16
7 2 12 15
8 2 15 14
6 2 18 14
4 2 17 14
1 3 18 15
1 2 19 15
3 3 24 15
6 4 23 15
2 2 9 16
2 2 16 15
3 2 15 15
5 2 8 16
8 5 18 15
5 2 18 15
7 2 15 16
4 2 14 16
2 2 14 15
2 3 17 16
8 4 16 16
7 3 17 16
1 2 18 16
3 2 17 16
3 2 27 16
7 2 27 16
3 2 4 17
4 2 15 16
5 2 15 15
4 2 16 16
4 2 17 16
5 2 21 16
6 2 21 16
3 2 22 16
1 2 3 17
6 2 5 16
3 2 5 15
4 2 8 15
2 2 10 14
8 2 5 16
8 2 11 15
5 4 5 17
1 2 4 17
6 2 5 17
7 2 10 16
5 2 9 16
6 3 9 15
1 2 8 15
2 2 9 17
5 2 11 17
2 2 14 17
7 2 15 17
4 3 16 17
3 2 16 17
1 2 17 17
1 2 35 17
7 3 46 17
5 5 49 17
4 2 51 17
3 2 7 18
4 3 9 17
8 2 10 16
1 7 9 18
7 3 21 17
7 2 32 17
5 4 35 17
8 6 41 17
7 2 42 17
5 14 9 18
4 2 10 17
3 2 10 16
5 2 12 17
6 2 23 17
3 3 31 17
6 2 33 17
4 2 32 17
6 2 31 17
6 3 10 18
8 3 23 17
4 3 25 17
8 2 10 18
4 2 10 17
1 2 10 16
7 2 9 16
2 2 9 17
7 2 9 17
5 2 14 17
6 2 15 17
6 3 19 17
1 2 19 17
3 2 12 18
3 2 18 17
3 2 13 18
1 2 13 17
6 2 19 17
2 3 13 18
1 7 13 18
2 2 13 18
7 2 16 17
1 2 13 18
3 3 18 17
6 2 14 18
5 6 14 17
7 2 13 17
8 3 14 17
4 2 13 17
8 2 16 18
3 2 15 18
8 2 2 19
5 2 6 18
3 2 7 18
1 3 19 18
2 2 20 18
2 2 6 19
8 2 14 18
5 4 19 18
7 2 19 18
4 4 6 19
6 2 15 18
1 3 8 19
2 2 14 18
2 4 9 19
7 2 12 18
4 2 10 19
5 2 14 18
1 2 14 19
1 3 22 19
5 5 26 19
6 2 32 19
3 3 32 19
1 2 32 19
8 2 34 19
4 2 1 20
7 2 1 19
1 2 1 18
5 2 2 17
2 3 2 16
4 2 2 15
7 3 2 17
6 2 11 20
8 2 19 19
5 2 21 19
7 2 30 19
5 2 31 19
6 2 13 20
5 2 13 19
1 2 17 19
1 2 12 20
2 2 22 19
3 3 26 19
4 3 12 20
4 2 17 19
7 3 12 20
5 4 15 19
1 2 13 20
6 4 14 20
3 2 21 19
7 2 21 19
7 2 17 20
5 2 21 19
7 2 22 20
6 2 23 20
6 2 27 20
3 2 31 20
2 2 30 20
4 2 30 20
7 3 31 20
5 2 35 20
7 2 36 20
4 3 35 20
7 3 4 21
8 2 11 20
3 2 19 19
1 2 20 19
8 3 30 20
2 4 9 21
5 2 9 21
6 2 10 21
2 3 11 20
7 3 11 19
4 6 12 19
3 2 13 19
5 2 14 20
4 2 16 20
3 3 15 20
2 2 15 19
8 2 14 19
2 2 11 21
3 2 19 20
8 2 11 21
8 4 16 20
2 2 17 20
6 4 16 20
5 3 12 21
4 2 11 21
7 2 12 21
2 2 12 21
4 4 17 21
4 3 19 21
6 2 25 21
3 2 26 21
8 2 31 21
6 2 30 21
6 2 31 21
5 3 31 21
2 3 36 21
3 2 38 21
3 2 7 22
7 2 7 21
3 2 10 20
6 2 11 19
1 2 10 20
7 2 12 19
7 2 11 21
4 2 10 21
3 2 11 20
7 3 28 21
6 2 9 22
5 3 9 21
1 2 8 21
2 2 10 22
2 3 23 21
7 2 9 22
2 2 14 21
7 2 16 21
8 3 15 21
5 2 14 22
7 2 18 21
8 2 17 21
3 2 25 22
7 3 27 22
7 2 40 22
3 2 39 22
6 2 42 22
7 3 48 22
6 2 7 23
8 2 8 22
8 2 12 21
1 3 11 21
3 2 7 22
5 2 8 22
7 3 8 21
2 2 11 21
1 2 7 22
5 2 6 22
1 2 6 21
4 2 9 20
6 2 6 21
8 2 7 20
3 2 7 20
6 2 7 20
4 2 7 22
3 2 7 21
1 2 6 22
4 4 10 22
7 2 9 22
4 2 8 22
5 2 25 22
8 2 7 23
6 2 9 22
8 2 14 22
1 3 17 22
1 3 19 22
8 2 10 23
5 3 18 22
6 2 10 23
4 2 10 22
6 2 11 23
2 2 12 22
8 3 12 23
3 4 13 23
4 4 16 22
4 2 37 23
8 2 40 23
4 2 43 23
7 3 52 23
1 3 51 23
2 2 3 24
5 2 4 23
2 2 6 22
7 2 7 21
1 2 6 22
5 2 10 23
3 2 11 22
2 3 10 23
1 2 10 22
1 2 28 23
7 2 28 23
2 3 30 23
7 2 36 23
5 2 35 23
2 4 11 24
4 2 15 23
4 3 26 23
6 2 25 23
1 5 26 23
6 3 12 24
5 4 32 23
1 2 26 24
7 2 26 23
2 2 25 24
3 2 25 24
7 4 27 24
5 3 27 24
3 3 28 24
8 2 28 23
4 3 29 24
4 2 30 24
5 2 32 24
7 3 31 24
2 2 37 24
4 2 40 24
3 2 41 24
8 2 41 24
1 2 1 25
7 6 8 24
6 2 9 23
8 2 7 24
1 2 7 23
4 2 8 22
3 2 8 22
8 2 9 22
5 3 7 23
7 2 8 22
8 2 2 25
3 2 11 24
8 2 12 24
4 2 11 24
1 2 16 23
7 2 22 23
2 2 10 24
4 3 20 23
6 3 11 24
6 2 18 24
8 2 18 24
1 2 4 25
3 5 5 24
7 2 5 23
3 2 5 22
8 2 8 25
2 3 10 24
5 2 11 23
6 2 10 23
7 3 9 23
6 3 10 25
5 2 17 24
1 2 17 24
3 2 9 25
6 2 9 25
7 3 14 25
4 2 17 24
2 2 14 25
3 3 14 25
4 2 16 25
7 2 17 25
1 2 18 25
1 3 25 25
5 2 24 25
8 2 26 25
7 3 35 25
1 3 34 25
7 2 33 25
6 3 2 26
4 4 7 25
3 3 14 25
8 2 14 25
2 2 21 25
4 6 22 25
8 3 22 25
7 2 22 25
1 2 21 25
5 2 24 25
6 3 4 26
2 3 4 25
8 2 7 24
5 2 8 23
4 2 7 24
8 3 4 26
7 2 6 25
1 2 9 24
7 3 3 26
3 2 6 25
4 2 10 24
2 2 9 25
5 2 3 26
8 4 3 25
6 2 5 24
1 2 5 23
6 2 6 22
1 2 2 25
5 2 8 24
7 2 7 24
2 2 11 25
5 3 1 26
3 2 1 25
4 2 7 26
7 4 8 26
1 7 10 26
7 4 10 26
4 2 9 26
5 2 14 26
2 2 16 26
3 4 15 26
5 3 22 26
3 2 28 26
7 3 28 26
6 2 28 26
4 2 32 26
4 2 3 27
8 2 13 26
1 2 18 26
4 2 18 26
3 3 17 26
1 5 3 27
3 2 8 26
2 5 13 26
1 2 12 26
7 2 11 26
2 2 2 27
1 2 7 26
6 4 9 25
5 2 14 26
2 2 14 27
4 2 16 27
5 2 21 27
1 2 21 27
4 3 21 27
1 3 21 27
7 2 20 27
2 2 25 27
3 3 25 27
5 4 31 27
7 3 31 27
4 2 33 27
1 2 2 28
8 2 8 27
4 2 13 26
8 2 14 26
5 4 22 27
3 3 1 28
6 4 18 27
3 2 29 27
5 3 31 27
6 2 1 28
1 2 4 27
5 2 6 26
8 2 9 25
7 3 5 26
2 2 8 25
3 2 9 26
2 2 9 27
4 3 16 27
6 2 20 27
2 2 1 28
5 3 8 27
4 2 7 27
1 2 21 27
4 3 22 27
1 2 7 28
2 3 10 28
7 6 13 28
8 3 13 28
2 2 18 27
7 2 16 28
1 2 16 28
3 4 17 27
5 2 16 28
3 2 19 27
5 3 17 28
6 2 17 27
4 2 16 27
4 3 19 28
2 2 24 28
1 3 24 28
3 2 24 28
6 3 11 29
7 2 19 28
8 3 19 28
6 3 15 29
8 4 20 28
7 2 15 29
4 2 15 28
1 3 20 28
2 2 14 29
5 4 24 28
4 2 24 28
2 2 22 29
1 2 30 29
2 2 34 29
7 2 35 29
6 2 39 29
1 2 38 29
3 3 38 29
8 3 39 29
8 2 45 29
5 2 3 30
5 2 29 29
3 5 28 29
4 3 28 29
7 3 4 30
8 2 11 29
5 2 14 28
2 2 16 28
4 2 15 29
4 2 20 28
7 2 19 28
2 2 21 29
1 2 20 29
7 7 20 29
8 2 18 29
1 6 7 30
4 2 10 29
1 2 16 28
3 3 15 29
7 2 18 29
3 2 23 29
4 2 7 30
3 2 9 29
6 2 9 29
8 2 9 28
1 2 11 27
7 2 11 27
5 3 7 30
1 2 17 29
3 2 7 30
1 4 20 29
6 2 8 30
6 3 16 29
5 2 16 30
4 4 18 29
8 2 15 30
7 3 24 30
1 3 25 30
2 2 27 30
4 2 40 30
7 6 45 30
3 2 43 30
2 2 45 30
1 2 7 31
2 3 14 30
3 2 22 30
6 4 22 30
4 2 21 30
7 2 20 30
3 2 22 30
5 2 28 30
7 2 27 30
5 2 30 30
1 4 30 30
5 2 32 30
8 2 8 31
4 2 10 30
8 2 10 29
2 2 10 28
5 2 11 27
1 2 9 28
5 2 12 31
7 2 13 30
6 3 14 30
3 3 23 30
3 2 24 30
2 2 24 30
2 2 15 31
6 2 15 30
8 3 20 30
4 2 14 31
1 2 15 30
5 2 15 29
2 2 15 30
5 5 17 30
6 2 19 30
3 2 13 31
7 2 15 31
1 2 19 31
5 2 19 31
8 2 25 31
6 2 29 31
1 2 29 31
6 2 30 31
8 2 29 31
2 3 29 31
1 2 8 32
7 3 17 31
6 2 18 31
3 2 17 31
1 2 18 30
3 2 7 32
2 2 15 31
8 2 15 30
6 2 16 30
4 3 15 30
5 2 15 31
1 2 14 31
8 6 7 32
7 2 13 31
2 2 12 31
6 3 10 32
4 3 10 32
3 2 10 31
5 2 11 30
8 2 12 29
1 2 11 29
2 2 15 32
5 2 15 32
5 3 21 32
4 5 21 32
8 2 36 32
7 4 36 32
5 2 35 32
6 5 35 32
6 2 37 32
3 3 37 32
1 3 39 32
4 2 39 32
3 2 45 32
1 2 4 33
3 2 4 32
1 2 10 31
8 2 3 32
7 2 3 31
2 2 4 31
3 2 4 30
4 2 9 29
6 2 8 30
4 2 3 32
1 2 6 32
7 2 10 32
3 2 9 32
7 3 13 32
8 4 12 32
4 3 16 32
5 2 15 32
5 2 3 33
5 3 19 32
2 10 20 32
5 3 22 32
8 3 5 33
3 3 10 32
4 2 10 32
7 4 10 32
2 2 20 32
8 3 6 33
8 2 10 32
3 2 10 32
6 2 10 32
1 2 13 32
4 2 8 33
5 4 7 33
3 2 10 32
2 2 16 32
5 2 18 32
6 6 14 33
3 2 14 32
1 2 13 32
8 2 14 33
7 2 14 32
6 2 21 33
2 3 21 33
1 2 20 33
7 4 20 33
5 2 24 33
3 2 26 33
1 2 7 34
3 2 14 33
5 3 11 34
8 2 18 33
7 2 18 34
2 2 18 33
6 5 20 33
1 2 19 33
2 4 20 34
3 2 20 34
8 2 26 34
1 2 25 34
1 2 36 34
2 2 38 34
5 2 37 34
3 2 50 34
8 2 49 34
2 2 50 34
6 2 50 34
4 3 2 35
8 2 2 34
2 3 2 33
5 2 3 33
6 2 4 32
4 3 5 31
4 2 3 33
8 4 3 32
7 2 5 31
4 2 6 33
7 2 6 32
2 2 5 32
3 2 2 34
8 2 4 33
1 3 4 32
3 2 3 32
6 2 13 34
1 3 13 34
3 2 12 34
8 2 18 34
6 2 27 34
3 3 27 34
4 2 27 34
3 2 5 35
5 2 9 34
5 2 17 34
7 2 23 34
8 5 23 34
5 3 22 34
3 2 25 34
7 2 9 35
2 4 12 34
4 2 17 34
3 2 16 34
5 4 10 35
8 4 16 34
5 4 20 34
4 4 19 34
2 3 11 35
1 5 16 34
6 2 15 34
1 2 14 34
7 2 13 34
2 2 13 35
5 3 13 35
4 2 21 35
5 2 28 35
5 2 33 35
2 2 1 36
7 2 12 35
6 2 11 35
3 2 11 35
6 2 14 35
6 2 15 35
1 2 14 35
6 2 21 35
7 5 3 36
8 2 3 35
6 3 4 34
8 2 6 33
4 2 7 33
3 2 5 34
2 2 4 34
2 2 3 35
4 2 4 34
3 2 3 34
8 3 5 35
5 3 13 35
3 4 3 36
5 2 15 35
8 2 14 35
5 2 2 36
6 2 2 35
2 2 3 35
7 3 2 35
7 2 4 36
8 2 5 35
2 2 7 35
3 2 5 36
6 3 6 35
4 2 7 35
7 3 11 36
7 2 22 36
8 4 27 36
8 4 30 36
5 2 29 36
6 2 28 36
1 2 28 36
8 2 29 36
7 2 31 36
1 2 30 36
4 2 33 36
8 3 33 36
4 3 33 36
7 2 32 36
5 2 34 36
4 2 35 36
1 2 1 37
7 3 13 36
2 3 13 36
2 2 19 36
5 2 20 36
6 2 25 36
4 3 3 37
1 2 4 36
5 3 11 36
2 2 24 36
3 5 26 36
4 2 5 37
3 3 7 36
1 3 9 36
8 3 8 36
7 3 17 36
7 3 8 37
3 2 13 36
7 2 12 36
1 2 12 36
2 2 11 36
5 2 12 36
6 2 12 36
4 2 11 36
1 5 13 37
7 2 18 37
3 3 23 37
3 3 27 37
6 2 28 37
4 2 27 37
8 3 27 37
2 3 27 37
6 2 4 38
5 2 10 37
3 2 15 37
2 2 17 37
1 2 18 37
7 3 22 37
8 2 22 37
3 2 23 37
7 2 22 37
4 2 10 38
8 2 16 37
2 2 19 37
5 2 18 37
3 3 9 38
7 2 12 37
4 3 15 37
4 3 23 38
1 2 22 38
3 2 22 38
8 2 22 38
2 2 22 38
1 2 27 38
7 2 26 38
6 2 27 38
4 2 32 38
5 2 32 38
2 2 34 38
5 2 38 38
4 4 39 38
1 6 46 38
1 3 1 39
3 2 5 38
5 2 4 38
1 2 16 37
2 2 3 38
8 2 4 37
6 2 5 36
2 2 5 35
7 2 4 36
1 4 4 36
3 2 3 37
8 2 4 36
6 4 3 38
3 6 16 38
4 2 15 38
5 2 15 38
4 4 28 38
7 2 7 39
2 2 8 38
8 2 7 38
3 6 7 39
5 2 7 39
6 3 7 38
7 2 24 38
5 2 9 39
1 3 16 39
7 2 22 39
6 2 24 38
3 2 25 39
3 2 33 39
1 2 35 39
4 2 35 39
5 4 36 39
1 2 43 39
5 2 47 39
2 3 5 40
2 5 12 39
3 2 14 38
3 2 11 39
8 2 11 39
2 2 11 38
6 2 13 38
2 2 12 39
1 3 27 39
2 3 32 39
7 2 40 39
8 2 40 39
4 3 16 40
6 4 20 39
4 3 22 39
7 2 21 39
8 2 20 39
1 3 26 39
6 2 25 39
3 3 29 39
5 4 29 39
4 3 17 40
5 4 19 39
3 2 21 39
4 2 21 39
8 2 16 40
2 2 16 39
7 3 16 38
8 2 18 38
3 2 21 39
6 2 17 40
1 3 20 40
5 2 19 40
4 2 19 39
8 2 20 40
3 2 21 40
8 2 21 40
6 2 25 40
8 2 25 40
6 2 25 40
2 4 28 40
1 2 28 40
1 2 31 40
3 2 30 40
5 2 29 40
4 3 28 40
6 2 31 40
6 2 33 40
4 3 2 41
7 2 2 40
1 2 2 39
3 2 4 38
5 2 5 37
2 2 4 37
7 2 4 38
1 2 3 38
6 2 6 38
1 3 5 39
8 2 5 38
8 2 2 41
3 2 2 40
4 4 3 39
8 2 8 39
1 2 2 40
1 2 11 39
6 2 6 40
8 2 13 40
2 2 13 40
5 2 17 40
3 2 7 41
2 2 18 40
7 3 11 41
8 2 17 40
6 2 12 41
4 2 17 41
3 2 18 41
4 3 23 41
8 4 23 41
1 4 23 41
8 2 27 41
6 2 28 41
7 2 27 41
5 2 29 41
6 3 28 41
7 3 4 42
1 2 16 41
7 3 20 41
3 5 27 41
3 2 9 42
7 2 9 41
8 2 15 40
3 2 14 41
7 2 15 40
7 2 10 42
5 2 15 41
8 3 21 41
2 2 15 42
7 3 21 41
4 2 20 41
8 2 16 42
4 2 25 42
7 2 30 42
4 2 35 42
6 2 42 42
2 3 43 42
3 2 46 42
2 2 50 42
5 2 51 42
1 2 50 42
6 2 51 42
7 2 1 43
5 2 5 42
1 2 5 41
5 2 12 40
5 2 4 41
3 3 11 40
1 2 6 41
2 2 7 41
6 5 7 41
7 2 8 40
4 4 6 42
1 2 8 42
4 2 7 42
8 3 41 42
1 3 4 43
1 2 9 42
6 3 14 42
4 2 15 42
1 2 22 42
3 2 24 42
7 4 30 42
5 2 30 42
8 2 29 42
6 4 6 43
5 2 15 42
2 2 15 42
8 2 23 42
4 3 7 43
1 2 7 42
8 2 14 42
6 2 16 42
5 2 15 42
4 2 7 43
7 3 8 42
6 2 13 42
5 2 14 42
2 2 17 42
3 2 21 43
8 2 20 43
7 2 20 43
5 3 20 42
1 2 23 43
3 2 26 43
5 4 27 43
1 2 26 43
3 2 26 43
4 2 25 43
5 2 24 43
6 5 25 43
5 2 25 43
3 2 24 43
8 2 24 43
2 3 24 43
8 2 26 43
1 2 26 43
8 3 4 44
2 2 4 43
8 2 4 42
3 3 4 42
7 2 4 41
3 2 6 40
3 2 9 42
4 2 9 42
7 2 9 42
5 2 8 42
4 2 10 42
8 3 8 43
5 3 7 44
1 2 7 44
6 2 8 43
8 3 12 43
4 2 11 43
2 2 8 44
3 2 8 43
1 2 8 42
5 3 8 42
5 2 21 44
8 2 26 44
3 4 27 44
6 4 29 44
5 2 31 44
7 2 33 44
6 2 39 44
1 4 39 44
7 2 41 44
4 2 43 44
1 2 42 44
8 2 42 44
1 2 45 44
7 2 2 45
4 2 3 44
2 2 7 43
3 2 7 42
4 2 6 43
1 2 2 44
6 2 3 43
2 2 4 42
8 2 5 41
6 2 4 41
5 2 3 42
7 2 3 44
4 2 3 43
7 2 5 44
2 2 9 44
7 3 12 44
2 4 17 44
8 2 16 44
1 4 32 44
3 2 31 44
8 2 5 45
8 2 8 44
4 2 22 44
5 2 22 44
3 3 5 45
1 2 16 44
6 2 23 44
7 3 5 45
6 2 11 44
3 3 10 44
2 2 9 44
4 3 4 45
5 3 5 44
5 2 20 44
2 3 20 44
1 2 4 45
7 2 4 45
3 3 12 44
3 2 17 44
2 3 7 45
7 2 8 45
4 2 18 44
5 2 8 45
1 3 9 45
7 4 13 45
2 2 14 44
6 3 14 45
1 2 13 45
4 3 14 44
7 3 13 45
7 2 18 45
1 2 23 45
8 3 26 45
1 3 28 45
8 3 25 46
5 2 33 46
4 2 34 46
2 2 35 46
3 4 36 46
6 4 36 46
5 2 45 46
2 7 48 46
1 2 50 46
6 3 49 46
7 5 49 46
8 2 51 46
4 2 50 46
3 3 51 46
1 2 7 47
6 2 10 46
1 4 29 46
7 2 30 46
6 2 29 46
1 2 8 47
1 3 17 46
2 2 16 46
8 2 24 45
7 2 26 45
7 2 17 46
1 2 19 45
2 2 22 45
1 2 23 45
4 5 17 46
2 2 25 46
6 4 24 46
7 4 9 47
3 2 16 46
5 2 15 46
3 2 20 45
2 2 16 46
8 2 17 45
4 3 19 46
3 3 22 46
4 2 8 47
8 2 19 46
5 2 20 45
6 3 8 47
8 5 8 46
2 2 9 45
3 2 10 44
6 2 9 44
4 2 8 44
6 2 10 46
2 2 11 45
7 2 11 45
5 2 8 47
4 2 9 46
3 2 8 46
5 2 10 45
7 8 13 46
5 2 11 47
6 2 11 47
1 2 11 47
4 2 11 46
2 5 10 46
7 2 13 47
8 2 12 47
1 3 12 47
6 4 14 47
4 2 24 47
5 2 26 47
6 2 26 47
4 2 26 47
5 2 26 47
3 2 25 47
4 3 1 48
2 2 5 47
4 3 5 47
2 2 10 47
7 2 9 47
3 2 9 47
1 4 2 48
3 4 3 47
6 3 3 46
8 2 5 47
5 5 9 47
1 2 13 47
4 3 3 48
7 2 7 47
2 2 2 48
4 3 5 48
8 4 7 47
3 2 6 47
5 2 6 48
8 3 6 47
6 2 7 46
4 2 6 46
2 2 5 47
5 2 4 47
1 4 5 48
7 3 5 48
2 3 5 48
1 2 7 48
5 2 8 48
3 2 7 48
5 4 20 48
3 2 21 48
7 3 20 48
1 5 24 48
7 2 29 48
7 3 31 48
5 2 2 49
6 4 4 48
4 2 7 48
3 2 8 48
2 2 14 48
1 2 18 48
6 2 17 48
6 2 14 49
7 3 18 48
5 2 17 48
2 2 16 48
3 3 16 48
3 2 17 48
2 6 17 49
5 2 14 49
8 2 13 49
4 2 15 48
5 2 20 49
7 2 20 49
6 2 20 49
4 2 21 49
2 2 21 49
7 2 23 49
5 2 30 49
7 2 30 49
5 2 34 49
4 4 37 49
5 4 37 49
7 3 37 49
1 2 1 50
6 2 5 49
7 2 9 48
2 3 8 48
8 2 4 49
6 2 9 48
5 2 9 48
7 2 8 48
6 2 18 49
7 2 25 49
2 3 24 49
6 2 26 49
1 4 29 49
4 2 1 50
3 4 6 49
7 3 6 48
1 2 4 49
2 2 5 48
4 2 4 49
2 2 4 49
8 2 6 48
8 2 4 49
7 2 4 48
8 2 16 49
2 2 1 50
8 2 1 49
4 2 1 49
3 2 2 48
3 2 3 50
1 2 7 50
6 2 16 50
2 3 18 50
8 2 26 50
7 3 37 50
5 2 37 50
4 2 36 50
7 2 36 50
5 2 36 50
5 2 38 50
6 2 37 50
6 2 5 51
1 2 5 50
3 2 5 49
2 2 5 49
6 3 5 49
4 3 8 49
1 2 8 49
5 3 5 50
1 2 4 50
7 2 6 50
4 2 6 49
7 2 11 50
3 2 11 50
5 3 19 50
1 2 7 51
4 2 12 50
2 3 7 51
5 2 11 50
8 2 10 50
4 6 7 51
6 4 10 50
5 2 6 51
1 3 9 50
4 4 18 50
5 2 8 51
8 2 14 50
8 4 9 51
3 2 8 51
2 2 15 50
8 2 15 50
6 2 8 51
1 2 10 51
4 2 28 51
6 2 29 51
5 2 29 51
8 2 29 51
4 2 34 51
7 4 34 51
7 3 35 51
2 2 8 52
1 2 8 51
6 2 8 51
3 2 13 51
7 2 13 51
1 3 16 51
6 3 25 51
2 4 24 51
7 2 31 51
8 2 10 52
2 2 19 51
5 2 26 51
1 2 28 51
5 2 10 52
4 2 19 51
2 2 19 51
6 2 25 51
4 2 28 51
4 3 30 51
2 2 13 52
8 2 13 52
2 2 25 51
4 2 17 52
3 2 20 51
7 3 19 51
6 3 20 51
1 2 20 51
8 3 17 52
6 2 21 52
5 3 21 51
7 4 21 51
1 2 30 52
7 2 34 52
1 2 36 52
3 5 6 53
4 4 8 52
6 2 13 51
4 2 19 51
5 2 14 52
4 2 14 52
6 2 14 52
3 2 17 51
2 3 18 51
8 2 13 52
3 4 11 53
8 5 21 52
2 2 20 52
6 3 22 52
3 4 20 53
2 2 22 53
8 2 25 53
5 2 28 53
1 2 38 53
2 2 39 53
2 3 41 53
8 2 45 53
7 2 52 53
8 2 5 54
1 2 10 53
8 2 19 52
5 2 21 52
5 2 17 53
7 3 17 52
1 3 18 52
3 2 17 53
1 3 20 53
3 2 19 53
5 3 26 53
7 2 25 53
4 2 25 53
6 2 25 53
8 2 34 53
6 2 4 54
8 2 18 53
8 5 25 53
2 2 24 53
7 6 24 53
1 2 24 53
8 2 25 53
5 2 10 54
5 2 21 53
3 2 20 53
1 3 26 53
8 3 11 54
4 2 13 54
2 4 22 53
5 2 22 53
4 3 21 53
1 6 15 54
6 3 14 54
5 2 20 53
8 2 15 54
8 2 19 54
1 2 22 54
4 2 26 54
7 2 29 54
6 2 31 54
8 2 30 54
2 2 30 54
2 3 32 54
1 4 34 54
6 5 33 54
3 2 32 54
2 4 3 55
8 2 5 54
8 2 7 54
6 2 8 53
1 2 13 52
7 2 7 53
7 3 13 52
3 2 14 51
3 3 15 52
2 2 7 53
5 2 7 52
8 2 12 51
4 2 11 52
5 2 8 53
6 2 13 54
3 3 16 54
7 2 3 55
4 3 7 54
5 5 16 54
1 3 17 54
6 2 16 54
2 3 4 55
7 3 8 54
3 2 7 54
6 3 7 53
2 2 7 52
4 2 7 51
7 2 12 50
2 2 12 50
5 2 11 51
5 2 5 55
7 2 10 55
5 2 11 55
3 3 10 55
1 4 11 55
2 2 23 55
5 4 46 55
6 5 46 55
5 2 1 56
4 2 23 55
3 5 46 55
6 3 48 55
5 2 47 55
3 2 3 56
6 2 3 55
1 4 2 55
3 2 5 54
7 2 6 54
2 2 8 53
4 2 4 55
5 2 3 55
5 2 7 54
2 2 3 55
1 2 5 54
6 2 4 55
8 2 9 55
3 4 10 55
7 2 12 55
5 2 32 55
7 2 3 56
2 6 7 55
3 2 6 55
6 2 4 56
5 2 9 55
4 2 8 55
5 2 7 55
4 2 7 54
8 4 7 55
6 3 6 55
8 2 7 55
8 2 11 55
8 2 3 56
2 3 4 55
1 2 3 55
3 2 3 54
5 2 2 56
2 3 6 55
7 2 12 55
6 2 9 56
3 2 9 55
8 3 9 55
4 5 8 55
7 2 12 56
3 3 18 56
5 2 26 56
2 2 27 56
1 2 1 57
1 2 3 56
6 2 7 55
6 2 5 57
1 2 7 56
4 2 13 56
7 2 5 57
8 2 8 56
4 5 19 56
8 3 19 56
2 4 7 57
1 2 17 56
8 2 7 57
5 2 10 56
3 3 9 56
1 3 15 56
3 2 15 56
5 2 15 56
8 2 9 57
2 2 11 57
7 2 13 56
1 4 11 57
4 3 12 56
5 3 12 57
6 2 15 57
8 3 19 57
2 3 18 57
5 3 21 57
4 3 31 57
6 2 32 57
8 2 31 57
5 2 1 58
8 2 1 57
3 2 2 56
6 2 6 56
4 2 6 55
2 2 1 57
5 3 2 58
4 4 3 57
6 2 6 56
4 3 11 57
7 2 17 57
6 2 16 57
2 2 15 57
2 2 27 57
4 2 3 58
8 2 7 57
7 2 16 57
5 2 21 57
3 2 22 57
1 2 6 58
5 2 16 57
2 2 17 57
4 2 8 58
3 3 12 57
7 4 11 57
6 4 13 57
4 2 10 58
8 2 12 57
4 3 13 58
4 2 16 58
2 5 16 58
5 2 22 58
1 2 23 58
5 5 26 58
2 3 26 58
4 2 25 58
1 3 24 58
7 4 25 58
3 2 26 58
6 5 26 58
4 5 25 58
6 2 27 58
7 3 27 58
1 2 2 59
5 2 9 58
7 3 9 57
3 2 8 57
6 2 11 58
7 2 10 58
3 2 10 58
6 2 25 59
6 3 26 59
8 2 27 59
2 2 43 59
4 2 46 59
4 2 49 59
7 3 49 59
2 2 49 59
4 2 50 59
6 2 51 59
7 2 53 59
8 2 3 60
3 3 22 59
7 4 26 59
1 2 26 59
1 3 28 59
5 2 37 59
2 3 48 59
1 2 48 59
7 3 3 60
1 2 9 59
5 2 21 58
4 2 9 59
5 2 11 58
8 2 12 57
3 2 11 58
2 2 10 58
7 2 10 58
5 2 9 58
1 2 10 57
4 5 9 57
1 2 9 59
3 2 19 59
5 2 23 59
8 2 24 59
3 2 33 59
7 2 4 60
6 3 21 59
6 3 35 59
3 2 34 59
5 2 5 60
1 2 7 59
3 2 7 58
6 3 7 58
7 2 8 58
4 2 5 59
6 2 4 59
2 2 3 59
7 2 2 59
8 3 3 58
1 2 3 57
5 2 4 56
3 2 4 56
2 2 4 56
6 3 1 59
8 4 5 59
3 3 1 60
4 2 3 59
5 2 2 59
1 2 2 60
3 4 9 59
6 4 11 59
5 4 26 60
2 2 27 60
2 2 29 60
2 4 2 61
8 2 21 60
7 2 22 60
6 2 21 60
1 2 26 60
2 2 6 61
5 2 9 60
5 2 12 59
8 2 11 60
4 2 26 60
2 2 25 60
7 2 7 61
1 2 7 60
1 3 9 60
4 2 14 60
6 2 24 60
7 2 9 61
3 3 9 60
6 2 9 60
4 2 10 59
2 2 9 59
8 2 8 60
2 4 10 61
1 3 15 61
1 2 24 61
6 3 28 61
7 3 28 61
3 3 35 61
2 4 48 61
8 3 52 61
3 4 53 61
4 3 53 61
1 2 2 62
5 2 10 61
5 2 15 60
3 2 14 60
3 2 25 61
8 2 34 61
7 2 35 61
4 4 42 61
8 2 42 61
6 3 2 62
5 2 2 61
4 3 3 60
7 2 4 59
3 2 8 59
6 3 1 61
1 2 13 61
3 2 13 61
1 2 37 61
7 2 36 61
8 2 1 62
5 2 35 61
3 2 5 62
7 3 16 61
4 2 16 61
2 2 21 61
5 3 18 62
1 2 23 61
3 2 23 61
6 3 22 62
6 2 23 62
2 2 24 62
1 3 25 61
8 2 24 62
3 4 23 62
3 3 25 61
8 2 25 61
5 2 25 62
5 3 28 62
4 3 28 62
3 2 31 62
7 2 2 63
4 2 5 62
8 3 7 61
6 2 10 60
7 2 6 61
6 2 4 62
2 2 3 62
2 2 15 61
8 3 14 61
3 2 6 62
8 3 6 61
5 4 6 62
6 2 13 61
1 2 4 63
4 3 4 62
5 3 3 62
2 2 12 61
8 3 13 61
7 2 12 61
1 2 10 62
5 2 9 62
8 5 3 63
3 2 3 62
1 2 5 61
4 3 11 60
7 2 4 61
6 2 2 62
6 2 8 62
2 2 7 62
7 2 4 63
7 2 8 63
8 2 10 63
2 3 10 63
1 4 10 63
4 3 9 63
6 3 14 63
4 2 13 63
1 4 13 63
6 2 13 63
7 2 12 63
2 3 12 63
7 2 16 63
4 2 22 63
5 3 22 63
6 6 21 63
5 2 22 63
3 2 25 63
2 2 25 63
5 2 24 63
6 2 28 63
2 2 30 63
7 2 3 64
3 2 8 63
6 2 7 63
5 3 10 63
3 7 12 64
8 3 14 64
1 3 14 63
7 2 14 63
1 2 15 63
8 3 15 63
3 3 14 63
8 2 13 63
1 2 12 63
1 2 17 64
7 2 19 64
2 2 19 64
6 2 19 64
4 2 19 64
1 3 18 64
1 2 36 64
5 2 36 64
3 2 37 64
8 2 40 64
3 5 45 64
4 4 3 65
5 2 3 64
4 2 5 63
8 2 15 63
1 5 3 64
3 2 3 64
7 2 5 63
2 2 9 63
5 2 9 63
6 2 8 64
7 2 8 63
4 3 9 63
5 2 10 64
7 5 13 64
1 3 14 64
6 2 20 64
8 2 13 65
3 2 18 64
2 5 23 64
7 2 19 65
3 6 19 65
1 2 24 64
5 2 25 65
6 2 27 65
2 2 32 65
7 2 34 65
5 3 37 65
4 2 36 65
3 2 39 65
8 2 40 65
8 2 48 65
8 2 51 65
5 2 53 65
8 3 7 66
6 2 9 65
8 2 10 64
4 2 12 64
6 2 21 64
7 2 21 64
8 2 22 64
2 2 9 65
6 2 15 64
5 3 18 64
1 2 14 65
4 4 16 64
1 2 17 64
5 2 13 65
3 2 14 64
7 3 13 65
8 2 15 64
4 2 19 65
7 2 9 66
4 4 20 65
8 2 20 65
1 2 12 66
7 2 24 65
2 2 25 66
1 2 28 66
7 2 31 66
2 3 31 66
1 2 36 66
3 2 51 66
7 2 2 67
1 2 4 66
3 4 5 66
6 5 5 65
8 3 11 64
3 2 13 65
7 2 12 65
8 3 4 66
4 2 24 66
6 2 24 66
1 2 24 65
2 2 38 66
3 3 4 67
8 3 23 66
6 3 37 66
1 3 36 66
7 4 3 67
1 3 15 66
7 3 21 65
5 3 20 65
6 2 20 66
3 2 2 67
2 2 15 66
3 2 14 66
5 2 18 65
7 2 19 66
8 2 21 66
2 3 3 67
4 2 14 66
8 3 16 65
2 2 13 66
3 3 13 65
6 2 12 65
3 3 15 65
2 5 15 66
7 3 12 67
1 2 12 66
7 2 12 67
4 2 15 66
8 3 12 67
5 4 12 66
6 3 13 65
4 2 11 66
6 3 10 67
8 3 10 67
4 2 15 67
7 3 14 67
5 2 13 67
7 3 13 67
3 2 18 67
5 3 19 67
4 3 1 68
5 3 13 67
8 3 13 67
4 2 17 67
6 2 13 68
4 2 13 67
8 2 14 68
8 3 19 67
3 2 19 67
4 3 14 68
1 2 19 67
5 5 14 68
6 2 18 67
6 3 15 68
4 4 14 68
6 2 13 68
3 3 17 67
2 6 22 68
2 2 31 68
6 3 37 68
2 2 37 68
1 3 40 68
1 2 41 68
4 2 45 68
6 2 48 68
5 2 3 69
3 5 10 68
2 2 12 67
8 2 11 67
7 3 11 66
1 2 20 68
1 2 27 68
2 5 29 68
7 2 40 68
5 2 39 68
5 2 4 69
7 5 7 68
7 2 24 68
3 5 24 68
5 2 22 68
8 2 26 68
3 2 29 68
1 2 3 69
1 3 15 68
8 2 14 68
1 3 4 69
7 2 6 69
1 3 21 68
6 4 25 68
6 2 10 69
4 2 11 68
2 2 11 67
6 2 10 67
5 2 10 68
7 2 10 67
8 3 11 69
4 2 13 68
5 2 16 68
6 2 15 68
7 3 15 68
2 2 11 69
4 2 17 69
6 2 17 69
8 2 20 69
2 3 19 69
7 2 27 69
8 4 7 70
3 2 11 69
8 3 13 68
4 5 13 68
1 2 12 68
6 2 11 68
2 2 9 70
2 2 21 69
7 3 24 69
8 3 9 70
4 3 19 69
6 2 18 69
2 2 10 70
8 2 12 69
5 2 12 69
5 2 16 69
8 4 25 70
7 3 25 70
3 3 27 70
5 2 42 70
8 2 41 70
1 3 41 70
6 3 41 70
5 2 41 70
8 2 43 70
7 2 45 70
4 2 6 71
6 2 10 70
2 2 11 69
4 2 17 69
7 2 10 70
8 2 10 70
3 2 18 69
7 2 16 70
4 2 15 70
1 4 20 70
3 2 19 70
5 2 19 70
4 2 18 70
3 3 14 71
4 3 19 70
3 2 29 70
8 3 14 71
5 2 16 70
8 3 17 69
2 2 15 70
2 2 21 71
7 2 23 71
5 4 24 71
1 2 24 70
7 2 26 71
1 2 30 71
2 2 30 71
1 2 48 71
4 2 49 71
2 2 51 71
7 2 51 71
5 2 11 72
5 3 13 71
1 2 13 71
7 2 13 70
1 2 16 69
7 2 15 70
3 2 13 71
1 3 30 71
4 2 32 71
3 2 36 71
5 2 43 71
4 2 18 72
8 2 28 71
3 2 22 72
2 2 29 71
6 2 30 71
7 2 29 71
6 2 32 71
8 2 33 71
7 2 32 71
6 2 22 72
3 2 23 72
7 3 23 71
5 6 25 72
3 2 26 72
4 2 27 71
2 2 26 71
7 2 26 71
4 2 25 71
3 2 37 72
2 2 36 72
5 2 43 72
8 2 46 72
2 3 47 72
8 2 2 73
7 2 23 72
6 2 26 71
8 2 25 72
3 2 32 72
3 2 40 72
1 4 44 72
7 4 43 72
1 2 44 72
2 2 1 73
2 2 12 72
3 2 19 71
2 3 22 70
8 3 11 72
1 2 16 71
5 2 20 70
4 2 19 70
8 2 19 71
8 3 24 72
7 2 23 72
4 2 14 73
2 2 14 72
8 2 14 71
2 2 13 71
1 2 21 72
5 6 21 72
4 4 21 72
2 2 21 72
5 2 21 72
4 2 24 72
5 2 27 72
1 2 14 73
4 3 16 72
7 5 22 72
3 3 23 72
8 2 22 72
8 2 16 73
2 3 17 72
1 3 16 73
6 3 17 73
2 3 26 73
6 2 26 73
2 2 28 73
4 2 32 73
1 2 38 73
5 2 12 74
5 12 40 73
8 2 26 74
3 3 35 73
5 2 41 73
5 3 27 74
5 2 36 73
7 2 29 74
8 3 29 73
6 2 29 73
4 2 37 74
1 2 37 74
7 2 37 73
2 3 43 74
6 2 43 74
7 8 48 74
2 3 56 74
2 2 11 75
8 2 20 74
1 2 25 73
4 2 25 73
2 2 30 74
3 3 34 74
6 2 34 73
5 3 17 75
6 3 19 75
5 3 19 74
1 2 25 73
3 2 24 73
4 2 32 74
2 2 42 74
3 3 46 74
2 2 18 75
7 2 23 74
8 2 29 74
1 4 36 74
5 2 38 74
7 2 40 74
8 3 39 74
2 2 42 74
6 2 24 75
2 3 25 74
8 2 25 73
7 2 24 73
4 2 24 74
6 2 26 73
7 2 25 73
2 2 23 74
5 3 23 73
7 5 26 74
3 2 24 74
3 3 27 75
4 4 27 74
5 2 25 75
4 3 24 75
1 2 23 75
3 2 23 75
4 2 22 75
8 2 22 74
6 2 23 73
2 2 22 74
7 2 21 74
6 3 21 73
2 2 20 74
3 2 21 75
5 3 24 75
7 2 31 75
4 3 35 75
2 2 35 75
8 2 1 76
3 3 34 75
4 2 33 75
2 2 3 76
6 3 18 75
4 2 21 75
2 2 22 75
2 2 27 75
8 2 5 76
1 2 5 75
7 3 9 74
1 2 9 74
4 2 9 73
3 2 15 72
7 2 15 72
7 2 26 75
4 3 4 76
5 3 9 75
4 2 14 75
8 2 15 74
8 2 20 75
6 4 4 76
8 2 4 75
5 2 13 74
1 2 13 74
3 3 12 75
5 2 17 75
5 2 14 76
3 3 16 75
8 2 21 76
2 4 34 76
3 5 36 76
1 2 37 76
5 2 37 76
2 3 39 76
8 3 40 76
1 2 40 76
4 3 2 77
7 3 2 76
3 3 2 75
3 2 4 74
3 2 12 73
3 2 7 74
8 2 8 73
6 2 8 72
5 3 8 71
5 2 9 70
1 2 13 69
1 3 8 71
5 2 12 70
3 2 12 69
4 2 11 69
4 2 8 71
6 3 8 70
3 2 8 69
8 2 10 68
2 2 7 70
6 2 7 70
7 2 8 69
1 3 8 68
2 2 8 67
5 2 8 66
1 2 8 65
7 2 9 64
2 2 8 64
5 2 7 65
1 2 9 64
7 2 7 72
3 2 8 72
2 2 7 73
7 2 9 74
4 2 1 75
1 2 5 74
5 2 7 74
2 2 4 75
4 2 12 76
6 3 14 76
2 2 15 76
8 4 18 76
3 2 22 76
6 2 1 77
1 2 20 76
6 2 25 76
3 3 2 77
7 2 2 76
8 2 1 76
7 2 1 75
6 2 5 74
4 2 3 75
2 2 3 75
8 2 5 76
5 2 10 76
3 2 9 76
7 2 15 76
1 2 2 77
7 2 6 76
4 2 10 76
1 2 5 77
8 2 4 77
2 2 8 76
7 2 17 77
1 2 26 77
5 3 26 77
7 2 25 77
1 2 25 77
8 3 27 77
4 5 27 77
4 2 32 77
1 2 39 77
5 2 4 78
2 3 10 77
7 3 10 76
7 2 11 77
3 2 11 76
1 2 10 76
5 2 9 76
3 4 16 77
7 2 16 77
8 2 3 78
8 2 7 77
3 2 8 76
6 2 6 77
4 2 6 76
5 2 5 76
2 3 7 77
6 2 8 77
1 2 9 77
7 2 14 77
2 2 14 77
4 2 17 77
4 3 7 78
5 2 8 77
1 2 11 77
8 2 16 77
7 2 18 77
6 3 9 78
2 2 9 77
4 2 8 77
3 2 7 77
4 2 11 77
6 3 12 77
5 3 9 78
8 3 19 78
7 4 22 78
7 2 24 78
1 2 26 78
4 2 28 78
2 2 34 78
4 3 41 78
3 3 16 79
6 2 28 78
5 2 27 78
3 2 18 79
2 2 18 78
1 2 30 78
1 3 35 78
4 6 37 78
7 2 36 78
6 3 17 79
5 2 27 78
2 2 26 78
3 2 25 78
8 3 25 78
5 2 17 79
6 2 20 78
4 2 23 78
2 2 38 79
4 3 41 79
4 2 42 79
6 3 42 79
3 2 41 79
6 2 52 79
2 2 54 79
3 2 5 80
4 2 17 79
1 2 20 78
2 3 21 78
7 4 19 79
5 2 31 79
3 3 33 79
8 3 32 79
8 2 4 80
1 2 15 79
3 2 21 78
7 2 14 79
7 2 18 78
7 2 20 78
2 2 22 78
8 2 18 79
3 3 17 79
5 2 21 78
4 2 20 79
3 2 25 79
3 2 29 79
8 4 28 79
1 2 6 80
5 4 6 79
1 2 6 78
2 2 9 78
6 2 9 77
3 2 11 77
1 2 13 78
7 2 8 79
4 2 12 78
2 2 11 78
4 2 14 79
3 2 19 79
5 2 16 80
1 2 16 79
2 3 23 80
1 3 25 80
5 2 24 80
1 2 23 80
3 3 24 80
1 2 34 80
8 3 35 80
3 3 34 80
6 2 36 80
8 2 35 80
4 4 38 80
5 2 39 80
6 2 2 81
7 3 2 80
4 2 2 79
5 2 9 78
7 3 4 79
8 4 7 78
2 2 10 77
6 2 8 79
5 2 9 79
4 3 9 79
8 2 8 79
6 2 2 80
8 2 4 80
2 4 5 80
5 2 24 80
1 2 3 81
7 2 5 80
2 2 6 80
5 2 19 80
7 3 23 80
5 2 3 81
4 2 4 80
5 2 4 80
8 3 20 80
4 2 20 80
2 2 19 81
2 2 20 81
4 4 24 81
2 3 33 81
1 2 34 81
6 4 39 81
7 2 43 81
2 2 49 81
6 2 3 82
3 2 3 81
7 4 8 80
1 2 8 80
3 2 7 80
5 4 9 82
1 2 9 81
3 2 10 81
6 2 11 80
1 2 14 80
1 2 15 81
5 2 16 81
4 4 21 81
8 2 23 81
7 2 24 81
5 2 23 81
3 2 37 81
4 2 36 81
2 3 8 82
8 2 9 81
3 2 12 81
1 3 30 81
2 2 29 81
3 2 18 82
5 2 28 81
4 2 18 82
2 2 19 81
2 2 22 82
4 2 22 81
7 2 23 81
8 2 25 81
3 2 25 81
4 3 25 82
5 3 33 82
2 2 32 82
2 2 34 82
6 2 33 82
1 5 33 82
4 2 37 82
6 2 38 82
7 2 45 82
6 3 47 82
1 2 3 83
7 4 8 82
1 2 9 81
8 2 11 80
4 2 17 82
8 2 20 81
1 2 19 81
8 2 16 82
5 2 16 81
5 3 22 82
1 2 26 82
4 3 3 83
8 2 13 82
7 2 25 82
7 2 35 82
1 2 3 83
5 3 3 82
5 2 8 81
6 2 15 81
4 2 16 81
8 2 2 82
3 2 11 81
7 2 10 81
2 2 11 82
1 2 23 82
2 2 24 82
5 2 23 82
6 2 2 83
7 3 2 82
2 2 4 81
6 2 8 81
4 3 3 82
1 2 3 81
6 2 3 80
3 2 8 80
2 2 3 81
4 2 6 80
7 2 4 81
5 2 2 82
6 5 3 81
1 3 2 82
5 3 3 82
8 2 2 82
2 2 3 81
1 2 2 82
2 2 1 83
7 2 7 83
4 2 10 83
2 3 15 83
8 2 14 83
3 2 14 83
8 4 25 83
2 4 27 83
3 2 34 83
8 2 3 84
4 2 12 83
7 3 17 83
4 4 17 83
8 2 16 83
2 2 19 83
8 2 20 83
5 2 23 83
7 2 22 83
2 2 23 83
6 2 4 84
3 2 16 83
1 4 5 84
1 2 20 83
8 2 20 83
1 2 22 83
8 2 4 84
2 2 15 83
6 3 15 83
3 2 16 83
4 2 15 83
6 2 16 83
8 2 7 84
4 2 18 84
7 4 20 84
4 2 27 84
2 2 26 84
3 2 28 84
7 2 30 84
2 2 32 84
6 3 32 84
8 3 32 84
2 3 33 84
8 3 36 84
1 4 36 84
7 4 35 84
2 2 2 85
3 2 14 84
7 5 13 84
5 2 16 84
4 5 28 84
7 2 1 85
7 2 7 84
3 3 7 83
6 3 12 85
8 2 13 84
1 2 13 83
2 2 14 83
3 3 21 85
1 2 23 85
5 3 23 84
5 2 30 85
8 3 30 85
7 3 31 85
8 3 41 85
4 4 45 85
1 2 44 85
3 2 47 85
1 2 48 85
2 2 8 86
1 2 11 85
4 2 13 84
6 2 12 85
4 2 17 84
1 2 19 84
5 2 31 85
3 2 49 85
3 2 11 86
3 2 17 86
3 2 19 86
3 2 31 85
7 3 42 85
5 2 22 86
2 5 25 85
8 2 29 85
6 3 32 85
1 2 31 85
4 3 33 85
3 2 23 86
1 2 26 85
6 2 25 85
2 2 30 86
6 3 33 85
8 2 32 85
7 2 31 86
7 2 32 86
3 5 32 86
5 2 34 85
6 2 32 86
1 2 33 85
3 2 34 86
2 2 36 86
3 2 35 86
7 2 36 86
3 2 36 86
8 2 4 87
8 2 9 86
6 2 14 85
6 2 17 84
5 2 16 85
7 2 8 86
4 2 11 85
7 3 12 84
2 3 11 85
4 2 15 85
5 2 20 85
4 2 24 85
1 3 10 86
6 2 10 85
1 2 12 84
5 2 13 83
5 3 20 85
3 3 9 86
2 2 20 85
2 2 9 86
8 2 10 85
4 2 10 84
3 2 9 84
7 2 10 84
1 2 9 85
4 2 9 84
2 2 9 83
5 4 8 85
2 3 10 86
3 3 10 85
1 2 12 86
2 3 5 87
3 2 7 86
6 2 8 85
8 2 10 87
5 2 14 87
7 2 13 87
2 3 17 87
8 2 17 87
6 3 26 87
4 2 30 87
2 2 35 87
5 2 41 87
3 2 40 87
7 2 49 87
1 2 1 88
8 2 38 87
1 2 38 87
2 2 41 87
6 3 42 87
5 3 41 87
1 2 40 87
2 2 8 88
1 5 16 87
4 2 18 87
3 2 22 87
8 2 21 87
3 2 24 87
7 4 32 87
4 2 31 87
6 6 31 87
7 2 30 87
5 2 32 87
6 2 34 87
7 4 37 87
2 2 15 88
5 2 21 87
4 2 28 87
4 2 30 87
2 2 30 87
7 2 14 88
8 3 14 87
3 2 24 87
1 2 14 88
8 3 25 87
2 2 24 87
6 2 14 88
5 4 15 87
5 4 17 87
7 2 17 87
1 3 20 87
3 3 20 87
6 2 19 87
7 2 20 87
5 2 19 87
6 3 16 88
2 2 17 88
8 2 17 88
3 4 17 87
4 4 17 88
8 2 19 88
1 2 3 89
6 2 4 88
4 2 4 87
5 2 4 86
7 2 9 86
8 2 13 87
1 2 12 88
7 2 13 87
1 2 14 89
5 4 14 89
4 3 17 88
3 2 16 88
4 2 18 89
5 3 18 89
4 3 21 89
6 2 21 89
4 2 22 89
1 2 24 89
4 2 25 89
1 2 37 89
8 2 42 89
2 2 43 89
2 2 46 89
3 2 47 89
1 2 49 89
5 2 50 89
8 2 49 89
3 2 48 89
6 2 49 89
5 2 49 89
3 2 49 89
8 2 7 90
7 3 7 89
3 2 10 88
3 2 11 87
6 3 8 89
4 2 10 88
6 2 10 87
2 2 10 87
6 2 18 89
6 2 46 89
3 2 10 90
2 3 14 89
3 2 14 89
8 3 30 89
5 2 30 89
7 4 30 89
4 2 29 89
4 2 12 90
8 2 13 89
8 2 14 89
2 2 15 89
3 3 17 89
5 2 17 89
6 2 18 89
8 3 17 89
4 2 16 89
2 2 16 89
5 2 15 89
7 7 15 89
6 2 11 90
3 3 14 89
8 3 14 90
1 3 15 90
4 2 15 89
7 6 14 90
4 2 16 89
5 2 15 89
2 2 13 90
1 2 23 90
1 5 34 90
5 2 33 90
6 2 38 90
1 3 38 90
8 2 3 91
5 2 12 90
8 2 19 89
3 2 11 90
1 2 14 89
2 3 11 90
4 2 14 90
3 2 13 90
6 3 5 91
6 2 20 90
3 2 19 90
8 2 18 90
6 2 17 90
2 2 7 91
4 2 17 90
8 2 10 91
5 2 16 90
8 2 16 89
5 2 15 89
6 2 9 91
5 2 10 90
3 2 10 90
8 2 11 89
1 3 10 89
4 2 9 90
2 2 9 91
7 2 9 91
3 3 10 90
7 2 12 90
1 3 9 91
5 2 14 91
8 2 13 91
8 2 14 91
2 3 22 91
7 2 22 91
4 2 21 91
7 3 24 91
2 2 25 91
5 2 27 91
2 2 28 91
6 2 33 91
4 2 1 92
3 2 1 91
4 7 4 90
4 3 9 91
1 2 8 91
6 2 11 90
7 2 7 91
4 2 2 92
6 2 5 91
8 2 11 91
4 2 18 91
5 2 18 91
5 3 24 91
3 3 11 92
7 2 15 91
1 2 16 91
4 2 15 91
7 3 25 92
8 2 29 92
5 2 34 92
2 3 34 92
7 2 39 92
3 2 39 92
5 3 39 92
2 3 38 92
3 2 38 92
2 2 38 92
7 2 47 92
2 2 48 92
6 3 51 92
1 2 51 92
6 2 1 93
6 2 6 92
4 3 17 92
3 3 19 91
4 2 19 91
1 3 22 92
5 2 21 92
7 3 22 92
1 2 21 92
7 2 22 92
2 2 34 92
7 2 6 93
5 3 6 92
3 2 6 91
8 2 5 91
1 2 6 90
5 2 9 89
2 2 8 90
4 2 5 91
4 2 9 91
2 2 5 92
6 2 11 91
2 3 8 92
8 2 10 92
7 5 9 92
2 3 9 91
5 2 8 91
8 2 8 92
8 3 7 93
4 2 10 92
6 2 16 92
5 3 20 92
8 2 20 92
7 2 21 92
1 3 8 93
6 2 10 92
1 3 11 92
3 2 9 93
6 3 8 93
8 3 9 92
3 2 17 92
4 3 17 92
7 3 8 93
4 2 10 92
2 2 9 92
4 2 8 92
5 3 7 92
1 2 7 91
3 2 7 92
6 4 7 93
4 3 6 93
4 2 8 93
8 2 8 93
5 2 8 93
7 2 15 93
6 2 16 93
7 2 16 93
3 2 16 93
5 3 16 93
4 3 16 93
3 3 19 93
8 2 21 93
3 2 3 94
2 2 12 93
6 2 9 94
1 2 12 93
3 2 11 93
3 2 9 94
4 2 23 94
1 2 23 94
6 2 28 94
3 2 33 94
4 3 33 94
8 4 35 94
4 2 39 94
8 5 46 94
5 2 45 94
2 2 51 94
8 2 53 94
7 2 1 95
1 2 8 94
2 2 11 93
8 2 7 94
5 8 16 93
8 2 13 94
8 2 14 94
6 2 2 95
6 3 6 94
8 3 8 94
8 4 14 94
1 2 16 93
3 2 19 94
6 3 22 94
3 2 24 94
5 2 25 94
4 2 37 94
3 2 2 95
7 3 3 94
5 2 4 93
6 2 12 93
5 2 12 93
3 5 11 93
2 2 6 94
4 2 5 94
7 2 8 94
2 3 16 94
3 2 15 94
8 2 15 94
6 2 14 94
1 3 18 94
5 2 19 94
4 3 1 95
7 2 4 94
2 2 3 94
3 4 1 95
4 6 3 94
6 2 10 93
1 2 5 94
8 3 9 94
3 2 8 94
4 3 7 94
3 2 9 95
6 2 8 95
1 2 7 95
6 3 7 95
1 2 21 95
2 2 20 95
1 3 19 95
6 3 24 95
5 3 7 96
4 3 8 95
5 3 12 95
7 2 13 95
7 4 16 95
2 2 7 96
2 2 12 95
3 2 19 95
3 6 8 96
8 2 12 95
6 2 16 95
1 3 9 96
2 2 13 96
8 2 17 95
7 2 16 95
1 2 12 96
4 3 12 96
6 4 12 95
8 5 12 96
3 2 18 96
5 2 26 96
6 4 29 96
2 2 36 96
5 2 36 96
4 2 36 96
3 2 40 96
2 5 1 97
3 4 13 96
4 4 13 96
2 2 12 96
6 2 12 96
4 3 14 96
8 3 21 96
7 2 37 96
6 2 3 97
4 2 6 96
7 2 7 96
5 2 8 95
3 2 7 96
5 2 13 95
5 2 7 96
1 2 12 95
8 2 11 96
3 2 11 95
2 2 14 96
3 2 19 96
5 2 18 96
2 2 20 96
1 2 20 96
2 3 8 97
7 2 10 97
6 2 19 96
2 2 18 96
6 2 11 97
8 3 15 96
7 2 13 97
4 2 14 96
5 2 13 96
1 2 13 96
8 2 13 97
5 2 13 97
1 3 13 97
5 3 15 97
5 2 27 97
7 2 27 97
3 3 32 97
7 2 31 97
2 2 31 97
7 2 34 97
7 2 35 97
3 2 2 98
1 3 8 97
2 2 10 96
4 2 32 97
4 2 33 97
3 4 33 97
4 2 3 98
5 2 5 97
6 2 7 96
7 2 6 97
8 2 4 98
6 3 7 97
5 2 4 98
8 3 16 97
8 2 23 97
3 2 3 98
2 2 10 97
3 2 10 96
7 2 16 97
7 4 3 98
4 2 8 97
1 2 8 97
1 4 12 97
3 2 11 97
6 5 10 97
2 2 9 97
5 2 2 98
4 4 6 97
8 2 6 96
7 2 6 95
7 2 2 98
2 4 5 98
5 3 9 97
3 2 10 98
4 2 10 98
5 4 10 97
4 2 14 98
8 2 21 98
7 2 21 98
7 2 23 98
2 2 27 98
7 2 27 98
8 3 1 99
7 2 3 98
2 3 5 98
3 2 8 98
5 2 23 98
8 2 2 99
4 3 6 98
2 2 6 98
5 3 8 98
2 2 7 98
7 3 3 99
8 2 6 98
7 2 8 97
2 2 15 98
6 2 2 99
6 2 15 98
1 2 2 99
6 2 7 98
6 2 4 99
8 3 4 98
3 2 3 98
7 2 4 99
5 2 7 98
1 2 7 97
4 3 8 99
1 4 17 99
7 2 17 99
1 2 18 99
6 3 26 99
4 2 25 99
1 2 28 99
5 2 30 99
7 5 30 99
2 2 35 99
8 3 34 99
6 2 37 99
4 2 12 100
5 2 20 99
3 2 22 99
2 3 23 99
1 2 19 100
6 2 18 100
8 2 22 99
5 3 30 99
8 2 30 100
1 2 29 100
4 2 30 99
2 2 29 99
6 2 36 100
1 2 41 100
2 2 40 100
5 2 40 100
1 2 43 100
1 2 44 100
