5145
1579
7 2 8 1
3 3 17 1
7 2 17 1
1 2 20 1
3 2 20 1
2 3 25 1
3 2 27 1
4 2 27 1
6 5 30 1
7 3 30 1
7 3 32 1
1 2 31 1
5 2 37 1
7 2 39 1
8 2 40 1
2 3 43 1
2 4 8 2
3 2 10 1
5 2 9 1
6 3 11 1
8 2 29 1
6 2 31 1
5 2 32 1
7 2 13 2
7 2 17 1
2 3 24 1
3 6 27 1
3 2 16 2
7 3 28 1
2 2 30 1
6 2 30 1
7 2 17 2
5 3 20 1
8 2 19 1
4 3 19 2
3 3 21 1
1 2 26 2
3 2 4 3
6 3 6 2
4 2 6 1
2 2 12 2
4 2 17 1
1 4 13 2
5 2 12 2
1 5 7 3
8 2 11 2
1 3 11 1
6 2 8 3
4 2 8 2
1 4 9 3
5 2 9 3
6 2 8 3
3 4 15 2
4 3 13 3
5 2 14 3
4 2 15 3
6 3 14 3
6 12 18 3
1 2 1 4
8 2 7 3
3 2 9 2
7 2 11 2
8 2 1 4
2 2 3 3
4 3 3 2
8 2 3 1
5 2 3 1
7 2 6 1
5 2 7 1
2 3 5 2
7 2 3 3
3 2 11 3
4 4 10 3
6 9 2 4
7 2 9 3
1 2 3 4
3 2 8 3
5 4 8 3
1 4 9 4
5 2 11 4
6 2 10 4
2 2 9 4
1 2 11 4
2 2 13 4
6 12 14 4
4 3 15 4
7 5 4 5
2 3 7 4
7 3 8 4
3 3 7 4
8 2 12 5
5 3 15 5
4 3 16 5
8 3 15 5
3 2 14 5
3 2 16 5
7 2 16 5
6 2 19 5
6 15 23 5
6 2 2 6
5 2 2 5
3 2 3 5
5 2 6 4
4 2 6 3
1 3 5 3
7 3 3 5
1 2 4 4
2 2 3 4
4 2 2 4
1 2 2 3
8 2 2 5
4 4 2 6
5 5 5 6
2 2 9 5
6 2 12 5
2 3 12 6
4 2 21 6
3 2 24 6
6 3 27 6
6 2 29 6
6 2 34 6
8 2 5 7
1 2 6 6
4 2 7 5
8 2 6 5
3 2 17 6
2 2 18 6
7 2 21 6
3 2 22 6
4 2 21 6
2 2 9 7
4 3 22 6
1 2 21 6
4 5 9 7
1 6 11 6
5 2 10 6
3 2 9 6
2 2 12 6
7 2 11 6
1 2 11 6
6 2 9 7
8 2 14 6
5 2 13 7
6 2 12 7
6 2 22 7
6 2 26 7
5 2 2 8
3 3 3 7
8 2 8 6
2 3 10 6
3 2 6 7
7 2 6 7
2 2 6 6
5 2 5 7
6 2 6 7
7 2 9 7
7 2 11 6
3 3 10 6
6 2 8 7
4 2 8 7
8 3 9 7
5 3 9 6
2 2 7 7
2 2 1 8
8 2 4 8
1 4 3 8
2 3 3 8
6 3 2 8
4 2 6 7
5 2 4 8
7 4 13 8
6 2 15 8
2 5 14 8
8 3 19 8
6 2 21 8
5 2 20 8
2 2 22 8
2 2 24 8
6 3 4 9
3 3 4 8
8 2 5 7
1 2 11 9
7 2 12 8
5 2 11 8
2 2 11 9
7 3 16 8
1 2 21 9
2 3 21 9
6 6 27 9
7 2 4 10
3 4 11 9
6 2 13 8
7 2 12 8
1 2 12 8
4 2 12 8
6 2 11 8
8 3 7 10
3 2 12 9
2 2 25 9
4 3 6 10
7 4 16 9
7 3 27 9
2 3 5 10
5 2 10 9
8 2 10 9
8 5 15 9
6 2 20 9
3 2 14 10
6 2 14 10
1 2 19 9
7 2 18 9
3 3 18 10
6 6 19 10
6 2 24 10
1 2 23 10
1 3 3 11
6 2 5 10
3 2 9 9
2 2 8 9
3 2 7 9
7 3 5 11
1 2 11 10
3 2 11 9
2 2 11 10
4 2 15 10
5 2 10 11
4 2 10 10
5 2 10 10
8 2 9 10
3 2 12 10
8 3 12 11
7 2 22 11
3 3 21 11
5 2 22 11
8 2 24 11
6 7 26 11
4 2 32 11
6 3 1 12
4 2 1 11
8 2 1 10
4 3 4 9
4 2 8 8
6 2 1 10
2 3 2 11
3 3 6 11
8 2 6 11
1 2 7 11
6 4 8 11
3 2 6 11
4 2 6 11
2 5 15 11
6 7 3 12
1 2 5 11
3 2 4 11
7 2 7 10
5 3 6 10
2 2 7 11
3 3 2 12
4 2 4 11
1 2 11 11
7 2 1 12
3 2 9 11
7 3 6 12
6 2 9 11
8 3 10 12
3 2 12 12
1 2 16 12
2 3 20 12
2 4 21 12
5 2 21 12
6 5 12 13
8 2 15 12
6 2 15 13
5 3 18 12
7 2 19 12
4 2 26 13
4 2 30 13
8 2 29 13
8 2 5 14
5 3 10 13
2 2 11 12
6 2 18 12
8 2 17 12
2 2 17 12
2 2 13 13
3 2 13 12
1 2 14 12
1 2 29 13
4 2 4 14
4 4 10 13
2 2 12 12
7 3 14 13
5 3 20 13
7 2 7 14
1 2 11 13
5 2 11 12
3 2 12 12
6 3 10 13
5 2 7 14
6 2 8 13
3 2 8 13
2 2 12 14
4 2 13 13
8 2 13 13
2 4 20 14
5 5 19 14
3 2 21 14
7 2 24 14
8 2 26 14
5 4 3 15
8 3 10 14
6 2 10 13
7 2 9 14
2 2 10 13
1 2 10 12
7 2 9 12
6 2 10 13
8 2 11 13
7 2 12 14
6 2 4 15
5 2 9 14
4 3 12 13
1 3 9 14
5 2 12 14
6 2 11 14
7 4 11 13
4 2 4 15
2 2 5 14
3 3 5 13
2 2 7 13
4 2 8 12
3 4 6 15
3 3 8 15
8 2 19 15
3 5 19 15
2 2 20 15
6 2 24 15
1 2 23 15
2 2 23 15
7 2 23 15
4 2 23 15
2 3 26 15
1 2 1 16
7 2 13 15
4 3 5 16
5 2 24 15
1 3 25 15
8 2 5 16
2 3 10 15
6 5 21 15
4 4 8 16
3 2 12 15
3 2 17 15
5 4 18 16
7 2 18 16
4 2 24 16
7 2 26 16
1 2 26 16
5 2 6 17
7 2 8 16
6 4 10 15
6 2 15 15
2 7 9 16
1 2 9 15
8 2 19 16
4 2 6 17
8 2 9 16
3 6 7 17
2 2 13 16
6 2 12 16
7 3 17 17
2 2 28 17
8 3 30 17
2 3 33 17
8 3 3 18
7 5 4 17
1 2 7 16
6 2 7 15
2 2 6 15
5 2 10 15
7 3 10 15
4 2 13 16
1 2 3 17
8 2 3 16
7 2 5 15
6 2 6 14
4 2 5 14
5 6 3 16
8 2 5 16
7 3 1 17
3 2 4 16
4 2 9 15
3 2 8 15
2 2 4 16
5 2 5 15
6 3 3 16
8 5 6 17
6 2 14 17
1 3 16 17
2 2 2 18
8 2 16 17
5 2 18 17
3 2 19 17
3 3 2 18
4 2 2 17
8 2 3 16
6 2 1 18
7 3 7 17
4 3 8 17
5 2 7 17
4 2 13 17
3 2 6 18
7 2 6 18
2 2 11 17
8 2 11 17
7 2 13 18
5 3 13 18
4 2 15 18
6 2 3 19
2 2 3 18
6 2 6 17
8 2 3 18
6 2 9 17
7 2 9 17
4 4 3 18
2 3 7 17
5 2 2 18
1 4 3 19
1 3 5 19
6 2 5 19
4 2 4 19
6 2 5 19
7 2 9 19
8 2 9 19
4 3 8 19
3 2 16 19
7 2 21 19
5 2 20 19
3 2 20 19
3 3 23 19
3 2 9 20
7 2 9 19
6 2 13 19
1 3 18 19
8 2 24 19
8 2 10 20
5 2 11 19
2 3 10 20
4 4 18 19
6 4 9 20
1 4 17 20
8 2 19 19
2 2 19 20
1 2 25 20
7 4 26 20
1 3 9 21
7 2 9 20
3 2 23 20
4 7 8 21
3 2 12 20
1 2 18 19
6 3 17 19
5 4 17 19
6 3 11 20
1 2 15 19
2 2 19 20
7 2 10 21
4 2 14 20
4 2 10 21
3 3 18 20
5 2 13 21
7 2 19 20
5 2 19 20
3 2 23 21
5 2 27 21
8 2 27 21
4 2 27 21
1 2 29 21
4 2 30 21
7 2 29 21
8 2 1 22
2 3 18 21
5 2 21 21
6 5 22 21
7 2 2 22
8 3 8 21
2 2 11 20
6 2 13 21
4 2 14 20
3 2 14 19
8 2 13 19
6 2 19 21
8 2 19 21
5 4 2 22
3 5 5 22
2 4 15 21
5 2 4 22
6 2 15 21
1 2 15 20
4 3 5 22
8 2 5 21
1 2 6 20
1 2 7 20
5 2 6 20
1 2 14 21
4 2 7 22
8 2 6 22
6 3 8 21
6 2 12 22
8 2 13 22
1 2 13 22
2 2 18 22
5 2 18 22
3 3 6 23
7 2 13 22
5 2 7 23
2 2 7 22
7 2 7 21
2 2 8 20
7 2 8 20
5 2 7 20
4 2 8 21
3 2 8 23
5 2 10 22
8 2 12 22
1 2 11 23
1 2 12 23
8 2 11 23
7 3 14 23
3 3 14 22
7 2 17 23
5 4 19 23
5 2 21 23
3 2 22 23
7 3 21 23
1 2 20 23
7 2 8 24
2 2 18 23
3 2 18 23
7 2 21 23
7 2 9 24
8 2 10 24
5 4 11 23
4 2 12 22
3 3 10 23
6 2 12 22
6 2 9 23
8 2 10 22
8 2 9 24
2 2 9 24
8 2 13 24
2 2 13 24
4 3 13 23
4 2 13 24
1 3 14 24
3 2 18 24
4 2 21 24
1 3 27 24
1 3 2 25
3 2 12 24
4 2 24 24
6 2 27 24
1 2 9 25
1 2 23 24
6 2 22 24
7 2 9 25
2 2 22 24
5 2 12 25
3 2 13 24
4 2 17 24
5 2 19 24
5 2 28 25
7 2 27 25
2 3 29 25
7 3 30 25
6 2 31 25
1 2 31 25
4 5 5 26
3 2 7 25
5 2 9 24
1 2 10 23
2 2 10 25
8 2 11 24
1 2 11 23
6 2 10 24
7 3 9 25
2 3 9 24
3 2 13 25
8 2 22 25
2 5 20 26
1 5 21 26
4 2 20 26
2 4 21 26
8 2 28 26
6 2 28 26
7 2 27 26
1 2 29 26
8 3 30 26
4 2 30 26
3 2 30 26
7 3 32 26
4 2 34 26
3 2 35 26
4 3 2 27
8 2 22 26
3 2 1 27
3 3 4 26
6 2 8 25
2 2 10 25
8 2 12 26
7 2 12 25
6 2 13 25
5 2 18 25
3 2 24 26
6 2 24 26
3 3 8 27
7 3 9 26
6 2 15 25
2 3 10 26
5 2 10 27
2 4 21 26
8 2 20 26
1 2 11 27
2 2 10 27
7 2 18 26
5 2 13 27
5 2 14 27
1 2 18 26
1 2 19 27
4 2 19 27
6 2 1 28
7 4 1 27
4 2 5 26
5 2 7 25
6 2 10 24
8 2 9 24
4 2 8 25
5 2 15 27
2 2 14 27
7 2 4 28
1 2 4 27
5 2 4 26
2 2 4 25
4 2 6 28
1 2 11 27
7 3 7 28
3 2 9 27
7 4 17 28
8 2 17 28
4 2 16 28
3 3 19 28
3 2 26 28
4 2 29 28
1 2 34 28
2 3 34 28
8 2 1 29
6 2 3 28
6 2 4 27
1 2 4 26
7 2 6 25
1 2 8 24
2 2 7 25
8 2 7 24
3 2 7 24
6 2 5 29
4 2 7 28
2 2 7 27
8 2 6 29
6 2 10 28
1 2 10 28
5 2 9 28
7 2 9 29
2 2 9 28
8 4 10 28
4 2 13 28
5 3 12 29
8 2 12 28
3 2 21 28
6 2 21 28
2 2 14 29
2 2 19 29
7 3 20 28
1 2 19 29
4 3 19 28
5 2 21 29
8 2 24 29
4 2 3 30
3 4 9 29
1 6 11 28
5 3 11 28
7 2 10 28
4 2 10 28
8 4 12 29
4 2 11 29
7 2 13 28
6 3 12 29
3 2 12 28
2 2 11 29
3 2 13 29
6 5 7 30
2 2 7 29
6 2 11 29
4 3 17 30
2 3 24 30
8 3 30 30
3 4 3 31
3 3 15 30
3 2 25 30
3 3 4 31
7 2 10 30
7 2 11 30
4 2 11 30
4 3 14 30
3 2 23 30
1 4 12 31
5 2 16 30
5 2 22 30
4 2 12 31
7 3 13 30
6 2 14 30
4 2 13 31
3 4 13 30
8 2 13 30
5 3 16 30
3 3 20 30
2 2 19 30
3 2 16 31
5 2 17 31
1 4 18 31
7 3 19 31
7 4 3 32
1 2 12 31
4 4 17 31
2 4 3 32
4 3 6 31
6 2 7 30
5 3 7 29
6 3 9 30
8 2 6 31
8 2 8 30
5 2 7 30
1 2 7 29
3 3 7 28
6 2 6 30
2 2 5 30
7 2 4 30
1 2 5 31
7 2 4 32
2 8 4 32
2 2 7 32
5 2 12 32
4 3 24 32
8 2 27 32
2 2 36 32
2 2 37 32
8 2 2 33
1 2 3 32
8 2 8 31
6 2 5 32
3 3 4 32
5 2 4 31
4 2 3 31
7 2 3 31
2 2 15 32
1 2 15 32
6 2 16 32
3 2 16 32
5 3 15 32
3 2 17 32
4 3 4 33
8 4 10 33
7 4 12 32
3 3 14 32
8 2 12 33
5 2 14 32
7 3 18 32
8 3 13 33
8 2 17 32
3 2 13 33
5 2 17 32
4 2 13 33
6 2 14 33
2 2 19 33
5 2 20 33
5 2 21 33
3 2 1 34
5 5 2 33
7 2 8 32
3 2 11 32
6 2 10 32
8 2 12 33
6 6 17 33
8 2 20 33
6 2 2 34
8 2 2 33
8 2 4 33
1 2 12 32
2 2 11 33
1 2 13 33
2 4 13 33
3 2 12 33
7 3 7 34
4 2 8 34
1 3 7 34
2 6 9 33
7 2 11 32
8 4 10 33
6 2 9 33
8 2 17 34
4 2 2 35
6 2 2 34
5 2 4 33
2 2 3 33
3 3 4 33
4 2 3 33
1 2 1 34
5 4 3 33
4 2 6 34
3 2 8 34
7 2 8 34
8 5 1 35
7 2 1 34
6 2 2 34
7 2 2 33
5 3 1 35
8 2 2 34
3 2 1 34
2 2 1 33
1 2 1 33
6 3 1 33
6 2 8 32
5 3 1 33
4 4 2 32
3 2 1 32
8 2 2 33
2 4 1 33
8 2 3 33
3 2 9 33
5 2 8 33
6 6 7 33
5 2 13 33
2 3 13 33
4 2 14 33
6 3 14 33
6 2 15 33
7 4 19 33
7 2 1 34
4 2 3 33
3 2 4 33
4 2 5 33
5 2 3 34
8 2 3 33
2 2 2 33
6 2 4 34
5 3 3 34
3 2 5 34
6 3 5 34
4 2 6 33
1 2 6 32
5 3 4 34
2 2 10 33
8 5 6 34
4 2 5 34
3 2 4 34
1 2 9 33
7 2 5 34
4 2 6 34
3 2 6 34
1 5 7 33
2 2 7 33
6 2 5 34
4 2 4 34
4 2 7 34
3 2 7 34
1 2 2 35
5 2 3 35
2 2 6 35
7 2 11 35
7 2 17 35
3 2 17 35
6 2 16 35
1 3 16 35
3 3 16 35
3 2 24 35
5 2 24 35
5 2 5 36
7 2 31 35
4 4 7 36
3 2 17 35
1 3 20 35
7 2 19 35
8 3 6 36
8 2 8 36
6 2 8 35
5 2 7 35
4 2 8 35
6 3 9 35
3 3 16 35
2 2 8 36
2 2 19 35
2 3 9 36
5 4 14 36
4 3 14 35
3 2 16 35
6 5 13 36
1 2 14 36
2 3 17 36
8 2 18 36
2 2 27 36
6 2 6 37
7 2 7 36
6 2 7 35
8 2 13 35
3 2 12 36
2 2 13 35
1 2 5 37
4 2 14 37
5 2 17 37
8 2 18 36
6 2 17 36
2 2 17 37
1 2 17 37
8 3 18 36
1 2 18 36
7 2 17 36
5 4 27 37
6 3 29 37
8 2 29 37
7 2 34 37
5 4 3 38
7 3 4 37
8 2 7 36
7 2 9 35
3 2 7 36
5 2 9 35
8 2 12 35
2 2 6 36
2 3 3 38
6 3 5 37
8 2 19 37
3 2 27 37
3 2 2 38
4 3 3 37
1 2 4 36
7 3 4 35
4 2 6 38
5 2 12 37
2 2 11 37
7 2 12 37
7 2 5 38
5 3 21 37
6 2 6 38
6 2 18 37
4 3 5 38
1 2 5 37
8 2 4 37
4 3 16 37
3 3 4 38
7 2 7 38
2 2 7 38
1 3 8 38
4 2 9 38
8 2 13 37
7 2 8 38
8 2 9 38
5 2 11 37
6 2 10 37
1 2 12 38
7 2 13 38
8 3 3 39
3 2 5 38
7 3 8 39
1 2 11 39
8 3 11 38
2 2 17 39
4 2 19 39
3 2 23 39
2 3 25 39
3 4 24 39
6 2 29 39
7 2 29 39
2 3 29 39
3 2 28 39
1 2 27 39
7 3 26 39
5 5 26 39
5 2 27 39
3 2 6 40
6 2 28 39
7 2 5 40
1 2 24 39
2 2 5 40
2 2 16 40
7 2 16 39
7 2 21 39
2 2 24 39
4 2 23 39
3 5 19 40
8 2 18 40
6 2 19 39
2 2 18 39
1 3 18 40
5 2 27 40
7 3 28 40
6 2 27 40
2 2 28 40
3 2 9 41
8 2 18 40
8 2 20 40
8 2 25 40
7 2 24 40
8 3 9 41
1 2 12 40
8 2 11 40
5 2 10 40
6 3 8 41
5 2 12 41
7 2 13 40
5 2 16 39
4 2 12 40
6 3 14 39
2 3 11 40
1 2 11 41
3 3 20 41
8 2 21 41
5 4 22 41
5 2 29 41
1 2 34 41
7 2 9 42
1 2 15 41
5 2 30 41
7 2 13 42
6 4 20 41
7 2 19 41
5 2 18 41
2 2 19 41
8 4 13 42
3 2 15 41
7 2 26 41
1 2 24 42
2 2 26 42
8 2 27 42
6 2 29 42
7 3 31 42
5 2 5 43
5 3 7 42
1 2 7 41
8 2 11 40
7 2 24 42
2 5 24 42
4 2 24 42
5 2 23 42
8 2 22 42
7 3 7 43
4 2 10 42
4 2 11 41
5 2 11 41
2 2 10 42
3 2 12 41
4 6 19 43
6 2 19 43
6 2 20 43
1 2 22 43
2 2 25 43
3 2 28 43
2 2 28 43
7 2 27 43
4 2 28 43
8 2 28 43
4 2 34 43
3 2 34 43
3 2 3 44
3 2 8 43
1 2 12 43
2 2 11 43
4 2 10 43
1 3 10 43
8 3 11 42
3 2 14 42
1 2 7 44
2 2 7 43
1 2 10 43
7 2 10 42
2 4 14 43
5 2 15 43
8 2 15 43
6 3 15 43
6 4 7 44
5 3 11 43
7 2 18 43
6 2 13 44
2 3 12 44
4 3 11 44
1 4 11 43
5 3 11 44
5 2 14 43
2 3 13 44
8 3 13 43
2 3 6 45
3 2 14 44
7 2 21 44
6 3 10 45
6 2 13 44
4 2 14 45
4 2 19 44
1 2 16 45
2 3 16 45
5 3 16 45
8 3 18 44
1 2 19 45
7 3 30 45
2 2 9 46
3 2 13 45
6 2 13 45
5 3 15 44
8 2 18 45
3 2 17 45
4 2 22 45
4 3 9 46
4 3 17 46
8 2 22 45
7 2 17 46
2 2 21 45
7 2 20 46
5 2 20 46
3 3 26 46
5 2 41 46
7 2 41 46
4 2 1 47
3 2 6 46
7 2 13 45
8 2 14 44
4 2 14 44
5 2 9 46
6 2 11 45
5 3 5 47
5 3 11 46
2 2 12 46
3 2 16 45
5 3 15 46
3 3 11 47
1 3 18 46
3 2 26 47
6 3 28 46
5 2 31 47
4 2 34 47
7 3 34 47
7 2 35 47
8 3 3 48
2 2 5 47
1 2 8 46
1 2 14 45
8 2 7 46
1 2 7 45
6 4 6 45
3 2 6 44
7 3 6 44
2 2 6 44
6 2 8 46
4 2 7 46
2 2 7 46
2 2 8 45
6 2 7 46
5 2 6 46
8 2 7 45
2 2 6 46
4 2 5 47
1 2 6 46
4 3 6 46
4 2 7 46
6 2 7 46
8 2 7 47
6 3 12 47
4 3 17 47
6 2 4 48
1 3 6 48
2 3 16 47
8 2 15 47
2 3 8 48
5 5 11 47
1 3 16 48
6 4 17 47
4 4 17 47
6 2 25 48
5 2 28 48
7 3 33 48
5 2 32 48
3 2 32 48
7 2 33 48
7 4 9 49
3 3 9 48
7 3 11 47
2 2 11 48
7 2 13 47
1 2 12 47
6 4 12 48
2 2 9 49
1 2 18 48
2 2 24 48
5 2 23 48
3 3 17 49
7 2 17 48
8 2 17 48
2 3 18 48
3 3 21 49
6 3 27 49
5 2 31 49
7 2 32 49
3 2 4 50
5 2 9 49
3 2 10 48
7 2 13 48
4 2 14 48
1 2 14 48
6 3 14 49
7 2 14 48
8 3 13 48
3 2 21 49
4 3 21 49
5 2 6 50
5 4 10 49
5 2 12 49
6 2 12 48
5 2 16 50
6 3 18 50
7 2 18 50
2 3 20 50
8 2 28 50
5 2 30 50
7 2 36 50
6 2 1 51
2 5 9 50
6 2 9 49
4 3 10 48
2 2 13 49
1 2 13 49
6 2 12 49
8 3 9 50
3 4 9 49
3 2 4 51
6 3 4 50
7 2 7 49
8 2 10 48
4 2 6 49
2 2 5 49
1 2 7 50
5 2 22 50
7 3 5 51
3 2 17 50
4 2 23 50
1 2 10 51
2 2 18 50
7 2 14 51
5 2 17 50
6 3 18 50
3 4 16 51
3 2 18 50
7 2 17 51
7 2 30 51
1 3 4 52
6 2 4 51
4 3 7 50
4 7 13 51
8 2 17 50
2 2 21 51
7 4 21 51
3 2 21 51
5 3 22 51
5 2 12 52
4 3 20 51
6 2 15 52
2 2 15 51
1 2 16 50
3 2 15 51
5 4 16 51
2 2 20 52
5 5 22 52
7 2 32 52
7 2 5 53
1 2 25 52
7 2 28 52
8 2 10 53
4 2 22 52
2 2 21 52
1 2 13 53
2 4 13 52
6 4 14 51
7 3 14 51
5 2 13 51
6 2 12 51
3 2 13 53
4 2 13 52
1 3 12 52
5 2 12 52
7 2 11 53
3 2 14 52
1 2 14 52
5 3 13 53
8 3 15 52
7 2 15 53
2 2 15 53
8 3 15 53
7 3 15 53
3 2 14 53
6 7 13 53
2 2 16 53
4 2 15 53
1 2 15 53
3 2 15 53
5 2 15 53
1 2 15 53
7 3 16 53
2 4 1 54
6 2 3 53
7 5 8 52
2 2 13 52
3 2 2 53
6 2 5 52
5 2 6 51
6 2 8 50
5 2 7 50
4 2 7 51
2 2 6 51
8 2 4 52
2 2 4 53
8 2 7 52
7 2 5 53
8 2 3 54
1 2 5 53
8 2 5 54
4 2 5 54
6 2 5 54
5 2 4 54
7 2 9 54
1 2 16 54
1 3 19 54
7 2 18 54
1 2 19 54
8 2 24 54
7 4 25 54
2 2 3 55
6 3 17 54
2 2 18 54
3 2 17 54
8 2 3 55
6 2 7 54
5 2 6 54
2 4 7 54
4 2 13 54
1 2 3 55
6 2 6 54
8 3 7 54
4 2 6 54
4 2 8 55
3 2 11 54
5 2 10 54
6 4 10 55
4 2 9 55
7 4 10 55
8 5 11 55
6 2 11 55
6 3 15 55
6 2 22 55
7 2 24 55
8 2 4 56
5 3 9 55
4 2 9 55
6 2 3 56
8 6 6 55
1 2 6 54
2 2 7 54
6 2 6 55
5 4 6 54
4 4 16 55
1 3 2 56
3 3 7 55
3 2 10 55
7 2 11 55
4 2 10 55
2 2 6 56
5 3 11 56
7 3 24 56
7 2 25 56
7 3 27 56
4 2 2 57
6 2 12 56
2 2 14 56
3 2 3 57
3 3 4 56
1 3 6 55
7 3 6 54
6 3 5 56
4 2 3 57
7 2 8 56
7 3 12 56
1 2 15 56
1 2 4 57
4 2 12 56
3 2 3 57
3 2 9 56
4 2 8 56
8 2 7 56
5 2 3 57
1 2 3 57
3 5 9 56
7 2 7 57
4 4 8 56
8 2 6 57
7 2 8 57
3 2 11 57
7 5 11 57
4 2 12 57
2 2 12 57
7 2 12 57
3 2 1 58
1 4 1 57
5 2 4 56
2 2 7 55
8 2 3 56
5 2 5 55
5 2 20 58
3 3 20 58
4 2 20 58
2 2 20 58
7 2 19 58
2 2 21 58
2 3 26 58
5 3 26 58
4 4 30 58
2 2 29 58
6 2 29 58
8 2 30 58
7 6 30 58
7 2 32 58
1 3 4 59
8 3 6 58
4 4 8 58
5 3 8 57
8 2 7 58
6 2 8 57
7 2 7 58
3 2 7 57
2 2 15 58
1 2 7 59
3 2 6 59
7 2 7 58
4 3 12 58
8 3 13 58
8 3 6 59
2 2 16 58
3 2 12 59
8 2 14 59
4 3 14 59
2 3 16 59
5 2 16 58
8 5 18 59
7 10 18 59
2 3 6 60
1 2 7 59
5 3 7 58
3 2 10 58
7 2 9 58
6 4 12 59
7 3 6 60
7 2 8 60
3 3 8 60
2 3 10 59
5 2 15 60
3 3 16 60
7 3 22 60
3 2 25 60
7 2 25 60
8 2 27 60
7 8 27 60
8 2 8 61
8 2 19 60
8 2 9 61
4 2 16 60
2 3 15 60
1 2 9 61
6 3 18 60
2 3 9 61
3 2 14 60
4 2 20 60
7 3 10 61
8 2 11 61
6 2 14 60
8 2 15 60
4 2 14 60
7 2 11 61
8 2 14 60
5 4 13 60
3 2 11 61
2 2 11 60
1 3 10 61
6 2 10 60
8 4 10 59
6 2 17 61
4 4 17 61
7 7 19 61
8 3 4 62
3 2 6 61
5 3 7 60
3 2 8 60
2 2 6 61
7 2 6 61
7 4 7 62
1 2 7 62
5 2 7 61
3 2 12 62
2 4 15 62
7 2 15 62
2 2 15 62
3 2 15 62
4 2 16 62
3 2 17 62
4 2 27 62
7 6 28 62
3 2 8 63
2 3 15 62
8 2 14 62
5 2 8 63
1 3 10 62
8 2 10 61
2 2 9 62
3 2 9 63
5 3 9 62
4 2 9 62
5 2 14 62
7 4 14 62
2 3 14 62
2 2 8 63
3 2 15 62
8 6 20 63
7 2 19 63
2 2 31 63
6 3 30 63
8 2 29 63
7 6 30 63
4 2 1 64
7 3 8 63
1 2 8 62
6 4 8 61
3 2 7 61
8 2 7 62
4 2 6 62
6 2 4 64
3 3 7 63
3 2 11 63
3 2 23 63
2 2 3 64
8 2 3 63
1 3 8 63
7 2 14 63
6 2 7 64
2 3 10 63
8 2 11 63
4 2 13 63
3 2 8 64
5 3 14 63
4 4 8 64
6 2 11 63
7 2 13 63
1 3 12 63
2 3 8 64
6 2 9 64
2 2 14 64
7 3 17 64
8 2 10 65
3 2 15 64
3 2 18 65
5 2 28 65
3 2 27 65
7 3 30 65
2 2 31 65
6 2 31 65
6 2 37 65
1 2 39 65
7 2 39 65
