10520
3682
6 3 1 1
3 2 2 1
5 3 2 1
4 3 2 1
8 2 1 1
6 2 4 1
1 2 3 1
2 2 2 1
3 2 3 1
8 2 4 1
1 2 5 1
5 2 10 1
2 3 14 1
8 2 15 1
7 3 14 1
5 2 14 1
4 2 20 1
3 3 27 1
8 2 28 1
4 2 30 1
6 2 31 1
2 2 31 1
4 2 36 1
5 3 36 1
6 2 44 1
2 3 50 1
6 2 49 1
2 2 53 1
1 2 52 1
7 2 2 2
3 2 20 1
1 2 19 1
8 2 18 1
6 2 17 1
4 2 43 1
3 3 3 2
2 3 3 1
7 3 20 1
8 2 30 1
6 3 18 2
6 4 26 1
2 7 18 2
2 2 23 2
8 2 23 1
5 2 22 1
6 2 23 2
8 2 23 1
3 2 23 1
4 2 26 1
7 2 31 1
7 2 33 1
2 2 32 1
3 3 28 2
6 2 30 2
1 2 32 2
8 3 32 2
3 3 32 2
3 2 34 2
2 2 36 2
5 3 40 2
3 2 39 2
1 2 38 2
8 2 38 2
8 2 12 3
4 2 22 2
3 2 25 1
1 2 24 1
2 2 23 1
8 2 22 2
7 4 22 1
8 2 30 2
3 3 13 3
1 2 25 2
1 4 28 2
4 2 14 3
5 2 30 2
1 3 15 3
5 2 15 2
4 2 18 3
6 3 27 2
4 5 27 2
2 3 18 3
1 2 22 3
8 4 26 2
3 2 26 3
1 2 26 2
2 5 26 3
4 3 43 3
5 4 44 3
5 2 49 3
2 2 1 4
6 2 3 3
4 2 11 2
8 2 14 1
1 2 13 2
2 2 3 3
4 2 3 2
8 2 4 1
2 2 7 1
3 2 11 1
5 2 1 4
2 3 4 3
5 3 13 2
4 2 15 2
6 2 14 2
8 2 5 3
3 2 8 2
8 2 9 1
1 3 8 1
3 2 4 3
4 2 6 2
6 2 6 1
2 2 5 3
7 4 5 2
2 2 5 3
5 2 7 3
4 2 10 3
7 4 11 3
5 3 21 3
1 2 20 3
6 5 22 3
2 3 13 4
1 2 16 4
3 2 17 4
4 3 20 3
3 6 18 4
4 2 20 4
3 3 25 4
1 3 24 4
7 2 24 4
3 2 30 4
8 2 33 4
4 4 34 4
3 2 33 4
7 2 33 4
1 3 34 4
1 3 1 5
8 2 10 4
6 2 11 3
5 2 11 3
7 2 11 3
7 2 13 3
3 3 11 4
4 3 11 3
2 2 10 3
6 4 11 4
5 2 2 5
4 2 2 4
1 2 2 3
7 2 1 3
5 2 1 2
3 2 1 1
1 2 1 1
5 2 2 1
2 2 2 3
5 2 2 4
5 2 4 4
8 2 6 4
2 2 10 3
5 3 12 4
8 2 12 4
7 7 19 4
8 3 1 5
2 2 13 4
1 2 13 4
6 2 19 4
1 2 20 4
4 2 19 4
1 2 3 5
2 3 18 4
6 2 3 5
1 2 5 4
5 2 6 3
3 3 5 4
1 3 8 3
4 2 5 4
7 2 7 3
4 2 3 5
2 8 2 5
8 2 6 4
5 2 5 5
6 2 10 4
7 2 5 5
4 2 6 4
3 2 5 4
2 3 6 5
5 2 6 5
8 2 15 5
4 3 26 5
3 2 26 5
2 2 25 5
7 2 3 6
3 2 15 5
7 2 22 5
3 4 3 6
6 2 4 5
5 3 12 5
1 3 11 5
7 3 15 5
1 2 2 6
7 2 6 5
4 2 6 5
8 2 6 5
6 2 9 5
6 2 12 5
8 2 11 5
4 2 10 5
4 2 1 6
6 2 1 6
6 2 2 5
3 3 6 4
7 2 6 5
5 2 1 6
2 2 4 5
5 2 3 6
8 4 3 5
7 2 2 6
8 3 10 6
3 2 11 6
7 3 15 6
2 2 15 6
5 2 14 6
7 2 22 6
3 4 24 6
4 2 32 6
7 2 38 6
5 3 37 6
5 2 10 7
8 2 15 6
6 2 17 6
6 2 28 6
1 3 31 6
8 4 32 6
4 2 10 7
2 7 20 6
1 4 24 6
6 2 23 6
7 2 25 7
4 2 25 7
3 2 28 6
3 2 31 7
8 3 34 7
1 2 33 7
3 2 32 7
4 2 33 7
3 2 35 7
7 2 41 7
8 2 40 7
6 2 46 7
5 2 19 8
2 3 22 7
2 2 24 6
5 2 23 6
7 2 21 7
8 2 21 6
4 2 21 6
6 2 21 7
2 2 34 7
5 2 22 8
2 2 23 7
8 2 28 7
4 2 36 7
3 2 35 7
8 3 34 7
6 2 34 7
4 2 22 8
1 2 33 7
7 2 28 8
5 2 29 7
6 2 29 7
1 3 31 8
3 5 34 8
5 2 33 8
7 2 32 8
1 3 32 8
8 3 32 8
7 2 32 8
1 2 32 8
6 2 33 8
3 2 33 8
1 2 34 8
1 2 38 8
1 5 43 8
2 2 44 8
2 2 1 9
3 4 11 8
8 2 15 7
7 2 18 6
3 2 18 6
5 2 20 6
1 2 14 7
3 2 19 6
1 2 18 8
2 3 24 7
8 2 18 8
7 2 22 7
3 2 21 7
3 2 17 8
1 2 18 8
5 2 20 7
7 2 22 8
5 2 21 8
4 3 24 8
8 2 3 9
7 2 5 8
8 3 6 8
1 2 8 7
6 2 10 6
2 2 16 6
5 2 15 6
5 3 5 8
3 3 8 7
4 2 9 6
4 2 12 7
7 2 12 6
6 2 11 7
1 2 4 9
6 2 16 8
5 2 17 8
8 2 16 8
6 2 5 9
1 3 12 8
8 2 11 8
5 2 8 9
4 4 14 8
4 2 7 9
7 5 8 8
4 2 10 7
8 3 12 8
6 2 11 8
1 2 11 9
7 2 12 9
3 3 13 9
2 2 12 9
5 3 15 9
2 2 14 9
7 2 15 9
8 2 14 9
6 2 20 9
7 2 25 9
4 4 7 10
6 2 8 9
7 2 14 9
5 3 13 9
3 2 12 9
3 2 10 10
4 2 10 9
5 2 16 9
6 2 15 9
1 2 10 10
5 2 10 10
4 4 17 9
5 2 16 9
7 7 16 9
7 4 18 10
2 2 17 10
4 2 16 10
7 2 19 10
7 2 23 10
7 2 31 10
3 4 41 10
7 2 40 10
1 3 39 10
8 3 40 10
5 5 45 10
1 2 49 10
7 2 50 10
8 2 1 11
7 2 9 10
8 2 10 10
4 2 12 9
2 2 12 9
8 2 12 9
1 2 9 10
3 2 15 10
8 6 18 10
2 2 22 10
7 2 22 10
3 2 27 10
4 5 3 11
4 2 15 10
1 4 2 11
8 2 2 10
6 2 3 9
7 2 7 9
3 3 3 10
2 2 7 10
7 2 8 9
5 2 6 10
2 2 6 9
3 7 7 10
6 4 7 9
3 2 6 9
2 2 7 10
8 2 6 10
1 3 6 10
1 2 8 10
2 3 13 10
4 2 12 10
7 3 14 10
6 2 15 10
6 4 4 11
1 2 15 10
5 2 4 11
5 2 9 10
2 3 8 11
6 2 8 10
4 2 7 10
4 2 10 11
5 3 13 11
4 3 17 11
2 3 21 11
3 2 20 11
3 2 26 11
4 2 28 11
1 3 32 11
5 2 9 12
3 2 10 11
7 2 12 11
6 3 12 11
2 3 11 11
6 3 17 11
2 2 23 11
7 2 24 11
2 5 17 12
8 2 17 12
4 3 17 11
6 2 22 11
1 4 15 12
5 2 20 11
2 2 17 12
4 2 22 12
8 2 23 12
5 2 22 12
1 2 22 11
6 4 25 12
4 2 30 12
8 2 30 12
3 5 32 12
4 2 34 12
8 3 35 12
6 2 34 12
5 2 2 13
1 3 10 12
8 2 15 11
8 2 9 12
7 3 11 12
3 3 11 11
5 2 13 11
2 2 13 11
6 2 12 11
4 2 9 12
1 2 2 13
7 2 13 12
5 2 13 12
6 2 1 13
2 2 14 12
7 2 14 11
6 2 16 12
2 3 16 12
4 3 1 13
5 2 1 12
5 3 13 12
3 2 14 11
8 3 3 13
8 2 5 12
1 2 8 11
1 2 10 11
7 2 10 11
6 2 9 11
3 4 7 12
2 2 8 11
4 2 7 12
5 2 7 11
5 2 4 13
4 2 7 12
3 2 8 12
6 2 4 13
5 2 5 13
4 3 10 13
7 3 10 13
8 2 11 13
8 2 13 13
7 2 12 13
3 2 18 13
1 5 23 13
5 4 23 13
6 2 28 13
2 2 1 14
8 2 4 13
7 2 3 13
3 2 2 13
1 3 4 12
6 2 6 11
2 2 5 12
5 2 18 13
2 2 17 13
7 2 17 13
8 3 20 13
4 2 22 13
4 2 24 13
1 2 2 14
3 2 4 13
2 2 6 12
5 2 4 13
3 2 16 14
3 2 23 14
4 2 27 14
1 2 27 14
1 2 31 14
8 2 34 14
8 2 45 14
2 2 47 14
1 2 47 14
4 3 48 14
8 2 4 15
3 2 6 14
4 2 14 13
7 2 18 13
2 2 11 14
4 3 14 15
2 3 19 14
4 2 26 14
2 3 39 14
3 4 40 14
1 2 24 15
7 5 26 14
6 2 25 14
1 4 29 14
5 3 32 14
2 2 23 15
2 2 27 15
5 2 36 14
4 6 41 14
5 2 32 15
7 3 35 14
5 2 39 14
4 2 32 15
3 2 33 14
6 4 33 14
8 2 33 14
2 2 33 14
1 2 34 14
1 2 32 15
7 2 32 14
4 2 31 14
4 2 40 15
5 3 39 15
1 2 38 15
8 3 38 15
1 2 41 15
1 2 6 16
8 2 13 15
3 2 14 14
8 2 17 13
7 2 14 14
5 2 15 13
3 2 17 14
2 2 17 14
2 2 19 14
1 2 12 15
7 2 14 15
6 2 16 14
1 2 16 13
4 4 15 14
5 2 14 15
3 3 14 14
8 2 16 14
4 2 20 15
5 2 6 16
5 2 11 15
2 2 13 14
8 2 13 13
2 2 11 16
8 2 11 15
6 3 10 15
3 2 12 14
2 2 11 15
1 3 11 14
4 2 12 13
6 2 12 13
5 2 9 15
2 2 9 15
7 2 8 15
3 3 8 15
3 2 11 16
7 3 16 16
5 3 16 16
6 4 18 16
2 2 25 16
5 2 24 16
1 2 24 16
3 2 23 16
4 2 22 16
4 2 24 16
2 2 25 16
1 2 27 16
6 3 26 16
5 4 25 16
6 2 24 16
3 4 25 16
6 2 27 16
1 3 26 16
6 3 25 16
1 2 24 16
2 2 2 17
6 2 12 16
3 2 14 16
2 4 16 16
7 3 27 16
5 2 6 17
6 2 9 16
7 4 16 16
5 2 19 16
7 2 20 16
6 2 23 16
5 2 7 17
6 2 13 16
8 2 19 16
2 2 8 17
5 2 11 16
4 2 9 17
6 3 16 17
8 2 16 17
7 3 16 16
6 5 17 17
5 2 19 16
2 2 19 16
4 2 20 17
1 2 20 17
7 2 30 17
6 3 34 17
7 2 35 17
3 7 34 17
4 2 40 17
7 2 1 18
6 2 6 17
4 2 13 16
4 2 11 17
3 2 15 16
5 2 14 16
2 2 10 17
8 2 10 16
1 2 9 16
7 2 8 16
7 2 10 17
6 2 31 17
1 2 1 18
8 2 14 17
7 2 13 17
4 4 13 17
7 5 3 18
6 4 3 17
8 2 3 16
3 2 3 16
2 3 5 15
4 3 2 16
6 2 3 16
5 2 4 18
1 3 7 17
6 4 6 17
2 2 10 17
7 2 20 17
2 3 4 18
1 2 7 17
5 2 6 18
8 3 7 17
8 2 16 17
1 2 11 18
7 3 15 17
3 4 13 18
4 2 13 18
5 2 15 17
2 2 21 18
8 2 24 18
6 2 31 18
8 3 30 18
2 2 36 18
4 2 40 18
3 2 2 19
6 2 11 18
8 2 13 17
4 2 12 17
4 2 5 19
7 2 9 18
1 2 10 18
7 2 10 18
2 2 11 17
4 2 12 19
3 2 13 18
2 2 22 18
7 3 21 18
5 5 22 18
3 2 21 18
8 2 25 19
2 4 25 19
6 3 29 19
1 4 29 19
5 2 29 19
4 2 30 19
6 2 37 19
7 2 39 19
4 2 42 19
5 3 42 19
1 2 42 19
2 3 10 20
6 2 23 19
4 3 23 18
7 2 22 18
3 2 9 20
6 4 12 19
1 2 13 18
5 3 17 18
1 2 19 18
5 2 20 18
2 2 23 19
8 2 22 19
5 3 28 19
2 3 10 20
8 2 12 19
6 3 20 19
3 2 21 19
2 7 28 19
2 2 11 20
4 2 20 19
5 2 20 19
7 2 19 19
1 3 19 19
6 2 18 20
2 2 17 20
4 2 24 19
3 2 25 19
3 2 17 20
5 2 17 20
7 4 17 19
4 2 16 19
6 2 19 20
3 3 20 20
1 4 20 20
2 2 23 20
7 2 22 20
6 2 32 20
2 2 2 21
1 4 2 20
4 2 2 19
1 3 3 18
8 3 4 17
7 2 4 17
3 2 4 17
1 2 6 17
8 2 5 18
2 2 1 20
1 2 5 19
8 2 12 19
8 2 17 19
3 3 22 20
8 3 22 20
1 2 24 20
7 2 7 21
6 2 11 20
5 2 15 20
7 2 16 19
3 4 7 21
3 2 14 20
4 5 14 19
7 2 17 20
6 2 16 20
8 3 18 20
5 7 16 21
1 3 17 21
3 2 17 20
8 2 17 21
7 4 24 21
2 2 26 21
5 2 31 21
6 2 34 21
2 2 34 21
1 2 35 21
7 6 35 21
2 2 41 21
3 2 42 21
6 2 41 21
1 2 42 21
8 3 42 21
2 2 41 21
3 3 45 21
1 6 45 21
5 2 3 22
1 3 4 21
5 2 11 20
7 2 11 19
3 3 12 18
7 2 13 20
2 4 9 21
2 3 12 20
6 2 11 20
4 4 12 21
4 3 30 21
6 2 29 21
1 2 30 21
2 2 32 21
4 2 33 21
2 2 5 22
1 4 11 21
6 2 11 21
7 2 21 21
7 2 7 22
8 2 10 21
5 2 11 20
2 2 11 21
5 3 14 21
8 2 23 21
8 2 13 22
1 2 24 21
7 2 17 22
1 2 17 21
1 2 25 22
5 2 27 22
1 2 27 22
6 2 27 22
4 2 30 22
3 4 29 22
1 2 31 22
4 2 2 23
6 2 4 22
3 2 9 21
8 3 5 22
5 2 8 21
3 2 9 21
4 2 8 21
2 2 8 20
8 2 7 20
1 2 7 22
7 2 11 22
4 2 16 22
3 3 17 22
4 2 13 23
6 2 13 23
1 2 14 22
8 2 14 21
5 2 14 21
6 4 16 23
2 3 16 23
7 3 17 23
2 3 30 23
1 2 33 23
5 3 34 23
8 2 34 23
1 2 38 23
5 3 37 23
3 6 42 23
7 3 42 23
4 2 43 23
1 3 42 23
3 2 4 24
8 2 7 23
6 3 32 23
4 2 33 23
4 2 5 24
8 2 25 23
5 2 27 23
2 2 28 23
2 4 29 23
7 3 37 23
7 2 10 24
4 5 12 23
3 2 14 23
5 2 15 22
7 3 14 22
3 2 27 23
1 2 27 23
7 2 35 24
3 2 52 24
1 3 51 24
2 2 1 25
8 4 7 24
2 2 15 23
8 2 14 23
4 2 14 22
6 2 22 23
8 2 21 23
6 2 13 24
5 3 22 23
5 3 14 24
5 2 15 24
7 2 18 23
8 2 17 24
2 2 17 24
3 3 4 25
5 3 6 24
2 2 8 23
6 2 7 23
8 2 8 22
5 2 7 22
3 2 7 21
7 2 6 21
1 3 9 23
8 2 9 23
1 5 5 24
3 2 5 23
3 4 7 23
1 2 6 23
4 2 8 23
3 2 8 23
7 2 4 24
4 2 4 24
7 2 5 23
1 2 6 23
4 3 6 22
2 2 5 22
6 2 5 23
8 3 14 24
7 2 18 24
6 7 9 25
1 2 9 25
3 4 10 24
2 2 17 24
6 2 21 24
8 2 18 25
2 2 23 24
4 2 27 24
6 2 22 25
1 2 21 25
3 2 22 24
1 3 23 24
5 2 22 25
8 3 21 25
8 2 25 24
7 4 21 25
2 2 23 24
6 2 24 24
4 2 20 25
1 3 20 25
2 2 21 24
3 2 22 24
7 3 20 25
5 2 21 25
1 2 27 25
8 2 1 26
1 2 13 25
8 2 20 24
4 2 20 24
5 2 1 26
3 2 8 25
8 6 9 24
5 2 10 24
3 3 13 24
6 2 12 25
3 2 16 24
5 2 12 26
8 3 15 25
1 2 20 26
8 2 20 26
5 2 23 26
7 2 26 26
6 3 26 26
1 4 31 26
2 2 36 26
8 2 36 26
6 2 48 26
2 3 47 26
1 2 49 26
4 2 50 26
7 2 8 27
6 2 8 26
3 2 10 25
7 2 11 24
8 3 10 25
5 2 13 24
4 2 12 24
6 2 9 25
1 2 7 26
5 2 8 25
4 3 6 26
4 4 20 26
7 3 9 27
1 2 13 26
2 2 12 26
6 2 11 27
3 3 16 26
4 3 34 26
6 2 33 26
1 2 35 26
2 2 15 27
8 2 32 26
2 2 19 27
5 2 19 26
8 2 24 26
7 2 31 26
8 3 18 27
7 5 23 26
2 2 17 27
6 3 19 26
1 2 26 26
3 3 29 26
4 2 18 27
6 4 26 26
5 5 17 27
4 2 18 27
7 2 19 26
3 2 18 26
5 2 21 26
3 4 28 27
5 2 32 27
4 2 35 27
3 4 35 27
5 2 38 27
3 3 37 27
6 2 38 27
4 2 37 27
1 3 6 28
4 3 11 27
7 2 13 26
5 3 10 27
8 2 12 26
3 2 8 28
2 2 12 27
1 2 16 26
6 2 12 27
7 3 13 26
1 2 12 26
4 3 12 26
6 2 11 27
2 3 17 27
3 2 16 27
3 3 17 27
6 2 8 28
3 3 10 28
2 2 10 27
2 2 14 26
4 2 13 27
5 2 14 26
6 2 13 27
7 2 12 27
8 2 11 28
8 3 12 28
6 2 22 28
2 2 26 28
5 2 27 28
7 2 33 28
7 3 34 28
2 2 35 28
8 2 35 28
1 3 35 28
8 2 39 28
3 2 7 29
5 2 34 28
1 3 10 29
5 3 10 28
8 2 15 28
8 3 31 28
3 2 31 28
5 2 36 28
2 2 11 29
6 2 23 28
6 2 30 28
1 4 10 29
2 2 25 28
3 2 24 28
7 2 25 29
3 2 25 29
1 2 27 28
1 2 29 28
1 2 34 29
4 2 35 29
8 2 43 29
3 7 42 29
8 2 41 29
2 2 44 29
8 2 5 30
7 2 5 29
6 2 5 28
6 2 11 27
3 2 4 28
2 2 7 27
5 2 6 27
4 2 5 27
1 2 4 29
5 2 12 28
4 2 12 29
1 2 12 29
8 2 21 29
5 2 22 28
6 2 22 28
2 2 44 29
4 2 5 30
8 2 5 30
4 2 10 29
5 2 18 28
4 2 19 28
8 2 9 29
2 2 25 29
3 3 13 30
1 2 13 29
2 2 14 28
6 3 13 29
3 2 13 29
3 3 14 30
3 4 31 29
1 2 30 29
2 2 13 30
7 3 13 29
6 2 14 28
4 2 13 28
5 2 12 29
1 2 14 28
6 2 16 29
5 3 15 29
4 4 20 29
1 2 12 30
2 2 20 29
7 3 13 30
1 2 14 30
7 2 15 30
5 2 14 30
8 6 14 30
5 2 18 30
8 2 17 30
4 2 20 29
7 2 17 30
3 4 19 29
5 3 20 30
3 2 22 30
4 2 21 30
8 2 24 30
8 4 27 30
4 3 28 30
2 2 1 31
7 4 8 30
3 2 8 29
5 2 8 28
7 2 8 28
7 2 9 28
4 6 11 30
5 3 12 30
2 2 11 30
6 3 11 30
8 3 11 29
4 2 12 29
7 3 11 30
6 3 11 30
5 2 16 30
1 3 18 30
4 2 4 31
2 4 9 30
3 2 11 29
2 2 11 28
4 2 10 30
7 6 7 31
3 2 9 30
5 2 9 29
3 2 13 31
5 2 21 31
2 2 21 31
3 3 20 31
5 2 21 31
6 3 21 31
8 2 21 31
7 2 20 31
8 2 35 31
6 3 9 32
7 2 12 31
8 2 16 31
2 3 22 31
5 3 22 31
1 2 21 31
4 3 12 32
5 4 17 31
8 3 19 31
7 2 21 31
4 2 29 31
3 5 18 32
7 2 18 31
6 2 19 31
6 2 20 31
4 2 22 31
3 2 19 32
8 2 21 31
2 2 20 31
3 2 27 32
2 2 28 32
1 3 33 32
2 3 32 32
8 6 33 32
3 3 33 32
7 3 33 32
4 2 40 32
6 2 39 32
6 2 44 32
5 2 43 32
8 2 42 32
1 3 42 32
2 2 42 32
7 2 1 33
3 2 12 32
4 5 27 32
8 2 2 33
7 2 3 32
3 2 7 32
8 2 7 31
8 2 11 30
2 2 10 30
5 2 6 31
7 3 8 33
8 3 19 32
3 2 34 32
1 2 7 33
7 2 7 32
2 3 14 32
3 2 17 31
7 3 16 31
6 3 15 32
3 2 14 32
5 2 13 32
6 2 7 33
8 2 7 32
2 2 12 31
1 3 8 32
1 2 11 31
6 3 10 31
4 2 10 31
7 2 7 33
4 3 7 32
3 2 8 31
5 2 8 31
2 2 6 32
2 2 11 32
2 2 9 33
8 2 9 33
4 3 9 33
6 2 11 32
7 2 8 33
2 2 9 33
6 2 9 32
5 2 8 32
4 4 24 33
3 2 31 33
6 4 31 33
2 3 33 33
6 2 33 33
4 2 3 34
5 4 5 33
3 2 9 33
1 3 8 33
8 2 8 32
5 2 8 33
1 4 7 34
6 2 8 33
7 2 8 32
1 2 8 34
3 2 23 33
2 4 14 34
8 2 19 33
2 2 15 34
4 2 16 34
6 3 19 34
3 2 19 34
8 2 22 33
4 2 20 34
5 3 32 34
8 2 40 34
8 2 42 34
3 2 48 34
3 2 50 34
4 3 1 35
3 2 1 34
4 2 11 33
8 2 12 33
5 2 15 33
8 2 13 34
6 2 14 33
3 2 16 33
7 3 39 34
7 2 3 35
4 3 25 34
3 2 26 34
2 2 34 34
2 2 5 35
2 3 23 34
6 2 22 34
8 2 26 34
2 2 6 35
3 4 6 34
2 3 14 34
8 2 14 34
5 2 28 34
3 4 28 34
5 2 28 34
7 2 7 35
8 2 7 34
7 3 6 34
5 2 10 33
1 2 15 33
5 2 11 34
3 2 20 34
6 4 20 34
2 2 19 34
1 3 7 35
7 4 7 34
6 2 9 33
4 2 8 34
6 2 7 34
4 2 7 33
3 4 8 35
1 3 13 35
5 2 12 35
2 2 16 35
5 4 16 35
6 2 16 35
8 2 21 35
2 3 35 35
5 2 35 35
3 2 12 36
8 2 30 35
1 2 30 35
8 4 12 36
1 2 14 35
4 2 14 35
6 2 18 35
4 4 21 35
1 2 16 36
3 2 19 35
8 2 19 35
2 2 18 35
5 2 16 36
7 2 21 35
4 2 23 35
1 3 17 36
2 2 21 35
6 3 21 35
6 2 16 36
4 2 16 35
5 2 19 36
4 2 20 36
5 2 21 36
2 6 21 36
7 3 21 36
8 3 22 36
6 3 27 36
8 3 30 36
2 3 32 36
3 3 33 36
6 2 33 36
2 2 34 36
2 2 41 36
3 3 40 36
8 2 40 36
5 2 1 37
8 3 7 36
4 3 11 35
8 2 18 35
2 4 6 36
5 2 9 35
2 2 10 34
7 3 8 35
1 2 10 34
7 2 9 35
3 2 8 35
6 2 7 36
2 2 9 36
8 2 11 36
1 2 10 36
1 2 13 36
2 3 28 36
8 4 1 37
1 2 1 36
7 4 4 35
5 2 13 36
1 2 2 37
6 3 4 37
3 2 7 36
2 2 7 35
7 3 4 37
6 4 11 36
7 2 14 36
6 3 18 36
8 2 17 36
4 2 12 37
5 2 12 36
3 2 11 36
1 2 12 37
7 5 12 37
1 5 16 36
2 2 18 37
8 3 24 37
8 2 25 37
2 4 28 37
5 2 29 37
7 2 29 37
8 2 32 37
3 2 7 38
5 3 12 37
3 2 15 36
6 5 8 38
8 2 9 37
7 4 12 37
6 2 11 38
7 2 14 37
3 4 19 37
4 2 24 37
3 2 10 38
2 3 16 37
8 2 15 37
7 3 15 37
6 3 9 38
1 3 11 38
5 2 15 37
3 2 19 37
8 2 12 38
7 3 11 38
8 2 15 37
8 2 16 37
6 2 15 37
7 2 13 38
3 2 13 38
8 2 16 38
5 4 16 38
3 2 18 38
5 2 18 38
3 3 20 38
6 3 22 38
8 3 23 38
2 3 9 39
4 2 17 38
7 2 27 38
4 2 8 39
1 2 11 38
1 2 14 38
5 2 18 38
7 2 12 39
2 2 18 38
8 2 23 38
7 3 20 39
5 2 19 39
1 2 19 38
3 2 19 39
8 3 20 38
7 2 28 39
8 2 32 39
5 2 40 39
2 3 39 39
8 2 38 39
7 2 39 39
1 2 39 39
4 2 40 39
3 2 41 39
7 4 2 40
4 2 2 39
5 2 2 38
8 2 13 37
2 2 12 37
8 2 5 38
2 2 6 37
4 2 10 37
5 3 5 38
5 2 13 38
2 2 12 38
2 2 1 39
5 2 6 38
6 2 6 37
7 2 7 36
4 2 5 37
3 2 5 38
1 2 6 39
6 2 10 39
5 4 16 39
1 2 17 39
3 4 2 40
4 2 21 39
7 2 4 40
3 2 13 39
2 2 18 39
7 2 17 39
5 2 3 40
7 2 7 39
6 2 7 38
4 2 9 39
8 2 9 39
3 3 12 39
6 2 11 39
3 2 10 40
7 3 14 40
5 2 14 39
3 2 13 39
1 4 13 40
2 3 13 39
7 2 12 39
8 3 12 40
5 2 11 40
6 4 14 40
6 2 24 40
7 2 28 40
5 2 29 40
2 2 37 40
7 2 38 40
1 2 38 40
8 2 37 40
6 3 38 40
5 2 38 40
8 4 38 40
4 3 38 40
4 2 1 41
4 2 7 40
2 4 7 40
2 3 16 40
1 2 15 40
2 3 24 40
6 2 23 40
7 2 25 40
2 2 25 40
7 6 7 41
8 2 8 40
7 2 8 39
6 2 7 40
5 2 12 40
4 4 12 40
3 2 8 41
6 2 13 41
8 2 13 40
4 2 19 40
2 2 13 41
7 3 22 41
6 2 21 41
3 3 29 41
6 2 30 41
8 2 29 41
5 2 28 41
4 2 29 41
3 2 34 41
6 2 34 41
1 2 48 41
5 3 6 42
8 2 10 41
3 2 15 40
2 2 14 40
7 2 14 41
6 2 14 40
8 5 15 41
7 2 20 41
4 3 34 41
3 6 33 41
4 2 8 42
7 2 33 41
6 2 32 41
3 2 32 41
7 2 31 41
3 2 9 42
7 3 21 41
5 4 32 41
4 2 12 42
6 2 28 41
1 2 27 41
8 2 27 41
7 2 26 41
8 2 12 42
5 3 21 41
4 2 20 42
8 3 20 41
2 3 19 41
2 2 22 42
6 3 23 42
5 2 23 42
6 3 29 42
5 2 28 42
2 3 29 42
3 2 28 42
1 6 28 42
4 3 28 42
8 2 27 42
2 2 27 42
4 3 30 42
3 3 1 43
2 5 2 42
8 2 3 41
1 3 5 40
8 2 5 39
8 2 6 38
1 2 9 41
5 2 10 40
1 2 11 40
3 2 9 41
2 2 13 40
6 3 12 41
7 2 4 42
5 2 4 41
7 2 9 40
6 2 5 42
4 4 10 41
1 2 9 42
1 2 3 43
3 3 3 42
1 2 6 41
1 2 4 42
3 2 4 42
2 2 2 43
6 3 4 42
5 2 8 41
1 4 5 42
6 2 5 42
7 2 4 42
8 2 3 42
4 2 6 42
3 2 4 43
5 2 5 43
1 2 11 43
1 2 26 43
4 2 26 43
4 2 28 43
7 2 29 43
4 2 30 43
2 2 36 43
4 3 36 43
7 3 36 43
4 2 36 43
4 2 3 44
3 5 14 43
3 3 34 43
6 3 33 43
2 3 3 44
6 2 8 43
7 2 8 43
8 3 16 43
1 2 27 43
5 2 26 43
1 2 9 44
5 2 11 44
5 2 22 43
2 2 24 43
2 2 12 44
3 4 22 43
6 2 13 44
8 3 14 44
7 2 23 43
8 3 15 44
5 2 16 43
3 3 17 44
7 4 18 44
4 2 18 43
2 2 19 43
4 2 22 44
7 2 22 44
3 2 23 44
5 6 24 44
6 2 35 44
5 2 34 44
2 2 33 44
4 2 1 45
5 3 2 44
7 2 4 43
3 5 9 43
8 2 9 43
7 3 10 43
4 2 9 43
7 2 8 43
6 3 7 44
6 2 11 44
8 2 14 44
8 4 20 44
2 2 19 44
4 2 6 45
2 2 13 44
1 2 15 44
1 2 8 45
7 2 11 44
8 2 10 44
8 2 13 44
6 4 13 44
3 2 12 44
7 2 11 44
4 2 8 45
4 4 10 44
1 2 11 43
6 3 14 45
3 3 15 45
8 2 14 45
2 2 14 45
4 3 17 45
7 2 18 45
4 6 27 45
8 2 27 45
1 2 26 45
4 2 27 45
1 2 32 45
2 4 32 45
8 2 36 45
5 2 36 45
1 5 10 46
5 3 31 45
7 5 13 46
2 2 17 45
8 2 18 45
5 2 17 45
3 2 17 45
3 3 19 46
1 3 31 45
7 2 22 46
5 2 28 45
3 3 30 46
6 2 30 46
1 2 31 46
8 2 35 46
3 2 45 46
1 3 45 46
8 3 48 46
8 2 4 47
3 5 13 46
7 2 17 45
1 2 18 45
4 2 17 45
6 3 13 46
4 3 15 45
1 3 12 46
8 2 20 45
6 2 20 45
7 2 22 45
5 3 13 46
1 2 15 45
5 2 18 45
2 3 13 46
8 2 13 46
4 2 13 45
3 2 13 45
1 2 13 46
7 3 29 46
3 2 3 47
8 2 14 46
5 3 14 45
4 2 16 45
6 2 23 46
7 2 9 47
3 3 13 46
7 2 15 45
6 2 12 46
5 2 9 47
2 2 9 46
2 2 10 45
6 2 8 46
1 2 8 46
5 3 10 46
7 2 12 45
1 2 13 46
4 2 9 47
3 4 9 47
8 3 12 46
5 4 9 47
8 4 9 46
4 2 12 45
6 2 8 46
2 2 9 46
7 3 12 47
4 2 18 47
3 2 20 47
2 4 24 47
1 2 24 47
5 3 24 47
6 2 24 47
8 2 23 47
3 2 24 47
6 5 23 47
8 2 26 47
1 2 26 47
5 3 28 47
8 2 2 48
1 4 17 47
2 3 16 47
1 2 21 47
4 2 10 48
3 2 10 47
1 2 9 47
4 2 12 48
5 4 13 47
2 4 13 48
6 2 20 47
8 2 19 47
5 2 18 47
3 2 13 48
7 2 12 48
4 2 14 48
1 3 14 47
4 2 13 47
8 2 12 47
7 2 11 47
8 2 14 48
4 2 18 48
3 3 21 48
2 3 20 48
4 2 19 48
3 2 19 48
6 2 24 48
6 3 25 48
2 3 31 48
8 2 30 48
8 2 32 48
6 2 2 49
5 3 4 49
6 2 9 48
7 2 9 48
2 2 17 48
5 2 24 48
8 2 7 49
2 2 7 48
4 2 7 47
3 2 9 47
2 2 9 49
2 2 21 48
7 2 20 48
1 2 11 49
4 5 13 49
5 3 18 48
6 2 19 48
1 2 12 49
3 3 12 48
2 2 15 48
4 2 23 49
1 2 27 49
7 2 31 49
5 3 32 49
5 4 36 49
6 2 36 49
7 4 36 49
4 3 37 49
7 3 48 49
2 3 47 49
1 2 46 49
5 3 46 49
2 2 46 49
5 2 2 50
8 4 3 49
1 3 2 49
6 2 4 48
5 2 12 48
2 2 16 48
3 2 2 49
7 3 16 49
3 2 25 49
5 2 30 49
4 2 4 50
8 2 5 49
4 2 7 48
5 2 6 48
7 2 7 47
8 2 6 47
3 2 6 48
7 2 8 48
8 2 7 48
1 3 4 49
6 4 20 49
4 2 19 49
6 3 26 49
4 2 8 50
5 2 8 49
8 2 10 50
8 3 14 49
1 2 15 50
6 2 14 50
7 2 20 49
8 3 16 50
4 2 21 49
2 2 24 50
1 2 27 50
3 2 30 50
2 2 29 50
8 2 29 50
2 2 29 50
7 2 28 50
6 2 5 51
1 2 13 50
4 4 13 49
3 3 12 49
6 2 12 50
1 2 19 49
3 2 12 50
7 2 15 49
5 6 6 51
8 2 7 50
6 2 9 49
5 2 13 49
7 2 6 50
8 3 9 50
3 2 9 49
2 2 8 49
8 2 11 49
2 3 10 49
4 2 8 50
3 2 7 51
2 2 7 51
1 4 7 50
3 2 7 49
1 2 6 49
4 2 7 48
8 2 7 50
1 2 19 51
7 3 21 51
8 2 20 51
5 2 20 51
3 4 20 51
6 2 21 51
5 2 20 51
2 2 21 51
4 2 20 51
6 2 22 51
8 3 22 51
8 4 29 51
8 2 35 51
5 2 36 51
1 2 45 51
3 2 45 51
4 2 44 51
7 2 43 51
7 2 4 52
7 4 15 51
2 3 15 50
3 2 15 51
4 2 3 52
5 2 12 51
4 4 17 51
5 2 3 52
2 2 6 51
4 3 6 50
5 2 5 50
3 4 4 52
1 2 18 51
8 2 23 51
3 3 24 51
4 2 23 51
3 3 7 52
6 2 15 51
7 2 15 51
5 2 7 52
4 3 9 51
7 2 10 50
2 2 10 51
8 2 9 51
3 2 8 52
8 3 18 51
8 2 12 52
1 2 12 51
6 2 11 52
8 2 11 51
3 2 13 51
1 3 11 52
4 2 16 51
1 3 17 51
3 2 14 52
5 2 14 51
6 5 14 51
2 3 13 51
2 3 20 52
8 2 22 52
5 2 22 52
5 3 26 52
6 2 25 52
2 2 6 53
5 3 8 52
7 7 12 51
2 4 7 53
3 2 13 52
7 2 12 53
8 3 14 52
3 5 14 52
7 2 15 52
2 3 19 52
5 2 18 52
2 3 11 53
5 2 19 52
6 3 14 53
2 2 13 53
1 3 14 52
6 2 16 52
2 3 15 52
1 2 16 53
3 2 19 53
6 3 21 53
7 2 26 53
8 3 27 53
4 2 29 53
8 4 30 53
2 2 30 53
7 2 30 53
6 2 36 53
8 4 35 53
2 3 5 54
8 4 5 53
4 2 8 52
6 2 4 53
8 2 10 52
3 2 3 53
6 2 3 52
7 2 3 51
6 3 9 50
2 3 3 51
1 2 1 52
4 5 4 51
1 2 3 51
8 2 2 53
6 3 1 53
7 3 2 53
2 2 18 53
1 3 5 54
6 2 11 53
1 2 10 53
3 2 12 53
3 2 19 54
2 4 20 54
4 3 20 54
2 3 21 54
5 2 22 54
2 4 28 54
8 2 28 54
7 2 27 54
3 2 30 54
4 3 30 54
6 3 37 54
5 2 37 54
5 2 38 54
1 2 38 54
6 2 44 54
4 2 3 55
2 2 3 54
8 2 2 54
7 2 8 53
7 2 10 54
3 2 10 54
5 2 11 53
8 2 10 53
6 2 9 53
5 2 8 53
2 2 10 54
4 5 12 54
6 2 17 54
1 3 18 54
2 2 27 54
6 2 26 54
2 2 28 54
3 3 28 54
6 2 27 54
6 4 4 55
4 2 7 54
3 2 11 54
1 2 3 55
1 2 11 54
2 3 13 54
3 5 13 54
1 2 22 54
6 2 22 54
8 3 7 55
6 2 9 54
8 2 8 55
1 2 9 55
6 2 17 54
4 2 11 55
5 2 11 54
8 2 17 54
2 2 17 54
1 2 13 55
5 3 12 55
3 2 12 54
6 2 11 54
2 2 10 54
2 2 14 55
8 2 13 55
3 4 15 55
4 2 17 55
8 2 17 55
1 2 17 55
8 2 18 55
7 3 18 55
6 2 17 55
2 4 17 55
7 2 2 56
5 4 2 55
3 2 5 54
7 3 2 56
7 2 6 55
4 2 10 54
7 2 8 55
5 2 8 54
8 2 8 54
4 2 8 55
3 2 7 55
6 3 1 56
8 2 6 55
1 2 5 55
5 4 6 55
2 3 6 54
4 2 1 56
8 3 2 55
5 2 5 56
6 3 17 56
5 2 17 56
2 3 18 56
6 3 19 56
1 2 21 56
2 2 22 56
8 2 23 56
1 3 24 56
2 3 25 56
7 2 24 56
6 2 24 56
6 2 25 56
4 2 35 56
7 3 36 56
1 2 37 56
2 3 2 57
3 2 17 56
7 3 20 56
4 2 25 56
1 2 24 56
4 2 3 57
4 2 12 56
3 2 12 56
2 3 12 56
2 3 25 56
3 3 25 56
3 3 5 57
5 4 12 56
8 2 11 56
5 2 10 56
1 3 10 56
4 2 21 56
1 7 4 57
8 2 19 56
6 5 20 56
4 4 5 57
2 3 5 56
8 2 8 56
4 2 16 56
3 2 15 56
5 3 10 57
1 2 14 56
8 2 10 57
6 2 13 56
7 6 12 57
5 2 15 57
3 2 18 57
6 2 27 57
3 2 32 57
8 2 33 57
5 2 6 58
2 2 17 57
4 2 24 57
4 2 6 58
4 3 11 57
5 2 12 56
3 2 10 57
2 2 16 57
8 2 24 57
1 3 28 57
8 2 8 58
2 3 23 57
7 2 8 58
8 3 10 57
7 2 11 56
6 2 19 57
2 4 8 58
7 2 13 57
1 2 9 58
7 2 17 57
5 4 12 58
4 4 14 57
5 2 16 57
1 3 16 57
8 2 11 58
5 3 14 57
2 2 16 57
4 2 13 58
8 4 16 57
3 3 26 58
2 2 28 58
7 2 27 58
5 2 26 58
8 2 30 58
2 2 34 58
2 2 36 58
4 2 1 59
8 2 1 58
1 2 2 57
7 3 2 56
3 2 2 55
4 2 3 54
6 2 3 57
8 3 2 58
3 2 12 57
5 3 2 58
4 2 2 57
2 2 5 58
4 2 7 57
3 2 6 57
6 2 5 57
7 2 4 58
1 3 3 58
6 7 5 58
8 4 4 58
7 2 8 58
4 2 17 58
7 2 5 59
2 2 10 58
8 2 13 58
6 2 7 59
4 2 7 58
8 3 6 58
2 2 12 59
6 2 11 59
4 4 15 59
5 2 15 59
3 3 15 59
8 2 14 59
1 3 13 59
8 3 15 59
1 2 24 59
3 2 27 59
5 3 30 59
1 3 31 59
7 5 33 59
1 3 35 59
1 2 7 60
2 2 15 59
1 2 15 59
2 2 25 59
6 2 27 59
6 3 14 60
4 2 25 59
6 4 28 59
8 2 16 60
5 2 20 59
3 4 20 59
4 3 22 60
3 2 28 60
2 3 27 60
2 3 31 60
7 2 33 60
4 3 34 60
4 2 36 60
1 2 39 60
1 3 41 60
4 2 45 60
8 3 10 61
1 3 19 60
4 2 22 60
8 2 22 59
5 2 26 59
8 3 27 60
4 2 26 60
6 3 26 60
4 2 32 60
6 2 15 61
7 5 21 60
1 2 24 59
6 2 20 60
4 2 20 59
2 2 23 59
8 3 22 60
8 7 16 61
7 3 21 60
5 3 16 61
6 2 27 60
2 3 27 60
1 3 17 61
7 2 19 61
7 2 24 61
3 3 26 60
5 2 31 61
1 2 39 61
5 3 39 61
7 2 45 61
4 2 47 61
6 2 1 62
7 3 2 61
7 2 10 60
7 2 15 59
3 2 14 59
7 2 16 59
3 2 17 59
7 2 5 62
1 4 5 61
2 2 5 60
8 2 12 59
5 3 11 59
1 2 8 60
4 2 10 60
2 2 10 60
6 2 12 59
6 2 9 60
3 3 10 59
7 2 4 61
4 2 20 61
4 2 26 61
3 3 36 61
7 2 38 61
5 2 7 62
5 2 11 61
1 2 20 61
6 2 19 61
6 2 8 62
8 2 13 61
6 2 12 61
3 4 8 62
3 3 15 61
8 2 28 61
4 3 7 62
2 2 8 61
7 3 11 61
3 3 17 61
2 2 18 61
2 2 22 61
5 2 10 62
1 2 15 61
7 2 15 61
4 2 19 61
2 2 9 62
8 3 10 61
6 5 11 61
7 2 15 62
4 2 18 61
5 2 15 62
8 3 17 62
6 2 17 61
1 2 17 62
2 3 32 62
3 2 31 62
5 2 11 63
6 4 14 62
5 3 20 62
2 4 22 62
5 2 23 62
6 3 25 62
2 2 12 63
2 2 14 62
5 2 17 61
6 2 16 62
8 2 16 63
8 2 19 62
1 2 19 62
8 2 17 63
4 2 16 63
5 2 19 62
3 2 16 63
7 2 18 62
1 2 17 62
5 2 18 63
7 3 22 63
4 3 24 63
3 4 25 63
5 4 41 63
8 3 40 63
7 3 41 63
6 3 41 63
2 3 10 64
7 2 12 63
4 2 25 63
8 2 25 63
5 2 27 63
4 2 29 63
7 2 17 64
8 2 20 63
6 3 24 63
7 3 28 63
1 3 31 63
3 2 32 63
5 4 17 64
2 2 23 63
4 2 22 64
2 2 30 63
7 2 25 64
5 2 25 63
6 2 28 63
3 2 40 64
7 2 39 64
2 2 39 64
1 2 44 64
7 2 46 64
2 3 52 64
6 3 7 65
7 3 29 64
2 2 28 64
7 5 32 64
3 2 30 64
2 3 33 64
1 2 40 64
6 2 40 64
3 5 42 64
7 2 6 65
2 5 14 64
1 2 25 63
7 3 13 64
1 2 13 63
5 2 13 62
8 2 12 63
1 3 14 63
8 2 20 63
7 2 20 63
3 2 19 64
3 3 11 65
4 2 14 64
8 2 15 64
3 2 14 64
6 2 15 64
1 2 15 63
2 3 14 63
7 2 15 62
4 5 14 62
6 2 15 64
4 2 25 64
5 4 17 65
3 2 20 65
6 2 20 65
7 2 24 64
6 4 23 65
8 2 24 64
4 2 24 65
5 2 27 65
6 2 28 65
7 3 29 65
2 2 29 65
6 3 32 65
5 2 31 65
6 2 32 65
7 2 31 65
2 2 33 65
4 2 39 65
4 2 10 66
5 2 23 65
2 3 29 65
5 2 28 65
7 4 36 65
5 2 35 65
1 2 13 66
3 2 22 65
3 2 27 65
4 3 27 65
6 5 27 65
1 2 26 65
2 2 26 65
6 2 27 65
2 2 19 66
8 4 20 65
2 2 21 64
4 2 22 64
1 2 19 65
6 3 19 65
7 4 18 66
3 2 19 65
8 2 18 66
4 2 17 66
7 2 17 65
5 2 24 66
6 2 24 66
6 2 25 66
8 2 28 66
7 2 35 66
8 2 37 66
1 2 37 66
5 3 38 66
7 3 1 67
3 2 4 66
6 2 16 65
5 2 17 65
4 2 5 66
6 3 1 67
2 3 2 66
8 4 2 65
5 2 11 64
3 2 2 65
4 2 7 64
5 2 8 63
7 2 8 62
5 2 8 61
4 2 8 60
8 2 7 60
7 2 7 65
2 2 7 65
1 2 6 65
8 2 6 65
6 2 6 66
4 4 6 66
2 2 6 65
1 2 7 66
6 2 16 66
4 6 20 66
5 2 15 67
4 2 15 67
2 2 18 66
3 3 18 66
8 3 15 67
2 2 14 67
3 3 15 66
6 2 18 66
2 2 20 67
4 4 20 67
7 2 22 67
1 2 24 67
6 2 23 67
5 2 24 67
4 4 34 67
8 2 38 67
7 3 38 67
7 5 6 68
4 2 7 67
1 2 12 66
1 3 14 66
5 2 14 66
7 2 13 66
8 2 15 67
2 2 18 67
4 2 23 67
6 2 23 67
8 5 22 67
3 2 6 68
3 2 7 67
4 2 12 67
5 2 17 67
1 2 21 67
5 2 24 67
2 2 6 68
7 4 9 67
5 2 10 67
2 2 9 67
8 3 11 67
1 5 12 67
4 2 11 67
2 2 10 67
3 2 11 66
8 2 5 68
6 2 8 67
1 2 7 67
4 2 9 66
3 3 12 68
6 2 14 68
2 2 16 68
5 2 17 68
7 2 23 68
7 3 24 68
3 2 25 68
1 2 29 68
5 2 29 68
7 2 38 68
1 2 38 68
3 2 37 68
4 2 36 68
2 2 1 69
8 2 2 68
2 2 3 67
8 2 8 66
1 3 1 68
4 2 3 67
5 2 1 68
1 6 4 69
8 2 6 68
4 2 7 67
7 2 5 69
6 3 20 68
7 2 10 69
1 2 26 68
5 2 28 69
2 2 28 69
6 2 38 69
4 2 38 69
6 3 38 69
4 3 41 69
4 2 42 69
6 2 45 69
7 2 50 69
5 2 49 69
8 2 48 69
5 2 47 69
4 2 47 69
8 2 46 69
1 5 47 69
7 3 4 70
1 2 11 69
1 2 14 68
8 2 20 68
7 2 13 69
5 3 13 69
4 2 16 68
8 2 20 68
7 2 21 68
1 2 12 69
3 4 17 69
4 2 17 69
6 2 21 68
7 2 21 69
4 2 3 70
6 3 3 69
3 2 6 68
6 2 5 68
2 2 14 68
5 2 2 69
4 2 8 68
5 2 7 68
6 2 6 68
5 2 6 67
8 2 8 69
5 2 9 69
2 3 9 69
1 2 19 69
3 2 20 69
4 2 4 70
5 2 9 69
5 2 17 69
2 3 16 69
1 3 9 70
8 2 11 69
6 6 9 70
5 2 13 69
3 4 12 70
7 3 13 69
8 2 14 70
5 2 15 70
5 2 18 70
6 2 18 70
6 2 21 70
2 2 20 70
3 2 19 70
5 2 18 70
7 2 23 70
2 4 31 70
3 5 33 70
5 2 33 70
8 2 36 70
6 2 4 71
7 2 15 70
4 2 19 70
6 2 30 70
6 3 33 70
8 3 36 70
7 6 6 71
8 4 8 70
1 2 11 70
1 2 16 70
8 2 16 70
5 3 18 70
4 6 25 70
7 4 27 70
3 2 26 70
5 3 27 70
4 2 27 70
6 3 8 71
6 3 16 70
5 3 23 70
8 2 22 70
5 3 17 71
7 5 20 70
1 2 16 71
2 3 17 70
8 2 16 71
3 3 17 71
5 2 16 71
7 2 22 71
2 2 23 71
6 2 24 71
7 2 30 71
4 5 31 71
1 2 30 71
6 2 5 72
3 2 6 71
5 2 11 70
6 2 12 69
7 2 11 71
3 2 12 70
4 2 15 70
8 2 17 71
4 4 5 72
7 2 6 71
2 2 9 70
4 2 9 69
6 2 8 69
7 2 11 71
2 2 10 71
5 4 4 72
4 4 6 72
8 2 6 71
6 2 6 70
3 2 6 69
4 2 10 71
7 2 10 71
2 3 10 71
2 2 7 72
8 2 11 71
5 3 11 71
3 3 10 71
1 2 7 72
5 4 9 71
7 2 8 71
4 2 8 70
6 3 7 72
7 2 14 72
6 3 13 72
2 2 14 72
5 6 13 72
8 3 16 72
7 2 17 72
3 2 16 72
2 2 1 73
1 4 5 72
1 2 6 72
4 2 6 72
8 2 6 71
7 2 2 73
3 2 5 72
2 2 17 72
3 2 17 72
2 2 2 73
8 2 3 72
1 4 5 72
6 2 12 72
6 2 13 72
2 2 12 72
1 2 14 72
2 2 13 72
7 3 2 73
8 4 9 72
8 2 13 72
2 2 2 73
6 2 3 72
5 2 6 71
2 3 3 73
6 3 6 72
5 2 2 73
1 2 2 72
4 4 2 72
8 2 2 71
7 2 3 71
5 2 5 72
4 2 3 73
7 3 4 72
3 3 3 73
8 2 6 73
8 3 10 73
4 2 12 73
2 2 14 73
7 3 15 73
6 2 14 73
5 3 17 73
6 2 16 73
5 2 24 73
7 2 27 73
6 2 2 74
5 2 3 73
6 2 4 72
4 2 3 73
3 3 3 73
7 2 11 73
4 3 3 74
2 3 11 73
6 2 11 73
4 2 14 73
1 5 15 73
8 4 5 74
7 4 6 74
5 3 6 73
3 3 5 74
5 2 7 73
4 3 8 73
5 3 8 73
1 2 7 73
2 2 6 74
2 3 11 73
1 2 9 74
6 2 10 73
2 2 16 74
3 2 16 74
6 3 16 74
2 2 23 74
7 6 22 74
4 3 25 74
8 2 26 74
3 5 27 74
6 2 26 74
8 4 1 75
3 2 1 74
8 2 7 73
7 2 8 73
2 2 1 74
8 2 7 74
4 2 8 74
7 2 9 74
3 2 2 75
4 2 10 74
5 2 9 74
7 2 8 75
8 3 12 74
3 2 11 74
8 3 8 75
7 4 11 74
4 2 12 74
1 3 7 75
5 2 7 75
2 2 8 74
8 2 6 75
6 3 9 74
3 2 8 74
1 3 8 74
5 2 6 75
8 2 8 75
5 2 12 75
7 2 13 75
2 2 12 75
1 2 11 75
8 2 16 75
2 4 18 75
1 2 20 75
2 2 20 75
3 2 22 75
7 5 23 75
4 2 26 75
2 2 29 75
1 2 5 76
4 2 17 75
8 2 18 75
1 2 24 75
2 2 23 75
7 2 9 76
2 2 11 75
8 2 11 75
1 2 11 75
5 2 11 75
1 2 13 75
6 3 15 75
4 2 9 76
3 3 9 76
5 2 13 75
7 2 12 75
4 2 11 75
3 2 20 76
6 2 21 76
7 2 24 76
5 3 26 76
3 2 32 76
5 2 31 76
5 2 33 76
1 2 32 76
3 2 32 76
4 3 36 76
3 3 38 76
6 2 44 76
3 2 43 76
8 2 44 76
4 4 45 76
2 2 48 76
3 2 13 77
7 2 16 76
6 2 21 76
3 7 22 76
8 2 23 76
7 3 24 76
2 2 23 76
8 2 38 76
8 2 14 77
8 2 17 76
1 2 21 76
5 2 29 76
6 2 30 76
6 2 14 77
2 4 22 76
8 2 27 76
1 2 27 76
3 3 27 76
5 2 26 76
2 3 15 77
5 2 18 76
6 2 22 76
1 3 22 76
8 2 21 76
6 2 16 77
7 2 15 77
4 2 25 76
3 2 15 77
4 5 16 76
1 3 15 76
6 2 17 76
2 2 18 77
8 2 19 77
6 2 28 77
3 2 27 77
1 2 26 77
7 3 27 77
5 4 27 77
8 2 10 78
7 3 15 77
2 3 15 76
5 2 18 77
1 2 18 77
4 3 15 78
5 2 16 77
6 2 18 76
5 2 17 76
2 2 16 78
4 2 19 77
2 2 19 77
8 2 17 78
1 3 17 78
2 2 17 78
5 2 16 78
8 2 20 78
2 2 21 78
6 2 22 78
7 2 24 78
4 3 25 78
3 2 34 78
5 2 34 78
1 2 33 78
4 3 35 78
7 3 41 78
7 2 45 78
2 2 8 79
1 2 10 78
2 2 10 77
3 2 8 79
1 2 11 78
7 2 12 77
8 2 11 78
3 2 39 78
6 2 38 78
3 5 11 79
8 2 24 78
2 2 28 78
2 2 30 78
1 2 29 78
8 2 16 79
1 2 19 78
8 2 25 78
3 2 24 78
8 2 17 79
7 2 19 78
4 3 25 78
5 3 22 79
4 2 31 79
4 3 32 79
2 2 33 79
8 3 41 79
6 2 42 79
4 2 41 79
1 2 42 79
2 2 42 79
4 2 44 79
2 4 47 79
3 2 3 80
5 3 6 79
2 3 18 78
6 3 19 78
7 2 21 78
6 3 20 78
7 2 19 78
6 2 6 79
2 3 6 78
7 2 15 77
3 2 12 79
2 2 11 79
8 2 19 79
1 2 22 79
7 2 22 79
2 3 29 79
3 2 30 79
5 2 7 80
8 2 21 79
5 2 27 79
6 2 26 79
5 2 11 80
8 2 23 79
7 2 23 79
3 2 14 80
2 2 15 79
6 3 18 79
8 2 28 79
6 2 26 80
8 4 31 80
3 2 31 80
3 2 32 80
4 2 33 80
3 2 41 80
8 4 42 80
6 4 41 80
7 2 50 80
5 2 1 81
4 2 1 80
3 2 11 79
1 2 11 78
6 2 14 77
3 2 13 77
1 2 12 78
5 2 12 77
4 2 11 78
5 2 10 78
4 2 10 77
8 2 19 79
1 3 19 79
7 2 4 80
7 2 9 80
4 2 16 79
7 3 21 79
8 3 14 80
1 2 13 80
4 6 13 80
8 3 13 79
7 2 12 79
3 2 11 79
2 3 11 79
6 2 13 79
1 3 10 80
8 3 9 80
6 2 10 79
3 8 9 79
7 2 9 78
4 2 8 80
5 2 1 81
3 2 15 80
2 8 11 81
5 2 11 80
4 2 19 81
2 6 25 81
3 2 23 81
5 2 24 81
8 3 27 81
6 3 27 81
5 2 27 81
5 2 28 81
7 2 30 81
3 3 38 81
4 2 38 81
8 4 38 81
6 2 39 81
5 3 38 81
2 2 39 81
8 7 48 81
6 3 3 82
2 3 6 81
5 2 12 80
8 2 13 80
4 2 12 80
7 2 11 80
6 2 9 81
6 2 14 81
3 5 33 81
8 5 31 81
7 3 30 81
6 5 30 81
3 2 29 81
2 2 29 81
7 2 11 82
7 2 13 81
4 2 10 82
3 2 22 81
5 2 23 81
2 2 27 81
3 2 9 82
1 2 19 81
8 2 22 81
8 2 27 81
5 2 27 81
6 2 15 82
5 2 29 82
7 3 30 82
8 2 31 82
3 2 33 82
6 2 35 82
7 2 1 83
5 2 4 82
2 2 7 81
4 3 31 82
1 3 32 82
3 2 31 82
3 2 8 83
5 2 8 82
1 2 16 81
3 2 16 81
8 2 21 81
4 2 20 81
6 2 19 81
4 2 8 82
7 2 16 81
8 2 7 82
6 2 13 81
5 2 13 82
7 2 12 82
3 2 12 81
8 2 14 81
3 2 13 82
5 3 13 81
5 2 10 83
8 2 12 82
7 2 12 83
1 3 11 83
4 5 12 83
1 2 16 83
2 2 24 83
3 2 27 83
2 3 26 83
6 4 31 83
2 6 34 83
3 3 34 83
8 6 38 83
2 2 43 83
4 3 45 83
7 2 4 84
3 2 11 83
3 2 12 83
2 4 13 83
1 2 23 83
3 2 9 84
7 2 10 83
4 2 11 82
8 2 13 84
7 2 16 83
3 2 15 83
2 2 19 84
5 2 22 83
3 2 27 83
7 2 18 84
8 2 24 83
4 2 23 83
2 2 22 83
5 3 22 83
1 3 22 83
8 2 21 83
7 2 20 83
6 3 19 84
5 2 19 84
3 5 19 83
8 3 20 83
3 2 19 84
6 2 21 84
2 3 22 84
7 2 21 84
3 2 20 84
7 2 22 84
1 2 22 84
4 3 24 84
3 2 33 84
7 2 34 84
1 4 35 84
3 3 2 85
6 2 11 84
3 2 11 83
8 2 14 83
6 2 16 83
5 3 14 84
7 2 14 84
6 2 13 84
5 3 19 83
7 2 19 84
3 2 24 84
5 2 2 85
5 2 9 84
1 2 9 83
2 2 9 82
1 3 2 85
4 4 11 84
2 2 16 83
2 2 1 85
8 2 10 84
1 2 14 83
5 2 14 83
4 3 15 84
5 2 3 85
6 2 12 84
7 2 11 84
1 2 7 85
1 2 8 85
8 2 8 84
5 3 8 83
4 2 7 85
5 4 10 84
4 2 13 85
2 2 15 85
6 3 19 85
3 3 20 85
4 3 19 85
2 3 21 85
8 4 21 85
8 3 22 85
1 2 23 85
7 2 23 85
3 3 28 85
4 2 4 86
2 2 5 85
3 2 5 84
6 2 7 83
7 2 8 82
2 2 4 84
8 2 5 83
1 2 6 82
2 2 6 82
1 2 10 85
5 4 20 85
8 2 20 85
4 4 34 85
2 7 8 86
7 2 12 85
8 2 12 85
5 2 24 85
6 3 8 86
3 3 11 85
3 7 7 86
1 2 7 85
3 2 17 85
2 2 19 85
1 2 18 85
6 3 8 86
7 2 24 85
7 4 13 86
4 2 16 85
2 3 15 85
6 2 17 85
8 2 19 85
5 3 13 86
3 7 15 86
5 2 19 86
5 5 27 86
6 2 2 87
3 2 8 86
2 4 10 85
4 2 12 85
8 2 15 85
5 2 7 86
5 2 10 85
7 3 20 86
5 2 3 87
8 2 6 86
6 2 11 85
8 2 11 85
1 2 11 85
7 2 10 85
3 4 15 86
5 2 15 86
6 3 18 86
5 2 17 86
6 2 6 87
1 4 7 86
1 3 14 86
8 2 9 87
8 2 11 86
1 2 18 87
6 2 28 87
6 2 36 87
3 2 37 87
5 2 36 87
6 2 43 87
5 2 42 87
2 4 41 87
4 2 41 87
4 2 3 88
5 4 11 87
4 2 24 87
5 2 26 87
6 2 26 87
4 3 30 87
4 2 34 87
2 2 35 87
2 3 5 88
1 2 8 87
4 2 18 87
8 3 26 87
7 2 35 87
5 2 35 87
1 2 35 87
8 2 8 88
2 3 16 87
8 4 18 87
2 2 20 87
1 2 20 87
3 2 21 87
2 2 20 87
5 2 25 87
6 3 8 88
4 2 21 87
1 2 20 87
5 2 19 87
6 2 21 87
6 3 10 88
8 5 16 87
4 4 17 87
7 3 20 87
7 3 10 88
7 9 11 87
8 3 12 87
3 2 13 86
1 2 11 87
2 2 13 88
1 3 13 88
4 2 12 88
3 2 13 87
2 2 12 88
8 2 17 88
7 2 16 88
8 2 8 89
2 2 19 89
4 2 21 88
5 3 19 89
2 3 20 88
7 2 19 88
3 3 19 89
8 3 21 89
2 2 24 89
6 3 25 89
7 4 28 89
8 2 27 89
8 3 29 89
6 3 28 89
1 2 27 89
2 2 36 89
5 2 50 89
4 2 53 89
1 2 8 90
6 2 12 89
3 2 14 88
7 3 14 89
6 2 14 88
1 2 16 89
1 2 17 89
6 2 17 89
7 3 20 89
3 3 20 89
2 2 25 89
2 2 28 89
8 3 36 89
6 2 8 90
5 2 18 89
4 3 19 89
1 2 20 89
6 2 20 89
4 3 24 89
7 2 29 89
5 2 11 90
5 2 25 89
8 2 30 89
8 3 12 90
8 3 17 89
7 2 21 89
6 2 12 90
2 2 15 89
6 3 16 88
4 2 14 89
3 3 20 89
2 4 21 89
6 2 20 89
7 2 20 89
1 2 19 89
1 3 14 90
5 3 16 89
8 3 19 90
3 3 18 90
6 2 29 90
1 3 32 90
5 2 33 90
4 2 33 90
5 2 2 91
8 2 12 90
3 2 11 90
3 2 16 89
6 2 21 90
8 2 2 91
5 2 25 90
8 2 25 90
2 2 10 91
7 4 23 90
2 2 11 91
1 3 11 91
8 2 13 90
5 2 14 89
7 2 14 89
4 2 12 90
8 2 11 90
4 2 10 90
3 2 13 91
5 2 15 91
5 3 17 91
7 2 17 91
8 2 16 91
7 6 15 91
7 2 23 91
7 2 34 91
7 3 43 91
4 3 46 91
7 2 2 92
3 4 20 91
2 2 31 91
3 2 32 91
7 2 42 91
8 2 42 91
4 2 5 92
7 3 6 91
8 2 7 90
2 2 8 89
7 2 10 89
3 2 6 92
1 2 10 91
8 2 12 91
2 3 11 91
1 3 23 91
6 2 11 92
1 2 18 91
5 2 34 91
1 2 34 91
3 3 35 91
4 3 10 92
5 2 11 91
6 2 10 91
2 2 10 92
8 3 11 91
5 2 17 91
5 2 24 91
7 2 24 91
6 2 26 91
3 2 10 92
7 2 14 91
1 2 21 91
6 2 20 91
8 2 20 92
1 2 22 92
3 3 23 92
2 4 29 92
7 2 29 92
5 5 35 92
3 3 34 92
2 2 40 92
8 4 6 93
1 2 24 92
4 2 23 92
6 2 6 93
7 4 22 92
5 3 24 92
5 5 32 92
2 3 7 93
7 2 16 92
8 2 22 91
3 2 17 92
4 2 18 91
2 3 19 91
1 2 19 92
1 2 28 92
5 2 7 93
7 4 12 92
8 2 13 92
1 2 15 91
5 2 14 92
2 2 14 91
4 2 14 91
6 8 13 91
2 5 7 93
3 2 20 92
5 3 20 93
4 3 20 93
3 2 25 93
2 2 29 93
3 2 32 93
2 2 39 93
6 4 39 93
2 2 2 94
7 2 6 93
6 2 11 92
5 3 6 93
5 2 13 92
4 3 17 92
4 3 9 93
6 2 12 93
2 2 14 92
1 2 14 93
2 3 14 93
4 2 14 93
4 2 27 93
8 2 27 93
1 2 30 93
8 4 8 94
6 3 8 93
7 2 17 93
2 2 20 93
4 2 20 93
6 2 19 93
1 2 20 93
8 3 8 94
5 3 13 93
7 2 12 93
3 2 10 94
3 2 17 93
5 2 16 93
8 2 9 94
1 2 9 93
5 2 10 92
8 2 13 91
3 2 13 91
2 3 8 93
7 3 12 93
6 3 12 93
1 2 10 94
2 2 10 93
4 3 10 92
1 2 11 91
8 3 10 94
5 2 17 94
1 3 21 94
2 2 22 94
5 3 22 94
7 2 28 94
3 5 29 94
1 2 29 94
1 3 7 95
1 2 12 94
4 2 15 94
7 2 18 94
5 2 22 94
8 4 23 94
4 4 6 95
7 3 7 94
4 2 12 95
8 2 14 94
7 4 13 94
3 2 15 95
6 4 19 94
1 2 15 95
4 2 19 95
1 2 19 95
6 2 18 95
3 2 22 95
4 2 29 95
6 4 28 95
4 2 38 95
4 2 47 95
8 4 50 95
5 2 50 95
1 2 1 96
3 2 15 95
7 3 18 94
2 2 18 95
3 2 27 95
5 2 26 95
2 3 27 95
2 2 3 96
4 3 13 95
7 4 15 94
6 3 18 95
2 2 17 95
2 2 30 95
7 2 29 95
5 2 2 96
7 3 5 95
5 5 8 94
6 2 10 94
3 2 12 94
8 5 7 95
5 5 9 94
4 2 16 95
6 2 15 95
3 2 6 96
1 5 7 95
6 2 12 94
2 2 6 95
4 2 8 94
2 3 10 93
3 3 7 94
8 2 7 95
5 2 9 96
3 2 17 96
1 2 21 96
3 2 20 96
7 2 23 96
7 2 27 96
3 2 26 96
6 3 28 96
7 2 28 96
4 2 29 96
6 2 5 97
7 3 5 96
1 3 9 95
2 2 14 95
1 2 7 96
4 2 13 96
1 2 15 96
2 2 15 97
2 3 17 97
3 2 22 96
8 2 25 96
3 2 24 96
5 2 17 97
6 3 20 96
8 2 22 96
8 2 16 97
5 4 15 97
1 2 17 97
4 4 17 97
1 2 18 97
2 3 18 97
7 2 20 97
7 2 21 97
6 5 24 97
5 2 24 97
2 4 24 97
4 2 24 97
1 2 24 97
1 3 33 97
3 2 33 97
3 2 34 97
8 2 41 97
7 3 9 98
2 3 9 97
1 5 21 97
2 2 26 97
6 4 26 97
7 2 25 97
3 2 25 97
6 2 24 97
4 2 32 97
7 2 10 98
5 3 12 97
5 2 14 96
3 2 15 96
8 2 16 96
5 4 26 98
1 2 30 98
7 3 33 98
6 4 34 98
3 4 37 98
2 2 38 98
1 2 37 98
3 2 37 98
6 2 36 98
6 2 38 98
1 2 37 98
4 2 9 99
4 2 13 98
7 2 14 97
1 2 13 97
8 2 14 96
3 4 13 97
2 2 19 97
5 2 14 98
8 2 14 97
7 2 15 96
6 2 22 98
3 2 22 98
2 2 22 98
8 3 27 98
5 2 9 99
7 2 25 98
1 2 29 98
4 2 29 98
2 2 36 98
7 2 35 98
4 2 9 99
4 2 13 98
5 2 17 97
8 2 16 97
1 2 15 98
4 2 15 98
5 2 10 99
6 3 10 98
1 2 10 97
1 2 13 98
5 2 14 97
6 2 13 98
4 2 13 97
2 4 12 99
8 2 18 98
2 2 17 98
6 2 12 99
5 2 17 98
3 2 13 99
7 3 13 99
1 2 13 98
2 2 13 98
5 3 12 99
4 2 14 99
1 3 15 99
6 2 16 99
4 4 18 98
3 2 16 99
1 2 16 99
7 2 15 99
1 4 21 99
7 3 28 99
8 3 28 99
4 2 11 100
1 3 28 99
7 2 19 100
6 2 24 99
2 2 28 99
4 2 18 100
5 2 24 99
8 2 26 99
3 2 55 100
3 2 66 100
2 2 66 100
