6943
3768
5 2 29 1
6 2 35 1
4 2 37 1
5 2 56 1
6 2 62 1
4 3 64 1
4 2 74 1
1 2 74 1
4 2 82 1
6 2 88 1
8 2 27 2
3 3 27 1
7 2 31 1
8 2 34 1
7 3 39 1
8 2 39 1
3 3 49 1
2 2 48 1
3 3 53 1
4 2 57 1
5 2 58 1
7 2 75 1
8 2 75 1
3 2 44 2
2 2 66 1
8 2 68 1
5 2 71 1
1 2 71 1
8 3 45 2
7 2 48 1
6 2 61 1
4 2 66 1
8 2 60 2
3 2 61 2
3 2 63 1
1 2 61 2
2 2 61 1
1 2 38 3
5 3 38 2
1 2 38 1
6 2 42 1
8 2 52 1
2 2 53 1
1 2 52 1
7 2 55 1
2 2 41 2
1 2 45 1
6 2 44 1
4 2 43 1
5 2 51 1
1 2 51 1
8 2 45 2
2 3 45 1
7 4 46 1
3 2 44 2
5 2 55 3
7 2 54 3
2 2 57 3
5 2 61 3
4 2 63 3
5 2 68 3
7 3 67 3
4 2 27 4
2 2 28 3
4 2 38 2
3 2 38 1
8 2 41 1
2 2 29 4
6 3 32 3
2 2 34 2
4 2 35 1
3 2 34 2
5 2 36 1
1 3 35 2
6 3 34 2
5 2 37 3
7 2 52 3
1 2 57 3
8 2 61 3
7 2 63 3
7 2 28 4
2 2 39 3
6 3 52 3
8 2 51 3
2 2 33 4
4 2 37 3
7 2 36 3
6 2 39 4
1 2 54 3
8 2 41 4
4 4 42 3
2 2 52 3
2 2 48 4
3 2 51 3
5 2 48 4
4 3 49 3
1 2 56 4
2 2 57 4
6 2 25 5
2 2 39 4
7 2 38 4
8 2 44 3
3 2 47 3
3 2 37 4
6 3 42 3
5 2 44 3
1 2 36 4
5 2 46 3
7 2 41 4
1 2 30 5
4 2 31 4
8 2 31 3
8 2 32 3
6 2 38 3
7 2 30 4
7 2 32 3
2 2 32 5
2 2 43 4
8 3 32 5
4 2 36 4
8 2 36 3
7 6 35 4
6 2 36 4
4 3 38 4
1 2 38 5
8 2 43 5
1 2 44 5
8 2 60 5
4 2 65 5
7 2 66 5
1 2 33 6
5 2 39 5
6 2 42 5
2 2 41 5
6 3 46 5
4 2 52 5
2 2 53 5
6 2 53 5
3 2 57 5
2 2 33 6
3 4 34 5
2 2 34 4
3 2 37 3
6 2 36 5
7 2 42 5
3 3 48 5
5 3 41 6
5 3 51 5
6 2 51 5
7 2 41 6
1 2 44 5
1 2 47 5
2 2 47 5
8 3 47 5
7 2 44 6
5 4 46 5
6 2 51 6
7 4 52 6
3 2 53 6
4 2 52 6
5 2 55 6
1 2 39 7
6 3 55 6
8 2 44 7
4 2 44 6
1 2 52 7
5 2 54 7
3 3 54 7
6 3 54 7
2 2 56 7
1 2 58 7
6 2 71 7
2 2 73 7
5 2 35 8
6 3 38 7
2 3 42 6
8 2 42 5
3 3 39 7
7 2 50 6
1 3 44 7
4 2 47 7
4 2 55 8
6 2 56 7
5 3 56 7
8 2 59 7
5 2 60 7
4 3 61 7
3 2 60 7
5 2 64 8
1 2 63 8
4 2 64 8
6 2 65 8
1 3 70 8
8 2 41 9
1 2 45 8
8 3 47 7
3 2 48 6
4 3 47 7
6 2 46 7
3 2 48 7
6 2 50 7
5 3 47 8
1 2 46 8
1 2 50 7
2 2 47 8
8 2 49 8
3 2 50 8
2 2 48 9
3 2 55 8
8 3 55 8
1 2 47 9
2 2 53 8
1 2 52 9
5 2 54 8
2 2 67 9
4 3 9 10
8 2 14 9
2 2 15 8
3 2 16 7
8 2 20 6
7 2 23 5
7 2 24 4
5 2 28 4
6 2 28 3
6 3 19 9
1 2 28 8
5 2 34 7
2 3 41 6
8 2 41 6
4 2 34 7
8 2 34 6
1 2 41 5
2 2 31 8
6 2 33 7
7 2 39 6
4 2 39 5
8 2 36 7
2 2 37 6
4 2 38 7
3 2 37 8
5 2 36 8
6 2 36 8
3 2 35 8
4 2 36 7
1 2 24 9
8 2 29 8
4 2 29 7
4 2 32 7
7 2 35 6
5 2 36 5
5 3 31 8
7 2 34 9
6 2 41 9
7 2 40 9
6 2 47 9
1 2 47 9
4 2 17 10
2 3 33 9
1 2 28 10
1 2 31 9
4 2 30 9
8 2 33 9
5 2 33 9
3 5 41 9
8 2 29 10
4 3 32 9
3 2 34 9
8 2 33 9
3 2 29 10
7 2 29 9
7 2 41 9
8 2 41 9
1 2 40 9
6 3 36 10
4 2 37 9
8 2 37 9
8 4 42 10
2 2 55 10
5 2 8 11
6 2 23 10
2 2 24 9
5 2 26 8
3 2 26 8
6 2 25 8
3 2 24 8
6 2 27 9
7 2 32 10
5 2 38 10
1 2 52 10
4 3 58 10
6 2 8 11
1 2 11 10
3 2 11 9
6 3 13 8
2 2 19 7
5 2 20 6
5 3 23 5
3 2 27 4
8 2 30 4
6 2 23 5
8 2 24 4
3 2 24 3
5 2 28 2
3 2 31 1
4 2 27 3
4 3 22 5
3 2 26 4
7 2 26 3
2 2 30 2
1 3 30 1
4 2 24 5
3 2 18 7
7 2 25 6
6 2 27 5
5 2 24 6
4 2 21 7
1 3 21 7
8 2 20 7
8 2 15 8
1 2 15 8
5 2 15 7
5 2 18 6
6 2 20 5
2 2 20 5
6 2 18 6
7 2 19 5
8 2 17 7
1 2 18 6
6 2 17 9
4 2 22 10
2 2 26 10
1 2 29 10
6 2 31 10
6 2 36 10
1 2 36 10
7 2 43 10
8 2 43 10
6 2 44 10
2 2 44 10
4 2 28 11
3 2 42 10
1 2 31 11
2 2 34 10
4 3 58 11
1 2 66 11
8 2 6 12
3 3 6 11
2 2 10 10
5 2 11 9
4 2 11 8
4 2 13 8
7 2 14 7
3 2 10 11
7 2 10 10
1 2 11 9
3 4 14 11
6 2 17 10
2 2 23 10
3 2 22 10
7 2 22 10
2 2 14 11
5 4 14 11
1 2 17 10
4 3 22 9
7 2 16 10
4 2 16 9
8 2 15 9
6 2 16 10
2 2 17 9
8 2 20 10
3 3 20 10
7 2 20 10
8 2 14 11
4 2 14 10
7 2 17 9
5 2 16 9
3 2 14 10
2 3 24 11
4 2 29 11
3 2 34 11
6 2 34 11
3 2 37 11
8 3 11 12
7 2 13 11
5 2 19 10
1 2 29 11
8 3 30 11
1 2 31 11
2 2 32 11
8 3 18 12
4 2 25 11
2 2 26 11
5 2 26 11
8 2 31 11
5 3 18 12
7 2 20 11
8 2 23 11
7 2 26 11
3 4 21 12
6 2 21 11
5 2 21 11
1 3 21 11
2 2 22 11
5 2 22 12
6 2 33 12
5 2 39 12
8 2 40 12
4 2 43 12
7 2 14 13
3 2 21 12
6 2 22 11
8 2 21 12
7 2 21 11
4 2 22 11
2 2 20 12
3 2 20 11
4 2 24 12
4 2 16 13
3 3 34 12
6 2 15 13
4 2 15 12
1 2 19 11
2 2 27 12
7 3 29 12
7 3 19 13
5 2 22 12
8 2 23 12
2 2 19 13
1 2 23 12
4 2 20 13
7 2 23 13
5 2 45 13
7 3 44 13
6 2 45 13
8 2 47 13
1 2 57 13
7 2 57 13
4 2 6 14
2 2 7 13
2 2 13 12
6 3 17 11
3 2 19 12
3 3 16 13
5 2 15 13
7 3 19 12
2 3 22 12
2 2 15 13
4 3 18 13
3 2 19 12
8 3 19 13
1 2 19 12
8 2 22 13
2 2 8 14
7 4 14 13
6 2 17 13
5 2 16 13
4 2 19 13
2 2 20 13
3 3 23 13
8 2 28 13
7 2 7 14
6 2 7 13
3 2 9 13
6 2 12 12
8 2 16 12
8 2 8 14
7 2 13 13
2 3 15 14
7 2 14 14
4 2 17 13
7 2 20 13
5 2 19 13
2 2 18 14
5 2 24 13
2 3 21 14
2 3 22 13
7 2 21 14
8 4 21 13
4 2 31 14
1 2 31 14
2 2 32 14
2 2 38 14
4 2 38 14
6 2 43 14
6 2 4 15
2 2 7 14
5 2 8 13
3 2 14 12
1 2 14 12
6 2 15 11
4 2 16 10
5 2 15 11
2 3 13 12
5 2 12 13
6 5 12 13
1 2 6 14
4 5 17 14
6 2 22 14
7 2 32 14
7 2 34 14
4 3 34 14
8 2 35 14
4 2 6 15
1 3 11 14
1 2 33 14
2 2 33 14
4 2 9 15
6 2 14 14
3 2 15 13
2 2 14 14
7 2 14 14
8 2 17 14
6 2 8 15
7 2 10 14
4 4 11 13
1 3 11 12
3 2 10 14
5 5 10 14
6 2 10 15
5 3 11 14
7 2 10 14
8 2 10 13
6 3 10 12
4 2 9 13
1 3 9 14
6 2 15 15
5 4 28 15
8 2 31 15
6 2 43 15
1 2 42 15
5 2 42 15
4 2 41 15
7 3 9 16
5 2 14 15
6 2 15 15
5 2 8 16
1 3 8 15
2 3 8 14
7 2 8 13
5 3 14 15
3 2 24 15
1 2 26 15
3 2 34 15
5 2 31 16
7 3 31 15
4 2 30 16
8 2 35 16
6 2 42 16
7 2 43 16
4 2 43 16
3 2 42 16
8 2 48 16
8 2 51 16
1 2 52 16
8 2 13 17
6 2 23 16
6 2 25 15
2 2 24 15
2 2 30 15
8 2 29 15
5 2 12 17
5 2 24 16
7 2 23 16
6 2 28 15
5 2 39 16
5 3 41 16
3 2 19 17
8 2 19 16
4 3 19 15
1 2 19 15
2 2 18 16
1 2 20 15
5 2 23 16
4 2 25 16
8 3 21 17
4 2 21 17
1 2 45 17
6 2 52 17
3 2 56 17
6 2 56 17
1 2 61 17
5 2 66 17
5 2 22 18
1 3 23 17
2 2 23 16
3 2 36 16
3 2 22 18
6 2 22 17
7 2 22 16
6 2 34 16
4 2 34 17
4 2 44 17
4 2 48 17
2 2 49 17
4 2 49 17
8 2 53 17
4 3 26 18
3 2 26 17
6 2 29 16
8 2 25 17
4 2 25 16
1 3 25 16
6 2 36 17
3 2 45 17
8 2 30 18
5 2 40 17
3 4 40 17
6 2 43 17
4 3 43 17
1 2 33 18
1 3 37 17
2 3 40 17
5 2 37 18
8 3 37 17
5 2 37 18
5 2 45 18
5 2 50 18
8 2 51 18
2 2 52 18
1 3 56 18
5 2 55 18
6 2 43 19
2 2 45 18
6 2 49 18
8 2 45 19
4 2 45 18
3 3 45 18
1 2 46 18
3 2 48 18
8 2 47 19
5 2 47 18
6 2 56 19
1 2 60 19
2 2 64 19
6 4 9 20
6 3 11 19
2 2 23 18
2 3 29 17
4 2 29 16
2 2 28 16
7 2 27 16
7 2 23 18
5 2 24 17
7 2 25 16
2 2 24 16
8 2 23 17
3 2 24 17
3 2 27 17
6 2 23 18
6 3 24 17
7 2 28 17
1 4 22 18
5 4 23 17
2 2 23 17
5 2 25 17
1 2 24 18
1 2 16 19
1 2 19 18
1 2 21 17
3 3 20 17
7 2 20 16
8 2 21 15
8 2 19 17
6 2 19 17
7 2 18 17
8 2 24 18
4 2 24 18
1 2 24 18
6 2 23 18
6 2 21 19
7 2 23 19
6 2 25 19
8 2 46 19
1 3 50 19
4 2 10 20
1 3 10 19
4 2 9 19
6 2 10 18
4 4 14 17
6 2 14 16
7 2 16 15
6 2 16 15
1 2 9 18
2 2 15 17
8 2 8 19
5 2 14 18
6 2 13 18
4 2 13 18
3 2 12 18
2 2 7 19
5 2 7 18
8 2 8 19
2 3 8 18
3 2 9 20
1 2 25 19
4 2 31 19
8 2 16 20
1 2 19 19
3 2 19 19
8 2 21 19
7 2 27 19
2 2 45 20
4 2 62 20
8 2 1 21
6 2 22 20
2 2 23 20
6 2 27 19
1 2 24 20
3 3 10 21
6 3 12 20
7 2 14 19
4 2 16 19
4 2 18 19
7 2 19 19
2 3 15 20
7 2 15 19
6 2 15 19
2 2 16 19
3 2 18 19
5 2 17 19
3 3 14 20
8 2 20 20
4 3 26 20
3 2 44 20
2 3 43 20
7 2 43 20
6 3 42 20
1 2 42 20
8 2 43 20
2 2 45 20
3 2 20 21
6 2 25 20
8 2 34 20
2 2 33 20
3 2 34 20
4 3 37 20
5 2 36 20
6 2 43 21
6 2 54 21
6 2 56 21
7 2 3 22
8 2 8 21
7 2 9 20
8 2 10 19
4 2 12 19
1 2 12 20
7 3 12 20
7 2 29 20
4 2 13 21
5 2 12 21
3 2 20 20
7 2 20 20
4 2 22 20
2 2 19 21
5 2 19 20
6 3 19 20
1 2 23 20
7 2 25 20
5 2 19 21
8 3 24 21
3 2 24 20
7 2 33 21
7 4 10 22
4 2 10 21
6 2 12 20
4 2 13 20
6 2 10 21
2 2 11 20
1 2 11 19
2 3 10 19
3 2 10 20
8 2 11 19
7 2 10 20
8 4 11 20
4 2 28 21
7 3 31 21
6 2 32 21
3 2 9 22
5 3 9 21
6 2 9 20
1 2 9 20
3 2 22 21
7 3 10 22
2 2 21 21
4 2 9 22
6 2 9 21
2 2 8 21
4 2 8 20
5 2 7 21
1 2 7 20
8 2 15 21
5 2 18 21
4 2 17 22
3 2 17 21
2 2 17 22
5 2 29 22
7 2 28 22
7 2 35 22
2 4 9 23
3 2 9 22
5 2 14 21
1 2 13 21
1 2 10 22
7 3 11 22
7 2 12 22
1 2 22 22
3 2 24 22
3 2 28 22
7 2 31 22
7 2 42 22
4 3 9 23
2 2 9 22
3 2 10 22
8 2 10 21
6 2 8 23
5 2 13 22
2 5 16 22
6 3 18 22
2 2 18 22
8 2 18 22
4 2 36 22
7 2 11 23
7 2 12 22
8 2 12 22
4 2 15 22
1 2 15 22
5 2 17 22
3 2 26 22
2 2 10 23
8 2 16 22
7 2 18 22
2 2 18 22
7 2 23 22
6 2 10 23
4 3 17 22
2 4 23 22
4 2 10 23
3 2 16 22
2 2 11 23
5 2 15 22
6 2 15 22
6 3 20 22
7 2 10 23
8 2 17 22
6 2 10 23
1 3 10 22
5 2 9 22
7 4 28 23
7 2 30 23
4 3 32 23
6 2 4 24
4 2 5 23
4 2 7 22
4 2 8 21
2 2 6 23
4 2 13 22
1 2 5 23
7 2 7 22
4 2 9 21
6 2 8 21
2 2 7 21
3 2 8 22
4 2 8 24
7 2 8 23
2 2 12 23
5 5 7 24
7 3 6 24
6 3 5 24
1 2 7 23
7 2 11 23
4 2 13 23
8 2 6 24
5 2 6 23
3 2 7 23
4 2 5 24
2 2 6 23
6 3 7 23
8 2 7 22
2 2 9 23
6 2 8 24
6 3 9 23
2 2 25 24
8 2 25 24
7 2 36 24
5 2 36 24
2 3 41 24
4 2 40 24
2 2 47 24
5 2 10 25
6 2 16 24
1 2 20 24
6 3 31 24
4 2 32 24
7 2 39 24
4 2 41 24
5 3 15 25
7 2 15 24
7 3 32 24
6 2 33 24
5 2 34 24
8 3 20 25
6 2 22 24
5 2 25 24
3 2 26 24
6 2 33 24
5 2 20 25
2 2 23 24
4 3 24 24
1 3 24 25
8 3 25 25
7 3 28 24
1 2 25 25
2 2 25 24
4 2 26 24
6 2 25 24
3 3 25 25
4 2 25 24
8 2 30 25
5 2 39 25
6 2 45 25
8 3 9 26
3 3 16 25
6 2 18 24
5 3 17 25
1 2 17 24
7 2 22 24
7 2 16 25
5 2 18 25
1 2 31 25
8 2 11 26
5 2 10 26
6 3 16 25
2 2 18 25
1 4 11 26
4 2 15 25
5 3 17 24
4 2 16 24
5 2 18 25
7 2 25 25
6 2 24 25
8 3 11 26
6 2 19 25
2 2 25 25
3 3 12 26
6 2 24 25
8 2 12 26
5 2 11 26
2 2 21 25
5 2 25 25
4 2 10 26
1 2 18 25
7 2 18 25
6 2 17 25
1 2 11 26
8 2 10 26
8 3 29 26
5 2 30 26
4 2 34 26
8 2 35 26
5 2 36 26
1 2 12 27
4 2 14 26
3 3 13 26
6 3 14 26
1 4 16 25
7 2 17 25
5 3 16 25
7 2 15 25
3 2 17 26
6 2 17 26
3 2 20 26
1 2 24 26
3 2 24 26
1 2 20 27
6 3 22 27
5 2 27 26
8 3 30 27
8 3 49 27
1 2 51 27
1 3 53 27
3 2 54 27
5 2 55 27
1 2 56 27
3 2 60 27
6 2 10 28
2 2 12 27
2 3 19 26
4 2 26 26
4 2 15 27
4 2 17 26
1 2 25 26
8 2 24 26
1 2 19 27
2 2 44 27
7 2 44 27
2 2 47 27
7 2 47 27
5 2 50 27
4 7 9 28
8 2 26 27
4 2 39 27
5 2 41 27
1 3 44 27
4 3 44 27
8 2 8 28
2 2 9 27
3 2 17 26
8 2 16 26
6 2 19 27
2 2 19 27
5 2 20 26
3 2 18 27
3 2 32 27
6 3 10 28
4 2 10 27
7 2 9 27
4 2 14 26
6 2 14 26
5 2 16 26
8 2 15 26
5 2 11 27
2 2 11 27
4 2 12 26
2 2 22 27
8 2 9 28
3 3 10 27
6 2 25 27
3 2 24 27
6 3 15 28
4 3 22 27
4 3 15 28
6 2 16 27
1 3 14 28
5 2 19 27
8 3 18 28
4 3 28 28
6 3 27 28
8 2 37 28
7 2 4 29
1 2 6 28
5 2 7 27
3 2 11 26
5 2 12 26
5 2 8 27
1 2 10 27
1 2 13 27
6 2 12 27
4 2 7 28
7 3 8 27
1 2 7 28
6 2 11 28
8 2 11 28
8 2 17 28
1 2 20 28
8 2 23 29
6 3 23 28
4 2 22 28
6 2 27 29
4 2 28 28
7 2 30 29
4 2 32 29
2 2 35 29
4 2 44 29
3 2 56 29
7 2 56 29
2 2 7 30
7 2 16 29
6 2 17 28
2 3 17 28
2 3 24 28
1 2 20 29
5 2 22 28
7 2 9 30
1 2 14 29
2 2 18 28
3 3 14 29
2 2 20 28
7 2 24 29
1 2 39 29
4 2 41 29
6 4 40 29
6 3 45 29
4 3 12 30
6 3 12 29
2 2 12 28
6 2 18 28
1 2 18 28
8 3 17 28
5 2 12 29
7 2 13 28
3 2 12 29
3 2 13 29
8 4 13 28
1 2 12 28
1 2 14 29
3 2 14 29
4 2 12 30
1 2 20 29
8 3 27 29
4 4 19 30
6 2 26 29
1 2 25 29
4 3 24 29
3 2 21 30
6 2 22 29
4 2 28 30
5 3 41 30
4 2 42 30
5 3 8 31
5 2 22 30
8 2 22 29
6 2 26 30
1 2 33 30
7 4 33 30
5 2 40 30
3 2 43 30
8 2 14 31
1 2 37 30
6 2 14 31
2 2 23 30
2 2 33 30
7 3 38 30
2 2 40 30
3 3 19 31
7 5 20 30
8 2 23 30
3 3 30 30
4 2 32 30
4 2 22 31
3 2 34 31
8 2 34 30
5 2 34 31
7 2 35 31
4 4 35 30
5 2 48 31
7 3 47 31
6 2 48 31
8 2 50 31
2 2 10 32
8 2 21 31
2 2 21 31
3 2 25 30
7 2 25 30
6 2 28 30
8 3 24 31
2 2 29 30
6 2 29 31
4 2 38 31
7 2 42 31
2 2 14 32
2 2 15 31
5 2 17 30
5 2 15 32
7 2 16 31
5 2 21 30
1 2 20 30
2 2 19 30
6 2 20 30
7 2 23 31
8 2 25 31
2 2 22 32
1 2 30 31
3 2 29 31
2 2 28 31
1 3 21 32
2 2 21 32
3 2 22 31
4 2 21 31
5 3 22 32
6 2 22 31
8 2 23 31
7 2 21 32
2 2 21 32
4 3 22 31
1 3 22 30
5 2 21 31
7 2 23 32
2 2 32 32
7 2 31 32
1 2 36 32
2 2 37 32
8 2 10 33
3 2 14 32
1 2 15 31
6 2 14 32
7 2 13 32
4 3 15 31
8 2 17 30
2 2 18 32
5 3 30 32
6 2 9 33
3 2 15 32
7 2 17 31
2 2 14 32
3 2 16 31
6 3 13 32
4 2 21 32
8 2 21 32
7 2 20 32
1 2 22 32
8 2 26 33
7 2 37 33
5 3 37 33
4 2 41 33
2 3 41 33
7 4 45 33
4 2 47 33
8 2 57 33
5 4 61 33
7 2 63 33
6 3 63 33
7 2 10 34
1 2 13 33
8 3 13 32
4 2 13 32
1 2 12 32
2 2 12 32
5 2 13 31
6 2 13 32
8 2 13 31
7 2 13 33
6 2 13 32
4 2 15 32
3 2 15 32
6 2 27 33
7 2 27 33
4 2 26 33
5 3 29 33
6 2 29 33
2 2 31 33
8 2 31 33
2 2 38 33
6 2 38 33
4 2 10 34
4 2 11 33
2 2 14 32
6 2 13 33
4 2 12 33
4 2 17 34
2 3 18 33
1 2 26 33
6 2 26 33
5 2 27 33
1 2 29 33
5 2 31 34
2 2 47 34
7 2 53 34
3 2 54 34
4 2 53 34
6 2 10 35
6 2 18 34
3 2 28 33
5 2 13 35
1 4 17 34
3 2 17 33
6 2 19 33
7 2 20 33
4 2 19 33
8 2 23 34
1 2 32 34
2 2 32 34
5 4 35 34
7 2 34 34
4 3 36 34
1 3 36 34
3 2 15 35
7 2 17 34
2 2 18 33
8 3 18 35
6 2 28 34
6 3 30 34
5 2 29 34
8 2 29 34
8 2 22 35
6 2 30 34
5 2 34 34
8 3 32 35
8 4 35 34
5 2 40 35
3 2 11 36
3 3 20 35
1 3 22 34
7 2 25 35
3 2 24 35
4 2 26 35
5 3 26 34
6 3 36 35
5 2 42 35
6 2 43 35
1 4 43 35
5 2 19 36
5 3 20 35
4 2 19 35
1 2 23 35
1 2 29 34
3 2 23 35
1 4 30 35
2 2 30 34
7 2 36 35
6 2 23 36
3 2 37 35
6 2 37 35
3 2 38 35
6 3 24 36
8 2 28 35
7 2 29 34
4 3 27 35
6 2 29 34
3 2 27 35
8 2 26 35
5 2 28 35
2 2 29 35
4 2 24 36
5 2 25 35
2 2 24 36
3 2 23 36
1 2 23 36
1 2 25 36
2 3 25 36
4 2 27 35
4 2 34 36
8 2 48 36
1 2 9 37
5 2 9 36
4 2 22 35
5 2 22 35
8 2 21 35
4 2 20 35
8 2 19 35
4 3 9 36
6 2 14 35
2 3 15 34
4 2 14 35
3 2 13 35
1 3 14 36
2 2 26 36
1 3 28 36
5 2 28 36
8 2 8 37
6 2 32 36
4 2 34 36
5 2 36 36
8 2 15 37
1 2 18 36
6 2 23 36
4 3 28 36
1 2 32 36
3 2 19 37
5 2 20 36
8 2 22 36
5 2 22 36
2 3 27 36
7 2 20 37
3 2 20 36
1 2 22 36
6 3 22 36
3 2 21 36
8 2 22 37
4 2 32 37
6 2 46 37
3 2 3 38
7 2 13 37
6 3 14 36
4 2 15 37
3 2 39 37
5 2 5 38
2 2 9 37
7 2 17 37
6 3 18 36
4 2 17 37
2 3 12 38
1 3 21 37
7 2 38 37
4 3 27 38
7 2 29 37
4 3 33 37
8 2 33 37
1 2 26 38
8 2 26 37
2 4 27 37
8 2 37 38
4 2 40 38
6 3 39 38
6 2 42 38
7 2 60 38
6 2 62 38
1 3 7 39
1 2 9 38
4 2 12 37
8 2 12 36
5 2 12 36
2 3 13 36
5 2 16 36
8 2 12 37
2 2 13 37
3 2 16 36
5 2 15 37
6 2 16 37
3 2 25 38
1 2 28 38
1 2 31 38
8 2 35 38
3 2 38 38
6 2 40 38
7 2 44 38
4 3 6 39
3 2 7 38
2 2 18 37
3 2 17 38
4 2 23 38
7 2 25 38
8 2 37 38
3 2 37 38
5 4 8 39
1 2 10 38
1 2 20 37
7 2 13 38
8 3 13 37
1 2 15 36
6 2 13 38
8 2 8 39
7 2 13 38
6 2 13 38
3 2 12 38
1 2 21 38
2 2 29 38
2 2 33 38
4 3 8 39
5 2 9 38
3 2 8 38
7 2 9 37
2 2 10 36
7 2 12 35
1 2 11 36
6 2 10 37
4 2 10 36
2 3 9 38
4 2 15 38
8 2 9 39
2 6 9 39
7 3 14 38
5 2 24 38
5 2 8 39
4 3 18 38
2 2 10 39
4 2 11 38
1 2 11 37
1 2 15 38
8 2 16 38
5 3 12 39
1 2 16 38
8 2 17 38
4 2 17 38
6 2 13 39
3 2 13 39
6 2 14 39
2 2 15 38
3 2 15 38
5 2 16 39
3 2 9 40
1 2 14 39
7 3 14 38
2 2 19 39
5 2 22 40
7 3 21 40
7 3 48 40
5 2 47 40
5 2 55 40
8 2 56 40
7 2 58 40
6 2 65 40
7 2 70 40
4 2 6 41
7 2 7 40
6 2 7 39
2 2 10 39
6 2 12 38
4 2 11 39
1 2 10 39
3 2 11 38
4 2 14 39
8 2 12 40
8 2 13 39
5 2 25 40
7 2 26 40
4 2 26 40
5 2 30 40
7 2 30 40
4 2 29 40
6 2 28 40
2 3 29 40
1 2 30 40
8 2 29 40
6 2 29 40
3 2 32 40
3 3 36 40
4 2 36 40
2 2 37 40
3 2 44 40
4 2 10 41
6 2 16 40
2 2 17 40
7 2 20 40
3 2 20 40
7 2 32 40
2 2 38 40
1 2 10 41
4 2 25 40
4 2 35 40
8 2 34 40
2 2 10 41
1 2 18 40
8 3 19 40
7 2 20 40
8 2 22 40
7 2 24 40
2 2 34 41
8 3 7 42
5 2 29 41
2 2 34 41
2 2 39 41
4 2 46 41
8 2 47 41
6 3 7 42
8 4 12 41
2 2 20 40
3 2 19 40
1 2 20 40
7 3 19 42
6 2 19 41
2 3 19 40
4 2 24 41
1 2 24 40
5 2 23 40
8 3 24 41
6 2 24 41
7 2 23 41
4 2 20 42
5 2 31 41
6 2 31 41
7 3 31 41
2 3 32 41
1 2 20 42
8 2 23 41
3 2 22 41
4 2 22 40
1 3 22 41
7 2 21 41
2 2 20 41
4 2 25 42
6 3 24 42
6 4 31 42
2 2 39 42
6 2 44 42
7 2 44 42
2 2 56 42
7 3 8 43
5 2 8 42
1 2 12 41
3 2 13 40
1 2 13 39
2 2 23 42
8 2 23 42
3 3 25 42
7 3 25 42
5 2 30 42
5 3 36 42
5 2 45 42
3 2 15 43
6 2 18 42
4 2 23 42
4 2 24 42
1 2 24 42
4 2 37 42
1 3 37 42
5 2 17 43
8 2 17 42
3 2 19 41
1 2 19 41
6 3 23 43
7 2 29 43
4 2 31 42
6 3 33 42
8 2 33 43
8 2 36 42
7 3 32 43
4 2 34 42
3 2 37 43
5 2 44 43
3 2 55 43
2 2 3 44
4 3 9 43
2 2 10 42
6 2 10 42
5 2 15 42
4 3 15 42
2 4 22 42
1 2 28 42
7 2 12 43
7 2 23 42
4 2 22 42
5 2 18 43
1 2 18 42
6 2 18 43
3 3 19 42
2 4 21 42
6 2 20 42
8 2 19 42
5 2 18 43
1 2 20 43
6 2 22 43
3 2 4 44
1 2 9 43
3 2 9 42
4 2 12 41
6 2 15 41
5 2 5 44
2 2 8 43
4 2 8 42
5 2 10 41
6 2 12 40
7 2 9 41
2 2 8 42
8 2 12 43
7 3 11 43
5 2 17 43
7 2 16 43
4 2 19 43
6 4 6 44
1 2 9 43
3 2 9 42
5 2 9 42
8 2 8 42
8 2 6 44
6 2 6 44
6 2 12 43
4 4 5 44
5 2 12 43
2 2 11 43
3 2 8 44
8 2 11 43
1 3 27 44
3 2 29 44
4 2 32 44
3 2 47 44
4 2 50 44
1 2 4 45
4 2 13 44
8 3 14 44
8 2 16 44
5 2 12 45
1 2 13 44
6 2 13 43
3 3 11 45
5 2 11 44
7 2 13 43
5 2 13 44
3 2 13 44
4 2 16 44
6 4 16 44
2 3 15 44
4 2 10 45
5 2 25 44
1 4 26 44
1 2 11 45
4 2 25 44
8 2 24 44
6 2 25 44
2 2 26 44
8 2 27 44
5 2 28 44
5 3 11 45
3 2 20 44
5 2 22 44
1 2 23 44
3 2 21 45
6 2 20 45
5 2 23 45
3 2 23 45
5 2 24 45
1 2 23 45
3 2 29 45
2 2 20 46
1 2 27 45
8 2 21 46
6 2 28 45
5 2 38 45
1 3 37 45
2 2 21 46
6 2 23 45
4 2 32 45
7 2 20 46
2 2 24 45
2 3 31 45
2 2 38 46
1 2 41 46
8 2 43 46
5 2 43 46
4 3 45 46
6 2 45 46
1 3 45 46
2 2 60 46
7 2 2 47
3 2 10 46
2 3 10 45
3 2 10 44
1 3 11 43
8 3 9 44
6 3 9 43
7 2 8 43
2 2 8 43
4 2 7 44
4 2 14 44
4 2 15 45
1 2 21 45
8 2 22 45
7 2 10 46
8 2 14 45
4 2 17 45
6 3 22 45
1 3 11 46
6 2 19 45
8 3 19 46
3 2 20 45
4 3 21 46
7 2 29 46
8 2 29 47
1 2 39 46
8 2 41 46
6 3 37 47
8 2 37 46
4 3 37 46
6 2 37 47
7 2 40 46
2 2 37 47
3 2 38 46
5 2 37 46
5 2 39 47
6 3 39 47
4 3 39 47
8 2 45 47
8 2 54 47
1 3 18 48
2 2 22 47
3 2 27 46
2 2 27 46
6 2 30 46
2 3 30 46
3 3 30 47
1 2 31 46
7 3 29 47
8 2 29 46
2 2 30 46
6 2 31 46
1 2 31 46
3 2 28 47
3 2 36 47
6 2 37 47
4 2 38 47
7 3 41 47
6 2 25 48
4 3 25 47
8 2 25 46
4 2 27 46
1 2 24 47
7 2 24 46
4 2 27 46
2 2 33 47
1 2 34 47
4 2 34 47
3 2 35 47
7 2 32 48
2 2 34 48
4 2 38 48
6 2 44 48
4 2 45 48
3 2 47 48
5 3 49 48
8 2 49 48
2 2 52 48
1 2 53 48
7 2 53 48
1 2 7 49
3 2 22 48
7 5 22 47
6 2 22 46
3 2 21 47
6 3 23 47
1 2 23 47
5 2 22 48
2 2 41 48
4 3 44 48
4 2 49 48
7 3 28 49
3 2 31 49
2 2 32 48
8 2 35 48
1 2 37 48
7 2 37 48
6 2 37 48
5 3 39 48
2 3 42 48
8 2 36 49
1 2 41 49
5 2 52 49
7 2 51 49
4 2 6 50
4 2 23 49
5 2 29 48
3 2 34 48
8 3 37 48
8 2 28 49
5 2 31 48
1 2 30 48
3 2 34 48
4 2 30 49
7 2 30 48
2 2 30 47
4 2 29 48
6 3 30 48
6 2 33 49
2 2 7 50
7 2 7 49
8 3 19 48
7 2 23 47
6 2 24 46
5 2 23 46
1 2 23 47
6 2 18 48
6 2 11 49
2 2 13 48
8 2 15 47
7 2 17 46
5 2 19 45
2 3 17 50
7 3 26 49
5 2 25 49
2 2 25 50
2 4 28 49
6 2 31 49
7 4 27 50
4 2 30 49
3 2 26 50
2 3 31 49
7 2 34 49
7 2 30 50
3 2 30 49
6 3 31 50
4 3 31 50
1 2 31 49
2 2 32 50
7 2 33 50
6 2 34 50
4 2 37 50
4 2 44 50
2 2 46 50
4 2 53 50
3 2 53 50
4 2 15 51
7 3 22 50
4 3 22 49
3 2 21 49
1 2 26 49
8 2 26 49
5 2 26 49
1 2 39 50
8 3 42 50
1 2 43 50
6 4 21 51
2 2 44 50
4 2 21 51
5 2 20 51
6 2 20 50
2 5 19 50
1 2 18 50
5 2 21 51
3 2 30 50
5 2 34 50
1 2 33 51
8 3 33 50
7 2 32 50
6 5 31 50
7 2 38 51
8 2 48 51
4 2 53 51
6 2 55 51
6 2 7 52
6 2 28 51
5 3 34 51
1 2 41 51
3 2 43 51
2 2 46 51
8 2 46 51
5 3 18 52
5 3 28 51
2 2 28 50
2 2 30 51
1 2 42 51
3 2 43 51
7 3 43 51
5 3 20 52
7 2 21 51
4 2 20 51
1 2 24 50
4 2 23 51
3 2 26 50
6 3 26 51
4 2 31 51
2 2 31 51
6 2 31 51
5 2 30 51
7 2 24 52
5 3 23 52
8 4 26 51
4 2 25 51
7 2 26 52
5 2 38 52
4 2 40 52
1 4 40 52
7 2 43 52
5 2 49 52
2 2 3 53
2 2 12 52
1 2 13 51
7 2 18 50
8 3 22 49
8 2 20 50
5 2 20 49
7 3 20 49
2 2 19 50
3 2 14 51
1 2 18 51
6 3 17 51
5 2 20 52
8 3 31 52
8 3 33 52
2 2 32 52
4 2 34 52
3 2 33 52
2 2 36 52
3 2 4 53
1 2 34 52
7 2 34 52
8 2 35 52
5 2 5 53
7 2 10 52
6 3 12 51
8 2 13 50
7 2 14 49
5 2 14 48
1 2 15 47
3 2 13 49
8 2 15 48
3 2 15 47
5 3 15 46
2 2 13 50
5 2 9 52
8 2 9 51
4 2 12 50
1 2 10 51
5 2 10 50
5 2 13 49
4 2 14 48
7 2 8 52
6 4 8 52
1 2 8 52
2 2 8 51
5 2 18 52
4 2 21 52
6 2 20 52
3 3 12 53
4 2 14 52
1 2 14 52
8 3 11 53
8 2 12 53
1 3 13 53
3 2 13 52
5 3 12 53
6 2 15 52
4 2 15 53
1 2 16 53
3 2 38 53
6 3 39 53
4 2 40 53
5 2 44 53
6 3 45 53
2 2 47 53
1 2 4 54
8 2 6 53
3 2 7 52
4 3 5 53
8 2 4 53
4 2 4 52
1 2 4 51
8 2 6 50
3 2 8 49
4 2 10 48
5 2 7 49
3 2 11 48
8 2 7 49
7 2 7 50
7 2 10 52
6 2 8 53
2 2 8 52
3 2 7 53
4 2 21 53
1 2 8 54
4 2 10 53
6 2 20 53
5 2 12 54
3 2 18 53
2 2 20 53
7 2 20 53
1 2 13 54
1 4 23 53
8 2 23 53
5 2 22 54
3 2 24 53
2 3 22 54
1 2 23 54
4 3 24 53
5 2 27 54
1 4 26 54
1 2 35 54
5 2 49 54
2 3 12 55
1 2 15 54
5 2 21 53
3 2 23 53
6 2 23 54
5 2 31 54
8 2 32 54
4 2 32 54
5 2 33 54
3 2 33 54
5 2 34 54
1 2 33 54
5 2 42 54
7 2 12 55
6 3 20 54
8 3 20 53
6 2 34 54
3 2 36 54
8 2 36 54
6 2 13 55
4 3 21 54
6 3 22 54
2 3 23 54
1 2 33 54
4 2 12 55
2 2 27 54
6 2 26 54
8 2 11 55
6 2 11 54
7 2 13 53
5 2 13 53
3 2 13 53
4 2 14 53
3 2 10 54
1 2 11 53
4 2 21 54
2 2 13 55
8 2 13 55
1 3 13 55
1 2 16 55
3 3 19 54
7 3 15 55
4 2 15 54
4 3 17 54
1 3 23 55
2 2 1 56
4 2 12 55
8 3 16 54
8 3 11 55
4 4 9 56
8 2 21 55
4 2 24 55
6 3 24 55
3 2 11 56
2 2 11 55
5 2 12 54
3 2 11 54
2 3 13 53
6 2 11 55
1 2 19 55
6 2 23 55
1 2 24 55
4 4 14 56
3 3 15 55
5 2 14 55
7 2 15 55
6 3 13 56
3 2 15 55
4 2 12 56
2 2 18 55
7 2 18 55
8 2 17 55
6 2 16 56
6 2 27 56
4 3 28 56
2 2 31 56
8 2 47 56
5 2 8 57
6 2 10 56
1 3 11 55
7 5 11 55
7 2 8 57
1 3 14 56
4 4 14 55
7 2 16 56
3 2 17 56
2 3 16 56
1 2 17 56
3 2 18 56
5 4 25 56
3 3 28 56
4 2 32 56
2 2 34 56
8 2 39 56
6 2 40 56
2 2 9 57
8 2 10 56
8 3 13 56
6 3 28 56
5 3 9 57
8 2 15 56
7 2 14 56
1 2 16 56
2 2 22 56
1 2 23 56
3 2 23 56
7 3 22 56
2 2 28 56
7 2 12 57
6 2 12 56
3 2 11 56
8 2 11 55
2 2 11 55
5 3 11 54
1 2 9 55
2 2 15 56
5 4 12 57
8 2 16 56
4 2 21 56
4 3 12 57
6 2 14 56
4 2 14 56
1 2 11 57
1 2 15 56
3 3 15 56
7 2 15 56
5 2 15 56
6 3 13 57
2 3 14 56
7 4 16 57
6 2 24 57
3 2 9 58
2 4 9 57
8 2 21 57
4 2 21 57
2 2 22 57
3 2 22 57
1 2 12 58
4 2 12 57
5 2 11 57
5 2 18 58
5 2 21 58
7 2 20 58
6 2 21 57
4 2 20 58
5 2 24 58
7 2 24 58
4 2 29 58
7 2 28 58
2 2 28 58
5 2 32 58
7 2 33 58
4 2 33 58
5 2 37 58
7 2 37 58
4 2 36 58
6 2 35 58
2 3 36 58
1 2 37 58
8 3 10 59
6 4 10 58
1 3 18 57
8 2 9 58
6 2 8 58
2 2 15 57
8 2 18 58
5 2 18 57
3 2 17 58
8 2 20 58
3 2 19 58
4 2 34 58
2 2 10 59
3 2 14 58
6 2 16 57
8 2 13 58
7 2 15 58
2 3 15 58
6 3 14 59
7 2 18 58
3 2 18 58
7 2 23 58
2 4 23 58
6 2 18 59
1 3 18 59
8 3 18 58
5 2 17 58
3 2 19 59
6 2 20 58
7 3 27 59
1 2 33 59
8 3 38 59
4 2 42 59
3 2 42 59
7 2 42 59
6 2 42 59
2 4 41 59
7 2 40 59
8 2 40 59
4 2 41 59
4 2 12 60
7 2 13 59
1 2 13 58
3 2 14 58
7 3 16 57
8 3 18 59
8 2 25 59
6 2 32 59
1 2 32 59
3 2 12 60
5 2 20 60
6 2 22 59
2 2 21 59
6 2 24 60
2 2 27 60
5 2 27 59
7 2 27 59
2 2 33 60
4 2 32 60
5 2 33 60
6 2 33 60
7 2 32 60
8 2 36 60
1 2 37 60
2 2 37 60
7 3 45 60
7 2 10 61
5 2 14 60
6 2 15 59
2 2 14 59
3 2 15 58
4 3 15 57
7 2 13 59
1 2 21 59
4 2 13 60
1 2 13 59
4 2 15 59
2 2 13 60
3 2 14 59
3 2 17 59
2 2 16 59
7 2 15 59
8 2 12 60
4 2 32 60
7 4 34 60
4 2 34 60
6 2 33 60
4 2 10 61
4 2 22 60
7 2 28 60
7 2 20 61
2 2 32 60
3 2 19 61
2 2 22 60
6 2 21 60
3 3 25 61
5 3 27 60
6 3 33 61
5 2 37 61
8 2 55 61
6 2 10 62
1 2 10 61
4 3 18 60
8 2 20 60
5 2 20 60
4 2 19 60
6 2 20 60
4 3 15 61
2 2 16 61
7 2 17 60
6 2 16 60
1 2 15 61
6 2 21 61
4 2 38 61
5 2 49 61
3 2 15 62
1 3 16 61
1 2 37 61
5 2 39 61
5 2 48 61
6 2 14 62
1 2 19 61
2 2 28 61
5 2 31 61
7 2 30 61
2 2 14 62
6 3 25 61
6 3 28 61
3 2 26 62
3 3 29 61
8 2 26 62
4 4 28 61
2 2 29 61
3 2 28 62
8 2 28 62
1 2 31 61
8 3 31 62
5 2 36 62
3 2 44 62
5 2 54 62
1 4 55 62
3 2 11 63
5 2 12 62
7 2 13 61
4 3 14 60
5 2 13 60
2 2 14 59
8 3 12 61
6 2 11 61
5 2 15 61
7 2 21 61
6 2 21 61
5 5 20 61
6 2 19 61
7 2 18 61
4 2 16 62
3 2 15 62
1 2 17 61
5 2 22 62
8 2 21 62
4 2 21 62
5 2 27 62
3 2 32 62
6 2 14 63
8 2 14 62
2 4 14 61
1 2 19 62
6 2 20 62
5 2 28 62
8 2 27 62
4 2 29 62
8 4 28 62
5 2 13 63
6 2 23 62
4 2 23 62
2 2 24 62
1 3 14 63
4 2 16 62
1 3 19 62
8 2 18 62
5 3 20 62
1 2 19 63
4 3 40 63
5 2 43 63
1 2 42 63
1 2 9 64
5 2 9 63
3 2 12 62
3 3 15 62
4 3 9 63
8 2 10 62
7 2 10 61
8 3 10 60
8 2 8 64
1 2 16 63
2 2 20 63
5 2 25 63
3 2 25 63
3 2 31 63
7 2 7 64
8 2 7 63
2 2 9 62
7 2 13 62
1 4 7 63
3 2 13 62
4 2 12 63
6 2 12 63
7 2 13 63
6 2 20 63
8 2 22 63
2 2 21 63
1 2 12 64
1 3 13 63
6 2 24 63
8 2 12 64
1 2 21 63
4 2 21 63
5 2 11 64
2 3 11 63
6 2 14 63
5 2 20 63
3 2 19 63
8 2 16 64
2 2 19 64
4 2 22 64
8 2 22 64
6 2 21 64
2 2 24 64
8 2 24 64
8 2 28 64
6 3 34 64
2 2 16 65
3 2 25 64
6 3 27 64
2 3 27 64
1 2 30 64
4 3 30 64
8 3 29 64
6 3 19 65
1 2 23 64
5 2 24 64
4 2 23 64
2 2 29 64
8 2 29 64
7 2 23 65
3 4 30 65
7 2 30 65
6 3 32 65
4 2 33 65
6 2 33 65
1 2 33 65
4 2 40 65
6 3 39 65
4 3 56 65
7 2 59 65
8 2 1 66
3 3 23 65
7 2 24 64
1 2 27 64
2 2 22 65
5 2 26 64
8 2 25 65
2 3 25 64
4 2 29 65
1 2 28 65
6 3 34 65
2 2 35 65
8 2 46 65
8 2 11 66
8 3 27 65
1 2 45 65
7 2 15 66
4 3 16 65
1 3 18 64
3 2 25 65
7 2 25 65
6 2 24 65
4 2 39 65
6 2 38 65
5 2 23 66
2 2 22 66
3 2 25 66
7 2 30 65
6 2 32 65
7 2 25 66
1 2 28 65
3 2 28 65
8 2 27 65
2 2 28 65
3 2 33 66
4 2 35 66
6 2 47 66
7 2 3 67
5 2 15 66
4 2 26 65
5 2 26 65
1 2 20 66
1 2 27 65
2 2 33 66
6 2 33 66
4 2 39 66
2 2 40 66
6 2 43 66
4 2 16 67
5 3 20 66
6 2 23 66
6 2 26 65
8 2 25 66
2 2 17 67
8 2 17 66
1 2 25 65
5 2 23 66
3 2 25 65
2 2 22 66
8 2 24 65
4 2 24 66
7 2 17 67
4 2 17 66
7 5 21 65
3 2 20 65
7 2 19 65
5 2 20 66
1 2 19 66
3 2 22 66
5 2 23 66
7 3 24 67
7 4 32 67
5 2 32 67
1 2 38 67
7 3 39 67
5 2 38 67
8 2 37 67
2 4 40 67
7 2 48 67
4 2 52 67
2 2 9 68
7 3 12 67
7 2 16 67
8 2 20 66
7 2 8 68
3 2 11 67
4 2 11 66
6 2 10 66
3 2 11 65
7 2 11 64
4 2 12 63
3 2 11 63
1 2 11 63
6 4 13 64
8 2 10 65
7 2 12 64
2 2 11 64
1 2 15 63
3 2 11 65
2 2 11 66
2 2 12 67
4 2 16 67
8 3 19 67
1 2 21 67
4 2 27 67
6 3 39 67
6 3 13 68
6 2 15 68
4 2 18 67
2 2 18 67
3 2 22 67
2 2 22 67
6 3 21 67
8 2 21 67
2 2 14 68
3 2 15 67
7 3 18 67
1 2 20 67
5 2 24 67
2 3 27 67
2 2 16 68
8 2 16 67
3 2 16 67
4 2 16 67
7 2 17 67
3 2 18 67
2 2 16 68
8 2 18 67
1 2 17 68
5 2 17 67
3 2 16 67
7 3 17 67
5 2 26 68
6 2 26 68
7 2 26 68
4 3 26 68
6 2 4 69
4 2 5 68
2 2 8 68
6 3 13 68
2 2 20 68
7 2 25 68
4 2 30 68
4 2 11 69
7 3 16 68
2 3 25 68
7 2 25 68
6 2 16 69
4 3 17 68
2 2 27 68
4 3 18 69
4 2 19 69
6 3 23 68
4 2 22 69
8 2 31 69
6 2 31 69
7 2 51 69
5 2 51 69
4 2 55 69
5 3 24 70
1 2 24 69
1 2 25 68
6 2 24 69
6 2 25 70
1 2 40 69
2 2 43 69
2 2 50 69
5 2 28 70
1 2 28 69
2 2 27 69
5 2 32 70
6 2 32 69
6 2 35 69
6 2 44 69
5 3 33 70
5 2 35 69
2 2 38 69
7 2 32 70
7 3 40 69
6 2 32 70
3 2 36 69
3 2 37 70
4 3 37 69
1 2 35 70
5 3 37 70
6 2 37 69
8 4 37 70
8 3 40 70
1 2 47 70
6 2 49 70
4 2 25 71
2 3 49 70
3 3 24 71
5 2 38 70
6 2 49 70
2 2 24 71
5 3 26 70
7 2 31 69
8 3 24 71
5 2 31 70
8 2 31 69
4 2 35 69
7 2 42 70
5 2 44 70
8 2 25 71
4 2 29 71
4 2 37 71
3 2 38 70
6 2 40 70
5 2 39 70
7 2 38 70
4 2 66 71
8 2 67 71
1 2 24 72
1 3 26 71
1 3 39 71
4 2 56 71
5 2 58 71
5 2 61 71
1 2 29 72
4 3 38 71
8 2 37 71
5 2 34 72
1 2 36 71
4 2 43 71
6 2 49 71
6 2 37 72
5 2 37 71
3 3 37 71
6 3 37 70
1 2 41 71
3 2 43 71
5 2 41 72
8 4 47 71
1 2 41 72
2 2 47 72
5 3 47 71
1 2 48 71
1 2 51 72
1 2 59 72
4 4 30 73
8 2 37 72
6 2 40 71
2 3 39 71
3 2 39 72
4 2 41 72
2 2 45 72
3 2 48 72
5 2 49 72
8 2 35 73
2 3 37 72
5 2 41 71
8 2 40 71
3 2 40 71
3 2 50 73
8 2 52 73
1 2 57 73
5 2 71 73
2 2 72 73
6 4 9 74
6 3 11 73
6 2 23 72
2 2 23 72
7 4 23 71
3 3 23 71
1 2 26 71
7 2 33 70
2 2 32 70
1 2 32 69
4 2 31 69
3 2 26 71
8 2 25 71
5 2 24 71
1 2 29 72
6 4 31 72
1 2 30 72
4 2 33 72
6 4 33 72
1 2 32 72
1 2 16 73
3 2 19 72
7 2 30 71
4 2 20 72
6 2 20 71
8 2 23 70
6 2 24 73
2 3 24 73
8 2 25 73
5 2 26 72
3 2 27 71
4 2 24 73
8 2 23 73
6 2 26 72
4 2 39 73
6 3 39 73
6 2 40 73
6 3 42 73
8 2 9 74
4 5 9 73
4 2 10 72
5 3 17 71
1 2 19 70
5 2 21 70
7 2 21 69
8 2 21 68
2 2 20 70
7 2 19 70
1 2 17 71
8 3 16 71
4 2 16 71
1 2 9 72
3 2 9 73
6 2 18 72
7 2 19 72
8 2 8 73
2 2 9 72
3 2 12 71
5 2 14 70
7 2 16 69
3 2 23 68
6 2 17 69
8 2 22 68
5 2 16 69
8 2 13 71
8 2 11 73
4 3 11 72
2 3 13 72
1 2 18 73
1 2 30 73
1 2 7 74
6 3 8 73
7 2 7 74
8 2 10 73
1 2 10 72
6 2 10 71
8 2 9 71
8 2 6 74
1 2 6 73
5 4 7 72
2 2 6 73
3 2 6 74
3 2 14 73
6 2 5 74
4 3 8 73
7 3 10 72
3 2 9 72
6 2 8 73
4 2 20 73
1 2 7 74
8 2 27 74
2 2 30 74
8 2 44 74
8 2 1 75
4 3 28 74
1 2 43 74
4 3 43 74
6 2 42 74
2 2 6 75
4 2 12 74
2 2 13 73
7 2 13 73
8 2 15 73
3 2 15 74
7 2 15 74
2 2 15 73
8 2 15 73
7 2 18 74
1 2 22 74
7 2 31 74
6 2 9 75
1 2 11 74
1 2 13 73
1 2 14 74
3 2 14 74
2 2 22 74
4 4 22 74
8 2 9 75
6 2 12 74
2 2 12 74
8 2 17 74
3 3 17 74
5 2 11 75
7 2 14 74
6 2 17 74
1 2 13 75
3 2 13 74
6 2 12 74
2 2 22 75
4 2 22 75
1 2 30 75
3 2 36 75
5 2 41 75
7 2 3 76
3 3 6 75
7 2 6 74
5 2 6 75
6 2 6 74
4 2 7 74
2 2 10 75
1 2 11 74
5 2 9 75
3 2 11 74
7 5 9 75
3 2 13 75
6 5 18 75
5 3 24 75
7 3 23 75
6 2 23 75
1 2 25 75
6 2 28 75
8 2 11 76
7 3 12 75
2 2 27 75
2 2 17 76
4 2 18 75
8 2 24 75
3 2 24 75
7 3 25 76
5 3 25 76
8 2 30 76
8 2 34 76
6 2 34 76
2 2 36 76
3 2 40 76
2 3 46 76
2 4 9 77
2 3 29 76
4 2 33 76
7 2 43 76
7 2 46 76
3 2 48 76
2 2 48 76
5 2 50 76
7 3 14 77
8 2 14 76
8 2 15 75
1 2 27 76
7 2 33 76
4 3 15 77
2 2 16 76
8 2 16 75
4 2 19 75
2 2 18 75
7 2 20 76
4 3 20 76
7 3 23 76
5 2 22 76
5 2 25 76
6 3 19 77
1 2 19 76
3 2 20 76
6 2 28 76
4 2 27 76
2 2 20 77
5 2 25 77
4 2 28 76
7 2 31 76
8 2 24 77
7 2 26 76
6 2 27 76
1 2 28 76
1 3 23 77
6 2 29 77
8 2 31 77
4 2 32 77
6 2 4 78
4 2 5 77
4 2 10 76
7 2 8 77
6 2 18 76
8 2 17 76
4 2 18 77
4 2 20 77
2 2 21 77
7 3 27 77
2 2 26 77
8 2 28 77
1 2 29 77
4 2 6 78
6 2 7 77
3 2 14 76
5 3 14 75
1 2 16 75
7 2 14 76
2 3 9 77
3 2 14 76
8 2 14 76
2 2 12 77
3 3 15 76
5 2 14 76
7 2 11 77
1 2 13 77
2 2 17 77
3 2 18 77
7 2 7 78
5 4 9 78
4 2 17 77
8 2 12 78
5 2 13 77
7 2 12 77
6 2 13 78
1 2 12 78
5 2 12 78
8 2 15 78
1 2 28 78
3 2 30 78
6 2 39 78
4 2 38 78
8 2 39 78
2 2 41 78
8 2 41 78
5 3 13 79
2 2 17 78
8 3 23 78
4 2 23 78
6 2 24 78
7 2 30 78
7 2 32 78
1 2 34 78
3 2 36 78
7 3 36 78
2 2 22 79
2 2 28 78
5 3 29 78
4 2 28 78
4 2 32 78
7 2 22 79
2 2 26 78
1 2 40 79
7 2 52 79
4 2 56 79
8 3 9 80
5 3 19 79
5 2 20 79
1 2 23 78
4 2 24 78
5 2 28 78
6 3 27 78
4 2 20 79
3 2 20 78
6 2 21 78
2 2 24 78
8 2 28 79
3 2 44 79
8 2 49 79
8 2 16 80
4 2 20 79
1 4 21 79
8 2 22 78
7 3 21 79
5 2 21 78
2 2 21 79
6 2 30 79
5 2 39 79
6 4 39 79
3 2 16 80
3 2 20 79
6 2 19 80
4 2 20 79
6 2 21 78
7 2 22 79
5 2 22 79
2 2 25 79
6 2 26 79
5 2 25 79
7 2 24 79
2 2 27 79
6 2 56 80
5 2 59 80
1 3 9 81
5 2 48 80
4 2 52 80
4 2 12 81
5 2 13 80
3 3 21 79
4 2 23 79
1 2 23 79
1 3 16 80
5 2 17 79
6 3 16 79
7 2 20 78
7 2 15 79
1 2 16 78
8 3 15 80
4 2 23 80
3 2 30 80
4 2 33 80
5 2 36 80
8 2 35 80
8 2 37 80
1 2 36 80
2 2 14 81
4 2 15 80
3 2 15 80
1 2 25 80
8 2 30 80
3 2 34 80
6 2 18 81
3 2 21 80
3 2 35 80
5 2 22 81
4 2 22 80
6 2 22 80
2 2 21 80
2 2 23 81
5 2 29 81
2 2 31 80
1 2 28 81
4 3 36 81
1 2 39 81
1 5 42 81
2 2 55 81
8 2 57 81
1 3 57 81
5 2 57 81
6 2 10 82
2 2 19 81
2 2 26 81
4 2 27 81
5 2 30 81
2 3 32 81
5 2 34 81
4 2 39 81
4 2 15 82
1 2 17 81
5 2 18 80
6 2 22 80
8 2 25 80
6 2 26 80
8 3 17 81
3 2 23 80
5 2 22 80
1 2 36 81
8 2 14 82
8 2 24 81
6 3 32 81
4 2 34 81
3 2 33 81
6 2 21 82
3 2 31 81
5 2 31 81
1 2 21 82
6 2 22 81
3 2 24 81
2 2 26 81
7 2 26 81
6 3 27 81
3 2 29 81
3 2 21 82
1 2 26 81
7 3 20 82
5 2 26 81
8 3 19 82
8 2 22 82
6 2 25 81
2 2 30 82
2 2 40 82
3 2 3 83
1 2 6 82
5 2 16 81
1 2 16 80
3 2 17 80
4 2 22 81
4 5 8 82
6 3 12 81
5 2 15 81
1 2 19 81
8 2 7 82
2 2 9 81
1 2 14 80
6 2 16 79
7 2 15 80
8 2 14 80
1 2 10 81
4 2 13 80
3 3 10 81
7 2 9 81
5 2 11 80
7 2 12 79
2 2 14 78
8 2 10 80
6 3 7 82
5 2 7 81
8 2 19 82
6 2 4 83
6 3 12 82
1 2 16 82
1 5 8 83
4 3 12 82
8 2 20 82
7 3 7 83
4 2 7 82
3 2 16 82
6 2 18 82
7 2 16 83
5 2 16 82
4 2 15 82
2 2 15 83
6 2 18 83
1 2 18 82
3 2 26 83
7 2 26 83
4 2 49 83
6 2 49 83
2 2 50 83
5 4 9 84
3 2 16 83
7 2 16 82
4 2 15 83
8 3 14 83
8 2 31 83
1 2 36 83
4 2 49 83
4 2 31 84
2 2 33 83
6 3 37 83
5 5 44 83
6 2 44 83
1 2 41 84
3 2 41 83
7 5 41 83
3 2 43 84
2 2 43 84
6 2 55 84
4 2 59 84
7 2 63 84
5 3 63 84
8 2 7 85
8 2 9 84
1 2 9 83
7 2 10 82
8 2 15 82
3 2 9 83
2 4 13 82
1 2 12 83
2 2 18 83
6 2 19 83
3 2 21 83
8 2 28 83
1 2 27 83
8 2 26 83
5 2 26 84
6 4 30 84
7 2 42 84
2 5 9 85
4 2 15 84
7 5 25 83
6 2 15 84
7 2 18 83
3 3 23 83
2 5 23 83
4 4 22 84
8 2 22 84
1 2 21 84
6 2 22 83
5 2 22 84
8 2 22 84
4 2 22 84
8 2 27 84
7 2 11 85
5 3 11 84
4 2 16 83
7 2 19 83
4 2 18 83
5 2 16 85
1 2 23 84
7 2 16 85
4 2 20 84
5 2 21 84
3 2 21 84
2 2 20 84
4 3 25 85
7 2 24 85
3 2 45 85
7 2 45 85
4 2 6 86
2 3 13 85
8 4 13 84
2 2 15 83
1 4 13 84
5 2 13 83
6 3 13 83
6 2 17 84
3 2 19 84
3 2 12 85
3 2 14 85
2 3 29 85
7 2 5 86
6 2 7 85
6 2 19 84
4 2 7 85
3 3 7 84
4 2 8 83
7 2 8 82
1 2 12 82
2 2 7 84
4 2 6 84
8 3 10 83
2 2 11 84
8 2 13 85
7 2 16 85
4 2 30 85
2 3 15 86
5 3 21 85
7 2 21 85
3 2 15 86
8 4 19 85
1 2 18 86
1 2 19 85
3 2 18 85
2 2 22 85
7 2 19 86
7 5 21 85
2 2 19 86
6 2 18 86
8 2 18 85
4 3 19 85
3 2 18 86
7 2 20 86
2 2 19 86
2 2 27 86
3 2 41 86
2 2 43 86
8 3 7 87
8 3 12 86
4 2 16 85
6 2 14 86
1 2 15 85
7 2 14 86
3 2 14 85
6 2 15 86
2 3 25 86
2 2 29 86
4 2 31 86
4 3 14 87
4 2 16 86
1 2 16 86
7 2 27 86
7 2 29 86
4 2 19 87
6 2 26 86
3 3 19 87
8 3 19 86
6 2 19 86
1 3 19 86
7 2 18 86
5 2 20 87
2 2 27 87
5 2 32 87
8 2 35 87
5 2 47 87
6 2 47 87
7 2 46 87
4 2 45 87
6 2 7 88
6 2 16 87
5 2 17 86
7 3 8 88
6 2 23 87
4 2 22 87
4 2 35 87
3 2 35 87
7 2 14 88
8 3 15 87
8 2 16 86
4 2 16 86
6 2 17 87
7 3 17 86
8 2 17 86
1 2 25 87
2 2 25 87
7 3 27 87
7 2 21 88
6 2 24 87
8 2 43 88
6 2 46 88
7 3 47 88
5 2 56 88
2 2 3 89
1 2 11 88
1 2 15 87
1 2 17 86
2 2 11 88
4 2 11 87
5 3 14 86
6 2 11 87
5 3 10 87
2 2 10 86
7 2 9 86
6 2 11 87
5 2 28 88
1 2 35 88
2 2 35 88
5 2 42 88
5 2 52 88
3 2 4 89
5 2 12 88
3 3 34 88
4 2 33 88
5 2 5 89
6 2 6 89
8 2 13 88
2 3 18 87
6 2 17 87
3 2 14 88
4 2 13 88
8 2 15 87
5 2 15 87
5 2 22 88
7 2 21 88
6 2 28 88
4 3 5 89
4 2 8 89
8 2 28 88
6 2 29 88
2 2 31 88
6 2 7 89
5 2 8 88
4 2 23 88
1 3 23 88
3 3 10 89
6 2 19 88
3 2 21 88
5 2 26 88
6 2 25 88
7 2 24 88
8 2 13 89
1 2 14 88
5 2 17 89
8 2 21 89
1 3 22 88
3 2 28 89
6 2 29 89
4 2 30 89
5 2 34 89
6 2 35 89
4 2 35 89
3 3 34 89
8 2 40 89
5 2 39 89
1 3 40 89
1 2 4 90
4 2 23 89
6 2 23 89
5 2 27 89
1 4 28 89
2 2 30 89
3 2 31 89
5 2 31 89
8 2 30 89
4 5 30 89
1 3 10 90
4 3 15 89
7 2 15 88
2 2 16 87
6 2 14 88
5 2 9 90
3 2 11 89
1 2 20 89
6 2 23 89
8 2 22 89
7 2 21 89
2 3 12 90
8 2 13 89
4 2 12 89
2 2 17 88
3 2 12 89
8 2 15 89
5 2 16 90
1 2 20 90
5 3 26 90
6 2 37 90
3 2 38 90
1 2 46 90
8 2 10 91
8 2 16 90
5 2 31 90
1 2 34 90
7 2 11 91
6 3 11 90
5 2 11 89
8 2 10 89
1 2 11 91
2 2 14 90
2 2 27 90
5 2 29 90
4 3 29 90
6 2 29 90
7 2 14 91
8 2 25 90
2 2 35 90
1 3 36 90
6 2 31 91
8 2 32 90
5 2 33 90
5 2 37 90
3 3 37 90
4 2 35 91
5 2 44 91
6 2 52 91
7 2 8 92
3 2 9 91
1 2 18 90
1 2 26 90
4 3 28 90
8 2 13 91
2 3 16 90
4 2 17 90
2 2 25 90
1 3 26 90
6 2 12 91
5 2 15 90
6 2 28 90
1 2 28 90
3 2 15 91
7 3 15 90
3 2 14 90
8 3 14 91
6 3 17 90
5 2 19 90
3 2 18 90
8 3 16 91
2 2 16 91
4 2 17 90
4 2 18 90
7 2 15 91
3 2 15 90
8 2 20 91
6 3 23 91
2 2 12 92
6 2 13 91
2 2 22 91
1 2 12 92
2 2 16 91
8 2 24 91
3 2 11 92
2 2 23 91
4 3 23 91
6 2 12 92
8 2 14 91
6 2 14 90
1 3 13 90
7 2 12 90
7 3 14 91
8 2 13 92
2 3 13 91
1 2 13 91
3 4 12 92
7 2 11 92
6 2 11 92
8 2 14 91
7 2 31 92
4 2 35 92
1 2 41 92
1 2 7 93
8 2 10 92
7 2 12 92
4 2 13 91
5 3 7 93
8 2 20 92
2 2 24 92
6 2 28 92
3 2 31 92
7 2 31 92
5 2 9 93
3 2 11 92
1 2 10 92
5 2 28 93
6 3 30 93
8 2 32 93
1 3 52 93
7 2 52 93
5 2 52 93
4 2 53 93
6 2 68 93
4 2 6 94
7 3 28 93
3 2 37 93
7 2 39 93
8 2 46 93
2 2 51 93
7 3 59 93
4 3 62 93
2 4 7 94
4 3 28 93
2 2 29 93
7 3 31 93
2 3 36 93
3 3 51 93
2 3 56 93
2 2 14 94
5 3 14 93
3 2 17 92
7 2 17 92
8 2 21 92
7 2 14 93
4 2 16 92
2 4 21 92
1 2 22 92
6 2 21 92
4 2 19 93
2 2 33 93
3 2 33 93
7 2 33 93
6 3 33 93
8 2 13 94
2 3 16 94
8 2 30 93
4 2 31 93
7 2 40 93
1 3 19 94
5 2 21 93
3 2 20 93
8 2 19 93
5 2 18 93
6 2 23 92
8 2 24 93
7 3 26 93
2 2 39 94
8 3 7 95
6 2 9 94
7 2 9 93
4 3 9 92
3 2 10 91
4 2 10 90
1 2 11 93
7 2 15 93
5 2 18 92
4 2 14 93
6 2 13 93
3 2 14 93
4 2 19 92
1 4 9 94
3 2 11 93
1 2 13 92
8 2 14 92
3 2 15 92
5 2 13 93
7 2 10 94
4 2 12 93
5 2 19 94
8 3 33 94
7 2 37 94
4 3 7 95
3 2 14 94
6 2 29 94
2 2 29 94
7 2 28 94
3 3 27 94
4 3 26 94
3 2 6 95
8 3 6 94
2 2 9 93
7 2 5 94
1 2 8 93
5 2 5 94
6 4 4 94
5 2 3 94
6 2 12 94
4 2 11 95
1 2 14 94
8 2 12 95
6 2 19 95
2 2 19 95
4 2 18 95
5 2 17 95
2 2 21 95
8 2 21 95
4 6 20 95
1 2 20 95
6 3 19 95
2 2 23 95
8 2 23 95
1 2 24 95
2 2 24 95
8 2 24 95
6 2 28 95
2 2 28 95
6 2 7 96
4 2 12 95
6 3 12 95
1 2 12 94
8 2 13 95
6 2 19 95
2 2 31 95
4 2 18 96
5 2 19 95
4 2 22 95
7 2 21 95
2 2 20 96
1 2 21 96
5 2 21 95
4 2 25 95
3 2 21 96
6 2 24 95
8 2 20 96
7 3 21 96
1 2 21 96
5 2 20 96
3 2 20 95
4 2 24 96
6 2 24 96
6 2 29 96
1 2 30 96
1 2 32 96
6 2 45 96
2 2 1 97
8 2 28 96
3 3 40 96
4 4 9 97
3 2 9 96
5 2 12 95
5 2 15 95
5 2 8 96
6 2 12 95
7 2 12 94
7 2 17 95
4 2 9 96
8 2 9 96
3 2 14 95
4 2 13 95
8 2 34 96
1 2 34 96
2 4 8 97
7 3 8 96
2 2 11 95
1 2 11 95
6 2 10 95
1 4 7 96
4 2 10 95
5 2 8 96
2 2 8 95
7 2 8 95
8 2 7 96
8 3 9 96
1 2 14 96
3 2 9 97
6 2 10 97
4 3 29 97
1 4 28 97
2 2 43 97
2 2 49 97
6 4 53 97
6 2 14 98
4 2 16 97
4 2 17 97
1 2 18 96
6 2 16 97
7 2 25 97
2 4 25 97
3 2 24 97
3 2 35 97
4 2 39 97
8 2 44 97
5 2 18 98
1 2 27 97
4 3 27 97
7 2 29 97
8 4 33 97
3 2 35 97
8 2 20 98
6 2 21 98
1 2 31 97
7 2 31 97
5 2 31 97
2 3 40 97
7 3 42 97
8 2 42 97
6 2 43 97
2 2 43 97
4 2 43 97
8 2 22 98
6 2 26 97
6 2 30 97
1 2 38 97
3 2 38 97
6 3 27 98
7 2 31 97
8 2 36 97
4 4 26 98
5 2 32 98
5 3 39 98
7 2 38 98
5 2 10 99
3 2 12 98
2 2 21 97
3 2 26 97
4 2 30 97
2 2 32 97
2 2 12 98
7 2 17 97
8 2 21 97
5 2 18 98
1 2 18 98
6 2 22 98
3 3 23 98
7 2 9 99
1 2 11 98
1 2 13 97
3 3 15 97
7 2 18 96
6 2 17 97
2 2 17 96
5 3 16 98
4 2 16 97
5 2 12 99
7 2 14 99
1 2 15 99
2 3 25 99
3 2 32 99
6 2 36 99
7 2 43 99
6 2 44 99
4 2 47 99
7 3 58 99
7 2 59 99
4 2 61 99
2 2 10 100
6 2 12 99
2 3 13 98
6 2 16 98
7 2 25 99
7 2 28 99
4 2 31 99
8 2 32 99
2 2 42 99
2 2 32 100
5 2 32 99
3 2 31 99
