264777
2163
6 2 1 1
3 3 1 1
5 2 1 1
7 3 1 1
8 12 1 1
3 15 1 1
6 6 1 1
1 7 1 1
8 8 1 1
3 9 1 1
4 10 1 1
5 11 1 1
2 12 1 1
3 13 1 1
8 14 1 1
4 15 1 1
1 32 1 1
2 17 1 1
6 18 1 1
8 19 1 1
7 40 1 1
4 21 1 1
5 22 1 1
7 23 1 1
2 24 1 1
6 25 1 1
7 26 1 1
4 27 1 1
5 28 1 1
7 87 1 1
1 30 1 1
2 31 1 1
6 64 1 1
1 33 1 1
2 34 1 1
7 35 1 1
5 72 1 1
8 37 1 1
6 38 1 1
2 39 1 1
7 40 1 1
1 41 1 1
8 84 1 1
6 43 1 1
5 44 1 1
8 45 1 1
3 46 1 1
4 47 1 1
6 48 1 1
1 49 1 1
4 50 1 1
8 51 1 1
3 52 1 1
2 53 1 1
4 54 1 1
3 55 1 1
5 56 1 1
6 57 1 1
3 58 1 1
1 59 1 1
2 60 1 1
8 61 1 1
5 62 1 1
4 63 1 1
6 64 1 1
7 65 1 1
5 66 1 1
2 67 1 1
1 68 1 1
4 69 1 1
6 70 1 1
1 71 1 1
4 72 1 1
8 73 1 1
1 74 1 1
4 75 1 1
6 76 1 1
5 77 1 1
8 156 1 1
4 79 1 1
2 80 1 1
7 81 1 1
4 82 1 1
8 83 1 1
1 84 1 1
7 84 1 1
2 85 1 1
5 100 1 1
4 2 3 2
8 2 2 4
6 2 1 4
7 5 1 3
3 2 1 2
7 2 3 5
6 2 5 5
8 4 5 5
8 5 1 6
5 2 2 5
7 2 8 7
6 2 3 8
7 2 5 8
5 4 5 8
6 5 5 9
6 2 3 10
1 2 5 9
2 3 6 9
6 3 6 9
8 3 2 10
5 3 2 11
4 2 4 11
1 2 3 11
3 2 4 11
6 2 3 11
5 3 3 10
7 2 3 9
4 2 4 8
2 2 4 11
4 2 4 12
7 2 4 11
4 8 11 12
1 2 1 13
4 3 5 12
6 2 7 12
2 3 6 13
7 2 5 13
2 3 4 13
1 2 4 14
1 3 11 14
6 4 4 15
2 2 11 14
4 2 4 15
2 2 6 14
8 2 6 14
5 2 5 14
1 2 3 15
5 4 6 14
6 3 6 15
1 2 1 16
5 2 2 15
2 2 3 14
3 2 3 13
7 2 1 16
3 2 1 16
8 2 1 16
5 2 2 16
4 2 3 15
6 2 1 16
7 2 2 17
2 3 2 17
7 2 3 17
2 2 5 16
1 2 3 17
3 2 3 17
4 2 4 17
5 3 4 17
7 3 3 17
5 2 3 16
3 2 6 18
2 2 5 18
8 2 5 18
4 3 1 19
2 4 3 19
3 2 8 18
5 2 3 19
1 3 3 18
6 3 5 18
6 2 2 19
2 2 6 18
5 2 5 18
8 2 4 19
7 2 5 18
1 2 6 19
2 2 6 19
5 3 6 19
6 2 6 20
5 2 11 20
7 2 12 20
7 3 1 21
3 2 1 20
8 2 1 21
2 2 8 20
1 2 1 21
8 2 3 21
2 2 4 20
8 2 5 19
3 3 4 21
5 2 4 20
7 2 3 20
3 3 16 21
7 2 1 22
5 4 9 21
1 5 4 22
2 2 5 21
8 4 4 21
7 2 6 20
7 2 8 21
6 2 9 22
5 3 2 23
7 2 2 22
3 2 2 22
2 2 5 22
3 2 9 22
4 3 2 23
8 2 1 23
6 4 1 23
4 3 6 24
2 2 13 24
1 2 16 24
4 3 16 24
1 3 19 24
2 2 18 24
3 3 7 25
7 3 15 24
7 2 10 25
5 3 13 24
4 3 13 25
2 2 15 25
3 3 1 26
2 2 2 25
3 2 3 24
1 2 4 23
2 2 6 22
8 2 5 26
6 2 8 25
1 2 10 25
7 3 10 26
6 2 9 26
3 2 9 26
4 2 13 26
1 2 15 26
8 3 2 27
4 2 6 26
7 2 1 27
4 3 3 27
6 2 3 26
2 2 6 26
7 3 5 26
6 2 6 25
1 2 6 25
8 2 6 24
1 2 8 23
1 2 3 27
5 2 5 27
3 2 5 26
2 2 6 25
5 3 12 27
2 3 2 28
5 3 2 27
4 2 2 27
1 3 5 27
3 2 4 27
8 2 9 27
3 2 8 27
1 2 8 28
4 2 10 27
2 2 8 28
5 2 11 28
4 2 12 28
1 2 3 29
7 2 13 28
1 2 10 29
1 2 12 28
6 2 12 28
7 3 14 29
5 2 13 29
4 5 13 29
1 2 12 29
3 2 11 29
2 2 11 29
2 4 18 29
7 4 17 29
8 3 3 30
5 2 10 29
5 2 11 29
8 2 11 28
3 2 2 30
7 2 7 29
8 2 5 30
5 2 4 30
8 2 12 29
6 4 4 30
2 2 10 29
7 2 10 28
4 3 4 30
1 2 10 29
4 2 6 30
5 2 6 30
8 2 6 29
6 2 7 28
3 2 7 28
1 2 1 31
3 5 2 31
3 2 8 31
2 2 7 31
8 4 6 31
4 2 8 31
6 3 13 31
4 5 14 31
2 2 1 32
6 2 4 31
5 2 6 31
6 2 6 31
4 5 6 31
6 3 6 31
4 2 1 32
2 2 2 31
1 2 3 30
3 2 3 30
2 3 3 29
7 2 1 31
7 2 3 31
8 2 2 31
6 2 3 32
1 3 3 31
7 2 8 32
2 2 10 32
1 4 13 32
1 2 1 33
3 2 4 32
1 2 3 32
1 2 5 32
1 2 6 32
2 3 9 32
5 5 5 33
7 3 5 32
6 3 7 32
8 2 6 33
3 2 10 33
3 4 12 33
4 2 11 33
4 3 17 33
2 2 1 34
6 2 1 33
8 2 1 32
2 2 1 32
3 2 2 32
1 2 1 34
5 2 2 34
5 2 6 33
1 2 8 33
4 3 7 34
1 2 12 34
6 3 15 34
4 3 17 34
3 2 18 34
3 2 5 35
2 3 13 34
7 2 12 35
8 2 17 34
1 2 13 35
2 2 12 35
7 2 18 35
5 2 17 35
1 3 17 35
8 3 21 35
1 2 1 36
6 2 2 36
1 4 7 35
3 2 9 34
1 2 8 34
7 2 11 34
5 2 8 35
3 2 8 35
4 2 10 34
8 3 10 33
3 2 11 35
5 7 12 35
8 5 6 36
2 4 6 35
5 2 7 34
6 2 8 34
7 2 7 35
2 2 7 35
4 2 6 36
1 2 6 36
3 2 7 36
6 2 9 36
8 4 13 36
8 4 1 37
8 2 5 36
6 2 6 35
4 2 5 36
8 2 2 37
4 2 2 36
8 2 2 35
1 2 7 37
7 3 7 37
5 2 8 36
1 3 7 37
2 3 6 37
6 3 7 37
2 2 7 37
2 2 1 38
5 4 2 37
3 3 7 36
7 2 1 37
2 2 1 37
1 2 3 36
1 2 4 36
4 2 3 36
6 2 2 36
3 3 1 37
5 3 1 36
1 2 2 35
7 3 1 36
3 2 1 35
7 2 2 34
6 2 3 33
4 2 1 34
4 2 3 33
8 2 1 34
4 2 4 35
6 2 3 36
4 5 5 36
2 2 5 36
6 2 4 36
3 2 5 35
1 3 4 35
7 3 3 36
5 2 4 36
3 2 4 36
8 2 3 36
4 3 7 36
3 2 12 36
2 2 12 36
1 3 1 37
8 3 2 37
7 2 1 37
5 2 2 36
5 3 4 36
2 4 8 37
3 2 3 38
1 2 4 37
8 2 5 36
1 2 7 36
4 4 7 36
5 2 5 37
3 2 4 37
5 8 10 37
7 2 9 37
1 2 14 38
4 2 14 38
2 2 16 38
3 3 19 38
6 2 19 38
1 2 22 38
8 2 4 39
8 3 6 38
4 3 7 38
1 2 7 37
5 3 15 38
4 2 16 38
6 2 16 38
7 2 19 39
5 3 24 38
2 2 26 38
3 2 21 39
6 2 22 38
1 2 21 39
4 3 21 39
5 2 20 39
7 2 21 38
6 2 19 39
1 2 9 40
7 4 14 39
8 2 15 38
8 2 16 38
7 2 15 38
2 2 13 39
3 3 13 38
8 3 11 40
4 3 11 39
1 2 11 39
3 2 11 40
8 2 17 40
4 2 25 40
3 2 14 41
3 2 22 40
4 3 25 40
3 2 33 40
5 2 13 41
6 4 29 40
8 2 28 40
6 2 31 40
4 2 18 41
5 3 23 41
3 2 23 40
2 3 24 40
3 2 24 41
6 7 30 41
6 2 3 42
5 2 3 41
8 2 11 40
7 2 12 40
7 2 19 40
6 2 22 40
4 2 22 40
2 4 3 41
6 2 4 40
3 2 4 39
1 2 5 38
6 2 11 37
7 2 10 37
5 2 4 38
1 2 9 37
2 2 8 38
3 2 7 38
8 2 6 38
2 2 6 37
7 2 3 39
4 2 6 41
6 2 12 40
6 3 14 40
5 2 6 41
2 2 6 40
1 2 8 40
3 3 6 41
7 2 9 40
4 3 6 42
2 3 8 41
5 2 9 40
8 3 8 40
1 2 8 40
2 3 20 42
8 3 20 42
6 5 20 42
8 2 20 42
5 2 29 42
1 2 4 43
8 2 5 42
3 2 8 41
1 2 5 43
3 2 13 42
7 2 12 42
1 3 15 42
7 2 4 43
5 3 10 42
2 2 11 42
1 2 17 42
8 2 3 43
7 2 13 42
2 4 14 42
3 2 18 43
2 3 21 43
4 2 21 43
3 2 20 43
7 2 1 44
8 2 7 43
1 2 18 42
3 3 8 43
5 4 16 42
2 3 14 43
8 2 14 42
2 2 15 42
7 2 16 42
4 4 13 43
4 2 1 44
4 3 2 43
6 3 5 42
4 2 6 43
6 2 6 43
4 2 6 43
2 2 8 42
1 2 7 42
6 2 6 43
7 2 5 43
3 3 1 44
2 2 2 43
1 2 2 44
8 2 3 43
2 2 10 44
4 4 18 44
7 2 17 44
4 2 21 44
4 2 10 45
2 2 11 45
3 2 12 45
5 2 17 44
1 3 17 44
5 2 19 44
4 2 14 45
5 2 13 45
3 2 13 44
6 2 14 44
7 2 16 44
4 3 12 45
2 3 18 45
6 4 18 45
2 4 19 45
4 2 20 45
5 3 19 45
3 2 18 45
7 3 18 45
3 2 19 45
4 2 18 45
1 2 17 45
1 5 3 46
1 3 4 45
5 2 15 44
8 2 8 45
8 2 12 44
3 2 11 45
2 2 3 46
6 2 3 45
1 2 7 44
5 2 7 44
5 3 4 46
7 2 5 46
6 2 4 46
3 2 3 46
6 2 3 46
3 2 17 46
5 2 16 46
8 2 18 46
2 2 17 46
6 2 24 46
8 3 28 46
1 2 4 47
3 3 10 46
7 3 17 46
1 4 16 46
4 2 15 46
6 3 15 46
2 3 20 46
7 3 5 47
5 2 5 46
1 2 7 45
8 2 5 46
4 2 6 45
7 2 6 46
3 2 10 46
2 2 11 46
2 3 6 47
8 2 11 47
5 2 12 46
4 2 11 47
1 2 10 47
4 3 10 46
7 2 9 46
6 3 9 47
4 4 9 47
3 2 10 47
4 2 2 48
3 4 2 47
5 2 8 46
1 3 7 47
6 3 1 48
7 4 2 47
5 2 5 46
3 2 4 46
4 2 4 45
2 2 3 45
5 2 2 48
4 3 2 48
2 2 2 47
3 2 2 48
8 2 3 47
7 2 2 48
6 2 3 47
7 2 7 48
1 2 9 48
5 2 12 48
3 3 14 48
8 3 14 48
7 5 13 48
5 2 15 48
1 3 16 48
2 2 20 48
1 3 20 48
6 4 20 48
7 4 1 49
8 3 1 48
6 3 11 48
3 2 4 49
5 2 4 48
5 2 18 48
2 2 3 49
2 4 5 48
4 4 10 48
3 2 9 49
4 2 12 48
7 2 12 48
1 2 13 48
4 2 8 49
4 2 10 49
5 2 14 49
7 2 15 49
8 2 14 49
6 2 15 49
8 3 15 49
4 2 17 50
7 2 17 50
5 6 18 50
3 2 19 50
5 2 20 50
7 2 22 50
1 2 26 50
4 2 3 51
7 2 3 50
8 2 10 49
3 2 11 48
7 3 11 50
2 2 17 50
2 3 32 50
2 2 2 51
2 4 6 51
6 7 7 50
7 2 6 50
3 2 8 49
5 2 11 48
7 2 11 49
1 2 10 50
1 2 8 51
8 2 15 50
4 2 17 50
7 2 20 50
4 2 19 50
2 3 7 51
8 5 6 51
6 2 18 50
4 3 6 51
5 2 10 50
3 2 9 50
2 3 9 50
1 2 8 51
2 2 11 50
8 2 8 51
4 5 8 50
1 2 15 51
6 2 15 51
6 2 21 51
6 2 4 52
7 2 7 51
3 2 9 50
1 2 9 49
6 2 8 49
6 2 6 52
1 2 15 51
1 3 6 52
4 2 11 51
5 2 11 50
2 2 10 51
2 3 6 52
5 2 6 51
2 2 12 51
7 2 5 52
5 2 10 51
7 2 10 50
8 2 10 52
1 2 10 52
4 2 9 52
5 3 9 52
2 3 8 52
2 2 15 52
7 3 15 52
3 3 16 52
3 2 18 52
8 2 18 52
5 3 18 52
6 2 17 52
1 2 21 52
8 2 4 53
7 2 8 52
4 2 8 51
1 3 7 53
3 3 7 52
5 3 7 52
7 2 15 52
3 2 15 52
8 2 6 53
8 3 14 52
4 2 5 53
2 2 8 52
2 2 17 52
7 6 5 53
4 2 13 52
5 7 5 53
6 2 14 52
3 2 4 53
3 2 7 53
7 2 12 52
1 2 7 53
8 2 7 52
1 2 7 52
2 3 9 52
7 3 12 53
2 2 6 54
8 2 7 53
4 3 10 52
4 2 6 54
4 5 9 54
6 2 10 54
3 2 14 54
1 4 18 54
6 3 19 54
3 2 21 54
4 3 22 54
8 2 21 54
7 3 23 54
6 2 22 54
1 4 22 54
3 2 21 54
5 2 23 54
2 2 22 54
7 2 24 54
3 2 4 55
1 2 4 54
6 2 4 54
2 2 4 53
5 2 9 52
3 2 8 53
8 2 6 54
7 2 7 53
4 2 6 54
5 2 3 55
1 3 7 54
8 6 10 54
4 2 15 54
2 2 15 54
1 3 3 55
2 7 5 54
4 2 7 55
6 4 8 55
3 2 12 55
4 3 12 55
8 2 12 54
4 3 13 55
8 2 16 55
4 2 16 55
1 2 22 55
7 2 23 55
8 2 1 56
5 3 9 55
4 2 9 54
6 2 10 54
8 2 17 55
3 2 3 56
4 4 2 56
7 2 1 56
5 2 5 55
5 2 15 55
3 2 4 56
1 2 12 55
7 3 4 56
7 2 7 55
1 3 6 55
2 2 5 55
3 2 8 54
4 2 3 56
3 2 4 56
8 4 4 55
4 3 4 55
5 2 8 54
3 2 9 56
2 2 9 56
7 2 8 56
8 2 15 56
1 2 14 56
6 2 14 56
4 2 14 56
2 2 16 56
2 4 5 57
8 2 6 56
3 2 11 56
5 2 4 57
6 2 7 56
2 2 16 57
4 2 20 57
5 2 20 57
3 3 24 57
5 2 23 57
1 2 22 57
5 2 22 57
1 2 31 57
3 2 4 58
1 3 4 57
8 2 4 56
7 3 6 55
2 2 5 55
6 2 3 56
3 2 2 56
5 3 10 57
2 2 9 57
6 2 18 57
8 4 19 57
4 2 17 57
3 2 28 57
5 2 11 58
3 2 11 57
3 2 16 57
1 2 17 57
4 2 21 57
7 2 14 58
3 2 22 57
4 2 14 58
1 2 22 57
2 2 22 58
2 2 23 58
6 4 23 58
5 5 25 58
4 2 29 58
5 2 30 58
8 2 29 58
2 2 1 59
8 2 8 58
7 2 9 57
5 2 9 57
1 2 8 57
2 2 9 57
8 2 14 57
2 2 14 57
4 3 8 58
3 2 12 58
8 2 12 57
7 2 11 57
5 2 14 58
5 2 16 58
7 4 11 59
4 2 12 58
3 2 12 58
6 2 11 58
6 3 13 59
4 2 12 59
1 3 13 59
2 2 15 59
3 2 14 59
4 2 15 59
6 5 22 59
6 3 27 59
6 2 33 59
2 3 35 59
4 3 35 59
1 3 6 60
6 2 10 59
8 2 10 59
6 2 12 58
3 2 9 59
7 2 17 59
2 2 22 59
7 4 26 59
3 5 8 60
5 3 9 60
7 2 9 59
1 2 11 59
3 2 11 59
5 2 12 58
2 2 11 58
8 2 11 59
1 2 20 59
8 3 9 60
1 3 8 60
8 4 8 59
3 2 8 59
6 2 8 58
2 3 7 58
4 3 8 59
2 3 7 60
5 3 8 59
1 2 8 59
8 3 8 59
8 2 11 59
3 3 6 60
2 2 6 59
3 4 16 60
5 2 21 60
3 2 2 61
7 3 4 60
6 3 5 60
5 2 4 60
2 6 4 59
5 2 3 59
4 3 7 58
1 2 2 60
6 2 7 60
4 2 2 61
1 2 2 61
8 3 4 60
3 2 9 60
7 2 1 61
7 2 2 61
6 2 12 61
4 3 12 61
2 2 16 61
2 2 20 61
3 6 22 61
2 2 1 62
4 2 2 61
3 2 2 60
2 2 2 59
8 2 1 59
7 3 11 62
3 6 14 61
5 2 15 61
1 2 14 61
8 3 14 61
4 2 14 61
7 2 15 62
1 2 17 61
4 2 16 61
5 3 17 62
8 4 18 62
3 2 17 62
6 2 17 62
2 2 21 62
4 2 20 62
5 2 21 62
5 2 22 62
8 2 29 62
7 2 28 62
3 2 28 62
7 2 36 62
2 3 5 63
3 2 11 62
5 2 13 61
4 2 16 61
4 2 31 62
4 2 8 63
6 2 12 62
3 2 15 61
1 2 8 63
8 2 15 62
7 3 16 61
6 2 23 62
2 3 8 63
5 2 13 63
1 2 15 63
5 2 16 63
5 4 17 63
8 3 21 63
7 2 21 62
8 3 21 62
2 2 20 62
1 2 19 62
1 2 21 62
4 2 23 63
1 2 26 63
4 2 30 63
6 2 32 63
3 2 1 64
8 2 2 63
8 2 6 62
5 2 8 61
5 2 9 61
8 4 9 60
2 2 8 60
6 2 11 61
2 2 10 61
3 2 11 62
4 2 10 62
3 2 19 63
3 2 25 63
4 4 1 64
4 2 8 63
1 2 9 62
2 2 10 62
5 3 9 63
5 2 3 64
7 2 12 63
7 3 3 64
2 2 18 63
8 2 19 63
5 2 19 63
6 2 14 64
4 2 17 63
5 3 20 64
3 3 23 64
5 2 29 64
2 2 29 64
7 5 30 64
3 2 29 64
2 2 36 64
4 2 35 64
2 2 7 65
5 2 7 65
7 2 12 64
5 2 13 63
8 2 11 64
8 2 27 64
6 2 9 65
7 3 11 65
7 2 12 65
1 2 15 64
7 2 23 64
6 2 24 65
8 2 23 65
1 3 24 64
2 2 23 64
7 2 23 64
2 2 25 64
4 2 32 65
7 2 40 65
4 3 39 65
6 2 38 65
8 2 1 66
5 2 4 65
2 3 4 64
2 2 8 63
3 2 14 63
1 2 7 64
1 2 12 63
4 2 12 63
3 2 3 65
1 2 5 64
8 2 8 63
2 2 9 63
4 2 5 65
3 2 5 65
5 2 9 64
6 2 10 64
8 2 17 65
5 5 18 65
6 2 17 65
6 3 1 66
1 2 2 65
4 4 8 65
1 2 10 64
3 3 7 65
6 2 8 64
4 2 7 65
1 2 7 64
2 2 8 64
2 2 2 66
7 4 2 65
5 2 3 64
6 2 5 66
8 7 13 66
5 3 12 66
7 2 13 66
6 3 16 66
3 2 15 66
7 3 16 66
3 2 18 66
2 2 18 66
5 2 18 66
4 2 17 66
2 7 23 66
6 4 23 66
5 2 25 66
8 2 27 66
1 2 27 66
8 2 30 66
4 2 2 67
2 3 18 66
4 2 23 66
7 2 31 66
3 2 2 67
1 4 2 66
7 2 4 65
3 3 8 65
2 2 8 65
4 2 1 66
3 2 1 65
8 2 1 64
7 2 11 66
1 2 5 67
5 2 9 66
8 2 12 66
7 2 11 66
6 2 4 67
2 3 9 66
8 2 5 67
4 2 6 66
1 2 4 67
3 4 8 66
3 3 14 66
3 3 3 67
7 4 3 66
2 2 2 66
5 2 1 66
2 2 1 65
6 3 4 64
5 2 5 63
8 4 3 64
4 2 1 65
3 2 2 65
2 2 2 66
1 2 3 66
4 2 2 66
8 2 14 67
6 2 13 67
1 2 16 67
3 2 17 67
4 2 19 67
5 3 5 68
3 2 10 67
8 2 15 67
8 2 17 67
5 3 13 68
7 2 13 68
6 3 13 67
4 3 13 67
1 2 12 67
7 2 24 68
4 4 30 68
8 3 29 68
8 2 31 68
5 3 31 68
5 2 36 68
3 2 37 68
7 3 39 68
7 3 1 69
2 2 3 68
6 2 5 67
5 2 5 67
7 2 4 67
4 3 1 69
5 2 1 68
6 2 2 67
4 2 2 68
4 2 4 68
5 5 4 67
2 2 6 67
6 2 25 68
8 3 5 69
2 2 7 68
6 3 11 68
7 2 14 68
3 3 15 68
3 2 11 69
3 3 12 68
1 2 11 68
4 2 19 68
7 2 18 68
6 2 11 69
7 2 20 68
2 2 19 68
5 2 18 68
2 3 11 69
5 4 11 68
4 3 11 68
1 8 14 68
2 2 14 69
5 2 15 69
3 2 15 69
2 3 15 69
5 2 15 69
4 2 21 69
3 2 1 70
8 4 10 69
4 2 12 68
8 2 1 70
3 2 5 69
4 3 4 69
5 2 8 68
2 2 9 68
3 2 18 69
2 3 6 70
3 2 7 69
1 2 14 70
1 2 18 69
4 3 16 70
1 2 26 70
2 2 33 70
5 2 33 70
3 2 32 70
1 2 31 70
8 5 32 70
7 2 37 70
6 6 38 70
1 2 40 70
3 2 40 70
8 3 2 71
7 2 9 70
5 2 10 69
8 2 11 68
1 2 10 69
8 2 9 69
8 2 3 71
8 4 6 70
2 3 8 70
3 2 7 70
7 2 7 69
6 2 8 68
8 3 8 69
6 3 7 70
1 3 3 71
6 2 3 70
7 4 4 69
4 2 7 68
5 2 6 69
1 2 3 70
3 2 9 70
5 2 19 70
6 2 19 70
1 2 20 70
8 2 13 71
7 3 20 70
4 2 19 70
5 2 15 71
7 2 15 71
8 2 16 71
1 2 17 71
2 2 19 70
4 2 16 71
3 3 18 71
3 3 19 71
6 2 18 71
8 4 18 71
5 3 19 71
7 5 22 71
4 2 22 71
6 2 2 72
7 2 6 71
5 2 14 70
3 3 13 70
1 3 18 71
8 2 18 71
7 2 17 71
5 2 2 72
5 3 5 71
2 2 10 70
4 2 6 71
2 2 6 70
6 2 5 70
6 3 3 72
3 2 6 71
6 2 6 71
1 2 5 71
2 2 4 71
8 2 7 70
7 3 7 70
6 3 7 70
2 2 3 72
4 3 4 72
5 4 5 72
1 2 14 72
7 3 19 72
8 2 23 72
2 2 33 72
3 3 33 72
7 2 2 73
6 3 3 72
3 2 7 72
8 2 6 72
5 2 13 73
2 2 16 72
6 2 17 72
3 2 16 72
1 2 15 73
1 3 17 72
3 2 18 73
7 4 21 72
2 4 25 72
6 2 19 73
6 3 21 72
4 2 21 72
2 2 23 73
6 2 22 73
3 2 22 72
2 2 25 73
1 3 27 73
7 2 29 73
4 2 32 73
5 2 32 73
5 2 35 73
1 2 1 74
3 2 1 73
2 2 7 72
6 2 9 72
4 2 8 72
7 2 8 72
5 2 13 72
2 2 1 73
5 3 13 73
1 3 14 72
2 2 29 73
1 2 1 74
2 2 14 73
8 2 13 73
4 4 2 74
8 2 2 74
7 2 9 73
8 2 10 72
6 2 11 72
4 2 2 74
2 2 4 73
3 2 10 73
5 3 10 72
4 2 16 73
7 2 17 73
4 4 8 74
3 3 10 74
8 4 11 74
5 3 17 73
6 3 10 74
8 2 21 74
2 3 22 74
3 2 24 74
6 2 26 74
1 2 29 74
5 3 28 74
1 2 30 74
4 3 30 74
4 4 35 74
1 2 3 75
3 2 12 74
7 2 20 74
5 2 23 74
2 3 22 74
8 4 22 74
1 2 24 74
2 4 18 75
4 2 22 74
1 2 18 75
3 2 20 74
2 6 29 75
6 3 33 75
7 2 34 75
8 2 38 75
6 3 37 75
2 2 41 75
5 3 41 75
3 2 42 75
4 2 41 75
4 2 44 75
4 3 45 75
3 2 45 75
6 2 3 76
3 2 4 75
6 2 12 74
2 2 16 74
7 2 15 74
1 2 16 73
7 2 8 75
3 2 18 74
6 2 17 74
1 2 17 74
3 2 14 75
5 3 15 74
2 2 15 73
5 2 17 75
3 2 21 75
2 2 20 75
7 3 30 75
1 3 29 75
8 2 4 76
1 2 7 75
6 2 13 74
8 3 13 73
7 5 13 74
7 2 7 76
2 3 7 75
8 2 22 75
3 2 21 75
8 2 7 76
1 3 11 75
7 5 10 76
6 2 11 75
8 2 15 75
2 2 17 75
4 5 9 76
4 3 13 75
1 2 10 76
8 3 10 76
7 2 18 76
4 2 27 76
6 2 4 77
5 2 5 76
6 2 6 75
5 2 7 74
7 2 9 73
1 2 6 75
3 2 4 76
7 2 5 75
3 2 5 74
6 2 6 75
2 2 5 76
3 2 5 76
2 2 6 75
5 2 5 75
5 5 11 76
1 2 9 77
2 2 9 77
5 2 12 76
3 3 9 77
3 2 11 76
3 2 14 77
6 3 14 77
7 2 14 76
5 2 14 77
7 2 18 77
4 2 19 77
2 2 20 77
6 2 25 77
8 2 31 77
7 3 31 77
1 2 30 77
3 2 32 77
4 3 32 77
1 3 31 77
7 2 36 77
8 2 35 77
6 3 40 77
3 2 44 77
6 2 45 77
3 2 3 78
8 2 6 77
5 2 5 77
4 2 7 76
7 3 4 77
7 2 10 76
5 2 4 77
3 2 26 77
2 2 25 77
3 2 24 77
1 2 30 77
8 2 7 78
5 2 12 77
4 2 27 77
3 2 17 78
4 2 19 77
3 3 25 77
5 5 26 77
5 2 17 78
7 3 18 77
6 5 17 78
6 3 18 77
3 2 19 78
2 2 18 78
4 2 19 78
7 3 25 78
3 2 24 78
2 2 29 78
8 5 29 78
2 2 27 78
5 2 29 78
4 2 28 78
5 2 33 78
6 4 11 79
2 2 29 78
7 4 14 79
2 2 22 78
8 2 13 79
5 2 15 78
2 2 15 78
5 2 21 77
3 2 23 78
5 2 22 78
3 2 21 78
8 2 21 77
1 2 17 79
6 2 17 78
4 2 17 77
3 2 17 77
7 2 19 77
6 3 18 79
6 2 19 79
2 4 19 79
3 2 19 78
3 2 31 79
4 2 30 79
7 2 31 79
5 2 42 79
1 2 44 79
6 3 43 79
1 2 1 80
6 2 4 79
7 2 8 78
1 2 15 77
5 2 8 78
6 2 12 77
7 2 12 77
8 2 8 78
5 2 10 77
2 2 11 77
1 2 8 78
4 5 13 79
8 2 14 79
5 2 14 79
1 3 5 80
3 3 11 79
5 2 23 79
8 2 26 79
8 3 19 80
6 2 26 79
7 2 20 80
8 2 20 79
2 3 21 79
8 3 22 79
7 2 22 80
4 3 22 79
6 3 29 80
3 2 31 80
4 2 33 80
3 3 34 80
8 3 44 80
4 2 50 80
3 4 53 80
8 2 53 80
6 2 53 80
2 3 1 81
8 2 7 80
1 3 10 79
7 2 15 79
1 2 21 79
5 2 8 80
4 2 14 79
4 3 20 79
2 2 19 79
3 2 19 79
5 2 14 80
5 2 17 80
6 2 20 80
7 2 21 80
6 3 1 81
4 2 9 80
8 2 15 79
3 2 14 79
3 2 10 80
7 2 9 80
4 2 12 79
6 2 8 80
8 2 12 79
2 2 11 80
1 2 14 80
3 2 26 80
3 2 1 81
7 2 3 80
8 2 3 79
4 2 7 78
4 2 8 77
6 2 8 76
3 2 7 77
1 2 8 81
5 3 17 80
2 2 20 80
1 2 17 81
3 2 17 81
5 2 20 80
7 2 20 81
3 3 20 81
6 2 22 81
7 2 21 81
6 2 20 81
3 2 22 81
3 5 23 81
3 3 26 81
6 3 32 81
4 2 32 81
8 2 31 81
4 2 2 82
5 3 2 81
3 2 3 80
2 2 3 80
7 2 4 79
6 2 5 78
2 2 5 77
4 2 5 76
8 2 6 76
1 2 2 80
5 2 2 79
6 2 7 79
1 2 6 79
7 3 6 80
1 2 6 80
5 2 3 82
6 2 3 82
8 3 4 81
4 2 4 80
8 2 4 79
4 2 14 81
7 2 16 81
3 2 4 82
2 2 4 81
4 6 22 81
1 2 5 82
4 2 5 81
7 3 7 80
8 2 7 80
7 3 11 82
2 6 15 81
5 3 14 82
5 3 16 82
3 2 27 82
1 2 30 82
6 3 31 82
5 2 30 82
2 2 32 82
1 4 37 82
7 2 44 82
4 6 4 83
6 2 14 82
4 5 24 82
6 2 6 83
5 3 30 82
7 11 29 82
3 4 29 82
2 2 28 82
3 7 32 82
1 2 8 83
2 2 12 82
8 2 14 81
7 3 13 82
1 2 14 81
2 2 15 81
4 2 14 82
5 2 28 82
3 4 11 83
5 2 11 82
4 3 11 81
4 2 19 83
5 8 19 83
5 3 27 83
3 4 32 83
7 2 32 83
6 2 31 83
5 5 31 83
1 4 36 83
4 2 35 83
3 2 39 83
6 4 41 83
1 3 1 84
1 4 2 83
7 6 3 82
3 2 3 81
5 2 3 80
8 18 7 83
6 5 16 82
7 4 14 83
3 4 14 83
8 2 15 82
6 2 16 82
7 2 18 82
5 4 26 83
3 4 27 83
7 3 1 84
8 4 1 83
5 2 5 82
6 2 11 81
2 2 4 82
6 2 4 81
8 2 4 82
1 2 5 81
2 2 5 80
5 2 5 80
7 2 4 82
2 2 6 81
1 3 3 82
3 2 3 83
1 4 11 83
8 2 10 83
1 8 13 83
2 4 13 83
3 2 12 83
2 4 16 83
5 3 1 84
4 4 2 83
8 2 2 82
6 2 2 81
4 2 3 80
8 2 2 81
1 3 1 84
6 3 1 84
1 4 3 83
4 12 1 84
2 9 1 83
5 6 10 83
8 2 9 83
5 3 1 84
7 4 2 83
4 6 1 84
1 7 3 83
6 4 5 83
2 2 5 82
7 3 1 84
7 4 4 83
4 3 1 84
6 3 1 84
8 4 2 83
3 2 1 83
4 3 1 83
6 3 1 83
8 3 1 83
7 4 1 82
4 4 3 82
8 3 1 83
1 4 1 82
6 3 1 83
8 3 1 83
7 3 1 83
8 3 1 83
3 4 1 83
2 4 1 82
1 4 1 82
7 3 1 82
1 3 1 82
8 3 1 82
1 3 1 82
8 6 1 82
5 3 1 82
1 3 1 82
5 3 1 82
2 4 1 82
4 4 1 81
2 3 1 81
1 3 1 81
5 3 1 81
3 10 2 80
7 2 1 80
6 3 1 80
8 4 1 79
6 3 1 80
8 3 1 80
7 3 1 80
3 4 2 79
1 6 1 80
3 4 1 80
5 3 1 80
7 5 1 80
6 5 1 80
1 3 1 80
3 3 1 80
4 4 1 79
8 3 1 80
2 3 3 80
8 2 8 80
5 2 7 80
4 4 6 80
1 3 11 80
6 3 12 80
3 2 13 80
4 3 16 80
8 2 15 80
7 2 17 80
5 2 24 80
3 2 24 80
6 2 23 80
3 2 25 80
2 2 35 80
7 2 40 80
8 3 40 80
7 2 44 80
4 2 52 80
3 2 1 81
8 2 9 80
2 5 11 80
7 2 10 80
2 4 13 80
3 3 13 80
7 2 17 80
8 2 17 80
6 2 26 80
3 3 31 80
1 3 1 81
2 2 5 80
7 3 5 80
8 2 32 80
3 2 1 81
7 3 1 80
3 2 19 80
6 3 28 80
6 5 1 81
1 2 8 80
5 3 8 80
2 2 16 80
8 2 2 81
6 2 10 80
4 2 10 80
5 3 17 80
1 3 16 80
4 2 16 80
6 2 17 80
7 3 17 80
7 2 27 80
1 2 4 81
8 4 4 80
4 2 3 80
5 2 2 80
4 2 1 80
2 3 1 79
1 2 2 78
1 2 3 78
7 2 2 78
7 2 4 79
3 3 4 80
1 2 6 79
3 2 7 79
6 3 10 79
3 2 11 79
8 3 7 80
1 2 7 80
4 2 15 80
2 2 14 80
6 2 14 80
8 6 13 80
7 3 12 80
1 4 13 80
3 2 13 80
5 2 12 80
2 2 4 81
4 3 4 80
5 2 3 80
8 2 3 79
3 2 7 79
2 2 9 79
4 2 7 80
8 3 7 81
1 2 7 80
3 6 8 81
7 2 9 81
6 2 11 81
4 2 18 81
8 3 18 81
8 3 20 81
3 2 19 81
1 3 22 81
7 3 22 81
4 3 23 81
7 3 25 81
7 2 27 81
4 2 31 81
8 3 32 81
1 2 36 81
7 2 35 81
7 2 36 81
6 2 35 81
2 2 1 82
3 4 1 81
6 20 2 81
5 3 6 81
2 2 26 81
7 7 1 82
4 2 9 81
5 2 1 82
2 2 29 81
7 3 7 82
1 2 18 81
1 3 19 81
6 5 19 81
5 2 19 81
4 2 23 81
5 2 7 82
3 2 9 81
6 2 9 82
2 3 9 81
8 2 8 81
1 2 7 81
6 3 6 81
6 3 10 82
3 2 15 82
2 2 19 82
6 2 18 82
8 2 20 82
1 2 23 82
7 3 23 82
8 2 23 82
1 2 27 82
2 2 28 82
8 3 28 82
3 2 28 82
5 3 31 82
2 2 31 82
4 2 2 83
3 2 8 82
8 2 8 81
5 2 7 81
8 6 3 83
3 2 3 82
1 2 8 82
1 2 25 82
8 5 6 83
6 2 10 82
2 2 11 81
2 2 6 83
4 2 6 82
3 3 11 82
4 2 10 82
1 3 9 82
7 6 7 83
2 3 13 82
7 2 14 82
4 5 15 82
3 2 13 83
5 2 13 82
4 4 18 83
6 2 27 83
2 2 27 83
6 2 29 83
5 3 29 83
1 2 28 83
2 2 29 83
5 2 28 83
2 2 28 83
2 4 36 83
7 2 6 84
8 4 20 83
3 2 22 83
7 2 26 83
5 2 29 83
7 2 33 83
7 4 15 84
6 2 20 83
1 2 21 83
3 4 28 83
6 2 27 83
5 4 16 84
3 2 18 83
1 3 24 83
7 2 24 83
1 2 15 84
7 3 20 84
5 2 25 83
4 3 28 84
4 2 30 84
7 2 34 84
4 2 34 84
2 4 33 84
2 2 34 84
2 4 1 85
4 3 9 84
7 2 14 83
4 2 18 83
3 2 20 83
6 2 20 83
3 2 13 84
8 2 18 83
7 5 25 84
5 3 8 85
5 5 10 84
6 2 16 83
1 3 16 83
6 4 10 85
4 2 17 85
1 2 27 84
3 2 16 85
8 3 17 84
8 3 25 84
5 2 16 85
7 2 17 84
5 3 23 84
7 2 18 85
4 3 23 84
2 2 19 85
3 2 18 85
2 2 19 85
1 4 25 85
8 2 28 85
5 2 27 85
8 2 32 85
5 2 32 85
4 4 1 86
3 2 7 85
1 2 9 84
4 2 11 84
3 2 11 83
1 2 12 82
7 6 7 85
4 2 11 84
6 2 12 83
8 2 12 82
7 2 11 83
3 2 9 86
7 2 9 85
8 2 10 84
2 2 10 83
4 2 10 82
6 2 9 82
5 2 8 85
3 2 18 85
1 4 9 86
2 2 8 86
3 2 10 85
5 3 10 84
8 2 7 86
4 8 8 85
6 3 10 84
2 2 8 85
5 2 8 85
6 2 6 86
7 2 6 86
4 4 6 86
8 5 8 85
6 2 13 84
5 2 11 85
2 2 10 85
1 7 5 86
3 4 13 86
2 2 12 86
1 2 15 86
5 5 23 86
8 4 27 86
3 2 31 86
5 4 32 86
2 4 34 86
2 4 35 86
1 3 1 87
1 4 3 86
3 4 5 86
5 5 9 85
3 4 8 86
4 4 19 86
1 4 19 86
6 4 21 86
8 4 22 86
2 4 23 86
6 4 24 86
5 7 24 86
1 2 23 86
2 3 1 87
2 7 3 86
7 4 3 86
7 7 14 86
3 4 14 86
8 3 1 87
4 7 2 86
6 2 4 85
3 2 6 84
1 3 6 83
4 2 6 83
2 2 5 85
6 4 5 86
6 4 11 86
5 3 1 87
7 4 4 86
4 2 4 85
1 3 1 87
1 4 3 86
4 4 6 86
2 3 1 87
3 4 1 86
5 2 2 85
4 3 1 87
6 4 9 86
5 5 8 86
6 6 1 87
1 4 8 86
2 3 1 87
7 10 5 86
1 4 5 86
4 3 1 87
3 3 1 87
4 3 1 87
3 3 1 87
5 7 4 86
4 3 1 87
8 4 1 86
7 2 1 85
4 6 1 87
5 3 1 87
6 3 1 87
4 3 1 87
2 4 2 86
8 3 1 87
6 3 1 87
8 3 1 87
2 6 1 87
4 3 1 87
8 9 1 87
6 3 1 87
7 3 1 87
5 3 1 87
7 3 1 87
2 6 1 87
6 3 1 87
7 6 1 87
2 3 1 87
3 3 1 87
1 4 1 86
8 3 1 86
3 4 1 85
5 4 1 84
1 3 1 85
7 4 1 84
