11178
3701
4 3 3 1
1 2 3 1
2 7 3 1
7 4 3 1
7 2 6 1
4 2 9 1
6 2 11 1
7 2 11 1
8 2 25 1
7 3 31 1
3 2 37 1
8 2 41 1
5 2 40 1
7 2 39 1
3 2 38 1
6 3 39 1
1 4 46 1
2 5 46 1
8 2 46 1
3 2 45 1
5 2 45 1
8 3 46 1
6 4 65 1
8 2 2 2
1 2 18 1
5 3 30 1
7 2 31 1
4 2 31 1
2 4 48 1
6 2 47 1
4 2 46 1
7 3 48 1
8 3 54 1
6 2 21 2
3 2 25 1
7 2 30 1
4 2 30 1
2 2 29 1
4 2 34 1
2 3 22 2
4 2 32 1
1 3 32 1
7 2 46 1
4 2 21 2
7 2 33 1
2 2 32 1
3 4 27 2
1 2 29 2
6 3 41 1
4 2 28 2
8 2 39 1
5 2 39 1
2 4 32 2
7 2 39 2
4 2 40 2
3 3 39 2
4 3 39 1
7 2 37 2
3 3 36 2
2 3 5 3
1 4 9 2
8 2 10 1
7 2 12 1
4 2 13 1
8 2 14 1
7 3 27 1
5 2 26 1
2 3 8 2
7 2 16 1
7 2 21 1
2 3 10 2
8 2 17 1
4 3 17 1
7 2 15 2
3 3 15 2
1 2 14 2
3 4 7 3
7 4 7 3
4 2 14 2
6 2 7 3
7 2 10 2
2 2 11 2
3 2 10 2
8 2 7 3
8 3 8 3
1 3 9 2
3 2 10 3
8 2 10 3
6 2 9 3
5 2 13 3
4 4 13 3
8 2 16 3
6 2 30 3
7 2 29 3
1 4 36 3
4 2 40 3
1 2 42 3
1 2 44 3
5 2 2 4
5 3 7 3
5 2 22 3
1 2 21 3
4 2 4 4
1 2 8 3
8 2 8 3
2 2 11 3
5 2 25 3
4 2 5 4
3 2 7 3
4 4 17 3
6 2 24 3
5 4 26 3
7 2 25 3
2 9 26 3
7 3 8 4
1 2 8 3
6 2 7 3
5 2 7 4
6 2 10 3
2 2 10 3
3 3 14 3
4 2 21 3
8 3 10 4
2 2 13 3
3 2 16 3
8 2 17 3
5 2 17 4
2 2 17 4
3 2 17 3
4 2 17 4
5 3 18 4
3 3 19 4
4 3 20 4
1 2 29 4
2 2 33 4
8 2 2 5
6 3 14 4
4 2 14 3
1 3 13 3
6 3 28 4
6 2 31 4
5 2 2 5
4 2 9 4
8 2 2 5
1 2 3 4
6 2 4 3
1 2 7 2
5 3 7 1
5 2 3 3
7 2 3 4
3 3 5 4
4 2 6 3
1 2 10 4
6 2 10 4
4 2 15 4
6 2 14 4
2 2 13 4
2 2 3 5
1 5 3 5
5 4 6 4
7 2 6 3
1 2 8 4
8 5 9 4
3 2 12 4
7 4 8 5
4 2 11 5
5 3 11 5
8 2 19 5
7 7 18 5
1 3 17 5
7 4 20 5
1 2 19 5
3 2 19 5
1 2 22 5
7 2 22 5
8 2 26 5
6 3 31 5
6 3 1 6
7 3 9 5
2 3 9 5
6 2 13 4
6 2 8 5
5 2 7 5
1 2 6 5
7 2 7 4
2 2 7 3
5 2 6 5
6 3 3 6
3 6 18 5
2 6 4 6
6 3 16 5
8 3 4 6
6 2 7 5
7 2 15 5
8 3 8 6
1 2 10 5
7 2 10 4
5 6 8 6
3 2 9 6
6 2 19 6
3 3 21 6
5 2 21 6
6 4 22 6
6 6 24 6
7 3 24 6
3 2 25 6
8 4 32 6
2 2 31 6
7 2 34 6
8 2 36 6
2 3 40 6
5 3 41 6
7 3 40 6
1 2 40 6
4 6 2 7
8 2 2 6
8 2 12 5
2 2 25 6
2 2 33 6
1 2 4 7
6 3 18 6
4 3 25 6
3 2 28 6
7 2 29 6
5 2 6 7
5 3 24 6
7 2 6 7
5 2 13 6
7 5 17 6
2 2 19 6
1 3 18 6
3 2 20 6
7 2 20 6
7 3 10 7
4 8 18 6
2 2 21 6
8 4 11 7
6 4 14 6
3 3 13 6
5 2 11 7
7 2 13 7
4 2 13 6
8 3 14 7
3 6 18 7
3 2 21 7
2 2 20 7
6 3 3 8
8 2 5 7
1 2 11 6
2 2 11 5
2 3 10 7
2 2 12 7
6 2 13 6
5 2 14 6
5 2 11 7
3 2 13 6
4 2 14 7
6 3 15 7
3 2 3 8
7 2 10 7
7 2 11 7
5 2 12 7
4 5 3 8
1 2 2 8
3 2 9 7
1 2 6 8
4 2 9 7
6 2 9 6
5 2 8 8
2 7 9 7
1 4 7 8
4 2 8 8
8 2 8 7
8 4 9 8
5 3 12 8
7 2 21 8
7 3 31 8
2 3 32 8
8 2 32 8
7 2 2 9
6 2 5 8
6 2 9 8
6 2 10 8
7 6 10 8
8 2 2 9
2 2 5 8
1 2 21 8
8 2 20 8
7 2 4 9
6 2 6 8
8 2 7 8
4 2 10 8
7 2 10 8
8 2 25 8
5 2 24 8
4 2 4 9
1 2 19 8
1 2 5 9
6 2 20 8
4 2 22 8
7 2 23 8
5 2 22 8
1 2 6 9
5 2 7 8
3 5 8 8
8 3 9 8
5 2 8 8
2 2 8 8
6 2 8 8
2 3 11 8
6 2 5 9
7 2 11 8
8 3 11 8
8 2 6 9
6 2 8 9
1 2 7 9
8 2 8 9
2 2 9 8
3 2 8 9
6 3 7 9
1 5 10 8
5 3 7 9
8 2 7 8
3 2 6 9
7 2 6 8
4 2 7 7
5 2 10 9
2 2 14 9
2 2 3 10
4 2 5 9
3 2 5 8
2 2 4 9
7 3 6 9
1 2 2 10
4 2 6 9
8 2 5 9
3 2 2 10
4 2 2 9
1 2 4 8
7 2 3 10
1 3 3 10
3 3 2 10
2 2 4 10
3 2 10 10
7 2 16 10
7 2 18 10
5 2 18 10
1 2 21 10
1 2 26 10
8 4 25 10
5 2 26 10
4 2 29 10
3 2 29 10
7 2 28 10
4 2 33 10
6 3 34 10
7 2 40 10
8 4 39 10
8 2 5 11
3 3 5 10
7 2 17 10
3 2 16 10
4 2 6 11
5 2 6 10
7 2 5 10
6 2 5 10
2 2 7 11
8 3 13 10
3 2 15 10
2 2 14 10
2 2 25 10
3 5 25 10
4 3 24 10
7 2 25 10
1 2 8 11
4 2 12 10
8 2 17 10
6 2 9 11
5 2 11 10
1 2 11 10
6 2 13 10
1 2 15 10
6 2 11 11
7 3 11 10
4 2 11 10
1 2 16 10
2 2 15 10
6 6 11 11
7 2 11 10
3 2 12 10
5 2 11 10
8 2 11 11
6 2 11 11
7 2 12 11
2 2 15 11
4 4 15 11
7 4 15 11
7 2 16 11
1 3 16 11
3 2 15 11
6 5 17 11
3 2 19 11
1 3 26 11
6 3 26 11
5 3 7 12
8 4 8 11
3 2 9 11
1 2 19 11
4 4 8 12
2 2 8 11
8 2 8 11
7 2 9 10
1 3 8 12
4 2 10 11
3 2 10 11
8 2 12 11
3 2 15 11
3 2 11 12
2 2 11 11
8 2 12 11
3 3 15 12
6 2 15 12
8 2 19 12
4 3 28 12
7 2 33 12
8 2 37 12
5 2 39 12
3 2 42 12
5 2 41 12
3 2 40 12
8 2 40 12
2 3 39 12
8 3 39 12
6 3 38 12
7 4 37 12
4 4 37 12
7 2 38 12
6 3 8 13
2 2 8 12
5 3 8 11
8 2 7 12
7 2 19 12
2 2 19 12
4 2 28 12
8 2 27 12
3 3 18 13
5 2 29 13
4 3 33 13
7 2 34 13
5 4 36 13
7 4 37 13
8 5 41 13
2 2 40 13
2 3 44 13
1 2 47 13
1 2 55 13
4 4 4 14
5 2 11 13
1 2 23 12
1 3 12 13
2 2 23 12
2 2 11 13
1 2 14 12
6 2 14 12
1 2 16 12
2 2 23 12
7 4 17 13
8 2 20 12
5 2 19 12
7 2 20 13
1 2 19 13
3 3 19 12
8 3 19 13
5 2 30 13
6 2 11 14
1 2 17 13
2 2 18 12
6 2 17 14
6 2 18 13
4 2 24 13
3 2 16 14
5 3 30 13
2 2 21 14
7 2 25 13
6 2 24 13
1 2 22 14
8 4 24 13
6 2 29 13
6 3 26 14
7 3 35 14
8 2 35 14
1 2 35 14
8 3 45 14
1 2 1 15
2 2 3 14
5 2 4 13
7 2 16 12
4 2 7 13
3 2 11 12
8 2 12 11
5 2 10 13
6 2 11 12
4 2 11 11
3 2 19 13
1 2 3 14
6 2 4 13
6 2 6 12
5 2 6 11
1 2 5 12
7 3 7 13
2 3 6 14
2 2 15 13
6 2 14 13
5 4 16 14
7 2 22 14
5 2 32 14
3 2 3 15
1 2 10 14
4 4 10 13
7 2 9 13
3 2 9 14
8 2 9 13
1 2 8 14
5 2 18 14
6 2 18 14
5 2 18 14
7 3 26 14
4 2 4 15
7 5 5 15
2 2 7 14
2 2 8 14
7 2 11 13
8 2 10 14
5 3 5 15
1 3 9 15
2 2 10 14
4 2 8 15
4 4 13 14
2 3 15 14
3 6 17 14
1 2 13 15
4 8 13 15
1 4 14 15
6 4 17 14
2 2 13 15
1 2 19 15
8 2 18 15
2 2 24 15
3 2 23 15
2 3 28 15
4 2 29 15
4 2 35 15
5 2 2 16
5 2 20 15
1 2 28 15
8 3 32 15
6 2 31 15
3 2 30 15
1 2 2 16
4 4 1 16
6 2 8 15
1 2 7 15
8 2 8 14
3 2 7 15
4 2 7 14
5 4 8 13
6 2 7 14
7 2 8 13
3 3 7 13
8 2 6 14
4 2 8 15
6 2 8 15
5 2 8 15
8 2 8 14
1 3 7 15
6 2 1 16
7 2 6 16
3 3 14 15
6 2 11 16
4 2 14 15
7 2 11 16
8 5 11 16
8 2 13 16
2 2 24 16
2 4 29 16
3 4 37 16
4 3 38 16
5 3 37 16
8 4 38 16
3 2 37 16
3 4 1 17
6 3 21 16
3 2 20 16
8 2 11 17
1 2 11 16
7 2 14 17
4 3 15 16
5 2 14 16
5 2 16 17
4 4 17 16
8 2 16 16
2 2 15 16
5 2 17 16
7 2 24 16
6 2 17 17
4 2 18 17
8 2 24 16
7 2 21 17
7 2 22 16
5 3 21 17
6 2 22 16
2 3 25 17
5 3 33 17
4 3 34 17
8 2 34 17
3 2 36 17
5 2 41 17
1 2 16 18
8 2 39 17
5 3 15 18
6 2 15 17
3 2 18 16
7 3 32 17
2 2 14 18
3 3 31 17
8 2 30 17
4 2 14 18
3 2 25 17
6 2 27 17
1 2 27 17
7 2 30 17
6 2 31 17
6 2 15 18
2 2 18 17
5 2 14 18
1 2 30 17
3 2 13 18
6 4 13 17
8 2 15 16
7 2 16 16
1 3 16 16
2 4 13 18
4 2 15 17
7 2 14 17
8 4 15 18
2 2 14 18
8 2 14 17
8 2 15 18
2 2 16 18
3 2 15 18
8 3 16 18
4 3 20 17
5 3 23 18
5 2 26 18
1 2 30 18
6 6 31 18
7 5 30 18
1 2 31 18
5 2 1 19
4 2 15 18
6 2 17 17
7 2 16 17
1 2 16 17
4 3 5 19
2 2 9 18
5 2 10 18
2 6 12 17
6 2 14 16
3 2 13 16
5 2 13 15
4 2 19 18
6 2 22 18
1 2 4 19
3 2 5 18
7 2 8 17
4 2 12 16
8 2 7 18
7 3 12 18
6 2 14 18
7 2 3 19
6 3 5 18
5 2 7 17
8 2 11 18
4 2 2 19
4 2 6 18
8 2 6 18
1 2 10 17
1 2 5 18
3 2 2 19
6 2 2 18
3 2 7 17
2 2 6 17
3 2 2 19
7 2 6 18
5 2 6 18
4 2 8 18
2 2 6 19
8 2 6 18
3 4 6 19
3 2 11 19
6 4 17 19
8 2 16 19
2 2 18 19
3 2 17 19
6 5 18 19
5 4 20 19
7 2 26 19
6 2 28 19
8 2 28 19
5 2 3 20
5 2 9 19
3 2 11 19
7 2 13 19
1 2 19 19
6 2 25 19
8 2 5 20
1 2 8 19
5 3 11 19
5 3 17 19
8 2 18 19
1 3 18 19
3 2 6 20
7 2 14 20
2 2 14 19
1 2 13 19
3 2 17 20
3 2 24 20
7 2 26 20
8 2 29 20
6 3 29 20
4 2 28 20
7 2 31 20
4 2 35 20
7 2 44 20
3 3 49 20
4 6 3 21
2 3 8 20
4 3 9 19
4 2 10 19
4 2 11 19
3 3 8 20
5 2 10 19
8 2 17 20
1 2 18 20
1 3 33 20
3 4 2 21
3 2 9 20
7 2 9 19
5 3 15 21
6 2 16 20
7 2 22 20
4 2 15 21
6 2 21 20
6 2 17 21
1 2 20 20
8 2 19 20
2 2 20 21
1 2 26 20
2 2 22 21
3 2 23 20
5 3 22 20
4 2 21 20
7 2 20 20
6 2 21 20
2 2 20 20
8 2 20 21
1 4 20 21
8 2 20 21
5 4 20 21
7 3 25 20
3 3 19 21
1 2 25 20
2 2 18 21
8 6 18 21
5 2 18 20
4 2 18 20
2 2 22 21
8 2 1 22
7 2 7 21
1 2 7 20
8 2 8 19
6 2 8 18
6 2 6 20
7 2 5 20
5 3 7 21
2 2 11 20
3 5 12 20
6 2 8 21
3 3 9 20
1 2 7 21
8 2 7 21
5 2 9 20
7 2 8 20
4 2 10 19
6 2 7 20
2 2 8 21
6 2 23 21
1 3 2 22
6 2 13 21
1 4 17 21
1 2 4 22
1 2 7 21
6 2 7 21
8 2 14 21
7 2 5 22
4 2 14 21
2 2 14 21
7 2 15 21
2 2 6 22
5 2 7 21
3 4 7 20
1 3 9 21
4 3 8 21
7 2 8 21
8 2 8 21
3 3 8 21
6 2 7 21
2 2 6 22
6 9 13 22
3 2 16 22
6 2 15 22
7 2 15 22
1 3 15 22
5 3 15 22
6 2 20 22
6 2 21 22
5 2 20 22
7 2 20 22
4 2 22 22
2 2 22 22
7 2 22 22
8 2 21 22
6 2 20 22
7 2 23 22
2 2 2 23
4 2 19 22
1 3 18 22
7 3 8 23
1 3 11 23
2 2 12 22
7 2 10 23
5 2 9 23
3 4 17 22
8 3 11 23
1 4 12 22
7 3 13 23
2 2 14 23
5 2 14 23
1 2 13 23
2 2 15 23
1 3 14 23
6 3 19 23
5 2 21 23
7 3 23 23
4 4 26 23
4 2 29 23
1 2 34 23
2 2 36 23
6 2 39 23
6 2 43 23
6 4 13 24
5 3 16 23
3 2 16 23
2 2 16 22
6 2 18 23
2 2 17 23
5 2 16 23
3 2 18 23
6 2 20 23
5 2 18 24
8 2 18 24
1 2 19 23
6 2 21 23
7 2 22 23
2 2 25 23
8 2 24 23
5 2 24 24
8 3 24 24
3 3 25 24
4 3 26 24
1 3 37 24
2 3 38 24
1 2 43 24
7 2 43 24
1 2 43 24
8 3 43 24
1 2 45 24
6 2 45 24
1 3 4 25
2 2 6 24
5 2 19 23
5 2 10 24
7 2 11 23
4 2 14 22
6 2 13 22
2 2 9 24
7 2 17 23
1 3 15 24
4 2 19 23
5 2 21 23
5 2 15 24
4 2 20 23
2 2 23 24
7 2 29 24
1 2 6 25
1 2 24 24
7 2 11 25
4 3 12 25
1 3 17 24
3 2 19 23
2 2 18 24
3 2 11 25
8 2 18 24
7 2 17 24
3 2 16 24
4 2 16 23
4 2 10 25
8 2 19 24
7 2 19 24
5 2 18 24
1 2 11 25
2 2 15 24
5 2 21 25
6 3 21 25
4 2 20 25
2 2 20 25
1 2 22 25
5 2 23 25
4 2 26 25
6 3 26 25
1 3 25 25
3 2 35 25
8 2 37 25
8 4 38 25
6 2 38 25
1 2 1 26
6 2 10 25
7 2 10 24
3 2 15 24
6 2 11 25
6 4 13 25
4 2 20 25
6 2 19 25
5 3 20 25
4 2 19 25
5 2 25 25
1 2 24 25
4 2 24 25
3 2 7 26
3 2 16 25
6 3 16 25
3 2 9 26
7 2 13 25
5 2 14 24
7 2 19 25
8 3 9 26
2 2 8 26
8 3 8 25
4 2 9 24
8 2 9 23
6 2 10 22
3 3 11 25
5 3 11 26
5 2 14 25
1 3 12 26
2 6 14 25
3 2 15 26
2 2 15 26
6 6 14 26
5 2 14 26
1 3 15 26
7 2 17 26
2 3 16 26
4 2 21 26
7 2 21 26
2 2 20 26
7 2 23 26
4 3 29 26
2 2 28 26
7 3 6 27
4 3 11 26
3 4 15 26
8 2 14 26
5 2 17 26
6 2 19 26
7 2 22 26
1 2 7 27
5 2 7 26
6 3 7 25
3 2 5 26
7 3 7 26
4 2 12 25
8 2 11 26
6 2 7 27
5 2 14 26
4 2 6 27
1 2 11 26
6 2 10 26
5 2 9 27
6 2 10 27
3 3 10 27
1 2 10 27
2 2 9 27
3 3 9 26
8 2 9 26
2 2 7 27
6 2 8 26
5 6 6 27
8 2 5 27
7 2 4 27
3 6 4 27
6 3 9 27
3 3 11 27
8 3 10 27
3 3 13 27
8 3 15 27
8 2 22 27
6 2 23 27
3 3 24 27
4 5 24 27
8 2 7 28
6 2 7 27
1 2 7 27
8 3 9 27
1 2 15 27
8 3 14 27
4 2 6 28
7 3 12 27
7 4 14 28
4 3 18 28
1 2 22 28
3 2 23 28
6 2 25 28
2 2 25 28
2 2 26 28
1 3 26 28
3 6 25 28
8 2 24 28
4 3 30 28
6 2 35 28
1 3 38 28
5 2 43 28
4 2 43 28
7 2 44 28
6 2 44 28
3 2 1 29
8 2 1 28
2 2 6 27
5 2 13 27
4 2 2 28
1 2 11 27
2 2 12 27
6 2 17 27
3 2 17 27
4 2 8 28
8 2 10 28
1 2 16 27
4 2 10 28
3 2 15 27
7 7 19 28
8 2 19 28
4 2 19 28
7 3 1 29
2 2 6 28
7 2 9 27
4 2 10 27
3 5 6 28
5 3 7 27
8 2 7 28
2 2 11 28
6 2 11 27
5 2 3 29
1 2 5 28
7 2 12 28
8 2 11 28
7 2 2 29
4 2 2 29
3 2 2 29
3 3 11 28
5 2 1 29
6 2 4 28
5 3 6 29
4 2 9 28
6 2 8 29
5 6 9 29
8 4 15 29
7 3 18 29
6 2 18 29
5 3 19 29
1 2 23 29
3 3 26 29
6 4 33 29
7 3 3 30
2 2 6 29
8 2 6 28
7 2 6 27
7 2 10 29
4 3 13 29
2 3 19 29
1 2 22 29
6 2 7 30
2 2 15 29
6 2 18 29
5 2 18 29
3 3 7 30
5 2 8 29
3 2 16 29
7 2 15 29
2 2 15 29
3 2 8 30
4 2 10 29
1 3 10 29
5 2 9 29
4 4 11 29
6 2 10 29
7 2 12 29
7 2 8 30
3 2 9 29
4 4 13 30
3 3 18 30
5 8 18 30
6 2 23 30
4 2 25 30
5 2 28 30
2 3 32 30
1 2 35 30
5 7 36 30
1 3 38 30
3 2 3 31
4 2 6 30
4 2 17 30
1 2 16 30
2 2 20 30
5 2 19 30
2 5 23 30
2 2 3 31
1 2 7 30
5 2 14 30
4 5 13 30
3 2 12 30
8 2 11 30
6 2 3 31
6 2 8 30
2 2 9 29
8 2 8 29
8 2 3 31
5 2 4 31
1 2 5 30
6 3 5 29
3 2 5 29
6 2 13 30
8 2 12 30
7 3 4 31
4 2 4 30
6 4 4 31
7 3 4 30
2 2 5 29
8 5 4 30
1 3 4 29
1 4 13 31
5 2 18 31
8 2 25 31
5 2 27 31
5 2 33 31
3 2 41 31
8 2 1 32
8 2 9 31
6 3 19 31
6 2 30 31
7 2 4 32
3 2 6 31
3 2 11 31
6 2 12 31
2 2 16 31
1 4 26 31
3 2 30 31
6 2 29 31
6 4 6 32
2 3 12 31
8 3 15 31
5 2 7 32
2 2 22 31
7 2 21 31
7 4 6 32
5 2 10 32
2 2 27 31
5 5 18 32
6 2 27 32
8 2 29 32
6 2 37 32
2 2 43 32
7 2 42 32
5 2 3 33
4 4 12 32
3 2 15 31
3 3 17 31
4 2 16 31
5 3 14 32
2 2 15 31
1 2 14 32
3 2 17 31
4 2 28 32
4 2 8 33
2 2 14 32
4 2 19 31
1 4 25 32
7 2 24 32
4 2 23 32
8 2 22 32
1 3 22 32
7 2 16 33
2 2 19 32
7 2 17 33
3 4 18 32
8 3 18 31
5 3 17 33
8 2 16 33
1 2 20 32
5 5 18 33
3 2 21 33
5 3 20 33
6 3 22 33
2 2 22 33
3 2 21 33
4 7 21 32
6 4 24 33
7 3 25 33
5 2 25 33
5 4 35 33
2 2 35 33
5 2 35 33
3 2 34 33
1 3 9 34
8 4 9 33
4 2 18 32
2 2 17 33
1 2 17 32
3 3 8 34
7 4 28 33
6 2 11 34
3 2 19 33
1 3 20 34
3 2 25 33
4 3 26 33
6 2 25 33
8 5 19 34
7 2 22 33
6 2 22 33
2 2 21 33
1 2 18 34
5 3 19 34
2 3 20 34
7 2 21 34
7 2 27 34
1 2 29 34
7 3 36 34
1 2 47 34
6 2 46 34
7 2 48 34
1 3 2 35
1 2 14 34
3 2 15 33
8 3 15 33
7 2 18 32
6 2 15 33
4 2 16 33
3 2 2 35
3 2 10 34
7 2 12 33
6 2 11 34
1 2 12 33
8 3 13 32
6 2 13 31
5 2 14 31
1 2 26 34
2 2 27 34
7 2 32 34
3 2 35 34
5 3 3 35
7 2 3 34
8 3 5 34
2 4 6 34
4 2 5 34
7 4 4 34
8 2 11 33
2 4 11 32
4 2 4 34
5 2 9 34
7 4 9 34
6 2 8 34
4 2 7 34
8 3 7 33
6 2 8 35
1 5 17 34
5 6 8 35
4 3 16 34
5 3 15 34
3 3 7 35
7 2 7 34
8 2 11 34
4 2 12 34
7 4 11 35
4 2 21 35
1 2 22 35
5 3 22 35
6 3 2 36
4 5 2 35
6 2 11 34
8 2 4 35
4 3 7 34
3 2 6 34
6 2 6 33
5 2 7 35
8 3 10 35
3 4 9 35
8 2 9 35
2 2 8 35
1 4 8 35
6 2 20 35
4 2 21 35
1 2 20 35
8 2 21 35
5 2 3 36
4 2 7 35
2 2 3 36
3 4 3 35
2 3 6 34
6 2 6 35
7 2 5 35
5 2 5 34
6 3 3 36
5 2 5 36
2 3 10 35
4 4 10 35
5 2 9 35
6 2 10 35
8 2 10 36
7 2 16 36
3 5 16 36
6 2 16 36
2 2 16 36
8 2 17 36
1 3 19 36
6 3 22 36
6 2 26 36
7 2 25 36
1 2 26 36
6 2 25 36
5 4 27 36
4 2 1 37
5 2 1 36
1 2 3 35
1 2 7 35
7 2 8 36
5 3 17 36
2 2 20 36
7 2 1 37
6 3 7 36
8 2 14 36
3 2 15 36
3 2 16 36
8 2 1 37
8 2 2 36
6 2 12 36
3 2 2 37
4 2 6 36
7 2 7 35
5 2 6 36
6 2 6 35
2 3 8 36
7 2 7 36
2 2 2 37
1 3 3 36
7 2 2 37
4 3 1 37
6 5 2 36
5 2 2 35
8 2 2 35
2 2 3 34
6 2 2 34
1 4 1 36
7 2 5 37
7 2 17 37
2 2 19 37
7 2 27 37
8 2 27 37
2 2 26 37
4 2 27 37
4 2 28 37
2 2 27 37
7 3 30 37
5 2 2 38
3 3 5 37
7 3 8 37
8 2 14 37
5 2 19 37
5 3 23 37
1 3 23 37
8 2 7 38
1 2 7 37
3 2 25 37
6 3 25 37
3 2 6 38
8 3 11 37
3 2 14 37
5 3 13 37
4 2 5 38
1 2 9 37
6 2 12 37
5 3 19 37
2 3 4 38
6 2 10 37
8 2 11 37
3 2 13 37
2 3 15 37
5 3 10 38
7 4 11 38
3 5 10 38
4 2 19 38
8 3 18 38
3 2 27 38
7 2 31 38
1 3 36 38
4 2 3 39
7 2 16 38
1 4 26 38
4 4 26 38
1 3 26 38
3 3 31 38
6 2 16 39
2 2 27 38
5 2 28 38
2 3 15 39
6 3 22 38
2 2 23 38
8 3 16 39
1 3 28 38
3 2 16 39
3 2 19 39
5 2 23 38
8 2 24 38
6 2 24 38
2 2 24 39
3 3 24 39
7 2 28 39
3 2 30 39
1 2 30 39
8 2 37 39
6 2 40 39
8 2 43 39
2 2 43 39
7 2 45 39
4 2 44 39
8 2 49 39
5 4 2 40
4 2 18 39
7 3 18 38
6 2 22 39
2 2 22 39
3 2 22 38
6 2 24 39
5 2 27 39
3 4 30 39
2 2 29 39
8 2 34 39
6 3 2 40
2 2 11 39
3 2 11 38
4 2 20 38
4 2 31 39
2 2 4 40
1 3 5 39
4 2 8 38
2 2 11 37
4 2 13 37
1 2 7 38
6 3 4 39
1 3 9 39
8 3 10 39
4 2 4 40
8 3 18 39
3 2 23 39
1 2 13 40
4 2 16 39
5 3 16 40
2 2 20 39
8 2 22 39
4 2 18 40
7 2 21 39
2 3 21 40
8 2 21 40
4 2 20 40
1 3 20 39
6 2 20 39
7 5 20 40
5 2 20 40
8 2 19 40
3 2 19 39
3 2 22 40
7 2 4 41
7 2 5 40
4 2 13 39
1 2 13 38
5 2 13 38
1 2 8 40
5 2 9 41
2 2 9 40
5 2 15 39
6 2 14 40
7 2 16 40
5 4 21 40
5 2 25 40
7 2 28 40
6 2 16 41
1 2 16 40
8 3 23 40
3 2 23 40
1 2 21 41
5 2 22 41
8 2 26 41
4 2 41 41
3 2 41 41
8 3 40 41
7 4 42 41
8 3 49 41
4 2 48 41
1 4 48 41
3 2 48 41
2 3 2 42
6 3 8 41
2 2 16 40
4 2 15 40
7 3 7 41
8 4 13 40
1 3 13 39
7 2 13 38
6 2 13 40
3 4 12 40
4 5 7 41
7 2 10 40
6 2 9 40
5 2 10 39
4 2 9 39
8 2 8 40
2 4 9 41
2 2 3 42
3 2 3 41
5 3 3 40
7 2 8 39
4 3 1 41
6 2 8 40
1 2 2 41
6 4 20 41
5 2 21 41
8 2 27 41
4 2 2 42
2 2 5 41
4 2 28 41
2 2 7 42
4 2 8 41
4 5 22 41
5 2 22 41
7 2 23 41
6 2 22 41
6 2 6 42
3 5 7 41
1 2 7 41
4 2 6 41
6 2 6 40
7 2 9 42
2 2 10 42
3 2 14 41
4 2 13 41
2 2 13 42
3 2 13 41
1 2 15 42
2 2 14 42
7 2 13 42
3 5 23 42
4 3 23 42
8 3 28 42
3 2 30 42
5 2 32 42
8 2 3 43
1 2 3 42
2 2 7 41
8 2 7 41
4 2 6 41
8 2 5 42
5 2 3 43
1 2 8 42
3 2 10 42
5 2 17 42
4 2 22 42
2 2 23 42
7 2 5 43
3 3 5 42
5 2 8 41
5 2 9 42
7 2 10 42
1 2 13 42
3 3 13 42
8 3 5 43
2 3 10 42
1 3 10 42
6 3 10 42
7 2 5 43
8 2 9 42
3 2 5 43
1 6 5 42
7 2 5 41
5 2 10 42
7 2 9 42
8 2 8 43
3 2 8 43
2 3 13 43
8 3 16 43
5 2 21 43
5 2 26 43
2 2 26 43
1 2 27 43
4 3 28 43
6 2 29 43
2 3 3 44
1 2 6 43
5 2 13 43
4 2 15 43
1 2 21 43
7 3 28 43
2 2 27 43
6 2 9 44
3 3 14 43
1 3 14 43
6 3 26 43
7 2 25 43
7 2 9 44
4 2 13 43
6 2 10 44
3 6 9 44
1 2 12 43
5 2 11 43
1 2 8 44
4 2 8 44
8 2 8 43
5 2 8 42
4 2 7 42
1 2 7 43
7 2 7 43
8 2 10 43
1 2 13 43
4 3 7 44
7 3 10 43
2 2 7 44
7 2 15 44
5 3 29 44
4 3 29 44
4 2 32 44
1 3 32 44
4 3 33 44
7 2 32 44
4 2 34 44
2 2 33 44
1 3 32 44
1 2 1 45
5 4 3 44
8 2 4 43
5 2 4 42
3 2 4 41
8 2 3 41
4 2 3 41
6 3 2 42
2 2 3 43
6 2 3 43
7 2 2 43
3 3 2 44
6 2 1 44
4 2 9 44
8 2 12 44
2 3 12 44
1 2 11 44
7 2 20 44
8 2 1 45
1 2 1 44
2 3 2 43
5 2 4 44
6 2 4 43
6 2 2 45
5 2 5 45
5 3 9 44
2 6 9 44
5 2 13 44
8 3 5 45
1 3 5 45
7 3 6 44
6 2 5 44
7 3 8 44
6 2 11 45
4 3 16 45
2 2 18 45
4 2 17 45
5 2 16 45
3 2 17 45
1 3 18 45
4 6 20 45
3 2 20 45
6 2 22 45
8 3 24 45
5 3 24 45
5 3 27 45
8 3 27 45
3 2 1 46
5 3 17 45
1 2 19 45
4 3 1 46
5 2 1 45
3 2 2 45
1 2 6 44
3 2 5 44
2 2 1 45
4 2 1 45
1 2 4 45
7 2 4 44
2 3 18 45
4 2 20 45
8 2 2 46
6 2 16 45
7 2 15 45
8 5 14 45
6 2 5 46
3 2 5 45
6 3 5 45
6 2 12 45
7 2 5 46
2 3 8 45
8 2 7 45
1 2 7 45
2 5 4 46
4 4 7 45
5 2 10 46
4 2 20 46
5 2 21 46
1 4 24 46
3 2 32 46
5 3 32 46
1 2 32 46
8 5 32 46
5 3 37 46
5 2 2 47
3 2 6 46
1 2 7 46
7 2 7 46
6 4 12 46
7 2 15 46
3 2 23 46
1 2 1 47
6 2 3 46
4 2 2 46
2 2 2 45
8 2 3 44
1 2 3 45
2 2 16 46
5 2 6 47
8 2 6 47
2 2 6 46
4 2 11 46
4 2 21 46
2 3 7 47
3 3 13 46
6 3 13 46
8 2 12 46
2 2 19 46
7 4 6 47
7 2 7 47
1 3 8 46
3 2 7 47
4 2 11 46
5 2 12 46
2 2 10 47
3 2 15 47
2 2 17 47
1 2 17 47
7 2 21 47
2 2 27 47
2 2 29 47
8 3 37 47
4 2 4 48
5 2 6 47
4 2 14 47
7 2 15 46
6 2 15 47
4 2 17 47
7 2 17 47
7 2 21 47
4 2 5 48
3 2 20 47
6 3 6 48
7 3 9 47
2 2 11 46
8 2 8 47
5 2 7 48
6 2 11 48
7 2 19 47
4 2 12 48
5 2 12 48
2 2 12 47
6 2 19 47
3 2 22 47
5 2 21 47
2 2 14 48
8 3 19 47
7 2 19 47
4 2 18 47
6 2 17 47
7 3 20 48
8 2 19 48
2 2 19 48
3 5 18 48
5 2 17 48
4 4 23 48
8 4 25 48
3 4 26 48
7 4 26 48
8 4 27 48
8 2 30 48
6 2 29 48
2 5 29 48
8 2 3 49
3 3 3 48
7 2 14 47
1 2 16 47
6 2 15 48
2 2 14 48
7 3 15 47
1 2 13 48
5 2 12 48
1 2 1 49
7 2 18 48
5 8 3 49
3 4 6 48
1 2 7 47
5 2 7 46
6 2 12 46
8 2 6 47
3 2 8 46
6 2 7 46
4 2 6 46
4 5 5 48
8 2 4 48
7 2 3 49
6 2 3 48
8 2 4 48
7 2 7 47
1 2 3 48
2 2 3 47
3 2 5 48
7 2 3 49
6 2 3 48
2 2 2 49
6 3 5 49
2 3 5 49
2 2 20 49
7 2 19 49
2 2 18 49
8 2 24 49
5 2 31 49
8 2 30 49
5 3 38 49
2 2 38 49
2 3 14 50
4 3 33 49
4 3 28 50
4 2 29 49
2 3 29 49
7 2 28 49
8 2 28 50
5 3 30 49
7 3 31 49
3 2 35 50
1 2 34 50
2 3 37 50
3 3 45 50
1 2 44 50
3 2 44 50
6 2 47 50
4 3 46 50
7 2 48 50
1 2 51 50
1 2 52 50
5 3 52 50
8 2 2 51
1 2 3 50
6 2 9 49
5 2 9 49
1 2 18 49
4 2 19 49
4 2 23 49
1 2 23 49
6 2 2 50
1 2 14 49
8 2 20 49
3 2 5 50
8 2 7 49
4 2 9 49
8 4 13 49
3 2 12 49
6 2 19 49
7 2 19 49
3 2 6 50
6 3 10 50
5 5 11 50
2 2 13 49
3 2 11 50
5 2 11 50
8 2 12 49
7 2 11 49
2 2 19 50
3 3 22 50
4 2 22 50
4 2 2 51
8 2 18 50
7 2 17 50
5 3 2 51
1 2 3 50
8 2 8 49
1 2 8 49
3 2 12 49
4 3 7 50
2 2 7 50
8 2 6 50
4 3 6 49
5 2 7 49
6 3 10 51
5 4 19 51
3 2 34 51
6 2 37 51
3 2 37 51
3 2 42 51
2 2 42 51
2 5 49 51
1 4 49 51
3 2 49 51
8 2 3 52
3 3 10 51
5 2 11 51
7 2 16 51
8 3 16 51
6 2 15 51
3 2 14 51
5 2 15 51
1 2 23 51
4 2 34 51
5 2 33 51
3 2 32 51
2 2 2 52
2 3 8 51
8 2 8 51
6 2 32 51
8 2 4 52
1 3 4 51
3 3 8 51
6 3 7 51
7 2 8 50
5 3 10 51
6 2 11 51
8 2 23 51
7 3 2 52
4 2 2 51
4 2 11 51
7 2 18 51
5 2 17 51
3 2 8 52
4 3 13 51
5 2 8 52
1 2 8 51
4 2 7 51
2 3 7 51
8 2 7 50
5 2 6 51
6 3 7 52
8 4 11 52
3 2 14 52
5 5 16 52
3 2 15 52
6 2 15 52
8 3 14 52
7 2 17 52
7 2 18 52
1 3 18 52
1 2 24 52
6 3 29 52
4 2 29 52
7 3 29 52
3 4 2 53
8 3 5 52
3 4 5 51
6 2 12 52
6 2 14 52
3 2 13 52
8 4 13 52
7 2 10 53
4 3 10 52
5 2 10 51
7 3 13 52
6 4 9 53
1 2 10 52
3 4 9 52
1 2 8 52
8 2 12 52
2 2 9 53
5 5 11 53
4 2 11 53
8 2 11 53
7 3 12 53
6 2 12 53
7 2 12 53
4 2 19 53
8 2 31 53
3 2 31 53
4 2 34 53
6 2 3 54
4 2 13 53
3 3 23 53
1 2 28 53
1 2 14 54
8 2 18 53
8 2 21 53
6 2 24 53
7 2 25 53
4 3 28 53
5 2 29 53
2 2 28 53
7 4 29 53
5 3 16 54
4 4 16 53
4 2 20 53
5 2 17 54
3 2 22 53
1 2 23 53
5 6 18 54
8 5 18 54
3 4 19 53
6 4 23 53
5 2 18 54
6 2 22 54
1 2 21 54
4 2 21 53
5 2 22 54
4 2 23 54
8 3 23 54
8 2 24 54
1 5 24 54
4 3 24 54
6 2 30 54
1 3 31 54
4 3 31 54
8 2 35 54
5 8 35 54
5 2 1 55
5 2 14 54
1 2 16 53
3 3 9 55
1 2 10 54
5 2 11 53
3 3 12 53
1 2 17 54
2 2 17 53
7 2 16 53
2 2 22 55
5 2 25 54
8 2 23 55
1 2 26 55
4 2 35 55
2 2 35 55
2 3 39 55
3 4 39 55
1 2 39 55
1 2 45 55
6 5 45 55
1 2 48 55
8 4 2 56
3 2 10 55
8 2 16 54
3 2 20 54
4 3 23 54
6 2 22 54
4 2 21 55
3 2 21 54
2 6 30 55
8 2 28 55
3 2 2 56
3 2 22 55
3 2 28 55
7 2 9 56
2 3 9 55
6 2 19 54
4 3 10 55
7 2 12 54
5 2 18 54
7 2 18 54
7 2 13 56
7 2 14 55
3 2 14 54
1 2 13 54
8 2 13 56
4 2 14 55
2 6 14 56
4 2 19 55
6 6 27 55
5 3 13 56
4 3 22 55
5 2 15 56
1 2 22 55
7 3 17 56
7 5 21 55
8 2 20 55
3 2 19 55
5 2 16 56
2 3 16 56
7 3 18 55
4 2 18 56
8 2 18 55
2 2 17 56
7 2 17 56
7 2 20 56
8 3 19 56
5 2 19 56
7 2 20 56
4 2 26 56
5 2 11 57
6 2 12 56
1 2 14 55
4 2 14 55
6 2 15 55
4 3 11 57
1 3 15 56
3 2 14 56
8 2 11 57
2 2 18 56
8 2 21 56
2 2 12 57
7 3 15 56
5 2 14 56
1 3 14 56
3 5 19 57
6 2 23 57
4 7 38 57
5 3 36 57
1 2 38 57
3 5 37 57
2 2 49 57
6 2 50 57
6 3 2 58
7 2 3 57
5 2 3 56
6 2 7 55
8 2 10 54
1 2 8 55
5 2 9 54
8 2 12 53
2 2 11 54
6 2 8 55
7 2 8 54
1 2 9 56
3 2 13 57
2 2 12 57
8 3 21 57
3 2 25 57
2 2 32 57
3 2 31 57
4 2 33 57
1 3 8 58
7 2 14 57
3 2 15 57
2 5 15 57
5 2 22 57
6 2 21 57
8 3 29 57
3 3 7 58
2 5 17 57
3 5 29 57
8 2 10 58
1 3 17 57
7 3 21 57
6 2 20 57
6 2 10 58
3 3 16 57
6 2 15 57
8 2 14 57
8 2 10 58
4 4 12 57
5 2 14 57
7 4 10 58
4 2 10 57
4 2 11 58
7 2 16 57
5 2 14 58
1 2 14 58
2 2 22 58
6 2 22 58
4 2 23 58
4 2 25 58
3 2 25 58
8 2 26 58
4 2 1 59
8 3 5 58
3 2 13 57
5 6 7 58
1 2 7 57
5 2 10 56
6 4 8 57
6 2 10 56
2 2 7 58
7 2 15 58
1 3 15 58
5 2 1 59
1 2 3 58
7 2 7 57
3 2 7 56
2 2 7 56
8 2 7 55
7 2 6 56
3 2 2 58
5 2 6 57
7 2 20 58
8 2 3 59
1 2 4 58
8 2 4 57
2 2 3 57
6 3 3 58
5 3 2 59
8 2 7 58
2 2 3 59
5 2 3 59
1 3 4 59
4 4 5 58
8 2 13 58
1 2 7 59
2 2 17 59
1 2 17 59
2 2 18 59
3 2 26 59
6 2 27 59
6 4 28 59
1 2 27 59
4 2 29 59
1 2 30 59
6 2 30 59
5 4 4 60
6 4 4 59
4 2 6 59
7 2 12 58
7 2 9 59
8 3 10 58
6 3 9 59
7 2 6 60
3 2 19 59
6 2 10 60
1 3 14 59
5 2 10 60
3 2 9 60
6 2 9 60
8 2 8 60
4 2 9 59
8 2 15 59
7 2 14 59
6 5 14 59
5 2 8 60
1 4 7 60
8 3 11 59
2 2 10 59
4 4 10 58
4 4 11 60
7 2 14 60
2 3 15 60
3 3 15 60
6 2 16 60
2 2 15 60
6 2 15 60
5 2 16 60
7 2 18 60
5 3 17 60
3 2 16 60
7 2 27 60
8 2 26 60
7 2 33 60
6 2 7 61
5 3 9 60
1 2 11 60
8 2 10 60
5 2 10 60
7 3 7 61
8 2 8 60
2 2 12 60
6 2 11 60
1 2 21 60
4 5 7 61
1 3 17 60
6 3 18 60
3 5 6 61
6 4 8 60
3 2 10 59
5 2 9 60
7 2 8 60
1 2 5 61
4 6 5 61
6 3 11 60
5 2 5 61
2 2 13 60
3 2 13 60
8 4 6 61
1 3 6 61
2 3 8 60
1 2 9 59
4 2 5 61
5 3 7 60
8 2 7 59
3 2 6 59
8 2 11 61
5 4 12 61
1 2 12 61
4 2 11 61
4 2 28 61
6 2 33 61
7 4 3 62
7 3 6 61
5 2 9 60
2 2 8 61
4 3 13 62
4 2 16 61
6 4 21 61
4 2 23 61
7 2 16 62
1 2 19 61
4 2 18 61
8 2 17 62
5 4 22 62
7 2 23 62
2 2 25 61
8 2 23 62
2 2 24 62
6 3 24 61
4 3 33 62
6 3 32 62
1 2 41 62
6 2 46 62
8 3 6 63
1 2 6 62
1 2 15 61
3 2 18 61
4 2 19 61
8 2 18 61
7 2 7 62
5 4 13 61
1 4 15 61
7 2 10 62
7 3 13 61
6 2 12 61
2 2 12 61
5 2 33 62
5 5 5 63
4 2 9 62
3 4 10 61
8 3 10 61
2 2 8 62
3 2 8 61
1 2 7 61
4 3 6 61
2 2 15 62
1 4 15 62
8 2 7 63
7 2 14 62
3 2 13 62
2 2 12 62
5 4 16 62
6 2 6 63
3 3 6 62
6 2 15 62
8 3 15 62
6 3 6 63
4 5 14 62
1 2 14 62
1 2 6 63
7 2 13 62
3 2 9 63
2 2 9 63
8 3 8 63
7 2 14 62
2 2 7 63
1 2 10 63
3 2 9 63
4 2 9 63
5 3 19 63
6 2 26 63
3 2 28 63
8 4 30 63
2 2 5 64
2 2 8 63
5 2 13 62
2 3 11 63
8 2 12 63
7 4 24 63
5 2 5 64
7 6 5 63
8 2 5 62
3 2 14 63
1 2 19 63
4 3 19 63
6 5 8 64
8 3 8 63
4 2 11 62
2 2 11 63
7 2 14 63
8 2 17 63
5 4 13 64
7 7 13 64
3 3 15 63
1 2 11 64
3 2 10 64
5 2 10 63
7 3 10 62
2 2 9 63
7 3 12 64
5 3 17 64
6 2 19 64
8 2 19 64
7 2 18 64
3 5 21 64
2 2 29 64
4 2 29 64
7 2 32 64
1 2 34 64
7 2 35 64
4 2 2 65
3 5 5 64
4 3 14 64
3 2 13 64
2 6 14 64
5 2 21 64
2 3 2 65
8 4 10 64
6 3 12 64
4 3 24 64
5 3 2 65
4 2 17 64
3 3 10 65
7 3 12 65
7 2 14 64
8 2 15 64
6 2 15 64
3 2 16 64
2 2 22 65
8 2 25 65
3 2 25 65
8 2 27 65
3 2 27 65
7 3 29 65
5 2 29 65
4 2 28 65
1 4 27 65
2 3 28 65
8 2 30 65
1 2 36 65
8 2 12 66
1 2 17 65
2 3 17 64
6 4 20 65
6 3 12 66
1 2 14 65
5 2 21 64
1 2 19 65
6 2 14 66
4 2 25 65
6 3 27 65
2 2 14 66
3 2 18 65
7 2 22 65
2 6 23 65
4 3 13 66
5 2 13 65
6 2 13 66
1 2 16 65
7 2 17 64
8 3 15 65
1 2 15 64
3 2 14 65
1 4 18 66
5 2 21 66
4 2 24 66
5 2 23 66
2 2 22 66
6 3 22 66
3 4 24 66
3 2 29 66
7 2 1 67
1 2 2 66
6 2 4 65
4 2 6 64
1 2 12 64
3 2 3 66
5 4 15 66
4 4 2 67
3 2 8 66
6 2 9 65
7 2 10 64
2 2 7 66
2 2 1 67
6 2 5 66
5 2 6 65
1 2 6 65
4 2 5 66
1 2 1 67
3 2 6 67
4 2 8 66
6 3 9 66
2 3 8 66
8 3 13 66
4 2 20 66
7 4 21 66
1 2 12 67
8 2 14 66
7 2 21 66
7 2 16 67
3 2 18 66
1 2 18 66
1 2 20 67
2 2 19 67
6 3 25 67
6 2 26 67
2 2 25 67
3 2 26 67
7 3 27 67
1 2 26 67
3 2 26 67
6 3 26 67
4 2 26 67
3 2 29 67
2 2 31 67
6 3 31 67
7 2 31 67
2 2 6 68
8 2 8 67
5 2 15 67
6 2 15 66
1 2 5 68
7 2 7 67
3 3 9 66
5 2 10 66
4 2 11 66
4 2 12 66
7 2 12 66
6 3 7 67
1 4 7 66
7 2 8 66
2 3 7 67
5 3 7 66
8 4 10 67
8 2 12 67
5 2 5 68
5 2 9 67
2 2 9 67
5 3 11 68
8 2 14 68
6 2 27 68
3 4 27 68
7 2 27 68
8 2 32 68
8 2 34 68
6 2 38 68
8 4 38 68
1 7 37 68
8 2 43 68
4 2 49 68
7 2 49 68
5 2 48 68
8 3 2 69
6 2 2 68
7 2 3 67
3 2 10 66
7 2 4 67
8 2 4 66
2 2 7 65
6 2 6 66
8 2 6 65
4 2 12 68
2 2 18 68
3 2 17 68
5 3 17 68
3 4 29 68
5 2 31 68
1 3 1 69
8 2 1 68
1 2 5 67
7 2 5 66
6 2 4 68
4 2 13 68
4 3 15 68
1 2 14 68
2 5 7 69
3 2 7 68
6 2 20 68
3 2 25 68
7 2 24 68
2 5 9 69
4 2 14 68
7 2 13 68
6 2 14 68
2 2 13 68
8 2 12 68
6 4 8 69
5 4 9 69
4 3 15 68
3 2 9 69
5 3 12 68
1 2 11 68
1 2 14 68
3 2 10 69
4 2 11 69
7 2 10 69
5 2 9 69
8 2 12 68
3 2 17 69
8 4 21 69
1 2 21 69
3 3 22 69
6 2 21 69
3 2 20 69
6 2 21 69
6 3 1 70
3 2 1 69
2 2 4 68
6 2 10 68
8 2 1 69
1 2 5 68
6 2 4 68
7 2 5 69
1 2 6 69
2 2 7 68
2 2 13 69
5 3 12 69
1 3 4 70
8 2 9 70
4 3 9 70
3 3 12 70
4 2 15 70
6 2 15 70
5 7 15 69
7 2 25 70
1 2 31 70
4 2 31 70
5 4 35 70
4 3 37 70
1 2 36 70
5 2 36 70
7 3 45 70
8 2 44 70
7 2 9 71
4 2 11 70
1 3 11 69
5 2 15 70
6 3 31 70
4 2 33 70
6 2 8 71
2 2 12 70
8 2 12 69
6 2 11 69
1 3 12 70
7 2 11 70
6 2 17 71
1 2 23 70
3 2 29 70
3 2 24 71
6 2 33 70
1 2 32 70
4 5 25 71
5 2 27 70
1 3 28 70
6 4 29 70
8 2 26 71
7 2 26 70
2 2 27 71
5 2 30 70
7 4 34 71
3 2 41 71
8 2 44 71
6 3 43 71
7 2 1 72
6 3 9 71
3 3 28 70
4 2 28 70
7 2 28 70
8 3 27 70
3 2 9 71
5 2 9 70
2 2 9 69
5 2 8 69
5 2 13 71
1 2 13 70
5 2 20 70
6 2 22 70
1 3 21 71
6 2 28 71
7 3 28 71
2 3 2 72
2 2 12 71
3 2 14 70
7 2 16 70
8 2 11 71
2 5 16 71
2 2 17 70
4 3 17 71
5 2 4 72
8 2 5 71
1 2 6 70
4 3 11 70
6 3 11 70
8 4 14 71
3 2 4 72
6 2 12 71
2 2 4 72
1 2 4 72
7 3 6 71
8 2 6 70
4 2 8 71
5 3 8 70
2 2 8 70
1 2 8 70
4 2 4 72
3 2 6 71
5 6 4 72
3 4 9 72
7 2 17 72
1 2 17 72
4 2 18 72
5 2 17 72
8 2 17 72
2 2 19 72
3 6 21 72
7 3 29 72
8 4 33 72
5 2 32 72
2 2 34 72
8 2 33 72
5 2 34 72
8 2 13 73
2 2 16 72
4 2 15 72
1 2 14 72
3 2 13 72
3 5 19 72
7 2 18 72
7 2 23 72
1 4 16 73
4 3 16 72
2 2 15 72
3 2 18 73
4 2 18 73
5 2 17 73
6 3 24 73
8 2 27 73
2 5 31 73
8 3 30 73
3 2 32 73
3 4 36 73
2 2 49 73
3 2 48 73
2 3 4 74
8 2 19 73
3 2 24 73
5 2 23 73
1 2 22 73
4 2 29 73
4 3 5 74
1 2 8 73
7 3 9 72
7 2 10 72
2 2 14 72
4 2 14 73
5 3 15 73
3 2 14 73
2 3 15 72
6 2 15 73
8 2 17 73
4 3 23 73
2 4 23 73
3 2 22 73
6 2 22 73
4 2 21 73
5 3 9 74
8 5 9 73
8 2 10 72
8 2 12 72
6 4 17 73
3 2 9 74
1 2 11 73
5 2 11 72
7 3 10 72
2 2 10 74
4 2 11 74
8 4 14 73
7 2 13 73
6 3 13 73
4 2 13 73
8 2 15 74
8 2 16 74
1 2 18 74
6 2 17 74
3 2 30 74
3 4 39 74
3 3 1 75
7 2 9 74
1 2 11 73
8 2 7 75
4 2 22 74
2 2 27 74
4 2 28 74
8 5 29 74
6 2 31 74
4 2 30 74
1 3 8 75
7 2 28 74
6 3 17 75
4 2 20 74
8 2 18 75
3 2 24 74
8 3 25 74
1 2 18 75
7 4 18 74
1 3 20 74
7 2 20 74
6 2 18 75
4 3 20 75
5 2 21 74
2 3 20 74
8 3 20 75
1 3 22 75
2 4 27 75
7 3 27 75
8 2 26 75
3 3 26 75
7 2 27 75
5 2 27 75
1 2 26 75
2 2 28 75
4 2 2 76
7 3 2 75
3 2 4 74
5 2 9 73
3 2 8 73
1 2 3 74
2 2 5 74
1 2 7 74
5 2 8 73
7 3 7 74
5 4 11 74
4 6 3 75
6 2 5 74
2 3 9 74
3 2 2 75
7 4 9 74
3 3 7 75
2 2 7 75
3 3 12 75
5 2 1 76
1 2 5 75
7 3 7 74
5 2 3 76
1 2 11 75
1 7 22 76
5 2 22 76
7 2 22 76
8 2 21 76
3 2 37 76
2 3 36 76
7 2 39 76
2 2 41 76
5 2 47 76
7 3 48 76
5 2 16 77
8 3 22 76
8 2 27 76
7 2 27 76
6 2 29 76
4 3 29 76
6 2 40 76
2 3 15 77
6 2 26 76
8 2 30 76
7 2 29 76
8 3 31 76
7 3 32 76
2 3 32 76
1 2 15 77
4 2 21 76
6 2 20 76
2 2 20 77
5 3 29 76
6 2 24 77
8 2 25 76
2 2 24 76
5 2 23 77
6 2 23 77
1 2 25 76
4 2 24 76
4 3 26 77
3 2 25 77
3 2 27 77
2 5 28 77
2 2 35 77
4 2 35 77
4 3 43 77
5 2 47 77
6 2 47 77
2 2 2 78
2 2 10 77
4 3 10 76
2 2 13 75
8 2 11 77
5 2 16 76
7 2 11 77
3 2 17 76
1 2 20 76
5 2 16 77
4 2 17 77
6 2 17 76
7 2 16 76
1 2 17 77
4 4 24 77
8 2 25 77
5 3 30 77
5 5 3 78
6 2 7 77
3 2 16 76
2 2 15 77
8 4 15 77
5 3 17 77
7 2 17 77
7 5 5 78
2 2 5 77
3 2 9 76
6 2 12 75
4 2 10 76
7 2 11 75
6 4 8 77
2 4 8 76
6 2 10 76
1 6 11 77
5 2 4 78
8 3 5 77
1 2 5 76
2 2 4 78
7 2 12 77
8 2 12 77
7 2 3 78
2 4 8 77
6 3 2 78
7 3 5 78
3 3 9 77
8 2 9 78
1 2 11 78
5 2 13 78
2 2 26 78
3 3 29 78
2 2 31 78
4 2 1 79
6 2 4 78
6 2 9 77
5 3 4 79
3 2 18 78
5 3 23 78
6 4 22 78
7 2 21 78
6 3 9 79
3 2 10 79
5 4 22 78
7 3 24 78
1 2 9 79
7 2 19 78
5 5 18 78
2 3 17 78
6 4 20 79
6 2 21 79
4 6 21 79
7 3 24 79
6 3 38 79
7 2 38 79
2 2 38 79
5 2 40 79
5 3 43 79
4 2 8 80
8 3 29 79
5 2 29 79
2 2 28 79
4 2 31 79
5 2 9 80
1 4 17 79
2 3 20 79
7 2 19 79
1 2 19 78
4 3 9 80
3 3 11 79
1 2 14 79
7 2 15 78
3 3 17 78
8 3 13 79
7 2 16 79
8 2 20 79
2 2 26 79
2 4 12 80
3 2 16 79
1 2 15 79
6 2 12 80
2 2 19 79
7 3 19 79
5 2 14 80
3 2 16 80
1 3 17 79
2 2 23 80
7 2 27 80
3 2 27 80
1 3 26 80
7 2 26 80
5 3 26 80
8 2 26 80
1 5 26 80
2 2 25 80
4 3 25 80
8 2 25 80
7 2 34 80
6 2 1 81
8 4 1 80
7 2 7 79
8 2 10 79
6 2 15 78
1 2 9 79
4 2 10 78
4 2 12 79
1 2 7 80
6 2 19 81
7 2 24 81
5 2 24 80
4 2 25 81
3 3 27 80
5 2 25 81
1 2 25 81
5 2 31 81
5 2 32 81
2 2 32 81
1 3 32 81
2 2 34 81
5 3 37 81
6 3 36 81
6 2 44 81
3 2 45 81
2 2 49 81
4 2 48 81
6 2 50 81
6 2 4 82
5 2 11 81
8 2 16 80
3 2 19 80
8 2 23 80
7 2 34 81
2 2 44 81
1 2 15 82
3 3 29 81
5 2 32 81
7 2 35 81
1 2 35 81
8 2 34 81
5 3 34 81
8 3 19 82
4 2 27 81
3 2 32 81
8 2 33 81
8 4 21 82
3 2 22 81
7 2 26 81
1 2 25 81
4 2 24 81
2 3 26 81
8 5 25 81
4 4 20 82
2 2 19 82
7 3 19 81
1 4 21 80
2 2 22 80
6 3 20 81
5 5 19 82
1 2 18 82
8 2 18 81
2 2 18 82
3 2 18 81
6 2 17 82
2 2 17 81
7 3 23 82
2 2 22 82
5 3 21 82
2 4 28 82
1 4 28 82
5 2 2 83
1 3 2 82
2 2 6 81
3 2 13 80
7 2 6 81
8 3 6 80
8 2 10 79
1 3 4 81
8 2 4 80
3 2 8 79
6 2 10 78
4 2 3 80
2 2 8 79
7 2 8 78
8 2 8 82
3 3 7 82
4 4 7 81
5 3 7 81
1 2 6 82
8 3 7 82
5 5 6 82
7 2 19 82
6 2 7 83
4 2 10 82
8 2 10 82
8 2 12 82
1 2 13 82
5 4 11 83
3 2 12 83
7 2 12 82
1 4 14 82
6 3 16 83
3 2 16 83
2 2 24 83
8 3 28 83
5 5 29 83
4 4 33 83
7 2 42 83
1 3 48 83
1 2 49 83
6 2 48 83
6 2 3 84
2 2 10 83
3 2 11 82
4 2 12 82
6 3 9 83
2 2 12 83
6 2 18 83
3 2 20 83
4 2 37 83
4 3 38 83
2 3 5 84
7 3 9 83
1 2 16 83
3 2 32 83
3 2 5 84
4 4 7 83
1 2 7 82
2 3 6 82
5 2 6 82
3 2 7 83
4 3 9 83
2 2 25 83
6 2 24 83
6 5 4 84
8 4 4 84
7 3 4 83
6 2 5 82
1 3 5 82
2 2 4 82
7 2 8 83
7 2 15 83
1 2 12 84
8 2 13 84
3 2 15 83
8 4 14 84
6 2 13 84
4 4 16 84
6 2 17 84
2 5 16 84
6 2 17 84
4 2 17 84
4 2 19 84
8 2 20 84
6 2 21 84
7 3 25 84
7 2 27 84
2 3 2 85
8 2 15 84
1 2 15 84
7 2 18 83
6 2 14 84
1 2 1 85
1 2 15 84
1 2 2 85
3 2 3 84
6 2 9 83
5 2 11 83
7 2 14 83
5 2 3 85
2 2 13 84
4 3 16 84
7 2 2 85
8 2 8 84
8 2 13 84
6 2 12 84
2 5 4 85
7 5 4 84
5 2 7 83
2 2 6 83
4 2 6 84
1 3 6 85
3 3 6 84
3 2 7 85
6 2 13 85
3 2 12 85
6 2 22 85
1 4 23 85
2 2 23 85
7 2 25 85
3 2 24 85
4 3 24 85
1 2 27 85
1 2 28 85
8 3 27 85
1 3 30 85
2 2 29 85
3 2 3 86
8 2 7 85
5 3 8 85
4 2 9 85
3 2 12 85
8 3 14 85
3 2 14 85
5 4 13 86
7 2 15 85
8 4 12 86
6 2 18 85
5 2 18 85
2 3 25 86
7 2 26 86
5 2 43 86
6 2 49 86
1 3 53 86
3 2 5 87
3 2 12 86
7 2 17 85
6 2 6 87
4 2 25 86
6 3 31 86
7 2 30 86
5 2 5 87
7 2 14 86
2 2 14 85
1 3 19 85
8 2 13 86
2 2 32 86
7 3 38 86
4 3 11 87
1 3 11 86
7 2 11 85
5 3 11 85
4 2 10 85
1 2 11 85
5 2 14 87
6 2 16 86
3 3 19 86
8 2 18 86
2 5 14 87
6 3 18 86
1 4 18 86
1 3 19 86
7 2 22 86
5 3 25 86
8 2 26 86
1 2 16 87
7 2 16 86
3 4 16 86
4 3 16 86
3 2 17 86
4 2 17 86
6 4 16 87
7 2 21 87
2 3 25 86
5 2 25 87
8 3 35 87
1 2 34 87
2 2 33 87
7 5 34 87
6 6 36 87
1 2 38 87
6 2 38 87
6 3 8 88
6 2 10 87
5 4 13 86
1 2 19 86
1 2 20 86
8 2 16 87
4 2 19 87
5 2 22 87
2 3 23 87
4 4 11 88
3 2 19 87
5 5 28 87
8 3 10 88
3 3 22 87
7 2 27 87
3 3 9 88
7 2 10 87
3 2 13 86
8 2 12 86
2 2 12 86
1 2 10 87
6 2 10 87
7 2 10 87
5 3 12 86
8 2 15 86
2 2 17 87
4 2 8 88
1 3 8 87
2 2 8 86
1 2 8 85
2 2 8 85
7 2 12 86
6 2 11 87
4 3 10 87
5 2 16 88
6 2 19 88
8 2 19 88
7 4 18 88
4 5 18 88
1 3 18 88
1 2 21 88
8 2 32 88
7 2 32 88
5 2 2 89
6 2 8 88
3 2 7 88
8 2 6 89
1 2 12 88
8 4 14 88
8 2 17 88
6 2 16 88
3 2 16 88
4 2 5 89
7 2 18 88
8 2 17 88
7 2 4 89
7 3 5 89
5 2 16 88
3 3 8 89
7 2 14 88
8 2 20 89
6 2 28 89
6 3 33 89
7 3 37 89
5 2 52 89
7 2 51 89
1 2 52 89
8 2 52 89
6 3 52 89
3 3 3 90
5 2 3 89
2 2 4 88
5 2 8 87
8 2 8 87
6 2 3 88
5 2 4 88
2 2 4 88
3 2 6 87
8 2 5 88
4 3 3 89
1 2 3 88
4 2 4 87
5 2 19 89
1 2 23 89
8 3 30 89
2 2 36 89
2 2 3 90
3 2 4 89
2 2 4 88
1 2 4 89
2 3 7 89
3 2 12 89
1 2 11 89
4 3 7 90
1 2 8 89
7 3 11 90
5 2 12 89
5 2 20 89
6 2 27 89
2 2 11 90
4 3 11 89
8 6 10 89
4 2 16 89
1 2 10 90
3 5 12 89
2 2 11 89
5 3 17 89
4 2 21 89
7 2 13 90
8 2 17 89
2 2 19 89
3 3 18 89
1 2 15 90
6 4 16 89
4 2 16 90
3 2 16 90
8 3 17 90
6 3 18 90
2 3 18 90
1 2 18 90
3 2 17 90
2 2 25 90
1 3 25 90
8 2 26 90
7 2 27 90
7 6 3 91
7 2 7 90
5 3 13 89
1 2 13 89
7 2 13 89
5 2 13 89
6 2 7 90
8 2 7 89
3 2 6 89
8 2 11 90
2 2 17 90
6 3 3 91
4 3 7 90
2 2 10 89
3 2 7 90
6 2 8 90
1 2 7 90
5 2 8 89
2 3 7 90
4 9 8 91
3 2 7 91
7 2 8 90
5 2 12 91
8 2 29 91
3 2 29 91
5 2 31 91
1 3 31 91
3 4 31 91
5 2 34 91
8 2 34 91
4 6 36 91
1 2 38 91
2 2 37 91
5 2 38 91
6 3 43 91
7 2 2 92
2 3 3 91
2 2 30 91
6 2 29 91
5 2 31 91
8 2 36 91
2 2 35 91
8 2 34 91
1 2 2 92
1 4 3 91
4 2 4 90
5 2 5 89
5 2 7 91
5 2 9 91
3 4 14 91
7 2 13 91
6 5 16 91
1 3 19 91
6 3 18 91
5 5 2 92
8 4 2 91
3 3 4 91
4 2 5 90
8 2 4 91
8 2 5 91
5 2 6 91
1 3 6 91
2 4 8 91
4 2 8 91
7 3 2 92
7 5 5 91
1 2 1 92
4 2 13 91
1 2 21 92
3 3 20 92
5 3 24 92
7 4 23 92
3 3 22 92
4 3 22 92
1 2 26 92
5 2 27 92
3 2 28 92
7 3 31 92
4 3 3 93
8 2 3 92
2 2 9 91
1 2 8 92
8 2 12 92
6 3 18 92
6 3 22 92
7 2 21 92
2 4 22 92
4 4 21 92
1 2 4 93
8 2 8 92
2 4 4 93
5 2 9 92
3 2 10 91
7 2 10 91
7 2 12 92
2 2 11 92
4 2 4 93
7 2 7 92
4 2 9 91
6 2 8 92
8 4 7 93
5 2 20 93
1 3 30 93
3 2 35 93
3 3 37 93
5 2 38 93
4 3 2 94
6 3 2 93
5 2 4 92
8 2 7 91
3 2 3 92
7 2 5 94
6 3 17 93
6 2 34 93
2 3 4 94
8 2 19 93
5 2 20 93
6 2 21 93
2 3 27 93
1 3 3 94
2 6 3 93
7 2 20 93
2 2 22 93
4 2 24 93
4 3 6 94
1 2 19 93
3 3 18 93
7 2 11 94
5 2 17 93
6 2 17 93
7 2 17 93
7 2 18 93
1 2 18 93
5 2 13 94
8 3 12 94
7 2 13 93
2 2 12 93
3 3 12 94
4 2 11 94
7 2 12 93
3 2 16 94
4 2 20 94
4 2 21 94
6 3 22 94
6 3 24 94
8 3 24 94
6 2 27 94
3 2 28 94
5 2 28 94
7 4 30 94
5 3 1 95
7 2 14 94
7 2 15 94
6 2 18 94
7 4 18 94
2 2 22 94
8 3 22 94
7 4 21 94
4 2 20 94
3 2 1 95
7 2 2 94
1 4 6 93
5 3 9 94
8 3 10 93
1 2 9 93
3 2 9 94
4 4 5 95
2 7 13 94
5 2 12 94
6 2 11 94
8 2 8 95
4 2 10 94
3 4 15 95
2 2 14 95
1 2 24 95
4 2 31 95
7 2 34 95
6 6 43 95
3 3 4 96
6 3 4 95
5 2 5 94
3 2 6 93
6 2 5 94
5 2 6 94
1 2 5 95
8 2 6 95
7 2 18 95
7 4 19 95
7 2 30 95
5 3 9 96
8 2 9 95
5 2 15 95
2 2 24 95
7 2 30 95
6 3 12 96
5 4 21 95
2 3 28 95
2 2 11 96
4 2 15 95
3 2 14 95
8 3 16 96
1 3 30 96
5 4 31 96
3 3 31 96
1 4 32 96
3 4 32 96
2 2 34 96
4 2 36 96
4 4 38 96
3 2 37 96
1 2 38 96
4 2 39 96
6 3 41 96
4 2 1 97
5 2 14 96
1 2 23 95
8 2 19 96
3 2 24 95
2 3 28 96
4 2 3 97
4 2 6 96
8 2 15 95
3 2 14 96
4 2 22 95
7 2 13 96
6 6 18 95
7 2 19 95
3 2 15 96
4 2 14 96
2 2 19 95
5 2 13 96
8 2 13 95
7 3 20 96
7 2 3 97
5 5 3 96
3 2 5 95
2 2 5 94
6 4 4 96
3 2 7 95
2 2 7 95
5 2 8 95
8 4 6 96
2 2 6 97
1 2 13 96
1 2 5 97
6 2 8 96
5 2 10 96
3 2 10 95
2 3 9 95
1 2 8 95
5 2 4 97
3 3 6 96
7 2 7 95
4 3 5 96
7 2 6 96
7 2 3 97
6 2 5 96
8 3 3 97
8 4 5 97
5 2 5 96
5 4 10 97
5 3 12 97
3 3 19 97
2 2 23 97
3 2 22 97
2 3 29 97
6 2 28 97
1 3 27 97
7 2 1 98
1 3 16 97
2 3 17 97
7 2 24 97
4 2 4 98
5 3 21 97
6 2 6 98
3 3 10 97
6 5 12 97
8 2 9 98
5 2 14 97
2 2 21 97
3 2 18 98
5 2 17 98
1 3 19 97
7 2 32 98
5 2 31 98
