11235
3728
3 2 4 1
6 3 11 1
7 2 12 1
4 3 14 1
3 2 15 1
3 2 29 1
6 3 29 1
4 2 33 1
8 2 44 1
7 3 49 1
3 2 54 1
1 2 60 1
6 2 68 1
2 2 67 1
3 4 68 1
3 2 71 1
5 4 71 1
6 2 72 1
1 2 74 1
4 3 4 2
6 2 15 1
7 2 14 1
5 2 4 2
8 2 5 1
2 2 13 1
1 2 12 1
8 2 25 1
1 5 26 1
6 2 25 1
5 6 8 2
2 2 11 1
3 3 13 1
4 2 14 1
2 2 13 1
6 2 27 1
4 2 26 1
3 2 26 1
2 3 30 1
5 2 9 2
5 2 18 1
5 2 33 1
5 2 43 1
8 3 48 1
8 2 11 2
7 3 30 1
1 4 45 1
3 2 46 1
6 4 46 1
4 4 12 2
7 2 19 1
1 2 18 1
4 2 22 1
3 2 25 1
4 2 24 1
6 2 26 1
7 2 34 1
5 2 35 1
7 2 11 2
1 2 26 1
3 2 32 1
2 3 11 2
6 3 12 1
3 3 21 1
1 2 21 1
6 2 13 2
5 3 12 2
7 4 16 1
1 2 18 1
6 2 12 2
6 4 1 3
1 2 4 2
4 2 7 1
8 2 12 1
3 4 14 1
8 3 13 1
1 2 1 3
7 3 5 2
2 2 4 2
4 2 8 1
7 3 1 3
4 5 1 2
2 2 1 1
6 2 1 1
5 2 4 1
6 2 4 1
3 3 1 3
8 2 1 3
1 3 1 2
5 2 2 3
6 3 4 3
7 2 5 3
6 4 8 3
8 2 17 3
4 2 20 3
2 2 20 3
6 2 19 3
6 3 20 3
3 2 21 3
3 2 27 3
2 3 31 3
7 3 38 3
4 2 37 3
8 2 37 3
5 2 37 3
3 3 36 3
8 2 36 3
4 4 36 3
5 3 36 3
7 2 2 4
3 2 8 3
4 2 8 3
5 3 18 3
7 3 18 3
8 2 22 3
5 2 21 3
2 2 6 4
8 4 7 3
7 2 8 4
1 2 13 3
8 2 19 3
4 2 18 3
5 2 8 4
6 2 13 3
3 2 9 4
7 2 11 3
2 2 10 3
1 2 19 4
5 2 22 4
6 2 25 4
7 2 29 4
3 4 32 4
6 2 32 4
6 2 37 4
4 2 40 4
3 3 1 5
2 2 2 4
5 2 5 3
6 2 7 3
1 2 8 3
4 2 7 3
3 2 7 3
4 2 1 4
8 3 1 3
2 3 2 2
5 2 1 2
7 2 6 2
5 2 12 1
7 2 9 3
2 2 32 3
2 3 5 4
6 2 19 3
1 3 23 3
7 2 22 3
1 2 23 3
8 2 23 3
3 3 22 3
8 3 5 4
1 2 13 3
4 2 14 3
5 2 21 3
2 2 5 4
4 2 9 3
3 2 8 3
7 2 7 3
4 2 4 4
6 2 4 4
3 2 7 3
8 2 6 3
6 2 11 2
2 2 7 4
1 2 7 4
5 2 8 3
8 8 8 3
3 2 8 3
2 3 9 4
8 4 9 3
5 2 9 4
6 2 10 4
7 2 12 4
6 2 14 4
1 3 15 4
6 2 16 4
8 3 22 4
5 2 22 4
3 2 26 4
5 2 29 4
4 2 29 4
7 2 30 4
3 5 29 4
6 2 30 4
7 2 4 5
1 2 18 4
6 3 19 4
2 2 21 4
1 2 20 4
5 2 24 4
1 3 4 5
2 5 7 4
4 2 14 4
5 2 3 5
5 2 5 4
7 3 6 3
1 2 7 3
5 3 6 4
3 3 7 5
7 2 7 4
5 2 7 5
1 2 8 5
5 3 9 4
2 3 7 5
8 2 10 4
4 2 7 5
1 2 6 5
4 2 6 4
7 5 7 4
3 2 6 4
6 3 6 3
8 3 6 4
8 4 7 5
1 2 10 5
6 2 10 5
7 2 13 5
6 3 23 5
2 2 25 5
3 2 27 5
1 4 27 5
3 2 1 6
4 4 3 5
3 2 3 5
3 2 5 4
5 2 7 5
1 2 7 5
8 2 13 5
1 2 13 5
2 2 2 6
6 2 11 5
7 2 13 5
3 2 6 6
2 4 6 6
1 2 10 5
7 2 10 5
2 2 9 5
4 2 11 5
8 2 10 5
8 2 13 5
1 2 14 6
7 2 13 6
6 5 17 6
8 2 16 6
2 3 19 6
5 2 18 6
4 4 20 6
3 3 28 6
6 3 27 6
8 2 31 6
4 2 31 6
1 2 32 6
2 2 32 6
6 4 32 6
8 4 33 6
2 4 34 6
5 2 3 7
2 2 3 6
3 2 10 6
1 2 14 6
3 2 14 6
8 2 4 7
8 2 30 6
2 3 4 7
5 2 6 6
4 2 6 5
5 2 11 5
3 2 21 6
7 4 7 7
6 2 14 6
1 2 13 6
8 2 9 7
2 4 12 6
8 3 10 7
3 2 12 6
7 2 9 7
6 2 16 6
5 3 17 6
1 2 16 6
6 2 16 6
5 2 15 6
7 2 14 6
2 3 10 7
1 2 10 6
5 2 14 7
4 2 13 7
7 2 20 7
7 2 21 7
5 2 24 7
5 2 28 7
3 2 28 7
1 2 29 7
7 2 2 8
6 2 6 7
5 2 9 7
8 2 8 7
4 4 2 8
8 5 10 7
2 4 10 7
3 2 12 6
8 2 21 7
2 2 23 7
8 2 24 7
3 2 4 8
7 2 16 7
3 2 17 7
1 2 16 7
2 2 16 7
4 2 12 8
3 3 13 7
1 2 12 7
1 3 14 8
4 2 21 8
7 2 25 8
6 2 26 8
3 2 27 8
8 2 30 8
7 2 36 8
4 2 36 8
7 2 42 8
2 2 43 8
6 2 43 8
1 2 44 8
1 2 3 9
6 3 3 8
8 2 6 7
4 3 10 6
3 2 6 7
2 2 5 7
6 2 7 6
6 2 9 7
1 3 5 8
4 4 4 8
5 2 7 7
1 2 6 8
7 2 6 7
2 2 8 6
1 2 7 6
8 2 6 7
2 2 18 8
8 2 18 8
2 2 28 8
5 2 28 8
5 2 2 9
8 4 8 8
6 2 10 8
3 3 9 8
4 5 12 8
7 3 14 8
1 3 15 8
7 4 10 9
6 2 16 8
7 2 17 8
2 2 17 8
5 5 14 9
3 3 16 9
6 2 16 9
4 2 16 9
2 2 16 9
8 4 17 8
7 2 18 9
8 3 22 9
7 3 22 9
8 3 24 9
1 3 25 9
7 4 26 9
2 2 28 9
4 2 27 9
3 4 26 9
6 2 27 9
6 3 29 9
8 2 29 9
5 3 29 9
6 4 29 9
4 2 3 10
3 2 10 9
1 2 16 8
6 4 10 9
8 2 10 8
3 2 13 9
2 2 16 9
4 2 17 9
7 2 19 9
3 2 21 9
1 2 10 10
7 2 10 9
5 3 11 8
3 2 10 8
8 3 10 9
5 4 12 10
2 2 13 9
1 2 13 10
1 2 15 9
7 2 19 10
2 5 19 10
5 2 21 10
7 2 23 10
6 2 23 10
6 2 34 10
4 2 34 10
2 2 8 11
4 2 23 10
3 2 8 11
6 2 8 10
5 2 7 10
4 3 7 10
3 2 8 9
1 3 8 8
4 2 10 9
6 2 11 10
6 2 12 10
3 2 11 10
1 2 15 10
4 3 29 11
7 3 32 11
1 2 31 11
3 3 31 11
3 2 33 11
2 3 39 11
3 2 41 11
8 2 42 11
8 2 43 11
5 2 42 11
2 2 55 11
3 3 18 12
8 2 22 11
5 3 35 11
6 4 38 11
5 2 44 11
6 2 20 12
5 3 23 11
8 2 35 11
7 2 34 11
4 2 21 12
6 2 24 11
5 2 26 10
1 2 25 10
2 3 26 12
7 2 26 11
4 2 30 11
1 7 30 11
7 2 35 11
3 2 37 11
7 3 36 11
6 2 31 12
1 2 31 12
4 2 31 12
2 2 32 12
1 3 35 12
5 2 36 11
2 2 34 12
6 2 34 11
8 2 35 11
1 2 38 12
7 2 40 12
5 2 40 12
7 2 42 12
6 4 50 12
3 2 1 13
8 6 15 12
5 2 21 11
6 2 25 10
8 3 25 10
3 2 20 11
8 2 20 11
2 2 24 10
7 2 25 10
7 2 19 11
6 2 20 10
2 2 19 10
1 2 18 11
3 2 17 11
4 6 17 12
8 2 17 11
2 2 17 12
4 2 18 12
3 2 30 12
8 3 39 12
6 2 3 13
2 3 7 12
6 2 13 12
1 3 13 12
4 2 16 11
3 2 15 11
7 2 12 12
6 2 32 12
6 2 13 13
5 3 14 12
2 3 14 11
3 2 14 13
1 2 21 12
2 2 21 12
1 2 28 12
5 2 14 13
1 2 16 12
2 3 22 12
6 2 16 13
5 6 20 12
8 2 19 12
3 2 20 12
4 2 15 13
6 2 15 12
5 2 17 12
4 4 19 12
3 2 14 13
2 6 16 12
6 3 22 13
6 2 23 13
4 2 28 13
8 2 27 13
1 2 27 13
7 2 29 13
2 2 1 14
7 2 8 13
3 2 11 12
5 2 11 11
8 3 10 11
1 2 10 12
5 2 10 12
5 4 22 13
7 2 5 14
4 2 18 13
7 2 28 13
1 2 4 14
3 3 13 13
6 4 20 13
8 2 20 13
3 2 19 13
8 3 3 14
8 2 5 13
4 2 6 12
1 2 9 11
7 2 5 12
3 2 6 11
1 2 6 10
4 2 7 13
7 2 7 13
6 2 6 13
1 2 5 13
6 2 3 14
8 4 5 13
5 2 4 13
7 3 9 14
4 3 11 14
1 2 15 14
8 2 14 14
7 4 15 14
2 4 15 14
1 2 18 14
2 2 29 14
7 2 29 14
2 5 35 14
3 2 1 15
4 3 3 14
4 2 8 13
5 5 7 14
1 2 7 14
6 2 10 13
4 2 8 14
8 2 9 13
2 2 11 14
4 2 18 14
4 2 31 14
5 4 1 15
8 2 14 14
8 2 21 14
3 2 20 14
3 2 5 15
1 2 11 14
8 7 16 14
6 2 15 14
7 2 16 14
4 2 17 14
7 2 20 14
2 3 7 15
3 3 13 14
5 3 14 14
3 2 17 14
8 6 6 15
7 3 7 14
1 2 6 15
3 3 13 14
1 2 13 15
5 3 14 15
7 4 18 15
1 7 18 15
6 2 17 15
7 2 17 15
7 6 18 15
6 2 17 15
6 3 30 15
5 2 29 15
7 3 2 16
8 2 2 15
2 2 5 14
6 2 8 14
8 4 16 15
8 3 22 15
7 2 6 16
8 3 9 15
3 4 16 15
3 2 20 15
4 2 20 15
5 4 7 16
2 2 7 15
7 4 7 14
4 2 8 14
2 3 7 14
6 2 8 16
8 2 16 15
6 2 15 16
1 2 15 15
8 2 14 16
5 3 18 16
4 2 19 16
1 5 19 16
5 2 19 16
1 2 19 16
8 3 23 16
2 2 26 16
8 2 33 16
6 4 4 17
1 3 6 16
8 2 6 15
4 2 8 15
2 2 8 15
5 2 7 15
3 2 13 16
8 2 14 16
7 2 21 16
5 2 21 16
7 2 27 16
5 2 8 17
1 4 8 16
6 2 7 16
3 2 13 17
4 2 19 16
2 5 18 17
3 5 18 16
8 2 17 16
1 2 17 17
1 2 20 16
4 2 20 17
8 2 20 16
5 2 22 17
7 2 23 17
2 2 23 17
8 3 24 17
5 3 34 17
7 5 33 17
1 4 32 17
6 2 36 17
1 2 36 17
8 2 36 17
3 3 36 17
6 2 37 17
2 3 37 17
7 4 36 17
5 3 9 18
1 2 12 17
5 2 12 16
7 2 12 17
4 2 17 16
6 2 16 16
3 2 17 17
4 2 27 17
7 2 10 18
6 2 11 17
5 2 13 17
1 2 15 16
6 2 12 18
4 5 12 17
3 2 11 17
1 2 13 16
3 2 14 18
2 4 13 18
6 2 15 17
3 2 15 17
5 2 20 17
4 6 14 18
1 3 14 17
6 2 14 17
2 2 14 17
6 2 15 18
7 2 16 17
8 2 17 18
4 2 16 18
6 2 23 18
3 2 32 18
3 2 9 19
1 2 14 18
5 2 13 18
7 2 13 17
1 2 18 18
5 2 19 18
8 2 19 18
7 2 18 18
2 2 24 19
7 4 26 19
8 2 30 19
5 2 31 19
6 2 33 19
3 2 34 19
7 2 34 19
8 2 34 19
1 2 34 19
8 6 36 19
3 5 36 19
8 2 37 19
1 2 37 19
4 2 38 19
2 3 38 19
1 2 43 19
6 2 43 19
7 4 43 19
1 3 46 19
5 2 5 20
2 3 15 19
2 2 19 19
7 2 20 18
4 2 18 19
3 5 11 20
8 3 18 19
5 2 18 18
1 2 21 18
2 2 17 19
4 2 17 18
3 2 21 18
2 2 17 19
7 2 20 18
2 3 21 19
8 2 21 19
5 2 23 19
4 2 23 19
5 2 23 19
1 2 22 19
5 2 21 19
4 4 30 19
6 2 17 20
8 2 28 19
7 2 19 20
4 2 18 20
3 2 17 20
5 2 22 19
6 2 26 19
7 2 26 19
8 2 25 19
4 3 19 20
3 2 20 20
8 2 23 20
3 2 23 20
3 2 24 19
8 3 27 20
2 4 28 20
1 2 30 20
1 3 34 20
8 3 7 21
8 3 12 20
5 2 15 20
6 3 15 19
3 2 15 18
7 3 15 18
8 2 13 19
5 2 13 19
1 3 15 20
3 2 22 20
8 2 28 20
6 2 7 21
4 2 7 20
5 2 8 19
7 2 11 18
3 2 12 17
7 2 9 19
6 2 9 19
3 2 10 19
7 2 9 19
6 4 8 20
1 2 8 19
2 2 10 20
4 3 9 20
2 2 14 20
6 2 11 21
4 2 13 21
3 2 20 20
4 3 14 21
7 2 14 21
7 2 20 21
8 4 20 21
1 2 22 21
5 4 23 21
8 3 22 21
7 3 21 21
4 2 22 21
5 5 24 21
4 2 27 21
3 2 33 21
6 11 3 22
7 2 11 21
5 3 15 20
8 2 15 20
2 2 15 20
1 4 15 20
6 3 17 21
3 2 20 21
8 2 21 21
1 2 26 21
4 3 30 21
4 2 7 22
5 2 7 21
8 2 7 20
2 2 6 20
3 2 6 21
8 2 8 20
3 2 10 20
2 3 5 21
6 2 5 20
1 2 6 19
7 2 5 19
4 5 6 20
1 2 6 20
2 2 5 21
4 2 4 21
8 2 3 21
5 2 8 21
2 3 8 21
5 4 5 22
6 2 7 21
2 2 10 21
6 2 8 22
8 2 9 21
7 2 8 21
6 2 11 22
7 2 10 22
2 2 10 22
3 2 17 22
2 2 20 22
1 2 21 22
7 2 29 22
7 3 33 22
7 5 39 22
2 3 42 22
1 2 42 22
1 2 4 23
7 2 4 22
4 2 7 21
3 4 6 23
6 2 14 22
4 2 14 22
5 8 24 22
4 2 7 23
3 3 10 22
4 2 14 22
6 3 33 22
2 2 8 23
5 3 12 22
2 2 14 22
6 2 13 22
7 2 8 23
8 2 9 22
3 2 15 22
1 2 17 22
7 3 21 22
6 3 14 23
8 3 14 22
5 2 17 22
2 3 16 22
4 2 15 22
8 2 15 23
3 2 16 22
2 2 15 22
1 2 14 22
3 3 13 22
3 2 19 23
6 4 22 23
1 2 26 23
3 4 26 23
2 3 3 24
5 2 24 23
1 2 25 23
6 2 31 23
4 2 31 23
3 2 31 23
7 2 30 23
7 2 13 24
8 2 15 23
4 2 16 23
1 6 16 23
5 2 27 23
5 2 15 24
3 2 17 23
6 3 15 24
2 2 24 23
8 2 16 24
4 2 16 23
1 2 19 24
6 2 29 24
1 2 35 24
2 2 36 24
7 2 42 24
5 3 43 24
6 2 49 24
8 2 48 24
2 2 47 24
7 2 4 25
4 2 10 24
6 2 12 23
2 2 20 23
6 2 19 23
2 2 11 24
5 2 12 23
4 2 12 22
8 2 11 22
5 3 28 24
2 2 35 24
6 2 34 24
1 2 4 25
3 2 11 24
4 2 29 24
6 2 28 24
4 2 9 25
2 2 18 24
2 3 22 24
5 2 21 24
8 2 23 24
6 7 10 25
5 2 12 24
3 2 12 23
4 3 24 24
6 2 24 24
6 2 11 25
1 2 11 24
7 3 13 23
8 2 11 24
5 3 10 24
1 2 10 23
8 2 12 24
1 2 14 24
4 2 10 25
3 2 14 25
5 2 13 25
3 2 12 25
4 5 13 24
2 2 13 23
7 3 12 24
2 2 15 25
8 2 19 25
6 5 20 25
7 2 27 25
6 2 30 25
3 2 30 25
8 3 33 25
4 2 6 26
2 4 10 25
5 2 10 24
5 3 7 26
3 3 10 25
5 2 17 25
2 2 16 25
3 2 26 25
7 2 6 26
5 4 11 25
5 2 26 25
5 3 11 26
7 2 24 25
2 3 23 25
8 2 16 26
4 2 17 25
5 2 21 25
4 2 21 25
8 2 19 26
1 2 19 25
2 2 18 26
6 5 18 25
7 3 18 26
3 2 20 26
4 7 21 26
1 2 20 26
8 2 20 26
6 3 29 26
1 2 37 26
7 2 40 26
2 3 39 26
1 2 3 27
6 2 5 26
6 2 11 25
4 2 4 26
3 2 8 25
7 2 9 24
1 3 9 24
8 4 9 24
2 2 3 26
5 3 6 25
4 2 8 26
3 4 10 25
1 3 12 26
4 2 12 26
3 2 14 26
2 2 18 26
5 2 3 27
4 4 16 26
8 2 21 26
7 2 20 26
2 3 21 26
7 2 7 27
7 2 16 26
1 2 15 26
2 2 6 27
7 2 10 26
8 3 13 26
5 2 12 26
6 3 9 27
1 5 9 26
5 2 8 26
4 3 8 27
6 2 11 27
3 3 11 27
7 2 10 27
3 2 14 27
8 2 14 27
2 2 15 27
5 2 17 27
7 2 21 27
4 3 22 27
1 2 22 27
6 2 24 27
2 2 2 28
8 2 9 27
2 2 9 26
5 2 10 27
6 2 10 27
4 2 13 27
2 3 20 27
3 2 19 27
8 2 20 27
1 5 20 27
7 2 19 27
3 2 2 28
4 2 2 27
7 2 4 26
1 2 5 25
6 2 6 24
2 2 6 24
3 2 1 27
4 3 6 27
3 3 6 26
2 2 8 27
2 2 13 27
7 2 5 28
3 2 8 28
8 2 7 28
5 2 8 28
8 3 12 27
8 6 14 28
3 2 15 28
1 2 15 28
2 2 15 28
2 2 16 28
1 2 15 28
6 3 14 28
5 3 15 28
4 2 15 28
7 2 15 28
5 2 19 28
6 2 22 28
4 2 32 28
4 2 35 28
5 2 35 28
3 2 16 29
8 2 21 28
3 3 28 28
1 2 17 29
4 3 28 28
4 3 16 29
2 3 18 28
7 5 21 28
2 2 25 28
8 2 29 28
5 2 18 29
8 2 18 29
6 2 22 28
8 3 21 28
1 2 20 28
5 4 20 28
7 2 23 28
2 2 19 29
1 2 20 28
6 2 19 29
6 2 27 29
7 2 46 29
5 3 48 29
8 3 48 29
5 3 2 30
7 3 4 29
7 2 7 28
7 2 12 27
5 2 8 28
6 2 9 27
7 2 8 28
1 2 8 27
2 2 8 27
4 3 8 27
6 6 7 27
2 2 10 28
3 2 9 28
5 2 4 29
2 3 4 28
3 3 3 28
5 2 4 28
7 2 4 27
8 2 5 26
1 4 4 29
4 3 4 29
5 3 13 29
3 5 6 30
6 2 6 29
2 2 14 29
5 2 14 29
7 2 14 29
2 2 28 29
1 2 5 30
7 2 6 29
2 3 15 29
7 2 17 29
6 4 23 29
1 3 23 29
2 2 5 30
6 2 15 29
5 3 15 29
7 2 16 29
3 3 19 29
3 2 5 30
6 2 6 29
6 2 15 29
7 2 15 29
5 2 10 30
4 2 10 30
6 4 11 29
3 2 13 29
2 2 10 30
4 2 18 30
1 2 21 30
4 2 22 30
2 2 22 30
8 2 26 30
2 4 26 30
5 2 26 30
7 2 27 30
5 2 8 31
6 2 9 30
6 2 14 30
5 2 20 30
8 2 7 31
2 3 10 30
6 4 18 30
1 5 16 30
3 2 15 30
1 2 14 30
5 2 13 30
3 2 12 30
4 2 8 31
1 2 16 31
1 3 23 31
3 4 24 31
4 2 25 31
3 2 27 31
4 6 29 31
8 2 29 31
6 2 28 31
1 3 36 31
3 2 41 31
8 2 45 31
1 2 45 31
1 3 8 32
6 2 8 31
2 3 14 31
7 6 13 31
3 2 13 30
8 3 28 31
3 2 31 31
4 4 33 31
6 3 33 31
4 2 12 32
4 4 23 31
2 5 29 31
6 2 28 31
2 2 14 32
1 2 14 31
2 3 16 31
4 2 15 31
6 2 20 32
1 2 23 31
2 4 20 32
7 2 20 31
8 2 20 31
3 2 20 31
8 2 21 31
3 2 21 31
7 2 20 31
3 2 25 32
2 3 42 32
1 2 43 32
8 2 42 32
6 2 43 32
3 2 43 32
7 2 43 32
4 2 42 32
4 2 7 33
8 3 11 32
8 2 14 31
7 3 14 31
1 2 17 31
4 3 12 32
7 2 16 31
5 2 11 32
6 2 13 31
1 2 13 31
3 2 15 31
5 4 14 32
1 2 24 32
3 3 24 32
8 2 24 32
1 2 26 32
1 3 9 33
7 2 15 32
4 3 17 32
6 2 23 32
7 2 24 32
4 2 9 33
3 5 9 32
2 2 15 31
8 3 14 31
7 2 8 32
4 3 8 32
5 2 9 31
2 2 12 30
8 2 8 31
5 2 11 32
5 2 13 32
8 3 7 33
2 2 7 32
4 3 10 33
3 2 12 32
8 2 12 33
1 2 11 33
8 2 16 33
3 2 21 33
4 7 21 33
1 2 21 33
1 2 23 33
2 2 23 33
1 3 23 33
7 2 25 33
7 3 4 34
6 2 9 33
7 2 14 32
3 2 10 33
8 2 11 32
2 2 10 32
1 2 10 33
5 2 9 33
7 3 10 33
2 2 3 34
1 2 4 33
2 2 4 32
8 3 4 31
5 2 4 30
2 2 3 31
4 2 4 30
7 2 8 29
3 2 7 29
8 2 4 30
1 2 6 30
3 5 4 32
6 2 3 32
6 2 2 34
1 3 6 33
5 3 11 33
2 2 2 34
7 2 5 33
3 2 5 33
6 2 2 34
8 4 1 34
1 2 4 33
6 2 4 32
7 2 3 33
4 2 3 32
7 3 15 34
2 2 14 34
1 3 15 34
2 3 15 34
5 2 14 34
2 2 15 34
3 2 15 34
8 3 27 34
2 3 31 34
2 4 38 34
6 2 43 34
4 4 2 35
2 2 6 34
6 2 12 34
5 3 15 34
7 3 21 34
8 2 32 34
7 2 1 35
3 2 4 34
1 2 5 33
6 2 7 34
1 2 9 34
2 3 14 34
5 2 14 34
4 2 15 34
7 3 22 34
5 2 23 34
5 2 3 35
2 3 7 34
6 6 8 34
2 4 20 34
1 2 19 34
8 3 22 34
5 2 4 35
2 2 9 34
5 2 9 34
6 2 12 34
7 3 14 34
2 2 5 35
8 2 5 34
8 3 6 34
1 2 5 34
4 6 6 35
4 3 9 34
3 2 13 34
1 6 6 35
6 2 9 34
5 2 9 34
2 2 6 35
6 3 9 34
2 3 7 35
3 2 7 35
1 4 6 35
1 2 9 35
6 3 13 35
1 3 13 35
3 3 13 35
8 3 18 35
8 2 1 36
5 3 1 35
5 2 7 34
8 2 1 36
4 4 6 35
6 2 6 34
3 2 6 34
2 2 5 35
7 2 6 34
6 2 1 36
5 2 10 35
8 4 8 36
7 2 11 36
2 2 14 36
1 2 21 36
4 2 27 36
5 2 31 36
7 2 31 36
2 3 31 36
1 3 31 36
7 2 36 36
2 2 37 36
1 3 39 36
5 2 40 36
7 4 45 36
7 3 49 36
7 4 5 37
4 3 6 36
2 2 7 35
1 2 6 35
4 2 14 36
5 2 25 36
2 2 24 36
2 2 14 37
6 2 21 36
3 2 24 36
4 2 24 36
3 2 17 37
5 7 22 36
7 2 17 37
3 3 18 36
3 3 25 36
8 9 27 36
2 2 32 36
2 2 34 36
3 2 19 37
4 2 26 36
6 2 25 36
4 2 29 36
2 2 21 37
1 2 24 36
7 3 20 37
6 3 22 36
8 2 23 36
6 2 25 36
7 2 25 36
5 2 22 37
3 2 22 36
6 4 23 37
3 2 23 37
2 5 23 36
3 3 30 37
3 3 2 38
5 2 3 37
1 4 3 36
8 2 8 36
5 2 13 36
4 6 1 38
3 2 1 37
1 2 17 36
4 2 18 36
3 2 17 37
6 4 2 38
4 2 8 38
5 2 15 37
2 3 16 36
5 2 19 37
6 5 18 38
1 4 20 38
8 2 20 38
6 2 20 38
1 2 26 38
4 2 27 38
4 2 29 38
4 3 36 38
1 3 36 38
2 2 42 38
3 2 42 38
3 3 44 38
4 2 47 38
7 2 2 39
1 2 4 38
1 3 6 37
6 2 6 36
2 2 7 38
6 2 12 37
8 2 15 36
7 8 12 37
3 2 12 36
2 2 15 38
2 2 19 38
3 2 21 38
1 2 20 38
8 2 26 38
3 4 3 39
5 2 14 38
7 2 24 38
5 2 24 38
2 2 3 39
5 2 6 38
4 5 16 38
6 2 32 38
5 2 4 39
6 2 4 38
8 3 9 37
6 2 8 37
7 5 17 38
2 2 19 38
5 2 25 38
2 2 26 38
7 5 26 38
5 2 5 39
3 3 6 38
4 3 11 38
1 3 21 38
3 2 22 38
6 3 7 39
3 2 7 39
7 2 10 38
8 3 6 39
4 2 19 38
6 2 18 38
5 2 9 39
8 2 11 38
2 2 11 38
5 5 13 39
2 2 1 40
7 2 3 39
4 3 3 38
7 2 9 39
4 2 13 38
8 2 8 39
1 2 7 40
6 2 10 40
5 4 10 40
7 2 13 39
3 3 10 40
2 2 10 39
1 2 10 39
5 4 22 40
3 2 29 40
6 2 28 40
8 3 28 40
2 2 28 40
8 3 34 40
4 3 33 40
7 3 46 40
3 4 46 40
6 2 45 40
2 2 46 40
2 2 48 40
8 4 3 41
5 2 7 40
8 3 14 40
1 2 25 40
6 2 32 40
3 3 32 40
4 3 32 40
8 2 33 40
6 5 36 40
8 2 6 41
2 2 29 40
5 2 32 40
2 2 6 41
6 3 7 40
4 2 7 39
4 3 14 40
5 5 19 40
2 2 18 40
7 2 23 41
5 2 29 40
1 2 28 40
3 3 23 41
8 3 24 40
6 2 27 40
7 2 27 40
5 2 23 41
4 3 24 41
2 4 26 40
1 2 25 41
3 2 24 41
6 2 23 41
1 2 25 41
6 3 26 41
3 2 27 41
7 2 29 41
3 2 7 42
7 2 14 41
6 2 16 40
3 2 16 40
2 2 9 42
1 2 15 41
3 2 17 40
6 2 14 41
4 2 15 41
8 2 18 40
6 3 17 40
2 2 16 41
7 2 19 40
7 2 8 42
1 2 8 41
8 2 9 40
3 2 13 40
8 2 14 40
5 4 8 41
5 2 11 40
1 2 13 40
2 2 10 41
4 2 7 42
6 3 8 41
7 3 8 42
3 2 9 42
5 2 10 42
5 2 16 42
2 6 15 42
4 3 21 42
8 3 24 42
1 2 24 42
2 2 25 42
1 2 25 42
7 4 25 42
7 2 26 42
4 2 29 42
3 3 33 42
4 2 32 42
8 2 33 42
7 4 33 42
8 2 33 42
6 2 33 42
2 2 33 42
3 2 32 42
7 2 5 43
8 4 7 42
2 4 7 41
4 3 8 41
6 4 9 42
6 2 7 43
6 4 16 42
5 3 23 42
7 4 6 43
7 2 28 42
6 2 6 43
5 2 6 42
8 2 6 42
3 2 7 41
8 2 8 42
7 2 13 42
8 6 20 42
4 4 8 43
4 4 11 43
4 5 16 43
2 2 19 42
1 2 17 43
6 2 20 42
3 2 22 43
5 3 28 43
1 5 32 43
6 2 39 43
3 4 40 43
1 3 41 43
2 2 10 44
3 3 13 43
8 2 18 43
3 2 31 43
8 3 10 44
4 3 17 43
2 2 17 42
7 2 16 43
2 5 21 43
1 2 30 43
3 2 29 43
1 6 12 44
3 2 14 43
1 2 15 42
5 2 14 42
6 2 13 42
8 2 14 43
4 2 12 44
5 2 16 43
4 2 18 43
8 2 19 43
7 2 18 43
4 2 21 43
6 5 14 44
5 2 15 44
6 2 18 43
8 4 19 43
7 2 18 43
2 4 16 44
6 2 17 44
4 3 27 44
4 2 35 44
2 3 38 44
1 3 1 45
8 3 2 44
1 2 4 43
7 2 11 42
2 2 4 43
7 3 4 42
2 2 10 42
4 3 10 42
6 2 2 43
3 2 4 42
2 3 4 41
7 2 3 41
6 2 4 40
7 2 7 39
5 2 6 40
1 2 2 41
4 2 2 42
3 2 1 42
1 2 2 43
8 2 2 42
1 2 3 43
5 3 3 43
7 2 9 44
2 2 15 44
6 3 24 44
3 2 23 44
2 2 1 45
7 2 6 44
1 3 16 44
3 3 16 44
3 2 2 45
5 2 9 44
8 2 9 44
4 2 16 44
2 3 4 45
7 2 14 44
3 6 3 45
8 2 4 44
7 4 3 45
2 2 12 44
2 2 14 44
7 2 7 45
4 5 11 44
8 2 11 45
7 2 14 45
3 2 18 45
6 2 25 45
1 2 27 45
6 2 28 45
3 2 29 45
5 2 29 45
8 2 30 45
5 2 2 46
8 2 6 45
6 2 8 44
6 3 2 46
3 2 6 45
5 3 6 44
4 2 5 44
1 2 4 46
2 2 13 45
8 2 16 45
6 2 15 45
6 3 20 46
2 2 20 45
1 2 19 45
7 2 20 46
2 2 22 46
6 2 22 46
7 2 24 46
1 2 23 46
5 2 31 46
1 2 31 46
4 2 32 46
2 4 31 46
6 3 31 46
4 2 32 46
5 2 32 46
5 2 34 46
7 3 37 46
4 2 39 46
6 2 40 46
2 2 42 46
1 4 6 47
8 2 13 46
4 2 18 45
5 2 14 46
4 3 6 47
3 3 6 46
8 2 10 45
5 2 5 46
2 3 7 45
6 2 8 44
1 2 7 44
5 2 7 45
6 2 5 46
2 2 7 45
1 2 5 46
7 2 6 46
6 2 23 46
3 2 6 47
7 2 17 47
5 2 26 46
3 2 17 47
2 2 19 46
1 2 21 47
8 4 23 46
1 3 23 47
5 2 23 47
4 2 22 47
3 5 22 47
4 3 22 47
6 2 22 47
7 3 22 46
2 2 22 46
7 2 22 46
8 3 22 47
3 2 22 47
4 3 22 47
6 4 26 47
3 2 26 47
4 2 25 47
7 2 27 47
8 2 32 47
7 2 3 48
8 4 4 47
2 2 6 46
3 2 8 45
8 2 7 45
4 2 7 45
1 2 6 46
5 2 5 46
8 2 10 46
4 2 11 46
8 4 21 47
1 2 2 48
4 2 4 47
7 2 11 46
5 2 13 47
1 2 13 47
3 3 13 47
5 2 17 47
6 2 16 47
2 3 18 47
6 2 17 47
5 2 3 48
2 3 3 47
1 2 10 46
3 2 9 46
6 2 4 47
7 3 4 46
6 2 6 45
8 2 3 47
4 2 2 47
2 2 2 46
7 2 5 45
8 2 4 45
6 2 4 44
2 2 3 44
3 2 3 43
5 2 4 48
2 2 12 48
4 2 14 48
1 3 14 48
2 2 13 48
7 4 15 48
4 4 15 48
2 2 15 48
1 3 14 48
6 2 18 48
2 2 18 48
7 2 18 48
8 2 18 48
1 2 17 48
7 2 16 48
7 2 17 48
8 3 21 48
1 3 20 48
7 3 19 48
1 2 22 48
1 5 24 48
5 2 27 48
8 2 1 49
7 3 1 48
5 3 10 47
1 6 7 48
3 3 8 47
4 2 9 48
8 2 9 47
7 2 18 48
1 3 18 48
4 2 2 49
6 2 14 48
5 3 3 49
5 3 6 48
8 4 10 48
6 3 10 48
8 3 4 49
2 2 6 49
4 2 10 48
2 2 12 48
1 5 7 49
7 2 7 48
3 5 9 48
5 3 18 49
2 2 23 49
4 2 24 49
4 2 28 49
3 3 30 49
6 2 30 49
5 2 1 50
3 3 23 49
7 2 24 49
8 2 24 49
7 4 27 49
4 2 28 49
7 2 2 50
8 3 2 49
4 2 4 48
2 2 3 48
3 3 4 48
4 2 22 49
1 2 4 50
7 2 7 49
6 3 3 50
8 3 5 49
5 2 5 48
7 2 4 49
4 2 4 49
2 2 6 49
3 2 11 49
1 2 13 49
6 2 12 49
8 3 5 50
8 5 8 50
4 2 10 49
2 2 11 49
5 3 8 50
1 2 8 49
8 2 8 50
1 4 29 50
4 3 33 50
4 2 39 50
2 2 40 50
4 2 3 51
7 2 14 50
8 2 13 50
6 2 17 50
5 2 17 50
5 2 22 50
5 3 25 50
7 2 24 50
3 2 23 50
2 2 8 51
4 2 8 50
8 2 8 50
3 2 8 49
2 2 7 50
7 2 7 49
7 2 19 50
6 4 19 50
3 2 19 50
6 3 22 50
6 2 8 51
3 3 8 50
1 2 8 50
7 2 8 50
8 2 8 50
3 2 10 50
4 2 7 51
5 2 12 50
2 2 11 50
8 2 10 51
3 2 10 51
1 2 11 51
4 2 15 51
1 2 15 51
2 2 19 51
5 2 19 51
4 2 19 51
8 4 28 51
4 2 27 51
1 2 29 51
4 2 37 51
2 2 41 51
7 2 41 51
5 2 14 52
3 2 20 51
6 2 21 51
4 2 20 51
7 2 21 51
5 2 32 51
2 2 33 51
2 3 17 52
3 4 16 52
1 4 21 51
3 3 27 51
8 2 29 51
1 2 28 51
5 2 28 52
6 3 34 52
7 2 33 52
2 2 34 52
7 2 34 52
7 5 43 52
8 2 43 52
4 2 43 52
7 3 44 52
3 2 44 52
6 4 47 52
8 4 50 52
6 3 49 52
1 2 1 53
3 3 13 52
5 2 15 51
2 2 18 51
8 2 26 51
4 3 13 52
1 3 13 51
3 2 12 51
8 2 11 52
1 2 14 51
5 2 21 51
3 2 12 52
7 2 15 51
6 3 14 51
8 2 17 51
4 2 11 52
3 2 14 51
7 2 13 51
6 2 12 51
6 5 11 52
2 2 12 51
3 2 21 52
5 2 1 53
6 2 4 52
2 2 4 51
6 2 7 50
1 2 6 50
2 2 5 52
7 2 6 51
2 2 6 51
6 2 5 51
7 2 5 50
5 2 5 49
5 2 6 49
6 2 5 49
1 2 4 50
4 2 4 50
7 2 12 52
4 2 14 52
5 3 2 53
2 4 12 52
5 2 3 53
8 2 6 52
5 2 7 52
6 2 7 52
8 5 16 52
1 2 16 52
7 2 4 53
1 2 8 52
1 2 5 53
8 2 13 53
3 2 15 52
6 2 13 53
2 2 14 53
1 3 13 53
5 3 14 53
2 2 13 53
4 2 13 53
4 6 14 52
2 3 13 53
7 4 13 53
8 4 15 53
4 2 19 53
2 3 22 53
4 2 21 53
4 2 6 54
1 2 18 53
6 2 21 53
4 2 21 53
8 2 8 54
6 3 8 53
7 2 8 52
5 2 10 53
1 2 11 52
2 2 10 53
6 2 9 54
8 4 12 53
5 4 9 54
3 2 9 53
4 2 9 52
4 2 7 54
5 2 10 53
4 2 21 54
5 4 21 54
7 4 28 54
4 2 28 54
2 2 27 54
1 4 28 54
2 3 29 54
1 3 32 54
3 2 34 54
4 2 33 54
5 2 33 54
7 2 32 54
1 2 7 55
8 4 24 54
6 3 24 54
4 2 23 54
2 2 12 55
5 2 14 54
7 2 17 54
7 2 18 54
6 3 14 55
7 4 14 54
6 2 22 54
2 3 17 55
4 3 20 54
1 2 20 54
6 2 30 54
2 2 29 54
2 2 18 55
7 3 22 55
4 2 30 55
3 4 29 55
8 2 29 55
2 2 29 55
7 2 29 55
6 3 28 55
2 2 31 55
4 3 36 55
1 2 35 55
8 2 34 55
1 2 35 55
7 2 34 55
6 3 36 55
5 3 36 55
1 3 6 56
2 2 8 55
7 2 8 54
3 2 8 54
2 2 12 54
4 2 14 54
8 2 20 54
3 2 23 54
5 3 22 55
2 2 6 56
6 2 12 55
1 2 13 54
7 3 12 55
3 2 19 54
5 2 18 54
7 2 23 55
8 2 5 56
5 2 13 55
7 2 13 55
4 2 15 55
6 2 18 54
1 2 17 55
1 2 7 56
4 2 7 55
4 2 9 54
6 2 10 53
2 2 9 53
1 2 8 54
8 3 11 56
2 2 10 56
3 2 13 56
1 3 13 55
8 3 30 56
5 2 31 56
4 2 36 56
8 2 40 56
2 5 40 56
4 2 41 56
3 2 5 57
8 3 12 56
3 2 11 56
2 2 23 56
1 2 23 56
4 2 23 56
6 2 28 56
2 2 37 56
6 4 7 57
5 2 16 56
7 2 16 56
6 2 22 56
7 2 22 56
7 2 24 56
6 2 14 57
2 3 17 57
1 2 17 56
5 2 20 56
1 2 21 57
8 2 29 56
7 2 20 57
6 3 22 57
3 2 25 56
7 2 44 57
7 2 53 57
2 2 52 57
6 2 52 57
3 2 51 57
2 2 51 57
6 2 53 57
7 2 1 58
2 2 1 57
8 2 1 56
3 2 6 55
7 2 6 55
8 2 7 54
1 2 10 56
2 2 9 56
3 2 10 56
6 2 16 56
2 4 23 57
6 2 23 57
4 2 24 57
2 3 31 57
8 3 31 57
5 2 30 57
3 4 30 57
4 2 30 57
2 6 38 57
7 2 1 58
6 4 2 57
6 2 10 56
5 2 2 57
2 2 1 57
3 2 13 56
8 2 15 56
1 2 13 57
4 2 14 56
2 2 13 56
7 3 12 57
5 2 11 57
7 2 11 56
1 2 10 56
2 2 14 57
8 2 18 57
3 2 12 58
1 3 17 57
8 2 16 57
7 2 17 57
6 9 17 57
5 3 12 58
4 3 16 57
7 3 12 58
1 6 13 57
5 3 13 58
2 2 14 57
4 6 15 58
3 3 15 58
8 4 14 58
7 2 19 58
1 2 24 58
1 3 26 58
6 2 26 58
1 3 28 58
3 2 28 58
6 2 27 58
2 2 4 59
3 2 7 58
4 2 11 57
6 5 16 58
7 3 22 58
6 2 6 59
8 4 22 58
4 2 7 59
8 2 7 58
5 2 9 57
6 2 10 56
8 2 9 57
7 4 8 59
8 2 13 58
3 2 13 58
4 2 14 58
5 4 10 59
8 2 9 59
1 2 17 58
3 2 9 59
4 2 9 59
8 2 15 58
5 2 13 59
4 2 24 59
6 2 24 59
7 2 32 59
4 2 39 59
1 2 41 59
5 5 41 59
3 3 2 60
1 3 5 59
4 2 6 58
7 2 10 58
2 2 11 58
1 2 10 58
7 2 5 59
6 2 5 58
7 2 5 57
8 3 5 56
1 2 7 55
4 4 7 54
3 2 7 53
5 3 6 53
3 2 5 56
5 2 4 57
8 2 4 59
4 2 3 59
8 2 15 60
2 3 22 59
1 2 17 60
8 2 27 60
3 2 28 60
5 2 29 60
6 2 29 60
7 3 29 59
5 5 36 60
2 3 35 60
4 2 35 60
5 2 38 60
1 2 43 60
6 2 44 60
7 2 44 60
4 2 47 60
5 2 46 60
5 2 8 61
4 3 14 60
5 3 19 59
6 2 25 59
8 2 21 60
7 2 21 59
3 2 23 59
2 2 22 59
5 2 21 60
7 2 21 60
2 2 23 59
6 2 22 60
6 2 26 60
8 2 18 61
5 2 21 60
8 2 21 60
3 7 24 60
4 2 26 60
4 3 19 61
1 4 23 60
2 2 29 61
7 2 33 61
8 2 33 61
1 2 33 61
2 2 32 61
3 2 36 61
6 2 36 61
2 2 43 61
5 2 47 61
1 2 50 61
5 4 53 61
3 2 1 62
2 4 1 61
2 2 6 60
2 3 10 59
5 3 12 59
8 2 12 59
8 2 5 61
7 2 11 60
3 2 20 60
6 2 5 61
8 3 8 60
1 2 8 59
6 2 9 59
2 3 11 59
3 3 10 59
4 2 8 60
2 2 9 59
7 2 8 59
6 2 8 60
7 2 11 60
6 2 6 61
8 2 10 60
2 2 12 61
1 2 20 61
8 2 19 61
4 2 21 61
1 4 20 61
6 4 23 61
4 2 22 61
8 2 27 61
5 2 27 61
4 3 4 62
2 2 5 61
1 2 5 60
5 2 5 59
4 2 4 59
1 2 5 58
2 2 4 58
6 2 3 58
3 2 3 59
2 2 6 62
1 2 6 61
8 2 11 61
2 3 11 61
6 3 11 61
7 2 12 61
5 2 15 61
7 2 7 62
3 2 7 61
8 3 16 61
8 2 9 62
3 3 13 61
6 2 12 61
2 2 8 62
4 3 9 61
1 3 8 62
7 2 12 61
4 5 11 62
3 2 13 62
8 2 21 62
7 3 22 62
3 3 36 62
7 3 2 63
4 4 6 62
5 2 6 61
3 4 9 61
3 2 4 63
7 2 13 62
5 2 14 62
2 3 17 62
5 7 21 62
4 2 10 63
2 2 23 62
4 2 30 62
3 2 29 62
3 4 11 63
2 3 13 63
1 2 14 62
6 2 15 62
5 2 24 62
7 3 25 62
3 2 13 63
1 4 12 63
5 4 12 62
6 2 11 62
7 2 12 62
5 2 12 62
1 2 11 63
6 2 12 62
8 4 10 63
5 2 10 62
4 2 10 62
8 2 11 62
2 2 14 62
4 4 13 62
1 4 16 63
4 2 15 63
7 3 27 63
5 4 27 63
3 2 27 63
2 4 35 63
4 2 34 63
8 2 4 64
3 3 9 63
2 2 8 63
6 3 8 62
1 2 8 61
7 2 9 62
4 2 7 63
1 2 6 63
2 2 6 62
8 4 16 63
7 2 18 63
8 2 20 63
1 2 20 63
5 6 4 64
3 2 11 63
6 2 2 64
1 3 6 63
7 2 6 62
5 3 7 61
2 2 7 60
1 2 2 64
3 2 5 63
6 2 5 62
5 2 17 64
7 2 17 64
8 2 18 64
4 2 18 64
3 3 21 64
7 2 22 64
7 2 25 64
1 2 25 64
7 3 30 64
7 2 35 64
5 2 35 64
2 2 35 64
1 2 37 64
8 2 36 64
2 3 8 65
6 2 8 64
3 3 14 64
2 2 13 64
6 2 13 63
5 2 12 64
6 2 17 64
5 2 16 64
5 2 29 64
7 2 12 65
5 2 17 64
4 2 26 65
6 2 34 65
1 2 34 65
3 2 40 65
1 3 46 65
8 3 45 65
2 4 44 65
1 2 43 65
7 3 45 65
7 2 48 65
5 2 47 65
8 2 3 66
2 2 3 65
5 2 4 64
1 2 4 63
4 2 7 63
3 2 6 63
3 2 12 64
6 2 18 64
4 4 18 64
4 2 3 66
1 3 12 65
6 2 19 64
6 2 17 65
8 2 17 64
8 3 18 65
1 2 17 65
7 2 17 64
6 2 18 64
7 2 22 65
2 2 7 66
6 3 10 65
3 2 14 64
5 2 14 64
2 2 13 64
1 2 13 65
4 2 25 65
2 2 11 66
6 2 18 65
5 2 18 65
4 4 11 66
1 2 21 65
6 2 14 66
2 2 13 66
5 2 15 65
2 5 16 66
5 3 16 66
5 2 19 65
1 2 18 66
6 2 22 65
3 2 17 66
2 2 18 66
4 2 21 65
8 2 18 66
4 3 32 66
3 3 32 66
2 4 32 66
3 2 35 66
2 4 40 66
7 2 2 67
3 5 2 66
6 2 4 65
7 2 12 64
3 3 3 65
1 2 6 64
6 2 7 64
7 3 5 65
3 2 8 65
1 2 2 66
4 2 2 66
4 2 5 65
3 2 4 65
3 2 6 66
2 4 17 66
7 2 19 66
2 3 1 67
1 2 6 66
5 2 6 66
1 2 6 66
8 5 6 66
6 3 7 65
2 2 5 66
7 2 7 65
2 3 6 66
5 2 3 67
2 4 14 66
1 2 13 66
4 2 3 67
3 2 13 66
7 2 2 67
5 2 5 66
8 3 4 66
5 2 8 66
3 2 11 66
7 2 6 67
8 3 10 66
5 2 9 66
6 3 5 67
8 3 7 66
4 3 8 67
8 5 8 67
1 2 11 67
5 2 11 67
4 3 10 67
2 3 11 67
7 2 17 67
7 2 20 67
8 2 20 67
8 3 24 67
5 3 24 67
6 3 2 68
4 2 3 67
7 2 4 66
1 2 5 65
2 2 3 67
2 2 5 66
6 2 5 67
3 2 11 67
2 2 12 67
1 2 11 67
3 3 14 67
1 5 2 68
5 3 18 67
5 4 1 68
4 3 15 67
3 2 16 67
2 3 16 67
6 2 4 68
6 2 6 67
2 4 7 67
6 3 7 67
4 2 7 67
3 2 6 67
8 2 5 67
7 2 5 66
4 3 4 68
5 2 4 67
1 3 3 68
6 3 3 67
7 3 3 68
7 2 8 68
8 2 11 68
7 2 12 68
8 3 13 68
6 2 14 68
2 4 15 68
8 3 15 68
2 4 15 68
2 2 19 68
5 3 19 68
4 2 18 68
8 3 20 68
8 2 1 69
1 2 9 68
6 2 11 68
5 2 10 68
4 2 3 69
3 3 9 68
7 2 12 68
5 3 9 69
6 2 11 68
4 2 8 69
1 2 9 68
5 4 11 68
2 4 10 68
5 2 9 68
1 2 11 69
4 3 12 69
2 2 13 69
4 2 14 69
8 3 19 69
5 3 29 69
3 3 35 69
5 2 36 69
3 2 42 69
2 5 42 69
2 2 2 70
2 2 14 69
8 3 38 69
3 4 7 70
4 5 16 69
6 2 17 69
8 3 17 69
3 2 18 69
2 3 26 69
1 3 26 69
3 2 25 69
2 2 17 70
4 3 31 69
4 3 19 70
5 3 22 69
7 3 21 69
6 2 28 69
8 2 19 70
1 2 21 69
2 2 20 70
5 4 20 69
7 2 24 70
2 3 25 69
1 2 24 69
4 2 24 69
6 3 24 70
7 3 26 70
4 2 27 70
1 2 33 70
5 2 35 70
6 3 3 71
1 4 6 70
3 2 25 70
5 2 7 71
7 3 14 70
3 2 16 69
5 2 15 69
4 2 14 70
5 2 10 71
6 2 10 70
6 2 17 69
1 4 10 70
6 2 19 69
2 3 15 70
1 2 16 69
5 2 19 70
7 2 9 71
8 5 12 70
7 2 13 69
4 2 14 69
7 2 14 69
2 3 11 70
6 2 16 70
4 3 8 71
4 2 12 70
3 3 7 71
7 2 8 70
8 2 11 69
5 4 12 70
1 2 12 71
3 4 13 71
6 2 18 71
5 2 17 71
7 2 22 71
1 5 21 71
1 2 23 71
5 2 23 71
6 4 22 71
5 2 21 71
7 2 24 71
5 2 24 71
8 3 28 71
5 2 27 71
1 2 27 71
5 2 27 71
2 4 30 71
6 2 4 72
2 2 4 71
2 2 11 70
8 3 5 71
5 3 10 70
5 3 5 71
7 2 6 70
8 3 10 71
1 2 10 72
2 2 12 71
7 2 10 72
5 3 11 71
6 2 10 72
8 4 14 71
8 2 15 71
2 2 14 71
6 2 15 71
2 2 9 72
3 2 9 72
7 2 14 71
1 2 13 71
5 2 9 72
6 2 12 71
2 2 11 72
5 2 12 72
1 5 13 72
4 2 14 72
2 3 15 72
5 8 21 72
3 2 24 72
2 2 23 72
3 2 22 72
7 4 22 72
3 2 24 72
8 3 28 72
2 2 5 73
3 6 11 72
6 2 20 72
8 2 29 72
7 3 10 73
3 2 16 73
6 2 19 73
7 2 21 73
2 2 26 72
4 2 25 72
2 2 24 72
1 3 24 73
1 2 25 73
7 2 27 73
6 2 28 73
4 3 28 73
5 4 29 73
7 2 29 73
8 2 28 73
3 2 32 73
8 2 33 73
7 2 32 73
7 2 33 73
2 3 35 73
8 2 35 73
4 2 37 73
3 2 37 73
3 2 42 73
8 2 5 74
2 3 6 73
3 2 9 72
4 2 10 71
5 3 5 74
4 2 11 73
5 3 11 72
6 3 10 72
5 2 15 73
1 2 25 73
8 2 28 73
7 2 4 74
6 2 5 73
4 2 6 72
1 2 9 71
8 2 9 70
8 3 5 72
8 2 11 74
1 2 11 73
5 3 22 73
4 3 25 73
7 3 12 74
5 2 11 74
2 2 14 73
6 2 14 73
3 2 13 73
4 4 12 73
8 2 13 74
6 2 13 73
5 3 13 74
4 3 16 73
5 6 18 73
8 3 13 74
3 2 12 74
4 2 14 74
6 2 14 74
3 2 14 73
3 2 15 73
1 2 18 74
6 2 20 74
1 3 20 74
5 2 22 74
8 3 29 74
3 5 5 75
5 2 5 74
4 2 9 73
8 2 11 72
7 2 12 72
1 2 11 72
2 2 10 73
1 3 5 74
2 3 4 74
7 2 6 73
6 2 14 74
3 5 14 74
7 3 14 74
8 3 13 74
2 5 5 75
1 2 16 74
6 3 17 74
4 3 4 75
1 2 6 74
8 3 7 73
1 2 9 75
7 4 12 74
5 3 14 74
2 2 9 75
4 2 9 74
1 2 13 74
5 3 19 75
7 2 24 75
8 2 24 75
5 2 29 75
1 2 29 75
4 4 29 75
3 2 34 75
3 3 38 75
1 4 38 75
2 2 43 75
5 2 1 76
5 3 14 75
3 3 15 75
6 2 15 75
2 2 14 75
8 3 36 75
4 2 10 76
1 3 11 75
7 3 18 75
8 3 24 75
4 2 12 76
3 2 14 75
8 2 13 75
3 2 30 75
7 2 26 76
1 2 26 76
7 2 27 76
6 2 32 76
5 2 33 76
4 3 39 76
2 4 44 76
8 2 1 77
1 2 13 76
2 2 18 76
2 2 25 75
6 3 18 76
7 2 18 75
5 4 21 75
5 2 23 75
8 2 23 75
3 2 17 76
8 2 18 75
1 2 20 75
4 2 22 75
1 2 16 76
5 2 18 75
6 4 15 76
2 3 24 76
8 2 23 76
5 2 2 77
1 2 15 76
5 2 15 75
2 2 15 75
8 2 3 77
1 2 17 76
5 2 16 76
2 2 16 75
4 2 15 75
1 2 15 76
8 2 16 76
7 2 9 77
2 2 12 76
7 3 12 75
6 2 13 74
8 2 11 75
3 2 12 74
6 3 15 77
2 3 16 77
1 2 17 77
6 2 19 77
6 3 22 77
5 3 22 77
5 2 23 77
8 2 23 77
7 2 24 77
5 3 26 77
7 2 35 77
6 4 35 77
3 2 33 77
5 3 32 77
2 3 39 77
8 2 38 77
2 2 9 78
6 3 12 77
3 2 22 77
1 2 24 77
7 3 9 78
4 2 9 77
3 2 10 76
5 2 11 75
5 2 8 78
1 2 9 77
7 2 10 76
4 2 9 77
6 2 9 76
8 2 8 77
1 2 8 76
2 2 8 77
3 7 9 77
3 3 19 77
3 2 10 78
6 3 16 77
4 5 10 78
6 4 11 77
2 2 12 78
5 3 16 77
1 2 11 78
7 2 13 77
4 2 12 78
2 2 11 78
8 2 13 77
1 2 14 77
3 2 16 77
7 2 10 78
1 2 10 78
2 2 9 78
8 6 10 77
2 2 13 78
3 3 13 77
4 2 12 77
2 2 12 78
6 2 15 78
4 2 15 78
6 2 16 78
1 2 16 78
5 2 25 78
1 2 30 78
7 2 3 79
5 3 8 78
6 2 8 77
1 3 8 77
5 2 7 77
8 3 5 79
8 2 7 78
3 2 7 77
6 3 7 77
2 3 18 78
7 2 8 79
3 2 9 78
5 3 9 78
6 2 8 78
2 3 18 78
6 2 18 78
2 2 9 79
8 3 9 78
1 2 10 79
8 2 16 79
4 2 19 79
1 2 21 79
6 2 22 79
1 3 23 79
2 2 27 79
8 4 28 79
6 2 40 79
2 2 47 79
1 2 4 80
4 2 15 79
7 2 31 79
1 3 31 79
4 3 32 79
3 5 32 79
8 2 31 79
2 2 32 79
4 2 32 79
5 2 31 79
2 2 5 80
1 3 11 79
8 3 11 78
5 2 14 78
6 2 4 80
5 2 8 79
7 4 10 78
6 2 9 78
4 2 4 80
1 3 7 79
2 2 7 78
7 2 14 79
2 2 13 79
4 2 22 79
3 2 23 79
4 3 8 80
6 3 16 79
7 2 17 79
2 2 16 79
2 2 18 79
8 2 7 80
4 4 7 79
1 2 7 78
4 2 14 79
8 4 9 80
7 4 10 79
7 4 15 80
1 2 15 80
5 2 23 80
8 2 25 80
5 3 25 80
3 3 30 80
6 2 31 80
7 2 5 81
3 2 6 80
6 2 7 79
3 2 8 78
5 2 6 80
1 3 8 79
3 3 7 80
6 2 6 80
7 2 7 80
3 2 7 80
7 2 8 79
1 2 9 79
5 3 7 80
8 2 11 80
6 2 13 80
6 2 8 81
2 4 33 81
3 2 32 81
8 6 33 81
5 2 34 81
3 4 37 81
8 2 38 81
7 2 38 81
8 2 38 81
1 4 44 81
6 3 51 81
5 2 52 81
4 2 54 81
2 2 54 81
8 2 2 82
3 2 4 81
6 4 4 80
2 3 7 79
3 2 7 79
4 2 4 80
8 2 18 81
3 3 20 81
6 2 22 81
6 2 26 81
8 4 27 81
4 2 26 81
3 4 27 81
6 3 26 81
2 2 25 81
4 2 26 81
5 5 27 81
1 3 26 81
4 2 29 81
3 2 34 81
5 2 4 82
2 2 3 82
7 2 6 81
3 3 10 81
4 2 15 81
1 2 24 81
1 2 25 81
1 6 3 82
3 2 5 81
7 2 9 80
8 3 5 81
6 2 7 80
1 2 4 81
8 3 4 80
5 3 14 81
7 2 13 81
6 3 17 81
6 3 4 82
7 2 8 81
4 2 3 82
2 3 5 81
7 2 12 81
5 2 11 81
5 2 4 82
8 3 5 82
8 2 6 82
5 3 8 81
4 2 7 82
2 3 7 81
6 3 6 81
7 2 5 81
1 3 7 82
5 2 7 82
8 2 13 82
2 2 12 82
1 2 11 82
5 2 12 82
4 6 15 82
3 2 13 82
2 2 1 83
8 2 6 82
4 2 6 81
3 2 3 83
1 2 4 82
7 2 2 83
3 2 12 82
6 3 2 83
8 2 3 82
2 2 5 81
5 2 2 82
3 2 2 82
4 2 2 81
1 2 3 83
6 2 2 83
5 5 5 82
3 3 4 83
2 2 19 83
7 2 19 83
6 3 19 83
3 3 18 83
3 3 19 83
5 3 18 83
7 3 30 83
3 2 29 83
2 2 36 83
5 2 37 83
8 3 37 83
8 2 1 84
5 2 6 83
2 2 6 83
5 5 8 83
5 2 1 84
4 2 6 83
1 2 5 83
8 3 5 82
1 2 6 83
1 2 20 83
6 3 22 83
1 2 3 84
7 3 4 83
6 2 4 83
7 3 6 84
4 4 15 83
2 3 21 83
8 3 5 84
2 3 6 83
3 2 8 84
1 3 21 83
3 4 11 84
7 5 11 83
8 4 10 84
2 6 17 83
5 2 17 83
3 3 10 84
7 2 13 84
6 5 15 83
3 2 15 84
8 2 19 84
1 2 20 84
1 2 22 84
6 3 22 84
7 6 21 84
4 2 21 84
8 2 22 84
6 2 21 84
8 2 21 84
5 2 22 84
4 3 22 84
6 2 1 85
2 2 17 84
3 2 19 84
7 2 19 84
4 3 1 85
8 3 1 84
3 2 4 83
5 2 7 83
8 2 10 83
6 2 9 83
2 3 5 84
1 2 5 84
7 2 7 83
4 4 2 85
5 4 8 85
7 2 11 85
6 2 15 85
2 2 17 85
5 3 21 85
8 2 20 85
3 2 19 85
2 2 20 85
3 2 22 85
7 2 23 85
3 4 30 85
1 2 38 85
7 2 40 85
2 5 1 86
3 3 5 85
2 2 5 84
6 2 6 83
4 2 5 83
1 2 6 83
8 2 5 83
8 2 7 85
1 2 14 85
2 3 21 85
8 2 24 85
1 2 23 85
5 2 30 85
1 3 3 86
5 3 7 85
4 2 9 85
7 2 11 85
3 2 9 86
3 2 26 85
1 2 25 85
6 5 11 86
7 2 13 85
6 2 13 86
2 4 13 85
8 4 18 85
7 2 12 86
5 3 21 85
3 2 20 86
6 4 25 86
7 3 35 86
1 2 36 86
3 3 37 86
5 2 38 86
8 3 23 87
8 4 37 86
7 2 36 86
3 2 35 86
6 3 35 86
1 3 34 86
4 3 27 87
4 3 28 87
6 3 31 86
3 2 30 86
6 2 29 86
1 4 32 87
4 2 32 86
6 2 42 87
8 3 42 87
1 4 44 87
7 3 50 87
8 3 50 87
7 2 53 87
8 2 3 88
2 2 9 87
1 2 11 86
4 2 16 85
2 2 12 86
1 3 13 85
6 3 11 86
7 2 15 86
5 2 17 85
4 2 15 86
2 3 14 86
4 2 16 86
5 2 13 87
2 2 19 87
2 2 25 87
6 2 25 87
7 3 2 88
3 2 2 87
7 3 5 86
3 3 9 86
7 2 9 85
2 2 2 87
5 2 7 86
6 2 9 86
8 2 8 86
6 3 2 87
1 2 1 87
4 2 3 87
1 2 2 87
6 2 10 86
1 2 7 87
8 4 6 87
5 2 6 87
4 2 6 87
3 4 16 87
1 2 18 87
8 2 1 88
3 2 2 87
8 2 2 86
7 2 2 85
8 2 4 84
3 2 4 84
1 2 6 84
4 2 3 85
1 2 6 87
5 3 5 87
5 2 1 88
6 2 12 87
5 2 12 87
4 3 3 88
7 2 10 87
7 2 3 88
3 2 3 87
2 2 4 86
6 2 3 86
1 2 2 87
4 2 1 87
5 6 2 88
4 3 3 88
6 2 2 88
7 2 7 88
3 2 9 88
6 3 8 88
8 2 15 88
5 2 15 88
6 2 16 88
8 2 15 88
3 2 20 88
4 2 22 88
6 2 25 88
5 3 27 88
2 2 2 89
6 3 3 88
1 2 6 87
2 3 5 88
8 7 5 87
1 3 5 88
4 3 4 88
5 3 7 88
8 4 8 88
3 2 16 88
1 4 2 89
4 4 2 88
2 4 2 87
1 3 4 88
5 3 4 87
7 2 11 88
7 2 2 89
4 2 2 88
6 4 3 88
7 2 3 88
1 3 3 87
3 2 2 89
5 2 6 88
2 2 5 89
5 4 4 89
8 2 11 89
4 2 18 89
2 2 18 89
6 3 22 89
5 2 23 89
1 2 24 89
5 2 25 89
3 2 24 89
7 2 24 89
4 2 30 89
6 3 3 90
8 3 6 90
3 2 9 89
4 2 18 89
2 2 18 89
2 2 24 89
1 3 8 90
8 2 8 89
5 4 16 89
7 3 17 89
6 2 14 90
5 2 14 89
1 4 15 89
8 3 14 89
7 2 19 90
5 3 23 89
1 2 19 90
8 2 20 89
2 2 25 89
1 2 22 90
2 2 28 90
6 9 34 90
8 3 31 90
3 2 3 91
7 2 8 90
3 3 16 89
4 2 19 89
6 2 18 89
1 2 10 90
6 4 15 90
4 2 18 90
8 2 20 90
4 2 19 90
4 2 21 90
5 2 32 90
2 8 33 90
3 2 4 91
6 3 5 90
6 2 7 89
4 2 6 89
1 2 4 90
7 2 6 89
2 4 6 89
8 2 12 90
7 2 14 89
6 3 12 90
4 2 15 90
1 3 15 90
4 2 4 91
5 4 4 90
8 2 7 89
5 2 9 89
8 2 3 90
2 2 11 89
3 2 10 89
2 2 4 90
7 2 4 89
7 2 7 90
4 2 8 89
1 2 7 90
6 2 7 89
3 5 4 91
5 2 5 90
7 2 6 89
8 2 4 90
7 2 3 91
6 2 2 91
5 3 2 91
3 2 2 91
8 2 7 91
2 2 9 91
1 2 10 91
2 2 11 91
5 3 12 91
8 2 22 91
4 3 22 91
2 3 27 91
5 4 27 91
2 2 27 91
4 3 28 91
5 3 1 92
4 3 14 91
4 2 17 91
4 3 18 91
7 4 18 91
8 3 1 92
5 2 3 91
1 3 3 90
7 2 3 92
5 3 10 91
6 3 14 91
7 2 5 92
1 2 5 91
3 2 17 91
6 2 5 92
2 2 12 91
1 3 8 92
8 2 11 91
5 2 7 92
2 5 10 92
4 2 10 92
4 3 21 92
8 3 21 92
1 2 24 92
4 3 24 92
3 2 23 92
2 2 23 92
3 2 23 92
5 3 27 92
4 2 27 92
7 2 33 92
4 3 33 92
4 2 3 93
3 3 3 92
4 2 2 92
3 2 9 91
7 2 9 91
8 2 11 91
7 5 3 92
1 6 3 91
4 2 8 92
1 2 9 92
6 2 9 92
3 2 9 91
8 2 13 92
3 2 18 92
8 3 18 92
8 7 2 93
4 4 4 93
3 3 3 93
6 3 5 92
2 2 7 91
5 2 4 92
1 2 8 91
1 2 4 92
4 2 4 91
8 2 5 91
2 2 5 92
3 2 4 93
8 2 3 93
7 4 4 92
3 2 10 93
4 4 18 93
4 2 20 93
6 2 21 93
8 2 24 93
4 3 24 93
2 2 25 93
4 2 1 94
8 2 7 93
7 2 10 93
8 2 13 93
8 2 17 93
3 3 19 93
2 4 26 93
2 2 1 94
7 2 12 93
5 2 3 94
1 10 14 93
2 2 13 93
2 2 18 93
6 7 7 94
8 2 8 93
1 2 20 94
2 3 27 94
3 2 33 94
6 2 33 94
2 2 32 94
1 2 36 94
3 3 36 94
5 2 41 94
3 3 48 94
4 2 51 94
3 2 3 95
5 2 9 94
8 2 9 93
2 2 8 93
5 2 13 93
6 4 15 93
8 2 12 94
7 2 14 93
6 3 19 94
8 3 21 94
7 3 22 94
4 2 21 94
6 2 20 94
1 2 19 94
5 2 3 95
1 2 9 94
6 2 13 93
5 2 12 94
8 2 3 95
4 4 10 94
1 3 10 94
8 5 14 95
3 3 15 95
8 2 20 95
1 2 23 94
6 3 24 94
8 3 25 94
7 2 26 95
5 3 25 95
2 2 24 95
4 2 24 94
1 4 24 95
6 2 28 95
5 2 30 95
8 6 31 95
2 3 33 95
6 2 39 95
4 3 40 95
1 3 44 95
3 2 5 96
6 3 5 95
3 2 8 94
1 2 14 94
5 2 13 94
7 2 12 94
3 2 14 94
6 2 15 94
2 3 5 95
7 2 9 94
6 2 11 93
7 4 5 95
4 3 4 95
7 2 11 94
6 2 14 94
3 2 6 95
8 3 8 94
2 2 5 95
5 2 10 94
2 2 10 93
3 2 10 93
4 2 9 93
4 3 5 95
7 4 5 95
3 3 9 95
3 2 18 95
5 2 9 96
3 2 15 95
4 5 10 96
8 3 10 95
1 4 10 95
2 2 16 95
2 2 10 96
6 2 12 95
1 2 10 96
5 2 10 95
6 2 16 96
4 3 18 96
3 2 19 96
1 3 21 96
3 2 22 96
6 2 27 96
3 2 26 96
4 3 26 96
3 2 5 97
2 2 8 96
7 3 8 95
5 2 10 96
3 2 10 96
2 2 10 95
8 3 9 97
1 2 10 96
2 2 24 96
7 2 9 97
5 2 17 96
7 4 11 97
5 3 11 96
4 2 9 97
1 4 9 97
3 2 8 97
1 2 8 96
6 2 8 95
8 2 18 96
5 3 11 97
1 2 15 96
8 2 14 96
3 3 10 97
4 2 10 96
6 2 13 96
4 2 11 97
5 2 10 97
2 2 10 96
6 2 9 96
8 2 14 97
4 3 14 97
6 3 16 97
7 3 17 97
5 3 21 97
4 2 25 97
8 2 1 98
4 3 1 97
1 2 9 96
6 3 4 97
3 3 6 97
4 3 12 97
6 2 20 97
3 2 9 98
7 3 14 97
1 4 19 97
2 2 8 98
1 2 8 97
5 2 7 97
7 3 7 98
2 3 7 97
5 2 13 97
8 2 12 97
2 3 12 97
5 2 7 98
3 3 7 97
1 3 8 97
4 2 9 96
1 2 10 98
2 2 11 98
6 3 14 98
7 2 24 98
5 2 34 98
5 2 40 98
2 2 41 98
1 2 44 98
5 2 43 98
7 2 42 98
2 2 44 98
2 2 3 99
3 2 13 98
6 2 15 98
8 3 23 98
2 2 32 98
2 3 13 99
6 3 18 98
8 2 25 98
3 2 25 98
5 2 24 98
3 3 27 98
8 3 26 98
7 2 25 98
4 2 25 98
2 2 28 98
7 3 18 99
5 2 33 99
6 2 32 99
1 2 32 99
7 2 42 99
3 2 45 99
