52757
2549
4 6 7 1
5 2 11 1
2 2 17 1
3 9 16 1
5 2 17 1
6 2 24 1
2 3 24 1
5 2 28 1
3 5 27 1
2 4 27 1
8 3 31 1
1 2 34 1
6 2 33 1
7 2 34 1
4 2 35 1
5 4 35 1
8 3 43 1
2 3 46 1
6 2 46 1
5 2 47 1
3 2 47 1
3 2 49 1
1 2 53 1
8 7 54 1
7 4 60 1
4 2 61 1
3 2 62 1
1 6 61 1
1 11 62 1
6 2 63 1
2 3 71 1
5 2 73 1
7 2 75 1
5 4 80 1
4 3 80 1
8 10 86 1
8 3 87 1
8 5 90 1
5 4 91 1
1 2 96 1
3 2 96 1
1 4 1 2
2 33 4 1
5 2 11 1
4 5 11 1
3 9 11 1
6 3 17 1
8 6 32 1
7 9 45 1
4 2 44 1
6 2 43 1
6 2 48 1
4 2 49 1
4 2 54 1
5 4 60 1
7 16 72 1
6 2 73 1
1 12 75 1
1 2 2 2
6 2 2 1
7 2 13 1
3 2 17 1
5 3 29 1
1 2 38 1
7 2 42 1
4 2 50 1
3 2 59 1
4 4 64 1
3 2 65 1
8 2 65 1
6 2 18 2
2 3 51 1
2 3 18 2
1 3 19 1
6 3 21 1
4 2 22 1
3 3 40 1
1 8 46 1
5 2 50 1
1 4 54 1
2 2 18 2
7 2 21 1
6 4 57 1
4 2 18 2
8 2 20 1
7 2 35 1
6 3 35 1
3 2 40 1
5 2 39 1
6 2 39 1
2 3 27 2
7 2 40 1
8 2 26 2
2 2 33 1
5 2 34 1
1 2 26 2
6 2 27 1
3 2 26 1
7 2 26 1
5 4 32 2
4 7 31 2
8 4 35 1
7 3 33 2
4 5 36 1
3 3 35 2
2 3 37 1
8 3 36 1
1 4 34 2
3 3 36 1
2 2 35 1
7 2 36 1
5 3 33 2
6 2 34 1
1 2 33 1
8 3 32 2
5 2 37 2
2 3 42 2
5 5 3 3
7 2 9 2
2 2 11 1
4 2 10 1
8 4 9 1
4 2 22 1
5 2 21 1
3 2 21 1
4 2 23 1
8 2 22 2
2 2 22 2
3 2 28 2
4 3 5 3
1 2 5 2
8 3 5 1
6 2 6 1
6 11 9 2
4 2 19 1
5 2 14 2
3 2 19 1
6 2 17 2
5 2 10 3
3 2 10 2
7 3 15 2
2 2 17 1
7 3 18 3
6 2 17 3
7 2 17 3
7 4 18 3
2 4 18 2
8 3 19 3
1 10 23 3
6 3 21 3
2 3 21 3
6 2 21 3
3 13 26 3
2 2 25 3
4 21 29 3
3 2 29 3
8 2 35 3
5 5 35 3
7 3 35 3
2 13 37 3
4 12 40 3
7 2 38 3
8 5 39 3
3 2 39 3
2 8 39 3
5 2 38 3
1 2 40 3
7 2 43 3
2 10 43 3
8 3 42 3
6 2 43 3
5 2 42 3
2 4 48 3
1 23 48 3
3 2 1 4
8 4 1 3
2 2 4 2
7 2 8 1
4 2 14 1
3 2 14 1
4 4 2 3
2 2 9 2
5 3 12 1
4 2 33 3
6 18 33 3
5 2 21 3
3 4 24 3
4 33 32 3
1 30 1 4
5 2 2 3
6 2 9 2
4 2 11 1
3 4 2 3
5 2 7 2
4 5 5 3
7 2 8 2
1 2 7 2
6 2 7 3
1 5 8 3
2 4 13 3
7 4 12 3
7 8 14 3
1 2 13 3
5 2 2 4
3 8 5 3
7 2 6 2
2 9 10 3
6 8 9 3
4 2 2 5
7 5 3 4
8 3 3 3
3 3 3 4
5 2 1 5
8 19 1 5
4 5 1 4
8 14 3 5
2 2 3 5
5 3 2 5
4 2 2 5
3 4 2 5
4 8 2 5
7 16 3 5
4 3 4 5
5 10 4 5
5 3 5 5
2 13 7 5
6 9 9 5
5 15 9 5
1 2 9 5
1 20 12 5
6 2 1 6
2 2 2 5
3 5 2 6
8 2 7 5
3 4 4 6
6 3 9 5
8 3 6 6
5 2 6 6
3 2 6 6
6 7 7 5
7 2 15 6
7 7 18 6
5 3 17 6
6 4 17 6
3 7 22 6
7 2 24 6
4 2 28 6
6 16 30 6
4 8 30 6
8 3 32 6
5 4 34 6
5 2 46 6
5 2 47 6
1 3 47 6
5 3 47 6
3 2 48 6
1 4 47 6
4 2 57 6
3 3 60 6
4 3 59 6
8 2 67 6
7 9 66 6
8 10 66 6
2 2 68 6
2 2 2 7
4 2 19 6
8 2 34 6
2 2 33 6
7 2 46 6
5 4 52 6
5 2 59 6
6 2 59 6
5 8 2 7
8 2 11 6
5 3 14 6
3 2 14 6
2 2 16 6
3 2 29 6
2 3 31 6
7 2 30 6
1 3 3 7
6 11 13 6
4 2 12 6
4 4 22 6
3 3 21 6
5 2 41 6
4 8 3 7
8 2 8 6
6 10 40 6
5 4 3 7
5 5 15 6
8 2 18 6
4 4 36 6
2 2 4 7
2 4 15 6
7 2 16 6
5 5 18 6
4 2 28 6
5 3 4 7
4 2 9 6
1 2 10 6
8 3 13 6
7 13 15 6
8 2 14 6
1 2 20 6
2 4 4 7
7 5 5 6
1 2 7 5
4 2 4 6
6 3 5 5
3 2 4 6
5 2 5 6
3 2 5 6
4 2 5 5
8 2 10 6
1 2 17 6
5 5 5 7
4 2 6 6
7 2 8 7
5 2 11 7
4 3 13 7
1 7 14 6
2 2 13 6
7 3 14 7
1 2 13 7
4 5 27 7
2 2 30 7
6 2 37 7
4 2 2 8
8 2 2 7
1 2 2 6
8 2 5 6
6 2 5 6
1 2 4 6
4 2 2 7
5 8 15 7
6 3 12 7
7 2 11 7
8 2 12 7
6 2 11 7
3 4 13 7
1 7 30 7
3 2 1 8
6 4 13 7
3 5 18 7
4 2 18 7
4 2 2 8
6 2 8 7
1 4 2 8
7 7 18 7
5 2 17 7
8 2 16 7
3 2 19 7
5 2 21 7
2 2 20 7
4 2 2 8
5 4 4 7
8 2 8 6
7 2 7 7
2 3 5 8
7 2 9 7
4 3 10 7
8 4 12 7
1 2 5 8
6 3 5 8
8 5 9 7
1 2 9 7
7 2 6 8
3 2 6 7
8 2 6 7
1 10 6 8
4 4 9 8
5 5 10 8
3 6 11 8
8 5 12 8
1 2 11 8
8 2 10 8
7 2 13 8
5 11 17 8
6 4 18 8
8 3 18 8
1 3 17 8
5 5 17 8
1 2 21 8
8 5 21 8
6 3 22 8
7 3 21 8
5 9 22 8
4 16 22 8
2 14 29 8
2 3 2 9
2 4 18 8
1 2 18 8
4 3 18 8
6 7 18 8
1 9 22 8
7 2 8 9
5 2 23 8
7 3 10 9
8 4 11 8
1 2 10 8
5 2 9 9
3 2 9 8
5 2 10 8
7 8 9 9
2 3 9 8
3 2 9 8
8 2 11 8
2 2 11 8
8 6 11 8
3 3 12 9
4 2 20 9
4 2 21 9
5 22 27 9
5 2 28 9
1 2 30 9
5 5 29 9
7 2 35 9
6 5 38 9
5 2 37 9
4 3 37 9
4 3 40 9
3 2 39 9
6 6 39 9
7 2 42 9
7 2 43 9
3 3 43 9
3 2 45 9
4 2 46 9
2 4 46 9
1 8 45 9
3 2 45 9
2 2 12 10
3 3 25 9
2 3 34 9
8 6 14 10
5 2 30 9
4 2 31 9
6 2 33 9
7 6 35 9
2 2 14 10
6 2 16 9
3 2 15 9
3 2 29 9
4 2 31 9
5 2 31 9
8 2 14 10
4 3 29 9
8 12 28 9
6 11 15 10
4 2 19 9
5 2 18 9
7 2 19 9
7 7 15 10
8 3 21 9
1 5 15 10
1 2 17 9
8 2 15 10
7 3 17 10
3 3 18 10
4 8 20 10
8 2 19 10
8 2 25 10
6 2 25 10
6 4 26 10
5 7 26 10
7 3 25 10
1 2 34 10
2 3 33 10
8 3 33 10
3 7 35 10
6 5 35 10
4 2 38 10
6 20 37 10
8 2 38 10
7 4 39 10
3 3 41 10
7 2 42 10
4 2 41 10
4 8 43 10
6 3 2 11
4 2 25 10
2 11 30 10
5 5 4 11
2 2 7 10
5 3 7 9
5 6 15 9
1 2 16 9
1 2 17 9
6 2 14 10
3 2 17 9
2 2 14 10
8 2 14 10
2 2 15 9
4 2 14 9
6 2 14 8
1 2 14 10
6 4 16 10
5 2 15 10
3 32 3 11
4 3 3 10
6 2 3 9
4 2 4 8
5 3 7 7
8 2 6 8
2 2 6 7
3 2 5 8
4 2 6 7
2 2 4 8
1 2 5 10
5 2 10 9
6 2 4 10
7 4 9 9
4 3 4 10
3 3 4 10
2 3 3 10
5 2 3 9
1 2 3 8
3 2 2 8
2 2 3 10
4 2 3 9
3 2 2 10
1 2 3 9
1 2 4 11
6 2 4 10
8 2 4 9
3 2 5 10
2 2 4 11
2 4 6 11
8 5 7 11
7 3 10 11
5 2 12 11
8 10 14 11
2 10 16 11
1 2 15 11
7 2 15 11
5 2 15 11
4 7 21 11
5 7 20 11
5 2 21 11
7 6 21 11
5 6 21 11
7 4 23 11
5 4 23 11
3 2 22 11
2 4 23 11
1 2 24 11
2 2 27 11
7 2 26 11
6 3 26 11
4 8 28 11
6 2 29 11
2 5 29 11
7 3 31 11
3 18 34 11
5 6 27 11
8 17 30 11
5 2 34 11
7 3 2 12
6 3 13 11
8 2 12 11
6 7 15 11
2 2 12 11
7 2 11 11
1 2 12 11
4 2 16 11
6 4 24 11
4 2 23 11
1 3 3 12
4 2 6 11
5 2 5 11
7 2 5 11
3 3 6 10
7 10 3 12
8 2 3 11
1 2 4 10
6 2 2 12
8 3 4 11
4 2 3 11
7 2 6 12
6 2 6 12
4 10 14 11
4 2 6 12
1 2 11 11
6 3 6 12
3 4 5 12
5 8 5 11
2 8 4 12
1 2 8 11
8 7 11 12
5 4 11 12
4 2 10 12
2 2 15 12
7 3 16 12
5 2 17 12
3 4 22 12
8 3 30 12
7 3 30 12
5 5 2 13
3 8 13 12
1 2 20 12
4 3 29 12
1 2 31 12
6 5 2 13
7 5 22 12
2 2 21 12
1 2 2 13
6 3 9 12
7 2 9 11
8 2 17 12
2 2 6 13
6 2 7 12
1 2 14 12
7 4 15 12
1 2 6 13
5 4 18 12
8 2 17 12
6 3 16 12
5 3 17 12
3 2 17 12
4 4 10 13
8 4 16 12
1 2 15 12
8 3 15 13
2 11 15 13
1 2 16 13
3 4 15 13
4 11 19 13
5 7 19 13
5 2 23 13
7 2 23 13
7 2 25 13
5 7 27 13
8 2 27 13
1 3 27 13
8 5 29 13
8 5 31 13
1 2 30 13
7 5 31 13
6 2 30 13
3 5 30 13
2 4 30 13
5 2 34 13
2 2 34 13
7 2 35 13
4 2 3 14
5 2 3 13
5 2 7 12
4 2 8 11
1 2 8 11
3 2 6 12
7 2 4 13
4 4 4 12
8 2 5 11
7 2 4 13
6 4 4 13
3 2 5 12
2 2 4 12
5 2 4 12
2 2 13 13
1 2 12 13
6 4 15 13
7 2 17 13
6 2 5 14
3 3 14 13
4 3 13 13
8 2 19 13
2 5 6 14
6 3 8 13
1 2 7 13
7 2 6 13
1 4 12 13
5 2 19 13
4 3 11 14
3 2 15 13
5 2 14 13
2 2 12 14
5 3 14 14
5 2 15 14
7 2 18 14
3 3 20 14
2 4 21 14
3 3 25 14
2 3 26 14
4 4 27 14
1 3 27 14
5 2 28 14
5 3 29 14
3 2 29 14
5 4 36 14
4 7 37 14
8 4 40 14
4 3 40 14
1 6 39 14
7 2 40 14
2 2 40 14
1 2 43 14
6 3 43 14
7 4 42 14
3 4 42 14
6 2 42 14
6 2 43 14
2 2 43 14
2 3 44 14
6 5 43 14
7 2 45 14
5 15 48 14
1 3 8 15
8 4 38 14
4 2 38 14
1 2 38 14
2 4 43 14
8 2 8 15
7 2 22 14
6 5 42 14
2 6 10 15
6 2 15 14
5 2 23 14
3 2 23 14
3 3 31 14
6 3 31 14
4 4 10 15
2 3 29 14
7 8 30 14
8 3 29 14
2 7 13 15
4 3 23 14
8 2 22 14
3 4 26 14
1 2 25 14
8 2 24 14
6 2 13 15
1 7 16 14
1 2 19 14
5 2 12 15
3 2 14 14
7 2 14 13
2 2 19 14
5 2 18 14
4 3 16 15
3 3 17 14
8 2 16 14
2 2 20 15
1 5 20 15
5 2 22 15
1 2 21 15
5 3 20 15
1 2 20 15
7 3 20 15
1 4 20 15
5 2 22 15
8 7 25 15
1 3 25 15
8 4 26 15
1 2 26 15
2 7 26 15
7 3 28 15
3 6 31 15
4 8 31 15
2 2 31 15
2 2 32 15
6 3 33 15
8 2 32 15
7 2 35 15
5 32 35 15
6 3 2 16
5 2 4 15
3 6 7 14
7 2 7 14
8 2 10 13
1 2 7 15
5 2 11 14
8 3 7 15
1 2 10 14
6 4 7 15
4 3 7 14
5 2 7 13
2 2 6 15
1 2 5 15
4 2 4 15
6 2 8 15
8 6 10 15
7 2 17 15
8 2 1 16
5 3 4 15
7 2 8 14
2 2 3 15
6 2 6 14
1 2 1 16
5 6 3 16
8 2 3 15
5 3 3 16
4 2 4 15
7 2 3 15
2 6 6 16
1 2 7 15
7 2 10 16
1 3 10 16
7 6 13 16
4 7 13 16
3 3 12 16
1 5 12 16
2 2 13 16
1 6 14 16
8 3 13 16
7 2 12 16
2 6 12 16
1 4 12 16
6 2 12 16
5 6 13 16
7 6 16 16
8 2 16 16
5 7 18 16
6 3 18 16
8 6 17 16
7 2 17 16
8 3 18 16
8 2 19 16
3 2 19 16
7 2 25 16
7 2 27 16
3 6 26 16
5 2 25 16
2 4 27 16
6 3 28 16
8 4 28 16
5 4 31 16
7 2 31 16
5 2 1 17
7 3 7 16
5 2 6 16
8 2 6 15
8 3 10 16
4 7 19 16
6 4 22 16
3 2 5 17
6 2 12 16
1 3 11 16
5 2 10 16
3 2 10 16
1 2 9 16
6 2 11 17
8 2 14 17
4 2 16 17
2 6 15 17
2 2 16 17
3 4 18 17
8 2 18 17
4 4 21 17
7 3 23 17
2 4 23 17
3 2 23 17
6 5 23 17
3 3 23 17
1 3 24 17
2 6 24 17
6 3 27 17
5 2 27 17
7 5 26 17
5 3 26 17
3 2 28 17
7 5 28 17
8 3 28 17
5 5 29 17
1 2 28 17
1 11 36 17
8 9 38 17
3 2 38 17
7 2 38 17
3 4 38 17
1 2 40 17
7 2 42 17
2 2 44 17
6 2 44 17
1 2 5 18
6 2 6 17
7 2 6 16
4 2 5 16
3 2 4 16
5 2 9 16
6 2 9 16
2 2 5 17
8 2 22 17
2 2 29 17
1 2 29 17
5 5 31 17
5 3 5 18
2 3 39 17
7 2 38 17
6 2 37 17
5 2 36 17
3 5 5 18
7 2 13 17
2 2 13 17
4 6 14 17
7 2 13 17
6 3 17 17
6 2 20 17
1 3 24 17
3 3 23 17
8 3 22 17
6 2 12 18
5 24 14 18
6 2 14 17
5 2 19 17
7 7 20 17
8 4 3 18
7 2 3 17
1 4 3 16
8 2 3 15
7 2 3 15
1 2 2 15
6 2 2 17
7 2 2 18
5 2 7 17
8 2 13 17
4 2 9 18
2 10 11 18
6 3 11 18
4 2 10 18
2 4 13 18
7 3 13 18
2 4 13 18
5 8 13 18
7 2 14 18
5 2 21 18
1 2 21 18
8 4 23 18
5 2 23 18
5 2 26 18
4 3 25 18
3 5 25 18
2 2 26 18
8 4 28 18
6 3 32 18
2 2 33 18
6 3 39 18
8 4 41 18
7 2 41 18
6 11 2 19
2 3 7 18
7 2 9 17
2 2 9 17
8 2 8 17
1 2 6 18
2 4 14 18
4 4 18 18
7 2 2 19
3 5 4 18
4 2 4 17
7 2 3 17
1 2 5 16
4 2 4 17
8 2 3 17
4 16 22 18
4 2 2 19
1 3 2 18
7 5 14 18
8 4 12 18
5 6 16 18
1 2 18 18
8 3 19 18
6 4 20 18
1 2 23 18
8 4 1 19
6 5 5 18
2 3 8 18
3 3 7 18
5 2 6 18
6 2 10 18
3 2 15 18
4 3 2 19
5 3 11 18
4 3 9 19
7 3 10 18
1 3 9 18
1 4 10 19
8 2 11 18
2 13 17 19
4 5 13 19
6 4 15 19
7 10 17 19
3 2 16 19
5 9 18 19
3 3 18 19
3 7 19 19
2 3 19 19
1 2 20 19
1 13 22 19
1 5 27 19
4 8 27 19
2 2 26 19
8 2 25 19
8 3 31 19
2 2 35 19
7 9 41 19
6 2 40 19
7 2 40 19
7 4 41 19
6 3 1 20
6 3 11 19
8 2 11 19
5 2 12 18
2 2 12 19
8 2 12 19
8 3 1 20
1 2 1 19
2 2 5 18
5 2 6 18
3 2 8 18
2 2 7 18
7 2 5 19
5 2 5 19
6 2 5 19
3 3 8 19
4 2 8 19
1 3 11 19
2 7 16 19
8 19 4 20
7 5 16 19
2 7 18 19
7 2 7 20
6 2 17 19
5 5 20 19
4 2 19 19
6 3 8 20
5 4 13 19
1 2 12 19
1 2 10 20
3 2 12 19
1 2 15 19
4 2 12 20
2 2 11 20
3 2 10 20
5 2 11 19
1 3 12 19
2 2 10 20
7 4 13 19
1 2 10 20
6 2 9 20
1 5 9 20
3 23 9 20
5 14 12 19
5 2 7 20
2 2 7 19
4 2 9 19
2 2 11 20
3 2 10 20
2 2 10 20
3 4 12 20
7 3 14 20
1 6 2 21
6 7 9 20
5 2 16 20
6 4 2 21
8 2 2 20
8 2 9 19
1 2 5 20
5 2 5 19
4 2 5 18
8 2 5 18
4 2 9 20
8 2 12 20
3 2 4 21
8 2 4 21
7 2 4 20
1 2 4 19
6 3 4 21
3 2 4 20
2 2 6 20
5 5 4 21
1 2 7 20
3 2 4 21
2 2 4 21
7 2 6 20
6 3 4 21
1 4 3 21
1 5 5 20
8 2 3 21
6 4 6 21
1 2 6 21
6 9 8 21
1 7 8 21
7 2 7 21
1 2 7 21
8 4 8 21
7 2 8 21
2 2 7 21
6 2 8 21
4 2 7 21
5 8 10 21
7 2 9 21
7 4 10 21
4 2 13 21
8 2 13 21
5 3 13 21
5 2 14 21
2 3 17 21
1 6 21 21
5 2 20 21
1 18 27 21
4 15 29 21
6 4 28 21
7 15 28 21
3 3 28 21
4 5 32 21
1 10 34 21
4 4 35 21
2 2 38 21
3 2 37 21
2 2 36 21
1 2 36 21
8 2 38 21
3 3 3 22
8 8 19 21
5 2 18 21
5 7 20 21
1 3 19 21
7 3 19 21
5 9 29 21
5 2 4 22
5 3 6 21
4 5 7 21
2 2 6 21
1 6 7 21
6 3 6 21
7 20 10 21
8 2 9 21
1 4 14 21
5 4 8 22
4 4 11 21
2 2 10 21
8 7 9 22
4 3 9 22
3 6 15 21
8 3 10 22
3 5 11 21
5 2 9 22
5 4 10 22
3 14 10 22
6 2 9 22
5 2 9 22
5 2 10 22
5 6 11 22
8 2 11 22
4 3 4 23
2 2 4 22
1 2 7 21
2 3 6 21
7 4 7 23
8 2 7 23
3 3 7 23
6 4 10 23
6 2 15 23
7 4 16 23
5 16 19 23
3 2 8 23
2 2 7 23
2 5 12 23
1 3 12 23
4 2 14 23
1 3 16 23
1 4 17 23
6 2 17 23
2 2 17 23
1 12 21 23
2 2 21 23
4 3 21 23
5 3 23 23
6 4 23 23
7 2 25 23
6 2 26 23
7 2 26 23
5 2 25 23
8 2 26 23
5 6 27 23
6 7 28 23
3 7 28 23
1 13 31 23
8 4 34 23
4 9 37 23
4 4 38 23
6 8 39 23
7 4 40 23
4 2 40 23
4 2 41 23
2 2 41 23
1 3 43 23
8 9 42 23
8 2 1 24
4 3 6 23
4 2 14 23
7 2 14 23
3 2 20 23
1 2 19 23
1 2 5 24
3 2 6 23
8 6 7 23
7 3 8 23
7 2 29 23
4 4 10 24
6 2 27 23
1 2 30 23
3 2 29 23
4 3 11 24
5 2 14 23
3 2 15 24
4 2 20 24
6 2 23 23
4 3 22 24
5 2 21 24
7 5 22 23
2 2 21 23
2 10 25 24
7 2 25 24
5 7 27 24
4 2 26 24
7 2 26 24
3 8 26 24
2 2 26 24
8 2 26 24
5 3 30 24
6 3 32 24
8 7 32 24
3 2 32 24
2 3 31 24
4 9 32 24
6 12 33 24
4 3 35 24
7 4 35 24
1 3 36 24
8 2 37 24
5 2 38 24
2 9 2 25
2 2 10 24
1 2 16 23
1 2 20 23
1 2 21 23
5 2 21 23
2 6 14 24
4 4 20 24
7 2 20 24
7 2 21 24
3 2 2 25
6 2 17 24
5 2 19 23
8 2 18 23
1 4 6 25
8 4 9 25
6 4 10 24
6 2 12 23
8 2 13 23
7 2 12 23
2 4 10 24
3 2 11 23
3 2 7 25
7 2 17 24
4 2 10 25
1 3 10 24
5 2 10 23
2 2 11 23
8 2 15 24
6 2 13 25
3 4 17 25
7 3 17 25
1 4 18 25
3 2 17 25
2 5 18 25
4 3 19 25
6 2 19 25
3 2 20 25
5 4 24 25
3 2 28 25
2 2 28 25
1 3 27 25
2 5 29 25
5 2 30 25
7 4 33 25
3 5 33 25
1 2 34 25
8 8 34 25
6 3 31 25
4 2 30 25
5 2 32 25
1 3 33 25
8 5 32 25
7 2 35 25
4 5 37 25
4 9 39 25
1 2 39 25
6 8 39 25
4 3 39 25
3 4 38 25
5 2 37 25
2 2 36 25
6 9 38 25
7 6 39 25
5 6 1 26
5 4 13 25
7 3 16 25
2 2 36 25
6 3 4 26
4 2 17 25
7 2 24 25
3 2 23 25
1 2 30 25
5 2 4 26
3 2 4 25
4 2 3 25
2 2 6 24
7 2 9 23
4 2 8 23
5 2 5 24
8 2 8 25
5 2 12 25
5 2 13 25
2 2 12 25
2 11 7 26
6 12 8 25
7 3 11 24
1 2 11 24
4 6 8 25
5 10 8 25
8 3 8 25
1 5 7 25
6 2 7 24
5 8 9 25
5 2 4 26
4 2 6 25
2 2 6 25
3 2 9 24
1 9 8 26
2 9 13 26
6 2 14 26
5 2 15 26
4 3 15 26
7 4 14 26
5 2 13 26
6 18 16 26
4 7 16 26
2 5 18 26
4 11 18 26
6 4 19 26
5 3 19 26
7 3 18 26
4 2 18 26
3 12 18 26
3 3 19 26
5 3 21 26
1 2 21 26
8 5 22 26
3 2 27 26
1 2 30 26
4 3 30 26
6 15 30 26
5 2 31 26
5 3 32 26
3 3 31 26
6 2 31 26
2 3 31 26
1 2 33 26
6 2 2 27
1 4 12 26
7 8 13 26
2 2 14 26
1 6 14 26
7 2 18 26
4 3 19 26
8 3 18 26
3 2 19 26
5 2 18 26
3 2 3 27
8 2 4 27
2 3 14 26
8 3 5 27
6 3 5 26
7 2 4 26
1 7 13 26
4 5 3 27
7 11 5 26
2 5 6 26
7 2 3 27
3 2 9 26
4 2 10 25
5 3 8 26
8 3 9 25
6 4 8 26
7 4 6 27
3 2 6 26
7 2 6 27
5 3 6 27
6 4 6 27
3 3 6 27
5 3 6 27
1 2 6 27
2 3 6 26
1 3 5 26
8 3 6 27
5 9 5 27
6 2 4 27
1 16 4 27
4 4 3 27
6 6 5 27
8 3 5 27
8 9 6 27
7 2 7 27
4 3 7 27
2 2 6 27
1 2 1 28
3 6 1 28
5 2 5 28
8 2 5 28
1 2 5 28
7 2 5 28
6 6 5 28
5 5 5 28
7 8 5 28
4 3 5 27
7 4 13 28
4 5 15 28
3 2 15 28
2 5 15 28
1 3 15 28
4 5 15 28
6 2 14 28
3 5 14 28
7 3 14 28
1 7 14 28
5 2 13 28
8 2 13 28
2 2 13 28
2 2 15 28
4 2 14 28
1 2 13 28
8 2 18 28
6 2 19 28
7 2 18 28
4 3 22 28
1 9 25 28
8 4 25 28
1 7 32 28
8 4 33 28
1 2 33 28
6 6 33 28
7 4 34 28
6 2 35 28
5 5 34 28
4 2 34 28
4 2 6 29
8 5 33 28
3 2 34 28
2 2 33 28
2 2 5 29
6 4 12 28
2 3 15 28
6 2 26 28
3 4 12 29
8 5 13 28
1 5 20 28
3 2 19 28
3 2 12 29
5 3 14 29
7 2 19 28
6 3 18 28
2 2 13 29
2 2 19 28
8 2 20 28
5 2 17 29
7 6 18 28
4 2 18 28
2 10 22 29
8 4 21 29
7 3 27 29
6 7 31 29
4 8 31 29
5 2 36 29
4 3 36 29
3 2 35 29
4 2 34 29
3 4 34 29
1 10 34 29
5 2 33 29
7 2 36 29
1 2 38 29
4 3 38 29
3 2 40 29
7 2 47 29
5 3 47 29
5 2 48 29
4 3 50 29
5 12 5 30
5 2 12 29
1 2 11 29
6 4 14 29
3 4 16 29
1 3 25 29
6 4 29 29
8 2 29 29
7 2 28 29
6 3 29 29
7 2 34 29
8 2 33 29
2 2 42 29
7 2 4 30
6 5 19 29
8 5 19 29
2 2 19 29
1 2 25 29
6 2 3 30
1 2 36 29
8 2 5 30
6 3 5 29
1 2 14 28
2 2 7 29
2 2 12 28
5 4 8 29
7 2 11 28
4 2 13 28
1 2 13 28
5 2 9 30
7 3 15 29
6 2 15 29
2 2 14 29
1 2 9 30
4 2 13 29
7 3 15 29
4 2 8 30
6 2 16 30
4 6 16 29
4 4 17 30
3 3 21 29
8 3 16 30
3 2 19 29
2 2 18 30
7 2 17 30
2 5 17 29
8 2 16 30
1 6 20 30
7 4 21 30
1 3 22 30
1 2 23 30
8 6 23 30
7 2 22 30
4 4 22 30
4 2 23 30
8 2 23 30
4 9 26 30
4 2 29 30
3 3 31 30
1 3 31 30
1 5 32 30
6 2 32 30
7 5 34 30
7 2 35 30
2 2 35 30
1 2 34 30
8 4 41 30
6 2 41 30
7 5 42 30
4 2 42 30
3 2 43 30
2 2 44 30
4 3 44 30
7 3 1 31
4 2 1 30
3 2 8 29
8 4 8 28
3 3 12 28
2 2 1 31
2 2 38 30
1 2 1 31
7 2 4 30
5 4 15 29
8 4 12 30
7 2 11 30
6 2 11 30
1 2 11 29
1 2 16 30
8 24 1 31
4 2 2 31
6 2 4 30
5 2 6 29
6 2 5 30
1 2 5 29
7 2 8 28
4 2 5 29
8 2 6 28
3 2 4 29
2 3 4 28
7 2 4 27
5 3 4 29
1 3 4 28
4 2 3 30
6 5 7 31
8 3 7 31
4 9 8 30
2 4 5 31
6 3 10 30
7 2 9 30
3 2 5 31
4 4 6 30
3 2 7 30
8 2 4 31
2 6 8 30
8 2 13 30
3 2 7 31
2 5 9 31
1 3 9 30
7 2 10 30
4 4 18 31
3 2 19 31
1 2 19 31
8 4 18 31
8 3 19 31
2 4 18 31
8 6 18 31
6 2 18 31
1 5 18 31
5 5 20 31
4 8 22 31
4 3 23 31
5 10 24 31
8 10 27 31
4 17 26 31
2 20 26 31
3 4 25 31
1 8 25 31
8 4 25 31
3 4 23 31
1 2 24 31
7 2 30 31
2 5 30 31
4 25 30 31
3 2 29 31
2 3 29 31
8 7 29 31
6 2 28 31
8 3 27 31
8 3 29 31
5 2 33 31
1 2 4 32
3 13 8 31
6 3 4 31
4 6 4 31
1 3 18 31
4 8 22 31
6 2 2 32
6 2 7 31
7 3 8 30
3 13 10 31
1 11 12 31
6 9 11 31
5 2 10 31
5 2 3 32
2 2 14 31
5 2 4 32
7 6 9 31
6 5 8 31
5 2 9 30
4 2 4 32
3 3 4 32
4 5 10 31
8 4 12 31
5 4 7 32
6 2 7 32
2 4 7 31
8 7 6 31
2 2 8 30
6 2 5 31
1 2 3 32
2 2 5 32
5 5 2 33
3 5 2 33
5 2 7 32
7 2 6 32
5 2 5 32
4 10 6 33
7 22 6 33
4 4 7 33
5 5 8 33
8 5 10 33
2 3 10 33
8 6 10 33
2 3 10 33
1 4 12 33
4 2 12 33
4 8 16 33
7 10 16 33
3 3 13 33
3 7 15 33
6 15 14 33
7 5 14 33
6 7 14 33
8 6 14 33
2 4 15 33
4 3 15 33
7 2 14 33
4 6 14 33
8 3 16 33
6 2 15 33
2 2 18 33
8 2 18 33
4 11 18 33
3 11 17 33
4 2 2 34
2 2 4 34
3 2 7 34
1 5 7 34
8 5 7 33
6 2 8 33
5 5 11 33
6 3 9 34
6 5 10 33
2 2 9 33
4 2 9 33
5 3 27 34
5 2 28 34
4 2 27 34
1 81 27 34
1 7 28 34
8 2 29 34
2 3 29 34
1 4 31 34
7 3 31 34
2 2 30 34
6 6 31 34
4 2 31 34
4 5 32 34
6 7 32 34
3 7 31 34
3 3 32 34
4 3 32 34
3 2 32 34
2 7 33 34
1 5 33 34
2 4 45 34
4 9 46 34
3 2 48 34
2 5 51 34
4 2 51 34
6 2 55 34
6 2 2 35
3 2 8 34
1 4 10 34
6 2 9 34
4 3 11 35
4 2 17 34
1 2 36 34
5 10 41 34
2 6 41 34
6 4 11 35
3 7 13 34
6 2 20 34
5 5 26 34
6 8 34 34
8 5 33 34
3 4 37 34
7 2 36 34
3 4 37 34
1 2 36 34
8 2 35 34
7 2 10 35
8 2 10 34
8 4 26 34
1 2 25 34
1 2 30 34
7 15 15 35
5 5 20 34
2 3 23 34
6 2 26 34
4 8 25 35
1 10 27 35
2 14 27 35
8 6 27 35
7 2 26 35
6 2 26 35
2 4 26 35
4 9 26 35
3 2 25 35
8 3 26 35
6 3 25 35
2 3 25 34
6 3 28 35
4 2 27 35
3 7 29 35
5 3 4 36
4 2 5 35
5 2 10 34
6 3 14 34
6 4 15 34
5 2 14 34
5 2 23 35
8 2 22 35
1 2 5 36
2 2 7 35
5 2 7 34
4 2 8 34
7 3 8 34
1 2 7 34
4 5 11 35
3 2 4 36
1 2 5 36
8 3 6 35
3 3 7 35
1 2 14 34
6 2 6 35
5 3 11 35
6 2 10 35
7 2 7 36
4 4 10 35
6 5 10 36
6 2 11 36
7 2 10 36
2 5 11 36
3 11 15 36
7 3 14 36
8 2 16 36
7 2 15 36
5 20 17 36
4 3 18 36
3 6 18 36
4 15 18 36
3 3 18 36
1 2 17 36
2 3 19 36
1 2 19 36
3 2 21 36
2 5 20 36
6 16 23 36
5 2 22 36
8 7 22 36
4 2 22 36
6 2 25 36
3 3 25 36
3 2 28 36
3 2 29 36
4 4 31 36
3 2 31 36
3 4 32 36
8 7 33 36
6 2 33 36
2 5 33 36
4 3 33 36
7 11 33 36
4 2 33 36
8 2 37 36
2 2 39 36
1 4 39 36
5 2 44 36
4 2 45 36
6 13 45 36
6 2 4 37
6 2 18 36
2 6 22 36
8 2 21 36
6 7 21 36
4 2 7 37
2 5 9 36
8 3 24 36
2 2 23 36
6 2 24 36
8 5 31 36
1 2 30 36
6 7 9 37
8 2 22 36
2 10 28 36
7 4 26 36
6 3 25 36
3 4 10 37
2 2 14 36
7 3 14 36
2 2 17 36
4 3 20 36
3 8 20 36
1 3 10 37
1 2 11 36
4 8 13 36
5 5 13 36
8 2 12 36
5 2 9 37
4 2 16 36
3 2 9 37
2 3 10 37
8 2 10 37
2 6 14 37
5 2 15 36
4 2 14 37
1 3 14 36
2 2 17 37
6 6 17 37
2 6 17 37
4 2 16 37
5 2 18 37
3 5 18 37
7 5 11 38
8 2 11 37
1 4 11 38
3 9 11 38
2 8 11 37
5 3 11 36
7 2 10 36
6 10 11 37
7 9 12 37
4 2 10 38
2 2 9 38
3 2 9 38
5 2 16 38
6 10 15 38
5 5 15 38
2 9 19 38
4 3 18 38
7 3 18 38
3 2 24 38
7 2 24 38
3 2 26 38
8 2 29 38
6 2 33 38
2 4 38 38
6 14 38 38
4 2 37 38
2 5 37 38
5 2 5 39
4 2 31 38
1 2 9 39
5 2 18 38
6 2 17 38
4 3 17 38
4 2 18 38
5 4 18 38
3 2 17 38
2 2 16 38
8 2 8 39
1 3 8 39
1 9 21 38
3 3 25 38
2 2 28 38
4 2 9 39
8 2 14 38
6 2 13 38
7 2 15 38
7 7 20 38
7 2 25 38
1 4 13 39
6 6 19 38
2 2 18 38
3 6 13 39
7 3 15 39
5 2 22 38
4 2 14 39
6 10 16 38
7 11 17 38
3 4 17 39
2 7 19 39
6 2 20 39
2 7 21 39
8 3 22 39
4 2 24 39
1 2 24 39
3 7 23 39
1 3 24 39
7 2 27 39
5 6 31 39
2 5 30 39
4 2 30 39
7 3 31 39
2 4 30 39
1 2 29 39
2 5 30 39
5 3 35 39
7 2 34 39
7 2 5 40
7 2 7 39
6 2 9 38
8 2 11 37
5 2 10 38
8 16 6 39
2 2 12 38
8 2 11 38
5 3 11 37
1 2 10 37
7 2 18 39
2 2 6 40
2 2 16 39
5 4 15 39
1 2 15 39
8 2 15 39
6 2 14 39
4 2 9 40
5 2 14 39
5 2 8 40
4 3 10 40
1 4 12 39
3 3 11 40
6 9 13 39
7 2 12 39
4 6 14 40
3 2 14 40
3 2 15 40
3 2 18 40
6 6 18 40
2 15 18 40
8 5 20 40
8 2 21 40
3 2 21 40
7 4 20 40
2 2 19 40
7 6 18 40
6 2 18 40
5 2 18 40
4 3 17 40
4 3 19 40
5 3 21 40
2 7 25 40
7 2 27 40
2 2 26 40
5 7 26 40
3 15 26 40
8 5 33 40
4 4 40 40
4 3 41 40
2 3 40 40
8 4 40 40
6 7 43 40
5 2 44 40
8 4 4 41
2 2 7 40
2 2 13 39
8 2 7 40
1 2 10 39
4 3 11 38
6 2 9 39
4 29 23 40
5 2 6 41
1 2 17 40
7 2 6 41
1 3 6 41
2 2 7 40
8 3 11 40
3 2 10 40
5 2 9 40
7 4 9 41
3 9 17 40
5 3 24 40
6 2 23 40
6 3 10 41
4 3 12 40
2 7 14 40
5 4 13 40
1 5 12 40
7 8 22 41
1 2 22 41
7 2 22 41
6 2 22 40
3 15 23 41
6 8 23 41
2 5 23 41
8 2 25 41
7 2 28 41
6 2 27 41
5 7 27 41
4 3 26 41
3 2 26 41
3 2 27 41
8 7 33 41
7 4 35 41
4 8 35 41
2 2 34 41
4 4 34 41
2 2 34 41
6 3 42 41
7 2 1 42
3 3 9 41
8 2 12 40
7 2 20 40
3 2 11 41
1 2 19 40
3 6 28 41
7 2 31 41
5 2 2 42
5 2 7 41
4 2 10 40
2 2 9 40
6 3 6 41
2 4 15 41
8 2 16 41
1 4 18 41
6 2 2 42
1 2 19 41
3 2 3 42
1 2 4 41
2 4 19 41
4 2 2 42
6 2 13 41
8 2 5 42
7 3 5 41
3 2 6 40
4 2 7 39
1 2 7 39
6 5 19 41
5 2 9 42
4 3 10 42
6 2 17 41
4 2 11 42
2 5 13 41
1 4 10 42
7 2 14 41
4 3 12 42
3 4 12 42
8 2 15 41
3 2 18 42
7 4 18 42
8 2 17 42
7 4 16 42
1 5 16 42
3 12 18 42
2 2 18 42
1 2 19 42
8 2 21 42
5 2 26 42
4 2 27 42
2 4 27 42
3 9 27 42
4 18 31 42
7 4 31 42
4 6 33 42
8 2 36 42
6 8 41 42
1 4 2 43
7 2 8 42
6 2 2 43
2 3 2 42
1 2 2 41
8 2 12 40
8 2 3 41
7 2 9 40
8 2 8 40
5 2 9 41
4 3 2 42
5 2 5 41
2 2 4 41
6 2 3 41
5 2 2 43
4 2 4 42
2 3 5 42
1 4 4 42
6 3 18 42
5 5 5 43
6 2 6 42
8 2 10 42
8 4 6 43
7 6 6 42
2 5 13 42
8 2 23 42
7 5 26 42
4 2 5 43
1 2 19 42
4 2 23 42
6 5 6 43
3 2 8 42
5 2 13 42
4 4 12 42
5 3 5 43
8 2 6 42
6 7 7 42
2 2 12 42
7 4 14 42
1 2 13 43
3 4 14 43
5 11 14 42
2 3 13 43
3 5 13 43
7 3 13 43
3 2 13 43
7 2 13 43
1 5 13 43
3 4 15 43
3 3 16 43
6 2 16 43
5 5 16 43
6 8 16 43
2 3 18 43
1 2 18 43
2 2 20 43
6 2 19 43
7 2 21 43
4 4 21 43
4 4 22 43
5 2 23 43
1 2 23 43
7 2 24 43
1 4 24 43
6 2 27 43
7 2 26 43
1 2 3 44
2 4 14 43
3 2 15 43
3 2 20 43
2 3 19 43
8 2 2 44
3 2 2 43
6 2 2 42
8 3 2 42
3 2 6 42
6 2 5 43
2 2 5 42
1 3 4 42
7 2 7 43
3 2 10 43
8 6 11 43
8 3 4 44
6 4 5 43
4 2 6 42
4 2 2 44
5 6 3 43
3 2 3 42
7 2 4 41
8 2 3 42
6 2 2 42
7 2 4 43
4 3 4 43
6 2 1 44
4 2 3 44
6 3 2 44
2 2 8 44
8 2 9 44
6 2 9 44
7 2 8 44
6 2 7 44
7 6 17 44
1 6 17 44
3 10 18 44
8 2 21 44
4 2 20 44
1 3 24 44
1 2 25 44
5 3 32 44
4 3 32 44
1 4 38 44
2 2 37 44
7 2 37 44
4 5 42 44
4 16 43 44
8 2 42 44
8 2 1 45
4 3 9 44
3 3 13 44
3 3 17 44
5 2 16 44
3 3 21 44
1 2 34 44
4 2 33 44
7 2 34 44
7 2 1 45
1 16 2 44
4 2 6 44
2 2 16 44
2 3 23 44
3 2 22 44
1 2 23 44
6 3 27 44
8 3 4 45
5 2 6 44
6 3 18 44
7 3 25 44
6 2 5 45
8 2 11 44
4 9 18 44
2 7 18 44
7 3 16 44
3 2 13 45
5 3 16 44
4 3 18 45
3 2 19 44
4 2 19 45
7 13 21 45
1 3 21 45
3 14 23 45
4 16 23 45
2 2 24 45
1 2 23 45
1 3 24 45
5 2 24 45
3 2 24 45
6 2 26 45
5 3 27 45
3 2 27 45
2 2 27 45
1 6 30 45
6 2 31 45
2 6 31 45
4 10 31 45
6 3 31 45
1 3 35 45
8 2 35 45
7 2 5 46
4 2 7 45
4 2 11 44
1 2 12 44
6 6 12 44
5 2 10 45
3 2 21 45
6 2 29 45
2 4 9 46
1 2 9 45
4 2 9 44
8 2 14 44
3 2 21 45
1 2 10 46
4 3 10 46
6 3 15 45
1 2 13 46
5 2 15 46
2 11 15 46
7 4 24 45
2 4 16 46
8 2 16 46
1 2 16 45
4 2 21 45
3 2 20 45
6 9 15 46
5 3 15 46
4 5 17 46
5 2 16 46
7 6 18 45
6 2 18 45
7 2 18 46
1 2 18 46
4 8 17 46
3 6 17 45
4 11 20 46
5 2 19 46
1 8 19 46
1 5 20 46
3 2 22 46
8 2 22 46
5 2 22 46
2 13 26 46
1 3 27 46
2 6 27 46
4 2 27 46
4 3 30 46
4 3 31 46
3 2 35 46
7 2 39 46
5 2 3 47
8 2 12 46
4 2 19 46
2 5 20 46
3 3 20 46
4 2 20 46
2 4 30 46
2 2 2 47
8 3 3 46
5 2 6 45
3 2 12 44
2 2 11 45
7 3 10 45
6 2 7 46
3 2 8 47
6 4 15 46
7 2 16 46
3 3 18 46
8 2 23 46
8 7 24 46
5 2 24 46
7 8 10 47
8 2 11 46
8 2 15 46
1 2 17 46
1 5 11 47
4 2 12 46
2 6 12 46
8 2 11 47
4 2 13 46
5 3 13 46
3 7 13 46
1 5 12 46
6 2 11 46
8 4 14 47
2 2 13 47
1 5 13 47
3 8 13 47
5 2 12 47
4 3 12 47
2 2 15 47
3 2 15 47
2 2 18 47
8 2 18 47
4 2 27 47
1 7 27 47
7 3 32 47
1 2 32 47
2 5 33 47
4 10 33 47
6 2 34 47
6 5 35 47
8 2 36 47
7 2 35 47
2 2 34 47
3 2 33 47
2 2 4 48
6 3 10 47
2 2 28 47
5 2 8 48
8 2 10 47
1 3 12 46
5 3 10 47
3 2 21 47
7 3 21 47
6 3 20 47
2 2 23 47
7 2 8 48
2 3 8 47
7 2 16 47
3 4 19 47
4 3 7 48
2 4 10 47
3 2 9 47
1 3 8 47
7 2 7 47
5 6 6 48
8 9 8 47
6 2 12 47
1 4 5 48
4 5 7 48
1 2 7 47
1 2 10 46
8 2 8 48
7 2 8 48
6 2 17 48
3 6 17 48
2 2 17 48
5 2 22 48
6 2 29 48
5 2 28 48
3 9 28 48
5 8 28 48
1 5 28 48
5 3 28 48
3 2 31 48
3 3 38 48
6 2 38 48
8 2 37 48
2 2 38 48
4 10 40 48
6 2 40 48
4 3 40 48
2 10 40 48
7 2 44 48
8 5 44 48
6 5 44 48
3 3 48 48
1 4 52 48
6 2 4 49
2 5 7 48
8 5 7 48
5 2 6 48
3 2 11 48
1 2 11 48
3 5 11 48
5 2 24 48
3 2 34 48
3 2 40 48
5 2 8 49
1 2 11 48
1 2 23 48
7 2 29 48
3 2 38 48
4 2 8 49
3 3 25 48
7 2 33 48
2 10 9 49
1 2 30 48
8 2 29 48
8 2 10 49
6 4 10 48
8 2 10 48
6 2 23 48
6 2 25 48
5 4 10 49
5 2 25 48
4 3 11 49
6 2 16 48
7 2 15 48
2 18 10 49
5 3 16 48
4 4 17 48
2 2 22 48
3 2 10 49
1 3 10 48
1 2 17 48
8 3 8 49
7 3 11 48
8 3 18 48
7 3 7 49
3 5 7 49
5 2 7 48
6 3 7 47
4 2 8 46
5 2 8 45
3 2 6 47
6 2 9 48
6 2 10 48
7 2 9 49
5 2 12 49
4 2 12 48
3 3 12 49
7 5 16 49
3 3 15 49
2 3 15 49
7 22 18 49
8 2 16 49
1 2 15 49
6 13 15 49
7 5 15 49
5 4 17 49
4 3 16 49
3 10 16 49
8 2 18 49
1 2 17 49
4 3 18 49
3 2 1 50
2 3 2 49
4 4 5 49
6 2 7 48
1 3 6 49
5 2 9 48
6 3 6 49
7 2 9 49
2 2 10 50
7 8 10 50
6 3 14 50
2 3 16 50
8 3 19 50
6 2 24 50
2 2 28 50
5 2 45 50
3 2 50 50
2 3 49 50
7 2 52 50
8 2 52 50
7 3 52 50
6 3 52 50
3 3 56 50
8 3 62 50
6 3 67 50
5 2 68 50
4 3 69 50
1 2 75 50
