62766
3259
4 2 1 1
6 3 2 1
4 3 3 1
2 2 3 1
3 3 2 1
1 2 1 1
5 3 6 1
4 3 6 1
1 5 7 1
3 2 6 1
1 4 11 1
4 3 11 1
6 3 11 1
4 4 18 1
3 2 20 1
4 3 22 1
3 2 21 1
6 4 20 1
2 4 21 1
1 3 3 2
1 3 5 1
2 2 5 1
6 2 12 1
5 2 6 2
1 4 7 1
1 2 9 1
4 2 8 1
5 2 7 1
3 3 7 2
4 2 10 2
2 2 2 3
5 5 7 2
2 2 8 1
3 3 2 3
1 4 8 2
6 3 8 1
6 2 2 3
5 3 7 2
4 2 2 3
3 4 3 2
5 6 3 1
1 2 2 1
6 2 2 3
2 2 2 2
1 2 8 3
6 2 8 3
5 3 10 3
2 2 9 3
1 3 9 3
5 2 9 3
4 2 9 3
6 3 9 3
1 2 9 3
2 5 1 4
4 2 5 3
6 2 3 4
4 6 10 4
5 2 13 4
2 2 14 4
2 2 18 4
6 4 1 5
4 11 4 4
6 2 8 3
5 2 3 4
3 2 2 4
2 2 3 3
3 2 6 3
4 2 6 3
5 3 2 4
5 3 4 4
3 2 9 4
5 2 9 4
3 2 9 4
1 2 4 5
1 4 12 5
6 3 14 5
2 2 14 5
6 2 16 5
3 2 16 5
5 2 15 5
2 6 15 5
5 4 16 5
4 2 17 5
3 2 1 6
6 9 2 5
4 2 4 4
6 4 4 3
2 2 4 3
5 2 3 5
2 3 7 5
4 2 6 5
1 3 4 6
3 5 8 5
6 2 7 5
4 2 6 6
1 2 6 5
4 3 9 6
3 3 8 6
6 2 9 6
4 2 1 7
5 2 1 6
1 4 1 5
3 2 1 5
3 2 2 5
6 2 1 5
5 2 1 6
2 5 1 7
6 2 1 7
3 2 4 7
4 2 4 7
2 2 3 7
3 2 8 6
2 7 7 7
3 2 9 7
1 3 11 7
3 2 17 7
6 2 3 8
1 3 3 7
6 2 2 7
2 3 2 6
4 3 1 6
1 2 1 6
5 2 3 6
5 2 9 7
6 2 6 8
2 5 12 8
5 3 21 8
5 2 23 8
2 3 2 9
4 2 9 8
3 2 12 8
6 2 19 8
3 2 18 8
5 2 2 9
6 2 9 8
1 2 9 8
1 2 15 8
1 2 3 9
1 6 4 8
4 2 3 8
3 4 7 9
2 2 10 9
4 2 9 9
5 162 10 9
3 2 12 9
4 2 16 9
4 2 6 10
2 3 10 9
1 3 6 10
3 2 9 9
1 2 10 8
6 3 9 8
4 2 9 9
5 149 9 10
6 2 3 11
2 2 4 10
5 2 4 9
2 2 4 8
4 2 7 7
2 2 6 8
4 2 3 10
6 3 3 9
5 2 3 8
3 2 2 8
1 2 2 10
5 2 1 11
4 7 3 10
6 7 2 10
1 2 1 11
3 3 1 10
4 2 1 9
1 2 2 9
6 2 1 10
2 5 1 9
3 5 1 9
1 2 1 9
4 2 1 10
1 2 2 10
4 2 3 10
2 2 5 10
3 2 5 10
2 2 3 11
6 2 3 10
1 2 8 11
2 2 8 11
3 2 2 12
6 6 7 11
2 3 8 11
2 2 4 12
5 2 3 12
6 2 4 11
2 5 5 12
6 2 6 12
2 2 2 13
4 2 3 12
3 2 4 11
1 2 2 12
5 5 3 13
4 3 4 13
2 2 4 13
2 2 7 13
1 2 2 14
4 3 6 13
3 2 5 13
2 2 5 13
5 3 4 14
6 3 4 14
3 3 6 14
4 2 5 14
2 3 5 14
2 2 1 15
2 3 7 15
4 3 6 15
3 2 5 15
5 3 1 16
1 2 5 16
2 2 6 16
3 2 5 16
2 2 4 16
6 4 4 16
4 4 4 15
2 3 5 16
4 2 4 16
1 2 1 17
6 2 1 17
2 2 5 16
4 3 5 17
3 2 4 17
4 2 3 17
2 2 3 17
6 2 4 17
1 2 4 16
2 2 1 18
5 7 1 18
3 2 3 18
4 2 3 17
2 2 3 18
3 4 4 18
4 2 3 18
2 4 5 18
4 2 4 18
1 2 3 19
3 2 3 18
6 3 2 18
4 3 1 18
1 3 1 17
6 4 1 18
3 3 1 17
6 2 2 17
1 3 1 17
4 4 1 16
3 2 2 15
1 2 1 15
6 4 1 16
2 2 5 16
4 2 4 16
6 2 3 16
2 3 4 16
1 3 3 16
3 2 2 16
4 3 2 16
6 2 7 16
2 2 6 16
1 4 10 17
3 5 13 17
4 2 14 17
6 2 15 17
5 3 17 17
1 2 16 17
2 2 19 17
3 8 22 17
4 9 21 17
2 7 21 17
3 2 1 18
3 2 3 17
6 2 5 16
1 2 5 16
2 2 4 17
5 3 3 17
2 2 3 16
3 2 3 16
5 2 1 18
4 2 1 18
4 3 4 18
5 3 4 17
2 2 3 17
1 2 2 17
6 5 8 18
4 2 9 18
5 2 10 18
2 3 12 18
1 3 2 19
2 4 1 19
6 3 3 18
4 2 5 17
3 3 5 17
1 2 4 17
4 2 2 18
5 4 2 17
2 3 1 17
1 4 3 17
5 2 2 18
3 2 2 18
6 3 2 18
5 2 2 18
6 2 5 18
5 4 10 18
2 5 10 18
4 3 10 18
4 3 11 18
1 4 13 18
3 2 6 19
1 4 8 19
2 2 8 18
3 4 8 18
5 6 8 18
4 2 8 19
2 2 7 19
1 2 8 18
2 2 8 19
6 2 8 18
1 2 11 19
5 2 11 19
3 2 1 20
1 2 4 19
1 3 5 18
5 3 4 18
4 2 3 18
2 2 4 19
5 2 6 20
2 2 6 20
6 2 15 20
3 2 16 20
6 2 16 20
2 4 17 20
4 4 18 20
5 2 17 20
5 2 19 20
6 2 2 21
6 2 6 20
3 2 5 20
1 2 6 19
4 3 8 20
2 2 1 21
6 2 1 20
4 6 3 20
3 3 2 20
2 2 4 20
5 7 3 20
1 5 4 19
6 2 3 19
4 2 3 20
6 5 2 21
6 3 3 20
2 2 2 20
5 2 8 21
5 3 11 21
6 2 21 21
2 2 2 22
1 2 7 21
1 5 9 21
2 2 8 21
3 2 7 21
4 3 9 21
5 2 1 22
3 3 2 21
3 4 10 21
2 3 12 21
4 3 1 22
2 3 1 21
6 3 5 21
5 6 4 21
2 2 3 21
5 4 1 22
5 2 5 22
2 2 5 22
4 2 5 21
2 2 4 21
5 3 7 22
2 4 6 22
4 3 4 23
1 2 4 22
3 5 4 22
6 3 3 22
3 3 7 23
3 2 8 23
5 2 9 23
3 2 12 23
6 3 13 23
6 2 15 23
3 3 19 23
2 3 19 23
1 2 1 24
5 2 4 23
2 5 7 23
6 2 6 23
1 3 6 23
5 2 6 23
6 2 12 23
4 6 5 24
2 3 7 23
4 4 8 23
1 4 4 24
3 2 4 24
1 2 10 24
6 2 9 24
3 3 1 25
3 4 7 24
6 2 2 25
5 5 3 25
1 2 5 25
6 3 5 24
2 2 5 23
4 2 4 23
1 3 4 24
5 3 4 23
5 2 10 25
4 6 10 25
2 2 9 25
3 2 9 25
1 3 8 25
2 2 8 25
1 3 10 25
4 2 10 25
3 2 10 25
3 5 2 26
5 3 5 26
1 3 6 25
3 4 5 26
6 3 6 26
5 2 5 26
2 2 6 26
3 3 6 25
2 3 11 26
6 5 10 26
5 8 10 26
4 4 10 26
6 3 11 26
6 4 12 26
4 3 6 27
1 4 7 26
6 2 7 25
5 4 5 26
3 2 5 26
2 6 5 25
4 5 5 24
2 2 5 23
3 2 9 27
6 3 11 27
6 2 14 27
2 2 13 27
3 3 15 27
3 2 5 28
5 3 5 27
5 2 7 27
6 3 4 28
4 3 3 28
6 6 3 27
3 2 3 26
6 2 3 25
1 3 3 27
4 2 2 27
5 3 5 27
1 6 2 28
3 3 5 27
2 4 2 28
2 3 6 27
1 2 2 28
6 3 1 28
5 2 1 27
2 2 3 27
1 6 1 28
3 2 1 27
6 2 1 27
4 3 1 26
1 3 2 27
1 3 9 28
1 2 12 28
4 3 12 28
2 5 11 28
5 2 12 28
3 2 13 28
3 2 19 28
4 2 19 28
1 5 19 28
4 2 20 28
6 2 4 29
2 2 14 28
4 2 3 29
1 2 5 28
6 4 15 28
6 2 8 29
4 2 14 28
2 2 14 28
5 4 14 28
3 2 11 29
2 5 11 28
1 2 12 28
3 2 11 29
1 3 11 29
6 2 12 29
4 2 15 29
2 3 4 30
4 4 8 29
3 2 8 28
2 2 9 29
3 3 9 28
6 2 8 29
1 3 7 29
3 2 7 29
5 2 7 29
2 3 7 28
5 2 4 30
4 3 4 29
6 2 5 28
3 9 4 29
1 3 3 30
6 4 3 29
5 2 5 30
6 2 6 30
4 4 8 30
3 2 8 30
2 3 8 30
6 3 7 30
1 3 7 31
3 2 7 31
1 3 9 30
3 2 9 30
5 2 9 31
2 3 10 31
1 4 14 31
1 2 20 31
4 2 2 32
5 2 2 31
2 2 7 30
4 2 8 30
5 2 5 31
6 2 5 31
3 2 5 30
5 5 10 31
4 2 2 32
6 2 10 31
3 2 1 32
4 2 6 31
1 2 7 31
1 3 3 32
6 2 3 31
1 2 2 31
5 2 2 31
3 2 2 30
5 2 1 30
2 2 1 30
4 4 1 29
5 2 1 30
2 3 1 31
2 2 2 31
4 2 2 31
4 2 3 31
6 2 4 31
1 2 3 31
3 2 3 31
5 2 3 32
5 2 6 31
6 2 5 31
3 3 5 31
4 5 4 32
4 4 8 31
1 2 4 32
2 3 4 31
3 3 9 32
1 5 12 32
4 4 18 32
4 5 20 32
3 2 1 33
3 2 15 32
2 2 1 33
6 2 2 32
6 2 3 32
1 2 3 31
6 2 4 33
4 2 4 32
2 2 12 32
2 3 14 32
6 2 5 33
5 2 5 32
1 2 4 33
1 2 11 32
2 2 10 33
5 3 10 33
1 4 10 33
1 2 12 33
4 2 12 32
3 2 13 33
1 2 12 33
3 4 4 34
5 2 6 33
5 6 9 32
6 2 5 33
3 2 12 34
5 2 11 34
5 3 17 34
2 2 17 34
6 2 18 34
3 2 19 34
6 3 19 34
5 2 19 34
3 2 19 34
2 3 18 34
1 2 3 35
2 4 6 34
3 2 16 34
6 5 2 35
3 2 5 34
1 2 5 33
2 3 6 32
4 2 4 34
6 4 3 35
4 2 11 34
5 3 11 34
1 3 9 35
4 4 13 35
2 2 16 35
5 3 18 35
4 3 5 36
2 2 14 35
3 2 14 36
6 4 14 36
4 2 15 35
2 2 16 36
6 2 17 36
1 2 16 36
2 2 19 36
5 2 20 36
1 2 19 36
3 2 18 36
1 4 21 36
3 2 3 37
6 4 8 36
3 2 8 35
6 2 10 34
5 2 9 35
1 2 9 35
2 3 7 36
5 2 9 35
2 2 9 34
4 6 9 36
1 2 8 36
3 6 9 35
4 2 8 35
5 2 7 36
6 2 4 37
1 2 5 37
2 2 5 36
4 3 5 36
4 2 12 37
1 2 13 37
4 2 17 37
2 2 3 38
5 7 9 37
1 2 8 37
3 5 8 37
2 2 7 37
6 4 7 37
4 5 11 37
6 3 10 37
5 2 5 38
5 2 9 37
3 3 8 37
4 3 8 38
6 3 10 38
1 3 10 37
4 3 11 38
5 3 14 38
1 3 5 39
5 2 9 38
6 4 9 37
5 2 7 38
3 3 6 38
1 4 7 39
6 4 9 39
4 2 13 39
1 2 14 39
3 4 16 39
1 2 15 39
2 2 15 39
2 2 16 39
5 4 16 39
3 2 15 39
6 2 14 39
2 2 13 39
6 3 12 39
1 4 10 40
5 3 11 39
2 2 13 40
3 2 19 40
3 3 22 40
1 2 25 40
5 5 27 40
5 3 29 40
4 2 7 41
3 2 11 40
2 2 16 40
5 3 17 40
5 2 7 41
4 2 9 40
4 2 10 40
3 3 10 39
2 3 19 40
6 2 18 40
6 2 7 41
1 3 19 40
6 2 8 41
4 4 12 40
6 4 14 41
3 2 8 42
6 2 10 41
3 2 13 40
1 2 15 40
2 2 10 42
5 2 12 41
3 2 13 41
4 3 9 42
3 2 12 42
6 3 12 42
2 2 11 42
4 2 11 42
5 2 11 42
6 3 13 42
5 2 14 42
4 2 21 42
5 2 21 42
2 2 21 42
5 2 3 43
2 2 17 42
5 2 16 42
4 2 15 42
1 3 17 42
2 4 2 43
1 3 5 42
5 2 7 41
3 3 9 41
1 2 9 40
2 3 9 40
5 2 9 39
3 2 4 42
1 3 4 41
3 2 3 41
6 3 2 41
1 2 3 40
3 2 7 39
4 2 6 39
5 2 3 42
4 3 2 42
5 3 9 43
4 2 8 43
1 2 9 43
5 2 11 43
3 2 10 43
3 4 11 43
3 2 4 44
6 3 4 43
2 2 3 43
1 2 3 43
6 2 8 43
3 3 3 44
5 3 3 43
6 3 3 42
3 2 2 42
4 4 2 44
1 2 3 43
2 3 2 43
5 2 3 44
1 5 3 44
4 3 6 44
1 2 6 44
2 3 11 44
6 4 11 44
4 2 15 44
1 4 15 44
3 2 10 45
1 3 10 44
6 2 9 44
2 2 10 44
3 3 10 44
4 3 9 45
1 2 10 45
3 2 11 45
2 3 12 44
3 2 11 45
6 2 12 45
1 6 14 45
6 2 13 45
1 2 16 45
6 2 15 45
1 2 3 46
4 3 10 45
2 2 10 44
2 3 11 45
1 2 10 45
4 2 7 46
5 2 10 45
2 2 10 46
6 11 13 46
5 6 12 46
4 2 12 46
5 2 17 46
1 2 17 46
3 3 19 46
2 2 19 46
6 3 21 46
5 3 20 46
6 5 1 47
2 5 1 46
6 2 3 45
4 2 3 44
2 2 4 44
5 2 1 47
3 3 1 46
4 2 1 45
1 3 1 45
3 2 2 44
6 2 3 44
6 2 2 46
5 2 1 46
3 2 2 47
6 3 4 47
3 3 9 46
5 3 5 47
1 2 5 46
2 3 8 47
1 3 8 47
5 3 7 47
4 6 8 46
6 2 7 46
1 2 6 47
2 4 2 48
4 6 2 48
6 3 2 47
5 2 4 46
4 2 5 48
5 2 5 48
1 2 6 48
4 4 6 48
6 3 5 48
4 2 8 48
2 3 11 48
6 2 12 48
3 2 15 48
3 2 7 49
5 4 7 48
4 2 8 48
3 3 8 48
5 4 8 48
2 3 7 48
3 4 12 49
5 2 11 49
1 2 13 49
4 2 13 49
5 2 12 49
3 2 13 48
2 2 12 48
3 5 16 49
2 2 3 50
6 3 8 49
1 3 8 48
6 3 7 48
1 4 4 50
3 2 5 49
5 2 7 48
6 2 6 49
2 5 4 50
3 2 3 50
5 2 4 49
5 4 6 49
1 2 4 50
2 2 3 50
4 2 4 49
1 3 4 48
3 4 3 50
6 6 5 50
4 7 3 50
1 2 2 50
5 3 2 50
5 3 3 50
2 2 6 50
1 2 1 51
4 2 1 50
3 2 3 51
5 2 4 50
4 2 8 51
3 3 7 51
4 2 13 51
2 2 14 51
3 3 15 51
3 2 2 52
6 2 2 51
1 2 2 51
4 2 9 51
3 2 9 51
2 2 4 52
5 4 4 51
5 4 6 52
5 3 7 52
4 5 7 52
1 3 10 51
4 2 8 52
2 8 9 52
6 3 9 51
3 2 8 52
6 2 8 52
6 2 10 52
1 4 3 53
2 2 4 52
4 3 4 51
4 2 5 51
1 2 4 51
6 2 3 52
2 2 3 51
3 4 3 52
5 3 3 51
5 3 6 53
4 3 7 53
1 2 6 53
4 2 9 53
6 6 9 53
1 2 11 53
3 3 16 53
4 2 16 53
4 2 20 53
6 4 3 54
2 4 3 53
5 3 3 53
2 2 13 53
5 2 13 53
3 3 16 53
4 2 16 53
3 2 1 54
5 2 1 54
6 4 1 53
5 3 3 53
2 6 13 53
6 4 3 54
1 2 3 53
3 2 2 53
4 2 1 53
4 2 8 54
2 2 4 55
1 2 4 54
3 2 7 53
2 2 4 54
2 2 6 53
5 2 5 54
6 2 4 55
2 2 5 54
4 2 5 55
5 5 5 55
1 2 6 55
5 2 9 55
2 2 10 55
3 2 15 55
6 6 17 55
3 2 16 55
1 2 15 55
5 2 14 55
3 2 2 56
5 2 12 55
3 2 11 55
4 6 10 55
4 4 2 56
4 2 5 55
5 3 2 56
1 2 7 55
3 2 6 55
1 2 9 56
2 3 12 56
6 3 11 56
2 5 11 56
2 4 14 56
1 2 13 56
1 2 14 56
4 4 14 56
3 5 13 56
1 4 1 57
6 4 5 56
5 3 5 55
2 3 4 56
2 4 11 57
4 6 11 57
5 3 15 57
2 3 15 57
6 3 14 57
3 3 14 57
4 3 14 57
5 2 1 58
2 2 13 57
3 4 2 58
6 4 6 57
4 3 6 56
3 2 5 56
2 2 5 57
6 3 5 56
5 3 4 57
1 2 6 56
1 3 4 57
2 2 3 58
6 2 4 57
3 4 4 57
5 2 2 58
1 2 2 57
2 2 1 58
3 3 9 58
1 3 9 58
4 2 2 59
6 2 5 58
5 3 6 58
1 5 2 59
3 2 4 58
2 2 4 58
6 2 3 58
4 2 2 59
4 2 3 59
2 3 4 59
4 2 7 59
6 2 6 59
3 4 7 59
5 2 9 59
3 2 17 59
2 2 19 59
5 6 4 60
3 2 4 59
6 2 12 59
1 2 3 60
2 2 15 59
1 2 8 60
4 2 10 59
5 6 10 60
4 3 10 60
3 5 9 60
6 2 12 59
1 2 11 59
3 2 10 59
2 2 10 60
5 2 9 60
3 2 9 60
5 2 10 60
5 3 13 60
6 2 11 61
1 2 18 61
6 4 19 61
2 2 18 61
4 2 17 61
3 2 16 61
1 6 15 61
4 4 19 61
2 2 20 61
5 2 19 61
2 3 18 61
4 2 19 61
6 2 2 62
3 4 16 61
3 2 2 62
4 2 9 61
2 2 10 60
2 3 2 62
2 3 3 61
6 2 3 60
2 2 7 59
6 2 7 59
1 2 6 59
4 2 3 60
2 2 4 59
1 2 6 60
5 3 1 62
1 5 2 61
5 3 4 60
3 3 1 62
6 3 1 61
5 2 1 60
1 2 2 59
5 2 2 58
3 2 1 60
6 2 1 59
4 2 1 59
1 2 1 60
2 4 2 59
1 2 2 60
1 2 4 59
5 3 5 60
4 3 7 60
5 3 1 61
5 5 4 61
4 4 4 60
6 5 9 61
1 3 15 61
2 3 16 61
3 2 6 62
6 2 6 61
5 2 12 61
2 2 7 62
3 2 8 61
4 3 7 61
1 2 7 62
6 3 7 61
1 2 6 61
5 3 8 61
2 2 9 61
4 2 6 62
3 3 8 61
1 2 5 62
3 4 12 62
5 2 11 62
4 3 11 62
2 8 10 62
3 2 9 62
1 4 10 62
4 4 15 62
6 2 5 63
5 3 5 62
3 2 6 61
1 2 5 62
2 4 6 62
4 2 5 62
6 2 5 62
2 2 5 61
6 2 5 60
5 2 4 61
3 3 4 62
5 2 3 63
3 2 4 63
2 2 3 63
5 5 7 63
2 2 10 63
6 2 14 63
5 3 16 63
1 4 5 64
2 2 6 63
6 3 5 63
3 3 6 63
3 2 8 63
5 4 8 63
4 4 4 64
2 6 9 64
4 3 14 64
1 2 15 64
6 2 16 64
4 3 16 64
5 3 15 64
2 2 15 64
1 6 15 64
4 2 7 65
5 4 12 65
6 6 11 65
3 5 11 65
5 4 13 64
2 4 11 65
2 3 12 65
3 3 12 64
6 2 11 65
1 5 11 64
3 2 10 64
3 7 11 65
5 2 10 65
1 3 11 65
2 3 10 65
1 2 1 66
2 4 5 65
1 2 7 64
6 3 6 64
3 2 6 65
6 2 7 64
4 7 5 66
5 2 15 66
2 2 15 66
4 2 20 66
4 2 3 67
5 3 4 66
1 2 4 66
4 2 4 66
5 2 5 65
2 2 5 65
6 2 7 66
4 2 8 66
2 2 9 66
1 8 9 66
3 3 9 66
6 3 8 66
3 8 3 67
6 2 3 66
4 3 3 67
2 2 2 67
5 3 6 66
3 3 5 67
2 3 5 66
6 2 4 67
3 2 4 66
2 2 4 67
4 3 3 67
5 3 3 67
1 5 2 67
4 4 1 67
5 5 1 67
2 3 1 67
4 2 2 66
3 2 5 67
6 5 5 67
6 2 7 67
1 2 7 67
5 2 7 67
3 5 6 67
5 3 3 68
1 2 3 67
1 5 4 67
4 2 3 67
6 2 2 67
3 2 1 67
2 2 2 67
5 5 6 67
3 7 6 67
3 3 14 67
1 2 17 67
2 2 16 67
1 2 19 67
4 2 21 67
2 2 4 68
5 3 15 67
4 5 6 68
5 3 7 67
2 2 6 67
3 3 6 68
4 2 6 67
6 2 5 67
4 2 7 67
5 3 12 67
1 2 5 68
2 2 7 67
6 2 4 68
1 4 4 67
2 2 5 68
4 3 7 67
1 4 5 68
5 2 5 67
6 2 6 67
3 7 5 67
2 3 5 68
5 2 8 68
2 3 8 68
5 2 11 69
1 2 12 69
2 2 15 69
4 3 16 69
3 3 15 69
3 2 20 69
4 6 20 69
2 4 21 69
6 2 20 69
4 2 20 69
1 2 6 70
6 2 13 69
1 2 13 69
6 2 16 69
5 3 5 70
1 3 7 69
6 2 7 68
4 2 6 69
3 2 6 69
4 4 7 69
2 2 6 69
2 3 5 70
1 2 6 70
4 3 10 70
1 2 15 70
5 3 14 70
6 5 15 70
4 6 15 70
5 2 1 71
5 2 2 70
6 2 3 69
5 2 3 69
6 2 4 68
3 2 3 68
5 2 2 68
1 2 2 69
2 2 1 69
3 2 2 70
5 2 4 70
1 5 1 71
6 2 1 70
5 2 1 69
6 2 1 69
1 3 3 69
4 4 3 69
2 2 3 69
6 2 2 69
3 3 1 70
6 2 4 70
1 2 4 70
5 4 5 70
2 4 4 70
4 2 3 70
5 6 8 70
4 3 7 70
1 2 7 70
6 5 8 70
2 2 8 70
6 3 8 70
4 2 6 71
3 4 6 70
2 2 7 71
1 2 6 71
5 2 13 71
6 3 16 71
1 2 4 72
5 2 5 71
2 2 5 70
4 2 5 70
6 4 6 72
6 3 10 71
2 2 11 71
1 3 6 72
5 3 6 72
1 2 9 72
4 2 9 71
4 2 13 72
5 2 16 72
3 3 19 72
2 2 22 72
3 2 22 72
3 3 1 73
5 2 2 72
6 3 2 71
3 2 3 70
1 4 3 70
3 2 2 71
4 2 1 72
3 2 4 71
6 2 11 72
4 4 10 72
2 2 2 73
6 2 2 72
5 2 4 72
2 2 3 73
2 3 5 72
3 3 2 73
1 6 3 72
2 2 1 73
5 6 7 72
5 3 3 73
2 2 3 73
3 7 3 72
4 3 2 72
6 2 3 71
3 2 3 73
6 2 6 73
4 3 2 74
6 3 2 73
4 5 3 73
5 2 1 74
2 5 4 74
4 2 4 74
6 2 4 74
4 4 4 74
1 2 6 74
3 2 5 74
6 4 5 73
5 2 11 74
6 3 1 75
3 3 2 74
1 2 4 73
6 2 5 74
3 4 5 74
6 5 7 74
2 4 4 75
1 2 3 75
2 3 3 74
1 2 4 74
2 2 5 75
3 2 10 75
2 2 13 75
6 2 15 75
1 3 18 75
5 2 4 76
4 2 6 75
3 3 5 75
2 3 5 75
4 2 4 75
1 2 4 75
3 2 4 74
1 2 8 76
4 3 8 75
6 2 8 76
5 5 9 76
2 2 10 76
4 2 12 76
5 2 12 76
6 3 12 76
5 3 12 76
3 5 12 76
4 2 12 76
4 2 15 76
2 2 2 77
4 3 3 76
6 2 3 75
5 2 2 75
1 4 2 74
3 4 6 76
5 2 10 76
2 2 9 76
1 3 4 77
5 2 10 77
2 6 15 77
6 2 20 77
3 3 24 77
3 3 22 78
6 5 23 78
2 3 22 78
6 2 22 77
4 4 24 78
3 2 23 78
3 2 25 78
2 5 14 79
5 4 21 78
2 4 21 78
4 4 22 77
1 4 21 78
6 2 15 79
3 2 16 79
3 3 17 78
4 2 19 77
5 2 18 78
5 2 21 79
4 3 21 79
6 2 20 79
5 2 22 79
4 2 22 79
1 4 2 80
3 2 6 79
2 2 7 78
2 3 16 77
6 2 16 77
6 6 11 78
1 2 14 77
4 2 13 77
6 3 9 79
3 2 10 78
3 2 3 80
2 2 4 79
5 9 4 78
6 2 10 77
4 2 8 78
5 2 8 78
6 2 3 79
5 2 5 78
3 2 5 77
2 2 4 79
1 2 7 80
6 2 7 79
6 3 14 80
2 2 13 80
6 3 18 80
3 3 22 80
6 2 3 81
4 2 3 80
4 2 4 79
5 2 4 79
3 3 3 80
6 2 2 80
2 3 1 80
5 4 3 80
1 2 3 79
4 3 2 79
6 3 9 80
3 2 6 81
2 2 5 81
4 2 4 81
3 3 4 81
1 2 6 80
5 3 4 81
2 4 4 80
6 3 3 80
4 2 2 81
1 2 2 81
2 3 2 80
3 4 1 80
2 2 1 81
5 2 6 82
4 2 6 82
3 2 7 82
5 3 6 82
3 2 7 82
2 3 12 82
5 4 14 82
6 2 18 82
6 5 25 82
2 2 26 82
5 2 12 83
1 2 12 82
3 3 19 82
4 2 12 83
2 2 12 82
2 2 20 82
5 2 14 83
1 2 15 82
5 2 19 82
6 4 14 83
4 2 17 82
1 2 16 82
6 2 15 83
2 2 15 82
3 2 14 82
5 2 14 83
4 4 13 83
1 4 14 83
3 3 14 83
6 2 7 84
6 3 11 83
1 2 11 83
3 4 6 84
6 3 6 83
4 2 9 82
2 2 8 82
2 3 5 83
1 8 7 82
4 5 5 83
3 3 5 82
1 2 4 84
6 3 4 83
6 2 5 84
4 2 6 84
2 7 6 84
5 3 3 84
4 2 3 84
3 2 4 84
1 2 3 84
5 2 3 84
6 5 3 84
3 3 3 83
5 2 2 83
6 2 1 84
4 2 1 83
6 3 11 83
1 2 11 83
5 2 11 83
2 5 11 83
4 2 10 83
4 3 11 83
5 2 13 83
1 4 13 83
3 3 14 83
6 2 14 83
2 2 1 84
1 3 1 83
2 2 5 82
4 2 5 81
5 3 2 83
3 2 3 83
2 2 2 83
6 2 5 82
1 2 4 82
1 2 2 84
2 2 4 84
1 2 3 84
3 2 4 83
5 6 3 83
2 4 3 84
6 3 16 84
4 10 2 85
5 2 2 84
6 3 2 83
5 2 3 84
2 2 14 84
6 2 15 84
5 3 5 85
1 2 6 84
3 2 5 84
5 2 4 84
2 2 5 84
4 3 5 84
5 2 7 84
2 5 6 85
1 6 6 85
3 4 7 84
4 6 8 85
1 4 10 85
2 2 9 85
3 4 18 85
3 3 4 86
5 2 4 85
3 2 4 84
2 2 3 86
5 3 4 85
1 3 3 85
6 2 5 84
4 2 2 85
2 3 11 85
1 3 11 85
3 2 11 85
5 3 4 86
1 2 6 85
4 2 3 86
5 2 9 85
6 4 2 86
2 2 4 85
3 2 3 85
4 2 3 84
1 2 2 84
2 2 2 85
3 2 1 85
5 2 1 85
5 2 7 85
6 4 6 86
4 3 5 86
3 2 5 86
2 10 5 85
6 2 4 86
5 2 4 86
6 3 14 86
3 6 22 86
6 5 22 86
2 2 7 87
5 5 7 86
1 2 9 86
1 3 15 86
3 2 15 86
1 7 15 86
5 6 16 86
3 3 7 87
5 2 10 86
4 2 6 87
6 2 6 86
6 2 8 86
5 4 8 87
1 2 7 87
2 2 10 86
4 4 7 87
5 3 3 88
1 3 3 87
3 2 3 86
2 2 3 87
6 3 2 88
3 3 3 87
1 2 3 87
6 2 3 86
3 2 6 85
4 2 2 88
5 4 3 88
3 2 2 88
2 2 2 88
3 4 6 88
6 3 5 88
2 2 7 88
1 2 6 88
5 2 5 89
1 5 7 88
4 3 6 88
3 3 7 88
6 7 7 89
3 4 11 89
6 2 11 89
1 2 11 89
4 3 11 89
2 2 13 89
4 2 13 89
5 3 15 89
6 2 13 90
3 2 12 90
6 2 15 90
1 6 15 89
5 4 14 90
2 2 15 89
4 6 14 90
6 4 14 89
2 2 14 90
5 2 14 90
6 3 14 90
3 5 16 90
1 3 14 90
2 3 20 90
3 2 19 90
3 2 7 91
6 2 8 90
1 5 9 89
2 2 8 89
5 3 13 90
1 2 15 90
5 3 8 91
2 3 10 90
2 2 12 90
5 2 12 90
2 2 8 91
3 2 8 90
1 2 9 91
6 2 8 91
1 3 4 92
2 2 8 91
4 3 8 92
4 2 13 92
1 2 12 92
2 4 14 92
1 2 18 92
2 3 21 92
3 3 21 92
6 2 20 92
4 2 1 93
2 2 1 92
3 2 4 91
5 2 3 91
1 2 5 90
2 2 6 89
2 3 2 91
3 2 1 92
6 3 1 91
3 2 2 92
1 3 9 92
2 2 1 93
3 2 8 92
4 3 7 92
2 2 3 93
5 3 3 92
6 5 2 92
1 2 6 92
5 2 2 93
3 4 6 92
4 2 6 92
1 3 1 93
4 3 2 92
6 2 1 93
3 2 2 92
5 2 1 92
1 2 1 93
6 3 4 93
5 2 4 93
2 2 3 93
5 3 1 94
3 2 1 93
6 2 1 93
4 2 10 94
3 2 11 94
3 2 13 94
4 3 27 94
6 2 29 94
2 2 3 95
1 3 3 94
6 2 3 94
1 3 4 94
2 2 4 93
5 2 6 94
6 2 12 94
5 3 9 95
1 2 17 94
6 3 16 94
3 3 9 95
2 2 11 94
1 3 14 94
4 2 13 94
5 3 13 94
5 2 9 95
2 2 10 95
6 6 10 95
3 4 9 95
5 2 9 95
4 2 10 94
1 5 9 94
6 2 8 95
3 5 11 94
2 2 10 94
4 2 10 95
5 3 2 96
6 2 7 96
5 3 7 95
4 4 7 94
2 2 6 94
6 3 5 95
5 2 7 94
6 2 11 96
4 2 11 96
5 2 11 96
2 2 15 96
3 2 17 96
6 3 16 96
3 2 16 96
4 3 2 97
1 2 2 96
6 2 3 95
2 2 2 96
3 2 4 95
4 2 4 94
6 3 9 96
5 3 8 96
1 2 3 97
4 3 7 97
2 2 6 97
3 2 7 97
4 2 7 97
1 3 7 96
6 2 7 96
2 2 7 97
5 2 6 97
2 3 6 97
2 2 15 97
3 3 15 97
6 3 14 97
1 2 16 97
5 2 3 98
3 2 5 97
1 3 6 97
5 3 5 97
1 2 6 98
4 4 7 97
1 2 9 97
2 2 8 97
3 2 5 98
6 6 7 97
5 3 5 98
2 3 6 97
1 4 6 98
3 3 5 98
3 4 11 98
2 2 10 98
1 2 10 98
6 3 10 98
2 2 13 98
3 3 2 99
4 4 4 98
2 5 4 98
1 4 4 97
4 3 3 97
1 2 5 98
4 3 5 98
6 10 4 99
1 2 14 99
3 2 14 99
6 6 16 99
5 2 1 100
4 3 2 99
5 2 4 98
3 3 4 98
1 3 1 99
6 2 3 98
4 2 2 99
5 2 3 98
5 2 5 99
2 3 7 99
5 2 6 99
1 2 5 100
2 2 6 100
6 2 5 100
2 3 5 99
3 2 10 100
6 4 10 100
3 2 16 100
3 2 1 101
2 3 1 100
4 2 5 99
3 5 1 100
5 2 5 99
1 2 4 99
6 2 3 100
2 2 4 101
5 2 6 100
3 2 5 101
6 5 5 100
1 2 4 101
6 2 5 101
3 9 8 101
4 3 9 101
2 2 8 101
1 2 7 101
3 3 6 101
4 4 6 101
1 2 6 100
3 3 8 101
5 3 10 101
1 2 10 101
4 5 4 102
4 5 8 101
2 2 7 101
4 2 6 101
6 5 6 102
3 2 10 102
6 2 16 102
1 4 7 103
1 2 11 102
5 2 10 102
3 5 15 102
6 7 10 103
1 2 11 102
2 2 16 102
5 5 16 102
1 2 15 102
6 2 17 103
4 3 17 103
5 3 17 102
3 4 16 103
2 3 16 103
2 3 4 104
5 4 4 103
2 2 5 102
1 2 4 102
3 7 4 101
5 2 4 100
2 2 3 102
5 2 7 102
6 3 9 102
3 4 9 102
4 2 4 103
4 2 5 102
6 2 1 104
2 2 5 103
4 2 5 103
6 3 4 104
2 4 8 104
1 2 7 104
5 4 7 104
4 2 7 104
1 3 7 104
2 3 7 104
4 2 2 105
6 3 9 105
4 2 14 105
5 2 13 105
1 2 15 105
4 3 17 105
5 3 17 105
6 4 21 105
5 2 3 106
3 4 4 105
4 8 3 105
4 4 4 105
3 2 5 104
1 2 3 105
2 7 7 105
4 2 12 105
1 3 12 105
2 2 7 106
6 2 7 106
3 2 9 105
6 2 9 105
1 2 12 106
2 2 15 106
1 2 14 106
5 2 13 106
6 2 12 106
3 3 11 106
6 2 11 106
3 2 3 107
3 2 4 106
1 4 4 105
3 2 4 105
4 2 6 104
5 2 3 106
2 2 3 107
1 5 6 107
5 2 9 107
6 2 11 107
3 2 10 107
5 2 12 107
4 5 13 107
2 2 13 107
3 6 22 107
4 2 21 107
6 3 3 108
3 3 16 107
2 3 17 107
4 2 16 107
6 2 15 107
6 6 5 108
3 2 5 107
5 5 12 107
1 2 7 108
6 3 11 107
4 2 9 108
6 5 14 108
2 2 1 109
5 3 9 108
2 2 9 107
4 2 9 108
3 2 9 107
3 5 4 109
1 3 4 108
4 2 8 107
1 3 8 107
5 7 3 108
2 2 4 107
2 2 6 106
5 2 4 107
4 2 3 107
3 2 3 109
2 4 7 109
6 2 6 109
2 2 10 109
5 3 12 109
1 3 12 109
6 3 11 109
1 2 6 110
3 3 12 109
5 2 8 110
6 4 8 109
6 3 18 110
3 2 18 110
1 3 18 110
2 3 18 110
3 2 5 111
3 2 7 110
3 2 9 109
1 3 8 109
4 2 5 111
4 2 8 110
5 3 8 109
4 3 7 109
5 2 6 109
5 2 10 110
2 2 14 110
2 3 7 111
2 2 8 110
1 3 9 110
3 4 7 111
6 5 7 110
4 2 6 110
5 2 5 110
1 2 6 110
5 8 6 111
3 3 6 111
6 2 6 111
1 2 9 111
3 3 15 111
4 2 14 111
2 2 17 111
3 2 16 111
2 2 1 112
1 2 1 111
5 2 6 111
6 2 8 111
5 3 9 111
4 2 3 112
2 2 11 111
6 2 10 111
1 2 2 112
3 3 4 112
6 2 6 111
1 2 3 112
6 2 3 111
2 3 3 110
1 2 2 110
3 2 2 111
2 2 1 111
5 2 3 112
4 4 2 112
2 2 5 112
1 2 5 112
3 2 6 112
4 4 9 112
1 3 6 113
2 2 8 112
6 2 5 113
5 2 6 112
4 3 6 112
6 2 6 112
2 2 6 113
3 3 5 113
5 3 4 113
3 2 5 113
5 3 7 113
1 3 15 113
1 2 16 113
2 4 18 113
5 4 16 113
3 8 15 113
1 2 1 114
4 2 13 113
1 2 6 114
6 2 6 113
5 2 7 113
5 2 12 114
1 3 13 114
6 3 15 114
6 2 16 114
4 4 16 114
2 4 7 115
5 2 15 114
1 2 15 114
4 4 6 115
3 2 15 114
5 3 6 115
2 2 6 114
6 2 7 113
1 3 7 113
2 2 9 113
3 2 5 114
4 3 6 113
5 4 6 115
3 4 6 115
1 3 8 115
6 5 9 115
4 2 10 115
6 3 11 115
1 2 10 115
1 2 12 115
4 2 16 115
4 3 4 116
3 3 4 115
1 2 4 114
6 2 3 114
2 5 3 115
5 2 6 115
6 2 2 116
3 3 2 115
6 3 1 115
3 3 7 115
5 2 6 115
1 5 1 116
4 3 4 115
2 2 1 116
5 2 1 115
3 2 8 116
2 5 7 116
5 2 7 116
5 3 4 117
3 2 5 116
1 6 4 116
4 2 3 116
5 3 5 117
4 2 9 117
2 5 10 117
6 3 10 117
1 3 12 117
6 2 16 117
3 3 16 117
2 6 15 117
3 4 15 117
5 4 14 117
2 5 2 118
5 3 6 117
4 2 4 118
4 4 6 117
2 2 5 117
3 2 3 118
6 3 4 117
2 8 8 117
1 4 11 118
5 2 18 118
1 4 2 119
5 2 3 118
4 2 7 117
2 3 8 117
4 6 4 118
6 2 7 117
3 2 3 118
6 3 6 118
2 3 7 118
4 2 6 118
1 8 8 118
6 2 3 119
3 4 4 118
5 3 4 117
1 2 3 117
2 7 2 119
6 2 1 119
6 2 3 118
5 2 2 119
4 2 2 118
1 2 1 119
1 3 3 119
6 4 5 119
1 2 6 119
5 2 6 119
2 2 5 119
3 2 1 120
3 3 2 120
1 4 2 120
5 3 1 120
2 2 1 119
4 5 2 119
5 3 1 120
6 4 1 119
2 2 2 120
5 4 2 120
4 2 3 120
2 2 1 121
2 5 5 121
4 2 4 121
1 2 8 121
2 2 8 121
6 4 10 121
2 2 12 121
1 3 12 121
3 2 12 121
2 2 16 121
4 4 15 121
1 2 15 121
5 2 15 121
3 4 14 121
6 4 14 121
5 2 14 121
2 2 13 121
5 2 1 122
6 2 7 121
4 2 9 121
6 2 9 121
5 2 9 121
2 6 2 122
3 3 2 121
6 3 2 121
1 4 2 120
3 2 2 121
4 2 1 121
3 2 1 120
4 3 3 122
2 3 4 122
3 2 10 122
4 2 11 122
3 3 8 123
6 2 8 122
2 2 9 122
4 2 12 123
5 2 14 123
3 4 23 123
2 2 23 123
3 3 24 123
6 2 24 123
5 3 7 124
2 2 8 124
1 2 11 123
5 4 11 123
3 2 12 122
2 7 11 122
6 2 10 123
4 4 9 123
5 3 10 122
1 2 8 123
6 4 8 124
4 3 11 123
1 2 13 124
3 4 13 124
4 4 13 123
3 2 14 124
1 6 2 125
3 4 6 124
1 2 6 123
2 2 6 123
3 2 6 123
6 2 6 122
1 2 6 122
5 4 6 122
3 2 5 122
6 2 2 125
6 2 4 125
1 3 7 124
3 2 8 124
1 5 10 125
5 2 12 124
6 2 18 125
3 4 19 125
5 4 8 126
6 2 12 125
4 4 18 125
1 2 14 126
2 3 14 125
1 2 14 125
1 2 15 125
3 2 14 125
6 3 17 126
4 2 17 126
2 2 17 126
6 2 22 126
2 3 24 126
3 2 24 126
3 2 6 127
5 3 6 126
2 3 9 125
2 2 11 124
6 2 6 126
4 2 10 125
5 2 10 124
4 2 4 127
3 2 7 126
5 3 7 125
1 2 7 125
1 3 11 126
3 3 12 126
1 3 12 126
6 3 5 127
2 3 8 126
5 2 12 126
3 2 4 127
4 3 10 126
2 3 10 126
4 3 4 127
2 3 6 126
3 2 11 127
2 2 1 128
3 2 1 127
1 2 5 126
6 2 5 125
2 2 9 127
5 2 4 128
3 4 5 127
4 2 4 127
2 2 4 126
5 2 3 126
6 2 3 126
4 2 3 127
1 2 2 127
6 5 2 128
2 2 1 128
5 2 1 128
4 4 2 128
3 2 1 128
1 3 1 128
3 3 1 128
6 2 1 127
3 2 2 126
4 2 3 127
4 2 8 127
2 2 8 127
5 2 1 128
1 2 1 127
1 3 6 127
6 2 1 128
5 4 4 128
2 3 3 128
2 3 7 128
5 2 8 128
4 2 8 128
5 5 13 128
5 2 14 128
3 5 16 128
1 8 16 128
2 2 15 128
2 3 17 128
5 3 5 129
6 3 7 128
4 2 10 128
3 6 14 128
1 3 5 129
1 2 14 128
4 2 6 129
3 3 8 128
1 5 7 128
2 2 12 128
6 3 11 128
5 2 10 128
2 3 7 129
3 3 7 129
6 2 2 130
3 2 4 129
5 6 6 128
6 5 6 127
2 2 4 129
1 2 4 129
4 5 4 128
3 3 4 127
1 3 5 130
3 4 5 130
1 2 5 130
2 2 4 130
3 4 5 130
5 2 5 130
2 3 13 130
5 3 19 130
3 2 2 131
5 2 8 130
5 3 11 130
6 4 2 131
3 3 8 130
2 2 7 130
4 5 6 131
1 2 7 130
3 2 6 131
6 2 8 131
2 2 10 130
1 2 10 130
3 5 10 130
4 2 8 131
5 3 7 131
6 5 7 130
5 2 8 131
6 2 8 131
2 3 8 131
3 2 7 131
2 2 6 131
5 5 1 132
4 3 4 132
1 7 6 132
5 2 13 132
1 5 15 132
5 2 15 132
6 5 18 132
3 4 2 133
4 4 2 132
6 2 1 132
3 2 3 131
2 2 2 131
1 2 1 132
5 2 1 132
4 2 1 131
6 2 2 132
2 2 5 132
4 3 4 132
1 4 7 132
3 3 2 133
3 2 4 133
3 3 6 133
2 2 6 132
5 2 5 132
1 2 7 133
3 3 8 133
1 3 9 133
4 3 8 133
2 2 1 134
5 4 1 134
4 6 4 133
1 3 3 133
2 2 4 132
3 3 3 133
5 7 2 134
3 2 8 133
6 2 3 134
1 2 2 134
6 2 2 133
4 2 2 133
1 2 1 133
2 2 1 133
2 5 5 134
6 2 9 134
2 2 2 135
4 2 9 134
4 2 1 135
2 2 2 135
1 2 3 135
5 2 11 135
1 2 10 135
3 3 10 135
2 3 14 135
3 3 13 135
2 3 13 135
4 4 14 135
5 2 13 135
5 7 16 135
2 5 16 135
3 2 1 136
5 2 1 135
3 3 2 134
5 4 8 134
4 2 1 135
2 3 5 135
6 2 4 135
2 2 3 135
4 2 6 134
3 2 5 134
3 3 3 136
4 2 3 135
6 3 3 135
1 2 2 135
2 2 12 136
1 3 11 136
2 2 1 137
1 3 6 136
6 2 9 136
2 2 11 136
3 4 6 137
4 2 7 136
3 3 12 136
1 3 15 136
6 3 9 137
4 2 8 137
2 2 14 136
2 4 9 137
6 5 11 137
3 2 10 137
5 2 11 136
1 3 11 136
3 4 12 137
2 2 12 137
4 3 15 137
1 3 4 138
5 2 7 137
4 4 10 136
5 2 10 136
6 2 6 137
5 2 6 136
3 2 5 136
2 2 6 137
1 2 5 138
4 2 5 137
6 3 5 138
3 2 5 138
2 2 4 138
6 3 4 137
5 2 4 136
4 2 2 138
1 2 3 137
4 2 5 138
5 5 5 138
3 3 4 138
5 3 4 138
6 2 7 138
5 2 10 138
6 2 4 139
1 5 6 138
3 2 5 138
6 2 6 138
3 3 6 139
5 2 7 139
2 6 10 139
4 3 6 139
1 2 6 139
6 4 6 139
1 2 6 139
5 3 6 139
2 2 5 139
3 8 5 139
4 2 12 139
6 3 7 140
6 3 8 139
5 3 9 139
2 4 8 140
6 2 11 140
5 4 11 140
4 3 11 140
6 3 11 140
2 3 13 140
6 2 20 140
3 3 1 141
2 2 4 140
4 2 4 139
2 3 2 141
3 2 3 140
2 3 3 139
6 2 2 139
4 4 3 140
2 7 11 140
1 2 11 140
6 3 10 140
1 5 1 141
5 3 2 140
1 2 2 139
2 4 2 138
4 3 2 138
6 2 1 138
3 2 1 140
6 3 2 140
5 3 4 139
3 8 7 140
2 3 7 139
4 2 7 140
3 2 7 140
1 3 6 140
3 2 6 139
5 2 5 139
4 2 5 140
3 2 4 140
6 2 4 141
2 2 5 141
5 2 4 141
6 2 4 141
3 2 5 141
6 3 5 141
4 4 6 141
1 3 6 141
6 3 8 141
1 4 8 141
6 3 8 141
4 2 1 142
3 3 1 141
4 2 3 140
2 5 2 141
3 2 2 140
2 2 3 141
3 2 3 142
4 2 3 142
2 2 3 142
5 2 5 142
6 5 4 142
3 2 7 142
4 3 6 142
1 4 6 142
6 2 7 142
3 3 9 142
4 4 10 142
1 5 10 142
4 2 8 142
6 5 8 142
4 4 9 142
3 2 4 143
2 2 4 142
4 2 5 142
5 2 4 143
4 2 6 143
2 2 11 143
2 2 5 144
2 2 6 143
5 4 8 143
3 3 9 143
1 2 8 143
6 2 8 144
6 3 9 144
3 3 8 144
5 2 14 144
2 2 15 144
5 3 16 144
1 2 15 144
6 2 19 144
4 2 18 144
5 2 2 145
3 3 9 144
4 2 9 144
4 3 12 144
4 2 1 145
1 2 4 144
2 2 8 143
5 2 12 144
3 2 15 144
4 2 2 145
2 2 3 144
6 2 3 144
2 2 4 143
3 2 6 142
5 2 3 144
6 5 10 144
1 2 4 145
6 5 4 145
4 7 4 145
1 2 6 144
3 2 3 145
2 4 6 144
5 3 4 145
6 3 3 145
3 3 6 144
5 3 5 144
2 4 7 145
4 2 13 146
5 5 14 146
6 2 14 146
6 3 17 146
4 2 17 146
6 2 17 146
1 4 21 146
1 2 24 146
5 2 24 146
4 2 24 146
2 4 23 146
3 2 2 147
1 6 3 146
4 4 4 145
2 4 4 144
2 2 2 146
6 2 3 145
6 6 4 146
4 3 5 146
3 3 9 146
4 2 12 146
5 2 12 146
5 2 2 147
3 8 2 146
3 2 3 147
1 2 4 146
2 2 3 146
6 2 4 146
2 2 6 146
4 2 3 147
5 2 5 146
4 2 4 147
6 2 3 147
5 2 2 147
2 3 4 146
3 2 3 146
4 3 1 147
2 2 1 148
2 2 2 148
1 2 5 148
2 2 8 148
3 2 11 148
2 4 11 148
1 2 11 148
2 2 11 148
5 3 12 148
6 4 12 148
3 3 11 148
3 3 13 148
5 4 14 148
2 2 14 148
5 2 14 148
6 4 13 148
1 5 13 148
4 4 8 149
4 5 10 148
6 3 9 149
1 2 9 149
2 2 10 148
5 2 9 148
3 2 10 149
6 3 10 149
2 2 12 149
4 2 11 149
2 4 11 149
4 3 1 150
3 2 1 149
5 2 2 148
1 2 1 148
6 3 1 147
1 2 2 146
1 2 4 148
4 4 5 148
3 3 5 148
5 3 4 148
4 2 5 148
3 4 4 149
2 5 4 148
6 2 7 149
6 2 9 149
5 2 11 149
1 5 10 149
5 2 2 150
1 2 1 150
2 3 1 149
2 2 8 149
2 4 5 150
3 3 4 150
4 2 4 149
3 3 3 149
1 3 2 149
2 2 5 150
3 6 5 150
6 2 12 150
3 3 14 150
6 2 15 150
4 4 21 150
5 3 20 150
3 2 1 151
5 2 3 150
1 3 5 150
1 2 10 150
4 2 9 150
2 2 8 150
3 2 7 150
6 5 3 151
2 2 5 150
6 3 5 150
4 2 8 150
5 3 9 150
1 2 8 151
4 2 11 151
2 2 12 151
1 4 13 151
1 3 15 151
4 5 1 152
1 5 10 151
6 2 9 151
2 2 8 152
4 2 10 151
5 3 9 152
5 5 14 152
1 2 13 152
3 2 13 152
2 6 15 152
1 2 14 152
5 3 13 152
4 2 12 152
6 2 13 152
1 2 1 153
2 2 14 152
6 2 8 153
4 2 9 152
3 3 9 151
1 2 7 152
5 2 7 151
5 2 21 153
1 2 24 153
2 3 24 153
4 2 23 153
3 2 3 154
5 4 3 153
6 2 9 152
2 3 7 153
1 4 7 152
3 2 6 153
5 2 6 153
2 2 6 152
6 2 5 153
5 2 9 153
4 3 2 154
1 2 2 153
1 2 7 152
4 3 6 154
3 2 8 154
2 2 7 154
3 2 6 154
4 3 7 153
6 2 6 153
5 2 5 154
4 2 4 154
1 2 5 153
2 2 5 153
5 2 6 152
3 5 4 154
5 2 4 153
6 6 4 153
2 2 3 154
4 3 7 154
1 2 7 155
5 5 9 155
6 2 9 155
6 2 10 155
5 2 9 155
3 2 10 155
3 5 12 155
5 3 11 155
6 2 15 155
2 3 14 155
1 2 15 155
3 2 14 155
1 2 13 155
5 2 14 155
4 2 13 155
5 2 12 155
3 3 12 155
4 2 12 155
2 4 3 156
2 3 10 155
1 2 9 155
4 2 6 156
4 2 7 156
2 4 7 155
3 2 7 155
6 3 7 154
2 2 6 154
1 2 5 155
5 3 6 156
3 2 6 156
2 3 5 156
4 2 8 156
2 2 8 156
2 2 9 156
5 2 9 156
2 4 2 157
6 2 2 156
4 2 5 156
3 5 4 156
4 2 4 155
1 2 4 156
5 2 5 156
2 2 4 156
5 2 2 157
3 2 4 156
4 3 1 157
3 2 4 157
4 2 4 157
6 2 4 157
3 2 4 157
2 2 3 157
1 2 3 157
3 3 5 157
6 2 4 157
4 3 5 157
5 3 7 157
1 2 9 157
4 2 11 158
3 3 15 158
6 6 16 158
2 3 16 158
2 2 30 158
1 3 30 158
3 2 32 158
4 2 6 159
2 2 12 158
6 2 11 158
2 2 7 159
4 2 14 158
3 2 25 158
1 2 7 159
3 3 7 158
2 2 7 157
4 2 7 158
6 2 18 158
2 3 19 158
4 2 18 158
3 4 7 159
1 6 14 158
5 2 14 158
4 3 13 158
2 4 14 158
6 2 7 159
2 2 7 158
5 2 12 158
3 4 9 159
2 6 2 160
1 2 2 159
1 2 4 158
6 2 2 159
2 2 2 158
2 2 3 157
5 2 2 158
1 2 4 157
5 2 3 158
2 2 4 158
1 2 3 158
3 3 1 159
5 2 1 160
1 2 1 160
4 3 2 160
4 2 5 160
6 7 6 160
4 2 7 160
3 5 7 160
2 4 8 160
1 2 7 160
1 2 8 160
6 2 8 160
2 2 11 160
4 3 10 160
6 3 10 160
3 3 12 161
4 2 13 161
1 2 12 161
5 3 11 161
3 3 12 161
2 9 24 161
1 2 16 162
5 3 18 161
3 2 21 161
4 2 21 161
1 2 20 162
6 2 19 162
5 2 18 162
4 2 19 161
5 2 19 162
2 3 20 162
5 3 20 162
4 3 20 162
6 2 1 163
1 2 2 162
4 2 6 161
4 4 7 160
2 2 9 161
3 2 13 161
6 2 14 161
5 2 6 162
4 2 9 161
3 2 8 161
6 3 9 162
1 3 9 161
5 4 7 162
3 2 3 163
6 4 3 162
2 6 3 162
1 2 3 161
3 3 2 162
6 2 2 163
5 3 4 163
6 6 10 163
2 3 8 163
5 6 7 163
4 2 8 163
3 4 14 163
2 3 13 163
1 2 5 164
6 3 4 164
4 2 6 164
4 2 9 164
5 3 12 163
6 5 11 163
5 2 13 164
5 3 15 164
3 4 16 164
4 4 1 165
4 4 2 164
1 3 2 163
2 5 9 163
3 2 4 164
3 2 5 163
3 3 6 163
1 3 6 163
2 2 5 163
5 3 4 165
3 3 7 165
5 3 9 165
1 3 8 165
4 4 8 165
2 3 13 165
4 2 12 165
2 2 13 165
1 3 11 166
1 2 16 165
4 3 18 165
2 2 15 166
3 2 14 166
4 2 15 165
5 2 13 166
6 4 15 165
1 2 14 165
1 2 13 166
4 3 13 165
3 2 14 166
1 3 15 166
5 10 15 166
6 4 1 167
3 2 1 166
3 2 2 165
1 2 3 164
6 2 2 164
3 2 3 163
2 2 3 164
4 3 2 165
6 4 1 165
2 2 1 166
1 2 1 167
2 5 2 166
2 2 6 166
6 3 1 167
4 2 1 166
5 2 1 165
4 2 1 165
3 2 2 165
6 2 1 165
6 4 1 166
3 2 5 165
1 3 2 166
4 2 4 165
2 3 1 166
5 3 1 165
1 4 2 164
2 2 1 166
1 2 3 166
5 2 2 166
6 3 2 166
6 2 5 166
4 2 6 166
4 2 1 167
3 2 1 166
4 3 1 165
2 2 1 164
1 2 1 165
5 2 4 164
5 4 1 165
1 2 3 164
2 2 2 165
6 8 1 165
4 2 1 165
6 3 2 165
3 4 2 165
5 5 7 165
1 2 6 165
3 2 7 165
2 3 10 165
3 3 11 166
5 2 11 165
3 2 21 166
2 3 21 166
6 2 20 166
3 3 6 167
2 2 7 166
4 2 10 165
2 2 9 166
6 2 8 166
5 6 8 166
2 2 8 165
5 2 8 166
6 2 10 166
4 2 9 166
5 2 12 166
4 2 5 167
3 2 7 166
6 2 6 166
2 4 6 166
3 3 5 166
4 2 4 166
1 2 9 167
3 3 8 167
2 2 11 167
3 2 14 167
4 7 14 167
5 2 3 168
5 2 7 167
6 2 6 168
1 3 6 167
4 3 8 167
3 2 7 167
5 2 7 167
6 2 11 167
1 3 6 168
3 3 8 167
1 2 14 168
4 8 17 168
5 2 18 168
3 2 3 169
6 2 5 168
5 2 5 167
2 2 6 167
4 2 5 167
3 2 4 167
1 2 5 168
3 2 4 169
1 4 11 168
4 2 10 168
2 2 7 169
3 2 8 168
5 4 10 169
5 2 11 169
2 3 11 169
1 2 14 169
1 3 15 169
2 2 14 169
4 2 19 169
2 2 22 169
4 4 2 170
2 2 2 169
1 2 3 168
6 2 5 168
4 3 5 168
5 2 4 168
6 2 8 169
5 2 3 170
3 3 6 169
3 2 12 169
5 4 12 169
6 3 7 170
1 2 8 169
3 2 6 170
5 2 9 169
2 2 8 169
6 2 6 170
3 3 7 170
6 3 10 170
2 3 10 170
5 4 10 170
1 2 10 170
3 2 9 170
3 2 10 170
2 5 6 171
4 3 6 170
6 2 6 170
4 2 7 171
5 2 7 170
3 2 11 171
6 5 11 171
3 2 13 171
1 2 15 171
3 2 16 171
2 2 17 171
5 2 16 171
6 2 15 171
4 4 15 171
3 6 15 171
2 4 14 171
6 3 14 171
6 2 1 172
2 2 1 171
2 2 5 170
6 2 1 171
3 3 1 170
1 2 4 169
1 5 2 170
4 2 1 170
4 2 3 170
5 3 3 170
2 2 3 169
4 2 3 168
5 2 2 169
3 3 3 170
2 3 3 170
6 2 2 170
4 2 2 169
6 2 1 169
4 2 4 170
6 2 7 170
3 2 6 170
3 3 9 170
5 2 8 170
1 5 12 170
3 2 4 171
2 2 4 170
5 2 3 170
2 2 2 170
1 2 3 171
4 3 3 170
1 4 2 170
3 3 6 170
6 3 4 171
2 2 15 171
3 3 2 172
5 2 4 171
3 2 5 171
3 3 9 171
5 4 11 171
6 3 11 171
1 2 13 171
4 2 14 171
2 3 13 171
4 6 5 172
2 2 5 171
5 3 11 171
3 2 10 171
5 2 5 172
4 3 7 171
6 2 6 171
2 2 6 172
4 3 5 172
1 2 6 171
5 5 5 172
1 3 4 172
5 2 4 172
2 2 4 172
4 2 3 172
6 7 4 171
2 2 3 171
5 2 3 172
2 2 1 173
1 7 2 172
4 3 4 173
6 2 3 173
3 2 2 173
4 2 2 173
1 2 4 173
1 3 10 173
5 4 13 173
1 3 15 173
5 2 15 173
5 3 1 174
5 2 8 173
6 2 11 173
3 5 2 174
6 2 5 173
4 2 4 173
4 4 9 173
2 5 8 173
1 2 1 174
2 3 1 173
3 2 3 173
6 6 3 173
1 2 1 174
5 2 2 173
1 3 5 174
5 5 6 174
3 2 4 174
3 4 5 174
6 2 15 174
2 3 3 175
6 3 3 175
3 2 6 174
2 2 6 174
1 3 13 174
4 4 2 175
6 4 7 174
4 4 8 174
5 3 1 175
6 2 5 174
6 2 7 174
2 2 6 174
5 2 4 175
4 2 4 174
1 3 4 174
5 4 3 174
4 2 4 175
2 3 5 176
6 2 10 176
4 2 9 176
5 2 12 176
5 2 16 176
5 2 28 176
