364521
1505
3 42 1 1
2 2 7 1
1 2 7 1
5 187 7 1
1 2 4 1
4 133 9 1
2 2 17 1
7 51 24 1
5 22 24 1
8 29 23 1
7 2 23 1
7 2 25 1
8 2 31 1
2 2 30 1
8 3 31 1
7 3 31 1
7 2 5 2
7 2 11 1
8 2 12 1
3 2 12 1
7 2 14 1
5 2 19 1
1 2 20 1
1 3 10 2
4 2 10 2
6 5 18 1
2 3 18 1
3 2 11 2
4 3 11 1
8 2 12 1
8 6 14 2
6 3 13 2
8 2 13 1
2 2 12 1
1 4 13 2
5 2 4 3
7 3 11 2
5 3 11 2
6 5 4 3
3 2 5 2
1 2 6 1
6 2 8 1
8 2 4 2
6 2 4 1
3 2 3 2
5 5 4 3
1 2 3 3
1 7 16 3
4 2 8 4
4 3 10 4
3 3 10 3
8 6 17 4
4 6 20 4
1 5 16 4
5 2 16 4
5 2 17 4
1 9 18 4
8 2 3 5
7 2 9 4
6 2 9 3
5 2 8 3
1 2 5 5
2 2 5 4
1 2 5 4
8 7 11 3
4 3 7 5
2 2 7 4
2 2 13 5
7 2 16 5
1 9 18 5
7 16 1 6
2 3 1 5
4 2 3 4
7 2 8 3
7 2 2 4
3 2 2 3
5 2 3 3
1 2 2 4
2 3 2 3
6 2 1 3
3 5 2 4
5 3 4 5
8 5 6 6
4 4 7 6
3 5 7 5
7 2 7 6
1 2 8 6
2 3 11 6
8 4 12 6
6 3 12 6
7 2 14 6
8 19 15 6
1 6 23 6
4 3 4 7
3 6 16 6
8 8 19 6
8 3 5 7
4 2 8 6
8 2 11 6
5 2 10 6
7 3 5 7
1 2 5 7
4 2 5 7
3 5 7 6
2 18 5 7
2 2 6 6
5 2 5 7
3 2 5 6
5 2 8 5
8 9 5 7
1 4 6 6
7 2 8 5
6 2 5 6
2 2 5 7
8 2 5 7
4 2 5 6
2 2 7 5
6 2 8 7
1 8 8 7
3 2 1 8
3 5 7 7
7 22 5 8
2 2 6 7
4 3 8 8
8 2 11 8
1 2 11 8
8 8 11 8
1 3 11 8
4 4 11 8
7 2 10 8
2 4 10 8
8 18 10 8
1 6 13 8
3 29 4 9
3 6 7 8
6 5 4 9
1 7 5 8
4 3 4 8
5 2 4 8
6 3 4 7
3 2 3 7
7 2 2 8
4 3 2 9
8 2 1 9
6 2 2 8
4 2 1 8
5 5 2 8
2 3 2 7
1 3 2 8
8 19 2 8
1 2 2 8
6 4 4 8
6 2 5 8
3 3 4 8
4 3 4 8
1 5 4 8
2 2 3 9
3 3 2 9
5 11 2 8
1 3 1 9
8 12 1 9
6 2 6 9
1 8 11 9
7 2 1 10
6 10 1 9
1 5 2 9
7 2 2 8
2 6 1 9
8 8 2 9
5 2 3 9
3 2 2 9
4 5 2 9
8 15 2 10
2 3 3 10
5 9 4 10
3 2 3 10
8 19 3 10
6 3 3 10
2 2 6 10
8 2 5 10
1 5 2 11
4 5 2 11
5 2 2 10
8 5 5 10
2 7 3 10
5 11 3 10
8 2 2 11
8 33 3 11
7 2 3 10
5 3 2 11
3 4 2 10
7 3 5 12
1 3 5 12
8 2 7 12
5 3 6 12
8 3 6 12
2 5 6 12
5 5 6 12
8 3 6 12
5 2 6 12
8 11 6 12
7 2 5 12
8 4 5 12
4 6 6 12
7 3 7 13
3 3 8 12
7 3 8 13
1 2 8 13
7 2 8 13
8 9 8 13
5 3 8 13
8 8 8 13
2 6 7 13
5 4 7 12
8 6 7 13
5 2 7 13
8 9 7 13
7 3 7 13
8 4 7 13
1 2 7 13
4 5 8 13
6 2 8 13
1 2 1 14
6 3 4 13
2 4 6 12
6 3 1 14
3 3 2 14
2 2 4 13
7 50 1 14
8 11 2 14
5 5 2 13
8 10 2 14
2 6 2 14
5 3 2 14
8 8 2 14
5 2 2 14
8 10 2 14
7 2 2 14
8 4 2 14
6 2 3 13
4 3 2 14
3 2 1 15
7 4 3 15
2 2 2 15
7 5 2 14
8 24 2 14
2 4 2 15
5 2 2 14
8 7 2 15
8 4 3 15
4 6 3 15
8 12 3 15
6 2 7 15
8 30 1 16
1 3 1 16
4 2 1 15
5 2 1 15
5 3 2 16
6 7 2 16
6 2 3 15
1 2 1 16
1 3 2 16
7 2 3 15
2 7 3 16
8 3 4 16
8 18 5 16
8 2 8 16
5 6 8 16
6 3 6 16
2 3 5 16
8 11 5 16
4 2 5 16
8 41 5 16
3 2 1 17
7 3 3 16
3 2 2 17
7 3 4 17
5 8 6 16
8 11 6 17
7 5 6 17
8 8 6 17
8 3 7 17
4 2 9 17
2 4 10 17
8 6 3 18
2 18 3 17
3 2 7 16
4 2 6 16
1 2 7 17
4 2 4 18
7 3 6 17
3 4 5 18
5 2 5 18
3 2 5 18
2 3 5 17
8 2 5 18
5 8 8 18
8 11 8 18
7 3 8 18
8 8 8 18
2 3 7 18
8 2 6 18
2 2 9 18
4 2 10 18
1 4 5 19
3 2 9 19
7 2 10 19
3 5 10 19
2 2 9 19
4 2 8 19
6 12 9 18
8 2 8 18
2 8 8 19
5 11 9 19
8 12 8 19
8 7 9 19
4 2 17 19
3 2 2 20
2 4 16 19
6 2 15 19
7 4 9 20
3 3 8 20
6 2 10 20
2 7 11 19
8 4 9 20
5 11 11 19
8 21 9 20
6 3 9 19
6 2 10 20
5 2 13 20
1 65 1 21
6 76 3 21
1 2 14 20
4 4 14 20
3 2 3 21
7 2 7 20
4 2 6 20
1 2 3 21
2 38 9 20
8 3 7 20
5 3 7 19
8 2 5 20
3 3 3 21
7 2 2 21
2 8 2 21
5 11 4 20
8 2 1 21
8 4 2 21
1 2 1 21
8 10 1 21
5 3 1 21
4 2 3 20
5 2 11 21
1 2 12 21
1 3 4 22
7 2 4 21
4 2 8 21
6 3 6 22
3 2 7 21
2 4 11 22
8 3 11 22
2 15 11 22
1 2 11 22
5 9 12 22
8 2 12 22
8 8 13 22
4 4 13 22
5 2 13 22
2 2 13 22
2 238 16 22
4 2 3 23
8 2 21 22
3 2 4 23
1 3 6 22
4 4 6 22
5 8 8 22
2 2 7 22
8 7 14 22
7 2 4 23
6 3 4 22
8 2 7 21
1 5 6 22
2 2 6 21
6 2 6 21
2 3 4 22
3 2 5 21
4 161 4 23
8 3 3 23
1 2 5 22
3 2 5 22
3 2 3 24
7 2 2 24
6 2 4 23
5 3 5 24
1 2 4 24
3 2 5 24
5 5 6 24
8 9 6 24
7 81 7 24
2 3 7 24
8 2 7 24
2 4 7 24
8 4 12 24
6 3 5 25
1 6 5 24
4 2 5 24
5 15 5 25
7 5 9 24
1 3 5 25
6 32 5 25
2 4 5 25
8 2 5 25
2 5 5 25
3 2 6 25
2 2 2 26
2 5 6 25
6 2 7 24
4 2 5 25
1 3 2 26
8 3 1 26
5 6 1 27
2 2 1 27
1 5 1 26
3 2 4 25
2 2 3 26
5 3 4 27
8 2 3 27
2 13 3 27
3 5 3 28
1 4 3 27
4 2 3 27
7 2 3 27
6 11 3 27
2 5 7 28
1 3 10 28
3 12 10 28
7 2 2 29
3 2 5 28
2 3 7 28
6 3 7 28
1 5 3 29
3 2 6 28
5 2 3 30
1 3 4 29
2 5 5 29
3 4 3 30
8 2 4 29
3 2 6 30
3 8 8 30
7 2 6 31
1 2 6 31
5 5 8 31
1 2 8 31
3 5 8 31
6 4 8 30
5 4 6 31
6 4 6 30
8 2 5 30
8 18 8 30
1 2 6 31
6 2 6 31
8 3 6 31
3 11 6 31
7 6 8 30
5 58 2 32
3 46 3 32
1 4 4 31
4 2 5 30
7 2 4 30
2 3 3 30
5 3 4 32
6 2 3 32
5 7 3 31
3 6 3 32
6 3 6 32
5 3 6 32
6 6 6 32
6 4 9 32
3 15 12 32
5 5 12 32
8 3 3 33
5 3 7 32
7 2 3 33
1 2 3 32
2 3 4 33
6 2 4 33
6 3 5 33
1 2 6 32
8 2 4 33
4 2 5 32
1 9 5 33
3 10 8 33
3 2 9 33
2 6 1 34
4 2 2 33
1 2 6 32
7 2 5 32
4 2 5 32
6 8 6 34
5 2 6 34
7 2 5 34
3 12 5 34
8 2 8 34
6 3 7 34
1 2 9 34
4 3 12 34
3 12 12 34
5 21 1 35
3 2 9 34
2 2 6 35
7 2 5 35
6 9 8 34
5 2 5 35
7 34 7 35
1 2 7 35
3 10 7 35
6 22 7 35
8 7 8 34
4 3 9 35
3 18 9 35
8 3 1 36
5 5 6 35
7 3 5 35
8 2 6 34
1 2 2 36
5 2 3 36
1 6 3 36
2 3 4 35
4 2 3 35
8 2 5 36
6 2 5 36
8 2 5 36
3 2 8 36
3 15 11 36
7 8 6 37
5 6 7 36
4 2 6 36
7 2 6 37
1 3 6 37
2 4 5 37
4 2 5 37
8 8 4 37
6 2 4 37
8 2 4 37
3 23 7 37
7 2 2 38
1 3 3 38
3 3 3 37
2 5 2 37
8 2 3 36
3 2 2 36
5 2 2 36
7 7 2 37
5 5 2 38
4 7 5 38
8 9 5 38
7 2 4 38
3 19 7 38
7 8 1 39
4 2 1 38
3 2 3 38
6 2 1 39
7 7 3 39
6 3 3 38
2 2 3 39
7 4 3 39
5 10 2 39
1 11 2 38
2 2 1 39
4 4 3 39
7 3 6 39
4 3 7 39
8 10 7 39
1 2 13 39
3 16 13 39
8 2 2 40
7 5 4 40
2 2 7 39
8 3 4 40
7 2 5 40
5 8 6 39
7 5 5 40
4 6 6 39
4 8 10 40
8 5 10 40
8 2 13 40
3 16 15 40
7 2 2 41
1 3 2 40
7 3 8 41
8 2 8 41
8 5 13 40
7 2 8 41
5 10 10 40
7 7 9 41
4 2 9 40
2 5 10 41
4 7 10 40
8 2 12 41
5 2 12 41
7 3 12 41
3 2 12 41
7 2 12 41
3 18 12 41
1 7 5 42
8 3 8 41
6 3 7 41
4 2 8 41
8 2 4 42
2 2 4 42
7 7 7 42
8 4 7 42
2 2 9 42
5 5 9 42
7 5 10 42
1 35 10 42
2 5 10 42
4 11 9 42
6 2 16 42
3 18 16 42
8 2 2 43
2 2 5 42
5 3 14 42
3 3 4 43
6 3 3 43
6 4 5 42
7 213 5 41
5 2 5 41
4 6 4 43
8 9 4 42
2 6 4 42
3 2 5 41
1 2 4 42
3 2 3 42
7 6 10 43
2 4 10 43
4 29 10 43
3 2 9 43
5 2 8 43
5 2 11 43
6 3 10 43
3 2 11 43
1 2 10 43
3 14 9 43
6 3 5 44
8 52 5 44
2 3 6 43
7 17 7 43
2 4 5 44
4 14 7 43
5 3 5 43
8 4 4 43
5 5 4 44
1 8 4 44
3 30 5 44
3 2 3 45
7 7 4 45
2 51 5 45
4 2 2 45
4 14 5 44
6 15 1 45
3 18 3 45
1 22 3 45
5 6 4 44
3 15 3 45
7 2 1 46
4 2 4 45
8 8 1 46
3 2 1 45
4 2 1 44
5 2 1 46
1 3 1 45
5 5 1 44
5 2 2 45
8 5 2 45
7 3 1 46
6 9 2 46
3 6 2 46
1 5 4 46
8 4 4 46
5 3 4 46
5 6 5 46
8 4 5 46
3 2 6 47
2 3 6 47
7 2 5 47
6 2 7 47
1 2 6 47
3 2 6 47
1 2 8 47
7 3 8 47
6 7 8 47
4 2 7 47
3 8 7 47
1 9 7 47
8 8 7 47
1 2 7 47
5 4 9 47
8 5 9 47
1 5 1 48
4 4 4 47
2 4 5 47
6 2 4 48
1 7 3 48
3 2 3 48
8 2 2 48
6 8 6 47
5 2 2 48
3 5 6 48
1 8 6 48
8 30 6 48
4 2 7 48
8 8 8 48
7 5 2 49
2 8 3 48
1 5 3 49
6 4 4 48
5 3 5 47
7 3 3 48
6 2 3 49
6 2 6 49
5 2 6 49
3 5 8 49
1 9 8 49
8 5 8 49
4 8 8 49
8 9 10 49
4 4 3 50
6 2 7 49
5 2 7 49
1 2 7 50
4 9 7 49
3 3 7 50
1 2 7 50
2 7 6 50
8 6 12 50
3 2 13 50
2 8 17 50
3 6 19 50
1 8 19 50
4 3 22 50
5 4 22 50
8 10 21 50
2 2 2 51
3 2 3 50
8 3 7 50
6 2 9 50
1 3 10 50
2 5 10 50
7 5 11 50
5 2 10 50
2 2 11 50
1 2 1 51
8 3 1 51
4 4 3 51
5 57 2 51
6 3 7 51
5 2 8 51
7 2 9 50
1 2 9 51
3 5 13 51
1 9 13 51
7 2 14 51
4 3 14 51
5 6 13 51
8 6 14 51
4 3 4 52
1 2 3 52
8 6 3 52
5 2 4 52
6 6 5 51
3 2 7 50
4 2 8 50
7 2 7 51
1 2 7 50
8 2 6 51
2 4 4 52
3 2 3 52
1 6 3 52
7 2 2 52
7 4 5 51
3 3 3 52
5 2 2 52
6 2 1 52
7 2 1 52
4 8 1 51
3 3 1 50
6 2 1 49
6 3 1 52
3 2 2 52
5 2 3 52
2 21 6 52
6 2 4 52
3 4 4 52
1 9 5 52
2 5 6 52
4 2 4 52
7 2 3 52
4 2 5 52
5 3 5 52
4 3 5 52
8 7 5 52
7 2 1 53
8 2 1 53
2 2 1 52
3 2 2 53
5 3 2 52
7 3 1 53
4 41 5 53
6 4 5 53
1 11 17 53
4 14 17 53
8 2 17 53
2 2 16 53
8 2 16 53
8 2 2 54
8 3 3 54
2 4 11 53
2 5 2 54
6 8 6 53
7 2 7 53
4 2 6 53
3 3 2 54
6 2 2 53
1 2 2 52
3 2 2 53
1 2 1 54
2 2 3 54
6 4 3 54
7 3 3 54
6 2 3 54
6 2 10 54
1 4 11 54
4 13 10 54
7 3 10 54
2 4 10 54
3 5 9 54
8 2 9 54
6 7 1 55
4 4 1 55
1 2 2 54
3 2 5 53
2 2 2 54
8 3 3 53
4 2 3 53
6 2 5 55
1 3 5 55
8 2 5 55
3 7 11 55
1 35 11 55
6 5 10 55
6 2 13 55
7 4 13 55
6 3 13 55
1 6 14 55
6 2 15 55
7 2 15 55
2 5 16 55
1 3 16 55
8 8 16 55
4 3 16 55
5 3 15 55
4 3 15 55
7 29 15 55
2 3 16 55
6 2 2 56
4 3 9 55
7 10 3 56
2 2 4 55
6 3 4 56
1 2 4 55
2 6 7 55
3 3 3 56
5 4 2 56
1 3 2 56
2 5 2 56
5 5 5 56
7 11 9 55
3 3 1 57
4 4 2 57
5 7 9 57
7 6 9 57
2 2 10 57
6 3 5 58
6 3 7 58
1 5 8 57
8 18 8 57
7 14 6 58
4 9 8 57
3 4 7 57
1 10 7 58
7 2 8 58
5 13 7 58
7 2 7 58
8 50 1 59
6 2 1 58
1 2 1 57
7 2 1 58
2 50 1 59
8 62 8 58
1 5 3 59
7 15 7 58
6 2 2 59
4 2 1 59
8 3 6 58
4 2 5 58
3 8 1 59
5 11 4 58
7 4 2 59
2 2 1 59
6 2 1 59
1 2 1 59
5 3 1 58
8 2 3 59
4 10 1 60
1 7 1 60
4 2 1 60
1 5 2 60
8 9 2 60
7 11 3 60
6 4 4 60
3 10 5 60
8 3 5 60
4 78 5 60
5 9 5 60
5 4 8 60
1 5 4 61
1 8 7 61
8 10 7 61
6 2 8 61
7 5 9 60
5 2 7 61
7 2 8 61
3 6 12 61
8 71 11 61
4 2 11 61
5 10 12 61
3 2 13 61
6 2 13 61
5 8 13 61
7 2 6 62
2 3 6 61
1 4 6 61
2 2 8 60
3 2 5 61
7 4 7 61
8 2 10 62
3 5 11 62
8 4 11 62
4 2 11 62
2 3 10 62
5 4 10 62
7 2 9 62
5 8 11 62
2 2 2 63
7 2 3 62
5 3 3 62
1 16 6 63
8 3 6 63
5 5 7 62
6 3 7 63
7 6 7 63
1 4 12 63
8 8 14 63
1 3 17 63
5 10 20 63
7 3 3 64
3 2 3 63
3 2 4 62
1 2 4 62
3 2 4 62
2 2 3 64
7 3 14 63
3 2 13 63
5 8 5 64
6 4 5 64
2 4 8 63
8 4 10 63
4 6 9 63
8 12 7 63
1 5 5 64
5 12 5 64
2 2 5 65
7 2 5 65
7 10 8 65
3 2 8 65
2 4 8 65
1 7 7 65
5 2 7 65
4 5 9 65
2 9 9 65
4 2 10 65
8 11 9 65
1 15 9 65
5 10 10 65
4 7 10 66
2 12 10 66
8 12 11 66
1 8 11 66
5 2 11 66
5 8 13 66
5 33 1 67
1 2 2 66
5 3 4 65
8 5 2 67
1 2 3 66
6 2 2 66
8 2 1 66
7 2 5 65
2 3 2 67
3 2 2 67
4 8 3 66
2 11 3 66
8 19 3 65
6 2 1 67
1 6 2 67
2 2 1 67
5 10 1 67
8 2 1 67
7 3 2 66
6 2 1 67
2 3 4 67
6 5 4 67
1 2 4 67
4 8 3 67
2 10 3 67
8 11 3 67
6 3 3 67
1 6 2 67
2 2 1 67
5 2 1 67
4 4 1 66
8 7 1 66
1 3 6 66
7 2 6 66
8 3 6 66
2 3 8 66
6 3 8 66
4 5 9 66
2 12 12 66
8 6 12 66
7 3 14 66
8 6 13 66
6 3 12 66
1 9 12 66
4 4 12 66
8 10 12 66
1 3 9 67
6 3 9 66
8 3 8 67
7 3 9 67
5 3 10 66
4 2 9 66
2 2 8 67
1 3 8 66
6 54 8 67
4 2 8 67
2 3 10 67
2 9 12 67
8 3 12 67
1 2 11 67
8 6 14 67
1 26 14 67
7 48 15 67
8 8 16 67
4 5 2 68
7 2 2 67
5 2 4 66
5 3 5 65
2 2 3 67
6 6 8 67
4 15 8 68
5 4 9 68
4 8 9 68
2 6 9 68
1 7 9 68
7 4 8 68
4 6 8 68
3 2 8 67
4 2 8 68
2 11 10 68
8 3 10 68
6 3 14 68
8 16 14 68
1 3 14 68
4 2 13 68
3 2 13 68
1 2 12 68
8 24 11 68
1 2 1 69
8 2 3 68
7 2 4 67
3 2 3 67
6 2 2 68
1 2 2 67
6 2 4 66
8 3 2 67
5 5 2 69
3 2 3 69
1 3 5 69
8 10 6 69
8 2 2 70
6 2 2 69
4 2 1 69
3 2 4 70
5 4 9 70
8 8 11 70
1 6 11 70
8 8 12 70
1 2 2 71
1 3 7 70
4 2 2 71
7 3 1 71
6 2 7 70
4 11 9 70
6 3 2 71
5 2 3 70
4 2 3 70
7 2 5 71
3 5 4 71
4 2 6 71
5 9 7 71
8 7 7 71
1 2 7 71
3 3 7 71
8 11 7 71
8 2 9 71
8 6 11 71
5 2 7 72
6 3 11 72
4 5 13 72
3 2 17 72
4 8 17 72
3 2 18 72
5 8 17 72
8 6 17 72
7 4 16 72
8 9 20 72
7 4 20 72
6 2 19 72
2 5 21 72
8 5 21 72
5 2 1 73
3 2 10 72
3 2 15 72
2 3 7 73
1 2 18 72
1 2 6 73
4 4 12 73
7 2 13 73
1 2 13 72
4 5 14 73
4 3 15 73
3 4 15 72
5 6 14 73
8 2 14 72
7 2 13 73
5 3 13 72
7 5 14 73
5 2 14 73
8 7 14 73
7 2 14 73
3 2 13 73
2 3 15 73
8 5 15 73
8 46 1 74
6 3 2 73
6 2 11 72
6 2 9 73
2 2 9 72
4 2 9 72
2 2 10 71
3 3 1 74
5 4 2 73
3 2 2 72
2 3 2 71
2 2 5 70
7 2 5 71
1 4 4 74
5 5 7 73
7 4 7 74
7 3 9 74
4 5 8 74
4 5 16 74
4 3 17 74
5 2 16 74
5 3 17 74
8 49 17 74
1 4 14 74
8 2 17 74
7 5 17 74
5 3 17 74
8 3 17 74
3 2 18 74
2 6 22 74
1 2 21 74
8 3 21 74
1 3 1 75
6 2 7 74
7 2 13 74
3 2 12 74
4 2 4 75
8 3 11 74
6 2 10 74
2 4 6 75
7 3 9 74
4 2 6 75
1 2 9 74
4 2 7 75
2 6 10 74
5 4 8 75
3 2 11 74
8 14 7 75
5 3 9 74
4 2 7 75
1 2 7 75
4 3 7 75
5 3 7 75
8 4 7 75
7 2 7 74
7 7 8 75
5 2 8 75
8 3 10 75
3 4 11 75
1 7 11 75
3 2 4 76
2 2 7 75
4 7 9 75
3 2 5 76
6 6 5 76
5 2 5 75
8 2 8 75
1 2 6 76
8 5 7 76
1 3 7 76
5 3 7 76
4 5 7 76
8 2 8 76
2 11 8 76
1 4 8 76
7 8 8 76
8 9 8 76
3 6 8 76
1 4 8 76
3 4 3 77
7 3 4 76
2 2 3 76
7 2 3 75
8 2 3 74
5 2 3 76
2 2 2 77
2 2 3 76
5 3 3 76
6 2 1 77
4 2 2 76
4 2 8 77
2 6 10 77
1 5 10 77
2 2 10 77
8 13 11 77
5 2 11 77
4 5 11 77
8 3 12 77
7 4 12 77
2 2 12 77
7 8 12 77
8 3 12 77
3 7 12 77
1 5 12 77
2 2 12 77
1 2 1 78
5 3 11 77
2 2 4 78
5 4 4 78
6 2 10 77
4 2 5 78
5 2 6 78
7 3 6 77
8 2 5 77
8 10 7 78
5 10 8 78
8 4 9 78
7 2 9 78
2 11 9 78
1 2 9 78
8 2 13 78
3 2 12 78
8 2 12 78
3 6 12 78
1 5 12 78
7 3 3 79
4 44 8 78
7 6 8 78
8 3 2 79
3 2 2 79
4 3 2 79
6 3 3 78
8 8 2 79
5 10 2 78
1 2 3 77
3 2 1 78
2 2 1 77
8 2 1 76
3 2 2 76
2 7 2 77
4 2 2 76
7 3 1 78
2 6 1 78
3 3 5 78
3 9 6 78
1 3 6 78
8 2 8 78
5 7 1 79
2 3 1 79
3 2 1 79
4 3 1 79
7 4 1 78
4 5 3 78
8 2 2 78
6 6 3 78
8 5 2 79
5 219 3 79
2 8 3 79
2 5 4 79
3 4 9 79
7 8 9 79
4 6 8 79
3 7 8 79
1 4 7 79
1 4 5 80
2 3 7 79
8 2 6 79
6 3 4 80
5 9 7 80
2 7 7 80
8 2 7 80
3 3 9 80
7 5 8 80
3 2 10 80
7 3 10 80
3 5 10 80
1 4 9 80
2 3 8 80
1 3 5 81
4 8 7 80
2 3 7 81
5 8 8 81
8 2 7 81
2 5 7 81
2 2 9 81
3 2 9 81
1 2 11 81
3 2 11 81
7 7 11 81
3 2 12 81
1 7 11 81
4 10 11 81
1 3 2 82
7 2 3 81
3 2 3 80
6 25 2 82
2 74 10 81
5 3 1 82
6 2 5 81
4 2 4 81
3 3 2 82
1 3 2 82
7 7 2 82
5 2 2 81
5 6 5 82
2 3 6 82
4 14 7 82
2 2 7 82
6 2 6 82
3 2 6 81
1 17 8 82
8 7 9 82
6 51 1 83
8 2 7 82
6 2 6 82
7 4 1 83
2 2 1 82
8 2 3 81
5 6 2 82
2 2 3 81
6 2 2 81
1 2 1 82
6 2 2 82
4 9 2 82
1 15 6 82
3 2 2 83
2 3 2 83
7 6 2 83
4 7 2 83
8 3 2 82
8 11 5 82
5 2 2 83
6 2 4 83
4 8 4 83
1 16 5 83
2 7 6 83
7 46 4 84
4 4 4 84
5 2 4 84
8 12 5 83
3 2 3 84
4 2 3 84
7 2 3 83
6 3 3 82
6 2 5 84
4 6 5 84
2 41 5 84
7 5 6 84
4 4 5 84
4 2 7 84
1 7 7 84
6 2 6 84
3 7 1 85
5 2 3 85
8 2 2 85
8 27 4 84
4 7 3 84
1 2 2 84
5 2 1 84
3 5 2 84
6 2 1 85
4 13 1 85
5 2 3 85
7 6 2 85
4 3 3 85
2 2 6 85
1 3 6 85
2 2 7 85
6 2 6 86
8 6 6 86
4 79 6 86
5 2 6 86
2 2 5 86
5 2 5 86
2 2 5 86
7 2 6 85
8 3 4 86
1 10 6 85
3 3 3 86
2 4 4 87
2 4 11 87
6 2 16 87
1 20 16 87
2 3 1 88
6 2 7 87
6 3 8 88
3 6 9 87
1 2 8 87
8 4 7 87
5 2 9 88
2 7 8 88
3 4 3 89
8 3 6 88
6 5 8 88
1 3 4 89
5 2 4 88
4 2 3 88
7 2 2 88
5 2 1 88
8 7 8 88
3 3 8 88
1 9 12 88
8 2 7 89
6 3 8 89
8 3 9 88
2 18 17 89
5 2 17 89
1 7 17 89
4 2 1 90
7 2 9 89
3 6 7 90
5 2 7 89
4 2 7 88
2 2 9 88
6 4 7 89
3 2 10 89
4 2 9 89
1 2 7 90
6 2 7 90
8 2 10 90
8 2 11 90
5 2 11 90
4 3 14 90
1 5 18 90
4 9 19 90
2 5 18 90
6 2 15 90
7 2 10 91
6 2 9 91
8 3 11 90
3 2 8 91
5 2 8 90
3 2 13 90
4 2 7 91
5 3 11 90
7 2 12 90
6 3 7 91
4 2 12 91
6 2 13 91
1 3 16 91
