11411
3736
5 2 5 1
8 2 8 1
3 2 12 1
7 3 18 1
5 2 24 1
5 2 25 1
3 3 25 1
2 4 30 1
4 2 30 1
1 2 34 1
4 2 35 1
8 3 40 1
6 2 41 1
4 2 42 1
7 2 44 1
3 2 44 1
8 3 44 1
2 2 43 1
1 3 47 1
2 3 47 1
1 2 52 1
3 3 53 1
2 2 56 1
8 2 59 1
2 2 58 1
3 2 63 1
8 2 68 1
7 3 72 1
6 3 76 1
3 2 76 1
2 2 75 1
7 3 75 1
8 2 76 1
1 2 77 1
7 2 2 2
4 3 2 1
2 2 1 1
8 2 1 1
1 2 1 2
8 3 7 1
3 4 12 1
4 2 18 1
7 2 38 1
6 3 65 1
4 2 67 1
7 2 4 2
5 2 4 1
6 3 12 1
4 2 11 1
8 3 11 1
3 2 25 1
8 2 25 1
5 4 36 1
1 4 44 1
4 4 48 1
5 2 47 1
5 2 9 2
6 2 36 1
6 2 45 1
8 2 8 2
7 2 12 1
7 3 23 1
6 4 47 1
1 2 46 1
5 2 46 1
6 4 10 2
4 3 14 1
5 2 17 1
7 2 23 1
2 2 30 1
8 2 36 1
4 5 36 1
7 2 38 1
1 2 13 2
8 2 23 1
7 3 29 1
3 2 37 1
6 2 15 2
4 2 15 2
2 4 21 1
1 2 20 1
7 2 15 2
8 2 22 1
3 2 21 1
4 2 26 1
4 2 15 2
4 2 16 2
3 2 26 1
2 3 20 2
3 2 24 1
1 2 23 1
8 2 21 2
7 3 21 2
8 2 21 2
3 2 2 3
1 2 8 2
7 2 10 1
3 2 12 1
2 2 15 1
3 3 9 2
4 2 9 2
6 3 3 3
2 6 5 2
4 2 6 1
6 2 7 1
8 2 9 1
7 6 7 2
4 2 8 1
5 2 6 2
5 3 3 3
1 5 3 2
6 3 2 2
5 5 9 3
8 2 9 3
4 2 9 3
5 2 13 3
7 2 12 3
3 2 12 3
5 2 13 3
1 2 14 3
3 3 13 3
7 2 17 3
1 2 23 3
6 3 24 3
7 4 27 3
1 2 30 3
2 6 31 3
6 2 30 3
8 4 30 3
5 4 34 3
1 2 33 3
3 3 33 3
2 3 34 3
8 3 41 3
2 2 43 3
6 2 5 4
4 5 12 3
6 8 12 3
3 2 22 3
3 2 5 4
7 2 5 3
5 3 8 3
8 2 9 3
4 2 12 3
4 2 7 4
3 3 10 3
6 2 12 3
3 2 12 3
2 5 14 3
6 4 19 3
5 2 22 3
5 2 14 4
5 2 16 3
1 2 22 3
4 4 22 3
3 2 21 3
7 2 19 4
1 2 22 3
2 2 21 3
4 2 21 3
5 3 21 4
7 2 22 3
6 2 21 4
1 3 21 4
5 2 22 3
7 2 20 4
8 3 21 3
3 2 20 4
2 2 28 4
7 2 29 4
6 3 33 4
4 3 35 4
1 3 35 4
2 2 38 4
5 2 2 5
7 2 11 4
6 3 12 3
7 2 33 4
4 2 3 5
4 3 11 4
6 2 19 3
1 2 18 4
4 2 18 3
5 2 28 4
6 2 6 5
2 2 9 4
2 2 11 3
8 2 10 4
6 2 12 3
2 2 11 4
1 2 12 3
7 3 11 3
8 2 19 4
2 2 5 5
1 2 16 4
7 2 15 4
3 2 15 4
4 3 8 5
8 2 16 4
4 2 9 5
1 2 9 4
3 4 11 5
4 3 10 5
2 3 12 5
4 3 12 5
3 3 16 5
6 2 16 5
2 2 16 5
1 2 18 5
6 2 25 5
4 3 33 5
8 2 38 5
4 2 37 5
2 3 46 5
3 3 47 5
1 4 4 6
1 3 5 5
3 4 5 4
3 3 8 3
6 3 9 3
1 2 10 3
5 3 8 4
2 4 7 5
8 2 6 5
3 2 6 4
6 5 6 3
7 2 7 3
2 2 7 5
8 2 19 5
3 9 21 5
1 3 21 5
6 2 22 5
1 2 6 6
3 2 6 5
4 2 8 5
5 2 17 5
2 4 18 5
8 2 17 5
6 2 22 5
5 2 24 5
3 2 26 5
6 2 27 5
6 2 6 6
1 2 23 5
8 2 25 5
4 3 9 6
1 2 10 5
2 2 9 5
6 3 8 6
8 2 9 5
1 2 12 5
7 2 18 5
3 2 19 6
2 3 19 6
5 3 19 6
4 2 23 6
1 4 23 6
2 5 24 6
7 2 23 6
4 2 30 6
2 5 31 6
7 2 31 6
3 2 34 6
4 3 46 6
2 2 45 6
5 3 47 6
4 4 48 6
3 2 48 6
1 4 49 6
4 2 49 6
5 2 2 7
4 3 9 6
4 2 16 5
8 2 15 5
3 5 8 6
6 2 11 5
5 2 10 5
5 3 27 6
3 2 38 6
1 2 37 6
2 2 39 6
5 2 4 7
7 2 10 6
8 3 18 6
2 4 21 6
1 2 21 6
8 2 22 6
6 4 30 6
1 3 29 6
4 6 5 7
2 2 10 6
3 2 20 6
8 3 8 7
2 2 13 6
4 2 19 6
3 5 29 6
1 2 23 7
5 2 26 6
5 3 23 7
6 2 26 7
1 2 28 7
7 3 28 7
6 2 32 7
2 2 39 7
2 2 41 7
2 2 43 7
3 2 43 7
6 3 4 8
5 2 6 7
1 2 6 6
2 2 7 5
8 2 5 6
3 2 9 5
6 2 10 5
7 2 9 6
4 2 9 5
7 2 17 6
2 2 17 7
6 2 19 7
3 2 34 7
5 2 7 8
6 3 7 7
1 2 8 6
4 2 12 6
4 2 14 6
5 5 9 8
1 2 9 7
2 2 11 6
7 2 10 6
3 3 9 7
2 2 14 7
4 3 14 7
7 3 24 7
7 2 9 8
4 2 8 8
6 2 19 7
8 5 23 7
7 2 10 8
1 3 17 7
4 4 13 8
8 2 13 7
6 2 13 8
6 2 22 7
4 2 13 8
5 3 21 7
1 3 16 8
7 4 17 8
3 4 19 7
5 2 26 8
4 2 28 8
4 4 30 8
5 3 38 8
5 2 46 8
6 4 48 8
8 5 2 9
1 4 6 8
5 2 10 7
1 2 11 7
5 2 11 7
7 2 1 9
5 2 4 8
6 2 5 7
3 2 5 6
6 2 8 5
1 2 4 6
7 2 5 5
8 2 9 8
8 2 15 8
1 2 35 8
5 2 35 8
1 2 36 8
1 2 9 9
4 2 12 8
5 2 13 7
6 2 11 8
7 4 12 9
6 2 26 8
2 2 25 8
1 4 13 9
7 4 26 8
6 2 13 9
1 2 18 8
6 2 18 8
3 5 18 8
7 2 17 8
5 2 14 9
8 2 14 8
5 2 14 8
7 2 16 8
3 2 17 8
8 2 14 9
8 2 21 8
7 2 22 8
6 2 21 8
1 4 14 9
2 2 14 8
4 2 13 9
3 2 13 8
1 2 12 8
2 2 12 9
4 2 13 8
2 3 14 8
4 2 14 9
3 2 13 9
8 6 13 8
5 2 12 8
1 4 12 9
3 2 16 9
3 2 19 9
6 2 22 9
1 3 22 9
4 2 25 9
6 2 28 9
3 2 1 10
3 2 17 9
6 3 18 9
4 2 19 9
2 3 19 9
7 2 18 9
5 2 21 9
2 2 21 9
7 2 24 9
5 5 4 10
7 2 6 9
6 2 7 8
4 2 10 8
6 3 6 10
1 2 12 9
2 11 9 10
4 2 11 9
1 2 12 9
5 2 17 9
8 3 20 10
1 3 20 10
3 2 20 10
4 2 34 10
4 2 37 10
7 3 38 10
8 2 39 10
6 2 40 10
7 2 44 10
6 2 44 10
3 4 45 10
7 4 46 10
8 2 49 10
6 3 49 10
8 2 53 10
2 2 55 10
3 2 62 10
1 2 1 11
6 2 1 10
4 2 2 9
2 4 2 8
7 2 4 7
8 2 6 6
5 2 7 8
5 2 9 11
5 2 15 10
2 2 15 10
5 2 25 10
1 3 27 10
5 2 26 10
1 3 11 11
8 5 11 10
6 2 12 10
3 2 12 10
4 2 11 10
5 2 10 10
7 3 12 11
1 2 17 10
3 5 33 10
6 2 33 10
5 2 32 10
8 2 35 10
6 2 37 10
3 2 15 11
6 2 16 10
8 2 23 10
8 2 14 11
2 2 16 10
8 2 30 10
7 2 29 10
2 4 29 10
1 3 18 11
5 2 30 10
1 2 20 11
3 4 23 10
4 2 25 10
7 2 20 11
1 2 28 10
3 2 3 12
2 3 3 11
7 2 5 10
8 2 6 9
8 3 2 11
5 2 15 10
3 2 14 10
2 2 4 11
4 2 16 10
6 2 18 10
2 2 17 10
1 2 16 11
8 3 15 11
4 2 17 10
7 2 16 11
5 2 16 10
3 3 15 10
5 2 30 11
8 3 3 12
7 2 5 11
1 2 13 10
4 2 12 11
7 4 2 12
2 2 5 11
5 2 6 10
3 2 7 9
8 2 7 9
7 2 6 9
1 2 5 9
1 3 4 11
6 2 10 10
4 4 18 11
2 2 25 11
6 3 3 12
5 2 3 11
4 3 3 10
5 2 2 10
2 3 12 11
6 2 5 12
2 3 4 12
1 5 4 11
3 3 3 11
7 2 2 11
1 2 15 11
5 2 7 12
3 2 9 12
4 2 17 11
6 2 17 11
5 2 9 12
8 2 13 11
3 2 11 12
7 2 13 11
8 2 14 12
6 2 31 12
2 2 54 12
7 3 3 13
5 3 18 12
5 2 11 13
8 2 30 12
4 3 29 12
8 2 20 13
7 2 32 12
8 3 37 12
4 2 37 12
1 2 30 13
7 2 34 12
7 2 42 12
5 2 42 12
3 3 42 12
7 2 42 12
5 3 44 12
8 4 45 12
4 4 31 13
1 2 44 12
8 2 30 13
2 2 30 12
6 5 35 12
7 3 34 12
5 2 36 12
8 3 35 12
7 4 37 12
3 4 34 13
4 2 37 13
2 2 37 13
8 3 40 13
4 4 39 13
7 3 42 13
7 3 46 13
1 3 46 13
2 2 47 13
1 2 52 13
2 2 51 13
8 3 53 13
8 2 54 13
1 4 3 14
8 3 3 13
7 2 24 12
1 2 24 12
2 2 24 12
3 2 25 12
5 2 30 12
5 3 3 13
8 2 16 12
3 2 15 12
1 2 14 12
4 3 13 12
6 2 19 12
1 2 5 13
2 4 8 12
7 2 9 11
8 3 8 13
5 3 16 12
6 3 10 13
6 5 34 13
6 2 38 13
4 2 38 13
1 2 10 14
7 3 11 13
8 2 11 13
6 2 15 12
2 2 10 13
1 3 11 12
3 2 10 12
5 2 13 11
8 3 9 13
3 4 14 13
7 3 13 13
2 3 12 14
8 4 16 13
3 3 21 13
8 2 13 14
1 2 15 13
3 2 14 13
4 2 14 12
5 2 16 14
2 2 16 14
3 3 17 14
4 2 17 13
6 2 16 14
7 2 15 14
1 2 23 14
2 4 26 14
7 4 30 14
1 2 37 14
6 3 43 14
7 2 42 14
5 3 41 14
1 2 41 14
7 2 42 14
6 3 3 15
3 2 28 14
7 2 3 15
4 3 7 14
5 2 12 13
1 2 12 12
3 2 11 12
7 2 11 13
6 2 8 14
5 2 8 13
8 2 11 12
4 2 8 13
6 2 7 13
1 2 9 12
4 2 9 11
8 2 8 11
1 2 3 15
7 2 11 14
4 2 14 14
7 2 20 14
4 2 21 14
1 2 25 14
2 2 29 14
1 2 30 14
7 2 5 15
8 2 29 14
3 3 20 15
7 3 25 14
1 2 26 14
6 3 19 15
4 3 26 14
2 2 19 15
5 2 24 14
8 2 23 14
1 2 26 15
8 3 30 15
4 5 31 15
7 3 31 15
1 2 31 15
2 2 30 15
7 2 29 15
2 2 37 15
1 2 40 15
5 3 57 15
6 2 58 15
5 7 2 16
5 2 3 15
4 2 18 14
3 2 18 14
4 2 2 15
3 2 3 14
8 4 4 13
7 3 5 12
3 2 7 11
2 2 5 12
5 2 4 13
8 2 15 14
4 2 16 14
4 2 3 15
1 2 5 14
6 2 4 14
5 2 2 15
7 3 2 14
3 2 5 14
2 3 8 14
6 2 8 14
3 2 15 15
2 2 20 15
4 2 20 15
5 2 24 15
3 2 25 15
6 2 2 16
3 3 8 15
8 3 8 15
1 3 10 15
7 2 12 15
5 2 11 15
6 2 26 15
8 3 3 16
2 2 8 15
6 2 9 15
1 2 16 15
8 2 15 15
4 2 4 16
6 3 12 15
8 2 15 15
2 3 21 15
4 5 5 16
7 3 19 15
8 3 18 15
3 2 17 15
2 2 6 16
5 2 7 15
8 2 6 15
3 2 7 16
5 2 7 15
5 4 8 15
4 2 6 16
1 3 6 16
7 2 9 15
2 3 8 15
1 2 8 14
3 2 5 16
7 6 7 16
6 2 11 16
3 3 13 16
2 2 18 16
5 2 22 16
2 4 22 16
2 2 24 16
1 2 27 16
6 3 32 16
5 2 41 16
8 2 40 16
7 2 1 17
5 3 14 16
1 3 13 16
5 4 15 16
3 2 14 16
3 2 27 16
5 2 26 16
7 2 28 16
4 2 30 16
7 3 30 16
1 3 29 16
8 4 1 17
1 4 1 16
2 2 3 16
7 2 6 15
8 2 6 15
1 2 6 16
7 3 6 16
8 2 15 16
6 3 16 16
8 3 18 16
3 4 3 17
6 4 3 16
2 2 11 17
1 2 13 16
6 2 12 17
3 2 13 16
6 3 16 16
7 2 16 17
3 2 16 17
5 2 15 17
4 3 14 17
3 3 18 17
8 2 22 17
4 2 29 17
8 2 29 17
3 3 38 17
7 2 38 17
8 2 40 17
1 2 43 17
6 2 1 18
5 2 3 17
1 3 9 16
8 2 11 16
5 2 4 17
3 2 4 16
4 2 3 16
7 2 8 17
4 4 8 16
6 2 7 16
2 2 23 17
4 4 35 17
6 2 6 18
2 2 15 17
1 2 15 17
1 2 16 17
4 2 20 17
1 2 24 17
5 3 23 17
6 2 7 18
6 2 25 17
2 2 24 17
6 2 8 18
4 3 15 18
6 5 15 17
3 4 15 18
8 2 16 18
7 2 21 17
1 2 20 17
5 3 19 17
6 3 18 18
8 3 18 18
4 3 18 18
7 2 18 17
8 5 18 18
3 2 22 18
4 2 26 18
6 2 26 18
3 4 26 18
5 3 26 18
4 2 27 18
1 2 27 18
7 2 28 18
1 2 31 18
8 2 43 18
2 2 43 18
2 2 6 19
6 2 29 18
8 2 28 18
5 3 27 18
6 2 26 18
5 2 30 18
7 2 31 18
8 2 5 19
1 2 8 18
2 2 16 17
5 2 16 17
5 2 5 19
4 2 16 18
2 4 18 18
2 3 20 18
7 2 19 18
1 2 18 18
8 2 20 18
1 2 20 18
5 3 7 19
4 2 12 18
7 4 15 17
6 2 14 18
3 2 14 17
8 2 15 18
5 2 8 19
7 2 8 19
4 2 14 18
3 2 8 19
1 2 7 19
5 2 7 19
6 3 8 18
7 2 13 17
3 5 7 18
8 2 8 17
5 2 7 17
2 2 7 18
6 2 6 19
7 2 11 18
3 2 6 19
8 2 7 18
7 3 9 19
5 3 9 18
5 2 17 19
4 3 19 19
6 2 19 19
8 2 21 19
2 3 22 19
6 2 26 19
5 2 28 19
1 3 27 19
8 2 32 19
5 2 35 19
1 4 36 19
2 2 36 19
8 3 37 19
6 2 2 20
1 2 10 19
4 2 22 19
1 4 22 19
7 2 22 19
6 4 27 19
4 2 26 19
3 2 27 19
4 2 3 20
2 2 5 19
6 7 4 19
7 3 6 18
2 3 6 17
8 2 5 19
4 2 5 18
5 2 5 19
1 2 2 20
5 2 12 19
4 5 18 19
4 3 1 20
8 3 2 19
6 2 4 19
3 2 4 19
1 3 5 18
7 5 3 20
3 2 12 20
2 2 11 20
8 2 11 19
3 2 10 20
8 4 16 20
3 2 39 20
4 2 40 20
1 4 41 20
7 2 40 20
2 6 42 20
8 3 43 20
3 6 44 20
6 2 50 20
2 2 9 21
5 2 10 20
6 2 13 20
1 2 20 20
2 2 26 20
5 2 26 20
6 2 29 20
4 2 31 20
8 2 30 20
6 2 30 20
1 2 9 21
3 2 10 20
5 2 10 20
6 2 12 19
3 5 21 20
3 2 25 20
8 2 29 20
4 2 31 20
2 2 11 21
6 9 15 20
4 3 14 20
5 3 14 20
3 2 13 20
7 2 15 20
1 2 21 20
2 2 21 20
5 2 20 20
8 4 11 21
7 2 20 20
4 3 21 20
2 3 23 21
8 2 22 21
6 2 22 21
5 2 26 21
2 2 25 21
1 2 31 21
6 3 36 21
3 2 35 21
1 2 34 21
2 2 34 21
7 2 36 21
5 2 39 21
5 3 41 21
6 5 44 21
7 2 9 22
1 2 19 21
3 2 20 20
6 2 18 21
6 2 24 21
1 2 23 21
4 3 24 21
4 2 36 21
1 3 8 22
8 4 24 21
3 2 37 21
5 3 13 22
8 4 34 21
7 3 13 22
7 3 18 21
4 2 34 21
6 4 34 21
5 4 13 22
3 2 22 21
1 3 26 21
8 2 21 22
6 4 22 21
4 4 21 21
2 2 23 21
5 2 24 22
3 5 27 22
8 2 29 22
8 2 30 22
2 2 30 22
6 3 30 22
8 2 39 22
6 2 38 22
8 2 45 22
6 2 44 22
1 2 43 22
5 2 43 22
7 2 43 22
5 5 43 22
4 2 42 22
5 2 50 22
8 3 4 23
2 2 20 22
5 2 19 22
1 2 19 22
4 2 19 21
8 2 19 20
6 3 19 22
7 2 23 21
4 2 24 22
2 2 20 23
4 2 20 22
3 4 22 21
1 2 20 22
6 3 20 21
5 3 19 22
8 2 19 23
2 3 27 23
8 4 28 22
4 3 39 23
1 3 39 23
6 2 41 23
2 2 42 23
6 2 46 23
7 3 49 23
6 3 49 23
4 2 48 23
3 2 47 23
3 2 53 23
1 3 3 24
6 3 4 23
8 2 8 22
1 2 12 21
6 2 12 21
4 2 14 20
7 2 7 22
1 3 10 21
1 3 14 20
2 2 16 20
2 2 9 21
7 4 14 20
5 2 13 20
3 2 11 21
8 3 12 22
2 2 11 22
1 2 20 22
2 2 3 23
1 2 5 23
8 2 6 22
3 3 7 21
4 2 6 21
8 5 7 22
2 2 10 22
4 4 8 23
5 2 10 22
7 2 30 23
5 4 29 23
4 2 36 23
1 2 35 23
8 4 37 23
5 5 3 24
4 2 4 23
7 2 10 22
8 2 2 24
3 5 11 23
3 2 14 22
2 4 10 23
7 2 11 23
7 6 13 23
1 2 14 23
3 4 21 23
2 2 20 23
1 2 20 23
5 2 21 23
3 2 1 24
2 5 1 23
6 2 3 22
7 2 3 21
2 2 6 20
7 2 5 20
4 2 8 19
4 2 9 23
2 2 13 23
3 2 18 23
2 2 2 24
1 2 13 23
1 3 2 24
5 2 1 24
3 2 6 23
6 4 5 23
1 2 6 22
5 2 3 24
2 3 15 24
1 2 23 24
6 2 23 24
2 3 23 24
8 3 26 24
4 4 26 24
7 2 30 24
4 2 31 24
5 2 34 24
8 4 35 24
8 2 37 24
2 3 43 24
8 3 45 24
2 2 47 24
3 3 47 24
8 2 48 24
6 2 1 25
3 2 10 24
8 2 10 23
1 2 11 24
3 3 11 24
4 2 11 23
6 2 11 24
7 2 13 24
3 2 14 24
7 3 14 24
2 2 29 24
5 2 28 24
7 3 9 25
4 2 11 24
6 2 27 24
1 3 33 24
8 2 8 25
5 2 20 24
4 3 12 25
3 3 12 25
1 2 19 24
8 3 27 24
4 3 27 24
2 2 14 25
6 2 19 24
5 2 27 24
3 3 16 25
3 3 17 25
8 3 20 24
6 2 18 25
5 3 19 25
2 2 27 25
5 3 28 25
8 2 27 25
7 2 27 25
8 2 37 25
4 2 36 25
5 2 4 26
3 7 6 25
1 2 7 24
2 2 18 24
6 2 19 24
1 2 21 24
7 2 20 24
6 2 22 25
5 2 22 25
1 2 22 25
3 2 21 25
5 2 6 26
6 2 6 25
7 2 7 24
3 2 9 24
2 2 8 24
1 2 6 26
8 2 7 25
3 4 12 25
4 2 14 25
7 2 17 25
6 2 6 26
8 2 5 26
4 2 5 25
5 2 12 24
7 2 13 24
2 2 5 25
4 2 6 24
6 2 10 23
7 2 5 25
1 7 12 26
5 2 27 26
5 2 28 26
4 2 29 26
5 2 29 26
7 2 41 26
5 6 48 26
7 2 53 26
3 3 55 26
5 7 54 26
1 3 67 26
6 4 3 27
5 2 37 26
1 2 38 26
7 2 44 26
2 2 44 26
8 2 44 26
7 2 54 26
6 2 56 26
4 4 59 26
2 4 5 27
2 2 9 26
6 2 8 26
6 2 13 26
4 2 19 26
8 2 19 26
6 2 21 26
7 3 21 26
3 2 20 26
2 2 20 26
1 2 19 26
7 3 4 27
4 2 8 26
3 2 9 25
7 2 8 26
3 2 20 26
6 2 27 26
7 2 26 26
8 2 26 26
6 2 25 26
7 2 24 26
2 8 24 26
3 2 10 27
7 2 19 26
1 2 28 26
6 2 33 26
8 2 15 27
4 2 19 26
8 2 19 26
4 2 20 26
3 2 19 27
5 3 42 27
7 2 56 27
7 2 59 27
7 2 63 27
4 3 62 27
1 2 7 28
2 2 17 27
5 2 23 26
3 2 26 26
5 2 26 26
2 2 26 26
8 4 28 27
7 2 27 27
4 2 44 27
3 2 7 28
5 2 10 27
3 2 12 27
2 2 21 26
4 2 11 27
1 2 11 26
8 2 11 26
3 3 21 26
7 2 11 27
3 2 15 26
2 2 14 26
6 2 17 27
4 2 27 27
1 2 33 27
6 4 33 27
3 4 32 27
6 2 36 27
8 2 11 28
6 2 18 27
5 2 17 27
8 3 17 26
6 2 18 27
2 2 23 27
7 4 14 28
2 3 24 27
1 2 16 28
7 2 19 27
5 2 16 28
8 3 26 27
4 2 17 28
5 2 25 27
4 3 21 28
4 2 22 28
1 3 26 27
6 4 21 28
3 2 20 28
8 2 20 27
3 2 24 27
8 3 30 28
1 5 39 28
8 2 45 28
4 3 47 28
1 2 3 29
8 2 6 28
1 2 6 27
5 3 6 26
2 2 10 25
8 3 5 26
1 2 4 26
8 3 4 25
4 2 3 25
5 2 6 24
7 2 3 26
4 2 4 27
2 2 13 27
1 3 26 28
4 2 4 29
6 3 8 28
3 2 12 27
5 2 11 27
1 2 7 28
3 6 7 28
2 5 12 28
1 4 4 29
5 5 4 28
4 2 10 27
6 5 3 28
7 2 3 28
3 2 7 28
8 5 33 28
8 2 3 29
4 2 15 28
6 4 22 28
1 2 23 28
2 2 26 28
1 2 3 29
4 3 4 28
1 2 10 27
5 2 9 27
8 2 8 27
7 2 4 28
2 2 7 28
3 3 12 28
6 2 12 28
8 2 20 28
6 2 14 29
5 2 15 29
5 2 17 29
3 2 18 28
3 4 19 29
8 5 19 29
1 2 20 29
7 3 31 29
2 3 31 29
5 3 33 29
3 2 32 29
1 2 32 29
2 2 36 29
1 2 36 29
7 4 35 29
3 2 44 29
8 2 43 29
7 2 43 29
2 5 43 29
5 4 43 29
8 3 8 30
3 3 32 29
7 2 7 30
3 2 12 29
4 2 20 28
5 2 17 29
7 2 17 28
1 2 18 28
3 2 19 29
6 2 21 29
5 2 22 29
6 3 25 29
8 3 7 30
2 2 15 29
8 5 17 29
7 2 21 29
6 5 24 29
1 5 24 29
1 3 7 30
4 3 7 29
5 2 11 28
7 2 11 28
6 3 10 28
8 2 9 28
7 2 8 30
7 2 13 29
4 3 10 30
4 2 14 29
3 2 13 29
3 2 9 30
8 3 11 29
2 2 10 29
5 3 9 29
5 2 12 30
1 2 13 30
6 3 15 30
2 2 15 30
2 3 17 30
2 2 25 30
5 2 25 30
1 2 26 30
8 2 28 30
3 2 27 30
6 5 34 30
5 3 5 31
1 2 5 30
1 2 8 29
4 2 9 28
2 3 4 30
7 2 6 30
6 3 5 30
5 2 6 30
5 2 7 29
6 2 21 30
1 3 20 30
5 3 19 30
8 2 4 31
7 2 5 30
3 5 11 30
5 2 10 30
6 3 4 31
1 2 10 30
3 4 4 31
4 5 5 30
2 2 8 29
3 2 9 28
8 2 7 29
1 2 4 30
6 2 5 30
3 2 6 29
5 2 5 31
8 2 4 31
8 2 7 30
2 2 6 30
7 2 4 31
4 2 3 31
5 5 3 31
6 2 5 31
7 2 6 31
1 2 5 31
4 2 5 31
5 2 7 31
1 2 8 31
8 3 7 31
3 2 8 31
2 3 7 31
2 2 18 31
7 4 24 31
8 3 23 31
5 3 28 31
1 2 30 31
7 2 37 31
3 3 40 31
3 2 41 31
5 2 5 32
3 4 31 31
2 2 30 31
6 3 7 32
5 3 9 31
5 2 18 31
8 2 37 31
3 2 8 32
2 2 25 31
5 2 26 31
2 2 29 31
4 2 7 32
1 2 10 31
5 2 15 31
4 4 28 31
4 2 8 32
2 2 8 31
8 2 7 31
8 2 10 32
6 2 12 31
3 2 11 31
3 2 16 31
4 2 15 31
2 2 9 32
7 3 10 31
1 3 8 32
8 2 16 31
1 2 17 31
6 3 7 32
3 4 13 31
3 2 18 31
6 4 20 32
4 2 32 32
8 2 31 32
8 4 39 32
8 4 45 32
3 2 5 33
8 2 22 32
1 2 27 32
2 4 36 32
4 2 35 32
7 5 37 32
7 2 40 32
7 2 5 33
1 2 9 32
5 2 13 32
8 2 16 31
6 2 15 31
7 3 14 31
1 2 15 33
2 2 16 32
6 3 24 32
1 2 32 32
7 3 15 33
5 2 20 32
3 4 28 32
7 3 16 33
7 2 18 33
5 2 18 32
3 3 17 32
5 2 21 32
1 3 18 33
6 2 18 33
3 2 22 32
4 2 25 32
2 5 19 33
7 3 22 32
8 3 21 32
2 5 20 33
6 5 19 33
7 2 19 32
4 2 18 32
3 2 19 33
4 5 19 33
1 2 18 33
7 2 20 33
6 2 19 33
1 3 19 33
2 2 19 33
1 2 20 33
4 2 20 33
7 3 20 33
6 2 19 33
2 2 21 33
3 2 22 33
6 3 24 33
7 2 23 33
6 2 29 33
7 2 30 33
6 3 33 33
4 2 3 34
7 4 7 33
6 2 10 32
8 2 16 32
5 2 15 32
3 3 9 33
2 2 13 32
4 5 13 33
7 3 13 33
4 2 13 33
2 2 17 34
4 3 18 34
5 2 18 33
5 2 22 33
6 4 18 34
5 3 18 34
7 2 21 33
6 2 19 34
2 2 18 34
3 2 17 34
4 2 16 34
1 2 17 34
4 2 20 34
8 5 21 33
5 2 19 34
8 2 20 34
4 2 20 34
4 3 26 34
6 2 30 34
2 2 30 34
6 2 39 34
6 2 43 34
5 2 43 34
3 2 43 34
3 2 46 34
5 2 46 34
1 2 46 34
7 2 47 34
3 3 2 35
2 2 3 34
1 2 3 33
8 2 6 32
6 2 10 32
3 2 11 31
2 2 5 35
5 2 6 34
4 2 5 34
1 2 5 33
2 2 6 32
4 2 7 32
2 2 7 32
8 2 5 34
3 2 6 33
5 2 5 34
6 2 17 34
6 5 6 35
5 2 10 34
5 3 23 34
7 3 22 34
1 2 5 35
8 2 5 34
2 2 8 33
6 2 7 33
3 2 7 34
8 2 8 33
2 3 6 34
3 2 5 34
4 2 6 33
1 2 7 32
4 2 17 34
8 2 18 34
8 2 6 35
1 4 6 34
7 2 6 33
4 2 18 34
4 2 11 35
5 2 17 34
3 5 11 35
3 2 16 34
4 2 11 35
7 2 14 35
6 3 16 35
2 2 15 35
8 2 15 35
2 3 27 35
6 2 28 35
4 2 27 35
6 2 26 35
7 3 25 35
3 2 24 35
6 2 25 35
1 2 24 35
5 2 25 35
4 2 28 35
8 2 32 35
3 2 5 36
4 2 5 35
5 2 6 34
8 2 5 34
5 2 7 34
2 2 10 34
6 2 4 35
3 4 12 35
8 5 12 35
5 2 11 35
7 2 16 35
4 2 18 35
5 2 24 35
1 2 29 35
6 3 10 36
6 2 20 35
7 2 20 35
3 2 19 35
4 2 10 36
7 2 10 35
1 2 9 36
8 4 12 35
3 2 11 35
1 3 11 35
2 3 10 35
6 5 15 36
3 2 15 35
2 2 14 36
4 2 15 35
1 3 16 36
4 2 20 35
7 2 15 36
8 2 14 36
7 3 14 35
6 3 16 35
7 2 16 36
4 2 18 36
2 2 19 36
3 2 21 36
5 2 22 36
2 2 22 36
4 4 26 36
6 3 28 36
8 3 32 36
6 2 32 36
7 2 40 36
8 2 41 36
6 3 41 36
3 2 42 36
5 2 44 36
4 3 3 37
4 2 10 36
3 2 15 35
5 3 14 35
5 2 9 36
1 2 13 35
3 4 11 36
6 2 14 36
3 2 27 36
5 3 27 36
8 2 27 36
8 2 30 36
5 2 4 37
7 2 25 36
3 2 4 37
2 2 8 36
5 2 23 36
5 2 24 36
7 6 4 37
4 4 20 36
7 4 21 36
2 2 26 36
6 3 26 36
4 2 5 37
2 5 21 36
2 2 4 37
8 2 8 36
5 2 8 35
4 2 8 35
7 2 9 34
6 3 7 35
4 2 7 37
2 2 6 37
8 3 6 36
8 2 9 36
1 3 9 36
4 2 8 36
5 2 7 36
6 2 13 37
7 5 14 37
8 2 14 36
6 2 19 37
4 4 18 37
3 2 18 37
1 2 30 37
1 2 33 37
6 8 36 37
4 2 35 37
6 3 38 37
5 2 4 38
2 3 23 37
5 5 32 37
5 2 35 37
8 3 34 37
6 2 33 37
7 3 5 38
3 2 15 37
8 2 18 37
7 2 21 37
4 3 23 37
5 2 6 38
4 2 10 37
3 2 12 36
7 2 11 38
4 3 11 37
2 2 12 36
3 3 23 37
5 2 13 38
3 2 20 37
2 2 20 37
1 4 20 37
1 2 12 38
2 2 14 37
4 2 12 38
7 2 19 37
2 3 13 38
1 2 15 37
3 2 12 38
4 3 16 38
2 2 16 38
1 2 17 38
8 2 18 38
4 2 18 38
5 2 17 38
3 2 17 38
8 2 20 38
1 2 21 38
2 2 25 38
1 2 29 38
1 2 31 38
5 2 30 38
8 4 30 38
6 2 30 38
3 2 29 38
8 2 29 38
6 5 29 38
4 4 30 38
1 2 5 39
8 2 5 38
6 2 9 37
8 2 13 37
5 2 13 36
8 3 7 39
4 2 6 39
5 2 9 38
5 2 22 38
6 2 25 38
2 3 28 38
7 9 8 39
2 2 9 38
4 2 22 38
8 2 7 39
4 2 12 38
7 2 11 38
2 2 15 39
1 2 22 38
6 2 14 39
8 2 14 39
5 6 18 39
1 2 20 39
6 3 20 39
7 3 21 39
8 3 21 39
7 5 30 39
2 2 30 39
5 2 36 39
3 2 38 39
6 2 38 39
7 2 42 39
8 4 44 39
6 5 43 39
5 2 57 39
6 2 5 40
5 3 5 39
7 2 5 38
5 2 12 38
3 2 13 38
7 3 12 38
6 2 4 39
1 2 7 38
3 2 6 38
4 2 6 37
6 2 11 36
8 2 10 37
5 2 5 38
2 2 7 37
7 2 7 36
2 2 8 38
6 3 6 39
1 2 31 39
4 5 33 39
6 2 32 39
7 8 36 39
4 3 34 39
1 2 36 39
3 2 8 40
7 2 8 39
7 2 23 39
2 2 23 39
4 2 34 39
3 2 33 39
3 2 12 40
4 3 12 39
5 3 11 39
6 3 15 39
2 2 23 39
2 2 11 40
1 2 15 40
8 2 17 39
6 3 21 39
3 2 25 39
7 2 14 40
3 4 15 40
5 2 25 39
1 2 20 40
4 2 21 39
5 2 21 39
7 2 20 39
1 2 19 39
6 2 19 40
8 3 24 40
4 2 30 40
1 2 30 40
7 2 45 40
5 2 48 40
6 2 48 40
8 2 49 40
3 3 1 41
7 2 3 40
3 2 9 39
8 2 10 39
4 3 8 40
8 2 12 39
7 2 13 39
4 2 12 39
5 4 15 40
4 2 17 40
8 2 30 40
8 2 38 40
2 2 1 41
1 4 11 40
2 2 14 40
4 2 23 40
7 2 25 40
1 2 1 41
3 3 12 40
5 2 18 40
7 2 18 40
2 2 27 40
6 5 28 40
3 6 27 40
7 2 1 41
3 2 7 40
2 5 10 39
5 2 11 39
6 3 9 40
5 3 4 41
3 3 11 40
7 2 18 40
8 4 6 41
4 3 6 40
5 2 8 39
1 2 7 40
5 2 9 40
4 2 8 41
1 2 8 40
2 2 13 41
1 3 14 41
4 3 20 41
8 2 23 41
7 4 26 41
8 4 25 41
1 2 26 41
5 2 26 41
1 2 32 41
6 2 33 41
5 2 33 41
6 2 1 42
2 2 1 41
6 2 6 40
5 2 6 40
3 2 9 39
2 2 6 41
6 2 8 40
8 2 8 40
3 2 6 41
7 3 6 41
6 2 6 40
8 3 5 41
1 2 7 40
6 2 4 42
6 2 14 41
3 2 19 41
3 2 7 42
2 3 8 41
4 2 13 41
2 4 17 41
4 2 17 42
5 4 19 42
4 2 22 42
8 2 29 42
1 2 33 42
6 2 34 42
6 2 35 42
1 3 36 42
3 2 38 42
8 2 37 42
5 2 36 42
6 4 41 42
7 2 40 42
7 3 49 42
1 2 3 43
7 2 5 42
2 2 11 41
3 2 10 41
1 2 12 41
3 2 22 42
3 4 23 42
4 5 27 42
5 3 25 42
5 2 27 42
3 3 27 42
2 6 26 42
6 3 4 43
8 2 8 42
1 3 24 42
7 2 29 42
3 2 6 43
7 2 8 42
1 2 8 41
8 2 10 41
6 2 10 41
2 2 31 42
5 2 30 42
2 2 9 43
3 4 9 42
2 2 11 41
7 2 8 42
5 2 10 41
6 2 12 42
7 2 14 42
2 4 17 42
6 2 22 42
3 2 26 42
5 2 26 42
3 2 8 43
1 2 8 42
2 2 9 41
8 4 8 42
3 2 18 42
4 2 22 42
1 3 17 43
2 3 21 43
2 2 22 43
8 3 33 43
6 2 37 43
8 3 42 43
1 2 43 43
7 2 42 43
4 3 43 43
3 3 46 43
6 2 48 43
7 2 2 44
2 3 10 43
8 2 12 42
1 2 12 42
3 2 14 42
7 2 21 42
6 2 20 42
5 2 18 43
3 2 23 43
3 2 25 43
5 5 34 43
2 2 33 43
3 6 36 43
5 3 33 43
4 3 33 43
2 4 2 44
6 2 2 43
3 2 2 42
7 2 7 41
7 2 2 42
4 2 1 42
2 3 4 41
3 2 5 40
4 3 4 40
6 2 4 41
5 3 3 42
4 3 7 42
8 3 7 43
2 2 7 42
7 2 6 42
3 3 6 43
8 2 6 43
7 4 15 43
2 2 22 43
6 3 3 44
7 2 3 43
2 2 9 43
4 2 9 43
1 2 13 43
5 2 2 44
6 2 2 43
8 2 5 43
3 2 4 43
5 2 5 44
6 2 12 43
3 2 7 44
4 3 8 43
2 2 7 43
7 4 7 44
4 2 9 44
5 3 9 44
7 4 14 44
5 2 20 44
2 5 30 44
1 3 29 44
7 3 29 44
3 2 36 44
1 3 36 44
5 3 35 44
3 2 35 44
5 3 35 44
3 4 1 45
4 3 1 44
8 3 9 44
4 2 18 44
2 2 17 44
7 3 18 44
5 3 26 44
7 2 1 45
6 2 9 44
3 3 11 44
6 3 14 44
4 3 14 44
7 2 3 45
4 2 3 45
2 2 16 44
1 2 20 44
2 2 21 44
5 2 9 45
6 2 10 44
4 2 19 44
1 2 9 45
7 2 9 44
1 2 9 43
2 2 8 45
4 2 12 44
6 3 7 45
3 3 10 44
6 3 9 45
8 2 9 44
5 3 11 45
7 2 11 45
6 3 11 45
8 2 13 44
4 7 11 45
7 2 16 45
7 2 19 45
3 2 35 45
8 2 35 45
1 3 34 45
3 3 34 45
7 2 34 45
4 2 36 45
6 2 37 45
3 2 40 45
2 5 7 46
7 3 7 45
1 2 7 44
2 2 11 44
1 4 10 45
8 4 15 45
7 2 16 45
4 2 24 45
6 2 7 46
5 2 11 45
1 2 13 45
1 2 15 45
3 2 15 45
3 2 17 45
6 5 16 45
5 3 15 45
2 5 10 46
4 2 20 45
3 2 19 45
4 2 12 46
6 2 12 45
3 2 12 45
5 3 15 45
7 5 15 45
1 3 13 46
2 3 17 45
7 3 17 46
2 3 17 46
6 2 23 46
2 2 22 46
7 2 23 46
8 2 22 46
4 2 22 46
2 2 22 46
5 3 25 46
6 2 25 46
7 2 29 46
4 2 30 46
3 2 40 46
2 2 13 47
3 2 22 46
7 3 35 46
8 2 36 46
3 3 14 47
5 2 24 46
1 4 36 46
8 3 20 47
6 2 21 46
7 2 22 46
3 2 29 46
4 2 30 46
1 4 27 47
7 2 29 46
1 2 28 46
6 2 27 47
6 2 28 47
1 2 33 47
2 2 35 47
4 2 35 47
4 5 38 47
2 2 39 47
8 2 38 47
3 2 40 47
7 2 39 47
4 3 41 47
6 2 45 47
4 3 45 47
2 3 44 47
8 3 44 47
1 2 46 47
1 2 49 47
2 3 49 47
7 6 49 47
6 3 51 47
3 2 50 47
5 3 8 48
5 2 19 47
8 2 20 47
6 2 22 46
6 3 8 48
8 3 9 47
5 2 11 46
7 3 19 45
1 2 13 46
6 2 17 45
3 2 12 46
2 2 14 45
4 2 17 47
8 2 19 47
5 2 37 47
7 2 8 48
1 3 8 47
6 2 10 46
8 2 15 45
8 2 10 46
2 2 13 46
1 2 12 46
2 2 12 45
5 2 14 45
3 3 7 47
1 2 13 47
6 4 25 47
5 2 25 47
3 2 32 47
1 3 17 48
6 3 30 47
8 2 24 48
4 2 28 47
2 2 27 47
3 2 27 48
8 2 47 48
1 3 54 48
3 2 55 48
8 2 54 48
5 2 54 48
4 2 56 48
6 2 59 48
3 2 4 49
8 2 5 48
8 2 17 47
7 2 23 47
5 2 7 48
7 2 11 47
1 2 21 47
4 2 7 48
3 2 9 47
4 2 10 46
3 2 12 48
2 2 15 47
6 3 18 48
7 2 21 48
6 3 23 48
6 4 29 48
1 2 32 48
7 2 37 48
8 2 9 49
4 2 17 48
4 2 18 47
6 2 17 47
1 2 16 47
5 2 16 48
3 3 15 48
2 2 15 48
8 2 14 48
5 2 24 48
7 2 30 48
1 2 9 49
5 3 9 48
2 2 7 49
3 3 12 48
7 2 14 47
1 2 11 48
5 4 12 47
2 2 12 46
3 2 11 46
8 2 10 48
7 2 7 49
3 2 10 49
2 4 11 48
4 2 16 48
6 2 16 48
7 3 9 49
2 4 9 48
1 2 8 48
7 6 21 48
2 2 19 48
5 2 19 48
1 2 11 49
1 4 16 49
8 2 26 49
5 2 28 49
5 2 31 49
6 3 31 49
2 2 33 49
6 3 32 49
4 2 32 49
8 4 33 49
2 3 39 49
4 2 2 50
5 2 4 49
6 3 7 48
6 2 10 47
8 4 6 48
4 4 6 48
3 2 6 48
6 2 11 47
2 2 9 48
4 3 9 48
3 2 8 48
2 3 7 49
8 2 7 49
1 3 15 49
2 2 15 49
7 2 14 49
2 2 19 49
5 2 1 50
6 3 3 49
7 2 5 48
3 3 4 49
6 2 4 48
7 2 5 49
5 2 7 49
1 3 8 49
4 2 16 49
8 2 16 49
6 2 16 49
2 3 1 50
1 2 9 49
1 2 14 49
4 2 3 50
7 2 6 49
3 3 7 49
4 2 4 50
2 2 6 49
7 2 5 50
4 2 8 49
1 3 8 49
2 3 13 50
3 2 13 50
1 2 12 50
4 2 18 50
8 2 18 50
7 2 21 50
4 3 23 50
8 4 22 50
5 4 22 50
1 3 28 50
8 2 31 50
1 2 31 50
5 2 30 50
7 2 32 50
4 2 31 50
8 5 34 50
3 2 41 50
4 2 40 50
3 2 43 50
5 2 2 51
1 3 2 50
8 2 2 49
8 2 3 48
5 2 2 50
6 2 3 49
5 2 4 48
8 2 3 49
3 2 2 50
5 3 4 50
8 2 2 51
2 2 12 50
4 2 11 50
4 4 1 51
5 2 5 50
6 3 6 50
3 3 5 50
7 2 4 50
1 2 7 50
4 2 11 50
1 2 11 50
6 2 18 50
6 6 9 51
4 2 18 50
8 2 13 51
1 4 13 50
1 3 17 51
6 3 18 50
3 2 17 50
1 2 20 51
6 2 20 51
6 4 28 51
2 3 28 51
3 3 29 51
8 2 30 51
3 5 44 51
7 2 54 51
6 2 53 51
8 2 57 51
3 2 1 52
8 3 2 51
6 3 3 50
5 2 9 51
8 3 10 50
8 2 20 51
6 6 23 51
1 2 22 51
1 2 25 51
8 3 25 51
5 2 24 51
2 3 10 52
7 3 10 51
4 2 11 50
1 2 9 52
4 2 12 51
7 3 17 51
4 2 29 51
5 5 32 51
8 2 31 51
8 2 32 51
2 2 31 51
2 3 8 52
4 2 22 51
2 2 21 51
5 2 29 51
2 2 9 52
4 4 11 52
7 4 20 51
5 7 15 52
3 2 16 51
8 2 16 51
6 2 14 52
1 3 17 51
6 2 17 52
4 5 17 51
8 2 19 52
4 3 20 52
1 4 20 51
5 2 19 51
6 3 18 52
2 2 21 51
3 2 18 52
3 2 19 51
6 2 19 51
1 2 21 52
2 2 20 52
1 2 23 52
6 3 23 52
4 3 25 52
6 4 28 52
8 3 30 52
5 2 2 53
8 2 7 52
5 2 7 51
3 2 8 50
3 2 10 50
2 2 9 50
4 2 15 52
7 2 18 52
5 2 17 52
7 2 19 52
2 2 2 53
2 2 11 52
7 2 16 51
4 2 15 52
5 2 14 52
3 3 6 53
7 4 6 52
4 2 6 51
7 2 8 50
1 2 7 50
8 2 7 51
8 5 11 51
7 2 13 52
6 4 6 53
2 2 7 52
1 2 6 52
3 2 7 51
6 3 7 53
8 4 8 53
4 2 7 53
1 2 7 52
6 3 8 52
7 2 15 53
1 3 16 53
3 3 17 53
6 2 18 53
8 3 18 53
4 3 19 53
7 2 20 53
4 3 22 53
8 2 22 53
1 3 21 53
6 4 22 53
7 2 21 53
7 3 28 53
8 6 30 53
6 3 31 53
3 3 39 53
3 2 41 53
5 2 42 53
1 2 1 54
4 3 2 53
5 5 7 52
2 2 8 51
7 2 7 51
2 2 3 53
7 2 4 52
4 2 5 52
8 2 4 53
4 2 26 53
5 5 27 53
8 3 1 54
4 2 18 53
3 2 23 53
3 2 24 53
8 2 30 53
8 2 6 54
1 2 15 53
1 2 17 53
1 3 23 53
1 2 9 54
3 2 11 53
5 2 24 53
5 2 10 54
2 2 15 53
4 3 17 53
1 2 18 53
6 4 10 54
4 2 10 53
2 2 12 53
3 2 11 53
5 2 11 53
8 3 15 53
7 2 14 53
2 2 14 54
4 2 14 54
1 2 16 54
7 2 25 54
7 4 37 54
1 2 38 54
1 2 44 54
8 3 44 54
8 4 10 55
7 2 15 54
2 2 14 54
5 2 9 55
8 2 9 54
8 2 13 53
2 2 16 54
1 3 18 54
2 2 24 54
5 2 23 54
8 2 27 54
7 2 33 54
7 2 14 55
4 2 26 54
7 2 28 54
3 3 29 54
4 2 29 54
1 2 14 55
3 4 23 54
5 2 23 54
6 2 14 55
4 2 14 54
8 2 17 54
2 2 16 54
7 2 16 55
2 2 21 54
4 3 16 55
8 2 22 54
6 2 17 55
2 3 19 54
6 2 18 54
5 2 17 54
7 2 17 55
5 4 22 55
1 3 22 55
6 2 22 55
1 2 22 55
3 2 22 55
4 2 24 55
7 2 41 55
3 2 40 55
6 2 40 55
2 6 40 55
1 3 44 55
2 2 48 55
8 3 49 55
3 4 48 55
6 2 3 56
1 4 6 55
6 2 13 54
1 2 15 54
8 2 18 55
8 2 10 56
5 3 12 55
1 2 12 54
8 2 11 55
2 2 14 55
7 5 12 56
2 2 23 55
1 3 26 55
8 3 25 55
6 2 36 55
5 2 12 56
8 2 15 55
4 3 19 55
6 3 18 55
4 2 28 55
2 2 13 56
7 3 16 55
5 5 17 55
3 3 23 55
8 2 23 55
4 3 14 56
6 2 15 55
8 3 23 55
5 2 22 55
2 4 23 55
3 2 14 56
5 3 23 55
7 2 14 56
4 4 22 55
3 2 22 56
6 2 24 56
8 4 27 56
6 2 26 56
8 2 31 56
8 2 33 56
5 3 36 56
6 2 41 56
7 2 41 56
4 2 4 57
5 2 13 56
1 2 17 55
7 2 16 56
5 2 18 56
4 2 19 55
4 2 25 56
1 2 24 56
3 2 31 56
8 3 32 56
2 3 32 56
6 3 4 57
3 3 12 56
1 2 14 55
1 2 15 56
3 3 23 56
1 2 23 56
3 2 5 57
6 2 12 56
2 3 13 56
2 2 18 55
7 2 12 56
4 3 15 55
7 2 14 56
4 2 6 57
1 2 12 56
2 2 15 55
8 2 14 55
3 2 14 56
5 2 14 56
4 2 13 56
5 2 12 56
8 3 12 57
7 3 12 57
5 2 21 57
2 2 27 57
3 2 28 57
8 2 31 57
4 2 42 57
8 4 47 57
2 4 46 57
1 2 46 57
2 2 46 57
5 2 48 57
2 2 50 57
1 2 50 57
6 2 51 57
7 3 50 57
6 3 49 57
3 3 3 58
2 2 20 57
3 2 19 57
8 4 9 58
4 2 11 57
4 2 12 56
1 5 11 57
2 2 11 56
7 2 14 58
3 2 17 57
5 2 17 57
6 3 17 57
1 2 19 57
4 2 37 57
8 2 25 58
5 4 29 57
8 6 34 57
7 2 33 57
2 2 32 57
3 2 32 57
2 2 25 58
1 2 29 57
6 2 28 58
4 2 30 58
4 3 31 58
2 2 48 58
3 2 57 58
7 5 67 58
3 2 66 58
2 2 5 59
6 2 18 58
4 3 18 57
5 2 19 57
6 2 22 57
1 2 7 59
3 2 10 58
6 2 12 57
4 4 12 57
7 2 11 57
3 2 21 57
5 5 9 58
1 2 8 58
7 2 12 58
3 2 11 58
1 2 17 57
5 2 12 58
1 3 12 57
2 3 11 57
8 2 10 57
7 3 10 56
8 2 11 58
4 5 10 58
6 2 13 57
7 2 12 57
2 2 11 57
7 2 14 58
6 2 27 58
7 3 9 59
5 2 19 58
8 2 18 58
3 2 18 58
8 2 19 58
3 2 19 58
6 3 31 58
2 2 30 58
8 3 12 59
8 2 16 58
1 2 29 58
8 2 29 58
7 2 14 59
4 2 16 58
4 3 25 58
6 2 13 59
5 2 17 58
7 2 17 58
1 3 16 58
5 3 20 58
6 5 20 58
8 4 21 59
5 2 20 59
4 2 20 59
6 2 25 59
4 2 26 59
4 3 28 59
6 2 33 59
5 2 35 59
7 2 45 59
6 3 52 59
2 2 7 60
6 2 7 59
8 2 7 58
2 2 7 58
8 2 8 57
1 2 7 59
5 2 8 58
4 2 8 57
3 3 8 57
7 2 8 57
4 2 6 58
6 2 6 57
1 2 6 56
6 2 6 55
4 2 10 54
2 2 10 53
3 2 10 53
7 3 9 53
5 2 5 57
3 3 5 58
8 2 4 58
2 2 3 58
4 2 9 59
2 2 8 59
7 2 12 59
8 4 18 59
6 2 24 59
3 2 23 59
3 3 35 59
5 2 35 59
3 2 8 60
7 3 21 59
1 4 21 59
4 2 23 59
4 2 8 60
5 2 11 59
8 2 10 59
8 2 12 59
1 2 27 59
1 2 15 60
4 2 16 59
2 2 23 59
3 2 22 59
6 2 25 60
7 3 25 60
8 4 25 60
5 2 28 60
4 3 30 60
3 2 34 60
1 4 36 60
3 2 35 60
2 2 36 60
8 2 35 60
5 3 36 60
6 2 36 60
3 4 37 60
3 3 43 60
6 3 44 60
7 2 55 60
7 2 56 60
1 2 55 60
3 2 3 61
3 2 8 60
6 2 21 59
8 3 20 59
1 2 9 60
7 2 19 59
1 2 10 60
2 2 10 59
4 2 9 59
5 4 17 60
4 2 25 60
1 2 29 60
2 2 31 60
6 2 36 60
6 2 42 60
6 2 4 61
7 2 25 60
5 3 26 60
8 2 28 60
5 3 36 60
8 3 6 61
6 2 8 60
2 6 15 60
4 2 25 60
6 2 28 60
6 3 6 61
5 2 9 60
2 2 11 60
4 2 11 59
2 2 15 61
8 2 21 60
7 2 21 60
2 7 21 60
1 2 20 60
8 2 24 60
6 2 22 61
3 2 21 61
8 2 26 60
5 2 26 60
1 2 27 60
8 6 31 61
5 2 30 61
4 3 30 61
2 3 30 61
3 2 32 61
8 3 31 61
1 2 32 61
2 8 39 61
4 2 3 62
3 2 7 61
1 2 10 60
3 3 10 60
7 2 10 59
8 2 10 59
2 2 9 60
6 2 7 61
5 3 17 60
4 5 7 61
7 3 10 61
8 2 13 60
3 2 13 60
1 6 13 61
7 2 16 60
4 3 15 60
2 2 15 60
2 2 12 61
6 2 12 60
5 4 12 59
7 2 11 60
7 2 13 61
6 2 12 61
3 2 13 61
5 2 3 62
7 3 4 61
8 2 10 60
1 2 3 61
4 2 6 60
6 2 18 62
8 2 20 62
6 2 19 62
1 2 19 62
5 2 25 62
6 2 25 62
7 2 26 62
7 3 38 62
6 2 63 62
6 3 2 63
1 2 21 62
3 2 21 62
2 4 20 62
1 2 22 62
8 2 21 62
2 2 22 62
5 2 25 62
7 2 26 62
4 2 43 62
2 2 47 62
1 5 51 62
8 2 54 62
1 2 3 63
5 2 5 62
6 2 6 61
2 2 6 60
7 3 6 59
1 2 6 59
5 2 5 59
6 2 11 63
1 2 27 62
2 2 27 62
2 2 35 62
8 2 39 62
6 2 38 62
8 2 16 63
5 3 16 62
8 3 23 62
4 2 22 62
7 3 31 62
3 2 32 62
6 3 35 62
4 3 34 62
3 2 20 63
3 2 21 62
7 2 24 62
5 3 24 62
6 2 23 62
3 2 22 63
7 2 22 62
8 2 23 62
4 2 23 62
6 6 22 63
2 5 22 62
5 3 24 62
7 2 23 62
8 2 23 62
7 2 24 62
3 2 21 63
6 4 21 62
5 2 20 62
1 2 22 62
6 2 24 63
7 2 24 63
8 3 25 63
8 2 45 63
4 2 13 64
4 2 16 63
2 2 20 62
3 2 19 62
1 2 14 64
1 3 19 63
6 2 21 63
8 2 26 63
1 2 28 63
7 2 36 63
1 7 35 63
2 2 39 63
5 2 39 63
4 5 15 64
3 2 18 64
3 2 20 63
2 2 29 63
4 2 33 63
5 2 33 63
3 3 21 64
7 3 21 63
2 2 20 63
5 6 21 63
6 3 22 63
2 2 21 63
4 3 20 63
1 3 27 64
5 2 28 64
8 2 29 64
3 4 31 64
8 2 53 64
5 2 53 64
3 2 55 64
5 2 55 64
4 2 55 64
4 2 59 64
2 2 2 65
4 2 27 64
2 3 27 63
3 3 25 64
5 3 26 64
6 2 29 64
4 2 40 64
7 2 45 64
6 2 47 64
1 4 51 64
8 2 2 65
7 3 15 64
8 2 19 63
7 2 19 63
3 2 19 63
4 2 22 63
1 2 18 64
8 2 17 64
1 4 19 63
7 2 31 64
5 2 1 65
8 2 14 64
5 2 18 63
3 2 17 63
5 4 13 64
7 2 18 63
1 2 12 64
4 2 12 63
3 3 2 65
2 4 5 64
6 4 9 63
4 2 9 62
3 2 11 62
2 2 10 63
7 2 9 63
2 2 9 62
8 2 6 65
5 2 15 64
4 2 16 64
1 2 15 64
6 3 15 64
3 4 6 65
3 4 18 64
3 2 22 64
3 4 8 65
2 2 22 64
5 2 14 65
4 2 14 64
3 2 14 64
4 2 18 64
7 4 14 65
8 2 16 64
2 2 15 65
6 2 31 65
5 2 34 65
2 2 35 65
6 2 34 65
3 2 34 65
3 2 36 65
3 2 43 65
4 2 6 66
4 3 17 65
8 2 18 64
3 3 22 65
5 3 29 65
8 3 33 65
7 2 7 66
2 2 7 65
5 3 13 64
3 2 15 64
6 2 14 64
7 2 6 65
6 3 7 64
4 2 6 64
8 2 7 63
3 2 6 63
1 2 9 65
5 2 28 65
7 2 27 65
4 3 27 65
8 2 6 66
6 2 26 65
3 2 7 66
3 2 21 65
2 3 24 65
1 2 23 65
8 4 10 66
5 2 15 65
5 3 21 65
3 3 13 66
1 2 13 65
1 2 19 65
8 2 18 65
2 2 16 66
6 4 22 66
4 2 21 66
8 2 21 66
4 2 23 66
1 4 23 66
4 3 25 66
4 2 32 66
4 2 34 66
5 2 34 66
7 2 39 66
7 2 40 66
6 2 40 66
1 2 39 66
4 3 42 66
2 4 41 66
8 3 41 66
6 2 45 66
7 2 45 66
4 2 1 67
6 2 12 66
7 2 14 65
8 2 14 65
4 2 13 65
7 2 2 67
5 2 15 66
7 4 16 66
8 2 23 66
1 2 22 66
2 3 23 66
5 4 1 67
6 2 2 66
5 2 10 65
3 2 14 65
4 2 13 65
1 3 11 66
6 2 13 66
6 3 33 66
3 2 6 67
2 4 6 66
7 4 9 65
6 2 7 66
1 4 9 65
3 2 27 66
3 5 6 67
7 2 6 66
4 2 5 66
6 2 5 65
5 2 6 64
6 2 6 66
2 6 20 66
4 2 20 66
5 4 8 67
5 2 19 66
3 3 7 67
8 4 10 66
8 2 15 67
4 2 15 67
7 2 18 66
1 2 14 67
5 2 16 66
8 2 13 67
3 3 13 66
4 2 12 66
6 2 11 66
7 2 11 67
2 2 21 67
8 2 21 67
2 2 25 67
6 2 24 67
3 2 25 67
2 2 24 67
4 2 27 67
6 2 27 67
6 2 28 67
2 2 2 68
1 2 3 67
1 2 4 66
5 3 8 65
3 2 7 67
7 2 19 67
8 3 22 67
7 2 22 67
6 2 3 68
4 5 3 67
8 2 2 67
2 2 8 66
1 2 3 68
6 4 3 67
4 2 8 66
7 8 3 67
1 2 2 67
3 2 8 67
5 3 2 68
5 3 13 67
6 2 3 68
3 3 4 67
7 2 5 66
4 2 4 66
2 2 2 68
1 4 3 67
4 2 2 68
4 2 11 68
5 4 11 68
7 2 11 68
8 5 15 68
2 3 14 68
3 6 15 68
1 2 14 68
3 2 17 68
1 5 18 68
2 2 16 68
2 2 22 68
4 3 23 68
7 2 24 68
4 3 32 68
7 2 39 68
7 3 40 68
1 2 43 68
2 2 42 68
8 2 51 68
2 4 51 68
8 2 5 69
4 2 8 68
1 2 9 67
6 2 9 68
5 2 12 68
2 2 13 68
4 2 20 68
3 2 25 68
4 2 26 68
4 3 34 68
1 3 33 68
7 3 36 68
3 3 12 69
1 2 20 68
8 2 31 68
3 2 15 69
2 3 19 68
7 3 19 68
1 2 18 68
1 2 20 68
7 4 30 68
1 2 22 69
4 2 25 68
5 2 24 68
3 2 23 68
4 2 21 69
8 2 20 69
2 2 21 68
3 2 24 68
5 4 34 69
4 3 40 69
3 3 2 70
4 2 25 69
3 2 25 69
8 3 26 69
3 2 38 69
7 2 38 69
8 2 40 69
8 2 6 70
4 2 12 69
5 2 16 68
6 2 15 68
7 3 13 69
8 3 14 68
6 2 18 68
5 3 17 68
7 2 18 69
6 3 19 69
7 3 32 69
5 2 11 70
6 4 13 70
4 2 25 69
8 2 14 70
6 2 31 69
6 3 16 70
8 3 20 69
4 2 19 69
5 3 17 70
4 2 18 70
7 2 20 69
1 3 19 69
2 2 18 70
4 2 21 70
8 2 25 69
4 3 23 70
8 2 27 70
7 2 30 70
2 3 38 70
4 2 37 70
3 2 37 70
7 2 39 70
1 4 59 70
4 3 2 71
2 3 15 70
7 2 15 69
1 3 15 69
3 2 16 68
5 3 14 69
2 2 14 69
3 3 12 70
1 2 13 69
6 2 13 68
7 2 12 68
8 2 12 69
7 2 12 70
5 2 15 69
4 2 11 70
2 3 11 70
6 3 15 70
7 2 37 70
7 2 38 70
7 9 2 71
7 2 14 70
5 2 13 70
3 7 12 70
8 2 13 69
2 3 12 70
5 2 12 69
2 2 16 70
6 4 18 70
3 3 2 71
6 2 7 70
3 2 7 69
4 2 9 68
7 2 8 69
8 2 20 70
5 2 3 71
8 3 7 70
6 2 7 70
5 2 15 70
8 2 20 70
4 2 19 70
1 3 13 71
7 2 19 71
1 2 19 71
8 2 21 71
2 2 21 71
2 3 40 71
3 2 40 71
5 3 42 71
8 2 45 71
1 2 51 71
8 3 56 71
3 2 56 71
1 3 6 72
4 2 10 71
3 2 11 70
5 3 19 71
7 2 20 71
2 2 23 71
5 2 28 71
2 6 34 71
8 2 40 71
4 3 40 71
6 2 45 71
4 2 46 71
5 3 47 71
8 3 49 71
7 3 7 72
4 4 16 71
2 2 24 71
8 2 28 71
2 2 32 71
4 2 33 71
7 2 32 71
3 6 31 71
2 2 36 71
3 3 18 72
3 2 19 71
6 2 20 71
5 2 29 71
4 3 30 71
2 2 29 71
8 2 19 72
6 4 21 71
3 5 24 71
6 4 30 71
2 2 30 71
5 3 21 72
7 3 26 71
4 2 20 72
5 2 21 72
8 2 28 71
5 7 25 72
3 3 26 72
5 2 26 72
4 2 26 71
5 3 27 72
4 2 29 72
5 3 2 73
3 5 5 72
3 3 12 71
6 2 15 70
1 2 13 71
7 3 13 70
2 4 5 72
4 2 14 71
1 2 19 71
6 3 5 72
8 2 9 71
8 2 12 70
2 2 8 72
5 3 8 71
1 2 8 71
6 2 9 70
6 2 13 71
8 3 15 72
1 3 16 72
6 2 15 72
6 2 17 72
3 2 17 72
3 4 4 73
5 2 8 72
7 2 12 71
3 2 12 71
8 2 10 72
6 5 7 73
3 2 18 72
4 2 13 73
2 5 13 73
6 2 16 73
8 2 19 72
6 3 17 73
5 5 17 72
2 2 19 72
6 2 18 73
6 3 25 73
6 2 31 73
3 2 30 73
5 2 37 73
7 2 37 73
5 2 41 73
1 9 47 73
8 4 48 73
8 2 49 73
8 2 4 74
4 2 15 73
8 3 16 73
4 3 18 72
3 2 15 73
5 2 30 73
3 3 30 73
3 2 32 73
4 2 34 73
6 6 37 73
4 2 37 73
2 2 36 73
5 2 4 74
7 2 8 73
4 2 10 72
6 2 12 72
5 2 12 72
7 2 13 72
2 4 13 72
7 2 9 73
4 3 28 73
8 2 27 73
6 2 27 73
2 3 4 74
3 2 7 73
2 2 11 72
2 3 22 73
1 2 21 73
4 3 4 74
1 2 9 73
5 2 10 72
4 3 8 73
3 2 13 73
3 2 15 73
5 2 23 74
2 2 28 74
4 2 29 74
7 2 29 74
1 2 47 74
8 2 48 74
5 2 47 74
3 2 2 75
2 2 18 74
8 4 22 74
4 3 33 74
2 3 33 74
7 2 39 74
1 2 2 75
8 3 5 74
7 2 6 73
2 2 6 72
1 2 5 73
5 3 7 73
4 2 6 73
6 2 6 74
6 2 1 75
6 3 14 74
5 2 13 74
3 3 14 74
3 2 20 74
8 2 31 74
4 2 34 74
3 2 33 74
6 2 33 74
7 2 3 75
2 2 6 74
7 2 9 74
8 2 8 74
6 4 7 75
7 2 8 74
5 3 22 74
2 2 24 74
1 2 23 74
8 2 22 74
4 2 6 75
6 2 6 74
5 2 6 74
1 2 6 73
2 2 6 74
4 2 6 73
3 2 5 74
6 5 18 75
7 2 17 75
3 2 27 75
6 2 27 75
2 2 31 75
7 2 35 75
6 3 37 75
4 3 37 75
4 2 40 75
8 2 40 75
2 2 55 75
8 3 3 76
4 2 7 75
4 3 15 75
1 2 14 75
7 3 13 75
4 2 22 75
5 2 7 76
5 2 14 75
7 2 21 75
3 2 21 75
4 2 24 75
3 2 28 75
7 2 27 75
4 2 8 76
5 2 10 75
1 3 12 74
8 2 11 74
6 2 11 74
2 4 10 75
5 3 23 75
2 4 26 75
7 3 36 75
7 2 29 76
1 2 30 75
8 2 29 76
4 3 29 76
5 3 29 75
3 4 28 75
1 3 28 75
6 2 27 75
5 2 28 76
8 2 28 76
2 2 29 76
8 2 30 76
5 2 33 76
5 2 34 76
7 2 36 76
3 2 36 76
3 2 41 76
6 2 44 76
8 2 48 76
8 2 51 76
3 3 4 77
4 4 4 76
5 2 16 75
8 2 21 75
3 2 22 75
7 2 24 75
8 2 4 76
4 3 12 75
6 2 17 75
7 6 18 75
4 2 18 75
8 2 9 76
3 2 9 75
7 2 10 74
8 3 9 76
2 2 15 76
6 2 18 75
4 2 16 76
5 2 26 76
8 4 25 76
3 2 26 76
2 2 27 76
6 2 27 76
5 2 29 76
1 2 5 77
7 3 6 76
1 2 6 75
6 3 14 77
3 2 25 76
7 2 24 76
3 2 15 77
7 2 18 76
6 2 19 76
4 2 19 76
3 2 18 76
7 2 15 77
5 2 15 77
2 3 14 77
1 4 14 76
8 2 16 75
8 3 13 77
3 2 13 76
4 5 13 75
6 3 14 75
3 2 14 77
8 2 15 77
4 4 18 77
2 4 20 77
4 4 22 77
5 4 26 77
7 2 27 77
8 2 26 77
1 2 35 77
5 2 34 77
2 3 36 77
6 2 41 77
7 2 42 77
2 2 41 77
3 4 41 77
7 3 43 77
7 2 16 78
4 2 16 77
3 2 15 77
1 2 15 77
2 2 17 77
7 3 18 77
1 3 20 78
7 3 24 77
8 2 28 77
2 3 33 77
5 2 34 77
4 2 33 77
4 3 21 78
5 2 23 77
1 2 23 77
6 5 23 77
3 2 24 77
7 2 28 77
5 2 27 77
7 2 23 78
8 3 25 78
3 2 40 78
2 2 40 78
8 2 46 78
2 2 46 78
1 3 50 78
5 2 49 78
2 2 49 78
2 2 60 78
3 3 60 78
1 4 59 78
5 2 4 79
5 2 5 78
4 3 13 77
6 2 23 77
7 2 11 78
3 2 11 77
2 2 11 76
5 2 10 76
1 2 9 76
3 3 33 78
3 2 10 79
5 3 12 78
8 2 15 77
7 2 20 77
2 2 14 78
1 3 19 77
5 4 15 78
7 2 18 77
6 3 17 77
4 2 14 78
8 2 14 78
1 2 16 78
3 2 16 77
4 2 38 78
2 3 16 79
6 3 18 78
1 2 25 78
6 2 25 78
5 2 27 78
3 2 29 79
7 2 30 79
8 3 35 78
4 2 32 79
2 2 32 79
5 4 33 78
7 2 34 79
7 2 35 79
5 3 37 79
7 2 43 79
8 2 50 79
7 2 51 79
2 2 51 79
3 3 53 79
8 3 58 79
2 2 8 80
3 2 11 79
4 2 19 79
4 2 24 78
1 2 26 78
3 3 25 78
6 2 37 79
4 2 42 79
1 2 42 79
6 3 44 79
5 2 14 80
1 3 15 79
8 2 21 78
3 2 14 79
3 2 19 78
8 2 27 79
2 2 33 79
4 2 37 79
7 2 14 80
1 2 25 79
6 2 28 78
7 2 25 79
5 2 14 80
8 2 23 79
5 3 31 79
3 2 30 79
6 2 21 80
4 3 23 79
3 2 27 78
5 2 26 79
5 2 20 80
7 3 22 79
4 2 58 80
8 2 69 80
