45194
2045
7 2 1 1
8 2 6 1
5 2 11 1
6 2 16 1
7 2 21 1
8 2 26 1
5 2 31 1
6 2 36 1
7 2 41 1
8 2 46 1
5 2 51 1
6 2 56 1
7 2 61 1
8 2 66 1
5 2 71 1
2 8 7 9
1 2 7 8
4 4 7 7
3 6 7 6
2 6 7 5
1 9 7 4
4 9 7 3
3 10 7 2
2 13 7 1
1 13 7 1
4 13 7 1
3 17 6 1
1 3 11 1
4 7 10 1
2 12 6 2
3 2 10 1
2 4 10 1
1 3 9 1
2 2 8 1
4 2 9 1
3 4 9 1
1 12 5 2
4 13 5 2
2 3 5 1
4 2 5 1
3 14 4 1
1 2 4 1
2 12 4 1
4 3 9 1
3 5 8 1
1 13 4 2
2 3 8 1
1 6 8 1
4 4 7 1
1 2 6 1
3 3 7 1
2 6 7 1
4 3 4 2
3 11 4 1
1 3 3 2
4 4 3 1
2 6 3 1
3 2 2 2
1 6 2 1
4 13 2 3
3 5 2 2
1 3 3 1
3 5 8 1
2 6 7 1
2 5 2 2
4 4 2 1
2 4 1 1
1 3 4 1
4 5 4 1
3 6 3 1
4 2 2 1
2 5 3 1
1 10 3 1
3 2 1 2
3 3 2 1
1 3 3 1
4 12 2 1
4 2 1 2
3 3 2 1
2 5 2 1
1 9 1 1
3 6 6 1
2 7 5 1
4 4 1 2
1 5 5 1
4 10 5 1
3 6 4 1
3 4 1 2
2 9 1 1
1 5 1 1
2 4 1 2
1 4 1 2
4 5 1 1
3 8 1 1
2 8 1 1
1 10 1 1
4 7 1 1
3 8 1 1
2 8 1 1
1 8 1 1
4 9 1 1
3 9 1 1
2 12 1 1
1 10 1 1
4 10 1 1
3 11 1 1
2 10 1 1
1 11 1 1
4 12 1 1
3 10 1 1
2 10 1 1
1 9 1 1
4 9 1 1
3 9 1 1
2 10 1 1
1 7 1 1
4 8 1 1
3 8 1 1
2 7 1 1
1 8 1 1
4 9 1 1
3 7 1 1
2 8 1 1
1 8 1 1
4 8 1 1
3 6 1 1
2 6 1 1
1 6 1 1
4 6 1 1
3 6 1 1
2 6 1 1
1 6 1 1
4 6 1 1
3 6 1 1
2 6 1 1
1 6 1 1
4 6 1 1
3 6 1 1
2 6 1 1
1 6 1 1
4 6 1 1
3 5 1 1
2 5 1 1
1 5 1 1
4 4 1 1
3 4 1 1
2 4 1 1
1 4 1 1
4 4 1 1
3 4 1 1
2 4 1 1
1 4 1 1
4 4 1 1
3 4 1 1
2 4 1 1
1 4 1 1
4 4 1 1
3 4 1 1
2 4 1 1
1 4 1 1
4 4 1 1
3 4 1 1
2 4 1 1
1 3 1 1
4 3 1 1
3 2 1 1
8 2 1 2
4 2 5 2
3 2 5 2
2 3 4 2
2 4 11 2
1 2 11 2
4 4 11 2
3 4 10 2
2 2 10 2
1 4 10 2
4 2 9 2
2 4 9 2
1 2 8 2
3 2 9 2
4 3 19 2
1 2 18 2
4 4 18 2
3 4 16 2
1 2 5 3
4 4 5 2
4 2 7 2
2 2 6 2
1 2 6 2
1 3 11 3
3 2 12 2
2 4 11 2
4 3 11 3
1 3 11 2
4 3 10 2
2 4 16 3
3 3 15 3
3 2 18 3
2 2 18 3
1 2 18 3
4 5 17 3
4 5 24 3
8 2 1 4
3 3 1 3
3 2 3 2
3 2 4 2
3 2 8 2
2 3 8 2
1 2 7 2
2 3 1 3
1 2 1 2
1 2 2 1
4 2 1 2
2 3 2 2
4 2 2 3
2 2 9 3
1 2 9 3
3 2 12 3
4 2 14 3
3 2 14 3
5 2 2 4
4 2 7 3
2 2 11 3
1 3 11 3
4 3 2 4
6 2 2 4
7 2 2 4
8 2 2 4
1 2 6 3
5 2 2 4
6 2 2 4
7 2 6 4
8 2 11 4
3 2 11 4
2 4 10 4
3 2 12 4
5 2 12 4
4 2 11 4
2 2 12 4
1 4 12 4
6 2 13 4
3 3 15 4
2 3 15 4
1 6 15 4
4 4 14 4
7 2 14 4
8 2 19 4
5 2 24 4
1 2 1 5
3 3 1 4
2 5 5 3
3 2 4 3
1 3 5 3
3 5 5 4
2 3 1 5
2 2 3 4
4 9 3 4
1 2 3 3
2 2 2 3
3 3 2 4
4 3 2 3
1 7 1 3
2 2 1 3
3 4 5 3
2 7 4 3
3 4 1 4
1 2 4 3
4 3 4 3
3 3 3 3
4 2 2 3
3 2 4 5
2 2 4 5
1 6 4 4
4 5 3 5
3 6 2 5
4 2 4 4
3 2 4 4
2 3 3 4
1 6 2 4
8 2 64 5
2 2 1 6
2 3 2 5
4 5 2 4
1 2 1 6
3 3 1 5
2 4 1 4
1 3 1 5
4 4 1 5
3 5 1 4
2 6 1 4
1 7 1 3
4 6 1 3
3 7 1 2
2 8 1 1
1 7 1 1
4 7 1 1
3 8 1 1
2 8 1 1
1 8 1 1
4 9 1 1
3 9 1 1
2 9 1 1
1 10 1 1
4 10 1 1
3 10 1 1
2 11 1 1
1 11 1 1
4 11 1 1
3 12 1 1
2 12 1 1
1 10 1 1
4 10 1 1
3 10 1 1
2 10 1 1
1 10 1 1
4 10 1 1
3 10 1 1
2 10 1 1
1 10 1 1
4 10 1 1
3 10 1 1
2 10 1 1
1 10 1 1
4 10 1 1
3 10 1 1
2 10 1 1
1 10 1 1
4 10 1 1
3 10 1 1
2 10 1 1
1 10 1 1
4 10 1 1
3 10 1 1
2 10 1 1
1 10 1 1
4 10 1 1
3 10 1 1
2 10 1 1
1 10 1 1
4 9 1 1
3 9 1 1
2 9 1 1
1 9 1 1
4 9 1 1
3 8 1 1
2 8 1 1
1 8 1 1
4 8 1 1
3 8 1 1
2 8 1 1
1 8 1 1
4 8 1 1
3 8 1 1
2 8 1 1
1 8 1 1
4 8 1 1
3 8 1 1
2 8 1 1
1 8 1 1
4 8 1 1
3 8 1 1
2 7 1 1
1 7 1 1
4 7 1 1
3 7 1 1
2 7 1 1
1 7 1 1
4 7 1 1
3 7 1 1
2 7 1 1
1 7 1 1
4 7 1 1
3 6 1 1
2 6 1 1
1 6 1 1
4 6 1 1
3 6 1 1
2 6 1 1
1 6 1 1
4 6 1 1
3 6 1 1
2 6 1 1
1 6 1 1
4 5 1 1
3 5 1 1
2 5 1 1
1 5 1 1
4 5 1 1
3 5 1 1
2 5 1 1
1 4 1 1
4 4 1 1
3 4 1 1
2 3 1 1
1 3 1 1
4 3 1 1
3 2 1 1
2 2 1 1
1 2 1 1
8 2 1 2
5 2 6 2
4 2 6 2
3 4 5 2
6 2 8 2
7 2 13 2
8 2 18 2
5 2 23 2
6 2 28 2
7 2 33 2
8 2 38 2
5 2 43 2
6 2 48 2
7 2 53 2
8 2 58 2
5 2 63 2
2 2 6 3
1 4 6 2
4 9 5 3
1 3 7 2
4 4 6 2
3 2 5 3
2 4 5 2
3 2 3 3
2 2 3 3
1 3 3 2
4 3 3 2
3 4 2 3
2 3 2 2
3 3 2 1
1 4 2 2
2 3 2 1
4 4 1 3
3 3 5 2
2 6 4 2
3 2 1 3
1 3 4 2
4 5 4 2
3 4 3 2
4 2 2 2
2 3 3 2
1 6 3 2
2 2 1 3
3 3 2 2
1 3 3 2
4 4 2 2
4 2 1 3
3 3 2 2
2 6 2 2
1 5 1 2
3 3 6 2
2 4 5 2
4 2 1 3
1 3 5 2
4 5 5 2
3 10 4 2
4 2 3 2
2 5 4 2
1 7 4 2
3 3 1 3
2 3 1 2
3 3 2 2
1 3 3 2
4 9 2 2
4 2 1 3
3 4 2 2
2 6 2 2
1 7 1 2
3 5 6 2
2 6 5 2
4 3 1 3
1 4 5 2
4 8 5 2
3 5 4 2
4 2 3 2
3 3 1 3
2 5 1 2
1 4 1 2
2 3 1 3
1 3 1 3
4 3 1 3
3 6 1 2
2 5 1 2
1 6 1 2
4 5 1 1
3 4 1 1
2 5 1 1
1 5 1 1
4 3 1 1
3 3 1 1
2 8 1 1
1 4 1 1
4 6 1 1
3 6 1 1
2 4 1 1
1 7 1 1
4 7 1 1
3 5 1 1
2 6 1 1
1 6 1 1
4 6 1 1
3 7 1 1
2 10 1 1
1 4 1 1
4 6 1 1
3 2 1 1
2 2 1 1
1 3 1 1
4 3 1 1
3 4 1 1
2 4 1 1
1 7 1 1
4 6 1 1
3 7 1 1
2 7 1 1
1 7 1 1
4 8 1 1
3 8 1 1
2 8 1 1
1 9 1 1
4 9 1 1
3 9 1 1
2 11 1 1
4 2 16 2
2 11 31 2
1 2 30 2
4 7 30 2
3 7 30 2
2 2 29 2
1 13 29 2
4 7 29 2
3 8 28 2
1 6 1 3
4 8 1 2
3 2 15 1
2 3 15 1
1 2 14 2
4 3 14 1
1 2 13 1
3 3 14 1
2 9 13 2
1 2 13 2
4 4 13 1
2 3 12 1
3 8 12 2
1 3 12 1
4 2 11 2
4 10 16 3
2 3 29 3
3 2 28 3
2 6 28 3
1 6 28 3
4 7 27 3
3 11 27 3
2 8 27 3
1 7 26 3
4 11 26 3
3 5 1 4
2 6 1 3
2 2 10 2
1 6 1 3
4 6 1 3
3 7 1 2
2 7 1 2
1 8 1 1
4 8 1 1
3 8 1 1
2 8 1 1
1 9 1 1
4 8 1 1
3 3 1 1
2 2 1 1
4 2 4 1
3 3 3 1
2 8 4 2
1 10 4 1
3 13 4 2
1 5 1 3
2 6 2 2
4 2 2 1
2 2 2 1
4 5 1 3
1 5 1 3
4 5 1 3
3 6 1 2
2 10 1 2
1 6 1 1
3 5 1 2
2 5 1 2
1 5 1 2
4 6 1 1
3 6 1 1
2 6 1 1
1 5 1 1
4 5 1 1
3 5 1 1
2 5 1 1
1 5 1 1
4 5 1 1
3 5 1 1
2 5 1 1
1 5 1 1
4 5 1 1
3 5 1 1
2 5 1 1
1 5 1 1
4 5 1 1
3 5 1 1
2 5 1 1
1 5 1 1
4 5 1 1
3 5 1 1
2 5 1 1
1 5 1 1
4 5 1 1
3 5 1 1
2 5 1 1
1 5 1 1
4 4 1 1
3 4 1 1
2 4 1 1
1 4 1 1
4 4 1 1
3 4 1 1
2 4 1 1
1 3 1 1
4 3 1 1
3 3 1 1
2 2 1 1
1 2 1 1
4 2 1 1
8 2 1 2
5 2 3 2
4 3 3 2
3 3 2 2
2 4 2 1
1 5 2 1
4 3 1 2
6 2 1 2
7 2 5 2
3 2 8 2
8 2 8 2
1 3 9 2
4 4 9 2
8 2 9 2
6 2 15 2
7 2 20 2
2 2 20 2
1 3 19 2
8 2 22 2
5 2 27 2
6 2 32 2
7 2 37 2
8 2 42 2
5 2 47 2
3 2 1 3
2 2 5 2
1 3 4 2
3 3 6 3
1 2 10 2
4 3 10 2
4 2 14 2
3 4 14 2
2 3 13 2
3 2 12 2
1 2 13 2
4 4 13 2
2 4 5 3
3 3 8 2
3 2 12 2
1 5 17 2
4 6 16 2
2 4 12 3
3 6 16 2
2 10 16 2
1 6 15 2
2 2 14 2
4 6 15 2
3 9 15 2
1 5 12 3
4 4 12 2
2 4 11 2
1 3 10 3
4 5 10 2
3 6 10 2
1 2 9 2
2 5 8 2
3 2 8 2
1 6 7 3
4 3 7 2
2 3 7 2
1 2 7 2
4 3 7 2
3 7 7 2
2 2 6 3
4 3 7 2
3 3 7 2
2 5 7 2
1 6 5 3
4 8 5 3
3 4 5 2
4 2 1 4
2 4 4 3
1 6 4 3
4 5 4 2
3 4 3 3
2 7 3 2
1 4 2 3
4 4 2 3
3 6 2 2
2 4 1 3
1 7 1 2
4 4 1 3
3 4 1 3
2 5 1 3
1 4 1 3
4 5 1 3
3 6 1 3
2 6 1 3
1 6 1 3
4 4 1 3
3 5 1 3
2 4 1 3
1 4 1 3
4 6 1 3
3 6 1 3
2 6 1 3
1 8 1 3
4 7 1 3
3 7 1 3
2 8 1 3
1 8 1 3
4 8 1 3
3 9 1 3
2 9 1 3
1 9 1 3
4 10 1 3
3 10 1 3
2 11 1 3
1 8 1 3
4 9 1 3
3 9 1 3
2 9 1 3
1 9 1 3
4 9 1 3
3 9 1 3
2 9 1 3
1 9 1 3
4 9 1 3
3 9 1 3
2 9 1 3
1 9 1 3
4 9 1 3
3 8 1 3
2 8 1 3
1 7 1 3
4 9 1 3
3 8 1 3
2 8 1 3
1 8 1 3
4 8 1 3
3 8 1 3
2 8 1 3
1 8 1 3
4 8 1 3
3 8 1 3
2 8 1 3
1 8 1 3
4 8 1 3
3 8 1 3
2 8 1 3
1 8 1 3
4 7 1 3
1 7 3 3
8 2 1 4
3 5 1 5
2 11 1 5
4 6 1 4
3 7 1 3
2 7 1 3
1 7 1 3
4 7 1 3
3 7 1 3
2 7 1 3
1 7 1 3
4 7 1 3
3 7 1 3
2 7 1 3
1 6 1 3
4 6 1 3
3 6 1 3
2 6 1 3
1 6 1 3
4 8 1 3
3 5 1 3
2 5 1 3
1 6 1 3
4 6 1 3
3 6 1 3
2 6 1 3
1 6 1 3
4 6 1 3
3 6 1 3
2 6 1 3
1 6 1 3
4 6 1 3
3 6 1 3
2 6 1 3
1 6 1 3
4 6 1 3
3 6 1 3
2 6 1 3
1 4 1 3
4 5 1 3
3 5 1 3
2 5 1 3
1 5 1 3
4 5 1 3
3 5 1 3
2 5 1 3
1 5 1 3
4 5 1 3
3 4 1 3
2 4 1 3
1 4 1 3
4 3 1 3
3 3 1 3
2 3 1 3
4 3 2 3
1 2 3 4
4 2 3 4
3 3 3 4
2 2 2 4
8 2 1 5
4 2 3 4
5 2 1 5
3 2 1 4
1 2 1 3
6 2 4 4
4 3 7 4
7 2 7 4
8 2 12 4
3 3 12 4
2 4 11 4
2 4 15 4
6 2 19 4
1 4 19 4
4 5 18 4
7 2 21 4
4 2 23 4
8 2 24 4
5 2 29 4
2 2 34 4
7 2 39 4
8 2 44 4
4 6 45 4
3 2 44 4
5 2 44 4
3 2 8 5
1 4 11 4
4 6 11 4
3 4 10 4
3 3 14 4
2 5 14 4
1 5 13 4
2 2 12 4
3 5 14 4
2 6 13 4
1 2 12 4
2 2 8 5
1 6 8 4
4 2 11 4
3 3 10 4
4 2 25 4
3 3 25 4
2 4 24 4
1 4 24 4
4 4 7 5
4 3 8 4
1 2 14 4
4 3 13 4
3 2 7 5
3 4 13 4
2 5 13 4
1 3 12 4
2 2 11 4
4 4 12 4
3 3 12 4
1 4 7 5
2 3 7 4
3 2 9 4
2 4 8 5
1 3 8 5
4 4 8 4
3 5 7 5
1 5 8 4
2 5 7 5
4 5 7 5
3 4 6 6
2 3 5 6
1 2 5 6
3 3 5 5
3 2 6 4
1 2 5 5
4 6 5 6
3 2 23 7
2 3 23 7
1 5 23 6
4 2 23 5
3 3 23 5
2 4 23 5
1 3 22 5
4 7 22 5
3 3 22 5
2 4 21 5
1 4 21 5
4 4 21 5
3 6 20 5
2 5 20 5
1 6 20 5
4 7 19 5
3 8 19 5
2 8 19 5
1 7 18 5
4 7 18 5
3 7 18 5
2 7 17 5
1 8 17 6
4 6 16 6
3 6 16 5
2 6 16 6
1 6 15 6
4 6 15 5
3 8 15 6
2 5 15 7
1 4 14 7
4 5 14 7
3 4 14 7
2 5 14 6
1 7 13 7
4 5 13 7
3 5 13 6
2 5 12 7
1 4 12 7
4 5 12 6
3 7 11 7
2 5 11 7
1 5 11 6
4 5 10 7
3 4 10 7
2 5 10 6
1 7 9 7
4 6 9 7
3 4 9 6
2 2 8 7
1 4 8 7
4 4 8 6
3 2 7 7
2 4 7 7
1 4 7 6
4 2 6 7
3 4 5 8
2 2 5 7
1 3 4 8
2 3 4 9
3 2 9 10
2 3 8 10
1 2 8 9
4 6 8 8
3 4 8 8
2 4 8 8
1 5 7 8
4 4 7 8
3 4 7 8
2 7 6 8
1 4 6 8
4 4 6 8
3 6 5 8
2 2 5 8
1 4 5 8
4 3 4 8
3 4 4 7
2 3 3 8
1 3 3 7
4 3 2 9
3 2 2 8
4 5 4 9
3 2 4 9
2 4 4 9
1 5 3 9
1 2 6 11
4 2 6 10
3 4 6 10
2 4 6 10
1 7 6 9
4 2 5 10
3 4 5 10
2 4 5 9
4 3 5 9
3 4 4 9
1 2 4 10
2 3 4 9
1 3 4 9
4 6 3 9
3 4 3 9
2 8 2 9
4 2 4 12
3 5 4 11
2 2 4 11
1 4 4 11
4 4 4 10
3 3 3 11
4 2 4 12
3 2 4 12
2 4 4 12
1 4 4 11
4 4 3 12
1 3 2 14
6 2 1 15
4 2 1 15
3 2 1 15
2 3 1 14
3 2 2 13
2 3 2 12
2 2 3 11
3 2 4 10
2 2 4 10
1 3 3 10
4 5 2 10
3 3 4 12
2 7 4 11
1 9 4 10
4 2 4 10
3 4 4 10
2 3 3 10
1 3 3 10
2 2 4 11
1 2 4 11
4 10 4 11
3 7 4 10
1 3 1 13
1 3 1 15
7 2 1 15
2 2 2 14
1 2 2 13
4 3 2 13
3 2 1 14
2 2 1 13
2 2 2 12
1 2 2 12
4 5 2 11
3 5 1 11
2 4 1 10
4 4 2 10
1 4 1 11
3 4 1 10
2 5 1 10
1 6 1 9
4 6 1 8
3 6 1 7
2 7 1 6
1 7 1 5
1 2 2 4
4 9 2 4
2 3 1 4
1 2 1 4
4 2 1 4
3 7 1 5
2 7 1 5
1 6 1 5
4 6 1 5
3 6 1 5
2 6 1 5
1 6 1 5
4 5 1 5
3 5 1 5
2 4 1 5
1 4 1 5
4 4 1 5
3 4 1 5
2 4 1 5
1 4 1 5
4 4 1 5
3 4 1 5
2 4 1 5
1 4 1 5
4 4 1 5
3 4 1 5
2 4 1 5
1 4 1 5
4 4 1 5
3 3 1 5
2 3 1 5
1 3 1 5
4 3 1 5
3 3 1 5
2 3 1 5
1 3 1 5
4 3 1 5
3 3 1 5
2 3 1 5
1 3 1 5
4 3 1 5
3 3 1 5
2 3 1 5
1 3 1 5
4 3 1 5
3 3 1 5
2 3 1 5
1 3 1 5
4 2 1 5
3 2 1 5
2 2 1 5
1 2 1 5
4 2 1 5
3 2 1 5
2 2 1 5
1 2 1 5
4 2 1 5
3 2 1 5
2 2 1 5
1 2 1 5
4 2 1 5
3 2 1 5
2 2 1 5
3 6 3 5
2 2 3 5
1 4 3 5
4 6 2 5
8 2 1 6
5 2 2 6
3 4 3 6
2 7 3 5
1 2 3 5
4 5 3 5
3 2 2 5
6 2 2 6
1 6 2 6
7 2 6 6
8 2 11 6
5 2 16 6
6 2 21 6
7 2 26 6
8 2 31 6
5 2 36 6
6 2 41 6
7 2 46 6
8 2 51 6
4 2 1 7
3 3 1 6
2 3 5 6
1 5 4 6
2 3 1 7
4 4 4 6
3 7 4 6
2 7 3 6
3 2 2 6
1 4 3 6
4 7 3 6
1 2 1 7
2 2 2 6
4 2 3 6
3 3 2 6
8 2 1 8
3 3 3 8
2 2 3 7
1 6 3 6
4 5 2 7
1 3 4 6
4 4 3 6
3 3 1 7
2 3 2 8
3 6 2 7
2 5 2 6
1 5 1 7
4 6 1 6
3 4 1 6
2 5 1 6
1 5 1 5
3 4 6 5
2 6 5 5
4 3 1 6
1 4 5 5
4 14 5 5
3 6 4 5
4 2 3 5
2 4 4 5
1 11 4 5
3 4 1 6
2 5 1 5
3 5 2 5
1 5 3 5
4 7 2 5
4 5 1 6
3 6 2 5
2 11 2 5
1 8 1 5
4 6 1 6
3 6 1 6
2 8 1 5
1 8 1 5
4 6 1 5
3 6 1 5
2 7 1 5
1 6 1 5
4 7 1 5
3 8 1 5
2 9 1 5
1 4 1 5
4 5 1 5
3 5 1 5
2 5 1 5
1 8 1 5
4 6 1 5
3 7 1 5
2 7 1 5
1 7 1 5
4 9 1 5
3 9 1 5
2 9 1 5
1 10 1 5
4 10 1 5
3 5 1 5
2 11 1 5
1 4 1 5
4 7 1 5
3 5 1 5
2 5 1 5
1 6 1 5
4 4 1 5
3 9 1 5
2 5 1 5
1 8 1 5
4 8 1 5
3 8 1 5
2 9 1 5
1 9 1 5
4 9 1 5
3 10 1 5
2 10 1 5
1 10 1 5
4 2 1 5
3 2 1 5
2 5 1 5
1 3 1 5
4 8 1 5
3 8 1 5
2 3 1 5
1 3 1 5
4 10 1 5
3 4 1 5
2 7 1 5
1 7 1 5
4 3 1 5
3 7 1 5
2 7 1 5
1 7 1 5
4 9 1 5
2 8 8 6
1 2 8 6
4 3 8 5
3 8 8 5
2 7 7 6
1 3 7 5
2 2 6 5
4 8 7 5
3 8 6 6
2 2 6 6
3 5 1 7
2 2 4 6
1 13 4 6
4 15 4 5
3 8 4 5
1 8 3 5
2 9 3 6
4 7 2 6
2 5 1 7
1 6 1 6
3 2 1 5
2 2 1 5
8 2 1 6
1 2 1 5
2 6 14 5
1 5 14 5
4 10 13 5
3 13 13 5
2 5 13 5
1 6 12 5
4 9 12 5
3 5 12 5
2 6 11 5
3 4 1 6
2 4 1 6
1 4 1 6
4 5 1 5
3 5 1 5
2 5 1 5
1 5 1 5
4 5 1 5
3 5 1 5
2 5 1 5
1 9 1 5
4 5 1 5
3 5 1 5
2 4 1 5
1 4 1 5
4 4 1 5
3 4 1 5
2 4 1 5
1 4 1 5
4 4 1 5
3 4 1 5
2 4 1 5
1 4 1 5
4 4 1 5
3 4 1 5
2 4 1 5
1 4 1 5
4 4 1 5
3 4 1 5
2 4 1 5
1 4 1 5
4 4 1 5
3 4 1 5
2 4 1 5
1 4 1 5
4 4 1 5
3 4 1 5
2 3 1 5
1 3 1 5
4 3 1 5
3 3 1 5
2 3 1 5
1 3 1 5
4 3 1 5
3 2 1 5
2 2 1 5
1 2 1 5
7 2 1 6
8 2 3 6
3 6 3 6
2 5 3 5
1 3 2 6
4 6 2 6
3 5 2 5
5 2 1 6
2 3 1 6
1 4 1 6
4 4 1 5
6 2 1 5
2 3 4 5
1 5 4 5
7 2 4 5
8 2 9 5
5 2 14 5
6 2 19 5
7 2 24 5
8 2 29 5
5 2 34 5
6 2 39 5
7 2 44 5
8 2 49 5
3 2 1 6
4 3 2 5
3 3 2 5
2 7 2 5
1 6 1 5
4 5 1 5
3 6 1 5
2 6 1 5
4 3 6 5
3 4 5 5
1 5 1 6
2 4 5 5
1 10 5 5
4 8 4 5
1 2 3 5
3 7 4 5
2 14 4 5
4 6 1 6
3 7 1 5
4 8 2 5
2 7 3 5
1 9 2 5
1 7 1 6
4 8 2 5
3 15 2 5
2 10 1 5
4 9 6 5
3 10 5 5
1 8 1 6
2 9 5 5
1 17 5 5
4 11 4 5
1 2 3 5
3 10 4 5
2 18 4 5
4 8 1 6
3 10 1 5
4 9 2 5
2 9 3 5
1 12 2 5
1 8 1 6
4 10 2 5
3 19 2 5
2 13 1 5
1 9 1 6
4 10 1 6
3 10 1 5
2 9 1 5
1 11 1 5
4 11 1 5
3 11 1 5
2 12 1 5
1 12 1 5
4 10 1 5
3 10 1 5
2 16 1 5
1 11 1 5
4 12 1 5
3 14 1 5
2 13 1 5
1 10 1 5
4 10 1 5
3 10 1 5
2 10 1 5
1 10 1 5
4 10 1 5
3 10 1 5
2 10 1 5
1 10 1 5
4 10 1 5
3 10 1 5
2 10 1 5
1 10 1 5
4 10 1 5
3 9 1 5
2 9 1 5
1 9 1 5
4 8 1 5
3 8 1 5
2 8 1 5
1 8 1 5
4 8 1 5
3 8 1 5
2 8 1 5
1 8 1 5
4 8 1 5
3 8 1 5
2 8 1 5
1 8 1 5
4 8 1 5
3 8 1 5
2 8 1 5
1 8 1 5
4 8 1 5
3 8 1 5
2 8 1 5
1 7 1 5
4 7 1 5
3 7 1 5
2 7 1 5
1 7 1 5
4 7 1 5
3 7 1 5
2 6 1 5
1 6 1 5
4 6 1 5
3 5 1 5
2 5 1 5
1 5 1 5
4 4 1 5
3 4 1 5
2 4 1 5
1 4 1 5
4 4 1 5
3 4 1 5
2 4 1 5
1 3 1 5
4 3 1 5
3 3 1 5
2 3 1 5
1 3 1 5
4 3 1 5
3 3 1 5
2 2 1 5
1 2 1 5
4 2 1 5
3 2 1 5
2 2 1 5
1 2 1 5
4 2 1 5
3 2 1 5
2 2 1 5
1 2 1 5
4 2 1 5
8 2 1 6
3 2 1 5
2 2 1 5
1 4 1 5
4 5 1 5
3 5 1 5
4 7 3 5
5 2 1 6
1 6 5 5
6 2 3 6
4 2 2 6
7 2 5 6
2 2 9 6
2 5 11 6
1 5 11 6
4 11 11 6
3 2 10 6
5 2 10 6
6 2 15 6
4 4 14 6
7 2 17 6
2 2 17 6
1 3 16 6
2 6 18 6
8 2 18 6
3 2 17 6
1 2 18 6
2 3 17 6
5 2 17 6
4 7 16 6
3 6 16 6
2 3 15 6
1 10 15 6
4 2 15 6
6 2 15 6
4 3 21 6
1 2 21 6
8 2 24 6
2 3 1 7
1 5 1 6
2 2 4 5
3 4 1 6
2 5 1 5
1 3 1 5
4 5 1 6
3 6 1 5
3 7 3 5
2 5 3 5
1 8 3 5
4 5 2 5
3 5 2 5
3 2 9 5
2 8 1 6
4 6 8 5
2 2 8 5
1 3 8 6
2 3 18 6
3 2 17 6
2 4 17 6
1 4 17 6
4 5 16 6
3 9 16 6
2 4 16 6
1 5 15 6
4 9 15 6
3 4 15 6
2 8 14 6
1 11 14 6
4 4 14 6
3 6 13 6
2 7 13 6
1 4 13 6
4 8 12 6
4 2 1 7
3 3 1 6
1 4 2 5
4 4 2 5
3 4 2 5
2 7 2 5
3 3 1 6
2 2 5 5
1 2 4 6
3 6 5 6
2 2 1 7
2 3 3 6
1 2 1 7
4 3 1 6
4 3 2 6
1 2 1 7
3 3 1 6
1 4 2 5
3 4 3 5
2 3 1 6
4 3 1 6
2 2 1 6
1 2 1 6
4 2 1 6
3 2 1 6
2 2 1 6
1 2 1 6
4 2 1 6
3 2 1 6
2 2 1 6
1 2 1 6
4 2 1 6
3 2 1 6
2 2 1 6
1 2 1 6
4 2 1 6
3 2 1 6
2 2 1 6
1 2 1 6
4 2 1 6
3 2 1 6
2 2 1 6
1 2 1 6
4 2 1 6
3 2 1 6
2 2 1 6
1 2 1 6
4 2 1 6
1 2 3 6
8 2 1 7
2 2 2 6
4 3 1 7
3 2 1 6
3 2 4 6
3 2 9 7
3 2 11 6
2 2 11 6
1 4 11 6
4 4 10 6
3 4 10 6
2 6 10 6
1 4 9 6
4 4 8 7
3 2 8 7
2 4 8 6
4 2 8 6
3 3 7 6
1 6 7 7
2 2 7 6
1 2 7 6
4 4 6 6
3 4 6 6
2 5 6 6
1 4 5 6
4 4 5 6
3 5 5 6
2 4 4 6
1 4 4 6
4 8 3 6
3 2 4 7
2 4 4 6
1 4 3 7
4 2 3 7
3 4 3 6
1 3 2 6
2 4 2 7
4 2 2 6
3 2 2 6
2 3 1 6
1 4 1 6
4 2 1 6
3 3 1 6
2 2 1 6
1 2 1 6
4 4 1 6
3 5 1 6
2 4 1 6
1 3 1 6
4 4 1 6
3 4 1 6
2 4 1 6
1 5 1 6
4 5 1 6
3 5 1 6
2 6 1 6
1 5 1 6
4 3 1 6
3 4 1 6
2 4 1 6
1 3 1 6
4 5 1 6
3 6 1 6
2 6 1 6
1 6 1 6
4 7 1 6
3 7 1 6
2 7 1 6
1 8 1 6
4 6 1 6
3 6 1 6
2 6 1 6
1 6 1 6
4 6 1 6
3 6 1 6
2 6 1 6
1 6 1 6
4 6 1 6
3 6 1 6
2 6 1 6
1 6 1 6
4 6 1 6
3 6 1 6
2 5 1 6
1 5 1 6
4 5 1 6
3 5 1 6
2 5 1 6
1 5 1 6
4 5 1 6
3 5 1 6
2 5 1 6
1 5 1 6
4 5 1 6
3 5 1 6
2 5 1 6
1 5 1 6
4 5 1 6
3 5 1 6
2 5 1 6
1 5 1 6
4 5 1 6
3 5 1 6
2 5 1 6
1 5 1 6
4 5 1 6
3 4 1 6
2 4 1 6
1 4 1 6
4 4 1 6
3 4 1 6
2 4 1 6
1 4 1 6
4 4 1 6
1 4 3 6
4 4 3 6
3 4 3 6
2 9 2 6
8 2 1 7
3 2 1 8
1 3 1 7
4 3 1 7
3 4 1 6
2 3 1 7
1 4 1 6
4 4 1 6
3 4 1 6
2 4 1 6
1 4 1 6
4 4 1 6
3 4 1 6
2 4 1 6
1 4 1 6
4 4 1 6
3 4 1 6
2 4 1 6
1 4 1 6
4 3 1 6
3 3 1 6
2 3 1 6
1 3 1 6
4 3 1 6
3 3 1 6
2 3 1 6
1 3 1 6
4 3 1 6
3 3 1 6
2 3 1 6
1 3 1 6
4 3 1 6
3 3 1 6
2 3 1 6
1 2 1 6
4 2 1 6
3 2 1 6
2 2 1 6
1 2 1 6
4 2 1 6
3 2 1 6
7 2 1 7
8 2 5 7
3 2 5 7
2 4 4 7
5 2 7 7
6 2 12 7
7 2 17 7
8 2 22 7
5 2 27 7
6 2 32 7
7 2 37 7
8 2 42 7
5 2 47 7
6 2 52 7
7 2 57 7
8 2 62 7
1 2 5 8
4 4 5 7
3 4 4 8
4 3 6 7
3 4 5 7
2 2 4 8
1 4 4 7
4 6 6 12
3 6 6 11
2 5 6 11
1 6 6 10
4 9 6 9
3 3 6 8
1 7 7 7
4 10 6 7
2 7 6 8
3 3 6 7
2 4 6 7
1 6 5 7
2 2 4 7
1 2 4 7
4 4 4 7
3 3 3 7
2 4 3 7
4 2 8 7
3 4 7 7
2 3 8 8
1 8 8 7
4 7 7 8
1 3 9 7
4 4 8 7
3 7 7 8
2 14 7 7
3 2 5 8
2 2 5 8
1 3 5 7
4 3 5 7
3 12 4 8
2 3 4 7
3 2 3 7
1 4 4 7
2 2 3 7
4 5 3 8
3 3 7 7
2 5 6 7
3 3 2 8
1 2 3 7
4 4 3 6
1 2 3 7
4 2 3 7
3 3 2 7
2 3 2 8
1 8 2 8
4 4 2 7
4 2 3 9
3 2 3 9
4 2 4 10
3 2 4 10
2 4 4 10
1 4 4 9
4 2 4 8
1 5 6 7
4 6 5 7
3 4 4 8
3 6 5 7
2 14 5 7
1 6 4 7
2 2 3 7
4 2 3 10
1 2 3 10
4 2 3 10
3 5 3 9
2 4 3 9
1 2 2 10
4 7 2 9
4 2 3 8
3 3 7 7
2 5 6 7
3 2 3 8
1 3 6 7
2 4 2 8
4 7 4 7
1 5 2 8
3 9 2 7
1 4 2 6
2 3 1 8
1 2 1 9
4 3 1 8
3 4 1 7
2 6 1 6
1 10 1 6
4 5 1 6
3 5 1 6
2 6 1 6
1 5 1 6
4 6 1 6
3 7 1 6
2 8 1 6
1 7 1 6
4 6 1 6
3 7 1 6
2 6 1 6
1 6 1 6
4 7 1 6
3 7 1 6
2 10 1 6
1 5 1 6
4 7 1 6
3 4 1 6
2 4 1 6
1 5 1 6
4 5 1 6
3 6 1 6
2 5 1 6
1 8 1 6
4 5 1 6
3 6 1 6
2 5 1 6
1 6 1 6
4 7 1 6
3 7 1 6
2 8 1 6
1 8 1 6
4 8 1 6
3 9 1 6
2 7 1 6
1 3 1 6
4 4 1 6
3 4 1 6
2 4 1 6
1 7 1 6
4 8 1 6
3 4 1 6
2 5 1 6
1 5 1 6
4 5 1 6
3 6 1 6
2 8 1 6
1 8 1 6
4 7 1 6
3 7 1 6
2 7 1 6
1 2 1 6
4 8 1 6
3 3 1 6
2 3 1 6
1 7 1 6
4 2 1 6
3 6 1 6
2 6 1 6
1 6 1 6
4 6 1 6
3 2 1 6
2 7 1 6
1 3 1 6
4 3 1 6
3 6 1 6
2 3 1 6
1 6 1 6
2 9 3 6
4 4 1 8
3 4 1 8
1 5 1 7
4 6 1 6
3 6 1 6
2 5 1 7
1 6 1 6
4 6 1 6
3 6 1 6
4 6 1 7
2 6 14 7
3 2 13 7
2 3 1 8
1 3 1 8
3 4 1 7
2 5 1 6
1 4 1 6
4 4 1 6
3 4 1 6
2 4 1 6
1 4 1 6
4 4 1 6
3 4 1 6
2 4 1 6
1 4 1 6
4 4 1 6
1 4 2 6
4 4 2 6
3 7 2 6
2 5 1 6
1 4 1 6
4 4 1 6
3 3 1 6
2 3 1 6
1 3 1 6
4 3 1 6
3 3 1 6
2 3 1 6
1 3 1 6
4 3 1 6
3 3 1 6
2 3 1 6
1 3 1 6
4 3 1 6
3 3 1 6
2 3 1 6
1 3 1 6
4 3 1 6
3 3 1 6
2 3 1 6
1 3 1 6
4 3 1 6
3 3 1 6
2 3 1 6
1 3 1 6
4 3 1 6
3 3 1 6
2 3 1 6
1 3 1 6
4 3 1 6
3 3 1 6
2 3 1 6
1 3 1 6
4 2 1 6
3 2 1 6
2 2 1 6
1 2 1 6
4 2 1 6
3 2 1 6
2 2 1 6
1 2 1 6
4 2 1 6
3 2 1 6
2 2 1 6
7 2 1 7
1 2 1 6
4 2 1 6
3 2 1 6
2 2 1 6
3 2 3 6
8 2 1 7
5 2 5 7
6 2 10 7
7 2 15 7
8 2 20 7
5 2 25 7
6 2 30 7
7 2 35 7
8 2 40 7
5 2 45 7
6 2 50 7
7 2 55 7
8 2 60 7
