11139
3713
2 3 4 1
6 2 4 1
2 2 13 1
4 3 14 1
2 3 17 1
4 2 16 1
3 2 18 1
7 2 17 1
5 2 19 1
4 2 21 1
7 3 21 1
5 4 22 1
1 2 22 1
2 3 23 1
4 2 22 1
8 2 21 1
1 2 21 1
2 2 20 1
3 2 23 1
1 2 22 1
5 3 23 1
8 2 26 1
4 4 27 1
4 2 35 1
2 2 35 1
8 3 35 1
1 2 37 1
4 2 37 1
5 2 37 1
8 2 39 1
4 3 48 1
7 2 3 2
5 3 12 1
8 2 12 1
7 2 16 1
8 3 19 1
8 3 24 1
3 2 28 1
2 2 35 1
5 2 39 1
6 2 39 1
1 2 7 2
7 4 18 1
1 10 17 1
6 2 28 1
2 2 27 1
5 2 7 2
1 2 11 1
2 2 10 1
8 3 9 1
6 2 16 1
7 2 24 1
1 2 24 1
6 3 10 2
5 2 14 1
3 2 16 2
5 2 17 1
4 2 16 1
3 2 19 1
8 2 17 2
4 2 18 1
6 2 19 2
1 3 18 2
2 2 24 2
4 4 24 2
2 2 2 3
6 3 2 2
3 2 6 1
3 2 9 1
3 2 10 1
6 2 10 1
7 2 5 2
7 3 9 2
1 2 11 1
2 2 17 2
5 2 18 2
8 4 23 2
6 2 2 3
3 3 14 2
3 2 18 2
6 2 19 2
7 2 18 2
1 2 18 2
2 2 4 3
5 2 9 2
6 2 11 1
8 2 8 2
7 2 10 1
4 4 10 2
1 2 10 1
8 2 10 2
8 2 4 3
3 2 4 3
6 3 3 3
7 2 3 2
2 2 4 1
5 2 3 1
4 2 4 1
1 3 4 1
6 2 6 3
2 5 9 3
3 2 24 3
6 2 41 3
6 2 42 3
6 2 50 3
5 5 3 4
6 2 4 3
5 2 10 3
6 2 12 3
7 2 21 3
5 2 22 3
7 3 31 3
1 2 33 3
1 3 42 3
6 4 41 3
8 2 9 4
6 2 21 3
6 2 18 4
1 5 19 3
8 3 20 3
6 2 28 3
3 2 28 3
2 2 27 3
4 4 28 3
8 5 21 4
8 2 24 3
4 2 22 4
3 4 23 3
5 2 30 3
8 3 22 4
6 4 29 3
5 2 30 3
3 2 23 4
2 2 23 3
1 4 27 3
7 2 29 4
5 2 30 4
8 2 39 4
1 2 2 5
5 2 4 4
7 2 8 3
4 3 7 3
6 2 6 3
5 2 6 2
8 2 5 3
2 2 12 3
2 2 7 4
6 2 25 4
7 2 24 4
6 2 23 4
3 2 2 5
2 2 15 4
7 3 17 4
4 3 22 4
6 2 1 5
3 3 20 4
7 5 21 4
1 3 1 5
5 2 20 4
1 3 21 4
5 2 3 5
2 4 12 4
6 2 18 4
8 2 18 3
4 2 18 4
8 2 5 5
3 2 15 4
4 2 14 4
8 3 10 5
2 2 12 5
7 5 13 5
8 2 12 5
3 2 11 5
5 3 13 4
7 5 16 5
7 2 26 5
3 2 27 5
4 5 2 6
2 3 11 5
8 2 16 5
6 2 17 5
4 2 16 5
5 3 4 6
1 3 15 5
6 2 17 5
5 3 18 5
1 2 27 5
3 3 27 5
4 2 26 5
4 2 8 6
4 2 16 5
2 2 8 6
6 4 8 5
3 2 13 4
2 2 7 6
8 2 17 5
4 10 18 5
7 2 21 5
2 2 8 6
5 2 8 5
8 4 9 4
4 2 8 4
7 2 8 3
1 2 8 5
7 7 7 5
5 2 10 6
6 3 13 5
3 2 12 5
2 2 10 6
1 2 12 6
7 2 16 6
1 3 15 6
3 2 15 6
4 3 17 6
5 2 18 6
2 2 22 6
8 2 27 6
4 5 27 6
1 3 26 6
7 3 7 7
3 2 9 6
6 2 11 5
2 2 10 6
4 2 10 5
8 2 12 6
8 2 15 6
4 2 15 6
2 2 12 7
6 2 15 6
8 2 22 6
8 3 13 7
4 3 17 7
1 2 17 7
1 2 22 6
7 2 18 7
6 2 21 6
4 2 19 7
6 2 20 7
1 2 21 7
7 2 20 7
4 2 20 7
1 3 28 7
5 3 28 7
3 2 40 7
2 3 40 7
6 6 10 8
5 3 10 7
6 2 11 6
1 2 10 6
7 3 9 7
1 2 11 6
2 2 12 6
2 2 8 7
5 2 8 6
3 3 9 6
7 2 9 6
6 2 9 6
8 2 8 6
2 2 10 7
1 2 18 7
1 3 19 7
8 3 24 7
2 3 24 7
1 2 9 8
5 2 17 7
3 2 23 7
7 2 24 7
4 2 25 7
2 2 16 8
4 5 17 7
6 2 16 8
6 2 18 8
5 2 20 7
8 2 18 8
3 3 17 8
4 2 16 8
5 3 21 7
8 2 15 8
2 2 21 7
7 5 17 8
1 3 15 8
3 4 14 8
5 2 14 8
7 2 13 8
8 2 14 7
6 2 13 7
7 3 18 8
8 5 19 8
2 2 19 8
6 2 25 8
2 4 25 8
1 3 27 8
4 4 3 9
1 2 5 8
8 5 5 7
8 2 9 6
2 2 5 7
4 2 7 6
5 3 6 7
7 2 6 6
1 3 5 7
5 2 5 6
6 11 13 8
6 2 5 9
8 2 5 8
5 3 4 9
8 2 12 8
6 2 13 8
1 3 13 8
8 2 13 8
7 4 4 9
7 2 8 8
3 2 11 8
5 2 10 8
4 2 9 8
7 3 10 9
6 3 11 9
3 2 10 9
3 4 19 9
4 2 19 9
8 2 18 9
3 2 21 9
4 2 24 9
3 3 26 9
5 2 28 9
1 2 28 9
5 2 9 10
8 5 28 9
4 2 27 9
2 2 9 10
5 2 26 9
4 2 8 10
1 2 9 9
6 4 19 9
7 2 25 10
5 2 27 10
3 2 27 10
1 2 28 10
2 4 28 10
8 2 28 10
4 2 36 10
8 2 38 10
1 2 39 10
7 4 39 10
4 5 44 10
7 5 47 10
1 3 46 10
8 2 47 10
5 2 50 10
4 2 49 10
7 3 2 11
1 4 4 10
8 3 4 9
2 2 7 8
3 2 8 8
6 2 7 9
2 2 8 8
5 2 3 10
8 2 6 9
5 2 7 8
7 2 5 9
4 2 5 9
8 2 25 10
6 3 34 10
2 2 1 11
4 2 39 10
5 2 38 10
6 2 1 11
8 2 15 10
3 2 15 10
7 2 18 10
3 3 20 10
4 3 22 10
6 4 23 10
5 3 26 10
3 3 26 10
1 2 27 10
7 3 2 11
7 4 24 10
3 3 23 10
2 2 23 10
4 2 23 10
8 2 24 10
6 2 23 10
1 2 22 10
8 2 22 10
1 2 1 11
6 2 10 10
4 2 1 11
2 2 8 10
5 2 7 10
1 2 7 9
5 4 10 9
4 2 14 10
4 3 7 11
2 2 9 10
3 3 9 9
5 2 9 10
6 2 8 10
7 2 12 11
2 2 16 11
3 2 16 11
7 4 18 11
6 3 23 11
6 2 3 12
5 2 16 11
3 2 2 12
7 3 8 11
2 4 16 11
6 2 15 11
1 2 16 11
7 2 1 12
6 3 3 12
1 2 6 11
8 2 5 11
3 2 5 10
2 2 6 9
6 2 16 12
5 3 17 12
4 2 17 12
3 2 16 12
8 3 29 12
5 2 29 12
4 4 33 12
8 2 35 12
1 2 37 12
5 4 43 12
6 2 48 12
1 4 48 12
5 2 1 13
4 3 23 12
3 2 22 12
3 2 25 12
2 3 26 12
6 2 25 12
8 2 2 13
8 2 3 12
6 2 4 12
8 2 6 11
2 2 5 11
6 2 5 10
1 2 5 9
4 2 6 8
5 2 4 10
3 2 7 11
4 2 6 11
5 3 5 12
1 2 5 12
8 3 13 12
2 3 28 12
3 3 27 12
5 2 2 13
1 2 16 12
2 3 16 12
8 2 15 12
1 5 15 12
7 2 3 13
7 2 21 12
4 3 14 13
7 2 15 12
2 2 21 13
8 2 22 12
5 2 27 13
6 2 28 13
7 4 31 13
5 2 33 13
6 2 33 13
6 3 36 13
4 2 38 13
3 2 37 13
4 2 39 13
4 3 3 14
6 2 5 13
2 2 12 12
2 2 17 12
3 3 17 12
7 3 4 13
3 2 6 12
5 2 6 12
5 7 11 13
8 3 15 13
2 3 2 14
1 3 2 13
1 2 9 12
7 5 9 12
2 2 13 12
1 2 9 13
5 2 9 13
3 2 3 14
6 2 8 13
4 2 8 12
3 2 10 12
4 3 4 14
8 5 17 13
7 2 16 13
8 5 6 14
5 2 6 13
8 2 5 13
8 3 10 12
6 2 10 12
4 2 6 13
5 2 6 13
6 3 6 14
1 2 8 13
3 2 8 12
2 2 7 12
4 4 7 14
2 2 6 14
4 2 6 13
3 3 5 14
1 2 9 14
3 2 10 14
7 2 11 14
1 2 11 14
6 4 15 14
2 2 15 14
2 2 21 14
5 3 22 14
4 2 25 14
7 3 34 14
6 3 11 15
1 3 14 14
4 2 13 14
4 2 10 15
4 2 17 14
6 2 16 14
8 2 15 14
7 2 16 14
2 2 15 14
5 2 15 14
6 2 17 15
7 2 21 15
6 2 22 15
2 4 40 15
7 2 44 15
8 2 48 15
4 2 49 15
3 2 49 15
1 2 53 15
7 2 53 15
3 2 4 16
7 2 14 15
4 2 17 14
3 2 17 14
1 2 18 14
6 2 20 14
1 3 13 15
2 2 15 15
8 2 16 15
5 2 15 15
4 2 15 14
8 2 17 14
4 6 16 15
6 2 16 14
8 2 37 15
5 2 4 16
3 2 11 15
7 2 15 14
3 2 14 14
6 2 18 15
7 2 18 15
4 2 25 15
2 4 8 16
5 2 18 15
4 2 30 15
7 7 10 16
4 3 19 15
6 2 11 16
8 2 11 15
2 2 13 14
1 2 12 15
8 3 17 16
1 2 18 15
2 2 16 16
5 2 17 15
3 2 15 16
7 2 20 15
6 4 20 15
5 2 19 15
1 2 15 16
7 3 16 15
4 3 17 15
2 3 15 16
5 2 25 16
6 2 24 16
8 3 26 16
1 2 26 16
7 2 28 16
1 2 27 16
6 2 5 17
3 2 6 16
1 2 10 15
2 2 11 14
5 2 9 15
3 2 9 15
6 2 11 15
6 2 8 16
1 2 9 15
2 3 23 16
5 3 5 17
7 2 6 16
4 2 6 15
2 2 5 15
1 2 4 17
6 4 17 16
2 2 5 17
3 2 16 16
5 2 5 17
1 2 5 16
5 2 11 16
1 2 7 17
7 2 9 17
6 4 9 16
4 3 8 17
4 2 9 17
7 2 9 16
2 2 9 17
1 3 16 16
4 2 15 17
3 2 21 17
4 3 21 17
6 4 27 17
1 3 26 17
3 2 25 17
3 4 31 17
7 2 29 17
2 2 35 17
2 2 36 17
6 3 1 18
4 2 5 17
8 3 5 16
7 3 5 15
5 2 5 17
3 3 8 17
8 3 12 18
2 2 14 17
6 2 20 17
1 2 22 17
4 2 26 18
8 4 28 17
5 2 27 18
8 3 30 18
7 3 30 18
4 3 33 18
4 2 34 18
8 2 34 18
8 8 40 18
6 2 44 18
4 2 44 18
8 4 44 18
5 2 43 18
6 3 52 18
4 2 9 19
7 2 14 18
8 5 20 17
3 2 20 17
7 2 20 17
4 2 19 17
6 2 13 18
3 3 13 17
5 3 17 17
1 2 18 17
3 2 17 18
6 2 27 18
3 2 40 18
8 3 13 19
6 2 13 18
7 2 16 17
6 2 18 17
7 2 21 18
3 2 28 18
5 2 30 18
1 2 24 19
7 2 27 18
6 3 32 18
6 3 25 19
5 2 25 18
4 2 30 18
2 3 27 19
6 2 28 19
7 2 28 18
3 2 27 18
2 2 38 19
7 3 39 19
1 2 41 19
4 3 43 19
6 3 42 19
2 2 41 19
6 2 3 20
2 3 16 19
5 2 17 18
5 5 19 18
8 2 18 18
1 2 18 18
4 2 17 18
2 5 18 17
6 2 15 19
7 2 16 19
4 3 8 20
1 6 19 19
2 2 19 19
5 2 30 19
7 2 7 20
4 2 7 19
6 2 8 18
3 2 10 17
8 2 12 16
1 2 11 17
1 2 7 18
2 2 9 17
2 2 10 18
6 2 11 17
8 2 11 17
5 2 7 19
3 3 13 20
7 2 14 19
8 2 21 19
8 2 12 20
1 2 17 19
1 2 21 19
2 2 37 20
7 3 41 20
3 2 41 20
1 2 42 20
4 3 43 20
2 3 43 20
6 2 44 20
5 3 48 20
2 3 9 21
4 2 14 20
3 3 13 20
5 2 14 19
7 2 15 19
4 2 16 19
8 2 18 19
3 2 14 20
5 5 17 20
6 2 27 20
3 3 28 20
3 2 32 20
8 2 16 21
7 3 32 20
1 3 35 20
1 4 17 21
7 5 18 20
8 2 19 20
3 2 18 20
8 3 28 20
6 2 18 21
2 2 20 20
1 2 19 20
5 5 17 21
1 2 18 21
1 2 24 20
2 2 18 21
4 2 23 21
3 2 24 20
6 2 23 21
3 3 33 21
3 2 34 21
4 4 34 21
6 2 35 21
8 2 36 21
3 2 36 21
7 3 35 21
3 2 40 21
4 3 1 22
8 2 1 21
4 2 2 20
5 2 4 19
4 2 8 19
5 3 8 18
3 2 8 18
6 3 9 20
2 2 11 19
7 3 12 19
8 3 11 20
4 2 11 20
8 2 16 21
8 3 3 22
3 2 4 21
6 2 3 21
3 2 5 20
3 2 9 20
1 2 5 21
2 2 14 20
2 3 8 21
7 3 10 20
5 2 9 20
3 3 9 21
7 2 10 20
5 2 10 20
2 3 14 21
2 3 15 21
7 2 16 21
1 2 16 21
7 2 2 22
8 2 3 21
6 2 7 21
2 2 6 22
1 2 7 21
7 2 8 20
5 2 9 21
8 2 10 22
6 4 11 22
6 2 12 22
4 2 29 22
4 4 34 22
1 2 33 22
3 5 36 22
8 4 34 22
4 2 39 22
6 2 38 22
4 2 38 22
4 2 4 23
5 2 36 22
4 3 5 23
5 2 6 22
3 2 7 21
8 2 5 22
7 2 5 21
4 2 5 20
2 2 6 19
1 2 8 18
4 2 7 19
1 2 6 19
8 2 14 22
4 2 24 22
4 2 25 22
2 2 24 22
7 2 25 22
3 4 6 23
7 2 13 22
6 2 12 22
8 2 7 23
3 3 7 23
1 4 7 22
7 2 10 22
4 2 11 22
5 2 11 23
3 4 16 22
7 2 16 22
5 2 13 23
8 3 14 22
8 4 16 22
2 2 17 23
4 3 26 23
2 2 29 23
8 2 29 23
7 2 38 23
1 2 39 23
8 2 10 24
2 5 11 23
3 2 13 22
4 3 16 22
1 3 10 23
4 2 26 23
8 2 25 23
3 2 10 24
1 2 13 23
1 2 23 23
3 2 23 23
6 6 23 23
3 2 26 23
7 2 14 24
5 3 13 24
5 3 22 23
2 2 20 24
7 4 23 23
5 3 23 23
3 3 22 23
4 2 21 24
2 4 31 24
8 2 31 24
4 2 32 24
1 2 31 24
4 4 31 24
6 3 32 24
8 4 32 24
7 4 31 24
3 2 30 24
7 3 43 24
1 2 42 24
7 3 7 25
7 2 14 24
5 2 20 23
1 2 16 24
2 2 16 23
6 2 18 23
4 2 19 23
7 5 16 24
8 2 16 23
6 3 31 24
7 3 32 24
8 2 8 25
7 2 10 24
6 2 14 24
7 3 15 24
5 2 16 23
7 2 16 24
8 3 15 24
2 2 16 23
6 2 17 24
3 2 22 24
8 2 22 24
3 2 11 25
3 2 14 24
1 2 15 23
5 2 14 25
7 2 16 25
5 2 19 24
4 2 15 25
2 3 17 24
1 2 15 25
2 2 16 25
2 2 25 25
1 2 27 25
8 3 40 25
2 2 5 26
4 2 5 25
5 2 5 24
5 2 8 23
3 2 4 26
2 5 18 25
3 3 24 25
8 2 23 25
4 2 27 25
4 3 6 26
4 2 9 25
2 2 11 24
4 2 11 23
3 2 11 23
8 2 11 22
2 2 10 22
4 2 9 22
8 3 10 25
6 2 10 24
5 2 10 23
2 2 24 25
1 2 6 26
2 2 18 25
7 2 23 25
1 2 22 25
6 2 8 26
3 2 8 26
5 6 9 25
6 2 15 25
6 2 11 26
3 10 12 26
7 2 13 25
4 2 12 25
5 2 14 26
6 2 14 26
7 2 16 25
4 4 17 26
7 2 17 25
4 2 20 26
7 3 21 26
6 3 22 26
3 6 21 26
2 2 18 26
8 2 20 26
4 2 21 26
6 7 21 26
5 2 20 26
8 3 23 26
5 2 22 26
5 2 27 26
3 3 30 26
4 3 29 26
8 2 5 27
2 2 7 26
4 4 13 25
6 2 6 26
4 2 7 25
2 2 8 24
8 2 7 25
7 2 6 25
2 2 20 26
6 2 19 26
1 4 21 26
8 2 20 26
7 4 7 27
1 4 12 26
1 2 15 26
2 3 18 26
3 3 6 27
2 2 15 26
7 2 7 27
7 3 12 26
8 4 6 27
2 2 12 26
3 3 11 26
7 3 12 26
5 2 5 27
5 3 7 26
8 2 7 27
1 2 9 27
6 2 11 27
6 2 19 27
7 3 18 27
2 3 26 27
4 4 28 27
8 2 26 27
7 2 27 27
4 2 1 28
1 2 1 27
3 2 5 26
1 2 5 25
2 2 6 25
6 2 5 26
5 3 5 25
8 2 6 24
8 2 10 28
8 2 13 28
8 2 25 27
4 2 14 28
2 2 15 27
3 2 18 27
8 2 14 28
1 2 22 27
1 3 13 28
2 2 20 27
4 2 18 28
4 2 19 27
5 4 19 28
6 3 22 28
3 2 27 28
8 5 28 28
4 2 33 28
7 2 33 28
2 2 33 28
4 2 36 28
7 2 36 28
5 3 39 28
5 2 44 28
2 2 1 29
6 2 1 28
7 2 4 27
3 2 7 27
4 3 7 27
5 4 6 27
6 5 7 27
1 2 7 27
5 2 9 27
3 3 8 27
7 2 8 27
2 2 7 27
3 2 32 28
1 2 4 29
8 3 11 28
1 2 19 28
1 5 27 28
2 2 8 29
3 2 9 28
2 3 13 28
5 3 13 28
3 2 12 28
7 3 10 29
4 2 11 28
6 2 10 28
3 2 14 29
4 2 18 28
4 2 13 29
7 2 19 28
4 2 18 29
4 2 19 29
5 3 28 29
1 2 27 29
4 2 26 29
7 2 26 29
2 4 26 29
7 3 27 29
1 3 29 29
4 2 3 30
2 3 15 29
1 4 17 28
4 4 7 30
6 3 12 29
2 2 16 28
3 8 13 29
3 2 16 29
7 2 22 29
7 2 6 30
2 2 22 29
4 2 23 29
5 4 28 29
1 3 6 30
5 7 13 29
6 4 16 28
3 3 16 29
5 3 15 30
1 2 17 30
3 2 17 29
5 2 18 30
3 2 22 29
4 6 21 30
2 3 22 29
6 3 20 30
8 4 20 30
3 5 25 30
1 2 22 30
3 2 29 30
6 2 28 30
1 3 27 30
2 5 29 30
6 2 32 30
1 5 33 30
6 2 8 31
1 2 10 30
6 2 13 29
2 2 14 28
8 2 13 30
5 2 13 29
4 3 14 28
6 2 13 29
8 2 12 29
2 2 21 30
3 2 20 30
2 2 12 31
5 3 23 30
7 3 12 31
1 2 12 30
1 2 16 30
3 2 12 31
1 2 22 30
5 2 12 31
7 3 15 30
6 2 20 30
4 2 12 31
1 3 13 30
6 2 14 29
4 2 15 30
3 2 16 30
2 3 15 30
8 2 11 31
7 3 12 30
2 3 12 29
5 2 11 29
3 2 13 31
2 2 13 31
8 2 15 31
4 2 18 31
3 2 18 31
5 2 25 31
4 2 24 31
1 2 23 31
2 2 23 31
3 2 27 31
2 2 2 32
6 2 16 31
4 3 19 31
7 3 19 31
7 3 22 31
7 2 4 32
2 3 4 31
7 3 12 31
8 3 18 31
6 2 6 32
1 2 15 32
6 2 18 32
8 2 20 32
3 3 19 32
1 2 24 32
4 2 24 32
3 2 27 32
1 2 44 32
8 2 43 32
4 2 3 33
3 4 4 32
6 3 13 32
5 2 17 31
1 3 16 32
2 2 17 31
8 3 17 32
7 5 16 32
4 2 20 32
1 2 19 32
1 2 3 33
6 2 3 32
5 2 3 31
8 2 10 30
1 2 3 31
7 2 6 30
4 2 7 31
3 2 10 31
4 2 5 32
2 2 8 31
1 2 10 32
4 2 17 32
6 2 26 32
6 3 5 33
4 2 11 32
7 4 13 32
5 2 12 32
6 2 11 32
8 2 19 32
1 2 5 33
2 3 11 32
7 2 13 32
3 2 12 32
5 3 6 33
1 2 8 32
8 2 6 33
3 2 16 33
1 3 23 33
4 2 25 33
5 2 34 33
2 2 35 33
8 4 38 33
5 4 42 33
4 3 44 33
1 2 43 33
7 3 9 34
3 2 13 33
7 2 14 32
5 2 10 34
3 2 10 33
3 3 19 33
8 2 36 33
5 3 40 33
2 2 13 34
2 2 15 33
7 2 15 33
1 2 31 33
7 2 32 33
4 2 35 33
8 2 36 33
3 2 35 33
1 2 14 34
8 2 27 33
2 2 30 33
8 5 14 34
1 2 22 33
5 3 23 33
7 2 22 33
4 4 22 33
7 2 16 34
2 2 18 33
3 2 20 33
6 3 21 33
7 6 20 33
1 2 19 33
7 2 36 34
1 2 45 34
7 2 4 35
4 2 11 34
5 2 11 33
5 2 13 32
4 3 12 33
2 2 5 35
4 3 17 34
6 2 16 34
4 2 19 34
2 2 22 34
5 3 22 34
1 2 10 35
2 2 10 34
3 2 15 33
6 2 9 34
8 5 16 34
3 2 14 35
5 2 23 34
6 3 14 35
8 3 19 34
6 2 19 34
3 2 17 35
8 4 17 34
1 4 22 34
2 2 22 34
6 2 24 34
8 2 22 35
1 2 24 35
2 3 25 35
3 2 25 35
5 5 29 35
7 2 29 35
1 2 32 35
2 2 40 35
3 2 2 36
6 4 2 35
4 2 3 34
2 2 7 33
2 2 8 32
3 2 7 32
5 2 7 31
6 2 6 32
4 2 7 33
8 2 3 34
3 3 3 33
7 2 2 33
4 2 2 32
5 3 4 32
7 2 4 32
8 3 5 33
1 3 3 34
5 4 9 35
2 2 15 34
3 2 14 35
6 2 22 35
1 2 22 35
2 2 26 35
2 2 5 36
6 2 14 35
7 3 16 35
2 2 19 35
3 3 22 35
7 2 22 35
6 2 21 35
4 2 5 36
2 2 6 36
1 4 9 36
4 2 10 35
5 2 18 35
7 2 8 36
8 2 10 35
1 3 15 35
4 2 14 35
5 2 8 36
7 2 13 36
2 2 12 36
3 3 13 36
6 2 13 35
6 2 14 36
7 2 27 36
6 2 29 36
2 2 28 36
8 2 32 36
7 2 35 36
6 4 36 36
1 2 35 36
8 2 4 37
3 4 4 36
7 2 7 35
2 2 9 34
3 2 6 36
3 2 7 35
6 2 6 35
1 2 5 36
1 3 7 36
4 3 10 36
8 3 6 37
6 2 23 36
1 2 23 36
7 2 11 37
2 2 12 36
1 2 17 36
2 2 27 36
4 3 11 37
5 7 12 36
8 2 12 36
6 5 16 36
4 3 21 36
7 3 16 37
8 2 19 36
2 3 19 36
4 2 17 37
8 2 19 37
4 2 25 37
6 2 26 37
2 2 26 37
1 4 37 37
6 2 37 37
5 2 1 38
7 4 2 37
4 2 14 36
5 2 18 36
7 2 17 36
2 2 1 37
8 2 4 36
5 3 4 35
3 2 3 35
4 2 3 34
8 2 3 34
2 4 3 33
5 2 2 34
1 4 11 37
8 2 11 36
4 2 19 37
3 3 24 37
8 3 25 37
7 2 4 38
1 3 16 37
8 2 17 37
5 3 17 37
7 2 16 37
2 2 16 37
3 2 28 37
8 2 4 38
1 2 4 37
6 2 6 36
2 2 9 36
3 2 8 37
3 2 17 37
1 2 21 37
6 5 7 38
5 2 7 37
2 2 6 37
4 2 9 36
1 2 8 37
5 3 14 37
7 2 14 37
4 2 13 38
8 3 14 38
6 3 16 38
1 2 23 38
8 2 23 38
4 3 25 38
1 6 32 38
2 2 31 38
1 2 38 38
4 2 37 38
2 2 3 39
4 2 6 38
8 2 9 37
3 2 11 37
2 2 5 39
7 2 8 38
3 2 7 38
7 3 5 39
3 2 26 38
7 2 10 39
1 2 10 38
4 3 9 38
6 3 9 37
2 2 10 37
8 2 8 38
3 2 8 38
1 2 19 38
2 2 20 38
8 3 22 38
2 2 21 38
5 2 8 39
6 2 9 39
3 2 10 38
8 3 14 39
3 2 14 38
6 2 13 39
3 3 17 39
5 2 17 39
4 2 18 38
5 2 18 39
4 2 32 39
7 2 31 39
7 2 33 39
1 4 33 39
4 2 32 39
3 2 31 39
8 4 34 39
7 2 33 39
6 4 33 39
2 2 32 39
4 3 31 39
6 2 4 40
6 2 10 39
6 4 20 39
5 2 23 39
8 4 26 39
1 4 4 40
3 3 4 39
1 2 13 38
8 3 16 39
1 2 17 38
6 2 21 39
2 2 20 39
1 3 4 40
7 2 4 40
7 2 11 39
7 3 18 39
4 3 16 40
8 4 16 39
5 2 19 40
7 2 21 40
4 2 23 40
2 4 23 40
7 2 33 40
4 3 33 40
8 2 38 40
5 2 40 40
2 3 41 40
1 3 2 41
1 2 9 40
7 4 12 39
1 4 11 40
2 2 13 39
6 2 14 38
3 2 12 39
3 2 36 40
4 4 2 41
3 4 2 40
1 2 3 39
6 2 4 39
2 2 3 39
6 2 1 40
8 3 4 40
4 2 21 40
6 2 5 41
7 2 14 40
3 2 15 40
2 2 20 40
1 2 21 40
2 2 5 41
5 4 12 40
8 2 20 40
5 4 7 41
6 3 8 40
1 4 15 40
8 3 12 41
6 2 12 40
5 2 12 40
3 4 18 40
7 2 17 40
2 3 18 41
3 3 25 41
5 2 27 41
7 2 27 41
5 3 6 42
4 4 11 41
8 2 12 40
3 2 11 40
6 2 11 40
2 2 12 41
8 2 14 41
6 2 29 41
5 2 10 42
3 2 14 41
4 2 24 41
1 2 10 42
2 3 10 41
5 2 11 41
6 4 11 41
1 2 12 40
4 2 11 40
4 2 13 41
8 2 17 41
2 2 19 41
5 2 23 41
7 3 10 42
2 2 11 41
5 2 11 41
1 2 10 41
8 3 10 40
4 2 11 42
3 4 10 42
4 2 18 41
2 2 12 42
7 2 12 42
8 2 12 42
2 3 12 42
8 2 24 42
5 3 24 42
6 2 24 42
5 2 24 42
8 3 25 42
8 6 26 42
2 5 29 42
1 2 30 42
7 3 29 42
5 2 30 42
2 2 6 43
3 3 6 42
1 3 7 41
7 2 7 40
3 4 9 42
8 2 8 42
1 2 8 41
5 2 12 41
4 2 11 41
2 3 18 42
6 2 17 42
8 3 15 43
4 2 20 42
3 2 27 43
7 2 28 43
1 2 29 43
5 3 28 43
3 4 31 43
5 4 31 43
6 4 30 43
2 3 29 43
6 2 31 43
8 2 33 43
3 4 34 43
3 2 35 43
8 2 37 43
2 2 37 43
1 2 8 44
3 2 15 43
8 2 18 42
4 2 28 43
1 2 34 43
5 2 35 43
2 3 35 43
8 6 34 43
4 2 10 44
6 2 15 43
5 2 15 42
1 4 11 44
7 3 28 43
6 4 30 43
1 2 30 43
3 2 16 44
5 3 25 43
3 3 24 43
1 2 36 44
8 3 36 44
3 2 36 44
7 4 37 44
3 2 37 44
5 3 37 44
1 2 38 44
3 2 37 44
5 2 38 44
7 3 47 44
4 3 1 45
1 3 14 44
5 2 16 43
1 2 17 42
2 2 13 44
2 2 17 43
6 3 17 42
3 2 16 43
8 2 12 44
6 2 21 43
8 2 22 43
7 2 12 44
4 2 21 43
3 2 18 44
1 2 1 45
7 2 4 44
4 2 5 43
4 2 7 42
6 3 9 41
7 2 7 42
2 2 8 41
3 2 9 41
8 2 7 42
1 2 7 42
8 2 6 43
7 2 7 42
4 2 7 42
7 2 11 44
5 2 10 44
2 2 14 44
3 3 21 44
2 2 22 44
6 2 27 44
2 3 2 45
8 2 14 44
6 3 18 44
7 2 19 44
4 3 23 44
6 3 6 45
8 3 7 44
5 2 6 44
4 2 15 45
6 2 16 44
3 3 18 44
1 3 17 44
4 3 22 45
4 2 27 45
4 2 40 45
6 3 42 45
7 5 41 45
2 3 5 46
8 4 17 45
2 2 18 45
8 2 19 45
7 2 36 45
2 2 36 45
7 2 10 46
2 3 14 45
3 2 13 45
7 2 13 45
8 4 9 46
5 3 10 45
6 2 12 44
7 2 12 45
8 2 19 45
7 2 22 45
3 3 21 45
5 3 22 45
4 2 8 46
6 2 13 45
7 2 21 45
1 2 21 45
5 2 21 46
6 2 26 46
7 2 37 46
5 2 37 46
3 4 38 46
8 2 37 46
3 2 37 46
1 2 36 46
1 2 41 46
2 3 45 46
1 2 44 46
2 2 6 47
8 2 20 46
7 2 40 46
5 3 6 47
7 2 15 46
4 2 14 46
1 2 13 46
3 2 14 45
4 2 19 45
2 4 15 46
2 2 24 46
8 2 27 46
1 2 30 46
3 2 7 47
3 3 15 46
3 3 21 46
1 2 6 47
2 3 23 46
5 3 23 46
6 2 25 46
6 4 7 47
4 3 9 46
6 2 14 45
5 2 14 44
2 2 14 44
5 3 9 46
2 2 9 45
7 3 11 46
8 2 10 46
3 2 11 45
1 2 12 44
8 2 12 43
1 2 10 46
5 2 11 47
7 3 13 47
4 2 15 47
4 3 19 47
3 2 31 47
6 3 30 47
8 2 37 47
6 2 41 47
2 2 14 48
3 2 34 47
1 3 35 47
2 2 34 47
2 2 24 48
8 2 30 47
2 2 26 48
5 4 26 47
4 2 39 47
5 2 33 48
5 2 35 47
2 2 35 47
6 2 34 47
1 2 32 48
7 2 31 48
8 2 33 47
2 3 33 47
5 2 30 48
3 2 30 48
6 2 30 48
2 2 30 48
3 3 34 48
8 2 35 48
7 3 35 48
2 2 46 48
3 2 45 48
7 2 46 48
7 2 5 49
2 2 9 48
4 2 13 47
3 2 16 47
3 2 17 47
1 2 27 47
7 4 18 48
1 3 18 47
4 2 20 47
3 2 21 47
4 2 21 47
7 3 20 47
2 3 34 48
5 4 6 49
1 2 19 48
5 2 18 48
6 3 19 48
4 2 21 47
2 2 20 48
2 2 22 48
7 2 23 48
1 3 6 49
5 2 12 48
4 2 18 47
7 2 13 48
6 3 8 49
3 2 12 49
7 2 13 49
4 4 25 49
6 2 28 49
6 2 32 49
1 2 33 49
7 2 43 49
7 2 45 49
2 2 47 49
3 2 47 49
6 2 47 49
6 4 48 49
4 2 5 50
3 2 6 49
4 7 18 48
8 2 17 48
2 2 16 48
6 2 16 47
8 2 15 48
1 2 11 49
4 3 11 48
5 2 15 49
1 4 17 49
2 2 26 49
5 2 4 50
7 5 12 49
1 2 14 49
8 4 23 49
3 3 22 49
7 2 21 49
5 2 35 49
7 2 34 49
2 5 4 50
5 2 19 49
3 3 19 49
8 5 25 49
4 2 3 50
6 2 10 49
2 2 13 48
5 3 10 49
1 2 10 48
2 2 10 47
6 3 15 49
5 5 4 50
8 2 5 50
7 2 6 49
4 2 8 48
7 2 10 47
3 2 8 48
8 3 7 48
4 2 15 49
6 3 15 49
1 2 14 49
2 2 4 50
4 2 9 49
5 2 10 49
4 3 15 49
5 2 14 49
5 3 5 50
3 2 8 49
2 3 5 50
2 3 6 50
6 2 7 49
4 4 9 49
5 2 20 50
3 2 19 50
5 2 26 50
6 2 1 51
8 2 3 50
5 2 9 49
7 2 5 50
8 2 9 49
6 2 9 50
4 2 20 50
4 2 21 50
2 2 11 51
4 2 10 51
1 3 12 50
7 3 15 50
2 2 14 50
5 2 21 51
6 3 21 51
4 2 25 51
1 2 25 51
2 3 29 51
4 3 29 51
8 3 30 51
8 2 32 51
4 2 34 51
7 2 34 51
6 2 43 51
1 5 3 52
5 6 9 51
3 3 9 50
8 2 11 50
8 2 12 51
1 3 29 51
5 5 28 51
7 2 27 51
1 4 4 52
1 2 10 51
5 2 10 50
4 2 10 50
3 2 9 51
4 2 15 51
2 2 27 51
7 9 8 52
6 2 20 51
3 2 22 51
3 2 8 52
8 2 24 51
3 2 23 51
1 2 10 52
5 2 20 51
2 2 19 51
1 5 20 51
6 3 12 52
4 3 11 52
1 3 11 51
5 3 11 51
4 2 10 51
6 2 11 50
8 2 16 52
2 3 17 52
4 3 22 52
7 2 23 52
7 3 26 52
6 2 25 52
2 2 26 52
5 4 27 52
6 4 27 52
8 2 26 52
3 2 26 52
4 4 25 52
1 4 24 52
7 2 24 52
5 2 29 52
3 2 1 53
4 2 1 52
5 2 1 51
2 2 1 50
6 2 5 49
3 2 4 50
4 2 4 49
2 3 1 53
7 3 7 52
4 2 14 51
5 2 9 52
5 2 12 51
1 2 22 52
2 3 4 53
8 2 4 52
8 2 12 51
6 2 4 52
8 2 8 51
3 2 10 51
7 3 8 52
1 2 7 52
2 2 9 51
1 2 9 52
3 3 6 53
4 2 6 52
3 2 8 51
5 2 7 52
6 2 6 53
2 4 6 53
8 2 6 52
5 2 11 53
2 3 17 53
1 2 17 53
6 2 16 53
1 2 24 53
4 3 25 53
8 2 24 53
1 2 27 53
1 2 29 53
2 2 2 54
5 3 5 53
4 3 9 53
4 2 12 53
2 2 29 53
5 4 28 53
6 3 2 54
4 2 3 53
7 3 2 53
4 2 2 52
7 2 5 51
1 2 4 52
5 2 3 52
2 2 8 53
5 2 1 54
8 2 1 54
1 4 7 53
6 2 8 53
2 2 11 53
8 3 4 54
5 2 7 53
4 2 10 53
4 3 14 53
1 2 16 53
2 2 15 53
7 2 3 54
8 3 9 53
1 2 3 54
3 3 3 53
2 2 3 54
7 6 6 53
7 3 8 54
3 2 8 54
5 2 8 53
6 2 9 53
5 2 10 54
8 3 22 54
3 3 24 54
7 2 30 54
6 4 3 55
4 2 29 54
1 2 30 54
5 2 3 55
4 2 8 54
6 2 12 54
3 3 12 54
4 2 11 54
2 4 2 55
8 2 15 54
2 2 14 54
5 2 4 55
6 2 9 54
5 3 14 54
1 2 13 54
8 2 12 54
2 2 3 55
1 2 8 54
8 3 8 53
6 3 2 55
7 2 4 55
4 2 8 54
7 2 7 55
1 2 8 54
5 2 8 53
8 2 7 55
2 2 7 54
4 3 11 55
7 6 11 55
3 3 10 55
1 3 15 55
5 4 22 55
8 2 22 55
4 3 25 55
3 5 26 55
6 2 26 55
2 3 29 55
8 2 28 55
3 2 28 55
6 2 33 55
4 2 2 56
5 2 5 55
1 3 7 55
3 2 9 55
7 2 14 55
3 4 14 55
4 2 22 55
3 5 23 55
2 2 22 55
3 2 2 56
2 2 2 55
7 2 7 54
3 2 6 54
5 2 5 55
8 3 5 54
8 3 2 56
2 2 5 55
5 2 19 56
2 3 18 56
5 2 18 56
4 3 20 56
7 2 24 56
3 2 29 56
2 2 31 56
5 3 30 56
8 2 36 56
5 4 6 57
2 2 10 56
7 2 12 55
2 2 12 55
5 2 11 56
6 7 11 56
8 2 10 56
6 2 21 56
8 2 20 56
5 2 19 56
6 2 23 56
5 2 27 56
1 3 8 57
4 2 8 56
4 2 16 55
7 5 8 56
2 2 8 55
1 2 13 55
1 3 14 56
2 2 13 56
5 5 13 55
4 2 12 56
8 2 12 55
2 2 6 57
6 3 7 56
4 2 13 56
7 2 7 57
2 2 8 56
4 2 10 55
6 2 9 55
2 3 9 56
7 5 10 57
1 2 12 57
3 2 15 57
7 2 31 57
5 2 32 57
7 2 32 57
8 2 31 57
7 2 31 57
4 2 34 57
3 4 38 57
2 2 36 57
4 4 35 57
8 2 34 57
5 2 2 58
6 3 14 57
7 4 13 57
2 2 19 57
8 3 33 57
2 2 32 57
3 3 3 58
5 2 15 57
6 3 22 57
4 2 10 58
8 3 16 57
5 2 22 57
2 2 21 57
1 2 10 58
2 3 25 58
1 2 24 58
3 2 23 58
2 2 23 58
6 3 26 57
6 4 28 58
2 2 41 58
7 2 44 58
2 2 3 59
7 3 8 58
3 2 8 57
1 2 8 56
6 3 8 56
7 2 11 57
6 2 12 57
1 2 12 57
4 2 7 58
6 2 14 58
3 2 18 57
7 2 13 58
8 3 18 57
3 8 19 58
5 2 22 58
1 3 26 58
1 2 31 58
2 3 30 58
1 2 3 59
5 5 5 58
8 2 7 57
3 2 10 57
4 2 13 57
3 2 3 59
5 3 7 58
6 2 14 58
4 3 17 58
6 2 17 58
4 2 10 59
2 3 10 59
8 3 19 58
5 2 18 58
3 2 17 58
2 2 13 59
8 2 12 59
6 2 12 59
8 2 14 58
2 2 16 59
4 2 15 59
6 5 14 59
6 3 17 59
8 2 16 59
5 2 16 59
3 2 19 59
1 5 24 59
3 2 31 59
3 2 34 59
8 3 2 60
4 3 3 59
6 3 4 58
8 3 6 58
7 2 6 58
6 2 7 57
3 2 7 56
1 3 5 58
7 2 5 57
4 2 4 59
5 4 4 59
3 2 7 58
7 2 6 58
1 7 5 60
6 2 7 59
3 2 10 59
6 2 10 59
4 2 25 59
8 2 6 60
4 2 14 59
4 2 17 59
7 2 8 60
4 2 9 59
5 2 8 60
1 3 9 60
2 3 13 59
1 5 10 60
7 2 18 59
3 2 18 59
5 3 13 60
8 4 13 60
2 2 17 59
7 2 16 59
8 2 19 60
7 4 19 60
8 2 23 60
8 4 25 60
1 2 24 60
5 3 25 60
6 2 24 60
3 2 26 60
5 2 29 60
5 3 2 61
7 2 8 60
3 2 11 59
5 2 11 59
1 3 10 60
3 2 14 59
5 2 10 60
8 2 13 59
4 2 12 60
7 2 2 61
7 2 16 60
2 3 9 61
8 2 11 60
2 3 12 60
1 3 14 60
3 3 10 61
7 2 10 61
5 2 16 60
4 2 16 60
5 2 24 61
8 4 24 61
2 2 29 61
7 2 31 61
4 2 42 61
3 4 46 61
1 2 47 61
8 3 47 61
2 4 4 62
2 2 13 61
3 2 15 61
7 2 15 61
4 2 29 61
6 2 31 61
3 3 34 61
8 2 3 62
2 4 29 61
8 3 28 61
6 2 30 61
2 2 36 61
7 4 3 62
5 2 9 61
3 2 14 60
3 2 8 61
1 2 11 61
1 2 8 62
4 2 9 61
2 2 14 60
7 3 9 61
8 2 7 62
5 2 17 61
6 2 17 61
5 2 18 61
5 2 7 62
4 2 7 61
6 3 9 60
3 2 10 61
1 2 9 61
1 2 18 61
7 4 6 62
1 2 10 61
8 2 13 60
8 2 14 61
6 2 14 61
5 2 13 61
4 3 6 62
8 2 6 61
5 2 8 60
6 2 11 59
3 2 7 61
1 2 7 60
8 2 9 59
2 2 6 61
4 2 7 62
7 2 6 62
8 3 9 62
6 2 33 62
6 3 3 63
8 2 3 62
4 2 6 62
5 3 8 62
1 2 7 62
1 2 12 62
4 2 16 62
2 2 23 62
8 2 22 62
6 2 3 63
4 2 9 62
6 2 8 62
8 3 6 63
3 2 6 62
4 2 8 62
7 2 11 63
4 2 13 62
8 2 12 62
6 2 11 63
2 2 24 63
3 2 27 63
1 2 30 63
4 2 32 63
3 2 34 63
1 2 43 63
6 2 44 63
8 2 47 63
7 4 47 63
4 3 46 63
5 2 3 64
4 2 10 63
7 4 10 62
1 2 9 62
7 4 4 64
3 3 11 63
7 2 10 63
5 2 13 62
1 2 12 62
7 2 17 63
5 2 18 63
3 2 27 63
1 3 39 63
2 2 7 64
6 8 8 63
5 6 27 63
8 3 5 64
4 3 12 63
5 2 14 63
6 2 22 63
8 4 11 64
2 2 18 63
4 5 21 63
8 2 12 64
6 2 13 63
7 3 20 63
3 2 23 63
7 2 22 63
3 2 14 64
2 2 14 63
3 2 22 63
7 2 24 63
7 2 13 64
4 2 15 64
8 6 15 64
1 4 15 64
6 2 16 63
5 3 17 63
3 3 14 64
4 2 19 63
5 3 18 64
6 3 19 64
5 3 19 64
7 2 19 63
1 2 19 63
8 2 19 64
8 3 22 64
3 2 7 65
1 2 12 64
2 2 17 63
2 2 9 65
3 3 15 64
8 2 14 64
1 3 12 65
1 2 18 65
3 2 18 65
4 2 18 65
7 2 25 65
1 2 37 65
2 2 37 65
8 3 43 65
4 3 43 65
5 3 49 65
6 2 49 65
2 2 50 65
7 2 3 66
5 2 5 65
1 2 5 64
2 2 10 63
5 2 11 62
3 2 9 64
8 2 9 63
1 2 11 63
6 3 4 65
5 2 4 64
1 2 7 63
5 2 10 63
7 2 5 65
6 2 4 65
2 3 6 65
7 4 6 64
4 2 7 63
6 2 7 63
7 2 8 62
5 2 7 62
6 2 5 65
3 2 11 65
6 2 10 65
8 2 9 65
6 4 24 65
8 4 29 65
4 3 4 66
1 2 14 65
5 2 25 65
4 2 26 65
5 3 9 66
2 4 13 65
5 2 12 65
7 5 19 65
7 2 9 66
2 2 21 65
8 3 16 66
3 2 17 65
7 2 17 66
1 2 16 66
8 3 19 65
5 2 18 65
3 4 19 66
7 4 28 66
3 2 31 66
6 4 32 66
5 2 30 66
7 2 30 66
2 2 43 66
1 3 7 67
4 3 14 66
2 2 16 65
5 2 14 66
6 2 14 66
1 2 13 66
7 2 16 67
4 2 24 66
7 2 32 66
6 4 17 67
3 2 17 66
5 2 16 66
3 2 22 66
2 2 23 66
8 2 25 66
1 2 16 67
5 2 26 66
2 2 25 66
4 2 16 67
4 2 23 66
1 2 23 66
6 2 22 66
5 2 16 67
2 2 16 66
6 2 24 67
5 5 25 67
2 2 27 67
7 2 27 67
8 2 28 67
7 3 33 67
3 2 34 67
2 3 37 67
8 2 8 68
8 2 13 67
4 2 15 66
7 2 15 66
2 3 14 66
3 2 14 66
4 2 13 67
1 2 16 67
2 2 15 67
4 3 17 67
1 4 29 67
1 2 33 67
2 2 34 67
6 2 33 67
7 2 7 68
1 2 19 67
5 2 28 67
6 3 7 68
7 2 11 67
4 2 26 67
8 2 9 68
3 4 13 67
7 2 17 67
8 2 18 67
6 2 8 68
5 2 11 67
6 2 11 66
7 3 12 65
4 2 11 66
5 3 12 66
3 4 10 67
8 2 13 67
4 2 12 67
3 2 14 67
8 2 8 68
1 3 8 67
2 2 8 66
8 2 10 65
1 2 9 65
6 2 8 65
2 2 10 68
2 2 12 68
5 3 15 68
4 2 15 68
7 2 22 68
3 2 22 68
1 3 24 68
2 2 23 68
5 2 23 68
7 2 33 68
5 2 8 69
8 2 11 68
7 2 11 67
6 2 8 69
5 2 10 68
2 2 10 68
6 2 18 68
2 2 18 68
4 2 18 68
4 2 20 68
1 2 25 68
8 2 10 69
2 2 26 68
6 2 26 68
4 3 9 69
3 6 16 68
1 2 15 68
2 3 10 69
1 2 11 68
5 3 14 68
2 3 15 69
3 2 19 68
3 2 15 69
1 2 15 68
4 2 17 68
7 2 16 68
5 2 14 69
4 2 22 69
3 2 22 69
6 2 22 69
1 2 22 69
2 2 28 69
1 3 27 69
5 2 28 69
8 2 29 69
3 2 30 69
3 2 36 69
5 3 36 69
3 3 37 69
8 3 1 70
4 2 1 69
8 2 12 68
6 5 11 68
8 2 11 67
5 2 8 69
8 2 7 69
4 3 11 68
8 2 16 69
7 2 15 69
4 3 16 69
5 2 1 70
7 6 5 69
5 2 6 68
2 2 6 68
1 2 7 68
4 2 4 69
6 2 5 68
5 2 7 69
2 2 14 69
3 2 1 70
7 2 8 69
7 2 15 69
4 2 7 70
5 2 13 69
3 2 7 70
4 2 9 69
6 2 8 70
8 3 9 69
3 2 11 70
2 3 11 69
6 2 11 69
7 7 11 70
3 3 17 70
4 2 22 70
3 2 27 70
2 2 27 70
4 2 28 70
5 3 8 71
2 3 12 70
1 2 18 70
3 2 14 71
1 2 21 70
6 2 24 70
8 3 29 70
5 4 15 71
8 5 32 70
4 3 15 71
2 2 15 70
7 3 16 71
3 5 18 70
2 2 17 70
8 2 16 70
1 2 21 71
7 2 21 70
1 2 23 70
3 4 20 71
2 2 22 70
7 4 32 71
7 4 35 71
2 2 33 71
1 4 33 71
6 2 34 71
7 2 34 71
2 2 35 71
7 2 37 71
5 3 47 71
3 2 15 72
7 2 22 71
3 2 22 71
7 2 27 70
4 4 22 71
6 3 22 70
8 2 22 71
2 2 22 70
5 3 21 70
3 3 21 71
4 2 21 70
8 6 32 71
7 2 33 71
5 2 20 72
8 2 22 71
2 2 23 71
2 2 27 71
1 4 19 72
6 2 19 71
2 2 20 70
1 2 19 70
7 2 19 71
1 2 26 71
6 2 21 72
3 2 21 72
7 2 22 71
2 2 24 72
4 4 26 72
8 2 26 72
8 4 37 72
7 3 42 72
5 2 10 73
7 3 18 72
1 2 21 72
4 5 39 72
1 3 11 73
4 3 19 72
1 2 23 71
4 2 22 71
3 2 32 72
7 2 11 73
2 2 15 72
5 4 15 71
1 2 15 70
7 2 14 71
4 2 14 70
1 2 16 72
8 2 28 72
2 2 27 72
4 2 26 72
7 2 30 72
4 2 10 73
1 3 21 72
6 3 27 72
2 2 26 72
5 2 23 73
8 2 23 73
5 6 27 73
2 2 27 73
3 2 30 73
5 2 34 73
7 3 34 73
1 2 33 73
8 2 33 73
8 2 35 73
1 2 34 73
3 2 34 73
6 3 33 73
8 2 33 73
5 5 3 74
4 2 3 73
3 2 12 72
8 2 13 71
5 2 15 70
8 3 3 73
5 2 12 72
8 2 13 72
8 2 14 72
4 5 18 72
2 2 6 73
7 2 13 72
7 3 17 72
4 3 12 73
6 4 14 72
2 3 12 73
5 2 15 72
3 3 11 73
8 3 11 72
1 2 14 71
3 3 13 73
2 2 17 73
7 2 16 73
1 2 2 74
3 2 3 74
6 3 10 73
1 2 8 74
8 2 20 74
6 3 22 74
3 2 23 74
5 2 26 74
5 2 32 74
6 2 36 74
8 2 40 74
8 2 43 74
1 2 3 75
8 2 3 74
5 3 3 73
4 2 8 72
6 2 10 71
5 2 8 72
3 2 8 71
4 2 10 70
5 2 10 70
4 2 2 74
7 2 4 73
6 2 3 73
4 2 5 73
3 2 4 74
4 2 7 73
8 3 5 74
7 4 5 74
2 3 6 73
4 2 13 74
2 4 16 74
3 3 19 74
5 6 19 74
7 2 18 74
4 2 22 74
6 5 25 74
3 2 2 75
4 2 23 74
2 3 1 75
4 2 3 74
1 2 3 73
6 2 5 73
1 3 4 74
5 2 4 73
5 2 1 75
8 3 11 74
3 3 14 74
8 2 1 75
3 2 1 74
4 2 4 74
6 3 4 74
2 2 13 74
1 2 1 75
1 2 10 74
4 2 2 75
6 2 8 74
6 2 10 75
7 2 11 75
1 2 14 75
7 7 23 75
5 3 25 75
4 2 24 75
5 2 30 75
1 2 33 75
8 2 35 75
6 2 1 76
3 4 1 75
3 2 8 74
4 2 6 75
3 2 12 75
6 2 12 75
2 2 12 75
8 2 1 76
6 2 4 75
1 2 6 74
2 2 3 75
4 2 9 75
8 4 12 75
4 2 13 75
8 2 13 75
5 2 12 75
3 2 11 75
2 3 5 76
8 2 11 75
4 2 7 76
6 2 8 75
2 3 12 75
3 2 10 76
7 2 9 76
3 3 8 76
7 4 8 75
1 3 8 75
2 3 6 76
2 3 21 76
5 2 24 76
1 2 31 76
3 2 30 76
1 3 30 76
7 2 29 76
8 2 31 76
3 3 31 76
3 2 4 77
5 2 5 76
4 3 5 75
5 2 9 74
6 3 4 75
2 3 5 75
6 3 5 75
4 4 12 76
4 3 22 76
8 4 4 77
1 2 4 76
4 2 3 77
6 2 20 76
7 2 2 77
1 2 5 76
4 2 11 76
8 2 9 77
1 4 18 76
6 2 8 77
4 2 15 77
8 2 15 76
5 2 20 77
4 3 19 77
6 2 19 77
7 2 19 77
2 3 25 77
4 2 28 77
1 3 28 77
2 2 31 77
1 2 31 77
4 2 35 77
7 4 41 77
6 2 45 77
6 2 3 78
8 3 10 77
5 2 15 76
7 4 11 77
6 4 12 76
2 2 13 76
3 3 13 76
2 4 10 77
5 2 23 77
1 2 2 78
3 2 5 77
2 2 17 77
4 2 30 77
6 2 6 78
4 2 7 77
5 2 11 76
7 3 10 76
8 2 15 77
7 9 15 77
7 2 5 78
2 3 12 77
1 2 13 77
1 4 9 78
6 2 11 77
7 2 18 77
3 2 17 77
8 2 16 77
1 2 16 78
4 2 16 78
6 2 17 78
3 2 18 78
5 3 20 78
1 2 21 78
2 4 26 78
8 4 27 78
7 2 31 78
6 2 30 78
2 2 29 78
1 2 33 78
1 2 4 79
6 2 5 78
8 2 17 77
2 2 17 78
1 2 19 78
3 2 22 78
7 2 23 78
3 3 23 78
8 2 6 79
8 2 20 78
2 2 26 78
5 3 11 79
3 2 15 78
5 2 15 77
7 2 13 79
3 2 17 78
5 2 15 79
6 2 21 78
6 2 22 78
4 2 17 79
3 3 24 78
3 2 17 79
4 7 24 79
5 2 24 79
8 2 23 79
3 2 23 79
6 3 23 79
4 2 23 79
5 3 24 79
7 3 23 79
5 3 28 79
6 2 39 79
2 2 1 80
3 2 7 79
4 2 11 78
3 2 14 77
1 2 12 78
6 3 8 79
2 2 10 78
5 2 19 78
3 2 8 79
4 2 15 78
1 2 14 78
8 4 7 79
7 2 7 78
4 2 8 77
5 2 7 78
1 2 6 79
2 2 9 79
2 2 11 79
5 4 10 80
6 2 16 79
2 2 15 79
2 2 19 79
1 2 10 80
7 2 10 79
4 2 11 79
1 3 13 79
8 4 10 80
3 2 16 79
4 2 32 80
6 2 31 80
2 2 32 80
3 2 38 80
6 3 42 80
8 2 41 80
3 2 40 80
7 3 40 80
4 2 41 80
7 2 41 80
8 2 41 80
6 3 42 80
6 2 2 81
8 3 15 80
2 2 15 80
4 2 20 80
1 2 20 80
3 3 23 80
3 3 37 80
1 2 2 81
3 2 4 80
1 2 9 79
6 2 9 78
8 3 10 77
5 2 8 78
4 2 8 80
4 2 10 79
1 2 16 80
6 2 28 80
7 5 10 81
4 2 21 80
6 2 21 80
8 2 23 80
7 2 22 80
7 2 13 81
8 3 13 80
8 3 15 81
4 2 21 80
2 3 21 80
5 2 18 81
4 2 19 81
6 2 18 81
2 4 18 80
1 2 20 81
6 2 29 81
1 2 31 81
8 2 38 81
3 2 38 81
2 2 41 81
4 4 1 82
5 2 16 81
3 2 15 81
4 3 17 81
5 3 30 81
5 2 33 81
7 2 32 81
3 2 32 81
6 2 1 82
2 2 2 81
6 2 7 80
2 2 7 79
1 2 1 82
7 2 3 81
2 3 5 81
4 2 10 80
3 3 11 80
8 2 15 80
7 2 14 80
6 2 13 80
7 2 12 80
3 2 4 81
5 2 4 80
6 2 3 80
8 2 4 79
2 3 4 78
3 2 4 78
4 2 3 78
6 2 2 78
7 2 3 79
1 2 8 81
2 2 10 81
5 2 12 81
4 2 18 81
6 3 6 82
8 2 15 82
5 3 21 82
2 8 22 82
1 2 26 82
6 2 26 82
7 3 27 82
6 3 31 82
7 3 30 82
1 2 34 82
8 5 41 82
2 2 40 82
6 2 45 82
1 2 4 83
1 2 22 82
1 2 26 82
1 2 27 82
6 2 29 82
5 3 8 83
1 2 8 82
3 7 9 81
7 2 8 82
4 2 8 81
5 2 7 81
2 2 7 80
8 3 7 80
6 5 9 82
8 2 9 82
7 2 13 82
8 4 16 82
4 2 20 82
5 3 20 82
7 3 25 82
1 2 28 82
5 2 27 82
3 4 9 83
4 2 15 82
1 2 19 82
7 2 18 82
3 3 12 83
7 2 12 83
1 2 17 82
8 5 17 83
5 2 18 83
7 2 17 83
2 2 16 83
3 2 19 82
1 2 18 82
6 2 20 83
4 5 20 83
2 3 19 83
1 2 23 83
7 2 27 83
3 2 2 84
4 2 16 83
6 2 25 83
8 2 1 84
4 3 2 83
1 2 7 82
5 2 9 81
7 4 6 82
3 4 7 82
6 2 6 82
5 2 7 81
3 3 6 81
7 2 6 80
1 2 5 81
4 3 5 82
8 2 2 83
6 2 2 83
5 3 2 82
4 2 1 82
7 2 4 81
2 3 1 83
2 2 3 83
3 2 9 83
7 4 4 84
2 2 9 84
1 2 13 84
4 6 13 84
3 2 12 84
2 6 12 83
1 2 12 84
7 6 12 83
4 3 16 84
6 2 27 84
1 2 29 84
7 2 31 84
7 2 36 84
7 2 37 84
3 3 3 85
8 4 4 84
5 3 10 83
1 2 10 83
1 3 4 84
6 2 6 84
3 2 7 83
5 2 6 83
4 2 5 84
8 4 8 85
2 3 18 85
3 2 27 84
7 3 29 84
5 2 17 85
4 4 19 85
3 2 21 84
8 2 23 84
1 2 23 84
6 2 24 84
4 2 20 85
3 2 22 84
5 2 19 85
4 2 23 84
1 3 20 85
7 3 20 85
3 2 25 85
2 2 28 85
3 2 28 85
8 2 28 85
5 2 35 85
7 3 39 85
2 2 39 85
6 2 42 85
3 2 43 85
4 2 1 86
1 3 12 85
4 3 14 84
1 2 18 84
4 3 17 85
3 2 16 85
1 2 16 84
3 2 30 85
1 2 1 86
7 2 27 85
5 2 27 85
1 2 29 85
7 2 31 85
7 2 2 86
5 2 3 85
6 2 3 84
2 2 4 83
5 4 11 85
7 2 11 84
4 2 12 84
2 3 13 84
1 2 12 85
7 3 13 85
6 2 14 85
8 2 20 85
5 2 4 86
3 2 4 85
8 2 9 84
3 2 8 84
3 3 9 86
1 3 11 85
4 4 16 85
1 2 15 85
5 3 12 86
3 2 15 86
1 2 21 86
8 3 23 86
7 2 23 86
7 2 25 86
4 3 26 86
3 2 26 86
6 2 25 86
2 2 27 86
4 2 27 86
8 2 27 86
5 2 5 87
2 4 24 86
6 3 25 86
6 4 9 87
1 2 14 86
5 2 16 86
8 2 17 86
3 2 16 86
7 2 16 85
2 4 18 87
6 2 18 87
8 3 25 87
4 2 24 87
8 2 38 87
4 2 41 87
5 2 41 87
6 2 40 87
3 5 41 87
8 2 43 87
6 3 57 87
7 3 59 87
1 2 58 87
5 2 58 87
1 2 3 88
4 2 8 87
8 2 8 87
2 2 10 86
3 3 11 85
7 2 10 86
4 4 10 85
8 2 10 84
6 2 9 85
5 2 9 86
5 5 11 87
3 4 15 87
8 2 15 87
5 6 28 87
6 3 26 87
4 2 37 87
8 4 41 87
3 2 44 87
8 3 44 87
2 2 45 87
8 2 4 88
1 3 29 87
2 2 31 87
1 3 35 87
3 3 4 88
8 2 9 87
5 2 12 86
1 2 12 87
3 2 20 87
4 2 35 87
1 3 8 88
4 2 8 87
6 4 8 86
2 2 7 86
1 2 7 86
8 2 7 85
8 2 8 84
7 3 6 87
4 2 5 87
5 2 19 87
7 3 23 87
5 2 26 87
1 2 26 87
5 2 7 88
1 2 8 88
6 2 9 87
8 5 11 87
6 2 16 87
3 2 8 88
3 2 12 88
4 3 12 88
3 2 21 87
5 2 23 87
7 2 15 88
8 2 19 87
1 2 17 88
6 2 3 89
1 2 11 88
3 2 12 88
2 2 11 88
4 2 11 87
6 3 12 88
2 2 12 88
4 2 7 89
3 2 8 89
8 2 17 89
3 3 19 89
4 3 20 89
8 3 27 89
6 2 28 89
6 5 35 89
6 2 37 89
7 3 38 89
4 2 48 89
8 2 50 89
2 2 49 89
2 3 3 90
1 2 3 89
8 3 7 88
7 2 3 89
2 3 4 88
6 2 4 87
2 2 5 87
3 4 5 86
5 2 4 86
7 3 4 87
1 2 3 89
4 4 3 88
5 2 2 88
6 2 1 89
1 4 6 89
3 2 15 89
8 2 18 89
3 2 24 89
5 2 3 90
6 3 4 89
5 3 15 89
1 2 17 89
5 3 30 89
6 4 30 89
6 2 5 90
4 3 9 89
4 6 13 89
1 3 18 89
5 3 17 89
3 2 19 89
1 2 4 90
6 2 23 89
7 3 4 90
2 2 7 89
3 2 7 89
2 2 15 89
7 2 14 89
6 2 13 89
7 2 12 89
2 2 4 90
8 2 12 89
1 2 7 90
3 4 7 90
3 2 9 90
4 2 8 90
2 2 8 89
2 2 12 90
8 2 16 90
8 3 23 90
5 2 27 90
1 2 27 90
6 4 26 90
2 2 25 90
8 2 1 91
8 2 9 90
5 3 9 89
7 2 10 89
8 2 9 90
1 2 2 91
4 2 3 90
3 3 3 89
5 2 12 90
1 3 13 90
7 2 15 90
5 2 15 90
6 2 4 91
7 3 3 91
6 2 3 91
1 2 4 90
5 2 2 91
3 3 8 90
8 2 7 90
4 3 7 90
3 2 6 90
2 2 1 91
2 3 5 90
5 2 5 89
3 4 15 91
7 4 15 91
8 3 22 91
3 4 24 91
7 2 23 91
5 3 27 91
4 2 27 91
6 3 27 91
3 2 29 91
1 3 30 91
4 2 33 91
5 2 35 91
4 2 35 91
2 2 35 91
8 2 39 91
8 2 2 92
6 5 4 91
3 2 4 90
8 2 3 90
7 2 4 91
4 3 7 91
1 3 18 91
3 3 21 91
2 2 21 91
6 2 20 91
4 2 26 91
1 2 27 91
3 2 2 92
5 2 5 91
1 2 5 91
2 2 9 91
5 3 13 91
3 2 5 92
4 2 13 91
8 3 15 91
6 3 21 91
8 3 6 92
6 2 8 91
2 3 13 91
1 3 15 91
2 2 7 92
1 2 8 91
5 2 11 91
3 5 6 92
6 5 7 92
8 2 7 92
3 3 13 91
5 5 11 92
7 3 13 91
2 3 11 92
3 4 10 92
1 2 10 92
5 2 14 91
6 4 11 92
7 4 14 92
5 2 14 92
7 2 14 92
4 2 14 92
1 2 15 92
2 2 2 93
6 3 3 92
2 2 8 91
7 2 9 91
4 2 9 91
5 3 2 93
7 2 13 92
2 2 3 93
5 2 10 92
2 3 6 93
3 2 10 93
5 4 12 93
6 2 12 93
5 2 24 93
7 2 24 93
8 2 24 93
4 2 28 93
8 2 44 93
2 2 45 93
3 2 44 93
8 4 3 94
1 2 3 93
7 2 5 92
8 2 10 91
1 2 6 92
8 3 3 93
4 3 4 92
8 2 4 93
2 2 4 93
7 2 7 92
4 2 6 93
4 2 9 93
5 2 10 93
7 2 15 93
5 2 14 93
4 2 13 93
6 3 19 93
8 2 5 94
2 2 8 93
1 2 9 93
4 3 21 93
6 2 9 94
8 3 13 93
3 2 23 93
1 3 9 94
8 3 13 94
5 2 16 93
3 5 15 94
1 2 16 93
3 2 17 93
7 2 19 94
8 3 23 94
1 2 26 94
7 4 27 94
6 3 31 94
7 5 33 94
8 6 33 94
2 2 37 94
1 3 39 94
1 4 5 95
4 2 24 94
4 2 30 94
1 2 32 94
3 2 36 94
8 2 9 95
8 3 18 94
1 2 20 93
5 2 20 94
3 2 19 94
1 2 9 95
3 2 21 94
4 2 20 94
2 2 13 95
4 4 15 94
5 2 16 93
6 2 18 93
8 2 17 94
2 2 16 94
7 3 17 93
4 2 21 95
3 2 20 95
1 3 27 95
2 2 38 95
1 2 40 95
5 2 40 95
7 2 40 95
4 2 40 95
7 2 43 95
6 2 43 95
2 2 2 96
1 2 11 95
1 3 19 95
7 7 18 95
6 2 19 95
8 2 21 94
3 2 1 96
4 2 4 95
3 2 4 94
7 2 4 93
4 2 11 93
7 3 10 93
1 3 13 94
5 2 13 94
4 2 12 94
2 3 4 95
7 5 6 95
6 4 10 94
2 3 5 95
4 2 9 94
5 2 10 93
6 2 5 96
1 2 12 95
8 2 20 95
8 2 26 95
6 3 29 95
2 2 5 96
5 3 11 95
6 2 10 95
8 2 10 96
4 5 23 95
7 3 14 96
5 4 18 96
4 2 19 96
5 2 29 96
3 2 29 96
1 4 31 96
5 2 31 96
3 3 35 96
7 2 36 96
4 2 39 96
2 2 7 97
5 2 20 96
4 2 21 95
3 2 25 96
4 2 24 96
2 2 31 96
5 2 12 97
4 2 13 96
4 2 16 95
6 2 19 95
6 2 12 96
8 2 13 96
7 6 18 95
3 2 12 96
1 3 16 95
6 4 16 95
5 2 17 95
6 2 18 96
3 2 22 97
2 3 32 97
1 4 32 97
3 2 33 97
6 4 32 97
7 2 37 97
8 3 41 97
6 2 43 97
5 2 49 97
6 2 14 98
4 3 28 97
5 2 32 97
1 2 32 97
5 2 34 97
4 3 36 97
3 2 43 97
5 3 44 97
4 2 14 98
6 2 21 97
8 2 20 97
1 2 20 97
5 3 15 98
2 2 21 97
7 2 20 98
8 2 20 97
7 2 29 97
5 2 26 98
2 2 27 97
2 2 29 97
3 2 28 97
3 2 25 98
4 5 25 97
8 4 31 97
2 2 36 98
4 4 35 98
8 2 34 98
7 4 35 98
4 2 39 98
5 4 4 99
7 2 7 98
2 2 13 97
2 3 14 96
2 3 17 96
1 5 12 97
4 3 13 96
8 2 12 96
2 2 20 97
5 2 6 98
7 2 17 97
3 3 11 98
5 5 16 97
5 2 10 98
2 2 13 98
6 2 16 97
8 2 15 97
2 2 15 98
1 2 16 98
1 2 17 97
8 3 19 98
5 2 19 98
1 4 20 98
2 2 21 98
8 2 10 99
4 5 11 98
1 2 9 99
3 2 9 98
7 2 9 97
7 2 13 98
3 2 13 97
1 3 13 96
6 2 12 97
8 4 10 99
6 2 11 99
5 2 14 98
1 2 13 99
2 3 12 99
5 2 12 98
8 3 12 98
6 2 13 99
3 3 17 99
2 3 17 99
5 4 22 99
7 2 28 99
6 2 30 99
4 3 29 99
1 2 30 99
7 6 35 99
8 2 37 99
4 2 36 99
6 2 38 99
5 2 38 99
8 2 1 100
7 2 1 99
6 2 7 98
6 2 8 97
4 3 7 98
8 2 5 99
1 2 4 99
2 2 4 98
2 2 5 99
4 2 7 98
8 2 18 99
5 2 17 99
7 2 8 100
6 2 9 99
6 3 16 99
8 3 22 99
1 2 14 100
3 2 15 100
4 2 14 100
7 2 16 100
3 2 19 100
4 2 22 99
3 2 20 100
1 2 20 100
7 2 22 100
1 2 41 100
6 2 41 100
