100 100
1443114444111114445142442255545442254334433335555533166544454455344845366675576678777677467775446655
1424114182833117241342432252442252254244334555333233442554114433344473656335576255476554467775644455
1224111221183141244124144452322552255234335373334126436344354444443636655666674454466544457445647645
6444114422281141233322144452355555253333335325333456436345564444454433665544476666535344566645157615
2211133322124444123222524333453222655744438335222254664443334665664444164554347666656677767466563574
3233133421123241113321324222343325552224144555554554664643357755874645764347777476666466655555665774
3233713342114224166221324328255555552784444244884544436663556166533554453337777476776444483664467755
7134123322125224447333333322265555422255442223334444436633525566633354337672766666477464445886663555
3172422222428222611833111322222552133555558334313333436645633363335444364471667556444466665565576157
3832422222244632443313144433332557434544452321433355533666633836335443366444667444447455765665576657
1712433325232222224673544345554425434544544444423365333366333546335466344412444647777457773755441636
2322441122241122244447822345554422235542544575223363553766343546363566335557444667776665517855166556
4741334112244442411214112245533555555522274555544443553544443556673333455527744444664564567545566677
4421344464433443451223332315333227524555522245544444455334443354346353335324444477674554544555575677
4333212321334433746222111755333224424224335255324466355455433336446633443334474775577754642545575566
4343271331334223443333143335343233324444435255525253358466363558444333556867747775775764615565734466
4444414441243212453211443334433222233443333443225253366566363652546433566667447737555567776357754715
2211734412241142444411143344274434242244533434222233144114556652334663455432567467444575436755257755
2314433433333521443521223844275433344231535534244233641744535565464633463363556766776775445574456775
4441534441113221144322512434222222345344535222222436664444433355433464557366666635477166477545566755
4511434444422221121332112234754443335275552244522575555343333335443564445636555765457764476364466555
2214832421333211331113113322254445555545232225555544463363534675666644346617756666557554446655565565
4441441221143314433133331332254344433545352225335346333663363555144646666644374626447774646654465566
6411811331113333523844111138334355222242355222243368355644461556644336666644474775477777677554464436
3313311131113334422222116324434225522242222662443666615544333517166664444465484474444778677554444526
6552877167668866777771822664866266487161886681158888818511783277177777778151561838842262136882288282
6458882775666884715585687768511777887161111886788772241221217222777778812181111538222373332823333822
7555557766666188775855367778116756683661886618888817848771287265762881113282821132222322282622783833
1788667557616835536855477663116677786617886811668881178722287222112811881841111182222632882888283333
7883545458666866156175557116166467737661166777127188111111888241177814882281211182288833383182211334
7766655667766568886685887886811116667781186777771111131822111883278888811228811182438222443132211886
7746665563668558885536883877477116667746188176776622288882211877778888811218814223371511333331213336
7668655585668778778886888777116616866666611176666632222211888217811188821218888213318122113311113311
4688774685555775388688885788711611881886773776261188812174882877811827221188863738328328438338813311
6688876788555555672818666668788666661866111766667787811822788872887857272281133338327288333311811222
6684887778775575777755687766617741742666881166666888118827788882887877877475113318112112233312221222
6888687528876888775555657776817668771117611666161681817727485813818877227811133311111222223863223321
6661558577866683855557558588811688886166666688111881717728881111111177222811111338113828622823283881
7767558872284777758558665181116187786666666488886678877778771881222321221177888337163331233322288233
7747666677583757888875577143776188786667111816887772118778822113872222317778618828828731273842222228
5567566687564157877775555666877881188667111886866611128121223188877722177778452728888881238882138888
5566567787676287777665777888231111168647788582856611281221232288823278227778332321182332222222133848
5666688585775557678888755771722161178677747736886667771118882782222288126222333483322232111842183333
1668868715765572678588757787668888888677786177666881158888872788777277232287322213333233271443338383
8877877766775876685555556888868178188856866188387782218822277781128272882835882113817224222283822488
8847827755577556657558886776666777811776884187787881722288114822828228272878811111124223383888822288
5655557885562577757887777786882771111177666777668888741187111788822222272176811111311838338888223388
5856752815666777457855766666887677711177413166166388222777211286882227177771181117358838338813222338
5587755775656366875566568666317666813677848867166818117777771288222847175221323311113311332333828883
6382755588655666877165588881117768885157888858868875571111115778222871178272353622563312235678888478
2333344123447222841161116424438258555538882814451455544665666133434633454424457766557776614372667477
2137242263242284834114413324335558552245327144433466565533355333544634446444575566556666546675561777
2132432443222114881111441222225533728345355433454543364533556666434555454334777765666441544426867775
2234434811233112221111321255555555222342321433444663663455566665631555456334444555445447785286668465
4234444411333441241161112254745522533227222334455553334165446666133654466557414357776554757666447486
4211444441118331141131312253245455532335332332415555356368343644366666624266667357544666557755545444
1334841311144415171333311325225445552232234432554555556166633546633366766333477555544444457665565544
1644411244134311211134338125422552255444822444554445556446644663333536355552477551554144457465562555
3114431134331322235444411152422645225325663445412445435456446144445534464444644667775354451677556555
3122431431261123337414411442242255445525245544435832433644455454435545464444677577777144447777756771
3113331544224448234314611344412254444225242342633535524655433454555443475644645677766275577537665555
3537116444424444222124631422442332484237414222234465555555443444548333375654446667776574747444464777
2772248812265462333224634456542344333244454254234445335555566155544447345655446677744557777744644774
2233313312612442224221138354422344223274544255222264435655446666666443554637764677766427774775444474
2111113332112112123321422252274334433344455555333336625254455484644438554437787777773465644745666365
3133143635362222213341422223584233557444554572225565667655544444544445353744678371547775457445676655
3133143741311333315321244422554244557224444754584566663775546333544443352847777775555255446677465576
3133111141122123642422243222522541444444433554544266638655566465544444333344487425444647746657475566
2123233241632233643313333242225544482545534622445525444644446632666666366333444455444577446657556755
1123213222232134333131164684125542227556344554445556554638643333363443334444456655524445666557576456
4233314872224444112143133224223344434433722542244566533234556633363555644447466555577774656546642556
4221442374484443452144212222123343432233552244444563321314447666533445645444876585574465556565546577
4453445344323247444112233327543733422251322544244233354554335633566335545576755755446446366665663666
1344333443352226833323344422567224326255554542244246655554665644446356444456654564646772476465554666
1844377827211144232352274448447424322222864552252566651554466646634454444755654464711777174466664866
8887677557788888167558884411884464377266866666651117721117711127777211117788621163534411112813233888
4567655555885788667866861118888884377666626676611188777881771771277711678773811333313411882112211228
8566558575565525577856766671111177777778676676616622775817228121278771118773221228853113883335234118
8868568875665765836588766671187777777788728776686682177777211122188771115833888418211881413133311228
8888167666675265855588888681147666768877778276688611887777777881172781777873221312122331888112223188
8771748666875556677158778788177666688477668788778385812377741582132281177773321112111338833876233361
5557775586666566756886668778667146788878857677115887812751711222825178842278881888233311518833388813
8857275688666485756776558818761117786678887276613177722111711112222278886118811828332331288833322186
7787766688655186666666555558786688787666863746116122777112271152288228822718222228222331332235311334
7725766666888788675665258888886673757677866616116122588712247178283527877131322112622782382238882122
6685256888588758873865551131116377377638874811661627118777222271112777111118781133338532881188252222
7776655688512886682288755518111171612681188811666627128777231877111778881128122252338231112822232112
7764654638555886787747755658188861667771888816667122222222774871172688881888111333353341782282231185
1186677883588881667557751177778666668867888866677112732822213111887188817228882222328848228868231333
7866358578588555365667555767888888862367748111111168228832787112477781428288883318228252888828883333
6888858571555855558588823768887781866667477157426371588886227782771181188212383283222381388328813311
6668858575885465558888817717777781111617156666616611888828222282372281186711322212823333882825813331
6777773562488666478855666618837771188611886677611611777828112222772221118888321112482238883288813233
6667558887525556688585787277635767778166576677811111182727181722228822178822332111111243238433882222
6766761667756886587588787111567767777766111667817188882777117772277721177111311225112233281184182211
6886766726776185545858757111847777884777177216117811182222131472227618112511312228833334188116138822
5566688687555566887788653718887885877777637816818821888771771122832718712621111188833311118133331222
7847557786675787855778667781181886118877666856811828811181817778822218182281388813852221211131421322
7667557787375827756655778781166581168873688811188881773888817722772778877788333816332223228888822323
1676665557775557758885378771166628868827787888777888877777777777772778877788888111338823271133342238
