37 47
88888111111111111111111111111111111111111111111
88888111111111111111111111111111111111111111111
88888116111111611111161111116111111611111161111
88888765622276562227656222765622276562227656222
88888654522265452226545222654522265452226545222
88888743322274332227433222743322274332227433222
88888111111111111111111111111111111111111111111
88881111111111111111111111111111111111111111114
88881161111116111111611111161111116111111611117
88887656222765622276562227656222765622276562224
88886545222654522265452226545222654522265452227
88887433222743322274332227433222743322274332224
88881111111111111111111111111111111111111111117
88811111111111111111111111111111111111111111174
88811611111161111116111111611111161111116111147
88876562227656222765622276562227656222765622274
88865452226545222654522265452226545222654522247
88874332227433222743322274332227433222743322274
88811111111111111111111111111111111111111111147
88111111111111111111111111111111111111111111474
88116111111611111161111116111111611111161111747
88765622276562227656222765622276562227656222474
88654522265452226545222654522265452226545222747
88743322274332227433222743322274332227433222474
88111111111111111111111111111111111111111111747
81111111111111111111111111111111111111111117474
81161111116111111611111161111116111111611114747
87656222765622276562227656222765622276562227474
86545222654522265452226545222654522265452224747
87433222743322274332227433222743322274332227474
81111111111111111111111111111111111111111114747
11111111111111111111111111111111111111111147474
11611111161111116111111611111161111116111174747
76562227656222765622276562227656222765622247474
65452226545222654522265452226545222654522274747
74332227433222743322274332227433222743322247474
11111111111111111111111111111111111111111174747
