100 100
4173682514135287461264725814647368251415287461247368251464725814664725814647368251464725814647214647
2854763182447823516756247138425476318247823516725476318256247138456247138425476318256247138462482562
6712354876821136654372166452161235487681136654361235487672166452172166452161235487672166452121676721
3587426315573442817837445561838742631553442817838742631537445561837445561838742631537445561874415374
8621573428662751332424372835682157342862751332482157342824372835624372835682157342824372835643728243
7436815267288614755117866542773681526728614755173681526717866542717866542773681526717866542778667178
1368247583314568228663757816316824758334568228616824758363757816363757816316824758363757816337583637
5247138641756312143745276578154713864176312143754713864145276578145276578154713864145276578152741452
2875641352128745685288641324627564135218745685227564135288641324688641324627564135288641324686452886
4152876438435287461363725816445287643845287461345287643863725816463725816445287643863725816437238637
1352874612417368251464725814615287461264725814615287461247368251415287461264725814647368251473612473
4478235167285476318256247138447823516756247138447823516725476318247823516756247138425476318254767254
8211366543671235487672166452181136654372166452181136654361235487681136654372166452161235487612343612
5734428178358742631537445561853442817837445561853442817838742631553442817837445561838742631587478387
6627513324862157342824372835662751332424372835662751332482157342862751332424372835682157342821524821
2886147551743681526717866542728614755117866542728614755173681526728614755117866542773681526736851736
3145682286136824758363757816334568228663757816334568228616824758334568228663757816316824758368286168
7563121437524713864145276578176312143745276578176312143754713864176312143745276578154713864147137547
1287456852287564135288641324618745685288641324618745685227564135218745685288641324627564135275652275
4352874613415287643863725816445287461363725816445287461345287643845287461363725816445287643852813452
4173682514135287461247368251464725814615287461247368251464725814647368251415287461215287461252814647
2854763182447823516725476318256247138447823516725476318256247138425476318247823516747823516778282562
6712354876821136654361235487672166452181136654361235487672166452161235487681136654381136654311376721
3587426315573442817838742631537445561853442817838742631537445561838742631553442817853442817834415374
8621573428662751332482157342824372835662751332482157342824372835682157342862751332462751332427528243
7436815267288614755173681526717866542728614755173681526717866542773681526728614755128614755186167178
1368247583314568228616824758363757816334568228616824758363757816316824758334568228634568228645683637
5247138641756312143754713864145276578176312143754713864145276578154713864176312143776312143763141452
2875641352128745685227564135288641324618745685227564135288641324627564135218745685218745685287452886
4152876438435287461345287643863725816445287461345287643863725816445287643845287461345287461352838637
1352874612417368251415287461264725814647368251415287461264725814615287461247368251464725814647212647
4478235167285476318247823516756247138425476318247823516756247138447823516725476318256247138462467562
8211366543671235487681136654372166452161235487681136654372166452181136654361235487672166452121643721
5734428178358742631553442817837445561838742631553442817837445561853442817838742631537445561874478374
6627513324862157342862751332424372835682157342862751332424372835662751332482157342824372835643724243
2886147551743681526728614755117866542773681526728614755117866542728614755173681526717866542778651178
3145682286136824758334568228663757816316824758334568228663757816334568228616824758363757816337586637
7563121437524713864176312143745276578154713864176312143745276578176312143754713864145276578152737452
1287456852287564135218745685288641324627564135218745685288641324618745685227564135288641324686452886
4352874613415287643845287461363725816445287643845287461363725816445287461345287643863725816437213637
6347258146634725814647368251415287461264725814615287461247368251464725814615287461247368251473612473
5562471384556247138425476318247823516756247138447823516725476318256247138447823516725476318254767254
7821664521782166452161235487681136654372166452181136654361235487672166452181136654361235487612343612
3874455618387445561838742631553442817837445561853442817838742631537445561853442817838742631587478387
2643728356264372835682157342862751332424372835662751332482157342824372835662751332482157342821524821
1378665427137866542773681526728614755117866542728614755173681526717866542728614755173681526736851736
6237578163623757816316824758334568228663757816334568228616824758363757816334568228616824758368286168
4152765781415276578154713864176312143745276578176312143754713864145276578176312143754713864147137547
8386413246838641324627564135218745685288641324618745685227564135288641324618745685227564135275652275
6437258164643725816445287643845287461363725816445287461345287643863725816445287461345287643852813452
4173682514135287461264725814615287461247368251464725814615287461264725814647368251415287461252846152
2854763182447823516756247138447823516725476318256247138447823516756247138425476318247823516778284478
6712354876821136654372166452181136654361235487672166452181136654372166452161235487681136654311321811
3587426315573442817837445561853442817838742631537445561853442817837445561838742631553442817834418534
8621573428662751332424372835662751332482157342824372835662751332424372835682157342862751332427556627
7436815267288614755117866542728614755173681526717866542728614755117866542773681526728614755186127286
1368247583314568228663757816334568228616824758363757816334568228663757816316824758334568228645663345
5247138641756312143745276578176312143754713864145276578176312143745276578154713864176312143763181763
2875641352128745685288641324618745685227564135288641324618745685288641324627564135218745685287446187
4152876438435287461363725816445287461345287643863725816445287461363725816445287643845287461352864452
1352874612634725814647368251464725814615287461264725814647368251464725814615287461264725814647246473
4478235167556247138425476318256247138447823516756247138425476318256247138447823516756247138462484254
8211366543782166452161235487672166452181136654372166452161235487672166452181136654372166452121621612
5734428178387445561838742631537445561853442817837445561838742631537445561853442817837445561874418387
6627513324264372835682157342824372835662751332424372835682157342824372835662751332424372835643756821
2886147551137866542773681526717866542728614755117866542773681526717866542728614755117866542778627736
3145682286623757816316824758363757816334568228663757816316824758363757816334568228663757816337563168
7563121437415276578154713864145276578176312143745276578154713864145276578176312143745276578152781547
1287456852838641324627564135288641324618745685288641324627564135288641324618745685288641324686446275
4352874613643725816445287643863725816445287461363725816445287643863725816445287461363725816437264452
6347258146135287461264725814615287461247368251464725814615287461247368251464725814647368251473646152
5562471384447823516756247138447823516725476318256247138447823516725476318256247138425476318254784478
7821664521821136654372166452181136654361235487672166452181136654361235487672166452161235487612321811
3874455618573442817837445561853442817838742631537445561853442817838742631537445561838742631587418534
2643728356662751332424372835662751332482157342824372835662751332482157342824372835682157342821556627
1378665427288614755117866542728614755173681526717866542728614755173681526717866542773681526736827286
6237578163314568228663757816334568228616824758363757816334568228616824758363757816316824758368263345
4152765781756312143745276578176312143754713864145276578176312143754713864145276578154713864147181763
8386413246128745685288641324618745685227564135288641324618745685227564135288641324627564135275646187
6437258164435287461363725816445287461345287643863725816445287461345287643863725816445287643852864452
4173682514634725814664725814647368251415287461215287461247368251464725814664725814615287461252812473
2854763182556247138456247138425476318247823516747823516725476318256247138456247138447823516778267254
6712354876782166452172166452161235487681136654381136654361235487672166452172166452181136654311343612
3587426315387445561837445561838742631553442817853442817838742631537445561837445561853442817834478387
8621573428264372835624372835682157342862751332462751332482157342824372835624372835662751332427524821
7436815267137866542717866542773681526728614755128614755173681526717866542717866542728614755186151736
1368247583623757816363757816316824758334568228634568228616824758363757816363757816334568228645686168
5247138641415276578145276578154713864176312143776312143754713864145276578145276578176312143763137547
2875641352838641324688641324627564135218745685218745685227564135288641324688641324618745685287452275
4152876438643725816463725816445287643845287461345287461345287643863725816463725816445287461352813452
6437258164435287461363725816445287461345287643863725816445287461345287643863725816445287643852864452
4173682514634725814664725814647368251415287461215287461247368251464725814664725814615287461252812473
2854763182556247138456247138425476318247823516747823516725476318256247138456247138447823516778267254
6712354876782166452172166452161235487681136654381136654361235487672166452172166452181136654311343612
3587426315387445561837445561838742631553442817853442817838742631537445561837445561853442817834478387
8621573428264372835624372835682157342862751332462751332482157342824372835624372835662751332427524821
7436815267137866542717866542773681526728614755128614755173681526717866542717866542728614755186151736
1368247583623757816363757816316824758334568228634568228616824758363757816363757816334568228645686168
5247138641415276578145276578154713864176312143776312143754713864145276578145276578176312143763137547
2875641352838641324688641324627564135218745685218745685227564135288641324688641324618745685287452275
