100 100
4845164685244727442485774782327786523221667771141283665118658326827845613524551514433223652527226742
4845164685244727442485774782327786523221667771141268237226367652845541568238864268685837687871351456
8417818458288721785747818425222775777482546662676248638771625535176485826376777164228434511558624467
8417818458288721785747818425222775777482546662676266471754242713314377744631585451368383564872445183
7283155266546257487417877152181646717177244567353381883234185574855858146577278486757372162771822362
7283155266546257487417877152181646717177244567353353136856454312882888268736174235316515814261317361
2534577871726852243515438677442242543457578384255132283658423688815757336685123431855552665286532267
2534577871726852243515438677442242543457578384255151443442111314556383616837581564673842427831156551
3774567562858785238825283818454662656387612124787213672867313554611348253181521685367338155758753834
3774567562858785238825283818454662656387612124787231224734616115661122256824876153858512727532213182
4875563458415451818183548481227153463657437456817675737388843614323231421451658465436882816528878733
4875563458415451818183548481227153463657437456817645468521472721414675361634835111238342286145711623
2262248321831457746728675752685522241156767366654347762367867484642884685128423448584644563746328813
2262248321831457746728675752685522241156767366654335164613671578123222768874723618687573444587652444
4542232468836175438824434161523438547585383276528137315442225724334147115138585761272264275333577553
4542232468836175438824434161523438547585383276528187441545667631545568485441523778564323576124815288
8144556833712573361164824813567126828127757411621538211224414664755351875416172657421542548738786634
8144556833712573361164824813567126828127757411621588671713286168153121631327468268638111558486451232
7816847618563344174373256416524414212225666815638816333733633716134732331582426151712174237378434558
7816847618563344174373256416524414212225666815638851727572346374265451288715411674847758367417544116
8621235478163574525312732656821341461362338821635546221366652668876824618557312176234864252373546365
8621235478163574525312732656821341461362338821635587227726774832634811768221834463732345483676343475
6723513322882423427734764583136822488234224271356452722184737366514336765814116151445343435355183678
6723513322882423427734764583136822488234224271356428385121215468527474451445558332661683586142355382
5836518647712487543885548375576344434662244811854237484173762385118348125741534771877511213138828657
5836518647712487543885548375576344434662244811854244316387771861446172672713232344338725475456538858
7464812872783326261754748716637566715426856526746431156412175747275674161351444332488777765736643825
7464812872783326261754748716637566715426856526746457343528117462725635284541148374581111462656633471
5251613244448171741373664368255524778827151724644336354618721453344652512622854147274244846684611736
5251613244448171741373664368255524778827151724644317156728262234424723567737255854728651724256143554
8423726261364682688318287672366622341353741412265563821158516724232674768274125274186832215643637722
8423726261364682688318287672366622341353741412265548458222888378568766455444681526756887446772272433
2165423775651773431118847523126346657328643731443751766422273121367463865635514337764586785283185148
2165423775651773431118847523126346657328643731443736552552646218346885731372174827484157216184311511
7458745163245445345835344114777836834138214321214715422877353654367727545412662428228857626558888247
7458745163245445345835344114777836834138214321214784423888883871517546325716345831556573125526682645
1143617344321152244546827282544758667744326274841437217358376242648765452576376651587578635814728853
1143617344321152244546827282544758667744326274841482121117556825677887815585853586118736352581512841
6838731222343241552676363617238677665722487528281165212658335337344482615465482381473628622848755581
6838731222343241552676363617238677665722487528281176854852654555842814626215121557833767882425836781
6437724633548743766613384725241755417272588666428155338424215248574828676481338773644631827272438618
6437724633548743766613384725241755417272588666428182868523567315842883152257351138687567688488111626
1524871382561557738113628846522445788122735227435248517837554426864588783188673631472312522632826164
1524871382561557738113628846522445788122735227435226544412771465862874342273354335174326332677724432
8468577582684581475831545372758722262762882876668314327477336712777646686115828157745861865453513353
8468577582684581475831545372758722262762882876668316746635723124164272374533258848417643163873152362
1757876418814325682541453444438447738762363462347651286734548363434811653826623847684217231523355485
1757876418814325682541453444438447738762363462347627451588467646184528471147633722416781355242582631
2326411412556141182643866772173222158451367846764371422346177688724115224764611756613117251124612652
2326411412556141182643866772173222158451367846764385652584732433216634742728328147584352568564486127
5777451577578122234517785741461368773841425388644121612558486873623235582176321844477261718817863172
5777451577578122234517785741461368773841425388644121548164622761314465377466376121748422137681443811
5565483257748427652526455333172676117236561265113822212464217668126382182656476527476783812614337882
5565483257748427652526455333172676117236561265113852615642821611535571731663371623478815366766724648
7568448827618343644241677678422318734184186813476627533336458485656631836255846741768847365555472683
7568448827618343644241677678422318734184186813476661611121257773757643231237137846642167221687868788
3635663457171523671841333784483247736434657645212457284381664473573361781334315654751136561731876418
3635663457171523671841333784483247736434657645212446177515562586812135833627457885184355166414742682
4744677652416536461428626712181571477838351712333767757811251528373368167531846242725276374316741711
4744677652416536461428626712181571477838351712333786264151165372436818838132518436528825323784425242
5736533654867831631467137363647431248182864231374674122764538165634852187444153288333361457147155823
5736533654867831631467137363647431248182864231374643134284571387618535347453168425482661747712414822
7571176675153566377245453842334368832572658577353362128427588745325873478241428766515163583143425186
7571176675153566377245453842334368832572658577353363426387733873462124385713447763646684225788552151
5131837128844711234678374854111835381864452534453755181648118488812488315774618736376262413737567878
5131837128844711234678374854111835381864452534453715171137773283532824171374684252166613145833485747
7774684628457857733856511178417438414432781222185224448247863784356328252141632658162787756733564318
7774684628457857733856511178417438414432781222185212136236618683177381146637243222187386758143756133
4717885342765254337217352774464355351226641623656721722741722453182325212664233851546346235875418574
4717885342765254337217352774464355351226641623656774667184578428846388776777322265612831742583415346
2276628486521523176424225875784668717742378881536284518248134787148387473425583576724754158813242743
2276628486521523176424225875784668717742378881536255333656282778366344826243426375514333837132671748
4454413534144722411677523246273675222881264453724745864878447725151443522142343333553165768728242727
4454413534144722411677523246273675222881264453724714544447338663287641846381158512312143383574173468
7748346458374376528855426522445622281673212251385638511867122655228455448453625172262622311485675357
7748346458374376528855426522445622281673212251385674716334243685844141742276212336418758482377845647
3353232817344472431888347235852845217582738426424147521466838375444542231421458338874261871432648464
3353232817344472431888347235852845217582738426424188127556578374624278611873334115653464441663244672
6352247377865784847476254578456434814643352126652741427722618136584387888676177811533168426244655173
6352247377865784847476254578456434814643352126652751418183533156668624454821134631766722316756666481
7768322618714447272548765184362616435248761581725431537845771648865571886375653856467151315486187144
7768322618714447272548765184362616435248761581725444424866173423664537465448653825814745337613468616
6441367272577536475157724888866534816244534514854774541316422814873217314165812347625732523135137855
6441367272577536475157724888866534816244534514854726626573723583582718167873614564263335625636332885
5731743551838263254517131834556244272235837834368224467768468462458281854245528871731632831625431451
5731743551838263254517131834556244272235837834368247641121443866173234867161711673388436561348646618
8873321555387372623166166546127527182828375423373224718357187525571737141551621576341681774657415834
8873321555387372623166166546127527182828375423373234323738532526163278748725844861667328812232552128
1666376631824771814884225837176884486641276344615784125843174472142141384855181585447184362268361168
1666376631824771814884225837176884486641276344615768114644725617711346884417512247474578744873522217
6454558718515134131625525574727631137351133228327768252562376653852716178826121163656488421467547612
6454558718515134131625525574727631137351133228327722174783188782577626544351347248136385656443263782
6462438144342215414283157187166337215725815553144554343841822663538771348861687221331541337365666464
6462438144342215414283157187166337215725815553144576527458737316432138128734522174318122363727462465
8266162171886367181137446878615847771612865845347581717488377517118132434855826233131343247782135476
8266162171886367181137446878615847771612865845347525552822312327835213611625565264835411241744582668
3256755672647716222612266447278574746471865725212778658277445768316556144638475528667774476241475844
3256755672647716222612266447278574746471865725212745773657685188635252682126662272257387871852621663
4858664135631711258743855777713553257227332683224327713582515478448188174426761635477867621614882738
4858664135631711258743855777713553257227332683224335366148333684316385635622632364223384521647711673
