125 80
18586336736743214784658846485657844562582665733363728854586124284652812266755627
18378437514861385586333182442274652481385735551525835725316221713718648483674858
43523426255117651256414345717538675664412625616723287864266583524378776844235318
87726168166587751223741223748188576252365133233526563142634877238783588283787453
33887855232888582827454551483668733586155433836284673438675438441667875388667368
77255326621451576814661774128131111864586735326643265385733122263465343521124284
23271322587281642145653837683585715244733545383414668537621768543237854785372121
38413481778285818752883873388837754363361351612683763726638777864566723818183535
64218435822747368868275831762318853866471221377614653256763161837463388515582686
27842225428336171733746416836843637668136443447246817683142716445845568681337474
52842578484526225111551858571864731868721753672781271142157656147881432341662646
64136525375717887588552265816378585843688375332382548153223784756464856618886737
12274731787815753888553277734222616376472512411483845814686886138272674212257363
74368554254522861465352181668184243756634214731428353711438534382521462561665135
75414237168864365342773752117377637618566775524544574485567435173631184127366524
66173463133581167182554686311583456535885581745161461233735582351132751688487324
14315472152728531628216522411528758811641688712562113527834747785621121435536176
66588266666671855562167227542235668521173522371824516344216626283768532846742251
78276165663421264117687535282724763315768317171327356528165548436727525318832283
84662312484847542851787815167616227233457261886367876268873646262164464551432588
16324165787711667651364123276118374761248632324854757561256154186757888558368111
56328477648375415811413645565354486544612752368168428634735683675735473722733544
48174651326778218747245866433544214682753161152165218578283685231423677434875633
52511177347534138564256757851258764655678268262751414138711257845385358517481151
68153373173181184166127527243657452874618723854651223281236372563422828546411423
33448716371714814473345848765524637722344612454488747822486724416623734372635238
57115411773637522413618257383231771517341744554318565784427258246274337853771856
46664244365278787648667656587248755483152872676535821717124812718561442651876877
16814724134573261554382457582135773227234587312651134185558466255444525533741771
87828367427417226328161535612543411685514634635154552216784155844433343557767165
32831662561873521313626768587275486361554222526811133748348887658824682117455814
26886484474632752686886155873283151733767564327871261226684316777517223434657667
87685555138642343685412882515638673438541835144387612351774537745481733844416322
24256738155444518457178587634685227545483372281423847464647652613417152656653854
47678235186386688441151666326632166447856346776811116646276581654271267242258286
18112833848642117265361447533456114164728823377678386866134126361834471633247351
22111431864271823742144844767566646843456578883221686287368887883172256764338672
28416314363154224147634181823123766285261151127152267175546234111857278762725317
35776168438721757243162688738158784224751333761575241163856868248177273533485572
11562255486324233314421127621733642538731657668765688783784137653431737878555873
77751716362446183675883237484577846615658526122878644244142384634784855815627346
32754414271373155753287634412532137381842627568188144441418765735414711245328173
62112726738154718435571631211681423371336286774664861215347323617446187551377278
13645843244477434561284113131735488477267128366814763825885365832682482424183584
54372713853174237854463115167116423532853434122218847832227473584432426568684651
28663263436586844846117787568181332262412185257723312237644352582155841561552757
36241725153353874884738342653153355144565544124377714112545866828446472441457178
14111167248818865823635233345628748474743724822474354211338658351628116821712812
38146435313367763717642722483682683464376831528572883468245471451366784671433734
27773417453176813476853366778624685528866858472674638518148487644862743311551828
15652646228884387488262431645138227347867236621418688157316728312811147846144638
15372744356483676858258632568424484764712317721614148251556846215487771555774885
16626311711756165874248423245886858623526714545585176888285526123633438336174781
84236211167633554676828215578514742421685336137447384536388165136673845365643526
74463551611462438758312364332282256312121615316623453483281875145652122424744825
33763268625376573575455134566353332413744825831716653143475764253485538362423845
67788245787131227613667227842751225752878263618753677514644842347772457484688713
21652311554831476685745875365573617771577483376245771187726883283163766453216233
84385124188357481263162346144733233873575573476321141423282771855581311866683274
86726874733376878638247525524545147733164243244613486326466712427138477287873476
37684648153766178832186783447112333148786814357373837178156838734662424463756717
75352758643166241263481351526775122765288574111562467328734731775285227367544316
27365326736362827363638128831377765452342588614171344272715641413514148535578642
86123431817547167632385484265613876876173535466847753367221626845626871562722511
42127382311265334433863187716762364183517525188675865447717558211847587868834334
42344341581385616437412632553766356341633115743886322633225858674545876137473761
73535217683317555468316558556323665656448622237721138586822116722835417143188821
68424157187244267344264871535366724276847434666323834581884735565464173568755487
64331556822528746314848837461647564585844464131811635415782236766254334545653657
13424232558888753777263633373827657851545667617424836578366522387331488223228148
87363123834581486582383448843126265553614211284271316185544362311188741546536532
88656688557578238358655336472555258731488813536326528671351653257764885672282764
23756234467285152363136171655581143684468328547573641841538751874315441246241616
81558674671446241171382347841855132582876137734271888857863225236517352235863224
34773724464744612361426243124242866244628318657666518842128373135155352466358435
78123817646178326811776388255778864181176755164458647732326438816276251571448888
14844145181388365657434567544715823827221468438424646683385212333324373244415127
43337226451215463625638171232562344484678573415878164476573414756582561826864535
27518687224237335424166241753858632866212167246332468172338521183723266552363735
13421384758188726676653484215617584541618685142137664674472137333134156668626171
16873457561143655286221387711487725265277813718475178537857445512567154818442228
54512114745383736413424528821422557282664754776244684647838128285374162362157636
26271342713221872621323576368351716748413242553363447374246742233371724464232435
57434327823217547455583772147812135641682346688866738124214634261612478337685746
36544363458774243178222626883141276425168748785153136488185723721542115235537465
46638337825254272231372334883854671784623786464142816875828237331318383155678424
25864514141263342137588181786234724543854764658331527512868423573362376533343733
54735215857121845251615545564382418156561635373174885863425154764478783122282265
12662822563382771844666177634536247727183651227737465745265121413813263722761564
42762482166372145253642415588644868484527132671154564465837482551684833458866713
31442876842684515636661786276746324836867712518868386117158526287717847543847227
84682357838685324117176768563126771627661632427241288567427212183268264412363212
38246153212721465342554535425886128666255843377582742688231871811443683282436427
55744622141188141482818634871833435322851581513161624153418121885412277832884215
46253431783267777636858224474685161546481134382866426316574436221556752435677475
53864685735155525638653838324333625674881232216736541471644855575342564235622767
75666812868646715788254323432474346667476275467161854125421751758577466184412164
46247455628261317646218712522466224824245872665314424872884851265357336775258877
85744361581586433372143273371386525311335336732815623873376441367122578387522431
48144112131657362655857232532186762317565373826168318757555612146332124864724351
68346635227788336484878174312228828843717833776527876387477517847454742236243545
43752344431325248415554388388532314125263725742844227875128152237828872764664775
73765223775788883157138366635133678266843228875677414555566667346627854252668342
73157136212842482245131578477668364167756833268474417566342785226537216632461716
37533231335754838746656676866851641335435522472511286174554386483526248853244784
75752442653862334636385131456884172638243522453823212841135437641716636465778117
28412446412174821411437244516845877447532473748358457882413782213738756678552656
64536235158756341122251287275765356687724528562112825557757384788766831356218635
37346265548818347257468561116874384317272584772383515588648464616637387736576475
42181348111255615556276236538888774426833772742752517355211384654241132716447743
38452646717581285786186435113276174386475238511323887681421216444315668263734624
38256875572242538526516245113784511884834267753841573852456163612783183133281515
84175658314253763667181717385223845368441376544758453611581717354865532868852272
15235655568285484422278843161113138443532263726636163826813782862484554162858436
37232163172815161367474368418225552171867766375281777661388535342673762336644773
51666416256718748785321441773617742375147675282678162258848516765458855723231182
88625321428822478764417814221353777635571766614624238612338646848353581873664772
26674164213622558175172585723783326357187333772556561781485275574874383533484561
17117624755272177375286618333535385767757777582157412651622128723152563318246127
21757314656378718321738665354135412166767762476785565243132468412273157225153658
55326174641567678284478158162456127353665412653852184858434364165376447115584347
84328611481571665551762855647811644468237267378633682466465814318651624744175355
24675451863376111556416115661145555344471651223865275846563233662344778457748218
47745152888217455176777824263524763383852267334384435277814378672832233467338642
28151614738454217664182321637247324132183334346465236116152686285141363777674187
