100 100
8235368354658822351162685566855281225784471466165253586211376252444521458737185875213227637545654734
8846512246132334875284656523728734727662337813711236881725812376213462323674342361228331542846533731
2762572675778558368128153333832254446156164285463471483464574845247886414334215335566547783124513135
5851516446164146818734843323483464323547558435245224177152163475162248377122456155576428866414525717
8672857874364645154253334376411547712624544846872663682278535381131234724647616324247511248512626411
5578147384672382821527865818233814411825765155688684825668243683452838658515257662436533374215433342
5417242618636746263447434541831256344631527753852723423785444166884787758157375685188688716272656771
2746765516564228153314546488178442376162157553442832126444624512315547182871846682268473574875828154
7631464843827833512585353521281427425473215237167582767156474136731378322554258666441711578268243234
3442738782243633245825856572768377414563841772463663542483837374786265478462676143833614377562245438
4441434128575673533172675282768114438578364323561331686462676665858755752144553224123632563842646565
5768246786738356116161746788688857855226273121632783577531671832725231654311121164334622261637817732
7278455633114651512361253758234464748613522155327727772245632646422776466463558842723847116748274888
8752343727127136753864186715834547156815357433414148727714265677552237265144366642367281637388168451
5127128158521755537585881375514134458567333467344452888862158287477725163214365187468381787444673548
4747741657141568166147162617827424747368538342227223764618712647177258237843121811111358222883332542
1361643578215488585511255225243388641665167565535577256547811338683436527835122736315145485844675462
5641373745748683735258771361336445786734516684544236156582367651576527418357258818544174178756352524
7265528613627218187475764876215312275681612247441226811862645164222782786312313866874435473246384546
4188333324848517654415144126454858386567257326862534486865666837118454876648263515313268131274353161
2733538264231151146544521172748417274243488215288464212454564757117284262815674728364253534464184326
4245353714364672815838645766323485645864128743436223631816336727115685864841346571185675584863135688
3387563138278631734244237466727853222314537685125557412365658858166556284117787577313582851534743277
4311335464752257781455157115884777241257715557618152356853534634534873113736213244354484187864184332
1144184341885358342488464258232747755736627285853381564815644751376658555818638421381112364685788165
2847262147432545524443876487248755357464181443578542163314165414786172546321815856778722437281783335
4162878865253441811747564181275261831864212723126675855335561688527442154848711731871238663333682364
8841177333281453675336374845323751846433445853851554365485517187833858258535258243285243512435656385
4562667218241865721668212325817881475826432147277626185613428126324511373723228554875123124776426544
1466636152652347573774617418626344233353673115841753282267376848767286365755464467174322133157324787
7534834437765454486713174857148638178225844373751427158145131744685527433347773257387536687366716468
7753214453642667316817377287316555451171537223821153121124137773558281547756257736831656455374243428
7733765316315274774675485683656231854188168573383846743185314753277816278145432588318825268344776281
1887531655873212426742213626445687251844425227684434114673287471127623675164825572787511145281231688
4363211453427686176116631338856157461564417344427715511763584315461541662143733626646725214835517618
6541875781132552612458463771638213672477466256857748614475426463124635372882352364722821253341578367
5483823174127557561417882121487178852333778573451185482332837867318481861576728548161547463283174274
3733152262378641163416783882254584447375678683231474487632812863128143235285781724441265617536831884
3742125682425565726512524832464663152482575411685466116673826616423378372438364471465856888588266757
7322344426581875433453633616624876421716314885456334767554673516386151217386718714766586676224452752
6312587836461671481585845821555353481184723382365462742173832446872412872142331181585728878442538717
8187664832146314464277432781463378571886275763436121814823617227766662282386231768113488311227428143
6145384778272833135233816454138616766666552721218321666161778461537144648376243725228557746363761587
6233742122673626354617316264656278546638336264361841181236538485888441341868172758141785338231155177
7561635236438174411732635553643821377637661587278437268321733575833272712438638367366588782272315551
3438276418216117134584576445725413234648466178337253462233611321775384256346666254625218318672582681
3181442115821127654816113231488147851847745875272366842838864412313843515272338531467357437632574234
7162356637141155134567344674817553248175437678668525743328535685372365116558182223567821426635588182
2731815872253371711168748151583335331785613637757415427261164126133314671254181278158861515343745224
5732117385643524563581154432186873744217117618476817165427464542521137887187562534332546637558562724
2365418535474218726274662747833238181273124724625235781416178884384568377355147234635827323243432431
7513123566166627537743613731786853736513733741233553481281268521543614611118826421121514724865135473
7433572282428718318332875223458687282255871363482371352532445283266486714857512283654722212314141528
8863235676363473456737377876277766474647155117646772683135747333886717243744611131432332274442588717
1372257815784827548187384667127843781235235143464512145248338272237788121252241777553525851585216746
6582527587432857475323428585142368121664852641887736264325442738362774214231465188436863238744775356
6751177441377822811667885116381316672355317563325455147714786447857528476632636843527713856727673373
6777624313574473367535582352763552828446436682688223458444257722735343842686138161834156888172767628
3226163421133168587617431353563748786633616165372855334387688282154687373348571536573486452678153455
8451448222362478757258517381462844455613442856585165248712823745528161358755331722413886873813461555
4227678842671834767342413133882731586613437326686288673532432764267335822585748432222534176313326461
8146363788317755845578884723121685612624177533378882384777841366536624155522253422142362744225632161
3352288222647335465813417534511816657453383621875766227478327588731641733878326152846646376787813774
2753658883547861484733717274754764816657716262445352788523467545574183371734614777348365612661452384
6375417352514868614477836725873186575626243488783561776175346484343664118542443163887757446717651833
7483174762715571415137417832483532813665152628675713244125134821884547816547715211363726827386641315
7452235258317243578582665288641781643688864655852337181531331753781385115561418717641411278555576273
8441264374444563428362224427174316857766558668318835434758126526564144611521811568677672375673322218
7627714325286482517173251615267378621784666686823526566365626452881478322327627626445315881412671125
4742168646324237853751588477474551564368813328534222246764254482246484412243227533888447854445536611
5256886637511256528887755627575728236541422313246355751583578831246865333376312845156424658678135563
5812676721567788226613628841826761874731421316512753655746286685886477583158866132372415434847884473
4234647725328166116673466544757545663462782463182335387776166862382868411166581728385734351218374137
4547758757862134455372417727333427613871857418561363137843185744242661121214186257167563668866216333
6564474815864267266664445228385872412112435623535168133548122426514433833764322866161437337372338175
5562874626733128333247576517851355222872635467626215347334475325625844665367824776336546458442217454
4551846886218184877357146734533152363525753412154852656672337262744684671283454672761256571537668628
7583363861687636382118112252185341566122836152255376288336324447821233234815138461586216374364653672
1688412388868417616638553424338213338316658757224677531332428744376447677866632675314447761874356886
2635277717538512433526664514117867386813374115661748778753338445464516562876423158867666265836416688
4541634688547686614812156712658653811443338735451571416548137863725762261535236616471821266476827444
4361254456536515775224373577214651338733814824627638644164613855638817566274243618132221835436545662
3855462858331821852626733816344785717627326341758671661765883781587512421443852182476766444513746432
3381823258867441414354548123312848721437872757761147787467775486464244624211825657756562788381756216
6575322652758438646544657821342345225388834271376183443865643866141347531638412333354861828821427536
5234337852324485238262454167187823274784316248535475641832318234225377725327265223257165314368612274
4615435721484234586834828822837613531415371753785771221411577424817234752751515363161668341427851174
7686816233485675368223235182473484258526212883755533775377123744424225631326848728142466127122265667
5724843654414311213761857368753262323723772671556285213172438764766623651517152643711433317222675545
6665837463136286817123353332157222731362628486214862371638275443451385445556623774177514758477134664
2187286513738577738511328223141518386683322138686135888382135553822561815872536337335428558468276138
6225471476755372266515816314867832744884477627278882513183151571321811134128588115377136127635717718
4626347248428253418712527776525845864426288135324147121487323875623463434676151535668742417776376175
6844343712227624412768454552525344583417831643632613855577548467887728644416737523773252653453453773
7555743882176585755778788724431374615542424334455644452361368614587134884116733725621424846148526342
2337727136781482666736517412827215287668361621688774237643246511486117867166187888667185643644447724
2213266751483132784786731646655876187723455237311282131123433426883135137638562448651265386141462345
4283574142156668321277786362785452443245815654415371724111548624814224131578366587431263567348315458
3316255487534833252182155435215372387751347848783518156614867542361168173174463126257636526877576716
3812137174557841547785443636816567241538558354414473253856656418483438564661188767888877115645355511
