50 200
81166873866767866333336833878833527188554481166655337451178444678876862875558688711118777733655562286788768227887628655557656747165844624277722444267677333884556773733587778465563367733768833118855787
61666673776777772234876865767775526188452485185553831456186444867876776554422882261117777868855572268787668216748787683865555846364446621288355348722551844455844487666587222477667738763861333622255788
66845566688676881184428875667668878868444485885573726617642514455676447832222877678783443377665568878822283816847887163115711643324637218773325368678571148444365556787511622467468834673668878778735866
87845578678537778613427515568886788777844865688868785537846574448868687233668878478244444631332266887168553114444551156685678776628112268886665767577571447733335767888533287557465534463328888676635636
68667588777568777611885555588866888788747888767878765315526332267168467267778767444277744731332213883136786883887485552211677765522244733632685685565563487838787548686884286858425382728288673744171638
33111311667668666686686884568722866677674676222864768312255557666163447228868711155278867768822823663537465563378448138213388675258613755538866441175733333336666553365554286677476722828544213332481147
83562385567878788844786222474431166665554787187624268172874442711755355528441811225277772274678787885557422277887878116653366782252255446762667888556188678386164443112244888787777228867586226444575648
13562385887767755733348437884411122765654433478624844178675528876553762273426733353336861184778668785737168255777778443553486723356825712222744878666172267211565553672276767756748788622871686646555268
23388447676773338777843448687818168334681473423664248168555228888763822866222733857776777175333677855887168867677766448844477111886882561766764868657868678815555313376778326558742787866522272868446115
23668773867117667767863747722226445584781434434474444777336168765583448878828868687775568745443667857667786688766778137827878887784485577667872675557667228355783363342444334587772555567522272767684456
76882253366178767668883337227717445173368831114477814333637668865111834478331552287875578714433777678755533857886586734421847777554331188656677177577881646358767268744784714373133355765722785768761756
11557456446178686688223355577818646187788276616277711888823333785368686866665313286878887713838757788786533856788568777423848677511366678757887118546781455757876573444644378883662136855122225576883855
18854548168711855554777383766755578887622277782888833633673676783688785567865773376666776644436556667757875557767338664413675568886686338256766817447674476878675583418888333777866231115111267776663365
66668546774447633364487463762454755222766744644366222255663787733867815568867766337747446813833677611657755778678755114667885746788678337332267113487476777188885563412228833338866276468377676886743587
64478448775672226877425444782117818447786224441686776553377176113886554226672283362553337717768828716687885775678763718768755448163323333244443315518478222118787567878887622587681184488367678648445533
84472276745586576768425766584418816447766664481776768838228557673686712355641655252283636876883347578686816775881183876767653486123673388743783375333668777625322144772787876556711164866344685446785836
84686655847885567778622775525777717688786335844117677511275516763785558758843375552876722667787448568836844635787668666677877566177868671443862885678678487725882122442666687766777872678688835617777132
74876776875526868774488552235866686786676665578676767555261118677353338678633375336876777677776475562331116735578683677788565568787777283371117876687557466888882682333686843668888744661162237618886662
47773377755221668844774448726475566611778873267686877555857678666557364728838675822632676768867868862287866755556673357356535382777622287368655725666588866837867627667333343388716744768138271716787558
44222677655571117766222244428478766817668354868626772175557833384468674623467666711135565544467727767643357111776884454157164435876267786777558625877722744533677755558686557876714444766333844184887887
55776822452876127867455676466671223118556551668228442777337633344866788623478777747836885787687455862346658847777661231557744755642244868767776878788664445511444786788676444277866777665546347144888226
55866627457673355864483336227674423618836781447863386666676435511778885783877665547666671767776454467366844842268666831888687782243334476744428228866655755517225538426766686226876875766788386668785828
44176776855763353334875767828874488718446663677888682355574435677768875333388885686888681867448752287378624211686743362866633877743684886543346828155877751117711738426776878876876775877876776116775878
22688446867784477884785625188644765874446633866678662353886572855672255888786685678882233117711812287677556211556846582878337776628678785544746666177886761265557835478888868667866866685447784236114478
62288436886776444746775255554774265552846871887668776613784562665677677668116865563677633387226788836717462266655866556878626677687855588614117736187863874228555465787688668557878866765446734432111226
62263323376777266547686556184771666633368671875844117887764322716668786616188753363676555362222877553215575175586865553186733365785768568673121337761673764633555737825578886757866886678888633633887332
67331811117887877567788567554761116787378671185836311711673876618166762718686551487667687766676885533315565165175613553447636655555278518833821631111863328873822734427583357683368556866748755336657378
55381114677778678518877747858687861177311555778886366711733767118188222758287881488776778735768718553227875566555222652746868556884186556255868744187677868633667816244545558876837611876747858333758333
85181445873877686611622748676876886863386544768687444477877655368164467855386461644761166765665547773244558586158777737668686744554871616226883554478688586866222714445547587687336667811647778588717867
44844755763777877661224116464484667553167551688177228755818557887764277584377486118118227555333533383286711676753376337871188777876661876786725144556678527511622782425544264788786877767646776573717613
32141836871167886831684774464474684442777851777447758333556878767567266522788777768816222566318444767888833778877336767666334486113633882286725447572222225511188888876472255447878764414478886733448683
38886878787668738651167764266176883331672278762288358763357866668586266588267667886688688878665524886887873674487367667673375547883783887874445617862676118677878887687677827767776668464226568655447846
22677874387876443358668862681148711833368287611176887118261553861577268476267722686447556882686768187888338866455316788667185624485855168764878888862228284433876677786667122227687755564774564687866744
82276444333227462334422662433555551444437777778158776228865544436782233788786442337844522262862113388655866166467512211388178114735865488684867527552667278623411867733518111786676753366744184447227676
67866877353687488164767877466555567436688786844858677867818743855871331888736882386733528675552775222758447176387577283375877617633227486764442566456833288228481588287517888675567332381186165868827774
87676868758777447411776744578364486487456667644137688843156888878687376684833368652286558666778655682336778167368762814485877314468686446878785556633835657686471578277567226665333444371256885575677674
86711676242778665416718645577334465584457777765543687643157876683444488664883466756671857676787685611551771174487222811447588388448667678881541255566335857747864562447722267326776887334458876575117868
74445286636577855165338337557787635577655667556555666724475844723287862255488445587442766868228756715378686164422264443326558411868744776111561558111264686558828466685552286322766144474126786688161558
27655866733557866665144322857878624454477333867535611468475186113448824255662853767744876878257658765676785586677284447322652448681876768755551338667224886268228886687152766755777141344814446444111686
87427886775558678788844724486622334456766355668235676487485344817867764885672854666774286688856756775778866788768714113376782777672287886753681676645216776668764338735558781677868732248733443862111116
28421876685554333678637687518862344457187356187265582433866367887868774486466644777877655764427678681555776663587111763381482676882776116613644766845611686777784444332258551868682332864788675576778777
21861725557134337448838446526117826757144776175665522855677886671116873554444866787768845674655676876758752223572533855276434466687677616761453688845227768886811764166665357445867267784666667684427777
11881126777784336444755788711117682285556774445686355555887766356333766372267726666776687644456833611855355213333565576227788482677846665588453748725288677766678784446875554445455262286713777567227668
88877678611866888424454875556116668286127655377673355222667787754553676846288655887444468877773366776833326718573887444478227762678648755866667844722268778468821114147787677755355537287663335527646617
77872227611655573444434324624577167652846811167877555872777844444465788848544338556864685533866364448666133665516557117455826672857447334788672272226456686446744114448722813316357578784483638244844611
66442268551355264424443388724588167752248678866771723667678661188485271166575566775588865578667778886876168876118833614733784674657887844888676255878855878788277578477628714553732286678476637232274716
86866287855555188672843686623544876752644648688751683377336778247874211156878551155233633355551177677668686874135517444237664865786877755788867855886555487876227557668822714563344466116676836542251811
44656772676585167816848778835545826745524746668756678667868332246874226855764116828677722667448338774551162884437567481276744855817686633433661162282278488555776858677781666686687336678587736587551666
33657772666445844416678666767785722778226633363376862268887177467677626752875555567868822876673838788581822522552887771766548788118788744465878778286881886858688751146771865518686886871538436876574487
33867872288444886718671337878815677822222873557337882776768663455888676778766445646786221855684468886485526544262666678776552668556866887825677616886864466756877657743373315211766786666234476686844733
