90 90
565686558786765887766666656586566756756868685767856865885786776866675685767776755577876778
444322314234433132123122221233334212421141434241224343444213322231242142223441332141333244
667776755887756578878655577585868866776576786756757766777666765665878556786876677687685878
421144221442111213221113123242214214143312344343321122341243433444141323231322434131412411
555655575658756755776765578585685586858578676767855575567886768877868876778776688855757868
212231212342242431111423421114431242131234344324233442343312434443232134422221314132333224
585688655558788758778878885765556868758856577686667786676678667687767785757555686658876685
143343412413423141213123123111214314314411424142134123212111143312142321113214423144434424
675855678587588767766888867875565688777686858557565766758565568857758665658756765766756558
211444111231434431312133232321113414334221111444213414232331243132433434224421434312144334
568658875555688855756887867887566578856887567678888758756565788555787875655875858586887556
314312131322343212332142433414431344313321443413233232242142143113141433343141342421111343
555876755887757887665666886858778587885587868655687867886888887888577868568585587866865667
341311221443322243424243324433134124424443441211432422123443141432324213242321443131341112
768756685575776856758567565788558775657878785687775876577578875575558858568858877687778856
243124321422112342122444311112443211444114114432133112214343214221143442113222221322344341
557658765757568577678676777758665877668678678565788578666887785888678787777876668777855885
434223231233211443111132133232121213444143112124114141212434411212442323131441414234242411
585885855855868786786766678786567666786666858855675856685887768885757586567577766688576688
234424133214231343113213213413431243344112131413321224111431232231132113322311434214332144
875855756857768775856777687578587686756665888856788775856686655856588876568785766755677875
333244441121111131343213424113223443141243324122214233423311243123133212343232114433242144
678755768856876655558657688556885566688778657787887588775758766756768885755667886788557887
233334144411231444321243221212123122342421421443211424123433134222121424233132323234434434
776658888687766868858658687588875578665757576867765866756777787577558667866788765885575865
211111442242134323243211214113231144223232414333324132224343332221221214234143133212432441
755866887567777558585765657656776565678755778568867568686665666585786788856668555778878878
424123213211322212441331413122144242412143242143221321144331334232112233213412321334334122
685576877887588887668577555587655776777765786557655667787667787776776758675668865888686878
132421141342424214324433334114122314323244314123241324424431311414142423321124222134433224
875788578867878587665776776568856665688775777778776587658776585757677585678857676777856587
441244311343223241243134321322141412441134212133121313133342343222341233231341344234234124
787766775558576778875685788586575575787885657787558668685585766765688568855565686755778658
412144124131333441434131224221342421123344321444344114312123122423143142334344434123113443
867587685785687578865585577675555787856576866777866755557855576577557777578867868677685788
313323213231423214233332241442312232224141224441441422431134114113433441444111422111122331
588865758787677556755558775665767657576855757656767686588575666557885756765677658787778565
321413431444414144421112422442434312124442211311343232431234424234422341334131124434134221
878757677667657787557855775776676888687788868557878565787757687565777865885777578767578887
424343113422442133223431144312333433412213441232122432334331234424434133114432212433343224
566667777565857876757767657567767675757656758567778767565655685767856787768567858678765786
132111242142243441143222211234331321334424342424334334233144142111121432144143432322414422
786786655777887785566777586658666658866588656568577566788757585888655578786855556766688765
434412224111232224441142234112223141134434343141142432443114144214433142421331112242331332
758788787668787655565687557656566685567878775655786656786677767688676678668685888766588576
222434142434424114332433134231442141222224134123233223331143224311231233242431222324111321
587585686778887767667777678558687887866577886665676586665767558568867885586655768777587755
411413414142123442232314234413421441243342311442334331242331311311332333311144443243123312
756655665888785658878886585566676755566766877586666657588767768758565587568586886868765877
144443422412134221422433223313422212211132221312422323442324123343332241121313322132424223
786768668766855787755756888575756867567558756685565666886766586656775768565577557665677768
431231141332422242414113122233142431243123231113344432121331322321334313111233343242122424
687868665656688557578557685756867656788577685767557857855555558776778587577588557875868568
422423221332313242323232232211414342323233241311132142142431333134312223431431444122443111
658756876865767765557587687767656887778758785575768888777667777555586776567557788558576766
241214423322132432342222314123423221132311131232322433224143412344333212324424114243442442
565568866886788666876755766777888786576755768556658565685878668655856866787877876676887755
411311123424442312332114241243311141234143342343231231443444214231414323442123331142211134
677566588857575578587875777556588588775575657868855858658558887775566578867755855857558667
314341113143124221423243144131141331331224234123231224331411322224123121433213444411112443
565585885558787866787655858765556685668866555778558778857755658788685567885557668568678666
323332124324442431221211423231441241312232433124411424431411431233414311131411224424221211
767656757855888557878765555776775866565666776588675788865888677658757655855776555768676556
341413233211421233332341132432342314322232113312223222423211314334341143323242323311411412
567878856757876657688775777557685658757668567565577658786878688875856785757866766867587855
314213123144421441113244422422233343414424144233444432434143413231444422212442433434421121
775865768557667678656567866777865588685868767685675566576568686866766767575858777778588767
414124134323113224132331212431434124214214224143414411322311114243421414212223331444113111
757886867675676688878766786787787876788666557856888787556565655688678858666576766566785788
244112233224232313411414324132222323144123324341323221324221434414311231313243313123223333
775678865587676866576878757567688575688675575576557888658776666567786665586787878776788865
324123141433111432322244133224341141123213412314223244231221434221311433143122424413234131
875557665876786756555577758688786577756566875756865675855866666568865578555778785665688755
141243121211223232333133231444442314412421121334144321122434211414331212242411211124323131
667786685868568757785756677567758678666757756858765755665585578566786587585666768787656566
422323433214142134142434231424114222112241143211421433331123222342113132441313213243241131
765667755787857687687886565778688857877765866577785765586658567667887765787865857866756887
234121224113114444312232412444333421211123133413212342112233422114414343324323311234143122
586876668765756566675857785557787558575558587866568688565686665766787756685577766675575857
224434244313421322124212122441214243143344414133422331232414422342231342344434442133442443
688858868688585687578676756867687666766876855877677656778757755876667566567677688768857878
344214123432114132343442232224131443343434413442241442221423433414234344431411432222233413
858586868886888788585787656787687587666657888588785865568576868776657578656788556888857668
121431122144112422414321221343324214121422234342433313323214442413334121424321142313332222
667677587687856576766787768885556576587757558885886867558575586675886756658776676766776757
221321441313222134313313114132321124131124113133333234441334133411114321141433323421311434
556565687575866756775676777778868666575658867785657565857585857867878688885668865667778785
134113412122142144431242121211443212224312242222111133211423231142212413334134224441212112
788766786667866665588777565578776575875586656755587857677768767575777576878765677877588788
222211422143441142422433211442112131142124231324341341324241311324433332412434443323221211
