100 100
5234123412341834123412341234123412341234123412341234123812341234123412341234123412341234123412341234
5341234123452841234123412341234123412341234123412341234823412341238123412341234123412341234123412341
3412341234153412341234523412341234123412341234123412341234123412348234123412381234123412341234123412
4123412341234123412341534123412345234123412341234123412341234123412341234123482341234123812341234123
1234123412341234123412341234123415341234123452341234123412341234123412341234123412341234823412341238
2341234123412341234123412341234123412341234153412341234123412341234123412341234123412341234123412348
3412341234123412341234123412341234123412341234123412341234123412341234123412341234123412341234123412
8123412341234123412341234123412341234123412341234123412741234123412341234123412341234123412341234123
8234123414481234123412341222123412341234123442341234123712342234127412341234144412341234123412221234
2341234124482341234123812322234123412341234443412341234123412241237123412341244123412341234123222341
3412341234123412341234823412341238123412341234123412341234123412341234123412371234123412741234123412
4123412341234123412341234123412348234123412381234123412341234123412341234123412341234123712341234127
1234123412341234123412341234123412341834123482341234123412341234123412341234123412341234123412341237
2341234123412341234123412341234123412841234123412341234123412341234123412341234123412341234123412341
7412341234123412341234123412341234123412341234123412341634123412341234123412341234123412341234123412
7123412341274123412341234123412341234123412341234123412641234123416341234123412341234123412341234123
1234123412371234123412741234123412341234123412341234123412341234126412341234163412341234123412341234
2341234123412341234123712341234127412341234123412341234123412341234123412341264123412341634123412341
3412341234123412341234123412341237123412341274123412341234123412341234123412341234123412641234123416
4123412341234123412341234123412341234123412371234123412341234123412341234123412341234123412341234126
1234123412341234123412341234123412341234123412341234123412341234123412341234123412341234123412341234
6341234123412341234123412341234123412341234123412341234523412341234123412341234123412341234123412341
6412341234163412341234123412341234123412341234123412341534123412345234123412341234123412341234123412
4123412341264123412341634123412341234123412341234123412341234123415341234123452341234123412341234123
1234123412341234123412641234123416341234123412341234123412341834123412341234153412341234523412341234
2341234122212341234123412344234126412341234223412341234123414841234123412341222123412341534123442345
3412341232223412341234123444341234123412341224123412341234124412341234123412322234123412341234443415
4123412341234123412341234123412341234123412341234123412341234123412341234123412341234123412341234123
5234123412341234123412341234123412341234123412341234123812341234123412341234123412341234123412341234
5341234123452341234123412341234123412341234123412341234823412341238123412341234123412341234123412341
3412341234153412341234523412341234123412341234123412341234123412348234123412381234123412341234123412
4123412341234123412341534123412345234123412341234123412341234123412341234123482341234123812341234123
1234123412341234123412341234123415341234123452341234123412341234123412341234123412341234823412341238
2341234123412341234123412341234123412341234153412341234123412341234123412341234123412341234123412348
3412341234123412341234123412341234123412341234123412341234123412341234123412341234123412341234123412
8123412341234123412341234123412341234123412341234123412741234123412341234123412341234123412341234123
8234123412381234123412341234123412341234123412341234123712341234127412341234123412341834123412341234
2341234123482341234123812341234123412341234123412341234123412341237123412341274123412841234123412341
3412341234123412341234823412341238123412341234123412341234123412341234123412371234123412741234123412
4123412341234123412341234123412348234123412381234123412341234123412341234123412341234123712341234127
1234123412341234123412341234123412341234123482341234123412341234123412341234123412341234123412341237
2341234123412341234123412341234123412341234123412341234123412341234123412341234123412341234123412341
7412341234423412341234123422341234123412341444123412341634122212341234123412344234123412341234223412
7123412344474123412341234122412341234123412441234123412641232223416341234123444341234123412341224123
1234123412371234123412741234123412341234123412341234123412341234126412341234163412341234123412341234
2341234123412341234123712341234127412341234123412341234123412341234123412341264123412341634123412341
3412341234123412341234123412341237123412341274123412341234123412341234123412341234123412641234123416
4123412341234123412341234123412341234123412371234123412341234123412341234123412341234123412341234126
1234123418341234123412341234123412341234123412341234123412341234123412341234123412341234123412341234
6341234128412341234123412341234123412341234123412341234523412341234123412341234123412341234123412341
6412341234163412341234123412341234123412341234123412341534123412345234123412341234123412341234123412
4123412341264123412341634123412341234123412341234123412341234123415341234123452341234123412341234123
1234123412341234123412641234123416341234123412341234123412341234123412341234153412341234523412341234
2341234123412341234123412341234126412341234163412341234123412341234123412341234123412341534123412345
3412341234123412341234123412341234123412341264123412341234123412341234123412341234123412341234123415
4123412341234123412341234123412341234123412341234123412341234123412341234123412341234123412341234123
5234123412341234123412341234123412341234123412341234123812341234123412341234123412341234123412341234
5341234123452341234123412341234123412341234123412341234823412341238123412341234123412341234123412341
3412341234153412341234523412341234123412341234123412341234123412348234123412381234123412341234123412
4123412342234123412341534144412345234123412221234123412341234423412341234123422341234123812341444123
1234123412241234123412341244123418341234123222341234123412344434123412341234122412341234823412441238
2341234123412341234123412341234128412341234153412341234123412341234123412341234123412341234123412348
3412341234123412341234123412341234123412341234123412341234123412341234123412341234123412341234123412
8123412341234123412341234123412341234123412341234123412741234123412341234123412341234123412341234123
8234123412381234123412341234123412341234123412341234123712341234127412341234123412341234123412341234
2341234123482341234123812341234123412341234123412341234123412341237123412341274123412341234123412341
3412341234123412341234823412341238123412341234123412341234123412341234123412371234123412741234123412
4123412341234123412341234123412348234123412381234123412341234123412341234123412341234123712341234127
1234123412341234123412341234123412341234123482341234123412341234123412341234123412341234123412341237
2341234123412341234123412341234123412341234123412341234123412341234123412341234123412341234123412341
7412341234123412341234123412341234123412341234123412341634123412341234123412341234123412341234123412
7123412341274123412341234123412341234123412341234123412641234123416341234123412341234123412341234123
1234123412371234123412741234123412341234123412341234123418341234126412341234163412341234123412341234
2341234123412341234123712341234127412341234123412341234128412341234123412341264123412341634123412341
3412341234123412341234123412341237123412341274123412341234123412341234123412341234123412641234123416
4123412341234123412341234123412341234123412371234123412341234123412341234123412341234123412341234126
1234123414441234123412341222123412341234123442341234123412342234123412341234144412341234123412221234
6341234124412341234123412322234123412341234443412341234523412241234123412341244123412341234123222341
6412341234163412341234123412341234123412341234123412341534123412345234123412341234123412341234123412
4123412341264123412341634123412341234123412341234123412341234123415341234123452341234123412341234123
1234123412341234123412641234123416341234123412341234123412341234123412341234153412341234523412341234
2341234123412341234123412341234126412341234163412341234123412341234123412341234123412341534123412345
3412341234123412341234123412341234123412341264123412341234123412341234123412341234123412341234123415
4123412341234123412341234123412341234123412341234123412341234123412341234123412341234123412341234123
5234123412341234123412341234123412341234123412341234123812341234123412341234123418341234123412341234
5341234123452341234123412341234123412341234123412341234823412341238123412341234128412341234123412341
3412341234153412341234523412341234123412341234123412341234123412348234123412381234123412341234123412
4123412341234123412341534123412345234123412341234123412341234123412341234123482341234123812341234123
1234123412341234123412341234123415341234123452341234123412341234123412341234123412341234823412341238
2341234123412341234123412341234123412341234153412341234123412341234123412341234123412341234123412348
3412341234123412341234123412341234123412341234123412341234123412341234123412341234123412341234123412
8123412341234123412341234123412341234123412341234123412741234123412341234123412341234123412341234123
8234123412381234123412341234123412341234123412341234123712341234127412341234123412341234123412341234
2341234122282341234123812344234123412341234223412341234123414441237123412341222123412341234123442341
3412341232223412341234823444341238123412341224123412341234124412341234123412322234123412741234443412
4123412341234123412341234123412348234123412381234123412341234123412341234123412341234123712341234127
1234123412341234123412341234123412341234123482341234123412341234123412341234123412341234123412341237
2341234123412341234123412341234123412341234123412341234123412341234123412341234123412341234123412341
7412341234123412341234123412341234123412341234123412341634123412341234123412341234123412341234123412
7123412341234123412341234123412341234123412341234123412641234123412341234123412341234123412341234123
