100 100
1346784876774246217133317254678124856425276372818657562325532427162678512142734636642688872625461777
8724161752523265675574266242711764385137763857548118264577718482755444243625434676625244421727155111
4533727754124735552258732515125818683346257614432368726777235224784414731737147551887833335754856555
7257688351636622173277221123475732428117545652735568475442258163242732281875651326347311143652581333
2725878276658414355116672478484467434471824524547416754371644734444481764735348383544366671752622888
4172876446265451446154145443878411861344646153172426411727324651632643587831677135367577765146155111
8817655856234441642857713515522828744887768464536455661258485624177323716434115725862355557113222333
8481563165168274578765354562784626611145316614456478823755416886222888346422433452463833337786256222
5748278366617754628628334136852674456327251782744647467323675452648211441725145344581511148235431777
6274778417844482432276281173433513274755752222243637168882682763811384587745132651266433336737255777
4427157842844428813888547736327274856111834353656418217611115623712686517764236852712111176481282666
1842825687611252873852368761232635173742738671124175816114875234333361754174447546221477782886453222
8884472583643333372368865273112443153183154215331455155864885818747426686711557688781288874227423222
4588717251855121564665522471844613434536664283867556145278136642813458855628128324521366674422785777
1658281725412312627152282113174431171333473683621443328175265682742158121555184228836288812472718555
6465448172555114761357764861654514384155872868822851743464346121232246652567537831482133368815212777
4146874817258526575623141625515326132284683382218888233332816535155653558317822725173533377252716666
1814827481725161475162143748466812427611337684252131326384452411415561526851234852747533334525118888
2481542748172545663171137164515268518534581627634474782646712253387623831838663337635666683211651888
5148684274817252761588358677774366114272166622585867723348653722681825833681586256732755577765467888
7614488427481725158544751442334376435162348365133254561884732655776478455385262334137711178586451444
6461158842748172143223376324155243745125225561875176247833252884588283152663358873832322262681524222
4146865884274817532621384371117742525528658536517253582363211568535177872332184173456644428773755222
5214446588427481252538851387657762378143216787345565522751334825474435823322324434535322241712435888
8521114658842748725443152883264241821761457624554314125264728334523727441586272348231655513142426666
2752681465884274172542713571452861667777478476863833381345353184843176853278274323381711151766423222
1675448146588427817257114464517465421145127734447124312517852614453147415332744138348855526416847888
3467114814658842481757758436671147753862161276333176728282643346251855373463868343736588866487645444
6546261481465884748125886324525661532833318633614746575534878426253621517176524167431588818188154666
5854546148146588274872574615488755558855833342161753554786414421452633718442731744433511168741531555
3285714614814658427417256232265247166273634457555611527846533655385837141862228748823788874133657444
4128621461481465842781725438581311818325341411218842515531156353441248731716761814666111138164325555
2312452146148146884248172553724787438538153356545664144714424275156727342311825825344877727526881555
3631575214614814588474817257813884127227521128253322771483121313668677144744622138377611186828681444
8563867521461481658827481725868623173634574312245275751377872736655174673682257651261322217561724888
4356246752146148465842748172541662538754554736657282488341121527328451285622568423367833351343416444
1435154675214614146584274817223888541858427851442271445764854143814333656876551762672588815824737111
6243385467521461814688427481742846441568513325677733342881723164886868532586676462464177738816372777
4324628546752146481458842748156641532127448533446122484543814325332772466138388532531688886348173111
3832512854675214148165884274825132546275858365642336381342337633551732228785457666478366674136242777
8483331285467521614846588427472523688114156548635227722328854444536744335667737646387344463827275555
5148463128546752461414658842717213214864245736256248183146678587153722231587614114188311135461183666
6614256312854675146181465884281753186424285878224643554716733587755676522756644276555588851635726777
8461335631285467214648146588448125536857588246126843887175343318876446654567856765815577763164551333
8346843563128546521414814658874872525751471842313568228571468466718552477853834673447588848853288444
1834424356312854752161481465827417251826131558344752415221555661787352638556716566786466668217485333
7583132435631285675246148146542781725881682447646715127842486677558186846213646272135788883361373444
2658683243563128467514614814684248175125385182887772765582338517324782641185467316725766628413777222
6865448324356312546721461481488474812581272451243238672521514833347285763878347442834177732822238555
8886314832435631854652146148158827487258833638428762471242186713473557831871287546814766624687541222
5188861483243563285475214614865842741725646727346131766423452583681725557211357772634344472688538666
5718546148324356128567521461446584278172534221425575777218625786548752163642323538512555553113641222
7271634614832435312846752146114688424817258558113573484222353776838351265386852678855566616661431555
2627883461483243631254675214681458847481724162366787626174685327332557244251384748254311184712138222
1862858346148324563185467521448165882748175676141263712468445751851558572372464458772333343538354555
6586165834614832356328546752114846584274812534481362831456737682528736427448522351865211186362617666
6558786583461483435612854675261414658427487258742436454651245712261786573138312537587455547471343888
2755288658346148243531285467546181468842741725731111636674874366325751321731132732777311175663776444
1275618865834614324363128546714648145884278172548148726175258846731426442587471621764544432177157666
7127871886583461832456312854621414816588424817252145877316442468738773322231424353563633328881875333
7612527188658346483235631285452161484658847481725513242871268867836628233785511461743655568337572888
7661562718865834148343563128575246141465882748172563845283481518524177682717227252867777763443514666
5266786271886583614824356312867514618146584274817257726275488735633631588467414675456822275824163111
4126258627188658461432435631246721464814658427481725773615174285272641681435785128743733313867766444
7712155862718865346183243563154652141481468842748172514185371837815866342852238355622477755837488777
6771675586271886834648324356385475216148145884274817252843443243617753881246317545714177788876482555
2777627558627188583414832435628567524614816588427481725415746513245536838661837413345344447511751777
7577212755862718658361483243512846751461484658842748172578132212185211852647718575777877781174337666
5457161275586271865846148324331254672146141465884274817252162151354574375725663383422444475143447444
4745766127558627886534614832463185465214618146588427481725822372633331453162152254113722241782454111
7674726612755862188683461483256328547521464814658842748172581824878246546151232578647355548166875777
7267712661275586718858346148335612856752141481465884274817256214424524653853512147283511143456457666
8726571266127558271865834614843531284675216148146588427481725243232253452472326157381411157681243333
6572477126612755627186583461424363125467524614814658842748172553552724847867688786554444482582533222
2457777712661275862788658346132456318546751461481465884274817257184714374622472566813222257448172111
1745657771266127586218865834683235632854672146148146588427481725268157253287457836331355544276448444
1774245777126612558671886583448343561285465214614814658842748172524337821136817566583566624247657333
4877774577712661755827188658314824353128547521461481465884274817253442156855841888442133358323137555
8687567457771266275562718865861432436312856752146148146588427481725361357882468421433677742462726333
3268426745777126127586271886546183245631284675214614814658842748172586541257477768743211155246745444
2126772674577712612758627188634648323563125467521461481465884274817258648818423316148822223235776777
5112757267457771661255862718883414834356318546752146148146588427481725573716535235878544446328365222
4411845726745777266175586271858361482435632854675214614814658842748172577862183557217144418155777333
3841674572674577126627558627165846143243561285467521461481465884274817254387118855626111152257835888
8384277457267457712612755862786534618324353128546752146148146588427481725516213223651722251217153111
1238187745726745771261275586288683464832436312854675214614814658842748172558647786365844478273385444
6523168774572674777166127558618858341483245631285467521461481465884274817253326673135344466148584111
3452426877457267577726612755871865836148323563128546752146148146588427481725146657188633367358885444
3345812687745726457712661275527186584614834356312854675214614814658842748172518874165688878136776777
3834311268774572745771266127562788653461482435631285467521461481465884274817256236874466682333481222
8183241126877457674577126612786218868346143243563128546752146148146588427481725338654744486784382444
8618584112687745267477712661258671885834618324356312854675214614814658842748175415747111136658381555
8361438411268774726757771266155827186583464832435631285467521461481465884274812538133455527661524111
7336323841126877572645777126675562718658341483243563128546752146148146588427487255766277718766723888
5333852384112687457274577712627586278865836148324356312854675214614814658842741725126688838876674222
3833145238411268745767457771212758621886584614832435631285467521461481465884278172512144473887662111
3883634523841126774526745777161255867188653461483243563128546752146148146588424817252511142388762444
3888383452384112877472674577766175582718868346148324356312854675214614814658847481725877741238876666
6788318345238411687757267457726627556271885834614832435631285467521461481465882748172511123123886666
6578361834523841268745726745712612758627186583461483243563128546752146148146584274817255527312387666
