15786
3093
6 10 59 40
2 10 41 81
3 9 99 28
6 9 18 87
6 8 35 44
4 8 6 93
1 7 81 65
7 7 88 65
7 7 77 32
1 7 56 14
7 7 55 44
6 7 42 43
1 7 36 71
5 7 27 2
4 7 23 61
6 7 62 63
3 7 21 40
3 7 84 41
5 7 15 49
8 7 7 65
4 6 97 34
6 6 95 80
3 6 92 16
7 6 89 54
2 6 85 45
1 6 84 83
6 6 82 59
4 6 93 60
4 6 80 91
4 6 77 20
6 6 72 5
3 6 80 6
6 6 42 37
6 6 37 37
6 6 83 39
4 6 17 14
3 6 16 80
4 6 15 64
4 6 9 73
1 8 10 70
7 6 8 20
1 6 4 55
7 5 92 70
1 5 86 65
1 5 80 14
8 5 76 96
3 6 81 95
4 7 86 96
2 6 88 94
5 5 75 15
5 5 75 36
3 5 75 97
3 5 70 92
4 6 93 91
1 5 67 53
4 5 64 41
4 5 91 40
1 5 59 63
1 5 57 38
5 5 57 97
6 5 56 77
6 5 86 78
6 5 55 92
2 6 55 94
1 5 48 78
2 5 82 78
7 5 44 96
3 5 53 92
1 5 87 93
7 5 43 19
6 5 64 18
2 5 42 9
5 5 42 99
8 5 38 6
1 5 51 5
2 5 34 22
5 5 34 74
2 5 40 74
6 5 74 72
4 5 30 1
3 5 53 1
3 5 50 3
7 5 89 3
4 5 28 23
6 5 52 21
3 5 42 20
4 5 51 23
7 5 27 55
3 6 71 55
2 5 90 54
3 5 21 56
3 5 59 57
6 6 87 57
2 5 52 54
5 6 68 55
3 5 51 57
6 5 55 56
8 5 64 56
7 5 55 55
5 5 19 9
4 6 68 7
6 5 31 8
7 5 29 8
1 5 62 6
8 5 17 41
2 5 16 72
7 5 14 69
1 5 41 71
2 5 12 32
4 6 91 33
8 5 91 31
4 5 88 31
2 5 12 92
6 5 33 95
5 5 87 95
4 5 19 92
5 5 11 61
4 5 49 61
4 5 9 36
2 5 8 12
6 5 95 12
8 5 16 10
5 5 28 9
6 5 8 76
2 4 97 67
5 4 94 4
8 4 90 27
7 4 88 26
5 6 88 26
7 4 86 67
2 4 86 67
1 4 86 87
4 4 84 47
7 4 83 91
6 4 87 90
7 4 81 3
4 4 80 44
6 4 79 27
6 4 76 72
6 4 73 58
1 4 72 34
2 4 94 35
7 4 72 64
1 4 68 49
5 4 67 36
5 4 80 36
4 4 79 36
3 4 67 46
3 4 83 46
6 5 88 46
5 6 89 46
3 4 87 46
7 4 65 62
1 4 65 62
6 4 77 62
8 4 65 99
4 4 68 97
5 4 78 98
8 4 67 99
6 6 67 99
7 4 64 81
5 4 63 15
8 4 63 62
4 4 61 17
4 5 67 14
5 4 80 15
7 4 73 17
4 4 61 34
1 4 60 21
4 4 60 94
8 4 75 94
1 4 59 52
4 4 63 52
4 4 76 52
8 4 87 53
2 4 81 49
1 4 58 56
4 4 72 55
7 4 77 55
4 4 59 54
5 4 64 56
4 4 57 20
1 4 87 17
1 4 84 20
5 4 85 22
6 4 90 23
4 4 84 21
6 4 55 54
8 4 55 90
7 4 87 90
4 4 54 7
5 4 59 7
6 4 83 6
3 4 69 6
3 4 59 8
1 5 83 11
7 4 53 2
3 5 66 2
4 4 53 54
3 4 53 68
8 4 52 86
2 4 51 79
8 4 52 79
5 4 51 81
4 4 81 83
5 4 49 95
6 4 48 44
2 4 47 5
2 4 57 4
7 4 47 68
6 4 74 67
7 4 77 66
2 4 47 89
5 4 46 5
3 4 44 98
2 4 68 96
1 4 82 98
7 4 61 96
3 4 43 31
8 4 52 30
2 5 77 30
8 4 43 89
5 4 75 88
6 4 66 88
7 4 42 11
2 4 61 14
7 4 41 7
7 4 57 6
3 4 41 12
6 4 41 88
3 5 81 86
6 4 39 67
5 4 87 70
8 4 61 67
4 4 39 83
3 4 38 39
4 4 65 41
3 4 77 40
1 4 77 39
2 4 38 62
4 4 59 62
6 4 74 62
5 4 76 64
8 4 65 60
3 4 41 63
7 4 37 13
8 4 42 14
1 4 35 78
8 4 34 19
7 4 80 20
7 4 54 20
3 4 34 51
5 5 34 49
8 5 65 47
2 4 47 47
5 4 76 50
7 4 64 44
2 4 79 49
7 4 62 50
7 5 77 50
2 4 32 51
8 4 36 49
2 4 83 52
5 4 64 48
4 4 58 49
8 4 78 51
1 4 55 49
3 4 31 43
7 4 62 42
6 4 31 67
8 4 52 65
4 4 32 67
7 4 50 64
8 4 30 66
4 5 28 66
2 5 68 66
5 4 67 64
8 5 67 66
4 4 68 65
4 4 54 68
5 4 68 66
3 4 30 94
6 4 68 94
5 4 55 94
6 4 75 93
1 4 42 95
3 4 28 81
8 4 79 79
4 4 80 81
3 4 28 99
3 4 27 29
3 4 55 30
1 4 38 31
4 5 70 30
7 4 84 29
8 4 34 27
6 4 27 57
5 4 71 57
4 4 40 58
2 4 27 64
3 4 66 63
6 4 64 61
7 4 65 62
2 4 26 78
1 5 52 77
3 4 81 75
7 4 59 77
5 4 74 78
2 4 54 76
3 4 56 77
5 4 63 79
5 4 76 76
6 4 54 75
8 4 26 78
3 4 37 77
6 4 25 76
2 4 29 75
8 4 48 76
4 4 79 76
1 4 27 76
1 5 71 76
5 4 24 33
8 4 69 32
6 4 44 31
8 4 70 28
2 4 82 28
1 4 82 27
4 4 70 30
3 4 69 29
5 4 70 32
7 5 81 33
1 4 81 35
2 4 24 35
2 4 41 36
6 4 26 35
4 4 24 57
3 6 25 58
5 5 71 58
3 4 71 59
1 4 73 60
8 4 38 59
7 4 24 80
6 5 23 80
7 4 52 80
2 4 74 82
3 4 49 77
4 4 36 80
7 4 65 80
3 4 23 35
5 4 72 36
8 5 72 37
3 4 23 73
7 4 57 72
2 4 23 73
5 5 71 72
2 4 77 69
8 4 71 69
2 7 71 71
8 4 66 72
6 4 23 88
8 4 81 85
8 4 50 88
2 6 62 88
8 4 65 87
5 4 49 86
8 4 65 82
1 4 69 80
3 4 70 82
1 4 22 14
2 4 22 40
5 4 76 41
8 4 75 41
4 4 36 39
4 5 47 39
3 4 47 38
8 4 22 98
3 6 79 99
6 5 23 98
4 5 67 97
7 4 76 98
5 4 65 96
6 4 62 97
6 4 21 90
8 5 63 90
4 4 69 93
5 4 63 91
4 4 21 98
2 5 45 97
3 4 18 29
8 5 74 27
7 5 68 28
2 4 72 28
1 4 72 30
1 4 63 28
8 4 62 26
2 4 85 27
7 4 77 25
5 5 87 26
3 4 38 28
4 4 54 28
6 4 18 93
8 4 66 92
6 4 21 93
4 4 46 94
2 4 37 94
5 4 38 96
8 4 47 97
6 4 38 96
2 4 17 6
3 4 61 8
4 4 26 3
6 4 17 57
1 5 47 57
3 4 16 5
8 5 23 3
4 4 78 3
2 4 74 1
6 4 23 3
7 4 64 1
3 4 53 4
7 4 34 2
1 5 42 1
2 4 16 35
4 4 39 33
3 4 24 36
6 4 62 39
2 4 74 39
3 4 46 33
3 4 16 41
6 4 53 41
1 4 69 41
6 4 60 40
2 4 28 41
4 5 62 40
5 4 26 43
4 4 29 43
8 4 25 40
7 4 45 37
8 5 46 39
3 4 57 39
7 4 16 55
1 4 26 58
6 4 19 53
1 4 29 55
2 4 15 80
7 4 66 83
5 4 13 96
8 4 58 96
7 4 53 98
7 4 48 98
8 4 46 97
3 4 12 26
7 4 46 24
2 4 56 22
3 4 45 21
5 4 54 21
7 4 55 20
3 4 41 26
7 4 10 15
1 4 59 15
8 5 69 15
7 4 55 15
6 4 54 14
8 4 71 14
1 4 62 13
3 4 33 14
5 4 63 12
5 4 10 74
1 5 68 77
4 4 67 76
2 4 65 75
3 5 65 75
5 4 45 75
8 4 58 77
3 4 46 74
7 4 26 76
1 5 51 74
4 4 8 33
3 5 11 34
7 4 28 32
7 4 30 30
5 4 27 32
4 4 69 33
3 4 67 29
4 4 6 51
5 6 29 51
4 5 29 55
2 4 68 50
2 4 62 58
6 4 28 54
6 5 59 55
8 6 58 55
5 4 64 53
7 4 31 53
1 4 43 51
3 4 70 49
3 4 27 50
4 4 66 50
3 4 26 54
6 4 52 54
6 4 31 51
6 4 66 50
8 4 42 53
1 4 52 53
2 4 31 51
5 6 32 52
7 4 67 48
2 4 35 51
1 4 6 68
2 5 11 68
7 4 65 69
4 4 63 68
4 4 72 69
8 4 66 65
4 4 13 70
5 4 62 69
1 4 43 66
6 4 21 67
3 5 66 69
2 5 53 70
8 4 53 68
3 4 11 68
3 5 59 69
8 4 61 68
1 4 6 74
1 5 20 73
4 4 60 72
6 4 6 83
6 5 27 83
6 4 54 84
3 4 44 83
3 4 39 85
8 4 54 81
4 4 50 82
5 5 73 83
7 4 35 84
4 4 70 82
1 4 23 83
2 6 69 82
1 4 28 81
2 4 5 1
3 4 16 1
8 4 5 80
6 4 26 79
8 4 65 81
3 4 64 79
7 4 59 76
7 4 4 23
3 4 34 20
8 4 80 24
1 4 68 20
1 4 63 18
4 4 60 20
3 4 12 19
4 5 48 19
7 5 65 16
1 4 8 21
5 4 59 20
7 4 39 21
3 4 52 18
7 4 31 21
7 4 67 23
1 4 65 22
3 4 44 22
8 4 45 23
4 4 68 24
1 5 71 26
3 4 58 24
7 4 23 22
2 4 13 21
6 4 41 22
1 4 40 23
4 4 14 22
5 4 4 30
4 4 49 31
6 5 49 29
5 5 49 30
6 5 66 28
7 4 12 29
7 5 30 27
6 4 48 31
3 4 61 30
3 4 27 31
8 4 45 31
6 4 35 30
6 4 4 78
1 4 44 79
3 4 3 2
8 4 1 83
3 4 33 84
3 4 59 86
7 3 86 11
3 3 85 12
4 3 81 12
2 3 81 11
5 3 80 89
8 3 81 89
5 3 78 17
7 3 78 89
2 3 77 12
7 4 78 9
5 3 77 47
1 3 77 90
4 3 74 5
3 3 74 18
8 4 75 19
7 3 73 7
8 3 77 8
2 3 73 7
6 3 73 86
3 3 72 6
4 3 72 10
1 3 71 4
4 3 70 15
4 3 70 60
6 3 69 59
8 3 68 1
5 3 68 9
3 3 68 46
8 3 68 72
5 3 69 72
2 3 67 65
4 4 66 65
7 3 67 70
7 3 66 8
8 3 68 9
6 3 66 7
4 3 66 6
5 3 67 5
4 3 67 6
2 3 66 11
8 3 66 28
1 3 66 41
7 3 77 42
2 3 66 73
5 3 65 48
4 3 73 48
5 3 76 46
1 3 65 49
2 3 65 47
1 3 65 71
3 3 65 80
1 3 64 89
8 3 68 89
5 3 64 100
6 3 63 37
3 3 65 35
2 3 65 34
7 3 63 39
4 3 64 38
8 3 62 27
2 3 65 24
5 3 62 40
3 3 61 93
7 3 67 93
2 3 63 94
5 3 63 93
6 3 61 95
6 3 60 9
1 3 62 7
5 3 60 72
7 3 61 73
1 3 60 95
7 3 60 96
4 3 59 3
6 3 59 14
4 3 60 14
3 3 66 15
8 3 59 34
7 4 62 34
2 3 60 35
2 3 59 51
2 3 63 49
1 3 66 47
5 3 66 45
8 3 66 47
8 3 74 47
8 3 63 49
6 3 59 70
1 3 58 10
1 3 76 11
7 3 69 10
8 3 67 11
2 3 58 13
6 3 58 49
6 3 62 50
3 3 58 48
4 3 57 10
5 3 68 11
7 3 57 40
8 3 60 39
6 3 64 37
8 3 57 43
5 3 75 43
8 3 74 43
6 3 56 21
1 3 56 44
4 3 72 43
5 3 56 86
7 3 70 84
2 3 55 27
5 3 55 58
2 3 55 68
8 3 55 74
4 4 54 72
3 3 54 92
1 3 53 1
8 3 53 20
3 3 56 18
5 3 53 22
8 3 53 59
3 3 54 60
7 3 70 60
3 3 69 59
8 3 68 58
1 3 54 59
4 3 53 62
3 3 53 64
7 3 53 66
2 3 53 87
6 3 53 95
2 3 52 55
1 3 51 4
5 3 62 4
3 3 63 5
1 3 58 2
7 3 59 2
4 4 60 1
1 3 51 69
3 4 54 69
6 3 54 72
1 3 51 99
7 3 53 98
8 3 50 45
7 3 75 45
4 3 50 55
6 3 61 53
6 3 56 53
5 3 55 57
6 3 50 87
1 3 70 87
1 3 68 89
2 3 70 89
6 3 49 60
6 3 49 80
5 3 48 29
4 4 48 30
3 4 55 30
6 5 54 29
5 4 53 28
1 4 52 27
2 3 48 66
2 3 55 65
7 3 48 77
2 3 49 77
5 3 47 20
2 3 57 21
1 3 47 28
2 3 47 29
1 3 47 62
3 3 56 60
7 3 48 63
1 3 61 65
6 3 47 67
5 3 46 68
2 3 45 37
1 5 44 37
4 3 57 35
5 3 45 76
8 3 49 74
5 3 45 85
3 3 65 84
2 3 45 90
3 4 66 89
4 4 67 89
7 3 53 89
2 3 65 88
8 3 64 87
2 3 65 86
3 3 59 91
3 3 64 88
7 4 64 87
2 3 62 91
7 3 44 20
2 3 44 79
4 3 50 79
1 3 50 78
7 3 56 78
5 3 56 78
6 3 43 22
6 4 54 23
4 3 67 25
3 4 71 24
6 3 70 25
5 3 72 24
4 3 48 22
4 3 52 22
8 3 43 38
2 3 52 37
7 3 49 39
7 3 43 39
1 3 54 40
6 3 52 39
7 3 57 41
2 4 60 42
1 3 49 39
5 4 49 40
7 3 63 42
3 3 43 66
2 3 43 73
8 3 43 81
4 3 44 79
1 3 41 37
4 3 41 56
8 4 42 56
5 3 63 58
4 3 52 57
2 3 56 58
4 3 41 67
3 3 40 32
2 3 40 56
7 3 40 61
2 3 40 64
2 3 40 97
3 3 61 97
3 3 46 96
5 3 47 98
8 3 39 16
5 3 58 15
3 3 60 13
2 4 61 13
4 3 71 12
6 3 61 14
4 3 60 11
5 3 63 12
1 3 60 16
7 3 57 16
7 3 41 15
6 4 57 14
5 4 46 15
5 3 70 17
6 3 55 18
1 3 46 18
5 3 59 19
1 3 66 17
5 3 39 27
1 3 39 26
2 4 41 24
3 3 39 40
5 4 40 40
5 3 39 43
1 3 66 43
1 3 68 43
6 3 39 84
8 3 38 48
7 5 37 48
5 3 59 48
6 3 62 47
7 3 38 62
8 4 52 61
1 3 61 62
4 4 62 61
3 3 38 78
2 3 38 84
6 3 54 84
8 3 60 83
1 3 60 85
1 3 55 85
1 3 52 84
5 3 55 85
2 4 55 86
7 3 54 86
4 4 54 85
3 3 59 84
4 3 57 85
5 3 53 85
3 3 46 83
1 3 45 83
3 4 49 83
5 4 49 83
5 3 57 86
8 3 49 84
1 3 52 81
7 3 43 85
3 3 57 86
4 3 58 87
4 3 38 98
7 4 37 98
1 4 37 98
1 3 43 96
5 3 38 97
2 3 39 97
2 3 45 97
1 3 38 97
4 3 37 13
8 3 52 13
7 4 53 13
1 3 50 13
5 3 52 13
5 3 49 13
3 5 50 14
3 3 53 15
2 3 52 10
7 3 51 13
3 3 43 13
4 3 37 16
2 3 38 14
6 3 48 16
4 3 49 15
2 4 49 16
1 5 49 17
3 3 67 18
8 3 66 17
7 3 46 15
3 3 63 17
7 3 37 25
4 4 69 24
7 3 41 26
8 3 40 24
8 3 50 23
1 3 45 23
3 3 44 23
4 3 43 23
1 3 37 41
3 3 46 40
2 3 37 60
3 3 37 71
8 5 36 68
6 6 39 67
1 3 42 71
7 3 38 70
8 3 39 69
2 3 37 71
2 3 44 71
6 3 53 69
1 3 40 72
5 3 53 74
3 3 37 88
1 3 41 88
8 3 42 88
7 3 42 88
7 3 37 89
3 3 46 89
2 3 50 91
6 3 50 89
2 3 67 91
1 3 36 29
7 3 36 30
8 3 53 29
8 3 36 46
3 3 37 44
6 3 61 42
2 3 60 43
2 3 36 56
1 3 42 55
3 3 47 57
6 3 43 57
1 3 36 69
1 3 39 68
4 3 42 68
3 4 42 70
5 3 41 68
3 3 41 67
3 3 56 65
7 3 55 65
1 3 36 79
5 3 48 80
2 3 48 80
5 3 44 78
5 3 41 80
7 3 41 80
1 3 49 80
4 3 48 77
6 3 48 78
8 3 48 80
6 3 35 1
7 5 35 1
6 3 41 3
1 3 68 4
2 3 68 4
1 3 61 4
5 3 35 1
2 3 35 1
4 3 44 1
8 3 35 79
4 3 35 88
4 3 45 90
7 3 35 93
3 3 44 93
4 3 56 93
7 3 44 93
3 3 54 92
4 3 43 93
5 3 48 92
7 3 50 92
8 3 42 91
6 3 35 99
1 3 40 97
1 3 34 12
4 4 33 12
4 3 50 11
2 3 36 12
7 3 47 12
8 3 48 10
5 3 39 10
4 4 73 10
4 4 39 11
5 3 54 9
1 3 67 8
6 3 51 10
8 3 51 8
2 3 44 9
7 3 49 7
8 3 61 7
6 3 60 5
8 3 60 9
6 3 53 6
2 3 51 6
7 3 55 6
2 3 47 8
6 3 46 10
6 3 50 11
8 3 52 13
6 3 38 13
6 3 47 14
8 3 52 16
6 3 52 17
5 3 50 15
2 3 56 17
1 3 56 17
4 3 57 18
2 3 50 15
1 3 50 17
2 4 52 18
7 3 53 18
6 3 55 18
2 3 50 19
3 3 46 12
6 3 36 11
3 3 36 10
1 3 36 10
2 3 58 8
7 3 34 25
5 3 40 23
2 3 34 26
3 3 34 60
4 3 41 58
7 3 34 72
1 3 34 70
4 3 34 71
7 3 40 72
2 3 34 92
1 4 47 94
7 3 52 95
1 3 47 90
8 3 47 91
3 3 51 90
6 3 51 90
2 3 47 92
8 3 33 14
8 3 33 30
2 3 53 29
4 3 53 29
5 3 39 31
8 3 38 31
6 3 47 32
8 3 47 33
3 3 57 34
7 3 47 33
1 3 45 33
4 3 54 32
5 3 54 34
8 3 33 46
5 3 53 48
2 3 37 45
5 3 60 44
3 3 54 46
5 3 36 45
5 3 51 43
3 3 36 46
2 3 53 48
7 3 53 48
4 3 52 46
7 3 54 46
1 3 40 44
4 5 40 45
3 3 58 44
5 3 58 43
7 5 58 43
7 3 32 31
8 3 53 32
1 3 52 32
5 3 40 29
7 3 32 50
3 5 40 48
3 3 61 52
3 3 58 52
6 3 40 51
2 3 45 50
3 4 50 51
5 4 44 51
7 3 39 52
4 3 42 50
4 3 38 53
8 3 48 53
2 3 54 54
1 3 52 52
8 4 53 54
2 3 35 48
2 3 32 57
4 3 32 61
8 4 32 63
3 4 46 64
5 4 45 64
6 3 32 63
3 3 32 94
1 3 32 97
4 5 38 97
3 4 38 96
4 4 48 93
3 3 43 96
6 4 42 97
7 3 40 95
5 4 41 95
3 3 31 52
2 3 38 51
8 3 30 23
4 3 30 22
5 4 30 24
7 3 48 22
8 3 52 20
5 3 51 20
8 3 45 21
3 3 39 22
5 3 30 35
2 3 29 4
8 3 49 5
8 3 61 4
3 3 52 6
6 3 29 34
2 3 57 32
8 3 47 34
3 4 47 34
6 3 54 34
6 3 30 32
7 4 37 33
8 3 39 35
4 3 40 36
8 3 30 32
4 3 29 86
2 4 40 85
7 3 47 84
3 3 39 86
6 3 30 86
2 3 46 85
4 3 29 91
4 3 52 89
2 3 48 92
4 3 28 27
4 4 33 28
8 3 33 26
1 3 56 26
8 3 55 26
4 3 28 61
2 3 59 60
2 3 52 62
5 3 30 62
2 3 40 62
1 3 46 60
1 3 51 60
4 3 37 62
8 3 34 62
8 3 43 61
7 3 52 59
2 3 27 8
2 3 27 27
6 3 48 27
5 3 41 26
5 3 34 26
3 3 51 25
6 3 43 24
2 3 47 25
7 3 43 24
2 3 39 25
5 4 43 25
3 3 42 24
4 3 46 25
2 3 26 14
6 3 26 51
8 3 44 51
3 3 27 50
5 3 48 48
8 3 51 47
1 3 58 46
6 3 48 49
6 3 57 48
4 4 57 47
2 3 55 45
6 3 56 45
1 3 27 51
1 3 45 52
6 3 26 61
6 4 27 59
5 4 38 60
8 4 25 61
6 3 43 60
6 3 40 60
2 3 48 59
8 3 50 59
4 3 49 58
4 3 36 61
7 3 28 60
5 3 26 80
7 3 29 79
6 3 44 78
3 3 40 78
1 4 45 78
4 4 44 75
1 3 52 74
5 3 42 78
2 3 41 76
6 3 32 78
4 3 34 76
5 3 36 75
8 3 43 75
5 3 53 74
7 3 44 74
7 3 26 86
8 3 49 88
5 3 42 87
6 3 45 85
6 3 54 85
4 3 38 84
8 3 41 85
1 3 42 87
4 3 43 89
1 4 45 88
3 3 44 89
5 3 44 88
1 3 32 84
4 3 42 86
1 3 25 50
3 4 29 48
6 3 40 47
5 3 34 49
3 3 44 47
7 3 34 50
2 3 26 49
8 3 37 47
7 3 37 48
2 3 43 47
4 3 43 46
2 3 45 46
6 3 35 47
1 3 43 46
5 3 26 52
3 3 45 52
5 4 47 53
1 3 47 53
4 3 45 52
7 3 38 52
7 3 43 53
8 3 25 65
4 3 25 75
5 4 27 75
8 4 26 75
3 4 39 74
8 3 38 77
7 3 31 76
2 3 27 77
6 3 40 75
6 3 35 76
1 3 24 40
5 4 33 40
8 3 41 37
2 3 45 39
6 3 35 37
7 3 51 35
6 3 27 40
2 3 47 42
4 3 51 44
2 3 49 44
3 3 48 43
8 5 50 43
3 3 50 41
3 3 39 41
3 3 24 42
1 3 44 41
4 3 23 40
4 3 23 58
2 4 23 60
8 3 42 61
3 3 41 62
4 3 23 76
4 3 39 75
3 3 45 72
8 3 23 82
8 3 38 84
1 3 42 82
7 3 42 83
1 3 37 83
6 3 37 84
2 3 37 83
7 3 25 80
3 3 23 83
4 3 44 81
4 3 34 82
3 3 34 81
2 3 40 80
1 3 34 82
7 3 22 5
7 3 56 4
4 3 22 62
1 3 42 64
5 3 31 64
5 3 29 64
4 3 29 64
5 3 23 61
3 3 44 60
2 3 34 61
6 3 45 59
4 3 35 61
8 3 35 62
2 3 28 60
2 3 27 62
3 3 30 60
7 3 31 61
5 3 30 61
6 3 30 61
6 3 22 71
1 4 45 70
8 4 21 68
5 4 43 66
6 3 43 69
4 3 44 67
7 3 44 67
3 3 29 66
3 3 22 88
8 3 47 90
4 3 24 86
8 3 29 84
8 4 31 85
6 3 34 87
3 3 21 2
5 3 42 2
5 3 28 3
3 3 46 3
8 3 42 1
7 3 39 2
6 3 21 10
6 3 21 19
5 4 31 17
8 3 39 19
3 3 38 16
5 4 50 17
1 3 35 18
3 3 47 17
5 3 35 19
5 3 39 19
4 3 49 18
6 3 31 20
8 3 31 21
4 4 38 19
1 4 39 21
5 3 28 20
6 3 27 19
5 3 44 17
2 4 44 18
6 3 34 17
5 4 36 16
2 3 29 18
2 3 43 17
1 3 28 18
4 3 30 18
1 3 21 38
3 3 21 59
3 3 32 59
7 3 32 59
7 3 30 58
8 3 29 60
2 3 21 63
7 3 22 62
2 3 31 59
1 4 31 57
1 3 41 57
3 3 26 62
3 3 21 62
5 3 31 63
5 3 23 62
7 3 21 88
5 4 22 88
1 3 20 3
1 3 39 2
8 3 38 2
6 3 40 1
4 3 39 3
6 3 20 63
8 4 19 63
8 3 38 63
4 3 37 64
4 3 20 66
3 3 25 66
6 3 45 65
3 3 20 78
4 3 23 78
3 4 26 77
2 3 32 79
6 3 28 77
2 3 20 94
5 3 19 11
3 4 23 11
2 4 43 10
7 3 42 9
3 4 43 9
8 4 41 7
6 4 45 5
4 3 52 8
1 3 45 9
4 3 47 7
3 3 48 8
2 3 47 8
1 3 41 9
5 3 40 8
3 3 54 7
5 3 38 10
2 3 35 10
5 3 43 11
6 3 35 10
6 3 43 10
3 3 38 9
8 3 37 10
8 3 21 11
6 3 19 36
4 4 50 36
3 3 37 35
8 4 47 33
5 3 42 36
7 3 40 33
6 3 42 34
3 3 41 34
7 3 37 36
8 3 19 68
3 3 18 24
7 4 43 24
4 4 39 25
6 3 42 26
4 3 31 25
1 3 38 27
1 3 32 24
7 3 24 23
7 3 18 26
5 3 30 28
2 3 31 30
8 3 37 29
3 3 30 27
2 3 20 25
5 3 40 24
7 3 39 27
7 3 32 27
6 3 21 25
5 4 20 24
1 3 37 25
6 4 38 25
1 3 32 24
1 3 20 23
1 3 19 27
2 3 30 27
5 3 18 26
6 3 18 32
8 3 30 32
5 3 38 32
1 3 25 31
2 4 27 31
4 4 25 31
8 3 25 33
8 3 36 32
4 3 41 34
7 3 41 34
5 3 38 33
3 3 43 35
7 4 42 36
2 3 40 35
8 3 29 35
2 3 32 34
7 3 32 35
1 3 36 36
8 3 32 36
2 3 33 35
1 4 32 35
7 3 35 34
4 3 32 37
1 3 32 37
8 3 18 58
4 3 18 70
8 3 42 69
7 3 35 69
6 3 18 76
7 3 35 75
2 3 35 77
5 3 32 76
1 3 23 76
8 3 25 75
4 4 25 76
3 3 26 75
1 3 18 88
5 3 30 88
7 3 29 88
8 3 28 89
2 3 22 86
1 3 23 87
5 4 22 86
2 3 20 89
6 3 21 88
2 3 39 90
3 3 17 12
7 4 34 10
8 4 16 8
8 3 35 7
5 3 51 6
8 3 51 7
3 3 34 11
6 3 34 12
4 4 33 12
6 3 36 13
8 3 36 13
1 3 39 14
2 3 39 15
4 3 39 16
7 3 40 17
7 3 36 15
1 3 17 16
8 3 34 16
3 3 33 14
5 3 33 15
6 3 20 14
7 3 17 40
7 3 17 46
3 3 38 46
4 3 35 47
3 3 41 48
6 3 28 44
1 3 29 45
1 3 35 44
8 3 40 44
7 3 35 43
2 3 27 44
2 4 35 43
2 3 20 47
5 5 22 47
2 3 23 46
3 3 26 46
5 3 27 44
6 3 30 43
3 3 30 42
7 3 30 43
3 3 32 42
7 3 32 42
7 3 38 40
8 3 25 46
8 4 31 46
4 3 25 47
8 3 33 48
3 3 17 69
8 3 43 70
6 3 17 72
2 5 42 71
5 3 41 72
7 3 50 73
4 3 33 72
1 3 17 81
3 3 24 81
8 3 35 82
8 3 24 79
7 3 27 80
2 3 31 79
8 3 17 90
6 3 42 90
7 3 30 90
3 3 21 89
5 3 22 90
7 3 22 90
5 3 38 91
7 3 39 91
7 3 41 91
5 3 17 91
1 3 33 92
5 3 25 90
8 3 20 90
7 3 34 92
4 3 33 91
1 3 33 91
4 3 16 17
7 3 27 18
7 3 32 17
8 3 27 17
1 3 33 18
4 3 16 54
6 3 42 53
6 3 34 51
1 3 41 52
5 3 16 58
5 3 37 56
1 3 40 57
8 3 16 74
5 4 20 74
6 4 21 74
2 3 26 72
4 3 27 73
1 3 21 71
4 3 24 69
3 4 24 70
8 3 35 72
1 3 35 74
6 3 31 71
4 3 27 67
4 3 21 69
7 3 20 74
8 3 19 74
3 6 18 73
8 3 15 31
1 4 19 29
5 3 24 30
3 3 24 31
1 3 30 30
2 3 31 30
3 3 30 30
2 3 31 30
7 3 23 31
8 3 28 29
5 3 28 29
3 3 19 32
7 3 15 34
2 3 18 34
3 3 15 34
5 3 16 33
8 3 15 81
6 3 28 83
5 3 15 81
5 3 15 84
5 3 26 83
5 3 27 84
7 3 27 85
6 3 17 85
6 3 29 84
2 3 14 9
2 3 14 28
4 3 14 30
8 3 22 28
7 3 22 28
6 3 25 28
4 3 25 29
1 3 14 28
2 3 15 27
7 3 21 26
5 3 20 28
6 3 20 30
1 3 16 27
4 3 33 24
4 3 23 25
7 3 14 51
7 4 20 51
5 4 31 52
6 3 20 51
1 3 15 50
7 3 15 51
8 3 26 49
1 3 14 94
1 3 24 93
7 3 24 93
8 3 13 5
2 3 50 4
2 3 48 4
2 3 39 4
6 3 26 4
4 3 31 6
6 3 31 5
3 3 33 6
6 3 20 5
4 3 44 4
4 3 19 6
7 3 43 4
6 3 36 7
7 3 29 6
4 3 13 11
5 4 20 11
8 3 23 8
4 3 23 9
5 3 12 24
8 4 12 25
8 3 24 22
6 3 22 25
5 3 14 23
8 3 26 23
8 3 14 25
6 3 17 23
3 3 12 87
6 3 12 98
6 3 16 97
1 3 17 98
6 3 39 99
1 3 28 98
2 3 19 99
6 4 18 100
7 3 20 99
3 3 24 98
2 3 21 98
4 4 24 98
7 3 14 99
1 3 19 98
4 3 41 99
4 3 26 99
2 3 11 42
1 3 28 41
8 3 26 41
2 3 16 43
6 3 33 44
5 3 11 90
4 4 18 89
2 3 19 87
7 3 10 42
5 3 41 41
4 3 30 40
1 3 10 66
8 3 34 64
1 3 25 67
5 3 10 77
2 4 18 77
2 3 20 78
1 4 26 78
6 3 18 77
5 3 14 78
2 3 13 77
7 3 23 75
8 3 23 75
2 3 22 75
8 3 22 79
6 3 21 76
6 3 17 79
1 3 16 79
5 4 17 79
4 3 17 77
1 3 10 76
1 3 10 83
7 4 9 83
4 3 22 83
3 4 22 81
2 3 10 93
4 3 15 93
5 4 21 94
5 3 35 95
6 3 28 91
3 3 28 91
7 3 15 95
4 3 17 96
8 4 25 93
7 3 11 93
6 3 32 91
3 3 11 93
8 5 11 94
4 4 21 93
3 3 19 94
5 3 19 95
8 3 18 92
3 3 18 92
8 3 16 92
8 3 9 43
4 4 23 42
1 3 10 42
3 3 9 80
7 3 9 91
7 3 9 96
1 4 10 98
6 3 11 95
4 3 8 6
7 4 6 5
6 3 32 3
1 3 27 5
4 3 29 5
5 3 29 7
5 3 31 7
3 3 29 6
5 3 18 4
6 3 44 2
4 3 21 3
6 3 41 2
7 3 28 4
4 3 8 17
8 4 14 16
6 5 14 19
1 3 28 20
7 3 8 25
6 3 8 36
8 4 8 34
1 3 16 36
5 3 25 36
4 3 19 36
8 3 8 57
7 4 8 57
5 3 21 58
3 3 8 55
1 3 13 55
1 3 36 55
7 3 12 53
2 3 12 53
1 3 18 53
1 3 9 54
3 3 23 56
3 3 33 56
7 3 23 55
5 3 32 54
5 3 23 56
7 3 16 56
8 3 27 55
6 3 28 57
8 3 10 54
4 3 33 53
2 3 19 53
3 3 9 55
5 3 23 57
2 3 28 58
7 3 30 59
3 3 29 60
7 3 8 99
3 3 35 99
3 3 20 99
4 3 11 98
3 3 7 6
1 3 18 4
2 3 20 3
3 3 7 32
5 3 7 54
8 3 6 8
3 3 18 6
7 3 6 7
3 3 21 8
3 3 6 57
1 3 6 63
8 3 14 62
6 3 12 63
7 3 7 63
3 3 9 63
7 4 17 63
3 3 17 61
2 3 16 63
2 3 13 62
4 3 14 62
2 3 6 66
3 3 38 65
7 3 28 65
6 3 34 66
8 3 34 66
2 3 21 66
6 3 21 65
6 3 9 66
4 3 17 65
8 3 6 71
8 4 28 69
6 3 30 67
4 3 29 70
3 3 6 83
7 3 9 80
1 3 28 82
5 3 18 78
3 3 21 80
5 3 6 82
6 3 24 81
6 3 5 17
5 4 5 18
7 3 5 37
2 3 30 38
4 3 23 36
3 3 33 38
3 3 19 37
8 3 14 36
7 3 16 37
1 4 21 36
7 3 21 38
1 3 19 38
2 3 16 36
5 3 16 35
6 3 5 65
8 3 5 76
7 4 7 75
1 4 16 73
5 3 17 74
8 3 18 72
1 3 25 73
5 3 26 71
5 3 4 42
3 3 26 42
7 3 29 39
1 3 24 42
6 3 35 39
6 3 29 39
1 3 4 48
4 3 26 48
4 3 30 47
7 3 13 47
5 4 21 47
1 5 25 46
1 3 17 46
6 3 19 47
2 3 21 46
5 3 23 45
6 3 21 47
3 4 20 45
7 4 20 46
3 3 27 44
6 3 21 43
7 3 26 45
2 3 24 41
2 3 29 40
5 3 29 40
4 3 29 39
5 3 29 39
5 3 24 43
8 3 23 43
2 3 25 44
5 3 21 42
4 4 23 41
5 3 24 44
1 3 21 48
6 3 24 48
7 3 24 48
6 3 17 47
3 3 14 46
6 3 23 45
6 3 12 48
2 3 21 49
8 3 11 49
1 3 4 71
3 3 4 78
7 4 13 75
4 3 4 80
2 3 16 79
1 3 7 79
6 3 3 13
3 3 3 15
8 5 3 15
2 4 3 16
5 3 10 16
8 3 3 21
8 4 17 20
6 3 15 20
5 3 8 20
3 3 16 22
4 3 23 21
3 3 9 22
1 3 9 22
3 3 17 19
3 3 30 20
2 3 20 20
3 3 20 18
1 3 13 21
2 3 5 19
6 4 5 21
5 3 20 23
2 3 9 22
1 3 23 23
8 3 9 23
4 3 14 23
2 3 16 22
7 3 16 22
6 3 3 56
8 3 9 56
4 3 8 56
5 3 2 11
1 3 24 11
8 3 2 78
6 3 6 76
4 3 16 75
1 3 2 99
5 4 1 96
8 2 61 1
5 2 56 1
4 2 53 100
8 2 48 100
2 3 47 100
5 2 42 2
4 2 41 3
6 2 40 95
3 2 39 1
2 2 39 1
4 2 38 73
8 2 37 13
6 2 35 1
7 2 40 1
3 2 39 1
4 2 35 2
8 2 38 3
1 2 37 1
4 2 37 1
2 2 37 2
8 2 36 3
2 2 35 50
8 2 35 85
8 2 34 1
1 2 34 2
2 2 34 58
4 3 34 58
3 2 33 4
5 2 34 3
5 2 33 7
6 2 33 42
5 2 33 58
6 2 33 70
1 2 33 69
8 2 32 7
1 2 32 8
7 2 32 29
3 2 32 54
2 3 32 55
8 2 31 29
5 2 31 52
1 2 31 67
2 2 32 68
3 2 31 75
2 2 31 86
2 2 30 7
4 2 30 38
8 2 30 38
4 2 30 50
2 2 30 67
7 2 30 68
8 2 30 96
3 2 32 95
7 2 29 9
5 2 29 13
6 2 29 14
5 2 29 67
2 2 29 95
6 2 29 96
1 2 30 95
4 2 29 100
5 2 28 9
2 2 28 15
2 2 28 38
4 2 28 71
7 3 28 72
1 2 29 70
5 2 29 70
4 2 30 69
3 2 28 87
7 3 27 85
8 2 28 96
6 2 27 12
7 3 27 13
4 3 27 13
1 4 26 13
5 2 27 38
7 2 27 65
4 2 28 66
8 2 27 64
2 3 27 65
2 2 27 83
5 2 27 86
2 2 26 2
8 2 29 3
3 2 30 2
4 2 30 1
8 2 30 1
5 2 30 2
3 2 29 1
1 2 29 4
5 2 28 4
7 3 28 4
2 3 28 4
1 2 28 5
8 2 28 5
1 2 27 4
3 2 26 5
3 2 26 13
7 2 26 19
3 2 26 18
1 2 26 39
8 2 28 39
6 2 26 53
4 2 26 59
5 2 26 58
7 2 28 59
7 2 26 60
1 2 26 64
4 2 26 84
5 2 27 85
3 2 27 85
1 2 26 95
8 2 25 9
8 2 25 16
6 3 24 15
6 2 25 20
5 2 25 25
3 3 24 25
6 2 25 38
4 2 25 54
7 2 27 55
2 2 27 55
1 2 28 55
6 2 27 55
7 2 27 55
4 2 27 56
3 2 25 58
4 3 24 58
6 3 24 59
6 2 25 84
7 2 25 93
5 2 25 96
1 2 27 96
5 2 27 96
2 2 24 2
6 2 24 18
8 2 24 20
2 3 24 20
1 3 22 19
3 2 24 50
7 2 25 51
1 2 24 60
4 2 24 81
3 2 24 83
2 2 24 84
5 2 24 85
4 3 24 86
3 2 24 89
3 2 29 90
1 2 24 90
2 2 26 89
5 2 23 1
4 2 23 5
2 2 23 11
8 2 25 12
7 3 25 12
8 2 23 12
2 2 23 13
5 2 23 14
4 4 22 13
4 2 23 17
1 2 23 30
4 2 23 29
7 2 23 29
7 2 23 38
1 2 23 50
5 2 24 51
6 2 23 86
2 2 23 87
5 2 23 90
2 2 22 6
4 2 22 7
4 2 28 7
1 2 28 8
2 2 22 10
6 2 22 11
5 2 22 17
3 2 22 19
6 2 22 18
2 2 22 26
1 2 22 32
2 2 22 32
4 2 28 32
5 2 27 32
2 2 27 32
1 2 27 33
7 2 22 31
5 2 22 30
3 2 22 33
4 2 24 32
3 2 26 33
3 2 22 38
5 2 26 38
8 2 24 38
3 2 24 39
6 2 25 40
2 2 22 44
8 2 22 45
8 2 22 60
5 2 22 72
3 3 24 71
7 3 21 72
6 2 24 73
2 2 23 71
4 2 22 82
1 2 22 85
1 2 22 87
8 2 22 99
3 3 22 100
4 2 21 1
4 2 27 1
6 2 21 23
7 2 21 24
1 2 21 29
6 2 21 31
4 2 21 34
6 2 23 33
8 3 23 34
5 2 21 33
2 2 21 37
7 2 21 41
8 2 21 40
3 2 21 73
1 2 22 72
2 2 21 83
1 2 21 82
6 2 26 81
6 2 24 81
6 2 22 81
2 2 21 87
2 2 21 99
5 2 20 3
7 3 20 3
5 2 21 3
3 3 21 4
2 3 20 4
3 2 22 2
8 2 20 7
7 2 20 7
2 2 22 6
5 2 22 7
8 2 22 8
2 2 20 7
6 2 20 12
7 2 20 13
8 3 20 13
1 4 19 14
2 2 20 33
2 2 21 32
1 2 20 44
8 2 20 52
2 2 27 52
6 2 27 52
3 2 26 52
1 2 20 53
8 2 20 57
5 2 25 58
8 2 25 59
1 2 22 58
7 2 22 58
3 3 22 59
2 2 20 64
7 2 24 63
6 2 24 64
2 2 24 65
5 2 20 65
7 3 19 64
8 3 18 65
3 3 17 65
1 2 21 64
4 2 21 65
8 2 20 69
7 2 25 70
7 2 26 69
3 2 27 68
3 2 25 71
4 3 24 71
6 2 20 68
3 2 20 71
5 2 20 70
8 2 20 72
1 2 20 89
8 2 20 89
7 2 20 96
4 2 21 95
6 2 23 94
7 2 23 95
4 2 22 95
1 2 19 5
2 2 19 9
1 3 18 9
3 3 20 8
1 2 19 23
2 3 18 22
3 3 19 24
8 3 18 23
8 2 19 38
5 3 18 37
4 3 17 37
6 3 20 38
4 2 22 40
7 3 22 40
2 2 19 43
3 2 20 43
7 3 20 43
5 2 19 48
8 2 20 49
1 2 20 49
7 2 20 50
5 2 19 52
1 2 19 64
8 2 19 65
2 2 19 72
8 2 21 73
6 2 23 74
2 2 21 73
5 2 20 73
7 2 19 80
4 2 19 84
3 2 21 85
6 2 19 85
7 3 19 84
6 2 19 84
4 2 19 86
4 2 20 87
4 2 19 89
8 2 19 99
5 3 19 100
7 2 18 5
4 2 18 7
8 3 18 8
7 2 18 10
6 3 17 10
4 2 20 10
7 2 18 13
2 3 17 12
3 3 17 11
8 2 18 18
5 2 19 17
4 2 19 17
7 2 19 19
6 2 18 34
1 2 18 34
7 2 18 36
5 2 18 42
8 2 18 49
4 2 21 50
8 2 21 51
6 2 18 49
1 2 18 59
6 2 20 58
7 2 18 60
8 2 18 61
6 2 18 64
4 2 18 66
6 2 18 66
3 2 18 72
3 2 21 73
3 2 19 73
6 2 18 73
1 2 18 85
8 3 18 84
3 2 18 87
8 2 18 91
1 3 18 91
8 3 23 91
5 3 23 91
8 2 22 92
4 2 20 91
6 2 20 91
4 2 21 90
5 2 20 92
3 2 19 90
2 2 18 90
1 2 18 93
6 2 20 94
1 2 17 20
8 3 17 21
1 2 17 24
3 2 17 29
7 2 19 30
5 2 17 31
3 2 18 30
8 3 18 29
1 2 17 30
2 2 17 32
6 2 17 37
5 2 17 49
8 2 17 52
6 3 19 51
8 2 25 53
7 2 29 54
3 2 29 55
6 2 27 54
4 2 18 52
8 2 20 53
2 2 19 53
3 2 21 54
5 2 24 55
7 2 23 55
4 2 22 55
8 2 21 55
4 2 20 54
1 2 21 55
5 2 17 63
7 2 17 66
1 2 17 67
7 2 17 69
5 2 17 73
3 2 17 73
7 2 17 76
1 2 17 82
8 3 16 82
5 3 17 82
7 3 16 80
8 3 16 81
5 2 17 82
7 2 17 90
3 2 16 17
1 2 16 18
7 3 15 18
5 2 16 19
6 2 16 19
1 2 16 36
6 2 16 52
7 2 19 53
1 2 19 53
3 2 16 55
8 2 18 54
2 2 18 55
3 2 16 63
5 3 15 63
2 2 16 73
4 2 16 73
6 2 16 81
8 2 15 17
3 2 15 27
4 2 15 28
1 2 16 28
5 2 16 29
4 2 15 49
3 2 15 53
3 2 16 52
8 2 15 54
7 2 15 55
5 2 15 54
2 2 15 57
1 2 15 66
5 2 15 67
8 2 15 76
1 2 15 80
4 2 14 1
6 2 20 1
7 2 20 2
4 2 20 2
8 2 20 3
2 2 14 18
8 2 14 22
6 3 14 23
4 2 15 21
4 2 14 24
5 2 16 25
6 2 20 26
2 2 17 26
8 2 16 26
3 3 16 27
1 2 14 23
2 2 14 28
8 2 14 31
4 2 17 32
7 2 14 44
8 2 14 43
4 2 17 42
1 3 17 42
6 2 17 41
4 2 14 46
6 2 14 50
3 2 18 50
5 2 18 51
3 2 14 51
2 2 16 50
4 2 14 54
6 2 14 64
2 2 14 66
7 2 14 67
4 3 14 67
3 2 16 67
2 2 16 67
6 2 14 70
7 2 14 72
3 2 14 72
2 2 14 76
3 2 14 95
1 2 18 95
1 2 21 96
6 2 15 95
2 2 18 94
7 3 18 95
3 2 19 93
4 2 19 93
6 2 18 92
4 2 16 94
5 3 16 94
8 3 15 94
1 2 15 96
3 2 14 96
2 3 14 96
8 2 13 2
3 2 13 19
1 2 14 20
3 2 14 21
4 2 13 19
7 2 13 20
6 2 13 21
4 2 13 20
2 2 13 20
8 2 13 29
4 2 14 28
6 3 14 29
4 3 13 29
7 2 13 28
7 2 13 31
4 2 13 33
1 3 13 34
1 2 15 32
2 2 13 39
8 2 13 45
1 2 13 49
5 2 13 52
1 2 13 52
5 2 13 64
8 2 13 78
3 2 13 79
1 2 13 85
7 2 16 84
7 2 13 84
8 2 13 83
7 2 16 82
2 2 13 87
5 2 14 86
3 2 13 89
7 2 13 97
4 2 13 100
8 2 13 99
7 2 13 99
8 2 12 14
1 2 23 15
1 2 21 15
5 2 12 13
4 2 12 16
6 2 12 17
5 2 12 23
2 2 12 28
2 2 12 31
5 3 11 30
1 3 11 29
3 4 11 30
7 2 12 41
8 2 12 43
4 2 12 43
6 3 11 43
7 2 12 44
5 2 12 47
2 2 12 71
5 3 12 71
4 2 17 70
6 2 23 69
7 2 17 69
3 2 12 83
1 2 14 82
4 2 13 84
2 2 13 85
4 2 12 86
8 2 12 88
3 2 15 89
7 2 17 88
6 2 17 89
5 2 12 96
8 2 12 97
7 2 12 97
2 2 15 97
6 2 15 97
6 2 12 97
3 2 12 98
2 2 12 99
7 2 12 98
4 2 11 4
6 2 17 5
8 3 17 5
6 2 11 3
3 2 15 4
2 2 11 2
8 2 19 1
5 2 11 1
5 2 11 4
8 2 11 12
3 2 11 17
1 3 11 18
3 2 11 23
6 2 13 24
7 2 12 24
2 2 11 24
1 2 11 26
6 2 14 26
5 2 14 27
2 2 13 26
7 2 14 25
8 3 14 26
6 2 11 27
3 3 11 28
1 2 11 36
7 2 11 37
1 2 12 36
3 2 11 51
4 2 12 50
8 2 11 54
8 2 12 55
4 2 14 56
6 2 14 57
2 2 18 58
3 2 18 58
6 2 12 54
1 2 12 55
7 2 11 62
1 2 11 69
2 2 11 70
5 2 11 76
6 2 11 80
7 2 11 83
6 2 11 84
7 2 11 91
5 2 11 94
4 2 13 93
6 2 10 2
5 2 10 6
6 2 15 7
6 2 10 8
8 2 14 9
6 2 10 13
8 2 10 39
6 3 13 38
4 2 14 39
8 2 14 38
6 3 14 39
8 2 18 41
8 2 14 41
2 2 16 40
5 2 16 40
4 2 13 38
3 2 11 38
3 2 12 39
2 2 11 39
2 2 12 40
3 2 10 40
3 2 13 41
5 2 13 42
5 2 10 67
3 2 17 68
6 2 14 68
1 2 15 67
8 2 14 69
2 2 13 68
5 3 13 67
5 2 10 70
3 2 10 75
4 2 11 74
8 2 10 77
5 2 10 82
4 2 13 81
1 2 10 90
4 3 10 91
2 2 16 92
4 2 11 90
6 2 14 91
8 2 13 91
1 2 11 89
2 3 11 90
1 3 9 89
6 2 15 88
7 2 10 89
5 2 12 88
2 2 9 3
6 2 9 6
2 2 9 26
7 2 10 25
7 2 9 35
4 2 9 40
7 2 9 42
7 2 9 57
2 3 9 57
1 3 9 59
2 3 8 58
3 3 11 59
7 2 12 59
1 2 13 58
6 2 12 59
8 2 10 57
7 2 12 56
5 2 12 56
5 2 10 58
5 2 9 63
1 2 12 64
7 2 12 65
6 2 12 66
4 2 9 62
2 2 9 63
2 2 9 78
3 3 9 78
8 2 9 91
2 2 12 91
3 2 11 91
7 2 9 93
8 2 11 94
1 2 11 93
7 2 11 93
4 2 10 92
8 2 9 100
2 2 15 99
6 2 15 99
3 2 13 99
8 3 13 99
3 2 8 10
4 3 7 8
2 3 13 9
1 3 8 9
3 3 8 11
7 3 8 11
4 2 12 8
7 2 12 7
6 3 12 8
2 3 12 7
1 3 11 9
5 2 11 10
4 2 11 11
7 2 10 8
3 2 8 17
5 2 11 18
2 2 10 16
8 2 15 15
6 3 15 16
8 2 16 15
2 2 8 17
7 2 8 22
7 2 11 21
3 2 11 20
5 2 8 29
6 3 8 28
8 2 8 29
4 3 7 29
2 3 6 27
2 2 8 41
6 2 8 40
1 2 8 42
2 3 7 42
8 2 8 48
2 2 11 47
6 3 11 46
5 2 8 52
2 2 8 52
4 2 8 58
8 2 8 62
7 2 11 63
3 2 11 63
6 2 8 63
5 2 10 63
1 2 8 64
6 2 8 69
2 2 8 88
2 2 11 88
1 3 11 87
6 2 8 92
1 2 8 91
6 2 8 97
3 2 12 96
2 2 11 96
2 2 8 97
5 2 10 98
5 2 8 98
3 2 8 99
6 2 7 1
8 2 11 2
2 3 11 1
4 2 7 5
7 2 9 6
3 3 9 7
1 2 8 6
1 2 7 27
2 2 7 30
8 2 7 32
2 2 11 32
7 2 12 33
8 2 13 34
6 2 13 35
8 2 9 32
6 2 8 32
5 2 11 33
6 2 11 33
1 2 8 33
4 2 7 32
1 2 11 33
5 2 11 33
2 2 7 33
3 2 7 32
3 2 7 42
6 2 7 50
4 2 13 50
8 2 7 61
4 2 7 65
8 2 7 69
8 2 10 68
6 2 7 71
5 2 9 71
1 2 11 72
7 2 11 72
4 2 8 71
3 3 8 72
6 2 8 71
5 2 7 73
1 2 7 75
4 2 8 76
2 2 7 75
6 2 7 79
7 2 10 80
4 2 10 80
8 2 7 79
5 3 6 79
7 3 5 79
6 2 7 88
4 2 8 87
1 2 7 96
1 2 9 95
3 2 6 5
2 3 5 5
6 2 7 4
2 2 7 5
7 2 7 6
5 2 7 6
4 2 6 4
5 3 6 3
1 2 8 3
4 2 6 3
7 2 7 2
6 2 6 10
3 3 9 9
7 3 7 9
5 2 7 8
3 2 6 14
1 2 6 18
8 2 6 24
4 2 9 25
5 2 6 23
6 2 6 22
5 2 6 27
5 2 6 34
1 2 6 36
5 2 9 37
3 2 10 36
7 2 10 36
3 2 8 35
5 2 7 35
8 2 6 37
3 2 6 44
6 3 6 43
4 3 6 45
8 2 9 45
1 2 9 46
3 2 8 44
3 2 6 45
2 2 6 45
7 2 7 45
3 2 7 46
5 3 7 45
4 3 7 44
1 2 6 46
6 3 6 47
2 2 6 48
1 2 6 50
2 2 6 66
7 2 6 67
8 2 6 76
4 2 9 77
2 2 6 86
5 2 9 85
7 2 9 85
4 2 6 90
3 2 6 94
6 2 6 93
7 2 6 95
3 2 6 96
8 2 5 5
1 2 5 7
6 3 5 7
3 2 5 9
2 2 6 10
4 2 6 11
7 2 5 11
1 3 5 11
5 2 8 12
8 2 8 13
8 2 6 9
8 2 5 19
2 3 5 20
6 3 5 18
8 2 7 18
8 2 5 19
5 2 7 20
1 2 6 20
4 2 5 22
3 2 5 21
4 2 5 21
5 2 5 31
8 2 5 36
1 2 5 43
4 2 5 43
5 2 5 45
7 2 5 50
3 2 5 54
3 3 8 53
2 3 4 54
1 3 4 53
4 2 7 54
5 2 5 54
8 2 5 53
1 2 5 55
5 2 7 56
1 2 6 56
2 2 8 57
8 2 8 58
6 2 6 56
3 2 5 67
3 2 5 69
2 3 4 69
4 3 4 67
7 2 5 73
6 2 5 74
7 2 5 75
3 2 7 74
6 2 7 73
1 2 5 77
1 2 6 77
4 2 6 78
2 2 5 81
3 3 4 79
6 2 6 81
8 2 5 82
5 2 11 82
5 2 5 88
5 2 6 87
8 2 5 87
2 2 11 86
4 2 8 86
6 2 8 87
3 2 4 4
7 2 4 6
4 2 4 5
8 2 4 12
1 2 4 12
6 2 10 13
6 2 4 13
2 2 8 14
3 2 7 14
2 2 15 15
7 2 14 15
4 2 14 16
8 2 7 15
7 2 4 17
8 2 4 17
8 2 4 22
2 4 3 20
6 2 4 28
4 2 4 27
2 2 4 52
3 2 4 58
3 2 4 60
4 3 4 59
3 2 6 59
5 2 11 60
5 2 5 59
2 2 4 58
2 2 4 63
4 2 4 62
4 2 5 63
5 2 4 65
3 2 4 72
5 2 4 77
6 2 4 87
3 3 3 87
2 3 3 86
1 3 3 85
8 2 5 85
7 2 4 97
3 3 4 98
4 3 4 99
5 2 8 99
4 2 8 100
6 2 4 97
5 2 5 96
8 2 5 97
8 2 3 2
1 3 3 3
6 3 3 1
5 2 6 1
3 2 7 2
6 2 7 3
5 2 3 12
2 2 3 17
5 2 3 18
2 2 3 34
4 3 3 34
5 2 3 33
7 2 3 33
3 2 8 32
1 2 3 42
4 2 8 41
8 2 8 41
7 2 3 43
4 2 3 46
3 2 4 45
1 2 6 44
4 2 6 45
2 2 4 44
6 2 4 44
8 2 3 48
3 2 3 47
6 2 3 60
6 2 3 62
6 2 4 61
1 2 5 60
5 2 3 62
4 3 2 62
4 2 3 63
8 2 4 64
3 2 3 64
2 2 5 64
7 2 3 66
1 4 3 65
6 2 3 68
4 2 3 69
7 2 3 74
5 2 3 73
7 2 3 81
4 2 9 82
3 3 9 82
2 2 5 80
5 2 3 88
8 2 4 88
6 2 3 88
4 2 3 87
2 2 3 96
4 2 3 97
5 2 2 6
4 2 2 7
1 2 2 8
7 3 1 7
4 2 2 7
2 2 2 7
1 2 5 6
7 3 5 7
6 2 4 6
4 2 2 12
5 3 2 13
3 2 2 15
5 2 2 23
5 2 9 24
3 2 8 24
4 2 5 24
3 2 2 26
6 3 1 25
7 2 4 24
2 2 2 27
8 2 3 28
1 2 2 29
7 2 2 36
5 2 2 53
8 2 2 68
4 2 2 74
3 2 3 75
6 3 3 74
7 2 4 73
1 2 4 73
7 2 11 72
5 3 11 73
7 2 2 83
3 2 2 82
5 2 2 82
6 2 3 81
7 2 3 82
1 2 2 83
7 2 2 91
7 2 1 18
5 2 3 19
1 2 2 17
4 2 1 22
1 2 3 23
6 3 3 24
5 2 1 40
3 2 4 39
4 2 4 40
4 2 1 45
5 2 3 44
4 2 1 48
6 2 8 49
8 2 4 49
5 2 2 47
6 2 1 57
5 2 1 68
3 2 3 67
6 2 1 69
4 2 2 68
2 2 3 67
7 3 3 68
5 2 2 68
1 3 2 67
8 2 2 69
6 2 1 72
1 2 1 74
2 2 1 81
7 2 1 84
1 2 1 86
