15057
3145
4 9 56 71
3 9 42 6
8 8 53 84
6 8 21 18
6 7 56 34
1 7 54 9
3 7 53 65
2 7 32 82
2 6 94 54
4 6 91 11
3 6 91 23
7 6 91 75
1 6 69 99
4 6 65 78
7 6 56 91
2 6 53 53
7 6 53 60
4 6 53 95
8 6 95 97
8 6 52 89
8 6 45 44
8 6 94 46
2 6 27 13
3 6 33 13
7 6 46 13
7 6 26 64
3 6 19 56
2 6 18 19
6 6 11 38
8 6 76 39
2 6 9 86
5 5 93 3
6 5 91 54
2 5 89 85
8 5 88 28
3 5 89 27
1 5 88 46
3 5 86 21
2 5 78 11
3 5 74 78
3 5 73 62
5 5 69 31
3 5 68 2
5 6 95 3
6 5 66 28
6 5 64 19
4 5 64 67
7 6 93 67
5 5 72 66
6 5 62 79
3 5 57 73
2 5 85 70
5 5 56 11
7 5 54 39
5 5 54 74
5 5 53 71
6 6 83 70
3 5 47 11
6 6 74 10
4 5 42 8
2 5 33 37
7 5 33 75
3 5 50 77
1 5 46 72
3 5 31 76
8 5 75 77
4 5 29 3
8 5 29 42
7 5 59 38
8 5 83 37
6 5 52 40
1 5 48 43
7 5 29 56
2 5 97 58
6 5 27 58
5 5 27 64
7 6 63 63
4 5 24 17
5 6 23 20
4 5 24 32
4 5 85 32
1 5 24 37
2 5 22 65
2 5 20 3
4 5 20 84
3 5 77 83
6 5 65 83
1 5 15 69
7 5 11 68
1 5 68 67
6 5 63 69
1 5 8 22
2 5 5 42
6 7 40 43
8 5 52 47
5 6 79 47
5 5 91 47
2 5 76 47
5 5 4 45
7 6 4 43
2 6 12 43
3 4 92 21
4 4 90 23
1 6 90 23
4 4 90 29
8 4 90 30
2 4 96 32
7 4 90 56
4 4 90 83
8 4 90 87
5 4 89 8
8 4 83 55
2 4 87 53
5 4 83 54
1 4 83 65
4 4 88 65
7 4 88 63
6 4 82 21
6 4 82 36
2 4 82 39
8 5 82 36
5 5 81 39
4 4 82 67
1 4 81 22
5 4 80 23
8 4 79 66
8 4 78 3
4 4 91 4
4 4 76 60
8 4 75 22
1 4 75 61
1 4 74 52
8 4 75 51
2 4 88 50
5 4 73 23
5 4 73 34
8 4 72 8
2 4 72 85
7 4 71 8
1 5 71 8
8 5 80 10
6 4 70 73
4 4 67 85
2 4 66 1
8 4 66 51
8 4 79 52
6 4 79 54
6 4 74 52
4 4 77 53
7 4 64 10
4 4 64 11
1 4 64 16
3 4 62 34
2 4 61 10
3 4 61 29
5 6 72 28
6 4 87 26
2 4 87 26
2 4 87 31
7 4 61 38
8 4 77 37
8 4 85 36
1 4 80 39
3 4 76 37
5 4 79 36
5 4 61 41
3 4 61 46
8 4 61 80
7 4 91 78
2 4 63 79
7 4 60 74
5 4 86 73
2 4 86 75
3 4 77 74
7 4 59 45
7 4 82 43
4 5 82 43
5 4 74 42
4 4 59 59
3 4 74 57
1 4 86 60
3 4 63 59
6 4 86 61
7 4 71 60
2 4 59 75
3 4 58 15
6 4 68 15
3 4 87 16
1 4 86 18
2 4 68 13
1 4 71 13
7 4 70 9
5 4 71 13
8 5 78 12
5 4 58 93
2 5 86 93
6 4 57 2
4 5 80 3
2 4 84 2
3 4 78 4
3 4 89 5
1 4 80 4
4 4 72 1
4 4 63 1
6 4 57 15
6 4 57 56
6 4 57 89
7 4 88 88
1 4 56 46
7 4 80 49
6 4 80 48
2 4 77 42
3 4 77 41
4 4 68 46
4 4 63 43
7 5 62 44
3 4 54 51
3 4 69 50
5 4 54 72
7 4 73 72
5 4 63 71
4 4 53 42
1 4 52 84
7 4 59 86
1 4 79 85
5 4 60 86
5 4 74 86
5 4 87 88
4 5 88 89
7 4 70 85
6 4 51 98
6 5 69 98
4 5 70 97
1 4 62 97
7 4 91 96
3 4 49 45
2 4 49 74
5 4 71 75
1 4 49 96
4 4 91 96
1 4 76 97
6 4 62 97
6 4 48 48
3 5 68 48
6 4 74 46
1 4 61 45
8 4 74 46
5 4 48 86
5 4 48 94
7 4 46 4
8 4 46 12
6 4 75 12
1 4 46 60
1 4 49 60
3 4 51 62
3 4 45 98
2 4 44 10
7 4 42 74
8 4 56 73
2 4 41 63
4 4 40 42
2 5 75 40
2 4 61 42
2 4 40 48
4 4 75 49
5 4 45 49
4 4 40 51
3 4 54 52
6 4 68 52
2 4 38 34
3 4 38 75
8 4 37 41
6 4 77 40
4 4 80 40
4 4 37 46
5 4 51 47
8 4 56 45
5 4 35 16
3 5 34 17
7 5 77 17
4 4 44 16
7 4 60 16
4 4 60 14
8 4 33 34
6 4 41 34
2 4 60 35
5 4 53 35
5 4 56 34
6 4 33 50
8 4 33 74
6 4 41 71
2 5 62 70
5 5 58 71
7 5 66 68
6 5 66 69
7 4 71 71
7 4 33 90
6 4 32 98
7 4 59 98
2 5 61 97
8 4 67 98
5 4 31 10
5 5 64 9
1 4 30 8
7 5 30 7
7 4 48 10
1 4 75 10
1 4 30 89
2 4 29 91
5 4 83 92
8 4 27 61
4 5 26 61
1 5 71 59
7 4 66 62
5 4 56 58
5 4 77 57
8 4 64 56
8 4 31 58
2 6 49 57
6 6 49 59
1 4 85 55
7 4 50 61
4 4 41 57
6 4 68 62
4 4 45 58
8 4 47 61
2 4 78 62
4 4 69 60
7 4 71 61
5 4 46 62
3 4 66 59
2 4 60 59
4 4 24 37
7 5 24 37
1 6 28 33
7 5 28 35
2 5 73 32
7 4 75 31
4 4 72 38
3 4 63 36
6 4 30 33
8 5 71 32
4 5 31 35
2 4 62 35
2 4 46 35
6 4 54 32
4 4 54 34
3 4 69 30
3 4 46 38
2 4 70 38
8 4 40 31
2 4 39 31
2 5 59 32
5 5 58 29
5 4 89 26
4 4 90 25
1 4 85 28
8 4 78 28
5 4 80 27
6 4 72 30
4 4 67 29
7 4 62 29
3 4 47 30
8 5 59 30
5 4 68 30
2 4 67 28
2 5 77 26
4 4 47 32
2 4 53 35
7 4 39 31
3 7 38 31
3 4 69 33
4 4 36 33
8 4 30 37
4 4 23 28
7 4 73 28
4 4 23 55
1 4 52 53
8 5 71 51
2 4 53 56
5 4 22 59
7 4 22 67
6 4 73 65
1 4 71 68
8 4 48 68
6 4 30 67
4 4 66 69
8 4 76 70
2 4 66 71
8 4 22 69
7 4 75 71
5 4 63 69
5 5 71 69
6 4 21 28
8 4 20 31
3 6 26 30
1 4 58 32
7 4 20 31
2 4 20 39
1 4 34 39
3 4 19 44
2 4 34 43
3 5 51 44
6 4 66 44
3 4 19 48
4 4 20 50
7 4 21 48
3 4 42 48
1 4 29 48
3 4 55 48
8 4 23 50
7 4 19 63
5 4 41 64
8 4 33 61
7 4 18 11
8 4 24 11
8 4 57 12
5 5 56 11
1 4 57 13
2 4 17 78
3 5 29 79
3 4 61 85
5 5 79 81
2 4 61 83
8 4 63 82
7 4 76 82
3 4 63 80
4 4 72 78
7 4 79 78
8 4 30 79
6 4 82 77
2 4 72 79
6 4 69 79
7 4 59 78
1 4 67 77
8 4 64 79
4 4 16 50
1 4 57 51
5 4 15 23
2 5 70 21
7 4 76 25
2 4 63 23
4 4 73 21
7 4 51 23
6 4 84 27
1 4 78 24
8 4 57 22
4 4 53 22
5 4 63 21
3 4 26 23
6 4 15 72
3 4 13 8
4 4 24 9
3 4 51 12
3 4 44 8
6 4 28 12
6 4 9 27
8 4 47 25
7 4 57 24
7 4 52 26
5 4 8 14
8 4 7 15
5 4 76 14
4 4 74 13
4 4 62 15
4 4 47 12
2 4 28 15
1 4 61 15
6 4 61 16
5 4 59 15
1 4 66 15
4 4 6 11
3 6 12 12
1 5 5 10
4 4 43 9
7 4 14 11
3 5 57 8
3 4 52 13
8 4 48 10
2 4 5 7
6 4 83 5
3 4 58 7
2 4 62 6
8 4 46 6
2 4 39 5
4 4 77 5
1 4 55 8
7 4 40 6
7 4 79 4
3 4 3 40
6 4 33 41
7 4 37 42
5 4 61 40
1 4 61 42
7 4 46 41
4 5 58 43
7 4 66 39
3 4 34 42
5 5 51 40
8 6 55 42
8 4 3 75
5 5 15 74
5 4 30 73
1 4 39 74
7 3 92 94
5 3 88 92
6 3 85 96
2 3 83 76
5 3 82 77
2 3 81 5
6 4 80 4
5 3 80 19
7 3 82 18
8 3 80 55
3 3 80 82
2 3 79 19
2 3 78 65
7 3 77 25
3 3 77 27
1 3 77 88
7 3 77 91
3 3 82 91
7 3 75 92
2 5 74 91
1 3 81 93
8 3 74 2
8 3 73 82
8 3 77 83
2 3 76 83
5 4 75 81
7 3 79 84
8 3 75 82
3 3 73 90
2 3 79 87
1 3 72 71
2 4 72 72
7 3 70 2
3 3 77 4
3 3 71 4
8 4 77 5
5 3 77 6
1 3 70 5
2 3 70 55
8 3 70 55
6 3 73 54
1 3 73 56
2 3 74 55
2 3 79 57
4 3 73 56
6 3 73 57
3 4 75 55
8 6 76 57
4 3 75 56
5 3 70 71
2 3 68 35
3 4 69 36
7 3 68 58
7 3 67 1
4 3 75 2
2 3 67 26
3 4 66 27
1 3 67 25
1 3 79 25
6 3 67 44
5 4 66 44
7 3 67 52
5 3 70 51
5 3 68 51
6 3 69 51
1 3 66 20
6 3 78 20
8 3 66 25
8 3 73 25
4 3 70 26
8 3 66 32
2 3 66 48
7 3 66 65
3 3 65 51
4 3 65 51
3 3 65 92
5 3 68 92
1 3 63 4
1 3 75 1
3 3 63 20
8 4 73 18
2 3 65 19
8 3 77 17
4 3 77 19
4 3 63 91
1 3 63 92
7 3 81 94
2 3 63 93
4 3 62 45
8 3 62 44
1 3 62 54
3 3 62 53
5 3 62 57
3 3 72 56
7 3 66 56
8 3 62 96
3 3 70 96
7 3 61 31
4 3 62 30
3 4 61 30
3 3 61 76
3 3 76 77
1 3 60 25
6 4 60 27
8 3 66 28
3 3 67 29
4 3 65 25
4 3 59 24
6 3 70 23
4 3 59 69
3 3 69 70
4 3 68 69
8 3 67 69
6 3 62 69
3 4 64 68
5 4 64 70
2 3 64 66
5 3 59 68
6 3 63 67
8 3 61 67
8 3 59 70
4 3 67 71
8 3 63 72
1 3 59 75
4 3 59 87
4 3 69 88
6 3 80 88
7 3 71 88
4 3 72 87
2 5 72 88
3 3 74 86
7 3 76 88
8 3 74 88
6 3 61 87
6 3 73 86
5 4 73 85
1 3 74 83
4 3 72 87
8 3 59 89
6 3 74 89
6 3 58 40
2 3 70 38
8 3 58 45
1 3 67 46
3 3 66 46
4 3 58 60
6 3 58 72
2 3 58 74
2 3 58 98
7 3 76 99
2 3 73 98
3 3 60 98
1 3 60 97
4 3 57 4
8 4 60 3
5 4 64 3
8 3 66 5
2 4 70 6
7 3 57 18
3 4 67 17
6 4 66 17
5 3 66 15
2 3 68 14
8 3 65 18
3 3 72 19
2 3 65 17
3 3 57 27
7 3 57 40
6 3 57 51
7 3 65 49
2 3 56 47
5 3 56 46
2 3 56 54
1 3 64 51
3 3 66 50
4 3 64 51
1 3 63 50
5 3 56 61
7 3 56 66
5 3 80 66
6 3 64 65
8 3 74 66
5 3 55 20
2 4 56 21
1 5 55 21
7 6 55 21
1 4 66 21
2 3 65 21
1 3 55 36
7 3 55 59
3 3 55 70
7 3 54 37
7 3 54 71
4 3 58 69
5 3 54 70
7 3 57 71
3 3 54 84
7 4 60 82
3 3 72 84
4 3 60 85
3 3 59 82
4 3 66 83
8 3 57 84
2 4 57 84
3 3 55 84
7 3 54 91
4 3 62 92
3 4 69 93
2 3 53 20
7 3 53 26
6 3 53 39
7 3 54 41
5 3 54 42
4 4 53 39
3 3 54 38
4 3 53 84
5 3 52 54
6 3 62 54
3 3 52 64
2 3 58 63
6 3 74 64
8 3 66 62
5 3 61 61
6 3 60 62
4 3 52 71
5 3 54 72
8 3 51 22
1 4 58 23
8 3 51 52
4 3 51 88
5 3 55 86
7 3 72 87
1 3 64 87
1 3 50 42
6 3 50 52
1 3 50 58
3 3 60 57
6 3 66 56
8 3 60 58
5 3 66 57
7 3 49 41
6 3 57 39
6 3 49 56
7 3 59 56
2 3 59 56
2 3 49 74
4 3 57 73
8 3 56 73
5 3 50 74
4 3 50 73
3 4 50 74
8 3 51 75
6 3 48 6
6 4 64 7
5 3 56 8
2 3 48 24
3 3 48 56
1 4 52 56
3 3 56 57
7 3 55 54
5 3 55 55
1 3 55 56
2 3 53 56
4 4 52 56
4 3 51 55
1 3 48 70
6 3 56 69
8 3 49 71
3 3 48 99
6 3 59 98
7 3 65 97
7 3 58 98
8 3 59 99
7 3 47 13
7 3 47 22
4 3 47 57
8 3 52 58
2 3 51 59
5 3 47 66
3 3 47 68
6 3 47 70
3 3 47 85
5 4 48 84
5 3 67 87
6 3 52 84
8 3 52 85
1 3 47 84
3 3 46 24
8 3 46 56
5 3 47 56
2 3 46 66
6 3 53 64
4 3 58 63
5 3 57 66
7 3 56 66
6 3 50 66
5 3 63 65
4 3 56 65
7 3 69 64
3 3 56 64
1 4 56 66
4 3 47 66
3 3 45 18
6 3 67 18
1 3 45 24
8 3 57 21
7 3 58 20
5 3 60 21
7 3 60 23
5 3 46 23
6 3 54 25
1 3 45 36
1 3 50 38
5 4 50 37
8 3 54 36
6 3 58 37
3 3 58 39
6 3 45 41
5 3 61 40
3 3 53 41
1 3 45 64
1 4 64 62
4 3 56 63
5 4 64 62
3 3 64 62
8 3 63 63
2 3 65 64
2 3 51 63
2 3 53 62
7 4 58 63
1 3 53 63
8 3 52 63
8 3 55 60
5 3 48 63
4 3 45 73
1 3 45 87
8 3 53 86
3 3 53 86
1 3 49 85
8 3 58 86
7 3 60 88
2 3 45 98
7 3 70 96
8 3 71 95
8 3 82 94
3 3 69 97
4 3 68 98
6 3 61 97
5 3 48 98
3 3 56 96
5 3 44 19
5 3 44 92
6 3 62 93
4 3 62 95
2 3 78 93
2 3 61 91
5 3 69 90
7 3 61 93
1 3 72 91
1 3 54 92
3 4 69 90
8 3 71 91
7 3 45 91
1 3 43 12
2 3 53 11
1 3 43 20
2 3 43 23
8 3 43 53
2 3 43 54
4 4 42 53
3 3 58 53
2 3 61 51
1 3 45 55
8 3 44 54
3 4 53 53
5 3 61 52
2 3 46 53
7 4 45 52
7 3 53 52
3 3 45 55
6 3 44 52
6 3 43 63
3 3 52 64
8 3 42 8
3 3 42 25
7 3 42 35
6 3 42 54
8 3 42 86
6 3 53 84
8 3 53 86
7 3 52 83
5 3 49 84
7 3 41 10
6 4 41 9
6 3 54 9
6 3 58 6
4 3 56 7
7 3 62 7
5 3 67 6
1 3 66 4
2 3 61 4
3 3 56 6
6 3 41 16
7 3 61 16
7 3 41 17
3 3 48 16
2 4 49 14
5 4 49 15
7 3 65 17
1 3 60 18
8 3 56 14
7 4 56 15
2 3 55 18
1 3 52 14
6 3 42 16
4 4 48 14
7 3 47 17
4 3 58 19
4 3 51 19
5 3 54 18
8 3 51 17
8 4 58 18
3 3 41 31
7 3 57 30
4 5 57 30
1 5 55 29
2 3 47 31
1 3 41 74
7 3 46 76
7 3 62 77
3 3 67 79
8 3 66 80
1 3 40 8
7 3 51 8
2 3 50 5
5 3 53 7
6 3 62 6
2 3 42 8
8 3 47 8
7 4 51 9
1 4 52 10
7 3 41 9
2 3 44 9
5 3 49 10
8 3 51 12
8 3 43 6
7 3 56 5
4 3 58 4
7 3 43 6
4 3 43 6
6 3 43 9
8 3 40 16
3 3 49 17
1 3 42 15
6 3 40 23
2 3 59 24
6 3 40 60
4 3 54 58
6 4 54 60
4 3 40 67
8 3 52 65
6 3 52 65
4 3 52 67
8 3 56 67
7 3 56 69
5 3 52 68
3 3 53 67
1 3 56 68
8 3 40 75
3 3 64 77
4 3 72 76
6 3 62 77
1 3 58 77
2 3 40 74
8 3 49 73
5 3 40 76
4 3 50 77
4 3 64 78
6 3 64 79
7 3 69 79
5 3 69 80
6 3 67 80
8 3 68 79
2 3 52 78
8 3 59 79
7 3 69 80
3 3 70 81
1 3 58 80
5 3 51 76
2 3 44 78
5 3 44 79
4 3 52 77
7 3 52 78
2 3 53 77
1 3 45 78
5 3 64 80
7 3 64 82
6 3 47 77
7 3 47 78
5 3 52 77
1 3 58 77
6 3 52 76
3 3 43 76
4 3 40 77
6 3 40 96
1 4 52 95
2 4 58 96
6 3 60 95
6 4 64 93
3 4 59 94
8 4 60 94
5 3 59 95
1 3 69 95
5 4 70 94
3 3 57 96
2 3 39 12
5 4 39 11
3 4 41 11
7 3 42 12
2 3 39 10
4 4 41 9
6 3 39 75
2 3 38 1
5 3 38 4
5 3 44 4
1 3 47 3
7 3 62 3
6 3 51 2
3 3 43 3
5 3 50 3
8 3 50 5
3 3 39 3
5 3 38 15
2 5 38 14
8 3 44 13
5 3 38 78
2 3 53 79
5 3 38 94
6 3 53 94
6 3 65 93
1 3 45 94
7 3 63 95
3 3 62 96
3 3 66 96
8 3 43 94
3 5 42 92
5 4 56 94
5 3 49 96
6 3 59 96
4 3 51 94
2 3 47 93
4 3 60 93
8 3 63 90
3 3 54 93
1 3 54 94
7 3 47 95
7 3 53 94
3 3 37 2
6 3 63 2
3 3 68 2
3 3 37 22
6 3 42 22
8 3 40 21
2 4 46 19
7 3 37 90
6 3 58 91
2 3 43 89
5 3 60 88
6 3 47 88
8 3 49 87
2 3 43 89
5 3 49 91
2 3 47 89
3 3 60 88
7 3 56 89
4 3 54 88
3 3 47 86
8 3 46 87
2 3 48 85
1 3 45 87
5 3 43 91
4 3 40 89
5 3 40 89
5 4 52 89
7 3 44 87
8 3 36 51
5 3 45 51
7 3 51 49
6 3 35 2
1 3 60 2
3 3 57 1
8 3 49 1
3 3 35 46
7 3 62 45
6 3 62 47
8 3 61 47
4 3 54 47
2 3 53 48
3 3 47 47
2 3 47 49
7 3 35 51
7 3 45 50
4 3 47 49
4 3 45 51
8 4 50 51
8 3 35 94
2 3 50 96
6 3 40 95
1 3 43 97
8 3 44 97
2 3 52 97
5 3 49 97
4 3 49 94
8 3 34 21
6 3 51 21
5 3 34 26
7 3 62 25
1 3 62 26
6 3 51 27
6 3 59 25
4 3 51 27
1 5 50 25
6 3 34 37
8 3 33 8
1 3 33 22
5 3 43 20
4 4 43 19
7 3 33 24
3 3 33 30
6 3 37 30
1 3 63 32
5 3 59 32
7 3 33 44
8 3 46 46
1 4 45 46
8 3 50 47
8 3 45 43
3 4 45 44
2 4 46 43
7 3 53 44
3 4 53 44
4 3 45 41
1 4 56 41
1 3 49 41
7 3 55 39
8 3 56 40
7 3 45 47
6 3 48 46
5 3 45 48
2 3 33 57
5 3 53 58
7 3 33 65
7 4 39 64
7 3 33 78
1 3 44 77
6 3 43 78
4 3 43 77
8 3 43 79
3 3 43 79
2 3 43 79
3 4 43 80
1 3 46 79
8 3 46 80
4 3 43 79
5 3 32 31
8 3 38 31
2 3 48 30
8 3 48 29
5 3 52 28
4 3 53 27
3 3 50 28
3 3 48 28
2 3 49 28
8 3 48 28
1 3 40 29
6 3 47 30
2 3 45 28
2 3 38 33
6 3 49 34
3 3 41 31
3 3 32 87
7 4 31 86
5 4 32 87
6 5 30 88
8 5 31 85
3 4 37 88
1 3 38 90
1 3 47 92
7 3 38 91
4 3 37 88
2 3 44 86
5 3 34 83
8 3 34 82
2 3 58 81
3 3 49 82
8 3 49 82
5 3 57 81
2 3 50 83
4 3 41 81
8 4 41 79
6 3 51 82
3 3 43 82
1 3 49 82
6 3 42 81
6 3 34 89
6 3 33 82
4 3 49 83
5 3 31 1
7 3 31 22
6 3 43 19
2 3 31 41
6 4 47 42
8 3 39 41
3 3 31 91
8 3 33 90
5 4 33 91
3 3 44 89
1 3 43 91
8 3 40 88
5 3 31 98
1 3 46 100
7 3 45 100
2 3 30 53
1 3 44 52
3 3 39 53
4 3 39 52
4 3 30 83
6 3 41 83
4 3 41 85
3 3 39 85
2 3 29 46
6 3 44 45
3 3 34 47
7 3 48 49
1 3 48 49
5 3 35 47
8 3 29 55
2 4 37 55
5 4 28 55
3 3 38 52
5 5 38 52
8 3 38 56
8 3 28 5
5 3 40 6
4 3 32 3
1 3 29 5
7 3 50 2
6 3 37 6
5 3 28 45
5 3 45 45
4 3 42 45
5 3 43 43
2 3 46 42
3 3 37 44
2 3 28 65
6 5 33 64
6 3 39 66
8 3 39 67
2 3 35 65
8 3 33 66
3 3 30 64
2 3 27 33
4 3 49 33
5 3 44 32
1 3 30 33
8 4 29 33
7 4 28 34
8 4 35 34
2 4 44 37
4 4 47 36
8 3 47 36
8 3 46 38
3 3 45 33
1 3 45 34
6 3 45 37
6 3 43 32
6 3 44 31
7 3 43 37
2 5 43 37
3 3 47 38
6 3 33 33
2 3 29 34
3 3 50 34
6 3 48 34
3 3 41 35
4 3 27 57
7 3 27 65
6 4 27 65
4 3 52 67
3 3 39 66
2 3 48 68
1 3 39 67
6 3 43 68
6 3 49 68
7 3 47 69
1 3 27 87
8 3 32 87
2 3 32 86
6 4 32 85
7 3 35 83
6 3 26 6
2 3 26 20
1 3 29 20
1 3 44 21
4 3 30 19
1 3 26 38
6 3 26 60
1 3 32 58
7 3 41 56
3 3 29 62
8 3 26 84
1 3 37 83
2 3 34 84
5 3 25 25
3 3 56 24
8 3 48 25
5 3 54 25
6 3 32 25
8 4 35 25
5 3 44 26
4 3 45 27
2 3 42 24
3 3 25 38
8 3 44 39
1 3 25 51
2 3 36 51
6 3 39 49
8 3 39 53
6 4 39 53
4 3 39 54
7 3 27 52
6 3 26 53
8 3 35 52
6 3 25 63
2 3 25 93
1 3 36 93
3 3 37 94
2 4 37 94
8 4 37 96
5 4 37 97
5 3 46 97
4 3 36 94
6 4 45 91
8 3 28 94
5 3 24 39
1 4 34 40
7 3 34 39
5 3 32 39
8 3 36 37
7 4 36 38
5 3 39 38
2 3 39 39
6 3 36 36
4 3 36 35
2 3 32 40
3 3 40 42
1 3 39 42
5 3 36 39
7 3 27 39
6 3 24 38
6 3 24 43
8 4 38 41
6 3 36 44
4 3 24 45
2 3 24 51
7 3 24 53
7 3 31 53
6 3 23 5
7 4 23 6
3 3 40 7
1 3 41 8
4 3 40 7
4 3 31 7
1 3 29 7
1 3 35 5
7 3 29 9
1 3 40 10
8 3 23 35
5 3 23 44
8 3 23 89
4 3 22 23
3 3 22 81
8 3 30 80
2 4 36 78
8 4 44 80
4 3 44 80
2 3 44 83
5 3 46 82
8 3 36 79
6 3 35 79
1 3 35 80
7 3 34 80
1 3 22 98
2 3 31 97
5 3 45 99
6 3 31 99
8 3 21 1
3 3 21 33
6 3 35 32
3 3 34 32
5 3 21 42
2 3 21 52
3 3 32 52
3 3 21 55
2 3 23 55
2 3 39 56
7 3 21 58
1 3 27 57
5 3 21 86
2 3 21 93
8 3 43 92
4 3 42 91
3 3 27 92
6 4 30 90
6 3 27 93
7 3 37 94
3 5 40 94
6 3 39 95
7 3 32 94
5 3 32 93
2 3 38 95
2 3 33 93
4 3 29 93
7 3 21 93
4 3 23 94
5 3 25 94
6 3 27 95
1 3 27 95
4 5 26 94
4 3 20 24
3 4 29 23
1 3 33 25
6 3 29 22
4 3 20 31
7 3 41 29
5 3 20 31
8 3 38 30
6 3 20 58
5 3 20 66
7 3 36 66
8 3 32 66
7 3 20 95
5 4 24 96
1 3 24 97
1 3 19 4
3 3 21 3
2 4 21 4
7 3 19 17
1 4 33 15
6 4 32 17
6 3 41 16
1 3 41 18
8 4 41 17
4 3 40 13
3 3 40 14
3 3 36 13
6 3 22 17
4 3 24 16
5 3 39 18
4 3 36 16
7 3 35 16
3 3 19 28
2 3 33 27
5 3 32 25
8 4 32 25
7 3 27 28
1 3 45 29
6 3 26 26
8 4 27 24
5 4 27 26
5 3 42 28
8 3 39 24
7 3 19 54
4 3 19 56
2 3 33 58
3 3 34 59
5 3 33 60
5 3 19 56
7 3 18 23
5 3 35 22
1 3 34 22
1 3 29 22
4 3 27 21
3 3 28 21
4 3 24 22
6 3 20 23
4 3 34 22
1 3 23 23
2 3 26 22
5 3 26 21
8 3 25 22
1 3 18 25
7 4 25 23
3 3 28 24
1 3 25 25
7 3 33 26
2 3 18 35
5 3 34 32
8 3 18 55
4 3 18 55
1 5 17 54
5 3 21 56
6 3 19 54
5 3 28 53
2 3 18 69
3 4 20 70
3 4 17 68
7 4 26 66
2 3 46 72
7 3 45 71
1 6 45 72
8 3 37 67
3 3 37 71
3 3 47 72
7 3 29 71
8 3 37 73
3 3 41 70
6 4 41 72
4 3 33 72
8 3 38 72
7 3 47 73
2 3 28 66
8 3 17 14
4 3 32 12
2 3 38 13
2 3 39 11
5 3 38 15
3 3 17 34
5 3 27 36
8 3 29 38
8 3 37 36
3 3 34 39
3 3 28 38
7 3 31 39
8 3 22 32
1 3 34 34
8 3 34 33
3 3 34 32
5 3 17 70
7 4 21 69
2 3 36 69
4 3 34 69
6 3 29 69
5 4 28 67
4 4 29 67
5 3 31 67
2 3 31 67
7 3 17 98
2 4 17 98
4 3 38 97
1 3 26 98
6 4 33 98
5 3 30 97
3 3 16 3
8 3 33 1
7 3 33 1
6 3 49 1
2 3 49 3
4 3 39 1
5 3 20 3
1 3 31 1
5 3 16 27
1 3 20 29
6 3 20 29
8 3 20 29
3 3 24 26
7 3 16 43
7 3 39 42
2 3 32 45
4 3 24 42
4 3 17 42
7 3 32 43
1 3 20 43
8 3 28 44
7 3 16 48
4 3 36 48
4 3 23 48
1 3 32 49
1 3 18 45
6 3 17 47
5 3 46 49
4 3 15 27
1 3 15 46
5 3 15 49
8 4 14 48
2 4 44 50
8 3 23 51
4 3 24 49
6 3 35 48
1 3 24 51
1 3 15 57
1 3 39 57
6 3 15 90
8 4 16 91
2 4 20 91
2 4 27 89
7 3 27 88
5 3 31 86
6 3 22 87
7 3 23 89
1 3 31 88
7 3 35 90
1 3 32 89
6 4 32 89
4 3 25 88
1 3 22 88
4 3 28 88
8 3 22 90
8 3 26 90
2 4 26 90
4 3 26 89
7 3 18 90
3 4 21 89
3 4 17 90
1 3 32 90
5 3 14 40
4 3 26 39
1 3 28 37
5 3 26 39
4 3 31 40
7 3 31 41
8 3 27 40
5 3 14 52
1 3 14 60
7 3 32 60
8 3 39 59
5 3 25 60
2 3 35 60
5 3 32 62
6 3 31 59
8 5 32 57
3 4 31 57
4 3 33 60
4 3 30 59
4 3 45 61
2 3 31 61
1 3 30 60
7 3 27 58
2 3 28 60
8 3 38 62
3 3 20 60
6 3 27 59
4 3 42 61
5 3 42 62
6 3 37 57
2 3 35 57
5 3 28 57
8 3 23 60
1 3 41 62
6 3 41 63
4 3 30 61
5 3 37 63
1 3 20 61
8 4 20 61
6 4 20 60
2 3 20 59
3 3 23 60
7 3 13 18
4 3 35 18
8 5 35 17
5 3 45 16
2 3 37 17
4 3 40 17
1 3 25 18
4 3 41 17
2 3 22 18
7 3 13 31
8 5 32 31
7 3 31 32
7 3 29 29
5 3 25 31
7 3 31 29
1 3 28 32
7 3 13 71
6 4 16 71
4 4 23 70
6 3 31 74
6 3 45 73
3 3 45 74
5 3 45 76
8 3 41 75
4 3 45 73
1 3 41 75
6 4 41 76
1 3 40 76
8 3 32 75
5 3 36 75
4 3 30 75
1 4 31 74
7 3 31 75
8 3 15 71
4 3 32 70
1 3 28 68
6 3 17 70
7 4 28 70
1 4 17 70
2 4 30 71
1 3 30 71
5 3 24 70
4 3 12 10
3 4 14 10
2 3 25 10
5 3 16 9
2 3 26 8
1 3 19 11
6 3 37 12
8 3 33 12
5 3 19 10
2 3 34 9
2 3 18 9
3 3 32 9
5 3 20 9
4 3 27 11
3 3 16 10
4 3 29 10
1 3 17 7
6 3 15 9
5 3 18 8
8 3 23 6
4 4 23 7
1 3 26 4
2 3 12 22
4 3 12 62
8 3 31 63
3 3 28 61
4 3 30 62
6 3 12 72
3 3 20 72
7 3 23 72
4 3 23 74
3 3 12 81
3 3 17 81
3 3 36 80
1 3 14 79
4 3 13 82
2 4 12 83
6 3 12 80
7 3 14 82
4 3 14 81
5 3 20 80
1 3 28 79
3 3 11 2
2 3 30 2
4 3 15 2
1 3 11 10
7 4 10 10
2 3 12 12
6 4 11 11
6 3 11 18
2 4 26 17
3 3 32 20
6 3 32 20
6 3 20 16
8 3 11 25
5 3 23 24
3 3 23 21
6 3 11 26
5 3 17 27
2 3 11 35
7 4 11 35
8 4 11 37
3 5 10 36
1 4 10 35
5 4 17 35
2 3 23 37
4 3 25 36
3 3 16 35
4 4 27 34
7 3 11 98
8 3 33 97
3 3 28 96
2 3 10 1
8 3 12 2
6 3 35 2
1 3 27 3
6 3 10 60
1 3 26 61
2 3 26 62
1 3 18 59
2 3 10 64
5 3 10 64
4 3 20 64
5 3 14 62
6 3 13 61
4 3 10 86
3 4 10 87
3 3 9 1
8 3 9 23
3 6 9 22
7 3 19 21
6 3 9 69
7 4 9 71
4 4 9 70
5 3 9 85
7 3 8 2
4 4 7 1
3 3 15 1
1 3 17 1
8 4 26 1
2 3 10 3
6 3 23 5
7 3 8 9
3 3 8 46
5 3 26 47
1 3 11 47
1 3 27 46
3 3 33 46
8 3 30 44
2 3 27 48
7 3 17 46
3 4 17 46
6 3 31 48
4 3 11 48
3 3 24 47
1 3 25 48
6 3 8 65
5 3 23 65
1 4 30 67
7 3 32 64
8 3 19 63
5 3 8 73
2 3 19 72
2 3 12 74
3 3 17 74
4 5 16 74
7 4 20 74
2 3 22 76
6 3 28 77
2 4 31 76
4 3 33 79
8 3 23 77
7 3 40 77
7 3 22 77
1 3 34 77
4 3 22 76
8 3 16 75
2 3 7 19
3 3 24 17
2 3 13 19
6 3 30 19
3 3 12 20
7 3 28 19
5 3 9 17
1 3 7 28
3 3 11 28
8 3 26 27
3 3 30 26
6 3 30 26
2 3 28 29
2 3 15 28
1 3 15 30
4 3 26 30
3 3 7 28
2 3 22 26
3 4 23 28
4 4 22 26
1 3 21 25
1 3 10 29
8 3 23 31
4 3 21 31
4 3 8 30
1 3 24 28
1 3 20 31
5 3 6 1
2 3 6 3
4 3 6 19
3 3 24 20
7 3 25 22
2 3 23 20
5 3 28 18
7 3 30 17
4 3 32 16
1 3 36 14
5 3 14 20
8 3 13 20
2 3 6 55
1 3 17 53
6 3 6 56
3 3 15 55
8 4 15 55
2 4 15 56
8 3 5 50
8 3 5 54
3 3 18 53
3 3 20 54
2 3 20 53
7 3 17 54
2 3 12 53
3 4 12 54
7 3 5 56
4 3 9 56
5 3 5 87
7 3 5 93
1 3 9 95
7 3 31 96
7 3 13 96
8 4 21 95
3 3 21 96
7 6 20 93
1 3 20 97
4 3 13 95
1 3 11 97
6 3 11 94
8 3 8 95
6 3 17 94
3 3 11 95
2 3 14 96
4 3 14 96
1 4 14 95
8 3 19 96
5 3 4 4
7 3 26 5
5 3 27 6
6 3 4 3
1 3 9 3
7 4 9 4
3 3 21 4
2 3 14 3
3 3 17 5
6 3 25 5
7 3 14 3
2 3 11 3
4 3 14 2
6 3 14 4
4 4 14 5
1 3 17 3
8 3 12 4
8 3 15 4
5 3 8 4
8 4 7 4
3 3 9 4
4 3 9 2
5 3 22 1
8 3 4 41
7 3 16 41
3 3 20 41
3 4 23 38
8 3 4 46
1 3 16 45
5 3 4 57
8 3 26 57
3 3 8 56
8 3 19 58
5 3 18 58
4 3 17 59
7 3 16 60
5 3 15 58
2 5 15 58
8 3 13 59
6 3 4 67
6 3 4 82
5 3 13 83
3 3 8 83
5 3 3 13
5 3 31 14
1 3 43 13
4 3 32 12
5 3 37 13
6 3 23 11
1 3 23 12
7 3 15 12
4 3 17 14
6 3 33 13
4 3 33 13
6 3 15 11
5 3 8 13
7 3 29 13
3 3 27 13
2 3 21 12
6 3 5 12
1 3 36 14
4 3 19 14
7 3 21 15
1 3 19 14
2 3 3 57
1 3 9 59
2 3 9 60
6 3 2 2
1 3 2 5
4 3 2 36
8 4 17 36
5 4 23 35
5 3 35 34
2 3 30 34
5 3 17 34
7 3 24 35
1 3 29 34
2 3 26 34
6 3 13 35
6 3 21 36
4 3 11 33
8 3 2 38
2 3 5 38
6 4 13 38
5 4 17 37
4 3 16 39
8 3 16 39
2 3 12 37
5 3 11 37
7 3 11 38
3 3 2 43
2 3 12 44
6 3 12 45
4 3 11 43
4 3 2 44
7 3 2 67
8 3 16 66
3 3 2 85
2 4 16 86
3 4 19 83
3 4 17 87
2 4 22 87
8 4 16 87
2 2 81 100
3 2 79 100
3 2 66 100
2 2 55 1
1 2 54 1
7 2 47 73
2 2 47 99
8 2 46 99
8 2 45 81
6 2 43 100
2 2 42 49
2 2 42 100
3 3 41 99
5 2 42 99
8 2 41 76
8 2 41 99
2 2 40 92
2 2 39 49
8 2 39 50
5 2 40 49
8 2 40 50
5 2 37 1
4 2 37 99
7 2 37 100
4 2 40 99
1 2 38 99
6 2 38 100
1 2 39 99
8 2 36 1
1 2 36 15
1 2 36 49
7 2 36 84
3 2 35 29
4 2 35 49
2 2 35 81
6 3 34 81
6 2 36 81
1 2 35 100
6 2 34 16
7 2 34 15
4 2 34 90
8 2 33 15
2 2 33 44
3 2 33 68
2 2 33 79
4 2 32 14
3 2 32 15
2 2 32 69
8 2 32 78
5 3 31 78
8 3 30 78
3 2 32 80
8 2 35 81
5 2 32 90
2 2 31 14
1 2 31 44
5 2 31 83
8 2 32 84
3 2 31 83
1 3 30 83
8 2 31 99
3 2 30 15
6 2 31 16
5 2 30 45
5 2 30 49
8 2 31 48
6 2 30 68
4 2 30 68
7 2 30 99
7 2 29 13
2 2 29 15
2 2 29 18
3 2 29 34
8 2 29 44
7 2 29 48
1 2 32 49
2 2 32 50
3 2 32 50
7 2 32 49
8 2 29 50
2 2 29 93
7 2 28 10
3 2 28 14
3 2 28 18
4 2 28 44
2 2 28 48
5 2 28 51
1 2 29 50
7 2 28 92
1 2 28 98
8 2 27 8
6 2 27 7
5 2 32 6
3 3 32 6
2 2 30 6
8 2 30 7
3 2 30 7
1 2 29 7
8 2 29 7
2 2 27 7
1 2 27 25
8 2 27 51
4 2 28 50
6 2 30 49
2 2 27 62
8 2 27 63
4 3 27 64
3 3 26 63
2 3 27 64
7 2 27 76
4 2 27 79
7 2 27 82
7 2 27 86
1 2 29 85
2 2 30 84
4 2 27 92
3 2 26 7
2 2 26 13
7 2 26 16
2 2 26 44
4 2 26 47
1 3 26 47
6 2 26 68
8 2 26 76
4 2 26 76
4 2 26 85
5 2 26 86
4 2 26 90
3 2 26 99
2 2 26 99
5 3 28 98
1 2 28 100
4 2 27 100
6 2 26 98
7 2 25 24
6 2 25 28
7 2 25 29
6 2 25 46
1 2 26 45
6 2 25 50
8 2 25 76
6 2 28 76
4 2 29 77
6 2 31 76
3 3 31 76
5 2 30 76
3 2 25 77
8 2 24 13
2 2 24 15
5 2 24 16
1 2 24 15
1 2 26 16
6 3 26 17
8 2 25 17
4 2 24 16
2 2 24 15
4 2 24 19
6 2 24 23
5 2 24 27
6 2 24 42
1 2 24 43
7 2 24 47
1 2 24 75
8 2 23 1
6 2 23 14
6 2 23 27
5 2 23 26
4 2 23 27
6 2 23 31
6 2 23 61
2 2 23 75
4 2 23 80
6 2 24 81
8 2 27 82
8 2 25 82
7 2 23 92
8 2 26 91
3 2 22 6
7 2 24 6
5 2 24 6
4 2 22 12
7 2 22 14
8 2 22 34
5 2 22 50
4 2 30 49
7 2 29 49
5 2 27 49
3 3 27 49
6 2 26 50
7 2 26 51
8 2 22 63
4 2 29 64
3 2 28 64
8 2 28 64
1 2 24 64
4 2 22 64
1 2 23 63
2 2 23 62
5 2 22 70
8 2 22 70
6 2 22 79
2 2 22 85
8 2 22 90
4 2 22 90
6 2 22 91
1 2 24 91
1 2 21 14
4 2 24 13
8 2 22 14
5 2 22 13
2 2 21 17
5 2 21 31
4 2 21 43
4 2 24 42
3 2 23 42
5 2 21 43
1 2 21 42
1 2 24 41
7 2 21 50
2 2 25 49
8 2 24 49
1 2 23 49
5 2 21 52
5 2 21 63
3 2 21 62
7 2 23 61
7 2 21 62
6 3 20 61
3 2 21 79
5 2 24 80
5 2 21 81
4 2 25 82
5 2 20 6
2 2 23 7
7 2 22 5
1 2 21 7
6 2 21 7
5 2 21 8
8 2 20 10
8 2 20 19
4 2 20 23
3 2 23 24
6 2 23 25
2 2 20 26
2 2 22 25
8 2 22 25
3 2 22 26
8 2 20 27
1 2 20 26
3 2 20 30
5 2 22 29
6 2 22 29
3 2 20 49
6 2 21 48
4 2 20 55
1 2 20 61
4 3 20 62
4 2 20 65
2 2 23 66
4 2 26 67
5 2 26 67
7 2 26 68
2 2 20 67
1 2 20 67
8 2 20 67
4 2 20 68
3 4 19 67
2 2 20 79
2 2 21 78
8 3 21 79
3 2 21 79
7 2 20 80
8 2 22 80
5 2 24 81
2 2 23 81
5 2 20 89
8 3 20 90
6 2 20 92
1 2 20 93
5 2 22 92
3 2 21 93
3 2 19 6
1 2 19 15
2 2 19 22
6 2 19 23
2 2 19 24
6 2 19 25
6 2 19 34
6 2 24 35
4 2 23 33
7 2 23 33
3 2 22 33
6 2 20 33
4 2 24 34
2 2 19 37
8 2 19 44
1 2 19 45
5 2 19 57
1 2 20 58
7 3 20 58
6 2 19 57
2 2 19 57
6 2 19 65
1 2 20 64
6 2 21 65
2 2 20 65
5 2 19 64
5 2 19 74
6 2 27 73
2 2 25 73
7 2 25 74
3 2 22 73
5 2 20 75
3 2 25 76
4 2 20 74
1 2 23 73
6 2 21 73
3 2 20 76
7 2 24 77
6 2 24 77
1 2 20 76
2 2 19 77
5 2 21 76
7 2 19 78
8 2 19 82
7 2 23 81
1 2 24 82
6 2 19 87
7 2 27 86
1 2 19 91
2 2 19 93
7 2 19 100
3 2 22 99
4 2 23 98
7 2 23 99
6 2 18 2
3 2 24 1
1 2 24 1
8 2 24 2
8 2 18 7
3 2 18 8
7 2 19 9
6 3 19 9
2 2 18 8
5 2 18 28
1 2 20 29
3 2 18 34
2 2 19 33
7 2 18 46
2 2 18 45
8 2 22 46
5 2 22 47
3 2 18 59
1 2 18 58
7 2 19 57
2 2 18 66
1 2 18 96
5 2 18 99
1 2 24 98
8 2 24 99
5 2 23 99
6 2 18 99
4 3 18 100
7 2 17 9
4 3 17 10
6 2 20 10
8 2 17 21
6 2 17 58
7 2 17 61
4 2 17 67
5 2 17 70
2 2 17 76
8 2 17 75
1 2 17 75
8 2 17 78
2 2 19 79
6 2 20 80
1 3 20 81
8 2 22 81
2 2 22 81
5 3 21 81
3 2 22 82
6 2 21 82
4 2 19 80
2 2 17 83
1 2 22 84
8 2 24 85
7 2 21 84
8 2 21 83
2 2 21 83
5 2 18 84
1 2 19 85
6 2 24 86
3 2 24 86
5 2 23 86
6 2 23 86
6 2 17 84
3 2 19 83
4 2 19 85
3 2 19 86
2 2 16 2
3 2 21 1
3 2 18 1
2 2 17 1
5 2 18 2
4 2 17 2
8 2 18 1
1 3 18 2
4 2 16 12
6 2 19 12
2 2 16 22
8 2 16 22
1 2 17 21
3 2 18 22
8 2 16 26
6 2 16 36
3 2 16 43
5 2 16 46
7 2 17 45
8 2 16 64
1 2 16 66
6 2 20 65
3 2 20 66
4 2 16 79
2 2 16 91
6 2 18 90
5 2 16 92
3 2 16 99
2 3 16 99
7 2 15 7
4 2 15 6
6 3 15 5
8 2 16 5
7 2 15 10
3 2 15 14
3 2 18 14
8 2 18 15
2 2 15 16
5 2 15 15
6 3 15 16
7 2 20 17
8 2 20 18
6 2 19 18
7 2 20 19
1 2 20 19
3 2 20 20
3 2 15 24
8 2 16 25
7 2 15 27
1 4 15 26
8 2 15 31
4 3 15 32
6 2 17 30
7 2 17 31
1 2 15 33
7 2 15 35
7 2 15 37
6 2 15 43
3 2 15 52
2 2 21 51
3 3 21 52
1 2 15 64
8 2 15 71
7 2 15 72
3 2 21 73
4 2 18 73
1 2 18 73
8 2 19 73
5 2 17 73
1 2 15 73
2 2 17 73
7 2 15 75
2 2 15 74
1 2 15 79
5 3 15 80
3 3 13 80
1 2 15 86
5 3 15 87
7 2 17 88
2 2 17 89
7 2 15 87
7 2 15 89
6 2 15 88
1 2 15 89
7 2 15 94
3 2 16 93
2 2 15 93
8 3 15 94
2 2 14 3
3 2 14 7
8 2 14 8
8 2 14 12
3 3 14 12
7 4 14 13
3 2 14 42
5 2 21 41
8 2 17 41
8 2 21 40
2 2 19 40
3 2 16 43
4 2 16 43
2 2 14 42
7 2 14 53
1 2 14 55
4 2 14 67
6 3 14 66
7 2 15 68
8 2 15 69
2 2 18 69
1 2 18 69
3 2 18 70
7 2 17 69
1 2 16 69
8 2 16 69
5 2 14 68
7 2 14 69
6 2 14 75
4 2 15 76
6 2 14 78
4 2 14 92
7 2 20 91
7 2 13 3
5 2 13 13
6 2 13 14
5 2 14 13
2 2 15 12
8 2 15 13
7 2 13 27
3 2 13 29
8 2 13 28
2 2 13 30
7 3 13 30
5 2 17 29
8 2 13 42
8 2 14 41
7 4 14 42
1 3 13 41
2 2 13 42
6 2 13 46
4 3 13 46
5 3 13 48
6 2 17 45
4 2 17 45
6 2 13 56
3 2 13 59
8 2 13 70
6 2 13 71
7 2 13 71
6 2 16 72
7 2 13 76
2 2 13 77
6 2 13 81
5 2 15 82
7 2 17 81
2 2 16 81
1 2 16 83
8 2 16 84
4 2 16 85
7 2 13 82
4 2 14 81
7 2 14 83
3 3 14 84
5 2 13 94
7 3 12 94
2 2 13 95
3 2 13 96
5 2 13 99
5 2 12 3
6 2 12 19
5 2 20 18
1 2 20 19
1 2 15 20
7 2 17 19
3 2 15 21
1 2 12 18
5 2 14 17
7 2 12 19
3 2 12 20
4 2 17 21
6 2 14 19
5 2 13 19
8 2 13 20
7 2 13 21
4 3 13 22
7 3 11 21
4 2 12 28
1 2 12 29
6 2 13 30
5 2 12 35
1 3 12 36
1 2 16 34
4 2 14 37
1 2 14 38
7 2 14 37
3 2 12 35
8 2 12 34
5 2 16 33
8 2 16 34
3 2 14 33
7 3 14 32
6 2 13 33
1 2 13 33
6 2 12 32
2 2 12 47
2 2 16 48
1 2 12 49
6 2 12 53
7 2 16 52
4 2 20 51
5 2 20 52
8 2 16 53
1 2 14 54
6 2 14 54
5 2 12 53
4 3 12 53
3 2 12 66
4 4 11 65
3 2 12 65
2 2 11 30
8 3 10 30
4 2 11 36
2 2 11 37
6 2 11 42
6 2 12 43
2 2 12 44
5 2 11 43
1 2 11 44
7 2 11 46
7 2 11 58
4 2 11 58
4 2 17 57
7 2 11 64
6 2 14 63
7 2 12 65
2 2 12 65
1 2 11 65
4 2 11 70
6 2 11 74
8 2 13 73
5 2 12 73
4 3 12 72
8 2 14 71
5 2 12 72
8 2 11 78
7 2 11 77
1 3 11 78
3 2 13 76
6 2 13 77
3 2 12 77
5 2 11 80
3 2 11 87
6 2 15 86
8 2 13 88
6 2 12 86
1 2 12 87
3 2 13 86
3 2 11 92
8 2 11 91
6 2 11 93
4 2 11 99
4 2 12 98
7 2 13 97
7 2 16 96
3 2 16 96
2 2 15 96
5 2 10 8
8 3 10 9
1 3 10 8
7 3 10 10
2 3 9 7
1 2 16 10
5 2 10 14
4 2 10 18
2 2 10 17
3 2 10 16
2 2 10 16
8 2 10 22
5 2 10 28
2 3 10 27
2 2 11 27
4 2 12 26
3 2 11 28
5 2 10 33
2 2 12 34
7 2 12 35
4 2 11 34
2 2 10 34
6 2 10 36
3 2 10 37
2 2 10 39
3 2 10 45
3 2 10 48
7 2 10 52
3 3 10 52
1 2 10 59
8 2 10 58
3 2 10 66
1 2 10 67
7 2 10 71
2 2 11 70
5 2 10 70
1 2 10 71
3 2 10 72
7 2 10 73
2 3 10 74
8 2 11 75
1 2 10 73
1 2 10 90
6 2 14 90
5 2 10 93
1 2 10 94
5 2 10 97
5 2 11 96
8 3 11 97
5 2 10 99
3 2 10 98
8 2 9 7
5 2 9 8
7 2 9 18
8 2 9 18
3 2 12 17
2 2 12 17
4 2 9 17
5 2 10 16
6 2 9 17
6 2 9 33
3 2 9 32
8 2 11 31
4 2 9 39
1 2 9 42
7 2 9 42
4 2 9 47
4 2 10 46
8 2 10 47
4 2 9 52
5 2 9 58
7 2 10 57
6 2 10 56
2 2 10 57
5 2 10 58
4 2 9 57
1 2 9 62
3 2 14 62
8 2 9 76
3 2 9 79
2 3 9 79
2 2 9 87
2 2 13 86
5 2 11 88
6 2 11 89
1 2 9 86
5 2 14 85
5 2 9 85
1 2 12 84
1 2 13 83
6 2 13 84
8 2 9 93
3 2 9 95
7 3 9 96
8 2 9 95
2 2 9 98
3 2 11 98
4 2 11 98
4 2 9 99
4 2 8 9
5 2 12 10
1 2 8 13
8 4 8 12
7 2 10 14
7 2 8 15
5 2 8 18
4 2 8 19
6 2 8 21
7 2 8 25
7 2 9 26
8 2 8 27
5 2 8 26
1 2 9 25
4 2 9 24
7 2 9 23
3 2 9 26
2 2 8 35
3 3 8 35
7 2 8 34
6 2 8 45
4 4 8 44
2 2 8 47
5 3 8 48
8 2 12 49
4 2 18 50
6 2 10 49
1 2 12 48
2 2 9 49
8 2 16 50
6 2 14 50
2 2 8 53
6 2 11 54
1 2 10 54
8 2 10 55
5 2 10 56
1 2 8 54
8 2 8 53
7 2 8 56
3 2 8 72
6 2 8 87
2 2 8 86
6 2 10 85
2 2 10 85
8 2 10 86
1 2 8 87
7 2 8 88
8 2 8 89
7 2 14 90
6 2 8 90
2 2 8 94
1 2 8 96
4 3 8 95
6 4 7 95
6 2 7 1
3 2 16 1
2 2 7 1
1 3 7 1
3 2 10 2
1 2 7 12
1 2 7 16
1 2 11 15
7 2 7 21
1 2 9 20
6 2 9 21
2 2 7 20
8 2 7 21
4 2 7 21
7 2 7 28
6 3 6 28
2 2 7 31
5 2 7 52
6 3 6 51
5 2 7 51
3 3 7 52
3 2 14 50
7 2 14 51
7 2 7 54
1 2 7 57
7 2 7 62
5 2 10 63
8 2 8 63
5 2 11 62
4 2 11 62
7 2 7 65
2 2 8 64
6 2 8 63
3 2 8 63
2 2 9 62
3 2 7 68
4 3 7 68
1 2 10 68
5 2 10 69
1 2 9 69
3 3 9 70
2 2 8 67
8 2 8 68
6 2 7 74
1 2 7 74
3 3 7 75
1 2 8 75
4 2 10 76
8 2 10 76
2 2 7 76
3 2 7 77
1 2 7 85
7 2 6 1
6 2 6 11
5 2 7 12
6 2 12 11
3 2 9 11
2 2 6 14
8 2 7 15
3 2 6 15
4 2 8 14
3 2 7 16
8 2 6 30
2 2 7 29
2 2 6 41
8 2 17 40
7 2 17 41
5 2 8 40
7 2 8 40
3 2 8 41
7 2 6 42
1 2 6 45
2 3 6 46
7 2 8 44
8 2 8 43
3 2 8 43
4 2 6 47
8 2 6 47
4 2 6 58
6 2 7 59
1 2 6 60
2 2 6 67
1 2 6 71
5 2 6 75
1 2 6 76
5 2 5 2
6 2 9 1
8 2 9 2
5 2 7 1
7 2 6 3
8 2 5 9
1 2 5 20
7 2 5 29
1 2 5 29
1 2 5 49
2 2 5 51
1 2 5 55
4 4 4 54
7 2 5 57
7 2 5 60
8 2 7 61
5 2 6 59
3 2 5 59
8 2 5 67
6 2 5 66
7 2 5 69
4 2 5 73
4 2 5 88
8 2 7 87
4 2 7 88
2 2 5 89
1 2 11 90
5 3 11 90
3 3 11 90
7 2 11 92
8 2 10 90
3 2 5 88
4 2 5 92
8 2 5 94
6 2 5 94
2 2 5 96
5 3 4 95
3 2 4 7
2 2 5 6
7 2 14 5
1 2 14 5
1 2 11 5
2 2 11 6
7 2 7 5
5 2 5 7
6 2 5 7
4 2 4 6
2 2 4 14
1 3 3 14
4 3 2 14
6 3 2 13
5 2 4 26
2 2 5 25
5 2 8 24
6 2 9 23
2 2 8 23
4 2 8 24
7 2 10 24
5 2 10 24
2 3 9 23
2 2 12 23
8 2 7 24
4 2 11 23
3 2 4 47
6 2 4 49
8 3 3 49
5 2 4 52
5 2 5 52
2 2 5 52
1 2 4 57
6 2 5 56
8 2 4 58
7 2 4 71
6 2 4 72
7 2 5 73
2 3 5 73
5 2 4 71
1 2 6 70
6 2 5 70
3 2 4 80
5 2 4 81
4 4 3 81
2 2 9 81
7 2 5 80
3 2 9 81
2 2 6 81
8 3 6 81
2 2 5 83
6 2 4 80
4 2 4 94
3 2 3 1
4 2 6 1
6 2 6 2
1 2 3 21
3 2 3 26
2 2 3 27
5 2 3 38
7 2 9 37
8 3 9 38
4 2 8 37
1 2 6 37
7 2 3 62
7 2 3 73
6 2 3 73
3 2 3 83
5 2 4 82
5 2 8 83
7 2 3 84
8 2 3 91
2 2 3 94
8 2 2 1
1 2 3 1
2 2 2 4
1 2 2 3
3 2 2 7
2 2 2 17
1 2 7 18
3 2 7 19
1 2 2 18
7 3 2 19
8 2 4 17
4 2 5 16
7 2 3 18
2 2 2 21
6 2 3 20
5 2 3 22
4 2 2 23
7 2 7 24
3 2 4 24
2 2 2 25
8 2 2 26
2 2 2 31
7 2 2 33
8 2 2 33
5 2 6 34
1 3 6 35
7 2 3 32
5 2 2 37
1 2 2 37
4 2 2 39
6 2 2 44
1 2 6 43
1 2 4 43
3 2 4 42
4 2 5 41
5 2 4 42
4 2 3 43
7 2 2 44
5 2 2 50
7 2 2 56
6 2 2 56
7 2 2 60
8 2 2 59
3 2 2 61
1 2 2 62
6 3 2 62
3 3 1 62
7 2 3 63
2 2 2 63
7 2 7 64
4 2 4 64
8 2 4 63
8 2 2 64
6 2 2 63
1 3 2 63
3 2 2 62
3 2 2 72
7 2 3 73
7 2 2 81
6 2 4 80
1 2 2 84
6 3 2 84
7 2 2 84
2 3 2 84
6 2 3 85
3 3 3 85
5 2 2 89
2 2 8 88
6 2 8 89
7 2 2 90
2 2 2 89
7 2 5 88
2 2 1 9
8 2 1 11
4 2 1 12
3 2 1 11
1 2 8 10
2 2 6 10
8 2 2 10
6 2 3 9
1 2 3 9
4 2 1 10
3 2 1 34
4 2 2 33
4 2 1 41
5 2 1 43
6 2 6 44
3 2 6 45
4 2 1 59
2 2 1 67
1 2 3 66
2 2 3 65
4 2 3 68
8 2 2 66
4 2 3 65
3 2 2 65
5 2 2 67
2 2 1 71
4 2 4 70
8 2 3 70
5 2 1 70
2 2 2 71
4 2 1 72
5 2 2 73
1 4 2 74
6 2 7 75
2 2 5 75
7 2 4 74
5 2 5 75
8 2 5 76
5 2 3 74
5 2 1 78
1 2 4 79
1 2 1 93
8 2 2 92
