29153
2840
7 74 28 6
8 72 37 43
8 24 61 21
8 24 24 21
5 24 17 21
6 24 12 21
8 23 78 6
8 23 41 6
5 22 34 6
6 22 29 6
7 22 17 6
1 22 12 6
8 12 44 37
6 12 10 91
8 12 7 37
8 12 7 91
8 11 83 96
6 11 3 97
3 10 85 87
8 10 49 33
7 10 36 1
8 10 12 33
5 9 49 86
3 9 8 2
7 9 22 2
8 9 5 2
1 8 88 84
8 8 66 17
8 8 29 17
5 8 22 17
6 8 17 17
7 8 5 17
5 8 5 33
2 7 83 98
8 7 72 86
4 7 19 87
5 9 71 86
3 7 82 87
2 7 4 96
5 7 65 97
7 6 97 57
4 6 97 68
4 6 95 66
2 6 90 46
4 6 90 46
1 6 88 57
3 6 83 37
3 6 83 55
7 6 81 98
1 6 80 96
3 6 81 96
4 6 76 12
2 6 73 98
4 6 72 83
3 6 74 84
1 6 69 87
4 6 68 96
4 6 64 98
5 6 72 96
5 6 78 96
7 6 72 98
6 7 71 98
5 6 57 85
3 8 70 84
6 6 54 63
3 6 88 64
7 6 53 79
6 6 61 82
3 6 51 65
4 8 70 64
5 6 72 66
5 6 57 65
5 6 47 69
1 6 41 49
2 6 61 49
4 6 88 50
7 6 34 87
4 6 30 87
8 6 34 92
2 6 84 91
8 6 48 87
6 7 48 87
7 6 83 92
6 6 68 85
5 6 72 86
3 6 56 86
6 6 27 82
1 6 27 87
8 6 74 86
4 6 15 87
4 6 28 86
7 6 64 86
1 6 14 2
8 6 10 94
3 6 24 96
7 6 3 94
6 5 93 51
7 5 90 74
5 5 87 82
7 5 87 92
8 5 85 69
6 5 82 11
4 5 79 14
4 5 79 30
8 5 76 2
5 5 70 53
5 5 66 35
1 5 66 50
5 5 84 52
4 5 72 46
1 5 64 86
3 5 59 50
7 5 58 68
8 5 55 85
6 5 64 87
4 6 66 86
1 5 58 86
3 5 52 96
7 5 50 49
7 5 60 49
7 5 50 86
8 6 49 87
8 5 45 82
7 5 43 83
3 5 72 84
6 5 39 86
2 6 47 87
5 5 32 1
8 6 37 2
6 6 32 5
4 5 32 96
2 5 31 61
2 6 76 61
7 5 29 85
1 5 32 86
6 5 27 1
7 5 28 5
4 5 65 4
8 5 75 7
4 5 67 5
5 5 71 6
2 5 70 6
7 8 71 6
1 6 69 10
8 6 72 5
8 5 67 6
4 5 59 4
3 5 42 4
1 5 54 5
1 5 56 6
6 5 55 6
4 7 55 9
6 6 57 5
4 6 56 6
5 6 56 5
1 6 55 6
1 5 62 2
8 5 54 6
2 8 54 5
4 5 49 5
5 5 51 6
7 8 51 6
6 7 50 6
5 5 49 6
6 5 43 5
8 5 46 6
2 5 45 6
1 5 44 6
3 6 44 7
5 5 43 7
4 5 42 8
8 5 38 5
5 5 32 5
7 5 26 97
3 6 35 96
1 5 56 97
1 5 18 86
3 6 29 85
3 5 39 86
3 5 56 86
3 5 26 85
4 5 46 87
2 6 46 87
6 5 34 87
5 5 14 73
4 8 88 76
6 5 57 77
3 5 8 93
7 6 29 93
3 4 88 78
5 4 88 93
5 4 83 72
8 4 82 45
6 5 81 44
5 4 88 47
5 4 81 61
1 4 80 53
6 4 75 33
5 4 74 37
3 4 73 13
1 4 73 23
3 4 73 74
5 4 77 75
8 4 76 74
5 4 77 74
7 4 72 38
1 5 73 38
2 4 76 40
5 4 70 95
6 4 69 16
1 4 71 15
2 4 71 16
3 4 67 42
1 4 66 42
4 6 66 44
6 4 90 40
7 4 90 40
2 4 80 45
6 5 86 44
6 4 78 44
7 4 65 53
2 4 73 53
2 4 75 54
5 4 63 41
4 4 62 53
4 4 60 2
2 4 60 70
6 4 82 69
3 4 87 69
1 4 59 60
5 4 57 42
2 4 57 47
7 4 57 76
2 6 72 75
2 5 66 78
2 4 81 75
1 4 78 77
5 4 78 76
3 4 69 74
5 4 57 97
3 4 56 65
2 4 83 63
6 4 56 69
5 4 83 71
2 4 55 70
2 5 82 67
7 4 59 70
7 4 67 68
7 4 53 64
5 4 52 75
6 4 63 75
6 4 60 74
4 5 64 72
1 5 66 71
7 4 65 70
3 4 59 72
2 4 52 95
7 4 54 97
7 4 48 53
7 4 48 87
2 4 47 56
3 5 76 56
6 4 81 54
4 4 78 57
4 4 69 58
7 4 54 55
8 5 75 57
1 5 54 56
4 4 79 58
8 5 84 59
7 4 47 85
6 4 46 86
8 6 46 87
2 4 45 79
4 5 52 79
5 4 44 97
2 6 44 98
1 4 63 97
6 4 42 56
5 4 80 56
8 4 60 54
7 4 49 53
4 4 42 85
8 4 37 72
2 5 38 71
6 4 77 72
1 4 75 70
2 4 68 72
8 4 74 72
4 4 74 70
3 4 66 72
1 4 73 73
5 4 64 72
8 4 68 71
1 4 62 74
4 4 53 68
8 4 37 87
7 5 62 90
4 5 38 85
1 5 39 86
6 5 41 84
7 5 39 87
3 4 51 90
6 4 42 91
2 4 85 93
6 4 38 86
1 7 38 87
5 4 37 86
4 4 36 6
7 4 36 52
7 4 36 86
8 4 36 97
1 4 35 6
4 4 35 97
6 6 35 98
4 4 54 97
6 4 49 97
8 6 49 98
6 4 34 6
4 4 33 6
3 7 33 6
8 5 32 9
7 4 33 5
2 5 32 5
8 4 65 5
1 4 59 2
8 4 33 71
3 5 59 69
5 5 50 69
2 4 31 79
1 5 56 79
4 4 85 78
5 4 34 79
5 4 31 95
2 4 74 93
1 4 52 97
5 4 44 97
6 4 43 97
7 6 43 98
7 4 50 97
3 4 49 97
2 4 55 97
1 4 42 97
4 6 42 98
3 4 40 97
6 4 32 97
3 4 29 66
2 4 43 64
7 5 47 64
6 4 75 62
2 4 59 60
8 4 47 62
2 5 63 63
7 4 82 65
3 4 58 62
6 4 76 62
4 4 28 86
5 7 28 87
2 4 39 86
5 5 38 84
7 4 31 87
1 4 28 92
1 5 55 92
6 4 75 91
4 4 54 92
8 4 61 93
1 4 70 92
5 4 71 94
6 4 57 92
1 4 25 97
2 4 24 86
4 4 29 87
2 4 22 4
1 5 22 6
2 5 22 8
5 4 45 9
7 4 21 5
3 4 43 2
4 4 21 90
5 5 21 90
5 5 22 86
2 5 20 87
3 4 22 84
4 5 23 83
4 4 73 82
2 4 78 81
6 4 71 84
8 4 47 83
6 4 82 82
8 4 26 86
1 6 26 87
7 4 21 87
5 4 20 4
4 4 62 1
4 4 59 1
4 4 19 4
8 4 19 74
5 4 18 80
7 5 68 81
3 5 68 80
1 4 16 77
2 4 58 76
6 4 14 79
4 5 65 78
8 4 70 80
1 4 9 86
8 6 11 87
3 4 28 90
1 4 20 86
7 4 15 86
4 4 17 87
2 4 20 90
8 4 41 92
1 4 39 93
2 4 17 86
8 4 20 84
2 4 12 91
7 4 47 90
8 4 39 91
4 4 9 97
6 4 7 84
4 7 9 85
6 5 10 86
3 5 9 86
1 4 4 97
4 4 1 97
8 3 92 35
8 3 87 52
4 3 86 59
2 3 85 19
4 3 85 26
2 3 87 25
4 3 85 31
5 3 84 20
1 4 84 20
8 3 84 29
5 3 83 28
3 3 83 46
1 3 81 26
3 3 80 80
5 3 79 16
6 4 79 17
7 3 79 25
4 3 80 25
7 3 84 23
2 3 84 23
2 3 79 47
2 3 79 57
1 3 79 66
3 3 77 19
4 4 79 18
8 4 78 19
2 5 77 19
6 3 77 21
5 4 76 21
2 3 76 24
3 3 79 23
1 3 80 24
5 4 80 26
1 3 75 15
3 3 75 43
1 3 79 43
7 3 75 56
6 4 74 57
8 4 73 55
5 3 75 60
4 3 75 61
7 3 75 64
4 3 74 16
7 3 74 18
2 3 74 39
3 3 72 75
5 3 71 29
5 3 71 47
1 3 82 45
3 3 71 67
8 3 71 66
1 3 71 77
4 3 71 95
2 3 70 1
5 3 70 12
1 3 73 12
2 4 78 11
6 3 72 11
8 3 72 11
7 3 70 27
1 3 75 28
5 3 75 30
1 3 86 32
4 4 90 34
6 3 88 35
1 3 73 28
7 3 70 73
7 3 70 79
2 3 70 95
7 3 69 18
8 3 69 38
4 3 84 37
1 3 81 37
4 3 69 41
7 3 73 42
5 3 69 60
2 3 74 59
4 3 73 57
2 3 69 61
2 3 71 61
3 3 68 22
3 3 68 26
1 3 68 29
3 3 73 28
5 3 68 62
2 3 67 38
1 4 75 36
1 3 67 41
1 3 76 39
3 3 68 39
5 4 81 40
6 3 67 41
1 3 67 45
8 3 66 27
7 3 66 78
6 3 66 94
5 3 65 64
1 3 64 24
7 4 63 22
6 4 75 22
8 3 75 22
2 3 68 21
6 3 74 19
5 3 68 23
5 3 64 24
8 4 62 24
8 4 67 22
1 3 64 67
2 3 65 66
5 4 68 67
6 3 68 67
1 4 68 67
3 3 71 66
5 3 70 66
4 3 69 68
8 4 69 68
1 3 64 73
5 3 63 21
1 3 69 20
2 3 69 21
2 3 65 19
5 3 68 19
4 3 63 21
4 3 63 26
1 3 63 32
3 3 78 34
2 3 84 33
4 3 78 33
1 5 79 35
7 3 67 32
6 4 74 32
2 3 74 31
7 3 73 30
2 3 66 31
4 5 71 33
5 3 69 29
6 3 63 73
1 3 64 75
2 3 65 77
2 3 68 79
3 3 68 80
8 3 67 76
8 3 71 78
6 3 67 78
8 3 67 80
6 3 62 28
3 3 69 30
7 3 65 27
4 3 67 27
1 3 69 26
8 3 62 61
2 3 63 60
3 5 63 60
2 3 78 58
7 3 75 59
8 3 75 58
4 3 62 95
1 3 65 94
5 3 61 48
4 3 61 48
6 3 75 47
5 3 79 44
3 3 69 45
7 3 61 58
1 3 62 59
8 3 62 59
7 3 68 59
6 3 65 58
6 3 70 59
1 3 68 59
3 4 68 59
5 3 60 52
2 4 60 52
7 3 79 51
4 3 70 52
5 3 60 63
1 3 64 63
6 3 60 94
3 3 66 93
8 3 65 93
4 3 58 36
5 4 58 35
4 3 70 35
1 3 68 34
3 3 75 34
8 3 58 33
1 3 58 37
3 3 64 37
2 3 69 35
4 3 58 47
6 5 59 47
7 4 71 44
2 3 75 48
5 3 58 46
3 3 80 48
6 3 80 49
2 3 58 47
5 3 57 26
6 3 66 25
1 3 70 23
2 3 59 27
7 3 66 27
3 3 57 27
4 4 60 27
5 4 60 29
3 3 57 53
8 3 63 54
5 3 74 54
2 3 71 54
1 3 70 54
1 3 56 34
4 3 56 40
4 3 72 40
7 3 80 41
4 3 59 40
2 3 79 41
2 3 64 39
6 3 69 39
8 3 69 41
5 3 68 40
5 3 64 38
4 3 73 38
5 3 61 39
8 3 57 40
3 3 72 41
4 3 75 42
5 3 72 42
6 3 56 76
6 3 64 77
7 3 63 76
5 3 56 77
7 3 57 77
6 3 56 80
5 3 68 81
1 3 67 82
3 3 64 81
7 3 56 84
4 3 55 51
3 3 55 64
1 3 67 63
4 3 66 63
3 3 65 65
8 3 62 66
4 3 62 65
8 3 55 73
3 3 54 34
7 3 58 34
7 3 68 35
6 3 66 33
4 3 65 33
4 3 57 33
5 3 64 34
6 3 62 32
3 3 65 32
6 3 56 32
7 4 68 31
8 3 55 32
8 4 58 31
8 3 62 30
2 3 60 33
1 3 61 33
6 3 62 32
4 3 54 59
3 3 52 55
1 3 58 55
3 3 66 55
1 3 67 56
7 3 58 53
7 3 69 54
4 3 56 56
2 3 52 82
3 4 57 81
4 4 53 80
4 3 64 81
8 3 57 80
4 3 57 79
5 3 51 34
2 4 51 33
3 3 57 35
2 3 55 31
1 3 53 34
1 3 74 36
8 3 67 36
3 3 73 37
8 3 51 38
7 3 65 37
1 3 65 38
7 3 56 39
5 3 58 40
3 3 51 69
2 4 57 66
6 3 55 67
6 3 51 91
2 3 50 70
7 3 50 79
5 3 51 78
6 3 50 81
1 3 52 78
1 3 49 58
2 5 50 58
5 4 50 56
8 4 49 56
6 3 71 54
1 3 68 54
5 3 55 54
7 3 54 59
3 3 53 58
5 3 61 60
1 3 58 57
8 3 49 91
2 3 51 92
7 3 53 90
5 3 48 37
8 4 53 36
4 3 53 35
6 5 59 34
2 4 53 36
8 3 58 37
2 3 48 45
3 4 58 44
8 3 72 45
7 3 66 43
6 3 48 84
5 3 47 1
6 3 57 1
6 3 47 54
5 3 67 51
4 3 72 49
5 3 50 52
6 3 56 50
8 3 50 54
2 4 49 54
3 3 53 52
1 3 47 63
8 5 61 62
6 4 57 64
3 3 58 62
6 3 58 61
4 3 58 64
7 3 61 65
1 3 55 63
4 3 48 64
4 3 63 66
8 3 47 69
6 3 58 68
7 3 47 84
2 3 59 82
8 3 58 84
2 3 55 83
6 3 55 83
5 3 52 81
7 3 46 50
1 3 74 51
2 3 51 50
3 3 70 48
6 3 70 50
2 3 57 49
6 3 59 51
8 3 52 51
7 3 61 51
8 3 62 50
8 3 46 66
8 3 53 65
8 3 49 65
1 3 58 66
6 3 45 82
2 3 47 84
3 3 44 65
3 3 51 63
8 3 62 61
6 3 52 65
6 3 56 65
8 3 54 65
2 3 53 64
7 3 42 68
2 3 57 68
6 3 42 79
8 3 52 77
4 3 52 79
5 4 55 79
4 3 63 76
5 3 64 76
6 3 59 75
6 3 65 73
1 3 56 80
8 3 54 76
3 3 53 77
7 3 59 75
8 3 58 74
7 3 52 80
2 4 52 79
6 3 41 63
4 3 52 62
4 3 40 51
1 3 46 51
5 3 46 49
7 3 67 47
5 3 60 48
4 3 53 48
4 3 60 49
1 4 59 48
3 3 54 47
8 3 57 46
6 3 53 49
4 3 46 53
6 3 41 51
4 3 56 52
3 3 56 52
2 3 56 53
7 3 49 51
2 3 50 53
5 3 40 95
1 3 47 94
3 3 39 66
8 3 53 66
3 3 39 74
1 3 48 76
8 3 42 76
3 3 46 76
6 3 54 77
8 3 39 98
7 3 38 1
6 3 39 1
5 3 38 49
2 4 38 48
4 3 47 47
4 3 43 46
4 3 38 60
8 3 38 62
3 3 50 61
8 3 49 60
8 3 59 59
5 3 48 62
3 3 41 60
5 4 41 61
6 3 49 60
5 4 49 59
1 4 55 58
8 3 61 57
4 3 60 57
3 3 48 60
4 3 44 61
7 3 53 62
4 3 41 60
6 3 39 62
7 4 40 62
3 3 38 91
6 3 41 90
4 3 51 91
2 3 38 98
8 3 37 98
5 3 36 58
6 3 47 58
4 4 49 57
7 3 54 55
2 3 48 57
5 3 55 55
8 3 36 60
5 3 36 60
8 4 41 58
3 3 47 58
6 3 36 98
1 3 35 57
2 3 40 59
5 3 40 60
2 3 35 98
3 3 34 58
4 4 35 58
4 3 34 98
6 3 33 98
4 3 32 60
5 3 40 58
2 3 35 61
7 3 32 59
2 3 32 98
5 3 31 67
4 3 53 68
6 3 34 68
3 3 52 68
6 3 52 67
7 3 52 69
5 3 31 98
4 3 30 83
8 4 55 83
4 3 53 81
1 3 30 96
3 3 33 94
6 3 49 93
7 3 39 95
3 4 49 93
5 3 49 95
4 4 52 95
1 3 49 93
8 3 49 94
7 3 49 95
2 3 30 98
7 3 29 1
7 3 65 2
8 3 48 1
2 3 41 1
7 4 59 2
3 3 64 2
4 3 59 1
1 3 60 2
8 3 59 2
2 4 59 3
5 5 58 1
2 3 52 2
5 3 51 2
8 3 53 3
6 4 53 2
6 3 57 5
7 3 53 5
2 3 52 4
4 3 53 3
7 3 50 2
6 3 49 2
4 3 48 2
5 3 47 2
8 3 29 90
5 3 29 98
4 3 28 64
7 3 39 64
7 3 45 65
6 3 28 74
7 3 49 72
8 3 45 74
8 3 61 74
5 3 55 72
4 3 30 74
1 3 33 73
1 3 40 74
4 3 28 94
7 4 41 94
6 3 55 94
8 3 28 98
3 3 27 90
4 3 48 92
1 3 27 98
2 3 26 67
5 4 49 67
7 4 38 68
1 3 47 66
4 3 46 65
5 3 26 90
7 3 26 98
1 3 25 1
1 3 47 2
5 3 25 62
2 5 26 62
3 4 31 62
5 3 45 64
4 3 44 62
1 3 29 63
5 3 25 98
2 3 24 1
8 3 38 2
4 4 38 2
6 3 40 3
5 3 39 3
2 3 41 2
8 3 41 1
1 3 40 2
3 3 39 2
1 3 36 2
4 3 34 3
8 3 26 2
2 4 26 3
1 3 24 2
3 3 24 85
8 3 24 96
6 6 24 96
7 4 30 95
8 4 30 96
2 4 38 93
2 3 44 91
8 3 35 96
1 3 32 94
6 3 43 93
7 3 26 97
7 3 23 79
7 3 42 79
6 3 53 80
2 3 55 81
5 3 54 80
3 3 51 80
7 3 50 79
1 3 50 80
4 3 36 79
3 3 39 80
8 3 51 82
3 3 49 81
5 3 39 81
7 3 23 98
4 3 22 98
4 3 21 95
5 3 41 93
8 4 47 93
3 3 37 93
5 3 21 96
2 4 20 97
4 3 23 95
6 3 20 98
1 3 19 98
4 3 18 77
2 3 42 77
2 3 23 76
8 3 42 78
1 3 32 78
2 3 27 74
4 3 48 73
6 3 42 76
5 3 42 74
3 3 34 72
4 3 61 72
7 3 51 74
7 3 40 74
3 3 43 72
7 3 43 74
2 3 33 73
7 3 23 75
3 3 41 75
8 3 41 75
2 3 41 74
4 3 19 77
4 3 40 76
5 3 20 76
5 3 24 75
8 3 20 78
1 4 20 77
2 3 32 79
2 3 27 76
3 3 23 77
8 3 21 79
2 3 45 81
4 3 18 98
5 3 17 70
5 3 27 72
4 4 26 70
3 3 31 69
6 3 31 70
1 4 31 70
5 3 48 69
4 3 24 70
8 3 17 90
2 3 45 90
7 3 18 90
6 3 34 91
4 3 43 91
4 3 26 91
6 3 27 93
3 3 17 98
7 3 16 97
5 3 16 98
8 3 15 79
5 3 31 81
6 3 31 79
7 3 24 81
3 3 16 80
3 3 29 78
5 3 32 78
3 3 15 78
7 3 21 79
6 3 20 76
7 3 16 78
2 3 15 80
5 3 29 80
8 3 19 81
1 4 28 82
1 3 19 82
3 3 15 98
1 3 14 83
6 4 14 83
5 3 44 83
7 3 44 83
4 3 42 83
7 3 24 83
3 3 14 87
7 3 14 95
4 4 25 94
7 3 41 92
1 4 42 93
4 3 14 98
3 3 13 1
6 3 13 87
2 3 13 92
8 3 21 92
7 3 29 93
6 3 22 94
7 3 13 98
3 3 12 87
5 3 12 93
3 3 29 92
2 3 12 98
3 3 11 81
8 3 20 81
7 3 28 82
5 3 15 80
5 3 11 85
5 3 18 83
1 3 15 84
7 4 15 84
7 3 34 83
1 3 28 85
8 3 17 83
2 3 11 87
6 3 11 90
1 4 10 91
5 3 17 91
1 3 32 90
3 3 23 91
4 3 26 92
6 3 21 90
3 3 11 98
8 3 10 1
5 3 10 79
8 3 10 86
3 3 12 83
1 3 10 87
7 3 10 90
5 3 12 90
7 3 15 92
5 3 18 90
8 3 21 91
4 3 15 92
1 4 20 92
1 3 21 93
5 3 20 91
7 3 26 90
1 3 15 91
2 3 17 91
7 3 15 91
8 3 15 90
5 4 20 90
4 3 14 90
6 3 12 92
2 3 25 94
3 3 20 94
8 3 10 98
2 3 9 87
7 3 9 93
3 3 9 92
4 3 9 93
6 3 11 92
3 3 13 91
1 3 12 90
8 3 9 93
2 3 9 93
3 3 21 94
6 3 11 93
7 3 18 94
8 3 18 95
1 3 9 98
5 3 8 87
4 3 8 98
5 3 7 81
7 3 7 87
1 3 7 98
8 3 6 87
7 3 6 91
8 3 8 91
7 3 6 98
3 3 5 1
4 3 5 87
2 3 5 98
1 3 4 87
4 3 4 98
3 3 3 5
6 3 24 5
1 3 24 7
4 3 10 4
3 3 30 3
6 3 20 4
6 4 28 1
5 3 22 4
4 3 27 3
7 3 21 2
1 3 19 4
2 3 18 3
7 4 18 2
6 3 19 1
8 3 9 4
3 3 8 4
2 6 8 3
4 3 16 1
2 3 16 5
6 3 12 3
5 3 6 4
4 3 5 4
5 4 16 2
3 3 4 4
8 3 3 4
1 5 4 5
6 6 2 3
8 3 15 1
8 3 10 4
7 3 3 87
8 3 3 96
3 3 4 95
5 3 13 95
3 3 8 95
5 4 8 96
5 3 3 98
1 3 2 87
8 3 2 98
5 3 1 87
8 3 17 85
6 3 21 83
2 3 17 83
5 3 32 81
7 3 32 81
8 3 32 83
5 3 10 86
2 3 14 85
2 3 2 87
2 3 5 85
1 3 1 95
2 2 78 14
8 2 75 17
5 2 74 12
6 2 75 13
8 2 74 13
3 2 74 12
7 2 74 11
4 2 74 13
3 2 74 17
5 2 74 17
7 2 74 18
7 2 73 14
2 2 73 14
5 2 73 15
2 3 72 15
1 2 73 17
1 2 72 11
7 2 72 13
5 2 72 17
6 2 72 17
4 2 72 43
3 2 75 43
6 2 72 43
8 2 72 43
3 2 72 46
5 2 69 14
8 2 70 15
4 2 69 29
5 2 69 44
8 2 71 44
2 2 72 45
5 2 72 45
7 2 73 45
4 2 72 46
2 2 71 46
4 2 69 48
5 2 68 31
1 3 67 30
1 2 67 17
5 2 67 16
2 2 68 17
6 2 68 18
1 2 67 18
3 2 69 19
5 2 69 19
7 2 69 20
7 2 67 17
3 2 67 22
7 2 67 21
5 2 67 39
8 2 67 49
4 2 66 17
6 2 66 20
3 2 66 19
6 2 66 27
5 2 66 42
8 3 66 43
6 2 66 41
1 2 66 42
5 2 65 16
2 4 65 15
3 2 69 14
1 2 69 14
5 2 65 20
8 2 65 19
3 2 65 27
2 2 67 26
5 2 69 27
3 2 65 41
7 2 65 40
4 2 65 45
7 2 69 44
3 2 68 44
4 2 68 43
2 2 65 48
3 2 65 48
8 2 64 21
4 2 64 24
4 2 65 24
1 3 65 25
8 2 64 25
3 2 65 24
7 2 64 42
5 2 64 45
3 3 63 44
2 4 63 44
7 2 64 48
7 2 63 16
1 4 63 15
5 2 63 36
7 2 63 36
2 2 63 41
6 2 63 46
5 2 63 46
3 2 62 24
4 2 64 25
8 2 62 37
1 2 62 48
3 2 62 55
8 2 61 16
4 4 61 15
2 2 66 14
2 2 61 20
7 2 61 24
2 2 61 27
8 2 66 28
3 2 66 28
2 3 65 28
4 2 64 28
6 2 61 27
2 2 61 30
5 2 61 31
1 3 60 31
6 2 62 29
8 2 61 32
5 2 61 47
8 2 61 52
7 2 60 20
3 2 60 26
6 2 60 46
1 2 61 45
7 2 61 46
4 2 60 46
8 2 60 47
7 2 59 16
1 2 59 20
2 2 62 21
7 2 68 22
5 2 67 22
2 2 66 22
6 2 59 25
6 2 60 24
5 3 60 23
4 2 59 31
8 2 59 34
3 2 59 43
7 2 59 42
2 2 59 42
2 2 58 16
8 2 58 20
5 2 61 21
7 2 61 21
1 2 60 19
4 2 58 34
7 2 58 33
2 2 58 36
8 2 58 43
5 2 58 44
2 2 58 45
8 2 58 46
1 2 58 47
1 2 60 48
4 2 57 10
5 2 70 11
4 2 57 16
4 2 57 20
3 2 57 36
4 2 61 36
4 2 57 37
6 3 56 37
5 2 64 39
8 2 64 39
6 2 57 45
5 2 57 49
1 2 56 10
4 2 61 11
2 2 67 12
7 2 66 12
1 3 66 12
6 2 67 11
8 2 64 12
4 3 64 12
5 2 66 13
7 2 62 12
8 2 63 13
2 2 61 12
4 2 58 11
5 2 59 12
4 2 59 13
7 2 60 14
2 2 59 14
6 2 58 12
5 2 58 13
7 2 60 14
4 2 58 14
5 2 56 16
7 2 56 20
8 2 56 29
3 2 59 28
6 2 58 29
6 2 62 28
3 2 56 39
1 2 63 40
3 2 59 40
6 2 59 41
1 2 56 40
4 3 56 41
7 2 60 40
8 2 57 40
1 2 56 46
8 2 55 1
6 2 55 16
2 2 55 20
4 2 56 21
2 2 59 22
7 2 58 22
1 3 58 23
8 3 57 23
3 3 56 21
7 2 55 37
2 2 55 38
2 2 55 41
2 2 57 40
8 2 57 41
8 2 55 43
3 2 55 48
6 2 55 48
7 2 55 71
3 2 55 72
6 2 54 10
4 2 54 16
4 2 54 20
5 4 54 19
6 4 53 19
4 3 53 18
7 2 61 18
5 2 54 29
8 2 57 28
1 2 58 29
7 3 58 29
3 2 54 32
7 2 54 32
5 2 54 34
8 2 54 42
1 3 54 43
4 2 54 55
6 2 57 55
7 3 57 55
4 2 59 55
3 2 56 56
2 3 55 56
1 2 53 16
2 2 53 29
7 4 53 28
2 3 53 28
4 3 53 30
2 2 60 30
3 2 55 30
2 2 55 30
7 2 54 27
2 2 58 26
4 2 59 25
5 2 58 25
2 3 58 24
7 3 57 24
5 2 53 41
4 2 53 45
5 2 55 45
8 2 56 44
7 2 56 44
8 2 53 55
2 2 53 67
8 2 52 16
6 2 52 35
7 2 52 35
3 2 52 36
3 2 54 36
6 2 52 36
5 2 52 39
1 3 52 38
3 2 57 38
7 2 52 39
6 3 52 39
4 3 51 37
8 2 52 53
5 3 52 54
6 2 52 54
3 2 52 56
1 2 52 70
5 2 53 71
8 2 53 72
3 2 52 70
4 2 51 16
4 2 51 20
1 2 51 29
2 2 51 54
1 2 50 16
1 2 50 20
8 2 50 29
1 2 55 30
7 2 55 30
6 2 50 37
2 2 50 39
8 3 52 38
1 3 53 39
4 2 53 39
3 2 52 39
2 2 52 39
8 2 50 42
3 3 49 41
1 2 50 40
5 2 50 40
5 2 50 48
3 2 50 49
1 2 50 50
4 2 50 54
1 3 50 55
3 2 50 56
2 2 50 72
6 2 49 16
8 2 49 20
4 2 49 29
7 2 51 30
7 2 49 42
8 2 49 50
7 2 49 56
4 2 49 71
6 2 51 70
4 2 48 16
4 2 48 20
7 2 48 29
6 2 48 43
5 2 51 44
7 2 51 45
6 2 53 46
5 2 53 47
4 2 50 44
2 2 48 52
1 3 47 52
3 2 55 51
4 2 50 52
5 2 55 51
3 2 49 51
1 2 48 71
1 2 47 16
1 2 47 20
2 2 47 29
8 2 49 30
2 2 54 31
6 2 52 31
7 2 55 32
8 2 47 40
4 2 47 47
8 2 51 46
2 2 51 46
8 2 48 46
5 2 47 56
2 2 47 59
6 2 47 70
2 2 46 16
6 2 46 20
4 2 46 29
5 3 46 30
5 2 46 44
6 2 51 43
2 2 50 43
4 2 50 44
3 2 50 45
4 2 47 43
8 2 48 44
1 2 48 45
5 2 48 45
2 2 46 48
3 2 51 48
1 2 49 47
4 2 49 48
6 2 48 47
7 2 46 67
3 2 46 78
5 2 45 16
4 2 45 20
3 2 45 49
5 2 45 58
6 2 45 59
2 2 44 10
4 2 52 11
1 2 56 12
4 2 56 13
6 2 56 14
1 2 56 14
8 2 55 12
4 2 54 12
1 2 53 12
6 2 52 12
1 2 51 11
2 2 54 10
5 2 53 10
2 2 50 11
7 2 52 10
5 2 49 11
7 2 48 11
6 2 47 11
4 2 46 11
2 2 51 10
7 2 50 10
5 2 45 11
8 3 45 11
4 2 48 10
7 2 44 16
1 2 44 20
6 2 44 29
5 2 44 42
6 2 44 50
4 2 47 51
5 2 47 51
4 2 44 55
4 2 47 54
2 2 46 54
6 2 44 55
1 3 43 54
8 2 44 54
1 2 44 65
5 2 44 66
7 2 43 9
6 2 43 16
2 2 43 20
4 2 43 29
4 2 43 37
1 2 46 36
1 2 50 35
2 3 50 36
5 2 49 36
7 2 48 35
2 2 46 38
5 2 46 39
7 2 45 38
1 3 45 38
8 3 44 39
7 3 43 38
5 2 45 37
8 2 45 36
7 2 43 36
7 2 44 35
8 2 47 34
2 2 43 42
6 2 43 48
1 2 45 47
3 2 45 47
2 2 44 46
1 2 43 47
8 4 43 48
7 3 42 47
5 3 41 46
7 2 44 50
3 2 43 51
1 2 49 52
4 2 42 16
5 2 42 20
1 2 42 29
7 2 42 42
7 2 42 52
4 2 42 56
5 2 42 57
4 2 42 58
3 2 42 59
6 2 42 63
6 2 42 73
3 2 42 74
1 3 41 73
3 2 46 72
5 2 43 72
5 2 41 16
7 2 41 20
8 2 41 29
2 2 41 37
4 2 43 36
2 4 43 35
4 3 43 34
1 2 41 42
1 2 47 43
3 2 41 51
8 2 41 65
5 3 40 65
3 2 42 66
4 2 41 72
4 2 43 71
7 2 43 72
8 2 41 71
6 2 41 71
5 2 49 70
1 2 49 69
8 2 43 70
8 2 40 16
6 2 40 20
4 2 40 29
4 2 40 37
8 2 40 42
4 3 40 43
4 2 40 41
3 2 40 42
1 2 40 49
8 2 45 49
3 2 40 48
4 2 40 48
6 2 40 49
5 3 40 49
2 2 42 49
7 2 40 57
1 2 41 57
8 2 40 58
8 2 40 63
3 2 40 64
7 2 40 65
2 2 40 66
1 3 40 67
5 2 40 68
8 2 44 67
1 2 43 67
2 2 43 67
8 2 41 67
7 2 41 67
5 2 40 66
6 2 39 9
4 2 39 9
1 2 43 10
4 2 43 10
6 2 41 10
3 2 41 11
2 2 42 12
4 2 50 13
8 2 53 14
4 2 52 14
1 3 52 15
6 2 50 14
4 2 50 15
1 2 49 13
2 3 49 13
5 2 47 13
7 2 46 13
6 2 45 13
4 2 44 13
5 2 43 13
8 2 42 13
1 2 41 12
5 2 40 10
6 2 40 11
3 2 40 12
3 2 39 10
2 2 39 10
2 2 39 16
4 2 39 20
1 2 39 29
5 2 39 37
8 2 39 43
5 2 42 44
2 2 41 44
7 2 40 44
6 2 42 45
8 2 42 46
1 2 39 44
4 2 39 66
6 3 39 65
1 2 38 16
5 2 38 20
6 2 38 29
6 2 38 37
7 2 41 38
4 2 41 39
6 2 39 36
5 2 41 35
7 2 38 42
2 3 38 43
7 2 38 53
2 2 42 54
2 2 38 54
1 2 40 55
3 2 37 16
8 2 37 20
4 2 37 29
4 2 37 37
1 4 37 36
8 3 36 38
4 2 39 35
3 2 37 52
5 3 36 51
7 2 45 51
6 2 41 52
6 2 43 51
4 2 41 51
8 2 39 51
8 2 40 52
2 2 39 52
4 2 37 54
5 2 37 54
3 2 37 54
2 2 37 56
3 2 37 59
4 2 37 58
6 3 37 59
8 3 36 56
7 2 39 57
7 2 37 62
6 2 37 64
3 2 38 64
2 2 37 66
5 2 37 70
6 2 37 72
3 2 38 72
3 2 37 77
1 3 37 76
2 2 37 78
6 2 36 16
2 2 36 20
1 2 36 29
4 2 36 42
5 3 36 43
2 2 36 52
8 3 36 53
7 2 36 57
8 2 36 74
2 3 35 73
5 3 36 72
6 2 36 82
5 2 35 16
1 2 35 20
2 2 35 29
1 2 35 57
2 2 37 56
6 2 35 56
3 2 35 55
2 2 35 69
7 2 39 68
4 2 41 69
7 2 43 70
2 2 41 69
4 2 40 68
7 2 41 69
1 2 41 70
6 2 40 68
3 2 36 68
5 2 36 67
2 3 36 68
5 2 39 70
1 2 36 67
8 2 35 67
2 2 35 71
6 2 37 70
7 2 36 70
4 2 35 72
7 3 35 73
3 2 34 16
3 2 34 20
5 2 34 29
4 2 34 37
1 2 35 38
2 2 39 39
2 2 43 40
7 2 42 40
1 3 42 40
8 2 40 40
7 2 39 40
4 2 38 39
5 2 37 39
6 3 37 39
4 3 36 39
6 2 34 42
8 2 34 63
1 2 38 62
2 2 38 63
1 2 36 62
4 2 36 61
6 2 36 62
5 2 34 62
2 2 36 61
1 2 35 61
5 2 34 74
7 2 33 8
4 2 33 16
6 2 33 20
7 2 33 29
1 2 33 37
4 2 33 42
6 2 33 61
8 2 33 60
1 2 33 66
6 2 33 67
7 2 33 68
4 2 32 9
3 2 36 10
4 2 37 11
5 2 38 12
6 2 38 13
2 2 40 14
1 2 39 14
3 2 38 14
3 2 37 12
2 2 36 11
8 3 36 11
4 2 34 10
1 3 34 11
6 2 32 10
2 2 32 16
5 2 32 20
6 2 32 29
6 2 32 37
1 2 32 42
2 2 36 43
7 2 40 44
3 2 40 45
4 2 37 44
8 2 37 45
2 2 39 46
7 2 38 46
1 3 38 46
7 2 36 44
5 2 34 43
4 2 34 44
6 2 34 44
2 2 34 45
4 2 35 46
7 3 35 46
6 2 32 70
8 2 34 69
8 2 35 70
1 2 32 73
1 2 34 73
2 3 34 73
6 3 33 72
8 2 33 73
3 2 32 73
4 2 32 74
2 2 38 75
6 2 34 75
2 2 34 76
3 2 31 16
3 2 31 20
4 2 31 29
4 2 31 37
8 2 31 42
1 2 31 59
5 3 34 58
7 2 32 59
4 2 32 59
5 2 31 64
3 2 31 82
8 2 33 83
6 2 31 82
8 2 30 16
4 2 30 20
5 2 30 29
1 2 30 37
4 2 30 42
2 2 30 58
6 2 30 80
4 2 30 82
5 2 29 9
3 2 31 8
2 3 31 9
3 2 30 10
7 2 30 9
4 2 30 11
3 2 34 12
4 2 35 13
5 2 36 14
3 2 35 14
2 2 34 13
8 2 33 12
4 2 32 12
1 2 31 12
6 2 30 12
8 2 29 10
3 2 29 9
6 3 29 10
5 2 29 11
4 2 29 16
2 2 29 20
8 2 29 29
2 2 29 37
5 3 29 38
1 2 29 42
8 2 30 43
4 2 31 44
1 3 31 44
3 2 30 43
6 2 30 44
8 2 29 62
1 2 32 63
5 2 29 66
2 2 29 67
4 2 30 66
7 2 29 68
4 2 29 71
1 2 33 70
2 2 29 72
7 2 29 74
5 2 28 1
1 2 28 16
3 2 28 20
2 2 28 29
6 2 28 42
2 2 28 64
7 2 28 66
5 2 28 73
7 2 28 76
5 3 27 76
8 2 30 75
4 2 28 81
6 2 27 1
1 2 27 9
1 2 28 8
6 2 27 16
8 2 27 20
1 2 27 29
3 3 27 30
7 2 27 37
4 2 27 42
5 2 27 62
4 2 30 63
7 2 30 64
2 2 27 68
5 3 27 68
4 2 28 68
3 2 28 69
5 2 28 69
4 3 27 69
6 2 27 70
3 2 28 71
5 3 28 71
4 2 27 71
7 2 27 72
3 2 27 73
4 2 27 77
7 2 26 9
4 2 26 16
4 2 26 20
6 2 26 37
1 2 26 42
3 2 26 64
8 2 26 67
4 3 26 67
3 2 26 71
7 2 29 70
2 2 29 71
1 2 26 76
3 2 28 77
2 2 25 9
3 2 25 16
1 2 25 20
6 2 25 29
4 2 25 37
2 2 25 42
7 2 25 64
5 2 25 65
7 2 25 68
1 3 24 68
5 2 25 71
1 2 25 74
7 3 24 72
6 2 25 75
6 2 24 9
8 2 24 16
6 2 24 20
5 2 24 29
5 2 24 37
5 2 24 42
6 2 24 70
8 2 24 74
5 2 24 83
1 2 27 83
5 2 27 83
8 2 25 83
4 2 29 84
3 2 26 84
8 2 23 9
5 2 23 16
4 2 23 20
3 2 23 29
8 2 23 37
7 2 23 42
6 2 23 75
7 2 23 76
1 2 23 76
2 2 23 93
7 2 22 9
6 2 22 16
3 2 22 20
4 2 22 29
2 2 22 37
6 2 22 42
3 2 22 68
7 2 22 70
8 2 23 70
1 2 23 70
4 2 22 74
7 2 22 80
1 2 26 81
2 2 26 82
2 2 22 81
4 3 22 80
2 2 24 79
6 2 22 80
3 2 22 81
2 2 24 82
3 2 24 83
3 2 22 84
2 2 22 91
1 2 21 1
2 2 21 1
1 2 21 16
8 2 21 20
2 2 21 29
1 2 21 37
4 2 21 42
4 2 21 68
5 2 21 72
8 2 21 77
3 2 21 80
3 2 21 91
7 2 20 1
7 2 20 16
5 2 20 20
3 2 20 29
3 2 20 37
5 2 20 42
6 2 20 73
8 2 20 74
2 3 20 75
3 4 20 75
7 3 19 76
7 2 20 91
2 2 19 16
6 2 19 20
8 2 19 29
6 2 19 37
8 2 19 42
1 2 19 70
2 2 20 71
3 2 20 70
4 2 19 72
1 2 19 78
4 2 25 78
4 2 19 79
5 3 19 80
8 2 23 78
1 3 23 78
3 2 22 77
1 2 19 78
5 2 21 77
4 2 21 77
2 2 19 77
6 2 18 16
1 2 18 20
4 2 18 29
5 2 18 37
2 2 18 42
1 2 18 73
2 2 18 74
5 2 18 75
7 2 17 7
1 2 19 8
1 2 20 9
2 4 20 10
6 2 26 11
3 2 28 12
4 2 28 13
3 2 32 14
8 2 31 14
4 2 30 14
1 2 29 14
6 2 28 14
8 2 27 12
5 2 26 12
1 2 25 11
7 2 24 11
2 2 23 11
6 2 22 11
8 2 21 11
7 2 20 11
5 2 18 8
4 3 18 9
7 2 20 7
2 2 19 7
6 2 18 7
8 2 17 7
5 2 17 9
1 2 17 10
1 2 18 11
2 4 18 12
6 2 24 13
3 2 26 14
8 2 25 14
5 2 24 14
1 2 23 13
7 2 22 13
2 2 21 13
6 2 20 13
8 2 19 13
7 2 18 13
8 2 17 16
7 2 17 20
1 2 17 29
3 2 17 37
1 2 17 42
7 2 17 72
6 2 17 75
2 2 17 76
1 3 16 75
7 2 17 74
8 2 17 77
4 2 17 81
7 2 23 82
3 2 19 82
7 2 19 83
8 3 19 82
2 2 20 84
6 2 16 7
7 2 16 16
2 2 16 20
6 2 16 29
4 2 16 37
3 2 16 42
5 2 16 72
8 2 16 79
5 2 16 80
3 2 16 83
2 2 15 16
6 2 15 20
4 2 15 29
2 2 15 37
6 2 15 42
7 2 15 73
8 3 15 74
1 2 15 80
8 2 15 93
8 2 21 92
5 3 21 93
6 2 21 94
2 2 20 93
6 2 20 92
1 2 20 94
1 2 14 16
8 2 14 20
3 2 14 29
3 2 14 37
5 2 14 42
6 2 14 75
5 2 15 76
7 2 19 77
6 2 15 77
2 2 14 77
2 2 14 93
5 2 17 92
4 2 20 91
4 2 18 91
3 2 15 92
1 2 17 91
2 2 13 16
7 2 13 20
8 2 13 29
8 2 13 37
3 2 13 42
8 2 13 75
3 2 13 74
6 2 13 81
6 2 15 82
4 2 15 83
4 2 16 84
1 3 16 85
6 2 16 85
3 2 14 80
5 2 14 82
7 2 13 82
1 2 15 81
7 2 15 81
3 2 13 82
4 2 12 2
3 2 23 1
1 2 23 1
4 2 23 2
8 2 20 1
1 2 12 16
2 2 12 20
5 2 12 29
4 2 12 37
4 2 12 42
3 2 12 76
8 2 13 77
8 2 18 78
3 2 18 78
3 2 12 86
5 2 14 87
3 3 14 87
1 2 13 88
8 2 11 2
7 2 20 1
5 2 18 1
4 2 14 1
2 2 11 1
5 2 11 16
1 2 11 20
6 2 11 29
1 2 11 37
2 2 11 42
7 2 11 81
8 2 11 83
4 2 11 85
1 2 11 92
1 2 12 91
2 3 12 91
4 2 12 92
5 2 12 93
6 2 11 92
7 2 11 91
4 2 10 16
2 2 10 20
1 2 10 29
5 2 10 32
7 2 47 31
4 2 45 31
1 2 48 32
4 2 42 31
5 2 49 32
3 2 52 33
5 2 42 33
6 2 41 33
4 3 41 33
4 3 42 33
2 3 45 32
7 3 43 32
4 2 45 31
1 2 43 32
5 2 43 31
7 2 41 33
1 2 41 34
8 2 41 35
2 2 40 33
4 2 39 31
1 2 39 33
8 3 39 33
4 3 38 33
2 3 41 32
1 3 37 33
6 3 36 34
8 3 38 34
1 2 38 31
4 2 36 31
6 2 37 32
1 2 35 31
3 2 35 33
4 2 34 33
1 3 34 33
2 2 32 33
5 2 31 33
7 3 31 34
6 2 29 33
4 2 28 33
5 2 27 33
8 2 26 33
2 2 25 33
1 2 24 33
3 2 23 33
3 2 22 31
6 2 22 33
5 2 21 33
3 2 20 33
3 2 19 31
4 2 19 33
2 2 18 33
3 2 17 33
8 2 16 33
4 2 15 33
4 2 14 31
1 2 14 33
6 2 13 33
4 2 12 33
3 2 11 33
8 2 10 33
6 2 10 37
3 2 10 42
6 2 10 83
2 2 10 85
2 2 18 84
6 2 16 84
8 2 12 85
2 2 13 84
7 2 12 85
5 2 11 85
4 2 10 92
8 2 10 93
7 2 9 16
1 2 9 20
7 2 9 29
6 2 9 32
8 2 33 31
5 2 26 31
4 2 16 31
4 2 9 37
8 2 9 42
7 2 9 83
5 2 9 84
3 2 9 90
6 2 9 94
8 2 8 3
2 2 9 2
2 2 14 1
6 2 8 16
5 2 8 20
2 2 8 29
1 2 8 32
3 2 13 31
8 2 12 31
6 2 10 31
3 2 8 37
4 2 8 42
2 2 8 78
2 2 8 87
2 2 7 16
4 2 7 20
6 2 7 29
7 2 7 32
5 2 25 31
6 2 23 31
4 2 22 31
2 2 20 31
5 2 16 31
2 2 14 31
1 2 9 31
5 2 7 36
4 2 36 35
1 2 36 35
6 2 35 35
1 2 7 42
7 2 7 78
1 4 7 77
7 2 12 76
2 2 10 79
3 2 9 78
4 2 12 79
2 2 12 80
7 2 11 79
5 2 9 77
7 2 6 16
7 2 6 20
8 2 6 29
2 2 6 32
8 2 17 31
1 2 16 31
6 2 14 31
4 2 13 31
8 2 12 31
1 2 11 31
6 2 10 31
5 2 9 31
6 2 6 36
4 2 33 35
1 2 32 35
3 2 19 35
3 2 16 35
4 2 11 35
6 2 6 42
2 2 6 87
3 3 6 88
2 2 8 87
5 2 7 89
5 2 5 16
6 2 5 20
7 2 5 29
6 2 5 32
7 2 8 31
2 2 7 31
1 2 5 36
5 2 23 35
4 2 13 35
4 2 5 42
8 2 5 78
4 4 5 77
1 2 8 76
2 2 7 77
7 2 6 79
2 2 6 80
4 2 7 79
4 2 4 16
2 2 4 20
2 2 4 29
8 2 4 32
7 2 4 36
3 2 10 35
8 2 9 35
6 2 7 35
6 2 8 34
3 2 4 42
8 2 3 16
7 2 3 20
1 2 3 29
7 2 3 32
2 2 3 36
1 2 6 35
1 2 7 34
8 2 3 42
7 2 3 78
2 4 3 77
4 4 2 77
4 2 6 76
5 2 3 85
1 2 10 84
6 2 2 1
3 2 9 1
5 2 8 1
4 2 7 1
3 2 11 2
5 2 9 2
3 2 6 1
8 3 6 1
1 2 4 1
6 3 4 2
7 3 3 1
6 2 2 16
5 2 2 20
2 2 2 29
2 2 2 32
6 2 2 36
8 4 2 35
5 2 18 35
6 2 16 35
4 2 15 35
2 2 13 35
5 2 9 35
2 2 7 35
8 2 7 36
2 2 13 35
8 2 11 35
1 2 10 35
6 2 8 35
4 2 7 35
6 2 5 36
3 2 7 35
5 2 5 37
8 2 33 38
1 2 33 39
4 2 32 38
1 2 31 38
6 2 30 38
4 2 29 38
1 2 28 38
2 2 27 38
5 2 26 38
7 2 25 38
6 2 24 38
4 2 23 38
5 2 22 38
8 2 21 38
2 2 20 38
1 2 19 38
3 2 18 38
6 2 17 38
5 2 16 38
3 2 15 38
4 2 14 38
2 2 13 38
3 2 12 38
8 2 11 38
4 2 10 38
1 2 9 38
6 2 8 38
4 2 7 38
3 2 6 38
8 2 5 38
2 2 3 35
7 2 6 34
1 2 4 36
5 2 2 41
4 2 2 86
1 3 3 85
7 3 4 84
1 2 5 83
4 2 5 85
5 2 4 83
2 3 4 82
4 2 6 83
3 2 3 83
6 2 4 84
7 2 4 84
2 2 3 87
8 2 3 86
3 5 3 87
1 2 3 88
7 2 3 88
6 2 7 89
4 2 5 89
1 2 8 90
8 2 4 89
5 2 5 90
5 2 2 91
7 2 2 92
5 2 1 1
2 2 1 16
4 2 41 15
7 2 56 16
4 2 54 16
1 2 51 16
8 2 50 16
4 2 49 16
1 2 48 16
6 3 48 16
4 2 46 16
1 2 45 16
2 3 45 17
5 3 44 16
7 3 43 17
6 2 41 16
2 2 14 15
1 4 14 14
8 2 41 16
4 2 40 16
6 2 24 15
3 2 42 16
5 2 41 16
2 2 40 16
4 2 23 15
2 2 37 16
3 2 32 16
3 2 29 16
4 2 24 16
5 2 33 15
1 2 33 16
8 2 32 15
1 2 30 15
5 2 28 15
2 2 16 13
1 4 16 12
4 2 1 18
4 2 29 17
7 2 54 18
4 2 54 19
1 2 55 20
8 2 54 20
6 2 58 21
2 2 53 18
7 2 53 19
4 2 52 18
5 2 51 18
6 2 50 18
4 2 49 18
1 3 49 18
8 2 47 18
4 3 47 18
1 2 45 18
6 2 44 18
4 2 43 18
1 2 42 18
2 2 41 18
5 2 40 18
7 2 39 18
6 2 38 18
4 2 37 18
7 2 38 19
2 2 51 20
2 2 56 21
4 2 52 21
1 2 53 22
1 2 54 23
8 2 52 22
7 3 52 22
4 2 51 22
4 2 50 20
5 3 50 21
6 3 49 20
4 2 47 20
1 2 46 20
8 3 46 21
4 2 44 20
1 2 43 20
6 2 42 20
4 2 41 20
1 2 40 20
2 2 39 20
3 2 38 19
5 2 38 20
5 2 36 18
8 3 36 18
2 2 34 18
4 2 34 17
1 2 33 18
3 2 32 18
6 3 32 18
8 2 32 17
5 2 30 18
3 2 29 18
3 2 31 17
2 2 28 17
2 2 11 17
1 4 11 16
1 3 22 16
6 2 26 15
4 2 25 15
2 2 25 16
8 2 23 17
4 2 22 17
4 2 24 18
4 2 27 19
6 2 36 20
7 2 36 21
2 2 49 22
7 2 49 23
4 2 48 22
2 2 48 23
4 2 48 24
5 2 47 22
6 2 46 22
4 2 45 22
1 2 48 23
7 2 48 23
1 2 44 22
6 2 45 23
8 2 43 22
4 2 42 22
4 2 44 23
1 2 43 23
1 2 41 22
6 2 40 22
4 2 39 22
1 2 38 22
2 2 37 22
5 2 36 22
4 2 35 20
5 2 34 20
8 2 33 20
2 2 32 20
1 2 31 20
3 3 31 21
6 2 29 20
5 2 28 20
3 2 27 20
2 2 26 19
3 2 25 19
8 2 24 19
6 2 21 17
1 2 1 25
6 2 12 24
1 2 11 24
3 2 25 23
3 2 22 23
3 2 26 22
4 2 17 23
8 2 17 24
4 2 19 23
4 2 21 22
2 2 9 24
3 2 16 23
5 2 25 22
2 2 23 22
2 2 3 24
1 4 3 23
7 3 6 23
6 3 14 22
3 3 24 21
4 2 22 21
6 2 22 22
2 2 23 21
4 2 23 20
8 2 20 22
8 2 22 21
1 2 21 21
1 2 19 22
7 2 20 23
6 2 18 22
3 2 18 21
4 2 18 23
5 2 17 23
8 2 15 22
6 2 19 21
4 2 18 21
2 2 15 23
1 2 14 23
2 2 5 22
1 4 5 21
2 2 7 20
1 4 7 19
4 2 20 18
3 4 20 17
8 2 18 18
1 2 19 19
6 2 18 19
5 2 17 18
6 2 16 18
1 2 15 18
7 4 15 17
5 2 19 16
2 2 13 18
6 2 12 18
8 2 11 18
7 2 10 18
2 2 9 18
1 2 8 18
6 2 5 23
8 2 4 23
2 3 4 22
5 2 13 21
7 2 3 23
5 2 10 24
2 2 9 24
1 2 8 24
3 2 5 24
6 2 5 25
1 2 1 26
6 2 1 34
7 2 1 77
