863290
1391
1 359 90 26
2 348 90 1
1 285 63 1
2 455 78 6
2 282 63 26
1 450 68 43
6 27 16 58
5 24 6 91
6 23 19 52
7 21 23 98
7 21 14 59
6 20 32 77
5 20 15 52
6 17 16 80
7 17 13 55
6 17 13 66
5 19 11 72
6 19 28 69
6 18 11 72
7 25 9 72
5 16 13 72
7 24 21 66
6 21 22 65
6 21 22 75
5 15 20 75
5 15 18 55
6 20 15 61
5 22 13 58
7 20 18 62
5 24 20 64
6 21 14 58
7 18 13 54
6 21 15 54
6 14 29 82
5 17 30 82
7 14 25 85
6 21 26 84
7 14 18 78
2 14 14 50
6 14 13 92
7 16 29 91
7 17 38 100
5 17 40 96
5 14 12 61
6 14 12 68
6 13 13 86
6 16 20 96
5 16 19 95
6 19 19 96
5 14 11 92
7 20 13 94
1 13 12 25
1 13 15 25
4 15 26 24
3 13 27 23
7 13 5 88
5 13 17 84
2 12 27 22
3 12 27 27
1 12 27 29
3 12 27 31
1 12 27 33
3 12 27 35
1 12 27 37
3 12 27 39
1 12 27 41
3 12 27 43
2 12 27 46
3 13 27 47
4 12 27 48
5 12 22 62
2 12 13 50
3 12 12 27
2 13 25 26
1 12 12 29
3 12 12 31
1 12 12 33
1 12 10 20
6 12 4 92
4 11 37 36
2 11 37 38
4 11 37 40
2 11 37 42
2 11 26 46
3 12 26 46
4 11 25 23
2 11 13 50
5 11 11 56
7 11 26 52
5 11 11 58
6 11 8 72
7 12 10 73
1 10 37 45
4 11 37 44
1 10 36 37
3 10 36 39
1 10 36 41
3 10 36 43
5 10 19 86
6 10 16 64
7 14 23 64
5 11 38 67
1 10 14 49
4 13 13 48
1 10 18 49
2 10 13 50
3 10 12 35
4 10 12 48
6 10 9 74
5 11 17 79
7 11 22 80
5 14 21 79
3 10 65 82
7 10 6 87
6 11 16 87
7 10 11 84
6 11 12 89
5 10 24 86
7 10 4 83
5 10 26 82
4 9 36 28
1 9 32 49
1 9 25 37
3 9 25 39
1 9 25 41
3 9 25 43
4 9 22 28
2 9 22 30
2 10 29 30
4 13 26 32
2 9 22 34
2 9 29 34
4 9 22 40
5 9 17 94
7 9 15 73
5 10 47 71
6 10 14 75
1 9 14 21
2 9 23 22
3 9 9 23
5 9 8 97
5 9 14 98
7 9 13 95
7 9 4 96
3 10 60 91
5 10 56 91
3 10 54 91
3 11 55 89
4 19 55 89
4 10 52 91
5 10 47 91
5 10 52 92
4 10 46 91
3 18 46 92
5 10 41 91
3 11 40 89
6 10 14 95
6 10 6 100
5 13 7 99
7 9 7 98
5 9 2 86
5 30 10 85
7 11 24 85
7 11 11 89
6 11 4 84
6 9 22 83
7 9 4 82
6 12 4 86
5 9 35 86
3 9 33 81
5 8 49 75
3 10 57 77
1 8 48 1
4 8 47 68
5 10 54 72
5 9 47 68
3 8 67 65
3 8 49 64
3 8 44 65
5 8 63 67
4 9 63 66
1 8 37 45
6 8 29 63
4 8 61 66
4 8 24 32
2 8 23 26
4 8 22 36
2 8 22 38
2 8 22 42
8 8 23 38
1 8 21 31
3 8 22 31
1 8 17 21
7 8 14 78
6 10 24 81
4 9 67 78
7 9 22 79
5 15 21 80
4 11 56 75
3 9 58 79
5 9 41 71
4 12 40 71
3 8 60 76
5 10 58 76
3 8 46 69
4 9 45 69
3 11 59 64
5 10 59 63
4 9 57 65
5 8 42 64
3 8 56 62
5 9 60 66
3 8 40 76
3 8 13 23
2 8 6 22
5 8 5 80
6 13 8 79
4 10 41 83
5 13 41 82
3 8 41 85
2 7 48 2
4 7 43 75
1 7 38 1
2 7 38 2
3 10 38 3
4 8 38 4
1 9 38 5
3 8 40 3
4 9 38 4
2 8 38 6
1 9 38 5
3 9 38 7
2 9 38 6
4 8 38 8
3 9 38 7
1 9 38 9
2 8 38 10
3 9 38 11
4 8 38 12
1 9 38 13
2 8 38 14
3 8 36 15
4 7 38 81
5 9 41 77
4 12 41 78
3 8 41 80
5 10 42 80
4 7 42 81
5 7 30 54
5 7 26 84
6 7 23 100
4 7 22 44
1 8 22 44
4 7 17 20
5 7 17 89
6 8 17 92
7 10 16 91
5 8 29 88
7 7 16 70
5 10 58 69
3 10 59 64
4 10 34 71
3 9 55 68
4 15 58 65
5 9 36 69
3 8 34 73
3 10 39 73
3 8 40 77
6 8 22 66
7 8 17 68
5 11 21 68
5 11 16 65
4 7 14 4
1 9 12 5
3 7 14 39
4 7 14 40
1 7 14 41
2 7 14 42
3 7 14 43
4 7 14 44
1 7 14 45
2 7 14 46
3 7 14 47
6 7 13 64
5 7 12 58
6 11 16 58
7 10 14 62
7 9 15 58
5 7 23 54
6 7 7 52
7 9 7 52
6 7 7 52
5 8 6 54
4 7 6 24
2 8 6 26
4 8 6 28
1 8 9 24
2 8 6 30
3 7 9 27
1 7 9 29
2 7 6 34
1 7 9 33
2 7 7 34
4 8 6 36
4 7 5 20
5 7 5 66
5 8 23 67
6 9 23 68
3 7 43 67
5 8 43 66
5 7 4 70
7 14 4 68
5 9 4 73
7 7 8 76
5 9 40 75
3 7 39 73
5 7 16 75
4 8 20 75
3 13 21 78
6 7 3 89
6 7 23 91
3 7 44 91
5 7 29 94
5 7 9 88
5 7 3 92
6 9 3 92
5 6 56 59
4 7 56 60
3 6 55 59
4 6 40 63
4 6 40 83
5 6 39 60
4 6 38 90
5 10 37 84
3 6 37 10
4 7 35 12
4 6 36 16
2 6 34 10
3 6 25 19
2 9 25 18
4 7 23 20
2 6 28 18
3 8 26 18
3 6 21 35
7 6 18 74
5 7 19 73
5 7 31 72
4 6 29 70
3 8 37 70
7 6 13 56
3 6 10 31
6 6 9 57
1 6 6 37
2 6 6 38
3 7 6 39
1 6 6 37
2 8 6 38
4 6 6 40
1 7 6 41
2 6 6 42
3 7 6 43
4 6 6 44
1 7 6 45
2 6 6 46
3 7 6 47
5 6 6 81
5 8 19 78
4 9 18 79
5 7 16 82
5 7 7 76
4 6 18 81
4 6 23 78
7 6 9 78
7 6 5 100
4 6 4 32
4 6 7 32
5 6 3 63
3 6 25 66
4 7 25 66
7 6 3 84
4 6 34 87
5 6 52 87
3 6 47 88
5 9 47 89
4 9 45 84
3 11 45 86
5 7 43 85
4 16 45 90
3 6 33 87
4 5 46 96
3 5 37 89
4 6 36 88
4 5 34 8
1 5 35 9
1 5 34 13
3 5 34 83
3 5 28 96
4 7 28 96
5 5 27 95
3 5 27 93
1 5 26 17
4 6 26 16
1 5 28 17
2 6 28 17
4 5 26 66
5 5 33 67
8 5 24 23
3 5 24 87
4 7 23 88
5 5 35 87
3 5 35 85
5 5 33 89
4 6 43 87
3 6 42 85
4 5 23 61
3 5 40 59
4 5 37 60
5 5 48 57
4 5 38 57
5 5 22 58
3 5 22 60
5 9 23 63
3 5 34 62
5 5 34 60
4 5 22 73
3 5 22 76
4 6 29 74
5 5 21 71
3 8 29 71
3 6 20 68
4 9 29 69
5 7 25 72
4 6 19 70
4 6 25 70
5 5 25 70
5 5 21 73
4 5 20 4
1 6 17 4
3 5 20 19
2 5 20 22
3 5 20 58
4 5 19 58
7 5 19 65
5 5 26 66
1 5 18 20
3 5 15 80
1 5 14 1
3 5 14 3
8 7 33 1
2 6 27 3
3 5 21 3
2 7 20 2
3 5 17 2
1 5 13 24
4 8 16 24
3 5 13 27
4 5 13 44
6 5 13 53
3 6 49 58
4 6 47 58
5 5 60 53
3 5 58 53
5 5 57 53
4 8 57 53
5 5 54 53
4 5 53 53
3 10 54 57
4 5 50 53
3 5 49 53
5 9 49 53
5 5 46 54
5 5 26 55
2 5 12 38
4 5 12 40
2 5 12 42
3 5 12 47
2 7 8 47
4 6 9 48
5 5 11 55
4 5 18 55
5 5 30 55
3 8 30 58
4 5 39 54
6 5 17 56
3 5 17 54
3 9 37 57
3 6 18 51
4 6 18 52
5 9 18 52
6 5 10 92
3 5 30 88
5 5 9 69
4 5 8 4
1 6 10 5
4 6 10 4
3 5 8 19
2 6 6 18
3 7 6 19
1 5 18 21
4 5 10 20
1 6 8 21
7 5 8 55
6 8 9 56
8 8 8 56
5 7 7 53
7 6 9 56
7 5 8 62
5 6 23 62
4 6 25 66
7 6 15 64
6 6 8 62
5 5 14 59
6 5 13 62
4 5 26 59
5 5 8 65
7 6 9 66
6 6 14 66
5 6 12 64
7 5 14 71
8 5 8 64
8 5 9 65
6 6 7 67
5 5 8 73
4 5 16 73
4 5 6 36
7 5 6 60
6 6 5 58
6 5 6 70
5 5 6 93
6 7 5 91
6 7 8 88
7 9 6 86
7 8 7 86
5 8 6 84
6 7 4 84
1 5 4 48
6 5 3 67
7 11 4 67
5 9 4 68
4 6 9 63
5 5 7 63
8 5 6 61
3 5 15 61
4 8 17 55
5 8 17 56
3 9 17 55
5 5 15 58
4 6 28 61
3 5 11 64
3 5 21 59
4 5 21 57
5 5 21 56
4 5 11 61
4 6 13 61
3 5 12 63
3 5 7 60
6 5 2 68
7 5 2 91
8 5 1 91
6 4 42 13
6 4 39 12
2 4 34 10
3 4 34 11
2 4 34 14
6 4 32 100
6 4 31 28
6 4 29 18
5 4 28 84
4 5 34 84
5 5 32 83
3 4 28 86
5 4 30 86
3 4 29 86
4 4 27 28
4 4 27 84
2 4 26 6
3 6 26 7
8 5 34 6
4 4 26 8
1 6 26 9
2 4 26 10
3 6 26 11
4 4 26 12
1 6 26 13
2 4 26 14
3 6 26 15
6 4 25 36
6 4 24 2
2 4 24 6
4 4 24 8
2 4 24 10
4 4 24 12
2 4 24 14
8 4 23 49
4 4 22 28
1 4 21 1
2 4 20 26
5 4 19 63
5 4 19 76
6 4 18 44
4 4 18 83
3 4 18 83
5 5 24 82
8 4 17 25
5 4 17 81
3 4 19 84
4 5 18 85
5 4 17 85
4 4 17 90
5 7 17 91
3 8 17 92
4 13 17 94
5 8 16 94
4 5 29 87
4 5 16 93
3 7 16 93
5 5 14 95
3 6 13 92
4 4 23 96
3 4 40 97
5 5 40 98
4 7 39 97
5 4 31 97
5 5 38 100
3 5 37 99
4 4 16 36
6 4 16 40
6 4 16 42
5 4 16 80
2 4 15 26
3 4 15 35
2 4 15 34
3 4 15 75
5 4 15 86
3 6 14 87
4 6 14 88
4 4 22 87
5 4 20 89
2 4 14 6
3 6 14 5
2 6 16 6
3 4 16 7
4 4 21 7
4 4 14 8
1 5 14 8
2 4 14 10
3 5 14 10
2 6 16 10
3 5 16 11
4 4 14 12
1 5 14 12
4 6 16 12
1 6 16 12
4 4 16 12
3 4 14 15
2 4 21 14
4 4 39 15
4 4 26 15
3 7 26 14
1 5 26 16
2 5 24 14
3 4 21 14
1 4 14 17
4 5 21 16
1 4 14 49
4 4 14 58
3 4 25 58
3 4 18 58
7 4 14 76
3 4 14 78
6 4 17 76
7 4 16 77
4 4 14 92
5 4 16 91
4 4 16 94
3 4 13 27
1 4 13 29
4 5 12 28
5 4 13 99
6 6 13 97
5 4 17 94
4 8 17 91
8 4 18 91
3 4 15 89
4 4 12 20
8 4 17 21
6 4 12 24
2 4 12 30
1 4 10 20
5 4 10 82
3 6 16 82
4 5 15 81
6 4 16 84
5 4 10 93
4 4 9 36
4 4 9 80
3 4 11 79
6 4 9 85
4 4 12 85
7 4 10 83
6 4 9 98
5 4 31 97
5 4 12 97
1 4 8 1
2 4 8 2
3 6 8 3
2 7 5 2
2 4 8 6
3 7 8 7
4 4 8 8
1 7 8 9
4 5 6 8
1 4 10 8
8 5 9 7
4 4 9 8
1 4 8 9
2 4 8 10
3 7 8 11
4 4 8 12
1 7 8 13
2 4 8 14
3 7 8 15
2 9 7 14
4 4 8 16
1 7 8 17
4 10 7 16
2 5 4 18
2 5 13 18
3 7 13 18
5 4 8 84
5 4 12 86
1 4 7 45
6 4 7 50
6 4 7 66
3 4 7 64
5 4 9 62
1 4 6 16
2 4 6 34
2 4 6 38
4 4 6 40
2 4 6 42
4 4 6 44
7 4 6 56
2 4 4 26
8 4 13 27
4 4 4 28
1 5 12 29
2 4 4 30
3 4 3 19
8 4 3 46
8 4 7 49
1 5 7 49
8 6 4 49
6 4 3 62
6 4 3 70
6 4 2 95
4 4 26 93
8 3 62 51
4 3 41 99
4 3 32 100
3 3 30 73
3 3 28 73
3 3 28 98
5 4 28 100
8 3 27 51
4 3 26 73
4 3 25 69
3 3 24 76
3 3 24 91
5 5 24 91
3 3 23 95
5 3 23 95
8 3 22 17
8 3 22 35
5 3 22 75
4 3 24 76
5 3 22 87
4 3 22 91
3 4 22 91
5 4 21 92
4 3 21 95
3 3 25 97
4 3 25 97
8 3 20 13
3 3 20 23
6 3 18 34
3 3 18 91
3 3 17 72
6 3 16 20
4 3 16 74
5 3 19 73
1 3 15 16
3 3 15 23
6 3 15 76
4 3 16 77
3 4 17 78
4 3 14 16
4 3 14 19
5 3 14 61
5 3 14 76
4 3 14 78
5 3 14 87
2 3 13 22
1 3 13 25
5 3 13 43
5 3 13 52
3 3 13 58
4 3 13 60
6 3 13 96
1 3 12 1
6 3 12 26
8 3 12 33
8 3 12 87
4 3 12 85
4 3 11 1
2 3 11 34
8 3 11 62
3 5 11 61
6 3 11 80
8 3 12 80
3 3 10 15
8 3 10 31
8 3 10 79
3 3 9 23
2 3 9 22
7 3 9 41
5 3 9 67
1 3 8 17
2 3 11 18
1 3 9 16
3 3 11 15
4 3 10 16
4 3 8 28
3 3 8 35
6 3 8 48
7 3 8 52
5 3 27 52
4 3 27 53
8 3 27 53
8 3 17 51
3 4 23 51
3 3 36 51
3 3 30 51
4 3 30 52
3 3 31 51
8 3 31 51
5 3 30 52
4 3 29 52
3 3 24 52
5 3 23 52
4 4 23 52
5 3 26 52
4 4 26 53
3 3 23 51
8 3 23 51
3 3 25 51
8 4 25 51
3 3 22 51
5 3 22 53
6 3 8 73
7 3 8 74
7 4 10 73
6 4 10 74
4 3 16 72
3 3 11 72
6 3 11 71
8 3 15 71
3 5 14 70
5 3 22 69
4 3 13 68
3 3 8 90
2 3 7 2
4 3 7 58
4 3 16 57
2 3 6 7
3 5 5 7
2 4 3 6
7 3 6 6
6 4 7 8
6 3 7 6
2 3 6 11
4 3 6 13
3 3 6 15
6 3 6 20
4 5 6 20
2 3 6 25
1 3 7 25
8 3 6 35
3 4 5 34
7 5 11 34
4 3 11 36
8 3 10 35
2 3 6 46
8 3 11 45
5 3 6 72
7 3 6 82
3 3 5 47
8 3 5 54
4 3 21 55
6 3 5 62
3 3 5 72
6 4 8 72
4 3 11 71
3 3 7 70
6 3 5 74
8 4 4 73
6 3 5 76
5 5 4 76
6 4 9 78
7 4 2 77
7 6 4 78
6 8 3 78
5 3 14 76
5 3 10 80
8 3 5 82
6 6 5 80
7 3 4 69
3 3 13 67
8 3 7 69
6 3 8 70
5 4 7 69
4 3 9 68
8 3 4 86
5 3 4 88
7 3 9 88
4 4 11 86
5 3 12 88
6 3 11 88
3 5 9 86
5 5 9 90
7 4 11 91
6 3 10 86
6 3 8 88
4 3 7 89
5 3 12 90
8 3 8 89
7 3 4 93
1 3 3 1
3 3 3 3
4 3 3 4
1 4 3 5
4 3 3 8
1 3 3 9
2 3 3 10
3 3 3 11
4 3 3 12
1 3 3 13
3 3 3 15
1 3 3 17
8 3 4 17
1 3 3 21
7 3 9 21
2 3 3 22
3 3 3 23
4 3 3 24
1 3 3 49
6 3 3 55
4 3 12 54
5 4 12 55
5 4 18 52
4 3 17 52
3 5 17 53
8 3 16 53
8 3 3 88
5 3 2 55
6 4 11 56
4 4 10 54
5 3 12 57
4 3 5 54
7 3 2 58
4 3 4 59
3 3 7 58
5 3 4 59
5 3 6 58
4 3 6 58
8 5 6 59
4 3 6 58
6 5 7 60
5 4 5 62
5 3 3 57
6 3 6 56
7 3 7 57
3 3 7 56
8 3 7 57
5 3 7 55
5 3 8 53
6 3 3 61
6 3 2 57
5 4 5 58
4 3 6 55
4 3 3 56
5 3 2 61
5 3 2 63
7 4 3 63
4 4 2 65
8 3 4 63
4 3 4 64
6 4 3 64
5 3 4 66
8 3 3 67
7 4 4 68
3 3 3 66
6 3 2 74
5 3 12 73
4 3 6 75
8 4 6 77
5 4 5 76
3 3 10 75
8 3 3 77
8 3 2 85
5 5 2 84
8 3 2 83
6 3 2 97
5 7 2 97
5 6 6 96
6 5 4 99
7 4 7 96
6 5 7 96
5 4 12 94
3 3 12 95
8 3 9 93
5 3 9 95
5 3 8 92
5 3 9 91
3 3 9 93
7 3 5 95
7 3 1 61
3 3 1 64
8 2 44 51
6 2 43 51
8 2 42 51
6 2 41 51
8 2 40 51
6 2 39 51
8 2 38 51
6 2 37 51
8 2 36 51
6 3 35 51
8 2 33 51
6 2 32 51
8 2 31 51
3 2 31 98
5 3 31 99
6 2 30 51
8 2 29 51
4 2 29 98
3 3 29 99
5 2 27 98
4 3 27 99
5 2 25 32
3 2 25 98
6 2 24 32
6 2 24 99
6 2 23 30
6 2 23 51
8 2 23 51
4 2 22 98
8 2 20 51
4 2 20 98
3 2 19 51
7 2 19 99
5 2 19 98
8 2 19 98
6 2 18 97
6 2 18 99
2 2 17 30
4 2 16 32
3 2 16 51
3 2 16 96
5 2 17 97
3 2 17 98
4 2 16 97
7 2 15 5
8 2 15 51
6 2 19 51
8 2 19 51
5 2 15 96
2 2 14 30
3 2 13 15
6 3 13 16
6 2 13 22
8 2 13 29
4 2 13 32
3 2 13 82
7 2 13 99
8 2 14 98
4 3 14 99
7 2 12 29
5 2 12 37
5 2 12 54
3 2 12 72
7 2 11 37
8 3 11 37
6 3 11 38
4 2 11 44
3 2 11 51
8 2 11 51
4 2 11 54
3 3 11 55
6 4 10 52
6 2 15 51
8 2 11 98
4 2 10 1
4 2 10 10
6 2 10 22
4 2 10 32
1 3 9 32
3 2 13 31
6 2 13 32
5 2 12 31
7 2 10 45
3 2 10 51
4 2 10 52
8 2 10 53
5 2 12 52
4 3 12 52
3 2 10 52
5 2 10 52
7 2 10 53
3 2 10 61
6 2 10 91
8 2 10 96
4 2 12 96
3 2 11 96
3 2 12 97
5 2 11 97
4 2 10 97
6 2 9 10
8 2 9 11
7 3 8 11
8 3 7 11
3 3 5 11
3 2 9 18
8 2 9 43
6 2 9 46
3 2 9 54
8 2 9 72
6 2 9 93
7 2 9 99
5 3 8 99
1 2 8 1
8 2 8 15
7 2 10 15
3 2 8 27
6 2 8 32
7 2 8 36
4 2 8 44
6 2 8 54
4 2 8 61
8 2 8 68
3 2 8 72
5 3 8 73
4 2 9 73
8 2 9 74
4 3 8 74
5 2 8 72
3 2 8 79
4 2 8 91
3 2 8 97
8 2 7 1
1 2 7 13
7 2 7 19
8 2 7 21
7 2 7 25
3 2 7 30
3 2 9 29
8 2 9 29
3 2 7 35
8 2 7 37
7 2 7 39
3 2 7 41
2 3 7 42
1 2 7 44
4 2 7 57
5 2 7 61
3 2 7 61
8 2 7 64
3 2 7 63
6 2 7 73
4 2 7 81
3 2 7 81
5 2 7 82
3 2 7 85
8 2 7 88
6 2 7 89
6 2 8 89
7 3 8 90
3 2 8 89
4 2 7 97
6 2 8 98
5 2 7 98
7 2 7 98
3 2 6 3
7 2 11 3
6 2 6 10
2 2 6 18
7 2 6 17
8 2 6 19
1 2 6 22
1 2 6 33
2 2 6 38
4 2 6 40
5 2 6 57
4 2 6 66
3 3 6 67
4 3 6 68
5 3 5 68
6 4 5 67
7 2 6 70
6 2 6 81
3 2 6 93
3 2 6 95
8 4 6 96
4 3 5 95
1 2 5 1
7 2 6 1
2 2 6 2
8 2 8 3
5 2 12 4
8 2 12 5
6 2 8 4
4 3 7 4
6 2 5 2
8 2 5 3
3 3 4 3
1 2 5 5
8 3 4 5
1 2 5 9
1 2 5 17
6 2 5 18
3 2 5 21
8 2 5 23
3 2 5 31
8 2 5 47
7 3 4 47
5 2 5 63
5 2 5 77
4 2 6 76
6 3 6 77
4 2 5 85
5 2 5 90
4 2 6 89
4 2 5 93
7 2 5 96
4 2 4 4
4 2 4 9
1 2 4 13
8 3 3 13
7 2 6 13
6 2 6 14
2 2 4 14
8 2 4 15
5 2 5 15
3 2 5 15
4 2 4 16
3 2 4 17
2 2 4 18
3 3 4 19
4 2 4 20
6 2 4 22
6 2 4 24
6 2 4 26
2 2 4 32
8 2 7 31
7 2 8 30
2 2 8 30
8 2 4 37
5 2 4 52
8 2 4 53
7 3 4 54
6 3 3 54
5 3 2 53
4 2 4 75
8 4 4 74
3 2 4 74
6 3 4 75
6 2 4 83
7 3 3 83
5 3 4 84
8 2 4 84
6 2 4 90
8 2 4 90
4 2 4 89
5 2 6 90
3 2 6 89
6 2 4 91
5 2 4 96
2 2 3 2
8 2 3 7
7 2 3 6
3 2 5 5
3 2 3 7
6 2 3 8
2 2 3 15
6 2 3 16
4 3 2 16
2 2 3 22
8 2 3 25
8 2 3 27
8 2 3 29
2 2 4 28
7 2 6 27
6 2 4 28
1 2 4 29
3 2 3 27
8 2 3 31
4 2 3 32
8 2 3 33
6 2 3 34
1 2 3 37
8 2 3 41
8 2 3 43
3 2 3 51
5 2 3 69
8 3 3 70
5 2 4 70
4 3 4 71
3 2 3 70
4 2 3 86
5 2 3 88
4 2 3 91
3 2 3 90
3 2 3 93
8 2 3 98
7 2 3 97
5 4 3 98
7 2 3 99
4 2 2 1
8 3 1 1
6 2 2 3
6 2 2 5
8 2 2 6
8 2 2 8
7 2 3 8
8 2 3 8
6 2 2 9
8 2 2 10
6 2 2 10
8 2 2 13
8 2 2 16
8 2 2 18
8 2 2 20
8 2 2 36
6 2 2 43
7 2 3 42
8 2 3 42
6 2 3 43
6 2 2 45
7 2 2 46
6 3 2 45
8 2 2 46
4 2 2 54
8 2 2 56
8 2 2 59
4 2 6 58
5 2 2 62
3 2 3 61
8 2 3 61
7 2 2 68
5 3 2 68
7 3 2 69
5 2 5 67
4 2 2 68
5 2 2 71
8 2 2 72
8 2 3 72
8 2 2 74
4 3 4 73
7 2 2 80
6 3 2 81
8 2 2 83
7 2 2 84
5 2 2 85
6 2 2 87
8 2 3 88
6 2 3 89
4 2 1 11
4 2 1 42
6 2 1 47
6 2 5 46
8 3 5 46
6 2 1 54
3 2 2 53
6 2 2 52
6 2 1 73
7 2 1 77
8 2 1 79
7 2 1 80
7 2 3 79
3 2 1 79
8 2 1 86
