100691
1830
5 73 135 11
1 68 30 39
1 59 102 23
6 55 64 10
7 50 120 39
6 49 81 34
1 46 160 28
4 44 137 29
2 44 114 32
5 40 47 27
6 38 174 25
4 36 94 5
6 34 123 33
8 34 111 33
4 34 67 15
8 34 47 14
6 33 67 28
4 35 160 24
2 33 40 12
8 32 149 22
2 32 18 3
7 31 113 21
4 29 117 11
2 28 128 38
3 29 133 34
4 28 160 35
3 28 71 40
4 42 169 44
6 41 89 45
2 35 153 37
2 35 90 40
7 28 85 37
3 29 82 41
6 28 51 33
4 28 28 42
3 29 50 42
4 27 72 27
4 27 47 34
3 27 19 14
7 24 94 3
2 24 73 47
5 24 18 20
8 24 16 32
1 23 83 22
7 21 157 50
4 20 71 44
3 22 100 44
5 19 134 8
2 19 93 47
4 29 167 46
1 19 83 8
7 22 84 6
5 21 128 5
7 19 73 26
8 19 53 26
8 19 17 22
2 17 174 8
4 17 148 4
8 17 140 16
8 17 91 5
5 27 140 5
1 19 141 5
2 17 116 5
5 17 68 15
2 17 103 18
5 18 140 20
4 17 63 46
3 17 57 35
5 17 53 7
6 16 153 47
2 18 157 48
5 16 113 14
1 16 114 14
6 16 101 6
7 16 78 26
8 15 73 5
4 16 91 4
1 15 112 4
7 15 86 5
4 15 53 31
1 16 85 32
8 15 133 35
7 15 16 24
4 22 84 24
3 17 113 24
7 15 15 35
1 14 126 44
4 14 82 33
5 14 47 42
5 14 46 11
4 13 145 44
3 13 62 4
4 13 57 33
5 13 51 16
5 13 33 11
8 20 89 11
6 14 46 11
8 13 13 40
8 12 144 6
1 12 134 1
5 12 116 27
6 12 91 5
3 12 57 46
3 12 55 11
4 12 33 47
1 12 31 4
1 14 86 3
3 12 19 22
1 12 17 5
6 17 25 5
4 13 142 7
8 12 61 2
1 11 152 21
8 11 151 17
1 11 136 28
4 11 123 42
7 11 119 40
2 11 88 25
2 15 102 25
1 12 113 25
7 11 92 26
1 11 72 39
8 11 118 40
8 11 68 32
8 16 106 32
3 13 84 33
8 11 143 31
6 11 85 33
6 11 48 36
3 11 46 33
4 13 100 33
1 11 47 36
6 11 122 35
4 11 41 34
5 12 57 32
5 11 80 36
6 11 76 40
4 11 40 38
2 11 39 37
3 11 30 37
2 15 84 36
2 14 87 38
1 11 86 39
5 11 79 34
7 11 22 37
3 11 13 25
1 11 52 25
3 16 101 27
6 11 9 19
5 11 9 31
6 10 134 10
7 10 127 29
7 11 138 29
6 10 110 43
2 10 95 12
5 10 97 11
5 10 84 22
4 10 61 32
6 10 71 33
1 10 37 34
2 10 32 50
3 12 154 49
6 10 28 27
1 12 41 28
2 10 24 6
1 12 35 5
7 11 95 7
2 10 91 4
1 10 22 7
3 10 10 33
1 9 142 17
3 9 120 13
3 9 118 29
5 9 114 21
2 9 109 41
6 9 101 18
8 10 130 16
4 11 127 18
2 9 105 18
7 11 109 18
1 9 118 15
6 9 100 23
7 9 98 18
7 9 81 50
8 9 78 8
4 11 90 7
3 9 121 9
4 11 120 10
4 9 58 9
6 9 47 23
2 9 91 19
7 12 136 19
4 9 44 44
3 18 98 47
1 10 121 48
5 12 119 48
1 9 103 46
2 9 35 15
7 9 88 15
3 10 128 15
3 9 90 14
6 9 128 14
6 9 35 22
4 11 44 22
3 9 60 21
7 9 53 23
8 9 81 23
7 9 68 24
1 10 102 21
1 13 112 21
3 9 106 20
8 9 47 21
4 9 34 17
5 13 32 18
2 15 36 20
8 9 102 13
5 9 37 22
3 9 18 2
2 9 17 27
6 10 85 26
8 9 92 27
3 9 30 30
2 9 35 27
5 9 26 27
3 9 60 25
5 12 66 22
5 10 86 26
2 9 6 25
6 10 35 29
8 8 163 1
6 8 134 48
3 8 96 41
8 8 113 40
2 8 92 18
1 8 92 47
4 8 84 12
7 11 97 11
2 8 69 33
5 8 62 12
7 8 58 33
1 8 76 31
4 8 106 30
7 8 16 3
1 8 7 46
7 8 5 15
7 7 124 10
2 7 120 44
5 7 118 28
2 7 116 16
6 7 113 19
4 7 112 45
6 7 95 29
5 7 92 9
6 7 87 4
3 7 83 43
7 7 80 4
3 7 72 6
2 7 70 2
4 7 68 40
1 7 60 10
8 7 105 8
5 7 60 34
6 7 56 25
2 7 52 16
6 8 114 14
7 7 113 16
5 7 107 16
7 7 99 16
2 8 115 15
3 7 103 16
2 7 72 16
7 7 52 27
5 7 43 4
2 7 37 30
8 9 37 28
2 7 104 31
3 7 35 9
1 7 83 8
5 7 68 6
6 7 28 47
3 7 26 34
8 8 58 35
4 7 26 46
3 9 55 47
2 8 57 46
5 7 58 44
6 7 25 43
5 8 92 42
7 7 24 34
7 7 39 33
2 9 42 33
4 7 92 35
2 7 23 25
3 7 19 14
7 7 14 48
5 7 12 20
1 7 10 28
1 8 34 30
5 7 71 30
4 7 19 26
6 7 19 29
8 7 9 49
1 6 135 48
7 6 128 49
1 6 111 44
8 6 99 28
5 6 98 16
2 6 106 13
7 6 96 24
7 6 81 43
1 8 80 44
2 7 86 47
6 7 107 45
8 6 72 6
7 6 64 16
3 6 64 22
4 6 59 27
6 6 53 43
7 6 74 45
2 6 51 4
2 6 49 19
3 7 82 20
6 6 78 19
7 6 48 50
2 6 75 50
1 6 44 26
1 7 59 28
7 6 68 29
6 7 89 28
4 8 100 29
4 6 40 22
5 6 37 16
2 6 36 40
7 8 38 39
4 8 59 38
2 7 98 39
4 6 94 40
5 6 49 39
3 6 64 39
6 6 59 39
7 7 83 38
8 7 63 39
5 7 58 36
2 6 71 35
1 8 71 35
8 6 73 35
6 6 78 34
7 6 70 40
7 6 60 38
4 6 63 37
7 6 32 23
4 6 30 38
5 8 45 41
1 6 27 17
7 7 43 19
7 6 26 40
1 6 23 4
3 7 23 4
5 6 23 37
6 6 18 22
4 7 48 22
5 9 49 21
1 6 18 45
5 6 61 45
2 6 17 15
1 9 19 17
1 6 81 13
7 6 33 14
4 7 49 12
3 6 76 17
5 6 15 23
8 6 24 24
2 6 46 21
8 6 49 21
1 6 15 25
5 6 15 45
3 6 13 33
4 15 13 31
1 7 27 28
2 6 24 32
8 6 40 32
3 6 35 32
6 6 37 31
7 6 20 34
4 7 47 34
6 6 19 33
4 6 12 1
4 7 145 1
4 6 12 4
8 6 39 3
6 6 33 2
1 6 6 21
4 5 118 1
2 5 117 11
1 5 112 1
3 5 137 2
6 5 107 11
8 5 101 12
5 5 80 39
2 5 73 34
7 5 70 11
1 5 96 10
7 6 98 10
2 6 97 10
1 5 66 23
4 5 63 46
5 5 62 40
5 5 60 13
8 5 59 47
3 5 60 48
3 5 50 12
8 6 93 12
3 5 73 13
7 5 48 43
4 5 47 9
5 7 70 7
7 6 69 7
6 5 46 6
2 5 50 9
5 5 45 29
2 5 44 1
7 5 96 3
4 5 44 38
2 5 43 48
8 5 96 45
8 5 58 49
3 5 41 1
3 5 32 14
2 5 27 50
2 5 114 50
1 5 22 17
6 5 33 17
4 6 75 19
8 6 73 17
3 5 81 17
6 5 45 19
2 5 74 19
7 5 50 18
8 5 27 16
3 5 29 19
8 5 23 16
8 6 62 16
5 5 48 17
4 5 28 14
4 5 22 22
7 6 66 24
2 5 21 2
2 5 21 7
4 6 39 7
7 5 39 7
8 5 40 6
7 5 26 6
5 5 97 7
3 5 60 6
3 5 100 8
1 5 73 8
2 5 17 24
3 5 67 25
5 5 59 26
7 5 21 23
6 6 27 22
3 6 21 23
3 5 72 25
3 5 65 24
2 6 66 23
5 5 16 39
6 5 15 44
1 7 80 44
7 5 96 43
3 5 82 45
3 5 92 44
3 5 24 42
8 5 44 42
1 5 91 45
5 5 80 45
4 5 12 23
4 5 11 8
1 5 9 22
1 6 33 21
3 5 32 21
6 5 9 26
3 5 24 24
8 5 8 44
8 5 36 44
2 5 60 40
2 5 32 44
2 5 44 44
5 5 7 11
1 5 15 9
7 6 85 9
8 6 56 11
4 5 80 9
6 5 78 9
5 5 76 10
4 5 54 10
3 5 48 8
6 5 52 6
7 5 47 10
6 5 7 15
7 5 21 14
5 7 23 16
4 6 76 14
6 10 83 14
1 9 80 14
8 5 78 13
3 5 22 15
6 6 31 15
4 6 32 12
2 6 39 10
6 5 42 12
4 5 42 13
4 5 6 24
3 5 13 21
6 5 18 23
4 5 5 7
5 6 4 8
5 5 5 27
5 5 4 4
6 5 21 4
3 6 30 4
4 6 21 3
4 6 27 5
3 5 37 6
4 5 18 2
1 5 8 4
3 5 18 6
5 5 3 33
8 5 49 35
1 5 49 37
1 5 12 32
5 5 20 32
2 5 16 32
5 4 143 2
8 4 139 1
2 4 124 3
5 4 123 1
8 4 129 1
7 4 117 1
3 4 105 48
8 4 104 18
6 4 93 41
7 4 92 19
8 4 91 31
2 4 87 30
3 4 83 36
7 4 82 29
4 4 80 9
5 4 78 18
6 4 83 17
2 5 82 19
8 4 76 15
8 4 76 46
8 4 75 2
1 4 122 2
6 4 116 2
1 4 109 1
8 4 75 7
7 5 75 7
7 4 75 14
8 4 73 49
5 5 102 50
4 4 71 28
4 6 83 28
7 4 70 29
1 7 70 28
6 4 65 39
7 6 70 41
6 6 70 40
5 4 64 12
3 4 63 49
7 4 87 47
4 4 60 44
3 5 74 45
1 4 58 17
6 4 60 18
2 5 71 18
6 4 57 15
2 6 57 15
1 4 57 43
8 6 67 42
5 4 54 40
4 4 53 35
4 4 65 34
7 4 52 16
3 4 49 28
2 4 71 30
8 4 52 28
8 4 49 37
5 5 61 38
2 5 48 39
4 4 47 28
6 4 46 19
1 6 70 21
8 4 46 29
3 4 58 30
1 4 61 30
6 4 50 29
3 4 46 34
7 4 44 38
2 5 56 39
6 4 42 12
2 5 57 10
1 5 59 12
7 5 58 11
8 4 53 13
3 4 41 49
5 4 55 47
2 5 58 47
8 4 59 46
5 4 45 49
6 5 59 50
6 4 42 49
6 4 85 49
8 4 79 48
7 4 60 48
1 4 39 11
2 4 39 26
7 4 45 24
2 4 38 42
1 4 75 43
1 4 37 44
3 5 55 43
4 4 73 44
8 4 36 37
4 5 36 39
1 5 43 39
5 4 63 35
8 4 63 35
4 4 53 36
3 4 54 36
3 4 61 34
6 4 59 36
7 4 36 50
8 5 94 48
7 4 79 50
6 5 78 48
3 4 56 49
2 4 45 49
3 5 66 47
3 6 84 50
3 4 42 50
7 4 35 12
3 6 37 12
1 7 56 10
8 4 55 10
2 4 69 7
3 4 78 6
8 4 69 10
5 4 33 32
1 4 33 34
6 4 35 37
1 4 52 37
7 4 32 46
7 5 51 46
6 4 43 46
2 4 69 46
6 4 66 47
1 4 42 48
2 5 63 48
2 4 37 47
4 5 38 48
3 4 31 49
4 4 30 34
7 4 35 35
2 4 30 38
1 5 30 38
8 5 43 40
3 4 31 35
8 4 31 36
2 6 47 37
7 4 29 14
5 4 41 12
2 4 64 14
1 4 44 16
7 4 44 14
3 4 51 13
8 4 36 13
4 4 27 38
5 5 25 36
8 4 26 49
6 4 25 23
1 4 62 26
6 4 33 25
3 4 24 11
4 4 33 13
6 4 23 36
1 4 22 49
4 5 24 49
1 4 21 15
7 4 76 17
8 4 21 19
2 4 38 18
4 4 52 19
4 4 21 33
3 4 25 31
3 4 40 29
3 4 20 48
5 4 51 45
4 6 51 43
5 4 18 44
1 5 20 44
2 5 18 44
1 5 16 42
6 4 38 44
1 4 53 44
8 4 48 44
8 4 17 35
6 4 43 38
1 4 22 37
2 4 18 37
6 4 18 38
3 4 17 45
7 4 16 27
2 4 80 30
5 4 63 29
6 4 28 29
3 5 73 30
8 4 28 31
4 4 25 27
8 5 40 27
8 4 32 25
5 4 34 27
2 4 40 27
5 4 16 34
6 4 17 34
2 4 15 46
6 4 43 45
8 4 14 14
1 4 14 26
7 4 31 27
6 4 13 8
6 4 34 8
5 5 33 7
2 4 35 7
4 7 34 6
4 4 76 6
6 4 13 22
2 4 13 23
3 4 13 34
6 4 12 13
6 4 14 16
3 4 31 16
6 4 37 16
1 4 11 24
4 5 12 24
3 4 10 16
8 4 60 17
4 5 68 18
5 4 67 19
6 4 27 17
7 4 22 16
8 4 33 18
7 4 62 19
8 4 62 18
5 4 10 39
4 5 13 40
5 4 46 45
7 4 31 42
3 4 73 42
5 4 37 41
3 4 37 40
6 4 44 40
2 4 36 40
8 4 25 40
4 4 33 40
1 4 37 40
4 4 20 43
6 4 35 42
1 4 22 43
6 4 43 43
1 4 8 18
5 5 7 15
3 4 61 18
3 4 35 12
1 4 35 13
6 5 34 12
2 4 8 20
7 4 7 18
4 6 7 19
3 5 9 16
3 4 7 28
3 5 16 28
6 5 27 28
8 4 7 33
5 4 16 32
7 4 29 31
2 4 7 33
8 5 10 34
8 4 7 41
2 4 18 40
1 4 24 42
8 4 6 4
8 4 5 18
5 4 5 35
1 4 4 2
2 6 110 2
7 5 92 1
8 4 61 1
6 4 112 2
1 4 66 2
2 4 62 1
4 4 72 1
3 4 10 3
7 4 46 1
5 4 2 13
2 4 40 14
4 3 107 50
6 3 100 50
8 3 92 50
3 3 89 3
8 4 95 3
7 3 101 1
2 3 88 6
6 3 80 50
6 3 78 6
3 3 69 21
6 3 68 18
6 3 68 31
3 3 67 3
7 4 93 3
3 3 95 2
1 3 91 2
5 4 93 3
5 3 67 2
2 3 71 2
1 5 73 1
4 5 82 1
8 5 74 1
7 3 66 46
6 3 63 6
4 3 70 6
3 3 62 31
5 3 61 48
2 3 59 10
4 3 62 9
6 3 57 43
1 3 56 8
4 3 56 25
5 4 55 24
1 3 55 17
1 3 55 20
5 3 53 1
4 3 86 1
3 3 86 2
6 3 74 1
8 3 53 42
1 3 52 20
7 3 52 25
8 3 52 24
5 3 49 18
7 3 51 17
4 3 48 41
7 3 48 45
7 3 47 9
1 3 46 17
5 3 52 17
8 4 51 17
6 3 46 45
1 4 45 45
4 3 45 48
4 3 44 29
8 3 68 31
7 3 45 30
7 3 44 49
1 3 45 48
1 3 43 1
5 3 83 1
8 3 43 29
1 3 42 25
1 3 50 23
4 3 48 24
6 3 50 26
4 3 40 44
5 3 39 2
6 3 58 2
7 3 39 19
7 3 39 35
1 3 42 34
5 3 38 9
1 3 62 10
5 3 46 10
6 3 59 10
2 3 39 10
7 3 59 9
6 3 38 35
2 3 38 42
4 3 37 3
4 3 37 11
3 4 50 11
7 3 49 7
6 3 35 20
3 3 45 19
2 3 35 28
6 3 46 29
7 3 35 36
3 3 44 36
2 3 41 36
3 3 35 46
1 4 35 46
7 5 36 48
5 4 42 47
2 3 41 47
1 3 41 49
5 3 39 48
8 3 40 48
1 3 55 47
5 3 36 46
7 3 49 46
3 3 49 47
2 3 35 45
5 3 34 3
6 4 38 3
3 4 65 1
5 3 60 1
2 3 42 3
1 3 34 34
1 3 33 6
5 3 33 19
4 4 33 20
6 3 46 21
5 3 37 18
2 3 33 35
4 4 35 35
4 3 33 42
3 5 39 42
2 3 32 28
3 4 37 28
7 3 32 27
3 3 31 7
6 3 31 38
8 4 30 38
2 3 30 7
7 4 28 7
2 4 30 10
1 4 29 8
8 3 63 7
5 3 57 6
3 3 38 11
6 3 30 12
5 3 38 12
5 3 48 13
8 3 39 14
2 3 35 12
7 3 34 12
1 3 30 42
6 3 55 41
6 3 28 31
5 4 62 29
4 3 29 30
4 3 51 31
8 3 28 42
7 3 55 41
2 3 45 42
4 3 45 42
3 3 42 43
7 3 43 43
5 3 43 44
7 3 45 41
8 3 45 44
8 3 32 43
1 3 27 25
2 3 26 3
1 3 44 2
4 3 48 1
4 3 46 1
1 3 31 2
6 5 42 1
7 3 41 3
1 3 47 1
7 3 37 2
3 3 39 2
3 3 54 1
6 3 29 2
8 3 45 1
5 3 26 12
5 3 34 11
7 3 33 10
4 3 26 24
2 3 26 32
4 3 26 46
8 3 29 47
4 3 52 48
6 3 49 49
6 3 30 49
4 3 37 48
1 3 30 48
5 4 31 48
8 3 25 12
6 3 25 34
5 3 33 35
4 3 25 39
7 3 24 31
5 3 24 44
6 3 41 44
6 3 25 42
5 3 23 2
5 3 49 1
2 3 49 3
2 3 29 2
2 3 23 15
4 4 21 15
4 3 31 15
8 3 46 15
5 3 32 14
3 3 32 13
7 3 31 13
6 3 33 13
2 3 29 14
1 3 30 13
4 3 23 19
3 3 28 19
8 3 23 31
8 4 47 31
2 3 24 30
5 3 25 30
8 3 30 29
5 3 35 29
6 3 34 28
7 3 38 28
1 3 29 28
2 3 47 29
7 3 22 1
5 3 33 2
7 3 31 2
6 3 22 30
1 3 22 34
5 3 21 27
3 3 26 28
1 3 29 29
1 3 21 30
4 3 44 30
1 3 34 30
3 3 21 45
2 3 20 5
5 3 21 6
8 3 22 6
5 3 20 30
3 3 42 29
2 3 25 29
2 3 41 28
1 3 20 32
4 3 19 27
7 3 23 25
4 3 19 31
8 3 19 31
7 3 19 35
3 3 19 37
3 4 21 36
5 3 19 40
8 3 19 47
2 3 47 47
6 3 33 48
1 3 45 46
5 3 38 48
1 3 33 46
4 3 19 50
3 3 18 1
3 3 18 3
3 3 17 31
7 3 17 36
6 3 17 43
5 3 17 50
5 3 16 11
7 3 16 12
5 3 24 13
6 3 31 14
7 3 18 11
5 3 43 10
6 3 16 20
2 3 33 18
3 3 32 18
4 3 16 30
6 3 18 30
4 3 20 30
4 3 16 39
1 4 16 40
2 3 15 17
5 3 15 18
3 5 15 17
8 3 31 17
3 3 30 16
1 3 30 18
2 3 28 17
8 3 19 19
3 3 19 21
8 3 28 19
6 3 20 19
8 3 15 45
1 3 15 48
1 3 25 49
7 3 43 48
7 3 18 47
8 3 28 46
8 3 36 48
8 3 40 48
8 3 14 3
7 4 18 4
4 3 50 6
1 3 50 7
5 3 18 5
2 3 14 24
6 4 24 23
2 3 27 24
5 3 23 25
4 3 25 26
6 3 24 26
5 3 24 24
4 3 31 24
7 3 26 23
1 3 24 22
1 3 13 35
1 3 16 36
5 3 20 36
5 3 12 1
2 3 14 1
7 3 12 8
4 4 14 6
1 4 14 7
8 3 34 7
8 3 13 6
8 3 35 7
4 3 24 6
1 3 15 5
6 3 14 5
1 3 12 15
5 3 11 3
7 3 31 1
4 3 12 4
8 3 10 27
6 4 9 26
3 4 9 24
1 3 22 28
1 3 18 28
4 3 9 21
4 4 16 21
6 3 28 19
7 3 21 20
5 3 22 21
1 3 9 21
1 3 10 19
4 3 13 19
5 3 10 21
5 3 11 20
1 3 16 19
8 3 11 20
1 3 18 19
7 3 24 18
7 3 45 17
3 3 39 17
2 3 22 19
2 3 10 19
5 3 8 4
2 3 8 21
8 4 8 21
2 3 14 19
7 3 15 21
5 3 8 24
7 4 31 24
3 4 13 24
5 3 22 23
2 3 12 23
7 3 8 43
6 4 8 45
6 6 14 46
7 4 23 44
6 3 25 46
1 3 19 45
4 5 19 46
2 3 33 46
7 3 32 44
8 3 16 42
3 3 15 43
4 3 28 42
4 3 23 42
2 3 27 41
6 3 28 42
7 3 26 41
2 3 27 42
1 3 26 42
5 3 30 41
3 3 25 39
2 3 21 40
5 3 21 39
2 3 14 43
2 3 7 4
5 3 7 26
1 3 6 5
3 3 6 5
8 3 8 6
3 4 39 6
7 4 40 6
6 5 39 7
8 3 46 10
6 3 46 10
2 3 6 9
4 3 37 9
8 3 13 9
1 3 33 8
5 3 36 9
3 3 33 8
8 4 37 6
2 4 33 8
2 3 23 8
7 3 13 9
6 3 12 8
8 3 8 9
6 3 33 9
3 3 33 9
6 3 6 10
2 3 32 8
4 3 32 6
5 3 15 11
1 3 31 8
4 3 6 8
1 3 5 44
1 3 5 49
3 3 24 50
8 3 20 49
6 3 21 49
3 3 4 7
5 4 4 6
2 5 4 7
1 3 6 10
3 3 4 29
7 3 8 28
2 3 19 29
6 3 12 30
4 3 9 27
4 3 3 3
4 3 3 31
6 3 8 30
5 3 10 29
8 3 14 28
6 3 2 11
3 4 4 11
3 3 23 9
5 3 19 7
4 3 3 10
3 3 26 12
7 3 11 12
6 3 2 16
3 3 9 18
6 3 13 17
8 3 14 17
1 3 17 15
3 3 13 18
7 3 14 16
8 4 21 14
4 3 21 17
7 3 8 17
1 4 8 18
5 3 7 18
2 6 8 17
6 4 7 16
6 3 5 18
2 3 13 17
4 4 12 17
4 3 4 15
8 3 25 14
4 3 26 15
1 3 23 13
2 3 23 14
7 3 24 13
6 3 12 17
5 3 22 16
8 3 17 16
1 3 17 15
5 3 8 16
4 3 10 17
4 3 7 14
4 4 16 12
7 3 2 31
2 3 14 32
1 3 2 44
2 3 13 44
1 2 84 50
3 2 83 1
1 2 81 1
5 2 75 50
8 2 52 21
8 2 51 6
4 2 51 36
7 2 50 6
1 2 48 21
5 2 48 36
2 2 47 1
2 2 47 21
1 2 42 6
3 2 41 48
2 2 40 36
5 2 38 2
5 2 38 50
6 2 37 2
4 2 45 1
6 2 37 34
7 2 37 50
5 2 36 26
8 2 36 36
6 2 35 48
4 2 34 23
2 2 34 25
3 2 34 41
7 2 33 15
1 2 33 26
4 3 32 25
1 2 32 29
5 2 32 36
1 2 32 39
6 2 32 50
7 2 31 21
4 2 31 23
7 2 31 49
3 2 30 3
2 2 35 2
4 2 41 1
2 2 41 2
8 2 35 3
8 2 30 36
1 2 34 36
4 2 30 46
8 2 29 1
7 2 29 3
7 2 29 13
3 2 29 25
2 2 31 25
2 2 29 36
7 2 29 36
3 3 28 36
1 2 29 49
5 2 28 3
8 2 28 15
8 2 28 34
7 2 27 7
6 3 26 7
2 2 37 6
8 2 31 6
3 2 31 6
8 2 33 6
5 2 26 1
7 2 26 10
5 2 26 11
1 3 25 10
4 2 30 10
1 2 26 23
6 2 26 23
8 2 26 37
1 3 26 36
7 3 27 37
6 3 26 38
5 3 25 39
1 3 24 39
6 2 27 36
2 2 27 35
8 2 26 41
5 2 26 48
1 2 33 47
3 2 26 49
1 2 25 28
8 2 24 2
8 2 30 1
5 2 30 1
6 2 30 2
4 3 29 2
6 2 27 1
5 2 24 7
4 2 33 6
1 2 33 6
5 2 33 6
8 2 24 10
4 2 25 10
1 2 24 15
3 2 24 25
6 2 27 25
8 2 27 24
4 2 28 25
2 2 23 10
4 2 23 15
5 2 23 36
7 2 23 35
1 2 24 34
6 2 23 35
2 2 23 37
7 2 23 48
3 2 30 47
5 2 29 47
4 2 26 47
4 2 25 49
8 2 25 50
6 2 23 48
8 2 26 47
3 2 26 47
6 2 22 10
8 2 22 23
4 2 22 24
6 2 22 28
5 2 22 38
8 2 22 44
3 2 23 43
3 2 22 49
7 2 21 6
8 2 21 8
5 2 21 9
7 2 21 10
2 2 21 23
7 2 21 24
5 2 21 23
7 2 21 29
1 2 21 30
2 2 21 37
3 2 21 40
7 2 21 44
2 2 21 48
7 2 21 49
6 2 20 2
3 2 31 1
6 2 31 1
3 2 24 1
5 2 20 6
1 2 20 23
7 2 20 34
4 2 20 49
4 2 19 9
2 2 19 10
4 2 23 11
6 2 19 10
1 2 19 10
3 2 19 10
4 2 19 12
2 2 19 24
4 2 23 25
1 2 20 25
3 2 19 45
4 2 24 46
1 2 24 47
6 2 19 48
2 2 18 23
2 2 18 29
4 2 18 28
6 2 18 30
4 2 18 39
2 3 18 40
1 2 27 41
2 2 26 41
6 2 26 41
5 2 27 41
2 2 27 41
1 2 24 41
7 2 20 41
8 2 19 41
6 3 19 41
8 2 21 41
6 2 18 38
6 2 19 37
7 3 19 36
7 2 18 47
1 4 18 48
2 2 23 47
3 2 23 48
7 2 17 11
8 2 17 14
2 2 21 14
4 2 17 14
2 2 17 17
6 2 17 17
7 2 16 14
6 2 19 13
8 2 20 12
1 3 20 13
5 2 18 13
3 2 17 13
7 2 16 23
5 2 16 26
2 3 15 26
7 2 22 25
1 2 16 29
1 2 16 45
8 2 17 46
5 2 17 47
6 2 17 48
7 2 16 46
5 2 16 48
3 3 16 49
6 2 15 8
8 2 16 7
3 3 16 8
1 3 15 8
3 2 25 6
7 2 25 7
1 2 24 6
2 2 24 6
4 2 23 6
4 2 20 6
2 2 16 7
6 2 20 6
3 2 15 11
5 3 15 11
5 2 16 10
2 2 15 13
1 4 15 12
6 2 15 12
8 2 15 13
3 2 15 15
7 2 15 17
5 2 15 34
4 2 18 35
3 2 18 34
2 2 18 34
8 2 18 36
5 2 17 34
8 3 16 34
3 2 15 38
2 5 14 37
7 2 15 41
4 2 15 45
2 2 15 48
5 2 14 6
8 2 14 6
5 2 14 10
2 2 14 9
6 3 14 10
7 2 14 9
5 2 14 15
6 3 14 14
6 2 14 25
7 2 14 35
5 2 14 37
8 2 14 39
3 2 14 40
4 2 14 47
8 4 14 48
7 2 13 26
8 3 12 25
8 2 15 24
5 2 13 28
7 3 13 29
7 2 15 30
7 2 13 46
6 2 14 46
4 2 13 49
5 2 12 3
5 2 19 2
1 2 24 1
8 2 24 2
2 2 26 1
3 2 26 1
5 2 24 2
7 2 23 2
4 2 22 1
7 2 19 1
6 2 20 2
1 2 20 3
2 2 19 2
6 2 12 13
5 2 12 22
1 2 12 31
3 3 12 31
4 2 12 36
2 2 13 37
8 2 12 38
3 2 12 42
5 2 19 41
3 2 19 42
5 2 18 43
7 2 17 41
4 2 11 6
2 2 11 7
7 2 13 6
7 2 11 14
7 2 12 15
5 2 11 13
3 2 11 12
8 2 11 12
7 2 11 20
6 3 11 21
2 2 13 20
5 2 11 20
1 2 11 21
8 3 11 22
2 2 13 20
8 2 13 21
4 2 11 21
5 2 11 26
7 3 10 26
2 2 11 29
5 2 21 28
8 2 12 28
4 2 14 29
2 2 12 29
1 2 14 29
6 2 13 29
3 2 13 29
4 3 12 28
7 2 12 28
8 2 13 27
7 2 13 28
2 2 12 28
5 2 11 29
3 2 11 29
7 2 11 30
2 2 11 35
4 2 14 34
4 2 10 12
2 2 10 12
5 2 10 13
3 2 10 14
4 2 10 15
7 2 10 17
4 2 10 27
2 2 10 26
5 3 10 26
6 2 10 25
1 2 16 24
2 2 10 30
8 2 10 33
3 2 10 34
4 2 10 36
3 2 10 37
4 2 10 38
3 3 9 38
7 2 11 39
4 2 13 40
1 2 11 39
7 2 10 39
5 2 10 40
5 2 12 41
3 2 15 42
4 3 15 42
2 2 13 42
6 2 16 43
2 3 16 43
1 2 12 42
5 2 12 43
8 2 11 39
3 2 10 42
4 2 9 3
8 2 14 2
8 2 16 1
7 2 14 3
1 2 9 8
4 2 9 11
6 2 9 10
8 2 9 19
2 2 9 21
1 2 14 20
7 2 9 20
4 2 9 23
7 2 9 23
6 2 9 27
5 2 9 34
6 2 9 35
1 2 9 36
8 2 9 39
5 2 8 2
2 2 12 2
6 2 8 4
3 2 8 3
3 2 8 9
8 2 9 9
2 2 8 15
8 2 11 15
1 2 11 15
8 2 8 17
1 2 9 16
5 2 8 19
3 2 8 26
3 2 8 30
7 2 8 31
2 3 8 32
3 2 8 33
2 2 8 40
5 2 8 46
6 2 17 45
4 2 12 46
3 2 17 45
5 2 13 45
5 2 12 47
8 2 7 10
5 2 7 9
3 2 7 20
7 2 7 25
6 2 7 49
2 2 6 7
6 2 12 6
7 2 6 6
2 2 7 7
1 2 10 6
7 2 7 8
8 2 6 7
3 2 11 6
5 2 10 6
4 2 6 9
8 2 6 13
3 2 7 13
7 2 7 14
4 3 6 14
8 3 6 15
1 2 6 15
5 2 6 15
7 3 6 15
1 2 6 21
7 2 6 30
8 2 6 29
4 2 6 33
6 3 5 32
6 2 6 37
5 2 6 39
7 3 6 39
6 2 6 39
2 2 7 39
7 2 6 46
2 3 6 47
5 5 5 47
2 3 7 46
6 2 6 46
3 2 14 45
2 2 14 45
8 2 12 45
5 2 12 46
4 2 6 46
4 2 8 45
8 2 5 1
2 2 5 4
5 2 5 9
3 2 5 10
1 2 8 11
2 2 8 11
7 2 7 11
1 2 6 11
1 2 5 17
5 2 5 18
8 2 5 31
1 3 5 31
7 2 5 34
2 2 5 33
1 2 5 34
6 2 5 33
6 2 4 4
1 2 4 6
3 2 5 7
6 2 4 8
1 2 4 16
7 2 4 17
6 2 4 20
7 4 3 20
2 2 8 20
5 3 8 21
7 2 7 21
1 2 5 20
4 2 7 21
6 2 6 21
2 2 4 22
6 3 4 23
1 2 4 29
2 2 5 28
7 2 4 32
6 2 4 35
3 2 6 34
6 2 4 43
3 2 9 43
7 3 9 42
2 2 4 50
6 2 3 6
4 3 2 6
5 2 3 6
7 2 3 9
1 2 3 13
7 4 2 12
7 2 4 12
5 2 3 13
4 2 3 12
5 2 3 22
8 2 3 27
4 3 4 26
8 2 5 25
3 2 11 24
4 2 11 25
2 2 8 24
5 2 11 23
3 2 7 24
1 3 7 24
1 2 4 26
8 3 4 26
7 2 4 28
4 2 3 29
1 3 2 28
7 2 3 45
6 2 2 1
2 2 7 2
3 2 2 4
3 2 2 7
7 2 2 7
8 2 2 16
5 2 2 27
2 2 2 31
6 2 3 30
6 2 2 32
5 2 2 31
5 2 4 30
3 2 2 30
4 2 2 34
7 2 2 42
5 2 2 42
8 2 8 41
8 2 6 41
4 2 6 42
1 2 4 41
4 2 6 40
5 2 3 41
5 2 4 40
2 2 2 46
1 2 8 45
1 2 4 45
8 4 4 46
5 2 5 45
3 2 4 47
5 2 2 45
3 2 2 50
2 2 2 49
5 2 2 48
6 2 7 49
8 2 2 48
1 2 2 47
4 2 1 9
5 2 1 11
8 2 1 23
3 2 2 24
5 2 3 23
1 2 1 30
8 2 1 43
7 2 1 45
