16179
3070
6 9 108 7
4 8 85 52
4 8 59 39
6 8 38 21
5 8 113 22
8 7 53 54
6 7 87 53
7 7 8 41
3 7 121 43
5 6 122 44
6 6 118 37
6 6 116 50
1 6 111 27
8 7 116 28
8 6 97 3
4 6 97 66
1 6 90 3
5 6 88 77
1 6 80 74
1 6 79 5
1 6 73 7
3 8 90 7
8 6 88 5
3 6 68 44
3 6 67 12
6 6 66 14
3 6 63 20
8 6 57 14
5 6 54 30
6 7 60 29
6 6 48 70
5 6 105 71
4 6 28 4
3 6 43 5
5 6 24 56
6 6 10 3
7 6 3 74
6 6 24 76
8 6 51 76
4 6 22 74
6 6 43 73
1 6 107 71
7 6 91 75
2 6 22 76
5 6 48 74
8 5 103 73
1 5 102 20
4 5 101 17
7 5 98 33
8 5 121 32
6 5 105 34
6 5 95 21
5 5 95 71
7 5 94 63
2 5 89 14
1 7 102 16
1 5 82 23
1 5 82 54
4 5 79 37
2 5 79 46
7 5 79 49
1 5 78 30
5 5 75 41
4 5 73 6
2 5 108 5
4 5 90 5
6 5 73 41
2 5 71 21
7 5 69 36
7 5 65 40
5 5 60 27
1 6 82 30
7 5 118 24
5 5 59 14
4 5 53 8
7 5 99 9
4 5 89 8
4 5 77 6
1 5 51 20
8 5 41 27
5 5 30 61
6 5 92 62
6 5 98 63
1 5 46 60
5 5 56 61
8 5 73 58
2 5 43 63
3 5 51 62
3 5 25 42
3 5 23 2
7 6 22 1
8 5 23 13
8 5 65 17
8 5 80 17
2 5 116 19
7 5 64 16
5 5 18 53
6 6 48 52
3 6 55 52
1 5 93 50
8 5 18 54
8 6 72 54
7 6 44 54
4 6 47 52
7 5 59 52
5 5 17 19
4 7 74 18
1 5 17 17
6 6 47 18
8 7 103 17
4 7 81 18
8 5 68 20
8 5 17 30
3 6 55 30
5 5 98 30
2 5 77 25
5 5 96 25
7 5 60 29
7 5 10 32
2 5 9 13
1 5 105 13
3 5 8 29
5 5 4 17
8 5 3 9
7 5 52 11
1 5 47 11
7 5 94 11
8 5 104 13
8 6 105 13
8 5 58 9
4 5 48 13
4 5 8 8
4 5 20 6
4 6 104 4
7 5 88 7
3 5 70 7
3 5 89 9
1 5 81 9
2 5 19 5
6 6 81 7
6 5 67 5
2 5 67 5
3 5 66 5
1 6 82 7
2 5 103 3
4 5 37 5
8 5 100 3
2 5 60 4
3 5 20 7
2 6 32 5
5 5 14 8
5 6 89 8
1 5 15 10
5 5 6 10
6 5 33 12
1 5 51 10
3 5 61 11
7 4 116 60
1 4 114 34
8 4 114 36
7 4 113 33
5 5 112 34
4 4 113 48
2 4 119 48
3 4 111 34
6 4 117 35
1 4 110 43
7 4 106 45
5 4 105 25
8 4 116 24
2 4 105 41
6 4 104 21
6 4 101 60
6 6 122 59
4 4 100 47
1 5 104 46
7 4 111 46
6 4 113 47
2 4 110 47
3 5 109 47
1 4 107 46
3 4 93 43
5 4 97 46
7 4 91 9
2 4 89 68
8 4 122 68
7 4 88 46
2 6 97 47
8 4 87 16
6 4 87 35
2 4 86 29
2 4 94 29
1 4 85 8
8 4 85 10
3 4 85 42
3 4 82 25
4 4 113 24
1 4 81 21
6 4 80 29
4 4 79 73
8 4 111 71
3 4 76 75
6 4 76 73
4 4 83 73
7 4 75 3
5 4 74 3
6 4 73 66
3 5 96 63
6 4 71 51
8 4 96 49
5 5 97 49
3 4 101 53
4 4 94 51
1 4 96 50
8 4 107 49
2 4 100 49
6 4 100 48
6 4 91 53
2 4 70 54
1 4 94 54
8 5 100 53
6 4 68 21
4 4 66 44
8 4 95 46
2 4 86 42
1 4 64 45
3 5 102 46
6 4 96 49
8 4 84 46
5 4 98 42
7 4 77 44
4 4 72 44
6 4 61 9
3 4 77 9
4 4 83 9
2 4 60 58
7 4 111 59
4 4 98 57
5 4 58 42
8 4 61 40
8 4 58 57
2 5 59 55
7 7 59 57
8 4 95 57
8 4 107 59
6 5 109 61
2 4 91 58
2 4 108 55
3 4 108 57
6 4 100 57
6 5 105 57
3 5 100 58
1 4 108 59
2 5 111 61
7 4 74 53
1 4 57 8
4 4 55 18
3 5 71 17
8 6 76 15
6 5 54 19
3 5 53 18
8 4 98 19
2 4 79 15
6 4 71 18
6 5 80 18
5 5 80 19
2 4 92 20
7 4 88 20
7 4 103 22
6 4 55 16
1 4 77 18
3 4 55 23
8 5 86 24
4 4 110 27
2 4 52 62
8 4 51 55
7 4 103 57
2 4 51 72
5 5 50 70
3 4 95 68
7 4 97 70
4 4 99 71
8 4 96 69
5 4 70 72
6 4 80 73
2 4 80 74
3 4 94 74
4 4 58 68
4 4 83 66
7 4 84 68
7 4 97 66
3 4 114 64
7 4 82 69
7 4 109 67
8 4 49 33
4 4 77 33
4 5 86 33
4 4 98 35
6 4 83 32
3 4 82 36
3 4 91 36
1 4 105 38
6 4 107 38
5 4 92 38
4 5 110 38
2 4 84 36
4 4 88 37
7 4 79 33
5 4 48 4
1 4 81 2
2 4 77 3
6 6 78 3
1 4 84 3
3 4 48 15
7 4 53 14
1 5 73 15
6 4 65 14
2 4 48 75
2 5 100 75
6 4 100 75
7 4 100 75
4 4 59 74
3 4 69 72
6 4 92 76
1 4 87 72
3 4 63 77
5 4 53 74
5 4 63 76
4 4 69 76
6 4 62 74
7 4 69 74
5 4 47 54
4 4 68 52
1 4 65 55
6 4 45 9
5 4 70 8
4 4 70 9
1 5 69 9
3 5 87 6
7 4 45 45
3 4 74 43
4 4 47 45
2 4 81 46
3 4 95 44
7 4 70 46
5 4 93 49
5 4 85 50
4 4 50 46
5 4 93 48
5 4 69 46
6 4 81 45
6 4 65 47
6 4 74 46
5 4 79 45
4 4 79 44
2 4 69 46
2 4 43 22
1 4 86 23
1 4 42 28
4 4 57 27
8 4 42 46
1 4 76 47
6 4 66 46
4 4 41 43
6 4 53 42
7 5 97 43
1 4 67 43
8 4 64 42
2 4 78 38
4 6 87 39
2 4 63 38
4 4 41 56
2 4 43 56
5 4 46 56
5 5 99 57
3 5 46 57
4 4 69 58
3 4 68 56
4 4 94 58
1 4 45 56
5 4 64 56
3 4 38 71
7 4 72 67
2 4 83 69
3 4 106 67
6 4 76 67
7 4 112 66
6 4 111 66
4 4 49 70
4 4 68 70
6 4 57 73
7 4 80 71
6 4 34 36
6 4 35 40
5 5 55 36
8 4 97 35
6 4 32 49
4 4 31 59
1 6 32 62
8 4 39 57
3 4 31 73
3 5 69 73
7 4 52 74
4 4 64 72
2 4 63 73
6 4 30 70
6 4 77 72
8 4 47 70
1 4 29 41
7 4 30 41
1 4 50 42
6 4 99 40
4 4 28 29
6 4 25 4
3 7 48 2
2 4 62 5
7 4 24 55
6 4 61 56
2 4 36 55
4 4 46 54
6 4 23 58
2 4 90 60
8 4 102 63
2 4 20 43
2 4 31 44
5 5 51 44
6 4 56 44
7 4 20 75
5 5 20 76
7 4 74 75
8 5 74 77
2 4 34 73
8 4 63 74
8 4 26 73
8 4 44 75
4 4 36 75
5 5 66 73
3 4 72 75
8 4 19 30
3 5 23 30
4 5 37 31
8 5 24 30
6 5 24 32
3 5 55 32
6 5 18 29
8 5 85 28
2 4 49 31
3 5 69 33
6 4 28 32
7 4 19 38
8 4 97 38
3 5 96 38
1 4 66 37
7 4 16 29
2 4 19 29
3 4 73 28
7 5 79 26
1 4 19 30
4 4 16 35
6 4 84 33
2 4 84 36
4 4 16 65
3 5 45 65
5 4 73 64
6 4 16 63
6 4 49 62
8 4 74 63
1 4 82 63
8 4 82 66
1 4 60 63
2 4 30 61
8 4 30 60
6 4 67 63
5 4 66 61
7 4 74 57
6 4 81 59
5 4 81 60
3 4 74 60
4 4 87 60
4 4 17 62
1 5 25 61
6 5 55 60
4 4 84 61
7 4 15 34
6 4 90 33
6 4 47 34
4 4 77 34
7 4 79 33
1 4 81 34
5 4 81 33
6 4 54 32
7 4 84 35
6 4 15 74
1 4 14 28
5 4 13 68
1 5 44 69
4 6 60 67
3 5 46 69
8 4 100 65
6 4 102 67
2 4 98 67
5 4 87 68
8 4 84 69
8 4 60 67
8 4 34 69
1 4 59 67
8 4 62 70
1 4 45 70
2 4 71 68
7 4 45 69
2 4 25 70
2 4 12 12
3 4 49 12
2 4 97 12
2 4 74 13
8 4 62 11
6 4 69 10
8 4 11 58
3 4 44 56
1 4 10 26
2 4 41 25
3 4 21 28
5 4 9 14
4 4 86 11
4 4 49 13
4 5 75 13
3 4 74 13
7 4 55 16
4 4 68 14
3 4 19 15
4 4 16 16
7 4 80 18
8 4 81 18
7 4 57 18
3 6 82 20
3 4 9 32
5 4 8 32
7 6 38 32
4 4 71 31
2 4 50 32
4 4 45 34
2 4 47 36
7 4 8 38
5 5 8 37
7 5 73 39
1 5 97 39
8 5 51 39
8 5 14 36
8 4 72 37
8 4 44 36
1 4 43 38
8 4 33 38
8 4 39 41
7 4 8 40
2 4 48 42
8 4 66 42
2 4 66 43
5 4 65 42
7 4 34 41
5 4 91 41
6 4 7 23
3 4 7 31
3 4 7 73
3 5 41 71
2 5 18 74
3 7 33 73
8 4 33 74
2 4 59 76
5 4 55 72
1 4 5 8
6 4 61 7
5 4 5 25
6 4 4 27
2 4 6 28
4 4 68 27
5 4 74 27
3 4 52 25
8 5 55 24
8 4 85 22
3 4 72 22
4 5 94 20
3 4 66 24
1 4 43 31
3 4 26 29
1 5 69 31
5 4 12 26
6 4 91 24
5 4 3 32
8 4 47 29
7 3 108 1
8 3 116 1
3 3 101 22
6 3 97 1
6 3 95 66
3 3 89 36
1 3 88 17
2 3 87 25
5 3 94 24
8 3 87 25
2 3 97 24
2 3 87 66
6 3 86 13
7 3 88 14
5 3 85 15
5 3 85 59
8 3 84 15
1 3 84 57
1 3 84 64
4 4 83 64
5 3 95 65
2 3 83 36
2 3 82 54
2 3 81 10
2 3 79 51
7 3 93 50
4 3 92 50
8 3 81 50
2 3 82 51
7 3 89 52
8 3 89 52
3 4 90 53
5 4 88 53
1 3 85 52
1 3 78 17
5 4 78 17
4 3 78 69
3 3 77 41
6 3 77 43
5 3 77 52
6 3 75 16
2 4 75 15
6 3 75 24
7 4 85 24
4 3 82 23
8 3 74 36
5 3 83 36
7 3 83 35
6 3 79 36
7 3 73 3
3 4 77 3
2 4 77 2
4 3 73 25
2 4 88 24
3 3 85 25
2 3 76 25
1 3 73 65
8 3 83 64
5 4 83 65
4 3 78 66
6 3 85 65
8 3 85 67
3 3 73 64
8 3 73 72
5 3 72 7
3 3 72 7
6 3 72 36
5 3 81 37
1 3 71 1
2 3 71 23
8 3 71 52
7 3 70 56
8 3 69 23
1 3 69 44
8 3 68 10
5 3 76 8
7 3 68 44
2 3 68 54
8 3 81 53
1 3 72 52
8 3 68 72
3 3 68 80
8 3 103 79
5 3 77 79
4 4 107 78
7 3 92 79
7 3 78 79
2 4 99 78
5 3 67 22
5 3 82 23
8 3 94 22
6 3 81 22
2 3 74 23
1 4 86 21
1 3 73 23
5 3 76 24
8 3 75 22
4 3 83 21
6 3 93 20
2 3 82 21
1 3 80 21
4 3 69 22
6 3 80 21
3 3 67 29
3 3 73 30
6 3 71 27
1 3 66 41
7 3 66 78
6 3 104 78
3 3 101 78
3 3 98 78
6 3 65 25
1 3 65 47
2 3 65 46
4 6 65 47
1 3 65 79
2 4 65 78
5 3 99 77
7 3 98 77
1 3 98 78
8 3 76 78
8 3 87 78
4 3 96 77
2 3 94 77
8 3 94 79
7 3 72 79
3 4 75 78
3 3 92 77
5 3 86 77
1 4 86 78
1 3 82 77
1 3 64 26
6 3 72 24
1 3 84 26
7 3 80 25
8 3 64 34
7 3 64 42
4 3 81 41
8 3 64 47
3 3 63 47
5 3 63 71
4 3 63 78
5 3 72 79
2 3 62 33
1 4 62 32
5 3 66 30
8 4 71 31
8 3 62 63
5 3 77 64
2 3 89 65
4 5 89 66
1 3 89 68
5 4 88 68
4 3 62 72
3 3 67 71
3 3 71 69
2 3 71 70
6 3 74 70
8 3 64 70
6 3 70 68
2 3 85 67
1 3 74 66
4 3 74 66
3 3 78 63
4 3 64 69
7 3 74 68
1 4 74 69
8 3 60 22
8 3 79 22
5 4 79 21
1 3 79 23
3 3 60 39
3 3 73 39
5 3 69 38
1 3 60 53
6 3 79 54
7 3 80 52
3 3 75 53
3 3 77 55
5 3 79 56
4 5 79 54
6 3 60 76
7 3 58 6
7 3 66 6
1 3 60 7
4 3 72 6
2 3 71 6
4 3 75 6
2 3 73 7
7 3 57 9
2 3 62 7
5 4 62 5
7 3 77 4
3 3 67 5
6 3 62 4
7 3 62 3
4 5 62 4
8 3 67 4
6 3 61 3
1 3 61 5
3 3 60 3
5 3 67 2
2 3 81 1
5 3 59 8
6 3 69 8
3 3 79 10
5 3 87 12
8 3 57 77
4 3 57 77
3 3 56 13
7 3 72 13
5 3 72 15
4 3 56 14
6 4 56 12
5 3 80 10
7 3 80 14
3 3 61 12
6 3 56 42
3 3 58 41
5 3 56 54
8 3 77 55
5 3 77 55
3 3 64 52
3 3 73 52
7 3 75 52
1 3 69 51
3 3 68 50
4 3 85 49
4 3 56 64
4 3 83 64
2 3 82 62
5 3 81 63
7 3 80 66
1 5 79 65
5 3 79 65
3 3 81 64
4 3 74 62
4 3 70 63
2 3 73 63
3 3 86 61
8 3 85 62
7 3 76 63
2 3 71 65
3 3 71 65
8 3 71 63
8 3 55 43
7 4 54 43
7 3 66 41
5 3 76 40
1 3 65 45
8 3 55 76
6 4 68 75
8 3 65 76
7 3 65 77
2 3 76 77
6 3 73 77
5 3 71 77
8 3 54 4
2 3 55 5
2 4 63 6
4 3 54 20
6 3 62 19
5 3 67 18
7 3 54 69
7 3 79 68
5 3 76 67
4 3 72 68
4 3 69 71
5 3 54 68
8 3 75 69
3 3 69 68
4 3 72 69
3 3 72 67
3 3 72 71
5 3 53 4
5 3 54 4
4 3 53 7
6 3 52 5
1 3 52 14
8 3 70 13
8 3 51 8
6 3 57 7
6 3 51 30
7 3 64 29
5 3 58 30
6 3 68 28
1 4 68 30
3 3 58 31
8 3 61 32
2 4 65 30
2 3 67 29
4 3 65 32
7 4 67 31
3 3 64 31
2 3 64 33
8 3 58 31
2 3 57 30
5 3 64 30
6 4 63 28
5 3 52 30
5 3 55 30
2 3 50 4
1 3 54 3
3 4 54 3
3 3 50 61
7 3 60 60
8 4 60 60
8 3 76 61
6 3 62 59
7 4 79 58
8 3 61 57
5 3 49 67
1 3 50 67
7 3 72 67
8 3 69 66
3 3 70 67
4 3 67 66
5 3 59 64
1 3 65 64
4 3 59 63
8 3 64 61
2 3 48 12
5 4 47 12
7 3 62 13
2 4 75 13
5 3 67 10
8 3 72 12
5 3 74 14
1 4 73 14
3 4 71 13
7 4 72 12
4 3 66 11
1 3 48 12
7 4 64 13
8 4 48 13
2 4 48 15
8 3 74 10
6 3 63 11
5 3 62 16
8 3 71 15
7 3 73 16
3 3 66 17
4 3 71 17
4 3 75 19
3 3 75 21
1 3 71 15
3 3 60 16
7 3 59 17
8 3 68 18
5 3 68 19
5 3 52 11
1 3 52 11
7 3 48 11
4 5 48 10
2 3 69 9
7 3 62 13
8 3 52 11
6 3 52 9
1 3 53 11
7 3 51 13
8 3 61 14
1 3 57 12
1 3 61 13
5 3 47 29
3 3 60 27
7 3 69 26
3 3 57 29
6 3 47 73
1 3 46 51
6 3 70 51
4 3 69 52
8 3 66 51
4 3 78 50
2 4 78 51
6 3 50 52
1 4 64 52
1 3 75 54
5 3 64 52
6 3 63 51
4 3 55 52
4 3 59 51
5 3 71 53
6 3 46 51
7 4 60 51
7 3 80 49
1 3 80 48
3 3 80 48
3 3 62 50
1 3 61 50
8 3 72 48
3 3 46 56
2 3 73 55
3 3 68 56
8 3 58 55
1 3 62 56
1 3 67 55
6 3 58 55
8 3 66 55
8 3 49 56
6 3 45 54
4 3 68 53
3 3 45 60
5 3 72 61
8 3 67 59
1 4 67 60
4 3 75 59
3 3 71 60
7 3 68 62
1 3 45 62
2 3 56 63
1 3 67 63
5 4 66 64
2 3 64 62
3 3 61 63
2 3 61 63
7 3 60 62
3 3 57 62
3 3 55 62
8 3 44 14
4 3 59 14
3 3 57 13
5 3 57 12
3 3 44 22
4 3 62 20
1 3 43 45
7 4 56 46
4 3 66 48
7 3 43 67
5 4 65 67
1 3 66 65
8 3 49 68
6 3 66 69
1 3 48 69
5 3 42 30
6 3 59 28
2 3 43 28
5 3 56 27
4 3 56 29
8 3 55 28
3 3 42 46
3 3 45 48
8 3 75 48
8 3 56 47
7 3 44 49
8 3 76 49
8 3 42 55
8 3 56 56
7 3 63 54
1 3 51 54
2 3 65 54
7 3 42 55
1 4 44 54
8 3 59 54
4 3 55 54
5 3 54 54
3 3 49 55
2 4 53 54
3 3 53 51
8 3 42 62
4 3 42 68
2 4 41 68
1 3 55 68
3 3 54 67
8 3 55 68
4 3 54 69
2 3 53 68
1 3 53 68
7 3 52 69
2 3 46 69
7 3 45 66
7 3 45 70
1 3 52 71
6 3 70 71
3 3 46 69
8 3 43 69
5 4 50 70
4 4 43 68
2 3 52 70
6 3 41 5
2 3 41 35
6 3 60 35
5 3 62 34
5 3 73 36
4 3 41 34
5 3 80 34
6 3 41 49
2 3 70 49
1 4 69 49
7 3 67 48
2 3 58 48
6 3 66 48
8 3 65 48
2 3 51 49
7 3 62 46
1 3 58 49
1 3 40 32
4 3 58 33
1 3 40 65
3 5 38 62
6 3 61 62
2 3 44 61
6 4 52 63
5 3 55 64
8 3 55 66
2 3 50 63
7 3 47 63
8 3 47 61
4 3 44 60
3 3 40 65
3 3 47 66
6 3 40 65
7 3 51 64
1 3 47 64
5 3 47 65
4 4 59 66
3 3 47 65
6 3 50 65
2 3 49 64
7 3 52 65
5 3 40 66
2 3 39 22
2 4 67 21
3 3 71 23
7 3 70 24
6 3 48 21
8 4 53 19
3 4 53 21
3 3 39 23
7 4 39 24
2 3 62 24
6 3 39 53
2 3 38 15
2 3 38 31
7 3 41 30
8 3 38 51
8 3 37 6
3 3 37 11
2 5 38 12
1 3 56 10
2 3 64 9
5 3 56 10
7 3 61 9
6 3 48 11
4 4 52 12
6 3 61 10
6 3 54 13
3 3 48 11
4 4 58 11
3 3 55 9
4 3 43 10
7 3 51 12
5 3 51 13
8 4 50 13
5 3 37 42
4 4 52 40
6 3 78 39
6 3 75 40
1 3 52 40
3 3 47 40
3 3 37 44
6 4 50 44
5 3 41 45
6 4 41 46
3 3 53 45
1 4 53 45
8 3 56 43
1 3 55 47
4 3 50 47
3 3 37 54
3 3 36 69
3 3 35 19
6 4 44 19
1 3 61 18
8 3 56 18
4 3 60 19
4 3 68 20
3 3 61 20
7 5 59 18
7 3 63 21
2 3 59 18
6 3 58 18
2 3 51 20
5 3 52 19
6 3 59 18
1 3 61 19
3 3 47 21
1 3 51 22
6 3 50 22
4 4 49 21
5 3 61 22
8 3 47 21
3 3 51 20
2 3 41 19
2 3 35 78
1 3 59 79
3 3 55 77
5 3 73 77
7 3 34 47
4 3 34 59
1 3 74 58
6 3 46 57
6 3 34 58
2 3 64 59
8 3 39 57
4 3 61 58
8 3 59 58
5 3 59 58
8 3 63 58
1 3 44 58
2 3 33 17
3 3 46 15
2 3 47 14
3 3 63 15
5 3 55 16
7 3 55 17
4 3 55 17
4 3 33 66
6 3 44 65
8 3 35 66
5 3 44 65
3 3 32 41
6 3 34 42
6 3 56 40
1 3 70 39
7 3 69 39
7 3 71 38
2 3 71 37
4 3 71 38
4 3 73 37
8 3 72 36
1 3 70 37
6 3 70 39
3 3 69 38
6 4 74 37
5 3 62 40
6 3 51 44
5 3 50 41
2 3 59 41
8 3 40 41
1 3 57 41
2 3 32 52
4 5 31 51
5 3 42 49
4 3 41 50
6 3 57 48
4 3 45 52
4 3 39 53
7 3 40 51
8 3 39 52
8 3 44 50
6 3 43 51
5 4 44 52
5 3 54 50
2 3 49 54
8 3 42 50
2 3 31 14
3 4 37 14
5 3 36 15
8 3 36 14
8 4 42 12
7 4 35 15
5 4 59 15
6 3 59 15
8 3 31 13
4 3 44 12
4 3 31 16
1 3 48 17
6 3 45 17
3 3 45 17
6 3 52 15
2 3 50 15
2 3 34 16
4 3 51 16
8 3 44 15
7 4 44 15
5 3 42 15
5 3 31 22
7 3 56 21
2 3 56 19
6 3 44 22
8 3 31 52
6 5 31 51
3 3 41 53
4 3 34 52
3 3 33 51
5 3 30 39
6 4 46 39
6 4 36 38
4 4 40 38
8 3 55 38
7 4 55 38
4 4 58 37
2 3 58 37
4 3 63 36
3 3 47 38
1 3 46 38
5 4 46 39
5 3 31 38
8 4 43 37
5 3 30 59
4 3 57 59
6 3 58 59
4 4 57 58
2 3 63 57
7 3 61 59
6 3 61 57
8 3 58 58
7 3 46 60
7 3 30 76
6 3 52 78
6 3 29 46
8 3 28 40
6 3 55 40
7 3 42 39
2 3 63 40
6 3 43 40
4 3 57 40
8 3 57 41
3 5 56 39
2 3 45 41
1 3 48 42
2 3 42 41
7 3 28 58
8 4 29 59
3 4 58 58
1 3 50 57
7 3 50 59
5 3 50 59
2 3 38 58
4 3 38 59
4 3 48 58
7 3 46 58
5 3 57 60
6 3 43 59
5 3 48 56
8 3 46 58
2 3 45 56
4 3 45 58
1 3 43 60
6 3 27 76
5 3 53 76
4 3 26 4
4 3 39 2
6 3 54 1
4 3 61 2
8 3 51 1
6 3 28 3
4 3 43 4
7 3 45 4
3 3 37 5
8 3 52 4
5 3 34 1
1 3 32 4
2 3 43 5
7 3 32 4
1 3 56 3
7 3 55 1
8 3 57 1
6 3 55 2
2 3 51 2
7 3 50 1
7 3 26 32
5 5 36 32
3 5 35 32
5 3 57 34
6 3 49 33
7 3 52 31
6 4 53 33
5 3 40 31
4 3 35 32
6 3 32 31
3 3 40 30
8 3 45 31
3 3 45 31
2 3 40 31
4 4 45 30
2 3 31 32
3 3 68 34
1 3 34 34
3 3 57 35
3 3 39 33
2 3 28 31
5 3 28 32
4 3 26 38
7 3 25 45
5 3 24 20
7 3 44 18
5 3 36 22
3 3 59 23
4 3 42 20
4 3 41 23
8 3 43 25
4 3 43 27
5 3 42 22
6 3 45 21
2 3 45 21
1 3 44 21
5 3 43 22
2 3 42 23
4 3 24 70
7 3 24 70
7 3 33 68
2 3 32 69
2 4 43 68
1 3 43 66
7 3 42 65
4 3 50 64
7 3 28 68
2 4 27 67
2 3 39 66
1 3 34 67
7 4 33 65
6 4 33 66
6 3 38 64
4 3 37 69
5 3 34 68
3 3 26 66
5 3 28 64
1 3 39 62
5 4 43 62
8 3 43 62
4 3 46 62
8 3 39 64
7 3 41 63
1 3 41 64
5 3 29 65
6 3 31 67
5 3 23 41
8 3 49 41
7 3 23 49
4 6 23 50
1 3 25 48
1 3 43 49
2 3 40 47
7 3 40 49
1 3 41 48
2 3 22 51
3 3 37 50
2 3 36 49
6 3 37 50
4 3 36 50
1 3 35 50
2 3 28 52
7 3 33 52
3 3 40 53
8 3 33 52
1 3 39 53
8 3 22 54
5 3 31 53
6 3 21 20
8 3 27 19
2 4 28 20
4 3 27 17
1 3 39 15
5 3 28 17
7 3 30 16
4 3 30 16
6 3 30 17
6 3 26 20
2 3 21 43
4 3 55 42
6 3 46 42
2 3 47 41
3 3 40 43
7 3 20 41
3 4 20 43
2 3 50 43
6 3 47 42
7 3 42 40
2 3 42 41
4 3 42 40
4 3 42 43
3 3 37 41
1 3 36 42
8 3 47 43
8 3 21 42
7 3 20 43
7 3 20 53
1 3 29 52
7 3 37 54
7 3 44 56
3 3 45 57
2 3 42 55
2 3 44 57
1 3 45 55
7 3 20 66
1 3 29 65
6 3 21 65
5 3 20 73
4 3 34 71
8 3 25 73
2 3 46 71
3 3 41 73
1 3 46 73
6 3 44 72
8 3 40 72
1 3 40 74
7 3 32 73
3 3 53 75
1 3 53 76
3 3 48 73
7 3 47 75
8 3 50 75
8 4 57 76
2 3 59 78
1 3 59 77
3 4 59 78
5 3 43 72
4 3 28 70
4 3 44 72
8 3 44 71
5 3 26 73
7 3 40 74
4 3 51 75
6 3 58 77
3 3 51 76
4 3 40 75
6 3 49 75
4 3 45 75
6 3 26 74
8 3 40 74
8 3 19 14
3 3 28 15
1 3 28 16
5 6 28 17
1 3 32 14
2 3 30 17
1 3 34 15
3 3 19 40
6 3 37 39
1 3 30 38
6 3 40 37
3 3 59 35
1 3 59 36
2 3 30 37
3 3 18 37
1 3 48 38
4 3 31 37
7 3 52 35
3 3 52 35
2 3 51 35
8 3 54 34
5 3 44 38
7 3 25 37
2 3 23 37
6 3 29 39
3 3 25 36
2 3 25 39
6 3 23 37
5 3 42 35
5 3 62 34
8 3 24 36
6 3 24 36
4 3 23 37
1 3 22 36
5 4 34 34
6 4 34 35
6 3 18 36
2 3 54 34
4 3 40 35
7 3 43 33
7 3 30 34
2 3 18 47
6 4 23 47
6 3 41 47
1 3 53 45
3 3 17 15
5 3 23 13
7 4 23 14
2 3 33 12
8 3 23 13
3 3 19 15
7 3 29 13
8 3 29 16
1 3 30 18
2 3 17 28
8 4 24 28
8 3 34 30
8 3 35 31
4 3 37 30
6 3 39 28
3 3 61 26
5 4 62 27
6 3 68 24
5 3 28 29
1 3 28 31
8 5 27 30
7 3 34 32
3 3 35 33
3 3 17 31
4 3 25 30
7 3 17 45
2 3 45 43
6 3 30 43
1 3 29 46
4 3 19 45
2 3 22 46
7 3 27 46
3 3 25 47
5 3 21 47
5 3 30 46
4 3 35 46
2 3 39 45
6 3 42 47
7 3 30 47
4 3 40 45
5 3 41 44
8 4 40 44
5 4 41 41
8 3 25 47
7 3 20 46
1 3 39 45
7 3 17 53
4 3 16 14
5 3 28 13
7 3 32 11
3 3 27 16
2 3 16 14
1 4 18 14
6 4 18 13
3 3 30 12
1 3 27 11
5 3 23 17
4 3 22 13
6 5 22 13
6 4 23 12
2 4 22 15
6 3 16 20
7 3 46 19
3 3 46 20
8 3 41 19
8 3 27 20
1 3 28 22
5 4 27 20
6 3 39 21
1 3 38 21
8 3 31 23
5 3 39 23
8 3 64 25
4 3 44 24
1 3 27 19
3 5 27 19
7 3 16 72
6 4 20 71
4 3 31 73
6 3 28 70
6 3 15 23
3 3 23 22
7 3 33 23
1 3 34 24
4 4 63 25
7 3 42 25
8 3 39 25
1 3 60 25
1 3 40 26
3 3 36 23
3 3 15 36
8 4 30 35
1 3 37 37
8 3 37 37
2 3 33 34
3 3 32 36
5 3 15 73
8 3 20 74
8 3 14 2
6 3 66 2
3 3 37 2
4 3 50 1
6 3 33 2
6 3 48 2
1 3 40 1
3 3 14 53
6 3 13 5
7 3 49 6
7 3 53 7
2 3 32 6
5 3 49 8
7 3 38 8
2 3 52 9
8 3 28 5
8 3 13 11
8 3 22 10
5 3 51 10
1 3 50 9
7 3 52 7
1 3 27 10
5 3 37 8
2 3 12 19
8 3 35 21
1 3 14 21
2 3 36 23
6 3 37 25
7 4 56 26
3 3 36 23
8 3 14 22
7 4 13 22
3 3 22 23
7 3 13 20
4 4 16 19
4 3 20 18
7 3 29 19
7 3 22 17
6 3 23 18
1 3 19 20
8 3 12 31
1 3 32 33
1 3 12 33
2 3 18 31
6 3 12 37
7 3 29 35
2 3 12 41
1 4 27 41
2 3 26 39
8 3 26 40
7 3 28 41
7 3 35 43
1 3 33 40
2 3 18 42
5 5 27 41
5 4 17 42
3 3 31 41
4 3 35 43
7 3 32 42
7 3 28 41
6 3 16 41
4 3 24 41
6 3 23 40
3 3 11 33
7 3 14 33
2 4 28 31
7 3 35 30
1 3 29 29
8 3 28 30
4 3 21 34
2 4 21 34
6 3 11 43
8 3 17 43
5 3 16 44
2 5 25 43
8 3 27 46
3 3 29 48
1 4 30 48
7 3 32 49
7 3 11 51
1 3 11 50
2 3 11 53
6 5 11 52
1 3 17 52
4 5 17 53
8 3 12 50
8 3 16 51
4 3 30 50
5 3 13 51
2 3 9 3
5 5 13 3
3 3 45 5
2 3 30 2
3 3 43 1
6 3 14 5
1 3 43 6
2 3 15 6
8 3 9 17
5 3 29 17
1 3 19 17
5 3 9 32
5 3 13 31
6 3 19 33
5 4 22 33
1 3 24 31
3 3 9 57
7 3 17 55
5 3 23 56
5 3 36 57
3 3 9 73
2 3 14 74
4 4 25 74
6 4 18 73
2 3 48 77
1 3 44 75
4 3 17 75
2 3 28 76
7 3 16 76
2 3 18 75
3 3 20 74
1 3 8 3
8 3 19 2
1 3 15 3
3 3 13 4
1 3 48 6
7 3 37 2
7 3 53 2
1 3 28 6
4 3 40 5
5 3 40 7
5 3 25 6
2 3 38 7
6 3 22 2
7 3 42 1
3 3 23 4
6 3 16 3
6 4 29 2
1 4 31 4
5 3 31 4
2 3 30 6
8 3 34 5
7 3 32 6
7 3 28 2
5 3 17 4
2 3 23 4
3 3 8 36
4 3 46 34
1 3 26 38
4 3 29 38
2 3 27 38
3 3 26 38
4 3 16 37
2 3 16 36
5 3 23 36
4 3 31 36
8 3 18 35
5 3 8 48
8 3 22 46
8 3 20 48
7 3 7 4
8 3 21 3
5 3 38 1
2 3 16 3
3 3 16 5
3 3 21 6
7 3 38 8
8 3 34 7
5 3 40 8
8 5 40 8
6 3 34 7
7 3 15 3
2 3 38 1
4 3 23 1
5 3 17 2
4 3 15 3
2 3 7 9
4 3 34 9
3 3 26 10
6 3 7 37
4 3 21 37
7 3 28 36
7 3 19 36
3 3 17 36
5 3 25 34
7 3 19 37
7 3 7 36
4 3 24 35
8 3 21 34
1 4 21 35
6 3 21 33
6 3 17 37
1 3 7 39
2 3 7 58
6 3 40 59
3 3 36 56
4 3 42 56
6 3 36 56
3 4 38 55
5 3 36 57
4 3 14 57
6 3 24 55
7 3 13 60
1 3 10 59
7 4 20 58
3 3 21 56
5 3 11 59
2 3 45 60
8 3 47 60
6 3 46 60
7 3 47 62
8 3 9 57
5 3 16 55
8 3 36 55
8 3 31 54
4 3 16 58
6 3 6 40
5 3 11 37
4 3 9 39
6 3 5 15
7 4 7 15
7 3 5 27
6 3 4 9
8 4 25 9
2 3 33 10
2 3 24 11
2 3 23 8
4 5 28 8
1 3 30 10
6 4 30 9
7 3 30 11
3 3 31 10
7 3 37 8
7 3 21 9
6 3 7 6
1 3 4 25
8 4 3 24
8 3 40 25
4 3 35 26
3 3 45 25
7 4 48 26
5 3 45 26
8 3 51 26
7 3 8 22
1 3 8 21
2 3 23 23
6 3 4 55
6 3 10 54
8 3 10 54
8 3 20 54
7 3 19 52
1 3 18 54
5 3 22 56
2 3 22 56
4 3 22 57
5 3 18 54
7 3 25 54
6 3 17 54
3 3 14 54
1 3 6 56
7 3 25 57
8 4 27 58
7 3 18 56
1 3 8 55
3 3 15 56
8 3 12 53
1 3 13 54
6 3 12 55
1 3 14 57
1 3 3 15
1 3 4 14
1 3 9 13
7 3 4 13
8 4 9 11
1 3 16 9
7 4 16 10
3 3 3 36
5 3 18 35
5 3 20 34
2 3 8 35
4 3 3 37
7 3 10 38
3 5 10 40
7 3 10 42
2 3 9 39
1 3 14 40
6 3 9 43
3 3 8 43
4 3 6 38
6 3 3 63
2 3 37 63
6 3 44 61
8 3 7 62
2 3 20 62
2 3 6 64
7 3 33 63
3 3 33 64
5 3 26 66
4 3 26 67
2 3 24 66
8 3 27 67
3 3 23 66
7 3 22 67
8 3 22 69
4 3 5 62
6 4 6 61
5 3 30 62
2 3 32 60
5 3 5 62
7 4 25 61
2 3 25 60
4 3 22 60
5 3 23 61
6 3 15 61
4 3 29 63
8 3 21 63
4 3 22 64
6 3 22 64
8 3 24 64
7 3 21 65
3 3 17 61
8 5 18 61
8 3 15 63
1 4 15 62
1 3 20 64
5 3 18 65
3 4 19 65
5 3 22 64
7 3 5 62
5 3 3 74
2 3 24 72
3 3 16 73
6 3 42 70
3 3 10 72
2 3 30 70
7 3 33 69
2 3 23 71
7 3 25 70
5 3 26 71
7 3 2 21
8 3 5 23
3 3 26 24
8 3 43 25
4 3 42 24
7 3 31 25
2 3 39 26
3 4 48 27
4 3 44 27
6 3 44 27
2 3 46 27
5 3 31 26
5 4 40 25
1 3 38 24
7 3 35 24
4 3 17 22
8 3 6 22
4 3 2 35
7 3 19 35
6 3 20 35
2 3 19 34
3 3 18 34
3 3 2 45
4 3 18 44
7 3 10 44
3 3 22 46
3 3 17 45
2 3 10 46
1 3 19 48
1 4 24 50
2 4 24 52
8 3 26 51
6 3 10 48
2 3 19 48
3 3 2 70
4 4 2 71
1 3 27 69
4 3 25 72
3 3 22 70
1 3 24 72
5 3 22 69
3 3 5 71
7 3 38 70
3 3 33 70
7 3 3 71
2 3 35 71
5 4 36 71
8 3 36 70
2 4 36 70
2 3 28 70
2 3 2 68
6 3 19 68
1 3 2 71
3 3 1 41
4 3 19 43
5 3 22 42
3 3 9 43
6 3 14 42
3 3 16 41
1 4 17 43
4 3 16 41
3 3 16 42
8 2 106 80
1 2 92 80
1 2 89 1
4 2 69 79
3 2 68 79
8 2 68 80
6 2 64 78
5 2 64 80
1 2 64 79
1 2 61 78
4 2 60 78
7 2 60 79
6 2 60 80
3 2 57 1
1 2 57 1
7 2 57 2
3 2 56 2
7 2 56 80
6 2 64 79
3 3 64 80
2 2 65 79
7 2 63 79
5 2 62 79
2 2 55 78
2 2 59 79
1 2 56 79
8 2 57 78
4 2 56 80
6 2 55 79
5 2 54 78
4 2 52 80
7 2 50 77
5 2 48 80
1 2 51 79
3 2 47 79
8 2 46 29
6 2 45 1
4 2 45 28
3 2 51 27
7 2 50 27
6 2 48 27
4 2 47 27
4 2 45 77
7 2 51 78
1 2 44 26
8 2 46 27
5 2 43 26
7 2 43 28
3 2 43 28
2 2 45 28
1 2 43 28
6 3 43 28
7 2 43 77
1 3 43 78
3 2 49 78
6 2 47 77
1 2 45 77
5 3 45 78
7 3 45 77
2 2 45 79
3 3 44 79
7 2 43 77
3 2 43 76
2 2 43 77
2 2 42 1
6 2 42 19
2 2 42 50
8 2 41 1
7 2 41 26
1 2 41 60
6 2 40 78
4 2 40 79
2 3 40 78
6 2 39 24
4 2 39 78
8 2 38 29
5 2 38 75
3 2 39 76
2 2 37 76
4 2 37 78
6 4 37 77
7 3 36 77
8 2 36 40
3 2 36 45
3 2 36 79
8 2 35 2
2 2 45 1
4 2 45 2
1 2 35 19
1 2 35 79
7 2 34 34
5 2 34 70
4 2 33 1
3 2 33 5
4 2 33 6
8 2 34 5
6 2 34 5
5 2 33 8
7 2 32 26
3 2 42 25
8 2 41 27
4 2 41 28
8 2 40 28
2 2 37 25
1 2 40 24
6 2 36 25
5 2 42 26
6 2 37 26
1 2 37 27
3 2 37 28
6 2 37 28
8 2 36 26
7 2 36 26
2 2 38 26
2 2 36 27
5 2 35 27
7 2 33 27
4 2 33 28
4 2 32 70
6 2 32 75
5 2 32 80
7 3 31 79
4 2 31 8
3 2 31 9
5 2 31 28
2 2 35 29
6 3 35 30
5 2 34 29
1 2 34 30
3 2 33 29
3 2 31 70
1 2 31 73
7 2 31 75
3 3 31 76
2 3 30 76
2 2 33 77
8 2 32 75
5 2 32 77
4 2 31 75
7 2 31 77
5 2 30 19
6 2 32 18
5 2 32 18
7 2 30 30
5 2 30 30
5 2 30 70
5 2 30 72
8 2 30 76
4 3 30 77
6 2 30 79
2 2 30 79
1 2 29 7
5 2 29 10
2 3 28 10
5 3 27 10
5 2 29 45
7 2 29 49
8 2 35 50
5 2 35 51
8 2 30 50
5 2 29 59
5 2 33 60
1 2 29 71
2 3 28 69
3 2 28 2
3 2 28 6
4 2 28 29
2 4 27 28
5 3 27 26
3 2 36 25
2 3 36 24
3 2 30 25
1 2 30 26
6 2 29 26
1 2 28 26
4 2 28 72
6 2 28 76
1 2 28 77
8 2 28 78
7 2 28 79
4 2 27 5
1 2 27 18
4 2 30 19
6 2 27 29
7 2 27 47
3 2 27 69
7 2 27 70
5 2 27 72
1 2 27 80
1 2 26 6
5 2 29 5
7 2 29 6
6 2 26 6
3 2 26 8
4 2 26 11
6 2 31 10
6 2 28 11
1 2 28 11
4 2 27 11
2 2 26 19
2 2 29 18
1 2 26 24
6 3 25 24
4 2 32 24
5 2 30 24
2 2 30 25
3 2 29 24
4 2 27 24
1 2 27 24
8 2 27 25
4 2 26 26
6 2 26 27
7 2 26 30
8 2 26 31
3 2 26 31
3 2 26 46
4 2 26 47
6 3 26 47
5 3 25 48
2 2 26 46
7 2 26 60
4 2 27 59
8 2 30 60
2 2 29 60
3 3 29 61
2 2 28 61
1 2 26 59
4 2 26 61
6 2 26 71
2 2 28 72
3 2 26 72
7 2 25 8
8 2 25 11
4 2 25 21
6 2 25 22
4 2 25 47
2 2 25 49
1 2 26 49
3 2 32 50
6 2 25 55
1 2 25 62
5 2 25 80
7 2 24 5
4 2 24 5
3 3 23 5
1 2 24 6
2 2 25 7
1 2 28 8
8 3 28 8
6 2 25 8
7 2 26 8
6 2 26 8
7 2 24 47
7 2 24 60
7 2 25 59
6 2 24 59
1 3 24 60
5 2 24 70
6 3 23 70
1 2 24 70
4 2 23 10
8 2 24 9
1 2 24 9
2 2 24 10
4 2 23 23
8 2 25 24
5 2 23 24
3 2 23 25
7 2 24 24
6 2 23 57
4 2 23 58
3 2 23 60
2 2 23 61
5 3 23 62
4 2 22 2
8 2 43 1
3 2 43 1
2 2 41 1
8 2 37 1
4 2 37 2
4 2 25 1
4 2 26 2
5 2 25 1
8 3 25 1
3 2 25 1
5 2 24 2
6 2 22 6
5 2 22 10
3 2 22 10
1 2 22 11
5 2 22 13
4 2 22 18
8 2 25 19
5 3 25 20
7 2 24 19
3 2 25 18
5 2 25 19
1 2 24 19
5 3 23 19
6 2 22 18
4 3 21 18
7 2 22 23
6 2 22 24
1 2 22 58
1 2 22 67
5 2 22 69
2 2 22 68
3 2 22 77
7 3 22 78
5 2 21 9
4 2 21 29
3 2 23 28
1 2 23 29
3 2 21 34
8 2 21 34
2 3 20 32
1 3 20 34
6 2 22 31
3 2 22 32
3 2 21 46
5 2 21 50
8 2 21 58
6 2 21 64
1 2 21 74
8 3 21 74
6 3 21 75
8 3 20 76
4 2 23 76
5 2 20 3
1 2 20 9
8 2 20 18
5 2 20 20
5 2 20 30
7 2 20 33
8 2 20 46
4 2 20 60
2 2 20 59
3 2 20 58
3 2 20 61
4 2 20 65
4 2 23 64
6 2 23 64
8 2 21 64
2 2 20 67
7 2 20 70
8 2 20 70
4 3 19 70
8 2 19 9
7 2 19 19
7 2 19 28
4 2 22 27
6 2 19 49
4 2 21 49
8 2 21 48
3 2 21 48
2 2 21 49
1 2 19 66
6 2 19 67
3 4 19 66
8 3 17 66
2 2 19 69
1 2 19 77
4 2 19 76
1 2 24 75
5 2 19 78
4 2 24 79
5 2 18 11
7 2 20 12
3 2 18 10
2 2 18 10
6 2 18 15
3 2 19 14
7 2 18 14
4 2 18 13
8 2 18 25
1 2 21 24
8 2 21 24
2 2 21 25
8 2 21 26
7 2 24 27
7 2 20 24
3 2 19 24
8 2 19 23
7 2 18 24
2 2 19 23
4 2 18 26
2 2 18 28
4 2 18 31
2 2 20 30
2 2 18 58
4 2 18 68
1 2 18 69
5 2 18 73
8 2 18 77
6 2 18 78
8 2 20 78
4 2 21 79
1 2 20 79
5 2 18 80
5 2 17 2
7 2 23 1
8 2 17 3
5 2 18 2
8 2 22 1
4 3 22 1
6 2 18 3
3 3 18 3
3 2 19 2
3 2 23 1
6 2 23 2
1 2 18 2
4 2 19 1
7 2 19 2
5 2 18 2
4 2 17 5
8 2 19 6
4 2 21 7
4 2 19 5
2 2 19 6
5 2 20 7
1 2 18 6
6 2 17 9
3 3 17 10
1 2 17 11
8 2 17 13
4 2 17 16
3 2 19 17
7 2 19 17
6 2 20 17
2 2 19 17
5 2 17 17
8 2 17 21
1 3 16 21
4 2 18 20
6 2 18 21
7 2 19 20
8 2 19 20
1 2 19 21
2 2 17 24
6 2 17 25
3 2 18 26
5 2 17 29
6 2 20 30
6 2 19 28
6 2 17 28
2 2 17 40
7 3 17 40
3 2 24 39
7 2 24 39
5 2 17 44
8 2 17 44
4 2 19 44
1 2 21 45
1 2 17 46
7 3 16 44
1 2 17 52
3 2 17 53
5 2 17 58
4 2 17 65
3 2 20 64
4 2 17 70
3 2 20 71
5 2 20 72
1 2 17 72
2 2 17 74
1 2 17 76
1 2 19 75
5 2 19 76
7 2 22 75
5 2 16 8
5 2 16 11
2 2 16 20
3 2 16 21
7 2 16 22
7 2 16 25
3 2 16 27
5 2 16 27
2 2 17 26
5 2 17 27
7 2 16 28
1 2 16 29
8 2 16 29
8 2 16 31
8 2 16 41
5 2 16 48
4 2 21 47
5 2 17 48
6 2 20 47
8 2 17 48
8 2 16 57
4 2 16 78
7 2 18 79
5 2 18 78
3 2 18 79
6 2 18 80
2 2 15 8
7 2 18 7
1 2 15 7
8 2 15 11
5 2 15 19
7 2 15 20
6 2 15 35
2 2 15 36
5 2 16 35
8 2 15 35
4 2 17 34
1 2 15 34
7 2 15 42
2 2 15 43
8 3 15 44
3 2 15 72
7 3 15 71
3 2 14 1
4 2 14 13
3 2 15 14
1 2 14 14
6 2 14 15
2 2 14 17
3 2 14 19
4 2 14 21
8 2 14 22
3 2 14 27
4 3 13 25
5 2 14 29
7 2 14 30
7 2 15 29
5 2 15 29
1 2 15 31
1 2 16 32
2 2 16 32
2 2 14 30
1 2 14 38
8 2 14 43
7 2 14 53
1 2 14 54
4 2 15 55
6 3 15 54
5 2 14 54
5 2 14 58
5 2 18 59
3 2 14 69
6 2 16 68
7 2 15 68
3 2 15 69
6 2 13 6
4 3 13 7
1 2 13 6
5 2 13 13
2 2 13 21
6 2 13 30
3 2 13 40
6 3 13 39
8 3 13 39
2 2 13 44
6 2 14 45
3 2 13 50
5 2 18 51
8 2 19 50
2 2 13 49
5 2 18 48
7 2 18 48
7 2 17 50
8 2 15 50
5 2 15 51
4 2 15 51
2 2 15 52
1 3 14 52
6 2 14 51
4 2 13 57
8 2 13 70
8 2 14 71
2 2 14 72
4 2 14 72
8 2 13 72
1 2 13 73
2 2 13 74
5 2 13 76
8 4 12 75
6 2 15 77
3 2 14 75
4 2 14 76
7 3 14 75
5 2 13 75
5 2 12 4
2 2 17 3
6 2 14 5
7 2 16 4
5 2 12 7
4 2 12 6
8 2 12 6
7 2 12 13
3 2 12 14
8 2 14 15
2 2 14 15
4 2 12 34
8 2 12 35
2 2 14 34
1 2 13 35
7 2 12 45
5 2 12 55
8 2 12 66
1 2 14 67
6 2 15 66
2 2 15 66
7 2 12 73
5 2 12 73
6 3 11 73
4 2 11 3
2 2 13 2
4 3 13 1
6 2 11 7
1 2 11 8
5 2 11 13
6 2 11 18
6 2 13 17
7 2 13 18
2 2 12 18
3 2 13 17
8 2 13 18
5 2 13 19
1 3 13 19
2 2 12 20
5 2 11 21
8 2 15 22
7 2 13 22
6 2 13 23
2 2 11 24
3 2 11 29
6 3 10 28
7 3 10 28
5 2 11 34
1 2 17 33
3 2 13 33
6 2 11 33
4 2 13 32
7 2 11 34
6 2 11 53
2 2 11 54
1 3 11 55
2 2 11 56
2 2 11 59
3 2 15 60
8 2 18 61
3 2 16 61
2 2 16 61
2 2 11 65
3 2 13 65
4 2 11 73
4 2 11 76
2 2 13 77
3 2 11 76
7 2 11 78
3 2 11 79
1 2 10 5
7 2 10 10
2 2 10 11
5 2 11 10
7 2 13 9
8 2 10 22
3 2 10 25
8 2 10 27
4 2 10 27
5 2 10 42
4 3 9 40
3 2 10 48
3 2 13 47
5 2 10 67
5 2 13 67
6 2 10 66
4 3 10 65
7 3 9 66
5 2 13 64
1 2 12 64
3 2 10 67
7 2 10 73
1 2 10 77
2 2 10 80
1 2 9 2
1 2 13 3
5 2 10 1
2 2 9 5
5 2 9 12
7 2 9 12
4 2 9 20
5 3 9 20
4 2 9 36
4 2 11 37
5 2 11 38
8 2 9 37
5 2 9 39
8 2 9 48
7 3 9 48
1 2 12 49
5 2 19 50
6 2 17 50
3 2 17 50
4 2 9 49
4 2 15 50
5 2 9 49
6 2 10 49
1 2 16 50
2 2 9 55
5 2 10 56
1 2 11 57
8 2 10 57
4 2 9 56
2 2 13 57
7 2 9 55
3 2 10 54
8 2 9 68
6 2 11 69
1 2 11 69
8 2 10 69
3 2 10 70
4 2 9 67
8 2 9 67
3 2 9 68
4 2 9 77
8 2 10 76
3 2 12 77
7 2 9 78
3 2 8 4
3 2 9 3
7 2 9 2
8 3 9 1
8 2 9 4
7 3 10 3
5 2 8 14
7 2 8 18
4 2 8 32
3 2 10 32
4 2 12 31
8 2 10 33
2 2 8 47
4 2 10 46
5 2 10 45
3 2 10 45
2 2 10 44
1 2 10 46
1 2 8 72
2 2 8 71
3 2 8 73
6 3 8 73
2 2 7 7
1 3 6 7
3 2 7 17
4 2 13 16
2 2 10 16
8 3 10 17
6 2 9 15
4 2 9 14
6 2 9 18
3 2 7 28
3 2 10 27
1 2 7 27
5 2 7 30
2 2 8 31
1 3 8 31
3 2 8 30
8 2 7 39
1 2 7 59
7 2 7 62
6 2 8 63
4 3 8 64
5 2 14 63
2 2 12 62
7 2 11 62
2 2 10 62
2 2 8 63
5 2 8 64
3 2 7 63
8 2 7 65
8 2 7 71
4 2 7 75
7 2 6 19
2 2 6 21
5 2 7 22
3 2 7 21
4 2 6 25
4 2 7 24
2 2 7 24
1 2 6 29
2 2 7 30
4 2 7 31
6 2 7 32
8 2 6 28
8 2 6 31
2 2 6 44
4 2 8 43
8 2 7 43
6 3 7 44
5 3 6 44
7 2 7 45
5 2 6 50
8 2 8 49
3 2 6 58
7 2 6 67
1 2 6 66
3 3 6 65
6 2 7 64
2 2 7 65
2 2 6 67
8 2 6 70
8 2 6 74
5 2 5 1
7 2 6 2
3 2 5 3
2 3 5 4
4 3 4 2
7 2 5 13
8 3 5 14
3 2 5 18
4 2 5 29
4 2 5 32
1 3 5 33
5 2 5 31
8 2 5 34
7 2 5 45
8 2 5 52
1 2 5 51
6 3 5 52
5 2 5 51
2 2 5 50
4 2 5 51
4 2 5 57
6 3 4 57
3 2 8 58
5 2 5 67
3 2 5 67
3 2 5 78
5 2 6 78
5 2 4 3
7 2 4 4
3 2 4 12
2 2 11 11
1 2 6 12
8 3 6 11
6 2 4 11
4 2 4 15
8 2 4 17
8 2 5 16
2 2 7 15
7 2 7 15
6 2 5 16
2 2 4 23
4 2 4 24
1 2 6 23
5 2 6 24
1 2 5 24
3 2 7 25
6 2 8 26
8 2 6 25
6 2 5 25
6 2 4 35
5 2 4 35
4 2 6 35
1 2 5 35
1 2 7 36
2 2 7 37
2 2 4 34
4 2 4 34
3 2 4 49
8 2 5 48
4 2 4 57
2 2 7 56
5 2 6 58
7 2 13 59
1 2 13 60
3 2 4 56
5 2 4 58
4 2 6 59
6 2 12 60
3 2 9 60
1 2 8 60
5 2 4 79
5 2 3 5
5 2 3 7
1 2 3 11
3 3 2 11
2 3 3 12
4 2 9 9
2 2 11 8
1 2 9 10
5 2 5 9
6 2 8 8
5 2 6 8
8 2 6 8
1 2 4 9
3 2 3 11
2 2 6 12
6 2 6 13
4 2 5 12
7 2 3 12
6 2 3 13
7 2 3 15
6 2 3 20
1 2 3 29
5 2 4 28
3 2 5 27
5 2 5 26
6 2 4 28
4 2 4 27
1 2 3 27
8 2 4 26
2 3 4 27
7 2 3 40
5 2 15 39
6 2 11 39
2 2 11 38
1 2 11 40
2 2 8 41
3 2 7 39
7 2 10 38
8 2 4 39
5 2 9 40
5 2 3 53
7 2 8 53
6 2 8 54
3 2 3 61
7 2 8 62
3 2 8 63
3 2 4 62
2 3 4 61
4 2 5 61
1 2 5 63
1 2 3 63
2 2 3 65
8 2 3 77
6 2 8 76
4 2 3 76
6 2 4 77
7 2 2 2
8 2 4 1
2 2 4 1
1 2 2 12
5 2 2 13
5 2 2 15
1 2 2 16
2 2 2 24
4 2 2 49
5 2 2 49
2 2 2 50
3 2 2 51
2 2 2 52
4 2 3 53
2 2 4 52
8 2 3 53
7 2 2 54
8 2 2 55
8 2 2 64
5 2 2 64
3 2 2 65
4 3 2 66
4 2 4 67
5 2 7 68
5 2 5 68
6 2 5 69
6 2 3 67
6 2 2 65
1 2 2 67
1 2 3 66
2 2 2 70
2 2 4 71
7 3 4 70
1 2 4 70
4 2 4 69
2 2 4 69
5 2 4 72
1 2 4 73
5 2 2 69
3 2 2 73
6 2 3 72
2 2 3 73
6 2 2 73
7 3 2 74
5 2 2 74
1 2 4 75
4 2 4 76
2 2 9 77
2 2 3 75
8 2 2 74
4 3 1 72
6 2 1 10
4 3 1 11
7 2 3 9
3 2 3 8
4 2 2 9
7 2 2 9
6 2 1 16
1 2 1 23
2 2 1 38
7 2 6 39
6 2 5 39
3 2 5 40
1 2 5 40
5 2 2 37
1 2 2 38
3 2 4 38
6 2 1 39
2 2 1 38
1 2 1 51
5 2 3 50
8 2 3 51
4 2 6 50
1 2 3 52
4 2 2 50
5 2 2 51
2 2 2 51
5 2 4 50
1 2 1 61
8 2 1 60
3 2 1 61
7 2 3 60
7 2 1 60
8 2 3 59
4 3 3 60
3 2 1 67
