16147
2614
1 14 17 439
1 12 13 311
1 12 18 312
2 11 20 159
1 11 18 404
1 11 15 150
1 11 5 285
1 10 19 190
4 10 19 199
1 10 14 497
1 9 18 364
1 9 17 288
2 9 15 440
1 9 12 194
1 9 10 184
2 9 4 9
1 8 17 230
1 8 12 262
2 9 12 263
1 8 9 338
1 8 9 476
1 8 8 403
2 8 8 495
2 8 6 100
1 8 6 192
2 8 6 396
1 8 5 99
1 7 20 369
1 7 19 26
1 7 17 186
2 7 17 467
2 7 16 233
1 10 13 234
1 7 13 168
3 7 13 176
3 7 12 3
3 7 12 235
1 7 12 318
5 7 11 313
1 7 10 289
1 7 15 293
1 7 10 389
4 7 8 204
1 7 8 436
1 7 7 3
2 7 5 329
1 7 5 457
2 7 4 3
2 7 4 232
1 10 4 236
2 7 3 145
1 7 3 427
2 6 20 372
4 6 19 15
1 6 18 38
2 6 18 33
3 6 18 35
2 6 18 83
3 6 18 161
1 6 18 180
1 6 17 218
1 6 17 427
1 6 16 170
3 6 16 213
1 6 18 213
1 6 16 243
2 6 16 471
1 6 16 470
4 6 14 86
3 6 13 11
1 6 13 109
4 7 16 110
3 6 13 332
2 6 13 418
3 10 12 421
2 6 13 459
1 9 15 458
1 6 12 117
3 6 11 153
3 6 17 152
2 7 17 151
1 6 11 201
1 7 15 200
1 6 11 216
2 6 11 319
3 6 11 325
1 7 8 326
1 6 16 324
1 6 11 345
1 6 15 347
2 6 11 353
1 6 11 386
2 6 9 124
1 6 14 126
2 6 9 135
2 8 11 133
3 6 9 268
3 6 9 403
1 6 8 121
1 6 7 302
1 7 10 307
1 8 16 305
4 6 10 304
2 7 8 305
2 7 11 305
3 6 6 7
1 6 6 382
1 6 5 37
2 6 5 253
1 6 4 163
2 7 16 162
2 6 4 387
1 8 3 390
1 6 3 193
1 6 8 191
1 6 3 342
1 6 3 415
2 6 2 71
3 5 20 66
1 5 20 482
5 5 19 20
1 5 19 95
2 5 19 132
4 5 18 43
1 5 18 208
4 5 18 282
2 5 18 297
4 5 17 127
3 5 16 173
2 5 16 212
1 5 16 247
6 5 16 334
3 5 15 109
1 5 16 112
1 5 15 151
2 5 14 14
2 5 14 120
3 6 14 120
5 5 14 211
2 6 14 213
1 5 14 251
2 5 14 270
1 5 13 184
3 5 13 244
2 5 13 292
3 5 13 441
4 5 12 14
2 5 12 31
3 5 12 201
2 9 11 200
2 5 12 345
1 5 11 53
2 5 11 60
1 6 16 61
1 5 11 142
2 5 11 182
4 5 11 292
2 6 10 292
1 5 11 419
3 5 11 442
1 5 10 271
3 5 10 273
2 5 17 274
5 5 10 292
4 5 10 449
3 5 9 51
1 5 9 71
4 5 16 70
2 5 12 68
6 5 13 71
2 5 15 74
1 5 12 68
4 5 12 67
2 5 9 73
1 5 9 106
2 5 9 215
5 5 9 270
2 6 10 272
1 5 9 334
1 5 9 353
4 5 9 402
1 5 8 128
1 5 8 167
3 5 8 226
1 5 8 264
1 5 7 20
2 5 7 59
3 7 7 60
5 7 9 59
3 5 7 85
2 5 7 96
1 6 6 96
1 5 7 274
3 5 15 276
3 5 7 360
1 5 7 365
2 5 7 382
4 5 7 425
2 5 7 436
3 5 7 456
3 5 6 20
2 5 6 51
2 5 6 125
2 5 12 123
2 5 6 155
3 5 6 315
1 5 5 10
1 5 5 85
3 5 5 125
1 5 5 153
5 5 5 208
3 5 5 246
1 5 5 316
2 5 8 317
2 5 5 424
3 5 5 482
2 7 15 484
3 5 5 491
3 5 17 490
2 5 4 24
1 6 3 26
4 5 4 186
2 6 3 186
2 5 5 185
3 5 5 187
5 5 4 334
2 5 4 472
2 5 13 478
4 5 4 474
1 6 6 474
3 8 3 472
1 5 3 17
2 5 3 224
2 5 3 276
6 5 15 277
4 5 3 295
2 5 3 334
1 5 3 364
2 5 6 366
4 6 9 366
2 5 3 397
2 5 3 410
3 5 3 412
1 5 5 412
2 6 5 413
1 5 7 414
1 5 14 415
4 5 3 464
1 5 18 464
1 5 2 95
2 5 2 98
2 5 2 106
2 5 2 217
2 5 2 303
1 4 19 55
2 4 19 238
3 6 17 238
2 4 18 28
1 4 18 32
3 4 18 42
4 4 18 64
2 4 18 181
4 4 18 373
5 4 18 433
1 4 18 486
4 4 17 76
1 4 17 165
1 4 17 253
2 6 17 255
2 4 17 368
1 4 16 46
3 4 16 138
6 4 18 137
3 4 16 217
3 4 16 278
1 4 16 376
3 4 16 409
3 4 15 39
1 4 15 144
5 4 15 455
5 4 15 498
1 4 14 103
2 4 14 143
5 4 14 171
4 4 15 174
1 5 14 173
2 4 14 329
2 5 16 327
3 4 14 344
2 4 14 356
3 4 14 363
2 4 14 492
1 4 14 491
1 4 13 45
2 4 13 53
2 4 13 235
3 4 13 260
6 4 13 299
3 4 13 296
1 4 13 327
4 4 13 379
1 6 11 380
3 4 13 452
1 5 17 449
3 5 15 451
4 4 13 465
1 6 13 467
1 4 12 9
3 4 12 29
2 4 14 28
1 4 12 32
1 4 12 65
1 4 12 76
1 5 13 80
2 4 12 103
2 4 12 110
4 4 12 111
3 4 12 143
3 4 12 272
1 4 12 276
2 4 12 325
3 6 12 325
1 4 12 456
1 4 12 476
4 4 11 6
4 5 15 6
1 4 15 8
4 4 11 127
5 5 10 124
1 4 11 132
3 4 11 139
6 4 11 237
1 4 11 252
2 4 11 254
4 4 12 256
2 4 11 256
3 4 17 257
2 4 11 259
1 4 11 279
4 5 12 277
2 5 12 278
1 4 11 298
3 4 11 307
2 4 11 342
1 5 13 340
4 4 11 370
2 4 11 484
2 4 10 22
1 4 11 22
3 4 10 165
2 6 8 164
1 7 9 164
3 5 6 165
5 4 10 231
1 4 10 242
5 6 10 242
2 5 10 242
2 4 10 297
3 4 10 376
2 5 10 376
1 4 17 374
2 4 14 374
5 4 10 467
3 4 10 482
4 4 10 496
3 5 11 494
6 5 10 495
2 4 9 37
1 4 9 36
4 4 9 78
4 4 9 97
5 4 9 115
4 4 9 120
1 5 11 123
2 4 9 192
5 4 9 206
1 8 9 206
4 4 16 206
3 4 15 205
2 4 13 203
2 4 9 230
3 4 9 252
7 4 9 253
4 4 11 253
4 4 9 299
5 4 9 379
2 5 8 379
3 4 9 434
1 4 8 12
3 4 12 10
1 4 8 141
2 5 13 143
1 4 8 156
3 4 8 262
3 4 8 303
2 4 8 329
4 4 8 369
2 4 8 374
2 4 8 433
1 4 8 437
3 4 7 29
1 4 10 25
2 4 10 27
2 4 7 96
3 4 9 96
2 4 7 117
1 4 12 117
1 4 7 118
4 4 7 127
2 4 7 241
1 4 7 370
5 4 7 407
3 4 7 412
1 4 6 96
1 4 6 131
3 4 6 138
2 4 6 178
1 6 6 177
1 4 8 176
4 4 6 178
4 4 10 178
6 4 6 200
2 5 5 197
3 4 6 270
5 4 6 413
1 4 6 426
3 4 6 441
4 4 6 471
1 4 5 76
1 4 5 81
2 4 5 137
6 4 5 180
1 4 8 180
3 5 9 180
1 4 5 226
2 6 12 226
1 4 5 254
3 5 6 254
5 5 5 254
3 4 5 312
2 4 5 318
2 4 5 325
4 4 5 328
2 4 5 401
1 4 8 401
4 5 11 402
2 4 11 403
3 4 10 403
2 4 5 458
3 6 3 458
1 4 7 460
4 4 12 460
6 4 4 114
3 4 4 150
2 4 4 164
1 4 4 178
2 6 3 178
5 4 4 182
4 4 4 200
1 5 5 203
7 4 5 202
2 4 4 203
4 4 4 213
2 4 4 216
5 5 4 215
4 4 4 232
3 4 4 240
2 5 3 239
3 4 4 451
4 4 3 77
3 4 10 78
2 4 5 78
3 4 3 95
3 4 3 120
1 4 3 146
4 5 10 147
1 4 3 158
2 4 3 224
3 4 3 224
1 4 9 224
4 4 3 253
1 4 4 251
1 4 3 263
3 5 2 263
4 4 3 274
1 4 3 273
1 4 3 329
2 4 3 385
3 4 16 387
3 4 12 387
1 4 12 386
4 4 3 458
3 4 10 459
2 4 3 483
5 4 5 482
1 4 2 48
1 4 11 49
2 4 11 47
3 5 11 46
4 5 9 48
4 4 11 45
4 4 3 49
5 4 2 52
4 6 11 53
4 4 2 53
3 4 2 86
5 4 8 85
1 4 2 135
1 4 2 359
3 4 6 359
2 4 1 90
2 4 12 90
2 4 15 88
4 4 8 93
1 3 19 357
1 3 19 448
1 3 18 64
4 3 18 67
2 3 18 384
2 3 18 481
3 3 18 489
2 4 18 488
1 3 17 83
2 3 17 223
1 3 17 267
1 3 17 287
1 3 17 348
4 3 17 408
5 3 17 430
3 4 17 430
2 6 17 431
1 4 16 431
7 4 16 433
1 3 17 479
2 3 16 42
3 3 16 84
2 4 15 83
2 3 16 93
1 3 16 222
5 3 16 250
2 4 15 248
3 3 16 322
2 6 15 321
5 3 16 339
4 3 16 356
2 3 16 449
5 3 15 22
1 3 15 21
5 3 15 56
6 3 15 55
4 3 15 56
3 3 15 58
1 3 15 57
2 4 14 57
1 3 15 68
3 3 15 228
1 3 15 230
3 3 15 250
1 3 15 258
2 3 15 288
4 3 15 348
3 4 14 348
4 3 15 368
3 3 15 400
1 3 15 430
2 3 15 490
3 3 15 499
2 3 14 39
5 3 14 40
1 3 14 42
6 3 14 89
1 3 14 147
4 3 14 249
2 3 14 308
3 3 14 323
1 3 14 330
3 3 14 351
3 3 14 358
2 3 16 357
2 3 14 366
2 3 14 396
2 3 14 406
2 3 14 408
3 3 14 494
2 3 14 499
4 3 14 500
3 3 13 29
4 3 13 41
1 3 13 55
3 3 13 55
2 3 13 102
4 3 13 110
6 3 13 115
6 3 14 114
2 5 15 114
4 3 13 130
5 3 13 155
2 3 13 170
5 3 13 172
3 3 13 260
1 3 13 283
3 3 13 301
3 3 17 300
6 3 13 313
3 3 13 337
2 3 13 380
3 3 13 415
2 3 13 416
4 5 13 416
3 6 11 416
7 4 11 419
3 3 13 429
5 3 13 442
1 5 14 444
5 3 13 462
6 3 13 486
1 4 11 485
5 3 13 489
3 3 12 51
2 3 12 63
1 3 12 72
3 3 12 73
2 3 12 116
4 3 12 147
5 3 12 149
2 3 12 161
1 3 12 166
3 5 13 167
2 4 11 166
3 3 12 192
5 6 11 191
3 3 15 194
2 3 12 196
1 3 12 221
2 3 13 220
1 3 12 235
5 3 12 282
3 3 15 281
5 3 13 280
3 3 12 284
2 5 13 284
2 3 12 310
6 3 12 365
1 3 12 450
3 3 11 24
4 3 11 36
3 5 12 35
4 3 14 33
2 3 12 35
2 3 11 46
3 3 11 69
4 3 11 75
2 3 11 74
1 3 11 75
2 3 11 77
1 3 11 87
4 5 11 89
2 3 11 87
4 3 11 85
3 3 11 92
1 3 11 91
3 3 11 101
4 3 12 103
1 3 11 116
4 4 13 115
1 3 11 121
3 3 11 129
2 4 10 129
3 3 11 238
3 3 11 321
5 3 13 320
5 3 11 346
6 3 12 347
2 3 11 382
6 3 11 388
2 3 14 388
6 3 11 390
1 3 14 391
2 3 14 392
1 3 16 393
5 3 13 391
5 3 11 395
1 3 11 417
2 5 10 417
2 3 11 437
1 3 11 471
3 3 11 485
1 3 11 492
2 3 11 494
3 3 10 18
2 5 10 18
6 3 10 19
1 3 10 52
2 3 10 64
6 3 10 125
3 3 10 126
1 3 10 127
1 3 10 151
1 3 10 154
1 3 10 160
1 3 14 160
6 3 12 160
2 3 10 161
3 3 10 177
4 3 10 191
5 3 10 262
1 3 10 269
3 3 16 269
3 3 10 281
4 3 10 282
2 3 10 284
1 3 10 301
1 3 10 315
6 4 9 315
1 3 11 317
4 3 10 321
2 3 10 323
1 3 10 369
7 3 10 377
6 3 10 397
1 3 11 394
1 3 10 409
1 3 11 408
1 3 10 444
4 3 13 444
5 3 11 444
6 4 11 445
2 4 11 446
5 4 15 447
4 3 10 450
1 3 10 449
4 3 9 2
2 3 9 12
3 3 9 26
1 5 9 26
6 3 9 24
2 3 9 50
3 3 9 59
2 3 9 81
4 3 15 81
7 3 9 114
5 3 10 115
3 3 9 116
5 3 9 149
3 5 11 149
2 3 9 149
4 3 9 160
4 3 10 161
3 3 9 164
2 3 9 171
5 3 9 196
4 3 12 198
7 3 9 240
1 3 9 255
2 3 9 279
5 3 14 280
3 3 9 287
3 3 9 296
6 3 11 294
2 3 10 295
1 3 11 295
1 3 9 309
1 3 9 320
3 3 9 347
5 3 9 356
1 3 9 357
2 5 12 359
6 3 9 370
1 3 9 377
4 3 9 379
2 3 9 387
2 3 9 407
3 3 9 415
2 3 9 427
3 4 9 427
3 3 9 476
5 3 9 494
2 3 8 14
5 3 10 14
3 3 9 14
1 3 8 32
5 3 8 34
2 3 8 34
3 3 8 55
2 3 8 97
2 3 8 100
3 3 8 193
2 3 8 193
6 3 8 222
5 3 8 234
2 3 8 239
2 3 8 246
2 3 8 249
3 3 9 248
3 3 8 264
1 3 8 267
3 3 10 267
1 3 8 316
3 3 8 319
6 3 8 322
5 3 8 328
1 3 8 333
3 3 8 340
3 3 13 340
4 3 14 341
1 3 8 347
3 3 8 357
5 3 8 360
1 4 11 361
6 3 10 362
1 3 13 362
2 3 8 385
3 4 6 385
5 3 8 389
6 3 10 390
1 4 9 391
2 4 8 392
2 3 8 415
1 3 8 421
4 4 7 420
4 4 9 420
3 3 12 422
2 3 12 422
1 4 10 422
4 4 13 423
2 4 12 424
3 4 12 424
6 4 11 425
3 3 8 431
4 3 8 430
3 3 11 431
1 3 8 430
3 3 8 439
5 3 9 438
7 3 9 438
5 3 8 457
4 3 8 481
1 5 8 481
2 5 8 479
3 4 10 480
4 4 9 480
5 3 8 480
6 3 7 32
2 4 6 32
1 3 7 67
2 3 11 68
2 3 9 67
6 3 7 97
2 3 7 114
4 4 6 112
3 3 7 156
2 4 7 156
3 3 7 159
5 3 7 170
3 3 8 170
4 3 11 171
3 3 10 171
4 3 7 180
2 3 9 181
3 3 7 187
2 3 11 187
5 3 10 187
4 3 9 188
3 5 9 189
4 3 7 196
3 3 7 216
4 3 9 215
5 3 9 213
6 3 7 247
6 3 11 246
6 3 7 308
6 3 10 309
4 3 10 310
3 4 9 310
5 4 9 309
3 3 7 332
4 6 6 329
2 3 7 339
1 3 13 338
3 3 9 341
6 3 9 341
5 3 7 341
4 3 7 360
5 3 7 364
5 3 7 382
2 3 7 400
1 3 10 400
2 3 13 399
1 3 11 398
5 3 10 401
1 3 7 425
4 4 6 423
1 3 8 426
1 3 7 444
5 3 7 445
4 3 13 446
6 3 6 7
2 3 12 7
4 3 6 52
2 4 7 54
1 3 6 61
2 3 6 65
6 3 8 66
1 3 6 81
2 3 6 117
2 3 6 130
2 3 6 176
2 4 10 175
2 3 12 173
1 3 9 176
4 3 6 258
1 3 6 268
1 3 9 267
2 3 11 266
5 3 6 308
3 3 6 310
1 4 6 309
1 3 6 328
3 3 6 335
7 4 5 334
2 3 11 335
2 3 12 336
5 3 11 335
1 4 10 336
6 3 6 400
6 3 6 426
1 3 6 449
2 4 6 446
5 3 8 445
2 3 7 447
5 3 6 448
5 3 6 482
1 3 6 493
4 3 11 493
6 3 6 492
1 3 5 42
3 5 3 42
2 5 3 43
1 3 5 50
4 4 4 50
5 3 5 64
2 4 4 62
5 3 7 64
3 3 5 63
1 3 5 63
4 3 5 72
3 3 5 71
4 3 6 71
6 3 5 71
3 3 5 78
4 3 5 81
1 3 8 82
4 5 8 83
2 3 7 84
3 3 7 85
1 6 7 84
6 3 7 84
4 3 6 83
4 3 5 117
1 3 8 116
5 3 5 119
6 3 5 119
2 4 5 121
5 3 5 131
3 3 8 132
6 3 8 133
1 3 7 134
4 3 5 138
1 6 4 135
3 5 5 137
2 3 10 136
1 3 6 136
2 3 5 144
4 3 5 189
1 3 5 207
2 3 14 207
3 3 7 206
4 3 5 251
2 3 5 255
5 3 5 259
5 3 5 277
2 3 5 281
2 4 8 281
2 3 5 284
1 4 7 283
4 3 6 284
5 4 5 284
4 3 10 285
1 3 5 375
3 3 11 375
4 3 6 375
1 3 5 381
1 3 5 396
1 3 8 393
4 3 5 411
4 3 8 409
3 3 5 423
5 3 5 442
4 3 4 16
1 3 10 15
6 3 4 50
2 3 4 58
4 4 8 57
1 3 5 59
2 3 4 76
6 3 4 79
5 3 8 80
1 3 5 79
3 3 4 89
2 3 4 113
7 4 3 111
5 4 2 111
2 3 4 115
3 3 4 124
1 3 4 124
1 3 8 126
6 3 8 126
5 3 4 126
5 3 4 134
3 5 6 134
2 3 6 132
4 4 5 132
3 3 4 140
5 4 4 141
1 4 11 141
3 4 8 141
2 3 4 161
4 4 4 162
1 3 4 197
6 3 4 199
4 3 4 210
1 6 4 211
2 4 3 211
4 4 11 209
1 4 2 211
3 5 2 212
2 3 4 224
2 3 4 244
3 3 9 245
4 3 8 243
1 3 4 249
4 4 2 248
3 3 4 257
1 4 4 259
4 3 9 257
1 3 8 258
4 3 4 271
2 3 4 287
6 3 9 286
4 3 4 288
2 3 4 303
5 4 4 302
6 3 4 302
6 3 4 307
5 3 4 310
2 3 4 314
4 3 4 316
5 6 6 316
6 3 4 331
1 3 4 344
1 3 9 342
6 3 9 344
5 3 9 343
4 3 4 350
2 3 4 372
3 4 6 371
5 6 6 370
2 5 6 372
1 4 3 371
3 4 1 370
3 3 4 399
2 3 4 407
5 6 2 405
7 4 3 407
4 5 4 407
4 3 4 413
2 3 8 411
1 3 7 413
4 3 4 434
1 3 4 436
4 3 4 449
1 3 8 448
2 3 4 456
6 3 4 463
1 3 4 476
5 4 9 475
2 3 9 476
6 3 9 478
4 3 6 476
1 3 4 480
2 4 3 481
1 3 4 478
3 4 4 479
4 3 4 498
1 4 4 499
2 3 3 71
3 3 3 78
1 3 3 123
5 4 2 122
2 7 2 120
1 4 2 121
4 3 3 125
3 4 2 125
1 4 2 127
2 3 3 134
5 4 3 133
5 3 3 143
4 5 3 144
3 4 3 144
2 3 3 151
4 3 7 151
1 3 3 170
2 3 3 188
6 3 5 186
4 3 3 193
5 3 3 203
1 4 3 203
3 3 5 205
2 4 5 206
1 4 3 206
4 3 5 206
4 3 3 208
2 3 4 206
2 3 3 250
5 3 3 250
6 3 3 258
3 3 3 268
2 3 5 268
6 3 3 326
5 5 3 327
5 3 3 331
4 3 9 330
1 3 9 330
1 3 3 351
5 3 13 351
3 3 10 351
2 3 3 351
3 3 9 351
1 3 7 351
3 3 12 352
5 3 8 352
3 3 3 351
4 3 3 358
5 3 7 357
1 3 3 430
6 3 3 431
4 4 3 432
5 3 4 430
1 3 3 438
1 3 3 442
1 3 6 441
3 3 3 442
2 3 3 440
2 3 9 439
1 3 9 440
1 3 4 440
5 4 3 438
4 3 3 442
1 3 3 451
5 3 3 460
6 3 3 476
1 3 3 497
4 3 2 10
3 3 6 11
3 3 7 12
6 3 9 14
2 3 8 10
5 3 2 15
2 3 2 16
3 6 4 15
3 5 6 18
4 3 2 41
4 3 10 38
1 3 10 40
2 3 4 39
4 4 4 40
3 3 2 38
4 3 2 43
3 3 2 48
1 3 5 46
5 3 4 47
2 4 4 47
3 3 2 51
3 3 2 67
4 3 7 66
4 3 2 102
4 3 6 103
1 3 2 109
2 3 2 111
2 3 2 116
2 3 2 132
2 3 2 141
3 4 3 141
1 4 3 142
3 3 2 162
2 3 2 196
1 3 6 195
4 3 2 211
5 3 2 232
1 3 2 229
3 3 3 230
2 3 2 233
2 3 2 252
1 3 2 266
3 3 5 265
2 3 4 264
5 4 3 265
4 3 2 266
1 3 2 333
5 3 2 348
1 3 2 352
1 3 9 352
4 3 2 351
2 3 7 353
2 3 2 372
2 3 6 373
1 3 2 381
6 3 2 387
3 4 5 387
1 3 2 394
6 3 8 394
4 3 2 395
4 3 7 395
3 3 5 395
2 3 2 413
7 3 2 414
1 3 2 415
3 3 2 426
2 5 2 427
3 3 2 452
2 4 3 451
1 4 11 450
5 3 16 451
2 3 6 451
1 3 3 453
4 3 2 454
4 3 3 453
5 4 3 452
3 3 2 452
1 3 2 456
5 3 2 489
2 6 6 488
1 4 5 488
1 3 2 491
2 4 6 490
1 3 6 493
3 3 2 495
3 3 2 496
5 3 1 239
1 3 5 241
3 4 5 240
2 3 1 304
1 3 6 303
1 3 1 306
2 3 1 339
7 3 1 371
1 3 2 369
6 3 5 368
3 3 1 393
2 3 1 496
1 2 18 1
3 2 18 220
2 2 17 23
1 2 17 105
2 3 16 105
2 2 16 244
4 2 16 381
2 2 15 62
3 2 15 92
6 2 15 107
1 2 15 108
5 2 15 287
1 2 15 298
4 2 15 391
3 2 15 485
1 2 14 73
1 2 14 138
7 2 14 299
2 2 14 347
3 2 14 408
1 2 14 431
4 2 14 451
5 2 14 487
1 2 13 1
1 2 13 13
2 2 13 106
2 2 13 130
7 2 13 220
2 2 13 219
3 2 13 221
1 2 14 220
1 2 13 224
2 3 13 224
4 2 13 237
1 2 13 343
2 2 13 361
3 2 13 466
1 3 12 466
2 2 12 1
4 2 12 1
4 2 12 21
3 2 12 92
6 2 12 104
1 3 12 105
4 2 12 107
4 2 12 172
5 2 12 183
1 2 12 226
2 2 12 226
4 2 12 227
6 2 12 235
3 2 12 240
4 2 12 243
5 2 12 254
1 2 12 291
3 2 12 294
5 2 12 295
6 2 12 299
4 2 12 318
4 2 12 335
5 2 12 336
1 2 12 381
2 3 12 382
6 3 10 382
2 2 12 403
3 2 12 477
1 2 11 3
6 2 11 7
5 2 11 31
1 2 11 45
2 2 11 46
3 2 11 69
5 2 11 82
5 2 11 106
5 2 11 189
8 2 11 213
5 2 11 218
3 2 11 227
2 2 11 229
6 2 11 237
1 2 11 254
2 2 11 270
3 3 10 269
3 2 11 300
3 2 11 310
1 2 11 319
2 2 11 323
2 2 11 334
4 2 11 343
3 2 11 347
7 2 11 358
3 2 11 371
4 2 11 381
7 2 11 421
7 2 11 432
1 2 11 434
2 2 11 462
4 2 11 467
2 3 11 468
5 3 10 466
4 2 14 467
2 2 14 467
1 2 10 7
5 2 10 21
2 2 13 20
4 2 10 55
2 2 10 61
1 2 10 62
1 2 10 69
5 2 10 70
3 2 10 122
5 2 10 151
6 2 10 162
1 2 10 173
4 2 10 174
1 2 10 227
3 2 10 229
7 2 10 236
4 2 10 236
1 4 9 235
1 2 10 242
2 2 10 242
1 2 10 259
2 2 10 260
1 2 10 263
1 2 10 278
2 2 10 277
6 2 10 288
4 2 11 287
2 2 11 287
3 2 11 288
7 2 10 288
1 2 10 287
2 2 10 288
1 2 10 289
4 2 10 291
2 2 10 292
7 2 10 293
1 2 10 304
1 2 10 313
6 2 10 319
2 2 10 319
1 2 10 334
5 2 10 336
3 2 10 365
1 2 10 378
1 2 10 381
2 2 10 450
3 2 10 467
5 2 10 483
5 2 10 485
2 3 9 485
4 2 10 494
3 2 10 498
5 2 9 2
5 2 9 6
5 2 9 8
1 2 9 13
4 2 9 30
4 2 10 29
7 2 11 30
3 2 9 73
5 2 9 74
2 2 9 88
1 2 10 87
3 2 9 99
1 2 10 98
7 2 9 109
3 2 9 129
4 2 9 157
5 3 8 157
2 2 9 156
1 2 9 156
3 2 9 157
6 2 9 166
5 2 9 167
5 2 9 174
5 2 10 173
4 2 9 183
2 2 9 184
6 2 9 191
1 2 9 221
2 4 8 221
2 2 9 234
4 2 9 238
1 2 9 244
3 2 10 244
2 2 9 244
4 2 9 253
7 2 9 284
5 2 9 294
4 3 9 294
2 3 8 294
4 2 9 299
8 3 9 298
2 2 9 298
2 2 9 318
3 3 9 319
5 2 9 320
1 2 9 322
3 2 9 336
7 2 9 344
2 2 9 344
3 2 10 344
4 2 9 359
4 2 9 362
5 2 9 376
4 2 12 375
2 2 11 375
5 2 9 396
4 2 10 397
4 2 9 412
2 2 9 420
1 2 9 443
1 2 9 450
1 2 9 459
6 2 9 460
2 2 9 459
3 2 9 461
2 2 12 462
4 2 9 461
5 2 12 461
6 2 10 461
3 2 10 461
4 2 9 467
2 3 9 467
5 2 9 468
2 2 8 29
6 2 8 46
1 2 8 45
5 2 10 44
3 2 8 54
2 2 8 55
5 2 8 56
3 2 8 81
1 2 8 91
5 2 10 90
4 2 10 91
3 2 8 90
1 2 10 91
5 2 10 91
1 2 9 90
2 2 8 91
6 2 8 94
3 2 8 93
1 2 9 94
6 2 8 102
5 2 8 107
2 2 8 107
1 2 8 130
2 2 8 140
1 2 8 145
3 2 8 151
4 2 8 152
2 2 8 153
4 2 8 155
1 2 8 157
3 2 8 174
1 3 8 174
5 2 8 193
2 2 8 201
3 3 7 201
5 2 8 208
3 2 8 215
2 2 8 216
6 2 8 219
5 2 8 218
3 2 8 229
5 2 8 233
5 2 8 238
4 2 8 244
5 2 8 245
5 2 8 274
6 2 8 291
1 2 8 292
1 2 8 300
5 2 8 311
6 2 8 311
1 2 8 321
4 2 8 322
2 2 8 335
2 2 8 337
7 2 8 350
2 3 8 350
6 2 8 354
3 2 8 356
2 2 8 375
1 3 8 376
7 2 8 374
4 2 8 375
3 3 7 375
4 2 8 385
3 2 8 386
5 2 8 386
4 3 8 387
8 2 8 390
3 2 8 392
3 2 13 391
6 2 13 391
2 2 12 391
1 3 12 392
5 2 10 391
7 2 8 398
3 2 8 404
3 2 8 408
6 2 8 409
3 3 8 410
1 2 8 409
5 2 8 426
6 2 8 439
7 2 8 441
3 2 8 452
2 2 8 461
6 2 8 463
7 2 8 485
1 2 12 486
4 2 9 484
3 2 10 485
1 2 8 484
5 2 8 493
2 2 7 1
3 4 7 2
1 2 7 2
6 2 7 1
1 2 7 7
7 2 7 8
1 3 7 9
4 2 7 8
6 2 7 9
2 2 7 22
6 2 7 28
6 2 8 27
5 2 7 29
4 2 7 36
3 3 7 35
1 4 7 34
6 2 8 37
3 2 7 34
1 2 8 33
1 2 7 54
3 2 7 68
4 2 7 79
1 2 7 79
2 2 7 81
6 2 7 100
1 3 7 100
2 2 7 105
2 2 7 123
2 2 7 164
2 2 7 166
4 3 7 165
2 2 8 167
8 2 7 176
3 2 7 183
6 3 6 182
3 2 7 181
3 2 9 180
2 2 7 186
6 2 7 200
2 2 7 213
1 2 7 214
6 2 7 215
4 2 7 225
3 2 7 224
7 3 7 225
1 3 6 223
1 2 7 227
3 2 7 228
1 3 6 228
4 2 7 229
7 2 7 235
1 2 7 236
5 2 7 243
6 2 7 242
1 2 7 244
2 2 7 274
4 2 7 280
7 2 7 286
4 2 8 287
6 2 8 288
4 2 7 289
2 2 7 299
4 3 6 297
4 2 8 296
5 3 8 297
1 3 8 296
2 3 7 297
6 2 7 303
4 2 7 304
2 2 7 311
4 2 7 318
3 2 7 321
4 2 7 335
2 2 7 340
6 2 7 343
8 2 7 342
7 2 7 344
7 2 7 355
1 2 7 356
1 2 7 360
2 4 6 360
3 2 7 360
5 2 7 384
1 2 7 399
4 2 7 408
5 2 7 424
4 2 7 432
3 2 8 433
6 2 9 432
4 2 9 431
2 2 7 433
6 2 7 434
6 2 7 437
2 2 7 452
4 2 7 456
5 2 7 459
1 2 7 460
7 2 7 467
1 2 7 471
4 2 8 472
6 2 7 472
5 2 7 483
2 3 7 484
3 2 8 482
4 2 7 485
1 2 7 489
8 2 6 8
3 2 6 16
4 2 6 18
5 2 6 26
2 3 6 25
3 3 6 25
4 3 5 24
2 2 8 27
4 2 6 30
1 4 5 29
1 2 7 28
5 2 6 45
4 2 7 45
7 2 6 58
5 2 6 74
7 2 7 75
4 2 7 75
6 3 6 74
5 2 6 77
3 2 6 76
5 2 6 83
3 3 5 83
4 2 6 88
3 3 6 89
5 3 5 87
3 2 6 95
1 2 6 104
5 3 6 105
3 2 6 105
6 2 7 106
2 2 6 107
5 2 7 108
1 2 6 106
2 2 6 106
1 2 6 109
3 2 8 109
6 2 6 111
3 2 6 110
1 2 6 140
2 2 6 145
3 2 8 146
6 2 7 144
7 2 6 144
7 2 6 157
6 2 6 179
1 2 6 180
4 2 6 181
1 2 6 182
7 2 6 188
3 2 6 189
2 2 7 188
6 2 6 189
2 2 6 189
4 2 6 191
7 2 7 192
3 2 6 196
2 2 6 218
3 3 6 219
6 2 9 217
4 2 6 223
4 2 6 233
3 2 6 237
1 2 6 271
2 2 6 285
5 2 6 284
5 2 6 290
5 2 6 293
1 2 6 294
5 2 6 309
4 2 6 311
6 2 6 315
3 2 6 337
1 2 9 337
7 2 8 336
3 2 8 337
3 2 6 342
2 2 6 347
3 2 8 346
3 2 6 347
4 2 6 346
1 2 9 347
2 2 6 346
6 2 6 347
1 2 6 352
3 2 8 351
6 2 7 351
1 2 6 364
2 2 8 363
3 2 6 364
5 2 6 372
1 2 6 374
3 2 6 377
6 2 7 376
5 2 7 376
4 2 6 382
5 2 6 386
6 2 6 397
2 2 6 401
1 2 6 402
2 2 6 403
7 3 5 401
1 2 6 405
6 2 6 406
5 2 7 407
2 2 6 407
2 2 6 417
5 2 8 417
4 2 9 418
3 2 9 418
3 2 6 435
2 2 6 441
6 2 6 449
3 4 6 450
6 2 6 452
3 2 6 466
6 2 8 465
3 2 9 464
4 2 6 466
4 2 7 465
6 2 6 482
1 2 6 495
5 2 5 2
6 2 5 4
5 2 5 7
2 3 5 7
3 2 5 8
1 2 5 8
6 2 5 10
2 2 5 11
5 2 5 17
1 5 4 15
2 3 3 17
2 2 5 22
2 2 5 45
2 2 5 56
1 2 8 57
3 2 7 57
1 2 5 57
2 2 5 59
4 2 5 61
4 2 5 65
2 2 5 64
1 2 5 74
5 2 5 75
6 2 5 81
7 2 5 86
2 5 4 84
4 2 5 97
3 2 5 98
3 2 5 101
5 3 5 101
3 2 6 102
2 2 5 102
3 2 5 104
1 2 5 114
3 2 5 114
2 2 5 116
3 2 5 122
5 3 5 122
4 2 5 130
5 2 5 130
1 2 5 132
3 2 5 139
5 2 12 138
5 2 5 141
4 2 5 144
4 2 8 145
5 2 7 145
1 2 5 155
5 2 5 164
2 2 5 166
1 3 5 166
1 2 5 171
3 2 5 174
4 2 5 173
2 2 5 174
5 2 5 185
4 2 5 184
2 2 5 191
5 2 5 190
4 2 5 205
2 2 5 235
2 2 5 241
6 2 5 243
2 2 5 254
6 2 6 253
3 2 8 254
2 2 9 255
5 2 5 262
2 2 5 261
7 2 6 260
7 2 5 263
3 2 5 283
2 3 5 284
4 3 4 284
1 3 4 285
1 2 7 283
2 2 5 291
1 2 5 292
4 2 5 306
6 2 5 312
1 3 4 312
7 2 5 314
1 2 5 313
2 3 5 314
6 2 5 317
2 2 5 321
3 2 5 322
3 2 5 328
1 2 5 328
3 3 4 328
4 2 5 343
1 2 5 347
4 2 5 353
3 2 5 354
2 2 5 371
5 2 5 374
2 2 5 386
4 2 5 389
7 2 7 390
5 3 7 391
4 3 7 392
2 3 7 393
3 2 6 392
5 3 5 392
1 2 5 403
3 2 5 405
7 2 5 409
2 2 6 410
6 2 5 408
5 2 5 410
8 2 5 419
3 4 5 418
6 2 5 417
7 2 5 418
2 2 5 417
1 2 5 416
2 2 5 424
7 2 5 426
1 2 5 431
3 3 5 431
2 2 8 430
4 2 5 433
2 2 5 439
2 2 5 455
1 2 5 455
5 2 5 467
1 2 5 468
1 2 6 469
3 2 5 472
5 2 5 471
7 2 5 489
4 3 4 489
3 2 7 487
4 2 5 492
6 2 5 494
3 2 5 496
1 2 5 497
3 3 5 498
2 2 4 3
1 2 4 4
1 2 9 5
4 2 4 8
4 2 4 14
3 2 4 23
6 3 4 22
1 2 4 22
5 2 4 30
3 3 4 31
7 2 5 32
2 2 9 33
6 2 8 33
3 2 4 43
1 2 4 44
1 2 9 43
5 2 8 43
3 2 6 43
5 2 4 45
1 2 4 72
5 2 4 72
4 2 4 74
1 2 4 92
6 3 4 91
4 3 3 90
1 2 5 93
6 2 4 89
4 2 4 88
2 2 4 96
6 4 3 96
4 2 4 94
2 2 4 93
2 2 4 104
5 2 4 117
3 2 4 118
2 2 4 118
6 2 4 118
2 2 4 132
6 2 4 135
3 2 8 136
8 2 7 134
2 2 5 134
6 2 5 136
4 2 4 139
3 2 11 138
6 2 4 139
7 2 9 138
2 2 8 138
4 2 8 138
1 2 5 138
7 2 4 138
6 2 4 142
6 2 4 144
3 2 4 144
2 2 4 145
2 2 4 149
3 2 4 154
5 3 3 153
4 3 3 155
1 2 4 158
3 2 4 160
1 2 4 173
7 2 4 178
3 2 4 180
2 2 4 181
4 3 4 182
1 2 4 185
1 2 4 187
1 2 4 213
3 3 4 214
1 2 4 224
3 2 4 223
5 2 4 224
5 2 4 226
2 3 4 227
3 2 4 245
1 2 4 244
6 2 4 256
6 2 4 261
3 2 4 262
2 2 9 263
4 2 9 264
4 2 12 263
1 2 12 263
2 3 11 263
5 2 10 264
6 2 4 267
2 2 4 270
3 2 4 271
5 4 4 272
4 4 3 271
5 2 7 269
1 2 6 269
4 2 6 268
5 2 7 267
1 2 4 276
4 2 6 275
4 2 4 289
1 2 4 299
1 2 4 304
5 2 4 303
7 2 4 305
5 2 4 327
4 2 4 328
3 2 4 333
1 3 3 333
3 2 4 342
4 2 4 350
5 2 6 351
6 2 4 352
4 2 4 360
4 2 5 360
2 2 7 361
4 2 4 367
5 2 6 366
3 2 4 366
2 2 8 365
4 2 7 365
5 2 4 379
7 2 5 378
3 2 6 379
6 2 5 377
4 2 4 399
1 2 4 401
6 2 4 402
4 2 4 405
2 2 4 409
4 2 4 424
7 2 4 431
2 2 5 430
5 3 5 430
6 2 4 432
5 4 4 433
5 2 4 448
4 2 4 457
3 2 4 457
6 2 4 458
6 2 5 459
1 2 4 464
3 6 4 465
1 2 9 462
3 2 7 462
3 2 5 463
2 2 5 462
5 2 6 461
7 2 4 477
2 2 8 476
8 2 4 487
6 3 4 487
1 2 3 2
3 2 3 9
5 2 4 10
7 2 4 11
2 2 7 12
4 2 7 13
7 2 6 12
5 2 3 9
1 2 3 13
3 2 3 12
5 2 3 19
1 2 4 19
7 2 3 23
1 3 3 24
4 3 3 22
8 3 3 24
4 2 4 21
5 2 3 23
1 3 2 23
2 3 1 22
5 2 3 21
6 2 6 20
6 2 3 20
3 2 3 22
6 2 3 31
1 2 3 32
6 2 3 43
6 2 4 42
2 3 4 43
4 2 3 42
1 3 2 42
6 2 3 49
2 2 3 54
4 2 5 55
6 2 5 55
3 2 4 55
5 2 3 55
7 2 3 77
5 2 3 78
5 2 3 92
5 2 6 91
7 2 6 92
6 2 4 91
1 2 3 102
5 2 5 101
1 2 5 101
6 2 3 105
4 2 5 106
6 2 3 108
3 3 3 109
5 2 4 107
1 2 3 112
7 2 3 115
4 2 3 115
8 2 3 118
2 2 3 125
4 2 3 132
5 2 3 133
7 2 3 132
2 2 3 133
5 2 3 136
6 3 3 137
4 2 3 146
6 2 3 162
3 2 3 167
4 2 5 166
1 3 5 167
6 2 3 166
7 2 3 168
1 2 7 169
3 2 3 169
6 2 3 173
2 2 3 178
5 2 4 178
2 2 3 190
5 2 3 193
7 2 3 195
3 2 3 201
5 2 3 203
4 2 3 212
1 2 3 213
7 3 3 213
3 2 3 215
1 2 8 215
2 2 7 215
4 2 6 215
1 2 3 220
1 2 3 225
4 3 2 224
1 2 3 238
5 2 3 243
4 2 3 251
1 2 3 261
2 3 3 260
6 3 3 262
1 2 3 268
4 2 3 278
2 2 3 279
1 2 3 288
3 2 3 292
3 2 3 300
2 2 8 299
2 2 4 299
2 2 3 305
3 2 3 304
6 3 3 305
2 2 3 321
6 2 3 325
4 2 3 333
2 2 3 332
3 2 5 331
5 2 3 332
3 2 3 334
2 3 3 334
1 4 2 332
6 2 3 334
6 2 3 345
2 2 3 346
1 2 3 350
2 3 2 349
3 2 4 348
6 2 3 357
3 2 3 359
7 2 3 360
2 2 5 361
6 2 5 361
3 2 3 361
1 2 4 362
4 2 3 362
5 2 3 373
4 3 3 374
2 2 3 372
3 2 3 371
3 2 3 382
7 2 3 397
8 2 3 396
4 2 4 395
1 2 4 394
1 2 6 393
3 3 6 393
5 2 4 393
5 2 3 398
2 4 3 397
1 2 3 402
5 2 3 405
1 2 3 419
4 2 6 418
3 2 3 421
6 2 3 427
1 3 3 428
3 4 2 428
2 2 3 433
3 2 3 434
2 2 3 440
1 5 3 441
3 2 6 443
1 2 5 441
7 2 3 440
5 2 3 439
2 2 3 441
3 3 3 442
1 2 3 447
6 3 2 447
7 2 5 449
4 2 5 449
2 2 5 450
6 2 3 453
4 2 3 460
1 3 3 461
5 2 3 463
1 2 3 467
2 2 4 466
3 2 3 466
2 2 3 470
1 2 3 481
8 2 6 480
4 2 3 481
6 2 3 488
5 2 3 490
3 2 3 491
7 2 3 490
1 2 3 489
5 2 3 488
1 2 3 495
6 2 3 495
5 2 2 11
2 2 2 14
5 2 3 13
3 2 2 20
4 2 4 19
2 2 2 20
7 3 2 20
5 2 2 20
2 2 2 24
3 2 2 25
5 2 5 26
4 2 5 26
6 2 4 26
3 2 2 29
7 2 2 41
2 2 2 40
2 2 6 39
1 2 3 39
1 2 2 43
6 2 2 53
4 2 2 56
6 2 2 60
3 2 5 59
4 2 8 58
5 2 4 59
6 2 4 60
1 2 2 61
2 2 2 65
1 2 2 66
4 3 2 67
1 2 2 78
3 2 2 78
5 2 2 85
2 2 2 89
3 2 4 88
7 2 2 90
1 2 2 91
3 2 2 101
2 2 3 100
5 2 4 101
8 3 4 101
6 2 2 103
6 2 2 115
8 2 2 121
1 2 2 124
5 2 6 125
5 2 3 125
7 3 3 126
2 3 3 126
1 2 3 127
3 4 3 128
6 2 4 128
2 2 2 143
5 3 2 142
3 2 2 143
7 2 6 144
7 2 2 154
1 2 2 170
5 2 2 171
3 2 2 170
5 2 7 169
3 2 6 169
6 2 2 176
4 2 2 175
1 2 2 177
1 2 2 183
7 2 2 188
1 2 2 189
2 2 5 190
3 2 8 191
1 2 6 191
6 3 6 191
7 2 6 191
1 2 4 191
5 2 4 192
3 2 2 191
6 2 4 191
4 2 2 192
3 2 2 194
2 2 2 196
5 2 2 199
3 2 3 198
1 3 3 199
3 2 5 200
7 2 4 200
6 2 3 200
2 2 2 200
3 2 2 206
1 3 8 205
3 2 7 205
2 3 7 205
1 2 2 206
4 2 4 207
1 2 4 208
3 2 4 207
7 2 3 205
7 2 3 208
2 2 2 205
7 2 2 214
5 3 2 215
6 3 2 216
3 2 4 216
5 2 4 217
6 3 3 216
7 2 3 215
3 2 2 214
1 2 2 216
4 4 1 215
1 2 2 220
2 2 2 225
1 2 6 224
6 2 2 226
2 2 3 225
3 2 4 224
3 2 2 228
3 2 2 231
2 2 2 236
4 2 3 235
5 2 2 238
1 2 2 247
2 2 2 248
1 3 2 248
3 3 1 246
5 2 3 248
2 2 2 254
4 3 2 255
3 2 2 258
2 2 2 265
3 2 2 267
5 2 2 268
1 3 2 267
6 2 4 269
8 2 2 277
3 5 2 278
5 2 2 281
1 2 5 280
3 2 3 282
2 2 2 282
1 2 2 297
4 2 2 297
4 2 2 301
3 2 2 308
3 2 8 308
5 2 2 309
4 2 2 317
4 2 3 316
2 2 2 317
2 2 2 321
6 2 2 325
5 2 2 328
3 2 2 336
2 2 2 337
4 3 2 337
5 2 5 335
3 2 3 335
2 2 4 334
8 2 2 342
3 2 2 344
5 2 2 345
4 2 2 350
7 2 4 349
1 2 4 349
2 2 2 352
5 2 2 351
3 3 2 351
2 3 1 348
5 2 2 347
1 2 2 346
2 2 2 345
6 2 2 361
6 2 2 370
7 2 5 369
1 2 5 368
4 2 5 368
5 2 2 369
8 2 3 370
3 2 2 379
2 2 3 379
6 2 3 378
1 2 3 377
3 2 2 405
4 2 2 406
3 2 2 413
2 2 2 425
3 2 2 427
2 2 2 450
4 2 2 451
6 2 3 450
3 2 2 467
6 2 2 473
1 2 2 474
7 2 5 474
3 2 2 475
6 2 2 479
2 2 2 481
5 2 3 482
4 2 2 485
3 2 1 11
1 2 1 12
4 2 1 13
1 2 1 14
6 2 1 17
8 3 1 18
6 2 1 26
3 2 4 27
4 2 4 27
4 2 1 27
2 2 1 36
6 2 5 35
1 2 1 44
7 2 2 43
3 2 3 44
2 2 3 45
5 2 2 45
4 2 4 44
6 2 5 45
1 2 3 44
5 2 4 45
3 2 3 45
7 2 1 47
6 2 6 48
3 2 1 66
3 2 1 69
1 2 1 68
5 2 1 67
1 2 1 66
4 2 1 78
6 2 1 80
4 2 1 81
5 2 1 91
6 2 7 92
1 2 1 90
6 2 1 93
4 2 1 97
3 2 1 99
4 2 3 100
3 2 3 101
4 2 1 129
1 2 1 138
2 2 1 140
7 2 1 139
1 2 3 138
2 2 3 139
3 2 3 139
1 2 1 143
2 2 1 144
3 2 5 145
2 2 1 163
1 2 1 167
5 2 5 167
4 2 4 167
3 2 1 178
6 2 1 182
4 2 3 181
2 2 3 181
2 2 1 183
1 2 1 185
8 2 1 209
5 2 1 210
7 2 2 211
4 2 1 212
6 2 1 211
4 2 1 216
4 2 1 221
4 2 2 220
3 2 2 221
1 2 2 221
4 2 1 227
2 2 1 234
1 2 4 235
6 2 1 235
5 2 7 236
3 2 6 236
7 2 3 234
2 2 3 234
5 3 2 234
3 2 3 236
4 2 2 234
2 2 1 250
6 2 1 256
4 2 1 255
7 2 1 255
2 2 1 267
5 2 1 272
3 2 1 280
5 2 3 281
3 2 1 286
3 2 1 287
1 3 1 288
5 2 2 290
3 2 2 290
2 2 1 290
4 2 8 289
3 2 1 303
1 2 1 327
1 2 1 338
1 2 1 344
6 2 1 377
6 2 3 378
5 2 3 378
1 2 1 376
3 2 1 378
4 2 1 382
3 2 1 383
4 3 1 384
3 2 2 384
3 2 1 397
1 3 2 396
1 2 4 396
2 2 3 396
3 2 3 397
5 2 2 396
7 2 1 398
5 2 1 397
2 2 1 396
6 2 2 395
1 2 1 399
2 2 1 408
3 2 1 415
2 2 3 414
3 2 4 413
5 2 5 412
4 2 2 416
1 2 1 417
5 2 1 424
1 2 2 425
1 2 3 426
2 2 2 426
2 2 1 423
3 2 1 450
4 2 1 449
5 2 4 450
7 2 4 450
5 2 1 450
5 2 1 462
