16894
2316
3 2 2 99
3 2 2 96
4 2 2 97
2 4 2 97
1 3 2 98
2 2 2 97
3 2 2 97
4 2 2 98
1 4 2 97
2 2 2 97
4 3 2 96
3 4 2 95
4 2 2 95
1 4 2 94
4 6 2 93
2 2 2 94
3 7 2 95
2 3 2 89
3 7 2 89
2 2 2 88
4 4 2 89
2 2 2 89
1 2 2 89
3 3 2 89
1 2 2 88
2 4 2 87
4 5 2 87
2 2 2 83
1 5 2 82
2 4 2 82
4 3 2 83
3 2 2 81
4 3 2 81
1 2 2 82
4 3 2 79
4 5 2 76
4 5 2 73
2 2 2 72
1 2 2 71
3 5 2 71
1 3 2 69
4 2 2 69
2 4 2 68
1 2 2 65
3 2 2 64
1 2 2 64
4 2 2 63
3 2 2 62
1 3 2 57
3 4 2 56
2 7 2 57
3 2 2 55
1 8 2 55
2 4 2 53
3 2 2 54
1 3 2 53
4 3 2 52
2 4 2 51
2 2 2 48
3 2 2 46
4 4 2 47
3 4 2 46
2 2 2 47
4 7 2 47
1 3 2 48
2 3 2 48
4 3 2 49
3 3 2 49
4 4 2 49
3 3 2 46
1 3 2 45
2 7 2 44
1 2 2 44
3 2 2 43
4 4 2 43
1 7 2 39
2 6 2 39
3 3 2 39
1 2 2 39
3 2 2 35
1 2 2 35
4 3 2 36
4 4 2 32
1 2 2 33
2 2 2 33
3 2 2 34
1 3 2 35
4 4 2 34
1 4 2 34
3 2 2 35
4 2 2 33
2 2 2 34
1 2 2 35
3 2 2 31
4 2 2 31
2 5 2 29
4 2 2 29
1 5 2 29
2 4 2 28
1 3 2 28
4 2 2 26
2 3 2 25
1 4 2 24
2 3 2 21
1 5 2 22
3 5 2 23
4 2 2 24
2 6 2 24
3 2 2 25
1 2 2 26
3 3 2 27
4 5 2 27
2 2 2 28
3 5 2 27
4 2 2 24
1 4 2 23
3 2 2 22
1 4 2 16
3 2 2 16
4 3 2 17
3 2 2 18
2 8 2 17
3 2 2 16
1 2 2 15
2 2 2 15
4 7 2 12
1 6 2 13
3 5 2 14
4 12 2 8
3 2 2 9
1 2 2 7
3 3 2 7
2 2 2 6
4 4 2 5
3 2 2 6
1 2 2 7
2 5 2 8
4 2 2 7
1 2 2 7
3 2 2 8
1 2 2 9
2 3 3 98
4 2 3 99
2 3 2 99
1 2 3 99
3 4 2 98
4 2 2 99
4 4 3 96
3 4 3 95
1 7 3 95
2 3 3 82
3 2 3 81
2 4 3 78
1 2 2 78
2 4 2 79
3 4 2 77
4 2 3 79
3 3 2 79
2 4 3 79
4 2 3 77
1 8 2 76
3 3 2 75
4 3 2 76
2 2 2 77
2 6 2 74
1 8 3 74
4 4 3 75
2 2 3 75
2 2 3 72
4 2 3 69
3 3 3 68
1 4 2 68
3 2 2 69
2 12 3 67
4 3 2 67
3 6 2 66
2 2 2 67
4 3 2 67
1 2 3 64
3 2 3 63
1 7 2 63
4 2 2 62
2 3 3 63
3 5 3 62
1 2 3 63
3 3 3 59
2 4 3 58
4 4 2 58
3 7 2 58
1 2 2 59
1 3 3 59
2 3 3 49
1 4 3 47
4 4 3 48
4 10 3 46
3 3 3 41
2 2 3 38
2 6 3 32
3 4 3 33
4 3 3 34
3 2 3 33
2 3 3 32
4 3 3 33
1 2 3 31
2 2 3 28
4 4 3 28
4 5 3 24
3 3 3 24
2 6 3 24
6 3 3 25
1 7 3 24
3 4 3 25
2 4 2 25
5 3 1 25
4 3 2 26
1 3 2 25
2 2 2 25
4 6 2 23
3 3 3 26
4 2 3 26
1 7 3 27
2 5 3 28
1 2 3 28
6 2 3 26
3 2 3 23
4 2 3 24
5 2 3 24
2 3 3 23
3 3 3 18
4 7 2 18
1 4 3 12
2 2 2 11
3 2 3 13
4 4 2 12
3 2 2 12
3 2 3 12
4 3 3 12
1 2 3 12
3 2 3 8
1 2 3 7
4 7 3 7
1 3 3 3
3 2 3 4
2 4 3 4
4 3 3 3
1 4 4 96
2 4 4 86
2 2 4 82
4 3 3 82
3 4 4 84
1 2 3 83
4 2 3 84
2 2 3 82
6 2 3 83
4 4 3 83
3 2 2 83
4 3 2 83
1 2 2 84
2 2 2 85
3 4 2 86
4 3 2 85
5 3 1 83
1 8 2 86
4 2 2 83
1 2 2 83
4 2 2 83
2 2 3 85
3 2 3 86
4 5 3 87
1 2 3 86
3 2 3 84
4 2 3 85
1 7 3 85
2 3 3 86
3 2 3 81
6 2 4 84
3 2 3 84
1 2 3 84
4 2 4 83
1 2 4 84
3 3 3 84
4 2 4 84
2 4 3 83
5 2 4 85
4 3 3 85
1 5 3 86
4 4 3 85
3 4 3 86
2 3 3 84
4 3 3 85
6 2 2 85
3 2 3 84
3 2 4 86
1 3 3 86
6 2 3 87
1 2 4 87
1 2 4 78
5 2 4 75
4 2 3 75
1 2 4 76
4 8 4 76
2 4 3 75
1 3 3 75
2 2 3 75
6 2 2 75
3 3 3 76
4 3 2 74
3 4 2 74
2 2 2 75
4 2 2 72
4 3 3 75
1 2 2 75
3 3 2 74
4 2 4 72
2 3 4 69
1 3 4 69
2 2 4 69
3 3 4 68
1 2 4 69
4 4 3 69
2 4 3 67
4 2 3 67
4 3 4 65
1 2 4 66
3 2 4 66
4 3 4 67
2 2 4 65
4 3 4 64
3 2 4 65
2 2 4 65
3 6 4 65
1 4 4 61
4 5 4 54
2 2 4 49
1 5 3 48
2 2 4 49
4 2 4 46
1 2 4 45
4 2 4 42
4 2 4 37
2 2 4 37
1 4 3 36
2 3 2 36
2 3 3 36
3 2 3 37
1 6 3 36
4 2 3 36
3 8 3 35
2 2 3 36
6 2 3 37
1 2 3 34
2 10 3 34
4 2 4 39
3 2 4 39
1 4 3 38
1 3 4 38
2 4 4 38
3 5 4 37
3 2 4 31
3 9 4 26
2 2 4 26
4 8 4 25
3 2 4 26
1 3 4 27
3 4 4 26
2 8 3 25
5 3 4 27
1 2 4 27
2 6 3 27
4 4 3 26
3 3 4 27
1 2 3 27
2 2 3 27
6 2 2 27
2 2 2 27
1 4 4 24
6 3 4 24
1 2 4 22
4 3 3 22
4 4 4 22
2 4 4 23
3 5 3 23
1 2 2 23
1 14 3 21
4 2 4 22
3 4 4 18
3 2 4 16
1 2 3 16
4 3 3 16
2 2 3 15
2 4 4 12
1 2 4 6
3 14 4 7
2 4 3 6
1 4 3 5
3 2 3 6
4 8 4 3
1 4 4 6
3 9 4 6
1 4 4 8
2 3 4 9
3 2 4 3
1 2 4 3
2 5 3 2
4 2 4 3
3 3 5 94
2 3 4 94
1 3 4 93
2 2 5 94
4 4 5 92
1 2 5 93
2 2 4 93
5 2 4 93
4 3 3 92
1 3 2 92
2 4 2 93
1 3 2 92
3 2 3 94
2 2 3 93
3 2 4 95
4 3 3 95
1 2 4 96
2 2 4 95
4 2 5 95
2 5 5 95
3 2 5 96
2 9 5 95
3 6 5 88
4 2 5 89
1 2 5 88
3 2 5 88
2 2 5 87
3 3 4 87
4 4 4 86
3 4 4 86
2 3 3 86
5 2 2 86
2 2 2 87
4 4 2 87
5 3 1 87
1 3 1 87
2 3 2 86
1 3 2 85
5 3 1 85
2 2 2 85
6 2 1 84
3 2 1 84
1 4 3 87
4 4 3 86
1 4 2 85
3 3 2 86
6 2 1 86
4 2 1 86
3 2 1 87
2 3 1 86
1 2 1 85
2 2 1 84
1 2 3 87
6 2 3 88
4 2 3 87
2 3 2 86
4 2 3 87
3 8 3 85
5 3 3 84
3 2 2 82
1 4 2 82
4 2 2 83
2 10 2 83
1 3 1 83
3 3 1 83
4 4 1 84
6 2 1 83
1 5 2 85
3 2 2 83
2 5 1 83
3 2 1 84
6 2 1 85
4 2 1 83
5 2 2 86
1 2 2 86
4 2 2 86
3 3 1 86
2 7 2 88
4 3 1 87
1 2 1 87
1 6 1 84
3 3 2 86
4 2 2 84
2 3 2 83
4 4 2 83
2 3 2 82
4 2 3 83
3 3 4 87
4 2 4 88
1 3 3 88
2 2 3 88
3 3 2 88
4 3 2 89
5 2 2 88
2 2 2 88
3 4 2 88
4 4 2 88
3 3 2 88
6 2 1 88
2 8 3 89
4 2 2 88
1 3 1 88
3 12 3 89
1 6 3 88
3 2 4 82
1 2 5 87
2 3 4 87
4 2 4 88
2 3 5 84
4 3 5 83
2 6 5 83
1 11 5 84
4 2 5 81
3 3 5 82
2 3 4 81
2 2 5 77
1 2 4 76
4 2 5 74
2 4 4 74
3 3 4 75
1 3 4 73
2 2 4 74
3 2 5 75
4 2 5 75
1 2 5 76
1 3 5 73
4 2 4 72
1 2 4 72
2 2 4 71
5 2 5 74
2 2 5 74
1 2 5 73
3 4 4 73
4 3 3 73
2 3 3 73
4 2 3 73
1 4 5 73
2 2 5 71
3 3 5 72
4 3 5 73
2 2 4 72
3 5 5 74
4 3 5 69
2 2 5 63
3 4 5 63
1 3 5 61
3 2 5 61
1 5 5 55
2 4 4 54
4 2 5 53
3 3 5 49
1 2 5 48
3 2 5 48
4 2 5 46
4 3 5 42
3 4 5 41
1 4 5 39
1 2 5 32
2 2 5 32
3 4 5 33
4 2 4 33
2 2 4 34
4 2 4 33
6 2 4 33
4 3 4 33
1 3 4 34
2 4 4 34
1 4 4 34
4 4 4 35
2 2 4 36
1 3 4 36
2 3 4 36
4 3 3 36
5 3 2 36
6 3 2 35
1 5 3 36
2 5 3 37
5 2 3 38
4 3 3 35
5 3 2 34
4 2 2 34
3 2 2 34
2 2 2 35
2 4 3 35
1 2 3 34
3 5 4 37
4 5 4 35
2 2 4 32
2 2 5 37
4 2 5 38
1 3 4 37
6 2 5 38
3 12 4 37
2 5 5 37
1 3 4 37
3 4 5 28
4 3 4 27
3 2 4 27
2 5 5 29
4 11 5 28
3 2 5 29
1 2 5 28
4 2 5 28
1 3 5 27
3 2 5 27
2 5 5 26
4 2 4 25
6 2 4 26
3 5 4 26
1 6 4 26
5 2 4 27
4 5 3 26
1 2 3 26
2 3 3 27
4 3 3 26
1 2 3 26
3 2 3 25
1 3 5 26
3 3 5 27
2 3 5 26
1 2 5 27
2 2 5 26
1 2 5 26
3 4 5 25
2 5 5 18
3 5 5 18
4 4 4 15
1 7 3 15
5 2 3 15
4 3 2 14
1 2 2 14
2 2 2 14
6 4 1 14
3 4 2 14
4 2 1 14
2 4 2 15
3 3 2 15
1 6 1 14
3 2 2 15
1 4 3 14
3 3 3 15
6 2 3 16
2 2 3 16
4 3 3 16
3 7 3 17
5 2 2 16
1 3 2 17
4 9 2 16
3 2 2 15
2 6 3 17
4 2 3 12
2 2 4 12
2 2 5 16
4 3 5 16
4 3 5 12
2 4 5 2
4 2 6 98
1 2 6 98
3 4 5 98
2 2 5 97
4 2 6 97
2 4 6 97
3 3 6 97
1 4 5 96
3 5 6 98
3 2 6 94
1 5 6 92
3 3 6 88
4 2 5 88
2 2 5 87
4 5 5 87
2 2 6 89
3 5 5 88
4 4 6 87
2 3 6 86
3 5 6 87
4 2 6 87
3 9 6 83
2 2 5 81
4 3 5 81
2 2 6 83
4 5 6 84
2 3 6 78
1 4 5 78
4 2 5 78
2 2 5 77
4 4 4 76
5 2 4 76
3 4 5 77
2 4 4 76
1 4 4 74
2 2 5 73
5 2 5 73
1 3 5 72
4 2 5 73
3 7 6 77
4 3 6 78
4 2 6 73
3 2 6 72
1 2 5 72
3 3 4 72
4 2 4 72
6 3 3 72
2 2 3 73
4 2 3 73
4 2 4 74
1 2 4 74
3 2 4 75
6 4 3 74
4 2 4 74
2 2 4 75
4 21 3 75
2 2 4 74
5 2 4 75
4 2 4 75
3 3 3 75
2 4 2 75
3 2 2 75
1 4 3 74
2 2 3 74
3 3 3 74
2 3 4 72
2 2 5 75
4 3 5 73
3 7 5 73
4 2 5 73
3 2 6 76
2 4 6 77
1 6 6 78
1 3 6 73
2 5 6 72
4 2 6 73
1 2 6 73
4 2 6 73
1 2 6 73
4 3 6 73
1 2 6 68
3 3 6 68
4 4 6 67
2 3 6 68
3 4 6 68
4 2 6 69
2 2 6 68
2 3 6 65
4 2 6 65
3 5 6 64
1 4 6 65
2 2 6 65
3 2 5 65
4 3 6 64
3 3 6 58
3 2 6 45
2 5 6 36
3 2 6 36
4 2 6 36
4 2 6 33
3 5 6 33
1 4 6 34
2 5 5 34
1 2 5 32
2 2 5 32
3 4 6 27
3 2 6 25
4 2 6 24
2 2 5 23
3 4 6 17
4 3 6 18
2 4 5 18
1 2 5 19
4 2 4 19
2 3 6 19
1 2 6 19
3 2 6 15
2 2 5 15
1 3 4 15
6 3 4 16
1 4 4 15
3 4 4 16
1 2 6 14
2 3 5 14
3 2 5 14
4 3 4 14
5 2 4 14
3 4 4 14
1 4 3 14
1 2 4 14
4 2 5 15
2 2 5 13
4 4 5 12
3 3 4 12
6 2 5 14
2 2 5 14
3 5 4 14
2 4 4 15
5 3 3 15
2 2 2 15
1 2 4 16
3 3 3 15
1 2 3 15
2 2 4 16
4 4 3 16
3 3 3 16
1 3 2 16
6 3 1 16
5 2 1 17
4 2 1 17
1 4 1 16
2 2 1 17
1 3 1 16
4 2 1 17
5 2 1 16
2 2 4 15
4 4 3 14
5 2 2 14
3 2 1 14
4 2 1 15
2 2 1 14
3 4 3 15
1 3 2 15
3 2 2 16
4 3 2 15
2 6 2 16
1 2 1 14
6 2 1 15
3 3 2 16
1 3 1 16
2 3 2 16
3 6 2 16
1 4 2 15
4 3 2 15
3 2 1 14
4 2 1 14
1 2 2 13
4 2 4 15
2 4 4 15
1 6 3 15
4 2 3 16
2 3 3 15
3 2 3 16
3 2 4 16
3 2 5 16
1 4 6 17
3 2 6 14
3 2 6 9
1 2 6 3
3 4 6 2
4 2 6 2
1 5 6 1
4 2 5 1
1 2 5 2
4 3 5 1
2 3 6 3
1 2 6 2
3 3 6 3
4 2 5 3
6 2 6 4
3 2 6 3
1 2 6 3
2 3 5 3
4 11 6 4
1 2 5 4
2 3 4 4
5 4 3 4
3 2 4 3
2 2 4 4
1 2 4 4
4 2 3 4
2 2 3 5
1 4 4 5
6 2 4 2
5 4 3 2
2 2 4 2
4 2 3 1
1 3 5 5
4 3 5 5
3 4 5 3
1 3 5 2
2 3 5 2
1 6 6 6
2 2 6 7
3 2 6 7
2 3 6 7
4 3 5 7
4 3 6 5
3 2 5 5
5 2 5 6
1 4 7 99
4 2 6 98
3 5 6 98
4 2 7 93
3 3 6 92
2 6 7 93
3 2 7 92
1 2 7 93
4 3 7 92
1 3 7 92
2 3 7 91
4 2 7 92
1 2 7 89
4 2 6 89
4 5 7 85
1 5 6 85
4 3 7 87
2 2 7 84
3 4 7 85
3 3 7 76
2 2 7 74
2 4 7 64
2 3 7 57
4 2 7 58
3 3 7 57
4 5 7 57
3 2 7 57
2 8 6 56
1 2 6 57
4 4 7 57
1 3 7 58
2 3 6 58
4 2 7 58
3 4 7 59
4 3 6 59
3 2 6 59
3 2 7 59
2 3 7 58
3 3 7 54
4 2 7 52
1 3 6 52
2 2 7 47
4 2 6 46
2 2 6 46
1 2 5 46
5 3 6 47
1 9 6 46
2 4 7 47
3 3 6 47
4 5 7 46
2 5 7 45
3 3 6 44
1 3 7 43
3 4 7 44
4 2 7 39
3 2 7 38
1 6 7 35
4 4 7 28
3 2 7 28
2 5 6 28
1 3 6 26
4 5 7 27
1 5 6 24
3 8 6 24
2 2 6 25
6 2 6 25
1 3 6 25
4 3 6 24
1 4 6 24
2 2 6 25
4 6 5 25
3 2 6 24
5 3 5 24
3 2 5 24
2 2 4 24
4 2 3 24
3 2 2 24
1 3 2 24
4 3 6 25
3 10 6 26
4 2 6 25
2 3 6 24
2 2 7 28
1 3 7 29
6 2 7 26
2 2 6 26
3 9 7 26
2 2 7 26
4 3 7 23
1 5 6 22
3 2 6 22
2 3 6 21
2 2 7 24
3 4 7 22
1 4 7 22
4 4 7 23
1 2 7 23
2 4 7 19
3 4 6 19
2 5 7 13
4 6 7 12
1 2 7 11
2 2 7 12
3 2 6 11
1 4 7 6
2 2 7 6
3 2 7 5
4 2 7 4
2 5 6 4
6 2 7 3
4 3 6 2
1 4 6 1
2 2 6 2
1 2 5 2
3 2 4 2
1 3 3 2
4 3 6 3
1 6 6 4
3 7 5 3
2 2 6 1
4 2 6 2
3 2 6 3
5 2 6 4
4 3 6 5
1 2 5 3
2 3 6 3
1 2 6 3
3 3 5 3
4 5 4 3
6 2 3 3
2 2 4 3
6 2 5 2
3 2 6 3
2 13 5 3
3 2 5 3
1 2 4 3
5 2 4 3
4 3 3 2
1 4 4 3
2 4 4 2
4 2 4 3
3 4 3 3
4 7 3 4
2 2 4 4
3 6 5 3
4 2 7 6
1 6 6 5
6 3 6 6
3 11 5 5
1 3 5 6
4 2 4 6
2 5 5 5
4 5 4 4
5 2 5 6
1 2 6 5
2 5 6 4
3 2 5 3
4 3 6 2
3 2 7 5
4 3 6 5
2 3 5 5
3 5 6 6
1 3 6 5
4 2 5 4
4 4 7 6
6 2 7 7
2 2 7 8
1 4 7 4
3 4 6 4
3 2 7 2
1 3 6 1
4 3 7 2
1 3 8 99
3 2 7 98
1 4 7 98
2 3 7 98
2 4 8 98
4 6 8 84
2 12 7 84
3 5 8 86
1 5 8 84
2 5 8 84
3 4 8 83
4 6 8 83
2 3 8 83
1 2 8 84
2 3 8 79
1 2 8 74
3 3 7 74
5 2 7 74
4 4 7 75
2 4 6 73
4 4 6 73
1 3 7 72
4 2 7 73
2 2 7 72
4 6 8 71
3 2 8 72
3 2 8 68
1 2 7 68
1 2 8 68
2 3 7 68
3 3 7 69
6 2 7 68
4 3 7 68
1 2 6 67
3 2 7 67
4 2 6 67
4 3 8 69
1 3 8 69
4 2 8 66
2 2 7 66
1 2 7 67
3 2 8 68
2 2 7 68
2 7 8 64
3 4 8 65
4 8 8 64
1 7 8 65
3 5 8 64
6 2 8 64
2 4 8 63
4 2 8 57
1 2 7 57
1 6 8 57
2 2 8 56
3 2 7 56
3 2 8 54
2 2 8 54
1 2 8 53
3 5 8 54
4 6 7 54
5 3 7 55
2 3 7 56
4 3 6 55
1 2 5 55
6 3 6 56
3 3 5 54
4 2 4 54
5 2 6 57
6 3 5 57
4 4 5 58
2 6 4 58
4 2 4 59
5 2 3 58
2 2 3 59
1 2 5 56
4 6 5 57
1 4 4 57
5 2 4 57
4 5 3 57
1 6 3 58
4 2 4 58
3 6 3 58
6 4 4 58
2 2 3 58
4 3 2 58
2 2 2 58
3 3 2 59
4 3 2 58
2 3 2 57
3 2 2 57
1 5 2 58
4 3 2 56
3 4 2 57
2 3 2 57
5 2 1 57
3 2 3 58
1 3 4 58
3 11 4 58
1 3 4 55
3 3 4 55
2 3 4 54
4 2 4 54
3 2 4 52
2 2 4 52
3 2 5 53
2 2 5 54
1 3 6 59
4 2 6 54
2 3 6 54
1 4 6 54
3 3 5 54
1 2 5 55
2 4 5 51
4 2 5 52
4 3 8 58
1 9 7 58
1 2 8 58
3 3 8 56
2 5 7 56
4 5 7 55
6 2 7 56
1 8 6 56
4 2 5 56
2 3 4 56
1 3 4 56
5 3 3 56
3 2 4 56
3 2 5 55
4 2 5 55
4 2 6 57
3 2 5 57
1 6 6 56
4 6 6 53
1 2 6 52
3 2 6 53
2 2 6 53
5 2 6 54
2 2 6 53
1 7 6 52
2 6 8 57
3 2 8 58
4 2 8 58
2 3 8 59
4 2 8 57
6 2 8 57
1 4 8 56
2 5 7 56
4 2 6 56
3 2 8 55
1 3 8 55
6 2 8 55
4 2 7 54
2 2 7 54
3 6 8 54
4 4 7 54
5 2 7 55
2 2 6 55
1 2 6 56
4 3 8 55
3 2 7 55
2 3 8 54
3 2 8 54
6 2 8 53
1 2 8 53
2 3 8 54
1 4 7 54
4 2 7 55
3 3 6 54
4 5 6 53
2 2 6 53
3 5 6 53
5 2 7 56
4 2 7 55
3 2 7 55
2 5 6 55
1 6 6 55
3 2 6 57
4 2 6 56
2 4 5 56
4 2 4 56
1 2 3 56
2 2 3 57
6 2 6 55
2 2 6 55
4 3 6 55
1 4 5 54
3 2 5 55
2 2 4 55
4 2 3 55
3 3 8 57
1 2 8 53
2 2 8 53
4 2 8 54
4 2 8 49
1 4 8 48
3 2 8 48
4 2 8 48
2 2 8 49
1 4 8 48
2 2 8 48
4 3 8 41
1 6 8 42
3 3 8 43
2 4 7 43
3 2 8 42
2 2 8 43
4 3 8 37
2 4 8 35
3 4 8 36
4 2 8 36
2 3 8 37
1 2 7 37
4 2 7 38
4 2 8 37
5 2 8 36
1 3 8 34
4 4 7 33
3 7 7 33
2 2 8 36
4 3 8 36
1 2 8 35
3 2 8 35
2 2 8 36
4 6 7 35
1 5 8 32
4 3 8 31
3 3 8 32
5 2 8 33
2 2 7 33
1 2 8 29
3 2 8 29
2 5 8 28
3 4 8 26
3 2 8 22
1 3 8 18
4 8 7 18
3 2 7 19
2 2 7 19
2 2 8 18
1 2 8 19
1 2 8 13
3 2 7 13
4 3 6 13
3 2 8 13
1 4 7 13
3 6 8 13
1 2 8 9
2 3 8 9
3 3 8 8
4 4 7 8
1 2 7 7
2 2 7 8
3 2 8 5
4 2 8 5
2 4 7 5
4 2 7 6
3 3 7 6
5 2 7 5
4 4 7 6
1 3 7 7
2 2 6 6
4 3 5 6
4 2 7 5
2 2 7 6
4 2 8 8
1 3 7 7
4 2 7 7
3 7 7 7
2 2 7 6
3 2 7 6
1 3 6 6
6 3 6 6
3 2 7 5
4 6 6 5
1 3 6 5
2 3 6 6
1 3 6 6
2 3 8 8
1 2 8 9
4 6 8 8
3 2 8 8
2 10 8 7
1 4 9 97
3 3 8 97
2 3 9 96
3 2 9 97
4 5 9 95
2 3 9 96
4 2 9 88
2 2 9 78
3 2 9 74
1 2 9 73
3 2 9 73
4 3 8 73
4 2 9 68
3 3 9 67
4 4 9 64
1 2 9 61
2 2 9 59
4 3 9 51
1 7 9 52
2 2 9 54
3 3 9 54
4 2 9 54
1 3 9 46
2 6 9 47
1 3 9 47
3 5 9 47
4 8 9 48
1 2 9 48
3 2 9 49
4 3 8 49
2 3 9 48
3 2 9 44
6 2 9 35
3 2 9 36
4 3 8 35
2 2 9 37
1 2 8 36
1 2 9 29
4 3 8 28
2 4 9 28
1 3 9 28
3 9 9 27
2 2 9 28
4 4 9 28
3 2 9 29
4 2 9 25
1 2 8 25
3 2 9 24
4 4 9 24
1 2 9 18
4 3 9 18
3 5 9 18
2 2 9 17
4 3 9 12
2 2 8 12
3 3 9 13
4 2 8 12
1 3 8 11
4 2 10 99
1 2 9 99
2 5 9 99
3 2 9 99
5 2 9 98
3 5 10 99
3 3 10 93
4 2 10 93
1 4 9 93
2 3 9 93
4 2 9 92
3 2 8 91
2 2 9 92
2 2 10 94
4 3 10 88
2 2 10 87
3 2 10 81
3 2 10 76
1 4 10 77
4 2 9 75
2 3 8 75
1 3 8 75
3 4 7 74
6 3 6 74
2 2 6 73
2 2 10 78
3 5 10 77
2 3 9 75
4 3 9 75
1 9 10 76
2 2 10 77
2 4 10 71
1 2 10 72
4 3 10 69
3 2 10 69
1 2 10 68
3 2 10 67
1 3 10 66
4 4 10 64
2 4 9 64
4 2 10 66
6 2 10 67
3 2 10 67
2 6 9 66
4 3 9 67
1 4 8 67
3 2 8 68
3 2 9 68
1 2 9 68
3 10 9 66
2 2 10 67
5 2 10 67
4 2 9 67
3 2 9 68
4 2 10 68
2 2 10 68
3 3 10 48
2 3 10 48
3 3 10 48
1 3 10 49
1 3 10 39
2 2 10 39
3 2 10 32
4 2 9 32
2 2 10 27
4 7 10 23
2 2 10 22
1 2 9 22
4 2 9 22
2 3 9 23
3 2 9 24
1 3 10 19
2 2 9 19
1 3 9 19
3 7 10 7
4 4 9 7
1 8 10 6
1 3 10 2
4 6 9 2
3 3 9 2
1 2 10 1
2 4 11 93
3 3 10 92
4 3 11 94
1 3 11 92
4 2 10 91
3 2 11 92
2 2 11 93
3 3 11 93
4 2 11 92
2 3 11 92
4 2 11 88
1 4 11 88
2 2 11 89
1 2 11 89
4 2 11 89
3 3 10 89
2 6 11 89
4 2 11 89
2 3 11 79
1 2 11 79
2 3 11 66
1 5 10 66
4 2 10 67
2 2 9 66
3 2 10 68
1 2 9 67
6 2 9 68
3 2 10 68
4 2 9 68
2 5 10 68
4 2 9 66
1 5 10 67
3 2 11 67
1 2 11 68
2 2 11 69
1 3 11 69
3 2 11 69
1 4 11 69
4 2 11 69
4 10 11 66
1 6 10 63
1 2 11 66
5 2 11 67
2 2 11 67
4 3 11 66
3 8 10 66
6 2 11 64
2 4 10 63
4 2 11 59
1 4 11 59
2 4 10 59
3 2 10 58
4 4 11 53
1 4 10 52
3 2 10 53
3 2 11 51
2 10 11 45
4 2 11 44
1 2 11 42
3 2 11 43
4 5 11 43
1 7 10 43
5 2 11 45
4 4 11 44
3 2 11 44
1 2 11 44
2 5 10 44
3 3 10 45
1 2 10 45
6 2 10 44
4 2 9 43
3 4 10 44
4 2 10 45
4 2 11 39
4 3 11 34
2 6 10 33
3 2 10 34
4 2 10 35
2 2 9 34
1 2 10 35
3 3 9 35
2 2 8 35
4 2 10 35
3 9 9 35
1 2 10 32
4 7 11 34
1 2 11 29
2 2 10 29
1 2 11 29
1 2 11 27
2 2 11 22
3 4 11 18
4 2 10 18
2 2 11 9
4 2 11 9
2 5 12 97
1 3 12 99
3 3 12 99
2 5 11 98
4 3 12 98
3 4 12 93
2 7 12 93
1 5 12 93
4 2 12 94
3 3 12 92
4 3 12 92
2 6 12 92
4 4 12 87
2 3 12 87
1 2 12 87
2 2 12 79
2 2 12 77
4 2 12 77
3 3 12 78
1 7 11 77
3 3 12 79
1 2 12 79
4 2 12 76
3 2 12 77
1 5 12 69
2 2 12 69
1 3 12 64
4 8 12 65
3 2 12 65
2 5 12 64
3 2 11 64
5 3 12 65
1 4 11 65
4 4 11 65
3 2 11 66
1 2 11 65
3 2 11 65
2 4 11 65
1 3 10 63
4 3 11 64
3 2 11 64
1 3 11 65
6 3 10 65
2 2 11 65
1 2 11 65
3 3 11 64
2 3 11 65
3 2 12 61
4 2 12 61
1 3 12 53
4 6 12 48
2 4 12 49
1 3 11 49
4 2 12 47
1 3 11 47
2 2 12 48
1 6 12 49
3 3 12 47
4 6 11 46
3 2 12 44
4 2 11 44
1 2 12 44
2 3 12 45
3 2 12 39
1 8 11 38
3 2 10 38
2 2 11 39
1 3 11 39
2 2 11 38
3 3 11 39
2 2 11 38
1 2 11 38
4 2 11 39
2 3 12 34
1 9 11 33
2 6 12 32
1 2 12 32
4 5 12 19
3 3 12 12
4 3 12 12
1 3 11 12
2 7 10 12
3 5 10 11
4 3 11 13
1 4 11 12
1 3 12 9
1 2 12 1
2 2 13 99
1 7 13 99
4 3 13 99
2 4 12 98
4 4 13 96
1 4 12 95
2 2 11 95
4 2 11 96
3 2 11 97
6 2 11 98
1 2 11 98
2 4 10 97
4 2 10 98
2 2 10 97
5 2 10 98
3 2 10 98
4 3 11 97
3 2 11 97
4 2 13 97
1 2 13 98
3 2 13 99
2 2 13 97
2 3 13 93
3 3 13 94
4 5 13 92
3 4 13 92
1 2 13 93
4 2 13 87
2 2 13 88
1 5 13 88
4 2 13 89
2 2 13 88
3 2 13 72
4 4 13 72
1 2 13 72
2 2 12 71
1 2 12 71
3 2 12 71
2 2 13 71
4 3 13 68
2 2 13 68
4 3 13 68
4 2 13 65
2 2 13 59
1 6 12 58
4 4 12 59
2 2 11 59
4 2 13 53
1 3 13 52
3 2 12 51
4 2 13 49
2 3 13 45
3 8 13 43
2 2 13 42
4 2 12 42
3 3 12 42
1 2 13 43
4 2 13 44
3 2 13 43
2 2 13 41
1 3 13 39
2 2 12 37
3 3 13 38
3 2 13 36
1 3 13 36
2 7 13 37
1 3 13 34
3 2 13 11
1 2 14 99
4 4 14 99
1 11 14 97
3 3 14 95
4 2 14 96
2 2 14 95
3 2 14 93
2 5 14 93
1 4 14 93
4 3 14 93
6 3 14 94
2 3 13 92
3 3 14 94
4 5 13 94
1 5 13 95
2 3 14 93
3 3 13 92
1 4 14 93
4 7 14 78
3 3 14 78
1 2 13 77
1 3 14 72
4 5 14 71
4 3 14 46
1 4 13 45
1 2 14 43
4 2 13 43
1 3 14 38
2 2 14 38
3 3 14 37
2 4 14 37
4 2 14 33
3 3 14 31
1 2 14 28
2 3 13 28
3 3 12 28
1 3 13 29
2 2 13 28
4 3 14 23
1 2 14 23
2 3 13 23
4 2 12 23
2 2 14 18
3 3 14 19
2 3 14 18
4 4 14 17
3 2 14 18
2 2 14 17
4 3 14 9
2 2 13 9
3 4 13 9
2 2 14 9
1 5 14 8
4 9 14 7
3 2 14 8
3 3 15 98
1 2 15 99
2 2 14 99
2 2 15 97
1 2 15 97
3 4 14 97
4 2 15 98
1 2 14 97
2 2 15 97
4 3 15 95
3 2 15 96
1 2 14 95
2 2 15 96
1 2 15 79
2 5 15 79
1 2 15 79
1 2 15 69
2 2 15 67
4 3 15 59
4 4 15 53
2 3 15 52
3 2 15 51
3 2 15 49
1 2 15 49
3 3 15 47
2 2 14 46
1 2 15 47
4 3 15 43
3 6 14 41
4 4 13 41
2 4 14 42
4 5 15 43
3 2 15 41
1 7 15 39
2 4 15 38
3 2 15 36
4 3 15 37
1 2 15 38
1 3 15 33
4 2 15 32
2 4 14 31
3 7 14 33
1 3 14 34
2 3 14 35
1 3 14 36
4 2 15 34
3 3 15 34
1 6 15 34
4 2 15 34
3 2 15 33
4 2 15 33
2 2 15 31
2 2 15 28
3 2 15 28
4 4 14 27
2 3 15 28
1 2 14 28
3 2 15 19
4 7 15 8
1 4 15 9
3 4 15 9
4 2 15 1
4 3 16 98
2 2 16 99
1 3 15 99
3 3 15 99
3 2 16 97
2 2 16 97
3 2 16 94
1 2 16 95
4 3 16 95
2 2 15 94
3 2 15 94
6 2 15 95
2 3 16 95
2 2 16 81
3 3 16 81
4 5 16 78
3 2 16 79
4 3 16 66
3 5 15 66
1 3 15 67
4 2 16 67
2 7 15 67
4 3 15 67
1 2 16 62
2 7 15 62
3 2 15 62
4 2 15 63
2 4 16 62
4 2 16 59
1 2 15 59
2 2 15 58
1 3 14 58
4 3 16 49
2 4 16 48
3 2 16 47
1 3 16 42
2 3 15 41
3 3 16 43
2 5 15 43
4 5 16 41
1 2 16 42
4 3 16 37
4 3 16 31
3 4 16 32
1 6 16 32
4 2 16 32
4 2 16 29
3 2 16 22
4 2 16 23
3 3 16 22
1 2 16 23
1 2 16 21
3 6 16 19
4 7 16 19
3 4 16 19
1 3 16 17
4 2 16 9
1 2 16 9
4 2 16 9
3 3 16 9
3 6 17 98
4 2 17 97
1 2 17 96
3 3 17 92
2 4 17 92
1 3 16 92
4 3 17 92
1 2 17 92
3 3 17 78
4 2 17 78
3 3 17 78
2 3 17 77
1 3 16 76
3 2 16 76
4 2 17 78
1 2 17 72
2 2 16 72
3 2 16 72
2 3 17 72
3 2 17 72
4 2 16 71
1 2 16 72
4 2 17 66
2 2 17 66
3 2 17 59
4 2 17 53
4 2 17 51
1 2 17 51
2 4 17 45
1 4 17 44
4 11 16 44
3 2 17 45
1 3 16 45
2 7 16 45
1 4 17 47
1 2 17 44
3 4 17 41
3 3 17 39
1 2 17 38
2 3 17 39
4 2 16 39
4 3 17 37
2 3 16 37
3 2 17 38
4 2 17 32
3 3 17 13
1 7 16 13
5 2 16 13
3 2 15 13
4 3 15 13
1 2 14 13
3 2 14 13
2 4 13 13
4 3 13 12
1 7 12 12
6 2 12 13
2 3 12 13
3 2 11 11
3 3 13 13
3 3 14 12
1 2 14 12
2 5 13 11
3 3 13 11
1 2 15 13
3 2 16 12
1 2 16 11
4 3 16 11
2 3 17 8
4 7 17 8
1 4 16 7
3 4 17 9
1 3 17 8
2 2 17 8
2 5 18 96
1 2 18 97
4 2 18 79
2 7 18 79
3 3 18 78
4 2 18 79
2 2 18 79
3 2 18 74
4 2 18 64
3 8 17 64
3 4 18 64
1 2 18 63
2 2 18 59
3 2 18 53
2 3 18 53
4 2 18 53
1 3 18 52
3 2 17 52
2 4 17 52
3 3 16 51
4 3 17 52
2 4 18 52
1 3 17 51
2 3 18 52
4 2 18 52
2 8 18 47
3 7 17 44
2 4 18 45
1 3 18 43
3 3 18 39
4 2 17 39
2 2 18 39
4 3 18 31
2 2 18 31
1 2 17 31
2 2 18 23
1 2 17 23
4 3 16 23
3 3 18 21
1 2 17 21
2 3 18 19
1 3 18 18
3 2 18 19
4 5 17 19
2 3 18 18
2 2 18 12
1 2 18 13
1 5 18 8
3 2 18 1
1 6 19 97
2 2 19 98
4 5 18 98
2 2 19 97
4 3 19 94
1 3 19 77
3 2 19 76
4 3 19 65
2 2 19 66
2 2 19 59
2 2 19 52
1 3 19 52
4 8 19 48
2 3 19 48
3 6 18 48
1 2 19 49
3 3 19 49
2 3 19 47
4 3 19 48
6 2 19 47
1 5 18 46
4 5 17 46
2 3 17 46
5 3 16 46
4 3 16 47
2 6 15 47
4 5 15 48
3 2 15 46
1 3 15 46
2 2 18 49
2 2 19 49
4 2 19 49
2 4 19 45
1 11 19 43
1 2 19 39
4 2 18 39
2 2 18 39
3 2 19 38
2 3 19 38
1 3 19 38
2 2 19 29
1 2 19 11
3 2 20 96
1 5 20 96
3 2 20 96
2 2 20 96
4 2 20 95
4 2 20 79
3 2 20 79
1 3 20 79
4 6 20 78
1 2 20 78
3 3 20 77
2 2 20 69
1 3 19 69
3 2 20 63
1 2 19 63
4 3 20 63
2 2 20 62
3 4 19 62
4 2 20 49
3 2 20 45
4 2 20 8
1 2 21 96
2 2 20 95
1 2 21 91
2 2 20 91
1 2 21 79
3 2 20 79
2 2 21 71
4 2 21 63
4 2 21 59
2 3 21 51
1 3 20 51
4 4 21 52
3 2 20 52
3 6 21 45
1 2 21 42
4 3 21 41
4 2 21 38
4 2 21 22
1 5 21 19
2 4 20 18
1 6 21 19
4 3 20 18
3 5 20 19
2 2 20 18
5 2 20 18
1 4 19 17
2 2 21 19
3 4 20 18
1 2 20 18
4 2 20 17
3 2 21 8
2 3 22 96
3 3 22 95
4 2 22 96
1 3 22 96
2 8 21 95
4 2 21 94
3 3 22 71
1 3 22 68
3 3 22 63
4 2 22 59
4 2 22 39
1 2 21 39
3 2 22 39
4 2 22 22
2 2 22 18
4 2 22 19
3 2 22 19
2 2 21 19
1 2 21 19
4 2 22 9
2 3 21 9
3 2 22 9
1 2 22 8
3 3 23 77
4 6 22 77
2 3 21 77
4 2 21 78
6 2 21 78
1 5 21 79
3 2 21 79
4 2 21 79
2 6 20 78
3 3 20 78
5 3 19 78
4 2 19 78
1 4 19 78
3 3 18 78
1 2 18 79
4 2 18 76
1 3 19 78
3 2 18 78
3 3 20 76
4 3 20 76
3 2 21 79
2 3 23 63
4 3 22 62
3 3 23 61
4 2 23 49
3 2 23 41
3 2 23 39
1 2 23 39
2 3 23 32
4 2 23 17
2 3 23 9
2 2 24 99
1 2 24 71
2 2 24 61
1 2 24 44
4 2 23 43
2 3 24 45
1 5 23 45
2 3 22 45
3 3 24 39
4 2 23 38
1 2 24 32
2 2 24 31
1 3 24 28
1 2 24 9
3 3 24 9
2 2 24 9
1 2 25 82
4 2 24 82
2 2 24 82
3 3 23 81
1 3 22 81
2 3 21 81
4 2 22 82
4 2 24 81
1 2 25 39
2 2 24 39
3 3 25 9
2 2 25 1
2 3 26 99
4 2 25 99
3 2 24 99
3 4 25 99
2 2 26 89
3 2 26 89
4 2 26 89
1 2 25 89
2 3 26 81
4 3 26 79
2 2 26 79
1 2 25 79
4 2 24 79
1 2 26 71
2 2 25 71
3 2 24 71
2 6 26 71
1 4 26 69
3 2 26 62
2 2 26 51
2 2 26 44
4 7 25 43
1 3 25 44
2 3 26 43
3 2 26 41
2 2 26 41
1 2 25 41
4 5 26 42
1 2 26 43
3 3 26 42
4 2 26 42
3 2 26 41
1 2 26 31
3 2 26 29
4 2 25 29
1 5 25 29
2 2 24 29
3 5 25 29
1 3 27 89
2 2 27 89
4 2 26 89
1 2 27 79
1 2 27 71
2 2 27 59
1 4 27 22
4 3 27 22
3 2 27 22
2 2 27 17
4 2 26 17
3 2 28 69
2 2 28 69
4 3 28 61
3 4 28 51
2 2 28 31
1 3 28 11
1 3 28 9
1 2 29 79
3 4 29 62
1 4 29 62
4 2 29 41
2 2 28 41
4 3 29 9
3 2 29 1
4 5 30 61
2 3 30 59
3 2 29 59
2 2 30 41
4 2 29 41
3 2 30 39
1 2 29 39
2 5 29 39
1 2 30 19
1 2 31 81
2 2 31 59
2 2 31 1
3 2 31 1
1 4 32 62
2 3 31 62
4 2 31 62
3 2 31 61
1 2 32 59
1 3 32 31
3 2 31 31
3 2 32 21
2 4 33 61
3 2 35 89
3 3 35 51
1 3 34 51
1 2 35 51
1 2 35 49
3 2 35 29
4 2 36 49
1 2 37 81
3 2 37 29
4 2 38 49
2 3 38 29
1 3 39 69
4 2 40 61
3 2 40 61
1 2 40 61
4 2 40 29
4 3 41 49
1 2 41 21
3 3 42 89
1 3 47 91
3 2 46 91
4 2 49 21
