2347
1318
1 2 1 90
8 2 1 90
2 2 1 86
3 2 1 82
4 3 1 80
7 2 1 81
3 4 1 71
7 2 1 69
4 2 1 67
1 2 1 63
1 2 1 37
1 2 1 32
7 2 1 32
4 2 1 32
4 2 1 29
1 2 1 27
5 2 1 28
3 2 1 24
7 2 1 24
2 2 1 25
4 2 1 23
7 2 1 23
2 3 1 22
8 2 1 21
1 2 1 16
6 2 1 16
4 2 1 14
2 2 1 9
1 2 1 6
6 2 1 6
2 4 1 4
8 2 1 3
7 2 2 84
4 2 2 83
6 2 2 83
2 2 1 83
1 2 2 84
2 2 2 67
7 2 2 66
7 3 2 58
1 2 2 57
5 3 2 49
2 3 1 47
6 2 2 43
2 3 1 43
8 2 2 42
4 2 1 42
5 2 2 40
2 2 2 37
7 2 2 28
1 2 2 29
7 2 1 29
8 3 2 30
5 2 2 19
4 3 1 19
6 2 2 18
4 3 1 17
6 2 2 11
1 2 1 10
7 2 3 86
1 2 2 86
3 2 3 86
8 2 3 79
3 3 3 79
6 4 2 77
3 2 1 77
1 2 3 79
8 2 3 78
1 3 3 78
7 2 3 78
4 2 2 78
3 2 3 78
5 2 3 79
3 3 3 74
8 5 2 73
4 2 3 75
5 2 3 75
1 2 3 68
8 3 2 67
3 2 3 54
1 3 3 52
7 2 2 51
2 2 3 46
7 3 2 46
8 2 3 47
3 2 3 46
5 2 3 32
2 2 2 32
3 4 2 31
8 3 2 32
8 2 3 30
2 2 3 30
7 3 3 26
1 4 2 25
3 2 4 86
5 2 3 86
6 2 4 84
3 3 4 84
8 2 4 85
2 2 4 85
8 2 4 85
6 2 4 79
4 2 3 79
3 2 4 63
8 2 4 62
3 3 4 51
8 2 4 50
4 2 4 46
8 4 3 45
4 2 3 47
1 2 4 40
7 3 4 40
6 4 4 36
4 2 3 36
6 2 4 21
1 2 3 20
4 3 4 21
2 2 4 14
8 2 3 13
1 2 2 13
8 2 1 13
1 3 4 11
7 2 3 9
2 2 2 9
8 3 4 11
4 4 4 11
6 2 3 10
3 3 2 10
8 4 2 9
6 2 4 8
2 2 3 8
4 3 3 7
6 2 3 8
7 2 4 6
1 3 3 6
3 2 4 5
2 2 5 90
5 2 5 85
2 2 5 82
6 2 4 81
8 2 5 79
2 2 5 79
7 2 5 79
6 2 5 67
2 2 4 67
4 2 5 67
6 2 5 40
4 2 4 40
3 2 5 40
5 2 5 41
2 2 4 41
5 2 3 41
1 2 5 14
8 2 5 14
1 2 5 14
3 2 5 12
8 2 4 11
6 2 6 84
6 2 6 75
4 2 6 74
4 2 6 43
8 3 5 43
5 2 6 44
1 2 6 33
7 2 5 33
4 2 4 33
4 3 6 30
7 4 5 30
2 2 6 14
8 2 6 8
2 2 6 8
6 2 6 8
5 2 6 5
2 2 7 88
6 2 7 82
7 2 7 76
4 2 7 76
6 2 7 77
1 2 6 77
4 2 7 72
6 2 7 72
8 2 7 44
1 3 6 43
2 2 7 41
7 2 6 40
5 2 7 40
8 2 7 36
4 2 7 33
8 3 6 33
2 2 6 34
5 2 5 34
6 2 6 34
1 2 7 20
1 2 7 14
5 2 6 14
6 3 7 14
2 3 7 14
8 2 7 12
1 2 6 11
6 2 5 11
1 2 4 11
7 3 3 11
4 2 7 3
8 5 6 3
4 2 8 89
8 4 8 80
6 2 8 73
3 3 7 73
5 2 8 72
2 2 7 72
7 2 7 73
4 2 7 71
3 2 8 71
5 2 7 70
8 2 8 72
7 2 8 70
3 2 7 70
1 3 8 71
4 2 8 53
7 2 8 37
2 2 8 27
1 2 8 14
6 2 7 13
5 2 8 12
3 2 7 12
4 3 8 12
8 2 8 13
4 2 7 13
8 2 7 14
5 2 8 11
1 2 8 12
7 2 9 66
4 2 9 65
3 2 9 53
6 2 8 52
6 2 9 8
3 2 8 8
6 2 7 8
8 2 10 89
2 2 10 78
6 2 9 78
4 2 10 53
7 2 9 52
3 2 8 52
2 2 9 52
8 2 9 53
6 2 9 54
1 2 10 51
5 2 9 51
3 2 10 47
5 2 9 47
1 2 8 47
7 3 7 47
6 2 10 40
2 4 9 39
6 2 9 39
4 2 8 38
7 2 8 39
1 2 8 38
5 2 10 28
4 2 9 28
2 2 10 29
3 2 10 10
5 2 10 11
1 2 11 82
5 2 11 81
1 2 10 80
6 2 9 80
8 2 10 81
7 2 11 80
6 2 11 62
2 3 10 62
4 3 10 61
7 2 11 64
2 3 11 55
5 2 11 55
1 2 11 56
7 2 11 49
3 2 11 47
1 2 11 38
4 2 11 16
4 2 11 13
5 2 11 12
2 2 11 2
6 2 10 2
7 3 11 3
6 2 12 77
4 3 11 77
5 2 12 74
4 2 11 74
8 2 10 74
1 2 10 75
1 2 11 74
6 2 12 70
3 2 12 56
6 3 12 57
3 2 12 34
5 4 11 33
2 2 11 35
7 2 11 36
1 2 11 36
8 2 12 30
4 2 11 30
7 3 10 30
3 2 11 32
6 2 11 32
3 2 11 29
7 2 11 30
7 2 12 31
2 2 12 15
8 3 12 9
5 2 13 89
3 2 12 89
6 2 11 89
3 2 10 89
1 2 12 88
2 2 13 86
8 2 12 86
7 2 12 85
1 2 12 86
6 2 13 84
4 3 13 85
5 2 12 85
7 2 13 83
3 3 13 80
5 2 13 57
8 2 13 47
2 2 13 41
6 3 12 40
8 2 13 8
4 2 13 3
5 3 12 3
1 2 13 2
7 3 12 2
4 2 12 3
6 3 14 63
3 2 13 62
5 2 14 57
1 2 14 58
5 2 14 59
2 2 14 56
4 2 14 39
8 2 13 38
2 2 14 31
6 2 14 31
7 2 14 29
3 2 13 29
4 2 13 28
3 2 14 10
6 2 15 80
8 2 15 59
2 2 15 50
5 2 15 50
2 2 15 47
5 2 15 30
1 2 14 30
7 2 15 28
1 2 15 4
7 2 14 3
1 2 16 85
4 2 16 61
6 4 15 61
8 2 16 50
5 2 16 39
2 3 15 39
1 2 16 40
7 3 16 30
3 2 15 30
7 2 15 31
4 2 15 32
5 2 15 32
1 2 15 31
6 2 14 30
3 3 14 31
5 2 14 31
3 2 14 31
8 2 13 31
4 3 12 31
4 2 14 29
2 2 14 29
6 3 13 29
5 2 16 12
3 2 15 11
6 2 14 11
4 3 16 13
8 3 16 14
1 2 16 5
8 2 16 5
2 2 16 6
6 2 16 6
1 2 16 5
7 2 15 5
2 2 16 2
6 2 15 2
7 3 15 1
1 2 15 2
4 2 16 3
1 2 17 89
7 2 16 88
8 2 17 88
4 2 17 88
2 2 17 86
7 2 16 86
1 2 15 86
8 3 17 87
3 2 16 87
4 3 17 86
5 2 16 85
8 3 16 84
2 2 17 76
2 2 17 58
6 2 16 57
4 2 15 57
5 2 17 58
3 2 17 56
5 2 16 55
4 2 17 52
7 4 16 52
2 2 15 52
8 2 15 53
5 2 16 52
5 2 17 47
3 2 17 41
6 2 16 41
7 2 16 40
8 2 17 36
4 2 17 36
5 2 17 35
2 2 17 27
6 2 16 27
2 2 16 28
7 3 16 29
1 3 16 30
6 2 16 30
7 3 17 14
1 2 16 13
4 3 17 14
2 2 17 8
1 2 18 70
6 2 18 70
1 2 18 52
8 3 17 52
4 2 16 52
6 2 16 53
3 3 16 53
5 2 18 52
1 2 17 51
2 2 18 52
8 2 17 51
7 2 18 51
7 3 18 47
1 3 17 46
4 2 17 45
7 3 16 45
3 2 16 46
3 3 17 47
5 2 17 46
6 2 18 39
6 2 18 35
3 2 17 34
1 2 18 20
8 2 18 21
2 2 18 13
8 2 18 10
3 3 17 9
6 2 17 9
6 2 18 9
8 2 18 5
4 2 18 5
6 2 18 5
6 2 19 89
1 2 19 58
8 2 19 58
2 2 19 45
2 2 19 13
8 2 18 13
6 3 19 14
4 2 18 13
8 2 19 7
1 2 18 7
3 2 18 6
3 2 19 2
8 2 18 2
3 2 20 78
1 2 20 70
5 2 19 70
3 2 18 70
7 2 20 70
2 2 19 70
3 2 20 63
1 2 20 60
6 2 19 59
3 2 20 39
8 2 19 39
7 3 19 38
3 3 18 38
3 2 20 35
8 2 19 35
4 2 18 35
3 2 20 22
2 2 20 17
6 2 19 16
6 2 20 13
2 2 19 12
1 2 20 9
8 3 20 9
4 2 20 8
8 2 20 8
2 3 20 9
5 3 19 9
6 2 20 10
3 2 19 10
1 2 21 88
4 2 21 83
4 2 21 79
5 2 21 79
3 2 21 80
4 2 21 58
7 2 21 58
2 2 21 54
8 2 21 55
7 2 21 27
2 2 21 22
8 3 20 21
2 2 20 20
7 2 21 22
3 4 21 22
7 3 21 22
2 2 21 22
6 2 21 22
2 2 21 22
7 2 21 9
1 3 21 8
6 3 20 7
4 2 20 8
5 2 21 5
3 2 20 4
5 2 19 4
4 3 22 83
8 2 22 60
1 3 21 59
5 2 22 58
4 2 21 58
8 2 20 58
1 2 22 45
5 2 21 45
1 3 20 45
7 2 22 45
1 2 21 45
6 4 20 45
4 2 20 45
3 2 21 46
4 2 22 47
6 2 22 47
6 2 22 39
7 2 22 34
2 2 22 34
5 2 22 17
5 2 22 9
1 2 23 82
6 2 23 82
2 2 23 83
8 2 23 80
4 3 23 81
1 2 23 78
5 2 22 78
3 2 22 79
7 3 22 79
2 2 22 79
1 2 23 79
7 2 22 78
1 2 21 78
5 3 23 80
4 2 23 80
8 2 22 79
5 2 23 80
1 2 23 79
5 2 23 76
1 2 23 63
5 2 23 59
4 2 23 55
6 2 22 55
8 2 22 54
5 2 23 50
3 2 22 50
5 2 21 50
2 2 23 49
8 2 23 49
5 2 23 41
3 2 23 35
6 3 23 36
1 3 22 36
5 2 22 35
4 2 21 35
8 3 20 35
7 2 21 37
4 2 23 28
5 2 22 28
6 2 23 29
1 2 23 29
8 2 23 13
7 2 23 10
2 2 24 87
8 3 23 87
1 2 22 87
4 2 24 79
8 3 24 80
4 3 24 81
6 3 23 79
2 2 23 80
8 2 23 81
1 2 22 80
5 2 22 81
7 2 24 76
7 2 24 59
4 2 23 59
3 3 23 58
5 2 24 60
1 2 23 60
8 2 22 60
3 3 24 60
6 2 23 59
7 2 23 58
6 2 24 59
1 2 23 58
1 2 24 55
1 2 24 46
8 2 23 45
4 2 24 39
6 4 23 38
3 2 23 37
2 2 24 28
5 4 24 28
4 2 24 26
8 2 24 15
2 3 24 16
6 2 24 11
6 2 24 6
7 2 25 75
7 2 25 63
6 2 25 59
8 2 25 57
2 3 24 57
3 2 25 49
8 2 24 48
6 2 25 48
2 2 25 48
4 2 25 46
5 2 24 46
6 2 25 45
5 2 25 22
2 3 24 22
1 2 25 23
5 2 25 24
4 2 25 4
6 3 24 3
1 2 23 3
7 2 22 3
2 3 21 3
8 3 20 3
5 2 21 2
3 3 20 1
6 2 23 3
2 2 23 2
7 2 26 59
8 2 26 55
4 2 26 56
5 2 26 56
2 3 26 56
1 2 26 49
3 2 26 47
5 2 26 41
4 2 25 40
3 2 26 42
5 2 25 42
1 2 25 43
7 2 24 43
2 2 26 40
7 3 25 39
4 2 24 39
6 2 24 39
6 3 25 40
3 3 24 38
7 2 26 34
2 2 26 33
4 2 26 29
1 2 26 6
8 3 25 6
3 2 24 6
6 2 27 83
6 2 27 70
2 2 27 69
2 3 27 64
7 2 27 64
5 2 27 59
3 2 27 49
5 3 26 49
7 2 27 43
2 2 26 43
8 2 26 44
3 3 26 43
8 3 25 42
2 2 25 42
6 3 25 43
4 2 25 41
7 2 24 41
8 2 24 40
7 2 26 43
3 2 26 41
8 2 26 41
1 2 26 40
8 2 26 39
7 3 27 39
2 4 26 38
7 2 26 40
8 2 27 35
1 3 27 36
8 2 28 82
2 3 28 82
7 2 28 83
8 3 28 58
1 2 27 58
3 3 27 57
5 2 27 58
4 3 27 57
7 2 27 58
4 2 27 59
3 2 28 59
5 2 27 59
6 2 27 58
3 2 27 59
7 2 27 59
7 2 28 46
4 3 27 46
3 2 28 44
6 3 28 33
1 2 28 34
6 2 27 34
3 2 27 34
5 2 28 24
2 2 28 24
7 2 28 25
8 2 28 15
2 2 27 15
7 2 28 13
7 2 28 4
4 2 27 4
1 2 28 5
8 3 27 5
6 2 28 5
1 2 28 2
7 2 27 1
4 2 26 1
1 3 29 75
5 2 28 73
5 2 29 76
5 2 29 69
2 2 29 64
6 3 29 64
3 2 29 64
8 2 28 63
2 2 29 45
8 2 29 42
4 4 28 42
8 2 29 35
6 2 29 33
2 2 29 29
7 2 29 4
4 2 29 2
7 3 28 1
4 2 30 84
6 3 29 83
2 2 28 83
5 2 30 62
3 2 29 61
7 2 30 55
4 2 30 41
7 3 29 40
2 2 28 40
1 2 30 13
4 2 30 11
1 2 30 6
3 2 31 77
5 2 30 76
7 2 31 64
4 2 30 63
4 2 31 59
2 2 31 38
5 2 30 37
2 2 29 37
2 2 31 34
6 2 31 25
3 2 30 24
6 2 31 22
1 2 31 23
5 2 30 23
3 2 29 23
8 2 28 23
1 2 27 23
7 2 26 23
8 2 27 23
4 2 27 24
2 2 27 25
7 2 27 24
3 2 31 21
6 2 30 20
5 2 31 15
2 2 31 3
5 3 30 3
2 2 32 74
8 2 32 71
3 3 32 72
7 3 32 70
3 2 32 68
3 4 32 56
6 2 31 54
1 2 32 46
5 2 31 46
8 2 32 47
1 4 32 39
7 2 31 38
6 3 32 40
1 2 31 40
8 3 31 41
4 2 31 40
4 2 32 39
8 3 32 39
4 2 32 39
2 2 32 30
2 2 32 25
7 2 31 24
4 2 32 20
8 3 32 13
2 2 31 13
7 2 32 7
3 2 31 6
2 2 33 81
8 2 32 81
7 2 33 78
1 4 32 78
6 2 33 77
4 2 33 74
3 2 33 72
7 2 33 71
3 2 33 68
6 2 33 69
3 2 33 69
3 2 33 57
8 3 33 58
4 2 33 55
7 2 33 47
4 2 33 39
5 2 33 34
4 2 32 34
6 2 32 35
1 2 31 35
7 3 30 35
2 2 33 26
8 2 32 26
7 2 33 13
1 2 33 10
2 2 34 81
8 2 33 81
4 2 32 81
8 2 34 76
1 4 34 76
7 2 33 73
8 2 34 74
3 2 34 74
6 3 33 74
7 2 34 74
7 2 34 64
3 3 33 64
5 2 33 65
4 3 33 63
8 2 33 62
8 2 34 46
6 2 34 42
4 3 33 41
4 2 34 38
6 2 34 38
6 2 34 33
1 2 34 32
8 3 34 31
1 4 33 29
5 3 32 29
1 2 32 29
1 2 33 29
8 2 34 23
3 2 33 23
1 2 34 22
5 3 34 22
2 2 33 20
5 2 32 20
3 2 32 21
7 3 31 21
6 2 31 20
3 2 31 21
4 3 32 22
5 2 31 21
7 2 34 13
3 2 33 13
3 2 34 10
7 2 33 9
8 2 34 10
4 2 34 9
4 2 35 77
5 2 35 74
3 3 34 74
8 2 35 73
2 4 34 72
7 2 34 74
7 2 34 72
3 2 34 72
4 2 35 58
5 2 35 55
2 2 34 54
3 2 35 56
3 2 35 53
4 2 35 48
7 2 35 49
8 2 35 46
6 2 35 40
4 2 35 40
5 2 35 38
2 3 35 38
8 2 35 38
1 3 34 37
7 2 33 37
6 2 35 31
1 2 34 31
5 2 35 29
1 2 35 29
5 2 35 26
3 2 34 26
2 2 35 25
2 2 35 19
7 2 34 18
8 2 35 18
2 2 35 18
4 2 35 16
7 3 34 15
8 2 35 11
3 2 36 74
6 5 35 73
1 2 35 72
1 2 36 56
6 2 35 55
4 2 34 55
2 2 36 41
8 2 36 31
3 3 35 30
5 2 36 27
2 2 36 25
4 2 36 18
6 2 36 17
5 2 36 11
2 4 35 10
7 2 35 12
1 3 34 12
6 2 37 77
1 4 36 76
5 2 36 78
1 2 35 78
4 2 36 79
6 2 36 80
2 2 36 80
8 2 36 80
5 2 37 75
4 3 36 75
8 2 37 52
4 2 37 46
6 2 37 47
5 2 37 45
4 2 36 44
1 2 37 45
8 2 36 45
4 2 37 42
5 2 36 42
8 2 37 31
2 3 36 30
1 2 37 25
5 2 36 24
7 2 37 26
7 2 37 23
3 2 36 23
7 2 37 16
2 2 37 15
7 4 36 14
4 2 37 16
3 2 37 9
5 4 36 8
3 2 36 8
6 2 36 9
1 2 35 9
8 3 37 8
2 3 36 8
3 2 38 80
6 2 37 80
1 3 36 80
5 2 36 81
2 2 38 69
5 3 37 68
3 2 36 68
7 2 35 68
3 3 38 59
5 6 37 58
1 2 36 58
1 3 38 61
8 2 38 59
7 2 38 50
4 2 38 50
6 2 38 51
1 2 37 51
1 2 38 39
8 2 37 39
3 2 37 40
5 2 36 40
8 2 38 30
4 2 38 31
5 3 37 31
1 2 36 31
4 2 37 32
2 2 38 29
7 4 37 28
1 5 37 29
7 2 38 26
5 2 38 23
1 2 38 10
8 2 37 10
5 2 37 9
1 2 36 9
5 3 35 9
2 2 37 10
2 2 38 10
5 2 37 9
6 2 39 82
1 2 38 82
7 3 37 82
3 2 37 83
7 2 39 84
1 2 39 83
8 2 39 83
3 4 38 83
8 2 37 83
7 2 38 82
2 2 37 82
4 3 39 81
2 2 39 62
6 3 38 61
6 2 39 58
2 2 38 58
7 2 39 43
4 2 39 32
8 2 39 29
4 3 38 28
7 2 39 27
7 3 39 16
1 2 38 16
3 3 38 15
4 2 39 10
5 2 39 11
4 4 40 82
7 2 39 82
2 2 38 82
6 2 39 81
6 2 40 79
7 2 40 55
4 3 40 56
8 3 39 56
2 2 38 56
1 2 39 55
4 2 40 51
5 3 40 51
3 2 40 33
5 2 39 33
7 3 39 32
8 3 40 28
2 3 39 26
1 2 40 28
1 2 40 24
7 3 40 13
1 2 40 8
6 2 40 6
1 2 40 6
3 2 41 83
7 2 41 84
4 2 40 84
8 2 40 84
8 2 41 84
6 3 41 79
3 2 40 77
8 3 39 77
2 2 41 57
7 3 41 51
4 2 41 51
1 2 41 24
6 2 41 23
2 2 40 22
4 2 41 16
8 2 40 15
7 5 41 17
3 2 41 18
7 2 41 19
4 2 41 7
7 2 40 7
6 2 42 80
3 2 42 72
8 3 41 72
5 2 42 47
5 2 42 43
4 2 41 43
5 2 42 28
7 2 42 23
2 2 41 22
5 2 42 20
6 2 42 15
4 2 43 85
6 3 43 47
4 2 42 45
3 3 43 48
8 2 43 48
6 2 43 23
4 3 42 23
6 2 43 15
1 3 42 15
5 2 44 73
1 2 44 56
1 2 44 44
8 3 43 43
2 2 44 36
8 2 44 35
2 2 43 34
7 2 43 35
8 2 44 16
2 2 43 16
5 3 42 16
1 3 43 15
8 3 42 15
6 2 43 15
2 2 42 15
5 2 45 85
3 2 45 49
8 2 45 42
2 2 45 5
8 2 45 5
7 2 46 56
2 4 45 55
6 2 45 57
8 2 46 57
2 2 45 57
8 2 46 42
2 2 45 41
8 2 46 36
1 2 45 35
7 2 46 17
4 2 45 17
1 2 46 12
5 2 46 11
4 2 47 84
5 2 47 74
2 2 47 74
5 2 47 74
6 2 47 72
3 3 46 72
2 2 47 72
8 2 47 72
1 3 46 71
7 2 46 72
8 2 47 72
3 2 46 72
8 2 47 50
1 2 46 50
2 3 46 49
7 2 45 49
8 2 47 27
2 3 46 26
8 2 45 26
1 2 44 26
6 3 46 25
2 2 47 24
6 2 47 25
4 2 47 25
7 2 47 24
3 2 46 24
2 2 47 24
2 2 47 5
5 2 46 5
3 2 48 56
5 4 47 56
1 2 48 23
8 3 47 22
1 2 46 22
8 3 46 23
6 2 46 24
7 2 45 24
3 3 44 24
8 2 44 24
2 2 46 21
4 2 46 22
5 2 46 21
2 2 46 21
6 2 46 21
4 2 48 11
8 3 48 12
1 3 48 5
6 2 49 54
2 3 48 53
7 2 49 52
7 2 49 42
1 3 48 42
6 2 49 36
3 2 48 36
6 3 47 36
4 2 47 37
1 3 48 35
6 2 49 20
1 2 48 20
5 2 49 17
8 2 49 12
2 2 48 12
3 2 49 4
5 2 48 3
5 2 50 72
8 2 50 27
3 3 49 27
7 2 48 27
1 2 50 7
6 3 49 6
8 2 51 83
1 2 50 82
6 3 49 82
1 2 48 82
5 2 48 82
3 2 48 81
4 2 47 81
8 2 46 81
7 3 47 82
3 2 51 75
8 2 51 75
2 2 51 75
6 2 51 72
3 2 51 72
8 2 51 70
3 2 51 69
8 2 51 69
2 2 51 70
2 2 51 54
4 2 51 6
8 2 52 43
3 2 52 6
4 2 52 4
5 2 52 3
8 2 53 70
4 2 52 70
3 2 53 70
7 2 53 54
2 3 52 54
4 2 53 52
5 2 53 53
4 2 53 54
5 2 53 44
2 2 53 20
3 2 53 18
8 3 52 18
3 2 54 51
8 3 53 50
2 2 53 49
5 2 53 49
1 2 53 50
6 3 52 49
3 2 52 50
4 2 53 48
5 2 53 48
5 2 54 51
8 2 55 76
8 2 55 71
3 2 55 71
2 2 55 5
6 2 54 4
1 2 56 70
7 2 55 69
2 2 56 54
2 2 56 50
5 2 55 50
2 2 57 69
7 3 57 69
1 2 56 67
5 3 55 67
4 2 55 68
4 2 57 44
6 2 57 44
8 2 57 37
1 2 56 37
7 2 55 37
4 2 59 76
1 2 59 67
3 2 60 68
6 2 59 68
4 2 58 68
5 2 59 67
7 2 60 68
2 2 60 66
2 2 61 65
8 3 60 64
2 2 59 64
3 2 60 63
4 2 61 63
8 2 61 64
2 2 62 76
5 2 62 64
1 2 61 64
6 3 63 64
7 2 66 76
1 2 70 18
3 2 71 18
8 2 71 18
7 2 72 19
