19401
2498
8 4 1 100
7 2 1 100
4 2 1 98
7 3 1 97
2 9 1 97
4 2 1 96
5 4 1 97
4 4 1 97
5 3 1 97
2 9 1 97
3 4 1 96
3 4 1 91
5 2 1 93
6 2 1 93
3 2 1 94
3 2 1 89
1 2 1 89
3 3 1 89
4 5 1 89
2 2 1 90
5 3 1 90
4 3 1 89
5 3 1 87
4 4 1 87
3 3 1 87
2 6 1 87
7 4 1 85
6 10 1 86
3 2 1 87
2 2 1 86
3 2 1 86
4 4 1 85
5 3 1 82
3 2 1 83
2 3 1 84
6 3 1 84
3 5 1 77
6 2 1 77
7 3 1 78
3 4 1 74
4 11 1 75
6 2 1 77
6 8 1 66
3 3 1 63
5 7 1 63
2 3 1 62
6 2 1 63
4 3 1 62
7 2 1 62
3 2 1 63
7 2 1 63
6 2 1 62
7 13 1 54
6 2 1 55
8 7 1 51
6 3 1 50
4 3 1 50
5 5 1 49
7 2 1 46
6 4 1 45
5 4 1 45
8 2 1 46
4 8 1 44
1 2 1 42
5 5 1 43
7 2 1 42
4 2 1 41
5 3 1 41
6 7 1 41
7 3 1 39
5 5 1 39
8 2 1 38
1 2 1 35
2 3 1 35
6 22 1 32
5 4 1 32
5 8 1 27
4 5 1 25
7 7 1 21
8 2 1 21
4 2 1 17
6 3 1 16
4 2 1 11
5 4 1 11
8 2 1 9
6 3 1 9
2 2 1 10
8 2 1 11
6 2 1 10
5 4 1 11
4 5 1 10
7 14 1 8
6 2 1 8
3 2 1 9
6 6 1 10
5 2 1 10
2 2 1 10
7 2 1 9
5 2 1 8
6 7 1 5
4 2 1 5
5 3 1 5
4 2 1 5
4 4 1 3
5 3 1 3
7 3 1 4
6 3 1 4
5 3 1 4
3 6 1 3
4 11 1 4
6 4 1 3
5 2 1 2
4 4 2 97
6 3 1 97
3 2 1 98
5 6 1 99
8 2 1 99
3 4 1 100
6 2 2 98
6 2 2 96
5 2 2 96
6 2 2 96
4 3 2 95
3 4 2 96
4 3 1 96
3 2 2 94
2 3 2 92
3 3 2 92
4 2 1 92
1 2 1 91
6 4 2 92
5 4 1 91
3 4 2 92
5 2 2 92
2 3 2 92
3 5 2 91
1 2 2 88
6 3 1 88
2 5 1 88
5 2 2 89
6 3 2 88
4 2 1 88
3 4 1 88
5 2 1 88
1 2 2 90
2 2 2 89
1 2 2 85
7 4 2 84
6 2 2 85
5 3 2 85
3 3 1 85
4 5 1 85
5 2 2 84
6 8 2 84
4 2 2 82
3 2 2 81
8 2 2 77
5 2 2 78
6 2 2 78
2 4 2 71
4 2 2 71
6 4 2 68
3 2 2 69
2 2 1 68
8 3 1 68
7 5 2 69
3 3 2 69
2 2 1 68
5 4 1 69
6 4 1 69
4 3 1 69
4 3 1 67
7 4 1 68
5 2 1 69
6 5 1 69
2 2 1 70
5 2 1 71
4 2 1 70
8 5 1 68
1 2 1 65
5 2 2 70
7 2 2 66
5 13 2 65
4 2 2 65
6 2 2 61
7 4 1 61
7 2 2 61
5 2 2 61
4 5 1 61
1 2 1 62
3 2 1 62
6 2 2 61
3 8 2 59
5 2 2 56
4 2 2 56
2 10 2 55
3 7 2 56
3 2 2 51
4 3 2 51
3 4 2 50
5 8 2 46
3 3 2 46
7 7 1 46
6 14 2 47
1 2 2 45
6 2 1 45
3 3 2 44
6 4 2 40
7 2 2 37
4 3 2 37
5 6 2 38
6 4 1 37
5 4 2 38
6 3 2 37
5 5 2 37
3 2 2 25
5 2 2 24
6 4 2 20
7 4 1 20
4 6 2 19
6 4 2 12
1 2 2 13
5 15 2 8
8 2 2 2
4 2 3 98
5 2 3 97
8 2 2 97
5 3 3 97
3 3 3 96
6 3 2 96
2 4 2 97
4 2 3 97
3 2 3 98
2 2 3 97
3 3 3 93
2 5 3 93
1 3 3 93
4 7 3 90
4 2 3 88
5 2 3 86
3 3 3 87
1 2 3 86
6 8 3 84
2 3 3 84
6 2 3 79
7 3 3 76
1 2 3 72
6 2 3 73
3 3 3 74
4 4 3 73
3 2 3 73
2 3 3 74
7 2 3 72
4 2 3 65
3 2 2 65
7 2 2 65
5 2 3 64
5 2 3 60
6 2 3 60
2 4 3 52
7 8 3 50
6 2 2 49
5 3 3 48
4 9 2 48
5 3 3 48
6 2 2 48
7 3 2 48
5 2 2 49
3 3 2 48
2 2 1 48
3 6 3 45
2 2 3 46
7 4 3 44
3 2 3 44
2 2 3 44
4 2 3 44
8 2 2 44
5 2 2 44
6 2 1 43
3 3 2 44
1 2 2 45
6 2 2 45
7 2 1 44
5 2 3 44
3 3 2 44
4 5 2 44
3 2 3 43
4 2 3 41
5 2 2 40
4 3 1 40
5 2 1 41
2 2 1 42
6 3 1 40
7 2 3 38
3 2 2 37
2 2 3 39
5 2 3 38
6 4 3 35
3 2 3 31
2 2 3 30
3 7 2 29
5 3 1 29
7 3 1 30
4 6 1 29
3 2 1 29
4 2 1 29
6 2 2 31
7 2 2 30
5 2 2 28
8 3 1 28
6 2 1 29
4 2 1 28
3 4 1 28
8 2 1 28
4 2 1 28
7 2 1 28
6 2 3 28
7 2 2 28
1 3 1 28
8 2 2 27
3 3 2 26
4 4 3 28
5 3 3 24
6 2 2 24
4 2 2 24
8 2 3 20
7 6 3 19
7 4 3 14
4 2 3 12
2 2 3 12
2 2 3 6
4 4 2 5
1 2 3 5
5 3 4 100
1 2 4 100
1 2 4 97
4 5 4 96
2 5 4 96
5 2 4 97
6 2 4 97
3 4 4 97
5 4 4 96
1 3 3 96
4 2 3 97
2 6 4 95
1 4 4 93
2 3 3 93
6 2 2 93
3 2 2 93
4 2 2 94
5 5 2 95
6 2 2 94
7 2 1 94
5 2 2 93
4 2 2 93
3 2 3 96
2 2 3 95
1 2 3 94
4 2 3 93
1 2 4 97
7 5 4 96
6 2 4 96
2 2 4 95
3 3 3 94
4 3 3 95
5 3 3 95
2 3 3 95
5 3 4 89
1 2 3 89
4 2 2 89
5 3 2 90
8 2 1 89
3 6 2 89
4 2 1 89
6 3 2 90
2 5 2 89
6 3 3 88
4 4 2 88
5 2 2 88
2 3 2 87
4 3 3 88
1 2 3 86
6 2 4 89
5 4 3 88
7 2 3 89
6 4 2 88
1 3 3 88
2 2 4 90
6 2 3 90
4 2 2 90
4 3 3 90
5 6 2 90
6 2 2 90
3 7 4 91
1 2 4 86
7 2 4 84
3 2 3 84
5 2 3 85
8 2 3 86
4 2 3 84
2 4 4 84
3 2 3 84
5 2 3 84
5 3 4 84
3 4 4 82
7 4 3 82
6 2 3 83
4 2 3 83
5 2 4 83
6 3 4 80
5 3 3 79
4 2 3 79
3 2 2 78
5 3 4 77
1 2 3 77
3 4 4 77
6 16 4 78
2 4 4 77
3 3 4 77
6 3 4 76
1 9 4 74
2 4 4 73
3 3 4 73
5 4 4 73
6 2 4 74
5 2 4 73
6 2 4 69
5 2 4 66
4 2 4 66
8 2 4 65
3 2 3 65
8 2 3 65
6 2 4 64
2 2 3 64
3 3 4 65
2 2 4 64
6 4 4 61
3 4 4 60
5 3 4 58
6 3 4 56
7 2 4 55
2 4 4 56
1 2 4 56
5 3 4 54
3 3 4 54
1 2 4 53
4 3 4 51
8 3 4 51
5 3 4 44
2 2 4 44
1 3 3 44
5 5 2 44
6 2 1 44
1 2 2 45
7 2 1 44
5 2 1 44
6 3 1 44
6 2 3 43
4 7 2 43
4 3 3 43
5 2 4 45
2 2 4 45
5 4 4 42
3 2 4 40
5 3 3 40
3 2 4 40
6 5 3 40
4 3 4 38
2 3 3 38
5 2 4 39
3 2 4 39
6 5 4 38
5 3 3 38
3 2 3 38
4 2 3 37
2 2 4 39
5 2 4 32
3 2 4 30
6 2 4 31
7 2 4 29
3 2 4 27
6 2 4 25
3 2 4 25
1 2 3 25
2 3 2 25
8 2 4 26
2 2 4 26
6 2 4 20
1 2 3 20
4 3 4 20
5 2 4 21
3 3 4 18
7 2 4 10
4 2 4 9
3 2 4 8
5 4 4 4
6 4 4 5
3 3 3 5
3 3 3 2
5 3 5 98
2 3 5 96
7 2 5 95
6 5 5 89
7 6 5 86
4 4 5 84
6 5 5 85
1 2 5 86
4 2 4 86
3 2 5 86
6 2 5 85
2 2 5 77
6 2 5 78
5 4 5 78
3 4 5 78
4 2 5 78
2 2 5 76
6 2 5 75
4 3 5 73
5 5 5 73
3 4 5 74
8 2 5 68
4 2 5 69
3 2 5 70
2 3 5 71
4 3 5 71
6 2 5 71
5 3 5 69
6 6 5 69
3 2 5 70
2 3 5 70
5 3 4 70
6 2 3 70
1 2 5 67
8 2 5 67
4 2 5 66
3 2 5 66
4 2 5 64
3 3 4 64
4 2 4 65
4 3 5 60
3 9 5 60
2 4 5 58
1 2 5 57
2 3 5 57
3 3 5 58
5 3 5 58
4 3 5 57
3 2 5 55
7 2 5 49
4 2 5 50
3 7 5 49
5 12 5 48
7 2 5 44
3 4 5 43
8 2 5 39
6 3 5 39
4 3 5 38
5 2 4 37
2 6 3 37
3 3 3 37
6 3 2 37
7 3 2 37
4 2 2 38
4 4 3 39
7 2 3 40
7 5 4 38
6 2 3 38
2 2 3 38
4 3 3 38
5 4 3 39
3 2 3 39
5 18 4 37
7 2 4 36
3 2 3 35
4 2 3 36
8 3 2 36
4 2 5 39
7 5 5 39
5 2 5 37
4 3 5 36
2 2 4 36
2 3 5 33
4 2 5 26
5 2 5 23
6 2 5 24
3 2 5 24
7 3 5 18
4 3 5 16
5 2 5 17
6 4 4 17
3 2 5 15
1 2 5 13
4 2 6 96
5 2 6 96
4 2 6 96
3 2 6 97
4 2 6 91
5 4 6 91
6 2 5 91
5 2 5 91
7 3 4 90
4 7 5 91
5 4 6 91
3 4 5 91
2 2 5 91
1 2 5 91
7 2 5 88
1 2 6 92
6 2 5 91
1 2 6 87
5 2 6 86
7 4 6 84
1 2 6 85
2 2 6 86
3 2 5 85
6 2 6 84
5 5 5 84
7 2 4 84
4 3 5 83
1 2 6 85
6 2 6 84
4 2 6 83
7 2 6 81
8 2 6 80
6 2 6 81
5 3 5 80
2 2 6 82
3 7 5 82
2 9 6 81
7 2 6 82
6 5 5 82
8 2 5 82
3 4 6 82
1 2 5 81
2 2 4 81
3 2 5 81
6 5 6 81
6 2 6 76
3 4 6 76
1 2 5 76
2 10 5 76
5 8 5 75
6 3 5 75
5 2 5 75
4 3 6 77
6 3 5 77
7 2 6 77
5 2 5 77
2 2 6 76
2 2 6 72
1 3 5 72
5 2 5 73
7 2 4 73
2 3 4 74
6 2 4 72
5 2 5 73
7 2 5 74
6 2 5 75
3 2 6 75
5 3 6 72
4 2 5 71
6 7 6 71
5 8 6 71
2 6 6 63
3 8 6 64
6 5 6 64
4 2 6 63
6 2 6 62
5 3 6 63
8 3 5 63
4 6 6 63
7 2 6 61
3 2 6 60
4 2 5 60
6 3 5 60
1 3 5 59
4 5 6 57
2 2 6 50
4 7 5 49
5 3 4 49
1 3 4 50
6 2 5 49
7 2 5 49
6 2 5 49
5 3 4 49
2 2 4 49
6 3 4 50
3 2 4 49
4 3 5 49
8 2 4 47
6 2 5 48
7 3 5 48
5 2 6 51
4 8 6 40
5 3 6 39
7 3 6 38
2 2 6 36
4 3 6 35
7 3 5 34
5 2 6 35
3 2 6 36
2 2 6 36
1 2 6 36
7 2 6 27
8 6 6 18
6 3 6 14
7 4 6 9
8 3 5 9
2 3 5 10
6 4 5 10
5 3 5 10
8 5 6 2
3 3 6 1
3 2 7 100
7 2 7 100
5 2 6 100
1 2 6 100
2 2 5 100
6 3 4 100
7 2 3 100
4 2 5 99
8 2 6 99
8 2 7 93
4 2 7 94
4 8 7 91
3 2 7 89
4 3 7 86
3 4 6 85
3 8 7 79
2 2 7 78
5 3 7 76
2 5 7 76
4 2 7 69
1 2 7 68
2 2 7 64
5 2 7 58
6 2 7 57
3 3 7 56
2 3 6 55
4 2 6 55
3 5 7 56
2 2 7 53
3 2 7 50
5 5 7 50
4 6 7 51
3 2 7 50
7 2 7 51
8 3 7 52
4 2 7 50
7 2 7 38
4 4 7 37
2 7 7 36
8 3 7 37
4 2 7 36
6 3 6 36
5 3 6 35
4 2 7 24
5 3 7 22
2 2 7 20
7 4 7 19
3 4 7 20
4 3 6 20
7 4 7 15
4 3 7 16
3 4 7 17
8 8 6 16
2 3 5 16
4 6 7 13
5 3 7 11
3 2 7 10
2 6 7 11
4 2 7 9
7 3 6 9
4 2 6 10
3 2 6 9
2 3 5 9
6 2 6 8
5 3 5 8
8 2 7 8
5 2 6 8
2 4 7 9
7 4 7 3
4 2 8 100
2 2 7 99
3 2 7 100
6 2 7 100
5 6 8 93
3 3 7 93
1 2 7 93
4 7 7 93
8 2 6 92
3 2 7 93
6 3 8 92
2 5 8 91
3 4 8 89
5 2 8 80
4 2 8 81
2 4 7 81
6 4 8 77
4 5 7 77
6 2 8 77
3 2 7 77
7 2 7 78
4 4 8 78
5 2 8 76
4 2 8 73
8 2 8 69
3 2 7 69
8 3 7 70
3 3 7 69
6 3 7 68
4 2 6 68
3 2 6 68
2 2 5 67
5 4 5 67
3 4 6 67
2 2 7 69
5 4 7 69
4 2 7 69
5 2 8 67
6 2 8 68
3 2 8 64
2 2 8 63
1 4 8 63
6 2 7 63
4 2 7 63
2 4 6 63
4 2 8 56
4 2 8 54
5 3 7 54
5 2 8 54
8 3 7 54
4 3 7 55
6 4 6 54
3 2 8 53
2 2 7 53
7 2 8 51
6 3 8 50
5 5 7 49
8 2 8 50
3 4 8 48
5 2 8 49
8 3 8 49
6 2 7 49
2 2 7 49
3 9 8 49
5 3 8 48
4 8 8 49
1 2 8 50
5 2 7 49
2 2 8 50
1 3 8 50
2 3 8 50
6 8 8 48
5 2 8 44
3 2 7 44
4 9 6 44
7 3 7 44
6 4 6 44
3 3 6 44
3 6 8 42
6 3 8 42
5 4 8 43
5 7 8 41
4 2 8 42
1 2 8 42
6 2 8 40
7 2 8 41
4 2 8 41
7 4 8 41
2 2 8 40
5 2 8 41
6 4 8 36
3 2 8 34
5 2 8 35
6 2 8 34
4 2 8 26
7 3 8 20
2 2 8 18
7 3 8 18
2 2 8 15
7 3 8 15
6 2 8 16
1 3 8 15
5 2 8 13
7 2 8 12
6 2 7 12
8 3 7 12
7 2 7 12
5 5 7 11
8 3 7 12
6 3 8 11
8 2 8 11
4 3 8 11
5 2 8 10
3 2 7 10
2 3 8 11
3 2 8 12
1 2 8 13
4 2 8 14
1 2 8 10
7 8 8 3
8 6 8 2
4 2 8 1
5 2 8 2
8 2 8 2
5 6 9 96
2 2 8 96
4 2 8 96
3 2 7 95
1 2 7 96
4 3 9 94
2 3 9 93
3 6 8 93
4 3 9 93
5 3 8 92
1 2 8 92
4 2 7 92
2 2 7 93
7 2 7 93
6 3 6 93
5 2 6 94
6 2 5 94
2 3 4 94
3 3 3 94
4 3 3 94
5 5 3 95
7 2 3 93
5 4 4 93
3 5 6 94
4 3 5 94
1 2 4 94
2 2 5 94
5 3 5 93
7 4 6 95
6 8 5 93
5 4 6 94
3 2 6 92
2 2 6 93
2 5 7 94
4 2 7 94
2 3 7 93
5 3 6 93
8 2 7 94
2 2 6 93
3 5 5 93
2 4 5 93
7 2 6 94
4 3 7 94
1 3 7 95
4 5 7 95
5 2 7 95
8 2 7 92
5 2 8 95
2 4 8 94
5 2 9 95
6 9 9 91
5 3 8 89
4 3 8 89
3 2 9 91
2 3 9 90
6 3 9 89
5 2 8 89
1 2 9 89
3 2 9 90
7 2 8 90
4 2 8 89
3 2 8 89
4 2 9 87
6 2 9 82
5 2 9 78
6 2 8 78
5 4 9 76
3 2 9 67
1 3 9 67
6 5 9 64
4 3 8 64
2 2 8 64
3 2 8 64
2 4 9 66
3 2 9 66
5 2 9 66
6 6 9 66
4 9 8 66
1 2 7 66
4 2 8 66
4 2 9 66
6 3 9 60
4 3 9 59
7 2 9 60
1 2 9 57
2 4 8 57
7 3 7 57
4 2 7 57
5 3 8 59
8 2 8 58
3 2 8 56
4 2 8 56
2 2 7 55
4 2 9 58
8 3 9 56
3 5 9 57
2 4 9 55
6 2 9 53
5 3 8 53
8 2 8 53
7 2 8 53
4 2 7 53
7 2 7 54
5 5 9 50
2 2 8 48
6 6 8 48
8 2 8 48
4 3 9 51
7 2 9 46
3 2 9 46
7 4 9 45
4 3 9 46
5 15 8 46
4 5 8 46
6 2 9 46
6 6 9 42
2 2 9 38
3 2 8 38
5 3 8 38
7 5 9 38
4 3 9 36
3 2 9 35
6 2 9 26
5 2 8 26
3 2 9 26
3 3 9 22
2 3 9 23
4 2 9 21
6 2 9 19
6 3 9 16
5 2 9 16
1 2 9 17
3 3 9 16
7 2 9 15
2 4 9 13
6 3 9 13
3 2 10 98
4 4 10 99
7 2 10 99
6 2 10 97
7 2 10 96
3 3 9 96
5 4 9 96
1 2 9 97
2 2 8 96
4 4 9 97
7 2 9 98
5 2 9 97
2 2 10 98
7 2 10 98
4 2 10 97
5 2 10 97
6 2 10 92
5 2 9 92
3 2 10 92
4 2 10 91
7 2 9 90
5 4 10 91
6 5 10 89
7 2 9 88
4 2 9 89
5 8 8 89
6 4 7 89
5 2 7 89
3 2 8 90
2 2 8 89
8 2 8 89
4 3 8 88
5 4 9 90
4 2 8 90
2 2 8 91
3 2 8 90
6 3 8 89
6 2 9 89
7 2 9 88
8 2 9 87
4 2 9 88
6 4 9 88
5 8 8 88
6 2 8 87
8 4 9 85
5 2 10 82
3 4 9 82
1 2 10 83
6 2 10 81
2 2 10 80
4 2 10 80
1 3 10 79
3 2 9 79
4 4 10 77
2 2 9 77
3 7 8 77
4 2 9 77
5 4 9 77
8 2 10 74
6 8 10 70
5 3 9 70
3 2 10 69
8 2 9 69
2 2 8 69
4 3 10 69
3 4 10 69
4 2 10 69
2 2 10 69
2 3 10 66
7 2 10 67
1 2 10 61
4 2 10 60
2 3 10 60
1 2 10 60
5 2 10 57
4 4 9 57
3 4 10 56
4 4 10 57
3 3 10 51
4 4 10 51
7 8 10 47
4 2 10 42
5 6 9 42
7 3 10 43
4 4 10 39
1 2 10 37
3 2 9 37
4 4 10 36
7 3 10 33
6 2 10 33
4 2 10 33
2 2 10 31
4 2 10 31
6 2 10 31
6 4 10 26
5 3 10 25
6 3 9 24
6 2 10 22
5 2 10 21
6 2 9 21
5 3 8 21
4 2 8 22
6 3 7 21
2 2 6 21
4 2 7 21
3 2 7 21
8 2 7 20
2 4 7 21
5 2 7 19
2 2 6 18
5 2 5 18
1 2 4 18
6 3 3 18
5 2 3 19
7 2 3 20
8 2 3 19
6 3 2 19
5 2 2 20
3 2 3 19
1 4 2 18
4 4 2 19
5 2 2 18
4 4 4 19
2 3 6 18
4 2 6 19
7 2 7 19
2 5 7 19
3 5 6 19
5 13 6 18
4 3 6 19
7 2 8 23
3 4 7 23
8 4 6 23
1 2 5 23
7 2 5 23
4 2 5 22
7 2 8 17
8 2 7 16
4 2 7 16
5 2 6 16
2 3 7 16
4 2 6 16
6 10 7 16
5 2 7 16
4 3 7 16
2 3 6 16
4 2 6 16
5 2 6 16
4 2 6 16
3 3 8 18
4 4 8 19
3 2 8 19
2 2 8 19
3 2 8 16
4 2 7 16
3 4 6 16
4 2 6 16
7 2 8 15
3 3 8 15
2 2 8 16
6 4 8 16
4 4 7 16
3 2 6 16
4 2 6 16
3 2 6 16
8 2 7 16
6 2 8 16
7 6 8 17
1 2 7 17
3 3 7 16
5 2 7 17
4 2 7 18
3 2 7 17
7 2 7 17
2 3 8 18
3 2 8 19
7 2 8 19
3 3 8 19
8 4 8 15
2 2 7 14
8 3 8 14
7 2 7 14
6 2 8 15
7 3 8 15
5 2 9 16
3 2 9 13
6 2 9 14
2 2 10 24
2 2 10 18
3 2 10 19
5 7 10 18
6 4 10 18
5 2 10 18
2 2 10 18
3 2 9 17
4 2 9 18
6 2 10 15
8 2 10 13
5 4 10 11
3 3 10 10
5 2 10 9
2 5 10 7
6 3 11 99
4 5 11 99
8 2 11 99
3 6 11 97
3 4 11 92
2 5 11 85
5 2 11 85
6 4 11 81
7 5 10 81
6 2 10 81
5 2 10 81
1 2 10 81
5 2 11 79
3 3 11 79
1 2 10 79
3 4 11 72
4 2 10 72
5 3 10 72
1 2 9 72
5 3 8 72
4 2 11 73
3 6 11 74
4 7 11 74
6 2 11 75
5 3 11 76
3 3 11 75
4 2 11 75
2 2 11 74
7 2 10 74
6 2 10 74
6 5 11 72
3 2 11 62
1 5 11 62
5 2 11 58
4 7 11 58
3 10 11 58
6 2 10 57
4 2 10 57
5 2 10 57
8 2 9 57
5 2 9 58
7 2 9 59
8 2 9 60
2 2 9 59
5 3 10 57
2 3 10 56
1 4 9 56
3 2 9 56
4 6 8 55
2 3 9 55
7 2 10 57
6 2 9 57
3 3 10 58
4 10 9 57
7 2 9 57
3 3 10 59
4 8 9 57
2 2 8 57
3 3 8 58
2 3 10 58
5 2 10 55
3 4 11 49
4 3 11 45
5 2 11 41
6 6 11 42
8 2 10 40
7 3 11 43
8 4 11 42
4 5 11 41
7 2 11 42
5 3 11 42
8 5 11 41
1 3 10 41
7 2 10 41
4 6 11 33
8 2 11 32
4 3 11 29
5 3 11 29
1 2 10 27
2 3 11 26
7 2 10 26
4 2 11 27
3 4 10 27
4 2 10 25
3 2 11 27
7 3 11 26
8 2 11 25
2 4 11 26
3 6 11 26
6 2 11 27
1 3 11 24
6 3 11 24
2 2 11 23
7 5 10 22
1 2 9 22
1 4 11 24
4 4 11 20
7 2 10 18
4 2 10 18
5 3 11 9
5 2 11 6
2 3 11 3
6 5 10 3
2 2 10 4
5 4 9 3
5 5 10 3
7 3 11 3
6 4 10 3
8 2 9 3
4 2 11 4
6 2 11 5
3 3 10 4
7 2 10 5
6 3 11 5
2 3 11 6
7 2 11 6
7 7 11 4
6 4 10 3
2 2 11 4
2 2 11 1
6 2 12 99
2 2 12 95
7 2 12 95
6 4 12 91
7 2 12 92
5 3 11 91
1 2 12 92
5 2 12 88
7 2 12 87
1 3 12 86
7 2 12 86
3 2 12 87
4 8 12 86
5 2 12 86
6 9 11 86
2 4 11 87
7 3 10 86
3 3 10 87
2 2 10 88
4 2 9 87
3 2 9 88
5 2 8 87
1 2 10 88
6 8 10 87
4 2 10 87
5 2 10 87
7 2 10 87
6 2 10 87
8 2 10 88
5 3 10 87
4 6 10 88
6 5 9 88
3 2 9 88
3 2 10 86
6 7 12 87
4 7 12 83
5 2 12 83
2 2 12 80
3 2 12 81
4 3 12 80
2 2 12 76
3 7 12 76
4 2 12 74
4 2 12 72
7 2 12 71
4 3 12 68
7 2 12 65
2 3 11 65
3 2 10 65
1 4 12 62
5 2 12 62
2 2 12 62
7 3 11 62
6 11 11 62
4 2 11 63
3 3 12 63
8 2 12 60
7 4 11 60
2 5 11 61
5 2 11 60
4 3 12 63
3 6 11 62
6 3 12 63
8 2 11 63
2 2 12 63
4 4 12 58
8 2 12 57
5 4 12 57
7 2 12 58
5 3 12 59
4 16 12 57
6 2 12 58
3 3 12 55
4 5 12 54
2 2 12 55
5 5 12 55
8 2 12 52
2 4 12 47
5 2 12 48
4 2 12 48
6 3 12 46
5 2 12 46
3 3 12 46
2 4 12 44
3 3 11 44
5 4 12 44
6 2 12 41
1 2 12 40
4 9 12 33
5 4 12 31
7 2 12 32
8 2 12 32
6 2 11 31
7 7 10 31
1 2 12 28
2 2 11 28
2 3 12 28
3 3 11 28
5 2 12 29
4 4 12 27
3 3 12 27
2 3 12 24
6 2 12 23
3 2 11 22
2 2 11 23
6 3 12 18
5 5 11 17
5 2 12 15
4 4 12 15
2 2 11 14
7 4 12 13
6 4 11 12
5 2 11 12
4 3 11 12
6 2 11 11
2 2 10 10
3 2 10 10
8 2 9 10
4 3 10 10
5 2 11 11
2 2 10 10
6 3 9 10
4 2 9 11
7 2 9 11
1 2 9 10
3 2 12 14
1 2 12 11
2 3 11 11
2 3 12 9
8 2 11 9
5 3 12 6
4 2 12 5
5 2 12 3
6 2 12 2
8 4 12 1
6 5 13 99
4 3 13 98
5 5 13 99
6 4 13 98
3 6 13 99
4 5 13 100
4 3 13 91
5 4 12 91
3 3 12 90
6 2 13 90
6 4 13 79
5 4 12 79
5 4 13 79
7 2 13 80
3 3 13 78
6 2 13 78
7 4 12 78
5 2 13 79
5 4 13 75
7 2 12 74
3 3 12 74
1 3 11 74
5 2 11 75
6 5 12 74
5 2 12 74
4 6 11 74
5 9 11 74
6 2 11 75
4 5 11 74
5 2 12 75
6 6 12 74
8 2 12 73
7 2 11 73
5 4 10 73
2 2 10 73
5 2 13 75
4 3 13 75
8 2 13 74
5 2 13 73
5 4 13 63
3 3 12 62
6 3 12 62
4 4 12 60
3 2 12 60
4 5 12 60
4 2 13 60
8 3 13 61
2 5 13 61
3 4 13 61
5 2 12 60
5 4 13 52
8 3 13 52
7 8 13 50
2 2 13 47
4 2 13 47
1 2 13 48
3 4 13 47
3 2 13 45
5 2 13 44
1 2 13 38
7 2 13 37
6 3 13 37
7 2 13 35
7 12 13 32
5 3 13 30
2 2 13 29
4 4 12 29
2 3 12 29
3 5 12 29
6 4 11 29
4 4 11 29
8 2 10 28
5 3 10 28
2 3 13 29
6 2 13 28
3 3 13 24
4 2 13 24
5 4 13 19
2 3 13 20
4 4 13 19
3 3 12 19
7 4 13 7
7 2 13 5
6 8 13 4
2 4 12 4
7 5 11 4
1 2 13 2
5 2 13 3
8 6 13 2
7 5 13 2
6 2 13 3
1 2 13 2
6 4 13 2
3 2 12 2
3 2 14 100
2 3 14 97
5 7 14 91
2 2 13 91
5 2 13 91
4 3 13 91
3 2 14 85
5 2 14 79
4 2 14 79
3 3 14 80
7 2 14 80
6 6 14 81
2 2 13 81
4 3 14 81
7 2 14 80
6 2 14 81
5 6 13 81
2 3 14 78
6 3 14 76
1 2 14 69
6 3 14 69
6 10 14 66
6 8 14 62
5 9 13 62
4 2 13 62
3 2 13 61
3 2 14 59
5 3 14 59
2 2 14 59
4 3 14 60
3 4 14 59
2 2 13 58
4 3 14 58
2 3 14 56
3 3 13 55
4 2 13 55
6 6 13 54
7 2 13 56
5 3 13 55
3 4 13 53
6 2 12 53
3 2 12 54
2 5 12 55
3 4 12 55
6 2 12 55
3 2 12 55
1 2 12 56
4 7 11 55
2 2 12 56
3 3 11 56
1 2 11 57
4 3 12 55
1 2 13 55
3 2 12 55
6 3 13 54
5 4 12 54
3 4 12 54
2 2 12 54
4 2 12 54
8 2 13 55
1 3 13 53
2 5 13 53
5 2 14 56
6 2 13 56
3 3 13 56
4 2 13 56
5 3 12 56
5 2 14 56
3 2 14 56
8 2 13 56
2 3 14 55
4 2 14 56
6 5 14 54
1 2 14 55
3 4 14 54
7 2 14 54
5 2 13 54
5 3 14 51
4 6 14 46
6 2 14 44
4 3 13 44
7 3 13 43
1 2 12 43
8 2 13 43
7 3 14 43
5 2 13 43
3 3 14 43
4 2 13 42
5 2 12 42
6 2 13 42
7 3 12 42
5 5 13 41
4 8 12 41
7 3 13 40
7 2 14 38
4 4 14 36
5 4 13 36
7 3 13 36
4 5 13 37
6 3 13 37
3 2 13 36
7 2 14 37
2 3 14 35
8 2 14 33
4 3 14 32
3 2 14 31
2 4 14 28
3 2 14 27
6 4 14 26
7 3 14 27
7 4 14 19
8 3 13 18
7 2 12 18
3 2 14 20
4 2 14 21
7 2 14 19
3 5 14 18
3 2 14 13
7 2 14 14
6 5 14 11
5 4 13 10
4 3 13 11
5 2 13 12
3 6 13 11
4 4 13 11
2 2 13 10
6 2 12 10
2 2 12 11
7 2 12 10
5 4 11 10
7 2 11 10
6 7 12 12
7 7 12 11
4 3 12 9
1 2 13 9
2 2 12 9
4 2 14 12
5 2 13 11
4 2 13 11
2 6 14 8
5 4 13 7
8 3 14 8
3 3 13 8
1 3 14 8
6 2 13 6
2 3 14 8
5 5 14 7
3 2 14 7
6 3 14 4
7 2 14 5
3 2 14 5
2 2 14 3
4 2 13 3
7 4 15 98
2 3 15 95
4 2 15 92
2 3 14 91
4 5 15 81
3 2 14 79
2 2 13 79
6 2 12 79
5 2 12 79
4 5 12 79
1 2 15 81
3 4 15 80
5 3 15 80
4 2 15 80
4 2 15 78
6 2 15 76
4 2 15 76
5 2 14 76
4 4 15 70
3 2 15 71
8 2 14 70
6 3 15 70
7 2 15 69
2 6 15 68
4 2 15 66
5 2 14 65
3 2 13 65
3 2 15 67
7 4 14 66
2 3 15 67
2 2 15 65
3 4 15 65
5 3 15 62
6 18 15 62
6 3 15 60
8 2 15 60
5 10 15 59
3 2 15 51
8 2 15 40
5 3 15 40
3 3 15 39
5 3 15 37
4 3 15 36
6 3 15 34
3 2 14 34
5 2 15 33
5 4 15 27
3 2 15 25
1 2 15 23
7 2 15 22
5 2 15 22
1 2 15 21
6 2 15 20
5 2 14 20
2 2 14 21
8 3 13 20
5 6 15 20
4 2 15 20
3 2 15 4
1 2 14 4
8 4 14 4
6 2 15 5
7 2 14 5
2 2 14 5
3 2 14 5
8 3 14 5
6 5 14 6
7 2 14 6
2 3 13 6
4 3 13 7
1 2 12 5
4 3 12 5
5 3 13 8
7 2 13 6
5 6 13 5
4 2 13 4
6 2 14 7
4 2 13 7
2 8 13 7
7 2 13 8
6 3 12 7
7 3 12 7
3 2 15 9
4 4 14 8
5 4 14 9
7 3 14 8
5 5 15 9
8 2 15 6
7 3 14 6
6 9 14 6
7 3 14 5
6 9 13 4
7 2 14 5
3 3 14 5
2 2 13 5
3 2 13 6
5 3 13 7
6 3 12 5
8 3 12 6
2 2 11 6
6 3 12 7
3 3 16 98
4 6 16 98
1 2 16 97
4 6 16 95
3 6 15 95
6 2 15 94
2 2 16 95
5 4 16 84
7 2 16 82
5 3 16 76
7 7 16 75
2 3 16 76
3 2 16 76
6 3 16 77
1 2 16 75
8 4 16 75
4 2 16 75
5 3 16 76
4 2 16 77
4 4 16 72
6 3 16 66
7 6 16 62
4 3 16 61
6 2 16 59
7 2 15 58
4 2 15 58
3 4 15 59
1 3 14 59
4 2 15 59
3 4 16 60
4 6 16 60
5 2 16 61
4 2 16 46
5 3 16 37
2 2 16 36
4 14 16 33
3 19 15 30
6 4 16 33
2 2 16 34
8 4 16 31
6 2 16 31
5 3 16 31
4 4 15 30
7 2 15 32
3 5 15 30
5 2 16 33
6 18 16 26
4 3 16 20
3 2 16 21
4 2 16 17
6 3 16 15
5 2 16 14
3 3 16 11
7 3 16 9
2 3 16 2
5 2 16 3
7 4 15 2
6 4 15 2
3 2 14 2
6 2 14 2
7 2 14 2
3 3 16 3
2 2 17 98
3 6 17 92
4 2 17 92
3 2 17 92
4 5 17 85
2 2 17 86
3 3 17 87
2 2 16 87
3 2 15 87
4 2 14 87
5 4 15 87
6 2 17 86
4 4 16 86
4 2 17 80
7 3 17 79
4 3 17 77
5 2 17 75
1 3 17 74
7 3 17 65
8 2 17 66
7 4 16 66
4 2 15 66
5 2 17 68
3 2 16 68
5 3 17 68
6 2 17 65
5 2 17 65
4 5 16 64
2 5 16 63
3 2 17 66
5 3 17 66
6 3 17 65
7 2 17 64
4 2 17 54
2 3 17 53
2 3 17 50
6 3 17 47
5 3 17 48
3 2 16 47
2 3 16 48
6 5 15 47
5 2 15 48
4 2 15 48
3 5 14 47
4 2 15 46
5 2 15 46
7 3 16 47
8 2 15 45
7 2 17 43
6 2 16 43
4 2 17 43
2 2 17 42
7 2 17 42
5 3 17 41
6 2 17 41
7 2 17 39
3 5 17 34
4 5 17 34
1 2 17 35
6 3 17 30
7 3 17 28
5 3 16 27
4 2 15 27
4 2 17 28
7 2 17 24
1 3 17 22
5 4 17 21
6 3 16 21
5 3 17 15
4 3 16 14
4 4 17 12
3 2 17 11
1 2 17 5
4 3 17 5
6 2 17 5
3 3 18 98
4 2 18 98
6 2 17 98
4 3 18 98
1 2 18 85
2 2 17 85
5 3 18 83
8 2 18 84
4 6 18 84
4 3 18 78
7 5 18 78
6 2 18 78
5 2 18 79
4 2 18 78
6 5 18 75
3 2 18 74
5 9 17 74
4 2 18 73
5 2 18 71
6 2 17 71
7 2 17 72
3 2 17 73
2 2 16 72
6 2 17 72
7 2 17 72
3 2 17 70
6 2 18 73
3 2 18 73
4 3 18 72
5 5 18 72
3 2 18 71
2 7 18 70
6 4 18 69
5 4 18 70
4 2 17 69
3 2 17 69
3 3 18 70
5 3 18 70
6 6 18 71
4 3 18 67
3 3 18 66
2 2 17 66
6 3 17 67
5 2 17 65
3 3 18 66
3 2 18 59
6 4 18 53
4 2 18 52
3 2 18 42
4 2 17 42
6 3 17 42
5 5 17 43
3 5 17 43
3 2 18 40
2 3 17 40
3 8 17 41
6 6 17 39
4 2 17 39
7 5 17 39
5 3 17 39
4 2 18 42
4 2 18 39
2 3 17 38
3 2 17 38
4 2 17 38
5 2 17 37
2 2 18 32
3 3 17 32
4 2 16 32
7 2 18 33
5 3 17 33
6 3 17 33
3 2 16 33
3 3 18 34
1 2 18 35
7 2 18 33
5 2 17 33
4 4 18 32
2 4 18 30
3 2 17 30
7 3 18 30
6 3 18 31
2 3 17 31
4 3 17 31
5 2 18 25
4 2 18 24
3 4 18 22
8 3 18 22
3 4 17 21
6 2 18 23
7 7 18 23
8 2 17 23
3 3 17 23
5 2 18 14
4 2 17 14
6 2 17 14
4 4 18 14
6 2 18 14
5 2 18 12
3 2 18 11
5 2 18 11
6 3 18 11
1 3 18 12
2 2 18 13
2 2 18 8
8 2 18 8
5 3 18 3
4 3 19 100
6 3 19 100
3 2 19 98
1 2 19 85
5 2 19 83
5 8 19 80
6 2 19 79
7 2 19 72
8 2 18 72
1 2 18 72
6 3 17 72
5 2 17 72
3 2 16 71
2 2 19 72
6 2 19 72
5 2 19 66
4 3 18 66
3 3 18 66
3 3 19 47
6 7 19 45
4 4 19 46
3 2 18 45
5 5 19 46
4 5 19 32
7 2 19 32
6 3 19 28
3 2 19 27
7 2 19 5
2 5 20 92
5 3 20 80
4 2 20 76
5 2 20 76
2 2 19 76
4 3 20 67
6 2 20 61
7 6 20 61
2 3 20 63
8 3 19 63
4 3 20 60
3 2 20 60
6 3 20 50
7 2 20 50
6 2 20 50
2 2 20 50
4 3 20 51
5 3 20 51
2 2 20 42
2 3 20 37
6 3 20 36
2 2 20 33
3 2 20 30
6 2 20 26
2 3 20 27
1 2 19 27
6 2 19 27
4 3 20 21
3 5 20 6
7 3 20 6
8 5 19 6
7 2 18 6
6 2 18 7
5 2 17 7
4 4 16 7
7 3 18 6
7 12 20 6
6 2 20 6
6 3 20 1
7 2 20 1
6 2 20 1
6 4 21 100
4 2 21 99
5 3 21 97
3 2 21 95
6 3 21 85
5 4 21 83
3 3 21 82
3 3 21 72
4 2 20 72
3 2 20 72
5 2 19 72
6 4 20 71
2 2 21 71
3 2 20 71
5 4 20 72
6 2 20 71
7 2 21 71
8 2 20 71
6 8 20 71
7 2 19 71
4 2 21 65
3 3 21 65
2 2 21 54
4 6 21 52
5 2 21 54
3 2 21 53
6 5 20 52
1 3 21 52
7 2 21 53
2 9 20 52
4 3 19 52
6 2 19 53
3 2 20 54
6 2 20 52
3 5 21 52
4 2 21 53
4 3 21 50
4 2 21 47
5 2 21 41
4 2 21 41
5 2 21 41
5 2 21 37
4 2 21 34
3 2 21 34
5 6 21 33
4 4 21 33
3 2 21 30
2 3 21 31
8 2 20 31
3 3 21 31
2 2 21 31
4 2 21 27
6 2 21 24
4 2 21 24
3 4 20 24
6 2 21 21
3 5 21 14
7 3 20 14
3 5 20 15
4 2 20 14
2 2 21 14
5 2 21 14
7 3 21 4
4 2 22 99
7 2 22 98
3 2 22 98
2 2 22 98
3 4 22 84
5 2 22 84
3 2 22 71
5 5 22 70
7 2 21 70
8 3 21 70
4 2 21 71
6 4 22 70
5 2 22 70
7 4 22 64
6 3 21 64
5 4 20 64
6 2 19 64
4 3 22 64
3 2 22 62
2 2 22 61
7 2 22 59
1 2 22 52
7 8 22 52
6 2 22 52
5 3 22 52
5 2 22 39
1 3 22 34
5 5 22 34
7 3 22 33
4 2 22 31
7 3 22 31
6 4 21 29
4 3 21 30
3 9 21 30
5 4 21 31
6 2 21 31
7 2 21 31
4 2 21 29
1 2 22 31
6 2 22 30
5 3 21 29
7 2 22 27
6 3 22 27
5 4 21 27
4 2 22 15
6 2 21 15
5 2 22 12
8 2 22 9
7 2 21 9
4 3 23 99
3 3 23 99
5 3 22 99
7 2 22 99
6 4 21 99
8 2 23 99
1 2 23 83
5 2 23 83
4 2 22 83
3 4 22 83
4 3 22 83
2 2 23 81
6 3 23 79
3 2 23 78
2 2 23 70
6 4 23 68
5 2 23 64
8 2 23 46
7 2 23 36
6 3 22 36
5 3 23 33
2 11 22 31
7 3 23 33
6 6 22 32
2 2 22 32
8 2 22 33
4 5 23 30
3 2 23 29
3 5 23 27
7 2 23 26
6 4 23 25
7 3 23 24
3 2 23 22
4 2 22 22
5 5 21 22
4 2 21 23
3 2 23 15
4 2 22 15
3 4 21 15
2 3 20 15
6 4 21 15
7 2 23 15
6 3 24 82
2 2 24 83
4 2 23 83
3 2 22 83
5 3 23 82
2 2 24 83
4 3 23 82
3 3 24 81
4 2 24 68
5 2 23 68
6 2 24 64
6 2 24 59
6 2 24 46
6 2 24 43
6 3 24 36
5 4 24 36
6 2 24 36
3 3 24 32
6 2 24 27
8 2 24 28
5 2 23 28
6 2 23 28
4 4 22 28
7 5 23 27
3 7 24 26
2 3 24 26
4 2 24 22
3 2 24 17
2 2 25 83
7 2 24 83
3 4 23 83
6 3 25 51
7 3 24 51
3 3 25 47
4 2 25 46
2 2 25 46
5 6 25 45
3 2 25 43
2 2 25 41
3 6 25 25
6 3 24 25
7 3 24 26
8 2 24 24
3 2 24 24
6 3 23 24
7 2 24 23
2 2 23 23
6 3 24 22
7 5 25 25
4 3 25 25
3 5 24 24
1 3 24 24
5 3 23 24
3 2 24 23
2 6 25 22
4 3 24 22
3 3 23 22
4 2 23 23
3 13 23 22
8 2 23 23
4 5 23 23
1 2 22 23
2 4 21 23
5 3 21 23
3 5 21 22
2 3 21 21
4 4 22 24
1 2 21 23
2 3 23 22
5 2 23 21
1 2 23 22
4 2 22 21
5 2 25 21
5 2 25 17
1 2 25 12
3 2 25 9
7 3 26 100
5 3 26 95
5 2 26 82
7 4 26 81
5 3 26 63
6 2 25 63
2 3 26 59
1 3 26 52
5 7 26 52
4 2 26 45
5 7 26 45
6 2 26 35
6 2 26 25
5 3 25 25
5 2 26 15
3 2 26 15
4 2 26 15
4 2 26 13
2 3 26 14
4 5 26 13
5 7 25 13
4 2 25 14
3 2 26 13
6 3 25 12
7 2 27 100
6 2 27 80
7 4 27 79
4 2 27 67
6 2 27 52
7 4 27 52
3 2 27 46
3 5 27 26
8 2 27 26
6 3 27 14
4 2 27 12
2 2 27 9
8 2 27 7
8 2 27 1
7 4 27 1
5 2 28 100
3 2 28 99
3 2 28 82
7 2 28 78
3 3 28 67
5 4 28 68
2 2 28 68
4 3 28 68
3 3 28 67
5 2 28 67
4 2 28 67
6 2 27 67
6 9 28 34
4 2 28 33
6 2 28 26
3 4 28 25
4 2 28 17
5 2 27 17
6 2 26 17
4 2 26 17
5 3 28 17
4 3 28 14
5 4 27 14
8 2 26 14
4 7 29 99
5 2 29 100
3 2 29 100
2 7 29 53
3 3 28 53
4 2 29 52
6 3 29 51
3 2 29 52
4 3 29 51
8 3 28 51
3 2 29 21
7 3 29 4
5 2 30 51
2 3 30 39
4 2 30 36
5 2 30 34
6 4 30 25
8 3 30 17
7 2 29 17
3 4 31 82
3 3 31 35
4 2 31 34
2 3 31 13
5 2 31 12
6 2 31 7
7 2 31 7
3 2 32 35
2 2 31 35
7 2 32 35
5 2 31 34
6 4 31 35
3 2 32 13
4 2 32 13
6 2 32 13
5 3 33 100
6 2 33 100
2 2 33 100
6 2 34 34
4 2 34 13
6 2 34 7
4 2 34 1
2 2 34 1
4 2 41 100
6 2 42 1
2 3 45 1
