34608
2560
2 5 1 98
3 3 1 99
2 13 1 99
1 2 1 97
8 2 1 98
3 12 1 98
1 5 1 99
2 5 1 99
1 3 1 99
3 4 1 99
8 2 1 100
1 3 1 100
2 3 1 100
3 2 1 100
1 3 1 100
3 2 1 100
8 2 1 99
3 3 1 95
8 3 1 95
4 2 1 96
8 3 1 96
1 5 1 96
3 3 1 93
1 4 1 94
8 3 1 93
1 13 1 92
8 6 1 91
2 8 1 89
8 2 1 89
3 3 1 89
2 7 1 87
3 12 1 87
4 2 1 88
8 2 1 89
3 3 1 88
8 3 1 87
2 5 1 86
3 5 1 86
8 3 1 83
1 9 1 83
8 11 1 81
2 4 1 81
1 18 1 81
2 2 1 80
3 12 1 80
8 5 1 79
2 5 1 80
8 3 1 78
1 5 1 79
2 2 1 79
3 3 1 80
2 2 1 80
1 4 1 80
2 2 1 80
8 3 1 81
1 2 1 80
2 5 1 79
1 5 1 79
8 3 1 79
1 3 1 79
4 3 1 79
2 2 1 78
2 4 1 76
8 9 1 76
1 3 1 76
8 4 1 76
3 8 1 76
2 2 1 75
1 3 1 75
7 9 1 75
2 4 1 74
8 8 1 72
1 4 1 72
7 4 1 73
8 4 1 73
6 2 1 74
8 2 1 73
1 20 1 72
7 2 1 73
2 2 1 73
8 8 1 72
7 6 1 69
2 10 1 70
8 14 1 70
1 12 1 70
4 2 1 71
7 2 1 72
6 2 1 71
5 3 1 70
7 27 1 69
2 2 1 69
7 3 1 69
8 2 1 69
7 2 1 69
1 2 1 69
5 2 1 69
3 2 1 70
8 3 1 65
2 25 1 65
1 2 1 64
7 4 1 65
3 2 1 66
7 2 1 66
8 4 1 63
1 8 1 64
2 4 1 64
7 9 1 63
7 2 1 61
8 6 1 59
1 9 1 58
8 21 1 53
1 7 1 54
7 2 1 54
8 4 1 54
1 26 1 52
2 5 1 51
8 2 1 52
7 4 1 52
2 3 1 52
7 2 1 52
5 2 1 53
1 3 1 53
2 2 1 52
6 3 1 51
7 5 1 49
6 4 1 49
8 13 1 47
6 5 1 47
7 3 1 46
7 2 1 41
6 4 1 42
1 2 1 41
8 6 1 38
7 12 1 38
6 2 1 36
8 2 1 35
1 4 1 36
8 5 1 35
7 5 1 36
1 4 1 35
8 3 1 36
6 16 1 36
6 5 1 32
8 2 1 30
1 6 1 29
8 3 1 29
1 2 1 28
7 7 1 28
8 3 1 28
1 5 1 27
7 2 1 28
1 2 1 27
6 3 1 27
8 2 1 25
7 9 1 24
5 3 1 22
8 8 1 22
5 3 1 22
8 4 1 22
7 4 1 22
6 2 1 20
7 3 1 20
5 7 1 19
8 13 1 20
5 2 1 21
6 2 1 21
5 2 1 21
7 2 1 20
7 5 1 17
5 3 1 17
6 6 1 17
5 14 1 16
6 2 1 13
7 10 1 12
5 2 1 13
8 2 1 14
5 2 1 13
8 4 1 13
6 3 1 10
7 2 1 10
5 3 1 9
8 3 1 9
2 2 1 10
7 4 1 8
6 2 1 9
6 3 1 6
5 4 1 6
8 2 1 7
6 4 1 7
7 6 1 5
5 5 1 6
7 2 1 6
5 3 1 6
6 2 1 6
7 2 1 6
8 2 1 5
6 12 1 4
7 2 1 4
8 3 1 4
6 4 1 4
4 2 1 4
2 5 2 100
1 3 2 98
3 5 2 97
8 12 2 95
2 13 2 95
8 14 2 91
4 2 2 87
3 3 2 87
8 2 2 87
2 3 1 86
5 2 1 87
3 10 1 87
1 2 1 88
2 2 1 89
7 2 1 90
3 2 1 91
8 2 1 88
1 7 1 89
3 2 1 89
2 4 1 90
1 3 1 88
7 3 1 87
2 2 2 91
8 6 2 91
3 2 2 92
1 2 2 88
4 2 2 86
7 3 2 86
4 3 2 86
8 6 2 85
2 9 2 85
5 2 1 84
3 13 1 84
1 2 1 85
2 3 1 85
1 2 1 85
1 2 2 85
6 2 2 85
4 2 1 85
4 4 2 85
5 2 2 85
7 3 1 85
8 2 2 82
5 2 2 82
6 3 2 79
2 2 2 78
7 2 2 75
8 3 2 75
5 3 2 76
6 2 2 76
7 2 2 75
4 5 2 76
3 2 1 75
4 3 1 75
3 2 1 75
5 3 1 75
4 3 1 75
2 4 1 74
1 3 2 74
7 6 2 74
4 4 2 72
1 2 2 68
7 7 2 68
1 7 2 65
2 4 2 65
8 2 2 66
1 3 2 65
2 2 2 65
7 3 2 66
8 2 2 66
2 4 1 66
1 2 2 68
6 2 1 68
7 2 1 68
2 3 2 68
6 2 2 65
4 3 1 65
5 2 1 65
3 4 1 66
5 3 2 65
6 4 1 65
5 3 1 65
4 2 1 65
3 3 2 64
1 3 2 63
2 2 2 64
8 4 2 63
2 3 2 63
1 3 2 62
2 5 2 59
7 5 1 59
2 2 1 59
8 2 1 58
8 2 2 60
2 18 2 59
7 8 1 59
2 4 1 59
7 2 1 59
1 2 2 58
7 4 2 58
7 4 2 56
8 13 2 57
7 3 2 53
6 2 2 52
3 2 2 52
6 2 2 52
2 5 2 51
1 3 2 50
7 3 2 49
1 2 2 48
6 21 2 49
1 16 1 49
3 2 1 50
7 4 1 43
8 4 2 49
6 2 2 49
1 6 2 49
7 3 2 46
6 16 1 46
5 2 1 45
7 2 2 48
5 2 2 48
4 17 2 48
2 10 2 47
5 2 2 47
8 4 2 44
6 5 2 45
1 5 1 45
7 4 2 45
2 2 1 44
8 2 2 46
4 2 2 46
2 2 2 47
5 2 2 46
7 6 2 45
8 5 2 43
1 3 2 40
7 9 2 40
1 3 2 40
8 2 2 41
6 4 2 39
7 8 2 36
1 3 2 34
8 6 2 34
6 2 2 35
7 4 2 35
3 6 1 35
4 3 1 35
4 2 2 35
5 3 2 36
8 6 2 36
1 2 2 34
7 15 2 33
6 3 2 33
8 9 2 34
6 5 2 33
7 6 2 34
4 9 2 35
2 2 1 35
2 2 2 35
5 3 2 35
3 2 2 34
6 2 2 30
3 2 2 30
7 3 2 28
8 9 1 28
7 2 2 30
1 6 2 30
8 9 2 30
1 5 1 28
6 9 2 30
7 3 2 30
4 2 1 30
5 2 2 24
8 2 2 24
6 5 1 24
7 3 2 23
5 2 2 22
6 9 2 23
8 10 1 22
6 2 1 22
7 5 2 21
6 3 2 16
8 11 2 16
5 5 2 12
6 2 2 9
7 3 2 9
8 4 1 9
8 3 2 9
5 4 2 8
5 2 2 6
7 9 2 6
3 2 2 7
4 3 1 6
1 3 1 7
8 4 1 7
7 2 1 8
6 3 1 8
3 2 1 6
2 2 1 5
1 2 1 6
4 3 1 7
1 2 1 6
5 4 1 5
6 3 1 5
3 2 1 5
4 3 1 6
8 6 2 9
6 8 2 9
5 4 1 7
8 2 1 8
6 2 1 8
7 2 2 9
5 6 2 9
8 4 1 8
7 3 1 7
3 2 2 8
3 3 2 6
1 2 1 6
4 3 1 6
3 4 1 7
4 2 1 6
5 5 1 7
2 4 1 7
4 2 1 8
3 2 1 7
1 5 1 5
8 2 1 4
2 3 2 9
4 2 2 9
7 3 2 9
3 6 2 7
7 2 2 4
4 2 2 4
7 2 2 1
5 2 2 2
8 2 1 2
7 2 1 3
6 3 1 4
3 2 1 5
3 7 2 4
1 3 1 4
4 3 2 5
6 8 2 3
8 4 1 3
8 3 3 98
6 5 3 98
5 2 3 98
4 2 3 98
1 3 2 97
4 2 3 97
3 7 2 97
2 4 3 97
6 3 2 97
5 3 2 97
6 2 2 97
4 3 2 97
6 2 3 97
3 2 3 96
1 2 2 96
2 3 3 95
6 2 3 96
5 4 3 96
6 2 3 96
4 2 3 96
3 2 3 94
6 2 3 94
2 4 3 94
3 6 3 94
5 2 3 95
8 3 3 92
1 4 2 92
3 3 3 91
2 2 3 91
8 3 3 90
1 6 2 90
4 2 2 89
3 3 2 90
8 3 1 90
1 2 1 91
4 2 1 92
3 2 1 93
6 10 1 91
8 2 1 90
5 2 1 89
6 2 1 89
4 4 2 91
7 9 1 91
1 3 1 92
8 2 1 93
5 3 1 92
6 3 1 92
7 7 1 91
4 3 1 92
5 4 1 92
7 2 1 93
3 2 1 93
1 2 1 93
6 10 1 94
4 10 1 94
5 16 1 93
7 2 1 93
4 2 1 93
5 2 1 91
4 3 2 93
8 2 2 91
7 5 2 90
4 2 1 90
7 3 3 96
6 2 3 96
4 2 3 95
6 3 3 95
7 6 3 94
5 4 3 94
4 3 3 95
7 3 3 94
5 3 3 94
6 11 2 94
3 2 3 92
8 4 3 93
2 5 2 92
7 3 3 93
3 2 2 93
8 8 3 94
3 2 3 94
8 2 3 94
3 2 3 94
2 6 3 94
3 2 3 94
4 2 3 93
1 2 3 91
2 2 3 92
3 4 2 91
2 2 1 91
3 3 1 91
3 9 2 91
2 3 2 91
8 3 3 93
1 2 3 92
7 2 3 91
6 5 2 91
8 3 3 92
5 10 3 92
6 4 3 92
4 8 3 89
7 2 3 89
5 6 2 89
6 2 1 89
3 9 2 89
2 4 1 89
2 4 2 89
6 3 2 89
2 2 2 89
7 3 2 88
4 2 1 87
5 4 2 88
7 2 2 88
2 5 3 83
3 3 3 84
1 2 2 84
4 3 2 84
6 4 2 85
7 3 2 85
2 2 1 84
4 3 1 84
6 2 1 83
5 2 2 86
4 6 2 85
1 2 2 83
2 2 1 83
7 2 3 79
2 2 3 78
8 2 2 77
6 3 2 77
7 3 1 77
8 3 1 78
4 6 1 77
5 3 2 78
7 5 2 76
4 6 3 77
6 6 2 77
4 2 2 77
4 3 3 77
8 2 3 73
4 7 3 72
6 3 3 71
3 11 3 72
5 10 2 71
3 3 2 71
4 4 2 71
7 5 3 73
4 2 3 73
6 4 3 73
4 6 3 71
1 3 3 71
2 2 3 71
7 3 3 66
3 2 3 60
4 3 3 61
7 2 3 61
1 9 2 60
7 2 3 61
1 2 3 61
2 2 3 57
7 6 3 58
4 6 3 58
1 5 3 57
2 2 3 55
8 3 3 55
7 2 3 56
2 4 3 55
7 11 3 55
1 7 3 54
6 4 3 53
5 2 2 52
3 2 3 53
5 5 3 53
4 2 3 53
6 4 3 53
8 2 3 51
5 3 3 50
2 2 3 50
5 5 3 50
4 2 3 49
3 7 3 49
2 3 2 49
4 2 2 49
5 2 1 49
2 2 1 49
4 2 1 49
5 2 1 49
4 2 1 49
1 2 2 49
5 2 2 48
5 2 3 50
3 2 2 50
4 2 3 50
6 2 3 49
8 2 2 49
7 2 2 49
6 4 2 49
2 5 3 47
4 2 2 46
6 4 3 44
5 4 3 45
2 2 2 44
5 2 2 44
6 3 1 44
4 6 1 45
5 2 1 45
5 5 2 46
2 2 2 46
2 3 2 44
3 2 3 46
4 6 2 46
5 4 3 48
5 4 3 45
4 7 3 44
3 9 2 44
4 3 2 44
8 6 2 43
1 2 2 44
7 3 1 44
2 2 1 45
1 5 1 44
6 3 1 43
4 2 1 43
2 3 1 43
4 2 1 43
3 2 1 43
4 2 1 43
5 2 2 45
6 2 2 45
8 4 2 44
7 3 2 45
4 5 2 44
6 2 2 44
6 2 3 47
4 6 3 47
7 2 3 46
8 5 2 46
7 2 1 46
1 2 3 47
6 3 3 47
8 4 3 46
6 15 3 46
7 12 3 47
3 3 2 47
8 8 2 47
1 11 2 48
6 5 2 47
2 4 2 47
5 2 2 46
1 2 3 49
7 2 2 49
6 2 3 49
1 2 2 49
8 10 3 49
5 2 2 48
6 2 2 48
7 2 2 47
1 2 2 48
6 6 2 48
7 4 2 49
3 3 1 49
5 2 1 49
2 4 1 49
4 2 3 50
5 6 2 50
4 5 3 49
3 5 3 49
4 3 3 49
2 2 2 49
8 2 3 48
8 3 3 45
6 4 3 45
2 13 3 46
4 5 2 46
3 4 2 46
4 2 1 45
5 10 1 45
5 3 3 44
4 4 3 45
2 5 3 45
5 2 3 44
8 7 3 42
7 2 2 42
6 2 2 42
7 4 2 40
8 3 2 40
6 3 2 40
3 2 2 39
7 5 2 39
6 7 2 38
8 2 2 39
7 11 3 37
2 5 2 37
6 2 2 37
8 4 2 37
7 4 2 37
3 2 2 36
2 3 2 37
5 2 2 35
8 3 2 36
2 8 3 37
5 2 3 36
8 2 3 30
1 4 3 29
8 3 3 29
4 2 3 30
5 2 3 29
5 18 3 24
7 4 3 23
8 2 3 21
5 7 2 21
5 2 3 21
8 2 3 20
6 13 3 18
5 7 2 15
8 9 2 15
7 4 3 18
6 4 3 18
5 3 3 18
7 4 3 18
8 6 3 15
5 14 3 13
6 3 3 15
8 4 3 13
6 6 3 12
7 2 3 12
6 4 3 12
8 3 3 12
1 3 2 12
2 3 2 13
4 3 3 14
7 2 3 14
1 2 2 14
5 2 3 14
2 6 3 15
8 2 3 15
4 2 3 16
4 4 3 9
3 3 3 10
8 3 3 10
6 3 3 10
5 4 3 11
7 3 3 11
1 2 3 9
4 4 3 9
3 3 3 10
2 3 3 11
1 5 2 10
5 2 1 10
2 4 1 10
4 5 1 10
3 3 1 11
2 2 2 11
4 2 2 10
1 9 1 10
3 8 1 10
5 4 2 10
6 4 2 11
8 3 1 8
5 2 2 10
7 4 2 10
2 2 2 10
6 2 2 7
1 8 1 7
4 4 1 7
2 3 1 7
8 5 2 9
5 2 2 7
8 2 2 6
6 3 2 6
5 2 2 6
8 2 2 6
7 6 1 6
4 5 2 5
2 3 1 5
3 2 1 5
7 4 1 5
5 2 1 6
8 3 1 5
6 2 1 6
5 3 1 6
6 2 1 6
5 3 1 6
8 2 2 5
7 2 2 6
6 4 1 5
1 2 2 6
5 2 3 10
4 2 3 8
8 3 3 8
3 6 3 6
4 3 3 4
7 4 3 2
4 2 4 96
6 2 4 96
5 6 4 96
6 2 4 96
4 3 4 96
6 5 4 96
8 2 4 97
2 5 4 96
2 2 4 93
5 2 4 92
7 3 4 92
3 2 3 92
5 7 3 92
1 2 4 90
8 2 3 90
2 2 3 91
4 6 4 88
3 2 4 89
7 2 4 87
5 3 4 87
4 3 4 87
6 2 4 88
6 2 4 85
6 4 4 70
4 8 3 69
5 3 3 70
3 2 3 70
4 2 3 69
3 2 3 69
6 2 3 69
5 4 2 69
3 2 2 69
7 2 4 70
2 7 4 71
1 2 4 71
7 8 4 69
2 3 3 68
4 2 3 69
3 2 3 68
8 3 4 70
2 9 4 70
1 2 3 70
7 8 3 70
8 7 2 70
3 2 2 71
2 2 2 71
8 9 2 71
1 3 1 71
5 2 2 73
6 2 2 72
5 2 2 72
2 2 3 74
3 2 2 73
4 3 2 73
5 4 2 73
4 2 2 73
7 6 2 72
4 2 2 71
6 2 2 71
1 2 2 70
7 2 2 70
6 2 3 70
4 7 2 70
3 9 2 71
6 3 1 70
5 3 2 71
4 5 2 71
3 8 2 71
5 2 2 70
4 2 2 71
2 2 3 72
1 2 3 69
8 2 4 74
7 5 3 74
5 2 4 75
4 10 3 74
3 5 3 74
6 3 3 73
6 3 4 71
7 2 4 69
5 2 4 68
4 2 3 68
4 8 4 68
2 2 4 67
8 3 3 67
7 2 3 67
6 3 4 67
3 5 4 68
4 5 4 64
6 2 4 65
5 2 4 65
4 6 4 66
3 3 3 64
6 4 4 67
4 10 3 67
6 2 3 68
5 7 3 68
6 3 4 69
5 2 4 68
6 4 4 68
3 2 4 69
8 3 4 68
2 7 4 68
3 2 4 67
6 2 4 67
4 2 4 66
3 3 3 66
4 2 3 67
3 2 3 66
4 3 4 67
2 5 4 67
8 2 4 67
7 2 4 68
3 2 3 68
1 3 2 68
8 5 2 68
8 5 3 68
7 2 3 68
6 2 3 69
3 4 3 69
5 2 3 70
6 4 3 68
4 3 4 69
5 2 4 69
4 2 4 69
3 3 3 69
6 2 4 68
4 2 4 69
3 5 4 68
2 2 4 65
8 3 4 65
1 2 3 65
1 3 4 61
8 3 4 56
5 13 4 56
3 2 3 56
2 2 2 56
6 3 2 56
4 4 4 58
5 5 4 58
1 2 4 57
3 2 4 57
4 2 4 58
5 2 3 57
6 4 4 59
8 2 3 58
5 12 3 59
4 4 3 59
6 3 2 59
3 2 3 58
1 2 2 58
7 4 2 58
5 2 4 59
8 2 4 58
1 2 4 58
8 3 4 58
7 2 4 58
2 2 3 58
4 3 3 59
3 2 2 59
1 2 3 59
2 3 3 58
1 5 4 59
2 2 4 59
8 2 4 59
2 2 4 59
4 3 4 58
3 3 4 58
4 3 4 58
6 8 4 58
5 3 3 57
3 3 2 57
1 2 3 58
4 2 3 58
6 3 3 58
7 2 3 57
8 2 3 57
3 4 4 58
5 2 3 58
4 3 3 58
7 4 4 55
5 9 4 52
2 2 4 54
3 5 4 54
4 4 3 53
5 3 3 53
3 3 3 53
6 2 4 54
8 5 4 50
4 2 4 48
3 3 4 49
5 3 3 48
2 11 3 48
4 4 3 49
2 2 3 48
4 2 4 46
3 2 4 47
5 6 3 47
4 3 4 47
3 4 4 47
5 4 4 46
3 4 3 45
2 2 4 44
8 5 4 41
6 2 4 42
7 3 4 42
6 2 4 41
8 2 4 41
5 4 4 39
3 5 4 39
5 2 4 41
4 5 4 38
7 3 4 37
3 5 4 37
4 4 3 37
5 3 3 37
2 12 3 37
3 2 3 37
8 2 3 37
4 3 2 36
5 6 2 36
3 3 2 36
2 2 2 36
5 2 2 36
1 10 3 37
8 15 2 36
6 6 2 37
7 3 2 36
1 3 2 35
7 4 2 35
8 3 3 35
6 8 2 35
7 2 2 35
4 3 4 39
1 2 4 37
7 3 4 37
8 4 4 36
2 2 4 36
3 2 3 36
4 3 4 35
7 2 4 33
1 2 4 32
6 3 4 32
7 5 4 32
1 3 3 31
8 2 4 33
2 2 4 33
3 2 4 34
4 18 4 34
2 2 3 34
5 3 3 34
3 4 4 36
2 2 4 38
3 3 3 38
2 3 3 39
7 2 2 39
4 2 2 39
2 3 3 39
3 2 4 39
7 2 4 37
2 6 4 37
5 5 3 36
3 9 3 36
2 4 3 34
5 12 4 37
8 3 4 34
3 2 4 33
4 2 4 33
7 3 4 31
3 5 4 31
5 7 4 31
2 21 4 32
3 6 3 32
1 2 3 29
5 4 3 29
2 2 3 29
4 12 4 31
5 14 4 32
8 3 3 31
7 5 3 31
2 5 4 28
1 4 4 27
8 11 4 26
6 7 3 24
7 5 4 27
6 4 3 26
1 2 2 26
4 3 2 26
2 2 3 26
1 2 4 27
2 16 4 26
4 2 4 27
3 2 4 20
1 5 4 21
4 4 4 21
3 5 4 21
2 4 4 20
1 2 4 21
8 2 4 17
4 5 4 16
3 6 3 16
2 7 3 16
2 5 4 13
5 2 4 14
7 2 3 14
1 2 4 15
2 2 4 14
4 5 4 15
1 5 3 13
4 2 3 13
8 3 3 14
3 3 2 13
2 3 2 13
6 2 3 12
1 2 3 12
6 2 4 13
2 5 4 13
6 2 3 12
3 3 3 12
4 2 3 12
1 5 2 11
3 2 3 12
2 4 3 12
4 3 3 12
5 4 2 12
7 2 2 13
5 4 1 13
4 2 2 14
6 5 2 12
7 2 2 12
3 2 3 15
7 2 3 12
6 2 2 12
8 2 2 12
7 2 3 12
5 4 3 12
6 8 2 12
6 3 3 12
1 3 2 12
7 4 3 11
5 2 3 11
4 6 4 15
2 2 4 15
1 4 4 15
3 3 4 15
4 2 4 15
1 2 4 15
8 2 4 16
5 3 4 13
8 2 4 13
6 5 4 13
8 3 4 11
7 2 4 11
5 3 4 11
6 3 4 11
7 2 4 11
6 5 4 11
1 9 4 11
8 3 4 9
7 3 4 9
2 2 4 9
6 2 4 7
8 2 4 7
7 4 3 7
1 2 3 6
4 2 2 6
8 3 4 5
4 3 4 5
2 2 4 4
8 2 3 3
5 2 3 3
7 2 2 3
6 4 3 3
8 2 2 3
4 2 2 3
7 2 3 2
8 3 5 96
3 3 4 96
1 5 4 94
2 3 3 94
8 2 5 96
2 3 4 96
1 7 4 96
7 2 4 97
8 4 4 97
2 2 3 97
2 2 4 97
3 3 5 98
8 3 4 97
3 2 5 94
2 2 4 94
4 3 4 94
2 2 5 90
3 2 5 90
7 2 5 91
6 2 5 92
7 3 5 91
1 2 5 89
6 5 5 89
4 5 5 89
4 2 5 87
3 3 5 85
1 3 5 86
1 3 5 81
2 2 5 82
3 3 4 82
2 2 3 82
8 5 2 82
2 2 2 82
8 2 2 82
3 4 2 83
4 2 2 82
5 19 2 83
1 3 1 82
7 30 1 82
6 3 2 85
4 4 2 84
5 9 2 83
7 2 2 84
6 6 2 82
7 4 3 86
2 3 2 86
5 2 3 88
6 3 2 87
7 2 1 87
1 2 1 87
3 2 1 87
2 2 1 87
3 3 1 87
8 3 1 88
3 2 1 87
2 2 1 87
5 2 2 86
4 7 1 86
6 2 2 84
5 6 1 84
2 3 3 88
1 2 3 88
8 3 3 88
3 6 3 86
2 2 3 87
8 2 3 86
2 7 3 86
1 2 3 83
3 2 3 83
8 3 4 86
3 3 4 85
1 3 4 85
1 2 4 82
3 5 4 82
6 2 5 89
5 3 5 89
7 3 4 89
4 2 5 89
6 2 4 89
2 2 5 88
1 3 5 88
7 3 5 87
8 8 5 82
2 2 5 84
1 10 5 83
3 4 5 83
7 4 5 82
6 2 4 81
5 5 4 81
6 6 4 81
2 2 3 81
1 8 3 81
8 2 2 81
2 6 1 81
3 4 1 81
1 3 1 82
3 2 1 81
4 4 1 80
8 8 2 82
3 5 2 82
2 12 2 82
8 2 2 82
4 2 2 83
1 2 2 84
7 2 2 81
6 10 2 81
5 3 2 82
3 2 2 81
7 5 2 81
5 2 3 82
6 2 3 81
4 7 2 81
5 4 2 81
3 3 1 80
5 2 1 80
6 2 2 82
7 7 1 82
6 9 2 82
4 3 1 82
8 3 1 83
5 2 1 83
4 2 1 82
5 4 2 81
7 2 2 79
1 4 3 80
4 4 4 80
7 4 3 79
8 2 3 78
4 5 4 78
7 3 4 79
6 2 3 78
3 3 4 80
1 3 4 79
2 2 4 79
6 2 5 82
7 3 5 82
4 3 5 82
2 2 5 79
8 3 5 80
3 9 5 80
7 2 4 80
2 3 3 80
1 5 3 80
5 2 3 80
7 2 5 78
5 2 5 78
3 2 5 77
4 2 5 74
6 4 5 74
4 2 5 74
2 3 5 72
7 2 5 72
2 2 5 72
1 3 4 72
8 3 4 72
1 2 4 72
7 2 3 72
4 2 3 73
6 3 3 73
5 2 2 73
2 4 3 73
4 2 3 72
7 4 4 74
3 2 5 68
2 4 5 67
8 5 5 65
2 2 4 65
8 5 5 65
3 3 5 63
6 3 4 63
5 2 5 61
7 2 5 62
6 4 4 61
6 12 5 61
4 2 5 56
1 3 5 57
2 2 5 57
7 2 5 57
2 4 5 57
3 4 5 56
4 4 4 55
5 6 5 54
2 2 4 54
3 4 4 54
5 9 4 54
6 3 5 54
8 3 5 52
1 2 5 52
2 2 5 53
7 4 5 53
1 5 5 52
2 2 5 53
3 4 5 44
5 4 4 44
7 2 5 43
2 3 4 42
6 2 4 42
5 2 3 42
8 2 5 43
4 15 5 39
1 2 5 38
6 2 5 32
7 2 5 32
8 3 5 31
1 4 5 32
4 12 5 30
3 4 4 26
2 6 5 27
5 5 5 27
1 2 5 26
2 5 5 21
1 3 5 21
4 4 4 21
3 7 4 21
1 15 4 20
5 2 3 20
8 2 3 20
5 3 3 20
6 6 4 21
7 5 4 20
8 2 3 20
5 4 3 20
8 2 4 21
5 2 4 21
8 3 4 21
6 2 4 21
7 2 4 21
5 5 4 21
4 6 5 22
8 4 5 21
3 2 5 22
1 4 5 22
6 3 5 18
3 4 4 18
6 2 5 15
7 2 5 15
3 13 5 13
4 7 5 12
1 2 5 11
3 4 4 11
2 5 3 11
2 7 4 11
4 4 3 11
1 8 3 11
2 2 4 12
8 4 4 13
3 2 3 12
1 2 4 11
3 2 5 13
4 2 5 14
1 4 4 13
2 2 5 14
2 2 5 10
8 5 5 9
6 2 5 9
5 8 5 10
2 4 5 10
7 8 5 8
6 2 5 9
3 2 5 9
2 4 5 9
1 2 5 10
4 3 5 9
2 4 5 7
1 4 5 7
3 3 4 6
1 4 4 6
2 3 5 3
3 5 4 3
7 2 4 4
7 3 5 2
8 3 5 2
5 4 4 2
8 7 3 2
2 2 5 2
1 10 5 2
8 5 6 99
6 4 6 99
7 4 6 99
6 2 6 99
5 3 6 99
6 2 6 99
5 2 6 99
4 2 6 99
7 5 6 99
5 9 6 99
1 2 5 99
4 2 5 99
6 2 5 99
7 2 4 98
4 6 4 98
5 2 5 99
7 8 5 99
4 2 5 97
8 2 5 97
3 4 5 97
1 2 5 96
3 6 5 96
1 2 5 96
3 3 5 96
8 11 6 98
3 4 6 99
8 5 5 99
3 2 4 99
1 2 4 99
2 2 4 99
1 2 4 99
6 4 3 99
4 2 2 99
3 2 2 99
2 3 2 99
6 3 2 99
5 7 1 99
6 3 1 99
7 2 1 99
6 2 1 99
7 2 1 99
5 2 1 99
4 2 1 99
5 4 1 99
8 2 1 98
2 2 2 98
2 7 4 98
1 2 4 98
8 2 5 98
3 5 4 98
2 3 5 97
3 4 5 97
8 2 5 98
6 2 5 98
5 2 5 98
3 2 5 97
8 2 5 97
4 3 5 96
5 4 5 96
6 9 5 96
5 4 5 95
3 2 4 95
7 5 3 95
6 2 3 95
4 2 3 95
8 4 2 94
2 2 2 94
8 2 2 94
3 3 1 94
1 3 1 94
2 6 1 94
8 3 1 95
7 2 1 95
6 4 1 95
5 2 1 93
4 3 2 95
2 4 2 94
4 2 3 93
5 2 2 93
7 2 2 94
5 10 2 93
4 5 4 94
2 2 3 94
7 2 3 94
5 4 3 94
4 3 5 96
5 5 5 96
6 2 5 96
5 6 5 94
3 2 5 92
8 3 5 92
2 2 5 92
7 7 6 97
6 2 6 96
5 5 6 92
6 2 6 92
4 2 6 92
2 2 6 89
3 4 5 89
1 2 4 89
8 3 6 89
3 2 6 89
7 2 6 89
4 6 5 89
7 2 5 89
2 2 6 87
8 3 5 87
6 2 6 86
7 2 6 86
6 2 6 86
5 3 5 86
6 3 4 86
5 2 4 86
6 2 4 86
4 2 4 87
4 2 6 86
8 3 6 84
2 9 6 85
6 2 6 82
6 2 6 80
7 2 5 80
1 8 6 79
4 5 5 79
6 2 5 80
7 7 5 80
4 3 4 80
6 2 4 80
5 2 5 80
6 3 5 80
4 9 4 80
6 2 4 80
7 2 5 79
6 2 5 80
7 3 5 79
8 5 6 78
2 2 5 78
3 5 5 78
1 2 6 76
2 2 6 75
7 4 5 75
3 2 5 75
5 2 4 74
3 2 4 74
4 2 4 74
2 4 4 75
2 2 5 76
7 5 5 75
1 3 5 75
8 5 5 74
2 2 5 74
7 7 4 74
1 2 4 74
8 4 3 74
1 7 4 75
2 9 4 75
8 2 4 75
8 2 5 75
1 2 5 74
6 8 6 75
4 2 6 75
3 3 6 74
4 2 5 74
8 2 6 74
3 2 6 74
5 4 6 74
4 4 6 74
6 2 5 74
3 3 5 74
5 3 5 75
6 3 6 75
3 3 6 75
6 2 6 75
4 3 6 68
7 2 6 67
1 3 5 67
8 2 5 67
7 2 4 67
2 3 3 67
7 2 3 67
6 2 3 67
4 3 3 67
3 2 4 67
4 2 4 67
6 3 3 67
5 2 3 68
6 3 4 67
3 2 4 67
5 4 4 68
4 2 4 68
3 2 4 67
4 5 3 67
3 4 2 67
4 2 2 67
2 3 3 66
7 2 3 66
2 2 3 66
7 3 3 66
1 4 4 66
8 2 4 66
1 2 4 66
7 5 4 66
1 2 5 65
6 2 5 66
7 2 5 66
4 6 6 66
6 4 5 66
3 3 6 65
8 3 6 64
2 2 6 54
4 3 5 54
1 5 6 54
8 3 5 52
7 3 5 53
8 2 5 53
1 2 4 53
8 2 4 53
2 5 4 53
1 4 4 53
6 5 6 50
3 6 6 47
5 2 6 48
5 8 6 41
2 2 6 41
7 5 6 40
1 2 6 32
6 4 6 32
4 3 6 28
2 6 6 26
3 4 5 26
4 2 4 26
8 2 4 27
6 3 3 26
7 2 3 26
7 2 4 26
8 2 3 26
1 3 4 26
5 5 5 27
2 4 4 27
6 3 5 28
3 2 4 28
8 2 4 27
8 2 5 27
7 4 4 27
6 2 5 27
7 2 5 26
8 4 5 26
4 2 6 28
3 3 6 25
4 2 5 25
2 3 4 25
1 4 6 25
7 2 6 23
8 3 5 23
2 2 6 19
3 3 6 19
7 3 6 15
5 5 5 15
5 5 6 15
1 3 6 16
2 3 5 16
4 2 5 16
6 2 6 16
7 3 6 16
8 5 5 15
4 2 5 13
6 2 6 16
2 2 5 16
7 10 5 16
3 2 4 16
5 5 5 16
8 5 4 16
6 3 5 15
4 5 6 17
1 5 5 17
2 3 6 19
5 2 6 20
7 2 6 21
5 3 6 21
8 2 5 21
2 2 6 21
3 3 6 19
4 2 5 19
2 2 6 19
3 4 6 18
6 3 6 17
8 3 6 16
4 2 6 7
7 4 6 4
3 2 5 3
2 2 5 3
1 4 6 2
3 7 6 3
8 3 6 4
6 2 6 4
7 4 6 4
5 2 6 3
4 2 5 3
6 5 6 3
2 3 6 2
1 2 6 2
3 2 6 2
5 2 5 2
6 4 7 98
5 4 7 98
3 2 6 96
7 2 6 96
4 2 6 97
6 3 6 97
1 2 6 98
5 5 7 98
7 4 7 98
6 2 7 97
5 2 7 92
7 7 7 84
4 6 7 83
5 5 7 83
7 3 7 83
6 2 7 79
2 3 7 76
8 4 7 76
6 2 7 73
4 6 7 65
3 2 7 66
3 2 7 61
5 3 6 61
4 7 6 60
3 2 7 61
6 6 6 61
5 2 6 61
4 2 6 60
3 2 5 60
4 2 6 60
4 2 7 63
5 3 6 63
4 2 5 63
4 2 6 63
6 5 5 63
3 5 4 63
8 4 5 63
8 8 6 63
4 2 6 62
6 2 6 62
1 3 5 62
4 4 5 62
5 2 5 61
1 4 5 62
4 2 6 60
1 3 7 64
2 2 6 64
8 2 6 63
7 2 6 63
1 2 7 64
3 2 6 64
2 2 6 64
7 4 6 64
6 5 7 62
2 3 7 61
3 2 7 62
5 2 7 60
6 2 6 60
7 3 7 60
1 6 6 60
7 3 6 61
8 4 6 60
3 2 5 60
2 4 5 60
7 3 4 60
8 10 4 60
1 3 4 60
8 3 4 60
2 3 4 59
7 2 3 59
5 2 6 62
1 2 6 63
2 5 7 62
7 2 6 62
8 2 6 63
7 4 6 62
2 2 6 62
1 6 6 62
8 3 6 62
7 3 6 61
3 3 6 61
1 2 6 62
8 4 6 62
6 2 6 60
3 8 6 61
4 2 5 61
5 2 6 60
6 3 6 61
3 15 6 61
5 2 5 61
6 2 5 62
2 2 5 63
8 3 4 62
2 5 4 62
5 7 3 62
3 3 4 62
6 2 5 62
5 2 4 62
3 2 4 62
5 3 4 62
4 9 5 61
5 4 6 59
4 3 6 59
3 4 5 59
6 2 5 59
5 2 5 59
3 2 5 59
3 2 7 42
4 3 6 42
6 3 6 43
5 3 6 42
4 2 7 42
7 2 7 39
6 10 7 38
1 3 7 38
4 3 7 37
5 2 7 37
4 2 7 37
3 2 6 37
2 4 5 37
4 2 7 35
5 2 7 33
6 5 7 33
7 5 7 34
8 3 7 34
1 8 6 34
7 2 7 31
3 3 7 30
1 4 7 30
8 3 7 31
6 4 7 31
2 2 6 30
7 3 7 31
1 6 6 31
6 4 6 31
6 6 7 28
8 2 7 28
7 6 6 27
1 3 6 28
8 2 6 28
6 4 6 28
6 2 7 27
1 2 7 26
3 5 6 26
2 2 7 27
3 2 7 27
4 3 7 27
3 5 7 27
2 2 7 25
1 2 7 25
4 2 7 24
2 4 7 24
3 5 7 25
1 5 7 24
2 2 7 23
4 2 7 23
1 3 7 20
3 4 7 21
2 2 7 21
1 2 7 21
7 2 7 19
5 2 7 20
1 6 7 19
4 5 6 19
1 2 6 19
2 2 6 18
3 3 7 16
4 2 6 16
1 7 6 17
2 6 6 17
3 5 5 17
2 10 5 17
1 2 6 17
2 2 6 17
8 6 6 18
4 4 6 17
6 4 7 17
7 2 6 17
8 2 6 17
6 2 7 8
4 2 7 7
4 3 7 5
2 2 7 5
3 2 7 5
4 4 7 5
8 8 7 4
6 7 7 4
4 2 6 3
6 2 6 3
8 6 5 2
5 5 5 2
7 3 5 3
1 4 4 3
4 2 4 3
1 2 4 3
6 2 4 2
4 4 4 1
1 2 3 1
3 3 4 1
2 4 3 1
3 5 3 2
1 2 3 1
4 2 3 1
2 4 3 1
6 4 4 2
7 2 4 2
8 2 3 2
5 5 4 2
4 2 4 3
1 2 4 3
4 4 4 3
3 2 4 3
2 3 3 3
8 2 4 1
5 3 5 1
7 2 5 1
6 4 5 1
4 2 5 2
7 4 5 1
1 2 4 1
6 2 5 1
3 2 5 2
3 2 6 4
4 2 6 2
3 5 6 2
4 2 7 1
2 3 6 1
4 6 6 2
7 2 6 3
1 2 5 3
2 2 6 3
4 2 5 3
7 2 8 91
2 2 8 87
3 2 7 87
2 2 6 87
7 2 7 87
4 3 7 87
5 2 8 87
4 2 8 84
6 2 7 84
7 2 7 84
4 3 6 84
7 2 5 84
6 3 5 84
6 2 6 84
7 3 8 83
1 10 8 78
3 2 8 78
8 9 8 77
5 4 8 73
3 2 8 72
4 3 7 72
6 4 6 72
6 3 8 72
5 3 7 72
3 9 8 65
6 3 7 65
5 2 6 65
7 2 7 66
6 3 6 66
4 5 7 66
3 2 7 65
7 2 8 64
7 2 8 56
1 2 7 56
8 2 8 56
6 3 8 55
3 2 8 53
1 2 8 43
6 2 8 43
1 3 8 43
2 2 8 42
3 4 8 43
2 3 8 42
3 3 8 41
8 6 7 41
6 2 8 39
8 3 8 39
6 3 7 38
4 2 7 39
7 2 7 38
6 4 7 38
1 3 7 38
2 2 7 38
5 3 7 38
4 2 7 37
6 3 8 39
4 6 8 39
5 2 8 35
8 6 8 34
6 2 7 33
4 2 7 33
7 3 6 32
2 2 6 32
3 3 6 33
4 2 6 32
1 6 7 33
6 2 6 33
4 7 7 32
2 7 6 32
4 2 7 32
5 8 6 32
7 3 6 33
6 5 7 34
7 2 7 34
4 3 7 33
2 2 7 33
3 2 7 33
5 2 7 32
2 2 7 33
2 4 8 35
2 2 8 33
1 2 8 30
8 2 8 25
6 2 7 25
6 2 8 25
7 3 7 25
1 3 8 24
6 3 8 23
4 3 8 23
3 3 8 23
1 2 7 23
3 3 6 23
4 2 6 23
1 2 6 23
5 3 6 23
7 3 6 23
1 2 8 24
7 3 8 23
5 4 7 23
8 3 7 22
5 4 7 22
6 6 7 23
8 8 6 23
7 2 8 25
5 6 7 25
5 2 8 22
8 2 8 22
6 3 8 22
5 5 8 22
2 6 8 21
1 2 8 22
4 2 8 22
3 3 8 23
2 2 8 22
1 6 8 22
7 7 8 19
5 5 7 19
8 3 7 19
7 9 6 19
8 3 6 20
5 2 6 19
3 2 7 21
7 2 7 22
3 3 7 22
2 6 7 22
4 5 6 21
8 4 8 19
3 2 8 20
5 3 8 19
6 3 8 19
5 2 8 19
7 4 8 19
2 3 7 19
3 3 7 19
1 2 7 19
4 2 7 19
8 2 7 18
8 4 8 18
1 3 8 16
4 2 7 16
3 2 8 13
1 2 7 13
5 2 8 8
7 2 8 8
3 2 8 1
5 2 9 98
4 2 9 89
4 4 9 87
7 2 9 83
4 2 9 83
7 2 9 83
6 2 8 83
5 2 7 83
3 2 6 83
7 2 7 83
1 8 9 78
7 2 9 75
5 8 9 64
2 2 9 64
6 2 9 63
4 6 9 62
8 2 9 41
7 4 9 41
1 2 9 41
6 4 8 41
2 3 9 38
5 6 9 38
2 2 9 33
5 7 8 33
2 2 8 33
5 3 8 33
3 5 9 31
4 3 8 31
2 2 8 31
5 2 8 31
3 2 8 31
2 2 9 31
5 2 8 31
8 2 9 29
6 3 9 29
8 4 8 28
7 2 8 28
6 3 8 28
3 2 8 29
7 2 8 30
8 3 8 28
4 5 8 28
2 6 9 28
4 5 9 28
5 10 9 28
3 5 9 28
2 2 9 28
8 2 8 28
2 2 8 29
2 3 9 28
7 3 9 25
3 5 9 23
1 4 9 23
5 2 9 24
6 2 9 25
5 3 9 25
8 3 8 25
3 2 8 26
7 7 7 25
2 2 7 25
6 3 6 24
8 6 6 25
1 2 6 25
5 2 6 24
2 3 7 25
3 8 6 25
2 5 7 25
4 3 7 25
1 2 6 25
4 7 7 25
2 2 7 25
2 2 9 26
1 4 9 24
2 2 9 22
4 2 9 23
3 2 9 24
1 5 8 23
8 2 8 24
4 3 9 24
1 3 9 24
3 4 9 24
5 2 8 23
1 3 8 23
2 2 8 24
4 4 8 24
2 2 9 22
3 4 9 20
4 2 9 15
2 2 9 15
3 2 8 15
2 3 8 15
4 4 8 15
1 3 7 15
5 2 9 14
7 2 9 14
5 2 9 14
8 3 8 14
8 2 9 14
3 3 9 14
2 3 9 14
5 2 9 8
6 2 8 8
4 2 9 7
1 10 9 5
1 2 9 2
2 4 9 2
3 2 9 1
6 2 10 94
1 2 10 76
5 2 10 77
4 5 10 77
5 2 10 63
3 2 9 63
6 4 9 63
5 2 8 63
6 2 8 64
4 3 8 63
3 2 7 63
6 4 9 64
6 2 10 64
5 2 10 64
4 2 10 64
3 2 9 64
6 7 10 53
8 2 9 52
6 5 10 43
5 2 10 40
1 3 10 30
6 2 9 30
3 2 9 30
5 3 9 30
7 2 10 30
8 2 10 29
2 3 10 24
4 2 10 24
3 2 9 24
1 4 10 19
7 5 9 18
2 2 9 18
3 2 9 18
4 7 10 19
5 3 9 17
3 2 8 17
1 2 8 17
4 6 8 17
4 2 9 17
2 3 9 18
5 2 8 18
4 2 9 18
3 2 10 20
4 2 10 18
1 5 10 19
2 3 10 17
4 2 10 18
7 2 10 8
1 3 10 8
3 2 10 8
2 3 10 8
4 7 10 8
3 6 10 8
1 2 9 7
4 3 9 7
1 2 10 8
1 3 10 1
5 2 11 92
6 2 11 92
6 3 11 76
4 2 11 73
5 2 11 73
6 2 11 73
7 6 11 57
2 2 10 57
1 3 9 57
4 2 9 57
6 2 9 57
4 3 9 57
6 2 10 57
8 2 10 56
1 7 11 54
3 10 11 53
6 3 11 52
4 3 11 53
5 2 11 53
3 3 11 53
5 4 10 52
3 2 10 52
4 10 9 52
6 3 9 52
3 2 9 52
5 3 10 51
6 2 11 53
4 3 11 53
1 2 10 53
7 4 11 40
6 3 11 41
1 4 11 42
8 3 11 42
6 2 11 43
7 5 11 40
6 2 11 40
4 3 11 39
2 2 11 39
7 2 10 38
3 2 10 39
2 4 9 38
3 2 8 38
4 3 11 39
5 3 10 39
8 2 10 40
7 2 10 41
1 2 9 41
8 2 8 41
3 2 9 41
2 4 8 41
5 6 8 42
6 5 8 40
1 2 8 40
7 2 8 40
1 3 8 40
2 4 7 40
5 3 7 40
4 3 6 40
4 2 8 42
3 3 7 41
4 5 7 40
5 2 7 41
2 3 7 41
5 2 7 41
4 3 7 41
5 3 7 41
4 5 7 41
4 5 8 41
3 3 8 41
3 3 8 39
1 2 11 42
6 2 11 42
7 2 11 29
2 2 11 14
4 3 11 14
1 2 10 14
2 7 11 9
3 3 10 8
4 2 11 4
4 2 11 2
6 2 12 89
3 2 12 85
8 2 12 56
3 3 12 30
5 2 12 30
3 4 12 19
2 4 12 14
2 5 12 9
4 2 13 87
6 2 12 87
4 3 13 87
7 2 12 87
7 3 13 85
7 2 13 78
5 4 13 78
6 2 13 78
7 4 13 76
4 7 13 77
7 3 13 77
2 2 12 76
4 2 13 77
6 3 13 77
7 6 13 77
6 3 13 57
4 2 12 57
3 2 11 57
4 4 12 57
7 2 13 56
2 3 13 56
5 2 13 56
6 2 13 56
3 2 13 56
4 2 13 57
8 2 13 55
1 4 13 55
8 2 13 55
7 5 13 56
4 2 13 54
1 3 13 54
6 2 13 50
1 3 12 50
8 2 12 50
7 2 11 50
8 2 10 50
6 3 9 50
3 2 9 50
5 2 9 50
2 4 10 50
4 5 9 50
3 4 9 50
5 3 10 50
1 2 12 51
8 5 12 51
1 2 13 51
7 2 13 51
8 5 13 51
2 3 13 43
5 3 12 43
3 2 12 43
5 2 12 43
2 2 11 43
4 3 11 43
8 2 12 43
2 2 11 43
4 2 11 43
1 2 11 42
5 2 12 43
8 2 13 42
4 3 13 18
1 4 13 14
3 2 13 4
1 2 13 4
2 4 13 4
4 2 12 4
3 2 12 4
1 2 11 4
4 3 11 4
3 2 10 4
4 5 14 78
6 4 14 78
7 2 14 78
5 2 14 77
4 2 14 56
2 2 14 55
8 2 13 55
1 2 13 55
8 2 13 55
8 2 14 42
1 3 14 29
4 2 15 92
7 2 15 92
6 2 15 89
5 2 14 89
6 2 14 89
7 4 15 78
4 2 15 76
5 4 15 56
3 3 15 55
6 2 15 54
4 3 15 54
5 2 16 76
6 6 16 56
5 9 16 54
3 9 16 54
6 3 15 54
3 3 14 54
8 2 16 51
1 2 15 51
4 2 16 30
5 3 15 30
4 2 16 30
5 2 17 85
7 3 16 85
5 2 16 85
4 6 17 85
6 2 16 85
5 2 17 85
3 2 17 56
6 2 17 51
4 2 17 51
5 2 17 42
2 2 17 29
3 3 18 51
5 2 18 51
2 3 18 29
6 3 19 55
4 2 19 55
6 2 19 55
4 2 19 51
6 3 18 51
3 6 19 42
3 3 19 29
5 3 19 29
4 2 20 51
5 3 20 51
2 3 20 29
3 2 19 29
4 2 18 29
3 2 18 29
3 2 21 51
4 2 21 42
5 2 21 42
4 3 21 42
3 5 21 42
5 3 25 34
2 2 24 34
2 3 25 34
