1424
101
5 9 1 20
4 2 1 15
3 3 1 15
2 2 1 14
5 10 1 10
4 3 1 10
3 3 1 10
1 3 1 10
7 3 1 10
6 4 1 11
5 3 1 10
4 4 1 11
3 4 1 11
1 4 1 11
7 2 1 12
5 3 1 10
4 3 1 10
3 3 1 10
1 3 1 10
7 3 1 10
6 4 1 11
5 5 1 12
4 5 1 12
3 5 1 12
1 4 1 11
5 4 1 11
4 4 1 11
3 4 1 11
1 4 1 11
7 4 1 11
6 4 1 11
5 4 1 11
4 4 1 11
3 4 1 11
1 4 1 11
7 3 2 11
6 3 2 11
5 2 2 10
4 2 2 9
3 3 2 10
5 2 4 17
4 4 4 17
3 3 4 16
2 3 4 15
1 2 4 14
6 2 5 14
5 2 5 14
4 2 5 13
8 2 4 13
3 2 5 10
2 2 7 7
1 4 6 6
2 5 5 6
1 7 4 6
2 9 3 6
1 11 2 6
2 12 1 6
1 11 1 6
2 10 1 6
1 9 1 6
2 8 1 6
1 7 1 6
2 6 1 6
1 6 1 6
2 6 1 6
1 6 1 6
2 6 1 6
1 6 1 6
2 6 1 6
1 6 1 6
2 6 1 6
1 5 1 5
2 5 1 5
1 5 1 5
2 4 1 4
1 3 1 3
2 2 1 2
3 2 10 6
5 2 11 13
4 4 11 13
3 2 11 12
8 2 12 12
7 3 12 12
6 2 12 11
2 2 11 11
3 3 13 7
2 2 13 7
4 2 14 8
3 2 14 8
7 2 14 6
6 2 14 6
5 2 14 6
5 2 15 9
4 2 15 9
4 2 16 12
1 2 16 9
8 2 16 9
7 2 16 8
4 2 17 8
3 2 17 8
5 2 18 13
