63566
1897
6 11 1 100
4 3 1 100
1 3 1 100
2 3 1 100
8 3 1 100
1 3 1 100
5 3 1 100
4 3 1 100
2 3 1 100
7 4 1 100
4 3 1 100
1 3 1 100
4 3 1 100
1 3 1 100
8 3 1 100
3 3 1 100
2 5 1 100
7 3 1 100
4 4 1 100
3 4 1 100
5 3 1 100
3 3 1 100
4 4 1 100
1 4 1 100
2 4 1 100
3 3 1 100
6 3 1 100
7 3 1 100
1 4 1 100
4 3 1 100
6 4 1 100
7 3 1 100
5 4 1 100
7 3 1 100
4 4 1 100
1 3 1 100
6 3 1 100
8 3 1 100
3 3 1 100
6 3 1 100
4 3 1 100
8 3 1 100
6 3 1 100
5 4 1 100
2 3 1 100
5 3 1 100
2 3 1 100
6 3 1 100
2 3 1 100
5 3 1 100
2 3 1 100
4 3 1 100
3 4 1 100
4 3 1 100
3 3 1 100
7 3 1 100
6 3 1 100
5 4 1 100
7 4 1 100
1 3 1 100
7 3 1 100
1 3 1 100
4 3 1 100
8 3 1 100
4 3 1 100
5 7 1 100
4 3 1 100
5 3 1 100
6 4 1 100
4 3 1 100
8 3 1 100
2 3 1 100
6 3 1 100
8 3 1 100
2 6 1 100
4 3 1 100
8 9 1 100
6 3 1 100
7 3 1 100
5 4 1 100
7 3 1 100
2 6 1 100
6 4 1 100
7 8 1 100
2 3 1 100
3 3 1 100
1 3 1 100
8 16 1 100
3 3 1 100
5 3 1 100
1 3 1 100
7 3 1 100
2 2 1 90
4 2 1 90
7 2 1 91
3 3 1 92
1 4 1 93
2 5 1 94
3 6 1 95
7 6 1 96
6 12 1 96
7 2 1 96
2 3 1 97
3 2 1 97
8 3 1 96
7 2 1 97
8 3 1 96
5 3 1 97
3 3 1 96
8 3 1 90
5 3 1 89
1 3 1 89
7 4 1 90
6 2 1 90
1 3 1 89
4 3 1 89
8 3 1 89
7 4 1 90
5 5 1 90
1 4 1 90
4 4 1 90
2 2 1 91
7 2 1 92
6 3 1 89
8 3 1 89
3 3 1 89
4 7 1 89
5 2 1 90
2 5 1 90
1 3 1 89
4 7 1 90
2 3 1 89
1 3 1 89
7 3 1 89
3 3 1 89
6 3 1 89
5 5 1 90
2 3 1 89
4 3 1 89
1 6 1 89
5 3 1 89
2 3 1 89
4 3 1 89
7 3 1 89
4 3 1 89
7 6 1 89
3 3 1 89
2 3 1 89
7 3 1 89
5 3 1 89
3 3 1 89
4 3 1 89
1 3 1 89
5 3 1 89
1 3 1 89
3 3 1 89
1 3 1 89
6 3 1 89
5 3 1 89
4 3 1 89
6 3 1 89
7 3 1 89
6 3 1 89
8 5 1 90
6 3 1 89
8 3 1 89
7 3 1 89
8 3 1 89
1 3 1 89
4 3 1 89
6 3 1 89
8 3 1 89
7 3 1 89
8 3 1 89
3 3 1 89
2 3 1 89
1 3 1 89
7 3 1 89
1 3 1 89
8 3 1 89
1 3 1 89
8 6 1 89
5 5 1 90
4 3 1 90
1 4 1 89
5 3 1 89
2 3 1 89
4 3 1 89
2 3 1 89
1 3 1 89
5 3 1 89
6 4 1 89
3 9 1 89
8 3 1 89
6 3 1 89
8 3 1 89
7 4 1 90
1 3 1 89
3 3 1 89
1 3 1 89
3 3 1 89
5 3 1 89
7 3 1 89
6 3 1 89
1 3 1 89
3 3 1 89
4 3 1 89
8 4 1 90
8 72 1 78
4 2 1 79
2 3 1 80
7 4 1 81
4 5 1 82
8 6 1 83
1 7 1 84
7 8 1 85
2 9 1 86
4 2 1 87
5 11 1 85
2 3 1 85
6 3 1 85
1 2 1 84
3 2 1 85
8 12 1 42
6 2 1 43
5 3 1 44
8 4 1 45
3 5 1 46
4 6 1 47
6 7 1 48
1 9 1 49
4 9 1 50
8 10 1 51
3 11 1 52
2 12 1 53
4 13 1 54
3 14 1 55
5 15 1 56
6 17 1 57
3 17 1 58
1 18 1 59
2 19 1 60
8 20 1 61
5 22 1 62
4 22 1 63
6 23 1 64
7 24 1 65
5 25 1 66
2 26 1 67
1 27 1 68
4 28 1 69
6 29 1 70
1 30 1 71
4 31 1 72
8 33 1 73
1 33 1 74
4 34 1 75
6 35 1 76
5 35 1 76
4 35 1 77
2 35 1 77
7 35 1 77
4 35 1 77
8 37 1 77
1 36 1 78
7 35 1 77
2 35 1 77
5 40 1 77
7 3 1 72
4 3 1 73
3 2 1 74
8 2 1 74
5 3 1 72
8 2 1 70
6 3 1 71
3 2 1 68
4 3 1 69
3 2 1 69
2 2 1 66
2 2 1 62
8 2 1 60
1 2 1 59
7 4 1 53
3 2 1 52
1 5 1 50
7 2 1 47
4 2 1 48
4 2 1 43
5 8 1 36
8 2 1 37
6 3 1 38
2 4 1 39
7 6 1 40
1 5 1 40
6 4 1 40
5 4 1 40
8 7 1 40
3 5 1 41
4 5 1 41
6 7 1 41
1 5 1 41
4 5 1 41
8 5 1 41
3 5 1 41
2 6 1 42
4 5 1 41
3 5 1 41
5 6 1 41
6 5 1 41
3 5 1 41
1 5 1 41
2 5 1 41
8 6 1 41
5 5 1 41
4 5 1 41
6 5 1 41
7 6 1 42
5 5 1 41
2 5 1 41
1 5 1 41
4 6 1 42
8 2 1 43
6 5 1 41
1 6 1 42
4 5 1 41
8 5 1 41
1 5 1 41
4 5 1 41
6 5 1 41
5 5 1 41
8 10 1 41
4 5 1 41
2 5 1 41
7 6 1 42
4 5 1 41
8 5 1 41
1 5 1 41
7 5 1 41
2 6 1 42
5 7 1 42
8 2 1 40
1 2 1 38
8 3 1 38
2 2 1 39
5 3 1 39
1 2 1 40
6 2 1 41
2 2 1 35
7 2 1 35
6 6 1 32
1 2 1 33
2 3 1 33
7 2 1 33
8 2 1 34
6 2 1 34
2 2 1 34
7 2 1 34
1 3 1 35
8 6 1 35
6 3 1 35
5 5 1 35
8 4 1 35
3 4 1 36
4 4 1 36
6 5 1 36
1 4 1 36
4 4 1 36
8 4 1 36
3 4 1 36
2 5 1 36
4 4 1 36
3 4 1 36
5 5 1 37
6 6 1 37
3 4 1 36
1 4 1 36
2 4 1 36
8 4 1 36
5 4 1 36
4 5 1 37
6 4 1 36
7 5 1 36
5 4 1 36
2 4 1 36
1 7 1 36
4 4 1 36
6 4 1 36
1 4 1 36
4 4 1 36
8 7 1 37
1 4 1 36
4 4 1 36
6 6 1 37
5 5 1 36
8 9 1 36
4 4 1 36
2 5 1 37
1 2 1 37
7 4 1 36
4 4 1 36
8 5 1 37
1 4 1 36
7 4 1 36
2 4 1 36
5 5 1 36
3 4 1 34
2 2 1 31
7 75 1 29
1 2 1 30
2 2 1 30
5 4 1 30
6 3 1 29
7 8 1 20
4 2 1 21
5 3 1 22
7 4 1 23
2 5 1 24
6 6 1 25
7 7 1 26
4 8 1 27
5 9 1 28
1 10 1 29
2 10 1 29
6 18 1 28
1 9 1 28
2 9 1 28
7 10 1 29
5 20 1 29
8 12 1 30
6 10 1 29
2 11 1 30
7 12 1 31
1 11 1 30
8 23 1 31
6 12 1 31
5 11 1 30
8 11 1 30
3 11 1 30
4 12 1 30
6 11 1 30
1 11 1 30
4 11 1 30
8 11 1 30
3 11 1 30
2 12 1 31
4 11 1 30
3 11 1 30
5 12 1 30
6 11 1 30
3 11 1 30
1 11 1 30
2 11 1 30
8 11 1 30
5 11 1 30
4 11 1 30
6 11 1 30
7 13 1 31
5 11 1 30
2 12 1 30
1 12 1 31
8 2 1 31
4 11 1 30
6 14 1 31
1 11 1 30
4 11 1 30
8 11 1 30
1 11 1 30
4 11 1 30
6 11 1 30
5 12 1 31
8 23 1 31
3 2 1 32
4 13 1 32
6 2 1 32
1 3 1 33
2 2 1 34
1 2 1 35
2 2 1 36
3 2 1 37
7 2 1 38
8 4 1 38
6 2 1 35
5 2 1 35
4 4 1 33
8 4 1 34
3 2 1 32
2 13 1 32
4 2 1 32
3 2 1 32
5 2 1 32
6 3 1 33
2 2 1 34
8 2 1 33
3 2 1 32
1 3 1 33
2 2 1 32
8 2 1 32
5 2 1 32
4 3 1 33
6 2 1 32
7 14 1 32
5 3 1 33
2 2 1 32
1 2 1 32
4 14 1 32
6 3 1 33
1 2 1 32
4 3 1 33
6 2 1 33
8 13 1 32
1 13 1 32
4 3 1 33
6 3 1 33
4 3 1 33
5 2 1 32
8 4 1 32
4 2 1 32
2 2 1 32
7 14 1 33
6 2 1 33
4 2 1 32
8 2 1 32
1 3 1 33
7 2 1 32
2 14 1 33
5 16 1 32
1 2 1 33
3 2 1 34
6 2 1 32
8 2 1 32
6 2 1 32
8 2 1 29
7 2 1 29
3 3 1 28
7 3 1 22
4 3 1 21
1 22 1 16
2 2 1 17
6 2 1 17
8 3 1 18
4 2 1 18
5 2 1 18
7 4 1 18
2 2 1 18
6 2 1 18
7 2 1 18
4 4 1 18
5 3 1 18
1 3 1 19
2 3 1 19
6 7 1 19
1 3 1 19
2 3 1 19
7 4 1 19
5 7 1 20
8 3 1 19
6 3 1 19
2 6 1 20
5 2 1 20
1 5 1 20
7 3 1 19
8 6 1 19
6 6 1 20
3 2 1 21
2 3 1 22
5 3 1 19
8 3 1 19
3 3 1 19
4 3 1 19
6 3 1 19
1 4 1 20
4 3 1 19
8 3 1 19
3 3 1 19
2 3 1 19
4 3 1 19
3 3 1 19
5 3 1 19
6 4 1 20
3 4 1 20
8 4 1 20
1 3 1 19
2 4 1 20
8 3 1 19
5 3 1 19
4 3 1 19
6 4 1 20
7 5 1 20
5 3 1 19
2 3 1 19
1 3 1 19
4 4 1 19
6 3 1 19
1 3 1 19
4 3 1 19
8 4 1 20
1 5 1 20
2 2 1 20
4 3 1 19
6 3 1 19
5 5 1 20
8 6 1 19
4 3 1 19
2 3 1 19
7 3 1 19
4 3 1 19
8 3 1 19
1 5 1 20
7 3 1 19
2 4 1 19
5 3 1 19
2 2 1 19
3 2 1 19
1 2 1 17
6 3 1 16
8 2 1 15
7 2 1 15
4 2 1 15
3 3 1 5
6 2 1 6
1 3 1 7
8 13 1 8
3 17 1 9
4 6 1 10
5 7 1 11
2 8 1 12
3 9 1 13
8 9 1 13
4 9 1 13
2 9 1 14
6 9 1 14
8 9 1 14
7 19 1 14
4 9 1 14
5 10 1 15
7 9 1 14
2 10 1 15
6 10 1 15
7 10 1 15
4 10 1 15
5 10 1 15
1 14 1 16
2 12 1 16
7 2 1 17
4 2 1 18
5 4 1 18
6 26 1 18
7 3 1 18
1 10 1 15
2 10 1 15
7 10 1 15
5 20 1 15
8 13 1 16
6 10 1 15
2 11 1 16
7 13 1 16
1 11 1 16
8 22 1 16
6 11 1 16
5 12 1 17
8 11 1 16
3 12 1 17
8 2 1 17
4 13 1 17
6 13 1 18
1 11 1 16
4 11 1 16
8 11 1 16
3 11 1 16
2 11 1 16
4 11 1 16
3 11 1 16
5 13 1 17
6 12 1 17
3 11 1 16
1 11 1 16
2 11 1 16
8 11 1 16
5 11 1 16
4 12 1 17
6 11 1 16
7 12 1 16
5 11 1 16
2 12 1 16
1 11 1 16
4 11 1 16
6 12 1 16
1 11 1 16
4 12 1 16
8 11 1 16
1 11 1 16
4 11 1 16
6 11 1 16
5 12 1 16
8 22 1 16
4 11 1 16
2 11 1 16
7 14 1 16
4 11 1 16
8 11 1 16
1 12 1 16
7 11 1 16
2 12 1 16
5 12 1 16
8 5 1 9
7 3 1 7
6 3 1 6
6 2 1 1
5 2 1 2
7 3 1 3
6 2 1 3
1 2 1 3
8 5 1 3
3 6 1 4
4 3 1 4
5 3 1 4
2 3 1 4
3 3 1 4
8 3 1 4
4 3 1 4
1 8 1 5
2 4 1 5
6 4 1 4
8 4 1 4
7 7 1 5
5 6 1 6
7 2 1 6
8 2 1 6
4 3 1 4
7 2 1 3
2 3 1 4
6 4 1 5
2 2 1 6
7 4 1 5
4 3 1 4
5 3 1 4
7 9 1 4
1 4 1 5
8 3 1 5
6 2 1 6
2 3 1 4
6 6 1 4
1 3 1 4
2 3 1 4
7 3 1 4
5 7 1 5
8 4 1 5
3 2 1 6
6 3 1 4
2 3 1 4
7 3 1 4
1 3 1 4
8 6 1 4
6 3 1 4
5 3 1 4
8 3 1 4
3 4 1 4
4 5 1 5
6 4 1 5
1 4 1 5
4 4 1 5
8 4 1 5
3 4 1 5
2 4 1 5
4 4 1 5
3 4 1 5
5 6 1 6
6 6 1 7
4 2 1 8
1 2 1 9
6 2 1 8
8 2 1 6
3 4 1 5
1 4 1 5
2 5 1 5
8 4 1 5
5 4 1 5
4 4 1 5
6 4 1 5
7 5 1 6
5 4 1 5
2 4 1 5
1 5 1 6
4 5 1 6
6 4 1 5
1 4 1 5
4 4 1 5
8 4 1 5
1 4 1 5
4 4 1 5
6 4 1 5
5 4 1 5
8 9 1 5
4 4 1 5
2 4 1 5
7 4 1 5
4 4 1 5
8 4 1 5
1 4 1 5
7 4 1 5
2 4 1 5
5 4 1 5
7 3 2 91
8 2 2 88
3 4 2 87
5 2 1 87
1 5 2 86
2 4 2 86
8 2 2 85
6 2 1 85
3 2 1 86
4 3 2 82
5 2 2 82
8 3 2 73
6 2 2 73
1 3 1 72
7 2 2 65
3 2 2 61
4 2 2 61
2 2 2 51
8 3 1 50
4 4 2 52
4 2 2 48
1 2 2 49
6 2 2 50
3 2 2 48
6 3 1 48
7 3 2 48
8 3 2 35
5 2 2 32
1 3 2 32
4 3 1 32
7 2 1 31
1 2 2 32
5 3 2 32
7 2 2 32
1 2 2 31
2 2 2 31
2 5 2 27
4 3 1 27
5 3 1 26
6 2 1 27
4 2 2 26
2 2 2 27
6 2 2 26
1 3 2 26
1 2 2 20
3 2 1 19
4 2 1 19
8 2 1 20
7 2 1 21
1 2 1 20
8 2 1 21
3 3 1 20
1 5 2 21
5 3 1 21
5 3 2 12
1 2 1 12
8 3 2 5
6 2 1 5
7 2 1 5
3 2 1 4
5 2 3 87
2 3 3 87
6 4 3 83
5 2 3 82
3 2 3 78
6 2 3 76
8 2 3 71
7 2 3 67
4 2 3 67
2 3 3 64
4 2 2 64
8 3 1 64
5 2 2 63
2 2 2 62
1 2 2 61
2 2 2 61
3 2 2 61
7 3 1 61
5 3 1 61
1 3 2 60
4 2 1 60
5 3 3 65
8 2 3 62
6 3 3 62
2 2 3 61
2 5 3 59
3 2 3 57
4 4 3 57
7 2 3 57
8 2 3 57
6 3 2 57
4 2 2 57
5 2 3 47
6 2 3 43
5 2 3 42
2 4 3 43
3 3 3 40
4 4 3 37
4 2 3 33
3 3 2 33
6 3 3 32
8 2 3 32
3 2 3 30
5 2 3 21
2 2 3 19
5 5 3 19
6 3 2 18
8 2 3 19
7 2 3 16
6 2 3 9
8 3 2 9
1 2 3 10
4 3 2 10
1 2 1 10
2 3 3 9
6 5 2 9
7 3 2 8
5 3 3 11
3 4 2 10
2 3 2 11
1 2 2 12
4 4 2 11
7 2 2 11
8 2 1 11
6 3 3 8
5 3 3 7
1 2 3 1
8 2 4 88
4 2 4 85
6 2 4 80
8 2 4 81
1 3 4 80
3 2 4 81
6 5 3 81
2 2 4 81
1 4 4 75
5 3 4 66
2 4 3 66
4 2 4 57
2 2 3 56
1 2 4 46
4 2 4 45
6 2 4 46
8 2 4 39
7 2 4 37
8 2 4 37
4 2 4 37
8 2 4 28
7 2 4 25
8 2 4 24
4 5 4 23
6 2 4 15
1 2 4 13
2 3 3 13
4 4 4 12
6 2 4 12
7 2 3 12
2 3 2 12
3 2 5 90
7 2 5 88
2 4 5 86
7 2 4 85
3 2 4 86
4 3 3 86
8 2 3 85
6 2 4 87
4 2 4 87
8 2 5 82
3 2 5 82
7 2 5 79
6 2 5 77
8 2 5 73
5 2 5 69
4 2 4 69
7 2 5 66
6 5 5 61
3 3 5 61
7 3 4 61
1 4 3 61
7 2 5 61
4 2 5 58
8 2 5 58
1 2 4 58
8 2 4 59
2 2 4 59
5 3 5 55
3 2 4 55
2 3 5 53
1 2 5 34
4 2 5 26
5 2 4 26
2 2 5 25
6 2 5 19
8 2 4 19
5 2 5 18
2 2 5 14
8 4 6 89
5 3 5 88
1 2 6 86
7 2 6 85
1 3 6 83
3 2 6 82
4 5 6 82
2 2 6 78
5 4 6 78
3 2 6 76
4 3 6 74
8 2 6 74
4 2 6 74
6 3 6 65
6 2 6 52
7 2 6 50
4 2 5 50
6 2 4 50
7 3 3 50
3 3 3 49
7 2 4 48
1 2 4 49
7 3 5 47
5 2 5 47
4 3 6 48
2 2 6 49
1 3 6 41
4 3 5 41
8 4 6 41
5 4 6 40
4 2 6 39
2 3 6 38
1 2 6 39
5 3 6 37
3 2 6 37
5 6 6 34
2 2 6 30
1 5 6 31
3 3 6 31
5 2 6 28
3 3 6 23
2 2 6 22
6 2 6 21
7 2 6 6
7 2 6 1
3 2 7 89
7 6 6 89
1 2 5 89
6 2 5 89
6 2 6 88
8 2 6 88
2 2 5 88
4 2 5 87
7 3 4 87
1 2 4 87
5 3 3 86
8 5 3 86
1 2 3 85
3 2 4 86
5 2 3 85
8 3 4 86
2 2 4 85
6 3 6 88
2 2 6 88
4 2 6 87
3 4 5 87
4 2 7 68
1 2 6 67
6 2 5 67
3 2 5 68
1 2 6 67
1 3 7 53
6 3 7 53
4 3 7 53
2 2 7 52
2 4 7 49
3 4 6 48
8 2 7 49
7 2 6 48
3 2 7 49
4 2 7 42
8 3 7 41
7 2 7 42
3 2 7 37
2 3 6 36
5 3 6 37
7 2 6 37
5 2 7 28
1 3 7 28
6 2 7 24
4 2 7 16
5 2 8 72
6 2 8 73
5 2 8 58
2 2 8 53
2 2 8 29
7 5 8 29
3 2 8 27
7 2 8 19
3 3 8 18
2 2 7 17
8 2 7 17
5 2 9 91
7 2 9 91
7 2 9 88
4 2 9 89
3 2 9 82
7 3 9 77
2 2 9 74
7 2 8 73
2 2 8 73
1 2 9 74
1 2 9 71
4 2 9 66
7 5 8 65
5 3 8 65
1 2 7 64
8 3 6 64
1 2 6 65
8 2 7 64
7 3 8 65
1 2 8 63
6 2 9 56
2 3 9 47
3 2 9 44
4 3 9 40
2 3 9 35
3 2 9 29
2 3 8 29
8 2 7 29
6 2 9 24
1 2 9 25
7 2 9 24
5 2 9 17
7 2 8 16
4 3 10 90
3 3 10 91
5 2 9 90
8 3 9 90
6 3 9 91
7 2 10 90
4 2 10 89
7 3 9 89
1 2 9 90
5 3 9 90
7 2 9 91
4 3 8 90
1 2 10 91
8 2 9 91
3 2 10 90
1 2 10 89
7 2 10 89
3 4 9 88
6 3 10 86
1 2 10 87
8 4 10 87
2 3 10 88
1 3 9 88
6 2 9 87
1 2 9 87
3 2 10 86
2 2 10 86
5 3 10 81
8 2 10 81
8 3 10 78
6 2 10 79
6 3 10 71
3 2 9 70
2 2 10 71
8 8 10 71
3 3 9 68
6 2 9 68
4 3 10 72
7 3 9 71
5 3 10 73
7 2 10 74
6 3 10 68
2 2 10 69
4 2 9 69
7 5 10 62
8 2 10 60
7 2 10 54
5 5 10 54
7 3 10 51
6 2 9 51
4 2 10 45
2 6 10 44
6 3 10 44
8 2 10 43
3 5 10 42
1 3 9 40
5 3 10 38
2 2 10 37
4 3 10 28
5 2 9 28
6 2 9 28
1 2 8 27
5 2 7 27
7 2 7 28
4 2 7 28
4 4 8 28
2 3 8 28
3 3 8 27
6 2 9 29
2 2 9 29
5 2 8 29
6 3 8 30
4 3 9 29
8 2 9 27
2 2 9 28
7 2 9 27
8 2 9 28
5 2 10 28
3 3 10 20
4 2 10 14
1 3 10 14
3 2 11 90
4 2 10 90
7 3 11 91
8 2 11 90
5 2 11 83
2 3 11 76
6 2 11 73
1 2 11 72
2 2 11 70
1 2 10 70
7 2 10 69
6 2 11 69
7 2 11 67
2 2 10 66
3 3 11 63
2 3 10 63
3 2 11 61
1 2 10 60
5 2 11 62
6 2 11 60
4 2 11 34
3 3 11 34
1 3 11 33
2 2 10 33
3 2 10 33
1 3 11 32
8 2 11 32
4 2 11 26
1 2 11 27
7 2 11 27
6 2 12 87
2 2 12 88
3 3 11 87
1 2 12 88
7 2 11 88
4 2 12 89
2 4 12 84
4 2 12 83
8 2 12 79
6 5 12 80
7 2 12 79
5 2 12 78
3 5 12 72
8 2 11 72
3 3 10 72
2 4 11 70
5 2 12 73
7 3 12 73
3 2 12 71
3 2 12 66
5 7 12 66
2 2 12 67
8 2 12 60
8 2 12 52
2 2 12 36
8 3 12 35
5 2 12 14
6 2 12 14
8 2 13 91
5 2 13 89
4 3 13 81
1 2 13 77
7 2 13 76
8 3 12 76
2 2 13 71
8 2 13 71
4 4 13 70
5 2 12 68
2 3 12 68
8 3 13 66
5 3 12 66
4 2 12 66
7 2 12 67
2 2 13 67
6 3 12 67
2 2 12 67
4 2 12 67
2 2 12 67
7 5 13 66
3 2 13 63
7 2 13 59
1 2 13 54
2 2 12 54
4 2 13 50
7 2 13 50
2 2 13 49
7 2 13 47
1 3 13 47
4 2 13 45
7 3 13 36
1 2 12 35
1 4 13 35
6 2 13 25
7 2 13 23
1 4 13 24
5 2 13 23
4 4 13 24
2 4 13 22
7 2 14 89
6 2 14 88
2 2 14 87
8 3 14 85
3 2 13 85
7 2 14 83
3 2 14 82
4 2 14 83
7 2 14 82
5 2 14 79
3 3 13 79
7 2 13 80
5 2 13 79
8 2 12 79
3 2 14 66
6 4 14 61
4 5 14 61
5 2 14 62
3 2 14 62
2 2 14 60
3 2 13 60
1 2 13 61
8 2 13 62
7 3 14 62
8 2 14 63
4 2 13 63
5 2 14 64
5 3 14 61
2 3 14 61
5 4 14 50
2 2 14 44
5 3 14 44
1 2 14 43
3 2 14 38
1 3 14 39
5 2 13 39
4 3 14 39
7 2 14 33
5 2 13 33
4 6 14 31
7 3 14 1
7 2 15 90
3 2 15 91
3 3 15 87
8 4 15 86
4 2 15 85
6 3 14 84
5 2 14 85
4 2 15 81
7 2 15 72
7 4 15 66
1 4 15 63
5 5 15 62
8 2 15 60
5 2 15 59
6 2 15 59
3 2 15 53
8 2 15 51
4 2 15 51
3 2 15 50
5 2 15 48
2 2 15 47
5 2 15 45
4 2 14 45
5 2 14 46
6 2 13 46
7 2 13 46
5 2 15 46
4 3 15 42
3 3 14 41
1 2 15 34
6 2 15 33
3 2 15 33
8 2 14 32
2 2 15 23
2 3 16 91
8 2 16 90
1 2 16 79
4 2 16 74
8 2 16 73
8 2 16 62
3 3 15 62
6 2 15 62
1 2 15 62
2 3 15 61
3 3 16 59
8 2 15 58
4 2 15 59
5 2 15 59
6 2 16 60
2 3 16 55
1 3 15 55
6 2 16 55
7 3 16 54
5 3 16 51
2 2 16 50
2 2 16 38
3 2 16 39
8 2 15 39
7 3 15 40
6 4 14 39
8 2 14 40
5 2 14 40
3 2 14 39
5 2 14 39
6 2 15 40
7 2 16 41
3 2 16 36
8 2 16 33
6 2 16 1
5 3 17 72
3 3 17 70
1 2 16 70
2 2 16 69
6 3 16 70
8 2 16 71
7 3 15 70
5 2 15 71
8 2 16 68
1 2 17 71
5 3 17 71
8 3 17 71
6 4 17 72
7 2 16 71
2 2 16 70
3 3 17 67
3 2 17 61
1 2 17 59
5 2 17 60
2 2 17 61
3 2 17 53
4 4 17 54
2 2 17 55
4 2 17 54
7 2 17 50
3 2 17 50
6 3 17 49
8 2 17 47
5 2 16 46
1 2 16 46
4 2 17 22
1 2 18 89
2 2 18 89
6 2 18 81
7 3 18 81
5 2 17 80
2 3 18 76
4 2 18 76
8 2 18 72
6 2 18 73
4 3 18 69
3 2 18 70
5 2 18 67
2 2 18 62
4 3 17 62
1 2 18 61
3 2 18 60
2 2 18 60
5 2 18 53
8 2 18 53
7 2 17 53
1 2 18 52
3 2 18 49
4 2 17 49
1 3 19 87
7 3 19 87
8 2 19 87
6 2 19 88
1 2 19 87
4 3 19 86
8 3 19 85
6 3 18 85
4 3 19 82
5 2 19 82
6 2 19 82
7 2 19 82
5 4 19 82
8 2 19 83
7 3 18 83
6 2 18 83
8 5 19 79
2 2 19 80
3 3 19 77
1 2 18 75
7 4 19 76
6 3 19 76
1 2 19 73
1 5 19 71
4 2 18 71
1 2 19 58
2 2 19 58
4 2 19 55
1 2 18 55
5 3 19 53
7 2 19 52
4 2 18 52
2 2 18 51
1 2 17 51
2 2 18 51
8 2 17 51
8 2 19 47
5 2 19 41
4 2 19 40
5 3 19 37
7 2 18 37
5 2 19 1
4 4 20 91
1 2 20 91
2 2 20 90
7 2 20 89
1 2 20 86
7 3 19 86
5 2 20 87
6 2 20 65
8 3 19 65
1 2 19 65
7 2 19 66
4 2 19 65
5 3 20 62
4 3 20 59
2 2 20 53
1 2 20 50
8 2 20 51
2 3 19 51
3 2 19 51
4 3 20 50
5 4 19 48
4 4 19 47
1 2 18 47
4 2 17 47
6 2 17 47
4 4 17 47
6 6 20 41
3 3 19 41
8 3 19 42
2 7 18 42
8 2 18 42
8 2 19 42
6 2 19 41
2 2 21 86
8 2 20 85
7 2 20 86
3 2 19 85
8 2 21 80
6 2 21 79
2 2 20 79
6 3 19 79
5 3 20 79
2 2 20 78
3 3 20 78
5 2 20 78
4 2 20 78
7 2 19 78
3 2 19 79
4 3 20 79
6 3 19 79
2 3 19 79
1 2 20 79
7 2 19 78
6 2 20 77
4 3 19 76
7 4 19 76
6 2 19 78
8 2 19 76
1 2 21 81
3 2 20 81
7 2 20 80
3 3 21 71
5 2 21 70
6 3 21 64
1 2 21 55
6 2 21 55
4 2 20 55
3 2 21 54
8 3 21 53
7 2 21 46
5 2 20 46
3 2 19 46
5 2 19 46
8 2 21 46
2 2 20 46
3 3 20 45
5 3 20 45
1 3 19 45
2 2 19 45
6 2 18 45
8 2 19 44
5 2 20 45
4 2 20 45
2 2 21 44
6 2 21 38
7 2 20 37
2 2 22 87
8 4 22 88
3 2 22 87
4 4 22 86
2 5 21 86
8 2 21 86
6 2 21 85
7 3 22 86
3 3 22 83
5 2 22 83
3 3 22 74
2 2 22 75
7 2 22 76
3 2 22 75
1 2 21 75
2 2 20 75
8 3 21 76
6 2 22 74
7 2 22 74
8 2 22 74
6 3 22 74
7 3 22 74
4 2 21 74
3 3 20 74
6 2 20 75
5 5 20 75
8 3 19 73
6 2 19 73
2 5 18 73
6 2 20 74
2 3 20 73
2 2 22 74
7 2 21 74
8 2 22 74
2 2 22 69
8 2 22 66
7 3 21 66
2 2 21 66
4 2 22 63
2 2 22 57
2 2 22 52
6 2 22 44
8 2 21 44
3 2 21 45
4 2 21 43
4 2 22 46
3 3 22 45
6 2 22 44
6 3 23 89
5 2 23 90
2 2 23 88
7 3 23 84
1 2 23 83
7 3 23 83
4 3 23 83
5 3 23 83
3 6 22 83
1 2 23 81
2 4 23 74
3 2 23 74
1 3 23 72
6 2 23 72
4 2 22 72
8 2 23 71
3 3 22 71
5 2 22 71
6 2 21 71
1 2 22 71
7 5 21 71
4 2 21 71
8 2 21 72
2 2 22 70
7 2 23 72
5 3 23 69
3 3 23 70
5 4 23 63
3 3 23 53
1 3 23 52
6 3 23 51
2 2 23 52
3 2 23 52
5 2 24 91
1 4 24 90
1 2 24 86
7 2 23 86
7 2 24 86
6 2 23 86
8 2 24 81
4 2 24 80
6 3 24 78
5 2 24 69
2 3 23 69
6 2 23 68
5 3 24 67
3 2 24 68
1 5 24 57
8 2 23 56
3 2 24 55
4 4 23 55
1 2 23 56
8 2 23 55
6 2 23 55
5 3 24 52
6 2 24 46
1 2 24 42
1 2 24 36
8 2 24 1
5 4 25 87
2 2 25 87
1 2 25 76
7 3 25 52
8 2 25 53
2 2 25 51
6 2 25 51
6 2 25 41
3 2 25 36
4 3 26 89
6 2 26 81
5 2 26 75
7 2 26 73
8 4 26 66
6 2 26 67
1 3 26 67
4 2 26 65
3 6 26 65
5 2 26 57
5 3 27 91
5 2 27 89
4 2 27 89
1 2 27 82
6 3 27 81
7 2 26 81
4 3 27 77
8 3 27 73
2 2 27 66
4 2 27 67
8 3 26 66
1 2 27 67
8 2 27 56
3 2 27 57
4 4 27 55
8 3 26 54
3 2 25 54
6 2 24 54
7 2 24 54
1 3 25 54
3 2 26 53
1 2 26 52
5 2 27 54
2 3 26 54
7 3 26 54
7 3 27 54
5 2 27 49
6 2 27 48
1 2 26 48
2 2 28 82
3 5 28 81
4 2 28 76
4 2 28 73
5 5 28 73
4 3 28 69
3 3 28 68
8 4 28 64
6 2 28 65
1 2 28 64
7 2 28 49
8 2 27 49
6 2 28 49
8 3 28 49
8 2 28 46
2 4 29 88
5 2 29 90
7 4 29 89
4 2 29 89
2 3 29 90
8 2 29 81
3 2 29 81
4 5 29 80
3 9 29 79
1 3 29 74
5 2 29 64
2 2 29 64
3 2 29 64
7 3 28 64
4 3 28 65
2 2 29 56
3 2 29 43
5 2 29 43
5 2 30 90
2 2 30 89
1 2 30 89
6 2 30 90
6 2 30 77
5 3 30 73
8 3 30 68
4 3 30 67
1 2 30 64
4 2 29 63
1 3 30 63
2 2 30 58
5 3 31 83
7 2 31 82
7 2 31 70
8 2 31 68
5 2 31 68
2 2 31 64
7 2 31 64
2 2 31 58
6 2 31 58
5 2 31 59
2 2 31 43
4 2 31 43
3 2 30 43
7 3 32 84
6 2 32 83
1 3 32 82
2 2 31 82
2 2 32 79
1 2 32 74
6 2 32 70
4 4 32 64
2 2 31 64
6 2 32 59
5 4 32 58
1 2 31 57
6 2 33 77
7 2 33 62
7 3 34 78
3 2 33 78
5 2 33 78
4 3 33 77
2 2 34 75
6 2 34 75
1 2 34 70
6 2 34 59
5 2 33 58
4 2 33 58
2 2 35 88
7 3 35 83
6 2 35 84
5 2 35 83
1 2 35 84
7 3 34 84
8 2 35 77
7 4 35 77
1 2 34 77
2 2 35 72
3 3 35 72
7 2 35 55
3 2 36 91
3 2 36 84
2 2 35 83
4 2 35 83
7 2 35 82
4 2 36 84
3 3 36 78
2 3 35 78
4 2 36 78
1 2 35 77
8 2 35 78
5 3 34 78
3 2 34 77
2 2 36 76
5 2 36 68
1 2 36 57
8 3 36 57
7 2 35 57
4 2 37 75
7 3 37 75
6 2 37 59
6 2 37 56
4 3 37 56
8 2 38 78
2 3 38 79
1 2 38 80
4 2 38 80
8 2 38 81
6 4 37 81
4 2 37 81
5 2 39 79
2 2 39 56
3 3 40 83
4 2 40 59
2 2 41 84
6 2 42 79
4 3 43 76
3 2 46 77
6 2 47 77
6 2 50 80
3 2 50 75
4 2 49 75
3 2 55 75
8 2 59 1
