6857
2452
4 2 1 98
4 2 1 95
7 5 1 93
6 2 1 81
8 4 1 81
4 3 1 80
7 3 1 81
3 3 1 75
2 2 1 73
7 2 1 72
6 3 1 72
8 2 1 71
1 2 1 70
7 2 1 68
8 3 1 58
5 2 1 56
1 2 1 45
5 4 1 41
4 2 1 38
8 2 1 32
3 2 1 32
6 2 1 33
7 4 1 34
6 2 1 35
1 2 1 35
3 2 1 35
7 2 1 30
3 2 1 29
8 2 1 29
3 2 1 29
1 2 1 26
5 2 1 19
1 2 1 15
6 2 1 7
7 2 2 92
5 2 2 89
2 3 2 87
1 3 1 85
5 2 2 83
1 2 2 83
2 3 2 79
4 2 2 77
7 2 2 77
5 3 1 76
7 2 2 76
4 4 1 75
8 2 2 76
1 3 2 77
4 2 2 76
3 2 1 75
5 7 2 77
8 2 2 70
4 3 2 68
6 2 2 69
4 2 2 65
6 3 2 59
4 2 1 59
5 2 1 60
3 2 2 58
3 2 2 54
8 2 2 53
7 2 1 53
5 5 2 51
8 2 2 51
1 2 2 45
2 2 1 45
8 2 1 46
5 4 1 45
3 2 2 45
2 2 2 44
6 2 2 42
2 2 2 42
7 2 2 43
8 3 1 43
6 2 2 33
5 4 1 33
6 3 1 33
4 3 2 30
3 2 2 31
5 2 2 30
8 2 2 30
7 5 1 29
2 2 2 31
3 2 2 28
1 2 2 26
4 6 2 22
3 4 1 22
8 2 1 22
1 3 2 23
2 4 2 24
4 2 2 19
7 2 2 20
5 2 2 20
4 3 1 20
1 2 2 20
5 2 2 17
7 2 2 10
4 4 2 10
6 3 1 10
3 2 1 9
4 2 1 9
5 3 2 6
8 2 1 6
2 7 1 5
4 2 2 7
6 2 2 7
2 2 3 92
3 3 3 91
5 2 3 90
6 5 3 84
2 2 3 86
5 2 3 84
3 2 3 85
4 2 3 86
6 2 3 82
5 5 3 79
7 6 2 79
8 2 2 80
4 2 1 80
6 3 1 81
2 2 1 82
4 2 1 83
4 2 2 84
7 2 1 83
4 2 2 83
6 3 2 80
4 2 2 80
2 2 3 84
3 2 3 84
8 2 2 83
5 2 1 83
5 4 3 84
6 2 2 84
1 4 3 85
1 2 3 83
2 3 2 82
5 2 3 80
4 3 3 80
7 2 3 79
4 3 3 77
3 3 3 77
7 2 2 76
5 2 2 76
2 2 1 76
8 2 2 75
1 3 2 75
2 3 2 74
6 2 3 72
5 2 3 72
3 2 3 73
4 2 3 74
1 2 3 71
8 2 3 72
2 2 3 71
7 4 3 65
2 2 2 65
3 4 2 65
2 2 3 67
1 5 2 67
5 4 2 66
7 2 2 67
3 2 1 66
7 3 1 66
6 2 3 65
8 2 3 66
7 3 3 65
7 2 3 63
1 2 3 59
6 3 3 55
8 2 3 49
3 3 2 49
1 2 1 49
5 3 2 50
2 4 1 48
4 3 1 48
5 4 3 50
7 4 2 49
1 2 3 51
4 2 2 51
6 2 2 50
2 3 3 43
3 2 3 42
4 4 2 42
7 2 3 42
5 2 2 41
4 2 3 42
4 2 3 39
1 3 2 38
6 2 3 40
1 2 3 39
7 2 3 35
1 2 3 36
5 2 3 36
6 3 2 36
7 3 3 18
3 4 3 18
8 2 3 9
4 3 2 9
7 2 3 7
7 3 3 2
8 2 2 2
4 4 3 1
1 2 3 1
2 2 3 2
7 3 3 2
5 3 2 2
4 2 1 2
6 2 3 3
2 2 3 3
5 2 4 98
5 2 4 96
2 2 3 95
3 2 4 96
8 2 4 92
6 2 4 91
3 3 4 86
7 2 4 86
1 2 4 86
4 2 4 84
8 4 3 83
7 3 4 84
2 2 3 84
1 3 4 83
6 2 4 83
5 3 4 83
4 2 3 83
2 3 4 81
6 2 4 80
2 2 4 69
8 2 4 67
6 2 4 67
2 2 4 66
4 2 4 67
7 3 4 65
8 2 4 64
5 2 4 64
1 2 4 59
8 3 3 59
2 2 4 50
6 2 3 50
3 2 4 49
6 3 4 49
7 2 3 49
4 2 4 46
5 3 4 38
8 2 4 18
1 2 4 16
4 2 4 14
2 2 4 7
8 2 3 7
2 3 2 7
8 2 2 7
1 2 4 3
7 2 5 97
5 2 5 93
4 6 5 92
1 3 5 92
2 2 5 87
3 3 5 88
6 2 5 89
1 2 5 89
1 3 5 79
5 4 4 79
2 2 4 79
4 2 5 80
1 2 4 79
3 2 4 80
7 2 5 81
6 2 4 80
1 3 3 80
4 5 5 81
2 2 5 79
8 2 5 79
7 2 5 74
2 2 5 72
5 4 5 72
1 3 5 72
2 2 5 70
3 2 5 66
7 2 5 66
1 2 5 64
2 3 4 64
5 2 4 64
4 2 5 64
7 2 5 65
3 2 5 54
5 2 5 48
4 2 4 48
8 2 5 49
6 2 5 48
5 2 5 43
4 2 4 42
2 2 5 40
1 3 5 41
6 4 5 41
5 2 5 39
7 4 4 39
4 2 4 39
7 2 5 39
3 3 5 39
2 2 5 39
8 2 5 28
7 3 4 27
3 2 5 28
5 2 4 28
3 2 5 12
1 2 5 12
6 2 5 13
5 3 5 12
2 4 5 10
4 2 5 9
5 4 5 8
8 3 5 8
1 2 5 8
3 2 4 8
7 3 4 8
6 2 3 8
3 2 3 8
1 2 2 8
2 2 4 8
6 2 3 8
4 5 5 9
7 3 5 7
1 3 5 3
2 3 4 3
4 2 4 4
3 4 4 3
7 3 4 4
6 2 4 4
1 2 3 4
1 2 5 5
5 2 4 4
4 2 4 4
2 3 5 6
7 2 5 6
3 2 4 5
8 2 3 5
2 2 6 94
4 2 6 90
8 2 5 89
4 2 4 89
2 2 4 89
6 4 5 88
5 2 5 87
3 2 6 88
4 3 5 88
5 2 6 87
1 2 6 77
4 2 6 76
5 3 6 70
8 4 5 69
5 2 6 69
8 2 6 65
4 2 5 65
8 2 6 57
2 2 5 57
5 3 4 57
7 3 3 57
1 2 2 57
7 2 2 58
4 2 3 58
3 2 2 58
1 2 1 58
2 3 3 59
5 3 2 59
3 2 2 58
3 2 3 56
5 2 3 56
7 2 3 57
6 3 4 57
3 2 3 56
2 3 4 57
4 6 4 57
1 2 3 55
7 2 5 57
8 2 5 57
3 2 5 55
5 2 5 56
1 2 5 57
4 2 6 60
5 4 6 61
3 3 6 59
2 4 6 60
5 3 5 59
2 3 6 59
8 3 6 59
1 2 6 59
3 2 6 54
5 2 6 54
1 2 6 52
8 3 6 52
6 2 6 53
3 2 6 51
7 2 6 49
3 2 5 49
6 3 6 48
4 3 5 48
1 3 5 48
8 2 6 50
7 2 5 49
4 2 5 49
3 2 5 49
8 3 6 43
5 3 6 42
4 2 6 36
8 4 6 35
4 2 6 28
2 2 6 24
5 3 6 25
6 2 6 14
8 2 6 12
6 2 5 12
7 2 4 12
5 3 3 12
6 3 4 12
7 2 5 11
8 4 6 11
3 3 6 9
8 3 6 9
4 2 6 5
1 4 5 5
4 3 7 94
7 2 7 89
2 4 7 90
7 2 7 86
2 2 7 86
8 4 7 86
5 2 7 86
4 2 6 86
2 4 7 84
7 2 7 85
4 4 7 86
8 3 7 85
6 2 7 85
5 3 6 85
2 2 6 86
1 3 5 86
3 2 7 87
8 2 7 87
7 2 7 84
3 2 6 84
1 3 7 83
3 2 7 79
1 2 6 79
2 4 7 70
8 2 7 71
7 2 7 71
6 2 6 71
7 2 6 71
4 2 5 71
1 2 5 71
5 2 6 71
6 2 5 71
1 2 6 71
2 2 6 72
3 2 5 71
5 3 5 72
4 2 5 73
2 2 7 72
3 2 7 67
7 2 7 68
6 3 6 68
5 2 7 67
6 3 7 59
3 2 7 58
2 3 7 58
8 2 7 58
7 5 6 58
8 2 6 58
4 2 7 58
2 2 7 58
5 2 6 57
6 2 7 57
1 3 7 56
5 2 7 53
6 3 7 52
2 3 7 43
3 2 7 38
5 3 7 37
3 2 6 36
4 2 6 36
8 2 7 38
4 3 7 37
8 2 7 31
1 2 7 31
4 2 7 32
7 2 6 32
5 2 7 32
1 2 7 25
3 3 7 24
2 2 7 24
6 6 7 24
3 2 7 26
7 3 7 23
8 2 6 23
6 4 7 23
5 3 7 23
4 2 7 15
2 2 6 15
6 3 7 16
4 2 7 9
3 2 7 7
2 3 6 7
5 2 7 7
7 3 7 7
7 3 8 92
5 2 7 92
8 2 8 92
8 3 8 86
2 2 8 87
1 2 7 87
4 3 7 88
5 2 7 89
1 3 7 89
1 3 8 83
5 2 8 84
8 3 7 84
6 2 8 83
1 2 8 83
7 3 8 84
3 2 8 83
3 3 8 73
2 2 8 73
4 2 8 56
5 2 8 55
3 4 8 50
7 2 7 49
3 2 8 43
5 2 8 42
1 2 8 43
3 2 8 37
3 2 8 35
2 2 7 35
4 3 8 34
4 2 8 16
4 5 8 13
8 3 7 13
2 2 7 12
1 3 8 12
6 2 8 13
5 2 8 9
8 2 8 5
6 2 9 97
4 3 9 95
8 2 9 94
7 3 9 95
1 2 9 81
8 3 9 80
3 2 8 79
1 2 7 79
6 2 9 78
8 3 9 79
1 2 9 78
7 2 9 78
6 3 9 75
8 2 9 72
2 4 9 67
3 2 9 67
5 2 8 67
6 3 9 67
1 2 8 66
2 2 9 66
6 3 8 66
4 2 7 66
8 2 8 67
3 4 8 66
2 2 8 65
5 2 9 55
8 2 9 54
1 2 9 55
7 4 8 54
2 2 9 53
5 2 9 53
4 2 8 53
5 2 8 53
3 2 8 53
6 2 8 54
8 3 7 53
7 4 7 53
8 3 8 54
6 3 7 53
4 3 7 54
6 2 7 53
4 2 8 55
6 2 8 53
1 2 9 54
5 2 9 52
8 3 9 51
5 2 8 51
8 2 9 49
2 2 9 50
7 2 9 29
3 2 9 29
4 3 8 29
4 2 9 29
3 2 8 29
5 2 9 21
1 2 9 17
4 2 9 17
6 2 9 10
7 2 8 9
4 2 8 9
6 2 7 9
2 2 6 9
1 3 7 9
7 2 9 6
8 3 10 98
8 2 10 92
7 2 10 89
4 2 10 89
3 3 10 76
1 2 10 71
3 4 10 67
6 4 9 66
7 3 9 67
4 2 8 67
6 2 8 67
2 3 8 67
5 2 10 64
7 2 10 60
6 2 10 53
7 2 10 48
8 4 10 47
3 2 10 47
6 3 10 48
4 2 9 48
1 3 8 48
8 3 10 47
4 2 10 48
6 3 10 48
2 2 10 47
5 2 9 47
7 2 9 48
2 2 8 47
4 2 8 48
2 3 9 47
7 3 8 47
4 3 9 48
8 2 10 40
7 2 10 37
1 2 10 36
4 3 10 34
4 3 10 31
5 2 10 31
6 3 10 32
3 2 10 31
7 4 10 32
1 3 9 31
5 2 9 31
2 2 10 32
5 6 10 32
6 3 10 27
1 4 9 27
5 3 8 27
4 3 7 27
1 2 10 24
5 5 10 15
7 3 9 15
6 2 8 15
1 2 10 14
6 3 10 13
1 4 10 9
7 2 10 10
2 3 11 97
7 2 11 96
4 3 11 91
1 2 11 88
6 2 11 88
5 2 11 89
8 2 11 90
7 2 11 91
4 2 11 88
1 2 11 78
5 2 10 77
2 6 9 77
1 2 9 77
4 2 9 76
1 3 8 75
7 2 8 76
3 2 11 77
1 2 10 77
2 2 11 76
6 3 11 72
4 2 11 65
3 2 10 65
2 2 10 64
3 4 11 59
5 3 11 59
1 2 11 60
7 2 11 61
4 4 11 59
7 2 11 57
5 6 11 56
3 2 11 52
2 4 11 49
7 2 11 47
4 2 11 46
6 2 11 43
1 2 11 40
6 2 11 37
2 2 11 37
3 4 11 29
5 2 10 29
3 2 10 30
6 2 11 31
4 2 10 31
6 3 11 27
8 2 11 28
3 2 11 28
6 3 11 20
8 2 10 19
3 2 11 14
2 2 11 11
5 2 11 10
3 3 11 10
7 2 11 7
6 2 11 6
7 2 11 4
6 4 12 98
4 2 11 98
8 2 12 97
5 2 11 97
7 2 12 97
1 2 12 97
2 5 12 94
2 2 12 90
4 3 12 90
7 2 12 90
3 3 11 89
8 3 11 88
6 2 11 89
3 2 10 88
4 2 12 89
5 2 12 87
8 2 12 86
4 2 12 51
1 2 12 48
5 2 11 48
2 2 12 41
3 3 12 37
1 2 12 35
6 2 12 34
5 4 12 35
2 2 11 35
8 2 10 35
3 2 10 35
7 2 10 34
2 3 11 34
5 2 11 34
1 2 11 33
4 2 12 31
1 2 12 28
7 2 12 27
6 3 12 25
7 3 12 24
3 2 12 24
7 2 12 17
3 3 11 17
8 2 10 17
8 2 11 17
4 2 11 16
6 2 12 8
8 2 12 2
6 2 11 1
7 2 13 96
5 2 12 96
3 2 13 97
2 2 12 97
5 2 13 98
1 2 13 95
3 4 13 93
1 2 12 92
2 2 13 94
2 2 13 87
8 2 13 80
6 2 13 75
7 2 13 75
8 3 13 73
7 2 12 73
8 2 12 73
1 2 13 72
6 3 13 65
7 3 12 65
1 2 13 60
1 2 13 57
3 2 13 58
2 2 13 41
8 2 13 41
7 4 12 41
5 2 11 41
1 3 12 40
2 2 13 39
4 2 13 40
3 4 13 40
8 2 13 39
7 2 13 32
6 2 12 32
6 2 13 32
6 3 13 20
2 2 13 20
8 2 12 19
4 2 13 19
2 3 13 19
5 2 13 15
2 2 13 15
8 2 12 15
7 2 13 10
3 2 12 9
2 2 12 9
4 2 12 10
2 2 12 10
1 4 12 11
5 2 12 8
3 4 11 7
6 2 11 7
8 2 10 7
8 2 12 7
7 2 12 6
3 2 12 7
6 6 11 7
5 4 12 7
7 2 13 7
3 2 13 3
8 3 13 3
6 2 13 2
4 2 14 95
6 3 14 93
4 2 14 85
2 4 14 79
4 2 13 78
4 2 14 76
8 2 13 75
1 2 14 76
2 4 14 70
3 2 14 71
5 3 14 70
8 3 14 70
4 2 13 70
1 2 14 67
6 2 14 64
4 3 14 62
5 2 14 61
5 2 14 56
2 3 13 56
5 3 13 56
2 2 13 56
4 2 12 56
8 2 12 56
8 2 13 57
3 3 13 57
7 2 13 55
3 2 13 54
4 2 14 58
2 2 14 51
8 3 14 31
7 2 14 25
2 2 14 19
6 2 14 20
5 2 14 21
6 2 14 22
8 3 13 22
3 3 12 22
5 4 11 22
3 3 14 22
1 3 13 21
6 2 12 21
1 3 11 21
3 4 10 21
8 2 11 22
7 4 11 22
6 2 12 20
3 2 12 20
5 2 14 19
6 2 14 15
8 3 14 16
3 3 13 16
4 3 13 16
1 4 13 16
2 3 12 16
6 3 12 17
7 2 12 17
1 2 11 17
6 2 11 17
4 2 11 18
5 5 12 18
2 2 12 17
6 2 12 16
4 3 13 18
1 2 12 18
5 3 12 18
7 2 13 19
6 3 13 17
5 2 13 16
7 3 12 15
4 2 14 20
7 2 14 4
2 5 14 3
6 5 15 98
2 2 15 96
3 2 15 95
1 4 15 93
3 2 15 92
8 3 15 91
1 2 15 84
8 3 15 78
1 2 15 78
4 2 15 78
4 2 15 72
5 3 15 71
7 2 15 65
8 2 15 63
5 2 15 63
6 2 15 60
5 2 15 61
7 2 14 61
3 4 14 60
6 3 13 60
1 3 13 60
8 2 14 60
1 3 14 59
4 2 15 63
6 2 15 61
4 3 15 61
8 2 15 62
4 2 15 51
1 2 15 48
3 2 15 42
1 3 15 37
7 2 15 35
5 2 15 32
8 2 15 26
6 2 14 26
8 2 13 26
3 3 15 27
3 2 15 13
2 2 15 10
2 2 15 8
1 3 14 8
4 3 15 8
6 2 15 7
3 3 14 6
2 2 14 5
5 3 13 5
4 3 13 5
5 3 14 5
4 3 14 5
6 2 13 4
4 2 15 2
5 2 16 98
5 4 16 79
1 2 16 74
7 2 16 72
3 2 16 73
6 2 15 72
8 3 16 67
7 2 16 68
4 2 16 65
6 2 16 65
3 2 15 64
1 3 16 64
6 2 15 63
2 2 16 53
3 2 16 47
6 2 16 47
6 2 16 44
1 3 16 41
4 2 16 39
1 3 16 39
6 4 15 39
8 2 16 41
8 2 16 36
2 2 16 34
7 2 16 35
1 2 16 34
7 4 16 30
3 2 16 3
5 2 16 2
6 2 17 94
1 2 17 94
4 2 16 93
2 2 15 93
5 2 16 94
8 2 15 93
3 2 17 95
7 2 16 95
6 2 16 94
8 2 17 95
6 2 17 95
5 2 17 96
6 3 17 92
2 2 17 88
4 2 17 85
5 2 17 82
6 2 17 76
4 2 17 71
3 5 16 70
6 3 17 71
7 2 17 71
6 2 17 66
6 3 17 52
8 2 17 38
3 2 17 35
6 4 16 35
5 4 16 35
7 2 17 24
3 2 17 23
5 2 17 20
8 2 17 21
6 2 16 21
7 2 16 20
8 2 16 21
1 2 15 20
6 2 14 20
4 2 15 21
6 2 15 22
3 2 15 21
3 2 16 20
4 2 17 17
1 2 17 14
3 2 17 3
8 2 16 3
7 3 16 3
6 3 15 3
2 2 15 3
1 2 14 3
4 2 15 3
3 2 15 4
5 2 15 5
1 2 14 5
8 2 15 6
6 2 15 2
1 3 15 3
2 2 14 3
8 4 14 1
3 2 17 4
2 2 16 4
7 2 17 2
4 2 16 2
3 2 16 2
1 3 17 2
8 2 16 1
4 2 16 2
8 2 18 88
7 3 18 79
5 2 17 79
7 2 16 79
2 2 15 79
6 4 15 80
6 4 16 79
4 2 16 80
2 3 16 81
7 2 15 79
1 2 14 79
7 2 14 79
3 2 15 80
5 2 14 80
8 2 17 82
1 2 16 81
2 2 17 79
2 2 18 83
1 3 18 82
3 2 18 83
8 2 18 82
4 2 18 81
5 4 18 80
2 2 18 80
6 2 18 74
4 4 18 71
6 5 17 69
4 3 18 71
5 2 18 63
3 2 18 61
1 4 18 61
5 2 17 60
2 2 18 62
8 2 18 58
5 3 18 46
1 2 18 39
5 2 18 39
3 2 17 39
2 3 16 39
3 2 16 39
7 2 16 39
5 2 18 41
7 3 18 35
8 3 18 32
7 2 18 30
5 2 18 30
5 2 18 24
6 3 18 24
1 5 18 22
8 2 18 23
7 3 17 23
7 2 18 15
8 2 18 11
4 3 18 3
1 2 17 2
8 2 18 3
6 3 19 95
8 5 18 95
5 3 18 94
8 2 18 94
3 2 19 94
7 2 19 95
5 2 18 94
2 2 18 94
6 2 18 95
8 2 18 95
7 2 19 88
6 5 19 89
5 2 19 89
6 2 19 88
3 2 19 89
1 2 19 79
7 2 18 78
5 2 18 78
6 2 18 78
6 2 19 77
8 3 19 76
1 2 19 76
5 3 19 76
7 3 18 76
3 2 19 77
6 3 19 61
4 2 18 61
5 2 18 61
8 2 17 60
6 5 17 61
4 4 16 60
8 2 16 60
8 2 18 60
3 2 17 59
6 2 19 57
2 2 19 58
4 2 19 58
5 6 19 53
3 2 19 52
4 2 19 53
4 2 19 43
6 2 19 42
7 2 18 42
7 3 19 42
3 4 19 41
1 2 19 41
5 2 19 39
8 2 19 37
6 2 18 37
2 2 17 37
1 2 19 36
7 2 19 33
7 2 19 22
6 3 19 19
1 2 19 2
7 2 19 2
2 3 19 3
6 2 19 2
1 2 19 2
7 5 19 2
4 3 18 2
3 2 19 3
3 2 20 97
2 2 20 83
5 2 20 82
6 2 19 82
3 2 18 82
4 2 18 83
2 2 19 82
7 2 18 82
5 3 17 82
2 2 20 78
8 4 20 76
3 5 20 73
4 2 19 73
3 3 19 73
1 2 18 73
7 3 20 73
3 2 19 73
4 2 20 71
6 2 20 69
1 2 20 70
5 3 20 71
7 4 20 67
1 4 20 66
8 2 20 49
3 2 19 48
2 2 20 43
8 2 20 41
4 2 20 40
5 3 20 38
1 2 20 38
8 2 20 35
7 2 19 35
1 3 20 34
8 3 20 34
3 2 20 33
2 3 20 32
4 2 20 31
2 3 20 31
5 3 20 32
4 2 20 33
1 3 20 34
5 5 20 35
7 2 20 35
1 2 20 35
5 2 20 27
4 2 20 22
5 2 20 12
1 2 20 13
3 2 19 13
8 2 20 12
1 2 20 7
8 2 19 6
2 2 19 7
1 2 20 4
8 3 19 3
6 3 18 3
5 3 18 4
2 4 19 4
4 2 19 4
1 2 20 4
6 2 20 2
2 3 19 2
7 3 18 2
3 3 17 2
6 2 20 2
1 3 21 89
8 3 20 89
3 2 20 89
2 2 19 89
1 2 19 90
3 2 21 88
7 2 21 82
3 2 20 81
6 3 21 68
8 2 21 69
6 2 21 63
1 2 21 63
5 2 21 61
1 2 20 61
6 2 20 61
2 2 21 60
6 3 21 56
8 3 21 55
1 2 21 55
4 2 20 55
7 2 21 42
1 2 20 42
8 2 21 42
6 5 21 37
5 2 21 28
6 5 21 29
3 2 21 25
2 2 21 21
1 4 20 21
6 2 21 21
2 2 21 21
8 2 20 21
6 2 21 16
2 2 21 16
3 3 21 11
5 4 21 8
4 2 21 4
5 2 21 4
2 3 21 4
3 4 21 5
4 3 21 5
5 5 21 5
6 3 20 5
3 2 20 6
6 2 20 6
7 2 21 4
8 2 20 4
3 2 19 4
7 2 19 5
5 2 19 6
4 2 19 4
1 3 18 4
6 2 20 6
3 2 20 6
3 3 22 98
7 4 22 96
8 3 22 96
7 2 22 96
5 2 22 96
2 2 22 97
6 2 22 97
1 2 22 98
3 6 22 98
6 2 22 98
4 2 22 94
5 2 22 93
7 2 21 93
5 4 22 89
8 2 22 83
3 2 22 84
4 2 21 84
5 3 21 83
6 2 22 76
4 2 22 54
6 2 22 53
7 2 21 53
4 2 22 53
3 2 22 51
4 2 22 51
4 2 22 46
7 2 21 46
1 2 21 46
5 3 21 46
2 2 21 46
4 3 20 46
5 3 20 46
8 3 20 46
2 5 20 46
7 2 20 45
1 2 19 45
2 3 21 46
7 2 22 45
8 2 22 45
8 2 22 42
1 3 21 42
4 2 21 42
5 2 21 42
3 3 20 41
2 2 20 42
8 3 22 41
4 3 21 40
2 3 22 40
8 2 21 40
3 3 22 41
1 2 22 39
6 3 21 39
3 3 22 29
5 2 21 29
1 2 20 29
6 2 22 30
4 3 22 29
1 2 22 28
5 3 21 27
7 2 21 28
8 3 20 28
2 3 19 28
4 3 19 28
8 3 18 28
7 2 19 29
1 2 20 28
2 2 20 27
6 3 20 27
3 2 19 27
3 4 21 28
2 2 20 27
8 2 20 27
4 2 19 26
6 2 21 28
5 3 20 27
6 3 22 28
5 3 22 29
2 2 22 29
3 3 22 28
7 2 21 27
2 2 22 28
7 2 22 9
7 2 23 94
4 3 23 93
6 3 22 93
6 2 23 89
5 2 23 89
2 2 22 88
4 2 23 81
5 2 23 81
3 4 23 81
1 2 22 80
6 3 23 79
6 3 23 77
8 7 22 77
7 7 22 78
3 3 21 76
6 2 23 78
3 2 23 78
8 4 23 78
2 4 23 75
4 4 23 76
8 5 22 74
5 2 22 75
8 2 23 75
5 2 23 67
2 2 23 68
1 2 23 67
6 5 23 61
2 3 22 60
4 2 23 62
1 2 22 61
7 2 23 61
5 3 23 61
2 3 22 61
4 2 23 62
7 2 22 62
4 2 22 62
2 2 23 48
8 2 23 43
3 3 22 43
4 3 23 40
8 2 22 40
3 2 22 40
7 2 22 39
1 4 23 31
3 4 23 21
1 5 23 21
8 4 23 22
5 3 22 21
7 2 23 20
6 2 23 20
2 3 23 19
8 2 22 18
7 2 22 17
1 4 23 12
3 3 22 12
1 2 23 14
4 2 23 14
8 2 23 5
7 4 22 5
1 3 21 5
3 2 23 1
7 3 24 88
8 2 24 84
1 3 23 84
8 2 23 84
6 2 23 84
5 2 23 85
4 4 23 83
2 3 22 83
5 2 23 82
3 2 24 86
6 2 24 85
1 2 24 82
5 2 24 82
5 2 24 77
6 2 24 78
1 3 24 79
2 2 24 76
1 4 24 72
4 3 24 72
6 2 24 71
2 2 24 72
7 2 24 72
1 2 24 72
7 2 24 70
2 3 24 66
5 2 24 58
7 2 23 58
1 5 22 58
2 2 24 59
7 2 24 54
7 2 24 45
3 2 24 44
3 2 24 39
1 2 24 40
6 2 24 39
4 3 24 35
5 4 24 36
3 2 24 33
8 2 23 33
5 4 22 33
5 2 23 33
1 3 24 31
3 2 24 32
6 3 24 27
7 2 24 27
8 2 24 28
3 3 23 28
8 2 23 29
4 2 24 18
2 2 23 18
3 2 22 18
8 3 24 17
7 3 24 15
4 4 24 16
1 2 23 16
8 2 23 16
7 2 23 17
5 2 22 17
1 2 24 14
5 2 24 14
3 3 23 14
7 2 24 11
6 4 23 11
7 2 24 10
8 2 24 9
3 2 24 8
7 3 24 5
1 3 23 5
3 2 23 6
6 6 22 6
7 5 21 6
3 2 22 7
2 2 24 7
7 3 24 7
4 2 24 8
4 2 24 3
1 2 23 3
7 2 23 2
2 2 25 98
6 5 25 98
8 2 25 98
3 2 24 98
1 2 23 98
5 2 23 98
7 2 23 97
7 2 24 97
3 2 25 95
8 2 25 96
2 2 24 95
2 2 25 85
8 3 25 82
2 2 25 82
5 5 25 80
2 3 24 80
7 3 25 80
3 2 25 80
1 3 24 80
7 2 24 80
5 2 24 80
8 2 23 80
1 2 23 81
2 3 22 80
8 2 23 80
3 2 23 81
6 2 22 81
4 2 22 81
8 3 21 80
2 2 20 80
5 2 21 81
1 2 21 82
7 2 21 83
7 2 21 80
7 2 24 80
2 4 25 77
4 2 25 72
5 2 24 72
8 3 24 73
8 3 25 69
1 4 24 69
3 2 24 70
5 2 24 70
7 2 25 68
6 2 24 68
5 3 25 64
7 2 25 60
5 3 24 60
3 2 23 60
8 2 25 61
4 2 25 62
7 3 25 63
5 4 25 61
1 3 25 62
2 2 25 60
6 2 24 60
6 2 25 58
8 2 25 59
2 2 25 59
1 2 24 59
4 2 23 59
3 2 25 59
7 2 25 60
4 2 25 53
1 5 25 44
2 2 24 42
7 2 23 42
3 2 23 43
4 2 23 44
5 4 23 45
6 2 24 42
5 2 24 43
6 2 25 45
7 2 25 35
4 2 24 35
6 2 24 36
1 3 23 36
6 2 23 37
5 2 25 33
3 2 25 33
2 2 24 32
5 2 25 24
1 2 25 15
8 5 25 9
3 2 25 10
7 2 25 10
5 2 24 10
7 2 25 8
5 3 24 8
1 5 25 5
7 2 25 5
2 2 25 5
3 5 26 95
2 2 25 95
6 2 25 96
8 2 24 95
3 2 26 93
3 3 26 74
1 2 26 74
4 3 25 74
2 3 25 74
8 5 26 75
7 3 25 75
2 3 25 75
7 3 25 75
8 2 25 76
6 3 25 74
5 2 25 73
3 2 24 73
5 3 23 73
1 2 26 75
7 2 26 75
5 2 26 75
8 3 26 74
2 4 26 73
8 2 25 73
7 2 26 64
6 2 26 62
8 3 25 62
5 3 26 64
2 3 26 63
6 4 26 56
3 2 26 54
5 2 25 54
4 2 26 53
7 2 26 52
2 2 26 32
8 5 26 29
4 5 26 28
2 2 26 19
4 2 26 20
3 5 26 18
8 3 26 14
8 2 26 12
6 2 26 12
3 2 26 11
5 2 26 8
2 2 27 96
4 2 26 96
5 2 27 96
6 3 27 93
7 2 27 94
2 2 26 93
4 2 26 93
8 3 27 95
7 2 27 94
6 5 27 89
3 2 27 89
2 3 27 86
3 2 27 86
7 2 27 86
4 3 27 77
3 2 26 77
2 2 27 76
1 2 27 77
8 2 27 74
3 3 27 73
7 2 27 73
3 5 27 64
8 3 27 65
1 2 27 61
3 2 26 61
8 2 26 61
6 2 26 61
7 3 27 62
8 2 26 60
1 2 26 60
2 2 25 60
6 4 25 60
1 2 27 62
2 3 27 58
5 2 26 57
6 3 27 59
4 5 27 57
1 3 27 56
2 2 26 55
7 2 27 56
4 2 27 46
8 2 27 47
3 3 27 45
5 3 27 39
5 2 27 31
6 2 27 31
1 3 27 26
8 2 27 24
1 3 27 23
7 2 27 21
2 4 27 17
8 2 27 18
4 2 27 17
5 2 26 16
2 2 27 16
3 3 27 17
6 3 26 16
3 2 25 16
7 2 26 17
2 2 26 16
4 3 26 16
8 2 25 16
2 2 25 16
1 2 27 18
4 2 27 19
2 2 27 20
5 3 26 20
7 2 26 20
8 2 26 20
1 2 26 20
6 2 25 20
5 3 25 19
3 2 26 19
4 2 26 20
7 2 27 19
2 2 27 16
6 2 27 9
8 4 27 6
2 2 26 6
1 5 27 4
7 2 27 3
7 2 28 90
8 5 28 90
5 2 27 89
7 3 27 89
4 6 27 90
3 3 27 90
5 2 27 90
1 4 27 88
8 3 26 88
1 2 28 88
6 2 28 89
8 2 27 88
5 3 28 87
3 3 27 87
8 2 27 87
6 3 26 87
6 3 28 84
7 2 27 83
4 3 28 85
2 3 28 82
1 2 28 82
6 2 28 75
2 2 28 76
1 3 28 74
4 2 28 70
1 2 27 70
5 2 27 70
3 2 26 69
8 2 26 69
5 2 25 69
8 2 28 65
1 2 28 63
5 3 28 62
3 2 28 60
7 2 28 60
1 2 28 59
6 2 28 59
1 2 28 57
3 4 27 57
7 2 28 56
4 2 28 56
8 3 28 56
2 2 27 56
7 3 27 57
6 2 26 57
3 2 25 57
2 2 25 57
4 2 25 56
3 5 24 55
1 3 24 54
6 3 25 54
5 3 25 55
4 2 24 55
3 2 24 55
1 3 24 56
6 2 24 54
7 2 26 56
8 2 25 56
5 2 25 57
1 2 25 56
7 2 25 56
3 3 25 57
4 2 25 58
5 2 25 56
7 2 25 56
4 3 24 55
7 2 23 55
6 2 22 55
8 3 21 55
2 3 22 56
6 2 23 57
8 3 22 57
1 2 25 59
7 3 24 58
8 3 24 59
3 2 24 60
4 2 24 59
3 3 24 58
5 2 23 58
2 2 24 58
6 2 24 57
4 2 26 56
2 2 26 55
3 2 26 55
1 3 26 55
8 2 27 55
2 2 28 49
7 2 27 49
2 3 26 49
1 2 26 48
4 2 28 48
1 2 28 45
4 5 27 44
8 2 28 44
8 2 28 41
4 3 27 41
6 2 28 42
3 5 28 43
7 2 28 38
2 2 28 38
3 4 27 38
4 2 28 37
8 2 28 36
2 4 27 36
1 2 28 36
6 2 28 37
1 2 27 37
5 2 26 37
6 2 27 38
8 2 26 37
7 2 26 38
3 2 25 38
1 2 25 37
2 3 26 38
3 2 26 38
5 2 25 37
7 2 27 39
8 4 28 39
4 3 27 38
8 3 27 38
6 3 28 34
7 2 28 34
7 2 28 20
4 2 27 20
5 2 27 20
6 2 28 19
8 3 27 19
2 2 27 18
8 3 26 18
5 4 27 17
3 2 27 18
3 2 28 19
8 3 28 17
1 2 28 13
7 3 28 13
2 2 27 12
4 2 28 11
8 3 28 10
1 3 27 10
3 2 28 10
1 4 28 9
8 3 28 10
2 2 27 10
5 2 27 10
7 2 27 10
4 2 26 10
3 2 26 9
2 2 25 9
8 2 26 9
5 2 25 9
3 2 28 10
4 2 28 8
2 2 27 8
7 2 27 8
1 2 26 8
2 2 26 8
8 3 26 8
6 2 29 97
8 2 29 89
5 2 28 89
3 2 29 90
7 3 29 87
3 3 29 86
4 2 29 84
2 2 29 77
3 4 29 75
6 3 29 67
2 2 29 67
6 2 29 67
1 2 29 55
8 2 29 56
1 3 29 55
5 3 29 51
5 2 29 46
4 5 29 45
4 2 29 41
3 2 29 41
8 3 28 41
4 2 28 42
5 4 27 41
1 3 27 42
5 2 29 43
4 2 29 35
6 2 29 36
6 2 29 27
8 4 29 27
7 3 28 27
1 2 28 27
2 2 28 26
6 3 29 29
5 3 29 24
1 2 29 14
6 2 29 10
7 3 28 10
6 2 28 11
5 2 30 98
2 2 30 89
4 3 29 88
8 3 29 88
7 2 28 88
1 2 29 87
2 2 30 87
5 2 30 87
3 2 30 87
7 2 30 86
6 3 30 86
7 2 30 82
2 2 29 82
5 5 28 82
4 2 30 83
2 2 30 72
7 3 30 73
2 2 30 63
4 4 30 63
8 2 30 62
2 2 30 52
1 2 30 52
8 3 30 52
5 3 30 51
8 5 30 48
7 2 30 37
8 2 30 37
2 2 29 37
4 3 30 37
5 2 30 36
7 3 29 36
7 2 30 36
8 2 30 31
3 2 30 31
2 3 29 31
4 3 29 30
5 2 30 29
8 2 30 28
4 2 30 28
1 2 30 28
2 2 30 21
3 2 30 17
4 2 30 13
8 3 29 13
2 3 29 14
1 4 30 13
4 2 30 10
3 2 30 11
8 2 29 11
6 3 29 11
5 2 29 10
3 2 30 7
2 2 29 7
7 2 29 7
6 2 30 5
7 3 30 6
8 2 30 6
2 2 31 98
1 6 30 97
5 3 30 97
3 2 31 98
7 2 31 96
1 4 31 85
1 2 31 83
5 2 31 76
7 2 31 75
1 3 31 70
7 2 30 69
4 2 30 68
3 2 31 67
7 2 31 66
5 4 30 66
4 2 30 65
1 4 29 65
2 2 30 65
3 4 31 66
8 2 31 66
8 2 31 55
6 2 31 55
2 6 31 45
3 3 31 45
5 2 30 45
1 4 30 45
5 2 30 43
7 2 31 44
6 2 30 44
8 2 31 43
3 2 31 44
4 4 30 43
1 3 29 43
7 2 30 43
5 2 29 43
3 2 30 42
5 2 30 42
6 3 31 39
4 3 31 37
2 2 30 37
4 2 31 35
6 3 31 34
3 2 31 30
5 3 31 31
4 2 31 31
1 2 30 30
2 2 31 26
6 2 31 26
7 2 31 20
6 2 31 19
1 2 31 20
6 3 31 5
5 3 32 97
2 2 32 98
6 3 32 84
7 3 32 76
5 2 32 64
8 2 32 63
2 3 32 64
6 2 31 62
7 2 31 63
1 2 30 63
2 2 30 63
1 2 31 63
7 2 32 49
6 2 32 48
7 2 31 47
8 3 32 49
7 3 32 48
4 2 32 48
6 2 32 49
8 2 32 48
4 3 32 45
8 2 32 41
4 2 31 41
1 2 31 41
3 3 31 41
5 2 31 40
7 2 32 42
2 2 32 39
5 2 31 38
3 2 31 39
1 5 30 38
3 3 32 40
7 6 32 37
7 2 32 34
5 4 32 19
8 2 32 15
1 2 32 15
5 3 32 14
8 2 32 15
5 2 32 8
1 4 33 97
3 2 32 96
3 2 33 78
6 2 33 64
8 3 33 64
7 2 32 64
4 2 33 63
1 2 33 64
6 3 33 54
3 3 33 52
2 3 33 48
7 2 33 49
4 2 32 49
5 3 33 49
8 2 32 49
2 2 31 49
3 2 33 48
7 2 32 47
2 3 33 47
4 2 33 39
2 2 33 38
6 3 33 33
8 2 33 32
2 2 33 32
7 2 32 31
6 2 33 30
5 2 33 31
1 3 33 26
4 3 33 14
8 2 33 11
1 3 34 98
2 4 34 96
5 3 34 93
1 3 34 89
6 3 34 90
5 2 33 90
8 2 33 91
6 2 32 90
5 3 32 91
6 2 34 90
7 3 34 85
3 2 33 85
4 3 33 86
2 2 34 87
3 2 34 87
5 3 34 86
6 2 34 85
1 2 34 85
7 2 34 84
8 2 34 85
1 2 34 85
2 3 34 73
7 2 33 72
8 2 34 69
3 2 34 67
6 2 34 67
4 3 34 67
1 2 34 54
4 2 34 54
8 2 34 53
3 3 34 53
5 3 34 52
5 2 34 43
2 3 34 36
6 3 33 36
8 2 33 36
5 2 34 38
1 2 34 34
5 2 34 35
7 3 34 34
4 2 34 35
5 2 34 33
1 2 34 29
2 2 34 26
7 4 34 26
2 2 34 26
3 2 34 27
8 3 33 26
6 3 33 27
3 3 32 26
2 2 32 27
4 3 32 27
7 2 33 25
7 2 34 18
5 2 34 18
4 2 34 18
3 3 34 16
4 3 34 11
8 2 34 12
7 5 34 11
3 2 34 12
7 2 34 11
8 3 34 10
1 2 34 11
7 2 33 10
2 2 33 11
2 3 34 6
4 5 35 95
2 2 35 90
7 4 35 84
8 4 35 72
5 2 34 72
6 2 35 68
3 4 35 68
7 2 35 69
3 2 35 66
4 3 35 62
3 2 35 50
1 4 34 50
7 2 35 50
6 3 35 45
7 3 34 44
1 2 35 43
4 2 35 40
8 2 34 39
6 2 34 39
1 2 35 38
8 3 35 25
6 2 35 23
7 3 35 22
1 3 35 22
4 2 35 16
5 2 34 16
2 2 35 15
3 2 36 92
7 3 35 91
6 2 36 91
2 2 36 72
8 2 35 72
3 2 36 71
1 2 36 66
7 2 36 67
2 4 36 50
4 2 36 43
7 2 36 44
6 2 36 43
1 2 36 44
4 2 36 32
7 2 36 33
7 2 36 21
3 2 35 20
5 2 36 18
6 2 36 19
8 2 36 14
6 2 35 14
5 4 36 13
2 2 36 13
7 3 36 14
6 2 36 11
7 2 36 6
3 2 37 97
4 2 37 96
1 4 37 86
2 2 36 85
6 2 35 85
2 2 37 67
6 2 37 67
7 3 37 68
4 4 37 62
6 2 36 62
8 2 37 61
6 2 37 61
4 2 36 61
4 2 37 53
8 3 37 45
2 2 37 44
3 5 37 29
7 3 37 29
7 3 37 19
1 2 37 19
4 2 37 20
1 2 37 21
4 2 37 22
6 2 36 22
6 3 37 19
8 2 36 19
5 2 37 13
3 4 36 12
5 2 36 12
7 2 37 14
8 4 37 12
2 3 37 13
5 2 38 94
6 2 38 86
2 3 38 78
3 2 38 74
2 2 38 73
3 2 38 70
2 2 38 63
8 2 38 54
5 2 38 54
6 4 38 32
6 2 38 23
4 3 38 23
7 3 38 14
8 3 38 14
1 2 38 14
6 2 38 12
7 3 38 13
2 2 38 13
4 6 37 13
6 2 36 13
1 2 37 13
5 2 37 14
6 2 37 14
8 3 37 14
7 2 38 12
2 2 39 97
3 2 38 97
4 2 38 97
5 2 37 97
1 2 38 97
4 2 39 96
3 2 39 74
8 3 39 71
6 4 38 71
2 2 39 54
7 2 39 52
6 2 39 36
6 3 39 25
6 3 39 22
5 2 38 22
6 2 39 18
5 2 39 14
4 2 39 15
3 3 40 92
7 2 40 93
6 2 39 93
1 5 38 93
3 2 40 81
7 2 40 70
8 2 39 70
1 2 38 70
6 2 37 70
1 2 37 71
5 2 39 70
5 2 40 63
2 2 40 63
7 2 40 52
1 3 40 52
5 3 40 46
2 4 40 25
1 2 40 18
2 2 41 97
6 3 40 97
1 2 39 97
7 2 41 95
2 3 41 95
6 2 41 94
6 2 41 35
2 2 40 34
8 2 40 35
2 2 41 30
4 6 41 24
3 3 40 24
1 3 41 25
2 2 41 22
1 2 41 13
3 4 42 94
8 2 42 91
3 2 42 91
5 2 42 92
7 3 41 92
4 3 41 93
6 2 42 91
5 2 42 91
1 3 41 91
3 2 41 91
2 5 41 91
6 3 40 91
5 2 40 91
8 3 39 91
4 2 38 91
4 3 39 91
1 2 41 91
2 2 40 91
5 3 41 91
8 2 42 91
2 2 42 91
1 2 42 86
1 2 42 69
8 2 42 68
2 4 42 32
5 4 42 25
4 2 42 15
1 2 42 11
6 3 42 11
8 2 42 1
4 2 43 95
6 2 43 94
7 4 43 94
5 3 42 94
2 3 43 92
1 2 43 92
7 2 42 92
6 2 43 92
8 2 42 91
6 2 43 87
3 2 43 69
6 2 42 69
2 2 43 64
1 2 43 63
1 2 43 51
3 4 43 50
5 2 43 44
4 2 43 44
6 2 43 36
7 2 42 36
2 3 43 33
5 3 42 33
3 2 41 33
7 2 42 32
1 2 41 32
4 2 42 33
6 2 43 23
8 2 43 14
5 2 43 1
2 2 44 81
4 2 43 81
6 3 44 69
2 2 44 64
6 3 44 63
8 4 44 47
3 2 44 47
5 2 43 47
6 2 44 45
8 3 44 1
6 2 45 81
6 3 45 68
4 2 45 64
7 2 44 64
4 2 45 44
1 2 45 44
1 2 45 30
3 2 45 15
6 2 45 15
7 2 44 14
2 2 46 90
1 2 46 90
1 2 46 64
5 5 46 30
6 2 46 25
4 2 46 15
7 2 47 98
5 2 46 98
7 2 47 92
7 2 47 64
6 2 47 62
2 2 47 24
1 2 47 24
4 2 47 23
1 2 48 78
5 2 48 77
6 2 48 77
3 3 48 74
8 2 48 63
3 2 48 51
5 2 48 52
4 2 47 52
6 2 48 50
4 2 47 50
2 2 48 24
7 2 49 90
7 2 49 34
4 2 49 25
5 2 49 25
4 2 50 44
2 2 49 44
1 2 48 44
7 2 47 44
4 2 46 44
5 2 50 25
4 2 49 25
1 2 50 24
5 2 51 46
1 2 51 24
3 2 52 51
8 2 52 46
1 2 53 50
6 2 53 23
1 2 54 50
5 3 54 51
1 2 54 24
5 2 57 46
8 3 57 25
6 2 57 25
4 2 59 68
2 3 59 51
3 2 60 51
6 2 63 1
