9765
2421
8 2 1 100
5 2 1 98
3 2 1 98
8 3 1 97
5 2 1 76
1 2 1 71
4 2 1 71
1 2 1 67
6 2 1 65
1 2 1 54
7 5 1 52
3 6 1 47
4 3 1 48
1 3 1 49
7 3 1 49
6 2 1 47
5 2 1 45
8 2 1 46
7 2 1 46
2 2 1 42
7 2 1 30
4 2 1 31
8 2 1 23
4 2 1 22
6 4 1 22
8 2 1 22
7 2 1 9
1 2 1 8
4 2 1 9
6 4 2 100
3 2 1 100
2 2 1 100
2 2 2 99
5 2 2 100
6 2 1 100
5 2 2 96
2 3 2 96
1 2 2 78
7 2 2 77
8 2 2 76
5 5 2 77
3 2 1 76
2 4 2 77
6 2 2 77
4 2 2 76
5 2 2 73
3 2 2 73
1 2 2 69
1 2 2 64
8 2 2 65
2 2 2 63
6 2 2 61
4 2 1 61
6 2 1 61
7 3 2 59
5 2 2 60
6 2 2 60
7 2 2 55
4 2 2 56
3 2 2 54
8 2 2 49
4 2 2 46
8 2 1 46
1 29 1 46
5 2 2 46
1 2 2 33
8 2 1 33
1 5 2 25
7 2 2 22
3 2 2 20
1 2 2 19
3 2 2 17
4 2 2 13
5 2 2 7
8 2 1 6
4 2 2 3
7 2 2 2
1 2 1 2
8 3 2 1
1 3 3 96
8 3 3 91
7 2 3 89
2 2 3 87
8 2 3 86
1 2 3 83
5 2 3 84
5 9 3 77
3 2 3 78
6 3 3 73
5 2 2 73
7 2 3 72
4 2 3 71
3 2 2 70
7 2 1 70
8 3 2 71
4 2 1 70
2 2 3 70
4 2 3 69
6 3 3 64
4 2 3 63
7 2 3 62
8 2 2 61
7 2 2 61
8 2 3 58
2 2 3 55
1 2 3 54
7 2 3 52
8 3 3 52
3 4 3 39
8 2 3 28
6 2 3 27
1 2 3 28
4 2 3 29
7 2 3 27
4 2 3 26
5 3 2 26
6 2 3 28
7 2 3 29
8 4 3 26
7 2 2 26
4 3 1 26
7 2 1 26
3 2 2 27
2 3 1 27
1 2 2 29
5 2 3 26
6 3 3 21
3 2 3 21
2 2 3 21
5 2 3 22
4 2 2 21
5 2 2 21
7 2 3 21
8 2 3 22
6 3 3 22
3 3 2 22
5 2 1 22
2 2 2 23
2 25 3 17
5 2 3 18
8 2 2 18
3 2 2 19
4 3 2 18
1 2 3 20
6 2 3 18
4 2 3 12
7 5 3 12
2 3 2 12
8 3 3 11
3 2 2 11
4 2 1 11
6 3 3 12
5 2 3 10
8 3 3 6
1 2 3 4
4 2 4 94
5 4 4 95
6 2 3 94
4 3 4 95
1 2 4 95
1 3 4 90
4 2 4 90
2 3 4 88
7 2 4 87
3 2 4 87
7 2 4 87
2 3 4 85
4 2 4 83
2 2 4 76
5 10 4 75
4 5 3 75
3 2 3 76
1 2 3 75
2 2 4 76
1 3 4 75
2 2 4 65
6 2 4 66
8 4 3 65
1 2 4 59
5 4 4 51
2 2 4 52
3 2 3 51
7 2 3 52
7 2 4 52
4 2 3 52
2 2 3 53
7 4 4 48
2 2 4 40
5 2 3 39
7 3 4 36
6 2 4 34
4 2 4 34
3 2 4 33
8 4 4 33
8 6 4 29
6 2 4 24
8 2 3 24
2 2 4 24
3 3 3 24
5 4 4 25
8 3 4 21
3 2 4 17
4 2 4 14
5 2 4 14
5 2 4 7
7 2 4 7
6 2 4 5
7 2 4 5
5 2 3 5
1 4 4 5
7 2 3 5
4 4 4 2
2 2 4 1
4 3 5 99
1 2 5 100
6 2 4 99
7 2 5 96
1 3 5 95
4 2 4 95
3 2 5 95
2 3 5 95
4 2 5 91
6 2 5 82
1 2 4 82
2 2 5 76
5 2 4 76
7 2 3 76
8 2 2 76
1 3 1 76
1 2 5 72
5 2 5 69
2 2 4 69
8 2 5 69
3 2 5 69
4 2 5 70
7 3 5 70
1 3 5 68
8 2 4 68
3 2 4 68
7 3 3 67
6 2 3 68
2 2 5 67
4 2 4 67
8 3 4 67
6 2 4 68
7 3 4 69
1 2 3 68
5 2 4 66
6 2 5 69
7 2 5 67
5 3 5 68
2 2 4 68
4 2 4 67
2 2 4 67
3 4 3 67
8 2 4 66
5 2 5 68
4 2 5 66
1 2 5 63
6 2 5 57
2 2 5 56
4 3 5 50
3 2 5 48
4 3 4 48
2 2 3 48
7 2 3 48
6 2 5 45
8 3 4 45
2 2 3 45
3 2 2 45
1 2 2 45
6 3 1 45
3 3 1 45
1 3 2 44
3 2 2 44
7 3 1 44
8 2 2 46
1 2 2 44
5 2 3 46
1 2 4 45
6 3 4 45
6 2 5 45
5 2 5 46
7 2 4 45
7 2 5 45
7 2 5 43
8 2 5 43
3 3 4 42
5 3 5 43
1 2 5 39
5 2 4 39
1 2 4 40
8 2 4 41
6 2 3 41
2 2 4 42
3 2 4 40
7 2 4 38
4 2 5 40
3 3 5 38
2 3 5 39
1 4 5 35
3 2 4 35
4 2 5 34
6 4 5 15
7 2 5 13
1 2 5 5
3 2 6 90
2 2 6 88
1 2 6 89
3 4 6 87
8 2 5 85
2 2 6 83
4 5 5 83
1 10 5 83
7 4 6 84
5 2 6 82
3 2 6 83
2 2 6 83
8 2 5 83
3 3 6 82
4 2 6 83
6 2 6 84
7 2 6 84
7 2 6 81
6 3 5 80
2 2 6 81
4 2 6 81
5 2 6 78
7 2 6 78
1 3 6 70
8 4 6 68
6 2 6 68
3 2 6 67
1 2 6 60
5 2 6 50
2 2 6 42
5 2 5 42
4 2 6 39
3 2 6 40
8 2 6 38
4 2 6 37
5 3 5 37
2 3 5 37
7 2 5 37
4 3 5 38
6 2 4 38
7 2 4 38
8 3 4 38
1 3 3 38
1 2 5 36
6 2 6 34
4 3 6 29
3 2 5 29
2 2 6 28
4 2 6 17
5 2 5 16
6 2 5 17
8 2 5 16
6 2 5 16
2 2 6 17
6 2 6 11
8 3 6 10
6 3 6 10
1 2 5 10
2 4 5 11
5 2 4 9
3 3 4 9
4 2 5 8
4 3 6 6
7 2 5 5
2 3 5 5
4 2 4 5
3 3 6 5
4 2 6 5
6 2 6 5
7 3 6 3
4 2 7 96
5 2 7 91
7 2 6 90
4 6 7 91
6 2 7 88
1 5 7 84
3 7 7 85
7 2 7 85
1 8 7 81
2 2 6 81
5 2 7 81
6 3 6 80
1 6 5 80
7 2 5 80
5 2 7 81
3 3 6 81
8 2 5 81
3 2 7 79
8 2 6 78
4 4 5 78
8 2 7 80
6 2 6 80
4 2 6 81
6 2 6 80
7 2 6 80
8 2 7 79
1 2 7 76
5 2 7 76
3 2 6 76
7 2 7 57
8 3 7 58
5 2 7 56
2 2 6 56
5 3 6 56
4 2 5 56
4 2 7 56
8 3 7 52
2 2 6 52
3 4 7 52
6 4 7 49
6 3 7 43
1 2 6 42
4 2 5 42
1 2 6 42
5 2 5 42
3 3 5 43
7 4 7 43
5 3 7 40
4 4 7 36
1 2 7 37
7 2 7 33
4 2 7 32
5 2 7 33
1 4 6 32
8 3 7 30
7 3 7 30
6 2 7 31
8 2 7 30
2 2 7 31
4 2 7 29
7 2 6 29
1 3 5 29
5 3 7 19
2 2 6 19
5 2 5 19
4 3 5 20
1 2 6 19
6 2 5 19
1 2 5 20
8 2 5 21
6 2 6 19
7 3 6 18
4 3 6 18
8 2 5 18
1 2 5 18
2 3 7 20
6 2 7 20
7 2 7 19
2 2 7 14
6 3 7 9
8 3 7 7
7 2 6 7
4 3 7 7
8 2 8 98
4 5 8 96
6 2 8 96
2 2 8 95
3 6 8 95
1 2 8 95
4 2 8 96
1 3 7 96
5 2 7 95
2 2 7 96
2 2 8 96
8 2 8 93
2 3 7 93
8 2 7 94
3 2 7 95
3 3 7 92
8 2 8 83
8 2 8 72
7 2 7 72
1 2 8 67
7 4 8 67
8 3 7 67
2 2 8 49
5 2 7 48
4 3 6 48
1 2 5 48
8 3 5 48
4 3 5 48
3 2 7 49
4 2 7 47
4 3 8 42
6 3 7 42
3 3 6 42
7 2 6 42
5 3 5 42
8 3 5 41
5 3 5 41
5 2 7 43
7 3 8 40
5 2 8 35
1 2 8 31
7 2 8 25
3 2 8 24
6 2 8 19
7 2 8 19
5 5 8 20
3 2 7 18
8 2 8 16
2 3 8 15
4 3 8 15
8 2 8 14
6 2 8 13
5 5 8 5
7 2 9 98
6 2 8 97
4 2 9 98
4 3 9 96
2 5 9 97
8 3 9 98
4 2 9 98
1 2 9 96
3 3 8 95
6 2 8 94
2 2 8 94
1 3 7 94
7 2 8 93
1 3 9 95
8 2 9 94
5 2 8 93
3 2 8 93
8 2 8 93
6 2 8 92
6 4 9 90
5 3 9 90
2 2 8 90
8 3 9 91
1 2 9 86
8 2 8 85
4 2 9 79
2 2 9 73
6 2 9 72
7 2 9 73
5 3 8 72
1 2 9 74
3 3 9 75
7 2 9 70
4 3 8 70
5 2 9 69
4 6 9 63
2 3 8 63
1 2 9 58
1 2 9 54
7 2 9 52
1 2 8 52
5 2 8 52
4 4 7 51
8 2 7 52
5 2 8 52
1 3 7 51
5 2 9 50
7 2 9 50
5 2 9 50
8 3 9 51
1 7 9 50
1 2 9 48
7 2 8 47
2 2 7 47
7 4 6 47
2 5 9 46
3 2 8 44
5 2 9 44
8 2 9 44
4 3 8 44
6 3 8 45
3 2 8 45
7 4 9 42
8 2 9 43
1 3 8 42
3 3 9 36
3 4 9 32
2 2 9 21
3 2 9 11
6 3 9 7
5 2 8 7
7 3 9 3
1 3 9 3
8 2 9 2
2 2 8 2
4 3 8 3
6 2 9 1
3 2 10 99
2 3 10 98
8 3 9 98
4 2 10 99
3 2 9 98
7 2 9 98
5 2 10 99
4 2 10 93
3 3 10 93
7 5 10 93
2 3 10 93
8 2 10 87
6 2 10 87
3 3 9 87
6 2 9 87
2 3 8 87
1 3 8 88
4 2 8 89
5 2 8 88
7 2 10 71
5 2 10 70
2 6 10 70
4 3 10 71
3 2 9 71
6 2 10 72
2 2 9 72
8 7 10 72
7 2 9 71
6 2 10 69
5 2 10 69
1 3 9 69
2 3 10 70
5 2 10 70
1 2 10 69
1 2 10 61
5 2 10 62
4 2 10 63
5 2 10 64
3 3 10 51
1 2 10 51
8 2 10 52
5 4 9 52
8 2 9 53
6 5 9 54
7 4 8 52
7 3 10 54
5 3 10 52
3 2 9 52
4 2 10 53
1 2 10 44
4 3 10 44
4 3 10 37
1 4 10 37
2 2 10 31
7 2 10 32
5 4 9 32
5 3 10 29
8 2 9 29
5 17 10 26
1 2 10 22
6 2 10 19
2 5 10 19
1 2 10 18
8 2 10 12
2 2 10 9
6 2 10 10
8 2 10 10
6 2 10 10
3 2 10 7
7 3 9 7
2 2 10 9
2 2 10 6
5 2 10 3
4 2 10 1
6 2 10 2
2 2 10 2
2 2 11 98
5 3 11 99
3 2 10 98
4 2 11 97
8 2 11 98
1 4 10 97
6 2 11 99
7 4 11 98
5 3 11 93
3 4 11 93
8 2 11 92
5 2 11 92
6 2 11 87
3 2 11 87
7 4 11 85
8 2 11 83
6 2 11 83
7 2 11 82
5 2 10 82
6 2 10 82
6 2 11 78
3 2 11 74
8 2 10 74
5 3 10 75
6 4 10 76
7 2 10 77
2 2 9 77
5 2 11 65
2 2 11 65
6 2 11 61
8 2 11 61
2 2 11 61
4 2 11 62
2 2 10 62
7 4 9 62
6 2 8 62
6 2 10 61
4 2 11 55
5 3 11 50
7 3 11 49
6 2 11 48
4 2 11 49
1 2 11 48
4 2 11 46
3 5 10 46
7 3 10 47
2 2 10 48
8 2 11 47
3 2 11 48
7 2 11 45
2 2 11 42
1 2 11 40
4 2 11 33
5 3 11 33
1 2 11 32
2 2 11 32
6 2 11 32
2 2 11 19
1 3 11 3
3 2 11 3
4 2 10 3
7 2 9 3
6 2 11 4
4 2 11 4
3 5 11 3
5 3 10 3
6 2 12 99
5 2 12 100
5 2 12 92
4 2 11 92
1 2 12 92
2 2 12 87
6 3 12 84
5 2 11 84
1 2 11 84
3 2 12 82
6 2 12 82
2 2 11 82
1 2 12 82
6 2 11 82
1 2 11 82
4 2 11 83
3 2 12 82
5 2 11 82
1 4 12 80
5 3 12 73
4 2 12 68
6 2 11 68
2 2 12 68
7 2 12 55
6 2 12 51
7 3 12 44
2 2 12 39
4 2 11 39
8 2 10 39
5 3 11 38
6 2 10 38
5 2 10 39
1 2 9 39
4 2 12 36
6 3 12 37
2 2 12 35
8 3 11 35
6 4 12 35
3 2 11 34
8 3 11 33
5 7 12 32
3 2 11 31
7 2 12 32
8 2 12 32
3 4 12 29
7 3 12 29
2 2 12 30
8 4 12 25
1 2 12 22
7 3 11 21
8 4 11 22
6 3 11 23
4 2 11 23
3 4 10 23
7 3 10 22
6 2 11 22
3 2 12 21
8 2 11 21
4 2 12 22
7 3 12 19
5 3 11 19
3 2 10 19
8 2 10 20
1 7 11 19
2 3 12 21
6 2 12 19
2 3 12 18
1 2 12 19
5 3 12 14
2 2 12 14
1 2 12 14
5 3 12 5
7 2 12 4
5 2 13 100
3 2 13 96
4 2 13 97
5 2 13 95
3 3 12 95
8 2 12 96
5 2 12 96
5 2 13 96
4 5 12 96
4 2 13 94
8 7 13 92
7 2 13 89
8 2 13 88
8 3 13 85
7 2 12 85
2 2 12 85
3 2 12 85
2 2 12 85
6 3 12 85
2 2 13 81
3 4 13 79
4 2 13 75
6 2 13 76
2 3 12 75
3 3 12 74
1 2 13 75
5 2 13 75
7 2 13 74
8 2 12 73
2 2 12 74
7 3 12 73
5 2 13 69
3 2 12 69
1 2 12 70
6 3 13 51
2 2 13 40
5 2 13 40
8 2 12 40
6 2 13 36
1 2 13 37
8 2 12 37
7 2 11 37
6 5 12 37
3 2 13 34
8 2 13 34
5 3 13 34
8 3 13 32
4 5 13 33
2 4 13 33
8 3 13 32
5 3 13 30
8 3 13 23
3 4 13 23
6 2 13 23
7 2 13 15
8 2 13 16
4 2 14 100
3 2 14 98
6 2 14 98
7 2 14 98
4 3 14 98
1 2 13 97
5 3 14 91
7 2 14 88
6 3 14 87
4 2 14 87
3 3 13 87
7 2 14 86
1 2 13 86
8 2 13 87
8 2 14 86
6 3 13 85
3 2 14 85
8 4 13 85
4 2 13 84
4 7 14 82
8 2 14 82
6 7 13 82
7 3 14 82
1 2 14 83
5 3 14 83
2 2 13 82
3 5 13 81
4 2 13 82
7 2 13 83
1 2 12 82
4 2 11 82
6 2 12 82
5 2 12 83
8 2 12 83
7 2 11 83
8 2 12 81
7 2 11 81
8 2 11 82
7 2 13 81
5 3 14 81
2 2 14 75
7 2 14 75
6 2 14 72
5 2 14 71
8 2 14 71
4 2 14 70
3 3 14 55
6 2 13 54
3 3 12 54
5 2 12 54
5 2 13 53
1 3 13 54
8 2 13 55
6 2 13 54
3 2 14 54
8 2 14 46
8 2 14 43
2 2 14 38
8 3 13 37
4 2 14 33
6 4 14 33
3 3 14 30
2 3 14 28
4 2 14 29
2 3 14 23
4 2 14 23
1 2 14 20
2 2 14 19
4 5 13 19
6 2 14 20
8 3 14 17
7 2 14 16
2 2 14 7
8 2 13 7
3 2 13 8
7 2 14 7
1 3 14 8
4 2 13 8
6 4 13 6
5 7 13 6
7 2 14 3
3 2 14 2
6 3 15 95
8 2 15 96
1 4 14 95
3 3 14 97
8 2 14 97
7 3 14 96
8 2 15 96
8 2 15 92
4 2 14 92
7 2 14 92
2 3 15 84
3 2 15 84
4 8 15 81
1 2 15 82
6 4 15 82
8 7 14 80
3 3 14 79
7 2 14 79
7 3 15 80
3 2 14 79
2 2 15 78
8 3 15 77
7 3 15 77
6 2 14 77
5 2 15 78
2 3 15 76
7 2 15 73
4 2 15 74
7 2 15 63
1 2 15 63
2 2 14 63
3 2 14 63
5 2 14 62
1 2 15 63
5 2 15 63
6 2 15 59
1 2 15 55
2 2 15 55
8 2 15 54
4 2 15 52
7 4 15 47
1 4 15 45
4 2 15 46
7 2 15 29
1 4 15 22
2 2 14 21
4 3 15 22
3 3 15 23
7 5 15 24
1 2 14 24
4 2 13 24
5 3 14 23
6 2 14 22
6 2 15 25
1 6 15 22
3 5 15 17
5 2 15 18
4 2 15 18
2 2 15 16
6 4 15 17
5 2 14 16
7 3 14 16
6 2 13 16
1 2 14 16
8 2 13 16
5 2 14 15
1 4 15 17
6 2 15 17
3 2 14 16
5 3 14 16
6 2 14 16
1 2 14 16
3 2 15 17
2 3 14 17
3 2 15 14
8 3 14 14
5 2 13 14
6 2 13 14
7 3 12 13
2 3 13 15
5 4 12 13
1 2 12 13
4 2 13 16
6 3 12 15
2 2 12 16
3 3 13 14
4 4 13 14
2 2 15 13
6 3 15 7
1 2 15 5
8 2 15 5
5 2 16 100
5 3 16 97
6 2 16 96
6 2 16 93
1 2 16 81
4 2 16 81
1 2 16 65
8 2 16 63
6 2 16 64
5 2 16 63
6 2 16 56
3 2 16 56
6 2 16 56
3 2 16 56
5 2 16 55
8 2 16 55
3 2 16 52
6 2 16 52
7 2 16 51
2 3 16 50
5 2 15 50
6 2 16 51
4 2 16 50
5 3 16 46
6 2 16 37
5 2 16 26
1 4 16 24
4 4 15 23
3 4 16 24
6 2 15 23
8 2 15 22
4 3 16 16
1 2 16 9
6 3 16 5
4 2 15 5
3 4 16 6
7 2 15 4
1 2 16 5
5 3 17 91
3 2 17 87
5 3 17 86
2 3 16 86
7 2 17 86
4 3 17 84
2 2 17 79
6 2 17 75
3 3 17 73
2 2 17 73
7 2 17 72
1 3 16 72
4 4 16 72
8 2 16 73
5 2 15 72
7 2 16 71
7 2 17 74
3 3 17 74
6 2 16 73
4 5 17 72
6 2 17 71
6 2 17 64
8 2 17 60
4 2 17 60
1 2 16 60
6 2 17 61
8 2 17 54
7 3 16 54
1 2 16 53
5 2 15 53
6 3 15 53
3 2 16 55
1 4 15 54
7 2 16 55
5 2 15 54
6 4 14 54
4 2 15 56
6 2 17 56
6 2 17 34
8 2 17 33
2 2 17 32
1 2 17 29
4 2 16 29
6 2 16 30
3 2 16 29
7 2 17 31
5 3 17 28
1 2 17 23
7 2 17 13
2 2 17 10
8 2 17 4
4 2 17 5
5 2 17 3
4 5 16 3
6 3 18 98
3 2 17 98
6 5 18 93
5 5 18 90
6 3 18 91
7 2 18 91
8 2 18 87
8 2 18 82
6 2 17 82
3 3 16 82
6 3 15 82
7 2 16 84
1 3 17 85
1 2 18 84
6 4 17 84
3 2 16 84
3 2 17 84
1 2 18 85
7 2 17 84
4 12 17 84
8 2 17 84
6 3 17 84
5 2 18 74
6 2 17 73
6 2 18 69
5 3 18 65
3 2 18 64
8 2 18 63
7 2 18 63
6 2 18 62
7 2 17 61
8 2 18 61
8 2 18 56
7 3 18 56
3 2 18 52
7 2 18 47
1 2 17 47
5 2 18 44
4 3 18 44
1 2 18 43
8 2 18 39
7 5 17 39
3 3 16 39
6 2 18 38
4 2 18 38
2 4 18 36
6 3 18 34
8 3 18 35
3 4 18 29
7 4 18 29
4 2 18 26
4 4 18 23
3 2 17 22
5 3 17 22
5 2 18 16
7 2 18 17
3 3 17 16
2 2 18 17
2 3 18 15
6 2 18 14
6 2 18 12
2 3 18 6
8 2 17 6
4 2 16 6
6 3 18 6
5 4 18 5
4 2 18 6
8 2 18 6
1 3 18 4
3 2 19 98
8 2 19 98
1 2 18 97
2 3 17 97
6 3 17 98
6 2 18 98
1 2 19 97
5 4 19 97
4 2 19 98
8 2 19 95
6 2 19 93
8 2 19 89
2 4 19 90
7 2 19 87
1 2 19 85
2 2 19 84
3 3 18 84
8 2 19 83
1 2 19 77
4 2 19 74
5 3 19 65
7 3 19 56
1 3 19 56
5 4 19 56
6 7 19 52
8 3 19 52
7 2 19 51
2 2 19 51
6 2 19 49
7 2 19 42
3 2 19 41
4 3 19 38
2 2 19 38
8 4 19 37
4 2 19 37
6 4 19 34
1 3 19 33
7 3 18 33
5 2 19 34
8 2 19 34
2 2 19 33
8 2 19 28
5 8 18 28
2 3 18 27
3 2 18 27
5 6 19 16
8 2 19 16
8 2 20 99
4 5 20 99
2 3 20 99
6 2 20 83
7 2 20 81
6 2 20 77
6 2 20 73
4 2 20 72
5 2 20 68
3 2 19 68
1 2 20 63
1 3 20 58
7 2 20 56
3 2 20 47
8 2 20 34
1 4 20 24
4 2 20 23
1 2 20 21
4 2 20 18
6 2 19 18
3 4 19 17
8 2 19 18
7 4 19 16
4 2 20 16
6 2 20 16
3 4 20 15
8 2 20 16
4 3 20 16
5 2 20 17
5 2 20 14
8 2 19 14
1 2 20 8
2 2 20 6
7 4 20 4
5 2 20 1
4 2 21 94
4 3 21 88
4 7 21 85
5 2 21 86
1 2 21 81
6 2 21 81
8 2 21 80
5 2 21 81
3 2 21 78
1 3 21 75
2 4 21 76
3 2 20 76
8 3 21 67
2 2 20 67
1 2 19 67
2 2 18 67
6 3 21 61
4 2 21 61
8 2 21 59
3 3 21 54
1 2 21 54
7 2 21 50
3 2 21 51
6 2 21 49
4 2 21 48
2 2 21 48
8 2 21 42
6 2 21 43
2 2 21 30
7 3 20 30
6 2 20 31
2 2 20 30
8 3 20 29
6 2 21 30
1 2 20 29
4 4 21 31
8 2 21 30
8 2 21 20
6 3 20 20
8 4 19 20
5 4 21 19
6 2 21 17
7 3 21 12
8 2 20 12
8 2 21 7
5 2 21 5
3 2 21 5
7 2 21 4
1 4 21 4
4 2 21 4
5 2 21 4
6 2 22 99
1 2 21 98
5 3 21 98
7 2 21 99
2 3 21 99
2 3 22 96
3 3 21 96
2 3 22 97
7 5 22 94
8 3 22 91
2 2 22 91
6 2 22 89
5 2 21 89
3 4 22 87
8 2 22 88
6 2 22 74
4 2 22 74
3 3 22 71
7 2 22 62
4 2 22 63
1 2 22 61
6 2 21 61
2 2 21 62
3 2 22 59
5 2 22 58
8 2 22 55
6 7 22 55
4 3 22 56
1 2 22 57
3 2 22 56
6 2 22 56
5 4 22 55
5 2 22 53
2 5 21 53
5 2 21 54
1 2 21 54
7 4 20 53
2 3 20 54
6 2 19 52
5 2 18 52
1 2 19 53
3 2 19 54
7 3 18 53
1 2 17 53
8 3 18 54
6 2 17 53
2 3 16 53
6 4 17 53
5 2 16 53
8 5 18 54
4 3 18 55
5 2 20 53
6 2 20 53
4 2 21 54
4 2 22 54
5 2 22 52
6 7 22 52
4 13 22 52
1 2 22 36
8 2 22 36
5 3 22 36
1 2 22 32
1 2 22 23
1 4 22 20
2 2 21 20
4 4 22 19
1 2 22 18
5 2 22 4
8 2 22 5
7 3 23 91
2 2 23 85
5 2 23 72
7 2 23 71
2 3 22 70
3 3 23 70
8 2 23 70
8 2 23 60
4 2 23 60
7 6 22 60
3 3 22 61
2 2 22 61
5 3 23 60
8 3 23 57
5 3 23 57
1 2 23 56
5 2 23 56
7 2 22 56
4 3 23 55
3 2 23 53
2 3 22 52
8 2 22 52
6 2 23 54
8 4 23 50
2 2 23 48
6 2 23 48
8 2 23 48
8 2 23 45
3 2 22 45
6 3 22 45
2 4 23 46
1 2 23 45
5 2 23 41
4 2 23 39
8 2 23 39
3 3 23 38
4 2 22 38
5 2 23 37
6 3 22 37
6 2 23 35
7 2 23 35
3 2 23 35
2 2 22 35
4 2 22 35
7 2 23 32
8 8 23 32
4 5 22 32
7 2 22 33
5 3 21 32
2 2 22 33
3 2 21 33
8 4 21 33
3 2 22 32
7 2 22 32
2 2 23 35
7 2 23 33
3 2 23 34
6 3 23 35
8 2 23 36
2 2 23 31
5 3 23 30
4 2 23 28
1 2 23 25
5 2 23 24
6 2 23 23
1 2 23 17
5 7 23 13
1 2 23 5
1 4 24 99
6 2 23 98
1 2 22 98
2 2 24 98
2 2 24 90
5 3 24 89
6 2 24 90
5 2 23 90
1 2 22 90
8 2 24 90
1 2 24 91
3 2 24 91
7 2 24 89
1 2 24 89
2 2 23 89
2 2 24 86
3 2 24 86
4 2 24 85
7 2 24 85
6 2 23 84
8 2 22 84
2 3 24 78
5 2 24 73
3 2 24 73
4 2 23 73
6 2 24 73
4 2 24 73
3 3 24 69
6 2 24 67
4 2 24 68
7 5 24 64
6 2 24 62
4 2 24 61
2 2 24 61
6 2 24 55
8 2 24 54
7 2 23 54
2 3 23 54
8 3 22 54
7 2 22 54
1 3 21 54
6 2 24 55
7 2 24 55
1 2 23 55
7 3 24 51
4 2 24 49
7 2 24 49
3 3 24 50
2 3 23 50
3 2 23 50
8 2 24 49
7 2 24 50
7 4 24 45
1 2 24 45
3 2 24 46
6 2 24 45
7 2 24 42
1 3 24 41
3 2 24 39
2 3 24 40
3 2 23 40
8 3 24 34
1 2 24 29
3 4 24 27
4 2 24 25
7 2 23 25
2 2 23 26
6 3 22 26
5 2 22 25
7 2 24 26
1 3 23 26
3 4 24 27
6 4 23 26
5 2 24 27
4 3 23 27
7 2 23 26
2 2 24 24
3 3 24 25
1 2 24 23
5 3 24 23
8 2 24 16
2 4 24 14
3 2 24 14
6 3 23 13
7 4 23 14
8 2 23 14
3 2 24 14
1 2 24 8
4 4 24 8
5 2 24 6
6 2 23 6
4 3 23 6
2 2 22 6
4 2 22 6
1 2 23 6
4 2 23 6
8 2 23 6
7 3 24 4
2 2 25 91
3 6 25 90
7 2 25 85
8 2 25 78
4 2 25 70
5 4 25 69
8 2 25 68
3 3 24 68
1 2 23 68
4 2 24 68
6 2 25 62
3 2 24 62
3 2 25 62
5 2 25 61
7 4 24 61
3 3 24 61
1 2 23 61
2 4 23 61
5 2 24 62
4 2 24 63
2 2 24 60
6 2 25 63
3 5 24 62
4 2 25 64
5 2 25 48
7 3 25 46
1 2 25 41
8 3 25 42
7 2 24 41
3 2 24 42
2 2 25 40
6 2 24 40
1 2 25 41
6 2 25 38
1 2 25 36
7 2 25 37
4 2 25 36
2 3 25 35
7 3 24 34
1 2 25 35
5 2 25 31
7 2 25 24
1 2 25 23
2 2 25 20
3 2 25 19
3 2 25 17
2 2 24 17
4 2 24 17
5 2 24 17
2 3 23 16
4 3 22 16
6 2 23 15
1 2 24 14
7 2 24 14
3 2 25 12
1 2 25 13
6 2 25 12
8 2 25 10
7 2 25 10
3 2 24 9
1 2 23 9
2 4 23 9
4 2 23 10
4 3 25 9
7 2 24 9
3 2 25 5
8 3 26 99
7 2 26 92
8 2 26 90
4 2 26 86
8 3 26 87
3 2 25 85
2 2 26 76
5 2 26 77
8 2 26 76
2 2 26 75
3 3 26 71
8 2 26 68
3 5 26 69
8 2 26 68
2 4 25 67
6 2 25 69
4 2 25 67
6 2 24 67
5 2 25 66
8 2 25 67
4 2 24 67
5 2 25 68
1 2 24 68
6 2 24 68
7 4 23 68
5 2 23 68
3 2 22 68
6 2 21 68
8 2 22 67
7 3 22 68
4 2 24 68
8 2 24 68
5 3 24 67
6 2 26 68
5 2 26 63
1 2 25 63
8 2 24 63
5 2 23 63
6 2 22 63
8 3 23 63
7 6 26 63
5 2 26 63
1 3 26 62
5 2 25 61
7 2 25 60
6 2 25 61
4 2 26 62
2 2 25 62
5 4 26 61
6 2 26 61
3 6 26 60
4 3 26 59
1 3 25 59
2 3 25 60
5 2 26 61
8 3 26 60
3 2 26 58
5 2 25 58
7 3 26 50
2 2 26 49
6 2 25 49
8 3 26 47
2 3 26 46
6 4 25 45
3 2 26 36
4 2 26 32
4 2 26 30
5 3 26 28
7 3 26 27
7 2 26 21
4 3 25 21
5 2 25 22
6 5 24 22
2 2 23 22
8 2 22 22
6 2 23 22
3 2 22 21
7 2 24 22
8 5 23 22
7 4 24 22
3 6 25 24
1 2 24 23
2 2 24 23
2 2 26 20
1 3 26 5
3 3 26 6
2 4 25 4
3 2 25 4
7 2 25 5
8 2 26 5
7 3 26 5
1 2 26 1
8 2 26 1
4 4 26 1
7 3 25 1
5 4 24 1
6 2 24 2
8 2 24 2
6 2 26 3
4 2 27 98
2 3 26 98
7 2 26 99
1 2 27 99
2 2 27 94
6 2 26 94
5 2 26 94
4 2 27 85
5 2 27 84
1 2 27 85
6 2 27 83
5 3 27 83
4 2 27 84
4 2 27 79
1 2 27 75
8 2 26 75
7 2 26 75
2 2 26 75
1 3 26 75
7 6 26 75
8 4 26 73
1 5 27 74
5 2 27 73
4 2 27 70
3 2 26 69
2 2 26 69
8 5 25 69
1 3 25 70
6 3 25 71
4 2 25 70
2 2 26 73
1 2 25 72
8 12 26 70
5 3 26 69
3 2 25 69
2 3 24 69
4 4 25 70
5 3 24 70
2 2 23 70
2 3 25 70
6 2 24 70
8 2 24 69
2 2 24 70
7 2 23 70
3 2 27 73
6 2 27 62
7 4 26 62
8 2 25 62
1 4 25 63
6 3 24 62
8 2 25 63
3 3 24 62
6 2 25 61
7 2 26 60
5 2 26 60
3 2 27 63
2 2 27 61
7 2 27 55
6 2 27 50
4 4 26 50
6 2 26 51
5 2 27 51
6 2 27 51
3 2 27 51
1 2 27 50
8 2 27 48
7 2 27 48
7 2 27 40
5 2 27 36
1 2 27 37
4 3 26 36
1 2 27 31
4 3 27 31
7 2 27 32
1 2 27 30
5 2 27 29
2 2 27 28
6 2 26 28
1 3 27 17
4 2 27 12
5 2 27 3
4 4 28 100
3 2 27 100
7 2 28 100
6 2 28 100
5 2 28 98
8 2 28 95
6 2 28 95
4 3 28 93
6 2 28 93
7 2 27 92
3 3 28 87
5 2 28 84
5 2 28 78
3 3 28 75
5 2 27 75
7 2 27 75
4 4 26 74
2 3 26 74
8 2 26 73
1 2 26 74
3 2 26 73
7 2 26 73
8 4 28 72
3 3 28 72
4 2 27 71
5 2 27 72
5 2 28 71
7 3 27 71
6 2 26 71
6 3 28 73
1 2 28 71
5 3 28 65
1 2 28 62
7 3 28 60
2 2 28 60
5 2 27 60
6 3 27 61
7 3 27 59
7 2 28 51
4 12 28 51
2 2 28 51
6 4 28 51
8 3 27 51
1 2 28 42
8 2 28 38
3 2 28 34
4 2 28 34
5 2 28 27
6 2 28 27
2 2 28 27
3 2 28 26
6 2 28 21
2 2 28 21
3 3 28 18
6 2 27 18
7 4 27 17
8 2 28 15
4 3 28 14
3 2 28 15
5 2 28 13
7 3 27 12
8 2 28 14
5 3 27 14
3 2 28 15
2 3 27 15
8 2 28 11
6 2 28 11
3 2 28 11
2 3 28 1
5 5 28 1
8 2 29 76
3 3 29 73
5 3 28 72
7 2 28 72
2 2 28 72
1 2 27 72
8 5 28 71
1 2 28 72
2 2 27 72
7 3 29 47
8 2 29 45
5 3 29 42
6 3 29 41
5 2 29 40
5 2 29 37
8 4 29 37
1 2 29 36
4 2 29 37
1 2 29 34
3 3 29 29
1 2 29 27
8 4 28 27
4 2 28 28
5 2 28 29
5 2 29 29
4 2 29 30
7 2 29 30
8 2 29 30
6 2 29 30
1 3 28 30
6 2 28 30
7 2 29 25
4 4 28 25
5 3 28 25
7 3 29 26
2 2 28 26
7 2 29 21
4 3 28 20
5 2 28 21
1 2 29 19
4 2 29 18
8 2 29 8
2 2 29 3
6 2 30 97
8 3 29 97
2 2 30 96
4 2 30 91
8 2 30 90
5 3 29 89
1 2 30 88
2 5 30 77
8 2 30 77
3 3 30 62
1 3 30 63
2 2 29 63
3 3 29 63
7 2 28 63
4 4 28 64
6 2 27 64
7 3 30 65
4 4 29 65
3 5 28 65
1 2 29 66
2 2 30 64
7 12 30 58
6 2 29 58
6 2 30 50
1 2 30 50
2 2 30 50
5 2 30 47
2 2 29 47
1 2 29 48
6 2 30 37
3 2 29 37
4 3 29 37
6 3 30 36
2 2 30 36
7 2 30 32
5 2 30 31
6 5 30 28
1 2 29 27
3 5 30 20
8 2 30 11
5 3 30 8
4 2 29 8
8 2 30 7
7 2 29 7
2 3 30 6
8 2 30 2
3 2 30 1
4 2 31 100
4 2 31 97
2 3 31 93
1 3 31 93
6 3 30 93
3 2 30 93
2 3 29 93
8 2 31 74
8 2 31 50
6 6 31 46
2 3 31 46
8 3 31 37
7 2 30 37
6 4 30 37
1 2 30 38
8 2 31 36
3 5 31 26
1 3 31 27
3 2 31 26
2 2 31 26
3 2 31 24
1 3 30 23
2 2 30 24
6 2 30 24
8 2 30 25
3 2 29 24
7 2 30 26
4 2 29 25
8 2 29 25
7 2 30 25
3 6 31 25
7 2 31 23
4 4 30 23
8 2 30 24
5 3 31 25
2 2 30 24
7 2 31 19
8 2 31 17
1 3 31 12
3 3 30 12
2 3 30 11
3 2 30 11
1 2 30 11
8 2 30 11
1 3 31 13
7 2 31 12
5 5 31 12
8 3 31 11
5 2 31 11
4 2 31 2
8 3 32 97
4 2 32 87
8 3 32 88
5 3 32 80
3 3 32 80
7 2 31 80
8 2 32 79
7 4 32 78
1 3 32 78
2 2 31 77
7 3 30 77
2 2 32 76
6 3 32 58
4 3 31 58
6 2 31 59
2 2 32 60
5 3 31 59
6 2 31 59
8 4 32 58
1 2 32 59
8 2 31 59
2 2 32 48
3 2 31 48
7 2 31 48
8 2 31 47
2 2 32 48
5 3 32 48
1 3 32 49
2 2 31 49
5 2 31 49
4 2 31 49
6 2 31 50
4 3 32 49
3 3 32 47
4 3 32 42
5 2 32 43
7 4 32 43
3 2 31 42
5 2 31 42
7 2 30 42
1 2 30 41
2 3 30 41
5 2 31 41
4 2 32 34
5 2 32 33
6 6 32 33
4 2 32 33
1 2 32 21
2 2 32 14
8 3 32 15
2 4 33 91
3 2 32 91
2 2 32 92
1 2 32 93
4 2 31 92
8 2 32 91
1 2 32 92
8 2 32 91
7 2 32 92
5 5 31 91
6 5 32 91
5 2 32 90
7 2 33 93
2 2 33 92
1 2 33 91
7 2 33 89
8 3 33 57
6 2 33 47
8 3 33 47
5 2 33 45
1 4 33 36
3 2 33 35
4 2 33 34
2 2 33 12
4 4 32 12
6 4 33 11
1 2 33 10
2 4 33 11
3 2 33 8
8 2 33 9
6 3 33 7
5 2 33 1
6 4 34 95
5 2 33 94
8 2 34 95
6 2 34 94
4 2 34 89
6 2 33 89
8 2 34 78
2 2 33 78
2 4 34 76
3 2 34 77
3 3 34 58
1 2 34 47
7 2 34 44
7 3 34 41
2 2 33 39
7 2 33 39
3 2 33 39
2 3 33 38
1 3 32 38
6 2 31 38
5 2 33 40
4 2 32 39
1 2 32 40
1 2 34 41
4 3 34 35
3 2 33 33
5 2 34 36
4 2 33 36
8 2 33 35
7 5 34 32
6 2 34 32
8 2 33 32
7 2 33 32
5 2 33 32
1 2 32 32
7 2 32 32
8 3 31 32
4 2 33 32
1 4 34 20
2 2 34 15
7 3 33 15
6 2 34 13
7 4 34 11
8 3 34 10
1 2 34 4
2 2 34 4
7 3 33 3
8 2 33 4
3 2 33 4
2 2 33 5
7 2 35 97
4 3 35 89
3 2 35 88
2 2 35 59
4 2 35 58
4 2 35 46
8 2 35 44
6 2 35 43
8 2 35 35
3 2 34 35
2 2 34 36
7 2 33 36
5 2 33 35
1 2 32 35
3 2 32 36
1 3 33 36
6 2 33 35
7 2 33 35
2 2 32 34
1 2 31 34
8 2 32 35
5 3 32 35
3 2 33 36
3 2 35 11
4 6 34 11
5 2 33 11
3 2 35 6
1 2 36 94
8 3 35 94
1 2 36 94
7 2 36 91
5 3 36 86
7 3 36 78
2 4 35 77
6 2 35 77
8 2 36 79
4 3 36 78
8 2 36 77
1 2 36 71
3 2 35 71
5 2 36 66
3 2 36 47
5 2 35 47
6 2 34 47
7 2 33 47
7 2 35 46
4 2 35 46
8 2 36 36
2 2 36 30
2 2 36 26
1 4 35 25
6 3 36 17
2 2 36 11
1 2 36 10
6 3 35 10
3 2 34 10
6 2 37 93
3 3 37 92
7 2 37 86
4 2 37 80
8 2 37 57
2 2 36 56
4 2 36 56
5 2 36 56
1 3 35 56
2 2 35 57
8 3 35 56
8 2 37 44
6 3 37 40
2 2 37 38
4 3 37 31
6 3 36 31
5 2 36 31
2 2 36 31
8 2 35 31
7 2 34 31
6 2 37 28
4 2 36 28
1 2 37 12
7 2 37 10
7 2 38 96
8 2 38 95
2 2 38 89
8 2 38 90
6 3 38 80
7 5 37 79
1 2 37 77
7 2 37 77
3 2 37 77
8 2 38 74
3 2 38 59
8 2 38 41
7 3 38 39
6 2 38 20
5 2 37 20
5 2 38 7
2 2 39 97
7 2 39 88
7 2 39 80
4 3 39 78
1 2 39 74
2 2 39 74
7 3 39 66
6 2 38 66
1 2 37 66
7 2 36 66
8 2 39 44
5 3 39 40
3 2 39 40
1 3 38 40
5 2 38 40
2 3 37 40
5 2 36 40
8 2 36 40
4 2 36 39
7 2 38 42
4 2 37 42
3 4 37 41
3 2 39 40
8 2 39 38
3 11 39 27
7 2 39 7
2 3 39 8
8 4 39 8
4 2 38 8
2 2 38 8
1 2 38 7
6 2 38 8
2 3 38 8
5 3 38 9
8 2 38 8
6 2 39 7
2 2 38 7
7 2 37 7
3 2 37 8
2 2 37 7
4 2 39 7
1 2 38 6
4 2 39 3
8 3 39 2
4 2 39 2
3 4 39 2
4 2 40 93
2 2 39 92
7 2 38 92
1 2 39 93
4 3 38 92
2 2 38 92
6 2 38 93
8 6 38 91
3 2 40 93
5 2 40 88
8 3 40 79
6 3 39 79
6 2 40 79
8 2 39 79
7 3 39 79
5 3 39 80
3 3 38 80
6 2 40 75
7 2 40 44
1 3 40 41
8 2 39 41
5 4 40 10
7 2 39 9
2 2 40 9
1 3 39 9
6 2 38 9
8 2 39 8
3 2 39 8
4 3 40 8
1 3 40 2
4 4 40 2
5 2 40 2
1 2 40 2
8 2 41 99
7 2 41 90
8 2 41 90
6 3 41 87
4 2 41 88
7 2 41 88
4 2 41 79
1 3 41 74
1 2 41 65
4 4 41 65
3 2 40 64
2 2 42 100
6 2 42 66
3 2 42 59
8 2 42 59
7 2 41 59
1 3 42 13
8 2 42 11
1 3 41 11
5 2 42 11
7 2 41 10
8 3 41 11
1 4 41 11
7 2 41 12
4 2 41 9
2 2 42 2
1 4 42 2
3 3 42 2
6 2 42 3
5 3 43 89
8 2 43 89
1 3 43 89
2 2 43 88
3 2 43 87
8 2 43 79
5 2 43 65
2 2 43 66
8 2 43 55
4 3 43 43
1 2 43 44
8 2 43 13
5 2 42 13
7 2 42 13
3 3 42 13
4 3 41 13
3 2 44 100
8 2 44 90
8 2 44 87
2 2 44 86
2 2 44 79
6 3 44 65
5 2 44 66
5 3 44 58
4 2 44 41
3 2 45 65
8 2 45 28
7 2 45 28
2 2 45 28
1 2 45 1
5 2 45 1
6 2 46 59
4 2 46 43
1 2 46 9
6 2 46 8
4 4 47 100
2 3 47 99
6 2 47 79
6 2 48 58
1 2 47 58
4 4 46 58
1 2 47 58
8 2 47 59
5 2 47 59
1 2 46 59
1 3 49 89
4 2 49 79
1 2 49 64
6 2 49 65
5 2 49 65
8 2 48 65
5 2 48 65
1 3 48 64
8 2 48 64
1 2 49 59
6 3 49 58
4 2 49 58
5 2 48 57
4 3 50 58
8 2 51 66
7 2 51 57
6 2 53 64
1 2 52 64
1 2 53 57
1 2 56 100
6 2 57 100
4 2 56 100
