457121
1831
5 3 1 99
6 7 1 100
7 2 1 100
6 2 1 100
5 13 1 99
7 4 1 100
6 4 1 100
5 2 1 98
6 3 1 98
5 24 1 96
7 9 1 97
6 2 1 97
5 4 1 98
7 5 1 98
6 18 1 98
7 15 1 98
7 4 1 95
5 9 1 95
6 4 1 95
7 23 1 95
5 12 1 94
6 17 1 91
5 3 1 92
7 4 1 92
6 2 1 93
5 7 1 88
7 6 1 89
6 15 1 89
5 2 1 90
7 3 1 90
5 3 1 90
6 5 1 90
8 2 1 89
5 3 1 90
7 4 1 90
6 3 1 89
5 6 1 90
6 11 1 90
7 2 1 90
5 14 1 90
7 4 1 90
7 5 1 88
5 2 1 88
6 9 1 88
7 10 1 85
5 2 1 86
7 8 1 86
6 3 1 86
5 4 1 86
6 3 1 86
5 9 1 86
8 2 1 85
7 4 1 85
6 5 1 86
7 12 1 85
5 5 1 86
7 2 1 85
6 9 1 86
7 2 1 83
6 2 1 83
7 4 1 83
5 2 1 84
8 2 1 83
6 5 1 82
5 12 1 83
6 2 1 84
7 2 1 84
5 5 1 83
6 19 1 84
5 8 1 88
8 3 1 89
7 3 1 89
7 12 1 84
5 7 1 84
6 19 1 82
5 13 1 82
6 6 1 86
7 2 1 87
5 6 1 86
7 7 1 80
6 8 1 80
8 2 1 81
7 2 1 82
5 3 1 82
6 9 1 82
5 9 1 81
6 2 1 81
7 2 1 80
5 3 1 80
6 6 1 78
5 2 1 78
7 3 1 78
6 5 1 78
5 10 1 77
7 7 1 78
6 11 1 78
7 2 1 76
6 3 1 76
6 2 1 70
7 4 1 71
6 4 1 71
5 13 1 72
7 3 1 72
6 24 1 73
5 11 1 73
7 13 1 74
5 13 1 74
6 23 1 73
7 11 1 74
8 3 1 75
7 9 1 75
5 2 1 76
6 3 1 76
5 7 1 76
6 7 1 76
7 3 1 76
5 4 1 76
5 8 1 70
6 8 1 70
7 4 1 68
5 7 1 66
6 2 1 67
7 6 1 67
5 2 1 68
7 2 1 68
6 5 1 68
7 2 1 65
5 6 1 66
6 3 1 66
7 5 1 67
6 5 1 66
6 9 1 62
5 8 1 63
6 8 1 62
5 3 1 62
7 3 1 63
6 16 1 63
7 9 1 62
5 2 1 63
8 2 1 64
7 2 1 65
5 7 1 63
5 3 1 60
7 4 1 60
5 2 1 60
6 5 1 60
8 2 1 61
7 2 1 61
6 3 1 62
7 10 1 63
6 11 1 64
7 5 1 64
5 5 1 66
5 9 1 64
6 4 1 64
5 8 1 64
7 4 1 62
5 4 1 60
6 13 1 60
5 2 1 60
8 3 1 59
7 2 1 60
5 3 1 60
6 14 1 60
7 19 1 59
6 13 1 66
7 2 1 66
5 3 1 66
8 2 1 65
7 2 1 66
6 5 1 66
5 6 1 66
7 10 1 65
6 2 1 62
8 3 1 63
5 10 1 62
6 4 1 61
6 4 1 58
5 11 1 57
6 5 1 57
7 5 1 58
5 6 1 58
6 4 1 55
7 4 1 56
5 9 1 56
6 3 1 57
8 2 1 57
7 7 1 58
6 3 1 56
5 2 1 57
7 2 1 57
5 3 1 57
6 5 1 58
7 9 1 58
5 2 1 58
6 2 1 58
5 2 1 58
6 2 1 58
5 4 1 58
8 4 1 59
7 7 1 59
6 3 1 59
5 5 1 54
6 11 1 53
7 9 1 54
5 9 1 56
6 5 1 57
7 4 1 53
6 10 1 52
5 6 1 53
6 8 1 52
5 3 1 52
2 14 1 50
1 4 1 49
4 6 1 48
3 6 1 47
2 7 1 47
3 8 1 47
2 7 1 46
1 6 1 45
4 7 1 45
1 8 1 45
4 7 1 44
3 6 1 43
2 7 1 43
3 8 1 43
2 7 1 42
1 6 1 41
4 7 1 41
1 8 1 41
4 7 1 40
3 6 1 39
2 7 1 39
3 8 1 39
2 5 1 38
1 7 1 38
4 7 1 37
1 5 1 37
2 3 1 38
4 5 1 36
3 2 1 36
2 6 1 34
1 13 1 33
4 4 1 32
3 13 1 31
2 6 1 30
4 2 1 31
2 4 1 30
1 13 1 29
4 6 1 28
2 2 1 29
4 4 1 28
3 13 1 27
2 6 1 26
4 2 1 27
2 4 1 26
1 14 1 25
4 6 1 24
2 2 1 25
4 3 1 24
3 10 1 23
2 8 1 24
3 2 1 23
4 3 1 24
2 2 1 22
3 2 1 23
1 13 1 21
4 6 1 21
1 2 1 21
2 3 1 22
4 2 1 20
3 4 1 19
2 5 1 20
3 5 1 19
2 4 1 19
3 2 1 19
4 3 1 20
1 3 1 17
4 4 1 17
1 5 1 17
4 6 1 17
1 6 1 17
3 3 1 15
2 4 1 15
3 5 1 15
2 7 1 15
4 3 1 16
3 6 1 15
1 3 1 13
4 4 1 13
1 5 1 13
4 7 1 13
2 3 1 14
1 6 1 13
4 5 1 12
3 3 1 11
2 4 1 11
3 5 1 11
2 6 1 11
3 6 1 11
2 5 1 10
1 3 1 9
4 4 1 9
1 5 1 9
4 6 1 9
1 6 1 9
4 5 1 8
3 3 1 7
2 4 1 7
3 5 1 7
2 6 1 7
3 6 1 7
8 2 1 7
2 5 1 6
3 5 1 7
1 3 1 5
4 4 1 5
1 5 1 5
4 6 1 5
1 5 1 5
4 6 1 4
3 3 1 3
2 4 1 3
3 5 1 3
2 5 1 3
3 6 1 3
2 2 1 2
8 2 1 3
3 2 1 3
2 3 1 3
3 3 1 3
1 3 1 1
6 2 2 100
7 2 1 100
8 2 1 100
5 3 1 99
6 6 1 100
5 3 1 100
7 3 1 99
6 4 1 100
5 2 1 100
6 4 2 100
7 3 1 100
7 2 2 89
6 5 2 89
5 4 2 89
7 10 2 89
5 3 2 89
6 3 2 88
4 2 1 88
5 8 2 87
3 2 2 88
7 5 2 87
4 2 2 88
5 2 1 88
3 2 1 89
4 2 2 90
6 6 2 85
7 3 1 84
5 2 1 84
5 2 2 84
6 2 1 84
6 2 2 81
7 6 1 80
5 3 1 80
7 5 2 80
6 5 1 80
5 5 2 82
7 3 2 81
5 6 2 79
6 21 2 79
8 3 1 79
7 2 1 79
5 8 1 80
7 4 1 78
6 2 1 79
7 2 1 78
6 3 2 77
7 2 2 78
8 4 1 77
6 5 1 78
5 7 1 79
7 5 1 78
6 3 1 76
7 5 1 76
5 2 1 77
5 3 2 79
6 2 1 78
5 2 1 78
6 2 1 78
3 4 1 79
7 5 1 79
5 3 1 78
6 3 1 79
4 3 1 77
7 12 1 77
6 3 1 77
6 11 1 72
5 4 2 80
3 2 1 78
6 8 2 75
5 12 2 74
7 10 1 70
8 2 1 71
6 12 1 71
7 4 1 70
5 9 1 71
7 2 1 72
6 3 1 72
5 3 1 72
7 4 2 75
5 7 2 74
8 3 1 73
6 3 1 74
7 3 1 74
5 2 1 74
7 3 1 72
6 4 1 73
7 15 1 72
8 2 1 70
6 2 1 70
6 3 2 74
7 3 2 73
6 15 2 71
5 8 2 72
3 4 2 73
5 2 1 73
7 4 1 74
8 2 1 75
5 5 1 73
7 4 2 74
7 3 2 70
6 3 2 69
5 4 2 69
7 6 1 68
8 2 1 67
4 4 2 70
6 4 2 57
7 2 2 58
5 8 2 56
7 3 1 56
5 2 1 57
4 2 1 58
7 2 1 56
6 3 1 56
8 3 1 55
6 2 1 55
7 3 2 56
5 2 2 57
6 2 2 58
6 4 2 55
7 8 1 54
5 5 1 55
7 2 1 55
6 2 1 55
5 2 1 55
6 3 2 56
7 2 2 57
5 10 2 56
4 2 1 56
7 2 2 55
6 2 2 54
7 2 2 53
6 3 2 53
8 3 1 53
6 2 1 53
7 2 1 54
5 3 1 53
6 3 1 53
7 3 1 53
6 10 1 52
5 2 1 53
4 2 1 54
7 6 1 54
5 6 2 55
5 2 2 53
6 2 1 52
7 8 1 52
6 3 2 54
5 2 1 54
3 3 1 55
2 12 2 50
6 2 1 50
2 11 1 50
8 3 1 51
2 10 1 50
1 10 1 49
4 7 1 48
8 2 2 52
3 2 1 51
7 5 2 53
5 3 1 52
2 12 2 50
6 2 1 50
2 10 1 50
1 28 2 50
6 2 1 50
1 13 1 50
8 8 1 50
3 3 1 50
1 3 1 49
1 9 2 49
8 3 2 49
3 2 2 50
8 2 1 50
2 12 2 49
8 2 2 50
3 2 1 50
2 10 2 49
4 12 2 48
6 2 1 48
4 9 1 48
3 12 2 47
8 2 1 47
3 9 1 47
2 14 2 46
6 2 1 46
2 10 1 47
3 2 1 47
3 9 2 47
8 2 2 47
2 10 1 46
7 2 1 47
2 9 1 47
2 22 2 47
8 2 1 47
1 33 1 48
8 2 2 49
7 2 1 49
1 9 1 49
4 8 1 48
1 9 2 47
1 7 2 45
4 7 2 44
3 12 2 43
8 2 1 43
3 9 1 43
2 8 2 42
1 12 2 41
8 2 1 41
1 9 1 41
4 8 2 40
3 12 2 39
8 2 1 39
3 9 1 39
2 8 2 38
3 10 2 35
2 6 2 34
4 12 2 24
6 2 1 24
4 8 1 24
4 2 2 24
3 12 2 23
8 2 1 23
3 7 1 24
4 2 2 20
3 4 2 18
2 2 1 18
1 2 2 17
4 3 2 17
1 4 2 17
4 4 2 17
1 5 2 17
4 5 2 17
8 2 1 17
1 2 1 17
4 2 1 18
1 3 1 17
8 2 2 19
3 2 2 15
2 3 2 15
3 4 2 15
2 4 2 15
3 5 2 15
2 5 2 15
8 2 1 15
3 3 1 15
6 2 1 14
2 3 1 15
3 6 1 15
2 9 1 14
1 7 2 13
4 6 2 13
1 5 2 13
4 5 2 13
8 2 1 13
1 3 1 13
6 2 1 12
4 3 1 13
1 8 1 13
4 9 1 13
1 2 2 13
3 7 2 11
2 6 2 11
3 5 2 11
2 5 2 11
8 2 1 11
3 3 1 11
6 2 1 10
2 3 1 11
3 8 1 11
2 8 1 11
3 3 2 11
1 7 2 9
4 6 2 9
1 5 2 9
4 5 2 9
8 2 1 9
1 3 1 9
6 2 1 8
4 3 1 9
1 8 1 9
4 8 1 9
1 3 2 9
3 4 2 7
2 8 1 7
3 12 2 7
2 5 2 7
8 2 1 7
3 3 1 7
6 2 1 6
2 2 1 6
3 4 2 7
2 8 2 7
3 3 1 6
2 3 2 6
1 7 2 6
2 4 2 6
4 6 2 5
1 425 2 5
4 7 2 5
8 3 1 5
3 5 2 3
2 8 1 3
3 11 2 3
2 5 2 3
8 2 1 3
3 3 1 3
6 2 1 2
2 2 1 2
3 4 2 3
2 8 2 3
3 3 1 2
8 2 2 3
1 42 2 4
6 2 1 4
4 11 1 4
8 2 1 3
4 3 2 4
2 21 2 2
1 19 2 1
4 2 1 1
4 3 2 1
8 2 1 1
1 2 1 1
1 7 2 1
4 2 1 1
1 8 2 1
7 3 3 98
5 6 2 97
6 7 2 97
5 2 2 97
7 2 1 96
5 2 1 96
8 2 1 95
5 5 1 95
6 3 1 95
7 3 1 96
6 4 2 97
7 2 2 97
5 6 3 94
6 5 3 94
7 4 3 93
6 9 2 92
7 3 1 92
6 3 1 93
7 3 1 92
5 4 2 91
7 6 2 91
6 2 2 92
5 5 1 92
8 2 1 93
5 2 1 94
6 3 1 93
7 6 1 94
8 4 1 92
7 5 2 93
5 8 1 92
6 4 1 93
5 5 1 94
7 3 1 94
7 3 1 91
8 2 2 96
5 5 2 95
6 2 1 95
5 3 1 96
7 6 1 96
5 8 1 96
4 2 1 95
4 2 2 97
6 4 2 90
5 3 1 90
7 5 1 90
6 2 1 91
8 3 1 89
5 2 2 90
7 5 2 89
6 3 1 89
7 3 1 90
5 3 1 88
7 3 1 88
6 4 1 89
5 3 1 90
6 5 3 98
7 3 3 98
5 2 3 94
5 4 3 90
6 5 3 91
7 7 3 91
6 5 3 91
5 4 3 91
7 3 3 90
3 2 3 88
4 4 3 88
3 2 2 87
5 2 3 88
7 2 3 85
6 7 3 80
7 6 3 79
5 6 3 80
4 4 3 78
3 2 3 77
5 3 3 78
3 2 3 78
4 4 3 78
3 4 3 78
4 2 3 78
5 3 3 78
8 2 2 77
4 3 3 71
3 2 3 71
5 6 2 71
7 2 3 72
4 2 3 72
6 2 2 72
4 3 1 72
3 6 2 72
4 8 2 72
6 2 1 70
3 2 1 70
4 2 1 70
3 2 2 69
5 2 1 68
4 3 2 70
3 3 1 68
5 5 2 71
8 2 1 71
3 2 1 70
4 2 1 71
5 3 1 72
3 3 1 73
5 2 1 74
4 3 1 72
5 10 1 72
6 2 1 73
6 2 2 68
4 3 1 68
5 2 2 70
3 3 2 70
8 2 1 69
5 2 1 69
4 2 2 71
3 4 1 71
6 2 2 73
7 2 1 73
8 2 1 74
3 2 1 73
5 3 1 73
3 2 2 72
5 14 2 72
3 4 1 69
4 3 1 69
8 2 1 68
3 3 1 68
4 3 2 71
5 3 1 69
3 3 2 72
4 6 1 72
3 3 1 73
4 2 1 74
5 2 1 73
5 4 2 72
4 6 2 70
5 4 2 70
3 10 2 71
4 2 2 70
6 2 1 70
5 4 2 71
3 3 2 71
5 7 2 70
4 10 1 70
8 2 1 70
3 5 1 69
7 2 1 70
5 2 1 70
4 4 1 71
3 3 1 70
5 2 1 70
3 2 1 70
4 2 2 71
3 6 2 70
5 2 2 69
8 2 2 69
6 3 2 67
7 3 2 67
6 4 1 66
5 7 1 67
6 2 1 68
6 2 1 65
7 3 2 65
5 3 2 66
6 5 2 66
5 2 2 66
4 2 3 71
3 2 3 67
5 3 3 68
5 3 3 64
7 3 3 64
4 2 3 63
7 4 3 62
6 2 3 62
5 7 3 62
7 2 3 62
6 11 3 62
7 3 3 62
3 2 3 63
4 2 3 62
5 3 3 60
4 2 3 56
3 3 2 56
4 2 2 57
7 2 1 57
5 4 1 57
3 2 1 56
6 2 1 55
3 2 2 56
4 2 1 56
3 2 2 54
4 4 1 54
3 2 2 54
4 2 2 54
5 5 1 54
3 2 2 53
4 4 1 52
5 2 2 54
3 4 1 54
4 2 2 53
5 4 1 52
8 2 1 53
6 5 3 57
5 11 3 58
6 2 3 59
7 3 2 59
4 2 3 57
5 2 3 56
3 2 3 56
5 4 3 55
1 4 3 45
4 4 3 44
2 4 3 42
4 4 3 40
2 4 3 38
1 12 3 37
8 2 2 37
1 10 1 37
4 2 1 37
4 9 2 36
1 7 3 37
4 5 3 37
2 7 3 34
3 12 3 31
8 2 2 31
3 7 1 31
1 12 3 29
8 2 2 29
1 7 1 29
3 12 3 27
8 2 2 27
3 7 1 27
1 39 3 25
8 2 2 25
4 11 3 24
3 3 2 23
6 3 3 24
2 69 3 25
8 2 2 23
3 8 2 23
8 4 2 23
2 13 3 23
6 2 3 22
1 10 3 21
4 7 3 20
1 2 2 20
6 2 1 20
4 2 1 20
1 2 1 21
4 5 1 20
3 2 1 20
2 2 1 19
3 3 1 19
3 5 2 19
2 9 1 19
3 7 2 19
1 2 2 20
2 5 2 18
3 2 2 19
6 2 1 18
2 2 1 18
3 2 1 18
2 7 1 18
1 2 1 17
1 3 3 21
4 3 3 20
3 2 3 19
2 3 3 18
4 5 3 12
1 4 3 13
4 3 3 13
1 2 3 13
2 5 3 10
3 4 3 11
2 3 3 11
3 2 3 11
4 4 3 8
1 3 3 9
4 4 3 4
6 3 3 2
2 25 3 2
4 2 4 94
3 2 3 94
5 5 4 94
6 3 3 93
7 6 2 93
5 2 2 94
6 3 3 92
7 2 2 91
6 2 2 91
3 3 4 89
5 7 4 90
4 2 4 89
3 3 4 90
4 7 3 90
3 2 4 91
4 2 4 91
5 4 4 87
3 2 4 88
5 3 4 87
4 2 4 86
3 4 3 86
8 2 3 85
4 2 4 88
5 2 4 87
3 4 4 88
4 4 3 86
6 2 2 86
4 2 3 86
3 2 2 86
4 3 2 87
8 2 2 88
5 7 2 87
3 2 2 86
4 2 2 86
5 2 2 86
3 2 2 86
5 2 3 86
4 3 4 86
8 2 3 85
3 3 3 86
4 2 2 85
5 2 3 84
3 2 3 85
4 2 3 85
5 4 2 85
3 2 3 84
6 2 2 84
3 3 2 85
4 3 1 84
3 2 3 86
4 4 3 87
5 3 3 88
3 6 3 88
6 2 2 88
4 2 3 87
5 2 3 87
3 2 3 88
8 2 2 87
5 2 2 88
4 3 1 88
3 3 1 87
5 3 3 90
8 2 3 91
3 3 3 89
4 6 2 88
5 2 1 88
5 5 3 90
3 4 3 89
4 5 2 88
8 2 2 89
3 3 1 89
4 2 1 90
6 2 2 86
5 3 3 84
6 2 3 83
7 2 2 83
5 2 2 83
8 4 1 83
3 3 1 83
7 3 2 82
5 2 2 83
6 3 3 82
4 2 2 82
7 3 3 81
5 2 4 86
3 5 4 87
4 5 3 86
5 5 3 87
3 8 2 86
8 2 2 87
4 8 2 86
5 7 2 88
3 7 2 89
4 3 2 90
5 4 2 91
3 3 1 91
8 2 1 92
5 2 3 89
3 2 3 89
5 4 3 84
8 2 3 83
5 2 4 92
3 4 4 93
4 6 3 91
5 3 4 94
3 5 3 94
5 5 4 94
3 2 4 94
4 4 4 94
5 2 4 94
3 3 4 94
4 3 4 94
5 3 4 94
8 2 3 93
5 4 4 90
3 4 4 90
4 6 3 89
4 2 4 82
3 2 3 82
4 2 3 83
5 3 2 82
3 5 2 83
4 5 1 83
5 3 1 84
4 2 3 83
3 3 2 83
4 2 2 84
5 3 2 84
6 3 1 82
3 3 2 84
5 7 1 82
4 4 2 84
8 2 1 83
3 2 2 84
4 2 2 84
5 4 1 83
3 3 1 83
4 2 1 83
5 2 1 83
4 2 2 83
5 2 2 83
4 3 2 83
5 2 2 83
3 4 2 82
4 2 2 83
5 7 4 81
4 2 4 82
5 3 4 83
3 4 3 82
4 3 3 83
3 3 3 82
4 2 4 83
5 3 4 82
3 2 4 82
4 2 4 82
3 3 4 81
6 7 4 79
7 4 4 80
5 5 4 80
4 3 4 78
4 4 4 74
3 3 4 75
5 3 3 75
4 4 4 75
5 2 4 75
3 6 3 75
4 2 4 74
5 3 4 74
4 2 4 74
6 2 3 74
5 2 2 74
5 3 4 74
4 2 3 74
3 3 4 75
8 2 3 73
5 3 3 74
6 2 3 72
5 3 4 74
4 8 3 74
5 3 3 74
3 3 3 73
5 5 3 73
3 5 3 73
4 4 3 74
3 2 3 72
5 2 3 71
4 4 2 70
8 2 2 71
5 2 2 71
3 3 1 71
5 4 2 71
4 3 1 71
3 3 2 71
6 2 1 70
5 2 1 71
4 4 3 71
5 6 2 71
4 3 1 71
3 3 1 70
4 2 1 70
5 2 3 70
3 4 4 74
4 4 4 74
5 2 4 74
3 4 4 74
5 5 4 73
4 10 4 74
3 5 4 74
5 3 4 71
4 2 4 68
5 2 4 68
3 3 3 67
4 2 4 68
3 3 4 68
5 2 4 68
4 2 3 67
8 2 2 67
4 2 3 67
3 2 2 67
4 2 2 68
5 2 1 67
3 2 1 68
3 2 2 69
7 2 4 63
6 2 4 59
4 2 4 51
6 2 3 50
2 7 4 48
1 9 4 45
4 11 4 45
1 2 4 45
7 2 4 46
6 2 3 46
2 6 3 46
2 3 4 46
1 24 4 45
6 2 4 46
1 2 4 46
4 2 4 45
8 4 3 45
2 8 3 45
7 3 2 45
2 5 2 45
8 2 1 45
2 10 1 45
6 2 1 44
4 6 1 44
1 20 2 45
1 9 3 45
2 171 4 44
6 4 3 44
3 11 4 43
8 2 4 43
7 2 3 43
8 2 3 43
1 24 3 44
4 2 2 44
1 18 4 44
1 7 4 41
4 12 4 42
6 3 3 42
2 10 3 42
1 127 4 42
6 2 3 42
3 7 4 39
2 19 4 39
3 2 4 39
8 3 4 39
7 2 3 39
8 4 3 39
4 3 4 40
4 9 4 36
3 12 4 35
8 2 3 35
3 4 2 35
8 2 1 35
3 2 1 35
3 2 2 35
2 2 2 36
6 2 1 36
1 3 1 37
4 2 3 36
3 5 3 35
1 2 3 36
4 4 3 36
3 2 3 35
8 2 2 35
2 35 2 35
4 2 3 35
6 2 2 34
1 2 2 34
2 6 3 35
8 2 2 35
2 6 2 35
1 6 3 36
8 2 2 35
1 36 2 35
7 2 2 36
4 2 1 36
6 4 1 36
1 12 3 33
8 2 2 33
1 6 2 33
3 2 2 34
2 2 3 33
4 7 2 32
1 2 2 33
1 2 3 33
4 2 3 33
1 3 3 33
3 2 3 34
8 2 4 36
2 2 4 34
4 8 4 33
1 2 3 33
8 2 2 33
2 45 1 33
8 3 1 33
1 41 1 33
4 4 2 32
6 2 1 32
4 8 1 32
2 10 4 30
4 11 4 30
2 4 4 30
6 2 3 30
2 11 2 30
3 3 2 31
1 3 2 30
3 6 3 31
1 4 3 29
2 4 4 30
3 2 4 31
3 2 4 27
2 9 4 26
1 7 4 21
4 4 4 20
3 4 4 19
2 6 4 19
3 2 4 19
8 2 3 19
7 2 3 19
6 3 4 18
2 402 4 18
1 4 4 17
4 11 3 17
3 2 3 18
8 4 2 17
7 2 2 18
3 4 4 16
2 4 4 15
3 5 3 14
8 3 3 15
2 2 3 14
6 3 4 14
3 3 3 14
1 3 4 13
6 4 4 12
6 2 4 10
8 4 4 7
4 4 4 8
6 2 4 8
2 9 4 2
5 4 5 94
4 2 5 90
3 3 5 78
5 7 5 77
3 5 4 76
4 3 5 78
3 3 5 77
4 6 4 76
5 4 4 73
5 3 5 78
3 2 5 75
4 3 5 75
5 3 5 75
6 2 4 74
4 2 3 74
8 2 3 74
3 3 5 75
4 5 4 74
8 2 4 75
3 4 4 73
5 2 4 74
4 3 5 75
3 2 4 75
4 2 4 75
5 3 4 76
3 4 3 74
3 2 4 74
5 3 5 76
4 2 4 75
5 2 5 71
3 4 4 71
3 3 5 71
5 6 5 64
6 4 5 64
5 10 5 64
5 3 5 61
3 4 4 60
4 3 4 61
3 4 3 61
5 4 4 62
4 3 3 59
3 2 3 59
5 5 4 60
4 2 3 59
7 2 3 58
6 2 3 58
5 2 3 59
5 2 4 57
3 3 3 57
4 2 4 58
4 2 5 61
3 2 5 57
4 5 4 56
5 5 4 57
3 6 4 58
4 4 3 57
3 3 4 58
4 2 4 58
5 5 4 58
8 2 3 58
4 2 2 58
5 2 1 58
3 2 4 58
4 3 4 58
5 4 3 58
3 6 3 59
6 2 2 59
4 2 2 59
8 2 2 58
3 2 1 58
4 2 1 58
8 2 3 56
5 3 2 56
4 7 2 57
6 2 1 57
5 2 1 58
3 2 1 58
5 3 2 57
4 2 1 57
5 2 1 58
3 2 1 58
4 2 1 58
5 2 1 58
3 2 1 58
4 2 1 58
5 2 1 58
3 2 1 58
4 2 1 58
3 3 2 57
4 2 2 57
5 2 2 57
3 2 2 57
5 3 2 57
4 4 2 57
6 2 2 55
4 2 3 56
5 2 3 56
3 4 2 55
5 2 3 55
3 2 3 55
4 5 2 55
5 2 1 55
3 3 2 53
3 5 3 56
5 3 3 55
4 7 2 55
8 2 2 54
5 3 2 53
6 2 1 53
4 2 1 53
3 2 1 52
4 2 1 52
5 2 1 53
3 2 1 53
4 2 1 53
3 4 2 54
4 4 2 54
5 6 1 53
3 2 2 52
4 3 2 53
5 3 2 53
3 5 1 53
5 2 3 52
3 3 3 53
4 2 2 52
5 2 2 53
5 2 3 54
3 2 3 54
4 5 2 54
5 2 3 56
3 3 3 56
4 3 3 56
3 3 3 55
5 2 3 56
5 2 3 53
4 2 4 53
5 3 4 54
3 4 3 53
4 2 5 58
3 6 4 58
5 2 3 58
3 2 3 59
3 2 5 51
4 2 5 51
5 5 4 50
3 2 5 52
4 4 4 52
5 2 5 51
8 2 4 51
3 3 4 50
4 4 4 51
5 4 4 52
3 6 3 49
8 2 3 50
8 3 3 48
3 2 2 48
8 2 1 48
8 3 2 48
3 2 1 48
2 2 4 47
8 2 5 49
3 2 4 48
8 2 3 48
3 2 2 48
8 2 1 48
4 2 5 50
5 4 4 49
3 3 4 50
4 3 4 51
6 2 3 51
5 2 3 50
3 2 3 51
4 3 3 51
8 2 3 50
2 10 5 47
6 2 4 47
1 15 4 47
1 9 5 47
5 2 5 42
7 2 5 40
8 3 4 40
7 2 3 40
4 5 5 39
6 2 5 39
2 10 5 39
6 2 5 39
1 10 4 39
1 2 5 36
5 2 4 36
7 2 3 36
4 5 5 32
2 84 5 31
8 2 4 31
7 2 4 32
4 5 5 29
1 2 4 29
3 4 5 27
2 4 5 26
4 4 5 15
7 2 5 16
3 2 5 16
4 5 4 16
6 2 3 16
6 2 4 16
8 3 5 13
7 3 5 7
6 3 4 6
1 12 4 5
1 22 5 5
1 12 5 1
8 2 4 1
1 11 3 1
2 15 4 1
2 9 5 1
7 2 6 94
6 5 5 94
3 2 6 90
4 4 6 91
5 6 5 89
3 3 5 91
4 2 5 92
3 4 5 89
4 5 5 89
5 4 4 88
3 4 4 88
4 2 4 88
5 2 4 86
3 2 4 86
4 2 6 93
8 2 5 93
4 4 6 90
5 4 6 90
3 7 5 89
4 2 6 91
8 2 5 91
5 2 6 90
3 2 6 90
6 2 5 90
4 2 6 79
5 4 6 80
3 5 5 78
4 2 5 78
8 2 4 77
3 2 5 77
5 5 4 77
3 2 3 77
4 3 2 77
3 2 6 76
4 4 5 76
5 6 5 77
3 2 5 76
6 2 4 76
4 2 5 76
5 2 5 76
3 5 4 76
4 2 4 77
4 2 5 78
4 2 5 75
5 2 5 75
4 3 5 75
5 4 5 75
3 6 5 76
5 3 4 76
4 3 5 77
3 2 5 77
4 3 6 79
5 2 6 80
3 2 6 79
4 2 6 79
5 3 6 79
3 4 6 79
8 2 5 79
4 4 5 77
5 2 5 77
5 2 6 79
3 2 5 79
4 3 4 79
5 2 4 80
3 2 4 79
6 2 3 78
5 2 5 79
3 4 5 79
4 2 5 78
5 3 5 79
3 2 5 77
5 2 6 78
3 2 6 78
4 6 5 78
4 2 6 78
5 7 5 78
3 3 6 77
4 3 6 77
3 4 6 76
5 5 6 77
4 3 6 75
3 2 6 66
4 4 5 65
5 2 5 66
3 2 5 66
4 2 5 66
5 4 5 66
4 3 5 66
5 3 5 66
4 2 6 64
4 4 6 62
5 3 5 61
1 81 6 31
8 2 6 29
7 2 5 29
4 8 6 28
3 4 6 28
4 2 6 28
2 73 6 26
8 3 6 27
1 17 5 27
1 5 6 27
1 12 6 25
8 2 5 25
1 10 5 25
8 2 5 25
2 4 5 25
2 19 6 25
6 2 6 20
8 2 6 11
7 2 5 11
4 2 6 10
6 2 5 10
8 2 6 9
6 2 5 8
8 3 6 6
5 2 7 89
3 3 7 89
4 6 6 88
5 2 6 88
5 3 7 91
3 5 6 90
4 5 6 91
5 6 5 90
3 8 4 90
4 2 6 93
5 4 5 93
3 3 6 92
4 5 5 91
5 4 4 91
3 2 4 92
6 3 3 92
5 2 3 93
3 3 2 93
4 5 2 92
5 2 2 93
3 2 2 93
6 3 1 92
4 2 5 94
4 2 5 90
3 2 6 91
4 4 6 92
5 5 5 91
3 4 5 92
5 3 4 92
4 2 4 91
3 3 6 90
4 2 7 79
5 2 7 79
3 2 7 79
4 2 7 79
3 2 7 79
5 3 7 79
4 3 7 78
3 8 7 63
4 3 7 64
5 5 7 65
3 2 7 66
5 3 7 65
6 2 7 37
7 2 7 34
6 3 7 34
1 9 7 34
4 8 7 28
6 2 7 28
2 10 7 28
1 18 7 27
6 2 7 28
1 9 7 28
3 2 7 26
5 2 7 20
7 2 7 5
2 8 7 5
3 2 7 6
3 2 8 64
4 4 7 64
5 3 8 63
3 2 7 63
4 3 7 63
6 2 6 63
3 3 6 64
4 3 5 63
6 2 8 30
6 2 8 22
1 2 8 21
4 2 7 21
8 2 8 21
4 2 9 90
5 2 9 66
4 3 9 66
4 2 9 61
5 5 8 60
4 3 7 60
3 4 8 61
5 4 9 62
4 4 9 63
3 2 9 62
5 2 9 62
3 3 9 62
3 2 9 49
8 2 8 48
3 2 7 48
8 2 6 48
4 2 9 50
5 4 8 49
3 3 8 50
4 4 7 49
5 2 7 50
3 2 7 51
4 2 6 50
5 2 6 51
3 3 5 50
6 2 6 49
2 8 9 37
6 2 9 26
1 2 9 26
8 2 9 21
7 2 8 21
1 2 9 4
5 2 10 63
3 2 10 64
4 2 10 64
5 5 9 64
3 2 9 65
4 2 8 64
5 2 8 65
3 3 8 64
8 2 7 64
3 2 7 65
6 2 6 65
3 2 8 66
3 3 9 65
4 5 8 65
5 6 7 65
8 2 8 62
4 2 8 62
5 2 8 61
3 2 9 63
4 4 9 64
5 3 9 65
3 4 8 64
4 2 8 65
3 4 7 65
5 2 8 65
4 2 7 64
5 3 6 64
4 2 8 63
5 3 8 64
3 2 8 65
4 5 7 64
3 2 7 64
6 2 7 63
3 2 7 63
4 2 6 63
5 2 6 63
3 2 5 63
5 2 5 63
4 2 5 63
8 2 5 62
3 3 5 62
4 2 5 62
6 2 4 61
3 2 4 61
8 2 3 60
3 2 2 60
8 2 2 61
4 3 1 60
5 4 1 60
6 3 1 61
4 2 1 61
5 3 1 62
3 2 1 61
4 3 1 61
3 2 1 61
5 2 1 61
4 3 1 60
5 3 1 60
5 2 3 63
8 2 2 63
5 2 7 60
4 2 7 60
3 2 8 62
2 2 10 32
1 12 10 26
1 2 10 4
5 2 11 32
6 2 10 32
1 9 11 26
1 6 12 37
1 7 12 32
1 2 13 37
2 2 13 4
3 2 14 70
5 3 13 70
3 2 13 71
4 2 12 70
5 2 12 71
2 9 14 4
4 2 16 70
3 3 15 70
5 2 14 70
3 2 16 59
8 3 16 48
6 2 15 48
8 2 14 48
6 2 13 48
8 2 12 48
6 2 11 48
8 2 10 48
6 2 9 48
8 2 8 48
6 2 7 48
8 3 6 48
4 2 24 54
5 2 23 54
4 3 35 93
