65779
1533
6 2 1 56
7 2 1 1
7 2 4 100
8 2 4 45
2 4 3 45
1 2 3 45
4 3 3 45
3 6 2 45
5 2 2 45
4 3 1 45
1 3 1 46
3 2 1 45
2 8 1 45
1 3 1 43
4 4 1 44
3 2 1 44
2 2 1 44
1 4 1 45
4 5 1 46
6 2 1 45
3 5 1 44
2 3 1 44
1 5 1 45
4 5 1 45
3 6 1 46
2 2 1 47
4 3 1 45
7 2 1 45
2 7 1 45
1 9 1 46
4 9 1 45
3 11 1 46
2 12 1 46
8 2 1 45
4 12 1 44
3 2 1 45
2 2 1 45
1 13 1 46
4 4 1 47
3 15 1 48
2 3 1 48
1 3 1 48
4 4 1 49
3 4 1 49
2 4 1 49
1 5 1 50
4 5 1 50
3 5 1 50
2 6 1 51
1 6 1 51
4 6 1 51
3 7 1 52
2 7 1 52
1 7 1 52
4 8 1 53
3 8 1 53
2 8 1 53
1 9 1 54
4 9 1 54
3 9 1 54
2 10 1 55
1 11 1 56
4 12 1 57
3 12 1 57
2 12 1 57
1 13 1 58
4 2 1 58
3 2 1 58
2 3 1 59
1 3 1 59
4 3 1 59
3 4 1 60
2 4 1 60
1 4 1 60
4 5 1 61
3 5 1 61
2 5 1 61
1 6 1 62
4 8 1 62
3 4 1 60
2 4 1 60
1 5 1 61
4 5 1 61
3 6 1 62
2 7 1 63
1 7 1 63
4 8 1 63
3 2 1 64
2 3 1 64
1 3 1 64
4 4 1 65
3 9 1 65
2 9 1 65
1 10 1 66
4 10 1 66
3 8 1 66
2 9 1 67
1 9 1 67
4 9 1 67
3 10 1 68
2 11 1 68
1 7 1 68
4 2 1 69
3 2 1 69
2 2 1 69
1 3 1 70
4 3 1 70
3 3 1 70
2 4 1 71
1 4 1 71
4 4 1 71
3 5 1 72
2 5 1 72
1 5 1 72
4 6 1 73
3 6 1 73
2 6 1 73
1 7 1 74
4 7 1 74
3 7 1 74
2 8 1 75
1 8 1 75
4 8 1 75
3 9 1 76
2 9 1 76
1 9 1 76
4 10 1 77
3 10 1 77
2 10 1 77
1 11 1 78
4 11 1 78
3 11 1 78
2 12 1 79
1 12 1 79
2 24 1 78
4 10 1 77
3 10 1 77
1 11 1 78
4 12 1 79
3 14 1 80
2 13 1 80
1 2 1 80
4 3 1 81
3 3 1 81
2 3 1 81
1 4 1 82
4 4 1 82
3 4 1 82
2 5 1 83
1 5 1 83
4 5 1 83
3 6 1 84
2 6 1 84
1 6 1 84
4 8 1 85
3 6 1 85
2 7 1 85
1 8 1 86
4 8 1 86
3 4 1 86
2 5 1 87
1 5 1 87
4 5 1 87
3 6 1 88
2 6 1 88
1 6 1 88
4 7 1 89
3 7 1 89
2 7 1 89
1 8 1 90
7 2 1 89
4 6 1 88
3 6 1 88
2 7 1 89
1 7 1 89
4 8 1 90
3 8 1 90
2 9 1 91
1 2 1 91
4 2 1 91
3 3 1 92
2 3 1 92
1 3 1 92
4 4 1 93
3 4 1 93
2 4 1 93
1 5 1 94
4 5 1 94
3 5 1 94
2 6 1 95
1 6 1 95
4 6 1 95
3 7 1 96
2 7 1 96
4 8 1 95
1 5 1 94
3 6 1 95
2 6 1 95
1 7 1 96
4 6 1 95
3 7 1 96
4 10 1 97
3 2 1 97
2 8 1 97
1 9 1 98
4 3 1 98
3 9 1 98
2 10 1 99
1 10 1 99
4 10 1 99
3 11 1 100
2 11 1 100
1 11 1 100
4 4 1 99
3 4 1 99
2 15 1 100
1 4 1 100
4 4 1 100
3 5 1 100
2 5 1 100
8 2 1 100
1 5 1 99
4 10 1 99
3 11 1 100
2 6 1 100
1 11 1 100
4 11 1 100
3 11 1 100
5 2 1 100
2 10 1 99
1 10 1 99
4 11 1 100
3 11 1 100
2 11 1 100
1 11 1 100
4 14 1 100
6 2 1 100
3 3 1 99
2 4 1 99
1 6 1 100
4 6 1 100
3 11 1 100
2 11 1 100
1 11 1 100
7 2 1 100
4 10 1 99
3 10 1 99
2 11 1 100
1 11 1 100
4 11 1 100
3 11 1 100
2 11 1 100
8 2 1 100
1 10 1 99
4 10 1 99
3 4 1 100
2 13 1 100
1 5 1 100
4 5 1 100
3 11 1 100
5 2 1 100
2 4 1 99
1 4 1 99
4 6 1 100
3 6 1 100
2 6 1 100
1 11 1 100
4 11 1 100
6 2 1 100
3 10 1 99
2 10 1 99
1 11 1 100
4 11 1 100
3 11 1 100
2 4 1 100
1 4 1 100
7 2 1 100
4 12 1 99
3 4 1 99
2 11 1 100
1 11 1 100
4 5 1 100
3 11 1 100
2 11 1 100
8 2 1 100
1 4 1 99
4 11 1 99
3 6 1 100
2 6 1 100
1 11 1 100
4 6 1 100
3 11 1 100
5 2 1 100
2 12 1 99
1 3 1 99
4 4 1 100
3 5 1 100
2 5 1 100
1 11 1 100
4 11 1 100
6 2 1 100
3 10 1 99
2 10 1 99
1 11 1 100
4 11 1 100
3 10 1 99
2 10 1 99
1 10 1 99
7 2 1 99
4 3 1 98
3 3 1 98
2 12 1 99
1 5 1 99
4 9 1 98
3 9 1 98
2 4 1 98
8 2 1 97
1 7 1 96
4 7 1 96
3 8 1 97
2 6 1 95
1 6 1 95
4 6 1 95
3 5 1 94
2 5 1 94
1 4 1 93
4 4 1 93
3 4 1 93
2 3 1 92
1 3 1 92
4 3 1 92
3 2 1 91
2 2 1 91
1 2 1 91
8 2 1 89
1 6 1 88
4 6 1 88
3 7 1 89
2 7 1 89
1 7 1 89
4 8 1 90
3 8 1 90
5 2 1 89
2 6 1 88
1 6 1 88
4 7 1 89
3 7 1 89
2 8 1 90
1 7 1 89
4 7 1 89
6 2 1 89
3 6 1 88
2 6 1 88
1 7 1 89
4 7 1 89
3 7 1 89
2 7 1 89
1 7 1 89
7 2 1 89
4 6 1 88
3 6 1 88
2 7 1 89
1 7 1 89
4 7 1 89
3 7 1 89
2 7 1 89
8 2 1 89
1 6 1 88
4 6 1 88
3 7 1 89
2 7 1 89
1 7 1 89
4 7 1 89
3 7 1 89
5 2 1 89
2 6 1 88
1 6 1 88
4 7 1 89
3 7 1 89
2 7 1 89
1 7 1 89
4 7 1 89
6 2 1 89
3 2 1 88
2 2 1 88
1 3 1 89
4 3 1 89
3 3 1 89
2 3 1 89
1 3 1 89
7 2 1 89
4 2 1 88
3 2 1 88
2 3 1 89
1 3 1 89
4 3 1 89
3 3 1 89
2 3 1 89
8 2 1 89
1 2 1 88
4 2 1 88
3 3 1 89
2 3 1 89
1 3 1 89
4 3 1 89
3 3 1 89
5 2 1 89
2 2 1 88
1 2 1 88
4 3 1 89
3 3 1 89
2 3 1 89
1 3 1 89
4 3 1 89
6 2 1 89
3 2 1 88
2 2 1 88
1 3 1 89
4 3 1 89
3 3 1 89
2 3 1 89
1 3 1 89
7 2 1 89
4 2 1 88
3 2 1 88
2 3 1 89
1 3 1 89
4 3 1 89
3 3 1 89
2 2 1 88
8 2 1 88
8 2 1 86
1 2 1 87
4 2 1 87
3 5 1 87
2 5 1 87
1 5 1 87
4 4 1 86
3 4 1 86
2 4 1 86
1 4 1 86
4 4 1 86
3 4 1 86
2 4 1 86
1 4 1 86
4 4 1 86
3 4 1 86
2 4 1 86
1 4 1 86
4 4 1 86
3 4 1 86
2 4 1 86
1 4 1 86
4 4 1 86
3 4 1 86
2 4 1 86
1 4 1 86
4 4 1 86
3 4 1 86
2 4 1 86
1 4 1 86
4 4 1 86
3 4 1 86
2 3 1 85
1 3 1 85
4 3 1 85
3 2 1 84
2 2 1 84
8 2 1 82
1 2 1 83
3 3 1 81
2 3 1 81
1 3 1 81
4 4 1 82
3 4 1 82
2 4 1 82
1 4 1 82
4 4 1 82
3 4 1 82
2 4 1 82
1 4 1 82
4 4 1 82
3 3 1 82
2 5 1 82
1 4 1 82
4 4 1 82
3 4 1 82
2 4 1 82
1 4 1 82
4 4 1 82
3 4 1 82
2 4 1 82
1 4 1 82
4 4 1 82
3 4 1 82
2 4 1 82
1 4 1 82
4 4 1 82
3 4 1 82
2 3 1 82
1 3 1 82
4 6 1 82
3 4 1 82
2 4 1 82
1 4 1 82
4 4 1 82
3 4 1 82
2 4 1 82
1 4 1 82
4 4 1 82
3 4 1 82
2 4 1 82
1 4 1 82
4 4 1 82
3 4 1 82
2 6 1 82
1 3 1 82
4 3 1 82
3 4 1 82
2 4 1 82
1 4 1 82
4 4 1 82
3 4 1 82
2 4 1 82
1 4 1 82
4 4 1 82
3 4 1 82
2 4 1 82
1 4 1 82
4 4 1 82
3 4 1 82
2 4 1 82
1 4 1 82
4 5 1 82
3 3 1 82
2 4 1 82
1 4 1 82
4 4 1 82
3 4 1 82
2 4 1 82
1 4 1 82
4 4 1 82
3 4 1 82
2 3 1 81
1 3 1 81
4 3 1 81
3 3 1 81
2 3 1 81
1 3 1 81
4 3 1 81
3 2 1 80
2 2 1 80
1 2 1 80
8 2 1 78
1 10 1 77
4 10 1 77
3 11 1 78
2 11 1 78
1 11 1 78
4 12 1 79
3 12 1 79
5 2 1 78
4 13 1 78
2 10 1 77
1 11 1 78
3 10 1 77
2 10 1 77
1 10 1 77
4 11 1 78
6 2 1 78
3 10 1 77
2 10 1 77
1 11 1 78
4 11 1 78
3 11 1 78
2 12 1 79
1 11 1 78
7 2 1 78
4 10 1 77
3 10 1 77
2 11 1 78
1 11 1 78
4 11 1 78
3 11 1 78
2 12 1 78
1 10 1 77
4 10 1 77
3 10 1 77
2 10 1 77
1 10 1 77
4 10 1 77
3 10 1 77
2 10 1 77
1 10 1 77
4 10 1 77
3 10 1 77
2 10 1 77
1 10 1 77
4 10 1 77
3 10 1 77
2 10 1 77
1 10 1 77
4 10 1 77
3 10 1 77
2 10 1 77
1 10 1 77
4 10 1 77
3 10 1 77
2 10 1 77
1 10 1 77
4 10 1 77
3 10 1 77
2 10 1 77
1 10 1 77
4 10 1 77
3 9 1 76
2 9 1 76
1 9 1 76
4 8 1 75
3 8 1 75
2 8 1 75
1 7 1 74
4 7 1 74
3 7 1 74
2 6 1 73
1 6 1 73
4 6 1 73
3 5 1 72
2 5 1 72
1 5 1 72
4 4 1 71
3 4 1 71
2 4 1 71
1 3 1 70
4 3 1 70
3 3 1 70
2 2 1 69
1 2 1 69
4 2 1 69
7 2 1 67
4 6 1 66
3 4 1 66
1 6 1 67
4 6 1 67
3 8 1 68
2 7 1 68
8 2 1 67
1 8 1 66
4 8 1 66
3 9 1 67
2 9 1 67
1 10 1 68
4 9 1 67
3 9 1 67
5 2 1 67
2 8 1 66
1 8 1 66
4 9 1 67
3 9 1 67
2 5 1 67
1 5 1 67
4 12 1 67
6 2 1 67
3 5 1 66
2 8 1 66
1 6 1 67
4 6 1 67
3 7 1 67
2 7 1 67
1 9 1 67
7 2 1 67
4 6 1 66
3 8 1 66
2 9 1 67
1 9 1 67
4 9 1 67
3 9 1 67
2 11 1 67
8 3 1 68
3 2 1 68
2 2 1 68
1 6 1 68
4 6 1 68
3 7 1 68
5 4 1 68
4 2 1 68
3 2 1 68
2 7 1 68
1 10 1 68
4 10 1 68
6 4 1 68
4 3 1 68
3 8 1 66
2 8 1 66
1 9 1 67
3 2 1 68
2 2 1 68
1 2 1 68
7 4 1 68
2 2 1 68
1 2 1 68
4 7 1 68
3 7 1 68
2 12 1 68
8 4 1 68
3 2 1 68
2 2 1 68
1 8 1 68
2 2 1 68
5 2 1 68
4 10 1 68
3 10 1 68
5 2 1 67
2 6 1 66
1 8 1 66
4 9 1 67
3 5 1 67
2 6 1 68
1 6 1 68
4 6 1 68
6 4 1 68
1 2 1 68
4 2 1 68
3 6 1 68
2 6 1 68
1 6 1 68
7 3 1 68
4 2 1 68
4 4 1 66
3 4 1 66
2 5 1 67
1 6 1 68
4 6 1 68
3 6 1 68
2 6 1 68
8 4 1 68
3 2 1 68
1 4 1 66
4 4 1 66
3 4 1 66
2 5 1 67
1 4 1 66
4 4 1 66
3 4 1 66
2 4 1 66
1 4 1 66
4 4 1 66
3 4 1 66
2 4 1 66
1 4 1 66
4 4 1 66
3 4 1 66
2 3 1 65
1 3 1 65
4 3 1 65
3 2 1 64
2 2 1 64
1 2 1 64
8 2 1 62
3 3 1 61
2 3 1 61
1 4 1 62
4 5 1 63
3 5 1 63
2 5 1 63
1 4 1 62
4 6 1 62
3 2 1 60
2 2 1 60
1 3 1 61
4 3 1 61
3 4 1 62
2 4 1 62
1 4 1 62
4 4 1 62
3 4 1 62
2 4 1 62
1 4 1 62
4 4 1 62
2 5 1 62
3 3 1 61
1 4 1 62
4 4 1 62
3 4 1 62
2 5 1 62
1 2 1 60
4 3 1 61
3 3 1 61
2 3 1 61
1 4 1 62
4 4 1 62
3 4 1 62
2 4 1 62
1 3 1 61
4 2 1 60
3 2 1 60
2 2 1 60
1 2 1 60
4 2 1 60
3 2 1 60
8 2 1 58
7 2 1 56
4 10 1 55
3 10 1 55
2 11 1 56
1 11 1 56
4 11 1 56
3 12 1 57
2 12 1 57
1 2 1 58
4 2 1 58
3 2 1 58
2 3 1 59
1 3 1 59
4 3 1 59
3 2 1 58
2 2 1 58
1 2 1 58
4 2 1 58
3 2 1 58
2 2 1 58
1 2 1 58
4 2 1 58
3 2 1 58
2 2 1 58
1 2 1 58
4 2 1 58
3 2 1 58
2 2 1 58
1 2 1 58
4 2 1 58
3 2 1 58
2 2 1 58
1 2 1 58
4 2 1 58
3 2 1 58
2 2 1 58
1 2 1 58
4 2 1 58
3 2 1 58
2 2 1 58
1 2 1 58
4 2 1 58
3 2 1 58
2 2 1 58
1 2 1 58
4 2 1 58
3 2 1 58
2 2 1 58
1 2 1 58
4 2 1 58
3 2 1 58
2 2 1 58
1 2 1 58
4 2 1 58
3 2 1 58
2 2 1 58
1 2 1 58
4 2 1 58
3 2 1 58
2 2 1 58
1 2 1 58
4 2 1 58
3 2 1 58
2 2 1 58
1 2 1 58
4 2 1 58
3 2 1 58
2 2 1 58
1 2 1 58
4 2 1 58
3 2 1 58
2 2 1 58
1 2 1 58
4 2 1 58
3 2 1 58
2 2 1 58
1 2 1 58
8 2 1 56
1 10 1 55
4 10 1 55
3 11 1 56
2 11 1 56
1 11 1 56
4 12 1 57
3 12 1 57
5 2 1 56
2 10 1 55
1 10 1 55
4 11 1 56
3 11 1 56
2 12 1 57
1 11 1 56
4 11 1 56
6 2 1 56
3 10 1 55
2 10 1 55
1 11 1 56
4 11 1 56
3 11 1 56
2 11 1 56
1 11 1 56
7 2 1 56
4 10 1 55
3 10 1 55
2 11 1 56
1 11 1 56
4 11 1 56
3 11 1 56
2 11 1 56
8 2 1 56
1 10 1 55
4 10 1 55
3 11 1 56
2 11 1 56
1 11 1 56
4 11 1 56
3 11 1 56
5 2 1 56
2 10 1 55
1 10 1 55
4 11 1 56
3 11 1 56
2 11 1 56
1 11 1 56
4 11 1 56
6 2 1 56
3 10 1 55
2 10 1 55
1 11 1 56
4 11 1 56
3 11 1 56
2 11 1 56
1 11 1 56
7 2 1 56
4 10 1 55
3 10 1 55
2 11 1 56
1 10 1 55
4 10 1 55
3 10 1 55
2 10 1 55
8 2 1 55
1 9 1 54
4 9 1 54
3 10 1 55
2 10 1 55
1 10 1 55
4 10 1 55
3 10 1 55
5 2 1 54
2 8 1 53
1 8 1 53
4 9 1 54
3 8 1 53
2 8 1 53
1 8 1 53
4 7 1 52
6 2 1 52
3 6 1 51
2 6 1 51
1 6 1 51
4 6 1 51
3 6 1 51
2 5 1 50
1 5 1 50
7 2 1 50
4 4 1 49
3 3 1 48
2 4 1 49
1 4 1 49
4 3 1 48
3 3 1 48
2 3 1 48
8 2 1 47
2 11 1 44
1 10 1 44
4 10 1 44
3 10 1 44
2 10 1 44
1 10 1 44
4 10 1 44
3 10 1 44
2 10 1 44
1 10 1 44
2 14 1 44
4 9 1 43
3 9 1 43
1 10 1 44
4 10 1 44
3 10 1 44
2 10 1 44
1 10 1 44
4 10 1 44
3 10 1 44
2 10 1 44
1 10 1 44
4 10 1 44
3 10 1 44
2 10 1 44
1 10 1 44
4 12 1 44
3 9 1 43
2 9 1 43
1 10 1 44
4 10 1 44
3 10 1 44
2 10 1 44
1 10 1 44
4 10 1 44
3 10 1 44
2 10 1 44
1 10 1 44
4 10 1 44
3 10 1 44
2 10 1 44
1 10 1 44
4 10 1 44
3 10 1 44
2 11 1 44
1 9 1 43
4 10 1 44
3 10 1 44
2 10 1 44
1 10 1 44
4 10 1 44
3 10 1 44
2 10 1 44
1 10 1 44
4 10 1 44
3 10 1 44
2 10 1 44
1 10 1 44
4 10 1 44
3 10 1 44
2 10 1 44
4 11 1 44
1 9 1 43
3 10 1 44
2 10 1 44
1 10 1 44
4 10 1 44
3 10 1 44
2 10 1 44
1 10 1 44
4 10 1 44
3 9 1 43
2 9 1 43
1 9 1 43
4 9 1 43
3 9 1 43
2 8 1 42
1 8 1 42
4 8 1 42
3 4 1 42
2 4 1 42
1 3 1 41
4 3 1 41
3 3 1 41
2 3 1 41
1 3 1 41
4 2 1 40
3 2 1 40
2 2 1 40
1 2 1 40
4 2 1 40
8 2 1 38
3 3 1 37
2 3 1 37
1 4 1 38
4 4 1 38
3 5 1 39
2 4 1 38
1 4 1 38
4 4 1 38
3 4 1 38
2 4 1 38
1 4 1 38
4 4 1 38
3 4 1 38
2 4 1 38
1 3 1 37
4 2 1 36
8 2 1 34
3 2 1 35
5 2 5 34
4 3 5 35
3 4 4 34
6 2 5 35
1 3 4 35
2 3 5 33
1 5 4 33
4 6 4 33
3 7 4 33
2 8 3 33
4 4 3 34
6 2 3 34
1 9 2 34
3 3 2 33
2 2 2 33
2 2 3 35
3 3 2 35
1 2 3 35
7 4 3 35
2 3 2 35
4 3 3 35
4 11 3 31
3 7 3 32
2 8 3 32
1 7 2 31
4 9 2 32
3 9 1 32
2 8 1 32
1 9 1 32
4 9 1 33
3 9 1 32
2 10 1 32
1 12 1 33
4 12 1 32
3 14 1 33
2 18 1 34
1 5 1 33
4 6 1 34
3 6 1 33
2 6 1 33
1 11 1 34
4 10 1 33
3 11 1 34
2 11 1 34
8 2 1 34
1 10 1 33
4 6 1 33
3 7 1 34
2 13 1 34
1 8 1 34
4 11 1 34
8 2 1 34
5 2 1 35
1 2 1 36
3 10 1 33
2 7 1 33
1 10 1 33
4 12 1 34
3 6 1 34
2 8 1 35
8 2 1 35
1 7 1 34
4 7 1 34
6 2 1 34
3 10 1 33
2 10 1 33
1 11 1 34
4 11 1 34
3 12 1 35
2 12 1 35
1 12 1 35
4 2 1 36
7 2 1 34
4 12 1 33
3 6 1 33
2 7 1 34
1 8 1 34
4 8 1 34
3 7 1 35
5 2 1 35
2 12 1 34
8 2 1 34
1 6 1 33
4 6 1 33
3 11 1 34
2 7 1 34
1 11 1 34
4 12 1 35
3 12 1 35
5 2 1 34
2 10 1 33
1 10 1 33
4 11 1 34
3 11 1 34
2 12 1 35
1 12 1 35
4 12 1 35
2 2 1 35
6 2 1 34
1 2 1 35
4 2 1 35
3 12 1 35
2 7 1 35
1 7 1 35
7 4 1 35
2 2 1 35
1 2 1 35
4 14 1 35
3 8 1 35
2 13 1 35
8 4 1 35
3 2 1 35
4 4 1 35
1 6 1 33
4 6 1 33
3 7 1 33
2 8 1 34
1 11 1 34
3 2 1 35
5 4 1 35
4 9 1 35
3 12 1 35
2 12 1 35
1 11 1 34
4 10 1 33
3 10 1 33
2 12 1 33
1 5 1 33
4 5 1 33
3 6 1 33
2 6 1 33
1 10 1 33
4 10 1 33
3 9 1 32
2 8 1 31
1 3 1 30
4 7 1 29
3 2 1 28
2 2 1 28
1 5 1 28
3 3 1 26
2 3 1 26
1 3 1 26
4 4 1 27
3 4 1 27
2 4 1 27
1 4 1 27
4 4 1 27
3 4 1 27
2 4 1 27
1 4 1 27
4 4 1 27
3 4 1 27
2 4 1 27
1 4 1 27
2 6 1 27
4 3 1 26
3 3 1 26
1 4 1 27
4 4 1 27
3 4 1 27
2 4 1 27
1 4 1 27
4 4 1 27
3 4 1 27
2 3 1 26
1 3 1 26
4 3 1 26
3 3 1 26
2 3 1 26
1 3 1 26
4 3 1 26
3 3 1 26
2 3 1 26
1 3 1 26
4 3 1 26
3 3 1 26
2 3 1 26
1 3 1 26
4 3 1 26
3 3 1 26
2 3 1 26
1 2 1 25
4 2 1 25
3 2 1 25
2 2 1 25
1 2 1 25
8 2 1 23
1 5 1 22
4 6 1 22
3 8 1 23
2 9 1 23
1 10 1 23
4 12 1 24
3 12 1 23
5 2 1 23
2 12 1 22
1 13 1 22
4 15 1 23
3 16 1 23
2 25 1 23
1 11 1 23
4 11 1 23
6 2 1 23
3 10 1 22
2 10 1 22
1 11 1 23
4 11 1 23
3 11 1 23
2 11 1 23
1 11 1 23
7 2 1 23
4 10 1 22
3 10 1 22
2 11 1 23
1 11 1 23
4 11 1 23
3 11 1 23
2 11 1 23
8 2 1 23
1 10 1 22
4 10 1 22
3 11 1 23
2 11 1 23
1 11 1 23
4 11 1 23
3 11 1 23
5 2 1 23
2 10 1 22
1 10 1 22
4 11 1 23
3 11 1 23
2 11 1 23
1 11 1 23
4 11 1 23
6 2 1 23
3 10 1 22
2 10 1 22
1 11 1 23
4 11 1 23
3 11 1 23
2 11 1 23
1 11 1 23
7 2 1 23
4 10 1 22
3 10 1 22
2 11 1 23
1 11 1 23
4 11 1 23
3 11 1 23
2 11 1 23
8 2 1 23
1 10 1 22
4 10 1 22
3 11 1 23
2 11 1 23
1 11 1 23
4 11 1 23
3 11 1 23
5 2 1 23
2 10 1 22
1 10 1 22
4 11 1 23
3 11 1 23
2 11 1 23
1 11 1 23
4 11 1 23
6 2 1 23
3 10 1 22
2 10 1 22
1 11 1 23
4 11 1 23
3 11 1 23
2 11 1 23
1 11 1 23
7 2 1 23
4 10 1 22
3 10 1 22
2 11 1 23
1 11 1 23
4 11 1 23
3 11 1 23
2 11 1 23
8 2 1 23
1 10 1 22
4 10 1 22
3 11 1 23
2 11 1 23
1 11 1 23
4 11 1 23
3 11 1 23
5 2 1 23
2 10 1 22
1 10 1 22
4 11 1 23
3 11 1 23
2 10 1 22
1 9 1 21
4 8 1 20
3 7 1 19
2 6 1 18
1 5 1 17
4 4 1 16
8 2 1 14
3 2 1 14
8 2 1 12
3 2 1 12
2 2 1 13
1 9 1 13
4 8 1 12
3 9 1 12
5 2 1 12
2 2 1 11
1 4 1 11
4 5 1 12
3 5 1 12
2 10 1 12
1 11 1 12
4 12 1 12
6 2 1 12
3 11 1 11
2 11 1 11
1 13 1 12
4 14 1 12
3 8 1 9
2 9 1 9
1 9 1 10
4 10 1 10
3 10 1 10
2 11 1 11
1 10 1 11
4 10 1 11
3 11 1 12
2 11 1 12
1 11 1 12
7 2 1 12
4 10 1 11
3 10 1 11
2 11 1 12
1 11 1 12
4 11 1 12
3 11 1 12
2 12 1 12
8 2 1 12
1 8 1 9
4 9 1 10
3 9 1 10
2 9 1 10
1 10 1 11
4 10 1 11
2 12 1 11
3 9 1 10
1 10 1 11
4 10 1 11
3 2 1 12
8 2 1 10
3 8 1 9
2 8 1 9
1 9 1 10
4 9 1 10
3 9 1 10
2 10 1 11
1 2 1 12
4 12 1 12
3 3 1 12
5 2 1 12
2 2 1 11
1 10 1 11
4 3 1 12
3 11 1 12
2 11 1 12
1 11 1 12
4 11 1 12
6 2 1 12
3 10 1 11
4 13 1 11
2 9 1 10
1 9 1 10
3 10 1 11
2 10 1 11
1 11 1 12
2 12 1 10
4 8 1 9
3 8 1 9
1 9 1 10
4 10 1 11
3 11 1 12
2 9 1 10
1 10 1 11
4 10 1 11
3 10 1 11
2 11 1 12
1 11 1 12
7 2 1 12
4 10 1 11
3 10 1 11
2 13 1 12
1 9 1 10
4 11 1 10
3 8 1 9
2 8 1 9
1 9 1 10
4 9 1 10
3 10 1 11
2 10 1 11
1 11 1 12
4 11 1 12
3 11 1 12
2 11 1 12
8 2 1 11
1 9 1 10
4 9 1 10
3 10 1 11
2 10 1 11
1 10 1 11
4 10 1 11
3 10 1 11
5 2 1 11
2 9 1 10
1 9 1 10
4 10 1 10
3 6 1 7
2 7 1 8
1 7 1 8
4 7 1 8
3 8 1 9
2 7 1 8
1 6 1 7
4 5 1 6
6 2 1 5
3 3 1 4
8 2 1 1
7 2 6 3
5 2 6 1
8 2 11 3
6 2 11 1
5 2 16 3
7 2 16 1
8 2 21 1
5 2 26 1
6 2 31 1
7 2 36 1
8 2 41 1
5 2 46 1
6 2 51 1
7 2 56 1
8 2 61 1
5 2 66 1
