11536
2407
2 2 1 500
1 3 1 500
3 4 1 500
4 4 1 500
3 2 1 500
1 4 1 497
2 7 1 498
1 3 1 494
5 3 1 491
3 4 1 490
1 2 1 489
6 3 1 489
3 2 1 488
4 2 1 487
5 2 1 488
2 4 1 484
3 7 1 482
4 4 1 475
3 2 1 475
2 3 1 476
1 4 1 477
4 2 1 478
3 2 1 466
1 3 1 466
4 5 1 463
2 2 1 464
4 2 1 465
3 2 1 466
6 2 1 465
5 2 1 461
3 3 1 461
1 2 1 459
3 2 1 458
4 2 1 459
2 2 1 460
1 4 1 460
2 4 1 459
4 3 1 458
1 4 1 458
5 2 1 458
2 2 1 456
3 8 1 457
1 2 1 454
1 2 1 445
2 2 1 445
2 2 1 439
1 3 1 438
1 2 1 436
4 3 1 432
7 2 1 433
1 2 1 433
3 2 1 433
1 3 1 430
2 3 1 430
1 7 1 428
3 4 1 429
2 3 1 429
4 2 1 420
3 2 1 419
1 6 1 416
4 2 1 415
3 4 1 413
2 5 1 411
5 2 1 408
6 2 1 409
5 2 1 409
3 2 1 410
2 3 1 407
5 3 1 405
2 5 1 399
1 3 1 396
4 3 1 397
2 7 1 396
1 2 1 396
3 4 1 397
3 2 1 393
1 2 1 389
2 3 1 389
2 4 1 386
4 2 1 378
5 2 1 379
7 2 1 375
2 2 1 375
3 2 1 373
2 3 1 372
1 6 1 372
1 2 1 369
3 2 1 370
6 2 1 369
1 5 1 363
2 2 1 365
3 2 1 364
4 2 1 364
2 2 1 362
3 2 1 363
4 3 1 362
2 3 1 363
6 3 1 361
3 3 1 361
1 6 1 362
3 2 1 361
3 2 1 357
1 2 1 357
1 3 1 354
4 2 1 348
3 2 1 348
1 6 1 342
2 3 1 343
1 3 1 336
5 5 1 335
2 3 1 333
1 4 1 329
5 3 1 328
3 2 1 329
4 3 1 328
3 2 1 318
1 2 1 313
1 2 1 310
2 3 1 308
2 5 1 303
3 2 1 301
4 5 1 297
1 11 1 287
3 2 1 286
2 2 1 287
8 2 1 285
3 3 1 285
5 2 1 284
2 6 1 285
4 3 1 283
4 4 1 274
1 4 1 274
6 2 1 274
4 3 1 274
1 2 1 268
5 2 1 267
2 2 1 267
3 3 1 268
3 4 1 264
1 3 1 264
1 2 1 257
2 2 1 256
3 2 1 256
4 2 1 255
1 4 1 256
3 2 1 255
2 4 1 256
1 2 1 254
3 3 1 254
4 4 1 254
2 11 1 254
5 4 1 254
2 4 1 254
1 3 1 254
1 3 1 251
4 2 1 250
5 2 1 250
2 4 1 251
1 3 1 249
4 2 1 249
5 3 1 242
4 2 1 242
3 4 1 240
2 5 1 240
5 2 1 240
3 2 1 237
1 6 1 236
2 5 1 237
1 4 1 236
4 2 1 236
2 4 1 234
5 4 1 233
4 2 1 234
3 2 1 235
4 2 1 231
1 3 1 231
8 2 1 229
2 2 1 229
1 3 1 229
3 2 1 229
4 2 1 227
1 2 1 226
2 7 1 227
1 3 1 226
4 2 1 226
3 3 1 225
2 2 1 225
1 2 1 226
6 2 1 221
4 2 1 222
8 2 1 223
5 2 1 220
2 5 1 217
1 3 1 203
2 2 1 204
3 2 1 205
2 2 1 200
2 3 1 198
1 4 1 199
6 3 1 199
2 2 1 199
5 2 1 196
4 2 1 197
2 2 1 197
1 3 1 198
4 2 1 196
3 2 1 195
1 7 1 196
2 2 1 195
4 2 1 194
6 2 1 193
2 4 1 188
3 2 1 189
1 2 1 187
4 6 1 186
2 4 1 179
1 5 1 178
6 2 1 176
2 2 1 173
1 6 1 164
3 3 1 163
1 2 1 153
2 2 1 154
2 2 1 150
7 2 1 149
2 7 1 144
1 2 1 144
2 2 1 144
5 2 1 144
2 2 1 144
1 2 1 143
4 2 1 144
1 2 1 143
3 3 1 144
1 4 1 143
4 2 1 138
1 4 1 139
1 4 1 136
2 2 1 132
1 3 1 128
2 2 1 124
1 3 1 124
2 3 1 124
3 2 1 125
4 2 1 126
2 5 1 124
3 2 1 125
5 4 1 124
1 2 1 125
2 3 1 122
3 4 1 120
1 2 1 121
2 2 1 121
5 2 1 121
1 4 1 121
2 2 1 121
4 4 1 120
6 4 1 118
2 3 1 116
2 2 1 111
2 5 1 107
6 2 1 106
3 2 1 107
3 2 1 104
4 3 1 103
2 5 1 101
1 2 1 102
2 5 1 101
1 2 1 101
6 2 1 101
5 2 1 98
1 6 1 97
3 2 1 96
1 5 1 96
2 4 1 93
3 4 1 86
1 4 1 86
3 2 1 86
6 2 1 87
4 2 1 88
4 2 1 85
1 2 1 81
2 6 1 75
3 2 1 75
1 2 1 74
4 2 1 74
5 2 1 73
3 3 1 67
1 2 1 64
6 2 1 63
2 2 1 64
5 2 1 64
3 2 1 63
4 2 1 59
2 2 1 59
6 2 1 56
5 4 1 52
4 5 1 53
2 3 1 56
1 4 1 50
4 4 1 50
3 3 1 48
1 2 1 49
1 2 1 45
3 3 1 43
2 2 1 44
5 2 1 45
1 3 1 42
3 2 1 43
2 3 1 43
4 3 1 44
1 2 1 43
4 3 1 41
3 2 1 30
6 2 1 29
4 2 1 30
3 2 1 20
1 6 1 19
6 3 1 20
3 5 1 20
1 3 1 20
2 2 1 17
4 3 1 16
5 3 1 16
2 2 1 14
4 3 1 14
1 4 1 15
3 2 1 13
5 2 1 13
3 2 1 13
2 9 1 11
4 2 1 11
1 5 1 10
2 7 1 3
6 2 2 495
5 3 1 495
6 2 2 490
2 2 2 490
2 3 2 481
1 4 2 482
1 2 2 473
2 2 2 473
1 2 2 471
6 2 2 458
1 3 2 457
2 6 1 456
5 2 1 454
5 2 2 457
3 4 2 451
1 3 1 451
3 2 1 452
6 2 1 453
1 2 1 451
2 2 2 445
1 6 2 442
5 5 2 442
3 4 2 443
4 2 1 442
7 2 2 444
1 3 2 444
2 2 2 442
3 6 1 442
2 5 1 442
1 5 2 440
5 2 2 440
3 2 2 440
1 2 2 436
4 3 2 436
3 2 2 434
2 4 2 434
4 2 1 434
1 2 2 435
5 3 1 435
1 2 2 436
2 2 1 436
3 3 2 435
4 2 2 436
7 2 2 434
6 2 2 431
3 2 2 430
1 4 1 429
5 2 1 428
3 2 1 428
2 2 1 428
3 2 1 428
6 2 1 427
4 2 2 431
1 2 2 431
5 4 1 431
3 5 2 432
5 2 2 433
4 2 2 434
3 2 1 434
6 2 1 435
1 2 1 434
7 2 1 434
1 2 1 434
4 2 2 435
2 2 1 435
1 2 1 436
4 2 2 431
1 3 2 430
5 2 2 430
3 3 2 430
2 2 2 430
1 2 2 429
2 2 2 427
3 2 2 427
1 2 2 427
7 2 2 419
2 3 1 419
6 2 1 420
1 4 1 418
2 3 1 419
4 2 1 418
1 2 2 419
3 2 2 412
6 2 2 410
4 2 1 410
1 2 1 411
5 2 1 409
4 4 2 411
2 2 1 409
1 2 1 409
3 3 2 411
4 2 2 411
2 2 1 411
6 2 2 412
4 2 1 412
1 3 1 413
1 2 2 410
3 4 2 410
5 3 2 408
7 2 2 406
4 2 2 406
2 2 2 403
1 2 2 404
1 2 2 396
1 4 2 391
6 2 2 389
3 2 2 386
1 3 2 385
6 2 2 385
3 2 2 385
1 6 2 385
2 4 2 386
4 2 2 387
2 2 2 387
5 3 2 387
1 6 1 386
6 2 1 387
7 2 1 386
3 2 1 385
8 2 1 386
5 2 2 384
3 2 2 380
4 2 2 381
5 2 2 381
1 3 2 379
2 4 2 379
5 4 2 379
2 2 2 377
4 2 2 376
1 3 2 376
3 3 2 371
5 4 1 371
4 5 1 372
2 3 1 372
1 3 2 370
4 4 1 369
5 2 2 371
1 2 2 371
3 2 1 371
4 2 2 370
1 2 2 371
6 2 1 371
8 2 1 371
5 2 1 371
4 2 1 371
2 3 1 371
6 3 1 371
2 11 1 371
1 3 2 365
3 3 2 365
7 2 2 364
2 2 2 365
1 2 2 363
1 2 2 360
5 3 1 360
3 2 1 360
4 5 1 360
5 2 1 358
4 3 2 355
1 2 2 354
1 2 2 351
4 3 2 351
5 2 1 350
2 2 2 339
3 3 2 340
4 2 2 337
1 7 2 337
3 3 2 335
2 3 2 334
7 2 2 335
3 5 1 334
4 3 1 333
1 2 2 335
3 2 2 335
6 3 2 335
2 2 2 333
6 2 1 332
2 2 2 328
1 7 1 328
2 2 1 329
1 2 1 328
2 9 2 329
6 2 2 326
2 2 2 325
5 3 2 320
2 3 1 318
2 5 2 318
1 2 2 317
3 2 2 317
4 2 2 318
5 2 2 310
3 3 2 310
1 2 2 311
2 2 2 309
6 4 2 309
5 2 2 308
1 2 2 307
4 2 1 306
1 2 1 306
1 2 2 292
5 2 2 291
4 2 2 291
2 2 1 291
4 2 1 291
5 2 1 292
1 2 1 291
4 3 2 288
2 4 2 288
1 3 2 289
3 3 1 288
2 2 2 289
7 2 2 288
2 3 2 288
1 5 2 288
3 4 2 290
4 2 2 285
1 3 2 285
3 2 2 286
2 7 2 285
3 2 2 284
4 3 2 284
2 2 2 284
5 2 1 284
4 2 1 284
6 2 1 284
1 5 1 284
2 5 2 277
3 2 2 276
1 5 1 276
3 2 2 269
1 7 2 269
5 2 2 268
2 2 2 266
6 2 1 266
7 2 1 266
1 2 1 266
3 2 1 266
4 4 2 251
2 5 2 251
3 5 2 247
5 2 2 245
3 2 2 242
2 4 1 242
1 5 2 242
5 3 1 242
2 5 2 242
4 2 2 241
3 2 2 242
1 2 1 242
2 3 2 242
3 2 1 240
4 2 1 240
1 2 1 239
6 2 1 238
1 2 2 241
3 3 2 240
7 3 2 240
2 2 1 240
1 2 2 239
5 3 2 240
3 2 2 238
3 3 2 227
5 2 2 225
2 3 2 224
3 2 2 221
2 2 2 222
3 2 2 218
7 2 2 219
4 4 2 214
3 2 2 215
1 2 2 213
2 3 2 213
3 2 1 213
4 2 1 213
1 4 1 212
4 2 2 210
1 3 2 209
5 5 2 210
1 3 2 204
4 7 1 203
7 2 2 203
7 2 2 198
1 7 2 196
3 4 2 188
2 2 1 188
6 2 1 187
2 3 2 186
3 4 2 187
5 3 1 187
1 6 2 189
2 2 1 187
6 2 2 180
1 2 1 180
2 5 2 181
1 3 2 179
4 4 1 178
6 2 1 180
1 2 1 178
1 4 2 176
2 2 2 176
1 3 2 171
1 4 2 159
7 2 1 158
4 2 2 157
2 3 1 156
5 2 1 156
1 2 1 156
3 4 1 157
1 3 1 157
2 3 1 155
3 2 1 156
1 5 2 154
1 5 2 149
4 3 2 147
3 2 2 146
5 2 2 146
4 2 2 146
2 2 2 145
5 3 2 141
3 5 2 142
5 2 2 142
6 2 2 143
1 3 2 144
2 6 2 144
3 2 2 142
2 3 1 142
3 2 2 138
2 2 1 138
4 3 1 138
2 2 2 137
2 4 2 134
5 5 1 134
1 2 1 132
3 2 2 133
7 2 2 130
5 2 1 129
3 2 2 126
5 3 1 126
3 3 1 127
2 3 1 126
1 3 2 126
3 2 2 127
4 2 2 126
5 2 2 127
4 2 2 127
1 4 1 127
2 3 1 128
1 5 2 128
4 2 1 127
3 3 2 127
6 4 1 126
2 2 2 125
2 2 2 106
1 4 2 106
2 3 2 100
1 4 2 100
2 2 2 93
7 2 2 94
1 2 2 81
7 2 2 79
2 2 2 79
3 2 2 79
4 5 2 79
3 4 1 78
1 2 1 79
1 2 2 77
2 2 2 76
1 2 2 76
2 2 2 72
4 4 2 72
1 5 1 72
3 3 2 71
2 2 2 69
1 2 2 70
4 2 2 51
5 2 2 45
2 2 1 45
4 3 2 40
2 3 2 39
1 2 2 40
3 3 1 39
2 2 1 39
1 5 1 39
4 3 1 37
5 4 1 38
2 2 2 39
4 4 2 31
1 3 1 30
5 3 1 31
1 2 1 32
2 2 1 33
1 2 1 34
3 3 1 32
4 2 1 31
3 8 1 30
1 2 1 30
6 2 2 32
1 2 2 33
2 3 1 32
6 4 1 33
1 2 1 33
2 10 1 33
1 2 1 32
4 2 1 31
5 3 1 31
3 2 1 30
5 2 2 28
3 2 2 28
1 2 1 27
6 3 2 28
2 5 2 26
1 5 1 25
8 2 1 24
3 5 2 17
1 3 2 18
2 2 2 19
5 2 1 19
3 2 2 15
2 2 2 14
3 2 2 13
1 3 2 12
1 3 2 3
5 2 2 2
3 3 1 2
4 4 2 3
4 2 3 496
4 2 3 483
7 2 2 483
5 3 2 483
2 2 3 484
5 4 3 479
4 4 3 478
6 2 3 472
1 9 2 472
4 2 3 473
5 2 3 471
3 5 2 470
1 4 2 470
2 3 2 470
4 2 1 470
3 2 1 470
6 2 1 470
3 2 2 469
2 2 2 469
4 3 2 469
5 2 1 469
1 2 1 470
3 2 3 463
5 2 3 464
1 2 3 460
3 2 3 461
2 2 2 460
6 2 3 461
1 4 2 461
2 3 3 450
6 2 3 451
3 2 3 448
6 2 3 448
3 4 3 448
5 3 3 447
1 3 2 447
4 3 3 445
1 3 3 445
1 2 3 443
3 2 2 443
2 2 3 443
3 2 3 437
1 5 3 434
6 2 3 432
5 5 2 431
3 2 1 431
6 3 1 432
1 2 1 431
2 2 1 430
3 2 1 430
1 3 2 430
5 2 3 429
1 3 3 425
3 3 2 425
2 2 3 423
4 2 2 422
1 3 2 422
1 2 3 420
3 3 2 420
4 3 2 420
2 2 3 421
4 5 3 421
1 3 3 422
3 2 3 420
3 6 3 415
7 3 2 415
2 2 3 414
1 2 3 414
7 3 2 413
2 4 1 413
1 2 1 413
4 3 2 413
1 3 2 413
3 4 1 412
2 2 1 411
5 2 3 415
3 2 3 414
2 3 3 413
3 2 2 412
1 6 3 411
2 9 2 409
4 2 2 409
5 2 1 409
3 5 3 412
4 2 3 412
3 2 3 408
7 2 3 409
3 2 3 408
7 2 3 403
7 3 3 399
1 3 3 400
7 2 3 401
1 3 3 400
3 5 3 399
2 3 2 399
4 2 1 399
3 2 1 399
2 3 3 398
1 3 3 398
2 2 3 390
5 2 3 390
1 2 3 387
3 2 3 385
3 4 3 372
2 4 2 372
5 3 1 372
1 3 2 372
4 2 2 371
6 2 1 371
1 2 3 374
3 5 3 362
5 3 2 362
2 3 2 362
1 10 1 362
4 2 1 362
5 3 3 359
2 3 3 349
6 2 3 348
3 2 3 345
1 5 3 344
4 2 2 344
6 2 3 345
3 2 3 342
3 2 3 337
2 3 3 333
7 2 3 334
5 4 2 334
1 2 2 334
3 3 1 334
5 2 3 334
2 3 2 334
1 2 3 336
3 3 3 331
1 4 2 331
3 2 2 331
4 3 2 331
7 3 1 331
6 2 1 331
6 3 3 329
5 2 2 329
4 2 3 326
1 2 3 316
2 2 3 315
5 2 3 315
4 2 3 315
3 5 3 311
2 2 3 312
1 2 2 312
5 3 3 312
1 3 3 312
1 3 3 310
2 3 3 306
6 3 2 306
1 9 2 307
5 2 2 307
2 3 2 304
1 2 3 305
7 2 2 305
3 4 1 305
1 2 2 305
4 2 2 304
5 3 3 300
1 7 2 300
6 3 1 300
2 3 3 301
2 2 3 299
3 2 3 295
1 2 3 286
2 2 3 285
2 3 3 280
3 3 3 273
2 2 3 273
5 2 2 273
1 4 3 273
2 5 2 272
3 2 1 272
1 2 1 273
2 3 3 273
3 2 3 272
5 2 2 271
1 2 3 272
4 2 3 270
3 4 3 270
3 3 3 267
1 4 2 266
4 2 3 265
2 5 2 264
1 3 3 266
1 4 3 263
2 11 3 263
4 2 2 262
3 2 1 262
2 2 2 262
6 3 2 263
1 2 2 264
5 3 2 263
6 2 2 264
7 2 1 264
6 2 1 265
3 3 2 263
2 3 1 263
5 2 3 262
5 3 3 258
5 2 3 246
4 2 3 239
1 3 3 238
1 4 3 234
3 6 3 235
5 2 3 236
2 2 3 236
7 3 3 237
6 5 3 237
2 2 2 237
4 3 1 237
4 2 3 237
1 3 3 238
3 4 2 238
7 2 2 238
1 2 3 228
4 2 3 226
2 4 3 217
5 5 2 217
7 2 2 217
3 2 2 218
1 4 1 217
4 2 1 217
4 2 2 215
2 9 2 216
1 3 1 215
3 2 1 216
3 2 2 217
6 2 1 216
3 3 3 219
2 2 3 212
1 3 2 211
1 5 3 208
4 2 2 208
2 2 2 207
3 3 1 207
5 5 1 207
2 4 2 207
3 3 1 206
1 4 1 207
2 2 1 208
5 2 1 207
4 4 1 205
1 2 2 208
1 5 2 205
5 2 2 203
2 4 1 203
5 2 1 204
1 2 2 204
2 2 3 207
4 2 3 206
2 2 2 206
4 4 2 206
1 2 1 206
3 2 2 206
7 2 3 202
4 2 2 202
3 4 1 202
7 2 1 202
4 2 2 201
2 2 2 202
6 3 2 200
2 3 2 199
1 4 2 200
3 3 1 200
2 5 1 200
1 2 1 200
4 3 1 200
3 2 2 199
1 3 2 200
4 7 2 199
5 3 2 197
2 3 3 202
3 3 2 202
1 4 3 201
6 2 3 202
3 3 3 201
2 2 3 198
1 2 3 197
4 3 3 198
2 2 3 197
3 3 2 197
6 2 3 195
1 4 3 195
3 2 3 195
2 2 3 194
1 8 3 192
4 3 3 188
1 3 3 188
7 2 3 189
2 5 3 186
5 4 3 184
4 2 3 184
6 2 3 181
3 2 2 181
1 3 3 181
4 4 3 181
2 2 2 181
1 2 2 182
3 3 2 181
1 6 3 177
3 10 2 176
2 2 3 178
4 4 3 178
1 2 3 178
8 2 3 177
3 3 3 177
1 2 3 177
4 2 3 175
3 3 3 172
5 2 3 170
6 2 3 166
2 5 2 165
5 2 2 165
1 3 2 165
3 6 2 165
6 2 2 164
2 7 2 165
4 7 1 164
1 4 2 165
2 3 3 163
5 3 2 163
3 4 3 163
2 3 3 163
1 4 3 159
2 5 2 157
7 3 3 158
3 5 3 151
2 4 2 151
5 3 3 149
2 3 2 147
4 2 3 149
5 2 3 149
3 4 3 140
4 2 3 140
4 4 3 130
1 2 2 127
2 3 3 131
5 2 3 129
1 3 3 129
5 2 3 124
1 3 3 123
2 3 3 119
4 2 2 119
5 2 2 119
1 6 2 118
4 2 2 118
7 2 1 117
2 3 1 118
1 2 1 119
5 2 1 117
1 3 2 117
2 2 2 117
6 2 1 116
2 2 3 119
1 3 3 119
3 2 3 117
6 3 3 115
2 2 3 115
5 2 3 116
1 2 3 114
2 5 3 113
7 3 2 113
4 3 3 113
1 2 3 111
5 2 3 105
4 2 3 105
2 3 2 105
3 2 3 101
2 5 3 97
1 2 3 97
4 2 2 97
4 2 3 91
3 2 3 91
7 2 3 86
4 2 3 86
3 5 3 86
1 2 3 86
2 4 2 86
1 6 3 81
4 2 2 81
2 3 1 81
3 2 1 81
2 3 2 81
6 2 2 80
1 2 2 80
3 2 2 79
4 2 2 78
1 2 3 77
2 2 2 76
2 5 3 74
1 4 3 72
2 6 3 64
3 2 3 65
2 3 3 52
1 2 3 53
4 2 2 53
1 4 2 53
3 5 3 51
2 3 3 51
6 2 2 50
1 3 2 51
4 2 2 51
3 3 1 51
7 2 1 52
4 3 3 52
2 3 3 50
5 3 3 48
4 3 3 48
3 2 3 49
1 4 3 49
2 3 2 47
3 2 2 47
2 2 3 47
1 12 3 45
4 3 2 45
3 3 3 47
6 2 3 46
2 2 3 46
1 2 3 45
3 2 3 44
6 2 3 44
1 2 3 26
4 2 3 25
3 3 2 25
2 3 1 25
5 2 2 26
3 2 3 23
2 2 3 18
3 5 2 18
2 2 2 18
5 4 2 17
4 2 3 18
3 2 3 15
4 3 3 15
2 2 3 7
3 2 3 7
5 2 3 2
3 3 2 2
2 2 2 3
3 2 2 4
4 2 2 5
1 2 2 4
6 2 2 4
5 2 2 3
3 5 3 5
1 3 3 6
1 5 3 3
2 2 3 4
1 4 4 487
2 2 3 487
6 3 3 487
1 5 2 487
3 4 1 487
2 3 2 488
4 2 1 488
1 3 1 488
6 2 1 488
3 2 1 489
4 3 1 490
1 6 1 489
6 2 2 491
3 2 2 492
4 2 2 489
1 2 2 489
6 2 2 489
4 2 2 486
4 2 4 488
3 2 4 486
2 3 3 486
5 2 2 486
3 4 2 487
7 2 1 487
2 3 1 486
2 2 4 478
3 7 4 474
4 4 4 472
1 4 4 474
2 3 4 473
6 2 4 473
3 4 4 474
5 4 3 474
2 2 3 472
1 2 3 473
1 2 4 474
3 3 4 469
2 2 4 470
4 2 4 468
1 2 4 469
2 2 4 469
1 2 4 469
5 2 3 469
5 2 4 461
3 2 4 460
3 2 4 458
2 4 4 457
4 2 3 457
1 3 3 457
2 2 2 457
4 2 4 459
6 2 4 460
4 2 4 461
2 3 4 462
5 3 4 460
2 2 4 459
1 6 4 452
6 2 4 453
4 3 4 451
2 5 4 432
1 4 3 432
7 2 3 432
3 3 3 432
6 3 2 431
5 3 3 431
1 5 3 432
2 3 2 430
3 2 4 434
5 2 3 434
6 2 4 433
2 2 3 433
1 4 4 430
2 3 4 429
1 3 4 422
5 2 3 422
3 2 4 416
8 2 3 416
7 2 3 416
1 2 2 416
3 2 1 416
4 3 3 415
1 3 3 416
2 2 3 416
3 5 3 416
1 2 4 408
5 4 3 408
1 5 4 408
3 2 4 409
2 2 4 397
4 3 4 396
3 2 4 391
6 2 4 391
4 3 3 391
2 3 2 391
5 2 2 392
3 2 3 393
3 2 4 394
1 4 4 387
4 2 4 386
5 2 4 382
2 2 4 381
1 3 3 381
3 3 3 381
1 2 3 381
3 2 3 381
4 2 2 381
6 3 4 382
4 2 4 373
1 2 4 365
6 2 4 359
1 3 4 358
4 2 4 358
2 2 4 357
3 2 3 356
1 2 4 355
3 2 4 354
2 5 4 351
1 2 3 351
2 2 3 351
3 2 4 347
2 2 4 347
7 2 4 348
3 2 4 344
2 2 4 343
5 2 4 344
1 2 4 341
5 2 4 338
1 2 4 338
2 2 3 338
4 2 4 337
1 7 4 337
2 2 3 336
3 2 4 337
2 3 4 334
3 5 4 334
1 2 4 334
4 2 3 334
2 2 3 334
1 2 4 328
3 2 3 327
3 2 4 321
2 3 4 321
2 3 4 316
1 2 4 315
3 3 4 313
1 2 3 313
6 2 4 314
2 2 3 314
6 2 3 315
7 2 4 314
5 2 4 313
1 2 4 313
1 3 4 298
1 2 4 291
2 2 4 290
2 3 4 286
4 4 4 283
6 2 3 283
2 2 4 280
5 3 4 280
3 3 4 279
4 2 4 280
5 5 4 276
1 2 3 276
2 3 4 275
6 3 3 275
4 3 3 276
4 3 4 254
1 2 4 254
2 2 4 255
3 2 4 250
1 7 4 251
6 3 4 245
6 2 4 243
1 2 3 243
5 2 4 242
4 2 4 242
2 3 4 242
3 5 3 242
1 6 2 242
4 2 3 243
1 2 4 243
2 4 4 238
3 2 4 238
4 2 3 237
1 2 4 235
2 4 3 235
6 3 3 235
5 2 4 233
4 2 4 233
5 2 4 233
2 6 4 232
1 3 4 232
7 2 4 226
2 2 4 225
2 2 4 219
3 2 4 220
1 2 4 220
4 2 4 218
3 2 4 216
5 2 4 215
3 2 4 212
3 2 4 208
1 5 3 207
2 4 4 194
3 2 4 193
1 5 4 192
4 4 3 191
5 2 3 191
2 3 2 191
3 5 2 192
2 2 4 192
4 3 4 192
3 2 4 190
6 2 3 190
1 3 4 180
2 3 3 180
3 2 4 182
2 2 4 176
1 2 4 177
5 2 4 177
2 2 4 163
3 3 4 160
4 2 4 158
5 2 3 158
2 5 4 156
3 2 4 158
2 3 4 159
1 5 3 158
3 2 4 155
7 3 3 154
4 3 3 155
6 2 3 156
3 2 3 154
2 4 3 155
1 2 3 154
3 6 4 153
4 3 3 153
3 2 3 154
1 3 3 154
5 2 4 153
1 2 4 150
2 2 4 151
3 2 3 150
5 3 4 149
3 3 4 137
2 11 4 135
1 2 4 135
6 2 4 134
2 4 4 120
1 2 4 121
3 7 3 120
1 2 4 118
6 2 4 119
5 2 4 116
2 2 4 116
7 3 4 114
3 2 4 113
1 3 4 107
5 2 4 102
3 2 4 98
1 4 4 96
4 7 3 94
2 2 3 94
2 2 4 96
3 2 4 90
6 2 4 90
5 3 4 85
4 5 4 85
2 2 4 84
6 3 3 84
1 2 3 85
1 2 4 79
4 2 4 80
3 2 4 81
4 3 4 82
1 2 4 83
4 3 4 84
2 3 4 84
3 3 4 84
1 2 4 85
1 3 4 80
5 2 4 77
1 3 4 77
1 3 4 72
4 6 4 71
1 3 4 67
3 2 4 66
4 2 4 67
5 4 4 65
1 7 4 65
3 2 4 51
1 6 4 42
2 4 3 42
4 2 3 43
3 4 3 43
4 3 3 43
3 3 4 40
1 2 4 40
3 2 4 39
1 3 4 39
2 3 4 39
6 2 3 38
4 2 3 39
1 4 4 38
2 3 3 37
1 2 3 37
3 2 4 38
1 2 4 35
3 2 4 35
5 2 4 34
1 2 4 35
2 3 3 35
1 5 4 32
4 2 4 33
5 2 4 19
6 2 4 20
2 5 4 15
1 2 4 15
7 2 4 16
4 4 4 16
3 8 4 14
2 2 4 12
1 5 4 6
3 3 3 5
4 2 3 5
2 3 5 484
1 2 4 483
3 3 5 479
2 2 5 479
6 2 5 476
2 4 4 476
4 2 4 477
5 2 4 478
1 3 3 477
4 2 4 479
2 3 4 476
6 3 5 478
2 2 5 478
1 2 4 478
1 5 5 478
3 3 5 477
2 2 5 473
7 2 5 470
2 6 5 459
1 2 5 453
2 5 4 452
3 2 3 452
6 2 4 450
5 2 5 453
2 2 5 453
1 5 5 448
5 3 5 448
4 3 4 447
5 3 4 447
3 3 5 444
1 2 4 444
2 2 3 444
1 2 3 444
3 3 3 444
1 2 3 444
7 2 4 446
2 3 3 446
3 3 3 447
4 2 3 445
6 2 5 447
4 4 5 442
2 3 5 441
5 4 4 440
1 2 5 441
1 2 5 438
6 2 4 437
3 2 5 430
1 2 5 429
5 2 5 430
3 2 5 425
1 3 5 420
5 2 4 420
6 3 3 420
2 2 5 418
3 2 4 418
4 2 4 419
3 4 5 419
1 2 5 414
3 2 5 415
4 2 5 401
1 2 5 401
3 2 5 398
4 2 4 398
1 3 3 398
6 2 2 398
2 3 5 391
2 3 5 386
1 7 4 385
6 2 4 385
2 2 4 385
5 3 3 385
7 2 3 384
8 2 5 386
5 2 5 384
3 3 5 383
2 2 4 382
2 2 5 382
1 3 5 377
2 7 4 376
7 2 4 377
1 4 4 376
5 3 4 376
4 2 5 378
1 2 5 377
2 2 5 376
7 2 5 371
1 2 5 372
5 2 5 372
2 3 5 372
5 2 5 368
2 3 5 362
1 2 5 362
5 2 5 363
4 8 4 362
1 2 5 355
3 2 5 355
1 3 5 352
1 3 5 345
2 2 5 343
4 2 5 340
2 2 4 340
3 2 4 341
8 2 3 341
3 2 5 328
1 2 4 327
4 2 3 327
2 3 5 326
4 2 5 327
5 2 4 326
2 3 4 327
1 3 3 327
4 2 5 322
3 2 4 321
1 4 5 321
6 3 5 319
4 2 5 318
3 2 5 318
1 3 4 318
3 3 3 318
1 2 2 318
4 2 2 319
5 2 1 319
4 2 1 320
3 2 2 321
2 4 3 322
4 2 2 320
5 2 2 319
1 2 3 323
3 2 3 319
6 4 3 319
2 3 3 318
5 2 3 319
1 3 2 318
4 2 3 317
1 3 3 317
2 2 3 318
3 6 4 322
1 2 4 323
2 5 4 317
1 3 4 315
3 2 3 315
2 3 5 322
1 5 5 322
2 3 5 322
3 3 4 320
2 2 3 320
3 2 2 320
5 2 2 321
6 2 2 322
4 2 5 312
5 2 5 313
3 3 5 299
1 3 5 295
5 2 5 292
2 2 5 293
3 2 5 293
4 2 4 292
2 2 3 292
1 4 2 292
1 4 5 292
6 2 5 290
1 5 5 288
2 2 5 278
2 2 5 270
5 2 5 264
3 3 5 260
1 5 5 260
7 2 5 260
3 2 5 258
4 2 4 258
2 2 4 259
6 2 4 260
1 2 4 257
1 3 5 250
4 2 5 251
7 2 5 250
3 2 5 246
2 2 5 244
4 2 5 243
1 6 5 232
2 2 5 229
2 5 5 227
1 2 5 227
3 2 5 227
6 2 5 221
1 8 5 221
2 2 4 221
1 3 5 218
1 2 5 214
2 2 5 215
1 2 5 201
1 5 5 186
3 2 5 184
4 2 5 185
1 7 4 184
6 2 5 184
1 2 5 179
3 3 5 168
1 7 5 168
2 2 5 168
1 3 5 166
2 2 4 165
3 4 4 166
6 3 3 164
2 2 5 162
6 2 4 161
3 2 5 162
1 3 5 161
4 2 4 160
3 4 5 161
2 6 4 161
4 3 3 161
1 6 5 150
3 4 5 150
2 3 4 150
4 2 5 151
3 2 5 148
1 5 5 148
4 3 5 148
1 2 5 139
3 4 5 139
4 2 5 139
6 2 5 137
3 2 5 134
1 3 4 134
5 2 5 136
1 2 5 137
2 2 5 136
1 2 5 132
3 3 5 132
1 3 5 123
2 3 5 123
5 3 4 122
3 3 3 122
3 2 5 112
2 2 4 112
6 2 3 112
2 2 3 112
4 2 3 112
3 2 3 112
1 4 3 112
4 2 4 114
1 3 4 115
2 2 4 114
4 2 4 113
2 3 5 114
5 2 5 110
3 2 5 111
1 2 5 109
2 2 5 104
4 2 5 104
3 4 4 104
5 2 5 104
6 3 5 105
2 2 4 104
8 2 4 105
1 6 4 103
2 3 3 103
4 2 2 103
2 2 1 103
3 5 5 97
6 2 4 94
1 2 3 94
5 2 4 95
6 2 5 96
3 2 5 91
2 5 4 91
4 2 5 89
3 2 4 89
2 2 5 89
4 3 4 89
1 2 3 89
4 2 3 89
5 2 3 88
1 2 2 87
2 2 4 89
6 2 3 89
5 2 2 89
4 2 5 87
6 2 5 74
2 3 5 67
4 2 5 67
6 3 4 66
2 2 5 65
3 3 5 62
2 5 5 61
5 2 5 59
3 4 5 60
2 4 5 60
2 3 5 53
4 2 4 53
1 4 5 54
3 2 5 36
2 2 4 35
3 2 4 35
1 2 5 36
1 2 5 27
2 2 5 28
1 3 4 28
2 2 5 23
3 2 5 9
4 2 5 2
5 2 6 492
3 5 6 492
2 2 5 491
1 2 6 475
1 2 6 464
1 2 6 461
4 2 6 452
1 3 5 452
3 3 5 451
4 5 6 442
1 2 6 442
1 2 6 436
3 2 6 435
2 4 5 435
5 3 5 436
4 3 5 436
7 2 6 435
2 4 6 425
6 2 6 419
4 2 6 417
4 2 6 408
1 4 6 401
3 3 6 401
2 3 6 400
1 7 6 401
1 4 6 396
2 4 5 394
6 2 5 395
1 2 5 395
4 3 5 395
3 2 5 393
1 2 5 393
6 3 4 393
2 2 3 393
2 2 4 393
5 2 6 396
4 2 6 396
1 2 6 395
7 2 5 394
3 2 5 394
6 2 6 390
1 2 6 389
5 2 6 389
5 2 6 387
1 4 5 386
6 2 5 387
2 3 5 387
4 2 6 387
6 2 6 384
1 3 6 374
4 6 6 374
3 2 6 368
1 6 6 366
1 2 6 359
7 2 6 357
2 3 6 357
3 2 5 357
2 2 6 354
3 3 6 355
5 3 6 353
2 3 5 353
7 2 6 354
2 5 6 354
1 6 6 354
3 2 6 346
2 2 5 345
6 3 5 346
3 3 5 345
1 4 5 345
4 4 4 345
1 2 4 345
3 2 4 346
3 5 6 341
6 2 6 342
1 3 6 342
5 3 6 341
2 3 6 339
1 2 6 340
6 2 6 329
5 2 5 328
4 2 6 329
1 2 5 328
4 2 6 317
3 2 6 316
1 3 6 312
6 2 5 312
3 2 4 312
1 2 5 312
2 3 5 312
1 3 5 310
5 4 4 310
6 3 4 311
5 2 5 311
2 2 6 313
3 2 6 313
1 7 6 308
3 4 6 300
4 2 6 299
6 3 6 300
7 2 6 298
4 3 6 296
2 2 5 296
4 4 4 296
5 2 3 296
6 3 3 296
1 2 3 296
4 2 2 296
2 2 2 297
3 3 2 298
5 2 2 296
7 2 1 295
3 2 1 295
1 3 1 295
6 2 1 296
2 2 1 294
2 4 4 294
4 3 6 290
2 6 6 291
1 7 5 290
6 2 6 291
3 7 6 274
1 3 5 274
1 2 6 269
3 2 6 268
5 3 6 269
1 2 6 267
2 2 6 260
1 3 6 259
4 2 6 257
2 3 5 257
6 4 4 257
1 2 4 257
5 2 4 258
3 4 4 258
2 2 4 259
2 3 6 255
1 2 6 256
2 2 6 253
4 2 6 253
3 2 6 250
5 2 6 249
3 2 5 248
5 2 5 248
1 2 6 249
3 2 5 248
4 2 6 247
2 2 6 247
4 2 6 227
3 3 6 227
5 2 6 218
1 5 6 218
2 3 5 218
6 2 6 219
1 3 6 212
3 2 6 204
5 2 6 194
2 2 6 194
5 2 6 194
3 3 6 194
3 2 6 192
5 2 5 192
5 2 6 190
1 6 5 190
2 3 4 190
5 2 6 184
2 6 6 182
5 2 6 173
2 2 6 171
3 4 5 171
4 2 5 172
5 2 5 172
3 3 5 172
1 2 5 171
5 5 5 171
4 2 5 170
1 4 5 171
2 3 5 172
4 2 6 171
1 3 6 168
2 2 6 168
4 3 5 167
3 2 6 167
2 2 6 166
3 2 5 166
2 3 6 157
1 2 6 151
4 3 6 147
3 2 6 148
1 3 6 148
3 2 6 140
2 4 6 136
2 5 6 134
1 2 6 129
4 3 5 128
3 3 6 129
3 3 6 123
1 2 6 116
2 2 6 105
1 3 6 105
2 2 6 100
6 2 5 100
6 2 6 98
4 3 6 98
2 3 6 98
3 3 6 93
4 2 6 91
1 2 6 92
2 2 6 80
4 2 6 78
4 3 6 68
4 2 6 36
1 2 6 37
3 4 6 37
2 3 6 35
3 5 6 35
2 3 6 24
3 2 6 24
1 5 6 24
2 3 6 13
1 2 5 13
6 2 6 11
1 2 6 9
1 3 7 485
7 2 7 482
2 2 7 483
1 4 7 483
3 4 7 482
5 2 7 481
2 2 7 482
1 3 7 463
5 2 7 462
3 5 7 461
1 2 7 458
3 3 7 441
2 4 6 441
5 3 6 440
1 4 6 441
2 3 5 439
5 3 5 439
4 2 5 439
2 2 4 438
5 2 4 438
3 2 3 438
1 2 4 437
5 2 5 438
7 2 6 439
1 3 6 438
2 2 5 437
1 2 7 442
1 2 7 440
1 2 7 426
7 2 6 426
4 4 7 417
1 2 6 417
2 3 7 395
4 2 7 394
4 2 7 388
1 2 7 389
6 2 7 384
5 2 7 375
3 2 7 376
2 2 7 372
4 3 7 353
6 2 6 353
1 2 7 350
5 2 7 349
3 6 6 349
7 2 6 350
2 2 6 349
1 2 6 348
1 4 7 339
6 2 7 310
3 2 7 309
1 11 7 309
5 2 7 306
1 2 7 303
4 2 7 302
1 3 6 302
2 2 6 302
3 2 6 302
4 2 6 301
2 3 6 301
1 4 7 302
2 2 7 302
1 2 7 290
4 3 7 280
3 3 7 279
5 2 7 279
1 5 7 280
2 3 7 278
6 2 7 276
2 2 7 276
4 2 7 277
3 3 7 270
2 2 6 270
2 5 7 268
1 2 7 256
4 2 7 256
5 2 7 254
1 7 7 246
2 4 7 247
5 2 7 244
3 3 6 244
6 4 6 245
2 2 7 243
5 3 7 230
2 2 7 231
1 2 7 229
1 5 7 221
2 2 7 219
5 5 7 210
2 2 7 211
3 3 7 211
1 3 7 186
2 2 6 185
1 3 6 185
1 3 7 183
1 2 7 175
4 2 6 175
2 2 5 175
5 2 7 175
2 2 7 175
3 3 7 152
2 4 7 152
1 3 7 153
2 2 7 141
3 3 7 142
1 4 6 141
3 2 5 141
1 2 5 142
4 5 7 130
1 2 7 131
6 2 7 115
5 2 6 115
4 2 7 111
2 4 6 111
4 2 5 111
2 2 7 106
1 2 7 99
1 2 7 82
6 2 7 78
2 3 6 78
4 2 7 77
2 2 7 74
4 4 7 67
1 2 7 68
3 2 7 65
4 4 6 65
2 2 7 63
2 3 7 55
4 3 7 55
1 3 7 56
3 4 6 55
5 2 7 56
1 4 7 55
2 2 7 28
6 2 7 28
2 2 7 26
5 2 6 25
4 3 7 17
1 2 7 13
7 2 7 8
5 2 7 6
4 4 7 7
5 3 8 490
1 3 8 475
2 3 8 470
2 5 8 463
4 2 7 462
1 4 8 463
6 2 8 456
5 2 8 445
4 2 8 445
4 2 8 417
7 2 8 417
4 2 8 415
3 2 7 414
3 2 8 404
2 2 8 402
4 2 8 383
2 2 7 383
2 2 8 378
4 2 8 377
1 2 8 375
2 2 7 375
4 2 7 374
1 3 6 374
2 2 6 374
4 2 8 369
1 3 8 368
4 2 8 364
2 5 7 364
3 3 8 350
2 3 7 350
7 2 7 350
5 2 8 336
1 4 8 335
3 4 8 337
4 3 8 338
1 2 8 324
3 4 7 324
4 2 8 287
3 2 7 287
1 2 8 286
2 2 7 286
1 2 7 287
5 2 7 286
1 2 8 241
1 5 8 230
3 2 8 220
1 3 8 210
3 2 8 205
2 2 8 182
4 2 8 174
1 5 7 174
3 2 7 175
3 3 8 173
4 2 7 173
1 2 8 167
3 2 7 167
1 3 6 167
2 2 6 166
1 2 8 160
3 2 8 139
6 3 8 137
1 2 8 136
2 2 7 136
4 2 8 111
7 2 8 111
4 2 8 110
1 4 8 109
2 2 8 102
7 2 8 100
3 3 7 100
1 2 6 100
4 2 8 99
3 2 8 99
6 2 8 99
1 4 8 95
3 2 8 93
1 2 7 92
2 3 8 93
4 2 8 92
3 2 7 92
5 2 7 91
1 3 7 92
3 2 7 92
3 2 8 73
2 2 8 70
1 2 7 70
5 2 8 50
2 2 8 34
1 2 8 26
1 3 8 24
2 2 8 23
1 2 8 22
5 2 8 21
2 2 8 7
1 2 8 7
4 2 8 5
2 2 9 484
2 2 9 429
4 2 9 402
1 2 9 389
2 2 9 389
2 3 9 362
2 2 9 343
3 2 9 344
2 3 9 294
5 2 9 289
6 2 9 275
3 2 9 256
1 2 9 256
3 2 9 239
2 2 9 229
1 3 9 230
3 4 8 230
6 2 8 228
1 2 9 229
3 2 9 217
1 2 8 217
4 2 9 174
1 3 9 169
6 2 9 146
1 2 9 145
4 2 9 110
2 2 9 107
4 2 9 107
3 2 9 83
1 2 9 83
2 3 8 83
5 2 8 82
2 2 9 83
4 2 9 71
1 2 9 70
4 2 9 57
3 2 8 57
5 2 9 41
4 2 8 41
3 2 9 41
5 3 9 21
6 2 8 21
2 2 9 21
4 2 9 22
5 2 9 23
4 2 9 23
7 2 8 23
2 2 8 23
3 2 8 22
5 3 8 22
1 4 7 21
1 3 9 10
3 3 9 10
4 2 9 6
3 2 10 481
5 2 9 481
2 2 10 480
4 2 10 461
2 2 9 461
1 2 9 460
1 2 10 399
2 2 9 399
3 2 10 255
5 2 10 140
1 2 10 139
2 2 10 130
1 2 10 131
6 2 10 107
1 2 10 88
2 2 9 88
4 3 8 88
1 2 10 73
1 3 10 61
2 2 10 46
4 2 10 44
2 2 10 1
1 2 9 1
2 2 11 485
2 2 11 464
2 2 11 378
3 3 11 277
1 2 11 169
3 2 11 69
1 4 11 62
2 2 10 61
4 2 9 61
1 2 11 8
4 3 10 8
1 2 10 8
1 3 12 454
1 2 12 342
3 2 12 297
1 2 11 297
3 2 12 267
2 2 12 159
3 3 12 66
1 2 12 1
5 2 13 454
2 3 13 222
2 2 13 75
1 2 14 471
4 2 14 367
1 2 14 213
3 2 15 471
2 2 15 62
3 3 15 58
2 3 15 57
1 2 15 58
