1060
61
2 2 10 10
1 2 10 9
4 3 10 8
1 2 15 10
2 2 15 11
3 2 17 12
1 2 15 12
2 2 14 9
3 2 14 8
4 2 16 7
2 2 17 6
2 2 14 7
3 2 13 10
4 2 13 11
4 2 14 12
3 2 13 12
2 2 13 12
4 2 12 9
4 2 13 8
3 2 14 7
1 6 14 6
4 2 14 5
4 2 17 4
2 2 15 4
1 2 11 10
2 2 11 11
1 3 11 12
2 2 10 9
1 3 10 7
1 2 10 5
3 2 10 5
3 2 14 4
3 2 15 3
2 2 17 2
4 2 15 2
3 2 11 6
4 2 11 6
2 2 11 4
1 2 13 3
1 2 14 2
2 2 13 2
3 2 13 1
4 2 12 3
1 3 11 3
1 2 11 5
3 3 9 10
4 2 9 11
4 2 9 5
6 12 8 12
7 12 7 12
6 12 6 12
7 24 5 12
6 4 4 10
5 4 4 9
8 4 4 8
6 4 4 7
5 4 4 6
8 4 4 5
6 4 4 3
5 4 4 2
8 4 4 1
