26624
2964
8 3 50 199
7 2 50 198
5 6 50 197
8 2 50 195
1 2 50 193
3 5 50 191
6 4 50 187
3 6 50 185
7 3 50 183
3 2 50 180
6 5 50 178
4 3 50 174
7 4 50 172
8 2 50 169
5 4 50 168
3 2 50 167
7 2 50 163
5 2 50 160
8 2 50 157
3 3 50 155
7 2 50 152
4 4 50 146
2 2 50 143
7 3 50 141
2 2 50 138
2 2 50 136
6 3 50 135
4 6 50 133
6 2 50 130
4 3 50 127
5 7 50 124
5 4 50 121
6 2 50 117
8 2 50 112
2 3 50 109
8 2 50 107
6 3 50 106
8 3 50 104
7 2 50 102
2 4 50 99
5 8 50 96
3 2 50 92
7 8 50 90
1 7 50 85
8 9 50 80
5 3 50 76
6 3 50 68
7 3 50 67
8 3 50 66
4 11 50 62
1 3 50 57
5 2 50 55
4 2 50 54
3 3 50 52
5 7 50 50
1 3 50 45
8 3 50 43
4 11 50 42
8 5 50 38
1 2 50 36
2 2 50 34
5 3 50 33
8 2 50 30
3 2 50 26
8 4 50 24
3 6 50 22
6 2 50 17
7 8 50 14
6 3 50 11
3 2 50 8
7 2 50 7
6 6 50 5
1 3 50 2
2 3 49 195
8 10 49 189
3 3 49 181
7 2 49 180
7 4 49 176
6 2 49 175
2 5 49 173
6 3 49 167
7 3 49 165
4 3 49 162
5 2 49 158
4 11 49 158
1 3 49 152
5 7 49 151
8 2 49 146
3 2 49 144
5 5 49 143
3 3 49 141
3 3 49 129
3 2 49 119
7 2 49 116
8 4 49 115
4 6 49 112
1 4 49 109
7 2 49 105
8 3 49 101
8 2 49 93
6 3 49 93
2 2 49 81
2 4 49 76
5 2 49 73
8 2 49 72
7 2 49 70
6 2 49 71
7 2 49 65
3 2 49 50
8 8 49 46
5 3 49 44
7 4 49 31
3 2 49 32
6 4 49 28
5 11 49 26
4 4 49 20
2 2 49 18
8 3 49 15
7 2 49 10
6 3 49 1
6 3 48 200
3 2 48 196
7 3 48 193
6 2 48 192
4 3 48 182
8 2 48 180
4 4 48 177
1 2 48 170
8 5 48 166
5 4 48 163
3 15 48 159
7 3 48 149
6 2 48 148
6 2 48 145
7 2 48 139
8 6 48 140
2 3 48 135
2 5 48 130
6 3 48 128
1 2 48 125
6 2 48 126
1 2 48 121
1 3 48 117
6 2 48 110
3 2 48 107
2 3 48 105
8 6 48 99
6 3 48 97
7 2 48 92
3 2 48 90
4 9 48 88
8 2 48 83
7 2 48 82
7 3 48 80
4 2 48 75
3 3 48 73
7 4 48 71
4 2 48 70
6 2 48 64
5 2 48 60
4 2 48 58
7 2 48 56
6 2 48 54
7 4 48 51
8 8 48 36
6 2 48 31
6 2 48 23
2 2 48 22
1 2 48 18
6 3 48 14
8 3 48 11
6 4 48 9
5 5 48 6
4 2 48 4
8 2 48 3
8 2 48 1
3 2 47 199
6 2 47 198
6 2 47 195
7 2 47 190
6 2 47 184
5 3 47 180
5 4 47 176
8 6 47 172
3 2 47 170
6 2 47 161
7 2 47 151
2 2 47 149
5 3 47 147
6 4 47 142
7 7 47 128
6 2 47 123
6 2 47 120
8 2 47 121
5 4 47 118
5 2 47 115
7 3 47 114
8 5 47 111
8 3 47 108
5 2 47 106
8 2 47 106
1 2 47 102
2 6 47 96
3 4 47 93
1 2 47 92
3 2 47 91
2 4 47 84
4 4 47 81
6 2 47 76
2 6 47 72
8 2 47 68
6 3 47 67
8 2 47 66
5 2 47 65
6 2 47 59
8 2 47 58
6 2 47 57
5 3 47 54
8 2 47 50
6 4 47 47
8 4 47 42
5 2 47 40
7 5 47 38
6 3 47 32
8 10 47 30
8 5 47 21
1 3 47 19
6 6 47 18
5 2 47 12
7 10 47 10
8 5 47 8
1 3 46 197
4 2 46 194
3 4 46 191
2 2 46 187
8 3 46 186
2 2 46 184
2 5 46 182
2 3 46 171
4 4 46 170
5 3 46 162
7 3 46 155
7 2 46 147
3 2 46 139
3 2 46 137
7 2 46 135
4 2 46 134
1 3 46 133
6 2 46 132
8 3 46 131
5 3 46 129
8 4 46 126
1 3 46 122
7 2 46 123
2 3 46 120
4 3 46 114
3 3 46 110
3 2 46 103
3 2 46 101
3 2 46 98
6 2 46 91
7 3 46 90
7 9 46 87
6 2 46 82
7 2 46 81
7 2 46 78
2 2 46 77
7 3 46 76
4 3 46 69
8 2 46 70
1 2 46 66
6 5 46 64
3 2 46 61
2 2 46 59
5 2 46 57
1 2 46 55
3 3 46 54
6 3 46 52
8 2 46 38
6 9 46 35
8 2 46 19
7 9 46 16
6 2 46 4
4 2 45 199
2 3 45 189
4 2 45 188
5 2 45 186
8 8 45 183
7 15 45 178
6 3 45 174
8 2 45 174
5 2 45 168
8 2 45 169
6 2 45 167
3 8 45 165
4 4 45 163
6 7 45 160
8 6 45 155
7 3 45 150
6 2 45 151
1 2 45 147
4 2 45 145
8 8 45 145
6 4 45 143
5 3 45 138
3 2 45 134
5 4 45 131
2 3 45 129
3 5 45 123
1 3 45 117
8 4 45 116
7 18 45 113
5 2 45 108
6 2 45 107
4 2 45 105
7 7 45 104
5 8 45 102
6 2 45 100
8 2 45 93
5 3 45 83
1 5 45 81
8 3 45 75
6 2 45 70
5 4 45 61
7 2 45 62
2 3 45 63
7 3 45 58
2 3 45 57
8 3 45 53
4 12 45 50
6 6 45 49
2 3 45 47
7 2 45 47
4 6 45 41
2 2 45 32
8 2 45 25
6 2 45 23
6 2 45 21
8 4 45 17
8 3 45 14
6 3 45 10
1 2 45 8
3 3 45 6
1 3 45 5
3 7 45 2
8 2 44 200
5 5 44 197
7 2 45 196
4 4 44 194
6 3 44 191
6 3 44 189
1 2 44 188
7 2 44 186
7 4 44 174
2 4 44 168
7 2 44 162
8 2 44 152
1 2 44 150
6 5 44 149
8 2 44 142
2 5 44 140
4 2 44 136
5 3 44 134
2 2 44 132
7 2 44 126
6 5 44 125
5 3 44 121
2 4 44 108
8 2 44 95
7 3 44 94
4 2 44 92
2 2 44 90
6 2 44 88
8 4 44 87
2 2 44 82
4 3 44 76
5 3 44 72
5 4 44 68
3 5 44 69
1 2 44 65
4 3 44 61
7 2 44 55
1 4 44 54
5 5 44 40
6 3 44 39
1 7 44 33
4 4 44 30
2 3 44 26
4 2 44 27
7 2 44 28
7 3 44 23
4 2 44 20
3 4 44 20
6 4 44 13
5 3 44 9
8 2 44 7
2 2 44 5
6 2 44 4
4 3 43 195
2 2 43 185
7 2 44 184
6 7 44 184
5 4 43 175
7 3 43 169
7 3 43 167
6 2 43 165
5 12 43 163
2 2 43 153
6 3 43 154
7 3 43 155
5 8 43 148
7 2 43 145
4 3 43 143
7 2 43 141
6 6 43 139
7 2 43 135
8 4 43 132
6 2 43 131
3 2 43 129
4 4 43 123
4 4 43 118
5 2 43 110
6 2 43 109
8 3 43 107
6 2 43 106
6 2 43 101
8 2 44 100
7 2 43 100
6 5 43 97
1 3 43 90
8 2 43 91
7 2 43 91
6 2 43 86
3 3 43 85
5 2 43 82
3 5 43 81
7 2 43 78
6 2 43 78
2 5 43 76
2 4 43 72
7 2 43 66
8 9 43 63
2 3 43 61
5 5 43 59
8 3 43 57
2 2 43 49
4 4 43 45
7 2 43 41
7 3 43 38
2 2 43 35
8 3 43 28
4 4 43 24
7 2 43 26
4 2 43 22
7 8 43 18
8 2 43 10
5 2 43 3
1 2 42 199
6 3 42 193
2 2 42 191
7 2 42 190
2 13 42 189
5 2 42 186
2 2 42 179
4 2 42 178
8 3 42 175
3 3 42 171
6 3 42 173
1 2 42 166
3 3 42 162
8 2 42 160
8 3 42 156
6 3 42 151
7 4 42 149
6 3 42 145
5 3 42 135
8 3 42 130
1 4 42 129
7 4 42 126
8 3 42 120
8 2 44 119
6 2 43 119
3 4 42 119
1 2 42 105
8 3 42 104
7 3 42 102
8 4 42 100
7 10 42 98
3 10 42 95
5 2 42 92
7 3 42 89
7 9 42 85
8 3 42 81
6 2 42 79
8 3 42 78
6 2 42 74
7 3 42 73
8 3 42 72
6 2 42 59
7 7 42 49
3 4 42 44
1 2 42 41
8 2 42 40
7 2 42 39
4 2 42 38
3 2 42 37
6 2 42 28
7 2 42 29
3 9 42 23
8 7 42 21
3 4 42 16
7 2 42 14
4 2 42 7
7 4 42 8
8 3 42 5
2 2 42 1
6 2 41 200
5 6 41 199
4 2 41 198
7 2 41 192
5 6 41 183
3 4 41 180
4 2 41 173
7 2 41 171
4 6 41 170
4 8 41 166
8 2 41 164
6 2 41 163
7 2 41 159
3 2 41 156
2 2 41 154
8 2 42 153
7 2 41 152
8 5 41 150
7 3 41 145
7 4 41 142
7 5 41 138
2 2 41 134
4 3 41 132
7 8 41 129
8 4 41 124
2 3 41 121
6 3 41 113
8 5 41 112
8 2 41 110
7 6 41 110
6 2 41 108
6 3 41 104
4 3 41 93
7 4 41 90
5 4 41 87
8 3 41 82
1 2 41 77
8 3 41 75
4 2 41 70
8 2 41 69
5 4 41 66
6 2 41 64
7 8 41 63
6 3 41 61
3 3 41 58
6 2 41 57
7 3 41 56
4 4 41 48
1 5 41 45
5 3 41 36
4 5 41 34
2 6 41 31
7 3 41 26
6 3 41 16
1 4 41 13
6 4 41 10
3 3 41 8
6 2 41 4
5 3 40 191
8 2 40 190
5 4 40 185
7 2 40 183
8 2 40 183
3 2 40 176
1 2 40 157
1 2 40 152
1 7 40 144
6 3 40 142
8 3 40 141
7 2 40 140
5 3 40 139
8 4 40 137
1 2 40 135
3 3 40 133
5 3 40 130
8 3 40 126
4 2 40 124
4 6 40 120
7 3 40 117
5 2 40 114
5 8 40 109
5 4 40 105
7 4 40 102
1 2 40 91
8 5 40 89
8 2 40 84
2 3 40 81
5 2 40 79
3 3 40 76
6 10 40 76
4 2 40 72
1 3 40 68
1 2 40 61
3 3 40 56
1 3 40 52
7 7 40 45
8 4 40 42
6 2 41 43
7 2 40 43
3 2 40 39
1 2 40 36
7 3 40 34
1 2 40 31
7 4 40 30
8 2 40 30
6 5 40 19
5 2 40 17
8 2 40 14
7 2 40 13
5 2 40 7
2 2 40 6
7 2 40 5
8 2 40 4
6 2 39 199
3 4 39 197
8 2 39 196
6 7 39 196
7 7 39 193
1 4 39 186
8 2 39 187
3 2 39 181
6 7 39 178
8 4 39 176
7 4 39 175
3 9 39 171
8 8 39 170
3 3 39 164
5 6 39 162
7 3 39 160
5 2 39 155
6 2 39 155
4 4 39 154
4 4 39 148
2 2 39 143
6 2 39 138
1 2 39 137
6 4 39 135
1 2 39 131
3 2 39 122
8 2 39 116
8 2 39 108
3 2 39 106
8 3 39 101
6 5 39 99
5 3 39 97
4 4 39 91
6 4 39 90
7 3 39 88
6 5 39 83
3 7 39 80
5 2 39 77
8 2 39 70
6 3 39 71
7 2 39 69
8 3 39 68
8 2 39 64
3 5 39 61
8 5 39 57
8 5 39 51
6 4 39 44
2 5 39 42
7 3 39 39
8 4 39 37
6 2 39 34
7 2 39 30
5 3 39 27
2 2 39 22
8 2 39 17
4 2 39 10
7 2 39 11
5 3 39 4
1 3 39 2
8 2 40 2
7 2 38 200
8 6 38 194
7 6 38 187
1 3 38 184
6 3 38 182
2 4 38 180
8 3 38 177
2 4 38 167
1 2 38 166
6 2 38 160
8 8 38 159
7 4 38 154
7 3 38 151
7 2 38 149
6 3 38 143
7 2 38 143
3 10 38 136
6 3 38 132
8 5 38 130
5 6 38 126
6 2 38 127
1 2 38 122
7 2 38 122
6 6 38 121
7 2 38 119
6 3 38 118
6 2 39 116
6 2 40 115
8 2 39 115
1 4 38 117
3 2 38 115
6 5 38 112
8 2 38 106
7 5 38 104
5 2 38 103
8 4 38 98
7 3 38 98
8 2 38 93
3 2 38 92
7 4 38 79
8 3 38 75
5 4 38 72
6 3 38 67
3 7 38 66
6 3 38 57
3 2 38 56
6 2 38 55
3 2 38 53
2 6 38 52
6 5 38 49
2 2 38 48
3 2 39 47
6 13 38 40
5 4 38 33
6 3 38 29
7 3 38 27
3 2 38 26
7 5 38 24
4 5 38 20
5 4 38 19
1 2 38 14
4 4 38 7
4 2 38 6
8 2 38 3
6 6 38 2
8 2 37 200
5 4 37 198
4 3 37 196
7 2 37 190
6 4 37 189
3 3 37 186
8 3 37 185
4 4 37 183
1 6 37 180
6 2 37 168
7 3 37 165
6 2 37 163
1 3 37 156
6 2 37 153
4 2 37 150
2 2 37 141
3 2 37 139
2 2 37 138
4 4 37 127
5 2 37 116
7 2 37 114
8 2 37 113
7 3 37 112
7 6 37 109
3 2 37 107
8 3 37 103
6 8 37 102
1 3 37 100
2 2 37 97
6 2 37 96
1 2 37 91
4 2 37 88
7 3 37 84
7 2 37 74
8 6 37 67
6 2 37 62
7 5 37 60
5 4 37 56
4 9 37 47
7 6 37 39
2 2 37 37
5 2 37 35
7 2 37 34
2 2 37 29
4 4 37 24
8 2 37 23
3 3 37 18
4 3 37 13
6 2 38 11
7 5 37 10
6 2 37 9
8 3 37 8
5 2 37 6
8 2 37 5
3 4 36 200
8 2 36 198
8 2 36 196
6 3 36 195
4 3 36 193
6 3 36 184
5 3 36 174
2 2 36 173
7 2 36 172
7 2 36 170
8 4 36 169
7 2 36 168
7 3 36 166
7 3 36 159
2 3 36 155
8 3 36 152
6 4 36 150
5 4 36 147
3 4 36 144
4 7 36 142
7 2 36 141
7 2 36 137
3 3 36 132
1 3 36 129
8 3 36 128
6 5 36 128
7 2 36 124
8 2 36 123
6 2 36 123
7 2 36 120
3 2 36 116
8 4 36 111
5 9 36 110
8 4 36 106
7 3 36 100
8 2 36 96
7 2 36 93
6 2 36 94
7 2 36 90
8 2 36 90
3 5 36 88
5 2 36 85
2 4 36 83
6 3 36 82
2 2 36 78
6 3 36 75
2 2 36 73
5 2 36 70
1 2 36 70
6 2 36 68
1 2 36 64
8 2 36 59
2 5 36 58
7 3 36 52
1 2 36 47
8 3 36 47
4 4 36 37
1 3 36 34
8 3 36 33
1 3 36 31
4 3 36 30
8 2 36 28
6 3 36 25
5 2 36 23
2 4 36 22
7 2 36 20
6 2 36 19
6 2 36 17
2 3 36 16
7 2 36 14
5 3 36 11
6 2 36 8
7 2 36 4
4 6 36 3
7 6 35 196
6 3 35 192
5 2 35 191
4 2 35 188
8 4 35 188
8 2 35 179
7 4 35 177
6 6 35 176
6 7 35 170
2 2 35 167
4 2 35 164
1 2 35 162
2 8 35 161
5 2 35 158
2 2 35 157
7 5 35 155
3 3 35 149
8 2 35 149
7 2 35 146
8 4 35 144
3 2 35 140
8 2 35 137
8 2 35 134
7 2 35 127
7 3 35 122
6 6 35 119
8 3 35 116
6 7 35 115
3 4 35 103
8 2 35 101
5 4 35 99
4 4 35 97
8 3 35 94
6 3 35 89
5 8 35 82
4 2 35 76
5 3 35 74
7 2 35 69
5 4 35 61
7 2 35 62
8 2 35 54
6 2 35 53
7 2 35 49
6 2 35 48
8 6 35 40
7 5 35 32
5 3 35 27
7 3 35 24
8 2 35 20
7 6 35 18
5 3 35 15
8 3 35 13
4 2 35 10
2 2 35 6
8 2 35 1
2 2 34 200
1 2 34 198
8 11 34 196
1 3 34 193
3 2 34 190
6 3 34 187
6 10 34 183
8 3 34 172
4 2 34 166
8 2 34 163
8 10 34 160
4 2 34 153
7 2 34 151
6 6 34 147
7 12 34 131
5 4 34 126
7 6 34 118
4 2 34 107
6 5 34 108
6 6 34 100
7 6 34 93
6 5 34 90
2 2 34 89
7 5 34 87
6 2 34 86
8 2 35 86
7 3 34 85
8 2 34 84
7 3 34 79
3 6 34 78
8 5 34 75
8 2 34 71
5 3 34 70
3 5 34 70
6 2 34 65
7 4 34 64
6 6 34 63
1 5 34 61
1 2 34 56
5 11 34 54
7 7 34 53
1 2 34 49
4 2 34 47
5 3 34 44
2 2 34 43
3 3 34 43
5 2 34 29
8 2 34 26
6 2 34 22
6 7 34 16
8 2 34 9
5 2 34 8
7 8 34 7
6 3 34 5
7 7 34 1
6 3 33 200
7 3 33 192
8 2 33 191
2 3 33 189
1 2 33 186
4 8 33 182
8 2 33 181
8 6 33 178
3 3 33 173
4 2 33 172
3 4 33 167
6 2 33 162
7 6 33 161
1 2 33 159
6 5 33 155
5 3 33 151
1 3 33 142
3 3 33 138
8 3 33 136
6 2 34 136
1 3 34 136
2 4 33 135
5 2 33 123
8 2 33 122
3 3 33 116
3 2 33 109
7 2 33 108
1 4 33 106
2 3 33 101
8 3 33 98
3 2 33 82
6 6 33 79
5 3 33 67
8 4 33 62
7 2 33 61
6 2 33 60
6 4 33 51
6 3 33 48
7 3 33 40
7 2 33 37
6 7 33 36
6 3 33 33
2 2 33 27
5 2 33 25
8 2 33 23
4 4 33 21
8 4 33 18
8 2 33 15
2 3 33 13
8 2 35 12
7 2 34 12
5 11 33 11
5 2 32 199
7 2 32 190
1 2 32 191
3 4 32 187
7 15 32 180
1 2 32 178
7 3 32 177
7 3 32 174
3 4 32 171
8 2 32 169
6 2 32 166
3 3 32 157
8 4 32 154
7 4 32 149
5 2 32 146
2 2 32 145
5 4 32 143
7 2 32 144
8 3 32 142
6 2 32 140
7 11 32 139
6 3 32 133
5 4 32 121
5 2 32 118
7 9 32 113
8 2 32 103
7 3 32 98
7 4 32 95
3 2 32 96
6 2 32 94
8 2 32 93
7 2 32 91
3 3 32 85
2 2 32 83
6 2 32 84
2 3 32 73
4 2 32 71
6 4 32 67
3 9 32 62
7 4 32 59
3 3 32 57
6 4 32 46
8 2 33 47
7 2 32 47
8 3 32 42
7 2 32 43
6 3 32 39
1 7 32 38
5 2 32 33
7 5 32 31
4 2 32 30
2 2 32 28
4 7 32 25
7 2 32 22
1 5 32 14
3 2 32 6
8 2 32 4
4 3 32 1
8 2 31 199
7 3 31 198
2 4 31 198
4 3 31 194
1 2 31 192
4 3 31 191
8 2 31 189
6 7 31 179
7 3 31 175
5 2 31 172
6 7 31 171
6 2 31 168
8 3 31 167
5 3 31 165
6 3 31 161
5 7 31 156
2 2 31 152
7 2 31 153
8 4 31 148
7 2 31 145
7 4 31 136
6 3 31 137
2 4 31 133
8 2 31 130
5 3 31 128
8 2 31 128
4 4 31 126
3 3 31 126
6 2 31 124
7 8 31 122
4 2 31 117
8 2 31 115
1 2 31 114
1 2 31 109
5 2 31 106
3 2 31 105
4 2 31 103
4 4 31 94
5 3 31 90
5 2 31 87
6 2 31 88
1 3 31 84
7 5 31 81
4 2 31 75
3 7 31 74
4 4 31 66
8 2 31 57
7 4 31 55
2 2 31 53
2 3 31 49
7 2 31 50
8 3 31 49
8 2 31 47
2 2 31 46
8 2 31 45
5 3 31 43
5 3 31 39
8 2 31 30
6 5 31 29
2 4 31 24
6 4 31 20
7 5 31 18
7 3 31 13
6 2 31 9
2 3 31 5
6 2 30 198
8 3 30 198
7 4 30 195
3 2 30 189
8 6 30 177
6 3 30 176
2 3 30 174
4 2 30 173
6 2 30 173
4 3 30 161
7 2 31 159
1 7 30 158
4 2 30 153
6 6 30 151
8 4 30 146
6 3 30 143
8 3 30 144
4 5 30 134
4 3 30 130
2 3 30 128
8 2 30 124
1 3 30 120
3 2 30 118
6 5 30 115
8 2 30 113
4 2 30 109
8 3 30 108
6 4 30 105
8 2 30 105
3 3 30 102
5 4 30 98
8 2 30 99
4 2 30 96
6 2 30 95
7 9 30 92
7 2 30 90
8 2 30 88
6 6 30 86
7 2 30 83
4 2 30 82
7 3 30 76
7 2 30 77
8 9 30 77
6 2 30 72
8 8 30 71
3 2 30 58
1 2 30 54
4 2 30 52
1 2 30 44
8 2 30 43
6 8 30 41
8 5 30 38
3 2 30 35
8 2 31 35
6 2 31 35
8 2 30 36
2 3 30 34
6 2 30 26
5 2 30 23
4 5 30 21
8 2 30 18
6 2 30 15
4 2 30 9
2 3 30 8
6 5 30 5
5 4 30 2
8 3 29 200
5 2 29 197
6 4 29 193
8 2 29 194
6 3 29 194
8 2 29 188
6 2 29 188
8 2 29 183
5 2 29 182
8 5 29 174
7 4 29 169
6 2 29 167
2 2 29 166
4 3 29 165
8 3 29 164
3 3 29 163
7 2 29 164
5 2 29 162
2 2 29 160
7 3 29 158
4 2 29 154
7 5 29 153
7 2 29 148
2 5 29 145
4 7 29 141
6 2 29 137
8 10 29 135
3 4 29 133
6 2 29 130
6 4 29 123
8 8 29 120
2 2 29 111
1 5 29 110
4 3 29 107
7 3 29 101
4 2 29 99
6 2 29 91
1 2 29 89
8 7 29 84
5 6 29 81
7 3 29 73
5 4 29 71
6 2 29 70
7 5 29 67
5 3 29 63
4 3 29 60
7 2 29 58
6 5 29 57
8 2 29 52
3 2 29 51
8 6 29 48
7 3 29 47
4 2 29 45
3 4 29 44
4 7 29 33
2 3 29 28
3 3 29 25
5 3 29 17
3 4 29 15
7 2 29 4
7 3 28 200
1 6 28 195
1 2 28 193
7 6 28 191
8 2 28 190
5 3 28 185
8 2 28 186
7 2 28 187
4 5 28 187
6 9 28 181
8 7 28 180
7 3 28 178
8 11 28 171
6 2 28 165
1 2 28 161
5 2 28 152
8 4 28 150
5 2 28 149
1 4 28 148
6 6 28 143
4 2 28 142
6 3 28 132
2 2 28 130
7 8 28 129
3 4 28 124
2 2 28 119
3 2 28 117
4 2 28 115
6 2 28 113
2 4 28 108
7 4 28 103
6 2 28 102
8 2 28 100
2 5 28 99
8 2 28 91
2 3 28 86
8 2 28 82
6 7 28 78
8 5 28 73
7 6 28 70
1 2 28 65
6 4 28 60
5 4 28 57
3 2 28 54
2 2 28 53
6 4 28 52
4 6 28 40
6 2 28 38
8 2 28 35
7 2 28 36
7 2 28 33
8 4 28 30
5 3 28 23
3 3 28 19
7 11 28 12
8 4 28 9
6 3 28 8
7 2 28 7
4 2 28 2
6 2 27 200
2 2 27 194
3 9 27 193
4 2 27 191
7 3 27 176
6 2 27 175
7 5 27 167
5 2 27 164
8 2 27 163
7 2 27 162
5 9 27 160
2 3 27 156
4 3 27 155
7 3 27 149
8 2 27 148
5 2 27 138
8 3 27 132
6 3 27 129
7 2 27 121
5 9 27 117
8 3 27 114
5 4 27 112
6 5 27 112
5 2 27 106
1 2 27 95
8 2 27 96
7 2 27 96
4 2 27 94
1 2 27 91
3 6 27 89
6 4 27 81
6 5 27 72
2 2 27 69
7 3 27 67
6 8 27 66
2 4 27 62
5 2 27 60
8 3 27 58
3 2 27 56
6 5 27 48
8 4 27 45
7 2 27 38
2 2 27 38
5 4 27 35
6 7 27 34
5 8 27 26
8 2 27 27
7 4 27 21
8 2 27 19
7 2 27 17
4 4 27 15
4 3 27 7
8 5 27 5
2 6 27 2
2 2 26 199
4 2 26 198
3 3 26 190
8 6 26 185
6 4 26 179
5 3 26 175
6 4 26 172
8 2 26 159
3 4 26 152
6 2 26 148
3 5 26 146
1 3 26 142
3 5 26 141
5 7 26 135
8 3 26 134
8 2 26 130
6 2 26 126
8 2 26 127
6 3 26 123
6 4 26 116
8 2 26 112
6 2 26 107
1 3 26 103
8 7 26 99
2 6 26 94
7 3 26 86
6 4 26 84
3 2 26 83
8 2 26 79
1 4 26 77
8 6 26 77
5 2 26 65
6 2 26 64
4 2 26 59
7 3 26 57
6 2 26 54
7 4 26 53
1 4 26 44
7 3 26 43
1 5 26 32
7 5 26 31
4 3 26 29
1 2 26 27
8 5 26 22
4 2 26 19
6 4 26 11
6 2 26 13
6 3 26 1
3 6 25 199
7 2 25 197
8 2 25 196
7 2 25 184
6 4 25 184
7 2 25 175
5 8 25 168
2 2 25 166
3 2 25 163
7 2 25 162
3 6 25 159
1 6 25 149
1 2 25 143
2 2 25 142
6 2 25 138
5 9 25 131
3 3 25 125
3 2 25 119
7 2 25 115
5 3 25 111
1 2 25 108
5 5 25 107
5 4 25 105
3 7 25 101
5 6 25 99
6 2 25 95
6 5 25 93
5 3 25 89
8 2 25 88
6 3 25 87
3 2 25 81
5 3 25 79
1 2 25 73
7 3 25 72
2 5 25 71
1 4 25 64
8 2 25 55
1 5 25 55
1 4 25 52
4 2 25 50
8 9 25 48
6 2 25 42
8 3 25 41
3 8 25 39
7 8 25 20
5 3 25 18
6 2 25 17
2 2 25 16
8 4 25 13
3 2 25 9
1 10 25 9
6 2 25 4
5 2 24 196
5 3 24 191
4 4 24 187
7 2 24 186
8 4 24 184
5 2 24 181
3 2 24 177
5 5 24 172
4 2 24 165
8 2 24 166
2 2 24 161
8 3 24 156
6 3 24 157
6 2 24 152
6 2 25 151
7 3 24 151
8 5 24 141
3 2 24 127
4 3 24 121
6 2 24 119
5 6 24 113
6 5 24 109
2 6 24 102
7 2 24 98
1 2 24 97
7 7 24 90
8 3 24 82
4 2 24 81
1 4 24 80
8 2 24 74
7 2 24 69
8 5 24 70
1 3 24 66
8 5 24 65
3 3 24 59
6 2 24 58
7 2 24 54
3 2 24 51
6 3 24 50
7 2 24 49
6 3 24 31
5 3 24 28
7 3 24 27
6 3 24 21
7 3 24 17
7 13 24 11
3 2 24 7
3 3 24 4
7 3 23 195
8 2 23 191
7 6 23 188
1 3 23 185
1 2 23 182
6 5 23 180
3 3 23 178
8 2 23 174
6 2 23 174
7 3 23 173
8 2 23 172
4 4 23 169
4 5 23 166
1 2 23 163
6 2 23 160
8 2 23 156
6 4 23 150
4 8 23 146
7 2 24 144
5 2 23 140
2 3 23 138
6 3 23 137
1 2 23 136
7 2 23 136
4 2 23 131
8 2 23 130
6 3 23 128
2 3 23 116
6 2 23 114
1 2 23 111
7 2 23 107
6 3 23 94
8 2 23 95
5 6 23 92
7 5 23 85
8 2 23 79
7 2 23 78
6 2 23 77
5 3 23 73
6 3 23 70
7 4 23 58
6 2 23 53
7 3 23 45
7 2 23 47
5 7 23 44
1 2 23 41
1 2 23 36
8 2 24 37
7 2 23 37
8 3 23 33
8 3 23 29
4 2 23 25
6 2 23 24
6 2 24 25
7 2 24 26
8 3 23 22
1 7 23 19
6 2 23 15
8 2 23 4
1 2 23 3
5 3 23 2
7 2 22 197
1 2 22 196
8 2 22 194
5 2 22 192
6 4 22 191
6 2 22 188
6 2 22 186
7 5 22 182
8 3 22 175
3 2 22 171
6 2 22 164
7 2 22 162
2 5 22 161
6 2 22 158
7 2 22 157
5 2 22 153
8 4 22 152
8 2 22 154
6 2 22 155
2 13 22 154
7 2 22 148
7 3 22 141
6 3 22 140
6 2 22 136
1 2 22 134
5 2 22 130
4 2 22 128
7 4 22 126
8 3 22 124
6 2 22 121
8 2 22 122
6 2 22 123
7 5 22 120
3 3 22 118
7 4 22 116
5 2 22 106
4 2 22 104
7 4 22 101
5 3 22 96
7 2 22 94
6 2 22 89
1 2 22 87
6 2 22 86
4 2 22 83
4 2 22 78
3 2 22 75
6 2 22 75
7 3 22 71
4 3 22 69
6 3 22 67
5 4 22 62
6 3 23 63
7 5 23 61
8 2 22 57
7 2 22 56
4 4 22 54
7 5 22 50
5 2 22 47
6 3 22 45
8 2 22 40
7 2 22 38
6 5 22 35
2 4 22 24
6 4 22 18
8 8 22 17
3 2 22 11
5 3 22 8
8 2 22 3
3 2 21 200
6 2 21 198
8 5 21 197
3 3 21 194
8 4 21 189
7 10 21 177
2 3 21 171
2 3 21 166
8 11 21 163
1 5 21 158
5 3 21 156
5 3 21 148
7 3 21 146
5 4 21 144
2 2 21 142
8 2 21 139
8 5 21 135
6 5 21 134
6 2 24 133
7 3 24 133
8 2 23 133
7 2 22 133
7 2 21 131
6 2 21 125
1 2 21 123
7 2 21 122
8 3 21 120
7 2 21 117
6 6 21 116
1 2 21 116
3 7 21 114
7 5 21 112
8 3 21 110
7 4 21 109
1 2 21 107
8 11 21 103
3 3 21 99
4 5 21 97
3 4 21 95
6 3 21 91
2 5 21 88
1 3 21 85
8 3 21 83
1 2 21 82
6 2 21 81
7 2 21 77
5 3 21 72
8 2 21 73
2 6 21 69
7 3 21 66
8 2 21 64
6 7 21 64
5 2 21 56
8 3 21 53
1 2 21 44
7 6 21 42
5 2 21 37
4 2 21 32
4 4 21 30
6 5 21 28
4 4 21 27
1 2 21 25
6 2 21 26
7 5 21 24
7 2 21 18
4 2 21 8
7 2 21 9
8 2 21 9
4 3 21 5
4 2 21 2
7 2 21 3
4 4 20 196
7 2 20 193
4 4 20 186
4 3 20 183
6 4 20 181
8 5 20 177
8 2 20 180
4 2 20 175
5 2 20 173
7 5 20 170
7 7 20 164
7 2 20 139
2 2 20 138
3 3 20 134
8 3 20 133
3 2 20 131
1 2 20 130
8 4 20 129
4 2 20 126
3 4 20 124
6 5 20 121
6 2 20 108
3 3 20 107
6 5 20 83
7 5 20 81
8 2 20 77
2 2 20 74
6 5 20 71
5 3 20 66
8 2 20 60
5 3 20 58
3 5 20 56
7 2 20 54
5 2 20 52
4 2 20 49
7 4 20 47
4 2 20 44
4 3 20 37
8 3 20 34
6 2 20 32
7 3 20 31
8 2 21 32
4 2 20 23
6 5 20 13
6 2 20 9
8 3 20 6
3 2 20 1
4 3 19 199
5 2 19 194
6 2 19 195
6 2 19 192
6 2 19 190
5 2 19 189
6 2 19 189
2 2 19 187
7 5 19 187
6 4 19 184
7 5 19 180
7 2 19 174
2 5 19 172
6 4 19 168
6 2 19 168
7 2 20 167
8 2 19 166
7 3 19 161
8 2 19 159
7 2 19 158
1 2 19 154
7 2 20 155
6 2 20 154
7 2 19 151
6 2 19 148
8 8 19 148
4 8 19 142
7 2 19 137
7 2 19 129
5 3 19 126
8 2 19 113
4 4 19 111
8 3 19 107
7 2 19 106
8 7 19 100
5 2 19 96
7 2 19 96
6 3 19 94
8 5 19 90
8 2 19 86
6 2 19 87
4 5 19 85
8 3 19 82
6 2 19 79
7 3 19 77
6 2 19 76
2 2 19 75
8 3 19 74
8 2 19 50
2 2 19 48
1 5 19 48
2 3 19 42
6 4 19 41
1 2 19 39
3 6 19 37
8 2 19 36
8 3 19 32
1 3 19 30
6 5 19 26
6 4 19 22
5 2 19 19
7 2 19 11
8 2 19 10
7 6 19 7
8 3 19 3
2 5 19 2
6 2 18 200
6 2 18 197
7 12 18 198
7 2 18 194
4 5 18 192
4 3 18 188
5 4 18 183
6 5 18 177
8 2 18 175
1 4 18 171
6 2 18 162
3 3 18 158
4 2 18 156
6 2 18 156
8 5 18 155
2 3 18 153
6 3 18 150
7 2 18 149
8 4 18 137
5 3 18 134
8 2 18 132
5 2 18 131
4 3 18 129
8 3 18 125
7 6 18 124
1 2 18 123
7 2 18 122
6 2 18 123
8 2 18 119
1 2 18 115
5 2 18 113
6 5 18 110
3 2 18 106
6 3 18 106
8 2 18 105
2 2 18 92
5 7 18 88
2 4 18 80
7 3 18 75
6 2 18 75
5 4 18 61
8 2 20 60
6 2 18 58
8 4 18 56
1 2 18 55
8 2 18 52
6 2 18 46
7 8 18 44
6 2 18 37
1 3 18 35
4 2 18 32
2 3 18 26
8 2 18 23
3 5 18 19
8 2 18 18
4 7 18 16
3 6 18 9
4 5 18 8
6 6 18 6
8 4 17 194
8 2 17 191
1 2 17 189
3 6 17 183
8 5 17 171
1 2 17 169
5 3 17 168
3 2 17 167
7 6 17 167
1 4 17 161
4 3 17 159
2 4 17 157
8 4 17 150
5 3 17 148
5 10 17 144
8 2 18 144
6 2 18 144
8 2 17 141
4 4 17 135
3 3 17 130
1 4 17 127
6 2 17 126
8 5 17 123
3 3 17 120
2 3 17 117
6 2 17 116
7 4 17 116
5 2 17 114
7 2 17 113
1 6 17 108
4 3 17 105
5 3 17 104
3 2 17 99
1 2 17 97
2 2 17 95
8 2 17 93
2 2 17 90
3 3 17 82
4 2 17 79
8 3 17 79
6 2 17 77
8 6 17 74
3 5 17 71
4 4 17 63
8 8 17 63
1 3 17 59
2 2 17 55
6 2 17 55
7 4 17 52
8 2 17 50
5 2 17 49
8 2 17 47
4 5 17 46
8 7 17 44
4 6 17 39
7 2 17 35
5 9 17 34
3 2 17 29
4 2 17 27
8 2 17 24
2 2 17 23
4 3 17 21
7 11 17 14
8 3 17 6
4 2 16 200
6 3 16 199
2 3 16 196
5 4 16 191
6 2 16 188
1 4 16 186
3 2 16 181
5 3 16 177
6 4 16 174
7 2 16 170
2 2 16 165
8 3 16 164
5 3 16 162
8 3 16 160
7 2 16 154
3 5 16 152
7 2 16 144
6 3 16 137
2 2 16 133
5 2 16 122
1 2 16 120
8 4 16 118
1 4 16 118
3 2 16 111
7 6 16 106
2 4 16 101
6 2 16 101
6 2 17 102
7 4 17 102
8 2 16 100
5 4 16 98
5 3 16 94
8 2 17 95
6 2 16 95
6 6 16 90
8 2 16 89
3 2 16 86
6 2 16 81
6 4 16 79
3 6 16 78
4 3 16 74
5 2 16 65
3 4 16 64
7 3 16 63
8 5 16 54
6 9 16 51
6 2 16 39
6 3 16 29
7 2 16 26
7 4 16 21
5 2 16 10
7 5 16 9
8 2 16 8
8 2 16 4
6 2 16 3
7 2 16 2
8 3 15 200
5 2 15 194
7 2 15 193
8 4 15 190
5 2 15 187
4 3 15 182
3 3 15 179
7 2 15 175
2 8 15 172
6 2 15 172
6 2 15 159
7 3 15 155
5 2 15 154
5 2 15 152
3 2 15 149
6 6 15 149
1 2 15 145
8 4 15 138
6 2 15 139
8 2 15 140
7 3 15 138
6 3 15 132
6 2 15 134
7 2 15 134
8 3 15 131
4 4 15 129
7 2 15 129
3 2 15 126
4 4 15 120
2 9 15 116
3 2 15 103
6 2 15 99
6 2 15 96
7 3 15 94
7 2 15 91
2 2 15 88
2 2 15 84
6 3 15 83
8 2 15 85
5 2 15 82
8 6 15 76
6 4 15 72
8 2 15 63
6 3 15 63
7 2 15 61
5 2 15 58
1 2 15 57
3 2 15 56
4 2 15 55
7 7 15 44
5 4 15 40
4 3 15 39
8 2 15 37
4 4 15 33
3 3 15 30
7 6 15 28
5 6 15 27
4 3 15 25
6 3 15 23
7 2 15 24
1 3 15 20
4 2 15 18
1 3 15 5
8 2 15 1
1 12 14 196
7 2 15 200
6 4 14 191
7 3 14 190
4 6 14 186
8 2 14 181
6 3 14 179
6 2 14 179
7 8 14 178
2 3 14 175
3 2 14 174
4 4 14 168
8 3 14 166
6 7 14 165
8 5 14 159
1 4 14 143
5 7 14 141
7 4 14 136
7 2 14 132
6 3 14 130
8 2 14 128
8 3 14 125
5 4 14 123
3 8 14 120
6 2 14 115
4 4 14 111
6 2 14 105
5 2 14 103
1 4 14 101
7 5 14 99
7 3 14 96
8 3 14 95
6 2 14 91
7 10 14 85
8 2 14 82
4 3 14 78
7 2 14 73
8 2 14 71
4 4 14 69
8 2 15 66
7 2 17 67
8 2 17 67
7 2 15 67
7 2 14 68
8 2 14 67
3 3 14 65
8 2 14 65
6 2 14 61
6 2 14 54
7 3 14 53
5 12 14 48
6 2 14 46
6 6 14 43
7 3 14 38
5 4 14 36
6 2 14 32
8 2 14 23
6 7 14 20
6 8 14 8
6 2 14 7
7 2 14 4
6 2 14 2
8 3 13 194
4 4 13 183
1 2 13 180
6 3 13 173
5 8 13 169
8 4 13 161
2 3 13 160
5 2 13 157
6 8 13 156
8 3 13 154
4 2 13 152
6 2 14 153
8 2 13 153
2 4 13 150
1 3 13 149
8 2 13 146
1 4 13 140
6 2 13 139
4 2 13 134
1 2 13 128
4 3 13 126
2 3 13 121
7 3 13 123
4 8 13 118
8 2 13 115
7 5 13 113
8 2 13 106
7 4 13 103
5 3 13 101
5 3 13 97
6 2 13 98
2 3 13 94
8 5 13 92
8 2 13 90
6 5 13 89
5 2 13 81
7 2 13 81
5 5 13 74
2 3 13 72
8 3 13 69
4 2 13 62
5 3 13 59
7 2 13 58
4 4 13 57
5 2 13 46
8 2 13 45
3 6 13 42
6 2 13 33
8 7 13 31
7 3 13 32
8 2 13 32
3 3 13 25
3 2 13 22
5 2 13 20
1 2 13 18
5 3 13 17
6 2 14 16
8 6 13 17
5 9 13 12
3 2 13 10
5 3 13 5
4 2 13 3
6 2 12 200
5 2 12 199
4 3 12 194
6 2 12 193
4 5 12 190
7 2 12 184
5 2 12 176
7 2 12 174
8 2 12 172
7 2 12 171
4 17 12 162
6 2 12 160
6 6 12 148
2 2 13 145
3 2 12 144
6 3 12 145
7 2 12 138
6 3 12 136
6 2 12 129
2 4 12 125
6 3 12 123
8 3 12 113
6 4 12 112
8 3 12 109
5 2 12 108
6 7 12 107
5 2 12 94
7 2 12 91
6 4 12 82
5 2 12 79
8 2 12 78
2 2 12 77
6 3 12 76
4 5 12 72
4 2 12 67
1 3 12 64
4 3 12 54
1 2 12 53
3 2 12 49
6 3 12 46
7 2 12 41
4 2 12 39
5 4 12 37
4 7 12 36
2 4 12 27
6 2 12 25
4 4 12 23
8 7 12 20
8 5 12 7
7 2 12 2
6 2 11 196
3 2 11 188
7 2 11 186
2 2 12 187
1 2 11 187
8 4 11 187
8 2 11 185
6 2 11 184
2 3 11 183
3 3 11 181
7 2 11 176
1 3 11 173
8 3 11 170
7 7 11 160
7 2 11 154
6 3 11 153
1 4 11 151
5 4 11 149
4 4 11 148
6 2 11 141
3 2 11 140
1 2 11 139
6 4 11 137
8 2 11 136
1 4 11 135
2 3 11 132
8 2 11 133
7 6 11 134
8 4 11 129
7 4 11 128
8 2 11 124
1 2 11 118
1 4 11 115
8 2 11 112
7 2 11 111
8 2 11 105
7 4 11 105
4 5 11 86
8 2 14 87
7 3 14 86
4 3 11 80
4 6 11 75
8 3 11 73
7 5 11 69
6 2 11 67
8 2 11 66
7 2 11 65
8 3 11 63
4 2 11 62
3 2 11 60
7 2 11 60
8 2 11 61
6 3 11 59
2 2 11 48
8 2 11 48
3 2 12 49
7 3 11 47
5 3 11 44
6 2 11 41
3 3 11 33
2 4 11 33
6 2 11 30
7 2 11 29
4 2 11 27
7 2 11 26
2 2 11 13
8 2 13 12
7 3 11 10
7 2 11 7
2 2 11 4
4 3 11 3
7 8 10 200
7 2 10 196
5 2 10 192
6 7 10 189
4 2 10 185
5 7 10 172
6 5 10 169
3 2 10 163
7 3 10 152
6 2 10 151
8 5 10 147
4 2 10 143
1 2 10 132
6 6 10 128
6 2 10 126
4 2 10 123
1 2 10 123
5 2 10 111
3 7 10 110
7 2 10 109
5 6 10 104
7 2 10 97
6 2 12 97
6 2 10 96
4 6 10 93
5 3 10 89
7 2 11 89
7 8 10 83
7 2 10 76
7 2 10 63
6 6 10 62
8 3 10 59
7 11 10 59
3 2 10 56
2 3 10 53
6 5 10 49
7 2 10 50
1 2 10 45
6 2 10 44
7 5 10 43
1 2 10 39
7 3 10 38
6 2 10 35
2 2 10 34
8 2 10 30
5 2 10 27
8 2 10 26
3 2 10 22
3 7 10 17
7 3 11 18
6 2 11 18
4 3 10 14
1 4 10 5
2 2 10 1
6 6 9 198
2 3 9 196
7 5 9 191
8 4 9 184
7 2 9 183
6 2 9 181
2 2 9 180
5 4 9 176
4 5 9 174
7 2 9 169
7 2 9 162
1 2 9 161
8 2 9 160
6 5 9 158
8 3 9 157
2 10 9 151
3 2 9 143
5 2 9 142
4 2 9 141
6 5 9 135
7 5 9 131
4 3 9 126
7 3 9 123
2 3 9 120
5 2 9 119
3 2 9 116
5 2 9 114
2 4 9 109
5 3 9 106
5 3 9 95
7 2 9 96
6 2 9 95
6 3 9 91
7 8 9 89
8 2 9 87
6 4 9 87
6 6 9 80
6 3 9 77
2 4 9 75
5 2 9 73
3 3 9 72
6 4 9 70
1 3 9 67
6 2 9 65
5 12 9 56
5 2 9 47
4 2 9 41
6 2 9 39
7 2 9 32
1 8 9 31
6 2 9 27
4 2 9 25
7 2 10 24
4 19 9 19
7 5 9 11
1 2 11 12
2 2 11 11
8 2 10 13
6 2 9 12
2 3 9 7
8 7 9 3
8 2 8 200
7 2 8 194
6 2 8 194
5 3 8 192
8 2 8 193
3 11 8 188
2 3 8 183
5 7 8 179
7 4 8 173
3 3 8 166
8 3 8 163
7 5 8 156
8 3 8 152
4 2 8 145
8 2 8 140
6 7 8 139
5 4 8 138
4 4 8 133
2 3 8 128
8 3 8 125
7 2 8 121
5 2 8 117
7 3 8 113
1 2 8 109
2 2 8 106
3 4 8 105
8 2 8 102
1 2 8 101
6 2 10 100
8 2 9 100
6 3 8 102
7 3 8 100
3 2 8 98
6 5 8 98
2 2 8 87
8 2 8 88
8 2 9 89
6 2 9 89
8 3 8 82
7 2 8 78
6 2 8 74
3 4 8 68
5 2 8 64
8 4 8 61
8 2 8 55
3 4 8 51
6 2 8 48
4 3 8 46
7 4 8 46
5 3 8 40
8 2 8 37
2 3 8 36
6 7 8 33
6 2 8 29
8 2 8 26
7 2 8 17
6 2 8 16
5 2 8 10
7 5 8 6
1 4 8 2
1 6 7 199
4 4 7 196
4 3 7 194
6 2 7 187
7 2 7 186
7 4 7 179
8 2 7 179
6 2 7 178
3 2 7 177
6 2 8 177
8 3 8 177
7 3 7 168
2 2 7 168
1 5 7 163
8 3 7 159
4 4 7 157
6 4 7 154
8 3 7 155
7 5 7 147
8 2 7 138
7 2 7 138
8 3 7 132
6 2 7 132
6 2 7 128
7 2 7 126
2 3 7 124
8 2 7 122
4 5 7 120
7 2 7 116
8 2 7 115
5 3 7 111
6 3 7 109
3 3 7 96
3 3 7 91
8 2 7 90
4 5 7 87
8 2 7 84
5 2 7 80
8 2 7 77
4 2 7 73
8 4 7 72
6 2 7 69
7 4 7 69
5 2 7 67
4 8 7 65
2 4 7 56
8 2 7 57
6 4 7 57
7 7 7 56
7 7 7 49
3 2 7 50
5 2 7 44
5 3 7 28
2 4 7 28
4 2 7 23
8 2 7 24
7 2 7 25
8 2 7 16
6 2 7 14
8 2 7 13
1 6 7 12
6 2 7 9
6 3 7 3
8 2 7 2
2 8 6 194
6 4 6 189
4 3 6 186
7 3 6 184
8 2 6 183
2 3 6 179
3 2 6 174
6 2 7 175
4 3 6 173
1 3 6 172
2 5 6 170
8 2 6 168
7 3 6 167
1 2 6 165
8 2 6 164
4 3 6 162
5 6 6 151
2 3 6 144
7 5 6 144
8 9 6 140
4 3 6 137
7 5 6 134
7 2 6 131
5 2 6 130
8 2 6 129
7 2 6 127
6 3 6 126
5 2 6 122
1 3 6 118
5 2 6 115
1 4 6 112
7 4 6 109
3 2 6 107
1 2 6 105
6 4 6 104
4 3 6 100
8 6 6 98
7 6 6 97
6 4 6 94
5 4 6 90
5 2 6 82
3 2 6 79
4 2 6 77
5 2 6 75
1 6 6 71
5 2 6 68
6 2 6 67
7 3 6 64
6 3 6 46
1 3 6 45
4 5 6 40
7 2 7 41
2 4 6 38
5 3 6 37
7 7 6 35
1 2 6 33
7 3 6 33
5 5 6 30
3 4 6 24
2 2 6 19
5 15 6 15
2 6 6 7
7 2 6 8
8 2 6 8
7 2 6 2
7 2 5 187
6 11 5 183
3 3 5 176
5 3 5 175
7 3 5 171
6 4 5 166
5 6 5 162
2 2 5 164
7 3 5 161
7 2 6 160
2 4 5 160
8 2 5 158
6 2 5 158
8 7 5 147
5 4 5 146
8 2 5 144
7 2 5 138
3 2 5 136
8 9 5 133
4 5 5 125
3 3 5 122
4 5 5 119
6 2 5 119
7 4 5 120
3 2 5 116
8 2 5 114
6 2 5 113
8 6 5 108
6 3 5 107
8 2 5 104
8 2 5 93
8 3 5 87
6 3 5 88
5 4 5 84
6 2 5 80
5 4 5 78
7 2 5 76
6 3 5 74
2 6 5 69
8 2 5 68
8 2 5 65
1 2 5 63
6 2 5 61
8 2 5 59
6 2 5 59
6 6 5 55
3 2 5 53
1 2 5 50
8 8 5 46
6 3 5 42
6 2 5 42
8 2 5 40
8 7 5 35
4 2 5 29
8 3 5 26
6 2 5 24
5 3 5 22
7 2 5 19
6 2 5 8
4 2 5 4
6 3 5 2
6 5 4 200
8 2 5 198
1 2 4 197
5 4 4 196
5 2 4 192
6 7 4 191
8 2 4 187
4 3 4 180
6 5 4 176
8 6 4 171
6 6 4 171
8 5 4 154
8 2 4 156
7 2 4 157
6 3 4 142
5 2 4 137
5 3 4 128
8 3 4 127
7 3 4 122
6 6 4 123
7 2 4 122
2 3 4 120
7 6 4 116
5 3 4 114
3 2 4 112
4 3 4 110
8 2 4 107
6 4 4 105
7 5 4 101
1 2 4 96
5 4 4 94
3 3 4 90
3 2 4 86
1 2 4 81
7 2 4 82
8 2 4 75
5 4 4 73
4 2 4 68
7 5 4 68
8 2 4 66
4 2 4 64
2 4 4 63
7 2 4 61
3 2 4 58
6 5 4 51
2 2 8 52
8 2 8 51
5 2 4 49
6 5 4 45
4 2 4 43
2 9 4 40
6 2 4 35
4 3 4 32
6 2 4 27
8 2 4 21
8 2 4 17
6 2 4 16
3 2 4 17
1 2 4 15
8 2 4 10
6 4 4 6
7 2 3 199
7 2 3 195
7 2 3 188
5 2 3 185
3 2 3 180
8 4 3 180
8 2 3 177
8 2 3 174
1 4 3 174
1 2 3 169
7 7 3 167
7 2 3 159
5 5 3 157
4 4 3 152
2 2 3 149
8 5 3 149
6 3 3 148
2 4 3 146
1 2 3 143
6 2 4 142
6 2 3 144
7 4 3 143
3 2 3 139
4 4 3 137
1 3 3 129
8 2 3 123
1 2 3 119
2 4 3 107
1 3 3 105
5 3 3 103
7 2 3 103
8 12 3 98
3 3 3 97
4 2 3 94
6 4 3 93
6 2 3 91
7 4 3 91
2 6 3 89
7 2 3 86
6 3 3 85
1 2 3 79
8 2 4 78
6 2 4 78
6 6 3 71
3 2 3 61
1 2 3 60
8 4 3 57
7 2 3 52
8 2 3 53
7 2 5 52
8 2 4 52
2 2 3 52
3 5 3 45
7 2 3 42
2 3 3 34
5 3 3 32
3 2 3 29
8 2 3 27
7 2 3 27
7 2 3 25
8 2 3 23
6 4 3 20
1 3 3 19
7 2 3 17
6 2 4 18
8 3 4 17
6 5 3 11
2 5 3 8
7 8 3 7
5 2 3 4
6 2 3 3
4 2 3 2
4 4 2 188
8 4 2 187
7 2 2 186
6 3 2 184
8 2 2 181
4 3 2 179
3 2 2 177
7 2 2 174
1 2 2 173
7 2 2 172
6 3 2 169
7 2 2 167
5 3 2 165
6 2 2 159
4 2 2 157
1 2 2 156
7 2 3 155
6 2 3 154
8 2 2 152
8 2 2 149
6 3 2 147
7 3 2 135
5 2 2 133
3 2 2 130
6 3 2 127
6 2 3 126
7 3 3 126
8 6 2 124
6 3 2 120
5 3 2 116
7 3 2 114
6 5 2 111
2 2 2 107
5 2 2 106
2 2 2 104
5 2 2 102
8 3 2 87
5 6 2 77
2 2 3 78
8 2 2 77
7 4 2 69
7 2 2 66
4 2 2 59
7 2 2 58
6 2 2 54
2 4 2 51
8 3 2 47
3 4 2 44
7 2 2 40
6 2 2 37
3 2 2 37
7 4 2 31
6 2 2 32
7 2 2 28
6 5 2 26
7 3 2 20
1 2 2 20
2 2 2 19
4 3 2 17
8 3 2 14
4 5 2 12
8 2 2 3
3 4 2 2
3 2 1 168
8 2 1 164
7 2 1 165
7 2 1 162
8 2 1 160
1 2 1 156
6 2 2 156
8 3 2 155
7 2 1 151
3 2 1 150
3 2 1 144
3 2 1 141
7 3 1 138
8 2 3 136
7 2 1 134
6 2 1 134
7 3 1 130
8 2 1 118
8 2 2 117
8 3 1 111
5 2 1 107
8 6 1 100
4 2 1 91
6 2 1 89
5 2 1 87
6 3 1 82
4 2 1 79
5 2 1 76
8 2 1 73
6 2 1 66
4 2 1 64
6 2 1 62
7 2 1 61
8 8 1 60
5 2 1 52
3 2 1 50
6 2 1 48
7 2 1 43
6 2 1 41
7 2 1 39
5 2 1 35
8 2 1 24
3 2 3 23
3 2 1 19
8 2 1 8
3 2 1 9
8 2 1 5
3 2 1 4
