10670
3801
7 2 91 1
3 2 89 1
7 2 87 1
5 3 83 1
4 4 87 1
2 3 92 1
5 2 90 1
8 2 82 1
2 5 79 1
5 2 83 1
3 2 76 1
2 2 82 1
7 2 82 1
4 2 79 1
1 2 75 1
6 2 75 1
5 2 73 1
6 2 68 1
3 4 65 1
8 4 55 1
3 3 65 1
5 2 56 1
6 3 53 1
1 2 61 1
4 3 61 1
5 2 49 1
4 2 47 1
5 3 37 1
7 2 46 1
6 3 44 1
3 5 37 1
1 2 55 1
3 2 55 1
7 2 46 1
5 2 35 1
8 3 52 1
7 2 28 1
7 2 48 1
6 2 45 1
5 2 45 1
8 4 27 1
5 2 24 1
5 2 20 1
4 4 36 1
1 2 36 1
3 2 35 1
7 2 32 1
2 2 25 1
8 4 22 1
1 2 22 1
6 3 24 1
4 2 23 1
7 2 17 1
3 2 15 1
1 2 4 1
1 3 22 1
6 2 17 1
8 3 15 1
2 3 5 1
1 2 13 1
8 2 10 1
8 2 7 1
8 3 2 1
4 3 33 2
4 3 26 2
3 3 28 2
6 2 24 2
2 4 23 2
5 3 18 2
5 2 20 2
8 2 16 2
5 3 15 2
2 2 15 2
2 2 10 2
8 2 13 1
1 2 6 2
7 2 8 1
6 2 7 1
5 2 7 1
2 2 7 2
5 2 2 2
7 3 2 1
5 2 7 1
6 2 81 3
8 2 78 3
6 2 71 3
8 2 69 3
5 3 64 3
7 3 65 3
1 2 65 3
6 3 63 3
4 4 61 3
1 4 55 3
8 2 55 3
2 2 59 3
1 3 46 3
2 3 46 3
7 2 46 3
8 3 48 3
7 4 42 3
3 2 46 3
4 2 46 3
5 6 35 3
5 2 38 3
3 2 37 3
2 2 35 3
4 2 30 3
5 2 27 3
1 2 42 3
6 6 40 3
5 2 39 3
2 4 36 3
1 3 24 3
5 2 19 3
8 2 34 3
6 2 25 3
8 3 17 3
1 2 18 3
3 2 15 3
6 2 9 3
4 2 6 3
6 3 12 3
5 2 17 3
3 2 13 3
8 2 13 3
1 2 9 3
4 2 9 3
5 3 4 3
5 2 5 3
7 2 5 2
2 2 15 3
1 2 3 3
8 2 3 3
4 2 2 3
8 3 1 2
2 2 4 1
6 2 1 1
7 2 1 2
6 2 49 4
2 2 43 4
4 2 42 4
4 3 40 4
3 2 40 4
8 3 38 4
6 2 36 4
3 2 41 4
2 3 32 4
5 2 36 4
6 3 32 4
5 2 31 4
7 4 31 4
7 2 29 4
8 2 22 4
3 2 20 4
6 2 19 4
6 2 21 4
1 2 12 4
8 2 11 4
7 2 10 4
6 2 10 4
6 3 3 4
7 2 21 4
1 2 21 4
8 2 18 4
2 2 17 4
1 2 16 4
2 2 15 4
8 2 8 4
1 2 8 4
7 2 13 4
1 2 5 4
7 2 6 3
2 2 5 4
5 3 6 4
3 2 2 4
5 2 1 3
4 2 62 5
7 2 60 5
1 3 59 5
7 2 51 5
3 2 52 5
4 3 49 5
6 2 51 5
8 3 47 5
1 3 37 5
4 2 31 5
4 6 19 5
6 2 44 5
1 2 35 5
5 2 34 5
7 3 24 5
5 2 41 5
5 3 38 5
1 2 37 5
1 2 23 5
5 3 14 5
4 2 31 5
8 3 28 5
3 2 32 5
2 3 29 5
4 2 31 5
1 3 25 5
2 2 19 5
8 4 16 5
6 4 22 5
4 2 16 5
4 3 11 5
2 2 7 5
4 3 57 6
7 3 48 6
7 2 51 6
2 2 48 6
5 2 47 6
4 2 45 6
6 3 44 6
7 3 41 6
5 2 42 6
8 2 41 6
5 2 34 6
3 2 26 6
2 4 20 6
7 3 14 6
6 8 22 5
3 2 19 5
8 2 17 5
6 2 12 5
7 2 22 6
1 2 22 6
1 3 16 6
5 2 18 5
7 3 7 6
2 2 15 5
5 2 15 5
6 2 9 5
2 5 5 6
5 3 3 6
7 2 14 5
1 2 8 5
2 3 6 6
4 3 6 5
5 2 9 5
8 2 7 5
3 2 5 6
7 3 4 6
8 2 3 6
2 3 62 7
3 3 61 7
6 2 55 7
4 4 62 7
7 2 48 7
7 2 59 7
8 2 57 7
3 4 55 7
8 2 44 7
5 5 42 7
5 2 40 7
1 2 43 7
6 6 41 7
4 2 49 7
1 2 49 7
8 2 46 7
7 2 45 7
2 2 37 7
6 2 35 7
5 2 31 7
6 3 41 7
1 3 30 7
4 2 38 7
6 2 32 7
4 2 28 7
5 2 33 7
2 5 30 7
7 2 29 7
3 2 25 7
3 2 20 7
3 2 26 7
1 2 26 7
4 2 24 7
2 7 22 7
6 2 12 7
4 2 12 7
7 2 19 7
8 2 13 7
1 2 1 7
2 2 49 8
4 2 49 8
8 2 55 8
4 2 42 8
8 2 45 8
1 3 44 8
3 2 48 8
3 2 46 8
2 3 44 8
5 3 43 8
1 2 44 8
1 2 35 8
7 2 44 8
4 4 35 8
6 3 41 8
8 3 31 8
3 2 28 8
2 2 24 8
8 3 22 8
6 2 22 8
2 3 19 8
8 3 29 8
7 2 22 8
3 3 12 8
3 2 15 7
4 2 15 7
6 2 13 7
7 3 12 7
6 3 16 8
7 2 9 8
2 2 11 7
2 2 12 8
5 2 5 8
4 2 7 7
6 2 6 7
8 2 5 7
5 2 6 8
8 2 6 7
6 3 10 8
3 3 6 8
2 2 5 7
6 2 61 9
4 4 57 9
1 2 55 9
1 2 53 9
3 2 53 9
5 2 54 9
2 3 52 9
7 2 47 9
5 3 42 9
4 2 46 9
6 2 43 9
5 3 23 9
1 2 41 9
4 3 40 9
2 2 40 9
4 2 42 9
6 2 41 9
4 2 25 9
2 3 25 9
7 2 25 9
7 2 22 9
3 2 17 9
8 2 15 9
1 2 12 9
8 3 25 9
2 2 19 9
4 2 11 9
3 2 53 10
8 2 60 10
7 2 56 10
4 2 48 10
8 2 48 10
3 2 45 10
5 2 44 10
6 2 44 10
5 3 53 10
6 2 45 10
7 2 41 10
5 2 39 10
3 2 38 10
2 4 38 10
5 3 32 10
3 3 42 10
3 2 40 10
8 2 32 10
8 2 30 10
2 4 26 10
5 2 23 10
2 2 32 10
6 2 32 10
7 3 23 10
1 2 25 9
1 2 23 9
1 6 18 10
1 2 25 9
3 2 22 9
6 2 21 9
6 2 18 9
3 2 18 9
7 3 17 9
5 3 16 9
2 2 14 10
3 2 17 9
8 2 16 9
3 2 7 10
1 2 7 10
6 3 8 10
2 2 6 10
4 3 5 10
4 3 6 9
2 2 69 11
6 2 68 11
7 3 67 11
8 2 63 11
5 2 53 11
3 2 62 11
5 2 61 11
4 4 37 11
4 3 31 11
1 2 55 11
3 4 43 11
8 2 48 11
2 2 44 11
8 2 44 11
5 2 28 11
7 3 28 11
2 2 45 11
1 2 30 11
2 2 30 11
7 2 40 11
3 2 40 11
1 4 34 11
4 2 33 11
1 2 28 11
5 2 26 11
1 2 25 11
5 2 18 11
1 2 20 11
2 2 17 11
7 2 17 11
6 2 19 11
3 2 16 11
8 2 19 11
6 2 19 11
5 4 18 11
3 3 13 11
5 2 13 11
2 2 12 11
7 2 8 11
8 5 6 11
2 3 55 12
6 2 58 12
1 2 55 12
7 2 50 12
8 2 46 12
7 2 55 12
8 2 47 12
3 3 45 12
5 4 43 12
8 2 38 12
6 2 33 12
4 2 33 12
8 2 32 12
5 2 31 12
1 2 29 12
6 2 25 12
3 2 17 12
4 3 12 12
8 2 36 12
4 2 19 12
5 2 5 12
7 2 8 11
3 2 34 12
4 2 20 12
4 2 4 12
1 2 30 12
8 2 23 12
2 4 13 12
2 2 26 12
7 2 19 12
7 2 17 12
4 3 8 12
1 2 2 12
7 2 6 11
2 3 2 11
3 2 5 10
2 2 3 10
5 2 3 9
5 3 15 12
8 2 4 12
2 3 7 12
1 2 7 12
6 2 6 11
5 4 11 12
3 2 6 12
5 2 64 13
6 5 62 13
5 2 55 13
7 4 44 13
2 2 54 13
7 2 45 13
6 3 30 13
4 2 41 13
1 2 34 13
7 3 33 13
8 3 49 13
2 2 49 13
5 2 35 13
2 2 29 13
5 3 27 13
4 5 24 13
1 3 15 13
2 2 16 13
8 2 15 13
6 2 13 13
6 2 28 13
4 3 24 13
8 2 32 13
7 3 17 13
6 2 17 13
2 2 25 13
7 2 24 13
5 2 23 13
1 3 21 13
3 3 19 13
3 2 20 13
8 2 16 13
4 2 16 13
5 2 8 13
4 2 1 13
1 2 53 14
1 5 49 14
8 3 51 14
3 2 41 14
6 3 40 14
8 2 43 14
5 4 43 14
8 3 39 14
3 3 37 14
5 2 31 14
3 2 25 14
3 4 30 14
6 2 30 14
3 2 20 14
5 4 18 14
8 2 17 14
7 2 16 14
5 2 14 14
4 2 19 13
4 2 17 13
6 2 17 13
1 2 22 14
8 2 18 14
2 3 8 14
6 2 12 13
7 2 10 13
8 2 8 13
2 2 8 12
2 2 9 13
3 3 7 14
1 2 10 13
5 2 8 13
6 2 8 13
3 4 10 14
5 2 5 14
6 3 72 15
7 2 70 15
8 2 70 15
6 3 68 15
8 2 67 15
7 4 61 15
7 2 64 15
1 3 62 15
5 2 53 15
4 2 60 15
4 2 46 15
3 3 54 15
3 3 44 15
4 2 51 15
4 2 41 15
1 2 45 15
6 2 39 15
4 3 30 15
3 2 46 15
6 4 45 15
3 2 35 15
5 2 28 15
2 3 40 15
8 4 38 15
7 3 33 15
3 2 36 15
7 3 36 15
3 3 26 15
5 2 22 15
6 3 12 15
5 2 6 15
6 2 5 15
1 2 5 14
7 2 6 13
8 2 5 13
3 3 4 14
6 2 4 14
1 2 17 15
5 2 11 15
4 2 3 15
8 2 63 16
4 2 61 16
7 3 53 16
4 2 52 16
5 3 39 16
4 2 43 16
5 4 41 16
2 2 40 16
2 3 36 16
8 2 38 16
4 2 37 16
3 2 36 16
8 2 35 16
6 3 47 16
1 2 34 16
1 2 38 16
1 4 30 16
5 2 39 16
8 2 39 16
2 2 22 16
4 2 16 16
4 2 21 15
5 2 21 15
7 2 16 15
5 2 30 16
4 4 27 16
8 3 13 16
8 2 24 16
3 2 24 16
1 3 7 16
1 2 13 15
2 2 13 15
4 4 9 16
8 2 10 15
7 2 10 15
6 2 9 15
4 2 5 16
6 2 5 16
2 2 5 15
7 2 4 16
4 2 10 15
2 2 10 16
7 3 9 16
1 2 1 16
5 2 61 17
4 3 62 17
7 2 45 17
3 2 40 17
2 2 61 17
7 3 57 17
8 3 57 17
5 2 48 17
1 3 47 17
7 2 41 17
8 3 39 17
4 2 45 17
7 2 45 17
4 2 38 17
7 2 36 17
2 2 34 17
1 3 46 17
2 2 28 17
6 3 22 17
2 4 35 17
8 2 39 17
2 2 39 17
5 4 38 17
8 2 36 17
4 2 33 17
5 2 21 17
1 3 20 17
1 2 26 17
4 2 21 17
6 2 16 17
5 3 15 17
5 2 10 17
8 2 9 17
6 2 9 17
2 2 14 17
4 2 4 17
7 2 4 16
1 2 17 17
8 2 13 17
2 3 3 17
4 2 14 17
6 2 11 17
3 3 50 18
4 2 48 18
6 2 48 18
5 2 48 18
1 3 35 18
3 3 46 18
4 2 46 18
2 2 43 18
8 3 40 18
8 2 41 18
6 2 35 18
4 5 34 18
1 2 37 18
3 2 37 18
8 2 31 18
6 2 31 18
6 3 33 18
4 2 29 18
4 2 24 18
3 2 18 18
8 3 22 18
5 2 25 18
2 2 25 18
7 2 24 18
3 2 22 18
5 2 16 18
5 2 13 18
1 2 14 17
6 2 12 18
8 2 12 17
5 3 11 18
3 2 12 17
6 2 12 18
7 3 8 18
8 2 9 18
4 5 6 18
5 2 65 19
7 2 65 19
2 5 56 19
5 2 64 19
2 2 61 19
5 3 58 19
2 2 51 19
3 2 50 19
6 2 48 19
5 2 46 19
6 2 49 19
7 2 39 19
8 2 39 19
8 2 51 19
1 2 26 19
6 2 37 19
2 3 32 19
1 3 36 19
3 2 31 19
2 2 24 19
2 2 13 19
3 2 39 19
4 3 33 19
8 2 34 19
1 2 34 19
4 2 12 19
7 2 11 19
3 2 9 19
6 2 7 19
1 2 4 19
3 2 2 19
8 2 1 18
7 2 25 19
1 2 14 19
5 3 14 19
8 2 13 19
3 2 17 19
4 2 13 19
7 2 13 19
7 3 2 19
5 2 12 19
2 2 12 19
1 2 12 19
4 2 11 19
2 2 2 19
1 3 60 20
3 7 58 20
7 2 54 20
5 2 56 20
8 2 48 20
1 2 45 20
1 4 47 20
5 2 38 20
2 3 35 20
5 2 44 20
4 2 40 20
6 2 29 20
8 2 41 20
5 5 27 20
7 2 30 20
7 2 28 20
6 2 21 20
1 2 33 20
6 7 16 20
3 4 28 20
3 2 23 20
8 3 17 20
4 2 15 20
7 4 14 20
6 2 11 20
4 2 23 20
7 2 14 20
6 3 13 20
6 4 19 20
8 2 15 20
6 2 7 20
2 2 16 20
8 2 16 20
8 2 3 20
5 2 6 19
3 2 6 19
4 3 9 20
5 2 58 21
7 5 57 21
7 2 54 21
4 2 52 21
7 2 45 21
8 3 44 21
7 2 38 21
5 2 47 21
2 3 46 21
4 2 40 21
5 2 36 21
3 2 24 21
3 3 32 21
3 2 38 21
3 2 33 21
1 2 27 21
7 2 18 21
1 2 34 21
2 2 33 21
7 6 24 21
7 4 21 21
5 2 25 21
3 3 24 21
1 3 12 21
2 4 19 21
3 3 16 21
1 3 6 21
6 2 16 21
8 2 9 21
7 2 11 20
1 4 8 21
5 2 8 20
4 2 14 21
8 3 5 21
6 2 8 20
4 3 15 21
8 2 15 21
7 3 4 21
1 2 7 20
1 2 5 20
8 2 9 21
2 2 7 21
2 2 3 21
3 3 2 21
5 2 2 21
7 2 2 20
2 4 49 22
6 2 38 22
1 2 42 22
5 2 37 22
6 2 32 22
5 2 32 22
3 5 32 22
3 2 33 22
1 3 33 22
2 3 28 22
4 2 27 22
1 2 26 22
1 2 35 22
1 2 31 22
6 2 23 22
6 2 27 22
5 2 26 22
7 2 26 22
5 2 20 22
7 2 20 22
2 2 19 22
7 2 12 22
8 2 12 22
6 4 12 22
5 2 15 22
3 2 15 22
7 3 13 22
5 2 62 23
8 2 61 23
1 3 63 23
7 7 61 23
6 4 57 23
3 5 50 23
8 4 48 23
4 2 57 23
4 2 48 23
4 2 43 23
4 2 50 23
8 6 34 23
8 3 20 23
3 2 47 23
4 2 31 23
4 2 28 23
2 2 28 23
2 4 38 23
4 2 24 23
4 2 20 23
8 2 13 23
7 3 9 23
5 2 38 23
2 2 28 23
1 2 25 23
2 2 9 23
1 2 12 22
3 4 33 23
4 4 27 23
8 2 30 23
5 2 24 23
4 5 7 23
4 2 11 22
8 2 12 23
1 2 6 23
6 2 8 22
5 2 8 22
6 9 21 23
3 2 18 23
7 2 18 23
1 3 17 23
6 2 6 23
4 3 5 23
8 3 4 22
7 4 9 23
1 4 47 24
1 3 36 24
6 2 43 24
6 4 39 24
5 3 38 24
2 2 33 24
4 2 31 24
2 2 29 24
8 3 32 24
7 3 30 24
5 2 26 24
1 2 25 24
6 3 18 24
8 2 27 24
8 2 14 24
3 3 23 24
3 5 7 24
5 2 20 24
1 2 10 24
6 2 10 24
5 2 9 23
5 2 12 24
5 3 7 24
8 2 6 23
6 2 2 24
3 2 2 24
5 2 56 25
4 2 55 25
4 2 52 25
3 3 51 25
6 3 50 25
4 2 48 25
1 2 39 25
5 2 44 25
7 2 42 25
4 3 41 25
1 2 40 25
7 2 32 25
1 5 30 25
8 2 35 25
5 3 29 25
4 4 23 25
4 2 19 25
6 2 19 25
3 2 23 25
2 2 19 25
3 2 19 25
2 2 15 25
1 2 14 25
7 2 9 25
2 5 8 25
7 2 1 25
2 4 67 26
6 2 64 26
5 3 57 26
8 3 65 26
6 2 58 26
4 2 45 26
1 2 40 26
6 2 63 26
2 3 57 26
8 2 49 26
8 2 44 26
7 2 44 26
1 2 55 26
4 2 54 26
7 2 53 26
7 2 30 26
4 2 52 26
7 2 42 26
1 2 41 26
6 4 26 26
3 2 43 26
7 2 15 26
2 3 45 26
2 2 38 26
6 3 38 26
8 2 35 26
6 3 31 26
2 2 28 26
1 2 28 26
7 2 30 26
3 2 30 26
1 2 33 26
8 2 29 26
4 4 27 26
5 3 29 26
4 2 21 26
4 2 22 25
2 2 25 26
2 2 10 26
2 2 14 25
4 2 13 25
1 2 12 25
8 2 22 26
8 2 20 26
6 2 4 26
1 2 14 25
2 2 14 25
5 2 13 25
7 2 3 26
7 2 11 25
4 2 9 25
5 2 2 25
7 3 10 26
6 2 8 26
3 2 8 25
8 2 4 26
1 2 1 26
2 2 4 25
7 2 4 24
4 2 3 25
8 2 5 24
4 2 6 23
8 2 1 25
3 2 2 24
1 2 1 24
5 2 2 26
6 3 1 26
8 3 51 26
6 2 48 26
7 2 46 26
7 2 42 26
8 3 41 26
1 2 42 26
4 2 41 26
3 3 26 26
7 3 25 26
7 4 12 26
3 2 35 26
1 2 34 26
4 3 21 26
2 3 32 26
6 2 28 26
7 2 21 26
2 2 9 26
4 2 27 26
2 2 24 26
3 4 21 26
5 2 22 26
1 2 21 26
1 2 60 27
5 4 54 27
8 2 45 27
6 2 62 27
7 2 45 27
2 2 43 27
3 2 41 27
6 2 38 27
4 3 37 27
6 2 51 27
5 2 51 27
4 2 46 27
7 3 34 27
2 2 46 27
8 2 46 27
6 2 34 27
3 2 30 27
1 4 29 27
6 2 22 27
6 4 18 27
8 2 34 27
6 2 12 27
1 2 24 26
5 2 23 26
3 2 21 26
7 2 17 26
4 2 16 26
4 3 28 27
7 2 28 27
7 2 20 27
5 3 10 27
8 3 19 26
3 2 6 27
7 2 18 26
2 2 16 26
5 2 16 26
7 2 12 26
8 2 7 26
6 2 5 27
4 2 7 26
1 4 72 28
8 2 70 28
3 2 64 28
8 2 60 28
7 2 63 28
8 2 61 28
6 3 59 28
2 2 60 28
5 2 54 28
7 3 51 28
5 2 60 28
3 3 54 28
3 4 49 28
8 3 47 28
1 2 51 28
3 2 49 28
4 2 46 28
6 2 46 28
5 3 43 28
6 2 44 28
8 2 43 28
1 2 41 28
2 2 40 28
7 4 35 28
3 3 34 28
5 3 34 28
4 3 35 28
6 3 31 28
2 2 25 28
7 2 24 28
2 3 23 28
7 3 26 28
1 2 22 28
8 2 20 28
3 3 22 28
7 2 19 28
1 3 16 28
5 2 14 27
6 2 14 28
2 2 14 28
6 2 18 28
7 2 15 28
3 2 11 28
4 2 13 27
3 2 13 27
1 2 8 28
4 3 6 28
1 2 8 28
8 2 8 28
7 2 8 28
7 2 50 29
2 2 50 29
8 2 44 29
4 2 46 29
7 2 42 29
2 3 40 29
6 6 40 29
2 2 37 29
7 2 33 29
3 4 36 29
6 3 34 29
2 2 30 29
5 2 27 29
4 2 20 29
2 2 14 29
4 2 22 29
3 2 22 29
3 2 19 29
8 2 19 29
8 2 13 29
2 2 11 29
3 4 9 29
3 2 3 29
8 2 3 28
1 2 3 27
7 2 5 26
1 2 5 26
7 2 3 28
5 3 2 28
1 2 5 29
4 3 2 29
2 4 79 30
6 2 71 30
3 4 68 30
1 2 68 30
8 4 58 30
2 3 57 30
5 2 62 30
3 2 61 30
1 2 60 30
1 2 55 30
7 2 65 30
4 3 64 30
2 2 52 30
1 2 50 30
1 3 58 30
2 2 58 30
4 2 55 30
3 2 53 30
5 2 48 30
7 2 47 30
1 4 45 30
3 2 44 30
7 2 36 30
6 2 30 30
5 2 26 30
5 3 36 30
8 3 41 30
8 2 39 30
7 3 39 30
8 2 27 30
2 3 19 30
1 3 30 30
4 2 27 30
3 2 22 30
5 2 17 30
3 2 17 30
3 2 29 30
8 2 14 30
2 6 11 30
4 3 24 30
7 3 23 30
2 3 11 30
6 3 6 30
5 2 5 30
7 3 48 31
5 2 49 31
8 2 47 31
2 2 44 31
6 4 41 31
6 2 44 31
7 2 41 31
3 3 41 31
7 2 39 31
5 5 35 31
6 2 32 31
7 3 30 31
6 3 29 31
2 2 23 31
1 3 20 31
7 7 15 31
2 2 21 31
5 2 19 31
8 2 18 31
3 2 16 31
2 2 14 31
5 2 8 31
6 3 8 31
5 2 12 30
4 2 12 30
1 2 12 31
5 2 6 31
5 2 10 30
8 2 5 31
2 3 4 30
6 5 4 31
8 2 3 30
8 2 8 29
1 2 8 29
3 3 7 29
3 2 3 29
4 2 63 32
7 2 58 32
4 2 65 32
3 2 65 32
2 2 64 32
3 2 46 32
4 2 45 32
6 2 38 32
7 3 58 32
5 2 46 32
8 2 37 32
5 2 36 32
6 2 48 32
5 2 40 32
6 2 40 32
1 3 48 32
1 2 49 32
7 2 44 32
6 3 35 32
3 2 34 32
2 2 39 32
3 2 38 32
3 3 30 32
8 2 38 32
7 2 28 32
4 3 17 32
4 2 26 32
1 3 25 32
2 2 25 32
5 2 24 32
3 2 16 32
6 3 29 32
5 2 29 32
6 2 20 32
8 2 14 32
6 2 11 32
4 5 10 32
7 2 19 32
1 2 18 32
7 2 13 32
8 3 59 33
5 2 58 33
8 2 52 33
1 2 48 33
1 2 43 33
5 2 42 33
4 5 39 33
7 2 37 33
7 2 31 33
3 3 45 33
4 3 45 33
6 2 44 33
8 2 35 33
8 3 32 33
3 2 34 33
2 4 21 33
8 2 18 33
1 2 18 32
4 2 18 32
5 2 17 33
4 2 29 33
1 2 28 33
5 2 21 33
7 3 18 33
8 2 27 33
8 3 16 33
4 2 15 33
6 2 15 33
2 2 9 33
7 2 5 33
2 2 14 32
3 2 5 32
6 2 13 33
3 2 15 32
7 2 14 32
2 2 2 33
1 2 12 32
3 2 12 32
1 2 4 32
4 4 8 33
8 2 7 33
7 3 60 34
7 4 57 34
1 2 56 34
5 2 55 34
8 3 47 34
2 2 45 34
5 2 52 34
4 3 48 34
4 3 41 34
2 2 39 34
3 2 43 34
8 3 34 34
8 2 35 34
7 2 33 34
4 3 32 34
3 2 28 34
5 3 29 34
7 2 36 34
1 2 26 34
7 2 24 34
7 2 27 34
5 2 23 34
2 3 20 34
1 3 21 34
2 2 24 34
1 2 24 34
8 2 23 34
6 2 18 34
1 3 9 34
3 4 9 34
2 3 76 35
6 5 74 35
3 2 69 35
7 2 60 35
2 2 59 35
4 5 54 35
5 3 65 35
6 3 63 35
8 3 49 35
7 2 57 35
3 2 53 35
7 2 51 35
2 2 51 35
2 2 47 35
3 2 45 35
5 2 44 35
7 3 44 35
6 3 49 35
4 2 42 35
3 2 49 35
1 3 46 35
5 2 46 35
5 2 41 35
6 2 36 35
2 2 37 35
3 3 37 35
2 2 38 35
3 2 32 35
5 3 34 35
4 3 34 35
3 6 25 35
6 2 24 35
2 2 19 35
5 3 12 35
8 2 24 35
1 2 23 35
7 3 22 35
6 2 14 35
1 2 12 35
8 2 13 34
4 3 13 34
6 2 16 35
6 2 9 35
3 2 11 34
7 2 7 35
2 2 8 34
8 4 5 35
1 2 9 34
3 2 8 34
5 2 7 34
8 2 54 36
4 2 53 36
3 2 53 36
2 2 48 36
3 2 46 36
8 2 44 36
6 3 40 36
4 2 40 36
8 3 39 36
3 2 40 36
4 2 37 36
4 3 34 36
1 2 34 36
8 2 29 36
4 3 27 36
6 2 31 36
2 2 31 36
8 2 30 36
7 3 23 36
6 4 22 36
3 2 18 36
2 2 16 36
5 3 21 36
7 3 15 36
3 2 17 36
1 2 16 36
5 4 15 36
8 3 14 36
4 2 3 36
6 2 6 36
6 2 65 37
1 2 63 37
1 2 58 37
5 4 64 37
8 4 56 37
3 2 53 37
2 3 51 37
5 2 48 37
8 3 51 37
4 3 45 37
1 2 42 37
8 2 42 37
5 2 44 37
7 4 43 37
4 2 39 37
7 2 36 37
6 2 39 37
1 2 39 37
7 2 37 37
5 2 35 37
6 5 32 37
7 4 30 37
8 2 31 37
2 2 29 37
4 2 29 37
5 2 27 37
7 2 26 37
7 2 23 37
5 3 18 37
1 2 22 37
1 2 20 37
1 2 17 37
3 2 13 37
4 2 12 37
6 3 11 37
2 3 12 37
1 3 11 37
8 2 8 37
7 3 10 37
3 2 10 37
5 3 6 37
4 2 5 36
3 3 2 37
4 4 56 38
6 5 52 38
2 2 56 38
7 2 45 38
6 2 43 38
4 2 41 38
5 2 47 38
2 2 46 38
2 4 37 38
8 2 38 38
3 2 32 38
4 4 44 38
3 3 41 38
7 3 40 38
5 2 27 38
3 4 21 38
5 2 38 38
7 2 31 38
7 2 24 38
6 2 17 38
2 6 24 38
6 2 31 38
3 2 28 38
7 4 18 38
5 2 16 38
6 2 15 38
1 2 20 38
1 2 13 38
4 2 11 38
2 2 11 38
1 4 9 38
2 4 19 38
4 2 14 38
2 2 7 38
4 2 6 38
4 4 2 38
1 2 4 38
7 2 58 39
8 2 55 39
6 2 59 39
7 2 49 39
6 5 45 39
4 2 48 39
5 2 44 39
7 2 41 39
6 2 41 39
4 3 50 39
2 2 50 39
1 2 48 39
1 5 25 39
6 2 42 39
7 2 42 39
2 2 39 39
8 2 37 39
3 2 23 39
4 2 22 39
4 2 16 39
7 2 16 39
2 3 30 39
1 2 32 39
7 2 31 39
5 2 29 39
6 3 27 39
3 4 27 39
1 2 26 39
5 2 23 39
8 3 20 39
3 2 13 39
4 4 18 39
5 2 17 39
1 2 15 39
2 2 12 39
8 2 12 39
8 2 9 39
4 2 9 39
1 2 10 38
7 3 10 39
5 2 2 39
3 2 4 38
5 2 4 38
6 2 3 38
3 2 52 40
1 2 47 40
1 3 43 40
8 2 47 40
8 2 38 40
7 5 33 40
5 2 43 40
8 3 37 40
5 2 28 40
3 2 38 40
6 2 36 40
4 2 31 40
5 3 23 40
3 2 22 40
2 3 15 40
5 3 9 40
6 2 9 40
4 2 21 40
7 2 10 40
3 2 9 40
8 2 77 41
2 2 75 41
8 4 70 41
8 2 50 41
7 4 42 41
2 2 38 41
4 2 41 41
5 2 35 41
4 2 34 41
4 3 29 41
6 2 50 41
7 2 48 41
8 2 42 41
2 2 31 41
7 2 30 41
1 2 28 41
5 3 16 41
7 2 16 40
1 2 16 40
6 2 18 40
3 5 35 41
5 4 36 41
4 2 39 41
4 2 35 41
5 2 37 41
8 2 37 41
3 4 40 41
4 2 36 41
3 3 19 41
2 2 36 41
7 2 29 41
5 2 25 41
3 2 23 41
6 2 23 41
1 2 30 41
5 2 29 41
2 2 26 41
5 3 18 41
1 2 17 40
2 2 17 40
6 2 14 41
8 2 14 40
2 2 13 40
1 2 19 41
2 2 14 41
3 3 13 41
8 2 12 40
1 2 12 41
4 2 13 40
5 2 4 41
5 2 8 40
5 2 10 41
1 2 60 42
6 3 59 42
8 2 56 42
1 3 50 42
7 2 51 42
3 2 48 42
5 3 48 42
7 2 46 42
2 2 46 42
4 3 40 42
8 2 42 42
4 2 37 42
2 2 37 42
5 2 32 42
4 2 31 42
6 2 30 42
1 3 36 42
3 2 29 42
7 3 29 42
6 4 26 42
6 2 19 42
4 5 22 42
3 3 22 42
2 2 15 42
7 2 12 42
6 3 12 42
7 2 18 42
5 2 18 42
6 2 4 42
7 2 7 41
2 2 9 40
4 2 7 40
8 4 4 42
4 2 12 42
8 3 6 42
7 2 7 41
2 2 4 42
6 2 6 41
4 3 4 41
1 2 4 41
3 4 4 42
1 2 62 43
4 2 60 43
5 3 58 43
2 2 56 43
6 2 51 43
4 2 49 43
7 2 47 43
5 3 47 43
5 2 49 43
1 4 45 43
4 2 45 43
8 2 43 43
6 4 41 43
5 3 34 43
8 3 35 43
7 2 34 43
8 2 20 43
6 2 19 43
2 4 15 43
7 2 29 43
7 3 26 43
3 3 31 43
1 2 24 43
2 3 24 43
4 2 15 43
1 2 9 43
5 2 17 43
6 2 13 43
2 2 5 43
2 2 11 43
7 2 10 43
8 2 9 43
6 2 9 43
1 2 8 43
1 2 9 43
7 2 3 43
3 2 3 42
4 3 7 43
3 2 65 44
6 3 63 44
4 3 60 44
5 2 58 44
2 2 58 44
2 2 55 44
1 2 54 44
7 3 52 44
3 3 53 44
4 2 49 44
1 2 48 44
5 2 37 44
5 3 48 44
7 2 38 44
2 2 29 44
4 3 23 44
4 4 28 44
2 3 34 44
4 2 34 44
4 2 24 44
2 3 22 44
3 5 25 44
8 2 20 44
7 3 21 44
3 3 16 44
2 2 19 44
1 2 19 44
3 4 13 44
5 2 12 44
8 2 12 44
3 2 9 44
5 2 8 44
7 2 6 44
2 2 6 43
6 4 19 44
1 3 16 44
5 3 12 44
6 2 6 44
8 3 6 44
7 2 7 43
6 3 3 44
3 2 4 43
7 2 53 45
2 3 53 45
5 2 51 45
2 7 47 45
4 2 45 45
7 2 29 45
8 2 17 45
7 2 14 45
8 2 13 45
3 2 13 45
8 4 36 45
2 2 40 45
7 2 30 45
4 3 28 45
3 2 27 45
2 2 6 45
3 3 28 45
2 2 12 45
6 2 11 45
8 2 73 46
2 2 72 46
6 2 70 46
4 3 69 46
1 2 62 46
3 4 61 46
6 2 61 46
7 2 60 46
4 3 59 46
5 3 42 46
7 2 37 46
6 5 34 46
8 2 53 46
8 2 42 46
6 3 41 46
5 4 40 46
1 3 49 46
4 3 48 46
4 3 41 46
1 3 40 46
4 2 33 46
8 5 30 46
3 2 32 45
7 2 32 46
6 2 33 46
8 5 33 46
4 2 35 46
2 5 34 46
2 2 28 46
2 2 18 46
6 2 23 45
5 2 21 45
3 4 31 46
1 5 26 46
3 2 27 45
5 2 27 45
4 2 26 45
1 2 18 46
8 3 22 46
7 3 22 46
5 2 17 46
5 3 3 46
2 2 20 45
8 2 20 45
6 2 14 45
4 2 4 45
4 2 9 44
2 2 9 44
8 2 9 45
7 2 9 45
2 3 12 46
5 2 9 46
7 2 51 47
3 2 48 47
4 4 49 47
8 2 47 47
6 2 35 47
8 2 29 47
7 2 42 47
5 2 21 47
3 2 39 47
6 2 28 47
3 4 19 47
8 2 16 47
6 3 14 47
7 3 14 47
4 3 6 47
5 3 6 46
4 2 7 46
3 2 23 47
6 2 23 47
4 2 22 47
3 3 7 47
8 2 7 46
3 2 11 45
2 2 8 45
3 2 8 45
1 2 7 46
6 2 6 45
7 2 6 44
8 2 4 47
2 2 5 46
1 2 5 45
5 2 6 44
3 2 4 46
4 3 13 47
7 2 6 47
8 2 6 47
6 3 11 47
3 2 6 47
2 2 59 48
3 2 51 48
2 2 51 48
2 3 52 48
5 2 51 48
5 2 45 48
8 2 34 48
3 2 33 48
4 3 25 48
1 2 52 48
1 3 48 48
8 2 44 48
6 2 42 48
4 2 42 48
1 2 41 48
7 2 23 48
2 2 42 48
8 3 34 48
1 2 34 48
4 4 8 48
3 2 9 47
7 3 29 48
5 2 26 48
3 3 23 48
5 2 18 48
5 2 16 48
3 2 10 48
7 3 4 48
6 2 3 47
5 2 27 48
4 4 21 48
7 2 15 48
6 2 15 48
8 2 1 48
2 2 8 47
1 2 8 47
2 2 2 47
3 2 1 47
1 2 3 46
1 2 13 48
6 2 4 48
8 3 66 49
1 3 62 49
8 2 45 49
2 4 42 49
4 2 57 49
1 3 57 49
4 4 46 49
3 2 39 49
5 2 54 49
7 5 50 49
2 2 46 49
6 3 40 49
1 3 40 49
5 2 38 49
2 2 38 49
2 2 44 49
8 4 44 49
6 4 41 49
5 2 35 49
8 2 21 49
4 2 31 49
3 2 19 49
4 2 34 49
1 3 30 49
3 2 30 49
7 2 18 49
6 2 18 49
3 2 15 49
2 2 8 49
2 2 67 50
6 2 62 50
7 3 60 50
3 3 54 50
8 2 60 50
3 2 60 50
8 2 56 50
6 3 54 50
8 3 44 50
3 3 42 50
6 2 46 50
1 3 41 50
1 2 38 50
5 6 49 50
2 2 47 50
2 2 38 50
3 2 36 50
5 4 40 50
8 5 39 50
7 2 32 50
8 5 29 50
2 2 28 50
7 2 33 50
1 2 21 50
4 4 20 50
3 2 25 49
1 2 31 50
4 3 14 50
8 2 17 49
7 2 23 50
6 2 23 50
1 3 5 50
8 2 18 49
5 2 13 49
7 2 14 48
7 2 17 49
2 2 17 49
7 2 16 49
3 2 14 49
8 2 13 49
6 3 14 50
1 2 13 50
6 2 56 51
2 2 56 51
4 2 55 51
6 2 54 51
7 2 44 51
1 2 43 51
2 2 42 51
6 4 47 51
8 3 41 51
3 2 43 51
5 2 41 51
4 2 29 51
5 2 23 51
6 2 37 51
4 2 30 51
8 2 28 51
7 2 26 51
3 2 22 51
8 2 19 51
6 4 19 51
2 3 28 51
1 3 22 51
5 2 21 51
8 2 20 51
5 2 19 51
7 2 16 51
3 2 16 50
4 4 25 51
5 3 21 51
2 3 16 51
6 2 12 51
2 2 8 51
2 3 4 51
3 2 14 50
8 2 8 50
2 2 10 49
5 2 10 49
1 2 9 49
1 2 13 51
6 3 15 51
5 3 8 51
8 3 10 51
1 2 6 51
3 2 9 50
7 2 6 51
3 2 3 51
7 2 4 50
4 2 8 49
6 3 1 51
2 2 3 50
2 2 6 49
3 2 3 49
1 2 2 51
8 2 1 51
4 4 44 51
2 2 47 51
3 4 38 51
7 2 36 51
6 3 37 51
7 2 38 51
2 2 37 51
4 2 35 51
3 2 27 51
3 2 19 51
4 2 27 51
6 2 27 51
5 2 30 51
4 2 30 51
2 2 26 51
5 2 25 51
6 2 22 51
8 3 22 51
3 2 21 51
7 2 8 51
1 2 18 51
5 4 16 51
2 2 2 51
3 2 2 51
3 3 7 51
4 2 11 51
4 2 72 52
5 2 67 52
6 2 69 52
3 2 66 52
6 3 65 52
4 2 65 52
7 2 65 52
5 2 64 52
1 2 54 52
8 2 57 52
2 2 53 52
4 3 48 52
1 2 49 52
3 3 47 52
2 3 45 52
3 3 51 52
3 2 42 52
3 3 35 52
7 2 45 52
8 2 28 52
6 2 39 52
2 4 31 52
7 3 36 52
1 2 26 52
1 3 13 52
6 2 8 52
3 2 58 53
2 3 56 53
1 2 73 53
8 3 53 53
6 2 42 53
6 2 68 53
7 3 62 53
4 3 65 53
2 2 64 53
4 2 62 53
1 3 62 53
6 2 61 53
2 2 41 53
6 3 56 53
5 2 47 53
2 3 38 53
2 2 52 53
8 2 48 53
8 2 39 53
7 2 35 53
6 2 36 52
5 2 49 53
4 3 37 53
3 3 46 53
1 2 43 53
6 2 39 53
2 3 37 53
2 2 34 53
4 2 36 52
8 2 35 52
4 2 31 53
4 2 34 52
8 4 34 53
1 2 26 53
3 2 30 52
8 3 28 52
5 6 27 52
1 2 28 52
4 2 25 52
3 2 25 52
5 2 22 53
1 3 23 53
2 2 23 53
8 2 21 53
4 2 21 53
6 3 19 53
2 2 16 53
8 2 14 53
3 2 12 53
4 2 12 53
6 2 10 53
4 2 9 53
4 2 2 53
3 2 4 52
8 2 7 51
8 2 4 51
4 2 3 53
1 2 3 52
6 2 8 51
7 2 7 51
1 2 5 51
5 2 5 51
2 2 4 51
5 2 58 54
5 3 47 54
6 2 45 54
4 2 48 54
2 2 47 54
4 4 44 54
1 5 43 54
8 2 42 54
5 2 41 54
8 2 38 54
4 2 38 54
7 2 26 54
6 2 23 54
7 3 20 54
8 2 31 54
7 2 28 54
8 2 28 54
6 2 33 54
7 2 33 54
6 2 19 54
5 6 17 54
7 2 10 54
3 2 15 54
7 2 4 54
2 3 16 54
7 2 16 54
2 2 17 54
8 2 9 54
6 2 71 55
4 3 70 55
4 2 66 55
3 2 65 55
7 2 65 55
6 2 63 55
2 4 61 55
8 13 61 55
5 2 60 55
8 2 58 55
3 2 57 55
2 2 39 55
3 2 36 55
6 2 52 55
5 3 51 55
5 2 33 55
5 2 28 55
1 2 24 55
2 4 13 55
6 2 13 54
8 2 70 56
4 2 69 56
2 4 71 56
1 2 69 56
1 3 67 56
3 2 62 56
2 2 70 56
8 2 69 56
1 3 60 56
3 2 58 56
4 2 58 56
6 3 60 56
3 2 60 56
5 3 58 56
3 4 57 56
7 2 53 56
1 2 51 56
7 3 49 56
4 3 49 56
6 2 48 56
2 2 46 56
1 2 45 55
8 3 40 56
8 2 43 55
7 2 40 56
3 2 40 56
7 2 35 56
7 2 32 56
2 2 33 55
5 5 34 56
1 3 25 56
4 2 30 55
8 2 30 55
6 3 30 55
5 2 26 55
5 2 22 56
3 2 23 55
4 2 24 56
6 3 22 56
3 2 20 56
1 2 23 55
6 2 14 56
1 2 17 55
3 2 17 55
2 3 18 56
8 2 18 56
7 3 17 55
1 2 13 56
8 6 10 56
8 2 12 56
5 2 12 55
3 2 8 56
4 2 9 55
1 2 56 57
3 4 55 57
6 2 53 57
5 2 53 57
6 2 47 57
4 2 48 57
5 2 41 57
2 2 39 57
2 2 35 57
5 2 38 57
7 2 34 57
3 3 36 57
1 2 32 57
6 5 32 57
4 3 32 57
3 2 31 57
4 2 28 57
4 2 26 57
7 3 28 57
2 2 28 57
2 2 21 57
3 2 20 57
5 2 23 57
8 2 21 57
6 2 21 57
4 4 19 57
5 3 17 57
6 2 16 57
2 3 15 57
4 4 8 57
4 3 2 57
6 2 3 56
1 2 2 56
2 2 6 55
1 2 7 54
3 3 7 54
5 2 3 55
2 2 5 54
4 2 4 54
6 2 6 57
8 2 1 57
2 2 1 56
8 2 3 55
6 2 3 54
4 2 1 55
5 2 64 58
3 2 63 58
7 2 61 58
5 2 60 58
3 4 42 58
3 2 55 58
1 2 48 58
6 2 48 58
4 2 53 58
4 3 46 58
4 2 37 58
3 2 37 58
1 3 36 58
8 2 46 58
1 5 45 58
7 2 42 58
6 2 19 58
7 2 8 58
1 2 7 58
1 2 29 58
1 2 26 58
3 2 25 58
2 2 24 58
8 2 22 58
1 3 17 58
5 2 27 58
2 3 2 58
5 4 65 59
3 3 64 59
3 3 53 59
6 5 48 59
8 4 51 59
2 2 57 59
4 2 56 59
1 2 51 59
4 2 49 59
1 2 48 59
5 4 47 59
2 2 46 59
8 2 44 59
3 2 45 59
6 2 37 59
2 3 33 59
1 2 30 59
6 2 30 58
3 2 29 58
2 3 29 59
8 2 27 59
7 4 28 58
4 2 33 59
2 2 25 59
6 4 27 58
7 2 29 59
5 2 24 59
3 2 26 58
4 2 26 58
1 2 26 59
8 2 24 59
1 2 9 59
7 3 14 59
3 2 20 59
8 2 17 59
4 2 18 58
2 2 18 59
1 3 11 59
3 2 15 58
8 2 15 58
6 2 11 58
2 2 11 59
2 3 7 59
4 3 7 58
8 2 7 58
6 2 6 58
7 3 7 58
5 5 5 58
1 3 3 59
5 2 55 60
3 2 48 60
6 2 48 60
5 2 56 60
1 3 54 60
2 2 46 60
5 2 46 60
7 3 44 60
4 6 43 60
8 2 42 60
6 2 44 60
4 2 43 60
3 2 43 60
7 2 34 60
6 2 27 60
6 5 25 60
2 2 19 60
4 2 17 60
5 2 10 60
8 3 8 60
2 3 30 60
8 2 31 60
3 3 29 60
4 2 27 60
7 2 6 60
6 2 3 60
5 3 2 60
8 2 2 60
3 2 2 60
1 2 17 60
3 3 65 61
2 4 60 61
2 2 56 61
3 2 53 61
3 2 45 61
6 2 52 61
1 3 39 61
4 2 31 61
3 2 27 61
4 3 26 61
7 3 46 61
4 3 46 61
6 2 42 61
1 2 40 61
8 2 28 61
1 3 25 61
3 2 20 61
6 2 25 61
1 3 14 61
6 2 15 60
8 3 34 61
8 2 27 61
4 2 27 61
3 2 21 61
7 3 11 61
7 2 18 60
5 2 13 60
2 2 12 60
4 2 22 61
7 2 21 61
3 2 21 61
8 2 12 61
6 3 22 61
3 2 9 61
1 3 16 61
4 5 12 61
2 2 12 61
3 3 11 60
2 2 7 61
5 2 8 60
4 3 8 61
1 2 6 61
8 3 58 62
4 3 58 62
1 2 57 62
8 2 54 62
2 2 52 62
1 3 49 62
7 2 49 62
4 2 47 62
4 2 44 62
7 2 44 62
6 2 39 62
4 2 37 62
2 2 33 62
6 2 32 62
1 2 28 62
3 6 38 62
2 2 38 62
1 2 21 62
7 2 23 62
4 2 23 62
5 5 14 62
2 4 10 62
5 4 10 62
5 4 18 62
6 2 22 62
3 2 21 62
2 3 21 62
8 3 7 62
7 2 7 61
8 2 8 60
4 2 3 62
6 3 2 61
3 2 4 61
2 2 2 61
4 2 2 61
5 4 3 62
7 2 1 62
3 2 2 61
3 5 5 62
1 4 3 62
2 2 63 63
3 3 61 63
2 2 60 63
4 2 52 63
2 2 51 63
7 2 50 63
4 2 46 63
6 2 40 63
5 3 37 63
7 4 52 63
5 2 45 63
2 2 42 63
8 2 40 63
2 2 33 63
5 2 39 63
3 3 39 63
2 2 38 63
3 2 30 63
4 2 27 63
5 2 26 63
3 2 26 63
8 2 33 63
7 3 21 63
8 2 23 63
6 2 21 63
7 3 14 63
5 2 20 63
6 6 8 63
6 6 4 63
6 2 20 63
4 2 18 63
1 2 12 63
8 2 11 63
1 2 8 63
1 2 1 63
8 2 3 62
1 2 14 63
5 2 14 63
6 2 7 63
8 2 58 64
6 2 43 64
3 2 56 64
6 2 47 64
5 2 45 64
4 3 41 64
3 2 34 64
4 4 29 64
2 2 47 64
3 4 31 64
8 3 29 64
7 2 27 64
7 3 16 64
3 3 23 64
3 2 17 64
6 2 17 64
1 2 16 64
2 2 30 64
2 2 14 64
6 2 32 64
6 2 21 64
4 2 16 64
8 2 10 64
5 2 9 64
2 2 7 64
3 2 4 64
6 3 9 63
4 2 21 64
1 2 20 64
3 2 20 64
5 2 14 64
1 2 6 64
1 2 68 65
8 3 63 65
4 4 57 65
8 2 55 65
2 2 38 65
2 2 58 65
2 2 43 65
2 2 35 65
5 2 34 65
8 3 33 65
4 2 54 65
4 2 38 65
6 2 31 65
7 3 29 65
8 2 36 65
1 3 31 65
6 2 44 65
3 2 42 65
7 2 42 65
8 2 41 65
4 2 40 65
8 2 31 65
8 2 25 65
1 4 21 65
1 2 35 65
6 2 31 65
5 4 23 65
5 4 30 65
6 2 35 65
3 2 32 65
2 2 29 65
4 3 28 65
2 3 27 65
2 3 17 65
7 2 24 65
7 2 14 65
8 2 17 64
6 2 13 64
4 2 13 64
3 3 12 64
5 3 11 64
8 2 18 65
5 2 44 66
4 2 48 66
2 2 47 66
4 2 39 66
5 2 26 66
7 5 31 66
5 2 45 66
7 4 42 66
3 2 39 66
8 2 38 66
5 2 33 66
2 2 31 66
7 2 34 66
1 3 27 66
3 2 23 66
4 2 35 66
6 2 31 66
1 2 14 66
1 2 28 66
7 2 20 66
1 2 10 66
4 2 23 66
8 2 23 66
5 3 21 66
4 3 8 66
1 2 19 65
3 2 8 65
8 2 6 65
4 2 7 64
7 2 8 63
7 2 6 64
2 2 14 65
3 2 16 66
1 3 15 66
8 2 14 66
5 3 7 66
4 3 5 66
2 2 3 66
6 2 5 66
8 2 65 67
3 2 65 67
5 2 64 67
6 3 60 67
2 2 64 67
8 2 61 67
5 2 54 67
1 2 60 67
1 6 55 67
8 3 53 67
3 2 52 67
2 2 42 67
2 2 31 67
8 2 29 67
7 2 48 67
1 2 40 67
7 2 31 67
7 2 27 67
4 2 24 67
6 2 40 67
4 2 40 67
7 3 38 67
6 2 37 67
2 2 36 67
7 3 23 67
6 2 26 67
1 2 25 67
2 2 20 67
7 2 14 67
6 3 31 67
7 2 31 67
2 3 25 67
2 3 11 67
4 2 7 67
8 2 5 67
8 2 21 67
7 2 1 67
3 2 4 66
3 2 19 67
5 2 17 67
1 3 16 67
4 2 16 67
2 2 6 67
8 2 5 67
6 2 55 68
1 4 55 68
8 4 58 68
6 2 52 68
8 2 52 68
3 2 40 68
5 2 34 68
7 3 51 68
4 2 35 68
3 3 35 68
8 4 47 68
3 3 42 68
5 2 38 68
8 2 35 68
6 2 34 68
2 2 28 68
4 2 27 68
2 3 25 68
1 2 36 68
2 3 30 68
5 2 24 68
7 2 30 68
1 3 30 68
4 2 32 68
2 3 32 68
6 2 30 68
5 2 29 68
1 4 23 68
6 2 22 68
2 2 19 68
2 2 11 68
7 2 6 68
8 2 11 67
6 2 14 68
4 2 1 68
8 2 8 67
5 9 10 68
2 2 57 69
6 2 57 69
7 3 44 69
4 4 53 69
2 4 36 69
7 2 43 69
5 2 39 69
4 3 35 69
3 2 45 69
7 8 44 69
2 2 34 69
8 2 32 69
5 2 42 69
7 2 33 69
5 2 30 69
1 2 29 69
6 3 29 69
5 4 31 69
4 2 32 69
8 2 32 69
6 2 31 69
2 2 31 69
3 2 24 69
6 2 23 69
8 2 22 69
7 2 17 69
7 2 18 69
8 2 13 69
3 2 9 69
7 3 21 69
2 2 15 69
1 2 10 69
4 2 13 68
3 2 11 68
1 3 12 69
5 2 11 69
1 2 56 70
5 3 51 70
7 2 52 70
1 2 40 70
4 2 37 70
6 2 47 70
6 2 34 70
8 3 29 70
8 2 53 70
6 2 25 70
2 2 25 70
6 4 39 70
8 2 35 70
6 2 34 70
3 2 28 70
1 2 28 70
7 2 32 70
3 4 23 70
3 3 39 70
1 2 13 70
4 2 14 69
5 2 23 70
2 3 10 70
6 2 13 69
6 2 11 70
8 2 11 69
2 2 11 68
7 2 31 70
1 2 16 70
8 2 15 70
7 2 12 70
8 3 8 70
7 2 12 70
4 2 8 70
5 3 3 70
7 2 6 69
6 2 9 68
2 2 10 70
2 2 4 70
8 2 8 69
3 2 4 69
8 2 12 70
4 2 9 70
5 2 7 70
2 2 6 69
2 3 7 70
1 4 7 70
4 2 6 70
3 2 54 71
7 2 40 71
3 3 47 71
4 2 50 71
7 2 50 71
5 2 42 71
7 2 32 71
1 4 46 71
2 2 32 71
2 2 28 71
1 2 37 71
4 2 27 71
5 2 25 71
3 2 17 71
8 4 21 71
3 3 36 71
6 3 35 71
3 2 27 71
5 2 27 71
2 2 21 71
8 2 29 71
5 3 15 71
2 2 25 71
2 3 13 71
3 2 12 71
4 2 20 71
3 2 20 71
1 3 18 71
3 2 7 71
2 2 10 71
7 2 2 71
7 2 3 70
1 2 4 69
3 2 12 71
4 2 11 71
6 2 3 71
5 2 61 72
4 2 61 72
4 2 55 72
6 3 55 72
8 4 56 72
7 3 53 72
5 3 51 72
7 4 48 72
6 3 42 72
6 2 43 72
8 2 39 72
5 2 34 72
2 2 39 72
7 2 30 72
6 2 43 72
1 2 41 72
4 2 41 72
8 2 39 72
7 2 32 72
4 2 27 72
4 3 23 72
2 2 24 72
5 5 22 72
6 2 22 72
5 2 21 72
1 2 19 72
6 3 18 72
7 4 15 72
7 2 20 72
4 3 16 72
7 2 9 72
2 2 9 71
3 2 15 72
5 2 9 72
8 2 8 71
3 3 8 72
5 3 7 72
4 3 7 72
6 5 7 71
8 3 2 72
7 2 56 73
4 2 51 73
3 2 50 73
2 3 49 73
6 2 51 73
7 3 44 73
4 2 41 73
3 4 46 73
5 2 32 73
5 2 36 73
2 2 33 73
4 2 32 73
2 2 30 73
3 2 26 73
3 2 33 73
8 2 25 73
4 2 19 73
1 5 16 73
1 4 22 73
4 2 21 73
3 2 16 73
1 2 16 73
1 2 25 73
7 2 15 73
2 2 15 73
6 4 64 74
2 3 64 74
4 2 52 74
8 2 49 74
5 4 60 74
1 2 59 74
5 4 49 74
8 2 64 74
3 3 62 74
8 2 61 74
5 2 51 74
2 3 36 74
6 4 61 74
3 2 53 74
6 2 45 74
6 2 43 74
7 3 43 74
5 2 36 74
1 2 35 74
8 2 35 74
3 2 51 74
6 2 45 74
1 2 43 74
4 3 40 74
1 2 34 74
5 3 40 74
7 2 43 74
2 6 42 74
5 2 42 74
4 2 40 74
6 3 38 74
7 3 24 74
8 5 29 74
4 5 29 74
6 2 15 74
2 3 21 74
2 2 24 74
8 3 23 74
4 2 11 74
2 3 12 73
6 2 20 74
3 2 12 74
8 2 14 73
3 2 14 74
6 2 16 73
2 3 15 73
3 2 15 74
3 3 9 74
7 2 10 73
7 2 11 74
5 2 7 74
7 2 7 73
1 2 2 74
5 2 6 73
3 2 54 75
1 2 53 75
3 3 52 75
4 2 50 75
7 3 48 75
3 2 45 75
4 3 42 75
6 2 42 75
8 2 42 75
1 3 40 75
3 3 36 75
2 2 30 75
8 2 27 75
3 2 32 75
7 3 26 75
4 3 23 75
5 2 26 75
5 3 22 75
8 2 22 75
1 3 22 75
4 2 17 75
5 2 17 75
1 2 16 75
8 4 15 75
1 5 13 75
2 3 11 75
2 2 8 75
1 2 8 75
4 2 60 76
1 2 51 76
5 5 55 76
4 2 49 76
6 8 43 76
7 3 47 76
1 2 46 76
2 2 40 76
8 3 40 76
2 2 43 76
1 2 41 76
7 2 41 76
8 2 42 76
1 3 26 76
4 4 39 76
6 3 30 76
5 6 36 76
3 3 25 76
3 2 37 76
2 3 31 76
1 2 33 76
5 2 30 76
2 5 24 76
8 2 30 76
3 2 30 76
8 3 24 76
4 2 20 76
6 3 13 76
7 2 23 76
4 3 11 76
5 2 18 76
4 2 18 76
6 2 14 76
4 3 7 76
7 5 5 76
6 2 6 75
1 3 5 75
3 2 4 75
2 3 5 76
8 2 3 76
3 2 49 77
6 4 49 77
2 3 46 77
1 2 44 77
2 2 42 77
6 2 40 77
8 2 40 77
5 6 39 77
7 2 38 77
6 2 36 77
5 2 35 77
5 2 29 77
4 3 28 77
2 2 32 77
3 5 30 77
8 2 26 77
7 2 23 77
8 2 21 77
1 3 20 77
6 2 16 77
6 2 12 77
8 2 12 77
7 5 9 77
7 2 74 78
1 2 72 78
3 3 70 78
4 2 69 78
5 2 60 78
5 2 65 78
6 3 62 78
7 3 44 78
7 5 60 78
2 2 48 78
2 2 43 78
6 2 38 78
4 4 55 78
3 3 46 78
1 2 49 78
4 2 46 78
8 2 49 78
5 2 40 78
3 2 35 78
1 2 31 78
4 2 27 78
1 2 39 78
6 2 31 78
5 3 21 78
1 2 32 78
7 2 32 78
5 3 18 78
5 2 36 78
7 2 17 78
6 4 8 78
4 2 14 77
5 2 10 77
2 2 8 77
2 6 27 78
3 2 12 78
5 4 20 78
7 3 23 78
5 2 23 78
1 3 21 78
2 4 16 78
6 2 11 78
3 2 44 79
8 2 45 79
7 2 42 79
4 3 39 79
4 6 43 79
1 2 43 79
6 2 37 79
6 5 40 79
1 4 33 79
4 5 35 79
5 2 31 79
6 2 28 79
7 2 27 79
6 3 25 79
8 3 23 79
6 2 22 79
6 2 15 79
7 2 15 79
8 2 17 78
4 3 17 78
2 2 24 79
3 3 22 79
5 2 21 79
6 2 18 79
2 2 16 79
4 2 10 79
7 2 12 78
8 2 17 79
6 3 3 79
8 2 14 78
7 2 14 78
1 2 14 79
8 3 65 80
6 2 64 80
7 2 58 80
5 2 56 80
1 3 52 80
4 3 56 80
1 3 42 80
3 2 46 80
6 2 46 80
8 2 42 80
3 2 47 80
7 4 43 80
5 2 47 80
4 3 39 80
5 2 41 80
7 2 37 80
3 2 35 80
8 3 37 80
4 3 31 80
1 2 34 80
5 2 26 80
8 3 37 80
3 3 31 80
3 3 34 80
2 2 27 80
5 2 22 80
4 3 19 80
4 2 31 80
7 4 19 80
4 3 14 80
6 2 12 79
6 3 24 80
4 2 20 80
1 4 20 80
6 3 10 80
2 3 13 80
8 4 7 80
3 5 6 79
5 3 6 80
1 2 6 79
6 2 6 78
2 2 5 80
7 3 4 80
8 2 7 79
6 2 5 80
1 2 7 79
3 2 5 80
1 2 33 81
5 2 38 81
3 4 36 81
2 3 36 81
6 2 20 81
7 2 20 81
2 6 29 81
3 2 27 81
2 2 14 81
3 2 22 81
1 3 17 81
1 3 13 81
2 3 20 81
4 2 20 81
6 2 19 81
5 2 8 81
8 2 16 81
7 2 16 81
3 4 16 81
6 2 13 81
5 2 13 81
7 5 6 81
6 2 10 81
4 2 5 81
1 2 3 81
6 2 73 82
7 3 68 82
7 5 58 82
4 2 61 82
5 2 47 82
6 2 46 82
5 3 54 82
3 2 46 82
4 4 42 82
2 2 49 82
8 3 48 82
1 2 44 82
3 4 41 82
4 2 38 82
1 2 29 82
1 2 32 82
4 2 24 82
2 7 44 82
1 2 39 82
5 2 38 82
1 2 27 82
5 3 24 82
7 2 37 82
6 3 36 82
2 2 19 82
1 2 13 82
8 2 32 82
3 2 22 82
2 2 22 82
6 2 23 82
4 2 17 82
7 2 15 82
2 3 9 82
7 2 8 82
6 3 6 82
8 3 5 81
8 3 23 82
4 3 18 82
6 2 16 82
5 3 8 82
7 5 17 82
5 2 12 82
1 5 10 82
6 3 42 83
8 2 38 83
1 3 43 83
4 3 40 83
8 2 41 83
3 2 38 83
3 5 28 83
7 2 35 83
1 4 30 83
6 2 33 83
7 3 24 83
6 2 22 83
3 2 20 83
2 2 24 83
1 2 19 83
1 2 16 83
6 2 15 83
8 3 14 83
8 2 15 82
3 2 21 83
2 2 20 83
5 3 15 83
5 2 15 83
2 2 15 82
7 2 11 83
6 3 11 83
6 3 55 84
7 2 42 84
4 3 62 84
2 3 46 84
3 2 56 84
5 2 55 84
7 2 54 84
4 2 54 84
8 5 54 84
1 2 36 84
7 3 52 84
5 3 39 84
5 2 40 84
6 2 40 84
2 3 45 84
1 2 28 84
3 3 43 84
1 2 42 84
5 2 42 84
2 2 34 84
8 2 34 84
6 2 26 84
4 2 32 84
8 3 25 84
2 2 28 84
5 2 28 84
1 2 25 84
6 2 26 84
8 2 23 84
5 3 24 84
4 2 24 84
7 2 20 84
6 2 19 84
4 2 17 84
3 6 16 84
4 2 9 84
1 2 10 83
8 3 7 84
7 2 9 83
5 2 9 83
2 3 9 84
3 2 3 84
5 3 59 85
4 2 58 85
1 2 57 85
7 2 49 85
2 2 52 85
8 2 52 85
7 2 46 85
8 5 34 85
2 2 30 85
4 2 43 85
4 2 33 85
7 2 26 85
2 2 24 85
3 2 22 85
7 4 21 85
3 4 20 85
4 2 19 85
8 3 18 85
1 2 29 85
8 2 12 85
5 3 6 85
6 2 3 85
1 2 3 84
5 2 3 84
6 2 2 84
7 2 22 85
1 2 12 85
4 3 10 85
7 2 10 85
8 2 12 85
2 2 10 85
8 2 65 86
3 5 64 86
2 3 59 86
4 2 58 86
3 5 54 86
2 2 47 86
3 3 56 86
8 3 56 86
7 2 43 86
7 3 54 86
8 2 49 86
7 3 47 86
6 2 50 86
2 4 45 86
2 2 38 86
2 2 46 86
6 2 42 86
8 2 42 86
3 2 42 86
4 2 42 86
5 2 37 86
1 2 34 86
4 2 39 86
1 3 37 86
5 2 32 86
3 2 34 86
7 2 31 86
4 3 24 86
1 2 29 86
2 2 26 86
5 2 11 86
1 2 6 86
8 2 6 85
2 2 18 86
6 2 18 86
2 2 21 86
1 2 18 86
8 2 18 86
4 3 17 86
3 2 20 86
8 2 19 86
7 2 18 86
6 2 15 86
7 3 6 86
4 2 11 85
2 2 7 86
6 2 7 86
1 2 9 85
8 2 9 86
8 2 6 86
3 3 5 86
6 2 5 85
4 2 41 87
6 3 36 87
2 8 34 87
5 2 47 87
8 5 42 87
5 2 35 87
2 2 26 87
6 2 43 87
4 2 37 87
4 2 32 87
5 3 31 87
3 3 28 87
5 5 21 87
8 2 31 87
6 2 17 87
7 3 16 87
7 2 11 87
6 2 10 87
6 2 4 87
2 2 16 87
1 2 15 87
6 2 15 87
3 3 19 87
1 2 4 87
1 2 2 87
7 2 67 88
6 2 64 88
7 5 61 88
8 2 62 88
2 3 61 88
5 2 60 88
3 2 48 88
4 2 51 88
5 3 51 88
4 2 53 88
6 2 49 88
3 2 49 88
1 3 50 88
2 2 48 88
2 2 45 88
8 2 41 88
5 3 40 88
5 2 35 88
7 2 33 88
7 2 39 88
1 3 38 88
8 2 33 88
1 2 27 88
1 2 23 88
4 2 31 88
8 3 17 88
5 2 16 87
3 3 28 88
2 3 26 88
7 2 17 88
8 2 6 88
4 2 18 88
3 2 16 88
2 2 16 87
8 2 22 88
3 2 17 88
8 2 10 88
3 2 12 87
2 2 18 88
7 4 58 89
4 2 55 89
6 2 53 89
2 2 45 89
4 2 45 89
3 2 42 89
4 2 39 89
3 3 37 89
8 2 47 89
7 2 44 89
4 3 44 89
1 2 44 89
7 3 36 89
6 2 41 89
7 2 41 89
6 3 33 89
8 2 26 89
4 2 24 89
3 2 23 89
2 2 27 89
6 3 24 89
3 5 32 89
5 2 24 89
7 2 23 89
6 2 8 89
7 2 11 88
4 2 11 88
6 2 21 89
4 2 15 89
5 3 4 89
3 2 8 88
6 2 12 87
2 2 12 87
2 2 8 89
4 2 17 89
4 2 6 89
2 2 67 90
2 2 64 90
5 2 53 90
3 2 49 90
8 2 45 90
5 2 37 90
8 2 56 90
2 2 55 90
4 5 51 90
7 2 53 90
3 2 51 90
8 3 52 90
8 2 35 90
4 6 28 90
7 2 22 90
6 2 21 90
7 3 42 90
1 2 43 90
8 2 42 90
1 2 32 90
5 2 29 90
2 3 20 90
7 2 34 90
2 2 21 90
1 3 20 90
5 2 19 89
5 3 32 90
6 2 32 90
7 2 19 90
6 3 26 90
3 2 28 90
5 2 23 90
8 2 20 90
1 2 17 90
2 2 8 90
4 2 18 89
5 2 13 89
3 2 10 89
1 2 12 88
7 2 10 88
8 2 10 88
8 2 13 89
3 2 11 89
2 2 10 89
1 2 8 89
7 3 13 90
3 3 12 90
2 2 12 90
4 2 12 90
6 2 10 90
5 2 7 90
8 3 2 90
1 2 56 91
2 6 51 91
7 2 46 91
7 3 42 91
1 2 34 91
4 2 34 91
8 3 39 91
3 2 32 91
7 4 28 91
1 3 38 91
4 2 37 91
5 3 37 91
6 2 33 91
7 2 24 91
2 4 32 91
7 2 31 91
6 2 23 91
1 2 23 91
3 3 24 91
1 2 26 91
4 3 22 91
6 3 22 91
1 3 19 91
8 2 8 91
6 3 5 91
2 5 3 91
8 2 4 90
2 2 14 91
7 2 14 91
3 3 13 91
1 2 9 91
2 2 8 91
3 2 7 91
8 4 61 92
3 3 58 92
1 2 56 92
2 2 53 92
7 2 51 92
6 2 52 92
2 2 49 92
1 2 48 92
4 2 37 92
6 2 37 92
3 2 34 92
7 2 44 92
5 4 36 92
5 3 42 92
6 3 41 92
7 2 40 92
3 2 13 92
4 2 29 92
4 2 23 92
6 3 14 92
2 2 33 92
8 2 30 92
3 2 19 92
3 2 15 92
1 2 14 92
1 2 20 92
8 3 11 92
3 2 21 92
5 2 16 92
5 2 5 92
6 2 7 91
8 2 6 91
4 2 3 92
2 4 64 93
2 3 61 93
8 5 58 93
3 4 41 93
3 4 54 93
4 3 51 93
7 2 50 93
2 2 45 93
2 3 39 93
4 2 39 93
5 3 35 93
6 2 46 93
2 2 45 93
6 4 40 93
1 2 46 93
5 2 46 93
8 2 45 93
8 2 42 93
7 4 34 93
1 3 40 93
8 2 31 93
5 2 27 93
5 2 22 93
5 3 20 93
6 2 18 92
4 2 31 93
4 3 29 93
2 2 21 93
8 2 21 93
8 2 15 93
6 2 71 94
7 3 68 94
8 3 64 94
6 2 63 94
8 3 58 94
5 2 54 94
1 2 57 94
3 2 56 94
8 3 55 94
1 2 56 94
7 5 39 94
7 2 49 94
6 2 46 94
5 7 45 94
4 2 43 94
6 3 36 94
1 2 41 94
2 2 39 94
5 2 38 94
3 2 32 94
2 5 33 94
8 2 29 94
3 2 33 94
1 2 28 94
1 3 26 94
8 3 30 94
7 3 28 94
2 2 25 94
6 7 26 94
6 2 20 94
1 2 22 93
2 3 27 94
2 2 25 94
5 2 25 93
4 3 19 94
3 5 14 94
6 2 15 93
4 2 12 94
3 2 20 93
4 2 19 93
1 2 16 93
8 2 12 93
4 2 12 93
2 2 15 93
5 2 15 93
7 2 15 94
7 3 12 94
3 4 10 94
5 2 10 93
1 2 6 94
6 2 5 94
6 3 1 94
7 2 5 93
2 2 10 92
6 2 8 92
1 2 47 95
6 4 38 95
4 2 39 95
8 2 38 95
6 2 31 95
1 2 38 95
4 3 34 95
1 4 27 95
5 3 22 95
6 2 17 95
4 3 16 95
8 2 10 95
1 2 10 95
8 2 7 95
5 2 5 95
1 2 64 96
6 2 64 96
6 2 67 96
8 5 66 96
5 2 61 96
3 2 61 96
3 5 57 96
7 2 60 96
1 2 45 96
8 2 41 96
7 2 40 96
5 3 33 96
8 2 35 96
6 3 33 96
4 2 45 96
7 3 45 96
5 2 33 96
4 3 30 96
5 2 41 96
6 2 39 96
4 3 38 96
4 2 42 96
5 2 33 96
6 2 27 96
5 4 22 96
8 2 25 95
6 2 24 95
4 2 23 95
8 2 32 96
3 2 23 96
8 2 22 95
8 2 10 96
7 3 23 96
1 2 26 96
1 2 24 96
4 2 15 96
8 2 17 95
2 2 17 95
3 2 19 96
7 3 7 96
5 2 14 95
2 3 18 96
1 2 14 96
5 2 17 95
7 2 5 96
6 2 13 95
3 2 13 95
4 2 11 96
5 3 10 96
7 4 9 96
7 3 10 95
3 2 4 96
1 2 5 95
4 2 6 94
5 3 1 96
6 2 4 95
2 4 47 97
3 3 29 97
2 3 28 97
1 3 34 97
4 2 48 97
6 2 47 97
6 3 42 97
7 2 42 97
3 2 41 97
4 2 41 97
4 3 31 97
7 2 33 97
6 2 33 97
1 2 24 97
8 2 23 97
2 2 22 97
3 2 28 97
2 2 18 97
7 2 18 97
2 2 27 97
7 2 24 97
5 2 20 97
3 2 18 97
5 3 4 97
4 2 21 97
1 3 18 97
8 2 18 97
3 2 12 97
4 2 8 97
2 3 63 98
8 2 59 98
2 2 51 98
7 2 50 98
5 3 42 98
1 3 38 98
1 2 34 98
2 2 30 98
8 2 24 98
5 2 7 98
