7312
207
4 2 10 30
6 4 14 30
1 2 14 30
2 3 4 29
8 2 13 30
5 2 17 29
8 3 19 30
1 2 19 29
2 2 18 29
7 4 2 28
7 2 9 29
4 2 9 29
7 2 14 30
3 2 10 29
7 2 10 30
1 2 13 29
6 26 3 28
5 2 3 29
6 2 8 30
8 2 9 30
8 2 2 29
7 2 3 28
5 2 6 28
2 3 5 28
6 6 6 28
8 3 6 28
5 3 8 27
5 2 9 28
7 2 9 28
2 3 8 27
1 2 9 27
1 2 12 27
3 5 5 26
1 2 5 27
7 2 5 26
3 3 6 27
4 3 6 27
6 3 6 28
2 2 7 27
2 2 4 26
8 2 3 26
4 3 3 27
3 2 3 28
4 2 4 28
8 2 2 27
8 3 5 25
8 2 6 25
1 2 5 25
5 2 6 25
6 2 5 25
6 2 8 25
7 11 1 24
7 2 5 25
2 5 3 24
5 2 5 25
1 4 9 24
4 2 4 23
6 2 9 24
3 2 3 22
8 2 7 23
2 3 7 23
5 3 9 24
7 4 7 23
1 2 15 23
4 5 9 22
5 3 13 22
8 2 6 21
7 2 9 22
6 2 11 22
2 3 11 23
8 2 10 22
1 2 5 21
3 3 15 21
2 3 9 20
7 2 10 21
3 2 10 21
4 3 7 19
7 2 11 20
7 2 18 20
3 2 7 19
1 3 7 20
6 2 9 21
5 3 9 22
6 2 6 19
8 2 8 20
2 2 8 20
5 2 9 21
1 4 10 19
5 2 13 19
8 2 6 18
4 3 12 19
3 3 5 18
7 2 7 18
8 2 12 18
2 2 17 18
2 4 8 17
8 2 8 18
7 2 8 18
3 2 9 19
4 3 9 20
1 2 8 19
8 2 10 18
4 2 12 18
1 2 9 17
7 2 9 17
4 2 9 17
6 2 11 17
3 3 11 18
6 3 8 16
2 2 8 17
1 3 20 16
6 3 20 16
4 2 16 15
6 2 11 14
4 2 11 14
6 3 13 15
6 2 14 16
3 2 17 16
8 2 12 15
8 2 14 15
7 2 10 14
1 2 16 15
2 2 16 15
8 2 15 15
7 2 12 14
5 2 15 13
8 2 14 13
5 2 18 14
4 3 4 12
7 2 14 13
5 2 9 12
6 2 17 13
8 2 16 13
7 2 18 14
3 2 12 12
4 2 11 12
1 2 18 12
8 2 4 11
5 2 12 12
6 2 17 13
7 2 3 11
6 3 3 12
1 4 3 13
1 2 8 14
2 2 10 14
3 3 2 12
8 2 5 13
5 2 9 13
6 2 10 14
1 2 12 15
3 2 13 15
2 2 10 14
4 2 10 14
8 2 8 13
5 2 7 13
6 2 4 12
2 2 2 11
7 3 3 12
3 4 4 12
1 2 3 12
2 2 9 11
8 3 8 11
7 2 1 10
5 74 1 11
2 2 1 11
4 2 5 11
1 3 5 10
3 2 14 10
2 2 13 10
6 2 13 10
3 3 1 9
8 2 4 10
3 3 5 11
4 2 5 11
2 10 3 9
7 3 14 9
1 26 4 8
3 2 4 8
7 3 7 9
5 2 13 9
8 3 14 9
6 3 4 8
1 2 11 9
3 2 11 9
7 2 10 9
3 2 4 7
8 2 9 8
1 4 4 7
6 3 9 8
6 2 6 6
7 2 8 4
7 10 2 3
4 2 5 4
8 3 5 5
4 2 8 6
3 2 5 5
8 2 5 5
3 2 5 5
3 2 4 3
4 2 3 3
5 2 3 3
6 2 4 4
8 2 6 4
1 2 3 3
7 2 3 4
8 3 9 2
2 2 7 1
