117330
2321
1 2 200 50
1 5 200 48
7 4 200 45
6 4 200 41
4 7 200 33
2 3 200 29
1 2 200 26
5 2 200 24
8 6 200 22
5 2 200 18
7 3 200 16
4 2 200 12
3 4 200 10
2 3 200 7
1 11 200 5
6 6 200 4
3 2 200 1
6 4 199 45
5 5 199 40
4 2 199 36
6 2 199 34
5 2 199 31
2 2 199 30
3 2 199 29
1 2 199 20
7 9 199 19
1 2 199 3
6 2 198 37
7 2 198 27
1 2 198 24
5 7 198 22
5 3 198 16
6 2 198 15
5 4 198 11
2 16 198 9
1 2 198 1
8 6 197 47
7 2 197 44
6 3 197 42
7 5 197 39
3 2 197 37
5 5 197 37
8 2 197 31
4 3 197 28
6 2 197 26
8 4 197 24
8 4 197 18
7 2 197 15
4 2 197 9
2 13 197 3
7 2 196 47
3 2 196 48
4 13 196 44
6 2 196 40
3 3 196 30
2 4 196 28
1 2 196 21
8 12 196 6
3 2 196 2
2 3 195 48
5 4 195 28
8 5 195 27
6 2 195 26
2 2 195 23
2 2 195 21
7 2 195 14
3 11 194 49
6 6 194 47
1 4 194 46
1 3 194 43
6 3 194 35
1 2 195 35
3 3 195 34
4 2 194 36
2 2 194 30
4 6 194 31
8 4 194 31
1 2 194 24
7 5 194 20
6 2 194 13
5 2 194 14
5 2 194 2
4 4 193 34
8 3 193 34
3 5 193 26
4 2 193 23
8 4 193 17
6 2 194 17
5 2 193 17
7 2 193 17
8 2 193 15
1 3 193 15
7 2 193 13
4 3 193 12
1 2 195 10
8 2 193 12
6 2 194 12
4 2 194 11
3 2 194 10
3 2 193 12
4 4 192 50
3 3 192 45
2 36 192 37
7 4 192 24
3 2 192 23
6 17 192 16
7 3 191 30
6 2 191 28
5 3 191 26
5 2 191 22
8 2 191 11
1 2 192 12
7 12 191 12
5 4 191 1
8 2 190 42
8 2 195 42
8 2 192 43
5 2 192 42
7 2 191 43
1 2 190 37
8 3 190 35
4 2 190 23
7 7 190 19
2 4 190 18
8 3 190 12
6 2 190 7
3 2 190 2
4 3 190 3
1 2 190 1
4 3 189 46
3 2 189 46
6 4 189 45
1 3 189 43
2 2 189 41
8 4 189 40
7 2 189 38
2 2 190 39
5 2 189 29
8 3 189 27
4 4 189 25
7 2 189 25
3 2 189 21
2 2 189 22
5 2 189 14
8 6 189 1
5 2 188 50
6 2 188 47
1 2 188 36
8 3 188 31
7 6 188 28
5 2 188 30
5 2 188 26
5 3 188 22
2 24 188 14
1 2 188 5
4 58 187 41
8 2 187 18
3 3 187 18
6 2 187 6
6 3 187 2
6 3 186 48
6 13 186 38
6 3 186 33
8 16 186 30
6 39 186 27
1 11 186 22
5 15 186 5
2 2 186 3
6 4 185 50
8 2 188 49
1 2 187 50
7 2 186 49
8 2 185 10
7 9 185 4
7 2 185 2
8 2 184 48
2 4 184 39
8 6 184 35
5 2 184 29
5 3 184 22
2 2 184 20
1 2 184 17
6 2 185 18
8 2 184 15
3 2 183 20
5 2 183 17
6 3 183 14
4 2 183 8
8 3 183 7
6 2 183 3
7 9 182 50
4 2 182 38
7 2 185 39
5 2 183 39
5 2 182 35
6 2 182 33
5 2 182 32
7 2 182 30
1 2 182 28
3 7 182 22
2 2 182 18
1 2 182 17
1 2 182 12
6 11 182 10
6 3 184 10
2 3 182 7
5 2 182 9
7 2 182 6
5 2 182 3
8 2 184 3
3 2 184 3
3 2 182 2
3 2 181 50
7 3 181 39
2 10 181 38
3 2 181 36
2 2 181 31
4 39 181 31
8 6 181 29
3 28 181 15
8 3 181 1
8 3 180 8
3 2 179 44
2 2 180 43
4 35 179 26
5 15 179 20
6 3 179 18
1 2 179 2
4 2 180 2
2 3 180 3
8 4 178 50
4 2 180 50
1 2 178 11
4 30 178 11
6 13 177 49
3 2 178 48
2 20 178 47
7 13 177 43
4 3 177 39
4 2 178 39
6 2 177 40
7 2 177 12
7 2 177 4
8 9 177 3
5 3 176 32
2 2 176 31
3 3 176 29
1 2 176 3
1 2 175 50
3 2 175 31
1 21 175 28
7 2 175 30
1 2 175 30
2 2 175 20
7 10 175 17
2 2 175 2
2 2 174 50
5 2 174 39
2 31 174 30
4 2 174 21
6 6 174 14
1 2 175 13
2 4 174 4
1 6 173 46
6 2 173 45
4 12 173 42
2 2 173 39
3 6 173 22
1 3 173 21
3 2 173 17
8 15 173 17
1 2 175 19
2 2 174 19
5 2 173 12
8 2 173 13
3 4 173 6
6 15 173 6
4 2 173 3
3 4 173 2
1 2 172 44
1 2 172 39
6 3 172 38
7 18 172 30
5 2 172 16
7 2 172 15
1 2 172 13
8 2 172 4
3 3 172 4
2 3 171 44
6 2 171 43
8 10 171 41
8 2 171 15
8 4 171 13
6 3 171 11
3 10 171 10
2 2 171 8
5 2 171 3
7 2 170 47
2 2 170 46
1 8 170 45
1 2 170 38
5 2 170 37
3 2 170 26
7 3 170 16
1 2 170 14
5 2 170 12
8 2 171 13
4 5 170 2
4 4 169 48
6 4 169 36
3 2 170 34
7 2 169 36
7 2 169 11
5 4 169 8
3 3 169 3
3 3 168 50
7 4 168 41
8 2 168 40
2 2 168 24
7 5 168 23
3 2 169 25
8 3 168 22
3 3 168 21
6 2 168 21
3 2 169 20
4 2 170 21
1 5 168 19
8 2 168 20
6 2 168 19
5 2 168 20
5 2 170 19
4 2 168 19
4 20 168 4
2 4 167 43
1 2 167 41
6 2 167 40
8 21 167 33
4 3 167 29
2 2 167 21
7 4 167 21
1 4 167 15
4 2 167 16
7 2 167 15
7 5 167 12
6 4 167 10
3 2 169 10
7 21 166 49
3 5 166 45
2 2 166 41
6 2 166 30
5 4 166 27
3 3 166 25
5 2 166 22
2 2 166 19
7 2 166 17
3 2 166 16
2 3 166 12
5 2 167 13
8 3 166 9
6 2 165 48
4 2 165 46
2 2 166 47
8 3 165 38
1 2 165 37
3 3 165 32
4 2 165 32
7 2 165 27
3 8 165 20
8 6 165 15
2 2 165 14
8 5 165 13
7 3 165 8
4 2 165 6
4 3 165 1
1 2 166 2
3 2 164 46
4 3 164 44
6 5 164 32
8 28 164 25
3 2 164 18
1 2 165 18
3 2 164 13
5 2 164 7
6 2 164 7
1 3 164 6
6 3 164 2
4 12 163 48
1 2 164 47
7 2 164 46
2 2 163 46
6 9 163 43
1 3 163 39
7 3 163 38
7 2 163 30
2 2 166 29
5 2 163 27
1 19 163 17
2 2 163 12
7 3 163 10
8 8 163 8
3 2 162 45
3 2 162 41
7 2 166 41
6 2 165 42
4 2 165 42
3 2 163 41
5 2 162 41
2 3 162 38
6 4 162 31
1 6 162 21
4 12 162 19
1 3 162 11
7 3 162 7
2 7 162 6
5 4 162 2
8 2 161 46
5 6 161 44
1 4 161 35
6 6 161 33
1 48 161 30
1 2 161 8
2 3 160 40
8 2 161 41
1 2 161 40
3 27 160 38
1 2 160 13
3 2 160 13
4 3 160 11
8 2 160 7
6 2 160 7
4 2 161 7
3 3 159 47
1 2 159 24
6 3 159 23
8 24 159 16
2 4 159 11
4 2 163 10
7 2 162 10
5 2 162 9
2 2 160 10
3 2 159 10
6 2 159 10
7 2 159 7
1 4 159 6
7 7 159 2
2 3 158 35
4 4 158 22
8 3 158 13
4 4 157 42
5 2 157 43
6 2 157 21
8 2 157 19
7 2 157 13
1 2 157 10
8 3 157 2
6 3 156 50
6 3 156 45
2 3 156 43
7 2 156 42
5 10 156 40
4 4 156 37
2 2 156 33
7 3 156 32
5 13 156 26
1 7 155 46
5 3 155 44
1 2 155 35
2 2 155 34
5 2 155 32
8 3 155 31
6 2 155 28
7 2 155 28
1 22 155 23
5 25 155 13
1 13 155 6
1 2 156 7
1 4 155 2
8 4 154 48
7 2 154 45
4 2 154 42
1 3 154 39
3 2 154 36
7 2 154 35
1 2 154 34
6 8 154 33
4 2 154 26
8 3 154 26
5 3 154 27
3 24 154 26
5 6 154 18
4 3 154 14
5 3 154 5
8 2 154 3
7 3 154 1
8 2 153 50
7 2 153 47
3 2 153 47
6 3 153 47
4 2 154 48
1 2 153 47
6 2 153 43
2 2 153 37
2 2 153 10
5 2 152 50
2 2 152 48
1 2 152 44
4 2 152 39
4 5 152 36
7 2 152 24
2 2 153 25
5 2 152 2
6 2 152 1
1 2 151 50
8 2 151 47
5 2 151 45
3 2 151 44
5 2 151 42
7 2 151 41
3 2 151 40
6 2 151 38
8 2 151 25
2 2 151 19
7 4 151 11
5 34 151 6
1 4 151 4
5 2 151 1
6 2 150 41
5 2 150 39
6 2 150 36
3 3 150 35
4 13 150 32
5 4 150 23
4 2 150 13
8 2 150 12
2 2 150 10
1 2 149 50
2 6 149 50
2 2 149 47
2 2 150 47
1 17 149 46
3 3 149 44
7 2 149 40
8 3 149 40
4 6 149 28
6 6 149 28
1 3 149 25
8 3 149 23
2 2 149 23
7 3 149 20
6 2 149 16
3 4 149 4
2 2 148 43
2 3 148 40
8 2 148 28
1 2 148 18
6 2 149 17
6 2 148 14
7 2 149 15
3 2 148 11
3 3 147 48
8 2 147 44
2 35 147 38
2 2 148 35
2 4 147 31
2 3 147 26
3 20 147 23
5 8 147 22
5 18 147 18
8 2 147 19
7 3 147 10
1 2 147 12
8 3 147 8
1 9 147 4
2 2 147 1
8 2 148 2
7 2 149 3
2 2 148 1
3 2 146 50
8 2 146 50
7 2 146 47
6 2 146 45
1 2 146 43
3 25 146 36
4 5 146 29
1 4 146 20
7 3 146 14
5 2 147 13
6 2 147 12
5 8 146 11
4 2 146 7
4 5 146 2
7 3 145 43
1 2 145 28
5 2 145 27
4 2 145 19
3 2 145 13
3 2 145 3
3 3 144 47
6 2 145 48
8 2 145 48
2 4 144 45
8 2 144 42
2 2 144 21
8 2 144 18
1 2 144 17
4 2 144 14
2 2 144 13
4 2 144 12
6 3 144 10
1 2 144 6
6 2 145 6
2 2 145 7
8 2 144 6
5 2 144 2
2 2 143 47
7 3 143 27
1 4 143 21
3 2 143 20
5 2 143 21
2 3 143 19
1 6 143 15
4 2 143 3
2 2 143 3
4 2 142 46
3 2 142 45
3 2 142 43
8 3 142 41
8 3 142 36
8 3 142 32
6 2 142 28
4 2 142 26
8 8 142 17
7 2 142 13
2 9 142 12
5 2 141 46
8 2 141 44
1 4 141 42
5 2 141 37
5 2 141 32
7 10 141 26
4 2 141 25
6 7 141 23
7 3 141 22
5 2 141 21
1 2 141 7
4 4 141 6
3 2 140 49
4 3 140 45
7 4 140 43
4 2 140 41
1 2 140 40
7 2 140 39
6 3 140 39
2 3 140 20
7 11 140 16
2 2 140 15
5 3 140 13
6 2 140 10
5 2 139 50
5 2 139 48
5 2 141 49
3 2 141 49
6 2 139 41
4 2 139 38
7 2 139 38
6 2 139 34
7 3 139 34
1 2 139 32
6 2 140 32
8 2 139 30
4 2 141 30
5 2 141 31
5 2 139 26
2 5 139 21
2 2 139 18
3 3 139 18
7 2 139 11
7 5 139 8
3 2 144 8
1 2 142 8
8 2 139 7
3 2 140 8
2 2 140 8
7 2 140 7
6 2 139 5
4 2 138 50
3 2 138 48
1 2 140 48
3 2 140 47
4 2 138 48
4 3 138 45
8 3 138 37
4 47 138 30
1 2 139 35
2 2 138 35
6 2 139 36
8 2 138 27
4 2 138 25
5 2 138 24
5 2 138 11
8 3 138 10
5 2 138 9
5 2 137 49
7 2 137 50
5 2 137 47
3 44 137 45
6 2 137 36
1 3 137 36
8 2 137 29
6 6 137 26
3 2 137 21
8 2 137 21
7 2 137 22
5 2 137 19
1 2 137 13
8 2 137 8
5 2 138 7
1 2 137 8
7 18 137 6
2 2 136 38
6 2 136 38
4 2 136 25
3 3 136 19
1 2 136 21
4 2 136 22
1 3 136 15
3 2 136 14
1 2 136 4
6 2 135 50
7 2 135 37
8 6 135 36
5 3 135 25
4 3 135 20
7 2 137 19
5 74 135 18
5 2 135 9
3 2 135 4
1 2 141 3
4 2 142 2
7 2 137 3
6 2 137 2
1 15 135 1
3 2 136 3
5 9 134 38
7 2 134 24
8 2 134 4
6 2 133 50
7 3 133 50
5 3 133 48
1 2 133 10
8 2 133 8
1 3 133 8
4 2 132 36
5 2 132 35
1 2 132 30
2 25 132 27
2 2 133 28
6 2 131 39
2 2 131 39
4 2 131 38
8 6 131 36
3 2 131 17
3 2 131 9
6 2 132 8
8 2 131 8
5 13 131 7
2 10 131 4
1 24 130 48
6 2 130 49
1 2 130 39
7 2 130 30
1 2 130 15
4 47 130 13
3 2 130 2
5 2 133 3
5 2 129 44
6 36 129 41
7 61 129 41
3 6 129 32
8 6 129 30
6 6 129 29
7 2 129 27
6 2 129 20
7 2 129 17
6 2 128 49
7 2 128 50
1 2 128 49
5 2 128 48
6 2 128 25
2 2 128 21
8 2 128 21
2 6 128 18
6 5 128 17
5 2 128 16
1 2 128 3
2 2 129 3
4 2 128 2
8 3 127 49
5 4 127 31
2 2 127 28
7 4 127 27
4 2 128 27
4 5 127 22
1 8 127 15
6 2 127 3
6 2 131 3
7 2 129 3
1 2 129 2
2 2 127 2
7 2 126 25
8 3 126 23
1 2 126 3
8 2 126 2
5 10 125 48
2 2 125 50
1 2 125 50
4 2 125 33
8 2 125 28
1 2 129 29
1 3 125 25
6 4 125 3
3 2 124 32
1 34 124 28
7 2 124 23
2 2 124 21
6 2 126 20
8 2 126 19
1 2 124 21
4 3 124 8
8 3 124 6
3 2 127 7
2 2 123 50
8 2 123 47
5 6 123 36
2 2 123 25
2 2 125 26
3 2 123 25
5 2 123 24
4 2 124 23
1 2 124 23
7 53 123 21
2 17 123 16
1 2 123 11
2 3 123 10
8 3 123 10
7 2 123 3
1 4 123 1
3 2 122 50
2 2 122 47
5 2 122 38
2 2 122 36
3 3 122 8
2 2 123 6
4 4 122 6
2 6 122 4
1 9 122 3
8 2 121 37
1 2 121 25
1 4 121 13
5 3 121 9
2 2 120 50
3 2 120 49
1 2 120 47
8 2 120 45
6 2 120 38
7 5 120 37
2 18 120 34
1 2 120 32
6 5 120 13
3 4 120 10
3 3 120 6
6 5 119 39
3 11 119 12
4 2 119 10
4 8 119 6
8 2 118 47
4 5 118 46
8 2 118 40
8 2 118 38
1 3 118 37
8 3 118 32
6 5 118 31
4 3 118 29
1 5 118 17
7 2 118 17
1 5 118 8
5 2 118 2
4 3 117 50
7 2 118 50
5 2 117 50
3 3 117 48
5 2 117 23
6 2 117 18
8 3 117 16
7 5 117 10
6 2 117 10
4 3 117 2
7 3 116 49
3 2 116 36
2 2 116 25
5 4 116 26
5 2 118 27
3 2 118 27
6 6 116 22
3 2 116 19
1 3 116 13
6 3 116 12
8 19 116 4
6 2 115 46
2 2 115 38
5 2 115 39
8 9 115 33
5 2 115 31
2 2 116 30
4 2 115 27
6 2 115 28
1 2 115 25
4 2 115 19
2 3 115 16
6 2 115 2
5 2 116 3
2 2 116 3
6 2 114 50
5 3 114 50
5 2 115 48
8 2 114 50
4 2 114 45
4 2 119 44
3 2 119 44
6 6 114 39
3 4 114 38
5 9 114 35
2 44 114 32
4 2 114 24
6 9 114 18
4 2 114 12
8 2 114 10
8 2 114 8
6 16 114 6
7 19 114 3
5 2 113 45
2 2 120 44
2 2 118 44
1 2 117 44
4 2 117 44
8 2 116 44
6 2 116 43
2 2 121 42
3 2 113 15
6 3 113 12
7 9 113 7
4 2 112 45
3 2 114 44
2 46 112 40
5 2 112 41
2 3 112 41
3 2 112 25
5 3 112 23
6 2 112 24
4 22 112 22
2 22 112 20
1 3 112 16
1 3 111 34
4 3 111 16
2 5 111 14
8 39 111 9
2 2 110 43
1 3 110 42
8 19 110 31
3 2 110 29
5 2 110 29
4 2 110 30
1 2 110 29
2 3 110 28
3 2 110 16
8 4 110 2
4 2 109 41
3 4 109 41
7 19 109 39
3 2 109 29
1 2 109 30
4 7 109 28
5 3 109 26
6 3 109 21
5 2 111 21
4 3 109 15
4 8 109 4
6 2 108 49
5 6 108 45
6 2 108 44
5 2 108 29
7 2 108 26
1 2 108 24
2 2 108 21
3 2 108 17
7 29 108 16
5 2 108 11
4 3 107 43
3 3 107 36
1 8 107 34
6 8 107 26
7 2 107 21
8 4 106 47
6 3 106 45
4 2 106 36
4 2 106 21
1 2 106 9
1 2 106 2
6 2 105 50
7 2 105 50
3 2 105 49
5 4 105 48
2 2 105 50
1 2 105 49
1 2 105 46
5 2 105 41
4 2 105 39
6 2 105 36
8 5 105 33
7 5 105 30
4 2 105 26
8 4 105 21
6 2 105 20
7 2 105 14
3 2 105 14
1 2 105 11
2 2 105 11
8 2 105 1
7 3 104 46
7 2 105 45
8 3 105 44
4 2 104 42
4 4 104 35
7 2 104 27
8 2 104 25
2 2 104 25
2 2 104 23
5 2 104 9
3 3 104 8
7 4 104 7
5 2 104 3
3 2 105 2
8 4 103 50
6 3 103 44
6 2 103 30
3 7 103 28
1 2 103 20
3 2 104 20
4 3 103 17
4 4 103 10
6 2 103 11
7 2 102 45
5 3 102 42
8 3 103 42
7 2 103 42
6 43 102 38
4 2 104 47
5 2 102 35
4 2 102 34
4 7 102 27
1 60 102 23
3 2 102 16
1 2 102 14
3 3 102 13
2 2 102 9
1 2 102 1
2 2 102 2
8 2 104 3
8 2 101 48
1 4 101 48
1 2 101 37
2 2 101 15
5 14 101 11
2 4 101 6
8 3 101 6
6 2 101 4
5 7 100 37
4 16 100 32
1 2 100 30
7 2 100 30
6 3 100 15
5 2 100 5
8 2 100 3
3 2 100 4
7 2 100 3
4 2 100 2
3 8 99 48
4 3 99 45
1 2 99 35
3 2 99 26
7 2 99 17
4 2 99 16
7 22 99 9
4 2 99 4
2 4 99 3
2 18 98 47
3 2 98 37
7 2 98 35
7 13 98 29
5 2 98 20
3 2 98 15
5 10 98 14
7 2 98 6
4 2 98 2
6 7 97 50
7 2 99 49
6 2 99 48
7 2 97 49
3 3 97 25
7 2 97 16
8 2 97 17
6 4 97 15
4 4 97 6
5 4 97 4
7 4 96 37
5 3 96 34
3 2 96 31
4 2 96 30
7 7 96 26
3 2 96 18
3 2 96 1
1 2 95 45
3 17 95 41
8 4 95 30
5 4 95 7
7 2 94 47
4 20 94 45
2 11 94 38
8 2 94 36
6 2 94 35
5 6 94 33
6 2 95 35
3 2 94 35
1 2 94 32
2 2 94 30
2 2 94 27
2 4 94 18
1 3 94 13
7 2 95 11
4 34 94 5
6 2 97 2
7 2 97 1
6 2 96 1
7 3 93 35
3 4 93 25
7 6 93 21
8 3 93 20
5 2 93 18
2 2 92 41
7 4 92 40
3 2 92 27
3 2 94 27
5 3 92 28
8 2 93 29
6 6 92 28
3 6 92 13
3 2 92 7
3 2 92 1
4 2 98 2
3 2 98 1
7 2 93 2
5 2 93 2
1 2 92 2
1 2 91 42
6 4 91 35
8 11 91 32
4 2 91 24
8 2 91 24
2 15 91 14
8 2 91 11
7 3 91 11
7 2 91 7
2 3 91 3
5 3 91 1
3 2 90 49
1 3 94 50
4 2 90 40
1 10 90 39
5 2 90 23
1 25 90 10
5 2 90 7
7 13 90 3
7 9 89 50
3 2 93 49
2 2 89 42
3 2 90 42
8 3 90 42
3 2 90 43
5 2 90 43
3 13 89 38
7 2 89 31
6 2 89 29
7 3 89 28
3 2 89 24
5 2 89 25
8 7 89 22
3 2 89 15
5 2 89 16
8 2 89 14
7 2 89 13
8 2 89 7
4 3 88 42
6 2 88 42
1 2 88 41
7 8 88 33
5 2 88 30
3 2 88 31
7 7 88 26
4 2 88 18
4 2 89 19
2 2 88 12
4 13 88 11
3 8 88 6
6 4 87 47
5 2 89 46
8 2 90 47
6 2 89 46
7 2 87 43
2 6 87 35
3 6 87 20
7 2 88 21
5 2 87 15
8 2 86 48
6 2 87 49
3 2 90 50
4 2 89 50
5 3 87 48
3 2 87 50
2 2 87 49
5 2 86 46
2 2 86 45
5 6 86 44
7 3 86 30
2 2 86 23
5 2 86 20
1 2 86 21
7 2 85 48
7 2 87 48
8 2 85 38
2 2 85 38
1 3 85 37
6 2 85 31
4 38 85 27
8 2 86 29
3 2 86 29
6 2 85 21
4 5 85 17
5 2 85 3
2 2 85 1
6 6 84 43
7 3 84 46
4 5 84 42
6 2 84 38
4 2 84 35
2 2 84 31
7 2 84 18
5 2 84 19
4 2 85 20
1 2 84 20
4 2 88 19
6 2 88 19
5 2 85 19
6 4 85 18
7 2 84 13
2 4 84 11
6 4 84 3
4 2 83 38
5 3 83 15
1 2 83 13
3 10 83 12
6 2 83 8
8 5 82 49
4 2 87 48
3 2 87 47
2 2 82 47
4 3 82 47
6 54 82 41
4 6 82 33
5 8 82 32
1 2 82 29
1 34 82 21
7 2 82 13
2 2 82 7
8 16 82 6
7 2 82 3
2 2 81 50
6 2 81 49
3 2 81 47
3 3 81 45
7 8 81 28
5 15 81 16
8 2 82 18
5 2 82 19
3 2 83 20
2 2 82 17
6 2 81 10
8 3 81 1
6 2 81 2
1 2 80 45
7 6 80 43
4 2 80 9
7 2 82 9
3 4 80 8
1 2 81 7
2 2 81 6
3 2 80 10
2 3 79 47
6 2 79 19
8 2 81 20
2 2 81 21
8 2 79 18
7 2 79 15
2 2 82 14
1 2 82 15
4 4 79 14
4 3 79 8
2 5 79 8
8 2 79 3
3 2 79 2
1 6 78 46
2 2 79 45
8 4 78 44
3 2 78 41
7 4 78 20
6 2 78 17
6 2 78 15
8 2 77 49
5 3 77 44
3 2 77 46
3 28 77 43
8 5 77 29
5 2 77 21
8 6 77 19
7 2 77 14
3 2 77 10
1 2 78 10
5 2 79 11
4 14 77 9
4 2 77 11
2 15 76 49
2 2 76 32
3 3 76 31
5 2 81 31
3 2 81 31
1 2 76 31
6 2 76 24
6 3 76 19
2 2 76 12
6 4 76 6
6 2 75 46
7 2 75 36
1 2 75 34
4 2 75 31
7 3 75 17
1 2 75 16
3 2 74 50
6 2 74 25
6 2 75 26
6 2 74 23
6 2 74 21
1 3 74 20
8 5 74 15
5 2 74 14
5 3 74 8
6 4 74 4
3 4 73 48
8 2 75 49
6 2 74 50
1 2 73 49
1 2 73 46
8 3 73 45
2 2 73 46
8 3 73 37
4 3 73 36
3 2 75 36
6 2 73 33
4 2 74 34
3 2 73 33
5 2 73 32
5 8 73 30
8 3 73 26
7 2 73 26
8 2 73 17
4 2 73 15
6 2 73 12
2 3 72 21
1 2 72 19
5 3 72 18
6 3 72 17
3 2 72 16
4 2 72 13
7 2 72 14
1 2 72 13
8 3 72 14
4 2 72 14
1 2 72 15
2 2 72 15
6 2 72 13
6 2 72 8
5 2 71 48
2 6 71 45
6 2 71 42
1 7 71 40
8 2 71 36
5 2 73 35
7 3 73 36
6 2 71 34
4 7 71 32
6 35 71 27
5 2 71 23
1 2 73 24
7 3 71 12
5 2 71 7
4 4 71 3
4 2 70 48
6 2 70 49
7 2 70 35
3 5 70 34
7 2 70 23
3 2 70 21
2 2 74 21
7 2 72 21
6 3 72 21
8 2 70 22
1 2 70 11
2 2 70 11
5 6 70 4
1 2 72 3
3 2 71 2
3 2 70 3
4 4 70 2
2 14 69 49
3 2 69 39
4 2 69 40
8 3 69 38
1 5 69 35
2 10 69 19
2 2 69 19
3 3 69 14
8 2 70 14
3 2 69 15
6 16 69 11
6 2 69 8
3 3 69 8
6 2 69 4
5 5 69 3
4 9 68 46
4 2 68 45
5 2 69 46
4 2 69 45
8 2 68 42
2 5 68 41
5 2 68 27
1 2 68 26
4 3 68 25
5 11 68 22
7 3 68 7
7 2 70 7
3 2 69 7
8 2 69 7
6 2 68 2
8 3 68 1
5 3 67 50
5 4 67 48
3 2 67 45
2 2 67 44
5 27 67 42
1 3 67 38
8 2 67 34
1 2 67 33
4 35 67 19
4 4 67 7
1 7 67 5
6 2 68 7
4 2 67 7
2 5 66 37
6 2 66 33
5 2 66 30
2 2 66 26
6 2 66 27
4 2 66 24
7 4 66 23
7 2 66 10
7 2 69 11
6 3 69 11
3 2 66 4
7 2 65 31
2 2 65 29
6 2 66 30
1 2 71 31
4 2 68 31
1 2 65 30
7 2 65 28
1 2 65 27
4 3 65 27
3 2 65 25
3 2 66 24
3 2 65 14
2 2 65 11
2 2 67 10
5 3 67 9
8 2 66 9
6 59 65 10
8 6 65 3
6 2 64 50
3 18 64 36
8 2 64 31
6 2 64 31
1 2 65 32
5 2 65 32
7 2 64 33
1 4 64 28
6 2 64 24
4 2 64 17
6 2 63 48
7 3 63 48
4 2 63 40
4 26 63 33
3 2 63 29
5 2 63 18
1 2 63 17
3 18 63 4
1 2 63 1
2 2 66 2
7 2 66 2
6 2 62 48
3 34 62 46
8 3 62 41
6 10 62 25
3 2 62 20
7 2 62 3
2 2 62 2
6 2 62 1
4 11 61 47
7 2 61 41
4 2 61 39
3 2 61 40
5 2 61 37
7 2 61 36
6 3 61 30
1 2 65 30
4 2 65 30
2 2 65 29
8 5 61 30
7 2 61 30
8 2 61 21
7 2 61 18
3 2 61 18
1 2 61 18
5 5 61 16
6 2 62 15
2 3 61 14
1 2 60 50
7 7 60 50
5 2 60 40
8 2 61 39
7 4 60 38
4 2 60 37
2 4 60 27
2 2 60 23
3 2 61 24
8 2 60 19
3 2 60 18
6 2 60 17
8 4 60 3
3 7 59 49
7 2 59 48
5 2 59 41
2 2 59 31
8 2 59 29
5 3 59 29
5 2 59 22
6 2 59 20
2 2 59 20
4 2 59 14
7 2 59 14
2 3 59 7
1 3 58 30
4 2 58 22
7 6 58 19
3 2 58 14
5 4 58 15
1 2 60 15
6 3 58 15
8 2 58 9
1 3 58 3
7 2 59 2
8 2 58 1
5 2 57 40
4 3 57 39
5 2 58 38
6 3 57 38
3 2 57 35
8 33 57 26
8 2 57 21
5 3 57 20
5 13 57 16
2 2 57 14
8 2 57 14
3 2 57 11
2 5 57 2
1 2 56 46
4 3 56 44
1 2 56 39
3 2 57 38
5 4 57 38
1 15 56 34
6 14 56 23
7 2 56 24
6 2 56 18
3 3 56 14
4 2 56 8
6 2 56 6
1 2 56 5
1 2 55 48
6 3 55 45
3 4 55 32
1 3 55 9
6 5 55 3
5 2 54 49
6 2 54 40
2 2 54 41
4 2 54 42
6 7 54 38
7 3 54 25
4 3 54 25
4 3 54 19
2 6 54 15
5 31 54 9
5 2 54 6
2 3 53 48
8 3 53 45
7 2 53 42
2 2 53 43
2 6 53 33
2 2 53 29
6 2 53 27
2 2 53 18
7 4 52 50
7 4 52 46
1 5 52 45
8 3 52 43
4 3 52 41
6 2 52 42
3 3 52 29
7 3 52 17
4 2 52 15
2 7 52 4
2 2 52 4
2 3 52 1
1 2 51 49
4 11 51 47
3 3 51 44
7 2 51 37
4 2 51 34
5 2 51 35
6 33 51 34
6 2 51 26
8 2 53 27
3 3 51 25
2 4 51 18
7 3 51 14
4 5 51 12
5 2 51 4
8 2 50 50
3 7 50 49
1 3 50 43
4 4 50 38
2 2 50 26
5 2 52 25
2 2 52 24
8 2 50 25
1 2 50 24
2 2 50 24
3 3 50 21
8 2 50 20
1 2 50 19
4 4 50 6
1 5 50 4
2 2 49 37
5 2 49 36
3 3 49 27
7 2 49 26
5 2 49 26
4 2 49 23
8 3 49 18
7 2 49 18
3 2 49 18
1 2 49 15
7 2 49 13
5 2 49 14
6 2 49 14
5 2 49 3
8 2 52 2
3 4 49 1
7 2 51 2
5 2 51 1
4 2 48 50
3 3 48 45
7 2 48 39
2 6 48 25
1 2 48 22
6 5 48 19
1 2 48 13
8 2 48 12
2 5 48 11
6 2 48 5
8 2 47 47
2 3 47 44
1 3 47 30
1 5 47 28
5 41 47 27
6 3 47 22
2 2 47 17
8 34 47 14
5 3 47 2
3 2 48 3
6 3 46 50
1 2 46 48
7 2 46 46
8 2 46 42
4 2 49 42
2 2 47 43
1 2 46 39
4 15 46 38
7 2 48 40
3 2 49 41
8 2 46 42
7 2 46 42
8 2 46 37
4 27 46 36
5 2 46 7
4 3 46 5
7 2 46 2
1 2 46 2
3 2 46 3
4 2 46 3
2 2 45 48
5 2 45 48
1 3 45 43
2 12 45 37
5 6 45 16
6 2 45 18
3 16 45 18
1 6 45 4
5 2 45 1
6 2 45 2
4 2 45 1
8 2 44 48
6 2 44 45
2 2 44 45
3 2 44 43
2 2 44 41
1 2 44 35
7 8 44 8
6 12 44 6
1 2 44 2
3 2 44 1
3 2 43 50
4 6 43 49
8 2 43 41
7 3 43 35
1 2 43 17
2 2 43 15
6 3 43 2
5 2 43 1
2 2 42 48
4 2 43 47
1 2 43 46
4 7 42 46
5 4 42 44
2 8 42 40
8 2 43 43
4 3 43 42
6 2 42 31
3 4 42 31
4 3 42 27
4 2 43 28
1 4 42 28
3 2 42 25
8 2 42 17
7 3 42 16
4 2 42 15
5 2 42 13
8 2 42 2
4 2 42 1
1 2 41 42
2 6 41 30
4 2 41 29
6 2 41 26
2 11 41 21
7 2 44 21
5 2 44 20
8 2 43 20
3 3 41 13
4 2 41 8
8 3 41 6
5 2 40 50
3 2 40 48
1 2 40 36
7 4 40 34
4 3 40 33
2 4 40 32
8 3 40 31
6 6 40 29
1 3 40 28
5 8 40 27
2 4 40 25
1 5 40 18
8 2 40 16
3 3 40 15
2 34 40 12
1 2 40 8
3 3 39 49
1 2 39 41
6 2 41 42
8 2 39 40
1 3 39 39
6 5 39 22
1 2 41 21
3 2 41 21
4 2 40 21
7 2 39 11
7 4 39 9
2 3 39 7
5 2 39 6
4 2 39 4
8 3 39 3
2 5 38 50
5 2 38 45
6 6 38 44
1 2 38 45
2 2 38 43
7 7 38 24
1 2 38 4
2 3 38 3
6 2 38 1
6 3 37 48
8 2 37 45
6 2 37 44
3 5 37 43
7 2 37 41
2 2 39 41
5 2 39 41
8 2 39 40
4 2 39 40
3 28 37 37
7 2 37 31
7 2 37 26
5 18 37 20
3 9 37 11
7 3 36 48
4 35 36 45
5 2 36 40
1 2 36 32
4 2 36 24
8 2 36 25
2 2 36 25
1 2 36 8
7 2 36 9
3 2 38 10
8 2 36 7
7 7 36 5
2 2 35 32
1 3 35 29
8 3 35 23
5 2 35 10
2 4 35 10
2 8 35 9
7 2 35 2
8 5 34 49
7 6 34 40
1 7 34 31
5 2 36 31
8 3 36 31
2 2 34 31
3 2 34 28
4 12 34 17
1 2 34 6
8 2 34 4
3 3 34 3
5 2 34 3
6 2 34 2
1 3 33 49
4 5 33 27
2 10 33 25
8 2 33 24
5 2 33 24
5 17 33 11
2 10 32 50
4 2 32 39
8 3 32 36
7 4 32 23
3 11 32 23
4 2 32 19
5 2 32 16
6 2 32 14
6 2 32 10
3 4 32 6
1 23 32 4
2 2 33 3
8 2 32 2
6 2 31 38
1 3 31 38
7 7 31 34
1 2 35 35
2 2 33 35
8 5 31 34
3 3 31 30
1 2 31 29
3 4 31 28
6 2 31 21
7 2 31 16
2 2 31 2
8 2 30 48
6 7 30 48
1 69 30 45
5 2 33 36
6 3 30 35
2 3 30 32
6 2 30 31
8 2 30 31
1 2 30 19
6 2 30 18
6 2 31 18
5 2 31 18
1 5 30 17
4 3 30 15
5 2 30 10
4 2 30 3
5 4 29 35
4 3 29 24
6 2 30 25
1 2 29 24
6 2 29 20
8 5 29 16
3 2 29 9
3 2 28 48
7 2 28 49
4 5 28 31
3 2 28 29
6 10 28 27
8 2 28 29
7 2 28 26
3 2 28 25
7 2 28 20
8 5 28 19
3 7 28 14
6 2 28 13
4 2 29 13
3 2 28 13
4 4 28 8
8 2 28 9
1 5 28 9
3 2 28 3
4 2 28 2
1 4 27 50
7 2 27 33
1 2 27 26
2 2 27 21
6 10 27 20
1 2 27 22
3 3 27 18
6 2 27 11
3 2 27 2
2 3 27 1
7 2 27 2
3 2 26 50
6 4 26 36
5 2 26 22
6 3 26 23
1 2 26 15
7 2 26 11
2 2 27 11
3 2 27 11
5 2 26 10
2 6 26 6
3 3 25 48
8 2 25 47
2 2 25 46
5 2 25 34
4 2 25 26
2 2 26 26
1 3 25 25
1 2 25 17
7 2 25 15
3 3 25 2
2 2 24 41
5 2 28 40
6 2 28 39
8 2 24 42
3 3 24 40
2 2 24 38
5 7 24 38
7 2 24 36
3 12 24 35
4 7 24 32
5 2 24 31
1 3 24 22
4 2 24 21
8 3 24 16
6 3 24 16
1 3 24 15
5 3 24 11
7 2 24 12
5 2 26 13
1 2 24 11
1 10 24 7
4 2 27 7
8 2 27 6
6 2 26 8
7 2 26 7
5 4 24 2
4 2 24 1
4 2 23 50
4 2 24 50
8 2 24 50
4 4 23 47
2 2 23 40
6 8 23 30
5 2 23 30
4 2 24 29
3 2 23 24
5 2 23 18
8 3 23 13
7 3 23 9
6 4 23 8
6 2 23 10
3 9 23 1
1 3 22 48
8 4 22 42
4 2 23 40
7 11 22 37
8 2 22 35
4 4 22 24
3 2 22 21
4 2 22 11
8 4 22 10
4 7 22 3
5 3 21 50
4 3 21 49
5 2 21 42
4 2 21 41
5 5 21 28
3 5 21 24
4 2 21 25
1 3 21 19
2 5 21 17
2 2 21 15
7 2 21 13
5 3 21 11
7 2 21 7
8 2 20 49
3 2 20 49
1 5 20 40
4 2 20 30
1 2 20 28
5 5 20 24
3 3 20 18
6 2 20 15
1 2 20 13
6 3 23 14
8 2 20 13
7 4 20 9
3 2 20 6
2 2 19 42
7 2 19 32
3 2 19 30
2 2 19 19
7 4 19 19
1 4 19 16
3 33 19 14
3 2 19 9
6 9 19 5
1 6 18 45
2 3 18 43
6 2 20 44
4 2 20 44
3 3 20 43
8 2 19 44
8 5 18 41
8 2 18 36
8 20 18 23
5 25 18 20
1 2 18 11
7 2 18 11
6 2 18 10
2 3 18 8
4 2 18 6
2 32 18 3
5 2 18 1
1 5 17 43
2 2 17 38
4 2 17 32
7 3 17 29
2 9 17 27
6 2 17 26
5 2 17 25
7 2 17 12
4 2 17 9
6 3 16 44
5 5 16 39
6 2 16 39
1 2 16 36
6 2 16 36
4 2 19 35
7 2 17 35
4 2 16 36
8 24 16 34
8 2 17 35
5 2 17 35
2 2 17 34
5 2 16 32
5 2 16 29
4 2 16 26
4 2 17 25
7 17 16 25
1 2 16 26
8 2 16 16
2 2 16 15
6 3 15 50
8 2 15 50
4 2 15 49
7 7 15 48
6 3 15 47
3 2 15 42
5 2 15 41
4 2 15 40
3 2 15 38
2 2 15 36
7 15 15 35
6 3 15 32
3 2 15 30
2 2 15 12
1 3 15 10
5 5 14 46
4 2 17 47
5 2 15 47
4 2 14 47
1 2 14 19
1 2 14 12
8 2 14 9
4 2 14 8
8 2 14 6
2 2 13 47
7 2 13 46
8 13 13 42
2 2 13 38
4 3 13 37
6 3 13 26
3 8 13 26
5 2 13 26
5 2 13 23
3 6 13 19
7 2 13 6
6 2 12 48
5 2 15 47
7 2 14 47
6 2 13 47
5 2 12 49
6 2 12 50
2 2 12 48
6 2 12 45
7 2 13 44
3 2 13 44
4 2 12 43
5 2 12 43
7 3 12 30
6 3 12 31
1 2 15 30
2 2 15 29
4 3 12 19
5 4 12 18
2 2 12 10
5 2 13 11
7 3 13 10
8 3 12 7
5 2 14 8
3 3 12 8
4 6 12 1
4 2 11 38
1 2 11 36
1 3 11 29
4 2 11 21
4 2 11 17
1 2 11 10
4 5 11 8
1 4 11 6
8 2 11 2
3 2 10 42
1 2 10 43
2 2 10 43
5 4 10 39
4 2 10 34
1 4 10 30
8 2 10 27
2 2 10 21
2 2 10 9
4 2 10 4
8 5 9 50
4 2 9 38
3 3 9 38
7 2 11 40
5 2 9 37
2 2 9 34
5 16 9 32
7 2 10 31
6 2 10 30
6 2 9 19
7 2 9 18
1 2 9 17
6 3 9 18
5 2 9 16
6 4 9 15
4 2 9 12
3 2 9 11
3 2 13 12
8 2 10 11
6 2 9 10
5 3 8 50
6 2 8 45
8 4 8 44
7 2 8 44
8 3 8 31
3 2 8 28
8 2 9 29
6 3 8 28
4 2 10 29
1 2 8 23
1 2 8 18
2 3 8 12
8 2 8 4
1 9 7 49
8 2 9 47
3 2 9 47
6 2 7 46
2 2 7 47
1 2 7 31
2 11 7 28
8 2 7 27
4 2 7 15
5 5 7 11
1 2 7 2
8 2 7 2
6 2 7 2
8 2 6 49
2 2 6 48
7 3 6 45
7 3 6 41
5 2 6 39
2 3 6 31
5 6 6 27
4 2 6 23
1 6 6 21
5 2 6 17
6 2 6 16
4 2 10 15
4 2 8 15
5 2 7 15
7 2 7 14
3 3 6 7
1 4 6 5
3 3 6 4
5 2 5 47
1 3 5 44
6 2 6 44
8 2 6 44
6 2 5 42
5 4 5 42
5 3 5 37
3 2 7 37
6 2 6 38
8 4 5 19
7 11 5 18
1 3 5 16
3 3 5 11
5 3 5 9
5 2 6 9
2 2 5 9
4 6 5 7
2 2 4 50
1 2 4 49
7 2 4 48
6 2 4 43
3 3 4 30
2 2 4 23
6 3 4 23
5 7 4 6
1 4 4 2
8 2 3 44
5 2 3 45
4 2 3 23
8 2 3 22
8 2 3 16
2 2 3 17
5 7 3 12
6 2 3 5
3 2 2 49
2 2 2 46
8 2 2 45
1 3 2 44
7 2 2 41
1 2 2 41
6 2 2 40
4 2 2 34
7 3 2 31
1 2 2 27
4 2 2 28
6 3 2 17
6 3 2 11
5 2 2 9
4 2 1 30
3 2 2 31
6 2 2 32
1 2 2 31
8 2 1 24
3 2 2 25
4 2 1 9
4 2 1 6
3 2 2 7
8 3 1 5
