14735
3102
3 3 20 500
4 2 20 496
1 2 20 492
7 2 20 488
1 3 20 486
1 5 20 482
3 3 20 479
2 2 20 476
1 2 20 465
2 2 20 462
3 2 20 459
5 2 20 457
4 2 20 453
1 4 20 452
1 2 20 446
4 2 20 444
7 2 20 443
1 2 20 436
5 2 20 434
7 2 20 433
2 2 20 430
6 2 20 425
3 2 20 424
4 2 20 422
2 2 20 417
4 2 20 416
3 2 20 410
1 2 20 408
4 2 20 400
6 3 20 396
6 2 20 390
2 2 20 384
4 3 20 383
2 3 20 381
3 2 20 374
2 6 20 372
1 7 20 370
2 3 20 366
4 2 20 364
1 3 20 357
3 3 20 348
1 2 20 345
3 2 20 343
3 2 20 336
1 2 20 334
4 2 20 320
3 2 20 319
6 2 20 313
1 3 20 293
5 3 20 292
5 2 20 289
1 4 20 288
4 4 20 285
1 2 20 276
3 2 20 272
3 3 20 269
5 2 20 263
3 2 20 257
4 2 20 255
2 3 20 245
6 2 20 236
5 2 20 234
1 2 20 233
3 2 20 232
1 4 20 230
2 2 20 228
1 2 20 223
3 2 20 221
2 2 20 217
1 2 20 213
2 3 20 207
3 5 20 205
1 2 20 200
3 2 20 189
5 2 20 184
2 4 20 181
5 3 20 178
4 2 20 174
1 2 20 170
3 2 20 165
4 2 20 162
1 2 20 160
2 11 20 159
1 2 20 154
3 3 20 149
2 4 20 143
1 3 20 140
3 2 20 138
2 4 20 133
1 2 20 131
8 2 20 126
3 2 20 122
1 4 20 113
4 3 20 110
6 2 20 107
2 3 20 106
1 3 20 100
3 2 20 97
2 2 20 93
3 2 20 92
4 2 20 89
4 2 20 86
4 4 20 81
1 2 20 73
4 4 20 72
1 2 20 68
3 5 20 66
2 2 20 62
3 2 20 56
3 2 20 51
2 3 20 40
3 3 20 38
3 2 20 35
2 2 20 34
1 4 20 32
2 2 20 23
2 2 20 21
4 3 20 19
1 2 20 13
2 2 20 12
4 2 20 9
4 2 20 6
1 3 19 498
5 4 19 498
3 2 19 489
2 2 19 488
2 2 19 481
5 2 19 477
4 2 19 469
2 2 19 469
1 7 19 468
5 2 19 462
4 2 19 457
2 2 19 451
1 4 19 449
2 2 19 437
1 3 19 433
2 2 19 431
3 2 19 430
1 4 19 428
7 2 19 423
1 2 19 415
4 2 19 414
4 2 19 408
2 3 19 403
2 2 19 400
5 2 19 391
2 3 19 388
3 4 19 387
3 2 19 382
4 3 19 362
1 2 19 363
2 2 19 363
1 3 19 348
5 2 19 344
2 2 19 343
4 2 19 341
2 2 19 337
4 2 19 338
5 2 19 335
2 3 19 329
1 2 19 318
1 2 19 315
3 2 19 316
1 10 19 312
1 4 19 306
2 3 19 305
3 2 19 302
7 2 19 301
2 2 19 296
1 2 19 291
5 3 19 281
6 2 19 277
3 2 19 276
2 5 19 274
2 2 19 268
1 2 19 259
5 2 19 256
6 2 19 252
6 3 19 247
3 2 19 241
7 2 19 240
2 4 19 239
4 2 19 238
4 2 19 224
3 4 19 218
2 2 19 215
1 6 19 216
4 3 19 212
1 6 19 208
4 4 19 206
1 2 19 201
4 10 19 199
3 3 19 194
4 2 19 191
1 10 19 190
1 6 19 186
1 2 19 177
4 2 19 171
2 2 19 164
3 3 19 154
2 7 19 151
1 3 19 148
4 2 19 147
1 2 19 142
6 4 19 138
2 2 19 130
4 5 19 128
1 2 19 127
6 2 19 126
3 2 19 117
1 4 19 118
1 4 19 105
1 5 19 95
2 3 19 90
1 2 19 79
1 2 19 76
4 4 19 67
3 2 19 60
2 2 19 59
1 2 19 58
1 4 19 56
2 2 19 46
3 2 19 42
6 2 19 34
1 7 19 26
5 2 19 22
5 5 19 20
4 6 19 15
3 3 19 11
1 5 19 3
5 2 18 496
2 3 18 494
5 2 18 489
2 3 18 484
2 2 18 476
1 3 18 471
1 2 18 460
1 2 19 461
4 2 18 461
5 3 18 456
6 2 18 455
5 3 18 454
3 2 18 452
1 2 18 451
2 2 18 449
1 2 18 445
4 2 18 422
7 2 18 419
3 3 18 416
1 11 18 407
4 3 18 402
1 2 18 397
3 3 18 398
4 3 18 379
4 4 18 375
1 9 18 364
7 2 18 360
2 2 18 357
4 3 18 356
7 2 18 347
2 2 18 346
1 4 18 342
3 3 18 340
7 2 18 339
1 2 18 337
7 2 18 335
6 4 18 333
1 3 18 331
5 3 18 329
2 2 18 316
1 3 18 316
2 5 18 297
1 4 18 297
4 2 18 294
2 2 18 292
2 2 18 286
4 3 18 282
3 2 18 283
1 2 18 281
2 3 18 279
3 3 18 272
3 3 18 264
6 2 18 260
3 2 19 261
2 2 18 255
1 2 18 254
7 2 18 252
1 2 18 251
3 3 18 250
2 2 18 248
3 4 18 246
2 3 18 236
4 2 18 234
3 2 18 231
3 2 18 228
2 3 18 223
1 7 18 218
2 2 18 213
1 3 18 203
3 2 18 192
1 6 18 181
2 2 18 177
5 2 18 175
1 2 18 174
1 5 18 170
1 4 18 167
1 2 18 167
2 4 18 166
3 6 18 161
1 2 18 159
2 4 18 144
3 2 18 142
3 2 18 135
1 2 18 136
2 3 18 136
3 4 18 120
6 2 18 119
4 2 18 115
3 3 18 111
3 2 18 94
1 2 18 92
5 2 18 91
4 2 18 88
3 3 18 84
3 2 18 85
2 6 18 83
2 2 18 78
2 3 18 74
3 3 18 70
4 4 18 65
1 3 18 64
5 2 18 63
1 2 18 60
4 2 18 49
5 2 19 50
1 3 18 46
4 8 18 43
1 6 18 39
2 6 18 35
2 4 18 29
3 2 18 30
7 2 18 31
1 8 18 10
6 2 18 7
6 2 18 2
3 2 17 499
4 2 17 497
3 3 17 494
1 3 17 492
5 2 17 493
4 2 17 493
3 5 17 491
2 3 17 487
3 2 17 488
5 2 17 483
1 2 17 479
3 2 17 476
1 2 17 475
6 2 17 474
2 7 17 467
2 2 17 465
6 2 18 464
3 2 18 463
5 2 17 464
2 3 17 445
5 2 17 444
6 2 17 441
1 16 17 442
2 2 17 432
5 3 17 431
5 2 17 428
3 2 17 425
4 3 17 423
3 4 17 418
1 4 17 417
2 2 17 405
3 2 17 403
2 3 17 397
2 3 17 392
6 3 17 390
4 2 17 389
1 3 17 387
2 3 17 382
1 5 17 380
3 2 17 376
1 5 17 376
1 4 17 375
2 4 17 368
1 4 17 362
2 2 17 356
4 2 17 348
6 2 17 344
5 3 17 340
2 5 17 338
4 5 17 332
2 2 17 328
2 2 17 326
3 4 17 327
1 11 17 328
5 2 17 309
3 2 17 308
1 5 17 305
4 2 18 304
6 2 18 303
7 2 17 304
2 2 17 303
3 3 17 300
6 2 17 301
2 2 17 300
1 2 17 299
4 2 17 298
7 2 17 295
3 2 17 294
1 8 17 291
2 3 17 284
3 3 17 279
4 2 17 278
1 2 17 276
1 4 17 267
1 2 17 258
2 3 17 254
5 5 17 251
5 2 17 248
3 5 17 240
1 3 17 236
1 8 17 233
4 2 17 225
2 2 19 226
1 4 19 227
1 2 17 224
3 2 17 201
3 2 17 198
2 3 17 198
5 6 17 194
5 2 17 187
2 4 17 188
2 2 17 182
4 2 17 173
3 2 18 172
5 2 17 172
3 3 17 167
2 3 17 163
6 3 17 160
5 2 17 156
3 3 17 152
3 2 17 150
4 3 17 148
1 6 17 145
3 2 17 130
3 3 17 127
2 2 17 124
2 2 17 114
3 3 17 112
4 2 17 110
2 2 17 109
4 2 17 107
2 3 17 106
3 3 17 100
3 2 18 101
1 2 17 91
6 2 17 90
1 2 17 86
1 3 17 83
4 3 17 78
4 2 18 77
1 2 17 76
2 2 17 69
1 3 17 70
4 2 17 60
3 2 17 58
5 2 17 45
1 2 17 34
2 2 17 30
6 3 17 28
3 2 17 18
1 2 17 6
4 2 17 5
6 2 16 497
7 3 16 495
2 6 16 478
2 6 16 473
4 2 16 474
5 2 16 475
1 2 16 473
1 3 16 470
1 3 16 462
4 2 16 461
1 4 16 458
1 2 16 456
2 2 16 455
3 3 16 454
3 3 16 451
1 2 16 450
1 2 16 448
4 2 16 449
5 2 16 447
1 3 16 444
2 10 16 441
5 2 16 438
3 2 16 438
1 2 16 434
3 2 16 431
3 2 16 429
2 3 16 425
4 2 16 421
3 3 16 420
1 2 16 422
2 2 16 422
2 3 16 416
3 4 16 410
5 2 16 410
2 2 16 408
3 2 16 407
3 3 16 400
5 2 17 399
1 5 16 391
2 5 16 375
3 4 16 363
7 2 16 357
6 2 16 356
3 2 16 344
1 6 16 340
3 3 16 323
5 3 17 323
3 2 17 323
2 11 16 321
5 2 16 320
1 2 17 319
2 2 17 318
6 2 17 317
2 2 16 311
3 2 16 310
1 3 16 311
1 2 16 300
3 2 16 297
5 3 16 297
1 4 16 293
5 2 16 285
1 2 16 285
6 3 16 278
2 3 16 274
2 5 16 270
3 2 16 268
1 2 16 259
3 3 16 258
2 2 16 258
1 5 16 253
4 2 16 253
1 5 16 248
5 2 16 246
1 6 16 243
1 2 17 243
2 2 17 243
1 2 16 245
2 2 16 236
5 2 16 234
2 7 16 233
2 2 16 230
4 2 16 229
3 2 16 226
1 2 16 222
3 6 16 215
2 3 16 207
1 4 16 200
7 2 16 195
2 2 16 191
4 3 16 178
3 3 16 177
3 5 16 173
2 2 16 171
6 2 16 169
5 2 16 168
4 2 16 156
2 2 17 155
1 2 16 155
4 2 16 152
1 13 16 151
3 4 16 145
3 2 16 141
3 4 16 138
2 2 16 138
3 2 16 132
5 4 16 124
1 4 16 120
3 2 16 117
6 3 16 115
5 2 16 106
2 6 16 104
4 2 16 102
2 2 16 103
4 2 16 103
1 2 16 101
5 2 16 101
2 3 16 96
5 2 16 94
2 3 16 89
2 2 16 88
3 2 16 86
2 4 16 85
2 3 16 75
5 2 16 75
3 4 16 74
1 4 16 72
6 3 16 69
4 2 16 64
1 3 16 62
4 2 16 62
2 2 16 53
6 2 17 54
1 4 16 47
2 3 16 42
3 2 16 39
3 3 16 35
7 3 16 33
3 3 16 31
2 2 16 27
1 2 16 28
3 3 16 24
1 2 16 21
4 2 16 22
2 2 16 18
3 2 16 12
3 2 16 9
2 3 16 6
1 2 16 3
3 2 16 3
6 2 15 495
2 7 15 493
3 2 15 487
2 3 15 486
5 2 15 485
5 2 15 481
1 4 15 477
5 2 15 455
4 2 15 447
1 4 15 431
3 2 15 427
1 2 17 427
1 3 15 414
3 2 15 412
2 2 18 413
5 2 17 413
3 3 15 404
2 2 15 399
3 4 15 388
5 2 16 389
2 3 15 389
4 2 15 389
2 2 15 384
1 2 15 383
4 3 15 383
2 2 15 384
5 2 15 378
4 3 15 368
1 2 15 367
2 2 15 366
6 2 15 367
2 3 15 359
3 2 15 358
5 2 15 354
1 3 15 355
3 2 15 353
3 2 16 354
6 2 15 354
8 2 15 355
1 5 15 349
3 2 17 350
1 2 15 342
5 3 15 338
1 2 15 335
2 4 15 330
4 2 15 328
3 3 15 320
4 2 15 310
3 2 15 307
2 3 15 306
6 2 15 305
4 2 15 296
2 5 15 292
2 5 15 289
2 2 15 280
3 4 15 278
5 2 15 264
2 2 15 264
3 4 15 261
5 2 17 262
2 2 17 262
6 2 17 261
1 2 15 261
5 3 15 254
3 4 15 252
2 4 15 249
2 2 15 242
5 2 15 242
1 2 15 229
2 4 15 227
6 3 15 225
2 3 15 220
2 3 15 211
5 2 16 212
3 2 15 212
4 2 15 206
2 4 15 202
3 5 15 201
5 2 15 190
4 3 15 188
1 8 15 186
3 2 15 183
3 2 16 182
1 2 15 177
4 3 15 174
2 2 15 166
4 2 15 163
6 2 17 164
3 2 15 164
2 4 15 161
6 2 15 156
6 2 15 143
2 3 15 136
3 2 15 134
6 2 15 125
8 2 15 124
3 2 15 122
2 6 15 120
5 2 15 115
4 5 15 113
2 2 16 114
1 2 15 106
1 6 15 103
4 2 15 100
6 2 15 99
3 3 15 97
4 2 17 98
2 2 16 98
6 2 15 97
3 3 15 93
1 2 15 88
4 2 15 84
2 3 15 81
1 2 15 79
3 2 15 79
2 2 16 78
6 3 15 78
4 3 15 76
2 2 15 71
4 2 15 70
5 2 15 70
2 3 15 64
3 2 15 63
6 2 15 63
2 3 15 61
5 3 15 60
2 2 15 59
5 3 15 56
6 2 15 57
1 2 15 57
4 3 15 56
3 3 15 55
4 3 15 53
4 2 17 52
6 2 17 51
6 2 18 50
3 2 16 52
1 3 15 53
4 3 15 45
1 2 15 44
3 2 15 36
5 2 15 31
2 5 15 13
1 2 15 13
2 2 14 500
1 10 14 497
2 2 14 494
1 3 14 491
1 2 14 486
3 3 14 485
2 4 14 484
1 3 14 483
3 3 14 482
3 2 15 481
3 3 14 468
2 5 14 460
3 2 14 457
2 2 16 458
4 2 14 455
1 2 14 453
4 3 14 450
5 4 14 439
6 2 14 436
3 2 14 436
2 2 14 433
7 2 14 432
1 2 14 427
6 2 15 426
5 2 14 426
2 2 15 427
4 2 14 426
2 2 14 424
3 2 14 423
1 2 14 419
4 2 14 417
3 3 14 416
5 3 14 414
2 2 14 412
2 3 14 406
6 2 15 405
4 5 14 405
1 5 14 402
1 2 16 402
5 3 16 401
2 3 15 401
4 2 14 397
1 2 14 395
1 2 17 394
3 2 17 394
4 2 17 393
2 2 14 394
5 3 14 390
1 3 14 384
6 2 14 384
5 2 14 381
2 2 14 378
7 2 14 377
4 2 16 378
2 2 15 378
6 2 14 370
1 2 14 369
3 2 14 367
2 5 14 358
1 2 14 355
7 2 14 353
3 3 14 351
3 2 14 348
6 2 14 347
1 2 14 345
3 2 14 343
2 2 14 342
6 2 14 341
3 4 14 337
5 2 14 336
3 6 14 333
6 2 14 321
6 3 14 319
2 2 14 318
7 2 15 317
4 2 14 314
2 2 14 304
3 2 14 301
3 2 15 302
1 3 15 303
4 2 14 302
3 4 14 298
1 2 14 299
3 4 14 284
1 4 14 283
1 2 14 280
4 2 16 281
3 2 16 281
5 3 14 280
4 2 14 275
5 2 15 276
2 2 15 276
2 2 14 272
5 2 14 269
5 2 15 270
1 5 14 268
6 2 14 264
4 2 14 258
7 2 14 258
4 3 14 249
3 2 14 238
6 5 14 238
3 2 14 238
1 2 15 237
4 2 14 231
3 2 14 229
6 2 14 229
7 2 14 226
5 2 14 219
2 4 14 213
5 5 14 211
6 3 14 204
2 8 14 200
1 2 14 196
3 2 14 195
5 2 15 196
1 2 15 197
4 2 15 198
5 2 14 194
2 4 14 191
2 2 14 189
5 2 14 188
2 2 14 185
1 2 14 182
4 3 14 180
2 2 14 181
8 2 14 177
2 2 14 176
3 8 14 176
1 5 14 175
5 2 14 171
2 2 14 169
1 2 15 168
4 2 14 170
3 2 14 167
2 2 14 157
1 3 14 154
5 2 14 149
2 2 14 141
2 5 14 132
3 2 14 129
1 5 14 127
2 3 14 123
1 2 14 122
6 2 14 116
2 4 14 116
2 2 14 114
1 2 14 113
2 2 14 98
1 3 14 96
6 2 14 90
5 2 15 91
4 6 14 86
5 2 14 81
6 5 14 75
4 2 14 71
1 4 14 70
1 4 14 62
1 3 14 55
7 2 14 52
6 2 14 52
3 3 14 47
1 3 14 42
5 2 14 41
5 2 16 41
2 2 16 40
3 2 15 41
6 3 15 41
1 4 14 33
4 3 14 34
4 2 14 30
2 2 14 29
4 2 14 22
6 2 14 21
3 2 14 18
2 4 14 14
1 2 15 16
3 2 15 17
6 3 14 12
4 5 14 6
5 2 14 3
4 2 16 2
4 2 13 500
7 2 13 491
4 2 13 492
5 3 13 489
6 3 13 486
2 2 13 474
4 4 13 473
8 2 13 472
4 4 13 467
2 2 14 465
6 2 13 462
5 2 13 457
1 3 13 456
2 2 13 454
3 4 13 452
1 2 13 445
3 5 13 443
7 3 13 438
2 2 13 436
6 2 14 435
5 2 14 435
7 2 13 434
3 3 13 430
2 3 13 427
1 2 13 425
3 2 13 424
2 2 13 422
2 6 13 418
4 2 13 421
7 2 13 413
1 2 14 414
4 3 13 413
6 2 13 412
2 2 15 411
4 2 14 411
1 5 14 411
3 3 13 412
4 2 13 407
7 2 13 400
1 4 13 391
6 3 13 388
2 3 13 385
5 2 13 382
1 2 13 381
4 5 13 380
1 2 13 378
2 2 13 367
2 2 13 363
4 2 13 360
3 2 14 361
5 5 13 361
1 3 13 359
2 3 13 355
5 2 13 355
5 2 13 353
3 3 13 354
2 2 13 352
2 2 13 346
2 2 13 336
1 2 13 328
1 8 13 318
1 3 13 315
5 3 13 313
3 2 13 312
1 12 13 311
3 2 13 303
6 4 13 299
1 3 13 295
4 2 13 292
3 2 13 291
4 3 13 290
5 2 13 276
4 2 13 271
5 3 13 272
7 2 13 269
2 2 13 266
2 4 13 261
1 4 13 252
3 5 13 246
4 2 14 245
1 2 13 243
4 2 15 242
4 5 13 240
7 3 13 237
1 2 13 234
1 3 13 229
1 4 13 225
3 3 13 224
2 2 16 222
7 2 15 222
1 2 13 208
2 2 13 207
5 2 13 203
5 2 13 197
4 3 13 195
3 3 13 193
6 2 13 189
3 2 13 187
4 3 13 184
1 8 13 171
1 3 13 165
5 2 13 159
1 2 13 158
3 2 13 154
5 2 14 153
4 2 13 153
1 2 13 147
6 2 15 146
7 2 15 145
5 2 13 143
1 9 13 142
5 2 16 140
5 3 13 135
4 6 13 130
1 3 13 123
4 2 13 111
1 6 13 110
1 2 15 109
7 3 14 111
2 3 13 101
1 2 13 92
4 2 14 91
2 4 13 91
3 2 13 83
1 3 13 80
1 2 13 78
3 2 13 77
2 3 13 75
6 2 13 71
3 3 13 59
2 2 13 54
2 2 14 54
2 2 13 50
2 2 14 51
1 3 13 49
3 2 15 49
4 2 14 49
2 2 15 48
1 2 14 48
7 2 13 48
2 4 13 46
1 4 13 45
4 4 13 41
2 2 13 24
1 2 13 24
1 3 13 17
3 8 13 14
1 3 13 9
5 2 13 10
4 2 13 9
2 2 13 1
3 2 12 500
5 2 13 500
3 5 12 495
1 3 12 492
3 3 12 477
5 2 12 478
4 2 12 477
5 2 12 473
2 2 12 473
1 3 12 471
1 2 12 469
1 5 12 467
1 2 12 460
3 2 12 461
4 2 12 459
8 2 12 458
4 2 14 459
6 2 14 458
2 2 12 459
1 2 12 453
6 2 12 451
1 2 12 449
5 2 14 449
5 2 12 445
5 2 13 446
3 2 13 447
6 3 12 445
4 2 12 443
1 2 12 437
4 2 12 435
3 2 12 436
1 2 12 429
6 2 12 427
3 10 12 421
2 3 12 415
3 3 12 406
6 3 12 397
5 4 12 397
1 2 14 395
5 2 14 394
6 2 12 391
3 3 12 389
2 2 12 387
7 3 12 378
4 3 12 367
3 3 12 360
5 2 12 358
2 2 12 357
6 2 12 349
1 2 16 350
5 2 16 351
3 2 16 351
1 2 12 333
7 2 12 334
5 3 12 329
5 3 12 317
6 3 12 315
4 2 12 309
1 2 14 308
4 2 12 304
6 2 12 303
2 3 12 296
6 3 12 294
2 2 12 284
5 3 12 282
4 2 12 279
2 4 12 275
7 2 13 275
5 2 13 274
1 3 12 274
3 3 12 267
4 4 12 266
2 8 12 264
2 2 13 266
5 2 13 266
7 2 13 263
1 8 12 262
4 2 12 259
4 3 12 256
2 2 12 254
5 2 12 242
2 2 12 243
6 2 12 244
3 7 12 235
5 3 12 231
1 3 12 221
6 2 12 222
5 2 12 221
1 2 12 210
4 3 12 206
1 10 12 196
6 2 13 193
4 2 13 192
2 4 12 194
2 3 12 187
2 4 12 183
3 2 12 181
1 2 12 180
2 2 12 174
5 2 12 172
3 2 12 166
2 4 12 162
2 2 12 163
5 2 12 163
4 2 12 158
2 2 12 154
1 2 12 151
4 2 12 147
3 2 12 148
2 2 12 142
1 3 12 135
8 2 14 136
7 2 13 136
1 2 12 132
2 2 12 129
1 2 12 126
3 2 12 123
2 2 12 123
8 2 14 122
2 2 14 121
1 7 12 119
3 2 12 119
2 5 12 111
5 3 12 108
3 2 13 109
3 3 12 101
6 2 12 100
4 2 12 98
2 4 12 96
3 3 12 94
7 2 14 95
6 4 12 95
6 2 12 94
4 2 12 92
2 2 12 88
4 2 13 89
1 3 12 89
7 2 12 86
5 3 12 85
5 2 12 83
3 3 12 79
2 2 12 78
1 4 12 76
2 4 12 70
4 4 12 68
1 4 12 66
2 6 12 60
4 2 12 58
4 2 12 55
4 4 12 51
1 3 12 40
1 2 12 37
6 2 13 38
4 3 12 36
4 2 13 38
2 5 12 32
3 4 12 30
2 3 12 28
1 2 14 26
3 2 14 26
1 5 12 28
1 3 12 22
1 2 14 22
5 2 12 22
3 2 12 22
2 3 12 19
3 2 12 17
4 6 12 14
7 2 12 12
8 2 12 9
6 3 12 10
1 2 12 8
5 2 12 6
3 7 12 4
1 2 12 1
1 3 11 485
6 2 11 484
3 3 11 482
6 2 12 482
2 2 11 482
4 2 12 481
3 2 11 480
1 4 11 474
4 2 11 470
2 3 11 470
3 2 11 470
5 3 11 470
5 2 11 461
1 2 11 455
5 2 11 449
3 6 11 442
4 2 11 437
4 2 11 431
5 2 11 430
3 2 11 429
7 2 11 428
1 2 11 423
1 2 12 424
4 3 11 423
1 2 11 417
3 2 11 416
1 4 11 414
1 2 11 410
3 5 11 404
4 3 11 402
1 2 11 401
6 2 11 400
4 2 12 399
8 2 11 392
1 7 11 387
8 2 11 386
4 2 12 385
3 3 12 385
1 2 11 382
4 4 11 371
2 2 11 370
3 2 11 357
2 6 11 354
3 2 11 350
2 2 11 351
2 2 11 348
5 2 12 347
1 7 11 347
2 2 11 345
3 5 11 340
2 2 11 334
3 6 11 325
3 2 13 324
4 2 11 327
2 2 11 328
3 3 11 323
1 2 11 321
2 2 12 322
5 2 12 322
2 6 11 319
3 2 11 309
2 2 12 310
6 4 12 309
5 3 11 308
2 2 11 308
4 2 11 308
1 8 11 307
1 3 11 302
5 3 11 303
1 3 11 298
2 3 11 297
4 2 11 293
2 2 11 292
4 2 11 285
1 4 11 280
1 5 11 271
5 2 11 270
1 4 11 269
2 2 11 260
6 2 11 259
1 2 11 258
2 4 11 257
1 2 14 256
4 2 11 248
2 3 11 246
2 2 11 240
5 2 11 239
2 2 11 228
4 2 11 226
2 4 11 224
1 6 11 219
1 5 11 206
3 2 13 208
5 2 12 208
1 2 11 204
7 2 13 205
1 6 11 201
3 5 11 190
3 6 11 153
4 2 13 156
3 2 11 156
1 3 11 156
2 2 11 151
4 2 13 150
5 3 11 150
3 4 11 141
2 4 11 134
3 2 11 126
1 2 11 123
5 2 11 117
4 3 11 117
4 2 11 115
1 2 11 114
6 2 11 112
3 3 11 91
2 2 11 86
2 2 11 81
5 3 11 77
1 3 11 71
2 2 11 67
1 3 11 59
1 5 11 53
2 3 11 52
3 2 11 44
2 2 11 29
6 2 11 21
2 2 11 12
5 2 11 2
6 3 10 496
4 3 10 497
5 2 10 498
5 2 10 487
6 2 10 480
1 2 10 481
5 4 10 467
3 2 11 466
1 5 10 461
4 2 11 463
5 2 13 464
3 2 12 464
1 2 10 463
4 5 10 450
1 3 10 445
6 2 10 427
1 4 10 420
5 3 10 414
2 3 10 414
4 2 10 411
3 5 10 410
1 2 10 405
2 4 10 405
3 2 10 398
1 7 10 391
4 2 10 387
1 4 10 380
3 4 10 378
2 5 10 376
3 2 12 375
5 2 10 374
3 2 10 364
2 2 11 365
5 2 10 364
1 3 10 358
4 2 10 350
5 2 10 347
6 2 10 345
2 2 10 340
1 9 10 340
3 2 11 342
3 3 10 336
6 2 10 336
1 9 10 337
2 2 11 333
6 2 14 332
5 2 14 331
4 3 11 332
3 2 12 332
1 2 14 331
1 2 12 331
1 2 10 331
3 2 10 330
4 2 10 330
1 3 10 328
3 2 10 326
5 3 10 327
4 3 10 323
2 3 10 323
6 2 10 314
4 5 10 306
1 7 10 292
6 2 11 291
2 2 10 287
6 2 10 286
4 2 12 287
1 2 10 285
2 2 10 285
4 4 10 283
3 3 10 281
3 13 10 275
2 2 10 255
3 2 10 252
6 5 10 248
2 3 10 244
1 4 10 242
1 3 10 238
2 3 10 238
1 5 10 233
1 2 10 222
3 3 10 200
3 2 10 198
6 2 10 195
1 6 10 191
1 9 10 185
1 3 10 178
2 2 10 175
5 2 11 175
1 2 10 175
3 4 10 165
4 2 11 167
6 2 11 168
4 2 10 164
1 3 10 160
5 2 10 159
2 2 11 158
3 3 11 158
3 2 10 143
2 2 10 137
6 2 13 138
1 3 13 138
4 2 12 138
1 2 10 136
6 2 10 134
1 2 10 134
1 2 10 116
7 4 10 115
6 2 10 103
2 2 10 100
1 2 11 99
6 2 11 98
4 3 10 93
1 3 10 92
1 2 10 85
1 2 10 82
2 5 10 74
4 2 11 73
3 2 10 69
2 3 10 64
5 2 10 59
3 6 10 51
2 2 10 46
2 2 10 44
3 2 10 41
7 2 10 42
2 2 10 37
5 2 10 29
1 2 10 30
2 2 10 23
3 3 10 19
5 3 10 17
1 2 10 12
3 2 10 10
1 3 10 8
2 3 10 4
4 2 10 5
3 2 9 500
5 2 9 494
6 2 9 493
2 3 9 488
5 4 9 483
4 3 9 482
2 3 9 480
1 8 9 476
3 3 9 475
4 2 9 470
2 3 9 469
6 2 9 465
2 2 9 460
1 3 9 451
1 2 9 452
2 2 9 452
2 4 9 449
2 2 12 447
2 2 10 447
3 3 9 435
2 2 9 436
1 8 9 436
6 2 9 435
3 3 9 431
5 2 10 433
2 2 9 432
1 4 9 426
4 2 9 424
2 2 9 417
7 2 9 407
1 2 9 407
7 2 9 406
6 3 9 402
1 2 10 400
2 3 9 392
5 2 9 388
5 2 9 386
2 5 9 383
5 3 9 379
4 2 9 377
2 5 9 374
3 2 9 372
5 2 10 371
6 2 14 372
6 2 11 370
4 3 9 367
5 2 10 367
1 2 9 366
6 2 9 363
1 2 9 362
1 2 10 363
3 4 9 362
7 2 9 363
4 2 9 358
5 3 9 357
1 5 9 354
5 2 9 352
1 2 13 352
3 3 9 347
8 2 9 345
2 2 9 337
3 3 9 333
2 2 9 332
2 4 9 329
1 2 9 322
6 4 9 322
3 3 9 321
4 2 9 318
5 3 9 314
2 2 11 313
5 2 10 315
6 2 10 314
1 3 9 310
6 2 9 302
4 4 9 299
5 3 9 291
2 3 9 290
3 2 9 288
2 3 9 280
6 2 9 279
1 2 9 276
4 2 9 277
5 2 9 274
5 2 9 272
3 4 9 264
3 3 9 254
2 2 9 253
3 2 9 248
1 2 9 246
4 3 9 244
7 2 9 238
3 3 9 235
6 2 9 224
5 2 9 220
6 2 11 219
3 2 13 218
4 2 15 217
3 2 14 217
5 2 15 216
1 2 12 218
3 2 10 221
6 3 9 221
2 2 9 220
7 2 9 217
2 2 10 217
3 2 11 216
4 2 13 215
6 2 11 216
1 2 11 215
2 7 10 215
5 2 9 214
8 2 9 214
4 2 10 213
4 2 12 212
1 5 10 212
5 2 11 210
7 3 9 212
2 3 9 211
4 2 10 209
1 2 10 208
5 3 9 207
7 2 9 198
7 2 9 193
3 3 9 191
6 2 9 190
6 2 9 187
5 2 9 188
3 3 9 184
2 3 9 171
3 2 10 171
1 2 9 171
2 4 9 164
4 3 9 160
7 2 9 158
2 2 9 157
4 2 9 149
1 3 9 143
4 2 9 138
3 2 9 137
2 6 9 135
4 2 9 127
2 7 9 127
4 2 9 126
4 3 9 120
1 3 9 118
5 4 9 117
3 2 9 114
1 5 9 107
2 2 9 105
5 3 9 103
2 4 9 94
4 3 9 84
2 3 9 84
4 4 9 79
4 2 9 81
1 3 9 72
5 2 9 73
2 2 9 69
1 2 9 69
5 2 9 65
2 2 9 65
5 2 10 64
2 2 9 54
4 2 9 53
4 2 9 48
6 2 9 46
7 2 9 39
3 2 10 38
2 2 9 33
4 3 9 31
1 2 9 28
5 3 9 26
3 2 9 28
3 2 9 15
7 2 9 16
2 6 9 15
6 2 10 14
5 2 10 14
2 2 9 13
7 2 9 8
1 3 9 5
4 4 9 2
1 2 8 500
4 3 8 500
6 2 8 499
2 8 8 496
8 2 8 490
2 2 9 491
1 3 9 492
7 2 8 488
4 2 9 487
1 2 8 487
2 2 8 484
3 2 9 485
2 2 8 465
4 2 8 462
3 2 8 450
3 2 8 440
1 2 11 441
2 2 10 441
1 2 9 441
2 2 9 439
6 2 8 439
4 2 8 435
2 4 8 433
1 3 8 421
6 2 9 423
5 3 9 424
7 2 8 421
1 4 8 413
1 8 8 404
4 2 9 401
3 2 9 400
2 2 8 401
2 2 8 398
4 2 8 397
1 3 8 396
1 2 9 396
2 2 12 395
4 2 10 395
1 2 8 394
5 2 8 393
3 2 8 389
3 4 8 385
2 6 8 379
3 3 8 377
5 2 8 371
4 4 8 370
2 2 8 364
3 3 8 357
6 2 8 350
3 2 8 349
1 3 8 348
3 2 8 349
2 2 8 350
7 2 8 351
3 2 8 352
4 2 9 353
7 2 8 353
6 2 8 352
2 2 8 341
5 3 8 341
4 2 8 337
1 7 8 326
1 4 8 323
4 2 8 320
2 4 8 319
3 2 8 311
2 6 8 308
2 2 8 304
1 7 8 304
8 2 10 301
1 2 8 294
4 2 10 295
2 2 8 295
6 2 8 293
3 2 8 286
4 2 9 287
8 3 8 285
2 4 8 283
4 2 8 282
4 2 8 279
1 2 8 278
7 2 8 271
2 4 8 270
6 2 8 269
1 3 8 267
3 2 10 267
1 5 8 264
6 2 8 262
4 3 8 251
2 4 8 249
1 2 10 250
2 2 9 251
3 2 9 250
5 2 8 244
5 4 8 242
3 2 8 243
1 2 8 237
5 2 8 234
4 3 8 235
5 2 9 236
1 2 8 235
3 2 8 232
2 3 8 231
3 5 8 228
3 2 8 218
4 7 8 204
3 2 9 205
2 3 8 201
1 2 8 196
5 2 8 197
7 2 8 189
6 3 8 184
3 2 8 182
4 3 8 182
1 3 8 179
2 3 8 179
4 3 8 179
3 2 10 180
6 3 10 181
3 2 8 176
3 2 10 175
4 2 8 175
3 2 8 171
1 9 8 168
6 2 8 164
3 2 8 159
3 4 8 156
2 2 8 151
4 2 9 152
1 2 9 150
6 2 8 137
1 6 8 129
2 2 8 130
1 6 8 123
5 2 8 120
2 2 8 114
1 2 8 105
3 2 8 104
3 2 10 105
6 2 10 106
6 2 8 101
2 2 8 102
1 5 8 100
2 2 8 99
1 2 8 98
1 2 9 97
4 2 8 94
1 3 8 81
3 2 8 71
6 2 9 71
3 2 8 69
4 3 8 67
6 2 8 66
3 3 8 65
4 2 8 62
3 2 9 63
1 2 9 63
3 2 8 57
1 2 8 50
2 2 8 47
5 3 8 35
3 2 11 35
2 2 11 35
3 2 9 35
1 2 9 36
2 3 8 35
1 4 8 33
6 6 8 33
5 2 8 31
6 2 8 28
2 3 8 28
4 2 8 25
4 2 9 24
1 3 8 12
6 2 8 4
1 4 7 495
4 2 7 494
1 2 8 494
6 2 7 493
2 2 7 492
4 2 7 487
5 2 7 486
4 2 7 480
7 2 8 480
6 2 7 476
3 4 7 473
1 2 8 472
7 2 7 470
5 2 7 470
3 2 7 471
3 2 7 466
6 2 7 462
2 3 7 459
3 5 7 457
2 2 7 453
3 3 7 453
5 3 7 447
5 2 8 448
1 3 7 444
5 2 7 440
2 4 7 437
7 2 7 434
1 2 7 434
1 3 7 430
3 2 8 428
1 2 9 429
2 2 8 429
5 2 7 428
4 6 7 426
2 3 7 427
6 2 7 419
2 3 7 419
5 2 7 419
5 4 7 409
2 2 9 409
4 2 8 410
2 9 7 397
4 2 7 375
1 3 7 374
3 2 7 373
4 2 11 373
2 2 9 373
5 2 9 372
2 3 8 372
1 5 7 371
3 3 7 371
1 5 7 365
4 2 7 363
3 5 7 360
6 3 7 362
2 2 7 356
5 2 7 351
1 2 7 352
4 2 7 341
3 2 7 335
6 2 7 329
1 2 7 316
4 2 7 317
3 8 7 318
6 3 7 309
7 2 7 307
3 2 7 305
8 2 7 304
2 2 7 301
2 2 7 299
5 2 7 300
4 3 7 299
1 2 7 297
5 2 7 295
4 2 7 291
1 2 7 288
1 5 7 276
5 2 7 268
6 2 8 267
2 2 7 267
4 2 7 263
2 2 7 263
2 3 7 256
1 2 9 257
6 2 8 256
4 2 7 254
2 4 7 242
3 2 7 238
3 2 7 229
1 5 7 228
2 2 7 222
5 3 7 217
3 2 7 210
3 3 7 207
2 3 7 207
2 2 7 204
3 2 9 203
7 3 7 203
4 2 7 196
2 2 7 197
4 2 7 198
1 3 7 198
4 2 7 191
3 4 7 187
2 4 7 186
2 2 7 176
5 3 7 170
2 2 8 169
1 2 7 158
7 2 7 154
2 3 7 145
3 2 7 145
4 2 10 146
6 2 9 146
2 2 9 147
3 2 9 148
3 2 9 145
4 2 8 146
4 2 7 136
5 2 7 137
5 2 8 138
5 3 7 127
1 2 8 126
3 3 7 125
2 6 7 125
2 7 7 120
1 2 7 109
4 2 7 109
2 4 7 108
4 3 7 105
5 3 7 105
2 3 7 97
3 3 7 98
4 2 7 97
1 4 7 95
3 5 7 86
3 2 7 79
1 2 7 77
2 2 7 76
5 2 7 75
7 2 8 76
4 2 7 76
1 3 7 68
2 5 7 61
7 2 10 62
5 2 8 62
1 2 7 59
4 2 7 50
3 2 8 49
1 2 8 48
6 2 7 50
5 2 7 49
4 2 7 43
6 2 8 44
3 2 9 43
5 2 9 44
2 3 9 42
4 2 8 43
1 4 7 44
4 2 7 36
3 2 7 36
3 4 7 29
2 2 7 23
6 2 7 24
1 2 7 25
3 3 7 26
1 5 7 21
1 2 7 18
2 2 7 19
5 2 7 19
3 2 7 13
1 7 7 5
2 2 7 2
3 3 7 2
1 2 6 500
1 2 7 499
7 2 7 498
2 2 6 495
5 2 6 492
3 6 6 492
2 2 6 490
3 2 7 490
4 2 7 489
2 2 6 486
1 2 6 485
8 2 8 484
1 2 6 481
4 2 6 477
7 2 7 478
5 2 6 475
3 2 6 468
4 2 6 469
6 2 8 468
6 2 6 464
1 2 6 462
1 2 6 451
1 3 6 449
7 2 7 448
1 2 7 447
2 3 6 448
3 4 6 442
4 2 6 442
5 2 6 436
3 2 6 430
4 2 6 421
1 2 6 419
6 2 6 389
2 2 6 390
7 2 6 390
1 8 6 385
7 2 8 384
3 2 6 380
6 2 7 379
1 2 7 378
2 2 6 377
6 2 6 375
7 2 7 374
2 4 6 367
7 2 8 368
6 2 8 367
4 2 6 361
2 2 6 360
1 2 6 354
2 2 6 351
3 2 6 344
3 2 6 339
6 2 7 339
7 2 6 336
2 2 6 337
6 3 6 331
4 3 6 333
3 3 6 311
3 4 6 298
5 2 6 293
1 3 6 292
2 4 6 287
7 2 7 289
2 3 6 288
5 2 6 284
5 3 6 279
2 2 6 277
3 4 6 271
1 3 6 269
7 2 6 266
4 3 6 260
1 2 6 254
6 2 6 245
3 2 8 246
1 2 6 245
2 2 6 240
4 3 6 240
3 7 6 241
2 2 6 234
3 2 6 221
2 4 6 217
1 3 6 203
6 4 6 200
1 8 6 192
4 2 6 193
2 3 6 193
1 3 6 190
4 2 6 189
4 3 6 185
7 2 6 186
4 2 6 187
2 2 6 182
2 4 6 179
7 2 7 180
1 2 7 179
1 4 6 177
3 4 6 167
5 2 6 165
3 3 6 164
6 2 7 164
7 2 7 163
2 5 6 155
3 2 6 150
4 2 6 145
1 2 6 143
3 2 6 142
6 2 9 141
3 2 14 140
5 3 6 142
4 2 6 140
7 3 7 141
3 9 6 139
3 2 6 136
1 4 6 133
4 3 6 134
2 3 6 131
3 2 8 130
1 2 8 131
3 5 6 126
5 2 7 129
4 2 6 129
2 2 6 122
2 3 6 115
4 2 6 112
5 3 6 109
2 2 6 104
2 8 6 100
1 5 6 96
4 2 6 94
6 2 6 92
3 2 7 91
4 2 6 83
5 2 6 84
3 2 8 83
6 2 6 84
6 2 6 80
4 3 6 72
2 2 6 71
1 2 6 70
2 3 6 66
5 2 6 63
1 2 6 62
2 2 6 63
3 7 6 63
6 2 6 59
2 2 6 52
5 2 6 45
4 2 6 30
2 3 6 25
7 2 6 24
6 2 7 25
8 2 6 24
3 5 6 20
3 3 6 17
3 2 6 15
1 3 6 10
5 2 6 9
5 2 7 8
3 7 6 7
7 2 7 6
3 2 7 6
5 2 5 494
3 5 5 484
1 2 5 476
1 2 5 471
4 2 7 472
4 2 5 471
5 2 5 469
4 2 5 465
6 2 9 464
3 2 7 464
5 2 5 461
6 2 7 460
3 2 6 460
1 8 5 459
1 2 6 458
4 3 5 458
2 7 5 458
1 2 5 455
5 2 7 455
3 2 5 453
4 3 5 453
5 2 5 450
5 3 5 442
5 2 6 443
2 2 5 442
3 3 5 442
1 2 5 440
6 2 5 439
7 2 5 440
2 2 5 428
3 5 5 427
2 3 5 425
3 3 5 424
8 2 5 422
7 2 5 419
4 2 5 406
2 4 5 403
7 2 5 404
3 3 5 399
7 2 5 396
1 2 9 395
3 2 8 395
3 3 5 397
1 2 5 392
7 2 7 393
3 2 5 386
6 2 7 387
1 2 7 387
6 2 5 385
5 3 5 381
7 2 5 381
6 2 5 380
1 3 5 376
3 3 5 365
2 3 5 363
3 2 5 334
5 6 5 334
5 2 5 332
2 7 5 330
4 2 5 328
2 4 5 327
4 2 8 325
3 2 5 324
2 3 5 323
1 2 5 325
4 2 5 321
2 4 5 319
1 5 5 317
3 4 5 313
2 2 6 313
1 2 5 311
5 2 5 308
1 2 5 307
5 2 5 306
2 2 5 304
5 4 5 303
1 2 5 294
4 2 5 295
2 2 5 293
4 4 5 288
1 11 5 285
2 3 5 282
2 2 7 282
2 2 5 279
1 2 5 278
1 3 5 272
3 2 6 273
2 2 5 272
3 2 5 267
5 3 5 259
2 6 5 253
4 2 8 251
5 2 8 250
2 2 5 251
6 2 6 250
5 3 5 250
3 5 5 246
1 2 5 243
3 2 5 242
1 3 5 239
1 4 5 236
1 4 5 227
3 2 5 224
5 2 6 225
5 5 5 208
1 2 5 211
1 3 5 207
2 2 5 205
4 5 5 202
2 5 5 199
4 2 5 194
5 2 5 192
7 2 5 189
2 2 5 188
1 2 5 173
7 2 5 172
2 2 9 173
2 2 5 168
2 4 5 164
1 8 5 164
2 2 6 162
3 2 6 161
4 2 5 162
1 2 5 159
1 5 5 153
2 2 5 151
5 2 5 145
2 4 5 138
1 2 5 137
5 2 5 135
3 2 5 133
4 2 7 133
5 3 5 132
4 2 5 130
5 2 6 131
6 2 5 119
5 2 6 120
1 3 5 99
3 2 5 95
3 2 5 91
1 11 5 86
6 2 6 82
3 2 6 81
2 3 5 79
3 2 5 78
1 5 5 76
4 2 5 74
5 2 5 64
2 2 5 57
3 2 11 58
2 2 11 57
1 2 5 58
4 3 5 49
5 2 5 47
2 2 5 45
2 2 5 43
1 3 5 42
1 6 5 40
1 2 7 37
2 2 5 33
1 4 5 31
1 5 5 26
2 2 5 23
5 2 5 17
6 2 5 8
2 3 5 7
2 8 5 5
1 3 4 498
4 3 4 497
3 3 4 497
1 5 4 495
1 2 5 494
4 2 4 483
1 2 4 481
4 2 5 480
2 2 5 479
1 3 4 478
2 7 4 474
4 5 4 472
1 3 4 471
3 2 4 465
2 2 6 465
1 2 4 464
5 2 4 461
3 4 4 449
4 3 4 447
7 2 4 442
1 4 4 441
3 2 4 437
1 2 4 434
4 4 4 433
3 2 4 432
3 2 8 431
3 2 5 431
5 2 6 430
1 3 4 431
3 2 4 420
2 2 4 414
3 2 7 415
2 2 5 413
2 2 6 412
1 3 5 412
7 2 4 415
3 2 4 413
2 3 4 405
1 2 4 402
4 2 4 400
6 2 4 397
2 2 5 398
1 3 4 388
2 7 4 385
2 3 4 370
4 4 4 362
7 2 4 363
1 3 4 359
2 2 7 357
3 3 7 357
5 2 4 358
4 4 4 357
4 3 4 348
4 2 7 348
1 3 4 342
6 2 7 344
4 2 5 344
7 2 7 345
6 2 4 331
2 2 5 332
4 4 4 331
3 2 4 329
1 5 4 329
4 2 4 326
6 5 4 325
5 2 4 318
2 3 4 313
5 3 4 310
2 2 4 308
6 4 4 306
3 2 4 304
2 2 4 295
4 2 4 290
1 2 4 275
4 2 5 274
3 2 4 276
5 2 4 277
6 2 4 274
4 3 4 271
3 3 4 259
2 2 5 257
1 3 5 256
7 2 5 256
3 2 6 257
6 2 7 258
5 2 5 257
1 4 4 259
4 2 4 257
5 2 4 253
1 3 4 252
1 3 4 249
2 3 4 246
4 2 4 236
2 7 4 233
2 2 6 232
1 2 5 233
4 3 4 233
5 2 5 232
2 2 4 229
4 2 6 229
3 2 5 230
2 7 4 225
3 2 4 218
1 3 4 216
5 2 4 215
3 2 7 214
1 2 5 214
4 2 6 213
4 2 4 215
3 2 4 214
4 5 4 213
4 3 4 211
1 2 7 211
3 2 6 211
4 2 4 208
1 2 4 205
7 2 4 202
6 3 4 199
1 7 4 194
3 2 4 190
2 2 4 191
4 5 4 186
5 4 4 182
6 3 4 181
3 2 4 181
1 5 4 178
1 2 4 175
3 2 4 172
3 2 6 173
1 2 4 167
4 2 4 168
2 3 4 162
1 2 4 157
2 2 4 153
3 5 4 152
1 2 4 150
5 2 5 149
2 2 7 148
2 2 5 148
5 2 7 147
2 2 4 134
1 2 4 130
6 4 4 115
6 2 4 116
1 3 4 115
2 3 4 113
3 2 7 112
3 2 8 111
2 2 7 112
1 2 4 111
6 3 4 107
2 2 7 107
1 2 4 105
2 2 4 105
3 3 4 104
7 2 4 100
6 2 4 96
5 2 4 95
4 2 4 91
6 2 5 90
2 2 9 89
4 3 9 89
4 2 6 89
3 3 6 89
4 2 4 82
1 2 4 74
2 2 4 72
1 2 5 73
2 3 4 59
1 2 4 48
2 2 4 49
4 2 4 40
1 2 6 41
2 3 4 39
3 2 4 32
5 2 4 32
2 5 4 24
3 2 4 23
4 3 4 16
4 2 4 14
2 9 4 11
1 2 3 482
2 4 3 479
1 2 3 472
6 2 3 473
2 2 5 474
1 2 3 468
5 2 3 465
3 4 3 463
6 2 3 463
1 2 3 462
4 7 3 461
5 2 3 462
2 2 3 460
3 3 3 458
3 2 3 455
4 2 3 453
1 2 3 444
3 2 3 444
2 3 3 443
1 3 3 442
2 2 3 438
1 3 3 435
2 2 3 431
7 2 4 430
1 2 5 429
6 2 5 428
5 2 4 430
4 4 3 429
6 2 3 428
1 3 3 427
2 4 3 426
1 8 3 424
1 2 3 421
1 6 3 412
1 3 3 415
4 2 3 413
8 2 3 412
3 4 3 410
2 5 3 408
6 2 6 407
6 2 9 406
4 3 4 409
2 2 4 408
5 2 3 406
1 2 3 405
2 2 3 400
7 2 3 399
5 2 3 399
8 2 3 398
2 5 3 395
4 2 3 394
1 4 3 389
4 2 4 389
3 2 4 390
5 2 7 391
6 2 7 390
2 4 3 382
5 2 3 375
1 2 4 376
5 3 4 375
4 3 3 375
1 4 3 368
1 5 3 361
6 3 3 358
1 5 3 356
3 2 3 350
1 3 3 348
2 2 6 347
1 6 3 339
6 2 5 339
2 2 6 340
3 2 3 336
1 2 4 335
2 3 3 335
4 2 3 334
1 5 3 333
3 3 3 328
2 2 3 324
1 2 3 313
5 2 5 313
4 2 3 309
1 3 3 303
1 2 3 297
3 2 3 296
6 2 4 296
5 2 4 296
2 2 3 296
4 5 3 295
1 2 3 291
2 2 3 283
4 3 3 282
2 5 3 278
4 4 3 275
1 3 3 273
4 2 4 274
5 3 3 272
3 3 3 269
2 2 3 265
1 6 3 266
2 4 3 267
6 2 3 266
6 2 3 258
4 2 3 255
5 3 3 248
7 2 4 249
2 2 4 248
2 4 3 239
6 2 3 232
6 2 3 230
1 10 3 230
1 2 3 228
2 3 3 228
1 2 4 226
5 2 3 228
7 2 3 219
2 2 6 220
4 2 6 219
5 2 3 205
3 2 3 204
2 2 3 204
5 2 3 196
2 4 3 187
2 2 3 181
6 2 3 176
1 3 3 170
6 2 3 166
6 2 3 161
3 2 4 161
1 4 3 158
4 2 3 160
1 2 4 161
5 2 3 157
4 2 3 150
1 3 3 148
1 3 4 148
4 2 4 146
2 7 3 145
5 4 3 141
6 3 3 140
1 5 3 138
7 2 4 140
3 2 4 137
2 2 4 136
2 2 3 140
4 2 3 139
5 2 3 127
1 2 3 128
2 2 3 128
1 3 3 123
3 4 3 120
7 4 3 113
4 2 3 110
3 2 3 96
7 2 3 95
7 2 3 79
4 4 3 78
2 2 3 76
4 2 3 71
2 2 3 64
2 3 3 57
1 2 7 55
5 2 8 54
5 2 3 58
3 2 3 58
4 2 3 54
1 2 5 53
5 5 3 54
6 2 3 55
4 3 3 51
1 5 3 49
3 5 3 43
5 2 3 23
6 2 3 20
5 2 9 21
1 5 3 18
1 3 3 15
8 2 4 16
3 2 3 13
3 2 2 487
2 3 2 485
3 2 4 483
1 3 2 480
6 2 2 482
5 2 2 482
5 3 2 479
3 2 2 477
6 2 5 477
8 2 5 476
1 2 2 476
6 3 2 475
3 3 2 470
5 2 2 470
2 3 2 468
1 2 4 466
3 3 4 466
3 4 2 463
3 2 3 461
5 2 2 462
2 2 2 453
1 2 2 452
3 3 2 444
2 2 3 443
5 2 3 443
7 2 3 442
6 4 3 441
3 2 2 444
2 2 2 428
4 2 2 411
3 2 2 410
2 2 2 408
7 2 2 409
3 2 2 403
1 2 4 402
6 2 3 402
5 6 2 398
5 2 6 397
4 2 2 399
6 3 2 399
7 2 2 397
1 4 2 389
5 2 2 389
3 2 2 384
4 2 2 378
1 3 2 376
2 3 2 368
4 2 5 366
2 2 3 369
2 2 2 357
5 2 2 351
1 2 3 351
6 2 3 351
7 2 2 351
3 2 2 350
1 3 2 348
4 3 2 348
4 2 5 349
1 2 5 349
4 2 4 346
5 2 4 346
2 2 2 346
5 2 2 343
3 2 2 341
2 2 2 342
2 2 3 341
4 4 3 341
5 2 2 331
1 2 2 332
2 3 2 328
5 3 2 324
5 2 2 316
3 3 2 315
7 2 2 316
2 5 2 301
1 2 2 293
5 2 2 288
2 2 2 288
3 4 2 283
6 2 7 284
5 2 2 284
1 3 2 268
5 2 2 266
3 2 2 265
3 5 2 262
5 2 2 258
1 2 2 256
2 3 2 256
3 3 2 254
1 3 2 253
4 3 2 252
3 2 2 252
7 2 2 252
4 4 2 249
5 2 2 244
4 2 2 241
2 2 2 242
3 4 2 236
4 2 2 236
2 2 2 234
5 3 2 232
4 2 2 226
1 2 2 225
6 2 2 220
5 2 2 219
7 2 5 219
3 2 4 219
2 5 2 218
1 2 3 219
3 2 2 215
2 3 2 213
1 2 2 207
1 4 2 203
2 2 2 199
2 3 2 197
4 2 2 196
6 2 6 195
1 5 2 195
3 2 2 194
1 2 2 186
1 2 2 181
2 4 2 177
4 2 5 177
1 2 2 174
5 2 2 175
4 2 3 174
3 2 2 174
2 2 2 161
7 2 2 157
4 2 2 156
3 2 2 145
2 4 2 143
1 4 2 134
7 2 2 129
7 2 3 128
5 2 2 128
6 2 2 128
4 2 2 125
3 2 2 124
6 2 2 125
5 4 2 123
5 2 5 121
3 2 5 121
1 2 3 121
5 2 3 122
4 2 3 122
2 7 3 120
6 2 2 117
2 3 2 116
1 2 4 117
7 2 3 117
5 2 2 111
2 3 2 110
4 2 3 110
6 3 2 111
3 2 2 111
2 5 2 105
4 2 4 107
2 2 2 103
4 6 2 102
2 5 2 98
1 5 2 94
2 2 3 92
5 2 2 88
4 2 3 87
5 2 3 88
2 2 3 87
1 2 2 89
3 5 2 87
1 2 2 80
3 3 2 75
2 6 2 70
3 3 2 67
4 2 7 66
2 2 2 68
1 2 2 69
1 2 2 63
6 2 2 62
4 2 2 58
5 2 3 58
4 2 4 57
7 4 3 57
6 3 2 56
3 2 2 56
2 2 2 53
4 2 2 52
3 4 2 47
1 2 2 44
4 2 3 44
4 3 2 41
4 2 2 40
2 2 5 39
2 2 6 38
6 2 5 38
5 2 5 39
8 2 5 37
3 3 2 39
3 2 3 39
1 2 3 39
3 2 2 30
3 2 2 20
8 2 6 21
2 3 2 17
3 2 3 17
6 2 2 17
4 2 2 16
5 2 2 15
2 2 2 14
2 2 1 470
3 2 1 468
3 2 2 467
4 3 2 467
8 2 2 467
3 2 1 459
4 2 1 458
5 2 4 459
5 2 1 459
1 2 1 438
5 2 1 434
1 2 1 432
1 2 1 427
2 2 1 418
5 3 1 412
2 2 2 410
4 2 1 413
1 3 1 413
1 2 1 409
4 2 1 390
3 2 1 385
3 2 1 374
1 2 1 364
7 2 1 351
5 2 3 350
4 2 2 352
3 2 2 351
3 2 1 349
1 2 1 345
5 2 5 344
4 2 3 346
1 2 3 347
3 2 1 346
3 2 3 345
6 2 1 345
1 2 4 344
5 2 2 346
3 2 1 340
2 2 1 338
8 2 1 337
3 2 1 337
2 3 1 323
4 2 1 312
2 2 1 311
1 2 1 297
1 2 1 294
1 3 2 294
3 3 2 294
2 3 1 292
3 2 1 285
2 2 5 284
2 2 1 262
4 2 1 261
4 2 1 252
3 2 6 251
5 2 7 250
2 2 6 250
3 2 3 251
6 2 3 251
1 2 2 251
7 2 3 250
2 4 2 250
4 3 2 249
3 2 1 248
2 2 1 240
1 2 1 241
2 2 1 242
5 3 1 233
4 2 1 223
4 2 1 218
7 2 2 217
3 3 2 217
4 2 1 214
8 2 1 215
5 2 1 210
4 2 1 209
2 2 1 189
6 2 1 187
3 2 2 187
2 2 2 188
7 2 1 187
3 2 1 183
1 2 1 171
2 2 1 167
3 2 1 157
5 2 2 157
4 2 1 157
1 2 1 147
5 2 5 146
2 2 1 148
2 2 1 144
7 2 1 143
6 2 1 144
3 2 1 145
1 2 1 138
3 2 1 134
4 2 1 132
2 2 1 126
2 2 2 127
1 4 1 122
7 2 1 118
1 2 1 115
3 2 1 102
6 2 3 103
3 2 3 104
1 2 1 97
5 2 1 93
5 2 4 92
2 4 1 89
6 2 1 86
6 2 1 83
4 2 1 81
6 2 4 80
3 2 1 67
6 2 1 66
2 2 1 42
7 2 5 41
5 2 1 42
3 2 3 41
6 2 1 41
1 2 1 42
6 2 4 42
2 2 4 41
5 2 2 41
2 2 1 38
5 2 1 38
6 2 1 28
4 2 1 29
4 2 2 29
4 2 1 11
5 2 2 12
3 2 1 12
1 2 1 10
