34638
3741
3 2 100 2
1 2 100 11
7 2 100 17
2 2 100 20
1 2 100 22
2 2 100 24
6 2 100 26
5 2 100 33
4 2 100 38
4 2 100 44
5 2 100 51
7 2 100 83
6 2 100 95
4 2 100 99
7 2 99 3
5 2 99 19
4 2 99 23
6 2 99 69
6 2 98 20
8 2 98 21
4 2 98 36
6 2 99 34
6 2 98 36
3 2 98 37
3 2 98 43
8 2 98 60
6 2 98 79
5 2 98 84
6 2 99 82
4 2 98 99
3 2 97 1
1 2 97 23
4 2 97 33
4 2 97 48
4 2 98 47
6 2 97 49
3 2 97 59
5 2 97 67
2 2 97 99
4 2 96 29
8 2 96 51
4 2 96 60
4 2 96 65
3 2 96 77
6 2 99 77
6 2 96 86
6 2 100 85
3 2 95 2
7 2 95 10
4 2 95 18
5 2 95 17
6 2 95 34
7 2 95 33
4 2 95 41
6 2 95 43
5 2 95 47
3 2 95 46
5 2 99 45
3 2 95 93
6 2 94 5
6 2 94 15
4 2 94 20
4 2 94 45
2 2 94 50
4 2 94 64
3 2 94 68
2 2 97 68
6 2 94 76
6 2 94 90
6 2 93 7
7 2 93 7
6 2 96 7
5 2 93 10
6 2 97 8
3 2 93 15
3 2 98 16
2 2 93 23
5 2 93 30
3 2 97 30
3 2 93 66
5 2 94 66
4 2 93 71
3 2 98 72
1 2 93 74
5 2 95 75
2 2 93 75
3 2 93 74
4 2 92 54
4 2 98 54
3 2 100 53
3 2 98 54
3 2 94 56
4 2 100 57
3 2 91 3
8 2 94 4
5 2 97 3
6 2 92 2
7 2 91 6
4 2 91 12
6 2 98 11
3 2 94 11
7 2 97 12
5 2 99 13
4 2 91 29
1 2 91 31
3 2 99 32
5 2 91 58
4 2 95 58
5 2 91 67
4 2 93 66
4 2 93 68
2 2 95 70
5 2 93 67
4 2 91 67
6 2 91 72
3 2 92 72
5 2 90 21
5 2 90 28
5 2 89 3
4 2 89 13
5 2 96 14
7 2 89 37
3 2 92 38
2 2 92 39
3 2 93 40
7 2 92 39
4 2 89 45
5 2 96 44
1 2 89 47
3 2 98 49
6 2 94 47
8 2 89 55
5 2 92 56
4 2 97 57
8 2 91 56
4 2 91 56
3 2 89 65
2 2 90 64
4 2 89 73
5 2 94 72
4 2 88 26
5 2 88 28
2 2 88 46
5 2 88 56
1 2 88 75
5 2 90 75
6 2 88 79
8 2 93 79
7 2 100 81
4 2 88 92
5 2 90 92
8 2 88 95
5 2 100 97
4 2 88 94
6 2 87 15
5 2 95 16
7 2 89 15
4 2 95 16
4 2 87 20
3 2 87 25
5 2 87 26
4 2 87 72
3 2 87 83
2 2 92 83
1 2 92 85
3 2 94 86
2 2 93 86
7 2 91 83
2 2 89 83
5 2 86 10
3 2 91 9
1 2 91 8
3 2 91 7
3 2 91 11
5 2 92 11
6 2 86 9
2 2 86 10
7 2 91 10
4 2 90 11
4 2 87 9
8 2 88 10
6 2 88 10
2 2 86 23
4 2 90 22
4 2 90 24
7 2 86 42
6 2 90 42
4 2 90 43
8 2 93 42
2 2 96 41
6 2 86 52
4 2 92 52
2 2 91 52
1 2 89 52
5 2 92 54
4 2 86 66
1 2 86 73
8 2 87 74
5 2 86 82
2 2 86 100
4 2 94 100
7 2 88 99
4 2 97 98
4 2 94 99
7 2 90 98
2 2 92 98
4 2 85 29
3 2 93 28
3 2 91 29
4 2 90 28
5 2 86 30
5 2 85 37
2 2 95 38
4 2 85 46
7 2 90 47
4 2 85 61
2 2 96 60
6 2 91 61
6 2 85 68
7 2 90 67
3 2 90 68
5 2 87 68
4 2 86 68
7 2 85 69
5 2 92 70
5 2 85 96
3 2 89 95
2 2 84 8
5 2 89 7
7 2 85 8
2 2 92 7
1 2 92 8
5 2 84 29
6 2 84 29
4 2 84 31
6 2 87 30
6 2 84 31
2 2 93 32
6 2 92 33
4 2 95 32
7 2 87 32
5 2 84 34
3 2 96 35
1 2 92 33
6 2 92 35
7 2 91 35
8 2 84 36
2 2 94 35
2 2 84 57
7 2 91 59
6 2 84 69
6 2 84 81
3 2 87 82
2 2 91 81
2 2 88 81
4 2 84 87
6 2 100 89
4 2 94 86
5 2 93 86
3 2 89 87
8 2 93 88
4 2 91 86
3 2 91 87
2 2 89 87
1 2 83 12
5 2 93 12
6 2 83 46
1 2 83 55
4 2 83 57
8 2 88 57
7 2 83 70
6 2 83 89
4 2 95 90
8 2 95 90
4 2 92 88
2 2 90 89
6 2 91 89
3 2 89 89
4 2 89 90
5 2 88 90
4 2 90 91
3 2 83 98
8 2 92 97
5 2 96 96
7 2 96 97
4 2 86 97
6 2 82 25
1 2 85 25
8 2 95 26
5 2 94 24
2 2 82 26
8 2 87 26
6 2 83 26
6 2 92 25
6 2 89 25
7 2 83 27
6 2 93 28
6 2 91 27
6 2 87 26
6 2 87 28
8 2 82 63
3 2 100 62
6 2 95 63
7 2 95 63
6 2 89 63
7 2 91 64
5 2 82 70
3 2 93 71
7 2 82 77
5 2 92 78
7 2 96 77
4 2 93 79
2 2 92 79
5 2 94 80
6 2 84 76
5 2 95 77
5 2 94 76
4 2 94 77
4 2 92 76
4 2 84 76
5 2 82 89
1 2 82 90
2 2 87 90
5 2 85 89
1 2 82 95
4 2 82 98
6 2 81 17
7 2 89 17
7 2 94 19
4 2 81 20
5 2 81 25
7 2 81 36
3 2 92 35
8 2 88 35
2 2 89 36
2 2 92 37
5 2 91 37
5 2 86 34
4 2 81 36
5 2 87 37
3 2 87 36
3 2 81 47
8 2 82 46
3 2 93 48
4 2 81 65
8 2 81 77
5 2 84 76
4 2 86 76
7 2 81 79
7 2 88 80
4 2 85 78
6 2 88 79
4 2 88 80
5 2 84 79
6 2 81 87
4 2 87 87
2 2 80 34
2 2 80 38
5 2 81 40
2 2 80 47
3 2 90 47
4 2 85 48
5 2 84 48
4 2 88 47
4 2 83 48
7 2 90 50
6 2 92 51
3 2 84 49
5 2 80 60
5 2 88 59
5 2 80 88
7 2 81 88
4 2 80 94
3 2 90 94
6 2 88 94
6 2 80 99
5 2 79 10
6 2 79 9
7 2 79 8
6 2 79 7
3 2 79 15
4 2 91 15
3 2 84 16
7 2 92 17
6 2 88 17
7 2 91 19
6 2 87 16
8 2 84 16
1 2 79 38
7 2 80 38
4 2 79 39
3 2 79 52
7 2 88 53
3 2 90 52
4 2 84 54
2 2 88 54
2 2 84 53
1 2 82 51
5 2 79 58
6 2 88 58
4 2 81 59
5 2 79 64
5 2 79 68
7 2 79 77
4 2 79 91
4 2 79 96
3 2 84 95
2 2 91 96
1 2 90 96
2 2 81 96
7 2 83 96
5 2 79 96
3 2 89 97
4 2 78 1
2 2 78 1
2 2 78 4
8 2 87 3
6 2 90 2
8 2 82 5
4 2 78 21
7 2 89 20
5 2 85 20
7 2 78 26
3 2 78 26
7 2 78 32
5 2 83 32
1 2 82 33
5 2 90 34
5 2 81 32
7 2 82 33
6 2 78 64
3 2 78 83
4 2 84 82
5 2 84 82
4 2 77 37
5 2 77 41
4 2 77 43
3 2 89 44
6 2 77 43
2 2 90 43
7 2 77 53
1 2 80 52
5 2 77 53
2 2 78 53
4 2 77 53
6 2 78 54
3 2 87 55
4 2 80 56
1 2 77 53
1 2 82 54
5 2 79 53
8 2 79 53
5 2 77 76
4 2 82 76
3 2 80 75
2 2 85 75
4 2 77 89
6 2 77 92
5 2 77 96
5 2 76 2
7 2 88 1
5 2 88 1
7 2 76 9
8 2 80 9
8 2 82 8
5 2 79 9
7 2 83 9
1 2 76 10
6 2 76 11
4 2 80 13
4 2 76 19
6 2 87 19
3 2 87 20
4 2 76 21
6 2 76 27
4 2 78 27
6 2 82 28
4 2 76 59
6 2 87 59
8 2 76 65
5 2 89 64
6 2 88 66
5 2 85 67
4 2 79 67
1 2 76 69
8 2 76 91
5 2 76 99
1 2 75 27
4 2 75 44
5 2 75 58
5 2 75 68
4 2 75 78
6 2 74 8
7 2 87 6
8 2 76 9
1 2 74 40
5 2 87 40
3 2 93 41
2 2 87 40
5 2 85 41
5 2 87 41
4 2 87 41
8 2 87 41
8 2 81 41
8 2 80 40
5 2 84 39
2 2 74 56
3 2 76 57
6 2 74 60
4 2 74 88
1 2 74 92
2 2 73 20
2 2 73 26
6 2 73 57
4 2 73 62
1 2 94 61
6 2 93 61
2 2 76 63
3 2 79 62
7 2 73 92
6 2 72 28
4 2 72 40
6 2 77 41
2 2 82 41
6 2 74 42
5 2 72 41
6 2 72 40
4 2 79 41
6 2 72 65
3 2 72 66
5 2 71 7
7 2 82 6
4 2 71 16
4 2 74 15
6 2 71 26
5 2 71 25
7 2 71 28
4 2 71 42
4 2 71 66
7 2 73 66
3 2 78 67
1 2 82 67
3 2 75 66
3 2 71 82
1 2 82 81
5 2 71 90
5 2 70 20
2 2 86 19
5 2 70 35
3 2 81 34
7 2 83 33
5 2 83 33
4 2 69 20
6 2 73 19
4 2 85 18
2 2 80 18
2 2 69 26
5 2 69 54
1 2 75 55
7 2 69 66
8 2 69 72
3 2 73 71
3 2 69 77
1 2 77 78
3 2 76 77
5 2 73 78
6 2 81 79
4 2 69 89
6 2 80 90
6 2 78 89
5 2 69 94
3 2 68 20
3 2 75 21
6 2 80 20
3 2 68 66
5 2 68 89
4 2 75 89
5 2 68 97
6 2 75 97
5 2 67 38
7 2 74 37
3 2 67 69
3 2 73 68
6 2 67 73
4 2 88 72
8 2 84 74
7 2 80 72
8 2 81 73
8 2 79 72
7 2 71 72
6 2 72 71
2 2 72 71
8 2 81 70
8 2 78 71
3 2 71 71
7 2 80 70
2 2 80 71
4 2 85 70
3 2 81 72
6 2 68 73
5 2 87 73
6 2 67 78
6 2 73 77
4 2 67 80
1 2 85 80
3 2 66 26
5 2 71 27
1 2 69 27
6 2 66 32
4 2 70 31
5 2 70 31
2 2 89 30
2 2 80 30
2 2 78 31
3 2 68 33
2 2 70 34
5 2 66 33
2 2 67 33
5 2 77 33
4 2 78 34
2 2 77 33
1 2 66 37
6 2 85 36
5 2 79 37
5 2 66 57
6 2 69 57
7 2 70 57
4 2 74 58
3 2 78 59
7 2 66 58
5 2 66 58
7 2 76 58
1 2 76 59
6 2 88 60
2 2 87 60
7 2 92 62
6 2 86 60
6 2 66 59
4 2 66 82
5 2 66 100
5 2 71 99
6 2 65 4
6 2 76 3
7 2 72 5
8 2 85 7
8 2 72 6
2 2 65 67
2 2 65 95
2 2 80 95
4 2 79 94
6 2 69 96
7 2 64 4
3 2 74 4
5 2 84 4
6 2 92 5
7 2 68 4
6 2 82 5
8 2 75 3
2 2 77 3
5 2 77 4
4 2 76 3
6 2 76 3
7 2 64 33
5 2 64 34
5 2 64 46
4 2 79 45
4 2 77 45
3 2 64 59
5 2 64 88
5 2 81 87
6 2 63 6
8 2 81 7
5 2 65 8
2 2 70 9
3 2 63 16
2 2 71 15
7 2 63 27
5 2 63 62
3 2 63 89
7 2 72 88
4 2 76 88
3 2 84 87
6 2 72 91
2 2 77 90
1 2 68 88
6 2 63 92
4 2 69 92
3 2 62 21
6 2 68 19
3 2 70 20
6 2 67 21
3 2 63 21
3 2 74 21
5 2 68 20
8 2 68 19
3 2 64 20
7 2 69 21
2 2 74 22
6 2 62 41
8 2 62 81
6 2 70 82
4 2 72 82
1 2 75 81
6 2 66 80
5 2 66 80
4 2 80 79
5 2 80 80
3 2 79 80
4 2 66 80
8 2 76 79
1 2 66 82
4 2 62 88
5 2 62 92
7 2 71 91
3 2 62 91
7 2 61 3
6 2 73 2
6 2 86 1
5 2 64 2
1 2 63 2
6 2 82 2
1 2 84 1
4 2 82 1
7 2 70 3
2 2 71 2
2 2 82 2
8 2 65 1
6 2 62 1
4 2 62 1
5 2 61 3
8 2 61 21
4 2 67 21
1 2 61 36
3 2 69 35
7 2 75 36
6 2 71 37
1 2 68 35
2 2 67 35
3 2 65 38
4 2 64 34
3 2 74 33
3 2 61 57
6 2 77 56
5 2 77 56
1 2 77 57
7 2 71 56
3 2 77 56
5 2 67 57
6 2 61 62
8 2 61 68
4 2 61 77
5 2 66 77
3 2 60 1
5 2 60 16
4 2 78 17
4 2 79 17
6 2 72 15
4 2 76 16
5 2 77 17
6 2 70 16
4 2 73 15
3 2 82 14
6 2 78 14
4 2 94 13
5 2 89 13
3 2 89 12
3 2 80 12
3 2 63 16
3 2 60 24
8 2 83 22
8 2 82 24
1 2 88 23
6 2 73 23
4 2 67 23
6 2 62 24
7 2 61 24
3 2 66 25
7 2 72 23
2 2 72 23
4 2 72 22
4 2 60 24
3 2 63 25
8 2 71 25
2 2 62 25
5 2 60 58
6 2 72 59
8 2 72 60
7 2 72 60
8 2 60 60
5 2 68 61
3 2 60 62
1 2 60 86
2 2 91 85
7 2 71 87
3 2 60 88
4 2 60 92
7 2 76 94
7 2 74 93
7 2 62 93
5 2 76 93
6 2 61 93
8 2 81 92
3 2 86 93
6 2 86 94
3 2 69 93
2 2 59 9
7 2 71 8
4 2 67 7
7 2 73 8
1 2 60 9
5 2 66 9
5 2 73 9
4 2 64 9
7 2 59 13
3 2 84 13
4 2 89 14
4 2 86 13
7 2 74 13
1 2 76 14
3 2 74 12
6 2 73 12
1 2 71 12
8 2 78 13
6 2 79 13
7 2 67 14
2 2 75 15
7 2 59 38
6 2 66 39
7 2 81 39
2 2 62 38
8 2 66 37
5 2 59 50
7 2 78 51
5 2 77 50
2 2 59 58
3 2 59 59
2 2 59 59
7 2 67 59
5 2 72 58
3 2 64 59
4 2 68 59
2 2 59 87
3 2 60 86
2 2 87 85
6 2 59 89
5 2 59 95
2 2 70 94
8 2 58 8
2 2 61 8
3 2 58 32
7 2 64 31
5 2 72 30
4 2 61 31
6 2 58 52
2 2 64 53
8 2 58 69
6 2 65 70
6 2 70 72
6 2 68 70
3 2 67 71
5 2 74 73
7 2 66 71
2 2 62 68
6 2 74 67
4 2 58 68
3 2 63 67
8 2 67 68
6 2 70 69
8 2 58 92
4 2 58 94
7 2 57 7
4 2 67 7
5 2 69 6
4 2 81 6
6 2 66 6
7 2 67 6
6 2 59 6
4 2 57 9
2 2 67 9
8 2 63 9
5 2 63 9
6 2 68 10
8 2 62 8
6 2 57 11
5 2 66 10
4 2 57 24
8 2 58 24
5 2 58 25
5 2 57 40
8 2 62 39
2 2 57 68
6 2 67 68
5 2 58 67
8 2 77 66
2 2 76 66
1 2 70 66
1 2 58 68
4 2 59 67
6 2 56 7
4 2 65 6
1 2 64 6
8 2 64 6
6 2 60 6
3 2 68 7
4 2 68 7
6 2 68 7
5 2 56 10
4 2 56 11
4 2 76 11
5 2 56 14
6 2 56 13
6 2 65 14
5 2 61 14
4 2 72 13
5 2 74 12
6 2 59 14
7 2 56 44
3 2 62 45
4 2 61 43
8 2 68 44
2 2 77 45
7 2 64 45
3 2 65 46
7 2 80 47
2 2 70 47
4 2 83 48
5 2 79 48
4 2 66 45
3 2 71 44
3 2 76 44
6 2 85 43
5 2 68 47
8 2 64 45
4 2 56 58
3 2 56 59
5 2 56 65
4 2 59 64
6 2 82 63
6 2 85 62
7 2 63 65
7 2 72 65
4 2 56 65
3 2 69 64
2 2 67 65
5 2 57 65
5 2 56 75
6 2 76 75
4 2 81 74
2 2 75 76
5 2 72 76
5 2 68 76
6 2 76 75
4 2 70 76
1 2 74 75
3 2 71 76
5 2 63 73
4 2 59 74
6 2 56 81
7 2 60 80
7 2 56 85
6 2 56 85
1 2 89 84
7 2 88 84
5 2 78 84
7 2 73 84
4 2 55 62
7 2 65 64
6 2 66 63
6 2 74 63
2 2 74 63
3 2 83 63
8 2 82 63
4 2 55 69
3 2 57 68
5 2 55 88
6 2 55 99
5 2 54 12
2 2 54 11
1 2 54 21
4 2 63 21
1 2 63 21
5 2 54 30
7 2 68 30
3 2 70 30
3 2 71 30
7 2 54 32
4 2 66 31
4 2 64 32
4 2 61 33
1 2 62 34
2 2 59 30
2 2 58 32
6 2 62 31
3 2 69 31
5 2 58 32
4 2 56 31
2 2 61 31
2 2 63 30
7 2 69 29
4 2 67 29
3 2 62 30
3 2 66 30
5 2 56 34
5 2 71 35
4 2 63 36
6 2 68 35
5 2 69 36
6 2 74 37
7 2 68 35
3 2 64 37
5 2 54 71
7 2 54 99
3 2 82 99
7 2 82 99
4 2 65 99
7 2 77 98
7 2 74 99
6 2 73 99
4 2 75 98
7 2 70 99
3 2 71 100
4 2 69 98
3 2 72 98
6 2 71 98
7 2 63 98
8 2 71 97
4 2 75 96
5 2 71 98
7 2 60 99
5 2 72 97
2 2 59 99
6 2 53 71
4 2 65 72
4 2 53 75
5 2 79 74
5 2 53 95
3 2 52 4
4 2 60 5
4 2 52 28
2 2 66 29
8 2 65 28
6 2 52 29
4 2 68 28
4 2 75 27
4 2 66 29
2 2 64 28
7 2 63 28
3 2 52 48
5 2 69 49
2 2 76 49
3 2 75 49
2 2 52 61
4 2 59 60
4 2 52 68
7 2 52 87
6 2 66 87
3 2 57 88
3 2 56 87
6 2 64 86
3 2 73 86
4 2 55 87
8 2 62 87
1 2 57 87
2 2 57 88
7 2 55 88
1 2 51 4
4 2 56 4
5 2 51 37
5 2 54 37
5 2 52 36
6 2 68 38
3 2 51 64
4 2 61 63
2 2 60 63
4 2 64 62
6 2 61 64
5 2 60 64
2 2 64 63
4 2 59 64
2 2 50 47
5 2 70 46
8 2 73 45
1 2 73 45
4 2 50 85
6 2 80 83
1 2 52 86
6 2 79 85
6 2 70 85
3 2 74 85
5 2 75 85
4 2 82 84
3 2 76 84
6 2 72 84
3 2 71 85
6 2 49 5
5 2 60 7
2 2 60 6
7 2 54 6
7 2 56 5
8 2 49 22
6 2 49 33
5 2 55 31
3 2 57 33
5 2 53 33
2 2 49 54
6 2 48 7
2 2 61 7
8 2 48 9
2 2 52 10
3 2 48 18
2 2 67 17
3 2 69 17
8 2 82 18
3 2 82 19
8 2 83 18
7 2 64 18
2 2 63 19
4 2 53 18
5 2 70 17
5 2 62 17
2 2 60 18
4 2 48 23
7 2 48 42
7 2 56 42
3 2 68 42
3 2 80 42
1 2 80 43
1 2 60 41
7 2 51 42
4 2 72 41
7 2 69 43
2 2 70 41
5 2 60 42
6 2 67 42
5 2 59 40
4 2 59 41
6 2 48 49
7 2 77 48
6 2 50 48
5 2 74 49
4 2 72 49
7 2 73 50
3 2 48 51
6 2 66 50
1 2 48 92
3 2 58 94
3 2 59 95
4 2 71 96
2 2 52 92
5 2 47 17
3 2 47 24
5 2 49 25
6 2 48 23
3 2 57 22
4 2 56 22
4 2 61 22
3 2 58 21
2 2 61 19
2 2 60 21
2 2 47 43
3 2 59 44
4 2 47 66
3 2 55 65
4 2 47 70
2 2 64 72
5 2 46 51
8 2 80 51
1 2 48 50
1 2 46 56
4 2 72 56
5 2 46 87
3 2 48 88
4 2 57 90
6 2 67 90
6 2 61 90
7 2 61 90
3 2 56 90
2 2 66 90
4 2 61 90
5 2 51 90
5 2 49 87
5 2 51 86
7 2 61 85
5 2 64 84
6 2 65 85
2 2 60 85
1 2 64 84
8 2 54 85
6 2 50 88
3 2 49 89
2 2 48 87
4 2 46 95
7 2 59 95
6 2 58 95
6 2 52 95
4 2 46 99
5 2 46 99
4 2 61 99
2 2 45 5
4 2 47 7
7 2 60 8
3 2 57 8
5 2 57 8
4 2 60 9
3 2 51 7
4 2 57 8
3 2 59 10
6 2 58 9
6 2 45 11
4 2 46 11
5 2 64 12
2 2 47 11
3 2 56 12
3 2 68 12
1 2 51 10
3 2 46 11
7 2 55 12
8 2 69 11
5 2 68 13
5 2 45 11
5 2 45 17
6 2 52 18
2 2 54 17
8 2 45 25
4 2 45 38
6 2 57 37
4 2 65 38
1 2 65 38
8 2 57 37
3 2 49 37
5 2 45 84
6 2 61 83
8 2 60 83
5 2 69 82
2 2 68 82
1 2 54 83
5 2 56 84
4 2 49 83
6 2 45 95
2 2 44 3
5 2 47 1
4 2 44 11
4 2 44 17
5 2 65 18
3 2 54 18
3 2 44 27
3 2 46 27
6 2 64 28
7 2 44 50
5 2 79 52
6 2 75 51
3 2 61 49
5 2 66 48
3 2 60 51
1 2 59 51
1 2 44 83
5 2 54 83
6 2 48 83
2 2 61 84
2 2 51 82
1 2 60 83
7 2 53 82
5 2 63 82
5 2 65 81
7 2 75 80
1 2 59 81
2 2 62 81
5 2 47 83
6 2 57 83
7 2 46 83
5 2 57 84
5 2 44 87
8 2 48 86
3 2 46 87
6 2 48 87
1 2 44 97
6 2 43 10
2 2 47 10
6 2 43 12
7 2 43 62
4 2 49 62
6 2 43 87
6 2 56 87
6 2 43 90
5 2 49 89
8 2 43 93
2 2 52 93
3 2 55 92
5 2 47 92
3 2 43 100
3 2 44 100
5 2 42 2
8 2 42 15
2 2 56 16
5 2 52 16
4 2 42 23
2 2 45 25
6 2 44 25
6 2 55 24
1 2 42 28
2 2 45 27
5 2 52 26
4 2 62 25
4 2 42 55
6 2 67 55
3 2 71 55
2 2 65 54
4 2 66 55
3 2 65 55
6 2 65 55
6 2 70 55
2 2 63 55
4 2 73 55
3 2 55 56
8 2 55 56
5 2 62 56
6 2 55 57
4 2 50 56
3 2 63 56
2 2 60 55
3 2 44 56
5 2 50 58
3 2 43 53
8 2 42 63
8 2 60 62
7 2 60 63
4 2 42 67
8 2 58 68
7 2 42 70
6 2 55 71
4 2 52 71
2 2 42 74
6 2 55 75
2 2 58 76
8 2 63 75
6 2 43 74
5 2 43 75
7 2 42 90
3 2 58 91
5 2 45 89
6 2 48 89
3 2 41 7
7 2 51 6
4 2 50 7
3 2 55 8
2 2 55 9
5 2 41 33
3 2 41 53
3 2 62 54
6 2 59 52
5 2 58 52
6 2 58 54
4 2 57 52
1 2 51 52
3 2 44 53
5 2 46 54
6 2 44 54
2 2 55 54
6 2 41 74
7 2 41 77
2 2 58 77
4 2 66 78
6 2 74 78
5 2 74 79
5 2 72 78
4 2 67 77
7 2 55 78
7 2 65 78
7 2 53 76
6 2 51 77
4 2 60 76
4 2 48 76
2 2 54 77
5 2 54 78
4 2 59 80
4 2 58 79
2 2 63 79
5 2 56 79
3 2 55 78
5 2 46 78
6 2 55 79
6 2 48 78
7 2 41 99
6 2 40 1
3 2 40 27
2 2 40 33
4 2 61 34
1 2 49 34
3 2 61 35
1 2 61 35
4 2 64 35
2 2 61 36
5 2 45 32
8 2 56 31
6 2 40 53
4 2 40 71
5 2 69 72
5 2 54 70
8 2 68 71
6 2 50 70
3 2 55 69
3 2 45 71
6 2 40 89
4 2 48 88
1 2 47 88
7 2 43 87
7 2 53 86
1 2 40 90
1 2 53 91
8 2 44 89
8 2 39 2
3 2 65 2
8 2 53 2
1 2 55 1
5 2 46 1
4 2 39 5
3 2 50 5
8 2 53 6
5 2 39 11
3 2 39 17
7 2 39 21
7 2 57 20
5 2 50 21
6 2 49 21
8 2 47 20
6 2 51 21
2 2 46 20
4 2 40 20
4 2 47 19
3 2 67 19
3 2 45 20
7 2 41 21
3 2 39 86
3 2 49 85
4 2 44 86
6 2 60 85
5 2 59 85
5 2 43 85
5 2 47 84
1 2 43 85
4 2 46 84
4 2 44 85
5 2 39 89
2 2 39 91
2 2 51 91
2 2 49 91
2 2 39 98
5 2 61 97
6 2 53 97
6 2 51 98
7 2 38 13
6 2 44 12
5 2 52 13
8 2 44 14
7 2 43 12
5 2 43 12
4 2 43 12
7 2 42 14
6 2 38 37
6 2 48 36
2 2 43 38
7 2 52 40
6 2 42 38
4 2 53 37
1 2 38 42
8 2 57 42
3 2 68 41
5 2 62 42
5 2 47 41
7 2 56 42
4 2 43 42
3 2 61 42
8 2 51 43
3 2 38 56
3 2 38 82
3 2 48 81
2 2 39 81
5 2 55 81
3 2 42 80
5 2 56 80
6 2 47 81
3 2 51 81
7 2 50 81
3 2 43 79
2 2 67 80
7 2 46 80
4 2 39 81
8 2 57 81
2 2 41 80
7 2 49 80
6 2 41 81
2 2 39 81
7 2 39 82
4 2 61 82
4 2 37 16
4 2 49 17
4 2 37 58
4 2 52 59
4 2 57 61
8 2 52 59
3 2 52 60
4 2 62 59
2 2 59 58
5 2 53 61
2 2 55 61
5 2 57 61
3 2 54 61
5 2 49 57
3 2 49 59
8 2 42 59
3 2 58 59
7 2 42 60
2 2 43 59
8 2 37 67
7 2 56 68
2 2 50 65
3 2 45 68
4 2 46 67
2 2 49 68
3 2 42 68
6 2 44 68
4 2 41 69
2 2 65 69
6 2 50 69
4 2 38 67
2 2 51 66
3 2 39 67
3 2 37 84
4 2 58 86
4 2 36 14
3 2 55 14
5 2 48 15
5 2 46 14
6 2 38 15
2 2 43 15
5 2 37 15
6 2 36 13
2 2 41 12
6 2 39 12
4 2 47 12
3 2 39 12
4 2 39 13
7 2 36 17
1 2 36 26
4 2 48 27
2 2 62 28
6 2 36 35
7 2 36 35
4 2 36 36
4 2 41 35
3 2 50 34
2 2 55 35
4 2 54 34
3 2 36 37
5 2 40 36
7 2 49 35
7 2 36 37
3 2 36 54
5 2 46 55
6 2 37 53
4 2 42 52
3 2 41 54
3 2 37 52
1 2 37 54
2 2 36 69
1 2 36 72
6 2 36 85
5 2 41 84
1 2 36 97
6 2 36 96
8 2 55 95
2 2 58 93
1 2 55 96
6 2 40 96
4 2 54 98
5 2 48 97
7 2 52 97
1 2 35 6
7 2 43 5
3 2 49 6
8 2 35 8
1 2 52 8
8 2 51 8
5 2 42 7
8 2 42 8
8 2 39 8
5 2 44 9
3 2 41 9
2 2 35 14
7 2 35 25
2 2 39 26
6 2 56 28
5 2 52 27
8 2 52 28
4 2 37 27
6 2 35 42
6 2 43 42
7 2 60 44
6 2 59 44
8 2 35 58
5 2 40 57
7 2 37 57
7 2 35 61
1 2 42 60
5 2 41 60
3 2 35 60
5 2 34 8
5 2 41 9
3 2 34 27
6 2 37 27
4 2 55 28
6 2 34 27
7 2 35 27
4 2 34 42
5 2 39 42
4 2 38 41
8 2 52 39
5 2 52 39
1 2 43 40
1 2 34 47
4 2 62 46
4 2 69 46
3 2 57 46
5 2 75 48
2 2 75 48
3 2 49 46
4 2 56 46
5 2 59 45
5 2 74 47
6 2 57 45
3 2 63 46
4 2 50 46
5 2 46 47
2 2 50 46
8 2 58 45
4 2 50 46
6 2 42 48
7 2 46 49
1 2 34 56
3 2 34 73
4 2 51 72
5 2 45 71
3 2 48 71
7 2 42 74
5 2 47 74
7 2 46 74
5 2 40 72
5 2 62 72
4 2 46 73
5 2 44 73
5 2 41 72
2 2 41 71
7 2 35 73
5 2 48 74
4 2 41 72
6 2 44 71
3 2 35 74
8 2 34 74
3 2 46 75
4 2 34 80
5 2 34 81
6 2 44 82
5 2 46 82
1 2 45 82
2 2 44 83
3 2 33 19
4 2 38 18
8 2 33 36
4 2 44 35
6 2 37 35
3 2 39 35
5 2 36 35
2 2 38 34
4 2 37 36
8 2 36 34
3 2 51 33
8 2 49 33
6 2 38 34
5 2 38 36
5 2 47 36
4 2 35 35
6 2 34 36
4 2 41 36
6 2 36 37
7 2 42 36
3 2 51 37
2 2 34 37
6 2 33 40
7 2 50 39
6 2 49 39
3 2 33 55
4 2 33 77
3 2 52 77
1 2 41 78
6 2 37 79
2 2 35 76
6 2 39 77
6 2 33 77
3 2 33 81
2 2 33 97
4 2 42 97
5 2 48 98
1 2 43 96
5 2 52 95
8 2 67 94
2 2 64 95
4 2 34 95
2 2 43 94
3 2 33 98
4 2 48 99
8 2 47 99
6 2 33 99
4 2 32 13
2 2 32 23
2 2 36 22
2 2 42 24
6 2 62 23
2 2 44 23
1 2 41 24
3 2 47 24
6 2 38 20
2 2 40 22
3 2 32 23
4 2 32 32
6 2 51 32
6 2 54 31
4 2 58 30
3 2 39 31
3 2 53 31
7 2 32 40
4 2 32 41
8 2 32 56
2 2 37 56
2 2 34 55
2 2 32 56
4 2 39 56
3 2 32 77
4 2 32 83
4 2 34 83
3 2 41 84
5 2 36 82
6 2 31 26
5 2 45 26
3 2 42 25
7 2 36 26
2 2 34 25
2 2 32 26
3 2 31 27
6 2 60 28
2 2 55 28
6 2 59 30
1 2 58 29
8 2 55 28
2 2 46 29
4 2 53 30
4 2 42 27
4 2 31 26
3 2 31 40
4 2 31 44
6 2 46 45
5 2 55 44
6 2 38 43
7 2 38 43
4 2 45 44
7 2 39 44
1 2 31 44
4 2 31 58
5 2 42 58
4 2 54 57
3 2 36 58
3 2 43 57
2 2 36 59
3 2 31 61
1 2 37 60
4 2 31 60
1 2 35 59
2 2 32 60
3 2 37 61
3 2 34 60
5 2 31 67
4 2 59 66
2 2 45 67
6 2 60 66
4 2 37 67
3 2 51 66
1 2 36 68
1 2 34 67
6 2 31 87
3 2 44 86
4 2 31 94
3 2 63 96
4 2 42 93
5 2 30 10
4 2 32 9
3 2 32 10
4 2 37 10
5 2 38 11
4 2 32 11
2 2 37 12
7 2 31 9
4 2 30 9
1 2 33 8
8 2 30 11
7 2 34 11
3 2 30 17
1 2 30 18
2 2 30 20
7 2 35 20
1 2 60 19
5 2 30 57
6 2 30 56
2 2 30 71
3 2 46 70
2 2 46 71
1 2 43 70
8 2 43 70
3 2 30 75
3 2 45 75
7 2 63 76
3 2 30 82
3 2 37 83
3 2 34 82
4 2 30 96
6 2 29 24
5 2 58 23
1 2 34 23
1 2 39 23
7 2 46 22
2 2 34 22
3 2 34 22
1 2 41 21
1 2 38 22
5 2 29 25
1 2 29 36
7 2 29 59
6 2 29 58
3 2 29 64
4 2 49 63
4 2 42 63
3 2 48 64
1 2 48 64
6 2 46 65
7 2 50 66
7 2 47 65
2 2 48 66
4 2 40 66
4 2 42 66
2 2 29 88
4 2 38 86
6 2 35 87
5 2 32 87
6 2 29 93
4 2 39 92
4 2 32 93
4 2 42 93
3 2 31 93
7 2 29 95
4 2 28 28
4 2 34 29
3 2 35 29
6 2 32 27
4 2 31 28
2 2 30 27
8 2 28 28
4 2 39 29
4 2 28 29
5 2 30 28
6 2 28 28
6 2 30 30
4 2 29 27
5 2 28 30
6 2 51 30
8 2 51 31
8 2 28 32
6 2 48 32
8 2 29 31
6 2 32 30
2 2 28 37
5 2 41 38
4 2 34 36
8 2 30 39
7 2 28 51
2 2 40 51
3 2 35 50
6 2 44 49
5 2 43 49
6 2 58 49
5 2 56 49
4 2 55 49
2 2 46 50
3 2 45 49
2 2 43 49
6 2 42 49
4 2 34 51
3 2 32 51
8 2 34 51
3 2 39 50
4 2 34 51
8 2 65 50
7 2 28 53
4 2 28 64
4 2 37 64
6 2 44 63
3 2 34 66
2 2 32 63
1 2 28 66
7 2 40 67
3 2 38 67
6 2 39 67
8 2 28 68
4 2 28 99
5 2 27 24
3 2 36 24
1 2 30 24
6 2 27 23
5 2 36 22
6 2 32 22
4 2 34 21
8 2 39 20
8 2 34 20
7 2 34 24
6 2 33 21
7 2 32 23
1 2 30 22
3 2 27 64
6 2 49 63
5 2 27 80
2 2 30 80
3 2 33 79
1 2 29 80
2 2 27 98
6 2 26 1
6 2 52 2
5 2 63 1
6 2 26 4
6 2 26 15
8 2 30 14
4 2 26 25
6 2 26 28
3 2 26 28
2 2 33 29
5 2 26 34
3 2 29 33
2 2 27 35
3 2 26 35
5 2 26 47
6 2 44 46
4 2 26 47
2 2 44 46
1 2 44 47
8 2 43 46
4 2 37 46
1 2 45 45
4 2 37 48
5 2 34 48
5 2 40 48
4 2 29 47
5 2 26 54
5 2 31 54
1 2 26 78
1 2 26 84
1 2 34 85
5 2 26 85
1 2 35 85
3 2 25 2
3 2 65 1
6 2 51 1
7 2 47 2
3 2 42 1
2 2 38 1
7 2 38 1
4 2 25 3
4 2 41 4
2 2 45 5
7 2 59 5
8 2 45 5
7 2 45 6
7 2 43 5
5 2 25 19
3 2 28 19
6 2 25 23
5 2 29 22
7 2 25 23
5 2 25 25
7 2 25 29
5 2 25 31
2 2 25 36
1 2 36 35
2 2 33 36
2 2 26 36
5 2 25 38
4 2 25 39
6 2 51 40
1 2 48 40
3 2 27 41
4 2 25 59
7 2 28 58
4 2 28 59
8 2 25 65
7 2 45 64
2 2 41 65
2 2 43 64
7 2 25 73
1 2 43 74
4 2 36 75
6 2 25 74
1 2 35 73
1 2 27 75
2 2 25 77
3 2 42 77
6 2 32 77
4 2 32 78
1 2 25 86
1 2 28 87
1 2 26 86
5 2 25 89
2 2 25 94
5 2 34 96
5 2 24 11
2 2 27 10
1 2 24 15
6 2 24 16
1 2 25 17
4 2 24 20
2 2 25 21
4 2 26 20
3 2 41 19
3 2 27 21
7 2 25 22
1 2 24 22
8 2 24 63
3 2 31 64
6 2 27 62
7 2 28 61
5 2 28 61
3 2 25 64
4 2 38 64
5 2 38 65
4 2 48 65
2 2 33 64
7 2 52 63
3 2 32 64
6 2 38 65
5 2 46 65
6 2 24 96
3 2 23 2
1 2 36 1
5 2 23 21
5 2 25 20
3 2 23 41
4 2 23 55
5 2 23 83
4 2 49 84
6 2 23 92
3 2 54 91
5 2 32 90
5 2 22 7
1 2 22 44
3 2 28 43
6 2 26 45
6 2 23 45
5 2 41 45
4 2 46 44
5 2 22 47
4 2 34 48
4 2 40 49
1 2 40 49
8 2 22 46
7 2 22 46
6 2 22 48
7 2 25 49
5 2 35 50
7 2 22 48
4 2 22 57
4 2 46 56
1 2 22 59
8 2 22 65
2 2 30 66
4 2 27 66
3 2 28 65
4 2 23 66
3 2 22 87
2 2 25 86
3 2 22 91
2 2 22 93
6 2 21 2
6 2 49 2
2 2 24 1
2 2 22 2
6 2 21 42
5 2 22 40
3 2 21 44
6 2 48 43
1 2 48 43
7 2 21 44
4 2 21 53
6 2 60 52
7 2 46 52
2 2 21 91
6 2 31 90
4 2 21 96
6 2 25 96
8 2 22 97
5 2 20 10
8 2 25 9
6 2 25 10
3 2 20 13
5 2 20 21
3 2 20 23
7 2 20 30
6 2 21 32
4 2 24 34
4 2 22 34
7 2 23 35
3 2 24 36
6 2 24 36
7 2 20 33
8 2 28 33
6 2 20 34
4 2 20 48
6 2 45 48
4 2 24 48
4 2 51 49
4 2 20 50
8 2 24 51
4 2 52 51
4 2 38 52
6 2 37 52
5 2 28 50
8 2 36 49
1 2 33 51
2 2 57 52
5 2 32 49
4 2 28 50
5 2 25 50
5 2 23 49
7 2 27 51
5 2 26 50
4 2 26 51
2 2 23 50
4 2 22 49
8 2 21 49
7 2 22 50
1 2 20 49
3 2 20 60
5 2 24 61
3 2 20 62
4 2 20 62
6 2 23 61
6 2 21 62
3 2 25 62
6 2 36 63
3 2 36 62
5 2 35 63
4 2 20 66
5 2 20 75
5 2 32 75
4 2 30 75
3 2 29 74
4 2 39 75
1 2 39 76
5 2 22 75
2 2 22 74
6 2 20 75
3 2 32 75
6 2 22 76
4 2 30 76
1 2 20 76
1 2 20 88
4 2 21 88
5 2 26 89
7 2 35 89
4 2 22 89
6 2 34 88
5 2 34 88
1 2 22 89
4 2 29 89
2 2 20 99
4 2 19 38
6 2 19 61
4 2 19 60
6 2 24 59
5 2 22 60
4 2 27 59
5 2 19 77
4 2 18 7
2 2 28 6
2 2 22 6
4 2 20 8
2 2 24 9
7 2 24 10
4 2 18 31
5 2 18 48
5 2 18 66
2 2 18 69
4 2 25 68
5 2 28 69
3 2 40 70
4 2 20 70
6 2 30 71
5 2 38 70
6 2 35 70
5 2 34 70
5 2 19 68
3 2 24 68
4 2 28 67
3 2 29 66
4 2 24 67
3 2 18 73
5 2 33 72
3 2 18 76
5 2 18 89
2 2 18 95
6 2 18 98
6 2 26 97
8 2 18 99
1 2 17 7
7 2 21 8
2 2 31 6
5 2 25 8
6 2 25 9
6 2 23 8
3 2 30 7
1 2 20 6
3 2 19 9
3 2 18 8
3 2 17 22
2 2 24 23
3 2 24 24
3 2 17 39
2 2 18 38
3 2 21 37
5 2 22 36
4 2 24 37
5 2 24 37
4 2 17 60
4 2 35 61
8 2 21 59
6 2 19 60
4 2 17 65
3 2 21 63
2 2 20 64
4 2 17 94
3 2 21 94
3 2 35 92
2 2 31 93
5 2 24 94
1 2 16 5
1 2 59 4
8 2 57 4
3 2 18 5
2 2 36 4
7 2 35 5
2 2 22 5
3 2 20 6
6 2 35 4
5 2 39 6
2 2 30 5
5 2 47 4
6 2 16 22
8 2 19 22
5 2 16 24
4 2 33 25
7 2 33 25
7 2 27 25
8 2 27 25
6 2 24 26
1 2 29 26
3 2 16 33
5 2 16 47
3 2 16 65
2 2 16 75
6 2 18 74
6 2 20 73
1 2 52 72
6 2 52 72
4 2 33 72
3 2 36 71
3 2 34 72
3 2 16 100
5 2 15 1
5 2 15 4
5 2 19 3
7 2 22 4
3 2 22 4
5 2 20 2
8 2 15 12
8 2 21 13
6 2 31 12
4 2 48 13
7 2 23 13
5 2 50 13
4 2 37 13
2 2 50 14
8 2 27 12
7 2 47 13
3 2 34 13
7 2 26 12
6 2 22 12
2 2 32 13
2 2 15 13
8 2 37 12
1 2 37 12
2 2 32 14
7 2 17 14
7 2 15 23
3 2 15 26
1 2 24 28
6 2 22 28
8 2 22 28
5 2 26 28
7 2 21 28
3 2 15 43
3 2 27 43
5 2 21 42
5 2 16 43
1 2 15 57
2 2 18 58
1 2 25 57
5 2 15 75
3 2 15 98
4 2 14 7
3 2 14 76
1 2 14 85
5 2 21 84
6 2 15 83
3 2 30 84
4 2 19 82
7 2 24 81
4 2 13 32
2 2 44 31
6 2 17 32
3 2 13 44
6 2 19 44
2 2 13 44
1 2 22 44
5 2 13 61
2 2 35 61
6 2 13 75
2 2 25 77
6 2 13 85
7 2 43 84
2 2 27 84
8 2 24 85
3 2 27 84
6 2 34 85
4 2 16 85
6 2 18 85
5 2 13 89
3 2 13 91
4 2 29 91
6 2 20 90
2 2 19 90
5 2 12 13
5 2 12 18
5 2 23 17
3 2 30 17
5 2 29 16
4 2 12 24
4 2 17 24
5 2 20 23
6 2 12 40
5 2 15 39
4 2 15 40
2 2 14 39
5 2 14 40
2 2 12 41
4 2 16 40
3 2 39 39
3 2 20 39
3 2 18 40
2 2 12 71
1 2 27 71
7 2 27 70
6 2 24 72
1 2 30 71
2 2 20 71
6 2 16 71
4 2 14 71
4 2 15 70
5 2 15 69
5 2 14 71
6 2 14 71
6 2 35 72
8 2 35 73
6 2 34 73
1 2 12 72
2 2 16 72
5 2 12 91
4 2 12 97
2 2 11 12
4 2 19 11
2 2 18 10
7 2 22 9
7 2 20 10
8 2 11 16
3 2 41 17
8 2 45 17
5 2 30 17
4 2 42 17
2 2 30 17
3 2 16 15
3 2 30 14
7 2 27 14
4 2 41 15
5 2 40 15
6 2 26 16
7 2 22 15
2 2 17 15
7 2 17 15
7 2 19 14
4 2 29 15
7 2 22 14
3 2 14 16
6 2 32 18
6 2 11 17
7 2 34 18
7 2 23 16
4 2 11 21
7 2 23 20
6 2 25 19
3 2 12 22
1 2 18 22
8 2 12 22
5 2 14 21
6 2 21 20
2 2 11 21
4 2 11 27
4 2 17 29
3 2 33 29
6 2 16 29
4 2 15 25
4 2 14 27
7 2 15 27
5 2 20 26
1 2 18 27
8 2 16 26
4 2 11 38
6 2 18 40
1 2 19 41
4 2 50 40
7 2 11 61
4 2 14 60
5 2 11 78
3 2 11 82
5 2 34 81
6 2 25 81
6 2 31 79
3 2 17 80
5 2 15 80
5 2 51 79
6 2 28 82
7 2 13 81
3 2 11 85
5 2 15 86
6 2 18 86
4 2 15 87
2 2 13 86
6 2 20 87
2 2 20 88
5 2 11 87
6 2 11 97
1 2 10 4
5 2 21 5
6 2 27 6
1 2 18 5
2 2 11 5
7 2 19 6
3 2 16 4
4 2 46 3
2 2 10 15
6 2 10 20
4 2 22 19
7 2 22 20
4 2 24 19
4 2 28 18
3 2 27 17
7 2 11 21
1 2 11 22
3 2 11 23
7 2 10 33
4 2 18 32
3 2 10 42
4 2 12 40
1 2 10 53
3 2 10 75
2 2 10 83
4 2 18 84
5 2 16 84
5 2 10 91
7 2 41 92
6 2 9 17
6 2 23 18
4 2 9 30
6 2 19 31
3 2 15 29
7 2 17 28
5 2 15 30
6 2 19 29
4 2 13 29
3 2 16 29
6 2 9 64
7 2 9 66
7 2 14 65
3 2 17 66
2 2 17 67
2 2 14 64
8 2 14 63
3 2 17 62
1 2 14 66
7 2 24 67
6 2 9 75
4 2 9 95
2 2 11 94
3 2 23 93
6 2 22 94
4 2 18 94
7 2 8 13
4 2 11 12
8 2 16 13
3 2 12 11
3 2 8 14
7 2 8 17
4 2 36 17
4 2 30 16
6 2 8 26
2 2 13 26
6 2 36 25
4 2 15 26
1 2 13 25
3 2 12 25
3 2 23 25
4 2 22 25
6 2 13 24
3 2 10 26
8 2 9 27
8 2 13 28
7 2 8 33
5 2 10 33
5 2 15 34
2 2 9 32
2 2 13 32
5 2 11 32
4 2 34 32
4 2 33 31
7 2 28 31
4 2 15 32
7 2 10 31
2 2 8 36
4 2 17 36
3 2 21 35
6 2 21 36
5 2 8 70
7 2 9 71
2 2 11 70
6 2 8 70
6 2 11 69
5 2 8 93
6 2 7 10
3 2 7 18
7 2 20 19
8 2 18 19
2 2 19 18
7 2 13 18
8 2 16 20
8 2 14 18
2 2 14 18
8 2 16 18
5 2 16 18
7 2 34 17
4 2 7 22
3 2 7 26
4 2 7 26
8 2 18 25
6 2 9 27
3 2 7 56
3 2 16 55
2 2 10 55
3 2 20 54
3 2 22 55
4 2 24 53
3 2 9 55
6 2 9 56
3 2 9 57
4 2 7 62
4 2 15 61
2 2 27 62
5 2 7 64
3 2 13 64
2 2 9 63
7 2 8 63
2 2 14 61
4 2 7 98
5 2 52 99
4 2 15 97
8 2 29 98
6 2 29 98
4 2 33 98
5 2 14 97
4 2 17 99
5 2 23 99
6 2 18 99
8 2 45 98
1 2 11 99
1 2 6 12
7 2 16 12
8 2 19 11
3 2 6 43
2 2 30 44
5 2 14 43
7 2 6 44
5 2 22 43
7 2 6 61
8 2 12 60
3 2 6 62
5 2 8 64
6 2 8 63
7 2 6 64
8 2 7 65
8 2 14 66
5 2 23 67
1 2 7 66
3 2 6 73
2 2 9 73
2 2 26 73
3 2 7 73
1 2 6 75
4 2 11 76
3 2 6 82
5 2 24 83
6 2 10 84
4 2 22 83
2 2 9 84
2 2 24 82
6 2 8 83
5 2 10 83
6 2 5 16
3 2 5 24
2 2 5 29
6 2 9 30
8 2 9 31
8 2 42 32
5 2 12 32
4 2 12 33
5 2 8 28
1 2 5 42
4 2 9 42
6 2 5 47
3 2 8 46
5 2 24 45
3 2 21 45
5 2 21 46
5 2 12 46
4 2 16 45
7 2 19 45
7 2 10 45
5 2 30 45
2 2 17 44
1 2 9 45
6 2 8 45
6 2 5 93
4 2 50 92
3 2 6 94
3 2 8 93
3 2 5 98
1 2 43 99
4 2 30 99
3 2 4 15
5 2 19 17
6 2 4 18
4 2 4 54
7 2 4 60
6 2 9 59
1 2 4 72
2 2 4 80
3 2 49 79
5 2 8 79
4 2 8 78
4 2 9 77
2 2 5 81
3 2 13 82
3 2 5 80
5 2 5 79
8 2 5 81
8 2 3 20
7 2 3 22
2 2 4 23
5 2 3 27
5 2 3 29
6 2 6 30
7 2 3 37
4 2 3 37
8 2 22 37
5 2 16 38
7 2 3 100
6 2 9 99
4 2 11 99
1 2 2 13
4 2 8 12
1 2 8 12
2 2 2 34
1 2 2 35
8 2 2 35
8 2 2 38
7 2 2 46
3 2 15 46
7 2 26 46
2 2 14 46
6 2 20 46
4 2 14 46
7 2 6 46
6 2 7 46
6 2 28 45
2 2 2 78
3 2 2 89
1 2 4 88
1 2 2 89
7 2 2 97
5 2 6 97
8 2 1 8
6 2 2 9
8 2 17 9
3 2 18 8
4 2 1 10
6 2 1 14
3 2 1 13
4 2 1 16
5 3 64 3
5 3 64 74
2 3 63 39
6 2 61 39
2 3 61 1
6 3 60 3
7 3 59 52
3 3 59 91
3 3 56 58
6 3 55 100
2 3 54 91
7 3 53 2
7 3 53 16
7 3 53 62
5 3 52 39
5 3 52 57
4 3 52 58
5 3 52 100
3 3 51 78
2 3 51 96
5 3 52 96
4 3 50 51
4 3 50 74
3 3 49 90
5 3 48 40
4 3 47 41
6 3 46 34
2 3 46 42
6 3 46 54
1 2 44 53
3 3 46 92
3 3 46 98
3 3 45 11
6 3 45 38
5 3 45 80
5 3 44 23
5 3 44 63
6 3 44 88
4 3 43 5
3 3 43 16
2 3 43 22
6 3 43 76
2 3 43 95
2 3 43 97
7 3 41 7
4 3 41 11
4 3 41 20
3 3 41 39
4 3 41 74
6 3 41 86
6 3 40 14
5 3 40 96
4 3 44 95
8 3 38 4
3 3 38 54
2 3 53 55
2 3 50 54
4 3 45 55
6 3 38 77
7 3 37 11
4 3 37 33
7 3 36 51
6 3 38 51
2 3 35 29
5 3 35 42
5 3 44 41
7 3 41 41
6 3 35 50
3 3 35 69
3 3 53 69
4 3 39 69
5 3 35 88
6 3 35 92
5 3 34 33
6 3 34 37
3 3 34 55
6 3 34 67
3 3 34 89
1 3 34 95
4 3 34 100
6 3 33 43
5 3 33 49
2 3 32 50
3 3 32 60
2 3 39 59
8 3 32 69
6 3 43 69
5 3 32 69
2 2 31 69
4 3 32 72
5 3 32 81
4 3 32 81
3 3 32 82
8 3 32 86
2 2 30 86
5 3 31 66
2 2 29 66
3 3 31 70
3 3 31 79
1 2 45 78
5 2 45 78
2 3 43 78
5 3 41 80
4 3 31 79
2 3 30 13
5 3 30 41
8 3 36 41
6 3 30 77
1 3 29 50
4 3 30 49
6 3 28 6
3 3 38 5
2 3 29 6
5 3 27 13
4 3 27 45
6 3 26 42
7 3 25 41
2 3 25 60
6 3 25 62
3 3 30 63
8 2 28 63
2 3 25 67
4 3 25 88
5 3 25 95
2 3 32 96
4 3 24 43
5 3 45 44
4 3 24 50
2 2 27 49
5 3 28 51
7 3 31 52
3 3 43 52
6 2 51 52
5 3 24 52
4 2 51 52
6 3 29 51
2 3 24 78
4 3 24 93
5 3 28 94
6 3 23 36
6 3 23 44
5 3 40 45
4 3 23 47
4 3 39 48
4 3 36 47
5 3 36 48
4 3 23 98
4 3 40 98
1 3 22 11
6 3 35 10
4 3 31 10
3 3 26 10
6 3 22 46
3 3 22 78
6 3 21 5
3 3 21 16
2 3 23 16
5 3 21 18
5 3 35 17
7 3 21 24
4 3 21 60
4 3 21 94
1 2 24 94
4 2 24 94
6 2 38 93
5 3 20 28
4 3 20 29
6 3 20 34
5 3 20 54
7 2 23 53
8 2 20 54
5 2 24 53
3 2 48 52
7 2 48 53
6 2 19 53
3 3 36 54
3 3 37 54
8 3 21 53
5 3 32 54
5 3 20 58
3 2 24 58
5 2 24 58
2 2 22 58
3 3 49 57
2 3 26 57
3 3 20 67
3 3 32 68
5 3 19 30
7 3 19 36
5 3 24 37
7 3 32 38
4 2 30 38
2 2 29 38
6 3 19 85
4 3 19 99
5 3 18 78
6 2 20 77
7 3 45 79
3 3 19 77
5 3 28 76
8 3 17 2
8 2 39 2
5 2 20 1
8 3 19 2
6 3 29 2
2 3 41 2
3 3 17 15
5 3 37 14
5 3 33 15
4 3 17 19
5 3 16 40
4 3 16 75
6 3 38 74
6 3 33 75
2 3 16 87
8 3 15 14
5 3 15 27
6 3 15 52
3 2 15 52
4 2 17 52
4 2 18 53
4 2 29 54
2 2 21 54
5 2 16 52
3 2 22 51
2 2 15 53
8 2 15 53
6 2 27 52
1 3 20 52
8 3 19 52
4 2 24 50
7 2 24 51
5 2 23 50
3 3 15 85
8 3 14 12
7 3 14 32
3 3 25 32
1 3 14 74
3 3 13 65
4 3 13 69
7 2 18 68
6 3 11 37
4 3 16 37
5 2 14 36
2 2 14 36
4 3 21 38
5 3 11 48
3 3 18 47
6 2 18 48
5 3 11 54
3 2 11 53
2 3 27 55
4 3 10 85
7 2 15 85
2 3 22 84
1 3 10 93
2 3 13 92
2 3 14 92
4 3 30 92
5 3 10 98
8 3 9 17
1 2 31 17
6 3 9 25
7 3 9 29
3 3 9 30
4 3 9 64
3 3 35 65
1 3 9 73
4 3 14 73
3 3 27 72
5 3 33 71
6 3 9 91
4 2 17 91
8 2 15 91
5 3 24 90
4 3 21 90
1 3 15 92
2 2 24 91
7 3 8 44
5 3 36 45
5 3 25 43
7 3 30 43
5 3 21 44
8 3 7 17
1 2 5 17
6 3 6 2
3 2 16 1
7 3 16 2
5 3 6 2
4 2 6 4
6 2 16 5
4 2 12 6
6 2 10 3
7 2 15 4
7 3 18 4
4 3 14 1
7 3 6 18
6 3 6 38
8 2 14 38
7 2 32 39
4 2 21 38
2 2 10 38
3 3 6 51
6 2 16 51
2 2 19 50
4 3 6 89
4 3 7 89
4 2 8 88
3 2 6 89
5 2 7 90
4 2 7 91
1 2 6 90
6 3 10 88
6 3 5 5
2 3 17 7
7 2 22 8
3 2 27 9
7 2 26 9
4 2 22 9
6 2 15 7
4 2 22 6
4 3 5 13
4 2 11 15
1 2 18 15
8 2 18 16
4 3 5 19
2 3 21 20
3 3 5 86
3 2 10 85
5 2 10 85
3 2 7 85
6 3 10 85
1 2 9 86
5 3 17 86
7 3 3 39
6 2 6 39
6 3 14 40
4 3 3 66
8 2 7 68
3 2 9 68
6 2 17 67
2 2 6 68
8 2 4 67
3 2 4 67
3 3 21 67
3 3 10 69
5 2 9 70
6 2 22 69
6 2 9 70
4 2 12 69
5 3 3 82
4 2 2 81
2 2 21 80
4 2 21 80
3 2 1 82
6 3 23 81
2 3 16 80
2 2 33 79
7 2 33 79
3 3 12 82
8 2 20 81
4 2 13 82
1 2 14 81
6 2 11 82
4 3 6 83
4 3 31 84
8 2 29 84
1 2 28 84
7 3 10 84
4 3 3 86
4 2 23 86
2 3 4 86
3 3 3 89
2 2 1 89
2 3 4 91
5 3 26 92
8 2 24 92
3 3 2 62
5 3 31 64
2 3 1 60
3 3 10 60
5 2 21 58
7 2 8 60
7 2 23 59
1 2 8 60
2 2 20 59
4 4 49 94
4 4 46 97
6 4 45 62
4 4 44 19
4 4 44 100
4 4 43 57
8 2 40 57
5 4 43 95
4 4 41 23
3 4 41 58
3 4 39 43
7 4 38 31
5 4 37 3
4 4 36 79
6 2 33 78
3 4 35 83
6 4 34 32
7 3 31 32
8 2 30 31
5 4 34 52
5 4 34 55
6 4 33 1
7 4 32 77
6 4 31 45
4 4 31 87
5 4 30 8
7 4 30 52
6 4 30 65
8 4 29 17
6 2 26 17
8 4 29 49
5 4 29 59
3 4 29 76
6 4 29 88
4 4 28 69
4 4 28 83
4 4 27 11
3 4 27 58
2 4 27 90
5 3 39 91
2 4 26 8
6 4 25 2
1 4 25 79
5 4 27 79
6 4 24 22
5 4 24 51
7 2 21 50
3 4 24 62
7 3 43 61
7 3 37 62
2 4 24 63
3 4 23 34
4 4 28 35
2 4 23 35
5 2 20 35
3 4 23 73
6 3 39 73
5 4 30 72
3 4 23 82
4 4 21 30
8 2 32 30
7 4 20 12
4 4 19 60
2 4 18 19
4 4 23 19
3 3 30 18
7 4 18 23
8 2 15 23
4 4 18 67
6 4 18 86
5 2 16 86
5 4 22 87
4 4 18 92
7 4 16 99
6 4 15 17
6 3 23 18
5 4 15 17
4 4 15 31
3 4 15 47
3 4 15 76
6 4 14 21
5 3 22 20
3 4 14 29
8 4 13 16
6 4 13 77
5 2 25 78
4 2 21 77
3 2 24 78
4 2 14 78
2 4 12 18
4 4 12 43
7 2 18 43
8 2 18 43
4 3 18 42
5 4 12 71
2 4 12 85
2 4 11 31
1 2 17 30
1 2 10 32
4 2 16 34
2 2 11 33
8 2 11 34
3 2 14 34
7 2 14 34
5 2 28 33
3 2 28 33
3 2 10 33
3 4 11 49
6 3 11 50
7 2 14 51
6 4 30 53
2 4 10 23
6 2 10 22
2 4 9 51
3 4 9 53
4 2 16 54
2 2 8 53
1 2 12 54
2 2 12 55
3 2 12 55
6 4 9 60
4 4 9 90
3 2 17 91
4 4 18 90
5 4 9 96
4 4 8 61
3 2 7 62
4 2 13 63
4 4 11 62
1 4 16 63
5 4 8 100
7 2 8 99
3 2 18 98
7 2 18 98
2 2 18 99
5 2 18 100
3 2 10 98
8 2 16 97
4 2 10 98
5 2 8 100
3 2 11 99
1 2 6 99
6 2 6 98
5 3 15 97
2 3 6 99
7 2 11 99
6 4 7 9
3 2 14 7
7 2 6 8
7 4 17 7
5 4 7 32
4 4 6 15
4 2 11 16
5 2 4 16
7 4 7 15
4 2 5 16
6 4 6 20
4 4 6 95
6 2 6 93
7 4 5 1
6 4 13 3
6 4 23 4
5 4 5 45
2 2 28 45
7 2 13 46
7 2 17 46
4 2 7 44
8 2 6 44
7 4 21 45
3 4 9 45
4 4 5 50
4 2 8 48
6 3 4 49
7 3 17 48
4 4 5 50
6 2 7 49
8 2 5 51
8 2 9 51
5 2 6 51
6 2 7 52
3 2 8 51
5 4 4 1
4 2 11 4
2 2 10 4
7 4 15 3
7 4 24 2
5 4 4 11
5 2 14 10
6 2 13 10
5 2 11 11
5 4 14 12
3 4 17 11
4 4 11 10
2 4 4 70
4 2 3 71
3 2 11 71
7 4 4 82
2 2 4 83
3 4 28 84
6 2 25 84
4 4 3 2
1 2 8 2
3 3 8 1
6 4 3 45
3 2 12 45
5 2 1 43
4 4 6 46
2 2 11 45
7 4 3 85
5 4 3 87
2 2 13 86
3 4 2 74
2 2 19 73
2 2 8 74
7 2 5 75
4 2 6 74
6 2 3 72
2 3 8 75
7 4 7 76
4 4 23 77
8 4 2 98
4 2 2 98
6 2 23 97
4 2 4 97
3 5 43 39
8 2 43 39
5 2 42 39
3 5 40 47
6 5 39 74
3 5 35 95
7 2 31 95
6 5 34 3
7 5 33 78
6 5 33 94
2 4 35 94
3 5 33 97
8 5 32 6
7 5 31 42
2 5 30 31
3 5 30 55
4 5 29 50
3 5 27 27
7 3 26 27
3 5 27 47
5 5 27 90
2 5 26 7
2 5 26 44
3 5 26 76
6 5 26 80
7 5 25 8
5 5 23 62
2 2 25 61
5 2 25 61
7 5 22 75
5 5 22 90
3 2 19 90
8 5 21 1
4 5 21 80
7 2 19 80
2 5 18 50
6 5 19 50
6 5 17 14
4 5 17 34
4 5 17 37
2 5 16 28
3 5 14 90
6 4 17 89
2 5 12 10
1 5 12 93
5 2 16 91
2 2 13 94
4 5 11 33
5 5 7 10
3 5 16 13
5 5 7 98
6 5 8 99
6 3 16 100
3 3 13 99
7 5 6 86
6 5 4 4
5 3 3 4
2 2 18 5
4 5 4 26
6 5 4 61
7 5 3 14
5 2 1 14
4 2 5 14
6 5 3 14
2 2 3 16
8 2 2 16
4 5 16 13
6 6 40 70
7 6 38 96
5 6 28 43
2 6 28 92
3 6 27 73
3 6 26 6
2 6 26 53
8 6 24 42
4 2 22 42
2 6 24 70
5 5 23 70
6 2 22 69
7 3 22 70
4 6 24 91
6 2 19 91
7 6 22 47
3 6 20 42
7 6 20 84
6 6 19 81
7 2 16 80
5 6 18 96
5 6 17 36
6 6 16 11
7 2 14 11
3 6 16 44
4 6 14 43
2 6 14 57
3 2 11 57
6 2 10 57
8 2 20 57
4 2 16 57
3 3 15 56
4 5 13 57
8 2 10 56
5 2 10 56
1 2 10 55
5 2 17 56
2 2 10 55
7 2 9 57
4 6 32 58
3 6 12 18
4 6 12 57
4 2 11 57
4 6 10 20
4 2 11 20
2 6 9 64
2 3 22 65
3 4 29 66
3 5 24 65
2 5 17 64
6 5 15 66
7 6 9 69
5 2 19 69
5 4 25 68
6 6 6 12
4 4 4 11
3 6 3 2
8 4 14 1
6 7 24 88
5 7 24 91
5 7 21 83
4 7 17 88
3 7 13 22
2 2 15 22
3 2 14 23
3 3 27 24
2 7 13 81
3 3 11 81
6 7 11 34
1 2 9 34
3 7 10 98
8 2 7 97
1 2 28 96
3 5 10 98
5 7 8 6
7 6 22 6
3 7 7 58
3 3 9 59
5 4 8 58
6 2 6 58
3 8 22 19
6 8 22 66
2 8 14 76
8 2 11 76
5 8 19 78
2 3 15 76
7 8 13 48
5 8 7 22
7 2 7 21
6 7 11 24
3 8 33 25
5 8 11 22
2 2 9 21
5 4 11 21
2 8 7 88
6 2 3 87
5 8 3 23
7 2 5 22
8 2 4 26
6 2 1 24
3 2 1 23
6 2 1 22
2 3 1 24
5 8 3 63
3 8 3 77
6 2 11 77
6 9 28 61
4 9 18 58
1 2 15 59
6 2 14 59
5 9 18 87
5 9 11 60
6 9 10 99
4 9 3 42
5 3 9 42
5 3 5 41
5 5 10 40
4 8 29 38
8 9 2 47
5 2 7 51
4 2 6 51
6 9 10 49
5 2 8 49
2 2 6 48
7 10 34 40
5 2 28 39
7 10 25 26
4 2 17 25
4 10 23 74
7 2 25 73
2 2 24 73
5 4 28 73
2 10 19 9
6 10 19 68
4 4 15 68
4 10 12 14
8 2 9 13
3 2 7 13
2 2 8 14
3 9 18 15
4 10 12 52
5 11 33 93
4 11 25 56
1 2 19 55
7 2 19 56
7 11 19 64
4 11 17 56
3 11 12 58
6 2 9 56
2 2 11 55
8 2 11 55
1 2 9 56
3 2 8 56
8 11 9 2
3 2 12 4
1 2 12 5
2 2 6 1
7 2 6 1
5 2 6 2
1 2 5 1
7 8 17 1
7 10 13 3
2 2 7 4
6 7 20 5
4 12 21 16
4 12 16 82
2 12 7 57
5 3 4 54
5 2 7 53
5 2 5 55
6 2 4 54
2 13 35 93
1 2 29 94
7 13 24 38
5 2 16 38
4 13 23 40
8 2 19 39
6 2 18 40
5 2 18 39
2 2 15 39
3 13 20 80
8 2 12 79
5 2 11 79
6 2 12 80
6 13 13 4
4 13 10 85
1 13 8 61
5 2 4 62
4 2 3 59
1 2 3 58
6 14 22 72
4 14 5 72
6 2 21 73
7 14 4 6
5 15 16 41
2 2 14 38
5 15 14 92
6 2 12 93
3 15 13 49
6 7 19 47
6 10 13 49
8 2 10 47
1 2 9 49
8 2 8 47
4 2 8 47
2 2 8 48
6 15 9 16
1 2 8 16
2 2 7 16
4 16 21 32
7 16 16 5
2 2 12 3
2 2 8 3
3 2 7 3
5 16 16 46
8 2 9 45
2 2 8 45
6 16 12 38
7 2 6 39
3 2 10 38
8 2 6 39
7 3 9 38
2 16 12 52
1 2 7 52
4 17 26 96
6 17 17 34
2 2 10 34
7 17 13 30
8 2 11 30
7 2 12 29
6 2 12 29
4 2 10 29
5 2 9 31
6 19 12 68
5 2 12 65
1 2 12 66
7 2 5 71
5 2 8 70
5 3 6 71
5 18 11 67
3 2 8 68
2 2 7 68
8 2 7 68
4 19 5 1
3 2 1 5
7 21 8 18
3 2 4 21
5 2 1 19
6 2 1 18
5 5 18 20
5 19 13 19
7 2 5 18
7 21 5 50
4 2 3 55
5 6 3 49
5 21 8 44
6 2 3 43
6 2 2 45
3 2 2 45
3 23 9 89
1 2 6 88
2 2 6 89
5 2 2 93
6 3 5 90
4 2 8 90
7 2 8 90
1 2 8 91
6 2 6 90
3 2 6 91
4 2 4 89
8 2 4 89
6 23 6 33
2 2 7 29
1 2 5 31
7 2 4 35
7 2 5 35
1 2 2 33
4 3 4 34
6 26 21 27
3 2 11 27
5 27 10 36
1 2 3 38
7 2 3 41
8 2 2 35
6 2 2 38
7 2 1 40
4 3 2 39
2 3 2 40
2 29 11 92
3 2 13 94
5 2 5 94
5 30 14 7
6 2 6 7
7 2 5 8
3 2 4 5
8 2 4 6
1 2 4 8
3 41 14 91
6 42 13 58
8 2 4 59
7 2 2 64
2 2 2 65
1 2 1 61
2 2 2 62
4 3 2 61
5 3 1 64
5 46 19 70
4 2 9 69
7 3 4 70
8 2 2 69
3 2 3 68
1 3 6 69
2 3 3 69
6 50 14 81
3 2 4 75
1 2 3 78
8 2 4 79
2 2 3 79
8 2 2 73
3 2 2 77
6 2 3 76
5 3 3 75
1 2 2 74
2 3 2 72
6 2 3 71
5 2 1 72
3 77 20 30
2 2 6 27
6 2 6 27
8 2 6 28
6 2 5 30
4 2 4 30
3 2 4 31
1 2 6 30
5 2 2 24
7 2 1 23
1 3 4 23
