52142
3301
4 2 100 21
2 2 100 22
4 2 100 32
4 2 100 37
3 2 100 38
6 2 100 54
5 2 100 63
7 2 100 87
6 2 100 90
6 2 100 97
2 2 99 38
1 2 99 59
5 2 99 60
3 2 99 74
6 2 99 95
1 2 98 10
1 2 98 16
1 2 98 23
3 2 98 29
4 2 100 30
5 2 98 43
3 2 100 44
6 2 98 52
3 2 100 51
3 2 98 52
3 2 98 54
6 2 98 55
3 2 98 56
5 2 98 56
4 2 98 79
7 2 98 97
6 2 98 98
4 2 97 7
4 2 97 29
5 2 97 58
4 2 97 97
2 2 96 12
3 2 99 13
8 2 96 12
6 2 96 62
6 2 96 65
4 2 96 73
5 2 99 72
6 2 96 93
4 2 96 100
5 2 100 99
3 2 95 1
3 2 95 12
4 2 95 13
1 2 95 22
7 2 95 61
4 2 95 80
7 2 95 81
5 2 97 81
6 2 94 18
1 2 98 19
3 2 98 20
4 2 94 45
8 2 94 47
5 2 100 49
2 2 96 49
2 2 98 50
2 2 95 47
6 2 94 92
5 2 95 90
5 2 97 89
5 2 94 92
1 2 93 2
2 2 99 3
2 2 93 12
1 2 95 13
5 2 93 61
7 2 93 75
6 2 98 76
8 2 93 92
3 2 92 1
1 2 92 18
7 2 92 79
5 2 92 80
7 2 92 96
5 2 95 96
7 2 92 100
4 2 91 12
1 2 92 12
3 2 91 19
4 2 91 35
4 2 91 37
2 2 95 38
7 2 95 38
3 2 90 26
2 2 100 25
2 2 98 26
3 2 96 27
5 2 90 41
5 2 92 42
4 2 95 43
6 2 90 51
4 2 92 51
5 2 95 50
4 2 90 63
5 2 96 64
3 2 99 65
4 2 90 95
6 2 90 100
1 2 89 13
3 2 89 52
7 2 89 91
6 2 94 91
1 2 88 4
4 2 88 17
4 2 94 16
1 2 88 23
2 2 88 75
4 2 88 85
4 2 87 10
3 2 87 56
7 2 87 96
2 2 86 5
4 2 86 34
2 2 90 33
2 2 94 33
2 2 88 34
2 2 86 38
3 2 96 39
5 2 87 40
5 2 86 43
6 2 86 51
4 2 86 56
4 2 96 55
5 2 86 57
6 2 92 59
5 2 95 60
4 2 86 71
3 2 99 70
6 2 86 89
7 2 96 87
6 2 96 90
6 2 95 87
5 2 99 86
4 2 92 89
7 2 89 89
6 2 92 90
5 2 85 49
4 2 88 48
5 2 85 51
4 2 85 51
5 2 85 56
3 2 85 59
5 2 90 59
6 2 85 60
6 2 93 60
6 2 85 87
6 2 91 87
6 2 87 87
5 2 91 87
4 2 84 12
2 2 84 16
3 2 84 36
6 2 84 54
2 2 84 64
7 2 84 82
4 2 99 83
7 2 100 84
5 2 97 82
6 2 84 91
4 2 87 90
7 2 90 88
6 2 89 89
1 2 83 13
1 2 100 15
2 2 88 13
2 2 84 14
4 2 88 15
7 2 83 30
2 2 92 31
3 2 94 31
5 2 98 32
2 2 97 32
5 2 95 30
3 2 83 45
3 2 92 44
5 2 89 44
4 2 84 44
2 2 88 44
5 2 84 45
1 2 83 56
7 2 83 56
3 2 83 65
4 2 83 71
5 2 83 88
7 2 84 89
4 2 82 4
4 2 83 4
2 2 82 23
4 2 91 25
4 2 89 24
1 2 90 23
3 2 86 23
4 2 82 48
5 2 82 61
4 2 82 94
3 2 81 27
3 2 91 28
4 2 81 39
3 2 81 38
6 2 81 69
3 2 96 69
5 2 92 69
6 2 90 70
4 2 94 69
6 2 88 69
6 2 83 68
4 2 100 67
6 2 87 67
6 2 84 67
5 2 81 82
6 2 83 81
3 2 82 81
4 2 84 81
5 2 82 82
4 2 86 81
6 2 90 80
4 2 81 83
6 2 94 83
4 2 83 84
4 2 80 45
4 2 80 94
2 2 79 1
3 2 85 2
4 2 98 3
4 2 95 2
3 2 86 2
7 2 86 2
7 2 79 76
6 2 82 75
6 2 83 75
5 2 79 86
6 2 80 87
5 2 87 86
6 2 86 85
4 2 78 5
3 2 90 7
4 2 94 8
1 2 85 6
4 2 79 4
1 2 83 3
8 2 78 5
3 2 83 4
4 2 78 16
4 2 92 18
4 2 86 18
1 2 88 19
4 2 89 20
7 2 89 21
1 2 89 21
5 2 85 18
4 2 88 19
3 2 78 32
4 2 90 31
2 2 93 31
4 2 88 32
2 2 87 33
4 2 83 30
5 2 87 30
2 2 81 33
3 2 84 33
3 2 78 36
5 2 79 34
3 2 82 33
3 2 78 41
2 2 87 40
3 2 78 47
6 2 78 60
5 2 83 59
4 2 87 58
7 2 78 78
5 2 82 77
5 2 98 76
4 2 96 76
5 2 96 77
7 2 94 76
4 2 94 77
7 2 88 76
7 2 84 76
5 2 80 78
5 2 78 78
4 2 80 78
6 2 89 77
6 2 78 78
4 2 77 21
3 2 84 21
3 2 81 20
3 2 85 19
6 2 77 64
4 2 95 65
4 2 93 64
3 2 77 68
3 2 86 67
4 2 81 68
6 2 79 66
4 2 78 69
3 2 76 1
3 2 76 4
3 2 87 4
4 2 85 3
4 2 76 16
1 2 76 54
6 2 96 53
5 2 80 52
3 2 78 53
7 2 75 6
4 2 96 7
6 2 75 15
4 2 89 16
2 2 75 24
6 2 75 30
2 2 80 30
3 2 76 30
6 2 75 33
4 2 81 32
7 2 75 37
2 2 77 38
2 2 75 37
1 2 75 38
8 2 75 41
1 2 75 46
4 2 77 48
5 2 76 48
1 2 75 74
3 2 93 74
5 2 96 73
5 2 93 74
3 2 85 74
5 2 85 74
2 2 75 94
8 2 75 96
4 2 84 97
6 2 91 98
7 2 96 99
7 2 93 98
8 2 74 28
2 2 79 29
8 2 75 28
4 2 74 28
2 2 87 28
2 2 74 28
7 2 74 50
4 2 78 51
8 2 75 52
2 2 74 52
6 2 74 52
2 2 74 56
5 2 77 55
6 2 93 54
3 2 79 56
5 2 78 54
6 2 78 54
5 2 75 56
6 2 75 56
6 2 83 57
8 2 74 70
5 2 83 72
4 2 76 72
3 2 84 72
4 2 75 70
8 2 74 75
4 2 76 75
4 2 81 74
3 2 81 75
4 2 87 77
3 2 80 74
3 2 74 86
7 2 83 86
8 2 74 98
8 2 73 20
1 2 80 19
4 2 79 19
1 2 77 20
2 2 76 21
5 2 74 19
3 2 79 18
3 2 78 20
2 2 74 19
8 2 74 20
2 2 91 22
3 2 77 22
6 2 73 34
5 2 85 35
2 2 82 35
5 2 85 35
8 2 73 55
2 2 73 67
4 2 91 68
6 2 90 68
3 2 86 67
3 2 78 67
8 2 73 96
3 2 74 94
5 2 90 93
7 2 96 92
4 2 94 92
7 2 94 93
4 2 92 93
6 2 72 5
8 2 72 14
4 2 85 13
4 2 87 12
2 2 80 12
1 2 81 10
5 2 72 16
4 2 83 18
6 2 72 26
6 2 72 47
5 2 97 46
3 2 90 47
5 2 89 47
1 2 71 26
2 2 80 25
6 2 71 28
1 2 71 92
6 2 77 92
5 2 75 92
6 2 85 92
7 2 70 10
3 2 80 10
4 2 79 10
4 2 70 89
7 2 80 90
4 2 85 90
8 2 70 98
1 2 87 97
4 2 76 97
6 2 70 100
6 2 78 99
8 2 69 13
5 2 69 19
7 2 72 19
6 2 69 22
1 2 80 21
2 2 75 22
3 2 78 22
7 2 69 30
1 2 69 75
1 2 69 87
7 2 68 17
1 2 68 57
2 2 71 57
7 2 73 56
3 2 75 55
4 2 78 54
8 2 68 85
6 2 93 85
7 2 82 84
7 2 93 83
7 2 91 84
5 2 91 84
8 2 69 85
1 2 68 89
7 2 75 90
7 2 81 90
7 2 67 29
1 2 67 37
3 2 71 36
5 2 80 37
5 2 75 38
5 2 85 36
2 2 85 38
7 2 67 41
2 2 77 40
5 2 89 39
5 2 87 40
1 2 67 49
8 2 74 51
4 2 81 52
2 2 67 84
7 2 88 83
4 2 74 84
8 2 66 30
7 2 66 49
2 2 66 64
6 2 89 64
2 2 70 64
7 2 75 66
1 2 71 65
7 2 73 64
7 2 66 67
6 2 74 66
1 2 68 66
4 2 81 65
6 2 75 65
1 2 66 67
2 2 66 73
4 2 86 72
8 2 65 41
4 2 80 40
1 2 72 41
3 2 84 43
1 2 71 40
8 2 68 42
2 2 73 41
8 2 71 41
1 2 65 86
1 2 67 85
4 2 85 84
8 2 67 88
2 2 71 86
3 2 70 87
6 2 70 86
5 2 79 85
2 2 70 88
5 2 64 8
3 2 84 8
1 2 85 8
3 2 77 9
1 2 74 8
2 2 83 8
1 2 86 8
2 2 77 9
4 2 94 9
2 2 74 7
4 2 82 7
3 2 92 6
2 2 86 7
7 2 74 9
2 2 80 11
6 2 74 9
5 2 72 9
3 2 73 8
4 2 72 9
6 2 70 9
5 2 67 8
4 2 79 7
4 2 81 7
7 2 73 7
7 2 70 8
4 2 67 7
1 2 75 6
1 2 64 52
3 2 81 51
6 2 76 53
2 2 67 52
5 2 78 52
6 2 75 51
8 2 64 74
2 2 70 73
6 2 87 72
4 2 70 74
5 2 76 75
6 2 79 76
4 2 84 77
8 2 64 92
5 2 82 91
7 2 82 92
6 2 88 93
7 2 77 91
5 2 74 92
3 2 70 93
3 2 64 94
7 2 81 95
8 2 67 95
1 2 64 100
2 2 71 100
7 2 85 99
6 2 83 99
7 2 82 100
6 2 80 100
1 2 68 99
1 2 66 100
8 2 63 98
2 2 62 10
6 2 62 23
1 2 62 26
4 2 79 27
6 2 73 27
3 2 83 26
3 2 77 27
7 2 63 26
8 2 66 26
4 2 87 26
3 2 74 27
3 2 71 26
2 2 73 27
6 2 62 31
7 2 63 31
6 2 62 49
7 2 62 59
8 2 62 62
2 2 67 61
1 2 62 73
6 2 82 72
7 2 66 72
6 2 89 73
4 2 77 72
3 2 80 72
1 2 72 72
7 2 64 73
3 2 62 99
2 2 71 98
5 2 61 11
1 2 77 12
5 2 67 10
7 2 65 12
5 2 61 15
5 2 70 14
6 2 69 15
1 2 74 15
2 2 81 15
7 2 68 14
7 2 66 15
3 2 78 15
7 2 62 14
7 2 61 24
1 2 74 24
1 2 80 23
4 2 87 24
4 2 90 23
3 2 68 25
6 2 61 46
4 2 82 45
5 2 87 44
4 2 79 46
4 2 88 47
2 2 74 46
5 2 90 44
3 2 85 45
5 2 74 46
3 2 86 45
1 2 73 45
8 2 63 45
6 2 72 45
7 2 71 44
5 2 82 43
8 2 61 55
4 2 72 55
8 2 70 56
2 2 66 55
5 2 74 55
8 2 69 54
4 2 73 54
5 2 80 53
5 2 60 5
7 2 67 6
1 2 77 6
5 2 63 6
3 2 76 5
5 2 70 5
5 2 61 5
1 2 60 58
7 2 65 59
2 2 60 79
8 2 62 77
1 2 75 76
8 2 60 79
1 2 73 77
7 2 59 7
6 2 59 20
6 2 76 19
8 2 59 42
1 2 69 44
1 2 59 82
1 2 65 81
7 2 75 81
6 2 79 80
6 2 76 81
2 2 69 80
5 2 58 10
2 2 58 30
7 2 58 43
7 2 57 15
8 2 60 15
8 2 67 14
5 2 64 14
5 2 61 15
7 2 57 45
1 2 57 52
7 2 57 52
2 2 67 53
1 2 60 51
7 2 61 49
1 2 62 49
5 2 75 50
5 2 73 49
3 2 71 49
4 2 87 50
1 2 67 50
3 2 71 50
8 2 70 51
1 2 69 51
6 2 65 50
7 2 60 51
6 2 56 9
6 2 56 25
1 2 73 25
6 2 71 24
1 2 82 23
3 2 81 24
1 2 80 24
7 2 62 25
8 2 63 24
6 2 56 40
4 2 90 39
6 2 68 38
3 2 84 37
8 2 56 48
5 2 85 47
8 2 71 48
7 2 70 47
1 2 69 46
3 2 80 47
4 2 77 45
7 2 68 48
1 2 64 47
6 2 57 46
1 2 56 64
2 2 57 64
1 2 67 63
7 2 57 66
8 2 56 67
1 2 63 66
5 2 84 65
7 2 60 66
8 2 56 71
8 2 56 74
2 2 58 75
7 2 55 53
1 2 61 53
2 2 55 63
1 2 54 55
6 2 76 57
2 2 60 57
7 2 63 58
2 2 67 56
4 2 63 58
3 2 54 83
6 2 83 83
8 2 74 82
3 2 68 82
8 2 60 82
8 2 58 83
3 2 57 84
1 2 54 84
3 2 61 85
7 2 81 84
8 2 60 86
3 2 54 87
8 2 62 86
2 2 54 87
5 2 75 86
8 2 54 88
5 2 53 21
8 2 55 23
1 2 53 47
5 2 69 47
2 2 53 62
1 2 63 61
3 2 73 61
1 2 69 60
1 2 67 61
6 2 75 61
3 2 86 62
6 2 78 62
4 2 91 63
5 2 85 63
7 2 53 70
7 2 57 69
7 2 75 68
8 2 52 3
1 2 75 3
4 2 74 2
1 2 75 3
1 2 85 3
2 2 78 3
8 2 70 3
4 2 76 2
2 2 81 1
6 2 70 4
6 2 61 3
4 2 65 3
7 2 56 4
7 2 52 8
7 2 64 7
5 2 52 19
1 2 52 53
8 2 65 52
7 2 66 51
1 2 58 52
4 2 65 52
5 2 70 53
6 2 65 52
2 2 57 52
1 2 61 52
7 2 58 52
8 2 52 68
3 2 52 77
1 2 53 76
4 2 75 76
2 2 74 76
8 2 51 9
8 2 51 46
8 2 60 48
5 2 76 47
5 2 51 78
2 2 51 81
4 2 76 82
2 2 51 88
3 2 73 90
4 2 51 98
6 2 81 98
5 2 76 97
2 2 60 98
3 2 56 98
2 2 59 98
3 2 64 97
5 2 78 97
1 2 64 97
3 2 52 98
4 2 50 50
7 2 56 49
8 2 50 50
4 2 50 54
8 2 65 56
6 2 50 56
2 2 56 58
2 2 59 59
6 2 50 68
7 2 50 79
1 2 49 2
7 2 62 1
7 2 60 2
3 2 73 2
8 2 56 1
2 2 81 1
8 2 54 2
6 2 65 3
5 2 52 3
4 2 49 16
6 2 54 16
4 2 85 16
1 2 77 17
7 2 52 16
7 2 59 15
3 2 62 15
8 2 60 15
1 2 63 14
6 2 50 16
7 2 80 16
2 2 81 17
3 2 49 25
8 2 70 26
6 2 60 27
8 2 64 29
8 2 59 27
2 2 49 37
8 2 66 38
5 2 49 40
6 2 66 41
6 2 59 40
1 2 71 39
6 2 66 39
6 2 49 51
1 2 56 53
5 2 49 79
5 2 49 89
2 2 54 89
3 2 66 88
3 2 64 89
6 2 49 91
2 2 58 91
4 2 58 93
1 2 57 91
3 2 58 91
2 2 55 91
8 2 55 90
2 2 63 90
3 2 72 90
2 2 60 89
3 2 59 89
8 2 60 88
5 2 49 94
3 2 48 6
8 2 58 7
6 2 64 8
5 2 54 4
2 2 53 6
6 2 59 8
4 2 48 8
1 2 48 25
7 2 57 26
6 2 53 24
8 2 49 25
7 2 54 26
7 2 52 24
4 2 79 23
6 2 55 25
5 2 55 25
7 2 50 25
6 2 48 25
1 2 61 25
8 2 50 25
8 2 53 26
4 2 59 26
8 2 60 27
7 2 67 28
8 2 65 28
6 2 61 27
7 2 59 27
3 2 48 33
3 2 77 34
2 2 76 32
5 2 74 34
5 2 78 34
7 2 77 34
6 2 66 35
6 2 65 33
7 2 74 32
4 2 74 32
1 2 70 32
6 2 53 32
8 2 57 31
7 2 60 30
3 2 48 38
7 2 64 38
4 2 70 38
1 2 61 38
1 2 51 38
5 2 48 42
1 2 61 41
6 2 53 42
1 2 64 43
8 2 70 45
4 2 48 44
7 2 63 44
5 2 72 43
5 2 48 72
6 2 70 72
2 2 66 71
5 2 48 100
3 2 64 100
3 2 56 100
2 2 59 100
1 2 47 43
8 2 65 42
5 2 66 42
8 2 63 43
6 2 60 44
1 2 58 42
1 2 56 43
6 2 58 42
1 2 50 44
6 2 47 50
8 2 50 50
3 2 49 48
8 2 50 49
5 2 49 48
7 2 49 50
4 2 47 83
8 2 59 85
7 2 60 85
3 2 60 86
8 2 57 84
6 2 47 83
2 2 55 84
6 2 74 84
3 2 54 83
4 2 46 1
4 2 46 14
8 2 56 15
8 2 63 16
4 2 46 18
5 2 61 18
1 2 69 17
8 2 68 17
8 2 61 19
7 2 50 18
4 2 46 30
8 2 54 29
6 2 63 28
8 2 52 30
1 2 51 28
1 2 50 30
3 2 48 30
2 2 46 33
2 2 74 34
4 2 72 34
6 2 68 32
7 2 62 35
8 2 65 35
7 2 67 35
8 2 66 35
7 2 63 35
6 2 63 35
4 2 65 35
2 2 46 38
5 2 46 74
1 2 74 75
3 2 46 80
7 2 72 80
6 2 84 79
8 2 57 80
3 2 50 79
1 2 53 78
8 2 70 77
2 2 68 77
1 2 58 78
5 2 46 86
6 2 50 88
1 2 51 87
7 2 49 86
3 2 52 85
1 2 49 88
2 2 52 88
1 2 45 3
3 2 45 14
6 2 59 13
3 2 55 15
2 2 45 46
6 2 52 45
1 2 44 1
5 2 56 2
2 2 44 27
5 2 47 28
4 2 73 29
1 2 58 28
6 2 58 29
5 2 71 30
3 2 50 29
2 2 44 40
6 2 44 64
1 2 59 64
3 2 58 64
8 2 51 64
3 2 74 64
4 2 68 63
5 2 77 62
6 2 44 72
1 2 57 71
4 2 44 77
1 2 69 76
7 2 46 76
6 2 45 75
6 2 44 96
2 2 56 97
2 2 59 96
8 2 52 97
1 2 62 97
8 2 60 96
4 2 44 96
2 2 58 96
8 2 57 97
8 2 47 96
2 2 53 95
5 2 73 95
3 2 56 94
2 2 70 93
7 2 47 97
8 2 50 97
3 2 43 14
6 2 50 15
5 2 54 14
2 2 46 14
5 2 52 15
5 2 49 14
4 2 43 29
4 2 49 28
8 2 52 27
7 2 52 27
5 2 43 32
6 2 49 33
7 2 53 34
2 2 43 42
6 2 43 62
8 2 66 63
3 2 43 69
7 2 71 69
6 2 74 70
1 2 71 70
7 2 70 70
1 2 68 69
8 2 57 70
1 2 58 70
6 2 70 71
7 2 55 69
5 2 48 68
3 2 56 67
3 2 48 69
5 2 48 70
3 2 42 9
5 2 50 8
6 2 42 41
3 2 59 42
4 2 42 53
3 2 44 53
5 2 50 52
6 2 42 72
1 2 61 72
8 2 61 72
6 2 46 73
4 2 49 74
4 2 42 78
6 2 42 80
6 2 42 97
2 2 41 3
7 2 50 3
2 2 49 4
1 2 41 21
5 2 64 22
8 2 66 20
7 2 57 21
5 2 69 20
8 2 64 22
8 2 57 22
8 2 62 21
8 2 53 20
8 2 65 19
4 2 42 20
6 2 62 20
5 2 61 19
2 2 41 41
3 2 68 41
4 2 49 41
4 2 41 42
4 2 51 42
4 2 70 41
6 2 49 41
5 2 41 43
3 2 41 51
4 2 41 51
6 2 41 56
8 2 55 55
2 2 55 56
7 2 50 56
4 2 66 55
1 2 59 56
1 2 53 56
7 2 58 57
8 2 51 56
5 2 41 60
1 2 51 58
6 2 49 60
4 2 45 60
1 2 54 59
7 2 53 60
5 2 49 61
5 2 46 60
5 2 41 63
5 2 70 63
7 2 51 62
3 2 49 64
6 2 48 64
3 2 47 63
7 2 41 98
4 2 58 99
6 2 46 99
7 2 40 72
7 2 50 73
4 2 45 73
7 2 40 87
4 2 47 86
8 2 50 86
1 2 39 5
2 2 39 27
4 2 39 87
7 2 38 2
3 2 48 4
2 2 38 4
7 2 71 5
8 2 38 7
5 2 64 5
1 2 48 8
2 2 76 10
1 2 38 9
8 2 46 8
2 2 48 7
8 2 59 6
8 2 56 7
1 2 43 9
7 2 55 8
4 2 43 10
7 2 62 10
5 2 55 11
8 2 62 12
5 2 63 12
5 2 61 11
7 2 59 12
4 2 38 84
4 2 38 100
7 2 45 100
4 2 37 28
2 2 37 35
8 2 61 34
3 2 45 36
8 2 51 35
5 2 50 37
5 2 49 35
8 2 54 34
1 2 59 34
8 2 48 36
5 2 47 36
4 2 37 52
3 2 37 75
3 2 47 74
5 2 37 75
1 2 57 75
8 2 60 74
5 2 60 75
8 2 58 75
4 2 37 86
2 2 54 85
6 2 44 86
3 2 44 86
6 2 65 85
5 2 37 86
8 2 50 85
1 2 52 84
1 2 36 14
7 2 49 15
2 2 41 15
4 2 36 23
7 2 52 23
3 2 67 23
1 2 50 24
4 2 47 23
2 2 36 28
5 2 36 60
5 2 69 59
4 2 35 6
3 2 35 11
4 2 50 12
5 2 50 12
3 2 43 12
6 2 63 13
6 2 48 12
7 2 48 12
3 2 47 13
4 2 44 13
7 2 46 13
2 2 45 13
6 2 46 13
1 2 37 12
3 2 43 12
1 2 35 18
8 2 57 19
3 2 41 16
7 2 65 18
2 2 35 32
8 2 52 32
5 2 68 33
7 2 35 37
2 2 43 37
2 2 45 36
2 2 65 36
3 2 42 37
4 2 43 39
4 2 38 37
2 2 34 38
4 2 34 46
8 2 63 46
7 2 50 46
2 2 61 46
7 2 60 46
2 2 35 47
4 2 48 49
2 2 37 49
3 2 35 47
7 2 34 56
4 2 34 95
6 2 40 96
1 2 61 94
6 2 33 17
1 2 45 16
4 2 33 18
2 2 32 3
3 2 48 2
4 2 68 2
7 2 59 2
1 2 38 3
6 2 50 4
8 2 63 5
2 2 32 5
3 2 32 12
4 2 52 12
6 2 34 12
6 2 35 11
8 2 56 11
5 2 32 40
6 2 32 72
5 2 42 72
6 2 32 97
6 2 36 95
2 2 65 94
5 2 34 98
4 2 31 28
2 2 37 28
8 2 47 28
3 2 47 28
3 2 31 57
1 2 47 56
5 2 46 56
3 2 46 57
4 2 31 68
8 2 51 69
5 2 69 68
6 2 42 69
3 2 38 68
1 2 59 67
6 2 45 66
6 2 44 68
6 2 31 68
6 2 31 100
4 2 41 100
5 2 39 100
5 2 34 100
6 2 32 100
7 2 30 9
8 2 48 8
3 2 34 9
4 2 40 10
2 2 32 8
4 2 43 8
1 2 30 17
2 2 43 17
1 2 41 17
2 2 34 17
2 2 39 18
8 2 52 17
3 2 60 16
2 2 30 19
7 2 38 18
3 2 30 24
3 2 32 22
2 2 34 21
4 2 33 20
3 2 70 21
7 2 59 21
3 2 30 36
2 2 42 35
5 2 35 35
5 2 33 36
3 2 33 36
8 2 43 36
2 2 31 34
7 2 42 35
3 2 34 34
4 2 30 37
2 2 30 46
8 2 53 45
3 2 43 46
8 2 49 46
3 2 30 54
5 2 30 59
4 2 68 58
3 2 43 61
2 2 54 61
6 2 30 71
3 2 40 70
3 2 34 69
6 2 30 94
1 2 64 93
1 2 62 94
4 2 79 94
2 2 61 93
8 2 68 92
8 2 61 94
6 2 76 94
8 2 53 94
2 2 48 93
3 2 51 92
4 2 35 95
3 2 50 94
7 2 35 95
4 2 30 96
4 2 34 96
3 2 64 96
5 2 34 96
5 2 32 97
6 2 33 98
3 2 29 8
5 2 29 41
4 2 35 43
3 2 32 42
8 2 43 42
3 2 38 42
8 2 42 42
2 2 44 42
8 2 45 43
2 2 42 43
5 2 35 41
5 2 29 65
2 2 49 65
5 2 46 64
4 2 46 65
6 2 37 66
6 2 35 65
6 2 73 65
3 2 67 65
5 2 38 63
4 2 29 68
7 2 29 99
7 2 32 98
5 2 28 29
4 2 39 30
1 2 59 31
2 2 28 50
4 2 43 49
4 2 40 50
4 2 38 49
4 2 36 50
8 2 45 49
5 2 35 49
3 2 28 59
3 2 49 58
5 2 76 57
3 2 39 61
1 2 60 60
5 2 28 61
6 2 28 85
4 2 64 84
6 2 46 85
7 2 45 84
4 2 44 84
7 2 35 86
6 2 44 87
7 2 47 89
2 2 58 89
5 2 38 87
4 2 38 87
2 2 35 86
4 2 39 87
5 2 32 85
7 2 30 84
7 2 30 86
5 2 43 85
3 2 33 85
1 2 33 86
4 2 32 86
6 2 28 95
1 2 27 1
3 2 27 22
4 2 30 21
8 2 50 21
2 2 37 20
3 2 29 21
1 2 58 20
7 2 56 20
2 2 32 23
3 2 41 22
7 2 27 31
1 2 56 32
5 2 30 31
3 2 30 32
4 2 59 32
4 2 43 33
4 2 40 32
7 2 53 31
4 2 27 43
3 2 40 43
5 2 27 69
3 2 28 68
5 2 27 68
7 2 37 69
4 2 43 70
3 2 72 70
4 2 27 82
7 2 44 82
6 2 46 82
1 2 48 82
7 2 46 82
5 2 35 83
7 2 27 90
4 2 47 90
2 2 51 90
6 2 31 89
7 2 33 88
5 2 29 88
4 2 29 88
5 2 28 90
4 2 27 97
6 2 30 97
5 2 35 97
4 2 26 15
4 2 26 29
8 2 26 41
5 2 26 48
1 2 41 48
4 2 34 49
6 2 26 64
3 2 39 65
6 2 37 62
3 2 34 62
1 2 26 84
7 2 25 4
4 2 27 3
4 2 25 4
6 2 25 5
4 2 29 6
5 2 49 7
4 2 27 5
3 2 27 6
3 2 31 7
8 2 25 75
3 2 31 75
7 2 37 77
8 2 51 78
2 2 50 78
2 2 25 91
8 2 50 91
3 2 49 91
4 2 47 91
3 2 67 91
2 2 47 91
5 2 46 91
4 2 27 92
4 2 36 93
6 2 44 92
5 2 24 2
8 2 24 20
5 2 26 21
3 2 25 20
8 2 24 51
2 2 31 50
7 2 24 62
1 2 24 64
4 2 26 63
3 2 25 63
2 2 24 65
4 2 24 64
8 2 24 73
6 2 68 73
2 2 50 74
2 2 49 72
5 2 43 73
4 2 39 73
4 2 34 73
4 2 37 72
5 2 27 73
3 2 33 74
4 2 40 74
3 2 24 85
7 2 33 84
4 2 30 84
4 2 33 83
1 2 24 96
2 2 24 98
7 2 23 9
4 2 26 9
2 2 25 9
7 2 23 23
7 2 23 27
6 2 48 27
1 2 24 25
3 2 27 25
2 2 35 24
3 2 30 25
2 2 41 25
1 2 41 26
4 2 29 25
2 2 23 77
3 2 53 78
6 2 53 77
8 2 49 75
4 2 42 77
4 2 36 77
3 2 49 78
7 2 35 76
8 2 35 78
2 2 51 79
2 2 23 80
4 2 27 79
7 2 46 78
4 2 60 77
7 2 44 79
4 2 43 79
4 2 51 79
4 2 32 80
3 2 23 80
1 2 23 98
6 2 22 6
1 2 26 6
4 2 29 6
1 2 29 7
7 2 26 7
3 2 32 8
4 2 31 8
8 2 59 9
7 2 24 6
6 2 22 15
8 2 25 16
8 2 23 15
4 2 34 15
8 2 37 15
6 2 54 16
4 2 41 14
8 2 22 17
5 2 56 17
4 2 28 18
6 2 25 18
2 2 29 18
3 2 25 18
8 2 22 74
1 2 22 84
4 2 23 85
8 2 22 86
6 2 28 87
1 2 22 96
8 2 40 95
6 2 40 95
2 2 22 98
7 2 21 12
2 2 29 12
2 2 26 11
1 2 26 13
8 2 25 13
8 2 23 12
3 2 42 11
2 2 27 12
8 2 24 11
2 2 31 10
2 2 29 11
7 2 26 10
1 2 21 51
6 2 48 50
3 2 29 53
1 2 66 53
3 2 37 54
1 2 54 55
2 2 52 55
8 2 54 54
3 2 39 54
1 2 49 54
4 2 47 54
3 2 41 53
5 2 47 54
6 2 27 53
2 2 46 54
7 2 45 54
6 2 34 51
6 2 34 54
8 2 21 69
2 2 21 82
3 2 24 83
3 2 23 82
4 2 55 82
8 2 46 82
7 2 39 81
2 2 21 84
4 2 27 83
7 2 20 2
8 2 22 4
7 2 20 18
7 2 20 23
2 2 27 22
6 2 20 41
6 2 23 41
4 2 27 41
5 2 26 41
5 2 31 42
8 2 20 45
4 2 60 46
7 2 34 44
7 2 20 47
1 2 23 48
1 2 48 48
5 2 40 47
1 2 20 54
4 2 31 55
3 2 20 90
3 2 22 91
7 2 19 17
1 2 29 17
4 2 28 16
4 2 25 17
3 2 47 17
8 2 19 20
7 2 19 43
6 2 25 42
2 2 19 73
6 2 39 72
8 2 18 1
7 2 18 20
6 2 24 22
7 2 18 29
4 2 33 29
1 2 45 28
6 2 40 29
4 2 38 29
7 2 35 29
6 2 19 30
1 2 23 31
3 2 36 33
6 2 48 33
2 2 18 96
8 2 18 96
5 2 17 12
1 2 31 13
2 2 26 14
4 2 36 13
8 2 17 33
2 2 40 34
6 2 17 49
3 2 33 50
1 2 25 50
1 2 23 49
3 2 62 48
3 2 30 49
2 2 30 48
8 2 21 48
2 2 17 72
1 2 17 96
5 2 16 4
3 2 33 3
1 2 21 4
7 2 16 14
4 2 27 13
2 2 22 15
3 2 25 15
5 2 18 14
7 2 16 18
7 2 16 39
7 2 16 72
2 2 16 88
7 2 31 88
1 2 26 89
6 2 15 1
2 2 25 2
5 2 19 3
5 2 17 1
1 2 15 25
4 2 36 26
4 2 38 27
3 2 35 26
2 2 30 26
8 2 15 25
2 2 30 26
7 2 18 26
4 2 27 26
2 2 24 26
4 2 29 25
7 2 15 52
3 2 25 52
2 2 20 52
6 2 28 51
6 2 26 52
8 2 15 85
4 2 24 84
7 2 29 84
6 2 31 84
4 2 24 86
7 2 26 87
3 2 15 87
4 2 24 87
3 2 16 87
1 2 23 88
1 2 15 91
1 2 25 93
4 2 35 93
6 2 38 93
6 2 59 92
4 2 48 92
5 2 37 92
6 2 14 8
5 2 25 7
8 2 23 7
8 2 20 7
5 2 19 7
6 2 19 8
2 2 48 8
8 2 14 18
5 2 19 17
2 2 14 19
8 2 14 28
2 2 38 28
3 2 36 28
8 2 21 27
1 2 14 34
8 2 14 62
6 2 29 62
8 2 21 63
7 2 13 59
5 2 45 59
7 2 16 60
6 2 41 59
4 2 41 58
3 2 41 59
7 2 41 59
3 2 28 61
3 2 13 85
4 2 13 87
1 2 20 88
3 2 15 87
1 2 12 1
7 2 12 6
7 2 20 5
5 2 12 20
8 2 19 21
8 2 13 20
1 2 12 25
8 2 12 37
7 2 12 37
3 2 42 39
5 2 29 38
3 2 38 37
2 2 37 37
4 2 29 38
2 2 12 37
8 2 12 65
3 2 24 65
8 2 23 67
6 2 26 67
8 2 58 66
8 2 16 66
4 2 24 66
2 2 12 89
6 2 49 88
6 2 11 20
3 2 31 19
7 2 13 19
3 2 29 19
5 2 46 21
3 2 45 21
4 2 29 19
6 2 11 27
2 2 25 28
1 2 25 29
2 2 11 53
4 2 28 54
7 2 10 42
4 2 10 41
8 2 10 63
3 2 26 64
1 2 12 62
2 2 15 61
2 2 47 60
1 2 20 60
2 2 22 59
6 2 38 59
4 2 33 60
5 2 15 62
1 2 15 63
6 2 23 64
1 2 10 63
1 2 10 67
1 2 9 27
1 2 17 27
5 2 34 28
4 2 33 28
8 2 9 58
4 2 30 57
7 2 13 58
1 2 15 58
7 2 45 57
2 2 9 82
8 2 9 82
3 2 19 84
7 2 24 83
2 2 21 83
3 2 13 80
2 2 14 78
7 2 27 77
8 2 23 77
6 2 27 76
7 2 30 76
2 2 42 75
7 2 27 75
8 2 21 78
2 2 20 78
5 2 24 79
8 2 8 28
8 2 17 30
3 2 8 30
8 2 19 30
1 2 14 31
2 2 27 30
8 2 22 31
2 2 26 33
8 2 8 41
4 2 27 43
1 2 14 40
7 2 35 39
5 2 27 39
6 2 24 39
3 2 27 40
3 2 25 39
5 2 24 39
6 2 22 40
8 2 20 40
6 2 14 42
5 2 7 5
5 2 7 20
6 2 11 20
1 2 20 21
8 2 7 24
8 2 58 23
4 2 30 24
5 2 18 23
6 2 8 25
6 2 7 33
6 2 20 32
4 2 21 32
6 2 11 33
7 2 18 33
8 2 7 47
2 2 36 46
5 2 30 47
6 2 7 47
2 2 26 46
1 2 13 47
2 2 29 46
1 2 53 45
5 2 29 46
8 2 7 67
7 2 13 68
2 2 19 67
2 2 7 75
2 2 7 89
1 2 42 89
8 2 15 90
3 2 7 93
4 2 37 94
8 2 16 95
6 2 6 8
3 2 12 9
2 2 30 8
3 2 26 11
6 2 22 11
2 2 30 11
8 2 6 8
6 2 23 7
5 2 20 9
4 2 26 10
6 2 6 13
3 2 25 14
6 2 16 13
8 2 12 12
7 2 6 49
6 2 19 49
8 2 17 49
6 2 15 50
7 2 11 49
1 2 6 95
1 2 6 99
8 2 23 98
1 2 18 98
3 2 21 97
6 2 20 96
8 2 5 2
4 2 53 1
4 2 20 1
5 2 5 24
1 2 5 45
8 2 53 44
8 2 50 45
7 2 47 44
2 2 29 44
8 2 5 97
8 2 41 98
5 2 62 99
7 2 37 98
7 2 28 98
8 2 17 98
5 2 22 98
4 2 35 99
8 2 19 99
8 2 32 99
5 2 4 1
8 2 4 6
6 2 4 15
8 2 6 13
5 2 6 17
5 2 10 18
8 2 4 47
2 2 4 51
7 2 4 56
1 2 26 55
3 2 41 55
1 2 41 56
1 2 24 56
3 2 28 54
7 2 7 58
2 2 4 56
7 2 17 55
8 2 21 56
1 2 4 58
7 2 4 59
3 2 12 60
4 2 31 59
1 2 4 97
3 2 43 96
7 2 3 1
7 2 3 4
6 2 3 10
4 2 22 11
1 2 66 10
1 2 22 12
8 2 3 27
1 2 6 26
1 2 6 28
8 2 19 27
8 2 22 29
1 2 3 60
1 2 21 61
2 2 7 60
4 2 29 60
3 2 52 59
3 2 28 60
6 2 18 60
4 2 12 60
1 2 11 60
3 2 3 98
1 2 13 98
6 2 2 19
8 2 34 20
8 2 2 25
6 2 2 36
8 2 8 37
5 2 35 36
8 2 5 35
8 2 9 35
3 2 26 34
2 2 2 63
7 2 5 63
8 2 39 62
2 2 44 63
4 2 26 64
6 2 32 64
8 2 4 65
1 2 14 66
3 2 2 88
8 2 10 87
1 2 2 88
3 2 3 88
8 2 11 87
7 2 24 88
7 2 15 86
8 2 1 34
1 2 6 35
4 2 32 36
7 2 19 34
7 2 1 40
1 2 9 39
5 2 35 38
8 2 19 38
6 2 21 37
1 2 7 40
1 2 6 42
1 2 5 41
8 2 7 41
8 2 14 40
7 2 16 41
3 2 16 41
8 2 1 85
3 2 6 87
5 2 13 86
7 2 20 86
3 2 7 87
1 2 1 91
4 2 30 91
3 2 7 90
8 2 21 89
2 2 7 91
1 2 19 92
7 2 35 93
8 2 12 92
8 2 15 94
3 2 21 93
5 2 53 93
8 2 4 91
8 2 10 92
8 2 1 91
4 2 24 92
6 3 83 71
1 3 72 1
4 3 72 66
7 3 70 79
7 3 69 81
3 3 66 44
7 3 66 80
5 3 65 62
3 3 65 81
4 3 62 4
3 3 62 48
5 3 62 67
3 2 63 67
8 3 62 81
2 2 60 81
4 3 60 96
2 3 59 6
4 3 59 24
2 3 59 71
5 3 68 71
4 2 66 71
6 3 59 79
4 3 59 89
3 3 58 16
6 3 57 1
4 3 57 37
5 3 57 73
7 3 57 82
4 3 65 83
4 3 57 83
3 3 56 3
3 3 56 47
6 3 56 55
3 3 56 75
6 3 61 74
6 3 56 78
4 3 56 79
6 3 69 80
6 3 64 79
5 3 56 89
4 3 56 90
5 3 56 94
4 3 56 95
2 3 55 2
3 3 55 19
4 3 55 33
6 3 55 63
5 3 58 62
8 3 55 70
4 3 67 70
3 3 54 11
4 3 54 43
6 3 54 44
2 3 63 45
7 2 61 45
2 3 53 29
6 3 53 31
1 2 51 31
2 3 53 81
8 3 53 90
5 3 52 40
4 3 65 39
4 3 52 65
4 3 51 3
6 3 51 5
7 2 49 5
1 3 51 11
1 3 60 10
5 3 51 63
1 3 51 71
5 3 51 96
8 3 50 16
8 3 49 10
2 3 49 38
1 3 49 40
4 3 61 39
6 3 49 45
1 3 49 65
6 3 48 34
7 3 48 37
4 3 53 36
1 3 48 44
7 3 48 61
6 3 48 85
4 3 47 14
5 3 47 16
2 3 57 17
1 3 54 17
6 3 47 19
3 3 47 29
2 3 46 25
4 3 46 60
7 3 46 65
8 3 46 82
4 3 45 18
2 2 44 18
1 2 44 18
7 3 45 31
8 3 45 44
4 2 44 44
3 2 45 45
8 3 45 76
2 2 51 75
5 3 44 1
4 3 44 27
1 3 44 62
7 3 44 69
3 3 58 68
6 3 44 81
5 3 44 84
1 3 43 7
2 3 43 14
7 3 43 19
3 3 43 19
2 3 43 53
2 3 43 91
5 3 48 91
6 3 42 6
8 3 47 4
6 3 45 5
7 3 42 23
5 3 46 24
3 3 62 23
5 2 60 23
1 3 42 32
6 3 42 100
6 3 41 70
3 3 41 82
5 3 40 1
7 3 40 11
1 3 40 43
4 2 53 43
2 3 40 49
4 3 40 49
4 3 50 50
5 3 40 53
8 3 40 77
3 3 40 77
1 3 46 76
4 3 50 76
2 3 40 84
5 3 40 98
8 3 39 18
4 3 44 18
1 3 39 35
6 3 39 57
4 3 70 58
7 3 39 58
3 3 52 58
2 3 39 61
3 2 37 61
4 3 39 67
6 3 55 68
7 3 54 66
7 3 50 67
2 3 39 74
4 3 39 88
7 2 37 88
6 3 48 89
5 3 39 94
8 3 45 93
6 3 39 94
8 3 38 9
7 3 38 64
2 3 37 44
3 3 37 71
6 3 37 97
6 3 36 7
5 3 36 13
3 3 40 14
3 3 36 26
7 3 39 27
3 3 36 52
8 3 36 52
7 3 36 94
5 2 60 95
4 2 48 93
4 3 44 94
6 3 35 30
5 3 35 48
3 3 35 91
6 3 34 41
1 3 34 61
7 3 33 7
7 3 33 9
3 3 38 10
2 3 33 11
5 3 33 20
6 3 33 21
5 3 33 25
2 3 32 27
6 3 32 58
6 3 59 57
4 3 49 58
7 3 30 8
2 3 30 10
4 3 30 62
1 2 28 62
7 3 41 63
1 3 38 63
5 3 30 73
7 2 50 72
3 2 43 72
8 2 29 73
2 2 36 72
6 3 45 73
7 3 39 74
4 3 51 74
3 3 38 75
7 3 41 75
7 3 35 73
6 3 29 23
4 2 28 23
5 3 42 24
6 3 40 23
6 2 44 22
1 3 50 24
1 3 36 24
4 3 29 43
5 3 29 81
1 3 29 88
2 3 28 1
3 3 28 4
4 3 28 31
6 3 28 51
6 3 27 26
7 3 27 89
4 3 27 98
2 2 25 97
3 3 36 96
1 3 43 95
7 3 27 99
5 3 27 99
6 3 27 100
3 3 26 6
8 3 40 5
3 3 26 21
6 3 26 66
6 3 25 44
3 2 36 44
4 3 34 44
2 3 25 47
5 3 24 32
7 3 24 53
6 3 24 81
5 2 26 80
7 2 51 80
2 3 23 23
1 3 23 23
3 3 23 41
2 2 37 41
5 3 23 78
7 2 26 78
1 2 37 77
5 2 35 77
7 3 56 79
6 3 24 77
5 3 22 16
4 3 21 42
6 3 21 50
4 3 20 1
2 3 34 2
6 3 20 3
1 3 29 2
7 3 20 19
5 2 24 19
5 3 27 18
4 3 20 60
6 2 18 60
2 3 47 59
1 3 20 83
5 3 20 92
7 3 33 93
2 3 19 47
4 3 19 47
8 3 18 43
4 3 17 41
7 3 25 41
3 3 37 41
3 3 17 63
2 3 17 84
5 2 25 84
5 2 18 84
6 2 18 84
1 2 16 84
5 3 18 84
2 2 17 83
4 3 16 60
8 2 18 60
6 3 15 19
6 3 15 26
3 3 33 26
4 3 20 25
1 3 32 24
6 3 14 21
5 3 16 22
5 2 41 22
3 3 22 23
1 2 21 23
1 3 14 53
5 2 21 53
2 3 19 55
5 3 24 54
2 2 22 54
6 3 34 55
7 3 17 52
1 2 32 51
7 3 15 53
3 3 14 89
4 2 18 89
8 2 18 90
1 2 17 90
5 2 21 89
2 2 13 88
8 3 15 89
7 2 22 90
4 2 16 89
6 3 13 16
8 3 17 15
4 2 21 14
4 3 19 15
2 2 18 15
2 3 34 16
7 3 11 37
3 2 26 38
1 3 31 37
2 3 49 37
6 3 44 36
5 3 43 37
5 3 28 37
3 3 25 37
6 3 34 37
6 3 30 37
2 2 31 36
2 3 19 37
8 3 12 37
2 3 11 56
3 3 11 79
8 2 17 80
6 2 31 79
2 2 17 81
2 2 16 78
8 2 22 77
2 2 14 79
8 3 11 85
4 3 20 86
6 3 21 85
4 3 17 85
7 2 15 85
6 3 10 3
7 3 9 9
8 3 27 9
8 3 16 10
8 3 9 9
6 2 7 9
6 2 10 9
7 3 9 28
1 2 8 27
8 3 9 33
2 2 50 33
6 3 13 33
6 3 17 34
1 3 9 34
8 3 32 34
5 3 42 34
5 3 32 35
8 2 34 35
2 3 49 36
7 3 16 35
8 2 28 35
1 2 28 35
1 3 9 75
8 2 19 77
5 2 40 76
5 3 23 75
3 2 35 74
8 3 17 76
4 2 30 77
3 3 9 86
1 3 9 99
8 3 8 9
5 3 8 21
8 2 10 23
7 3 8 53
7 3 7 23
6 3 7 35
1 3 7 36
6 2 33 35
2 3 7 55
2 2 9 55
2 3 12 54
7 3 7 72
3 2 28 72
1 2 19 72
8 2 10 73
7 2 15 73
7 2 9 73
7 3 18 72
8 3 5 15
8 3 13 16
5 2 13 15
7 3 5 56
1 3 5 69
2 2 16 67
6 2 22 66
7 2 40 67
7 2 12 69
1 2 18 69
2 2 12 69
7 2 16 70
4 3 38 71
3 2 36 70
5 3 35 71
4 3 27 71
5 3 25 69
8 3 4 9
1 2 9 9
8 3 4 17
5 2 6 17
7 2 7 17
1 2 11 16
4 2 4 17
8 2 5 18
5 3 10 16
5 3 9 18
7 3 25 18
1 3 3 54
6 3 25 54
5 3 2 21
4 2 18 21
8 3 2 93
5 3 1 7
6 2 3 7
7 3 1 47
6 2 7 49
1 2 10 47
7 2 35 46
6 3 18 46
6 3 9 50
4 4 60 80
3 4 57 22
4 2 54 22
5 4 57 31
2 4 55 4
5 4 55 99
2 4 53 45
6 4 52 39
4 3 58 40
1 4 51 22
1 4 51 80
1 4 50 11
5 4 50 92
5 4 49 51
3 4 49 65
2 4 49 83
1 4 46 14
2 4 45 24
6 4 45 72
3 4 45 83
5 2 45 82
7 2 45 83
5 2 44 83
1 4 44 10
2 4 44 82
1 4 43 33
2 4 43 34
3 4 43 99
4 4 42 49
3 4 42 69
4 4 48 70
4 4 42 69
5 4 42 98
2 4 41 14
4 4 41 17
5 4 41 22
8 2 38 22
8 4 41 36
5 4 41 72
8 4 41 76
6 4 41 91
7 4 42 91
7 4 40 1
2 4 40 74
3 4 40 79
8 4 39 24
7 4 39 34
5 4 38 13
2 4 38 27
4 4 38 45
8 4 38 95
6 4 38 97
7 4 37 10
2 4 36 35
8 4 36 36
7 4 36 56
5 4 35 19
8 2 33 20
1 4 35 55
8 2 32 55
7 4 35 62
4 4 34 5
7 3 37 4
4 4 37 5
1 4 34 16
1 4 34 53
3 4 38 52
4 4 34 59
2 2 38 59
7 4 33 5
5 4 33 10
2 4 45 11
6 4 33 50
3 3 45 51
2 4 38 50
5 4 33 58
1 4 43 58
6 4 33 74
5 4 33 87
8 4 32 27
7 4 32 79
4 4 31 39
4 4 31 46
2 4 30 1
2 2 45 1
6 2 27 1
6 4 30 17
3 4 30 35
1 4 32 36
8 4 30 53
3 4 30 53
4 4 38 52
7 4 29 55
3 4 30 55
4 4 26 14
1 3 25 14
2 4 26 18
4 4 26 62
2 4 26 73
7 4 25 26
8 4 24 23
4 2 22 23
1 4 33 22
5 4 24 29
8 2 26 29
7 2 26 29
5 2 30 29
5 3 43 30
2 3 35 29
1 3 29 29
5 3 32 29
2 4 44 28
6 4 24 56
4 2 32 57
2 2 21 56
4 4 25 55
7 4 22 36
7 4 21 18
8 2 18 18
1 4 21 84
2 4 21 95
4 4 20 63
5 4 19 5
5 4 19 10
1 3 29 12
8 2 28 13
5 2 28 13
1 3 20 10
1 3 28 11
1 4 19 64
3 2 35 63
7 2 20 63
8 3 29 65
3 4 19 96
1 4 18 15
4 2 29 13
4 4 26 15
6 4 18 43
2 4 22 42
2 4 17 27
2 3 17 27
5 4 27 27
1 4 17 48
3 4 25 48
8 4 17 51
5 4 31 52
7 4 16 5
2 2 15 5
5 4 16 8
3 4 34 7
2 2 34 7
3 4 36 7
1 4 16 20
7 4 31 19
4 4 16 85
7 4 15 54
5 3 13 54
2 2 23 55
3 4 14 35
4 2 24 34
4 2 23 36
1 4 33 34
7 4 14 40
8 4 14 53
2 2 12 54
5 2 11 53
5 3 14 54
3 2 20 54
2 2 12 54
6 4 21 52
8 3 26 52
6 4 16 53
7 4 14 69
8 4 31 69
6 2 30 69
2 4 42 71
2 4 38 70
8 4 12 10
1 2 22 11
6 4 12 10
8 4 10 3
6 2 9 3
7 3 13 4
6 4 36 2
8 2 33 2
5 3 40 3
5 3 35 2
7 4 10 40
7 2 36 39
5 4 28 41
4 2 29 41
5 4 21 40
8 4 9 5
8 4 33 4
8 4 37 3
6 4 11 5
4 3 18 5
1 4 15 5
5 4 7 8
8 3 8 7
6 2 14 6
8 3 5 8
7 2 10 7
6 3 9 7
3 2 14 8
6 3 6 8
2 2 10 8
1 2 9 8
3 4 11 7
5 4 27 6
5 4 20 7
2 4 5 73
8 2 8 72
8 2 10 72
4 2 11 71
8 3 4 73
6 2 3 73
8 2 6 74
7 2 21 75
1 3 11 74
7 3 18 75
7 2 37 76
6 2 35 75
2 2 29 75
2 3 7 74
8 3 8 75
2 2 7 75
1 3 12 75
5 2 21 75
3 2 11 75
5 4 28 70
5 4 3 5
3 4 9 5
5 4 3 18
8 2 11 17
3 2 4 17
7 2 4 18
3 3 11 17
4 2 21 16
2 2 10 17
3 4 16 16
7 4 3 20
3 4 3 77
2 2 17 77
4 4 23 78
8 4 33 77
6 2 33 77
4 4 37 78
6 4 21 79
1 4 19 80
4 2 19 80
2 4 3 89
3 2 11 88
1 2 4 87
3 4 32 90
4 4 15 89
3 2 23 88
4 3 22 88
2 4 21 89
3 4 17 89
1 4 2 35
5 2 24 36
7 3 2 35
8 4 15 36
7 4 2 68
6 2 25 69
3 2 25 69
4 2 25 70
2 2 6 68
2 2 10 68
5 3 25 68
4 3 45 68
5 2 43 68
2 3 8 67
1 2 32 67
3 2 21 66
8 2 16 65
8 3 29 65
5 3 28 67
3 3 19 67
2 2 36 66
3 4 25 67
7 4 13 68
3 4 2 83
5 3 37 82
8 3 5 82
8 3 3 83
2 2 5 83
5 2 11 83
1 2 5 84
7 2 13 84
5 3 14 83
3 3 10 84
6 2 10 83
4 5 58 57
3 5 55 66
7 2 51 66
4 5 48 31
2 5 46 32
4 5 46 59
7 5 45 45
6 5 44 58
6 5 44 64
3 5 44 80
1 5 43 6
4 5 42 25
3 5 41 42
2 5 40 62
4 4 45 62
4 5 54 61
2 5 40 99
8 2 36 99
3 2 35 99
3 5 39 45
5 2 36 45
4 5 39 79
3 5 39 81
8 5 38 33
6 5 40 32
4 5 38 88
5 5 37 22
4 5 37 71
4 5 36 42
6 5 35 40
4 4 47 39
3 5 34 6
4 5 33 28
7 5 32 25
3 5 32 66
4 2 28 66
3 2 27 66
2 5 31 72
2 5 31 96
2 5 30 16
3 5 30 71
7 5 32 70
3 5 29 54
6 5 28 28
5 2 31 28
6 5 28 56
1 5 27 79
7 5 27 99
5 2 24 100
6 5 26 80
5 5 26 90
3 4 37 91
7 5 32 91
3 5 30 90
8 2 29 90
1 2 28 90
4 5 25 39
5 2 29 38
8 5 22 100
1 2 18 100
3 2 17 100
8 4 29 99
4 5 21 6
6 5 21 46
4 4 27 45
4 5 20 58
8 3 34 57
5 3 19 58
2 4 36 57
3 4 35 58
2 4 31 58
5 4 30 59
5 5 20 72
4 5 20 97
7 2 21 96
7 2 31 97
5 2 18 96
7 4 35 98
4 3 32 98
8 5 18 17
5 5 17 53
2 5 16 21
1 4 15 20
6 5 16 31
4 2 19 30
1 3 15 32
2 5 16 36
3 5 19 36
1 5 15 10
6 2 12 9
8 5 15 25
6 2 13 25
8 2 20 24
6 3 19 24
2 3 14 25
2 4 20 26
1 5 17 25
3 5 25 24
4 5 14 26
1 5 12 7
1 5 12 64
4 4 25 64
7 5 8 46
6 2 20 45
5 4 31 44
3 5 7 83
7 5 6 10
7 5 6 42
7 2 21 43
5 2 11 41
8 4 15 44
8 5 18 41
2 5 6 79
6 5 5 23
7 3 9 22
6 2 12 21
7 3 6 23
2 2 4 23
6 3 10 22
8 5 5 29
1 5 11 29
8 5 4 32
2 2 20 32
3 2 11 32
3 3 20 31
8 3 10 32
7 3 24 32
4 4 21 34
2 2 18 34
7 4 28 33
7 4 17 31
2 4 25 30
3 4 15 32
5 4 16 32
8 4 13 31
7 5 3 8
5 2 4 7
7 5 3 16
6 5 2 30
3 2 18 32
8 2 5 30
5 6 47 38
3 6 41 71
1 6 37 4
8 6 34 71
8 6 31 47
2 5 34 47
6 6 35 48
1 6 30 96
4 6 29 75
5 6 28 28
3 6 27 42
6 6 27 74
8 2 23 73
7 6 27 93
8 2 27 93
8 3 30 93
6 2 30 92
3 6 41 92
7 6 25 75
6 6 25 77
1 5 25 77
7 5 28 77
3 2 24 77
4 6 24 4
5 6 24 54
7 6 21 59
8 6 19 37
5 6 18 13
7 2 18 14
7 6 18 66
2 6 18 97
6 2 16 94
4 6 17 40
6 6 15 38
2 6 15 59
5 6 15 88
1 2 13 89
6 2 14 90
6 2 12 89
4 4 26 88
7 6 12 74
1 6 20 73
5 6 10 6
7 6 6 4
3 6 19 3
1 6 6 75
4 2 23 77
8 2 23 78
3 2 21 76
1 2 7 74
8 5 11 78
3 6 4 85
3 6 17 87
4 3 26 87
4 6 34 86
3 6 12 86
7 6 2 72
4 7 44 57
8 7 36 92
3 2 30 92
5 7 33 64
7 7 30 78
7 7 30 82
4 7 24 22
3 7 22 3
6 5 21 3
4 2 18 3
8 7 22 100
4 7 20 53
7 7 19 45
2 2 21 45
2 6 36 43
5 7 19 64
7 7 19 72
5 7 18 55
5 2 19 56
5 7 22 57
6 7 18 99
6 7 17 12
3 7 17 25
8 2 19 23
6 2 13 26
7 7 17 57
3 2 14 56
8 7 15 81
6 4 35 81
3 7 14 4
2 2 15 3
2 2 10 3
1 7 21 2
6 4 30 1
1 2 27 1
6 4 24 2
3 7 25 1
2 7 12 94
3 3 11 95
6 3 15 95
6 5 23 96
1 7 11 98
3 2 14 98
3 3 11 96
3 4 13 97
2 4 11 97
1 2 10 97
5 4 13 98
2 5 13 99
7 7 9 63
8 2 12 63
6 3 14 63
7 7 3 10
5 2 10 13
2 2 13 12
8 3 5 11
6 6 27 13
8 7 3 37
3 7 3 93
8 2 3 93
4 2 1 95
3 2 4 96
2 3 4 93
4 2 27 92
6 2 27 92
3 2 11 94
6 2 2 93
7 2 25 94
3 4 6 93
6 4 8 93
5 3 7 93
8 7 13 91
2 7 10 91
1 2 9 92
3 2 8 92
7 3 14 92
7 7 20 91
5 8 36 33
4 8 33 40
3 2 27 40
2 8 30 44
5 8 27 50
8 4 34 49
5 8 25 57
1 2 18 57
5 8 21 36
1 2 17 34
5 8 20 27
3 8 15 19
2 2 13 19
1 8 12 45
6 2 12 43
2 2 12 44
6 8 27 43
7 8 10 37
2 4 22 39
3 8 9 18
4 8 7 9
8 2 2 8
1 8 3 71
5 2 24 70
1 2 3 72
3 8 34 70
3 9 35 49
5 9 32 46
6 9 31 82
4 9 27 1
7 2 21 1
8 2 21 2
2 9 21 28
3 2 18 28
8 2 16 28
4 2 16 29
8 9 19 63
2 9 17 38
6 4 27 39
1 9 15 28
7 2 12 27
2 9 15 42
3 2 13 43
8 2 17 43
6 2 16 43
2 9 14 16
5 2 11 15
4 2 16 16
2 9 10 80
1 9 4 27
6 2 2 29
8 9 4 44
6 4 3 41
4 5 15 46
2 10 38 48
8 10 35 61
3 4 30 62
3 10 31 31
8 10 25 64
1 10 24 83
1 10 23 70
5 10 23 81
6 10 21 38
2 10 15 51
5 6 17 52
1 10 13 41
8 2 12 39
1 10 7 59
7 2 9 60
4 2 7 59
8 2 5 60
7 3 7 61
5 11 23 33
5 11 21 31
6 11 21 96
7 11 13 84
7 11 12 1
1 11 11 70
8 11 9 28
1 11 9 87
6 2 8 86
8 12 35 68
1 12 25 30
6 2 19 31
2 2 17 30
5 12 22 50
1 12 16 54
6 12 15 91
7 12 13 58
3 2 13 53
1 2 10 57
8 2 10 57
4 2 10 58
8 12 7 94
8 13 12 13
1 2 7 12
6 11 28 11
4 2 18 11
6 11 16 12
3 6 12 12
3 8 26 13
3 13 12 76
5 2 12 77
7 3 15 78
7 11 18 79
4 13 11 8
1 13 10 5
8 13 5 50
3 2 10 50
4 2 10 51
6 2 9 51
6 9 29 47
6 9 22 49
1 13 4 92
7 2 5 88
3 2 3 88
5 14 17 82
8 2 6 83
5 14 16 21
1 10 18 22
7 14 15 16
1 2 10 16
5 14 15 45
8 14 12 1
2 2 8 1
1 2 8 3
7 14 11 66
7 2 11 64
3 2 19 63
3 2 8 66
2 15 20 20
3 15 18 97
2 15 15 30
3 15 10 99
8 15 9 43
5 2 5 41
7 3 5 42
4 16 31 67
8 16 18 51
4 16 14 90
1 16 13 62
5 17 32 94
1 17 22 79
2 17 20 95
1 17 15 19
7 2 7 20
5 18 20 100
8 18 8 90
8 2 6 92
4 3 2 92
2 19 16 10
6 19 10 39
8 19 7 76
2 2 2 75
2 20 18 14
6 20 8 15
6 2 7 14
2 20 6 98
4 2 1 96
7 21 25 84
4 21 23 46
6 21 18 60
5 21 14 22
6 2 4 22
7 22 3 60
2 11 8 57
4 24 17 32
7 2 11 33
8 24 13 59
6 24 7 1
5 2 3 3
3 2 2 6
7 4 3 2
1 2 2 1
5 25 12 93
3 2 2 93
4 2 1 93
4 2 3 94
3 2 1 95
8 2 1 96
8 27 13 69
1 2 2 70
6 2 5 69
5 2 5 69
7 2 2 70
3 29 21 60
4 29 16 67
8 31 11 21
5 3 1 18
5 32 10 11
3 2 4 10
4 2 4 13
8 2 4 13
1 2 4 14
8 32 9 53
2 2 10 49
6 2 2 56
3 2 1 52
6 36 17 44
5 2 3 43
4 38 10 73
7 2 4 72
1 42 9 48
7 2 2 45
3 3 2 47
7 3 2 50
1 43 13 76
8 2 2 76
2 2 1 77
2 45 14 83
2 78 17 65
1 2 3 60
1 2 3 63
4 2 1 60
3 2 1 63
7 87 17 37
8 2 5 35
6 2 4 30
7 2 3 26
1 2 3 34
3 2 3 36
3 2 2 23
5 2 1 25
4 3 2 34
