24671
3745
7 2 50 7
3 2 50 8
6 2 50 16
6 2 50 23
3 2 50 25
8 2 50 29
3 2 50 31
2 2 50 34
1 2 50 36
4 2 50 54
5 2 50 55
3 2 50 91
7 2 50 102
8 2 50 107
8 2 50 111
6 2 50 117
6 2 50 130
2 2 50 136
2 2 50 138
2 2 50 142
7 2 50 151
8 2 50 156
5 2 50 159
7 2 50 162
3 2 50 166
8 2 50 169
5 2 50 176
3 2 50 179
8 2 50 188
1 2 50 192
8 2 50 194
7 2 50 198
7 2 49 9
2 2 49 17
3 2 49 50
7 2 49 69
6 2 49 70
5 2 49 72
8 2 49 72
4 2 49 74
5 2 49 74
2 2 49 80
8 2 49 92
6 2 49 110
7 2 49 116
3 2 49 119
5 2 50 120
8 2 49 139
3 2 49 144
8 2 49 146
4 2 50 145
2 2 49 148
5 2 49 157
7 2 49 179
8 2 48 3
1 2 50 2
4 2 48 4
8 2 48 15
1 2 48 17
2 2 48 22
6 2 48 30
8 2 48 32
6 2 48 53
7 2 48 56
1 2 50 57
1 2 48 55
4 2 48 58
5 2 48 60
4 2 48 60
5 2 48 64
4 2 48 69
7 2 48 82
8 2 48 83
3 2 48 89
7 2 48 91
3 2 48 107
1 2 48 120
1 2 48 124
6 2 48 145
7 2 48 151
1 2 48 169
7 2 50 171
7 2 49 170
8 2 48 179
3 2 48 196
5 2 47 12
7 2 47 22
8 2 47 50
8 2 47 57
6 2 47 56
6 2 47 59
8 2 47 65
7 2 47 65
8 2 49 66
8 2 47 68
6 2 47 75
3 2 47 91
1 2 47 92
1 2 47 102
8 2 49 101
5 2 47 105
7 2 49 104
2 2 48 103
8 2 47 106
5 2 47 114
7 2 48 113
6 2 47 119
8 2 47 120
6 2 47 123
6 2 47 128
1 2 47 132
3 2 47 169
6 2 47 194
2 2 48 194
6 2 47 198
3 2 47 199
8 2 48 199
6 2 48 200
8 2 47 200
8 2 46 37
3 2 46 54
5 2 47 53
1 2 46 55
5 2 46 56
2 2 46 58
3 2 46 60
2 2 46 62
1 2 46 66
7 2 46 78
6 2 46 91
3 2 46 98
2 2 50 99
6 2 48 97
2 2 48 98
3 2 46 101
3 2 46 103
8 2 46 108
8 2 46 111
7 2 48 110
4 2 46 133
6 2 50 135
2 2 48 135
7 2 46 135
3 2 46 136
3 2 46 139
7 2 47 139
8 2 46 168
2 2 46 184
7 2 46 183
7 2 49 183
4 2 48 182
8 2 46 185
4 2 46 193
7 2 46 200
1 2 45 7
6 2 45 20
1 2 47 19
3 2 49 20
8 2 46 19
6 2 45 23
2 2 45 31
5 2 49 33
8 2 45 53
8 2 45 86
8 2 45 92
4 2 45 105
5 2 45 107
2 2 48 108
8 2 45 124
6 2 48 125
4 2 45 144
1 2 45 146
5 2 45 186
4 2 45 187
4 2 45 199
5 2 44 3
1 2 45 4
2 2 44 5
5 2 45 5
4 2 44 19
2 2 44 49
7 2 44 55
7 2 44 58
1 2 44 64
2 2 44 81
2 2 44 89
4 2 44 92
8 2 44 95
5 2 50 94
2 2 47 96
7 2 44 109
8 2 44 111
6 2 44 119
7 2 44 126
7 2 47 126
8 2 46 125
2 2 44 131
2 2 45 131
4 2 48 133
8 2 45 131
4 2 45 131
6 2 45 132
4 2 44 135
5 2 45 137
1 2 44 150
8 2 44 151
1 2 44 165
7 2 49 164
7 2 47 164
8 2 44 200
8 2 43 9
6 2 50 11
5 2 43 16
6 2 44 16
4 2 43 22
2 2 43 34
7 2 47 33
6 2 43 39
5 2 50 40
5 2 44 38
5 2 44 40
8 2 43 56
2 2 43 56
7 2 43 78
6 2 46 78
7 2 48 80
6 2 43 86
1 2 43 105
6 2 43 106
5 2 43 109
6 2 43 109
3 2 43 128
6 2 43 131
7 2 43 141
3 2 47 141
8 2 45 139
7 2 43 150
2 2 43 152
3 2 50 154
4 2 46 153
8 2 46 153
7 2 43 166
8 2 46 164
4 2 43 178
7 2 43 180
5 2 47 179
2 2 43 184
2 2 42 1
6 2 47 1
4 2 42 6
8 2 46 8
6 2 47 9
3 2 42 36
4 2 42 38
8 2 42 40
4 2 47 39
1 2 42 41
4 2 46 41
7 2 44 41
6 2 42 73
7 2 46 75
2 2 49 77
8 2 44 74
3 2 47 73
5 2 42 92
8 2 42 99
8 2 42 102
8 2 48 104
6 2 42 115
1 2 48 117
4 2 46 114
6 2 42 166
5 2 42 186
7 2 42 190
3 2 50 191
3 2 48 190
8 2 48 191
2 2 45 189
4 2 42 195
5 2 44 197
1 2 44 197
1 2 42 198
6 2 41 3
7 2 41 6
6 2 45 7
3 2 41 43
6 2 45 43
3 2 43 44
1 2 50 45
6 2 41 64
6 2 45 63
7 2 41 63
4 2 45 63
6 2 44 65
8 2 43 65
6 2 42 64
4 2 41 69
5 2 44 71
8 2 41 69
4 2 43 69
6 2 42 69
8 2 41 89
4 2 44 89
1 2 43 90
6 2 41 102
6 2 41 107
3 2 41 118
1 2 45 117
4 2 43 117
5 2 45 118
5 2 46 118
3 2 43 118
7 2 41 136
8 2 45 137
2 2 41 153
7 2 43 154
7 2 46 155
3 2 41 156
8 2 44 156
4 2 49 158
3 2 43 156
4 2 44 156
7 2 41 159
3 2 46 159
6 2 45 158
6 2 41 163
4 2 41 173
2 2 47 173
7 2 44 174
5 2 47 175
8 2 44 174
8 2 41 190
2 2 42 191
3 2 45 192
3 2 44 191
6 2 42 191
7 2 41 192
4 2 41 197
5 2 47 196
6 2 41 200
2 2 40 5
5 2 40 7
7 2 42 7
7 2 40 13
7 2 50 14
6 2 48 13
6 2 46 12
6 2 44 13
8 2 40 14
3 2 42 15
1 2 40 31
6 2 46 32
7 2 45 30
7 2 49 29
1 2 41 31
6 2 41 31
8 2 41 31
1 2 40 36
8 2 48 37
5 2 41 35
7 2 40 36
3 2 40 38
4 2 40 71
3 2 40 75
5 2 40 78
8 2 40 84
1 2 50 85
1 2 40 91
5 2 40 114
8 2 43 114
4 2 40 124
7 2 44 124
5 2 44 124
1 2 40 134
5 2 43 134
2 2 43 133
6 2 40 140
7 2 40 140
7 2 45 140
2 2 43 138
7 2 43 138
1 2 40 152
3 2 43 153
3 2 42 152
3 2 40 176
4 2 39 9
8 2 48 11
3 2 41 8
5 2 41 8
7 2 41 10
8 2 45 9
2 2 39 21
6 2 39 44
6 2 46 45
6 2 50 47
2 2 45 46
7 2 45 47
5 2 46 47
8 2 42 43
8 2 39 70
5 2 39 77
8 2 39 116
3 2 39 122
1 2 46 121
3 2 45 123
4 2 43 123
1 2 39 130
8 2 41 130
4 2 40 131
6 2 39 140
5 2 39 154
6 2 39 155
7 2 39 160
4 2 49 161
8 2 39 159
6 2 45 160
8 2 44 158
3 2 39 181
2 2 46 182
8 2 41 181
2 2 41 181
5 2 39 181
8 2 39 195
8 2 38 2
5 2 38 6
3 2 38 26
2 2 44 24
8 2 44 24
7 2 41 26
3 2 38 52
3 2 49 52
3 2 38 55
7 2 40 55
3 2 39 55
3 2 40 54
8 2 38 55
6 2 38 54
7 2 38 87
7 2 41 87
6 2 41 88
8 2 38 87
5 2 41 86
3 2 43 85
5 2 39 87
5 2 38 103
8 2 43 103
3 2 38 114
1 2 38 121
7 2 38 122
7 2 38 149
7 2 45 148
6 2 38 159
1 2 38 166
6 2 43 165
6 2 45 165
2 2 38 180
2 2 42 179
3 2 40 178
8 2 37 5
8 2 41 4
8 2 39 5
7 2 38 5
2 2 37 29
4 2 44 30
4 2 42 29
7 2 40 29
6 2 38 28
7 2 48 27
5 2 37 34
7 2 37 33
8 2 37 35
6 2 39 35
6 2 37 79
7 2 37 83
6 2 38 85
8 2 38 86
7 2 43 87
4 2 37 87
1 2 37 91
4 2 38 92
6 2 47 93
3 2 47 94
3 2 45 93
7 2 44 94
3 2 38 92
4 2 40 93
8 2 38 93
7 2 37 97
8 2 42 98
8 2 47 100
6 2 37 111
3 2 44 110
4 2 43 110
8 2 37 113
8 2 40 112
5 2 37 115
5 2 42 116
6 2 38 117
8 2 37 123
3 2 37 138
2 2 37 138
4 2 37 150
6 2 42 149
7 2 47 148
6 2 46 148
6 2 42 151
6 2 37 163
7 2 37 190
7 2 40 189
6 2 43 189
8 2 43 189
8 2 37 192
4 2 43 193
5 2 40 191
7 2 36 4
5 2 37 4
6 2 43 3
1 2 42 3
6 2 36 17
8 2 41 17
5 2 38 18
7 2 36 19
6 2 36 19
3 2 42 20
7 2 41 20
4 2 45 21
4 2 43 20
6 2 39 18
8 2 41 17
6 2 37 19
5 2 36 23
7 2 38 21
8 2 36 28
6 2 41 27
8 2 39 28
2 2 37 28
6 2 36 35
2 2 36 42
7 2 41 43
1 2 36 47
8 2 42 47
4 2 41 48
4 2 39 47
3 2 36 56
7 2 36 58
5 2 45 60
7 2 45 61
4 2 44 60
1 2 36 63
6 2 36 68
1 2 40 66
5 2 36 69
1 2 36 70
6 2 39 70
2 2 41 71
2 2 36 72
2 2 36 77
5 2 36 84
6 2 38 83
7 2 36 89
8 2 36 90
7 2 36 92
8 2 36 95
3 2 36 116
1 2 40 116
6 2 37 115
7 2 36 120
2 2 43 120
8 2 40 120
7 2 36 138
7 2 36 170
4 2 41 168
8 2 40 169
2 2 36 172
3 2 42 171
7 2 41 171
2 2 48 172
3 2 39 171
8 2 39 174
8 2 40 175
8 2 38 171
2 2 41 171
6 2 40 170
8 2 35 1
8 2 44 1
1 2 37 1
6 2 35 1
2 2 35 5
4 2 35 10
6 2 43 9
6 2 35 25
5 2 45 24
4 2 43 24
2 2 40 26
4 2 37 24
4 2 35 25
4 2 35 29
2 2 39 30
7 2 35 48
8 2 38 50
8 2 37 48
8 2 35 53
1 2 39 52
2 2 37 51
2 2 36 53
6 2 35 52
7 2 35 68
4 2 35 76
2 2 45 74
2 2 44 76
4 2 43 75
6 2 39 74
6 2 35 104
5 2 40 105
5 2 38 103
1 2 35 113
8 2 35 136
3 2 35 140
4 2 36 141
6 2 45 143
6 2 37 142
4 2 43 143
7 2 40 143
8 2 39 141
8 2 36 142
2 2 35 157
5 2 42 158
1 2 37 156
5 2 35 158
1 2 41 157
1 2 35 162
7 2 45 161
4 2 44 160
4 2 42 162
3 2 40 162
4 2 35 163
2 2 35 167
2 2 43 168
8 2 38 168
2 2 37 168
6 2 35 184
7 2 40 185
1 2 38 182
6 2 38 182
8 2 44 183
7 2 39 182
5 2 38 182
4 2 35 187
1 2 39 186
1 2 37 187
5 2 35 191
7 2 34 1
5 2 34 7
6 2 34 8
5 2 34 29
3 2 34 42
2 2 38 40
2 2 37 42
1 2 34 48
2 2 36 47
5 2 43 48
6 2 40 49
5 2 43 49
1 2 34 55
8 2 34 71
8 2 34 84
7 2 36 84
1 2 45 83
1 2 42 84
7 2 34 85
6 2 34 86
3 2 34 86
2 2 34 88
3 2 35 88
4 2 34 106
2 2 41 105
7 2 37 105
3 2 34 109
7 2 34 124
8 2 41 126
1 2 41 126
6 2 43 125
4 2 34 153
4 2 37 153
2 2 36 154
4 2 34 165
7 2 34 173
3 2 34 190
2 2 36 190
6 2 34 192
7 2 38 193
4 2 36 193
7 2 39 193
2 2 34 200
8 2 33 22
8 2 43 21
8 2 37 22
5 2 33 24
2 2 33 26
6 2 33 29
2 2 34 28
7 2 33 29
6 2 33 38
2 2 37 36
8 2 33 62
3 2 39 60
7 2 33 64
7 2 34 63
3 2 33 81
8 2 33 121
5 2 33 123
6 2 33 123
8 2 38 124
7 2 33 152
6 2 33 162
4 2 33 172
7 2 33 180
3 2 32 5
7 2 32 21
2 2 32 28
4 2 32 30
1 2 36 31
5 2 36 31
5 2 32 32
7 2 33 32
7 2 34 31
5 2 35 32
8 2 44 34
8 2 42 33
4 2 32 71
5 2 37 72
2 2 32 82
4 2 45 81
6 2 44 81
6 2 32 83
8 2 32 92
4 2 37 91
6 2 32 94
8 2 33 94
8 2 32 98
7 2 35 99
6 2 46 100
7 2 45 100
5 2 41 100
1 2 36 100
6 2 40 99
8 2 43 97
5 2 32 118
8 2 43 119
7 2 39 117
7 2 36 117
1 2 35 118
1 2 36 117
4 2 35 118
8 2 35 117
2 2 32 145
1 2 40 144
8 2 34 144
7 2 41 144
3 2 36 143
3 2 34 144
5 2 32 146
6 2 32 165
3 2 32 165
4 2 38 167
7 2 32 177
7 2 34 178
2 2 38 179
7 2 33 177
1 2 32 178
7 2 32 183
7 2 32 197
5 2 37 198
6 2 43 199
8 2 37 198
5 2 34 197
5 2 32 198
6 2 32 198
6 2 37 197
6 2 31 39
8 2 39 41
8 2 31 47
3 2 35 47
4 2 33 47
2 2 31 53
8 2 36 53
6 2 31 72
2 2 43 73
4 2 31 75
6 2 34 75
8 2 40 74
8 2 37 74
6 2 31 75
3 2 32 76
5 2 31 86
6 2 31 87
7 2 31 98
7 2 33 97
8 2 33 98
6 2 32 97
7 2 43 96
6 2 37 98
5 2 36 97
7 2 39 96
6 2 36 96
4 2 31 103
5 2 31 106
3 2 39 107
3 2 36 106
1 2 33 104
1 2 32 106
8 2 31 114
4 2 31 116
7 2 31 134
7 2 31 145
2 2 31 151
6 2 31 168
7 2 39 169
7 2 37 168
8 2 34 167
6 2 32 168
5 2 31 171
6 2 38 172
3 2 32 169
8 2 32 169
4 2 35 169
8 2 33 169
1 2 31 192
7 2 33 191
6 2 34 190
8 2 33 190
8 2 31 198
1 2 36 197
7 2 30 3
2 2 30 3
4 2 30 9
8 2 32 9
8 2 30 18
3 2 35 17
8 2 33 17
5 2 30 22
6 2 30 26
4 2 39 25
8 2 35 25
5 2 34 27
5 2 32 26
4 2 31 27
3 2 30 35
5 2 30 39
1 2 30 44
4 2 30 51
3 2 30 57
7 2 30 72
4 2 30 82
4 2 41 82
5 2 31 82
5 2 40 83
1 2 31 83
7 2 30 83
8 2 30 87
7 2 30 90
6 2 34 91
5 2 31 89
4 2 30 96
8 2 38 95
4 2 30 109
2 2 43 108
8 2 37 109
7 2 39 110
3 2 30 118
1 2 30 119
8 2 30 148
3 2 35 146
3 2 34 148
8 2 34 149
5 2 38 149
7 2 38 148
6 2 42 147
6 2 31 148
8 2 31 147
5 2 30 185
6 2 33 186
8 2 42 187
3 2 30 189
8 2 32 188
8 2 33 187
2 2 31 189
7 2 30 191
7 2 32 190
3 2 29 50
8 2 29 52
2 2 40 51
8 2 39 51
7 2 29 58
5 2 39 58
6 2 36 57
1 2 29 64
6 2 29 78
7 2 44 79
8 2 47 80
8 2 44 79
1 2 42 79
3 2 40 79
1 2 29 89
6 2 29 91
4 2 31 92
7 2 29 96
4 2 33 97
2 2 32 97
4 2 30 96
4 2 29 98
2 2 29 110
7 2 39 110
7 2 33 111
2 2 29 128
8 2 35 127
3 2 46 129
5 2 43 128
6 2 43 127
8 2 32 127
7 2 43 126
6 2 29 137
1 2 41 136
6 2 40 136
7 2 34 136
5 2 29 151
5 2 33 150
8 2 36 149
2 2 29 159
1 2 39 158
4 2 29 159
3 2 41 160
5 2 29 161
8 2 29 164
5 2 31 165
2 2 29 166
8 2 31 167
6 2 29 167
6 2 29 176
7 2 31 175
5 2 35 174
6 2 41 173
7 2 29 178
6 2 37 179
8 2 34 177
5 2 29 182
5 2 29 197
4 2 28 1
7 2 28 6
2 2 29 7
8 2 28 34
6 2 32 32
2 2 29 34
2 2 28 53
7 2 36 53
1 2 31 53
3 2 28 54
6 2 28 81
1 2 44 80
3 2 42 80
2 2 37 81
1 2 39 81
7 2 29 81
8 2 28 81
8 2 28 90
4 2 28 93
8 2 28 100
8 2 40 101
6 2 28 113
6 2 36 113
7 2 33 113
8 2 32 113
7 2 28 113
4 2 28 115
3 2 28 116
2 2 28 119
4 2 34 119
6 2 28 132
3 2 38 132
3 2 36 131
3 2 29 131
6 2 36 132
8 2 42 133
8 2 37 132
4 2 36 132
8 2 33 130
6 2 33 131
3 2 28 140
6 2 37 141
1 2 32 140
5 2 28 148
4 2 36 147
4 2 34 148
6 2 28 148
5 2 33 148
1 2 28 160
5 2 37 159
7 2 37 158
8 2 34 160
6 2 29 159
7 2 28 184
1 2 28 192
4 2 31 194
7 2 39 194
7 2 44 195
8 2 39 194
7 2 32 194
5 2 40 195
4 2 37 196
4 2 29 192
8 2 29 193
7 2 28 199
7 2 27 16
8 2 38 15
7 2 39 14
2 2 36 14
7 2 36 13
7 2 40 15
1 2 38 13
4 2 37 11
7 2 37 12
7 2 38 13
3 2 28 18
8 2 27 18
8 2 35 20
7 2 27 18
3 2 27 56
7 2 31 55
5 2 28 55
5 2 27 60
5 2 42 59
6 2 40 61
6 2 37 60
2 2 40 61
4 2 41 61
5 2 33 60
1 2 32 60
5 2 34 59
7 2 38 58
1 2 34 61
2 2 27 68
8 2 39 69
6 2 31 67
6 2 35 66
5 2 33 68
5 2 31 67
5 2 38 67
2 2 27 86
4 2 34 85
1 2 27 90
1 2 27 94
5 2 27 105
8 2 28 104
3 2 32 103
7 2 27 121
7 2 33 119
5 2 40 121
5 2 27 164
6 2 41 163
5 2 41 163
8 2 35 163
2 2 30 164
7 2 29 164
6 2 27 174
6 2 31 175
5 2 27 185
5 2 37 183
1 2 32 186
7 2 39 186
8 2 28 185
6 2 35 184
7 2 28 186
4 2 27 197
6 2 26 11
7 2 44 12
4 2 26 19
7 2 26 51
6 2 26 63
4 2 30 65
7 2 26 70
6 2 26 82
3 2 26 83
3 2 33 83
6 2 26 125
3 2 31 126
7 2 40 125
8 2 26 130
8 2 35 130
2 2 43 129
5 2 39 129
6 2 26 138
5 2 26 138
3 2 29 138
7 2 33 138
7 2 26 143
7 2 31 144
4 2 26 155
6 2 33 154
6 2 31 155
1 2 26 155
4 2 36 154
5 2 29 154
4 2 29 154
5 2 26 155
6 2 26 163
3 2 25 5
4 2 26 6
6 2 32 5
3 2 25 8
6 2 25 16
4 2 25 16
8 2 25 41
8 2 30 41
6 2 35 39
8 2 35 40
5 2 25 47
4 2 25 49
6 2 27 48
2 2 30 49
8 2 25 54
7 2 25 69
3 2 30 69
6 2 31 69
3 2 32 68
8 2 28 68
7 2 27 69
5 2 33 71
6 2 27 68
1 2 25 73
5 2 33 73
7 2 39 73
3 2 39 74
3 2 25 80
7 2 25 97
1 2 25 108
8 2 28 108
7 2 29 108
8 2 39 107
3 2 25 119
7 2 27 119
6 2 27 119
8 2 25 134
6 2 36 134
6 2 39 133
2 2 36 133
7 2 36 133
3 2 33 134
8 2 32 134
7 2 33 133
8 2 34 132
2 2 32 135
5 2 38 135
7 2 37 135
2 2 25 142
1 2 26 141
7 2 30 140
5 2 30 142
7 2 25 146
6 2 26 146
7 2 36 145
7 2 25 162
7 2 30 161
2 2 33 162
2 2 25 166
7 2 31 165
8 2 25 195
7 2 25 197
8 2 28 198
8 2 24 12
3 2 37 13
7 2 38 13
7 2 24 26
8 2 28 26
5 2 26 27
1 2 26 27
7 2 32 28
2 2 28 28
8 2 26 28
6 2 24 50
3 2 24 51
6 2 25 51
7 2 24 54
7 2 25 53
6 2 24 62
7 2 32 61
7 2 24 72
3 2 26 72
8 2 24 74
4 2 24 81
6 2 24 125
3 2 32 124
7 2 25 125
6 2 35 126
4 2 34 127
4 2 32 126
2 2 24 160
4 2 24 164
7 2 25 165
3 2 24 170
8 2 31 171
8 2 34 170
7 2 31 172
4 2 30 172
6 2 32 173
6 2 38 175
6 2 27 172
3 2 29 172
3 2 24 176
5 2 24 180
7 2 24 186
4 2 27 187
7 2 34 188
6 2 24 194
7 2 32 195
6 2 36 196
8 2 35 196
5 2 24 196
7 2 27 195
8 2 23 4
7 2 29 4
3 2 24 3
2 2 24 3
7 2 26 3
4 2 29 3
6 2 23 3
1 2 23 3
6 2 23 15
5 2 33 15
6 2 37 16
1 2 32 14
3 2 29 14
6 2 29 14
3 2 27 15
1 2 27 15
6 2 26 14
4 2 25 15
8 2 23 20
8 2 27 21
4 2 23 25
7 2 38 24
3 2 29 23
1 2 23 35
7 2 43 37
7 2 41 36
6 2 39 36
7 2 27 36
1 2 23 40
8 2 23 67
8 2 36 66
6 2 24 69
8 2 23 78
3 2 34 77
3 2 32 78
6 2 30 80
7 2 28 78
7 2 23 87
5 2 24 87
3 2 25 88
8 2 23 129
6 2 26 129
7 2 25 129
5 2 25 131
2 2 29 132
4 2 23 131
5 2 23 139
7 2 23 151
6 2 25 150
7 2 30 150
6 2 23 159
7 2 32 158
7 2 29 158
3 2 32 157
7 2 34 156
1 2 23 163
8 2 23 173
7 2 23 173
7 2 32 173
5 2 34 174
5 2 36 175
1 2 23 181
4 2 35 183
4 2 33 182
7 2 35 181
8 2 23 191
4 2 31 190
6 2 27 191
3 2 26 190
5 2 24 190
8 2 29 188
7 2 24 189
4 2 22 6
4 2 30 6
3 2 22 11
7 2 42 10
4 2 22 43
4 2 29 45
7 2 22 55
8 2 31 56
7 2 26 57
6 2 33 57
8 2 27 58
8 2 22 57
3 2 34 58
6 2 25 57
6 2 27 58
1 2 32 59
6 2 28 59
7 2 22 58
3 2 22 75
1 2 24 75
4 2 22 78
8 2 27 79
6 2 24 77
5 2 24 79
4 2 22 82
1 2 22 86
6 2 29 84
4 2 22 103
3 2 33 102
3 2 29 104
5 2 22 105
4 2 29 107
6 2 22 120
6 2 25 121
6 2 29 123
7 2 33 122
4 2 22 127
8 2 34 128
1 2 22 134
8 2 23 133
7 2 27 134
6 2 30 135
4 2 29 133
3 2 28 133
3 2 31 132
6 2 28 132
7 2 23 133
2 2 26 133
5 2 22 144
6 2 29 143
6 2 27 143
5 2 22 153
4 2 28 152
6 2 22 157
2 2 27 156
8 2 33 155
7 2 22 162
1 2 22 184
8 2 22 193
6 2 29 192
7 2 22 197
7 2 25 196
7 2 30 195
4 2 21 1
7 2 21 16
4 2 21 23
7 2 33 24
7 2 31 23
8 2 25 22
6 2 31 21
7 2 23 24
3 2 35 25
1 2 21 24
6 2 21 25
6 2 24 24
7 2 25 25
2 2 23 24
6 2 22 26
4 2 21 32
1 2 35 32
8 2 30 32
8 2 33 33
1 2 24 33
1 2 23 32
5 2 21 36
8 2 32 37
7 2 30 35
5 2 26 35
6 2 30 36
4 2 32 37
4 2 30 36
7 2 24 38
7 2 22 36
1 2 21 44
3 2 25 44
7 2 31 43
6 2 34 42
6 2 32 43
5 2 27 44
2 2 21 51
7 2 30 49
8 2 30 49
4 2 22 53
4 2 21 51
5 2 21 55
8 2 21 63
5 2 28 62
5 2 27 65
7 2 26 64
7 2 23 62
5 2 25 63
7 2 21 76
7 2 22 77
1 2 21 81
6 2 21 80
1 2 21 106
7 2 21 105
6 2 21 116
8 2 30 115
3 2 29 116
2 2 23 114
1 2 21 122
6 2 37 123
6 2 31 123
8 2 29 123
3 2 28 124
6 2 23 123
5 2 28 124
7 2 23 122
8 2 21 139
3 2 24 140
2 2 23 138
7 2 21 141
4 2 26 142
2 2 21 142
8 2 32 141
2 2 33 142
7 2 28 142
6 2 21 191
1 2 25 190
5 2 22 192
8 2 21 197
6 2 21 198
2 2 25 198
3 2 21 200
3 2 20 1
4 2 28 1
5 2 28 2
5 2 26 1
5 2 22 2
1 2 20 11
8 2 34 13
8 2 32 11
2 2 32 13
6 2 27 12
7 2 20 31
4 2 20 48
5 2 20 52
8 2 20 60
6 2 20 59
6 2 26 60
7 2 20 60
7 2 25 60
5 2 21 61
7 2 21 61
7 2 29 61
8 2 20 59
2 2 20 73
6 2 22 74
8 2 23 74
6 2 20 91
8 2 20 110
6 2 38 112
6 2 36 110
7 2 34 111
6 2 25 110
8 2 32 111
1 2 26 110
7 2 28 111
7 2 25 109
4 2 20 125
1 2 20 129
2 2 24 131
8 2 25 132
7 2 24 132
3 2 20 131
7 2 20 130
7 2 20 146
6 2 26 145
8 2 28 144
5 2 20 172
6 2 23 174
2 2 26 174
5 2 30 174
5 2 26 175
8 2 28 175
7 2 22 174
7 2 19 7
5 2 22 8
1 2 24 9
1 2 21 7
8 2 19 10
5 2 19 19
6 2 19 18
7 2 29 19
8 2 19 17
8 2 28 18
2 2 19 47
8 2 19 49
2 2 19 75
6 2 19 76
6 2 19 78
8 2 19 85
6 2 27 86
8 2 31 85
6 2 21 85
7 2 31 87
8 2 26 85
7 2 21 85
6 2 21 85
1 2 20 85
7 2 20 85
6 2 19 86
4 2 30 87
5 2 19 95
6 2 19 148
7 2 29 146
1 2 25 149
5 2 21 147
1 2 19 153
6 2 22 154
7 2 19 157
6 2 25 156
8 2 19 159
7 2 19 160
5 2 25 161
2 2 22 161
7 2 22 161
8 2 19 166
8 2 23 166
7 2 23 166
7 2 19 173
6 2 20 172
4 2 19 173
8 2 28 173
2 2 19 186
6 2 21 186
3 2 28 187
5 2 19 189
7 2 22 190
7 2 20 189
6 2 29 188
8 2 19 189
7 2 23 188
8 2 25 187
8 2 23 188
6 2 19 192
5 2 19 193
8 2 18 23
2 2 18 26
7 2 24 26
5 2 29 25
4 2 23 26
4 2 21 27
5 2 24 28
8 2 18 51
1 2 18 54
7 2 18 53
6 2 18 58
5 2 23 58
7 2 18 67
7 2 29 66
4 2 21 68
8 2 18 67
2 2 18 92
7 2 31 93
6 2 24 91
6 2 21 91
3 2 18 105
6 2 33 104
5 2 24 104
5 2 22 105
6 2 26 104
8 2 18 107
6 2 25 106
5 2 18 112
1 2 18 115
8 2 18 118
1 2 18 123
7 2 28 122
3 2 18 123
3 2 20 123
8 2 18 123
3 2 22 124
6 2 18 123
5 2 18 131
8 2 18 141
8 2 26 140
4 2 18 155
6 2 18 156
5 2 18 156
8 2 25 156
6 2 18 161
7 2 18 194
2 2 33 193
4 2 32 194
6 2 18 196
1 2 25 195
2 2 17 12
2 2 17 22
7 2 26 21
7 2 17 23
7 2 19 24
4 2 25 25
7 2 20 24
5 2 19 24
3 2 17 28
8 2 27 29
6 2 30 30
8 2 22 29
6 2 22 30
1 2 19 30
8 2 25 30
5 2 17 49
6 2 25 49
8 2 19 49
7 2 17 49
8 2 17 50
2 2 17 54
6 2 21 52
6 2 20 54
6 2 17 55
1 2 22 56
6 2 17 77
6 2 22 77
7 2 17 77
4 2 17 78
7 2 28 79
8 2 17 92
3 2 20 93
6 2 30 93
2 2 26 94
6 2 35 94
2 2 23 93
7 2 25 94
2 2 17 95
8 2 27 96
5 2 21 96
8 2 24 94
8 2 22 96
7 2 21 96
1 2 17 96
3 2 21 98
3 2 17 98
7 2 34 99
6 2 17 106
6 2 23 105
5 2 17 114
1 2 17 118
6 2 32 117
3 2 20 118
6 2 18 118
6 2 22 118
6 2 23 117
8 2 17 121
6 2 33 120
4 2 22 121
6 2 17 150
6 2 26 151
8 2 33 151
6 2 33 150
3 2 17 166
1 2 17 169
1 2 17 189
6 2 19 190
7 2 16 2
8 2 19 3
6 2 33 5
4 2 20 4
2 2 18 1
2 2 16 2
8 2 18 1
8 2 16 6
8 2 26 5
1 2 20 5
7 2 16 7
5 2 16 10
3 2 17 11
8 2 16 16
7 2 16 25
6 2 16 28
7 2 24 29
6 2 16 38
6 2 18 39
7 2 21 41
6 2 32 40
8 2 16 40
3 2 17 38
3 2 16 49
5 2 16 64
7 2 20 65
6 2 23 65
3 2 16 85
8 2 16 89
8 2 24 88
2 2 17 88
6 2 26 88
6 2 20 88
3 2 26 90
3 2 24 89
8 2 17 88
2 2 20 87
4 2 16 105
3 2 16 111
7 2 16 115
3 2 21 116
7 2 23 118
7 2 21 117
6 2 16 115
8 2 26 115
7 2 17 115
5 2 16 122
6 2 17 121
7 2 17 121
8 2 16 123
2 2 16 132
5 2 22 133
8 2 17 132
6 2 16 137
2 2 20 138
8 2 16 150
6 2 16 149
2 2 16 165
2 2 21 164
6 2 16 169
7 2 29 168
3 2 28 167
8 2 23 169
7 2 19 170
8 2 27 171
3 2 28 171
7 2 22 169
2 2 21 171
6 2 24 171
8 2 25 171
7 2 25 172
3 2 16 180
1 2 35 179
8 2 34 179
8 2 20 179
5 2 18 182
5 2 17 181
6 2 17 181
7 2 27 180
8 2 18 181
7 2 25 182
8 2 26 183
8 2 16 194
6 2 26 192
4 2 16 200
6 2 22 199
4 2 19 199
4 2 15 18
3 2 18 19
1 2 18 19
3 2 16 18
6 2 19 17
5 2 24 16
2 2 23 15
8 2 15 37
4 2 20 35
5 2 22 36
8 2 26 36
8 2 20 36
3 2 19 35
6 2 19 36
8 2 19 36
3 2 17 37
4 2 15 55
1 2 15 57
7 2 22 58
3 2 20 56
7 2 19 56
8 2 18 56
6 2 18 55
8 2 15 57
5 2 15 58
4 2 15 74
7 2 29 73
8 2 20 73
6 2 24 72
5 2 15 82
3 2 17 81
7 2 20 80
6 2 16 81
8 2 17 82
8 2 18 82
7 2 17 82
8 2 15 80
7 2 15 81
2 2 15 83
6 2 15 96
6 2 15 99
7 2 18 99
2 2 25 98
2 2 22 99
6 2 26 99
3 2 15 102
2 2 33 101
6 2 26 101
8 2 15 117
7 2 19 116
3 2 15 126
7 2 33 127
4 2 27 125
3 2 24 125
8 2 22 125
7 2 21 127
6 2 21 128
1 2 34 128
5 2 28 126
5 2 26 128
5 2 19 125
7 2 28 126
7 2 23 126
7 2 19 126
8 2 18 125
5 2 18 126
3 2 15 148
5 2 16 148
8 2 26 147
5 2 15 152
5 2 15 154
7 2 22 153
6 2 22 154
5 2 15 187
7 2 15 193
7 2 18 192
8 2 16 192
4 2 18 191
5 2 15 194
1 2 14 4
7 2 14 3
7 2 16 4
6 2 18 4
6 2 14 15
7 2 21 16
3 2 17 16
8 2 14 23
8 2 16 23
6 2 14 62
6 2 20 61
8 2 14 70
6 2 24 71
8 2 14 82
8 2 14 127
6 2 22 127
7 2 32 128
4 2 18 126
4 2 17 128
6 2 26 127
7 2 20 128
5 2 18 128
2 2 17 127
7 2 16 128
6 2 14 148
4 2 14 165
3 2 14 174
8 2 14 180
8 2 25 179
7 2 18 179
8 2 27 181
8 2 14 200
8 2 18 199
8 2 13 15
5 2 13 20
4 2 15 20
8 2 31 20
7 2 20 20
3 2 13 21
6 2 23 20
7 2 15 23
6 2 13 33
4 2 31 33
4 2 15 32
4 2 13 33
5 2 15 32
8 2 15 33
5 2 13 33
8 2 19 34
8 2 16 33
7 2 17 32
7 2 13 37
6 2 13 42
4 2 30 43
8 2 39 42
3 2 25 43
5 2 28 43
3 2 30 42
6 2 14 42
2 2 17 42
8 2 16 42
5 2 13 45
7 2 16 45
7 2 23 46
8 2 31 45
6 2 16 44
7 2 20 45
7 2 38 45
2 2 37 45
1 2 35 46
4 2 29 45
7 2 29 45
7 2 13 58
4 2 13 61
8 2 13 90
5 2 19 90
5 2 21 89
8 2 17 90
2 2 15 89
8 2 28 90
2 2 18 88
8 2 13 106
4 2 20 105
3 2 18 107
5 2 22 108
4 2 13 133
6 2 14 134
8 2 13 146
8 2 19 147
6 2 14 146
4 2 13 152
8 2 18 152
7 2 20 151
8 2 27 152
6 2 15 152
5 2 13 156
8 2 13 166
1 2 13 180
7 2 14 180
8 2 13 193
5 2 13 198
8 2 19 198
7 2 12 2
8 2 15 1
4 2 13 3
7 2 12 40
3 2 12 49
6 2 20 48
1 2 12 52
1 2 19 52
6 2 22 53
8 2 16 54
7 2 13 53
7 2 16 52
4 2 12 66
7 2 24 67
8 2 15 65
4 2 14 68
7 2 15 66
7 2 14 68
7 2 21 67
4 2 13 66
2 2 12 77
3 2 16 76
3 2 13 77
8 2 21 78
8 2 16 78
5 2 12 79
4 2 14 78
6 2 13 79
7 2 15 78
5 2 12 94
6 2 24 95
7 2 15 93
5 2 14 93
7 2 20 93
3 2 18 94
5 2 18 95
8 2 18 95
8 2 15 94
2 2 13 93
5 2 12 107
6 2 12 110
8 2 27 111
7 2 14 109
7 2 12 112
6 2 12 129
7 2 24 129
4 2 13 129
5 2 21 130
5 2 18 129
8 2 16 129
7 2 12 138
8 2 17 138
6 2 17 139
3 2 12 144
8 2 27 143
1 2 18 145
2 2 25 145
8 2 17 144
7 2 12 166
5 2 20 167
7 2 15 165
7 2 12 171
6 2 23 171
5 2 22 172
5 2 19 171
1 2 17 172
1 2 16 171
5 2 12 175
7 2 21 176
3 2 23 178
6 2 18 177
7 2 20 178
7 2 15 174
5 2 15 176
8 2 20 175
2 2 11 4
5 2 13 5
4 2 11 26
8 2 11 27
6 2 20 28
8 2 15 28
6 2 11 29
4 2 24 30
6 2 11 40
7 2 26 40
4 2 25 39
7 2 16 40
7 2 17 39
2 2 11 48
3 2 11 60
3 2 21 59
7 2 14 59
7 2 18 58
2 2 18 58
4 2 11 61
3 2 25 63
7 2 33 63
3 2 23 62
8 2 17 62
6 2 27 64
7 2 11 65
6 2 13 65
8 2 11 66
6 2 11 67
2 2 11 94
8 2 11 104
1 2 11 117
8 2 11 124
5 2 14 123
8 2 14 125
5 2 11 124
8 2 11 135
7 2 28 136
7 2 14 134
3 2 16 134
5 2 14 134
3 2 11 140
5 2 12 139
6 2 11 141
7 2 24 141
7 2 11 153
8 2 22 155
3 2 11 162
4 2 20 161
8 2 13 161
8 2 11 170
7 2 16 169
7 2 14 170
2 2 14 169
1 2 11 173
8 2 20 172
7 2 12 173
2 2 14 173
7 2 11 175
7 2 17 177
7 2 21 178
8 2 21 179
7 2 11 186
1 2 16 185
2 2 13 186
7 2 23 187
3 2 11 187
6 2 16 189
6 2 15 188
4 2 15 188
6 2 17 188
1 2 11 186
2 2 10 1
3 2 10 22
2 2 18 22
4 2 12 23
4 2 18 23
4 2 10 22
7 2 10 22
7 2 10 38
4 2 11 38
1 2 10 39
6 2 10 44
1 2 29 44
7 2 17 45
6 2 22 45
6 2 24 45
5 2 11 43
1 2 10 45
1 2 25 44
8 2 10 45
4 2 16 47
8 2 22 46
7 2 21 46
7 2 17 46
4 2 14 46
3 2 10 55
5 2 16 56
7 2 16 56
5 2 21 55
6 2 10 58
3 2 15 57
8 2 10 57
6 2 10 96
5 2 10 111
4 2 10 123
7 2 15 122
6 2 16 121
7 2 22 120
4 2 22 119
4 2 10 142
2 2 10 167
4 2 10 185
5 2 10 191
4 2 12 193
6 2 28 195
7 2 10 195
2 2 9 7
4 2 17 8
7 2 26 8
8 2 16 8
4 2 9 24
7 2 9 32
8 2 21 31
2 2 9 32
6 2 12 32
4 2 18 33
2 2 17 33
4 2 9 40
5 2 9 47
8 2 9 60
5 2 9 72
2 2 12 72
8 2 22 73
8 2 20 72
6 2 12 72
7 2 17 72
5 2 18 73
8 2 9 86
7 2 12 87
4 2 11 86
8 2 15 85
4 2 16 85
2 2 10 86
6 2 9 90
7 2 9 111
8 2 30 112
7 2 27 112
5 2 22 113
5 2 24 112
6 2 21 113
8 2 14 112
6 2 14 112
6 2 23 113
5 2 19 111
5 2 22 110
5 2 20 111
8 2 19 112
8 2 13 112
5 2 9 114
3 2 9 115
5 2 9 118
8 2 21 119
3 2 17 120
4 2 9 141
2 2 22 141
1 2 24 143
2 2 25 143
6 2 27 144
7 2 25 143
1 2 22 142
4 2 18 141
3 2 9 143
2 2 13 143
7 2 9 152
7 2 24 151
1 2 11 151
1 2 9 160
8 2 25 160
8 2 9 159
7 2 9 162
8 2 11 163
2 2 9 180
3 2 11 181
4 2 13 182
7 2 13 181
4 2 18 183
7 2 9 179
3 2 15 177
8 2 10 178
6 2 9 181
7 2 9 182
7 2 22 183
7 2 30 184
4 2 9 194
2 2 16 196
7 2 8 7
6 2 8 7
6 2 23 8
7 2 9 6
4 2 15 7
5 2 9 9
8 2 8 37
8 2 8 57
5 2 8 64
8 2 15 63
7 2 13 63
8 2 11 63
7 2 8 77
1 2 21 76
7 2 8 89
6 2 24 90
5 2 9 89
6 2 12 88
3 2 8 97
8 2 16 98
8 2 23 97
1 2 22 97
4 2 17 98
6 2 10 98
7 2 15 97
5 2 19 98
7 2 24 97
1 2 8 100
5 2 40 102
6 2 8 101
7 2 33 101
8 2 29 101
6 2 16 101
8 2 14 100
1 2 13 100
8 2 19 99
8 2 8 102
6 2 33 103
2 2 21 102
7 2 15 101
1 2 8 109
6 2 12 109
6 2 13 109
8 2 10 109
5 2 8 116
6 2 15 116
6 2 21 115
8 2 19 117
1 2 10 115
8 2 8 124
6 2 14 125
8 2 8 139
7 2 13 139
7 2 8 147
5 2 15 147
8 2 19 148
7 2 15 148
1 2 13 148
7 2 8 194
6 2 7 9
6 2 23 8
6 2 7 13
8 2 7 12
4 2 7 23
2 2 15 23
5 2 8 22
8 2 7 23
3 2 11 24
7 2 7 24
4 2 13 25
5 2 16 25
2 2 10 25
6 2 7 23
5 2 7 43
8 2 21 42
3 2 9 43
4 2 8 45
5 2 7 66
1 2 8 66
8 2 9 67
8 2 19 66
4 2 7 73
8 2 11 72
5 2 10 73
8 2 7 76
5 2 7 79
8 2 7 81
8 2 7 89
8 2 7 114
7 2 7 116
7 2 7 125
5 2 19 127
8 2 7 158
7 2 10 156
3 2 7 177
8 2 25 176
6 2 10 178
6 2 7 186
7 2 7 185
6 2 7 185
7 2 15 184
7 2 13 187
7 2 11 186
6 2 7 194
6 2 12 195
2 2 12 194
2 2 9 196
7 2 6 1
6 2 13 3
8 2 12 2
6 2 11 1
7 2 6 8
7 2 15 9
8 2 8 7
6 2 7 6
8 2 6 8
4 2 6 29
7 2 14 28
8 2 18 27
7 2 12 30
8 2 11 30
5 2 16 31
5 2 13 30
4 2 13 30
3 2 11 30
7 2 6 31
8 2 9 32
7 2 15 32
4 2 14 31
3 2 10 33
1 2 6 33
5 2 6 68
8 2 13 69
8 2 26 70
3 2 13 69
7 2 23 69
3 2 7 66
3 2 6 68
5 2 6 75
8 2 15 74
6 2 11 76
2 2 6 75
4 2 9 74
6 2 13 73
8 2 10 75
6 2 9 73
3 2 6 78
6 2 8 77
5 2 6 81
3 2 6 91
7 2 7 93
7 2 10 94
6 2 16 93
5 2 8 94
6 2 15 95
6 2 10 95
1 2 6 105
3 2 7 103
6 2 25 102
6 2 10 104
6 2 6 108
2 2 8 108
7 2 15 107
2 2 19 106
8 2 15 107
5 2 6 114
5 2 6 121
6 2 10 122
2 2 12 121
2 2 9 120
4 2 13 120
8 2 6 122
7 2 6 121
7 2 6 127
4 2 12 126
7 2 9 127
5 2 6 130
3 2 15 130
4 2 14 128
3 2 6 135
7 2 6 142
7 2 18 141
5 2 7 142
6 2 16 142
6 2 21 141
7 2 13 142
6 2 20 143
8 2 13 142
7 2 19 143
5 2 17 141
6 2 6 152
2 2 17 154
6 2 8 153
4 2 6 160
3 2 6 173
7 2 6 173
4 2 9 175
6 2 13 176
2 2 10 175
8 2 15 175
2 2 11 175
8 2 10 175
7 2 7 172
2 2 17 172
2 2 6 192
5 2 15 191
4 2 13 192
5 2 12 192
3 2 12 192
4 2 6 193
8 2 8 192
8 2 14 191
6 2 7 192
4 2 5 3
7 2 6 4
8 2 5 31
7 2 7 32
6 2 5 42
1 2 5 50
7 2 29 50
3 2 8 51
6 2 15 52
6 2 5 54
7 2 14 53
3 2 14 56
6 2 5 60
4 2 13 61
7 2 10 61
8 2 5 59
1 2 5 62
7 2 6 62
3 2 12 62
8 2 5 64
7 2 5 76
6 2 5 79
7 2 5 81
6 2 11 82
6 2 5 81
7 2 5 109
6 2 15 108
6 2 7 107
7 2 17 106
5 2 9 106
6 2 15 106
6 2 5 109
5 2 7 111
7 2 12 111
8 2 5 113
2 2 11 112
3 2 7 113
7 2 7 112
3 2 5 115
8 2 5 149
6 2 5 149
6 2 20 148
8 2 5 157
8 2 9 155
4 2 7 156
2 2 14 157
1 2 24 157
8 2 24 157
1 2 18 158
8 2 12 156
7 2 6 156
1 2 14 157
3 2 13 157
7 2 12 157
3 2 27 158
8 2 19 158
7 2 5 166
6 2 9 168
7 2 5 171
2 2 5 179
7 2 9 178
6 2 25 177
8 2 13 178
3 2 7 180
7 2 5 187
1 2 4 15
8 2 7 16
8 2 26 15
6 2 11 16
8 2 4 16
6 2 4 16
5 2 21 16
8 2 13 16
5 2 11 17
7 2 7 16
6 2 9 15
8 2 4 21
6 2 4 26
5 2 6 26
8 2 8 25
8 2 4 33
6 2 4 35
1 2 16 35
6 2 15 34
7 2 15 35
5 2 14 36
5 2 12 35
2 2 8 36
4 2 4 43
1 2 6 44
1 2 12 45
8 2 21 45
5 2 4 49
8 2 6 48
3 2 4 57
8 2 4 66
4 2 4 66
4 2 4 68
1 2 4 80
7 2 5 81
3 2 4 85
7 2 21 87
6 2 9 87
8 2 4 85
6 2 6 86
4 2 11 85
7 2 22 84
7 2 6 85
1 2 4 95
6 2 4 102
3 2 4 112
5 2 13 111
1 2 13 111
6 2 12 111
2 2 4 120
6 2 4 123
8 2 4 126
5 2 13 126
6 2 7 126
8 2 12 127
5 2 4 136
1 2 8 136
1 2 33 136
7 2 9 136
1 2 15 135
8 2 10 136
5 2 7 137
8 2 25 135
7 2 17 138
7 2 14 137
6 2 10 137
4 2 4 153
1 2 4 183
7 2 17 182
2 2 7 183
6 2 4 185
8 2 8 187
8 2 4 185
6 2 13 185
6 2 14 185
8 2 4 187
1 2 4 197
4 2 7 196
4 2 14 195
4 2 11 196
7 2 7 197
1 2 11 198
4 2 3 1
5 2 3 4
6 2 18 3
7 2 3 16
7 2 13 15
7 2 11 17
6 2 15 18
1 2 13 18
7 2 23 19
6 2 11 18
4 2 8 16
8 2 3 23
3 2 6 24
3 2 3 23
6 2 4 23
8 2 11 22
5 2 3 38
7 2 3 42
3 2 3 60
4 2 15 60
1 2 3 78
6 2 3 90
7 2 5 91
3 2 4 88
8 2 5 87
4 2 3 93
8 2 5 92
7 2 12 93
7 2 5 91
5 2 3 93
1 2 3 119
1 2 13 118
4 2 3 119
4 2 5 120
6 2 3 134
5 2 16 133
6 2 12 134
3 2 3 136
3 2 3 139
1 2 3 143
6 2 15 144
7 2 3 159
5 2 21 161
1 2 3 170
8 2 3 169
8 2 3 178
8 2 14 177
4 2 4 179
7 2 4 179
3 2 3 180
5 2 3 186
8 2 4 185
7 2 3 188
6 2 11 187
7 2 2 22
7 2 2 29
3 2 3 28
6 2 12 30
6 2 2 41
4 2 3 41
6 2 3 41
4 2 2 63
8 2 11 63
2 2 2 63
6 2 2 69
8 2 2 86
6 2 6 85
6 2 5 88
8 2 6 87
7 2 2 86
4 2 5 85
8 2 2 90
5 2 5 89
8 2 2 103
6 2 6 104
6 2 5 101
5 2 3 102
2 2 21 101
5 2 2 108
2 2 2 109
5 2 2 111
2 2 2 113
8 2 5 112
5 2 4 114
8 2 2 114
5 2 2 140
6 2 7 139
7 2 2 144
8 2 26 145
6 2 9 144
3 2 15 143
7 2 6 143
2 2 4 144
7 2 5 144
5 2 12 146
6 2 12 147
7 2 30 146
6 2 14 148
4 2 13 147
4 2 6 145
6 2 2 149
2 2 2 149
7 2 5 148
8 2 2 160
2 2 8 160
2 2 13 160
7 2 5 159
1 2 2 164
4 2 10 162
6 2 3 165
3 2 10 166
3 2 2 187
6 2 2 194
8 2 12 194
8 2 1 10
5 2 5 8
6 2 3 9
3 2 1 24
6 2 1 24
7 2 10 25
8 2 1 29
1 2 9 28
6 2 2 28
7 2 1 34
5 2 1 45
8 2 13 47
7 2 1 54
5 2 9 56
2 2 7 56
5 2 15 57
3 2 5 53
6 2 10 53
8 2 14 52
2 2 8 53
2 2 5 54
8 2 7 55
6 2 1 60
8 2 13 59
8 2 4 61
5 2 1 64
6 2 2 65
7 2 2 65
6 2 1 76
7 2 1 75
4 2 6 77
4 2 2 76
4 2 5 75
6 2 2 76
8 2 1 74
4 2 1 78
4 2 8 80
4 2 6 79
6 2 6 80
6 2 4 78
2 2 4 79
5 2 1 91
4 2 1 95
7 2 3 95
6 2 7 94
6 2 1 126
5 2 4 128
5 2 1 129
6 2 1 133
4 2 1 152
7 2 1 160
6 2 1 161
8 2 8 162
8 2 14 164
7 2 1 164
3 2 1 167
6 2 7 167
6 2 26 167
5 2 7 167
7 2 25 167
8 2 24 167
7 2 10 166
6 2 23 167
6 2 10 167
3 2 1 170
2 2 2 170
5 2 3 170
7 2 7 169
3 2 1 199
3 2 16 199
7 2 16 198
6 2 23 199
6 2 2 199
8 3 34 100
1 3 33 12
6 3 32 34
8 3 31 14
8 3 31 48
8 3 30 21
2 3 30 130
7 3 30 176
5 3 29 6
4 3 29 34
7 3 28 83
8 3 28 146
5 3 27 27
8 3 27 137
7 3 27 151
3 3 26 6
6 2 24 6
1 3 26 34
8 3 26 84
5 3 26 95
5 3 26 101
4 3 26 154
8 3 26 155
6 3 25 37
7 3 25 51
6 3 25 68
5 3 25 122
5 3 24 44
3 3 24 59
3 3 24 80
8 3 24 188
8 3 23 64
2 3 23 95
8 3 23 99
2 3 23 121
5 3 23 139
2 3 22 76
5 3 22 97
5 3 22 107
8 3 22 108
1 3 24 109
4 3 22 182
7 3 21 71
3 3 21 122
4 3 21 165
4 3 21 174
6 3 21 193
7 3 20 47
4 3 20 52
6 3 20 52
7 3 20 59
3 3 20 68
7 3 20 73
8 3 20 74
3 3 20 102
6 3 21 102
6 3 20 121
4 2 18 121
4 3 21 120
4 3 20 127
6 3 20 189
1 3 19 5
8 3 19 22
4 3 19 40
4 3 22 40
8 3 19 69
6 3 19 76
5 3 19 82
1 3 19 103
8 3 19 146
5 3 19 146
6 3 19 147
2 3 19 167
4 3 18 7
6 3 18 62
4 3 18 88
6 3 18 110
4 3 18 130
6 3 18 150
8 2 22 151
5 3 18 185
4 3 18 191
1 3 18 193
2 3 18 199
5 3 26 200
5 3 21 199
8 3 18 200
6 3 17 28
1 3 17 44
4 3 17 53
1 3 18 54
4 3 17 59
1 3 17 64
5 3 17 96
4 3 17 112
1 3 17 129
7 3 18 130
2 2 16 130
2 3 17 171
7 3 17 189
8 3 16 3
2 3 16 57
8 2 14 57
3 3 16 70
7 3 16 76
6 3 16 116
8 3 16 141
3 3 16 145
4 3 16 146
8 2 14 146
5 2 15 146
7 2 13 146
1 3 16 157
1 3 16 180
3 3 21 181
6 3 16 187
7 3 15 43
7 3 16 43
2 3 15 62
7 3 15 63
8 3 15 100
2 3 15 102
8 3 15 114
6 3 15 132
7 2 14 132
6 2 14 132
3 2 15 132
7 3 22 131
6 3 17 133
2 3 15 150
6 3 14 8
5 3 14 72
8 3 15 72
2 3 20 71
6 3 14 110
5 3 14 168
6 2 13 168
7 3 14 195
6 3 13 1
6 3 13 19
6 3 22 18
1 3 13 19
6 2 17 20
4 3 13 39
8 2 17 39
1 2 11 38
8 3 32 38
7 3 24 38
8 3 19 38
8 3 22 37
7 3 13 77
6 2 15 76
7 3 13 95
6 3 14 96
2 3 13 108
5 3 21 109
7 3 18 109
7 3 15 108
7 3 13 127
4 3 13 159
6 2 12 158
6 3 13 191
7 3 13 199
6 3 12 28
5 3 12 40
1 3 12 55
2 3 12 100
6 2 12 100
8 3 12 102
5 3 12 160
5 3 15 159
6 3 15 160
2 3 15 161
7 3 18 162
5 3 11 48
6 3 11 78
6 3 11 109
2 3 11 131
6 2 15 130
8 2 15 131
8 2 14 133
8 3 11 180
7 2 9 179
6 3 11 181
7 3 11 181
6 2 13 181
4 3 10 3
7 2 9 1
1 3 10 5
4 2 13 5
7 2 8 5
8 3 15 6
8 3 10 6
7 2 10 5
8 3 18 7
6 3 10 16
7 3 12 16
7 3 10 30
4 3 10 57
5 3 10 74
7 3 10 79
5 2 8 78
3 2 8 78
1 3 13 80
3 3 10 85
8 2 16 84
5 3 10 88
6 3 10 120
2 3 10 125
7 3 19 124
8 3 10 129
5 3 10 141
6 3 16 142
4 3 10 148
5 3 10 162
8 3 10 170
2 3 10 171
2 3 10 182
8 3 24 183
8 3 20 182
4 3 9 54
6 2 7 54
7 3 9 131
7 3 9 191
3 3 8 15
6 3 8 70
6 2 12 70
6 3 8 82
3 3 13 81
8 3 14 82
7 3 8 100
8 2 10 98
8 2 13 97
3 3 8 110
8 2 6 110
5 3 8 112
7 3 15 113
8 2 13 113
7 2 12 113
7 3 8 123
8 2 14 124
7 3 8 154
7 3 13 155
1 3 7 2
7 3 7 29
3 3 7 42
4 3 22 42
6 3 7 57
3 3 7 65
1 2 5 65
1 3 9 66
7 3 24 67
5 3 15 65
1 3 8 63
7 3 7 75
8 3 7 130
8 2 12 132
7 3 7 159
2 2 10 159
1 3 10 161
4 3 7 166
6 2 5 166
4 2 13 165
4 3 15 165
3 3 17 165
5 3 6 23
8 3 12 24
4 3 6 40
6 2 10 39
6 2 8 40
4 3 6 98
1 3 6 117
2 3 6 124
8 3 9 123
2 3 6 128
1 3 6 172
7 3 5 9
7 2 11 8
3 3 11 10
5 2 29 12
7 2 30 12
5 3 27 11
3 3 9 9
8 2 13 8
6 3 5 24
2 2 3 23
8 3 5 44
5 3 5 66
7 3 5 97
8 3 5 132
7 2 10 132
7 3 10 135
8 3 14 135
5 3 5 174
5 3 9 176
6 3 17 176
7 3 9 176
3 3 5 176
6 3 4 4
2 3 4 28
5 2 6 28
4 3 4 31
8 3 4 47
7 3 4 122
7 2 5 123
8 3 14 121
6 2 14 122
2 3 4 159
7 3 8 158
8 3 6 159
1 2 5 159
7 3 4 184
8 2 11 184
6 2 16 184
8 2 6 182
8 3 15 183
1 3 3 19
2 2 4 19
7 2 1 18
3 3 15 19
5 3 11 18
7 3 19 17
4 3 3 17
2 2 7 16
6 2 3 17
3 2 7 16
5 3 3 32
8 2 2 31
6 2 1 32
1 3 10 33
6 3 3 71
6 2 12 71
8 2 17 70
1 2 5 72
1 2 2 71
5 3 11 71
8 2 9 71
4 2 9 71
4 3 5 71
1 2 4 70
7 2 4 69
8 2 6 68
8 3 5 72
2 3 14 73
4 3 3 86
7 3 4 86
6 3 3 84
4 2 12 84
6 3 20 84
5 3 3 90
7 3 21 89
6 3 15 89
1 3 3 104
3 2 6 106
3 2 5 105
6 2 3 105
8 2 15 107
6 2 4 106
8 2 2 104
5 3 12 103
7 3 9 106
6 3 16 107
6 3 13 106
6 3 9 107
6 2 12 107
8 3 3 144
5 3 9 145
4 3 10 145
2 3 3 146
6 2 10 146
8 2 8 146
6 2 8 147
4 2 7 146
8 2 6 147
6 3 2 11
5 2 8 11
5 2 3 10
8 3 2 15
2 3 2 34
8 3 2 41
8 2 8 40
3 2 8 40
7 2 8 39
8 2 7 40
7 2 7 41
5 2 5 40
5 3 8 42
8 3 2 51
8 2 3 52
2 3 2 53
5 2 6 55
3 2 6 54
5 3 3 53
7 2 12 52
7 3 8 53
1 2 6 53
7 3 2 72
5 3 2 123
4 2 2 124
7 3 10 125
1 3 2 130
7 2 6 131
6 2 4 130
6 3 2 144
6 3 2 155
8 2 5 154
8 2 13 153
6 3 10 156
5 3 2 173
6 3 3 172
8 2 2 171
1 3 2 175
8 2 1 175
6 3 2 179
6 2 5 179
5 2 4 180
5 2 2 179
3 2 2 178
7 3 19 178
5 3 4 178
8 3 2 180
4 3 2 189
4 2 11 190
8 2 1 188
7 2 9 189
6 3 6 188
4 2 6 189
3 2 11 188
8 3 6 188
8 3 1 66
4 4 30 177
7 4 28 11
5 4 28 150
7 4 27 51
4 4 26 21
7 4 26 177
7 4 24 38
2 4 24 140
1 4 24 152
5 4 24 197
8 4 23 46
4 4 22 62
7 4 21 27
6 4 21 153
8 4 19 77
8 4 18 83
6 2 18 83
6 4 18 178
6 4 17 12
8 2 21 13
6 2 25 13
7 4 17 138
6 4 22 139
8 4 17 163
6 4 17 194
2 4 16 22
5 4 16 135
3 4 23 136
3 4 18 135
4 4 15 2
6 4 15 15
1 4 15 20
4 2 21 21
7 4 15 119
5 4 15 121
8 4 15 172
3 4 15 199
6 4 14 70
6 4 14 73
3 4 14 74
5 2 11 74
8 4 14 185
7 4 13 128
8 2 12 129
4 4 13 169
6 4 13 178
5 4 12 143
8 4 13 144
6 4 11 200
2 4 10 80
7 4 10 99
5 4 10 107
4 4 10 117
2 4 10 153
8 4 9 92
6 4 12 90
7 4 9 102
7 4 19 101
6 4 8 21
7 3 12 21
7 4 8 22
8 3 7 21
8 4 11 20
6 4 8 25
1 4 8 30
8 4 15 29
2 4 8 72
4 4 8 116
8 3 21 115
7 4 8 132
1 4 8 140
6 3 18 138
2 4 8 189
6 4 8 198
3 3 15 198
3 3 20 197
6 4 7 79
7 4 7 124
4 4 7 161
1 4 7 163
6 3 8 163
7 2 6 163
7 2 17 163
7 4 14 164
7 4 6 9
8 4 6 100
8 2 6 99
2 4 6 114
4 4 6 133
1 2 7 132
6 2 4 132
5 4 6 192
5 4 5 83
4 4 5 118
1 4 4 31
8 4 9 30
4 4 4 32
1 4 4 111
6 2 3 112
6 4 4 160
8 4 4 166
7 2 10 167
8 2 6 168
5 4 4 196
8 2 14 194
7 2 3 196
1 3 4 196
1 3 9 197
2 4 3 8
6 4 3 20
8 4 3 57
6 3 2 57
5 3 6 57
1 2 5 58
7 4 8 59
5 3 7 59
6 2 5 59
1 2 5 59
5 4 3 73
6 4 4 75
8 2 2 74
7 2 3 75
2 4 3 107
6 4 3 122
7 4 3 130
6 4 10 128
3 4 2 1
1 2 11 2
7 4 2 24
4 2 13 27
7 2 6 26
3 2 5 25
4 3 10 26
3 4 2 43
4 4 14 44
3 4 2 47
6 4 2 55
5 4 9 56
5 4 2 104
7 3 11 103
7 4 14 102
5 4 5 103
7 4 2 142
8 2 4 141
8 2 7 142
4 2 7 142
7 4 2 160
4 4 2 165
6 2 10 164
6 3 8 165
4 5 32 50
8 5 23 158
8 5 19 35
7 5 17 98
8 5 16 43
8 5 16 116
7 5 15 7
6 5 15 46
4 3 17 45
4 3 14 46
3 5 14 101
6 5 13 83
2 3 14 83
2 5 19 84
5 5 12 91
3 5 12 94
3 5 17 95
5 5 12 125
2 5 12 150
6 2 9 150
8 4 19 152
3 4 15 152
8 4 13 150
6 5 14 150
7 5 12 153
3 5 12 163
8 5 11 15
6 5 11 19
5 5 11 42
4 3 19 41
4 3 16 42
6 5 11 87
5 5 11 143
3 5 11 151
2 2 10 151
6 2 11 150
8 2 10 150
8 5 11 158
3 4 16 157
4 5 10 29
6 2 6 29
1 5 10 47
5 5 10 60
3 5 12 61
1 5 10 145
4 5 8 164
6 2 6 163
3 5 8 194
2 5 7 1
6 2 8 2
8 2 12 2
8 5 7 65
5 5 6 87
4 5 6 92
4 2 14 91
8 5 6 131
5 5 7 130
1 5 6 143
8 5 5 184
7 2 11 183
6 4 9 184
1 5 4 11
7 2 2 10
8 2 1 9
7 4 16 10
7 4 12 9
5 5 4 30
7 2 2 30
8 2 3 29
4 5 4 63
6 2 1 63
6 5 11 62
8 4 15 61
5 5 4 170
4 2 6 169
8 5 5 169
6 2 4 171
4 5 4 172
2 5 4 193
6 2 8 192
8 2 2 194
6 4 5 193
3 5 3 16
8 2 2 17
7 3 7 17
8 5 3 26
7 2 3 27
6 5 3 49
7 4 12 51
6 5 6 47
7 5 3 66
8 5 3 107
7 2 2 107
7 4 6 108
5 2 7 107
5 5 13 109
4 5 3 109
3 2 2 110
5 5 3 155
7 2 1 155
5 3 9 156
5 4 12 154
3 5 11 157
4 5 2 12
6 5 2 114
7 2 4 116
6 2 4 117
1 2 8 118
1 2 1 113
8 3 4 117
2 2 4 116
7 3 2 113
3 4 4 113
7 4 14 114
6 4 10 114
8 5 2 127
1 5 9 126
6 5 2 186
3 4 3 187
7 2 1 188
6 6 24 49
8 6 18 49
6 6 17 66
4 6 17 169
8 6 15 188
7 2 10 188
7 6 13 18
3 6 12 191
3 6 11 2
6 2 8 1
7 2 7 2
8 6 11 62
5 2 9 60
4 6 11 134
6 6 10 45
8 4 12 46
6 2 9 45
5 6 9 49
7 2 15 50
8 6 9 173
8 6 8 9
6 2 7 9
5 3 15 11
2 6 8 114
1 2 6 114
8 6 7 59
2 2 6 59
4 6 7 165
8 3 8 164
8 3 5 165
2 6 6 6
3 6 6 188
8 2 2 187
5 6 5 51
2 2 3 51
3 6 5 64
7 6 5 103
7 2 11 103
2 6 5 167
5 5 6 166
1 6 5 196
7 2 6 197
8 3 4 195
8 2 13 194
1 2 12 194
7 3 6 195
6 2 4 195
7 3 3 196
7 6 11 194
3 6 4 93
6 3 3 95
7 2 2 95
3 2 8 94
4 3 8 95
8 3 2 93
7 4 4 94
2 2 8 93
5 5 4 93
8 2 5 92
7 2 5 93
6 6 7 95
7 6 4 131
5 6 4 160
7 2 2 160
4 6 4 193
6 2 3 193
8 2 2 193
7 2 2 194
6 2 1 193
2 6 3 86
6 2 1 84
1 7 19 36
6 7 16 47
6 7 15 4
2 7 12 67
8 7 11 44
1 7 10 144
5 7 11 144
3 7 10 171
3 7 10 179
6 6 20 181
5 7 9 53
4 7 8 14
8 2 12 13
7 5 7 14
8 7 8 47
6 7 6 155
4 2 2 154
7 7 16 151
6 7 5 111
4 7 5 121
2 2 6 124
8 3 6 124
7 3 4 123
8 7 4 52
2 7 4 68
6 2 1 65
8 2 1 64
8 7 11 64
4 7 4 133
8 2 10 134
6 4 12 132
6 5 14 135
6 7 3 3
7 7 3 6
8 2 1 6
7 8 19 38
6 8 16 96
1 2 10 97
3 8 14 36
2 2 12 37
4 2 11 37
3 8 14 181
7 8 12 30
8 8 10 191
7 8 9 171
7 4 13 171
7 7 10 173
8 3 5 172
4 8 9 177
6 8 8 151
6 8 8 166
4 8 6 107
6 8 5 87
7 8 5 96
6 8 5 187
5 2 5 185
7 2 6 186
3 2 5 185
4 2 3 186
8 2 1 186
7 2 1 187
4 2 2 186
1 8 5 188
5 8 4 140
6 9 16 10
8 9 16 173
1 2 9 173
3 9 14 160
5 9 10 36
6 2 7 37
4 2 6 36
7 9 9 11
5 7 9 12
5 7 8 10
6 9 7 32
4 9 13 35
5 9 7 113
3 9 7 115
8 5 10 118
7 2 8 117
8 5 7 116
7 2 5 117
6 2 5 117
6 9 6 5
8 2 4 6
6 9 6 8
3 9 6 22
1 2 4 21
5 2 3 23
7 9 5 34
2 2 2 31
8 3 1 31
6 9 4 42
8 9 4 92
6 2 2 96
5 3 6 95
8 9 4 142
7 3 7 142
2 5 3 141
6 2 1 140
2 7 8 142
7 2 10 144
7 9 12 142
7 10 12 46
5 10 3 72
6 2 1 75
3 2 9 76
6 2 2 76
8 2 3 77
8 2 1 75
8 10 3 126
6 2 5 129
6 10 4 131
8 10 13 129
2 11 12 179
5 11 8 93
3 2 3 94
6 11 7 48
3 2 4 47
1 11 7 102
2 3 4 101
5 11 6 142
7 12 23 98
6 12 6 122
6 12 6 133
4 2 4 133
6 12 6 164
5 2 3 164
8 3 2 162
5 12 5 14
8 2 1 13
3 2 1 12
6 2 1 11
6 12 5 172
7 2 1 172
5 13 17 158
5 13 14 152
5 13 10 75
7 13 6 66
2 2 2 63
8 2 1 65
3 2 1 66
2 13 5 35
7 13 3 107
6 2 1 108
5 14 12 25
6 2 3 26
2 2 3 26
8 2 5 25
8 2 2 26
7 14 7 154
6 2 1 154
4 15 15 128
8 2 11 127
3 2 7 128
1 2 8 127
6 2 8 126
7 2 7 127
8 15 6 3
7 16 7 103
6 17 10 171
6 18 15 37
2 2 5 37
4 2 4 36
6 18 14 31
8 2 8 31
7 2 1 32
8 18 6 127
7 2 3 126
7 18 4 50
6 2 4 51
6 2 3 54
8 2 2 52
8 2 4 51
6 19 7 84
7 2 1 82
8 2 1 84
7 2 1 84
7 20 8 37
6 2 1 35
8 3 1 34
1 2 1 35
8 2 2 34
5 2 2 35
8 20 6 140
4 2 2 144
1 2 2 145
7 20 5 39
3 2 1 37
3 2 1 42
6 21 7 54
3 2 7 53
3 2 4 52
5 2 6 53
7 2 4 53
4 5 4 50
4 22 9 163
1 4 2 161
8 2 2 161
6 25 10 156
4 2 2 152
4 2 2 155
7 2 2 154
7 26 11 69
8 2 4 68
8 26 9 86
4 28 12 20
1 2 2 20
8 29 10 130
8 2 4 127
6 2 3 127
1 2 2 128
7 5 2 131
2 3 2 132
7 30 12 13
4 2 1 13
8 4 4 12
2 3 2 11
7 38 14 73
8 2 3 70
8 41 12 58
7 3 2 59
1 2 1 59
