8851
4391
6 2 100 15
5 2 100 19
2 2 100 30
5 2 100 38
3 2 100 41
8 2 100 42
2 2 100 46
2 2 100 58
3 2 100 63
1 2 100 67
2 2 100 69
4 2 100 78
2 2 100 92
6 2 100 96
3 2 99 30
3 2 99 36
2 2 99 39
6 2 99 43
1 2 100 44
8 2 99 47
2 2 99 52
6 2 99 52
4 2 99 53
5 2 99 55
5 2 99 60
4 2 99 67
2 2 99 84
6 2 99 83
4 2 99 87
6 2 99 98
4 2 99 99
4 2 98 39
2 2 98 42
4 2 98 44
6 2 98 45
7 2 98 46
1 2 98 48
7 2 98 69
1 2 98 95
8 2 99 94
5 2 98 95
4 2 97 2
8 2 97 3
4 2 97 5
8 2 97 7
6 2 97 11
3 2 98 11
8 2 97 12
6 2 97 13
2 2 97 13
4 2 97 16
8 2 99 14
1 2 97 20
8 2 97 20
4 2 97 25
1 2 97 29
7 2 97 32
8 2 97 37
2 2 97 39
5 2 97 49
2 2 97 49
8 2 97 62
4 2 97 73
6 2 100 75
7 2 98 72
3 2 97 77
3 2 99 75
2 2 97 92
1 2 97 93
1 2 96 14
8 2 96 32
7 2 96 40
3 2 96 48
4 2 96 54
6 2 97 54
1 2 97 55
1 2 96 67
3 2 96 68
8 2 98 70
3 2 96 82
8 2 99 81
6 2 96 90
7 2 97 90
8 2 96 89
4 2 96 91
8 2 96 100
6 2 95 4
2 2 95 7
4 2 95 8
1 2 95 7
6 2 95 8
6 2 97 9
7 2 95 21
1 2 95 30
2 2 95 31
5 2 95 35
5 2 99 34
1 2 95 40
3 2 95 43
2 2 95 63
8 2 95 64
4 2 95 74
3 2 94 7
5 2 94 17
4 2 94 25
2 2 94 36
1 2 94 42
5 2 95 43
2 2 94 44
5 2 94 54
4 2 94 56
3 2 96 57
2 2 95 55
2 2 94 67
5 2 95 68
8 2 94 67
6 2 94 79
7 2 100 80
3 2 96 80
1 2 96 80
4 2 95 80
2 2 94 99
4 2 93 21
7 2 93 35
4 2 93 59
2 2 93 64
6 2 93 67
6 2 93 70
4 2 95 70
1 2 93 70
2 2 94 71
6 2 93 82
6 2 95 81
2 2 95 83
7 2 93 86
8 2 95 87
8 2 93 87
5 2 96 86
8 2 96 85
3 2 94 86
4 2 94 85
3 2 93 88
8 2 94 88
5 2 94 89
3 2 94 88
2 2 94 89
2 2 93 95
2 2 94 95
4 2 92 18
5 2 97 19
3 2 92 18
8 2 92 30
6 2 92 36
2 2 92 66
1 2 92 65
2 2 92 79
7 2 95 78
3 2 97 77
6 2 92 98
4 2 96 97
5 2 94 97
1 2 95 96
6 2 94 98
7 2 91 1
2 2 97 2
5 2 91 18
6 2 91 18
3 2 92 18
4 2 92 18
4 2 91 27
7 2 93 26
5 2 95 27
2 2 93 26
4 2 96 25
8 2 91 28
8 2 96 27
6 2 94 27
1 2 93 26
6 2 95 25
2 2 93 28
1 2 91 27
2 2 91 37
8 2 93 37
6 2 95 38
1 2 93 38
1 2 91 41
8 2 93 40
3 2 91 46
5 2 93 44
2 2 91 46
5 2 91 45
4 2 92 44
2 2 91 45
2 2 91 50
4 2 91 54
7 2 94 53
4 2 96 52
6 2 92 52
4 2 92 52
2 2 92 53
5 2 93 53
3 2 92 53
4 2 91 53
6 2 91 68
3 2 91 68
8 2 91 70
4 2 94 71
3 2 97 72
1 2 94 72
1 2 91 72
7 2 91 82
1 2 91 83
3 2 91 85
3 2 91 98
7 2 90 30
7 2 93 30
4 2 91 30
7 2 94 31
3 2 90 33
6 2 90 32
4 2 96 33
1 2 90 43
7 2 91 43
4 2 90 58
6 2 95 58
3 2 93 57
7 2 95 56
6 2 90 59
3 2 97 60
3 2 90 58
5 2 94 60
5 2 92 59
6 2 91 57
3 2 91 59
3 2 90 77
8 2 95 77
4 2 93 77
6 2 90 76
6 2 90 85
7 2 90 87
4 2 92 88
4 2 90 86
3 2 89 1
6 2 89 3
2 2 89 12
5 2 91 12
2 2 90 11
2 2 95 10
3 2 95 10
7 2 95 11
7 2 89 15
7 2 92 15
1 2 89 24
1 2 100 22
5 2 93 23
1 2 98 24
3 2 93 25
8 2 92 23
1 2 94 23
8 2 94 24
6 2 93 24
7 2 92 22
1 2 92 22
5 2 91 23
4 2 90 25
8 2 89 26
1 2 89 34
3 2 96 33
1 2 92 35
1 2 89 38
5 2 89 42
6 2 89 47
3 2 94 46
5 2 89 68
3 2 89 81
5 2 93 80
4 2 91 80
3 2 91 79
5 2 89 82
7 2 89 94
4 2 88 6
7 2 95 5
1 2 94 5
6 2 88 7
3 2 92 8
1 2 92 9
8 2 88 17
2 2 88 18
1 2 92 19
5 2 88 17
1 2 88 19
7 2 88 33
1 2 88 58
1 2 88 77
2 2 88 79
2 2 92 78
1 2 88 79
3 2 88 82
8 2 90 81
1 2 90 81
4 2 90 82
1 2 88 86
7 2 90 85
2 2 91 84
1 2 88 97
6 2 94 96
6 2 91 95
8 2 94 97
8 2 89 96
3 2 89 95
2 2 88 100
7 2 87 1
8 2 87 3
2 2 91 3
4 2 87 8
5 2 87 31
7 2 87 53
5 2 87 65
6 2 87 79
5 2 87 85
7 2 87 87
7 2 87 93
2 2 93 92
8 2 95 91
7 2 92 92
7 2 87 100
7 2 86 5
5 2 92 4
4 2 88 4
7 2 89 5
7 2 92 6
4 2 92 7
6 2 89 5
2 2 89 6
2 2 88 3
5 2 88 6
3 2 87 4
1 2 90 3
3 2 86 14
8 2 86 18
7 2 90 20
2 2 86 24
3 2 91 23
4 2 90 23
1 2 86 34
1 2 88 33
8 2 93 34
4 2 86 36
5 2 86 36
8 2 86 41
7 2 87 40
7 2 89 39
8 2 86 57
6 2 92 57
2 2 89 58
2 2 86 62
3 2 94 62
1 2 94 61
6 2 94 62
6 2 92 62
5 2 93 62
1 2 88 61
1 2 90 59
4 2 90 62
3 2 88 63
7 2 87 63
8 2 86 79
5 2 86 89
4 2 89 89
6 2 90 88
2 2 89 88
6 2 86 89
2 2 86 91
1 2 85 4
1 2 85 18
3 2 85 18
6 2 85 22
8 2 85 29
6 2 94 28
7 2 93 28
8 2 92 28
5 2 92 29
8 2 86 29
4 2 89 28
5 2 89 28
7 2 85 33
2 2 91 32
7 2 89 32
6 2 90 31
6 2 85 32
8 2 87 34
7 2 85 36
4 2 85 41
6 2 85 59
7 2 90 60
5 2 86 58
8 2 86 57
4 2 90 56
6 2 93 55
4 2 85 64
1 2 85 82
7 2 85 84
4 2 88 83
2 2 88 83
7 2 87 83
5 2 85 85
1 2 85 85
8 2 87 84
8 2 85 85
7 2 85 91
8 2 91 92
5 2 91 93
4 2 85 90
4 2 88 91
7 2 90 90
7 2 88 91
3 2 90 91
1 2 88 90
3 2 88 92
3 2 85 89
6 2 85 93
4 2 84 5
7 2 84 12
1 2 92 11
8 2 85 11
8 2 90 11
6 2 88 12
5 2 93 13
1 2 87 12
2 2 84 15
4 2 87 16
4 2 85 16
3 2 87 15
4 2 84 24
7 2 85 23
4 2 84 27
6 2 87 28
1 2 84 36
5 2 84 44
1 2 89 45
6 2 84 85
3 2 84 88
2 2 87 87
5 2 84 90
6 2 84 91
5 2 84 92
1 2 84 92
6 2 84 97
1 2 90 97
7 2 91 98
4 2 91 99
7 2 84 99
6 2 83 3
5 2 83 7
2 2 86 8
1 2 84 8
6 2 83 14
5 2 85 14
6 2 83 48
3 2 87 47
4 2 83 48
6 2 86 47
3 2 87 48
7 2 87 47
2 2 87 49
1 2 83 55
8 2 83 54
6 2 88 55
3 2 83 58
4 2 85 58
7 2 86 59
8 2 88 60
4 2 87 60
3 2 89 61
1 2 87 61
6 2 83 66
2 2 95 65
8 2 91 66
3 2 85 66
4 2 83 75
7 2 95 75
2 2 83 85
5 2 84 84
4 2 83 86
5 2 83 86
3 2 84 87
5 2 83 96
8 2 90 95
8 2 82 1
5 2 82 11
3 2 84 11
2 2 86 12
3 2 82 19
2 2 86 19
6 2 83 19
4 2 90 20
8 2 84 20
4 2 83 19
1 2 82 20
3 2 82 33
3 2 87 34
4 2 82 41
8 2 84 40
8 2 85 41
8 2 83 42
6 2 82 41
2 2 88 42
8 2 88 43
6 2 83 40
4 2 83 42
5 2 82 42
1 2 86 43
6 2 86 44
5 2 84 43
4 2 84 44
7 2 83 43
5 2 82 56
3 2 83 57
4 2 82 56
7 2 88 55
4 2 88 55
8 2 82 62
6 2 83 62
2 2 86 63
4 2 85 63
5 2 82 65
4 2 83 66
7 2 88 67
6 2 83 66
6 2 89 65
2 2 86 65
4 2 81 8
8 2 86 7
1 2 86 8
3 2 88 10
3 2 86 9
2 2 85 9
5 2 85 8
7 2 85 7
4 2 85 9
2 2 81 8
6 2 81 10
3 2 81 12
8 2 81 14
5 2 81 15
1 2 81 25
2 2 82 24
5 2 81 24
5 2 87 25
6 2 87 26
8 2 89 26
7 2 81 30
1 2 81 29
7 2 86 28
1 2 81 49
5 2 81 48
4 2 85 47
1 2 85 46
1 2 81 47
4 2 81 47
2 2 81 52
5 2 83 51
1 2 81 54
6 2 81 82
8 2 81 84
6 2 81 85
2 2 81 89
8 2 80 15
8 2 87 16
5 2 87 16
2 2 87 17
7 2 86 17
3 2 80 20
3 2 80 30
6 2 80 30
3 2 83 30
6 2 80 64
7 2 84 63
8 2 87 64
1 2 83 63
2 2 84 64
2 2 81 64
3 2 82 63
4 2 83 64
2 2 80 78
7 2 89 77
1 2 88 78
1 2 84 77
7 2 84 78
8 2 82 77
6 2 81 78
4 2 81 78
1 2 80 83
5 2 85 82
7 2 81 82
1 2 83 81
6 2 82 81
5 2 80 85
4 2 80 91
1 2 80 97
8 2 88 96
1 2 79 18
7 2 79 21
1 2 86 21
3 2 85 21
2 2 85 21
7 2 81 21
8 2 81 20
3 2 81 22
6 2 79 21
4 2 79 20
5 2 79 22
6 2 81 22
8 2 79 25
4 2 87 26
1 2 85 26
4 2 81 24
8 2 79 28
3 2 85 29
3 2 83 27
3 2 84 26
8 2 80 28
7 2 80 28
2 2 79 36
8 2 84 37
2 2 80 35
4 2 86 34
6 2 86 34
5 2 79 38
3 2 82 38
4 2 87 37
5 2 82 39
6 2 79 51
8 2 89 50
8 2 79 56
8 2 84 57
2 2 79 71
8 2 92 72
6 2 93 73
3 2 93 73
6 2 79 74
1 2 92 74
5 2 91 75
4 2 90 75
5 2 87 74
3 2 84 75
3 2 79 78
5 2 86 80
5 2 84 79
1 2 82 79
8 2 84 80
7 2 79 92
1 2 89 93
3 2 79 93
8 2 78 20
1 2 78 24
3 2 78 28
5 2 78 28
4 2 78 32
5 2 79 32
7 2 78 34
4 2 83 33
5 2 85 32
4 2 78 41
7 2 80 41
2 2 79 42
5 2 78 42
1 2 78 49
6 2 80 48
6 2 85 49
2 2 85 49
1 2 87 50
1 2 85 49
1 2 82 49
4 2 80 49
4 2 78 54
3 2 87 53
6 2 80 53
3 2 84 54
4 2 78 63
3 2 78 80
6 2 79 81
5 2 80 82
6 2 78 88
5 2 78 96
4 2 83 97
2 2 80 95
7 2 84 94
8 2 80 97
7 2 81 98
3 2 84 99
2 2 80 97
5 2 77 33
4 2 77 39
7 2 79 39
1 2 79 39
5 2 86 38
6 2 87 39
2 2 77 67
7 2 85 68
3 2 86 69
8 2 79 67
8 2 84 68
6 2 86 69
1 2 84 69
5 2 77 66
3 2 77 66
4 2 80 65
7 2 77 67
8 2 80 68
5 2 84 69
7 2 83 69
4 2 77 73
6 2 81 74
7 2 77 86
6 2 77 93
3 2 76 1
5 2 80 1
4 2 80 2
5 2 80 2
4 2 88 2
6 2 88 3
3 2 76 19
7 2 81 18
2 2 80 18
6 2 79 18
1 2 76 26
1 2 76 31
2 2 76 37
6 2 76 37
8 2 76 47
8 2 76 61
3 2 85 59
7 2 76 73
7 2 89 72
4 2 84 73
1 2 82 72
1 2 76 89
4 2 81 88
6 2 81 89
7 2 77 90
2 2 80 89
5 2 80 89
7 2 76 97
6 2 78 96
2 2 75 35
5 2 83 35
3 2 75 51
6 2 85 51
3 2 85 51
7 2 84 50
4 2 84 50
7 2 80 51
8 2 78 50
2 2 87 51
8 2 75 63
3 2 79 65
7 2 76 62
2 2 79 61
2 2 76 64
5 2 78 64
1 2 78 63
2 2 75 98
8 2 76 99
1 2 75 98
5 2 77 97
5 2 82 98
8 2 77 96
7 2 74 4
5 2 83 4
2 2 75 4
1 2 85 3
6 2 80 3
7 2 85 4
6 2 78 4
5 2 77 6
1 2 83 7
4 2 82 7
8 2 81 5
5 2 78 5
5 2 74 4
3 2 79 4
4 2 77 4
7 2 75 3
5 2 79 3
2 2 74 6
1 2 76 5
7 2 80 7
7 2 76 6
1 2 74 8
4 2 74 15
4 2 82 15
1 2 81 15
1 2 83 16
5 2 75 16
3 2 76 14
8 2 86 13
4 2 78 15
6 2 76 14
6 2 74 18
5 2 77 20
8 2 74 17
7 2 74 24
6 2 74 27
7 2 76 26
2 2 82 25
2 2 77 25
3 2 74 28
6 2 74 33
1 2 74 41
3 2 81 42
2 2 77 40
5 2 75 41
6 2 74 40
3 2 76 41
3 2 74 40
6 2 75 40
7 2 75 39
2 2 75 40
1 2 74 40
8 2 74 42
7 2 74 43
5 2 79 44
3 2 74 43
7 2 76 43
1 2 79 44
4 2 76 44
5 2 76 45
7 2 76 45
7 2 80 45
3 2 74 54
4 2 80 53
2 2 79 55
6 2 82 54
7 2 74 58
1 2 79 58
4 2 76 57
6 2 80 56
3 2 74 60
3 2 74 66
4 2 74 79
4 2 78 80
7 2 82 80
2 2 77 80
2 2 74 78
1 2 76 77
5 2 78 76
6 2 74 91
3 2 74 96
7 2 74 98
6 2 74 97
5 2 73 1
1 2 76 1
1 2 73 22
3 2 75 21
3 2 73 32
2 2 73 39
8 2 73 38
8 2 73 46
1 2 78 47
3 2 78 48
4 2 77 45
1 2 77 45
3 2 73 50
3 2 77 50
8 2 80 49
1 2 80 50
1 2 73 49
2 2 73 50
8 2 83 51
2 2 73 67
4 2 74 66
4 2 75 65
3 2 76 66
6 2 74 65
8 2 74 65
8 2 74 67
7 2 73 65
6 2 73 76
8 2 75 77
6 2 73 84
4 2 73 84
6 2 78 83
2 2 73 86
7 2 73 88
7 2 78 87
8 2 78 88
1 2 72 5
2 2 72 10
5 2 80 9
6 2 82 10
1 2 75 10
5 2 83 11
7 2 84 12
8 2 83 12
3 2 82 11
4 2 79 9
7 2 72 12
3 2 72 15
4 2 72 14
8 2 72 14
8 2 77 15
6 2 76 15
8 2 75 14
7 2 75 15
6 2 72 16
2 2 72 27
8 2 72 29
5 2 72 70
5 2 82 69
6 2 82 70
5 2 78 70
8 2 77 70
4 2 73 70
6 2 74 70
6 2 86 71
7 2 79 71
1 2 87 72
2 2 73 71
4 2 79 71
4 2 72 72
8 2 78 70
2 2 81 71
6 2 78 69
2 2 75 73
7 2 79 73
5 2 75 73
2 2 77 74
3 2 75 73
5 2 74 72
5 2 72 84
1 2 72 84
4 2 81 83
3 2 81 83
5 2 73 83
8 2 78 82
6 2 71 6
5 2 71 14
7 2 71 19
5 2 71 25
5 2 77 24
8 2 76 24
4 2 71 42
1 2 71 51
3 2 81 51
7 2 73 51
5 2 77 52
5 2 81 53
6 2 73 50
2 2 74 50
1 2 71 56
8 2 78 55
4 2 71 62
2 2 74 61
3 2 71 63
3 2 74 63
5 2 71 65
3 2 76 64
2 2 71 69
5 2 71 74
4 2 82 74
3 2 74 73
7 2 81 75
6 2 71 81
1 2 76 80
1 2 74 81
2 2 78 80
6 2 71 85
1 2 71 86
8 2 71 86
6 2 70 22
5 2 75 22
3 2 70 26
2 2 75 27
6 2 75 26
1 2 73 27
1 2 70 31
4 2 72 30
1 2 72 32
6 2 70 32
5 2 70 32
8 2 70 35
4 2 77 34
8 2 73 36
5 2 70 40
5 2 72 39
6 2 70 43
3 2 70 49
7 2 72 49
4 2 71 48
8 2 78 47
2 2 77 47
6 2 76 47
6 2 79 46
1 2 70 58
1 2 76 58
4 2 70 58
1 2 73 59
4 2 80 60
5 2 76 60
2 2 73 59
2 2 70 67
6 2 71 67
2 2 70 77
3 2 70 89
3 2 69 2
5 2 85 1
8 2 76 4
8 2 74 3
1 2 69 1
2 2 69 8
4 2 69 15
7 2 69 15
6 2 69 16
5 2 69 42
7 2 69 41
3 2 69 51
8 2 70 51
1 2 73 52
6 2 74 53
8 2 74 53
2 2 74 52
3 2 73 52
3 2 69 62
1 2 71 63
4 2 71 63
2 2 69 69
2 2 76 70
5 2 69 68
8 2 69 67
4 2 69 66
4 2 69 69
2 2 69 80
5 2 73 78
6 2 77 79
5 2 73 81
2 2 69 83
8 2 72 83
7 2 73 83
7 2 70 82
4 2 71 82
3 2 75 81
3 2 69 85
1 2 68 10
8 2 71 11
6 2 71 11
8 2 78 10
8 2 78 12
1 2 77 9
6 2 77 8
5 2 71 10
8 2 76 9
2 2 68 11
7 2 68 19
7 2 76 21
2 2 71 21
3 2 68 32
7 2 72 34
1 2 76 33
5 2 75 33
4 2 68 57
8 2 75 56
5 2 75 57
1 2 75 56
6 2 72 56
1 2 78 55
4 2 73 57
2 2 68 57
6 2 68 62
7 2 70 61
1 2 68 64
5 2 68 71
8 2 70 72
4 2 72 73
8 2 77 74
8 2 68 71
8 2 68 73
1 2 72 72
2 2 70 73
2 2 71 72
5 2 69 73
3 2 68 73
7 2 68 80
7 2 69 79
4 2 72 78
3 2 72 78
5 2 72 78
1 2 70 78
7 2 70 80
5 2 69 80
5 2 73 79
3 2 68 82
1 2 69 81
4 2 68 81
2 2 68 88
4 2 78 87
8 2 74 87
8 2 68 89
2 2 75 90
8 2 77 90
6 2 67 33
8 2 74 33
7 2 68 33
4 2 70 33
8 2 71 34
2 2 79 35
4 2 67 33
6 2 68 32
4 2 67 41
1 2 67 51
3 2 67 60
3 2 67 63
2 2 70 64
5 2 68 64
5 2 72 65
2 2 67 65
6 2 69 64
4 2 67 66
7 2 67 74
3 2 67 75
4 2 74 75
1 2 81 76
5 2 72 75
8 2 67 79
5 2 67 85
2 2 69 86
5 2 69 86
6 2 68 85
4 2 69 86
2 2 68 86
3 2 67 89
2 2 67 100
6 2 81 99
8 2 81 100
1 2 80 99
1 2 69 100
1 2 66 16
4 2 70 16
4 2 76 17
7 2 76 17
7 2 66 16
4 2 66 18
2 2 66 19
5 2 68 20
5 2 71 20
7 2 71 20
7 2 68 21
4 2 66 18
2 2 66 46
3 2 70 45
3 2 74 46
7 2 69 45
5 2 72 44
5 2 70 45
4 2 69 45
3 2 66 48
2 2 70 49
2 2 66 61
8 2 68 60
4 2 70 60
1 2 68 60
3 2 70 60
7 2 70 59
4 2 66 63
7 2 66 64
3 2 66 86
8 2 71 87
1 2 70 87
5 2 70 87
3 2 69 87
8 2 66 87
8 2 66 100
3 2 65 21
3 2 67 20
7 2 65 28
7 2 71 27
2 2 74 26
8 2 74 26
7 2 74 27
4 2 71 29
4 2 69 28
5 2 65 33
7 2 65 42
1 2 65 41
4 2 67 42
3 2 65 40
6 2 65 55
4 2 73 54
8 2 65 56
8 2 70 55
4 2 65 57
2 2 68 56
4 2 67 55
3 2 67 57
3 2 65 60
5 2 65 59
2 2 66 58
7 2 65 60
7 2 65 66
8 2 65 70
1 2 66 71
6 2 65 71
8 2 65 75
7 2 65 90
8 2 70 90
5 2 65 89
5 2 64 7
1 2 74 6
2 2 68 6
3 2 68 6
4 2 65 6
1 2 65 6
8 2 64 5
6 2 73 4
8 2 70 5
5 2 71 4
7 2 66 6
3 2 72 7
1 2 64 10
7 2 76 9
6 2 72 9
7 2 71 9
3 2 71 9
2 2 70 10
8 2 70 11
7 2 70 11
2 2 70 12
4 2 67 11
3 2 69 10
5 2 68 10
8 2 70 9
5 2 64 20
2 2 65 20
7 2 70 21
1 2 65 21
4 2 64 22
7 2 64 34
3 2 64 39
5 2 67 37
5 2 72 36
4 2 68 38
1 2 68 39
7 2 67 36
7 2 69 35
3 2 70 36
5 2 67 35
8 2 67 37
4 2 72 38
1 2 71 38
2 2 67 38
7 2 67 38
8 2 64 41
1 2 64 51
2 2 64 58
1 2 64 69
4 2 73 69
1 2 76 68
5 2 71 70
1 2 71 70
1 2 68 69
6 2 64 80
3 2 64 89
2 2 64 89
4 2 63 4
3 2 69 4
7 2 66 3
2 2 66 3
8 2 71 2
1 2 63 7
6 2 70 7
2 2 63 9
3 2 67 10
8 2 63 8
8 2 68 7
1 2 68 7
8 2 63 14
4 2 64 14
6 2 63 17
8 2 63 18
7 2 63 25
3 2 65 25
6 2 69 26
6 2 63 26
3 2 63 33
8 2 63 35
4 2 63 34
2 2 63 40
8 2 63 55
1 2 63 71
2 2 63 73
5 2 64 74
7 2 63 78
1 2 63 80
1 2 64 79
1 2 65 78
1 2 63 86
7 2 62 7
7 2 62 18
5 2 71 19
8 2 67 19
3 2 64 18
8 2 64 18
1 2 62 25
1 2 69 24
6 2 69 24
4 2 73 23
7 2 69 25
1 2 63 25
8 2 62 32
7 2 67 31
2 2 62 32
1 2 62 32
3 2 62 43
4 2 62 46
3 2 67 45
6 2 70 46
7 2 65 48
2 2 65 49
7 2 70 48
8 2 70 48
8 2 68 49
7 2 65 50
2 2 62 45
5 2 69 46
7 2 64 46
6 2 64 46
3 2 62 53
8 2 64 52
4 2 67 52
6 2 66 52
1 2 66 51
2 2 66 52
7 2 64 52
2 2 62 55
2 2 74 54
3 2 62 57
8 2 62 65
8 2 62 85
2 2 62 85
8 2 62 97
4 2 73 97
2 2 62 99
6 2 68 98
6 2 76 99
8 2 74 99
1 2 73 99
3 2 76 98
7 2 63 99
5 2 71 97
8 2 62 99
4 2 62 100
4 2 72 99
2 2 61 2
6 2 67 2
3 2 77 1
3 2 61 8
6 2 68 10
7 2 61 29
3 2 61 35
7 2 72 35
2 2 61 42
4 2 62 41
6 2 61 74
2 2 66 75
8 2 65 73
2 2 65 73
1 2 64 75
6 2 65 76
3 2 71 75
8 2 80 76
6 2 72 76
4 2 72 76
8 2 68 76
6 2 67 77
3 2 66 77
1 2 69 76
7 2 64 76
5 2 66 75
6 2 63 73
8 2 63 75
1 2 61 83
1 2 67 82
1 2 65 82
4 2 68 84
6 2 61 86
6 2 61 100
5 2 69 99
2 2 60 20
6 2 60 38
6 2 61 37
6 2 60 42
8 2 60 43
1 2 60 60
6 2 62 61
4 2 64 62
7 2 63 62
2 2 64 63
8 2 64 63
2 2 61 61
2 2 60 64
3 2 61 63
1 2 60 67
3 2 63 66
1 2 69 68
1 2 67 67
8 2 66 68
2 2 67 68
5 2 67 68
3 2 65 68
5 2 63 67
8 2 63 67
6 2 60 67
1 2 60 86
1 2 60 91
4 2 75 91
5 2 70 92
2 2 74 91
3 2 74 91
4 2 73 91
1 2 60 95
2 2 62 96
7 2 68 95
4 2 79 94
6 2 68 96
8 2 77 94
3 2 64 97
5 2 67 96
5 2 75 95
1 2 68 95
5 2 60 98
8 2 59 5
2 2 62 4
4 2 65 3
4 2 66 2
8 2 66 3
1 2 65 3
3 2 59 28
6 2 59 36
2 2 61 36
4 2 59 40
5 2 59 62
3 2 59 83
7 2 60 83
5 2 60 83
1 2 59 88
7 2 61 87
4 2 61 88
5 2 63 87
5 2 61 88
1 2 58 15
8 2 58 16
4 2 64 17
5 2 65 18
2 2 58 21
7 2 58 23
1 2 72 23
8 2 62 23
2 2 58 27
1 2 65 26
4 2 62 25
3 2 58 30
7 2 62 30
1 2 58 34
5 2 61 33
1 2 59 34
5 2 59 35
6 2 60 34
2 2 58 44
8 2 65 45
6 2 58 44
1 2 64 44
2 2 58 56
6 2 58 55
2 2 69 55
3 2 62 55
6 2 62 54
7 2 65 53
4 2 58 62
7 2 58 66
1 2 58 74
7 2 61 73
7 2 58 87
3 2 58 89
6 2 63 90
5 2 67 91
1 2 70 92
2 2 67 91
3 2 65 89
6 2 61 89
1 2 63 89
8 2 58 93
3 2 72 94
1 2 61 93
3 2 69 93
3 2 58 99
5 2 59 99
1 2 59 98
8 2 67 97
5 2 57 2
5 2 63 3
4 2 63 2
3 2 65 1
5 2 57 5
1 2 59 4
3 2 57 7
4 2 57 7
6 2 66 8
7 2 65 8
6 2 59 6
3 2 57 8
5 2 60 9
5 2 66 10
5 2 62 10
4 2 57 10
4 2 58 10
4 2 57 15
6 2 63 15
4 2 58 15
5 2 58 14
4 2 57 42
5 2 57 41
8 2 64 40
5 2 63 40
4 2 63 40
7 2 62 40
2 2 57 58
6 2 61 57
3 2 57 60
5 2 57 74
6 2 57 85
2 2 57 87
2 2 57 93
4 2 68 93
4 2 71 94
6 2 58 93
4 2 65 93
1 2 64 93
3 2 58 94
3 2 56 3
4 2 56 5
7 2 56 10
3 2 62 9
4 2 56 13
2 2 56 12
5 2 56 20
7 2 56 22
5 2 63 22
6 2 56 21
8 2 56 22
4 2 70 23
4 2 62 21
4 2 59 24
2 2 59 25
3 2 61 24
1 2 59 26
5 2 56 25
2 2 59 25
5 2 59 24
7 2 59 26
2 2 61 27
8 2 63 27
3 2 63 27
4 2 59 27
5 2 60 27
4 2 56 27
2 2 63 28
6 2 57 28
7 2 57 29
4 2 57 29
1 2 67 30
4 2 56 37
7 2 61 37
3 2 60 36
7 2 56 38
1 2 56 66
3 2 56 74
4 2 56 82
7 2 60 82
8 2 63 81
6 2 56 94
6 2 56 100
1 2 55 5
7 2 57 5
6 2 57 4
3 2 60 3
5 2 58 5
3 2 58 6
3 2 57 3
7 2 57 3
4 2 57 3
8 2 55 6
5 2 55 5
1 2 56 4
4 2 56 5
7 2 55 7
3 2 60 7
2 2 56 8
4 2 55 11
8 2 56 11
6 2 56 10
8 2 55 24
4 2 58 23
2 2 58 23
3 2 55 35
4 2 57 34
2 2 64 35
7 2 57 33
7 2 57 36
7 2 59 37
6 2 56 34
4 2 55 44
4 2 56 45
4 2 61 44
2 2 66 43
2 2 58 47
1 2 68 48
8 2 62 47
7 2 60 47
1 2 63 47
1 2 56 44
7 2 62 43
7 2 55 46
2 2 55 50
5 2 62 51
8 2 60 48
8 2 55 53
5 2 59 52
8 2 60 53
6 2 55 57
5 2 57 56
6 2 60 55
7 2 57 58
4 2 55 61
5 2 55 68
7 2 55 75
1 2 61 75
7 2 55 83
6 2 61 83
4 2 57 83
3 2 55 82
5 2 55 89
8 2 56 88
7 2 59 87
2 2 55 94
6 2 54 12
6 2 64 14
5 2 59 13
7 2 54 13
3 2 63 12
1 2 55 12
4 2 57 11
3 2 54 16
1 2 54 16
2 2 59 16
3 2 59 15
8 2 58 16
2 2 63 18
2 2 61 17
2 2 54 46
5 2 59 47
3 2 58 47
4 2 66 48
4 2 57 47
8 2 55 45
5 2 54 52
3 2 62 53
2 2 67 54
1 2 66 54
6 2 61 51
6 2 59 52
1 2 58 52
2 2 59 53
3 2 63 54
2 2 54 54
5 2 59 53
1 2 54 61
6 2 54 66
4 2 55 65
8 2 55 67
8 2 58 69
2 2 58 68
8 2 59 69
6 2 62 71
8 2 62 72
5 2 61 72
3 2 61 71
5 2 54 65
4 2 61 64
4 2 59 65
1 2 57 65
7 2 58 66
7 2 55 64
6 2 55 63
3 2 55 65
5 2 54 79
1 2 57 78
8 2 57 77
6 2 55 77
5 2 61 76
3 2 54 97
6 2 61 97
7 2 62 96
1 2 61 97
3 2 60 97
6 2 53 9
3 2 54 9
4 2 58 10
6 2 53 20
2 2 55 19
8 2 55 19
6 2 55 20
8 2 53 31
4 2 53 31
5 2 62 31
5 2 53 32
6 2 53 32
6 2 56 31
7 2 53 38
6 2 62 38
5 2 57 38
7 2 54 37
4 2 54 38
1 2 62 38
7 2 60 38
5 2 54 39
5 2 53 48
7 2 55 48
8 2 53 51
8 2 53 56
5 2 53 62
5 2 57 62
8 2 56 61
2 2 53 67
8 2 53 77
6 2 61 78
3 2 59 78
4 2 53 76
6 2 55 75
4 2 57 74
7 2 57 75
1 2 53 75
4 2 55 74
6 2 56 73
7 2 53 81
6 2 59 81
4 2 62 80
2 2 57 81
3 2 55 81
5 2 53 82
4 2 53 90
7 2 68 91
8 2 65 91
2 2 53 100
2 2 52 8
1 2 52 9
5 2 52 17
7 2 52 21
8 2 52 30
3 2 55 29
5 2 54 29
2 2 54 30
4 2 55 31
5 2 52 30
3 2 52 36
7 2 55 35
1 2 54 37
1 2 52 53
3 2 53 53
2 2 56 52
3 2 52 63
1 2 52 65
2 2 57 65
6 2 52 81
8 2 52 81
6 2 51 4
5 2 53 3
7 2 59 2
6 2 62 1
5 2 62 1
2 2 53 3
2 2 51 6
5 2 51 6
6 2 51 8
2 2 55 8
1 2 55 9
3 2 52 8
1 2 51 27
7 2 53 26
7 2 51 27
4 2 51 29
5 2 55 30
2 2 51 31
5 2 51 35
1 2 54 34
1 2 51 36
4 2 52 35
4 2 51 45
6 2 57 47
2 2 51 45
2 2 61 44
6 2 51 50
7 2 57 49
3 2 58 48
6 2 57 49
5 2 61 49
8 2 57 50
3 2 52 49
4 2 58 50
2 2 57 50
1 2 51 55
1 2 51 61
4 2 53 60
6 2 64 60
6 2 51 62
5 2 51 70
6 2 62 69
8 2 54 69
7 2 54 69
7 2 53 71
3 2 54 72
3 2 55 73
4 2 51 78
6 2 60 79
5 2 59 79
8 2 51 79
3 2 51 91
3 2 63 91
4 2 60 92
6 2 53 91
5 2 54 92
4 2 54 93
1 2 51 91
5 2 57 90
6 2 56 90
7 2 50 11
8 2 50 13
8 2 55 15
5 2 51 14
7 2 50 14
5 2 50 20
8 2 56 19
6 2 50 20
6 2 50 29
6 2 53 28
8 2 53 27
3 2 50 28
1 2 53 28
3 2 52 27
8 2 50 31
3 2 51 32
1 2 50 41
2 2 58 42
3 2 56 42
2 2 53 40
8 2 53 42
7 2 55 43
5 2 50 42
1 2 50 57
8 2 57 58
1 2 56 59
2 2 50 87
8 2 57 86
6 2 54 88
5 2 51 88
4 2 55 87
1 2 56 86
2 2 53 87
6 2 53 86
7 2 53 89
7 2 50 89
5 2 49 1
7 2 51 2
6 2 55 1
1 2 49 4
8 2 52 4
6 2 52 4
8 2 50 4
3 2 49 14
8 2 49 22
1 2 49 23
2 2 49 35
4 2 49 36
3 2 49 39
8 2 53 37
8 2 52 39
3 2 51 38
1 2 51 39
7 2 50 38
6 2 49 38
4 2 49 42
7 2 49 45
6 2 54 46
3 2 52 46
7 2 53 45
6 2 49 44
8 2 49 67
4 2 52 68
3 2 59 69
8 2 50 66
4 2 50 68
2 2 50 69
3 2 49 96
4 2 51 96
4 2 58 95
2 2 58 96
4 2 57 97
4 2 54 97
8 2 54 97
1 2 52 95
6 2 48 16
2 2 56 16
2 2 52 16
4 2 50 16
4 2 53 17
1 2 55 19
1 2 53 17
4 2 48 23
2 2 60 22
8 2 62 23
2 2 52 22
6 2 48 25
5 2 48 26
1 2 48 42
7 2 48 41
4 2 48 52
7 2 50 51
6 2 48 65
5 2 50 67
2 2 48 88
8 2 48 91
8 2 52 90
8 2 51 92
3 2 48 94
1 2 51 93
4 2 50 94
8 2 55 95
7 2 51 94
5 2 51 95
3 2 50 93
6 2 49 94
4 2 48 98
7 2 55 99
7 2 53 99
7 2 50 99
4 2 54 98
4 2 50 99
8 2 50 100
4 2 47 1
5 2 51 3
8 2 47 3
4 2 47 3
3 2 47 7
7 2 47 7
7 2 50 7
8 2 50 8
5 2 50 9
4 2 50 10
7 2 47 9
5 2 47 15
8 2 48 14
2 2 47 23
8 2 58 23
2 2 48 23
7 2 49 22
4 2 48 23
3 2 51 22
1 2 56 21
5 2 50 22
6 2 50 22
8 2 47 24
2 2 47 32
5 2 52 33
7 2 51 31
1 2 47 35
3 2 52 36
8 2 48 36
6 2 47 34
7 2 47 35
7 2 47 70
8 2 47 72
6 2 59 71
1 2 58 71
6 2 52 74
8 2 53 75
2 2 59 76
4 2 47 78
1 2 50 77
7 2 49 79
1 2 47 92
1 2 47 99
8 2 55 98
6 2 47 99
1 2 53 98
6 2 46 2
7 2 47 1
4 2 46 25
6 2 46 33
2 2 46 33
1 2 49 32
4 2 46 41
7 2 53 40
8 2 46 40
7 2 46 39
7 2 47 40
5 2 47 39
8 2 47 38
8 2 46 46
5 2 47 47
5 2 48 48
3 2 46 46
3 2 51 46
5 2 48 46
1 2 46 46
4 2 48 45
2 2 46 51
8 2 50 50
1 2 46 51
5 2 50 53
7 2 51 54
8 2 51 54
7 2 56 54
2 2 56 55
6 2 56 55
4 2 46 59
1 2 46 62
2 2 46 81
4 2 57 83
2 2 46 90
2 2 48 90
3 2 48 90
4 2 52 90
1 2 47 90
7 2 47 90
8 2 48 89
5 2 48 90
5 2 46 91
2 2 45 17
3 2 53 18
6 2 52 18
1 2 50 18
6 2 45 19
8 2 45 22
5 2 55 21
1 2 48 21
3 2 48 21
4 2 45 24
7 2 45 28
6 2 45 42
2 2 46 41
7 2 45 43
5 2 46 42
8 2 45 50
7 2 51 49
2 2 47 50
3 2 45 51
8 2 48 53
6 2 45 96
1 2 51 96
6 2 49 96
2 2 61 95
7 2 48 95
5 2 44 17
7 2 49 17
1 2 46 16
3 2 48 15
4 2 44 21
6 2 44 27
1 2 45 26
6 2 49 26
8 2 45 28
7 2 49 27
5 2 44 31
3 2 44 34
7 2 44 40
3 2 46 41
8 2 44 47
2 2 44 87
1 2 49 87
1 2 52 87
3 2 49 86
1 2 52 85
1 2 55 84
1 2 44 100
8 2 43 6
4 2 49 7
6 2 44 7
1 2 43 21
7 2 50 20
1 2 46 23
3 2 43 22
4 2 43 27
1 2 44 28
1 2 43 32
2 2 55 31
3 2 43 39
3 2 46 38
8 2 43 52
8 2 44 52
5 2 44 52
6 2 43 51
7 2 44 49
5 2 44 50
5 2 45 49
4 2 54 48
7 2 43 51
6 2 43 54
8 2 54 54
3 2 53 55
5 2 53 54
5 2 43 60
1 2 60 59
5 2 51 59
6 2 49 59
6 2 45 59
2 2 51 60
3 2 43 65
6 2 50 64
4 2 51 63
5 2 50 63
3 2 47 65
2 2 43 66
7 2 48 67
7 2 43 70
6 2 53 70
2 2 53 70
3 2 48 69
5 2 43 71
6 2 44 70
5 2 43 87
7 2 43 92
4 2 46 91
1 2 46 94
3 2 43 92
8 2 42 8
1 2 48 9
2 2 42 15
6 2 46 16
6 2 42 21
2 2 42 31
3 2 59 30
2 2 42 46
2 2 46 45
5 2 50 43
1 2 42 58
5 2 53 57
3 2 55 56
8 2 53 56
8 2 49 57
5 2 44 57
5 2 49 58
7 2 44 58
7 2 47 59
3 2 54 59
3 2 45 57
4 2 45 57
8 2 42 59
4 2 46 57
5 2 49 56
2 2 49 57
7 2 49 56
5 2 48 57
5 2 42 64
1 2 51 64
4 2 47 63
7 2 47 64
1 2 47 64
6 2 42 72
1 2 43 73
6 2 50 75
5 2 48 73
6 2 42 77
2 2 47 78
8 2 55 79
5 2 47 77
8 2 56 76
3 2 52 76
6 2 47 77
1 2 47 79
6 2 52 78
2 2 51 79
6 2 46 79
1 2 50 80
4 2 45 76
8 2 46 75
3 2 42 87
8 2 44 86
4 2 49 86
5 2 49 85
1 2 42 89
2 2 41 8
8 2 41 16
5 2 48 15
3 2 43 15
7 2 48 14
6 2 48 15
1 2 47 15
7 2 47 17
2 2 45 14
6 2 53 13
8 2 58 12
7 2 41 20
1 2 43 21
5 2 43 22
6 2 42 19
3 2 41 23
2 2 42 22
4 2 41 26
8 2 48 25
7 2 43 27
7 2 41 37
7 2 44 36
3 2 44 36
5 2 44 36
6 2 43 36
6 2 41 42
4 2 45 44
2 2 44 41
3 2 42 43
3 2 43 42
1 2 42 44
1 2 46 44
7 2 41 43
8 2 41 47
6 2 41 48
3 2 45 49
7 2 41 58
3 2 41 59
6 2 50 60
8 2 41 58
4 2 52 59
6 2 50 59
1 2 41 60
7 2 41 76
2 2 47 77
3 2 47 78
5 2 41 77
8 2 41 85
5 2 52 84
4 2 43 83
4 2 46 83
4 2 40 5
4 2 48 5
3 2 48 5
5 2 45 3
5 2 40 8
2 2 40 10
5 2 46 9
7 2 45 9
6 2 45 10
2 2 42 10
6 2 46 11
7 2 42 11
5 2 49 11
7 2 48 11
3 2 42 11
4 2 51 12
5 2 51 12
4 2 61 12
1 2 62 13
6 2 52 12
7 2 52 12
4 2 40 12
5 2 49 12
2 2 40 29
3 2 40 36
6 2 47 36
3 2 47 36
6 2 40 59
2 2 40 61
3 2 60 61
3 2 47 61
1 2 40 85
4 2 40 85
8 2 45 84
2 2 45 84
4 2 45 84
7 2 40 92
8 2 44 93
7 2 45 93
2 2 44 94
7 2 39 15
5 2 40 15
8 2 41 15
3 2 39 16
5 2 40 17
7 2 39 26
6 2 53 25
3 2 48 25
3 2 46 26
7 2 44 26
8 2 44 25
8 2 41 25
4 2 43 26
2 2 42 25
7 2 41 25
7 2 39 39
5 2 39 38
4 2 43 39
6 2 40 39
6 2 42 40
6 2 39 41
3 2 40 41
3 2 39 60
4 2 57 61
3 2 39 63
2 2 39 63
7 2 42 63
4 2 44 62
1 2 40 63
4 2 39 80
7 2 50 81
5 2 49 81
5 2 39 82
3 2 39 87
7 2 40 86
2 2 39 87
7 2 42 86
6 2 39 86
5 2 38 4
2 2 47 5
7 2 38 14
1 2 38 16
6 2 38 25
1 2 39 24
5 2 39 26
8 2 39 27
6 2 38 34
6 2 38 39
3 2 39 38
1 2 38 38
7 2 42 37
2 2 38 49
8 2 39 50
6 2 38 57
2 2 44 56
3 2 47 55
5 2 50 54
3 2 50 54
7 2 46 55
6 2 46 56
2 2 41 56
6 2 38 70
7 2 44 69
6 2 49 68
2 2 39 70
5 2 38 76
3 2 40 75
2 2 39 75
6 2 40 74
5 2 48 73
6 2 47 73
3 2 40 73
7 2 40 73
4 2 38 77
8 2 43 79
2 2 40 79
5 2 38 95
6 2 38 97
4 2 44 97
2 2 41 96
4 2 37 9
2 2 37 10
1 2 41 11
7 2 37 25
4 2 41 24
6 2 37 27
5 2 37 37
4 2 38 36
6 2 38 36
2 2 38 37
4 2 37 38
8 2 39 37
7 2 37 42
2 2 39 42
8 2 38 42
8 2 37 48
6 2 45 47
3 2 40 49
1 2 42 50
3 2 37 66
4 2 46 67
6 2 37 74
1 2 39 75
7 2 37 75
3 2 37 92
6 2 38 92
5 2 41 93
4 2 38 92
2 2 37 94
5 2 36 3
4 2 36 13
2 2 39 12
2 2 46 13
8 2 44 13
1 2 46 12
1 2 36 20
2 2 46 19
4 2 41 21
6 2 38 19
5 2 47 18
8 2 45 18
1 2 48 18
8 2 40 20
1 2 39 20
4 2 43 19
2 2 36 23
7 2 40 23
3 2 36 32
3 2 40 32
6 2 44 32
4 2 36 33
4 2 36 47
5 2 38 48
1 2 37 46
6 2 37 46
6 2 40 46
7 2 39 47
7 2 37 45
5 2 41 46
8 2 37 45
1 2 37 46
3 2 36 55
8 2 38 55
4 2 39 56
4 2 37 55
4 2 44 54
4 2 42 55
2 2 41 55
7 2 37 54
8 2 36 64
4 2 41 63
2 2 41 62
8 2 41 64
5 2 40 63
6 2 37 64
2 2 36 70
1 2 38 69
7 2 39 69
5 2 36 80
2 2 36 100
8 2 44 99
3 2 43 99
7 2 42 99
2 2 53 98
5 2 53 98
6 2 42 98
4 2 39 100
5 2 35 1
7 2 35 16
6 2 35 22
4 2 38 23
6 2 36 23
8 2 37 24
5 2 36 24
2 2 37 23
3 2 35 24
7 2 35 30
5 2 35 30
1 2 47 29
3 2 37 30
4 2 35 30
3 2 45 29
1 2 35 30
8 2 43 30
6 2 35 48
7 2 36 47
5 2 35 54
3 2 35 63
5 2 41 62
6 2 35 79
6 2 38 79
4 2 44 80
7 2 37 79
6 2 41 81
6 2 39 80
8 2 35 79
5 2 43 80
5 2 41 81
2 2 37 81
4 2 35 87
1 2 38 88
7 2 39 90
6 2 38 88
6 2 35 92
1 2 36 93
5 2 39 94
8 2 44 95
2 2 44 96
8 2 35 93
1 2 39 94
6 2 39 95
8 2 35 97
5 2 40 96
4 2 40 98
5 2 38 98
6 2 35 99
2 2 38 99
3 2 44 98
5 2 38 99
1 2 36 98
1 2 34 13
1 2 37 13
7 2 38 13
3 2 40 13
8 2 34 30
8 2 41 29
2 2 42 29
7 2 39 29
5 2 41 30
4 2 41 31
6 2 34 31
5 2 36 32
3 2 46 33
7 2 34 33
4 2 45 33
8 2 45 34
6 2 34 39
7 2 34 43
8 2 42 44
7 2 42 44
3 2 41 44
8 2 41 44
3 2 34 73
3 2 46 72
2 2 38 72
2 2 44 71
8 2 34 73
2 2 34 73
4 2 34 75
7 2 34 78
4 2 34 78
3 2 34 80
3 2 34 83
8 2 33 3
7 2 33 5
6 2 41 6
5 2 42 5
1 2 42 6
7 2 42 6
3 2 33 15
5 2 38 14
6 2 37 14
4 2 37 14
7 2 34 14
8 2 35 15
5 2 33 22
5 2 38 21
4 2 33 23
8 2 33 23
4 2 33 46
8 2 33 49
7 2 33 59
8 2 33 63
4 2 34 65
3 2 39 67
1 2 43 68
5 2 33 73
5 2 33 77
2 2 33 79
2 2 33 86
3 2 33 86
4 2 33 90
4 2 40 89
1 2 42 91
8 2 41 90
5 2 39 89
7 2 39 89
5 2 33 95
8 2 38 96
1 2 32 2
3 2 37 2
7 2 32 2
1 2 36 3
1 2 34 3
6 2 35 4
2 2 36 5
4 2 35 5
6 2 33 3
1 2 32 27
2 2 32 30
4 2 32 36
1 2 35 38
4 2 32 66
6 2 34 65
7 2 35 64
4 2 32 71
4 2 43 70
1 2 36 70
6 2 35 70
7 2 32 71
2 2 32 70
6 2 32 81
6 2 33 82
7 2 42 83
3 2 38 84
6 2 48 84
4 2 41 84
7 2 38 84
1 2 45 83
1 2 43 84
4 2 43 83
1 2 39 84
1 2 40 83
7 2 32 80
1 2 32 81
3 2 32 81
6 2 32 85
5 2 32 90
3 2 32 91
6 2 33 91
2 2 32 98
8 2 35 98
7 2 45 97
2 2 34 97
4 2 32 99
3 2 34 100
6 2 31 7
2 2 35 8
2 2 33 6
6 2 35 6
8 2 35 5
4 2 35 7
2 2 35 6
7 2 31 28
6 2 33 29
6 2 31 30
8 2 31 41
2 2 33 40
4 2 31 50
8 2 32 52
7 2 31 56
8 2 36 56
6 2 35 55
2 2 35 54
3 2 35 54
5 2 39 53
4 2 42 51
8 2 33 56
2 2 31 67
2 2 45 68
3 2 44 68
7 2 40 67
8 2 42 68
1 2 33 66
6 2 34 67
2 2 37 68
2 2 33 65
3 2 31 68
7 2 31 74
2 2 38 75
3 2 36 75
7 2 37 76
8 2 33 73
6 2 32 73
1 2 34 75
2 2 32 75
4 2 32 75
2 2 31 84
8 2 34 84
8 2 31 88
2 2 30 26
4 2 30 27
7 2 30 36
4 2 42 35
5 2 44 34
8 2 32 35
2 2 38 34
2 2 40 33
3 2 41 32
2 2 42 33
6 2 40 34
1 2 32 37
8 2 34 38
2 2 32 38
4 2 30 38
6 2 30 38
7 2 30 45
3 2 34 45
5 2 32 44
5 2 40 43
3 2 31 45
6 2 30 63
7 2 30 64
7 2 30 67
8 2 30 66
1 2 30 69
5 2 30 68
5 2 30 84
4 2 29 17
4 2 36 17
5 2 36 18
8 2 42 19
4 2 40 19
8 2 39 18
2 2 36 18
4 2 36 18
5 2 40 19
7 2 36 18
3 2 36 18
2 2 35 16
5 2 33 18
8 2 34 18
3 2 29 22
1 2 29 22
1 2 29 29
4 2 30 29
7 2 29 30
5 2 29 36
8 2 34 35
5 2 29 39
4 2 29 50
8 2 31 50
1 2 31 51
2 2 38 52
7 2 37 50
5 2 33 52
4 2 33 53
4 2 37 53
1 2 35 52
8 2 38 51
7 2 30 50
3 2 30 50
2 2 34 49
3 2 29 90
7 2 28 1
4 2 28 14
5 2 32 15
2 2 31 13
1 2 31 14
5 2 29 13
1 2 44 12
1 2 35 12
3 2 37 11
1 2 37 11
5 2 37 11
3 2 38 11
8 2 35 13
8 2 29 12
2 2 28 16
1 2 28 17
7 2 28 19
7 2 29 20
3 2 30 19
4 2 35 20
2 2 34 21
1 2 32 18
4 2 29 19
2 2 29 20
4 2 33 21
5 2 28 19
6 2 28 20
6 2 28 23
3 2 28 35
5 2 37 34
4 2 30 34
3 2 28 46
2 2 28 59
3 2 30 58
3 2 28 64
6 2 28 65
1 2 28 79
3 2 28 79
8 2 28 79
3 2 30 81
8 2 31 81
5 2 40 82
3 2 27 14
7 2 30 14
5 2 30 13
2 2 37 12
2 2 27 25
1 2 29 24
8 2 27 29
2 2 27 35
5 2 27 42
1 2 34 41
6 2 34 42
5 2 32 41
2 2 33 40
7 2 33 40
3 2 32 40
1 2 40 40
8 2 38 40
1 2 27 48
6 2 32 47
5 2 27 52
1 2 28 54
6 2 27 58
6 2 27 67
5 2 33 68
8 2 33 68
2 2 27 71
5 2 50 71
4 2 35 72
2 2 30 70
6 2 27 72
1 2 30 71
7 2 29 73
1 2 31 74
7 2 32 75
1 2 33 76
2 2 30 74
5 2 27 72
5 2 27 75
8 2 28 75
5 2 27 87
7 2 31 86
4 2 30 87
3 2 36 88
1 2 34 88
8 2 32 88
6 2 29 87
4 2 34 88
7 2 29 88
8 2 27 87
4 2 27 89
8 2 30 88
2 2 27 89
5 2 26 3
2 2 32 5
5 2 32 5
6 2 32 5
3 2 31 3
5 2 35 2
8 2 31 3
6 2 31 2
6 2 41 1
6 2 28 3
4 2 32 5
4 2 28 2
5 2 50 1
8 2 37 1
5 2 36 1
3 2 31 2
6 2 28 1
7 2 26 6
3 2 26 16
1 2 26 54
3 2 26 84
1 2 26 83
7 2 26 87
6 2 28 88
3 2 27 86
3 2 26 94
3 2 31 94
6 2 31 93
5 2 37 94
4 2 29 93
5 2 28 92
1 2 26 96
1 2 31 97
4 2 35 96
2 2 26 96
2 2 35 97
5 2 25 10
8 2 35 10
5 2 38 10
5 2 41 9
6 2 36 10
8 2 33 9
1 2 33 8
7 2 34 7
4 2 25 18
8 2 25 20
4 2 25 38
1 2 25 39
8 2 25 52
8 2 27 51
6 2 32 52
3 2 27 50
5 2 27 52
8 2 31 51
3 2 25 53
7 2 28 52
2 2 29 51
4 2 29 51
6 2 25 54
6 2 25 63
6 2 29 62
4 2 36 61
1 2 28 62
1 2 35 61
2 2 33 61
2 2 29 61
3 2 29 61
8 2 34 61
6 2 30 60
5 2 31 61
8 2 29 60
2 2 25 64
1 2 27 65
5 2 25 66
4 2 25 86
3 2 32 85
4 2 31 85
7 2 25 99
5 2 24 1
7 2 24 13
4 2 24 13
7 2 25 12
6 2 25 13
6 2 24 17
5 2 24 18
6 2 25 17
7 2 24 22
5 2 26 21
7 2 24 37
8 2 24 48
5 2 24 55
1 2 24 56
7 2 30 56
7 2 35 57
5 2 26 56
6 2 24 59
5 2 25 58
5 2 27 56
1 2 24 58
5 2 29 60
7 2 34 60
4 2 28 60
2 2 24 57
5 2 24 58
2 2 31 58
1 2 31 57
5 2 24 64
7 2 24 65
8 2 34 65
4 2 24 91
8 2 26 90
3 2 25 90
8 2 28 91
8 2 25 92
6 2 25 92
1 2 25 91
1 2 26 92
7 2 26 92
8 2 23 19
3 2 24 19
3 2 29 20
6 2 29 20
5 2 28 20
1 2 25 18
8 2 23 33
4 2 33 32
1 2 33 32
1 2 38 32
5 2 34 31
6 2 23 34
3 2 32 33
3 2 30 34
1 2 26 34
5 2 26 34
1 2 26 35
3 2 26 35
7 2 29 34
8 2 31 33
7 2 26 36
7 2 25 34
8 2 29 35
4 2 23 46
5 2 26 46
2 2 29 47
5 2 23 78
5 2 34 80
4 2 23 87
6 2 25 88
3 2 23 88
2 2 28 87
5 2 23 97
4 2 27 96
1 2 22 68
4 2 22 75
4 2 26 73
7 2 25 76
8 2 24 74
7 2 24 73
5 2 24 74
6 2 22 84
3 2 22 83
7 2 26 82
4 2 25 82
1 2 30 81
2 2 22 88
8 2 22 87
5 2 27 88
7 2 22 86
2 2 25 86
8 2 31 85
6 2 31 85
3 2 32 85
7 2 21 21
4 2 24 22
4 2 28 23
1 2 23 20
8 2 21 23
3 2 27 24
1 2 26 24
4 2 24 24
8 2 21 31
1 2 27 32
2 2 25 30
5 2 25 31
2 2 22 30
3 2 22 31
4 2 21 30
7 2 22 29
3 2 24 31
7 2 21 35
1 2 23 34
2 2 22 35
1 2 22 36
2 2 34 36
2 2 22 36
6 2 21 38
3 2 24 38
3 2 26 37
7 2 21 46
3 2 21 46
8 2 21 62
8 2 21 72
1 2 38 71
5 2 28 71
2 2 27 71
4 2 29 70
6 2 27 70
6 2 23 71
5 2 21 76
8 2 26 77
6 2 26 78
4 2 24 75
6 2 24 77
1 2 22 77
6 2 21 78
8 2 27 76
3 2 27 76
2 2 21 99
1 2 22 98
2 2 30 99
1 2 28 99
1 2 26 99
5 2 20 1
2 2 28 2
2 2 25 1
8 2 27 3
4 2 30 3
1 2 28 3
3 2 30 4
7 2 28 3
5 2 20 3
2 2 20 3
8 2 28 4
6 2 20 7
8 2 32 6
1 2 32 6
2 2 29 8
4 2 26 8
8 2 31 9
1 2 25 6
4 2 25 5
4 2 20 19
8 2 20 21
6 2 20 25
6 2 23 26
4 2 23 26
4 2 32 28
4 2 30 26
2 2 30 27
4 2 20 33
3 2 20 43
2 2 33 44
3 2 29 43
4 2 31 42
4 2 27 42
3 2 30 41
2 2 29 43
7 2 28 43
5 2 28 42
4 2 28 43
1 2 28 43
3 2 28 44
6 2 20 42
1 2 20 64
4 2 20 76
2 2 20 93
2 2 23 93
4 2 20 95
2 2 27 94
8 2 28 93
8 2 19 4
7 2 19 24
7 2 20 25
2 2 21 26
3 2 20 24
5 2 19 46
7 2 19 62
1 2 18 3
2 2 18 26
1 2 18 25
6 2 26 27
5 2 19 24
7 2 20 24
5 2 25 23
3 2 19 26
7 2 19 27
1 2 18 44
5 2 18 57
7 2 31 58
2 2 18 59
2 2 23 60
6 2 18 60
4 2 22 59
1 2 18 61
8 2 23 60
2 2 40 61
1 2 23 61
5 2 21 60
4 2 20 60
7 2 21 59
8 2 18 62
8 2 29 62
1 2 21 63
6 2 21 63
2 2 20 63
5 2 19 63
3 2 19 64
1 2 18 61
7 2 18 69
5 2 18 77
1 2 23 76
2 2 20 77
8 2 20 78
6 2 25 77
5 2 18 81
5 2 25 81
6 2 22 81
1 2 21 80
1 2 18 97
7 2 19 98
7 2 28 100
4 2 20 97
4 2 18 96
5 2 20 95
7 2 17 1
4 2 17 12
4 2 33 12
5 2 28 11
4 2 33 10
5 2 29 10
5 2 26 12
1 2 25 12
2 2 31 11
7 2 17 24
6 2 17 43
6 2 29 44
2 2 17 56
7 2 17 57
8 2 17 69
3 2 22 70
6 2 21 70
7 2 22 71
3 2 31 72
4 2 21 71
4 2 17 74
2 2 19 73
3 2 19 75
5 2 22 76
2 2 20 76
7 2 18 75
7 2 17 79
4 2 18 79
5 2 20 80
1 2 17 84
8 2 22 83
2 2 24 83
7 2 24 83
5 2 24 84
5 2 22 82
5 2 21 85
3 2 21 86
4 2 19 85
2 2 23 85
2 2 21 84
1 2 16 4
8 2 21 5
4 2 21 6
5 2 25 5
6 2 21 5
7 2 23 5
2 2 23 4
2 2 20 5
7 2 18 6
3 2 19 5
8 2 17 6
3 2 27 7
8 2 27 8
2 2 27 8
1 2 17 6
2 2 20 7
4 2 17 7
6 2 30 8
3 2 30 9
4 2 30 9
6 2 29 9
2 2 21 8
7 2 19 8
3 2 16 15
4 2 21 16
8 2 24 16
8 2 16 24
7 2 16 38
5 2 21 38
1 2 23 38
2 2 22 39
6 2 20 37
5 2 21 36
5 2 18 39
7 2 16 47
1 2 28 48
8 2 16 55
8 2 21 55
4 2 26 54
3 2 26 54
1 2 26 55
6 2 16 57
3 2 20 58
8 2 16 58
8 2 26 57
1 2 19 57
3 2 16 63
1 2 16 69
4 2 20 68
3 2 22 67
3 2 20 68
3 2 25 67
8 2 20 67
5 2 21 66
7 2 28 65
1 2 27 65
7 2 26 65
5 2 26 66
4 2 20 67
7 2 20 66
3 2 19 67
2 2 16 74
1 2 20 72
8 2 20 71
8 2 21 70
5 2 21 70
3 2 20 73
3 2 16 84
6 2 17 83
2 2 19 84
4 2 18 83
7 2 18 82
2 2 19 81
7 2 19 80
1 2 18 84
3 2 17 84
8 2 16 90
7 2 16 90
5 2 22 90
4 2 21 89
1 2 16 89
3 2 15 1
8 2 16 2
6 2 28 1
3 2 28 1
8 2 28 2
5 2 26 1
2 2 26 2
8 2 23 1
1 2 16 1
3 2 15 29
3 2 29 28
6 2 28 28
3 2 26 28
5 2 15 38
2 2 15 43
2 2 19 42
4 2 15 44
5 2 15 45
2 2 15 49
4 2 25 50
5 2 25 50
6 2 25 49
8 2 24 50
5 2 22 50
6 2 25 51
3 2 23 51
1 2 15 58
4 2 20 57
1 2 15 65
1 2 20 66
2 2 18 66
8 2 18 65
4 2 18 66
1 2 19 67
5 2 19 68
8 2 19 68
7 2 19 68
2 2 19 69
1 2 19 70
8 2 15 66
2 2 15 70
2 2 20 69
5 2 17 69
7 2 15 69
7 2 15 80
6 2 16 79
3 2 16 80
5 2 19 80
6 2 15 82
4 2 17 82
2 2 15 81
1 2 16 81
8 2 16 82
3 2 14 12
3 2 22 11
7 2 29 10
2 2 27 10
8 2 27 11
7 2 14 18
2 2 19 19
5 2 21 19
5 2 14 17
1 2 19 16
3 2 21 15
5 2 24 14
6 2 22 14
8 2 24 13
5 2 19 17
1 2 19 18
2 2 19 18
2 2 23 19
4 2 19 18
2 2 16 18
7 2 21 19
1 2 21 19
8 2 14 26
7 2 14 39
1 2 28 40
1 2 14 39
2 2 29 40
4 2 28 40
4 2 22 40
4 2 14 40
7 2 22 40
7 2 17 38
3 2 17 38
6 2 14 49
1 2 18 50
3 2 20 50
2 2 19 51
1 2 26 52
5 2 18 50
2 2 17 48
6 2 19 49
3 2 19 48
5 2 26 47
4 2 19 49
7 2 14 60
7 2 18 61
6 2 16 59
1 2 14 68
5 2 14 67
7 2 14 79
8 2 16 78
2 2 14 83
6 2 15 82
5 2 15 82
6 2 14 84
7 2 17 85
6 2 16 85
1 2 14 88
5 2 14 89
6 2 15 89
4 2 20 90
3 2 18 90
7 2 17 90
2 2 15 90
2 2 25 92
7 2 24 92
6 2 23 92
3 2 15 91
4 2 15 92
6 2 30 91
6 2 31 92
7 2 25 92
8 2 14 98
3 2 26 97
2 2 24 97
6 2 22 99
3 2 23 99
5 2 17 97
7 2 24 97
8 2 13 79
5 2 13 83
3 2 13 93
3 2 19 94
1 2 26 93
6 2 48 94
8 2 18 94
2 2 14 92
5 2 25 91
7 2 14 93
1 2 17 93
4 2 26 94
1 2 13 92
3 2 24 91
8 2 24 92
5 2 14 91
6 2 14 92
3 2 20 92
8 2 13 93
8 2 12 2
8 2 19 1
1 2 19 1
5 2 15 3
6 2 12 16
4 2 21 15
1 2 23 14
6 2 14 17
7 2 19 16
5 2 19 17
3 2 17 18
8 2 12 51
4 2 21 53
6 2 20 53
8 2 24 52
3 2 23 52
6 2 13 52
7 2 17 50
7 2 16 52
7 2 17 52
7 2 12 64
3 2 12 74
7 2 13 74
4 2 12 76
6 2 16 76
1 2 15 76
7 2 25 76
8 2 12 87
7 2 18 85
2 2 12 91
3 2 14 90
6 2 12 94
4 2 12 96
7 2 12 97
6 2 19 96
3 2 11 14
2 2 11 13
5 2 17 12
7 2 14 14
4 2 11 37
8 2 21 36
1 2 17 36
4 2 15 38
5 2 17 37
3 2 13 38
1 2 13 37
6 2 11 54
7 2 24 54
1 2 12 54
8 2 18 53
3 2 12 55
3 2 15 56
2 2 15 57
1 2 11 63
2 2 21 64
5 2 20 64
2 2 13 63
2 2 14 62
3 2 11 62
2 2 11 73
4 2 11 79
8 2 11 82
4 2 11 88
8 2 21 87
3 2 12 89
7 2 12 89
5 2 11 99
3 2 17 99
7 2 19 98
2 2 10 7
2 2 12 7
5 2 16 6
5 2 13 7
8 2 14 7
1 2 24 8
8 2 24 8
3 2 14 8
4 2 10 13
2 2 14 12
5 2 10 14
6 2 10 16
4 2 10 35
4 2 17 35
5 2 15 36
3 2 14 34
5 2 13 34
7 2 15 34
1 2 10 68
2 2 9 22
6 2 13 22
6 2 19 21
1 2 19 20
7 2 19 22
7 2 11 24
7 2 12 24
2 2 12 25
5 2 10 24
3 2 9 30
7 2 22 31
2 2 13 32
7 2 24 32
7 2 25 32
8 2 12 31
4 2 21 32
2 2 18 32
3 2 12 30
6 2 12 29
7 2 12 30
2 2 28 29
1 2 15 29
6 2 14 29
6 2 20 28
4 2 20 28
3 2 15 30
1 2 9 29
5 2 9 31
1 2 9 36
5 2 9 42
1 2 13 43
7 2 14 42
5 2 11 42
7 2 9 43
8 2 28 44
1 2 25 44
2 2 24 44
5 2 22 44
4 2 15 42
1 2 9 52
2 2 10 53
6 2 12 52
8 2 17 53
8 2 12 53
2 2 9 51
5 2 11 52
5 2 9 52
4 2 10 51
1 2 18 50
1 2 16 51
4 2 12 51
4 2 14 50
3 2 18 49
8 2 31 48
3 2 11 50
2 2 10 50
1 2 10 52
6 2 9 74
6 2 15 73
2 2 17 72
3 2 19 73
4 2 19 74
1 2 18 74
8 2 23 73
2 2 23 72
5 2 14 74
8 2 16 75
2 2 25 76
3 2 9 77
7 2 9 98
4 2 16 99
7 2 10 99
1 2 8 17
2 2 21 16
1 2 8 23
2 2 17 23
2 2 18 22
6 2 15 24
3 2 8 36
6 2 9 36
6 2 10 36
2 2 9 35
8 2 13 34
2 2 8 39
6 2 9 39
1 2 10 38
8 2 8 44
2 2 11 44
2 2 18 44
3 2 16 46
2 2 18 46
2 2 15 46
2 2 22 46
1 2 22 47
3 2 10 43
3 2 18 44
3 2 13 42
3 2 8 58
2 2 15 59
5 2 13 57
4 2 10 57
4 2 8 64
4 2 13 63
7 2 14 62
8 2 8 83
6 2 8 91
5 2 11 93
7 2 8 95
3 2 7 10
1 2 15 12
6 2 14 12
8 2 14 12
2 2 13 9
3 2 15 10
2 2 21 9
6 2 11 9
7 2 21 11
6 2 8 11
5 2 7 13
2 2 18 15
2 2 9 15
1 2 18 15
4 2 19 16
6 2 7 19
5 2 10 19
8 2 19 20
4 2 18 20
8 2 15 18
6 2 12 20
5 2 13 19
5 2 11 18
4 2 11 18
4 2 10 21
7 2 10 20
8 2 9 18
6 2 12 18
6 2 9 19
3 2 9 19
4 2 9 20
4 2 7 30
5 2 7 32
7 2 7 36
4 2 7 45
6 2 14 44
3 2 7 65
5 2 11 65
3 2 18 65
2 2 10 66
3 2 9 66
8 2 13 66
1 2 11 66
5 2 7 75
4 2 13 73
1 2 7 94
5 2 10 95
8 2 7 97
7 2 7 99
3 2 6 14
2 2 11 13
5 2 10 12
1 2 12 11
7 2 19 10
5 2 22 9
1 2 19 9
4 2 12 12
6 2 6 37
4 2 6 36
8 2 10 37
6 2 9 37
2 2 9 37
8 2 8 38
7 2 6 45
8 2 13 45
7 2 14 44
4 2 6 49
3 2 14 48
3 2 8 49
1 2 10 49
2 2 11 50
6 2 6 49
4 2 12 48
8 2 13 47
4 2 14 46
4 2 8 51
7 2 6 49
5 2 6 65
1 2 6 74
1 2 11 74
5 2 10 72
6 2 16 71
1 2 15 70
7 2 16 70
2 2 11 71
8 2 14 70
3 2 14 71
7 2 6 82
6 2 7 82
3 2 15 82
5 2 6 88
2 2 10 87
1 2 12 86
4 2 17 85
3 2 7 89
1 2 6 88
5 2 11 87
8 2 11 88
7 2 15 87
8 2 8 90
8 2 9 90
1 2 6 96
2 2 5 2
1 2 8 1
8 2 14 2
7 2 13 1
6 2 11 1
2 2 11 2
5 2 20 2
2 2 8 1
8 2 7 1
2 2 5 18
6 2 5 26
2 2 15 27
2 2 12 26
8 2 5 32
2 2 7 32
5 2 9 32
1 2 9 33
8 2 5 45
3 2 5 49
4 2 6 49
7 2 5 56
6 2 8 55
3 2 7 56
2 2 11 58
2 2 6 56
2 2 8 57
1 2 7 55
6 2 15 53
4 2 11 53
7 2 7 56
1 2 6 56
8 2 8 58
4 2 13 58
1 2 7 58
8 2 6 56
6 2 6 57
8 2 5 63
6 2 6 62
4 2 8 60
7 2 5 88
8 2 15 87
6 2 5 94
8 2 10 93
6 2 11 94
3 2 20 94
8 2 5 94
6 2 12 95
2 2 7 94
1 2 6 93
5 2 6 92
4 2 7 91
2 2 7 91
7 2 7 91
6 2 7 93
6 2 23 94
4 2 14 94
4 2 33 95
2 2 6 93
3 2 5 93
1 2 4 1
6 2 4 14
4 2 12 15
8 2 7 13
7 2 7 13
8 2 5 12
3 2 6 13
2 2 6 14
5 2 5 12
4 2 4 12
1 2 4 19
7 2 4 26
5 2 4 25
3 2 15 26
8 2 15 27
1 2 9 26
7 2 11 27
1 2 4 24
4 2 4 23
5 2 15 22
7 2 15 23
1 2 11 22
8 2 10 22
3 2 4 25
1 2 4 28
3 2 6 27
4 2 7 28
7 2 6 29
6 2 20 30
8 2 4 27
4 2 4 31
8 2 5 30
3 2 5 29
5 2 4 42
4 2 4 41
8 2 24 40
2 2 19 40
4 2 17 40
6 2 14 41
6 2 21 40
3 2 18 40
8 2 13 40
1 2 4 42
3 2 5 41
1 2 9 40
2 2 15 40
7 2 20 40
4 2 6 41
6 2 7 40
7 2 5 42
6 2 4 43
6 2 4 55
4 2 6 57
3 2 5 54
6 2 4 89
3 2 7 88
6 2 14 89
8 2 5 88
1 2 10 87
3 2 3 30
1 2 6 29
2 2 4 30
7 2 3 30
4 2 3 37
7 2 3 49
3 2 3 52
1 2 5 51
2 2 5 53
1 2 4 53
2 2 3 51
7 2 3 51
8 2 3 52
3 2 7 54
4 2 3 64
1 2 6 65
2 2 5 65
1 2 3 64
1 2 9 63
2 2 3 68
8 2 7 68
5 2 3 67
1 2 3 76
8 2 25 77
1 2 15 77
4 2 18 78
2 2 10 77
2 2 8 77
1 2 8 77
4 2 3 75
7 2 7 76
3 2 3 77
1 2 14 77
5 2 5 77
1 2 3 83
3 2 7 81
6 2 9 80
7 2 13 81
2 2 9 79
6 2 7 80
3 2 3 86
4 2 10 88
7 2 15 87
4 2 9 85
7 2 9 85
2 2 8 85
8 2 13 84
1 2 12 84
6 2 3 87
8 2 6 86
3 2 6 85
1 2 2 12
3 2 2 19
6 2 2 24
6 2 10 23
4 2 6 23
1 2 9 22
3 2 9 21
7 2 5 22
1 2 6 22
4 2 3 25
3 2 4 25
2 2 3 26
3 2 2 24
4 2 2 23
4 2 2 40
6 2 3 41
8 2 5 40
1 2 4 40
3 2 4 39
5 2 2 40
4 2 2 55
2 2 2 61
6 2 2 64
5 2 2 65
7 2 2 73
8 2 7 73
2 2 6 72
5 2 12 71
7 2 5 72
3 2 5 71
7 2 10 70
3 2 10 71
7 2 5 70
8 2 8 71
1 2 2 89
2 2 3 88
1 2 3 89
1 2 1 7
7 2 7 7
7 2 14 6
4 2 12 6
7 2 9 8
6 2 19 9
7 2 19 9
3 2 8 8
6 2 8 8
5 2 5 8
8 2 12 9
1 2 7 10
5 2 11 9
5 2 17 10
4 2 8 10
8 2 8 11
3 2 14 11
2 2 6 10
7 2 9 9
5 2 6 9
4 2 1 13
1 2 1 16
2 2 3 17
8 2 1 18
3 2 1 21
7 2 1 25
1 2 1 26
2 2 4 27
6 2 1 27
6 2 3 28
8 2 3 28
8 2 1 49
8 2 5 48
2 2 11 48
2 2 24 47
7 2 13 47
8 2 12 48
4 2 22 47
3 2 22 47
7 2 20 47
5 2 9 47
4 2 6 47
5 2 6 48
6 2 4 48
3 2 1 48
7 2 1 69
4 2 1 70
8 2 9 71
4 2 7 69
3 2 7 68
8 2 3 69
2 3 37 100
2 3 32 1
2 3 32 59
5 3 32 61
3 3 32 98
5 3 32 100
8 3 31 69
5 3 31 72
8 3 29 31
3 3 29 61
8 3 29 98
1 3 29 100
3 3 28 94
8 3 28 95
8 3 37 96
7 2 35 96
2 3 27 4
2 3 25 28
7 3 25 29
3 3 25 45
8 3 25 62
7 3 24 4
4 3 23 72
3 3 22 32
4 3 22 39
4 3 22 54
2 3 22 78
4 3 22 82
7 3 22 96
4 3 21 2
6 3 21 37
8 3 20 1
4 3 20 43
6 3 20 60
4 3 20 69
2 3 19 22
5 3 21 21
5 3 19 100
7 3 18 13
5 2 16 13
5 3 18 45
4 3 18 82
7 3 16 62
6 2 20 62
4 2 14 61
8 3 16 78
2 3 16 86
3 3 15 65
2 3 15 84
6 3 14 67
2 3 14 67
6 3 13 4
8 3 13 16
3 3 22 17
1 3 13 26
3 3 13 37
2 3 13 48
2 3 20 47
1 3 13 63
2 3 12 41
5 2 10 41
3 3 12 51
6 2 10 51
8 3 11 50
5 3 11 77
3 3 15 76
1 3 10 29
8 3 10 48
1 2 8 47
6 3 9 23
3 3 9 87
7 3 8 11
7 3 8 51
2 3 8 69
3 3 8 71
1 3 7 20
7 3 16 22
6 3 7 32
3 2 7 33
2 3 21 34
7 3 7 88
5 3 6 3
5 2 10 3
1 2 9 3
6 2 6 4
7 2 10 4
8 2 10 5
2 2 10 5
2 2 12 5
2 2 7 3
4 3 20 6
1 3 11 4
4 3 8 3
3 2 9 3
7 3 6 28
6 3 6 52
3 3 6 83
2 2 5 82
2 3 8 82
6 2 9 81
8 3 17 83
6 3 8 84
3 3 17 85
6 3 6 97
8 3 21 95
2 3 5 6
4 2 9 5
7 2 7 5
8 2 6 6
5 3 16 7
4 3 5 10
7 3 5 85
5 3 7 85
8 2 5 85
5 3 4 28
7 3 4 89
3 2 3 89
5 3 3 2
7 2 3 1
5 3 3 6
4 2 3 7
1 2 5 8
7 2 3 7
5 3 3 47
6 2 9 47
8 2 9 47
3 2 2 47
4 3 19 46
2 3 7 47
1 3 3 61
1 2 12 60
8 2 6 60
1 2 8 61
3 2 16 59
2 2 4 60
8 2 7 60
2 2 6 62
6 2 5 59
8 3 17 60
5 3 14 59
5 3 3 72
7 2 16 71
5 3 2 29
3 3 2 38
4 2 2 39
6 3 2 53
6 2 5 53
8 2 5 54
2 2 2 53
3 2 2 53
3 3 14 54
7 3 6 53
5 3 5 54
2 2 7 54
4 3 2 59
4 2 4 58
7 2 4 60
1 2 2 58
5 2 3 57
8 2 1 59
2 2 1 58
8 3 2 58
8 2 3 57
5 2 3 58
6 2 2 58
8 3 2 92
5 2 6 92
5 2 4 90
5 2 3 92
8 2 3 91
4 2 3 92
2 2 2 92
6 3 2 97
2 2 27 95
5 3 22 98
5 3 2 99
5 2 8 100
5 3 5 99
7 2 4 98
4 2 4 99
5 3 18 97
3 4 26 95
7 4 26 96
3 2 23 96
1 4 25 31
7 4 24 33
8 4 23 16
8 4 22 35
5 4 20 56
3 4 19 37
2 4 19 45
6 4 19 98
7 4 18 16
3 2 15 16
8 4 18 34
4 4 18 35
3 4 18 90
7 4 17 84
2 2 14 84
8 2 13 83
2 4 16 2
8 4 16 46
7 4 16 91
1 4 16 96
4 4 15 8
7 4 15 24
5 4 15 26
6 4 15 36
1 2 14 35
4 4 15 77
2 4 14 55
5 4 13 12
1 4 13 86
3 4 12 2
8 4 12 38
3 4 12 46
5 2 10 45
6 3 13 45
6 4 12 83
8 2 10 81
8 4 12 99
6 4 11 8
2 3 9 7
5 2 9 8
8 4 10 25
6 2 13 24
4 4 9 1
6 4 9 21
7 2 7 21
6 4 9 25
6 4 9 55
6 4 9 65
6 4 8 9
2 4 8 10
8 2 6 9
4 2 5 9
3 2 5 8
1 4 8 11
2 4 8 37
5 4 8 56
4 4 8 59
5 2 5 59
4 4 7 17
7 3 6 16
1 2 6 15
6 4 7 28
7 2 4 28
6 4 21 29
5 4 16 29
2 4 7 43
7 2 5 44
3 2 8 45
8 2 8 45
6 4 16 43
6 4 7 53
5 4 6 13
4 4 6 26
5 2 6 25
4 2 6 26
7 2 4 25
1 2 4 27
7 4 6 40
3 2 7 41
4 4 6 62
8 2 5 62
8 4 5 20
8 2 6 22
6 4 5 24
8 4 4 43
8 4 13 42
6 4 4 82
4 2 4 82
7 2 3 82
1 2 6 81
2 4 4 94
8 4 3 76
6 2 2 74
5 4 7 75
4 2 5 75
7 4 3 92
2 4 2 11
2 2 3 10
1 5 20 14
6 5 16 39
3 5 15 70
7 5 13 69
6 2 9 69
2 5 13 79
3 5 12 84
3 5 11 61
1 5 11 78
5 5 10 15
7 5 10 65
5 2 8 66
3 5 7 12
1 5 7 40
4 2 4 39
6 5 9 41
3 5 6 30
6 5 5 46
4 5 11 47
4 5 7 44
6 2 5 44
1 4 5 43
4 5 5 64
5 2 5 62
7 2 5 63
6 2 4 63
8 2 2 64
4 3 10 65
4 4 4 64
7 5 5 77
4 2 4 77
8 2 3 77
3 2 2 77
4 2 4 77
7 2 4 78
4 4 7 76
8 5 3 2
7 5 3 19
6 6 21 31
5 6 20 94
3 2 16 93
7 6 13 35
4 6 13 49
6 6 12 80
7 6 11 56
3 6 9 75
6 6 8 13
4 2 3 13
4 6 6 93
1 2 9 93
4 2 17 94
6 2 11 94
7 2 11 95
1 2 14 94
5 2 3 94
8 2 10 95
2 2 10 95
2 2 5 93
8 2 8 94
3 2 3 94
7 2 2 93
7 2 3 93
2 2 2 93
5 2 2 94
2 5 18 92
2 5 6 93
7 2 2 93
8 6 5 36
3 6 4 58
7 2 2 57
2 2 2 58
8 6 5 58
5 6 3 60
2 7 18 32
3 7 16 14
6 7 11 17
3 2 7 15
8 2 7 16
5 2 7 17
6 7 11 60
5 7 8 50
7 7 8 82
4 7 7 80
3 2 3 78
4 7 5 18
5 2 4 15
6 7 5 32
2 2 7 34
5 2 11 33
4 2 7 33
6 2 7 34
8 2 7 34
5 2 6 34
7 2 5 34
2 2 2 34
3 7 5 48
5 2 4 46
4 7 5 65
4 5 13 63
4 8 8 65
4 8 7 55
3 2 2 55
5 8 6 42
8 2 5 43
2 2 4 42
7 9 13 90
6 9 12 94
2 9 11 72
6 2 8 73
3 9 8 24
1 2 4 25
5 10 9 76
3 2 6 77
4 2 5 77
5 11 10 39
2 2 5 39
1 2 2 37
8 2 1 37
2 11 6 31
2 2 8 28
6 12 10 6
6 12 7 61
7 2 2 61
1 13 10 65
3 13 8 90
1 2 5 91
5 2 5 92
8 2 3 92
7 2 6 91
8 4 5 90
3 14 12 22
4 14 9 36
2 19 11 86
8 2 7 85
7 26 11 66
5 2 6 67
4 2 5 67
8 2 6 67
6 2 4 67
3 2 4 68
