9028
4386
5 2 100 6
3 2 100 13
2 2 100 29
3 2 100 31
2 2 100 44
7 2 100 56
1 2 100 59
1 2 100 66
4 2 100 73
6 2 100 76
4 2 100 82
5 2 100 84
2 2 100 90
1 2 99 15
5 2 99 26
8 2 99 26
3 2 99 27
8 2 99 40
8 2 99 49
7 2 99 49
1 2 99 52
6 2 99 57
1 2 99 75
8 2 99 78
3 2 99 83
3 2 98 3
2 2 98 8
4 2 98 9
5 2 98 12
5 2 98 22
4 2 99 23
6 2 98 23
2 2 98 24
2 2 98 44
2 2 98 73
5 2 98 96
8 2 98 98
4 2 97 1
6 2 97 2
2 2 97 5
5 2 97 6
3 2 97 10
1 2 97 9
6 2 97 11
8 2 97 12
3 2 97 13
4 2 97 37
1 2 97 55
8 2 97 60
3 2 97 62
6 2 97 74
8 2 97 89
8 2 98 88
1 2 98 88
4 2 97 90
2 2 97 91
1 2 96 1
8 2 96 24
6 2 96 38
1 2 96 43
2 2 96 56
8 2 98 55
7 2 97 55
8 2 96 55
4 2 96 60
7 2 97 59
5 2 96 61
3 2 96 65
3 2 98 64
1 2 96 67
7 2 97 66
1 2 96 70
5 2 96 70
7 2 96 71
5 2 96 81
8 2 96 84
5 2 96 91
7 2 96 95
4 2 98 94
6 2 96 96
5 2 95 4
3 2 95 8
1 2 95 8
8 2 95 7
4 2 95 17
3 2 100 16
3 2 99 18
1 2 95 35
5 2 98 34
5 2 99 33
1 2 99 33
6 2 95 41
4 2 96 40
8 2 96 40
4 2 95 48
4 2 95 52
8 2 95 62
5 2 95 64
3 2 99 63
6 2 95 67
1 2 98 68
1 2 95 71
2 2 95 72
1 2 95 75
8 2 95 86
4 2 95 94
6 2 97 93
7 2 96 93
4 2 94 3
3 2 97 4
6 2 94 7
3 2 95 7
7 2 94 24
6 2 94 53
3 2 94 59
1 2 95 60
7 2 94 59
7 2 94 63
5 2 94 69
4 2 94 78
7 2 98 79
2 2 98 79
8 2 97 79
7 2 96 78
7 2 94 81
2 2 96 82
4 2 95 83
6 2 94 99
8 2 93 13
2 2 95 12
6 2 93 14
6 2 98 15
3 2 93 16
2 2 93 19
8 2 93 21
4 2 93 23
2 2 93 29
5 2 97 29
1 2 93 30
1 2 94 30
3 2 93 43
6 2 95 44
8 2 97 45
8 2 93 51
6 2 97 50
7 2 97 51
5 2 93 56
6 2 94 57
4 2 93 57
4 2 94 56
1 2 93 99
5 2 97 98
7 2 93 98
4 2 96 97
3 2 97 96
5 2 94 99
5 2 93 97
7 2 92 16
7 2 92 30
1 2 92 34
4 2 95 33
1 2 94 32
3 2 92 36
8 2 94 35
6 2 93 36
7 2 93 35
6 2 95 34
4 2 93 36
6 2 92 48
8 2 96 49
7 2 92 57
4 2 92 65
7 2 94 66
2 2 92 86
6 2 97 86
2 2 96 86
6 2 93 85
3 2 93 85
5 2 92 89
4 2 91 2
7 2 95 1
8 2 95 2
5 2 91 5
4 2 95 5
8 2 91 42
5 2 97 41
5 2 95 42
4 2 91 45
5 2 91 46
5 2 96 46
7 2 91 54
7 2 94 53
5 2 93 53
5 2 91 58
8 2 92 59
4 2 92 59
4 2 91 63
2 2 91 68
2 2 92 68
3 2 92 69
2 2 92 69
3 2 91 74
4 2 94 75
2 2 94 76
6 2 91 74
5 2 91 74
3 2 91 81
4 2 93 81
4 2 94 80
8 2 92 80
4 2 91 86
5 2 91 86
2 2 91 90
4 2 94 91
6 2 93 92
8 2 94 93
7 2 91 94
1 2 90 25
4 2 93 26
5 2 90 32
5 2 90 36
1 2 90 44
4 2 90 48
6 2 90 49
3 2 94 50
3 2 90 48
2 2 90 52
7 2 90 58
5 2 90 67
7 2 90 77
1 2 93 78
3 2 91 77
5 2 93 77
4 2 90 79
6 2 90 99
5 2 90 99
2 2 92 99
8 2 89 4
7 2 94 5
4 2 89 3
3 2 92 2
8 2 89 8
4 2 89 8
7 2 93 9
4 2 93 10
4 2 95 10
8 2 92 9
6 2 89 37
1 2 89 49
5 2 89 50
1 2 95 51
4 2 89 49
3 2 91 50
1 2 91 50
6 2 89 57
3 2 91 56
6 2 89 60
4 2 89 82
4 2 91 83
8 2 90 81
2 2 90 82
8 2 89 82
4 2 88 11
1 2 92 12
6 2 96 14
6 2 88 10
2 2 88 9
5 2 89 8
5 2 88 11
7 2 91 11
1 2 91 11
6 2 89 11
2 2 89 12
2 2 91 13
3 2 88 13
2 2 93 15
5 2 90 14
6 2 88 15
7 2 88 14
5 2 90 15
2 2 88 14
8 2 88 13
6 2 88 27
6 2 88 44
2 2 88 48
8 2 90 47
2 2 93 46
2 2 89 47
6 2 92 46
6 2 88 50
6 2 88 69
2 2 88 70
8 2 89 70
1 2 93 72
8 2 92 72
3 2 88 73
8 2 88 78
4 2 88 80
7 2 88 81
3 2 88 92
3 2 89 92
3 2 92 93
8 2 89 92
3 2 87 25
1 2 92 24
1 2 87 35
3 2 91 34
5 2 93 33
3 2 93 33
3 2 87 62
2 2 92 63
1 2 93 62
4 2 89 64
4 2 87 63
8 2 87 63
5 2 88 62
8 2 91 62
7 2 87 63
5 2 87 64
3 2 87 65
2 2 94 65
7 2 89 64
7 2 87 73
7 2 91 73
1 2 87 72
5 2 87 77
6 2 87 79
1 2 88 79
5 2 87 84
2 2 86 1
3 2 86 2
8 2 89 1
8 2 86 5
5 2 86 25
7 2 91 26
2 2 86 26
7 2 86 27
3 2 86 38
4 2 86 39
8 2 86 63
2 2 86 68
5 2 86 70
8 2 91 71
6 2 85 1
8 2 87 1
1 2 87 2
6 2 90 4
6 2 85 5
6 2 90 5
2 2 90 6
2 2 85 17
1 2 87 16
2 2 86 16
3 2 90 17
8 2 90 17
5 2 91 17
4 2 90 18
4 2 86 15
1 2 89 16
7 2 85 18
6 2 92 19
2 2 92 18
6 2 86 20
2 2 95 21
8 2 90 22
1 2 94 22
7 2 92 23
4 2 92 22
8 2 91 23
3 2 91 22
5 2 89 21
7 2 96 20
1 2 96 20
6 2 85 19
7 2 88 19
2 2 85 49
7 2 85 49
3 2 85 49
2 2 85 73
4 2 85 72
7 2 86 73
1 2 85 77
1 2 87 77
8 2 85 77
2 2 85 77
8 2 85 86
6 2 85 93
1 2 84 1
7 2 84 1
8 2 84 6
3 2 89 5
4 2 88 6
3 2 84 36
7 2 84 69
4 2 85 68
7 2 86 67
7 2 88 66
4 2 84 76
2 2 91 76
8 2 90 75
5 2 85 77
6 2 84 87
1 2 88 87
6 2 86 87
2 2 87 86
3 2 87 87
1 2 87 88
4 2 84 92
4 2 86 91
1 2 86 92
2 2 83 1
4 2 83 7
1 2 83 9
6 2 83 29
7 2 93 30
2 2 94 31
7 2 90 28
2 2 83 36
7 2 85 35
5 2 89 34
4 2 83 39
7 2 90 40
1 2 90 39
7 2 86 40
1 2 83 45
5 2 85 45
7 2 87 46
4 2 87 46
7 2 91 45
7 2 89 46
8 2 87 47
7 2 86 46
3 2 83 45
2 2 86 44
4 2 89 43
7 2 83 51
1 2 90 52
5 2 90 52
4 2 83 62
4 2 89 61
6 2 89 62
1 2 85 62
4 2 83 82
7 2 86 83
7 2 83 83
2 2 83 90
3 2 82 2
1 2 82 5
5 2 82 8
1 2 84 9
7 2 86 9
8 2 85 8
4 2 82 28
1 2 88 29
5 2 93 31
2 2 91 28
3 2 90 30
4 2 88 30
4 2 94 31
2 2 82 40
1 2 89 40
5 2 88 39
5 2 93 37
6 2 93 37
6 2 88 39
2 2 91 38
1 2 85 39
4 2 84 38
5 2 82 43
6 2 86 45
8 2 85 44
7 2 86 43
6 2 89 42
7 2 84 43
7 2 82 53
2 2 82 55
8 2 90 56
3 2 88 56
4 2 84 56
2 2 84 55
6 2 82 56
1 2 82 62
8 2 82 68
2 2 91 67
2 2 89 68
4 2 86 68
1 2 86 68
2 2 82 81
1 2 82 85
7 2 86 86
4 2 86 87
5 2 85 86
3 2 84 86
1 2 82 88
2 2 81 11
1 2 88 12
8 2 84 12
2 2 84 12
5 2 86 13
6 2 84 11
1 2 85 11
8 2 84 13
4 2 83 10
6 2 82 12
1 2 81 20
8 2 87 21
7 2 88 22
1 2 81 23
1 2 89 24
3 2 85 21
3 2 88 20
3 2 86 21
6 2 81 24
3 2 83 23
2 2 83 22
7 2 81 35
5 2 82 34
1 2 82 36
6 2 82 37
2 2 83 38
8 2 81 51
7 2 81 55
1 2 81 76
8 2 86 76
2 2 90 75
5 2 81 82
7 2 81 87
5 2 91 88
5 2 83 85
5 2 87 84
4 2 81 99
7 2 82 97
2 2 92 96
4 2 80 43
1 2 86 42
4 2 86 43
3 2 88 42
8 2 83 42
7 2 88 41
4 2 87 40
5 2 83 43
6 2 83 44
8 2 81 44
4 2 83 46
5 2 82 46
5 2 80 50
2 2 87 51
5 2 81 49
5 2 80 57
7 2 85 56
4 2 84 58
4 2 86 59
7 2 83 58
6 2 84 57
8 2 82 56
2 2 83 55
6 2 89 54
2 2 81 58
3 2 87 59
6 2 80 63
7 2 81 62
3 2 81 61
5 2 83 60
7 2 80 75
5 2 80 76
8 2 80 77
7 2 80 80
4 2 82 79
3 2 82 80
5 2 80 79
8 2 79 1
4 2 79 2
7 2 79 4
8 2 79 7
6 2 84 6
7 2 80 8
1 2 79 7
8 2 85 6
3 2 84 6
3 2 79 10
8 2 80 11
5 2 79 9
1 2 79 25
8 2 85 26
6 2 84 26
2 2 79 36
6 2 82 35
7 2 85 34
4 2 79 42
1 2 80 42
6 2 79 50
2 2 84 51
4 2 82 51
4 2 79 50
1 2 79 52
8 2 79 54
8 2 81 53
3 2 86 52
3 2 79 61
6 2 83 61
1 2 86 60
3 2 79 73
4 2 82 72
4 2 88 71
3 2 88 71
1 2 87 71
7 2 79 84
5 2 79 83
3 2 87 84
8 2 86 84
4 2 79 92
3 2 84 91
6 2 90 90
3 2 85 92
5 2 90 93
8 2 90 94
2 2 88 93
2 2 86 93
5 2 86 94
8 2 85 93
7 2 81 92
6 2 78 2
6 2 86 3
8 2 85 3
5 2 80 2
4 2 78 15
4 2 84 16
8 2 84 15
2 2 78 24
2 2 86 25
6 2 82 23
5 2 84 22
4 2 79 23
8 2 78 32
1 2 78 39
1 2 81 40
2 2 78 41
4 2 79 41
2 2 78 47
2 2 80 46
5 2 78 53
3 2 87 53
4 2 86 52
4 2 83 52
5 2 80 52
8 2 81 51
6 2 80 52
6 2 78 53
1 2 78 61
1 2 83 60
2 2 85 59
2 2 78 66
2 2 80 66
1 2 83 67
7 2 82 65
8 2 82 66
1 2 78 67
8 2 83 68
8 2 78 82
5 2 81 83
5 2 80 82
7 2 78 98
5 2 80 100
1 2 85 99
1 2 82 99
2 2 87 98
2 2 82 100
7 2 80 99
2 2 84 98
4 2 88 97
6 2 86 97
6 2 82 98
8 2 82 99
5 2 77 1
6 2 79 2
2 2 77 2
4 2 80 3
8 2 77 9
3 2 77 28
5 2 88 29
5 2 89 28
4 2 90 27
3 2 85 27
6 2 78 27
8 2 77 36
4 2 79 37
6 2 77 38
8 2 79 38
3 2 85 37
5 2 79 38
1 2 79 38
2 2 77 39
7 2 79 39
1 2 77 41
3 2 77 53
7 2 77 58
4 2 77 60
2 2 77 69
7 2 79 68
3 2 82 67
2 2 79 68
8 2 77 68
4 2 78 69
5 2 77 68
5 2 77 78
2 2 80 78
8 2 80 77
6 2 79 78
2 2 80 77
7 2 77 88
5 2 79 88
2 2 87 89
8 2 81 89
8 2 79 88
2 2 77 94
2 2 83 94
1 2 92 95
3 2 81 96
1 2 83 96
3 2 89 95
2 2 83 96
1 2 87 96
1 2 79 96
4 2 76 5
4 2 76 7
5 2 82 6
7 2 82 6
4 2 76 12
6 2 76 28
5 2 76 28
3 2 81 29
8 2 76 29
1 2 80 30
1 2 78 28
8 2 86 27
6 2 78 27
6 2 85 26
6 2 76 31
4 2 78 30
2 2 83 31
8 2 89 32
6 2 88 32
2 2 84 32
6 2 76 34
3 2 81 33
1 2 78 34
5 2 76 36
3 2 76 44
8 2 77 43
7 2 78 43
5 2 76 51
3 2 79 51
6 2 76 57
5 2 82 56
5 2 80 57
8 2 79 57
3 2 81 58
8 2 76 58
8 2 82 59
6 2 82 60
3 2 76 59
6 2 76 68
2 2 76 89
1 2 76 89
5 2 84 89
8 2 76 95
3 2 84 97
7 2 82 94
3 2 80 94
7 2 76 94
6 2 75 2
7 2 77 1
7 2 75 6
3 2 75 19
5 2 86 18
5 2 83 19
2 2 83 18
8 2 82 19
6 2 76 19
7 2 75 19
8 2 75 27
8 2 78 26
2 2 75 30
7 2 77 31
8 2 81 32
2 2 75 34
6 2 80 33
1 2 80 32
5 2 80 31
8 2 80 32
4 2 77 33
5 2 77 34
5 2 75 45
2 2 76 46
3 2 79 47
5 2 82 48
3 2 81 48
7 2 79 48
8 2 80 47
1 2 77 47
1 2 75 50
1 2 75 71
6 2 77 72
8 2 82 71
6 2 79 73
1 2 87 74
3 2 87 74
1 2 82 74
5 2 85 75
4 2 85 75
7 2 84 74
8 2 77 73
5 2 75 79
7 2 75 79
8 2 74 4
7 2 75 4
2 2 76 4
4 2 80 3
5 2 79 3
1 2 77 3
7 2 79 4
1 2 74 8
1 2 75 9
5 2 74 18
1 2 81 18
1 2 74 22
7 2 80 20
8 2 78 23
3 2 78 23
5 2 77 23
1 2 74 30
1 2 75 29
5 2 75 30
4 2 75 30
8 2 75 31
1 2 74 40
4 2 76 41
7 2 74 50
5 2 78 49
3 2 77 49
6 2 77 48
6 2 79 47
1 2 78 47
2 2 76 50
7 2 74 68
3 2 74 84
7 2 82 84
6 2 80 84
8 2 76 83
1 2 77 82
1 2 80 81
4 2 74 84
2 2 76 84
3 2 74 84
2 2 74 87
5 2 79 86
2 2 79 86
6 2 78 86
2 2 77 89
8 2 81 90
5 2 84 89
6 2 87 90
1 2 86 90
7 2 84 90
7 2 74 86
3 2 77 87
2 2 74 96
7 2 83 96
4 2 77 96
4 2 81 97
4 2 75 96
6 2 75 96
1 2 74 97
5 2 78 97
8 2 73 15
5 2 73 15
5 2 83 14
4 2 78 15
7 2 80 15
3 2 84 16
4 2 75 15
5 2 73 40
2 2 82 41
8 2 78 39
8 2 74 39
3 2 73 44
8 2 75 46
8 2 73 44
3 2 78 43
7 2 73 61
6 2 73 79
1 2 73 81
6 2 81 83
5 2 73 86
4 2 76 85
1 2 73 85
8 2 73 84
7 2 73 86
5 2 73 89
6 2 80 89
1 2 80 90
3 2 79 89
4 2 79 89
3 2 73 96
3 2 72 1
1 2 72 1
4 2 72 6
5 2 72 12
2 2 75 11
2 2 72 15
1 2 76 15
3 2 72 20
5 2 87 21
1 2 81 20
3 2 81 21
2 2 86 20
6 2 81 22
3 2 78 19
1 2 72 39
4 2 73 40
8 2 73 40
3 2 75 41
1 2 72 48
7 2 76 48
4 2 75 49
8 2 72 53
2 2 85 54
7 2 85 54
4 2 84 54
7 2 76 51
7 2 75 53
3 2 76 52
2 2 74 53
1 2 75 53
8 2 75 53
4 2 72 52
4 2 72 75
6 2 74 77
8 2 72 78
7 2 72 88
1 2 72 91
7 2 83 92
7 2 80 91
6 2 81 91
7 2 76 90
5 2 80 91
5 2 76 91
8 2 77 90
8 2 75 92
4 2 76 91
1 2 76 90
6 2 75 91
2 2 72 91
2 2 72 99
1 2 78 98
3 2 79 99
2 2 76 98
6 2 71 1
2 2 72 2
3 2 75 4
3 2 71 22
4 2 71 32
4 2 76 31
6 2 71 32
6 2 72 33
3 2 72 32
7 2 72 33
6 2 71 44
4 2 72 44
3 2 71 43
4 2 72 44
3 2 71 53
8 2 80 55
8 2 71 60
5 2 73 59
7 2 71 61
6 2 71 64
5 2 80 66
4 2 76 63
6 2 71 79
3 2 71 86
4 2 71 91
2 2 71 94
8 2 79 95
3 2 78 95
8 2 76 94
5 2 71 95
1 2 75 94
5 2 71 99
5 2 75 98
5 2 70 8
5 2 75 7
1 2 70 7
5 2 72 8
3 2 73 7
5 2 73 8
8 2 73 9
2 2 72 7
1 2 72 7
7 2 70 8
2 2 70 36
4 2 79 37
3 2 77 37
4 2 75 37
8 2 77 36
7 2 70 35
1 2 71 34
3 2 70 62
2 2 79 63
5 2 70 68
3 2 75 69
1 2 70 69
4 2 71 69
5 2 70 76
1 2 78 75
4 2 78 74
4 2 74 76
1 2 74 76
4 2 70 90
3 2 70 91
7 2 71 92
6 2 70 97
3 2 70 100
2 2 72 99
4 2 69 7
8 2 71 6
4 2 69 9
4 2 73 9
5 2 73 10
7 2 70 9
8 2 73 10
1 2 73 10
3 2 69 19
7 2 69 33
1 2 69 36
6 2 70 37
1 2 72 38
2 2 69 40
7 2 69 58
2 2 74 57
4 2 78 56
5 2 69 69
1 2 69 83
8 2 76 83
1 2 69 92
3 2 68 14
4 2 68 18
8 2 75 17
2 2 68 29
6 2 74 28
7 2 68 31
2 2 68 50
8 2 69 49
4 2 69 50
5 2 68 61
5 2 68 67
2 2 73 66
1 2 68 80
1 2 71 79
4 2 70 79
6 2 72 80
5 2 68 97
5 2 72 98
7 2 71 96
5 2 70 97
3 2 67 2
2 2 70 1
7 2 69 2
1 2 73 3
3 2 69 1
1 2 67 9
3 2 67 10
7 2 74 10
8 2 70 11
8 2 67 9
3 2 71 10
4 2 71 11
6 2 69 8
4 2 67 17
2 2 73 17
8 2 67 17
6 2 67 17
4 2 73 16
2 2 73 18
1 2 71 18
6 2 73 17
2 2 70 18
3 2 67 16
6 2 67 27
5 2 68 26
2 2 67 38
1 2 73 37
4 2 71 39
1 2 67 60
1 2 68 59
8 2 72 58
2 2 75 57
3 2 76 56
3 2 79 55
3 2 67 77
5 2 71 78
1 2 67 77
8 2 70 76
7 2 76 75
2 2 77 74
4 2 67 79
6 2 67 82
3 2 67 84
1 2 67 90
7 2 67 92
5 2 67 93
2 2 67 94
1 2 69 95
4 2 66 5
1 2 66 23
6 2 67 23
1 2 75 22
7 2 67 24
5 2 75 25
3 2 66 31
3 2 68 30
1 2 68 31
2 2 68 32
4 2 67 30
6 2 66 30
5 2 66 59
2 2 71 58
5 2 73 57
1 2 73 58
1 2 70 57
4 2 70 58
2 2 68 60
6 2 73 62
1 2 66 82
1 2 69 81
4 2 67 81
5 2 67 82
3 2 68 81
5 2 66 90
2 2 72 89
5 2 76 87
2 2 66 93
7 2 66 95
4 2 67 95
1 2 65 2
2 2 69 2
3 2 72 4
3 2 71 3
4 2 69 3
3 2 65 3
3 2 73 4
7 2 67 2
8 2 67 1
7 2 65 8
3 2 67 7
1 2 67 8
1 2 65 18
7 2 66 17
3 2 74 16
1 2 70 16
4 2 65 30
2 2 65 45
5 2 67 44
7 2 66 46
7 2 67 47
6 2 65 58
8 2 65 67
3 2 66 66
1 2 73 65
6 2 70 68
4 2 69 68
6 2 68 67
4 2 70 66
3 2 71 65
1 2 83 65
1 2 84 64
4 2 84 65
4 2 81 65
8 2 81 64
1 2 79 64
4 2 74 64
2 2 72 64
3 2 77 63
4 2 77 64
2 2 76 64
5 2 68 66
4 2 64 7
2 2 64 6
7 2 64 18
5 2 64 26
1 2 73 27
8 2 66 25
2 2 64 31
6 2 64 32
4 2 68 33
2 2 68 34
8 2 67 34
7 2 75 34
8 2 64 32
3 2 64 35
6 2 67 35
5 2 66 36
8 2 71 37
7 2 71 37
5 2 65 35
3 2 71 36
1 2 64 36
4 2 68 37
6 2 64 36
5 2 64 51
8 2 67 52
4 2 74 51
4 2 72 52
2 2 72 51
3 2 72 53
4 2 73 54
2 2 72 54
5 2 71 52
4 2 71 54
8 2 74 56
6 2 71 55
5 2 74 54
7 2 70 53
3 2 64 50
1 2 68 49
8 2 68 50
3 2 66 49
1 2 65 49
3 2 64 67
2 2 65 67
5 2 64 68
4 2 64 74
7 2 74 73
4 2 78 72
1 2 80 71
3 2 80 70
6 2 80 72
8 2 71 73
4 2 73 73
8 2 69 73
3 2 73 72
7 2 80 71
5 2 80 72
2 2 71 72
4 2 74 70
4 2 73 72
5 2 72 71
6 2 73 70
3 2 67 73
6 2 70 74
7 2 69 72
8 2 69 72
2 2 68 72
2 2 65 73
2 2 72 74
1 2 67 74
4 2 64 77
5 2 66 76
8 2 70 77
3 2 70 76
1 2 68 75
2 2 66 78
8 2 71 79
2 2 70 79
3 2 64 86
5 2 64 89
1 2 63 15
6 2 66 15
2 2 65 14
7 2 64 15
5 2 72 16
6 2 63 18
5 2 63 21
8 2 77 20
6 2 77 20
4 2 71 20
5 2 76 21
8 2 66 23
1 2 63 34
6 2 63 38
2 2 66 40
1 2 63 39
5 2 63 49
6 2 64 49
1 2 63 61
4 2 65 60
2 2 64 62
5 2 63 63
8 2 73 63
3 2 75 64
3 2 64 62
6 2 64 62
3 2 63 78
4 2 63 80
7 2 65 79
5 2 63 80
2 2 63 81
7 2 63 82
2 2 65 83
7 2 64 83
3 2 71 82
7 2 71 83
2 2 70 85
4 2 69 85
3 2 63 96
5 2 65 95
2 2 63 98
1 2 62 2
2 2 62 26
8 2 67 26
1 2 70 27
8 2 73 28
2 2 67 25
8 2 73 24
4 2 73 27
4 2 76 29
2 2 66 27
7 2 71 28
3 2 65 25
6 2 65 24
1 2 66 25
5 2 66 24
3 2 66 24
7 2 65 26
2 2 70 26
6 2 64 26
4 2 62 28
3 2 72 28
5 2 64 27
1 2 68 28
4 2 68 27
6 2 63 29
7 2 63 29
6 2 66 29
3 2 62 29
2 2 62 46
1 2 67 45
7 2 67 44
7 2 68 44
2 2 67 44
1 2 62 49
7 2 62 60
2 2 73 61
5 2 67 59
4 2 62 75
3 2 64 73
8 2 69 72
6 2 66 72
2 2 62 76
4 2 62 86
3 2 62 99
1 2 64 99
3 2 61 6
1 2 68 5
1 2 61 7
7 2 63 6
2 2 61 9
8 2 61 31
2 2 63 32
4 2 61 35
7 2 61 34
5 2 61 36
1 2 61 47
8 2 64 46
6 2 64 47
1 2 62 46
5 2 69 48
7 2 62 47
8 2 61 65
1 2 71 64
7 2 70 66
2 2 66 65
5 2 69 65
4 2 61 77
8 2 62 76
1 2 70 75
3 2 65 77
3 2 62 75
7 2 61 81
3 2 61 82
5 2 65 82
8 2 61 87
8 2 64 87
1 2 69 88
3 2 70 87
6 2 64 88
8 2 64 88
2 2 61 89
3 2 66 90
1 2 62 88
5 2 65 87
8 2 64 89
7 2 62 87
6 2 60 38
7 2 66 39
8 2 64 39
3 2 66 40
8 2 60 39
7 2 60 42
4 2 68 43
1 2 64 41
5 2 60 44
4 2 62 43
7 2 69 42
1 2 64 43
3 2 62 43
1 2 60 50
3 2 60 55
3 2 74 55
4 2 67 55
2 2 65 54
1 2 72 55
7 2 72 56
3 2 68 55
1 2 65 55
4 2 65 55
8 2 65 55
6 2 62 54
8 2 61 54
6 2 60 60
1 2 63 59
6 2 68 58
3 2 67 58
5 2 67 57
1 2 60 76
4 2 60 79
3 2 69 81
3 2 60 79
4 2 63 78
6 2 60 79
8 2 60 81
1 2 60 90
6 2 63 90
3 2 59 4
2 2 59 6
6 2 59 8
7 2 59 14
3 2 59 19
5 2 62 19
8 2 59 24
1 2 62 25
6 2 59 28
8 2 67 27
8 2 64 28
5 2 64 28
2 2 64 29
7 2 60 28
2 2 60 29
4 2 60 28
3 2 63 27
1 2 63 28
4 2 59 42
4 2 67 41
1 2 65 41
8 2 59 57
7 2 66 56
6 2 62 56
8 2 66 57
4 2 66 57
8 2 62 57
4 2 59 60
7 2 59 82
6 2 59 92
2 2 59 91
6 2 58 17
7 2 62 16
3 2 62 17
5 2 63 18
1 2 66 19
8 2 69 20
6 2 65 19
8 2 76 20
1 2 64 19
8 2 64 20
6 2 62 16
4 2 62 18
6 2 62 19
7 2 62 20
6 2 58 26
1 2 61 27
6 2 61 27
1 2 58 26
7 2 58 25
3 2 58 33
7 2 58 34
3 2 58 46
3 2 59 46
3 2 65 45
8 2 65 45
1 2 58 51
2 2 63 52
4 2 64 53
7 2 58 63
5 2 70 63
8 2 69 64
3 2 62 62
5 2 65 61
2 2 65 62
4 2 58 76
6 2 68 75
8 2 67 75
8 2 61 76
3 2 65 75
3 2 58 88
6 2 60 88
3 2 59 87
3 2 58 91
4 2 61 92
4 2 58 95
8 2 66 96
1 2 65 94
3 2 65 95
5 2 70 94
2 2 70 94
4 2 62 96
3 2 61 94
1 2 57 11
6 2 72 13
1 2 72 12
3 2 79 13
1 2 68 12
7 2 70 11
4 2 60 12
2 2 75 13
7 2 63 13
5 2 57 13
8 2 57 18
4 2 57 20
1 2 59 20
7 2 68 22
3 2 66 22
3 2 58 19
3 2 57 26
5 2 57 27
8 2 57 30
2 2 57 31
7 2 66 31
5 2 62 32
6 2 64 32
2 2 64 32
6 2 61 32
7 2 61 31
4 2 57 33
4 2 59 33
7 2 66 34
1 2 59 32
3 2 58 33
8 2 57 33
8 2 57 50
8 2 57 56
5 2 63 55
2 2 57 59
6 2 62 60
6 2 60 59
1 2 57 62
8 2 63 63
4 2 62 63
3 2 57 62
8 2 57 63
6 2 64 64
1 2 64 64
8 2 57 68
7 2 61 67
3 2 57 70
8 2 72 71
6 2 64 69
3 2 63 68
5 2 57 70
6 2 61 69
8 2 65 71
7 2 64 71
3 2 70 70
8 2 63 70
8 2 59 71
3 2 57 72
1 2 58 70
4 2 57 78
1 2 60 79
7 2 57 90
6 2 56 11
1 2 65 10
4 2 64 10
4 2 62 11
6 2 68 12
5 2 61 10
4 2 56 15
6 2 56 19
4 2 57 18
8 2 59 17
5 2 58 17
1 2 56 18
3 2 57 17
2 2 56 26
8 2 56 27
7 2 60 27
1 2 56 32
5 2 56 37
5 2 56 45
1 2 58 44
2 2 62 43
3 2 56 67
6 2 69 66
2 2 60 67
8 2 58 68
8 2 56 70
7 2 61 70
4 2 56 70
2 2 61 69
6 2 61 70
8 2 60 69
2 2 60 70
6 2 59 70
4 2 65 71
4 2 57 69
1 2 56 78
4 2 56 86
4 2 65 86
4 2 57 85
6 2 67 84
2 2 67 84
6 2 56 88
7 2 56 88
4 2 56 100
3 2 62 99
2 2 63 98
1 2 55 7
3 2 60 8
1 2 59 8
8 2 60 9
4 2 55 6
4 2 59 5
4 2 56 6
6 2 55 23
6 2 59 22
7 2 69 23
2 2 69 23
3 2 59 22
3 2 57 23
3 2 59 23
2 2 55 28
5 2 55 29
3 2 55 29
5 2 60 31
8 2 57 28
6 2 56 28
8 2 55 29
8 2 57 29
6 2 55 32
7 2 55 42
4 2 62 41
8 2 57 44
7 2 55 69
3 2 55 77
2 2 57 76
5 2 55 81
4 2 58 81
8 2 60 82
4 2 55 88
8 2 54 6
2 2 54 9
4 2 57 8
4 2 54 16
1 2 55 16
5 2 56 16
3 2 54 18
7 2 55 17
1 2 57 16
2 2 64 15
7 2 54 26
1 2 54 28
2 2 54 35
2 2 57 36
1 2 55 36
6 2 54 47
6 2 54 53
5 2 60 52
6 2 60 51
4 2 60 53
1 2 64 52
1 2 55 52
5 2 57 53
7 2 55 54
6 2 55 55
1 2 57 56
3 2 54 54
6 2 58 54
5 2 55 53
7 2 55 54
8 2 54 56
2 2 60 57
7 2 59 57
2 2 54 78
2 2 54 81
2 2 55 80
5 2 54 84
2 2 59 85
4 2 57 83
1 2 61 84
2 2 54 88
3 2 54 90
3 2 54 93
2 2 55 94
8 2 62 93
7 2 55 94
6 2 63 93
3 2 63 93
1 2 54 92
1 2 54 96
8 2 61 95
8 2 54 98
1 2 62 97
3 2 63 97
8 2 67 95
7 2 62 98
4 2 62 98
2 2 57 97
4 2 57 98
1 2 59 99
1 2 57 99
2 2 57 98
6 2 54 97
5 2 57 99
8 2 53 10
3 2 58 11
3 2 66 12
5 2 58 12
7 2 57 12
4 2 55 9
6 2 53 9
2 2 58 10
7 2 60 11
3 2 58 10
6 2 55 8
2 2 55 10
8 2 55 11
4 2 55 11
6 2 54 11
6 2 53 13
4 2 53 22
7 2 66 21
2 2 66 21
5 2 65 20
3 2 65 21
7 2 54 21
1 2 53 24
7 2 60 23
5 2 54 23
3 2 53 25
3 2 53 66
2 2 59 65
6 2 66 64
2 2 63 64
6 2 62 63
7 2 62 63
1 2 62 64
6 2 58 65
2 2 60 64
3 2 60 65
7 2 60 65
7 2 58 64
8 2 54 66
5 2 66 66
2 2 60 65
3 2 53 71
6 2 54 70
2 2 64 72
5 2 53 75
5 2 56 74
4 2 63 73
8 2 54 76
2 2 53 80
5 2 56 81
3 2 54 79
8 2 53 87
1 2 57 86
5 2 57 87
8 2 62 86
2 2 53 86
7 2 52 2
2 2 66 1
2 2 65 3
2 2 61 2
4 2 60 2
2 2 60 1
8 2 57 2
6 2 58 2
5 2 52 10
8 2 54 9
5 2 53 9
4 2 53 11
8 2 52 10
8 2 52 16
6 2 52 18
4 2 52 19
2 2 52 29
3 2 52 28
6 2 52 59
2 2 52 67
1 2 59 68
8 2 52 76
6 2 52 84
7 2 52 87
4 2 51 7
7 2 52 6
4 2 51 21
3 2 53 21
2 2 52 21
1 2 51 35
6 2 52 35
5 2 52 35
7 2 52 36
3 2 59 37
1 2 62 38
7 2 51 57
8 2 51 58
6 2 57 57
3 2 51 60
8 2 51 61
5 2 55 62
8 2 57 62
6 2 56 62
1 2 52 61
3 2 52 62
6 2 51 64
4 2 59 65
4 2 56 64
2 2 54 64
5 2 54 65
6 2 51 67
6 2 51 75
3 2 51 75
2 2 54 74
5 2 65 73
5 2 51 77
7 2 51 77
6 2 51 90
1 2 51 95
6 2 51 98
6 2 54 99
6 2 59 99
4 2 53 97
5 2 50 1
5 2 50 8
1 2 51 9
1 2 52 10
6 2 52 11
2 2 51 10
3 2 50 9
4 2 50 16
5 2 50 16
5 2 53 15
3 2 50 17
3 2 50 28
7 2 50 34
1 2 54 33
2 2 52 33
4 2 50 35
2 2 57 36
4 2 57 37
1 2 50 49
8 2 61 48
2 2 53 48
4 2 50 74
3 2 54 73
8 2 51 73
1 2 55 72
7 2 55 73
5 2 50 75
7 2 50 74
6 2 52 73
3 2 56 72
1 2 50 79
8 2 52 81
1 2 52 81
3 2 56 82
1 2 54 82
3 2 51 80
1 2 50 91
5 2 59 91
1 2 58 90
3 2 58 90
3 2 60 89
6 2 50 91
5 2 52 93
5 2 54 92
6 2 53 92
1 2 53 93
8 2 49 12
7 2 49 12
3 2 49 14
2 2 56 13
6 2 49 15
4 2 53 16
8 2 49 37
1 2 49 36
4 2 49 43
8 2 52 42
7 2 63 41
3 2 63 41
8 2 59 41
5 2 59 41
2 2 58 41
8 2 52 44
3 2 62 46
2 2 61 46
1 2 49 55
2 2 52 55
4 2 49 62
5 2 52 63
5 2 49 63
4 2 49 67
2 2 54 68
8 2 50 67
5 2 52 68
1 2 54 69
7 2 49 67
4 2 49 75
8 2 50 75
8 2 51 74
2 2 52 73
7 2 49 76
4 2 48 24
5 2 54 24
8 2 52 24
4 2 58 23
2 2 58 23
5 2 57 23
4 2 56 23
3 2 48 29
4 2 48 32
6 2 52 31
7 2 52 32
8 2 48 59
6 2 51 60
5 2 48 68
7 2 50 70
1 2 57 70
3 2 48 70
5 2 54 71
8 2 54 71
2 2 48 88
4 2 53 86
5 2 48 99
1 2 57 98
2 2 53 98
7 2 50 98
6 2 56 97
8 2 49 98
5 2 50 97
4 2 50 98
7 2 47 3
7 2 50 4
7 2 54 3
1 2 68 4
8 2 68 4
2 2 54 2
8 2 54 4
3 2 53 3
2 2 61 4
5 2 61 4
2 2 51 3
2 2 47 27
4 2 49 28
4 2 48 27
8 2 47 49
7 2 55 50
8 2 55 49
4 2 56 50
7 2 48 48
1 2 57 47
5 2 59 46
8 2 54 46
1 2 50 49
3 2 56 48
2 2 56 48
4 2 55 47
3 2 57 48
5 2 57 49
3 2 51 49
3 2 47 60
5 2 50 61
7 2 50 61
4 2 49 60
2 2 60 59
6 2 47 59
6 2 47 68
4 2 51 68
3 2 47 75
4 2 47 80
4 2 47 85
6 2 54 84
5 2 54 85
8 2 60 84
2 2 50 85
3 2 46 3
8 2 57 4
6 2 58 4
3 2 54 2
8 2 54 3
5 2 53 4
5 2 50 3
6 2 48 4
7 2 52 4
8 2 49 4
3 2 46 12
6 2 46 33
1 2 50 32
2 2 46 32
1 2 48 34
3 2 46 53
2 2 46 52
2 2 54 54
5 2 53 54
7 2 46 54
2 2 47 53
2 2 51 53
8 2 54 52
7 2 46 61
5 2 46 66
2 2 48 66
6 2 48 65
8 2 47 66
7 2 47 65
8 2 46 70
3 2 49 70
1 2 47 70
5 2 46 81
3 2 46 90
8 2 53 89
8 2 46 96
8 2 49 95
5 2 49 94
3 2 46 96
3 2 46 100
2 2 45 6
7 2 45 8
3 2 45 9
7 2 49 8
7 2 45 14
3 2 51 15
5 2 45 14
5 2 52 13
3 2 52 13
4 2 49 14
2 2 49 14
3 2 51 14
6 2 45 27
4 2 51 26
3 2 56 25
7 2 45 29
2 2 45 30
6 2 46 29
7 2 48 29
1 2 45 29
8 2 45 28
5 2 46 27
3 2 45 45
3 2 52 46
5 2 54 47
7 2 50 46
3 2 48 46
8 2 45 57
2 2 45 66
3 2 46 67
2 2 47 68
7 2 47 69
5 2 45 70
2 2 45 75
7 2 45 81
4 2 45 86
8 2 45 93
7 2 54 92
8 2 48 93
3 2 52 92
3 2 46 93
7 2 46 93
8 2 55 93
6 2 55 94
5 2 44 8
2 2 44 15
4 2 44 15
6 2 51 16
1 2 47 14
8 2 44 14
8 2 45 15
1 2 47 16
7 2 47 17
8 2 44 37
6 2 45 37
7 2 51 36
5 2 46 36
2 2 45 36
8 2 45 37
5 2 44 42
6 2 44 46
8 2 44 54
8 2 44 76
2 2 44 77
8 2 44 79
7 2 51 77
7 2 50 79
8 2 49 79
8 2 46 78
4 2 43 18
3 2 46 19
4 2 45 17
5 2 45 18
6 2 46 19
3 2 43 28
7 2 45 27
1 2 43 29
6 2 43 29
3 2 43 38
5 2 58 38
2 2 60 40
2 2 58 38
1 2 58 39
6 2 53 38
7 2 60 39
1 2 47 39
3 2 54 40
5 2 54 41
1 2 45 38
7 2 46 39
8 2 45 39
2 2 52 40
1 2 52 40
7 2 43 41
8 2 43 40
6 2 43 42
8 2 48 43
4 2 48 43
8 2 45 43
5 2 49 42
5 2 43 45
1 2 46 44
3 2 50 43
5 2 53 44
1 2 46 46
8 2 48 46
6 2 43 50
6 2 47 49
8 2 49 50
7 2 49 51
5 2 44 49
8 2 44 49
2 2 47 50
2 2 43 71
4 2 48 72
2 2 47 72
3 2 43 75
7 2 43 78
3 2 44 79
6 2 47 78
1 2 46 77
4 2 43 79
7 2 45 78
2 2 48 77
2 2 43 100
5 2 42 9
7 2 42 10
1 2 42 26
5 2 55 25
2 2 48 25
8 2 52 24
8 2 48 24
5 2 42 28
4 2 42 32
5 2 42 43
6 2 52 43
6 2 43 43
8 2 43 43
2 2 42 43
2 2 49 43
4 2 49 44
5 2 47 42
6 2 42 49
6 2 45 48
7 2 45 49
2 2 43 49
4 2 45 51
4 2 44 50
3 2 43 50
3 2 42 61
6 2 42 66
1 2 44 65
3 2 42 80
3 2 42 87
5 2 42 86
8 2 45 85
7 2 42 86
7 2 46 86
6 2 42 91
4 2 50 92
4 2 47 90
8 2 45 92
3 2 43 93
2 2 44 92
8 2 48 91
6 2 45 91
1 2 45 93
1 2 48 95
7 2 57 95
7 2 47 95
4 2 47 94
5 2 52 95
4 2 43 93
7 2 43 92
3 2 43 92
6 2 43 94
3 2 55 95
2 2 55 96
1 2 42 91
1 2 42 95
7 2 51 96
8 2 42 96
5 2 42 97
8 2 47 97
2 2 41 8
2 2 41 16
6 2 43 15
5 2 41 32
8 2 41 37
6 2 42 36
6 2 41 40
2 2 45 40
5 2 42 40
2 2 41 40
4 2 42 41
7 2 41 64
5 2 41 84
8 2 54 83
6 2 42 85
2 2 47 84
5 2 41 99
6 2 43 99
6 2 47 98
8 2 44 99
6 2 41 100
4 2 40 4
4 2 49 3
3 2 43 5
2 2 50 4
4 2 40 20
8 2 54 21
1 2 54 22
8 2 52 22
7 2 51 22
8 2 50 21
7 2 46 21
4 2 50 20
2 2 50 21
1 2 42 21
3 2 47 22
7 2 46 22
4 2 44 20
5 2 49 19
8 2 46 19
2 2 48 20
1 2 46 20
2 2 42 22
6 2 50 22
6 2 47 23
3 2 42 22
8 2 40 28
5 2 40 44
7 2 44 45
1 2 43 45
1 2 40 56
5 2 47 55
6 2 46 54
1 2 51 55
7 2 50 55
6 2 40 61
2 2 50 63
7 2 50 63
1 2 50 63
6 2 46 62
2 2 40 64
5 2 42 63
6 2 42 64
4 2 40 63
5 2 41 64
2 2 42 63
2 2 40 62
6 2 40 80
1 2 40 80
2 2 40 82
6 2 53 83
6 2 51 82
4 2 49 82
3 2 40 88
4 2 50 88
1 2 40 94
3 2 41 95
6 2 40 96
7 2 42 97
1 2 40 99
4 2 39 9
2 2 41 8
5 2 46 7
2 2 46 8
3 2 39 8
4 2 40 7
8 2 54 6
6 2 39 21
6 2 39 33
6 2 49 34
5 2 41 34
8 2 45 34
1 2 40 32
6 2 39 39
7 2 44 38
1 2 39 43
8 2 41 42
4 2 39 43
6 2 39 44
1 2 41 44
3 2 41 44
1 2 43 43
8 2 39 45
5 2 43 45
5 2 39 50
2 2 41 50
6 2 56 51
3 2 49 51
2 2 39 54
8 2 50 53
4 2 40 55
6 2 42 54
1 2 42 53
5 2 42 54
6 2 40 55
5 2 39 58
2 2 41 57
3 2 46 57
7 2 39 77
5 2 41 78
5 2 44 77
1 2 43 77
4 2 39 78
6 2 39 93
1 2 44 94
8 2 42 91
2 2 50 90
7 2 38 5
1 2 39 4
8 2 42 3
6 2 47 2
5 2 38 8
7 2 38 8
7 2 38 19
2 2 44 19
6 2 40 18
5 2 38 24
2 2 44 23
6 2 38 26
3 2 38 46
7 2 40 47
6 2 38 48
7 2 38 53
7 2 44 52
7 2 42 53
7 2 39 54
8 2 46 55
4 2 41 55
3 2 40 55
7 2 44 56
1 2 52 57
5 2 52 58
5 2 40 56
3 2 38 54
7 2 38 58
8 2 38 68
1 2 38 72
7 2 51 73
7 2 53 74
4 2 50 71
1 2 50 73
4 2 41 71
7 2 41 71
1 2 44 71
1 2 45 70
7 2 45 71
6 2 38 75
3 2 41 74
5 2 44 74
5 2 43 73
6 2 43 74
5 2 41 74
1 2 41 75
7 2 41 74
3 2 43 74
1 2 41 73
7 2 47 72
4 2 42 72
6 2 41 75
3 2 39 75
4 2 41 74
3 2 38 80
1 2 40 79
3 2 40 80
5 2 40 79
2 2 38 79
3 2 38 85
7 2 52 84
1 2 38 84
2 2 51 83
3 2 51 84
7 2 47 83
7 2 49 82
8 2 47 82
5 2 46 83
7 2 43 83
6 2 38 83
6 2 39 82
7 2 39 83
1 2 39 83
1 2 42 82
5 2 38 87
1 2 40 87
2 2 38 90
1 2 44 89
4 2 40 90
5 2 46 89
7 2 38 89
1 2 38 91
4 2 41 91
5 2 37 5
5 2 38 5
4 2 42 6
3 2 40 4
1 2 46 3
4 2 37 4
3 2 49 5
4 2 47 5
2 2 37 12
2 2 48 11
7 2 42 12
3 2 39 12
2 2 45 13
1 2 39 11
6 2 40 11
8 2 37 13
1 2 40 12
2 2 37 19
8 2 37 60
3 2 41 60
1 2 37 64
6 2 42 65
7 2 38 64
6 2 39 63
2 2 37 75
5 2 37 81
7 2 37 80
3 2 37 88
7 2 44 89
6 2 37 87
4 2 37 88
4 2 41 88
2 2 38 88
3 2 37 95
7 2 41 94
7 2 36 3
8 2 37 2
2 2 47 2
6 2 39 1
3 2 36 5
1 2 40 6
1 2 36 19
3 2 43 20
6 2 43 21
3 2 37 20
2 2 36 31
3 2 36 33
7 2 37 34
8 2 37 33
1 2 39 34
7 2 43 33
2 2 36 34
5 2 43 36
1 2 42 33
8 2 42 33
1 2 42 36
4 2 41 36
6 2 36 42
8 2 37 42
8 2 36 47
8 2 36 62
6 2 36 62
2 2 36 65
7 2 36 88
6 2 35 16
5 2 37 17
8 2 35 21
1 2 42 22
2 2 44 23
3 2 35 22
6 2 35 31
1 2 35 32
4 2 41 31
4 2 35 31
5 2 42 30
8 2 42 30
3 2 41 30
5 2 35 42
6 2 35 44
3 2 35 49
8 2 40 50
6 2 35 67
2 2 35 74
2 2 39 74
4 2 35 96
1 2 34 1
8 2 34 6
1 2 34 6
8 2 34 19
2 2 34 28
5 2 38 29
1 2 39 28
4 2 34 27
6 2 45 26
1 2 34 42
4 2 46 41
2 2 35 41
8 2 39 40
2 2 34 46
7 2 34 46
5 2 41 47
3 2 41 48
8 2 34 47
7 2 39 47
1 2 39 48
2 2 34 49
8 2 34 51
5 2 41 51
5 2 34 51
7 2 37 50
2 2 45 51
5 2 38 49
3 2 34 59
7 2 45 58
6 2 41 58
1 2 35 60
1 2 38 59
8 2 38 60
5 2 34 61
8 2 34 64
1 2 36 65
3 2 35 64
7 2 34 72
3 2 36 71
2 2 40 73
4 2 34 71
8 2 35 72
8 2 34 85
1 2 35 86
6 2 38 86
4 2 34 93
6 2 33 8
8 2 38 7
1 2 33 12
8 2 45 13
2 2 39 10
6 2 33 26
7 2 44 25
3 2 44 25
1 2 48 24
4 2 33 30
8 2 36 31
1 2 33 33
7 2 33 53
1 2 37 54
5 2 35 55
2 2 33 57
8 2 33 62
6 2 33 64
4 2 37 65
2 2 37 65
2 2 33 83
4 2 39 83
6 2 36 84
8 2 37 84
1 2 37 83
6 2 38 84
3 2 37 84
5 2 37 85
2 2 46 85
3 2 43 85
1 2 43 85
4 2 42 85
3 2 37 85
4 2 34 83
3 2 33 89
8 2 37 89
6 2 36 88
8 2 34 88
1 2 34 89
6 2 33 91
7 2 33 92
1 2 33 94
6 2 38 93
5 2 34 93
3 2 34 93
2 2 32 5
2 2 36 4
1 2 32 14
6 2 32 22
8 2 39 23
8 2 34 22
3 2 34 22
5 2 32 46
2 2 40 45
5 2 32 69
4 2 40 70
2 2 35 70
8 2 32 70
3 2 40 69
5 2 43 68
4 2 43 67
3 2 33 68
2 2 41 67
2 2 33 67
1 2 40 68
4 2 37 68
2 2 40 70
8 2 37 69
2 2 37 68
5 2 35 66
7 2 35 68
2 2 34 66
3 2 33 67
5 2 33 67
3 2 34 68
4 2 34 68
7 2 33 68
8 2 35 69
6 2 32 80
2 2 32 98
7 2 40 97
4 2 32 100
2 2 44 99
4 2 35 99
3 2 37 98
8 2 46 99
3 2 31 10
3 2 37 9
5 2 41 11
5 2 34 9
6 2 31 38
2 2 40 37
1 2 35 39
3 2 34 39
4 2 34 39
7 2 37 40
7 2 32 37
3 2 32 38
1 2 34 37
5 2 37 37
6 2 37 38
8 2 31 39
6 2 34 40
1 2 34 40
8 2 33 40
5 2 32 40
4 2 31 45
4 2 35 45
6 2 37 44
3 2 31 46
1 2 31 67
5 2 31 100
5 2 33 100
1 2 30 1
1 2 30 10
7 2 30 13
1 2 30 27
5 2 41 26
5 2 36 26
3 2 38 25
6 2 43 24
6 2 38 25
7 2 40 24
4 2 35 26
6 2 30 40
7 2 30 41
6 2 31 42
3 2 30 43
2 2 34 44
8 2 33 44
1 2 32 44
7 2 33 45
1 2 30 42
3 2 31 43
8 2 30 62
4 2 31 61
1 2 32 60
5 2 32 60
1 2 36 59
6 2 32 59
4 2 41 57
7 2 32 58
3 2 33 59
1 2 42 57
6 2 42 57
2 2 42 58
2 2 32 60
4 2 32 62
5 2 33 63
5 2 30 70
2 2 36 72
3 2 31 69
6 2 31 70
8 2 30 97
6 2 40 99
6 2 37 98
5 2 38 99
2 2 32 96
4 2 38 95
8 2 29 3
6 2 33 4
3 2 30 2
4 2 35 1
4 2 33 1
2 2 34 2
8 2 30 1
7 2 34 2
1 2 34 2
6 2 30 1
7 2 30 1
5 2 30 1
6 2 30 3
8 2 29 14
4 2 38 16
8 2 29 22
8 2 29 33
1 2 36 35
8 2 36 35
5 2 39 33
4 2 39 34
3 2 29 34
6 2 29 34
3 2 30 34
5 2 38 36
2 2 31 35
8 2 31 36
4 2 31 37
3 2 31 36
2 2 29 36
5 2 29 45
5 2 30 44
4 2 30 43
1 2 29 56
6 2 31 57
2 2 39 56
5 2 39 56
1 2 37 56
7 2 37 57
4 2 36 56
6 2 30 56
6 2 29 64
5 2 30 65
2 2 29 71
5 2 34 72
2 2 29 74
4 2 29 78
3 2 38 78
3 2 35 78
6 2 39 79
6 2 30 79
1 2 29 80
2 2 30 79
7 2 40 80
5 2 29 93
5 2 38 92
2 2 33 94
6 2 29 95
1 2 32 97
3 2 40 96
5 2 40 96
4 2 29 95
1 2 30 95
5 2 33 96
4 2 33 96
4 2 29 97
3 2 33 98
4 2 29 100
4 2 28 8
3 2 28 49
3 2 36 48
6 2 34 51
1 2 35 50
6 2 28 57
1 2 32 55
7 2 28 59
1 2 28 61
3 2 29 61
8 2 28 74
1 2 30 73
1 2 28 76
6 2 28 79
8 2 31 78
5 2 28 80
6 2 28 84
6 2 33 82
5 2 33 82
6 2 32 84
1 2 31 84
2 2 32 84
8 2 31 83
7 2 30 83
2 2 32 83
2 2 28 85
7 2 34 86
5 2 28 98
2 2 27 5
8 2 31 4
4 2 27 10
7 2 32 11
1 2 27 10
4 2 27 17
2 2 41 17
2 2 38 18
3 2 38 18
8 2 38 19
1 2 37 16
1 2 41 15
3 2 38 15
7 2 37 17
8 2 41 16
7 2 27 38
7 2 33 39
6 2 33 40
4 2 27 39
3 2 34 38
1 2 27 40
8 2 29 40
3 2 29 41
7 2 27 43
8 2 29 45
6 2 37 46
4 2 31 46
8 2 32 47
6 2 31 46
6 2 27 48
5 2 27 63
5 2 29 63
3 2 27 79
1 2 32 78
7 2 31 77
3 2 34 76
4 2 27 84
8 2 27 89
8 2 27 94
4 2 33 93
6 2 39 92
2 2 38 92
4 2 31 93
5 2 30 95
7 2 29 95
8 2 27 98
3 2 26 13
1 2 29 12
5 2 26 14
1 2 26 16
2 2 35 17
8 2 35 17
4 2 34 15
3 2 26 17
8 2 26 26
5 2 32 25
6 2 34 25
2 2 41 24
6 2 35 24
4 2 37 23
5 2 26 43
8 2 26 72
3 2 29 73
7 2 29 72
3 2 27 73
2 2 30 72
1 2 26 81
2 2 27 83
3 2 26 94
5 2 30 93
4 2 36 92
7 2 36 92
8 2 31 93
7 2 26 96
2 2 30 96
5 2 30 96
3 2 26 98
7 2 26 99
6 2 26 100
8 2 25 8
7 2 31 7
8 2 26 7
3 2 32 6
3 2 32 8
4 2 25 11
3 2 25 11
6 2 26 11
1 2 33 10
4 2 32 10
2 2 25 12
3 2 25 14
1 2 26 15
2 2 28 14
6 2 27 14
4 2 28 15
2 2 28 14
5 2 28 13
2 2 25 22
7 2 30 23
2 2 36 24
4 2 31 22
1 2 32 23
4 2 35 25
4 2 33 23
7 2 33 24
8 2 30 22
6 2 25 30
6 2 36 29
2 2 31 29
1 2 35 28
5 2 26 31
1 2 28 32
5 2 25 36
2 2 25 64
6 2 25 69
7 2 25 70
7 2 31 70
6 2 27 70
8 2 29 71
2 2 27 69
6 2 25 78
7 2 25 77
8 2 31 78
3 2 25 86
8 2 40 86
1 2 25 87
5 2 24 20
3 2 27 19
4 2 24 22
4 2 27 23
3 2 25 21
7 2 24 24
1 2 25 24
1 2 28 24
4 2 36 25
6 2 28 25
6 2 24 23
1 2 28 24
1 2 24 39
1 2 30 38
8 2 30 38
1 2 24 44
4 2 25 42
2 2 24 47
5 2 24 52
1 2 39 51
4 2 41 52
8 2 33 52
4 2 32 51
6 2 34 51
7 2 24 60
2 2 27 59
1 2 28 58
4 2 25 59
5 2 27 58
3 2 28 58
6 2 27 59
4 2 24 66
5 2 24 71
7 2 24 73
3 2 28 72
2 2 26 74
2 2 24 84
8 2 25 83
6 2 27 82
1 2 27 83
5 2 26 83
6 2 25 84
2 2 24 87
4 2 30 88
6 2 38 87
5 2 31 87
8 2 24 89
4 2 32 90
1 2 23 4
1 2 29 4
2 2 29 5
1 2 23 15
7 2 23 21
1 2 27 20
7 2 26 21
2 2 33 20
6 2 23 30
5 2 30 29
8 2 30 29
7 2 32 28
3 2 34 27
6 2 34 27
2 2 28 29
1 2 31 30
7 2 34 30
5 2 34 30
1 2 34 31
6 2 26 29
1 2 28 28
1 2 25 29
2 2 25 32
2 2 33 31
5 2 23 35
8 2 29 33
8 2 27 35
7 2 26 35
8 2 23 42
7 2 23 42
6 2 23 47
1 2 26 49
7 2 23 56
5 2 31 55
8 2 29 55
3 2 26 55
5 2 25 55
8 2 25 57
8 2 27 58
7 2 24 57
4 2 23 57
1 2 23 74
1 2 26 75
6 2 24 75
5 2 28 75
2 2 22 1
8 2 26 2
8 2 25 1
8 2 22 11
7 2 24 12
3 2 23 12
8 2 22 30
4 2 25 29
6 2 25 29
2 2 22 34
5 2 22 37
1 2 26 37
7 2 27 38
2 2 27 39
4 2 27 38
4 2 25 36
6 2 22 40
1 2 22 41
8 2 26 40
6 2 23 40
7 2 22 47
7 2 25 48
8 2 24 49
5 2 30 50
7 2 29 48
6 2 29 50
8 2 22 53
5 2 33 54
6 2 33 54
4 2 22 54
8 2 37 53
2 2 32 53
5 2 22 67
3 2 28 66
6 2 24 66
6 2 22 67
8 2 22 67
3 2 22 67
8 2 22 88
4 2 22 94
7 2 21 6
3 2 29 7
4 2 26 5
1 2 26 6
3 2 22 7
8 2 28 8
4 2 21 8
5 2 25 9
5 2 21 12
6 2 23 13
7 2 21 31
3 2 22 30
5 2 21 41
6 2 21 51
2 2 21 54
2 2 23 53
7 2 23 54
3 2 21 65
8 2 23 65
1 2 21 75
2 2 25 75
8 2 24 75
2 2 34 76
2 2 30 76
8 2 21 77
1 2 23 77
5 2 23 76
3 2 22 77
1 2 21 78
2 2 25 79
8 2 21 86
7 2 20 1
5 2 21 2
3 2 20 8
4 2 27 7
1 2 20 14
1 2 24 13
3 2 25 14
6 2 31 13
2 2 25 14
4 2 20 14
4 2 25 13
8 2 20 19
4 2 31 18
3 2 31 19
8 2 30 18
5 2 30 17
3 2 20 19
8 2 26 18
7 2 26 17
7 2 27 18
6 2 23 17
4 2 26 18
1 2 23 17
6 2 21 19
2 2 23 19
2 2 26 21
6 2 26 21
1 2 26 21
6 2 22 19
8 2 20 24
1 2 20 33
7 2 21 35
6 2 23 36
7 2 20 38
8 2 24 38
2 2 25 37
7 2 20 41
8 2 20 42
7 2 22 41
3 2 23 40
3 2 20 43
6 2 21 43
2 2 24 44
1 2 20 54
5 2 20 98
3 2 19 4
1 2 19 23
5 2 19 27
5 2 32 27
2 2 26 27
3 2 23 27
4 2 29 27
4 2 30 26
6 2 19 53
4 2 32 52
5 2 32 52
8 2 24 54
6 2 19 56
7 2 19 64
5 2 19 65
7 2 25 64
3 2 26 64
2 2 26 64
8 2 25 63
1 2 25 62
8 2 19 66
5 2 19 74
6 2 19 79
5 2 19 86
7 2 35 85
2 2 19 90
4 2 32 89
5 2 28 90
5 2 25 90
6 2 35 90
8 2 27 89
5 2 34 90
6 2 27 88
4 2 24 90
5 2 23 91
7 2 26 92
7 2 24 90
5 2 22 90
1 2 18 4
5 2 18 7
4 2 18 11
2 2 21 12
5 2 18 12
3 2 19 12
7 2 19 13
8 2 18 12
8 2 18 16
2 2 18 24
2 2 21 23
5 2 25 23
6 2 20 25
8 2 28 26
1 2 18 32
8 2 21 33
6 2 18 60
6 2 23 60
2 2 18 59
2 2 19 60
6 2 23 61
7 2 23 60
4 2 23 62
4 2 18 70
1 2 25 70
3 2 21 69
1 2 21 70
5 2 22 69
5 2 23 70
2 2 24 71
8 2 20 70
2 2 26 69
1 2 18 75
1 2 21 74
7 2 21 76
8 2 18 74
8 2 18 79
6 2 19 80
7 2 18 79
3 2 24 80
2 2 18 99
6 2 19 98
7 2 17 1
3 2 27 1
4 2 17 5
5 2 25 4
3 2 25 3
4 2 25 3
4 2 18 5
3 2 17 32
2 2 17 35
8 2 17 45
8 2 24 44
8 2 21 44
3 2 31 45
1 2 20 44
1 2 20 46
1 2 23 47
1 2 24 47
5 2 27 49
4 2 19 43
3 2 17 54
6 2 17 59
3 2 17 60
3 2 16 2
7 2 16 6
6 2 16 9
6 2 25 8
4 2 16 14
1 2 16 19
1 2 18 19
2 2 16 23
6 2 16 26
6 2 22 27
1 2 23 28
6 2 20 27
8 2 21 28
4 2 20 28
7 2 20 28
5 2 16 29
8 2 16 31
3 2 16 40
1 2 16 44
1 2 17 45
1 2 16 51
6 2 16 50
6 2 29 49
8 2 29 49
4 2 20 48
6 2 18 49
3 2 23 50
4 2 16 50
7 2 16 54
4 2 16 54
7 2 17 55
8 2 16 60
1 2 16 66
4 2 18 65
4 2 24 64
2 2 20 64
3 2 16 67
7 2 17 66
1 2 21 67
8 2 25 69
8 2 24 68
8 2 21 68
5 2 16 70
5 2 16 77
7 2 18 76
6 2 16 90
8 2 29 91
2 2 26 89
1 2 26 90
2 2 29 92
4 2 26 92
4 2 16 93
5 2 16 97
7 2 17 98
1 2 15 13
8 2 15 21
4 2 25 22
4 2 18 21
1 2 15 28
3 2 19 28
5 2 18 28
6 2 15 35
7 2 18 36
5 2 25 38
5 2 16 35
3 2 19 37
7 2 22 38
5 2 15 40
8 2 15 42
2 2 16 42
6 2 15 44
1 2 26 46
7 2 25 46
4 2 15 43
3 2 15 44
7 2 17 45
2 2 15 51
7 2 33 51
8 2 15 53
2 2 22 54
8 2 15 72
3 2 15 72
1 2 19 73
7 2 15 97
3 2 23 96
3 2 15 97
7 2 14 1
3 2 20 1
5 2 14 2
4 2 18 2
2 2 23 3
7 2 17 2
7 2 14 5
6 2 25 4
6 2 14 13
5 2 14 13
7 2 14 12
1 2 14 17
8 2 21 16
6 2 20 16
3 2 21 17
1 2 18 18
4 2 19 17
8 2 16 18
6 2 16 18
5 2 18 17
2 2 18 17
3 2 18 18
1 2 15 16
2 2 14 18
1 2 14 24
2 2 14 48
4 2 14 69
6 2 18 68
8 2 22 67
5 2 21 67
1 2 14 75
6 2 19 74
4 2 18 76
3 2 14 85
2 2 19 84
4 2 15 84
1 2 20 85
1 2 29 86
5 2 20 84
8 2 19 83
7 2 29 82
6 2 20 83
4 2 27 83
7 2 20 82
6 2 19 85
5 2 18 83
4 2 18 84
7 2 15 84
2 2 14 100
4 2 15 100
8 2 13 2
6 2 13 2
2 2 13 13
5 2 13 15
8 2 13 15
7 2 22 14
7 2 20 15
6 2 13 25
3 2 16 25
7 2 14 25
4 2 21 24
7 2 19 26
5 2 15 25
1 2 17 25
4 2 17 26
8 2 13 39
1 2 15 39
3 2 14 39
6 2 13 67
3 2 13 69
6 2 13 75
4 2 19 74
6 2 14 76
4 2 20 77
7 2 15 77
5 2 13 85
3 2 20 85
1 2 13 84
8 2 13 85
2 2 17 85
2 2 20 86
7 2 13 91
6 2 22 92
3 2 14 91
1 2 13 90
7 2 16 89
3 2 23 88
1 2 18 89
6 2 17 90
5 2 17 91
6 2 13 91
2 2 20 92
3 2 17 90
1 2 16 90
3 2 19 89
6 2 23 88
3 2 14 90
2 2 12 3
1 2 13 4
8 2 12 11
1 2 12 10
6 2 23 9
3 2 21 9
2 2 12 12
3 2 12 16
4 2 12 16
5 2 12 34
1 2 12 36
2 2 12 52
8 2 12 57
6 2 23 58
5 2 17 55
3 2 24 56
7 2 17 56
8 2 20 57
5 2 16 57
1 2 20 57
6 2 21 56
5 2 13 56
7 2 12 60
6 2 12 64
5 2 12 70
1 2 13 70
2 2 13 71
8 2 12 79
7 2 12 86
7 2 25 87
5 2 12 90
1 2 11 3
2 2 11 8
8 2 14 7
4 2 11 10
2 2 11 10
6 2 11 16
6 2 12 15
2 2 14 15
3 2 12 16
7 2 12 17
7 2 11 16
6 2 11 18
3 2 11 39
4 2 17 38
7 2 14 40
1 2 11 40
4 2 11 39
2 2 11 41
3 2 11 52
7 2 11 66
6 2 18 65
5 2 11 69
7 2 12 69
2 2 11 72
1 2 11 73
7 2 11 78
3 2 11 86
4 2 22 87
2 2 24 88
1 2 17 87
1 2 21 87
1 2 14 86
4 2 11 89
1 2 13 88
1 2 11 99
4 2 15 98
1 2 17 99
6 2 11 100
4 2 10 3
4 2 23 3
6 2 23 3
6 2 11 3
7 2 10 10
7 2 18 9
7 2 15 10
7 2 23 10
1 2 19 10
1 2 10 11
7 2 10 19
3 2 16 20
1 2 17 21
5 2 16 20
4 2 16 20
7 2 13 20
2 2 10 19
6 2 10 22
7 2 10 23
3 2 10 23
8 2 10 22
3 2 19 23
3 2 12 23
8 2 13 22
4 2 10 51
4 2 10 78
1 2 16 80
4 2 14 77
6 2 10 78
1 2 10 79
3 2 16 80
2 2 36 80
3 2 28 80
4 2 10 83
8 2 10 95
3 2 15 94
7 2 23 93
1 2 20 95
3 2 23 96
7 2 20 96
2 2 21 96
4 2 9 1
8 2 9 7
3 2 15 6
8 2 15 7
5 2 14 6
2 2 14 5
6 2 13 6
2 2 16 7
6 2 14 7
2 2 12 8
8 2 14 9
8 2 11 6
2 2 11 5
6 2 9 29
4 2 14 30
7 2 14 31
4 2 12 28
2 2 16 27
1 2 10 29
2 2 13 30
5 2 10 30
3 2 9 28
8 2 11 27
3 2 15 27
5 2 10 27
3 2 9 31
2 2 20 30
1 2 18 31
8 2 18 30
5 2 9 34
1 2 11 33
1 2 9 39
5 2 10 39
2 2 9 45
4 2 9 60
6 2 21 59
3 2 21 60
5 2 17 58
1 2 20 59
7 2 20 59
2 2 17 60
3 2 18 61
4 2 13 59
3 2 16 58
6 2 16 57
5 2 14 60
1 2 12 59
1 2 14 58
4 2 9 68
7 2 17 67
1 2 16 67
1 2 14 68
2 2 14 67
2 2 9 69
7 2 9 75
7 2 9 88
8 2 12 87
8 2 10 88
1 2 9 100
2 2 11 99
4 2 8 12
6 2 8 12
5 2 8 23
4 2 8 45
1 2 25 45
5 2 8 47
5 2 16 48
6 2 21 47
4 2 18 47
6 2 13 48
8 2 15 47
2 2 10 46
3 2 13 45
6 2 13 45
6 2 8 48
1 2 15 50
4 2 14 50
1 2 13 49
5 2 8 58
3 2 14 57
7 2 20 56
6 2 20 57
6 2 12 57
4 2 14 56
4 2 11 57
3 2 8 77
5 2 8 78
7 2 9 77
2 2 12 76
7 2 16 75
1 2 12 77
7 2 8 95
5 2 19 94
8 2 23 96
1 2 13 95
1 2 16 96
2 2 17 94
7 2 19 93
7 2 10 95
6 2 15 97
7 2 25 97
2 2 14 95
5 2 9 95
6 2 10 96
3 2 8 96
4 2 8 97
4 2 7 6
7 2 7 10
3 2 7 14
4 2 7 34
8 2 22 33
6 2 21 33
6 2 7 42
3 2 12 43
6 2 12 42
5 2 11 42
3 2 10 42
7 2 10 43
5 2 11 44
8 2 11 44
8 2 7 42
7 2 7 42
5 2 7 65
8 2 7 64
8 2 19 63
1 2 15 63
5 2 20 62
6 2 15 63
2 2 8 63
1 2 23 62
3 2 23 63
3 2 14 64
7 2 7 65
2 2 9 64
5 2 7 69
6 2 10 70
1 2 12 71
6 2 7 75
8 2 7 74
6 2 8 75
6 2 7 74
2 2 7 77
6 2 7 82
3 2 21 81
5 2 30 80
1 2 21 81
3 2 14 81
6 2 15 80
2 2 19 81
7 2 15 80
4 2 17 80
8 2 19 81
5 2 16 80
5 2 8 81
5 2 11 80
7 2 9 80
1 2 8 80
8 2 8 79
2 2 7 83
8 2 7 82
1 2 7 83
8 2 11 82
8 2 7 90
7 2 7 100
4 2 10 99
2 2 14 98
1 2 6 4
1 2 7 3
2 2 8 2
3 2 6 10
7 2 8 10
6 2 6 11
1 2 6 27
7 2 7 28
8 2 7 29
4 2 6 39
8 2 10 38
6 2 17 37
2 2 6 48
7 2 6 56
4 2 10 55
1 2 6 66
5 2 13 67
4 2 6 66
1 2 7 67
6 2 6 77
8 2 19 76
5 2 16 76
3 2 6 83
8 2 7 83
6 2 6 90
2 2 5 11
5 2 5 12
6 2 5 16
3 2 10 15
1 2 10 14
4 2 17 13
2 2 7 15
2 2 5 23
5 2 12 22
6 2 6 23
1 2 9 24
4 2 5 24
8 2 5 30
8 2 8 30
7 2 7 29
1 2 8 30
6 2 15 31
3 2 8 30
5 2 7 29
6 2 7 29
2 2 6 29
6 2 5 30
7 2 7 31
8 2 9 32
5 2 21 32
3 2 21 32
8 2 10 32
1 2 19 33
2 2 25 34
4 2 25 34
4 2 9 33
4 2 19 34
6 2 6 31
4 2 5 33
7 2 5 35
8 2 12 35
2 2 5 36
5 2 20 37
6 2 7 36
4 2 9 38
2 2 17 37
1 2 6 36
6 2 5 36
6 2 16 35
8 2 5 37
8 2 11 36
1 2 6 36
1 2 12 37
1 2 7 35
2 2 5 40
2 2 5 52
1 2 9 53
5 2 6 51
4 2 6 51
6 2 8 51
7 2 18 52
2 2 13 52
8 2 5 52
1 2 5 54
1 2 5 59
8 2 7 58
5 2 7 59
1 2 7 60
8 2 11 60
6 2 17 61
8 2 9 60
2 2 5 66
4 2 5 73
1 2 12 74
4 2 8 72
1 2 8 71
3 2 11 71
2 2 10 70
3 2 5 73
5 2 5 72
7 2 5 75
7 2 14 76
3 2 14 77
4 2 13 77
7 2 5 83
7 2 5 89
5 2 5 95
6 2 8 95
3 2 8 94
3 2 23 93
6 2 16 93
6 2 11 93
3 2 6 94
8 2 19 93
5 2 10 93
7 2 14 92
4 2 6 94
7 2 5 98
6 2 5 97
3 2 8 98
8 2 10 98
3 2 10 98
2 2 10 99
5 2 8 99
4 2 4 6
4 2 11 7
5 2 11 8
5 2 4 21
8 2 14 21
1 2 9 20
7 2 4 29
6 2 4 34
5 2 4 35
4 2 5 36
7 2 4 37
8 2 4 44
1 2 8 44
7 2 5 43
3 2 4 58
8 2 4 72
6 2 6 72
8 2 4 80
2 2 4 83
5 2 4 90
4 2 5 91
5 2 4 94
1 2 4 97
2 2 13 96
4 2 4 98
5 2 3 26
1 2 11 25
1 2 8 27
7 2 6 27
8 2 3 31
5 2 3 34
7 2 14 34
2 2 5 33
3 2 5 34
7 2 3 36
6 2 4 37
3 2 4 38
2 2 3 35
8 2 3 35
8 2 3 37
6 2 3 50
7 2 12 49
7 2 10 50
7 2 7 52
3 2 3 52
4 2 7 53
8 2 3 58
4 2 6 60
1 2 5 58
6 2 6 59
6 2 4 58
2 2 3 59
3 2 3 62
8 2 10 62
6 2 8 62
7 2 8 61
6 2 8 61
5 2 7 61
1 2 3 66
4 2 8 67
8 2 7 67
7 2 7 68
3 2 3 69
4 2 3 78
1 2 3 78
3 2 3 88
3 2 6 87
6 2 2 17
5 2 4 19
7 2 10 18
4 2 9 18
3 2 2 25
8 2 5 25
1 2 8 25
5 2 3 24
1 2 22 25
1 2 3 24
6 2 8 23
4 2 2 25
6 2 11 25
2 2 2 37
6 2 2 44
8 2 2 57
4 2 2 57
8 2 2 65
1 2 14 64
7 2 8 64
5 2 2 65
6 2 6 64
7 2 2 83
8 2 9 84
1 2 2 83
4 2 4 83
1 2 2 94
2 2 17 93
2 2 3 93
1 2 6 94
6 2 2 94
8 2 2 94
6 2 1 24
8 2 2 23
3 2 2 23
1 2 4 22
5 2 7 22
7 2 2 25
8 2 2 26
3 2 1 33
2 2 1 35
2 2 1 41
2 2 2 40
7 2 3 39
5 2 3 41
7 2 1 48
6 2 6 47
8 2 11 46
3 2 1 47
8 2 7 46
6 2 1 54
4 2 2 53
2 2 2 54
7 2 1 64
2 2 1 77
4 2 1 91
6 2 1 99
1 2 4 98
7 2 7 97
8 2 4 98
3 3 44 1
8 3 35 61
3 3 32 5
4 3 32 14
1 3 30 20
3 3 30 47
5 3 30 89
6 3 29 5
5 3 29 6
4 3 27 47
6 3 27 61
2 3 27 82
6 2 25 82
6 3 27 89
4 3 26 42
5 3 25 15
4 3 24 4
7 3 24 33
8 3 22 15
2 3 22 80
4 3 21 6
8 2 25 5
6 2 24 6
3 2 24 7
8 3 25 7
1 3 20 16
6 3 19 17
8 3 19 33
8 3 19 48
3 3 19 61
2 3 23 62
3 3 19 89
4 3 18 2
8 3 18 53
3 2 18 52
6 2 18 53
6 3 18 81
6 3 18 85
8 3 17 21
8 3 17 80
6 3 16 7
1 3 16 12
5 2 14 12
7 3 16 30
2 3 16 32
7 3 16 33
8 3 16 45
7 3 16 74
3 3 16 96
4 3 15 15
5 3 15 85
1 2 13 85
2 3 14 2
5 3 14 3
8 3 14 73
5 3 20 72
5 3 16 72
5 3 14 99
7 3 13 32
7 3 13 38
3 3 13 66
6 3 16 67
6 3 12 4
5 3 23 5
2 2 21 5
7 3 15 4
4 3 12 30
1 3 12 59
7 3 12 78
4 3 12 87
4 2 12 85
6 2 11 86
8 3 12 93
7 3 15 92
7 3 11 16
2 3 11 41
8 2 10 41
2 3 14 42
7 3 11 52
1 2 15 52
1 3 10 1
3 3 10 79
7 3 9 55
2 3 8 8
4 2 6 8
3 2 7 7
1 2 7 7
5 2 6 9
8 3 16 9
4 3 8 12
2 2 9 11
5 3 8 64
2 3 7 31
7 3 7 31
4 2 7 30
1 2 5 30
8 3 7 33
4 2 9 32
4 3 6 21
8 2 14 20
7 3 5 20
5 3 5 24
3 3 5 25
5 2 3 25
1 3 7 25
5 3 5 36
8 3 5 76
1 2 12 75
1 2 4 77
2 2 5 76
4 3 5 96
6 2 11 96
6 3 15 97
1 2 13 97
4 3 4 14
7 2 11 13
5 3 4 31
4 3 3 12
6 3 3 30
7 3 3 43
3 2 1 42
2 2 5 43
5 2 2 43
1 3 2 19
2 2 2 21
1 3 2 23
1 3 2 30
5 2 3 29
7 3 2 32
5 2 1 32
7 3 2 47
5 2 9 48
3 2 17 48
6 2 1 46
5 3 11 49
2 3 2 57
3 3 9 57
6 2 9 56
2 3 5 58
7 3 13 59
7 3 10 58
8 3 2 60
4 3 3 59
1 2 3 61
6 2 2 61
2 2 6 62
4 3 2 70
3 3 2 75
5 3 12 74
4 4 26 20
6 4 25 100
4 2 22 100
2 4 24 5
1 4 23 6
4 4 22 26
2 4 21 71
3 4 20 7
3 4 19 79
2 4 18 82
8 4 18 92
5 4 17 27
8 4 17 51
2 4 16 18
6 4 16 71
4 2 13 71
7 4 16 85
1 4 16 93
4 4 16 95
1 4 16 99
8 4 14 11
5 4 14 15
6 4 14 48
2 2 12 47
8 4 14 53
2 4 14 61
5 2 11 61
8 4 18 62
5 4 13 22
5 4 11 6
4 2 16 6
7 3 20 5
4 4 9 21
4 4 15 20
5 2 12 20
7 4 9 61
7 4 8 65
6 4 7 12
7 4 7 25
4 2 10 25
8 2 5 25
6 2 10 24
7 2 9 25
2 4 7 60
4 4 7 81
6 4 7 98
2 2 6 97
4 2 4 98
5 2 3 98
3 4 6 6
5 2 13 4
3 2 13 5
6 2 6 6
5 2 11 5
8 2 11 5
4 2 4 5
3 2 8 4
2 3 14 3
2 3 11 4
7 2 9 4
3 4 6 83
1 4 5 2
3 2 6 2
1 2 7 2
7 2 7 1
5 2 6 2
4 2 6 3
1 2 7 4
5 2 7 4
5 4 5 38
5 2 8 38
3 2 8 39
2 3 15 37
3 4 5 68
1 4 4 89
6 3 18 88
8 4 3 8
3 2 3 7
5 2 2 10
4 4 8 10
6 2 5 9
2 2 6 10
5 3 6 10
8 2 5 10
4 4 3 50
2 2 3 49
3 4 2 65
1 2 2 64
7 4 2 92
2 2 3 92
1 2 6 91
3 2 9 92
2 2 2 89
4 2 2 92
2 3 11 91
3 4 12 91
2 4 2 95
6 2 2 96
7 2 2 97
1 2 2 97
8 2 11 98
5 2 2 97
6 2 2 98
3 5 30 13
7 5 21 14
8 5 19 35
1 5 19 53
2 5 18 56
8 5 17 18
6 5 16 9
4 5 16 86
3 3 19 87
3 4 15 86
1 5 15 79
5 5 14 35
2 5 13 13
6 2 12 14
8 2 11 13
1 5 13 45
3 5 13 52
7 5 13 62
3 5 12 27
4 5 12 45
7 5 10 43
3 5 10 70
2 5 8 49
4 5 8 59
6 5 7 27
1 5 7 67
6 3 10 66
6 4 10 68
6 4 6 67
4 2 4 67
8 5 6 18
2 2 6 17
5 2 6 17
7 5 13 17
2 5 10 19
1 5 6 88
6 2 14 87
6 2 5 88
4 2 6 87
8 2 10 86
7 2 10 85
1 2 6 86
3 2 7 85
6 5 10 88
6 5 5 38
5 5 5 85
2 2 3 85
8 5 4 31
4 2 2 31
3 2 2 32
5 5 4 66
5 5 3 16
3 2 6 18
8 2 4 17
1 2 4 16
5 2 4 16
5 6 23 81
6 6 15 42
7 6 14 20
5 6 13 46
1 6 11 54
5 6 8 42
7 4 15 41
3 2 12 41
7 4 9 42
5 6 8 62
3 2 5 61
3 6 8 99
1 2 4 99
6 6 7 84
2 2 4 85
1 2 4 85
5 6 6 57
2 2 6 56
8 2 3 58
3 6 5 34
3 4 6 35
3 6 4 56
1 2 4 57
3 3 12 55
5 3 2 55
2 2 2 56
2 6 3 45
4 2 2 44
7 2 2 45
3 2 7 46
1 2 7 47
3 2 2 45
5 7 19 13
7 7 11 94
3 7 10 34
1 3 8 35
5 7 9 14
3 7 9 22
2 7 9 24
5 2 3 24
3 6 7 25
2 2 6 26
1 7 8 66
5 7 8 74
3 2 7 76
8 2 6 76
4 2 4 75
5 2 4 76
3 7 6 55
3 7 6 78
4 2 6 79
7 2 5 79
7 4 11 82
7 4 9 80
5 2 8 79
5 7 5 33
5 2 5 34
7 7 5 51
5 2 3 51
5 7 7 52
2 2 4 52
3 3 12 51
3 7 9 52
4 2 3 52
4 2 5 53
1 8 15 13
7 8 11 70
5 2 8 70
3 8 9 31
2 8 8 94
7 2 4 92
5 2 4 93
2 2 6 92
4 2 6 93
7 2 3 93
8 8 3 10
8 2 3 8
6 3 1 8
4 2 6 9
4 9 16 80
2 2 13 81
8 9 6 90
6 2 5 89
5 2 3 88
2 2 4 89
4 2 3 89
3 2 1 88
4 2 1 87
2 4 6 88
4 2 3 88
2 9 14 87
5 10 14 39
8 11 12 36
6 2 3 35
7 2 4 36
2 11 9 39
4 2 6 37
8 12 5 62
4 2 2 64
2 2 1 64
5 2 1 64
6 19 11 72
1 2 3 72
7 19 9 6
1 3 5 7
6 2 3 7
7 2 2 7
3 2 1 6
8 20 8 92
4 2 4 91
6 2 3 91
4 27 11 46
1 2 6 48
7 2 5 46
2 3 4 49
8 2 3 50
6 3 2 49
