488
67
3 2 16 1
4 2 16 3
5 2 16 5
6 2 16 6
2 2 16 7
5 2 15 1
6 2 15 10
5 2 14 4
4 2 13 7
2 2 13 12
1 2 14 11
1 2 12 2
4 2 12 3
6 2 12 6
6 2 12 8
1 2 14 8
4 2 12 11
2 2 11 1
3 2 11 6
5 2 11 9
3 2 11 8
2 2 13 9
1 2 10 8
1 2 11 9
6 2 7 2
6 2 8 1
4 2 7 8
2 2 8 8
3 2 7 9
1 2 6 3
3 2 14 5
3 2 12 4
1 2 11 4
5 2 6 12
3 2 9 10
4 2 5 3
6 2 5 5
5 2 4 1
5 2 5 1
6 2 5 1
6 2 4 8
4 2 3 4
5 2 9 5
6 2 2 2
4 2 1 5
1 2 1 8
4 3 7 10
5 3 6 6
5 3 4 2
3 3 5 2
3 3 2 8
2 2 4 9
1 3 2 8
6 2 3 8
3 4 4 5
3 4 2 10
1 7 4 1
6 13 8 9
3 2 6 10
5 2 1 8
3 2 3 8
4 2 1 7
4 3 2 6
2 4 2 7
1 3 1 5
2 15 5 3
5 2 1 1
