2449
2398
4 2 2501 1
4 2 4998 1
8 2 4970 1
1 2 4957 1
4 2 4952 1
7 2 4950 1
7 2 4936 1
4 2 4930 1
5 2 4929 1
3 2 4928 1
2 2 4928 1
3 2 4982 1
4 2 4981 1
7 2 4971 1
5 2 4961 1
8 2 4966 1
1 2 4966 2
7 2 4965 2
1 2 4964 1
5 2 4964 1
2 2 4955 1
4 2 4955 1
1 2 4953 1
6 2 4934 1
4 2 4931 1
3 2 4929 1
2 2 4929 1
5 2 4952 1
1 2 4952 2
2 2 4949 1
7 2 4949 1
6 2 4948 1
1 2 4941 1
4 2 4934 1
7 2 4929 1
4 2 4920 1
8 2 4915 1
4 2 4914 1
1 2 4900 1
2 2 4900 1
6 2 4947 1
2 2 4947 1
3 2 4949 1
8 2 4943 1
2 2 4935 1
1 2 4930 1
1 2 4917 1
3 2 4913 1
1 2 4909 1
3 2 4909 1
3 2 4941 2
4 2 4934 1
3 2 4924 1
8 2 4924 2
6 2 4933 1
1 2 4917 1
5 2 4901 1
6 2 4889 1
2 2 4889 1
3 2 4929 1
2 2 4927 1
8 2 4926 1
5 2 4919 1
1 2 4910 1
5 2 4906 1
7 2 4900 1
4 2 4900 2
4 2 4915 1
7 2 4915 1
5 2 4914 1
1 2 4888 1
2 2 4882 1
4 2 4882 2
8 2 4911 1
1 2 4910 1
7 2 4903 1
6 2 4903 1
5 2 4907 1
8 2 4907 2
1 2 4881 1
6 2 4880 1
8 2 4875 1
8 2 4862 1
7 2 4853 1
2 2 4842 1
5 2 4821 1
8 2 4820 1
6 2 4820 2
6 2 4887 1
8 2 4887 2
2 2 4893 1
5 2 4885 1
3 2 4875 1
2 2 4869 1
6 2 4857 1
5 2 4856 1
1 2 4796 1
6 2 4790 1
5 2 4790 2
3 2 4881 1
8 2 4881 2
5 2 4880 2
6 2 4881 1
2 2 4881 1
7 2 4880 1
2 2 4874 1
8 2 4874 2
4 2 4874 1
6 2 4866 1
5 2 4866 2
3 2 4870 2
2 2 4881 1
7 2 4881 1
1 2 4876 1
4 2 4875 1
2 2 4874 1
4 2 4858 1
3 2 4847 1
4 2 4841 1
6 2 4832 1
2 2 4825 1
5 2 4820 1
8 2 4819 1
4 2 4815 1
2 2 4793 1
3 2 4793 1
8 2 4866 1
1 2 4866 1
5 2 4866 2
8 2 4860 2
6 2 4865 1
2 2 4838 1
1 2 4825 1
7 2 4813 1
5 2 4793 2
3 2 4812 1
2 2 4812 2
8 2 4847 1
3 2 4847 1
1 2 4846 1
1 2 4834 1
5 2 4832 1
6 2 4832 2
5 2 4839 1
2 2 4839 1
7 2 4839 2
8 2 4819 1
7 2 4817 1
7 2 4789 1
3 2 4773 1
8 2 4770 1
4 2 4769 1
2 2 4765 1
3 2 4739 1
7 2 4739 2
8 2 4836 1
7 2 4836 1
8 2 4822 1
3 2 4821 1
7 2 4801 1
3 2 4799 1
5 2 4795 1
1 2 4765 2
4 2 4815 1
6 2 4815 2
1 2 4832 1
3 2 4832 2
5 2 4821 1
3 2 4821 2
7 2 4831 1
3 2 4829 1
5 2 4829 1
3 2 4818 1
1 2 4817 1
5 2 4805 2
8 2 4816 1
1 2 4804 1
4 2 4803 1
3 2 4803 2
6 2 4820 1
5 2 4814 1
5 2 4810 1
4 2 4810 2
2 2 4813 1
3 2 4776 1
4 2 4770 1
2 2 4768 1
7 2 4764 2
7 2 4807 1
4 2 4807 2
6 2 4797 1
4 2 4793 1
1 2 4782 1
8 2 4782 1
3 2 4793 1
5 2 4782 2
6 2 4767 1
1 2 4766 1
1 2 4763 1
8 2 4728 1
2 2 4727 1
1 2 4727 2
2 2 4786 1
5 2 4786 2
7 2 4785 1
2 2 4783 1
6 2 4777 1
8 2 4771 1
2 2 4764 1
5 2 4764 1
8 2 4774 1
1 2 4769 1
7 2 4763 1
6 2 4763 1
8 2 4759 1
4 2 4752 1
7 2 4752 2
8 2 4751 2
3 2 4759 1
1 2 4745 1
8 2 4745 2
1 2 4767 1
2 2 4755 1
3 2 4743 1
8 2 4734 1
3 2 4724 1
2 2 4723 1
4 2 4702 1
3 2 4689 1
5 2 4681 1
7 2 4681 1
5 2 4757 1
8 2 4711 1
2 2 4711 2
8 2 4675 1
5 2 4674 1
2 2 4672 1
5 2 4671 1
8 2 4655 1
1 2 4650 1
8 2 4644 1
2 2 4643 1
8 2 4636 1
7 2 4636 2
3 2 4736 1
7 2 4736 1
4 2 4735 1
6 2 4735 2
1 2 4734 1
3 2 4730 1
6 2 4730 1
4 2 4730 2
5 2 4729 2
1 2 4735 1
3 2 4735 2
6 2 4734 2
1 2 4733 2
8 2 4721 1
2 2 4721 2
5 2 4723 1
1 2 4722 1
8 2 4722 2
4 2 4721 2
6 2 4722 1
3 2 4720 1
3 2 4709 1
4 2 4708 1
5 2 4701 1
3 2 4666 1
4 2 4664 1
8 2 4646 1
6 2 4634 1
8 2 4600 1
3 2 4596 1
7 2 4591 1
1 2 4590 1
2 2 4590 1
4 2 4691 1
5 2 4641 2
5 2 4628 1
7 2 4619 1
1 2 4619 2
1 2 4702 1
4 2 4698 1
1 2 4697 1
8 2 4676 1
3 2 4657 1
6 2 4656 1
5 2 4644 1
3 2 4642 1
2 2 4604 1
2 2 4595 1
5 2 4595 2
6 2 4687 1
1 2 4658 1
4 2 4651 1
1 2 4649 1
2 2 4644 1
1 2 4636 1
8 2 4636 2
5 2 4674 1
1 2 4668 1
5 2 4667 1
4 2 4667 1
7 2 4661 1
2 2 4650 1
8 2 4650 2
2 2 4657 1
4 2 4644 1
7 2 4640 1
2 2 4640 1
6 2 4642 1
1 2 4641 1
2 2 4636 1
5 2 4634 1
3 2 4634 1
1 2 4659 1
6 2 4657 1
5 2 4651 2
7 2 4633 1
4 2 4633 1
4 2 4629 1
2 2 4628 1
6 2 4628 1
5 2 4661 1
6 2 4660 1
5 2 4658 1
2 2 4658 1
4 2 4653 1
7 2 4653 1
7 2 4657 2
2 2 4653 2
7 2 4646 1
5 2 4639 1
6 2 4635 1
1 2 4628 1
5 2 4628 1
2 2 4645 1
3 2 4645 1
1 2 4640 1
3 2 4635 1
8 2 4635 2
7 2 4627 1
2 2 4627 1
5 2 4632 1
2 2 4592 1
5 2 4641 1
1 2 4625 1
4 2 4592 1
4 2 4577 1
5 2 4561 1
1 2 4561 2
3 2 4620 1
1 2 4589 1
6 2 4586 1
8 2 4559 1
7 2 4524 1
1 2 4524 2
2 2 4559 1
6 2 4523 1
5 2 4522 1
4 2 4522 1
2 2 4516 1
3 2 4510 1
2 2 4509 1
3 2 4498 1
2 2 4481 1
6 2 4480 1
5 2 4476 1
5 2 4472 1
3 2 4471 1
1 2 4467 1
1 2 4463 1
2 2 4461 1
8 2 4450 1
5 2 4449 1
5 2 4442 1
4 2 4423 1
3 2 4404 1
2 2 4402 1
1 2 4397 1
3 2 4377 1
5 2 4363 1
4 2 4361 1
4 2 4352 1
4 2 4341 1
7 2 4336 1
5 2 4330 1
2 2 4330 2
2 2 4495 1
6 2 4485 1
1 2 4485 1
3 2 4593 1
7 2 4591 1
4 2 4590 1
6 2 4585 1
2 2 4565 1
7 2 4560 1
8 2 4526 1
7 2 4524 1
4 2 4512 1
2 2 4502 1
7 2 4498 1
2 2 4492 1
3 2 4492 2
8 2 4580 1
3 2 4556 1
7 2 4507 1
1 2 4499 1
2 2 4474 1
5 2 4474 2
2 2 4577 1
5 2 4569 1
8 2 4550 1
8 2 4490 1
4 2 4481 1
1 2 4475 1
3 2 4473 2
8 2 4536 1
1 2 4532 1
7 2 4511 1
2 2 4504 1
8 2 4478 1
4 2 4451 1
7 2 4530 1
7 2 4527 1
3 2 4502 1
1 2 4502 2
5 2 4524 1
7 2 4476 1
6 2 4476 1
3 2 4449 1
6 2 4436 1
7 2 4429 1
7 2 4393 1
3 2 4357 1
8 2 4338 1
5 2 4338 1
2 2 4544 1
3 2 4525 1
4 2 4513 1
6 2 4471 1
3 2 4471 2
3 2 4467 1
7 2 4464 1
5 2 4464 2
5 2 4518 1
7 2 4518 2
6 2 4464 1
8 2 4454 1
1 2 4425 1
6 2 4424 1
8 2 4424 1
4 2 4456 1
8 2 4442 1
2 2 4440 1
1 2 4432 1
6 2 4337 1
1 2 4334 1
6 2 4324 1
7 2 4316 1
6 2 4316 1
3 2 4443 1
2 2 4438 1
7 2 4438 1
6 2 4498 1
1 2 4498 1
8 2 4499 1
1 2 4499 1
1 2 4512 1
7 2 4512 2
4 2 4504 1
7 2 4502 1
5 2 4502 1
6 2 4505 1
2 2 4503 1
3 2 4503 2
5 2 4497 1
2 2 4459 1
4 2 4452 1
7 2 4452 1
4 2 4498 1
2 2 4498 2
1 2 4494 1
4 2 4488 1
3 2 4487 1
2 2 4480 1
6 2 4470 1
3 2 4470 1
5 2 4469 1
4 2 4497 1
7 2 4497 1
1 2 4474 1
4 2 4474 2
5 2 4473 1
2 2 4472 1
7 2 4463 1
3 2 4463 2
8 2 4462 2
7 2 4480 1
8 2 4480 1
5 2 4468 1
1 2 4462 1
6 2 4451 1
4 2 4450 1
5 2 4447 1
1 2 4443 1
8 2 4441 1
6 2 4441 2
7 2 4439 1
6 2 4438 2
3 2 4459 1
6 2 4459 1
5 2 4436 1
7 2 4396 1
2 2 4387 1
6 2 4380 1
2 2 4377 1
5 2 4377 1
4 2 4432 2
6 2 4427 1
2 2 4418 1
3 2 4414 1
6 2 4412 1
1 2 4407 1
8 2 4399 1
7 2 4388 1
1 2 4386 1
4 2 4374 1
7 2 4363 1
6 2 4361 1
3 2 4344 1
2 2 4344 2
1 2 4425 1
7 2 4425 1
2 2 4423 1
3 2 4418 1
5 2 4402 1
7 2 4402 2
8 2 4404 1
2 2 4401 1
5 2 4391 1
5 2 4360 1
3 2 4400 1
4 2 4400 1
5 2 4409 1
2 2 4389 1
5 2 4342 1
7 2 4334 1
3 2 4334 2
7 2 4386 1
3 2 4386 1
5 2 4333 1
2 2 4331 1
2 2 4316 2
3 2 4348 1
5 2 4348 2
3 2 4398 1
7 2 4396 1
6 2 4386 1
3 2 4385 1
5 2 4385 2
1 2 4406 1
4 2 4406 2
6 2 4401 1
7 2 4384 2
4 2 4399 2
1 2 4401 1
5 2 4401 2
8 2 4391 1
4 2 4391 1
2 2 4398 1
8 2 4397 2
6 2 4374 1
7 2 4364 1
7 2 4335 1
4 2 4314 1
5 2 4314 1
6 2 4384 1
5 2 4370 1
4 2 4370 1
4 2 4361 1
1 2 4333 1
8 2 4313 1
1 2 4310 1
8 2 4308 1
2 2 4302 1
7 2 4302 1
3 2 4371 1
6 2 4337 1
3 2 4320 1
3 2 4304 1
1 2 4301 1
6 2 4371 1
3 2 4358 1
2 2 4358 2
2 2 4368 1
7 2 4357 2
5 2 4335 1
3 2 4334 1
8 2 4316 1
3 2 4316 2
1 2 4361 1
8 2 4361 1
4 2 4360 1
2 2 4257 1
5 2 4241 1
8 2 4229 1
8 2 4226 1
1 2 4224 1
4 2 4212 1
7 2 4212 2
5 2 4350 1
6 2 4350 2
1 2 4348 1
7 2 4235 1
8 2 4235 2
8 2 4292 1
7 2 4280 1
1 2 4278 1
4 2 4258 1
5 2 4258 1
5 2 4288 1
1 2 4258 2
5 2 4246 1
2 2 4240 1
7 2 4223 1
2 2 4253 1
8 2 4211 2
5 2 4208 1
6 2 4195 1
8 2 4192 1
6 2 4190 1
4 2 4185 1
7 2 4185 2
5 2 4312 1
4 2 4300 1
1 2 4299 1
7 2 4298 1
6 2 4292 1
4 2 4292 2
2 2 4332 1
8 2 4316 1
3 2 4316 1
8 2 4313 1
5 2 4313 1
5 2 4326 1
1 2 4326 2
7 2 4325 1
6 2 4299 1
5 2 4299 1
5 2 4323 1
8 2 4323 1
1 2 4323 2
4 2 4299 2
6 2 4279 1
1 2 4275 1
2 2 4275 2
2 2 4306 1
3 2 4303 1
5 2 4303 2
7 2 4300 1
8 2 4300 1
3 2 4297 1
7 2 4297 1
8 2 4293 1
4 2 4270 1
7 2 4270 2
6 2 4293 1
1 2 4293 2
2 2 4288 1
4 2 4282 1
1 2 4256 1
7 2 4243 1
4 2 4235 1
1 2 4235 1
4 2 4286 1
3 2 4254 2
3 2 4285 1
6 2 4252 1
1 2 4221 1
5 2 4215 1
7 2 4211 1
8 2 4211 1
1 2 4279 1
4 2 4236 1
2 2 4229 1
8 2 4219 2
5 2 4233 1
8 2 4233 1
6 2 4233 2
3 2 4228 1
4 2 4217 1
3 2 4213 1
4 2 4178 1
1 2 4177 1
6 2 4177 1
2 2 4180 1
8 2 4175 1
6 2 4174 1
6 2 4132 1
3 2 4130 1
5 2 4129 1
6 2 4128 1
7 2 4121 1
4 2 4106 1
5 2 4106 2
8 2 4170 1
2 2 4119 1
2 2 4100 1
2 2 4091 1
4 2 4074 1
7 2 4069 1
3 2 4069 2
4 2 4250 1
5 2 4220 1
5 2 4206 1
3 2 4197 1
4 2 4197 2
5 2 4255 1
2 2 4227 1
8 2 4227 1
1 2 4253 1
7 2 4252 1
4 2 4252 2
3 2 4251 1
6 2 4215 1
8 2 4214 1
8 2 4196 1
3 2 4185 1
8 2 4185 2
3 2 4199 1
2 2 4195 1
4 2 4193 1
2 2 4171 1
3 2 4171 2
2 2 4178 1
3 2 4178 1
1 2 4168 1
7 2 4168 2
7 2 4133 1
6 2 4133 2
2 2 4213 1
1 2 4213 1
1 2 4201 1
5 2 4188 1
3 2 4170 1
6 2 4141 1
8 2 4141 2
6 2 4207 1
4 2 4201 1
2 2 4201 1
6 2 4196 1
5 2 4196 2
6 2 4165 1
4 2 4145 1
1 2 4145 1
2 2 4192 1
4 2 4192 1
3 2 4194 1
7 2 4192 1
3 2 4191 1
3 2 4143 1
7 2 4108 1
7 2 4060 1
4 2 4060 1
7 2 4204 1
6 2 4204 2
7 2 4189 1
1 2 4177 1
6 2 4177 2
3 2 4200 1
4 2 4186 1
7 2 4176 1
4 2 4159 1
4 2 4065 1
5 2 4065 1
6 2 4109 1
8 2 4085 1
6 2 4084 1
4 2 4077 1
8 2 4077 1
5 2 4191 1
6 2 4176 1
8 2 4169 1
5 2 4169 2
4 2 4156 1
5 2 4147 1
8 2 4129 1
2 2 4099 1
8 2 4099 1
2 2 4163 1
5 2 4153 1
1 2 4152 1
5 2 4147 1
7 2 4140 1
6 2 4134 1
7 2 4122 1
2 2 4096 1
1 2 4096 2
7 2 4143 1
8 2 4130 1
5 2 4084 1
4 2 4074 1
1 2 4073 1
2 2 4066 1
6 2 4066 1
3 2 4158 1
6 2 4088 1
4 2 4088 1
8 2 4164 1
3 2 4129 1
4 2 4164 1
2 2 4157 1
1 2 4137 1
8 2 4131 1
3 2 4131 2
1 2 4130 1
6 2 4130 1
4 2 4125 1
1 2 4125 1
1 2 4153 1
5 2 4152 1
7 2 4140 1
4 2 4140 1
6 2 4151 2
8 2 4139 1
4 2 4138 1
4 2 4131 1
6 2 4123 1
2 2 4122 1
7 2 4109 1
5 2 4090 1
5 2 4087 1
2 2 4082 1
1 2 4079 1
7 2 4138 1
8 2 4138 1
2 2 4105 1
2 2 4092 1
7 2 4070 1
8 2 4069 1
8 2 4052 1
6 2 4046 1
7 2 4025 1
4 2 4025 2
8 2 4086 1
3 2 4086 2
1 2 4061 1
6 2 4049 1
6 2 4022 1
3 2 4022 1
7 2 4077 1
3 2 4075 1
8 2 4075 1
6 2 4118 1
8 2 4109 1
1 2 4109 1
8 2 4123 1
8 2 4111 1
7 2 4111 1
6 2 4120 1
2 2 4109 2
6 2 4075 2
2 2 4074 1
4 2 4056 1
7 2 4017 1
5 2 4017 1
3 2 4094 1
1 2 4094 2
5 2 4089 1
7 2 4085 1
3 2 4085 2
5 2 4091 1
4 2 4090 1
1 2 4063 2
4 2 4099 1
1 2 4099 1
3 2 4099 2
7 2 4089 1
4 2 4057 1
1 2 4057 1
2 2 4094 1
5 2 4094 2
6 2 4086 1
4 2 4086 1
8 2 4060 1
5 2 4054 1
1 2 4054 2
7 2 4049 1
3 2 4049 1
3 2 4050 1
2 2 4050 1
1 2 4049 2
5 2 4044 1
4 2 4037 1
8 2 4037 1
6 2 4044 1
8 2 4077 1
1 2 4074 1
5 2 4074 1
6 2 4093 1
5 2 4093 1
5 2 4083 1
4 2 4062 1
5 2 4062 1
4 2 4079 1
7 2 4076 1
5 2 4075 1
6 2 4075 1
2 2 4054 1
5 2 4053 1
7 2 4053 1
7 2 4085 1
3 2 4073 2
8 2 4071 1
3 2 4070 1
8 2 4068 1
2 2 4068 1
1 2 4068 2
3 2 4059 1
2 2 4052 1
1 2 4036 1
6 2 4031 1
1 2 4022 1
6 2 4017 2
1 2 4048 1
4 2 4048 2
5 2 4058 1
5 2 4047 2
5 2 4053 1
3 2 4046 2
6 2 4047 1
7 2 4028 1
3 2 4028 2
1 2 4043 1
3 2 4029 1
2 2 4029 1
5 2 4027 2
4 2 4026 1
2 2 4012 1
6 2 4005 1
4 2 4002 1
3 2 4002 1
6 2 4010 1
3 2 4010 1
8 2 4031 1
7 2 4031 1
6 2 4031 2
5 2 4030 2
4 2 4029 2
5 2 4017 1
2 2 3976 1
1 2 3965 1
4 2 3946 1
6 2 3939 1
1 2 3931 1
2 2 3931 1
5 2 4018 1
2 2 4018 2
6 2 4017 1
4 2 4002 1
2 2 4012 1
7 2 4012 1
1 2 4013 1
1 2 3992 1
8 2 3992 1
8 2 4011 1
3 2 4010 1
3 2 4007 1
1 2 4007 2
4 2 4004 1
7 2 4004 2
1 2 3994 1
7 2 3986 1
8 2 3975 1
8 2 3968 1
3 2 3956 1
8 2 3954 1
6 2 3953 1
3 2 3950 1
7 2 3940 1
8 2 3931 1
1 2 3927 1
8 2 3927 2
6 2 3991 1
6 2 3976 1
4 2 3975 1
1 2 3975 2
8 2 3977 1
5 2 3976 1
2 2 3976 2
1 2 3984 1
7 2 3978 1
5 2 3949 1
5 2 3893 1
6 2 3887 1
8 2 3885 1
3 2 3885 2
3 2 3977 1
4 2 3974 1
8 2 3969 2
2 2 3977 1
6 2 3976 1
3 2 3976 2
5 2 3973 1
3 2 3956 1
8 2 3932 1
4 2 3926 1
7 2 3890 1
7 2 3884 1
4 2 3867 1
1 2 3861 1
7 2 3853 1
4 2 3849 1
2 2 3849 1
2 2 3923 1
4 2 3923 1
8 2 3946 1
6 2 3946 1
1 2 3957 1
3 2 3918 1
5 2 3878 1
3 2 3867 1
5 2 3866 1
7 2 3860 1
3 2 3860 2
5 2 3856 1
5 2 3851 1
5 2 3838 1
3 2 3836 1
1 2 3824 1
6 2 3819 1
1 2 3810 1
1 2 3807 1
7 2 3805 1
6 2 3786 1
1 2 3786 2
7 2 3940 1
7 2 3892 1
3 2 3892 1
7 2 3889 1
2 2 3867 1
1 2 3848 1
4 2 3847 1
6 2 3887 1
2 2 3846 1
3 2 3777 1
5 2 3773 1
4 2 3748 1
1 2 3748 2
1 2 3883 1
7 2 3842 1
2 2 3832 1
5 2 3815 1
4 2 3814 1
7 2 3813 1
7 2 3808 1
6 2 3808 1
8 2 3916 1
6 2 3916 1
4 2 3897 1
8 2 3897 2
2 2 3892 1
1 2 3892 2
6 2 3891 1
6 2 3889 1
1 2 3889 1
6 2 3877 1
8 2 3875 1
4 2 3802 1
5 2 3888 1
7 2 3884 1
4 2 3851 1
6 2 3851 2
7 2 3883 2
6 2 3827 1
1 2 3827 1
3 2 3827 1
4 2 3827 1
4 2 3871 1
8 2 3871 1
2 2 3897 1
4 2 3893 1
5 2 3883 1
4 2 3883 1
7 2 3893 1
2 2 3892 1
8 2 3892 1
1 2 3890 1
6 2 3884 1
5 2 3870 1
3 2 3881 1
5 2 3881 1
4 2 3884 1
2 2 3884 1
7 2 3890 1
1 2 3884 2
5 2 3888 1
3 2 3888 2
2 2 3883 2
1 2 3875 1
6 2 3868 1
1 2 3868 2
7 2 3872 1
3 2 3863 1
4 2 3863 1
7 2 3863 1
3 2 3863 1
1 2 3871 1
2 2 3862 1
3 2 3861 1
2 2 3838 1
5 2 3838 1
5 2 3861 1
2 2 3861 1
2 2 3876 1
4 2 3860 1
3 2 3875 1
7 2 3871 1
4 2 3867 1
6 2 3867 2
8 2 3861 2
6 2 3865 1
7 2 3865 1
8 2 3864 1
6 2 3845 1
7 2 3840 1
6 2 3834 1
1 2 3834 2
2 2 3855 1
7 2 3855 2
8 2 3841 1
1 2 3838 1
4 2 3833 2
3 2 3840 1
5 2 3827 1
3 2 3827 1
8 2 3806 1
4 2 3806 2
2 2 3801 1
4 2 3799 1
4 2 3797 2
6 2 3795 1
1 2 3791 1
4 2 3773 1
1 2 3770 1
7 2 3733 1
4 2 3733 1
5 2 3789 1
7 2 3789 1
5 2 3823 1
4 2 3823 2
3 2 3821 1
2 2 3821 1
1 2 3818 1
6 2 3818 2
3 2 3808 1
2 2 3802 1
1 2 3802 1
2 2 3813 1
8 2 3807 1
4 2 3805 1
7 2 3804 1
5 2 3802 2
6 2 3786 1
7 2 3743 1
4 2 3739 1
6 2 3739 2
5 2 3742 1
1 2 3740 1
3 2 3738 1
5 2 3738 2
6 2 3733 1
3 2 3733 2
1 2 3812 1
2 2 3812 2
1 2 3796 1
2 2 3796 1
4 2 3789 1
1 2 3777 1
3 2 3776 1
4 2 3764 1
3 2 3756 1
1 2 3752 1
8 2 3740 1
6 2 3739 1
2 2 3732 2
4 2 3786 1
5 2 3773 1
4 2 3767 1
2 2 3758 1
2 2 3755 1
7 2 3751 1
6 2 3751 2
1 2 3766 1
5 2 3766 1
3 2 3765 1
7 2 3764 1
2 2 3762 1
1 2 3751 1
7 2 3751 2
1 2 3736 1
8 2 3736 1
3 2 3714 1
7 2 3713 1
5 2 3699 1
3 2 3655 1
5 2 3617 1
5 2 3614 1
3 2 3588 1
8 2 3574 1
4 2 3574 1
2 2 3758 1
3 2 3727 1
6 2 3723 2
6 2 3755 1
5 2 3755 1
8 2 3754 1
4 2 3754 2
2 2 3725 1
6 2 3720 1
1 2 3706 1
6 2 3706 1
7 2 3695 1
2 2 3695 2
8 2 3703 1
8 2 3694 2
3 2 3746 1
7 2 3746 2
3 2 3715 1
2 2 3693 2
1 2 3733 1
3 2 3733 1
6 2 3733 2
8 2 3714 1
4 2 3701 1
3 2 3701 2
1 2 3748 1
7 2 3748 1
3 2 3747 1
4 2 3739 1
3 2 3731 1
8 2 3728 2
5 2 3736 1
7 2 3719 1
1 2 3701 1
7 2 3701 1
5 2 3699 1
3 2 3690 1
3 2 3672 1
1 2 3672 1
4 2 3678 1
8 2 3678 2
2 2 3676 1
5 2 3671 1
6 2 3674 1
5 2 3662 1
8 2 3662 1
2 2 3720 1
1 2 3720 2
1 2 3707 1
5 2 3703 1
4 2 3670 1
8 2 3667 1
2 2 3665 1
1 2 3665 1
5 2 3710 1
3 2 3710 1
8 2 3701 1
2 2 3721 1
4 2 3721 1
2 2 3712 1
7 2 3712 2
6 2 3710 2
7 2 3710 1
2 2 3700 1
5 2 3700 1
8 2 3705 1
4 2 3699 1
5 2 3706 1
3 2 3703 1
6 2 3702 1
4 2 3687 1
4 2 3674 1
1 2 3674 2
2 2 3673 1
8 2 3673 2
6 2 3700 1
4 2 3698 1
1 2 3683 1
7 2 3683 1
5 2 3697 1
5 2 3683 2
3 2 3671 1
3 2 3655 1
3 2 3633 1
5 2 3632 1
8 2 3630 1
2 2 3630 1
1 2 3665 1
8 2 3686 1
6 2 3652 1
4 2 3650 1
5 2 3650 1
3 2 3672 1
2 2 3672 2
8 2 3671 1
1 2 3664 1
7 2 3660 1
3 2 3660 2
4 2 3662 1
6 2 3662 1
2 2 3661 1
2 2 3659 1
3 2 3645 1
8 2 3645 2
7 2 3647 2
5 2 3655 1
7 2 3642 1
1 2 3642 2
7 2 3653 1
2 2 3648 1
1 2 3648 2
2 2 3640 1
5 2 3635 1
4 2 3622 1
3 2 3621 1
7 2 3621 1
7 2 3643 2
2 2 3632 1
3 2 3632 1
3 2 3639 1
1 2 3639 2
7 2 3630 1
8 2 3630 1
6 2 3631 1
1 2 3630 2
7 2 3627 1
6 2 3627 2
8 2 3631 1
4 2 3631 2
6 2 3639 1
6 2 3636 1
3 2 3636 1
2 2 3636 1
7 2 3634 1
4 2 3634 2
1 2 3634 1
7 2 3624 1
1 2 3621 2
7 2 3631 1
5 2 3629 1
5 2 3626 1
3 2 3623 2
3 2 3624 2
8 2 3624 1
1 2 3622 1
4 2 3622 2
2 2 3622 1
6 2 3619 1
1 2 3613 1
8 2 3613 2
2 2 3612 1
6 2 3608 1
1 2 3601 1
6 2 3599 1
8 2 3583 1
7 2 3583 1
2 2 3601 1
2 2 3587 1
8 2 3585 1
5 2 3585 1
1 2 3602 1
4 2 3602 2
3 2 3596 1
5 2 3592 1
6 2 3587 1
7 2 3587 1
6 2 3594 1
4 2 3594 1
8 2 3594 2
4 2 3583 1
6 2 3579 1
5 2 3579 2
8 2 3590 1
4 2 3589 1
6 2 3589 2
5 2 3589 1
1 2 3584 1
2 2 3587 1
3 2 3587 2
1 2 3581 2
1 2 3586 1
4 2 3580 1
2 2 3580 2
7 2 3579 1
5 2 3569 1
6 2 3558 1
8 2 3555 1
1 2 3552 1
2 2 3544 1
1 2 3543 1
3 2 3540 1
3 2 3529 1
4 2 3529 1
5 2 3565 1
7 2 3559 1
2 2 3558 1
1 2 3550 1
8 2 3569 1
4 2 3560 1
2 2 3560 1
8 2 3561 1
5 2 3559 1
1 2 3542 1
5 2 3537 1
8 2 3537 2
2 2 3535 1
5 2 3528 1
6 2 3508 1
1 2 3508 1
6 2 3529 1
6 2 3523 1
4 2 3523 2
8 2 3526 1
1 2 3526 1
7 2 3526 2
1 2 3522 1
6 2 3522 2
4 2 3517 1
8 2 3517 2
8 2 3543 1
6 2 3542 1
7 2 3532 1
7 2 3527 1
6 2 3527 2
6 2 3516 1
6 2 3514 1
7 2 3512 1
3 2 3507 1
8 2 3502 1
4 2 3488 1
2 2 3479 1
4 2 3478 1
2 2 3469 1
4 2 3468 1
5 2 3467 1
8 2 3467 1
2 2 3492 1
3 2 3472 1
8 2 3472 2
1 2 3471 1
3 2 3467 1
2 2 3460 1
8 2 3449 1
7 2 3448 1
3 2 3448 2
8 2 3517 1
1 2 3517 2
6 2 3511 1
3 2 3503 1
3 2 3482 1
5 2 3457 1
1 2 3442 1
5 2 3442 1
4 2 3479 1
8 2 3479 2
8 2 3424 1
6 2 3421 1
8 2 3397 1
4 2 3380 1
2 2 3380 2
5 2 3502 1
8 2 3498 1
2 2 3491 1
4 2 3437 1
7 2 3419 1
2 2 3419 2
3 2 3433 1
1 2 3433 1
8 2 3423 1
4 2 3395 1
6 2 3378 1
1 2 3361 1
8 2 3323 1
6 2 3313 1
5 2 3296 1
4 2 3293 1
3 2 3287 1
6 2 3276 1
8 2 3276 1
2 2 3482 1
3 2 3482 2
6 2 3457 1
5 2 3438 1
1 2 3429 1
7 2 3429 2
2 2 3453 1
8 2 3425 1
1 2 3425 1
4 2 3451 1
4 2 3425 1
3 2 3424 1
2 2 3386 1
6 2 3386 2
8 2 3367 1
7 2 3367 1
8 2 3370 1
5 2 3367 2
6 2 3362 1
1 2 3362 2
6 2 3405 1
5 2 3396 1
4 2 3394 1
2 2 3386 1
3 2 3386 1
4 2 3348 1
5 2 3334 1
3 2 3328 1
7 2 3325 1
3 2 3319 1
5 2 3319 1
8 2 3337 1
2 2 3331 1
1 2 3330 1
8 2 3330 1
5 2 3444 1
1 2 3420 1
6 2 3418 1
1 2 3417 1
7 2 3410 1
3 2 3408 1
8 2 3401 1
7 2 3383 1
4 2 3383 1
3 2 3439 1
3 2 3429 1
5 2 3410 1
4 2 3410 2
1 2 3427 1
5 2 3427 2
3 2 3430 1
4 2 3426 2
7 2 3429 1
1 2 3429 2
7 2 3398 1
4 2 3398 2
5 2 3423 1
1 2 3423 1
4 2 3407 1
8 2 3407 1
6 2 3421 1
8 2 3421 1
5 2 3393 1
3 2 3390 1
5 2 3378 1
4 2 3348 1
1 2 3338 1
7 2 3338 1
3 2 3366 1
8 2 3365 1
4 2 3362 1
3 2 3362 1
4 2 3413 1
1 2 3412 1
6 2 3412 1
3 2 3399 1
5 2 3399 1
8 2 3408 1
2 2 3409 1
7 2 3408 1
5 2 3406 1
8 2 3403 1
8 2 3395 1
7 2 3395 1
5 2 3396 1
2 2 3390 1
4 2 3387 1
8 2 3377 1
2 2 3375 1
7 2 3375 1
4 2 3391 2
1 2 3382 1
5 2 3364 1
2 2 3362 2
2 2 3380 1
4 2 3379 1
1 2 3372 2
2 2 3389 1
1 2 3388 1
7 2 3387 1
2 2 3371 2
3 2 3379 1
7 2 3370 2
6 2 3374 1
8 2 3374 2
7 2 3373 2
6 2 3376 1
8 2 3376 2
2 2 3372 2
8 2 3369 2
6 2 3361 2
7 2 3363 1
8 2 3360 2
8 2 3364 1
6 2 3364 1
3 2 3352 1
5 2 3352 1
6 2 3361 1
4 2 3361 1
1 2 3357 1
2 2 3357 2
7 2 3346 1
6 2 3331 1
1 2 3319 1
1 2 3307 1
7 2 3349 2
3 2 3344 1
8 2 3341 1
6 2 3341 1
6 2 3345 1
2 2 3340 1
1 2 3346 1
4 2 3346 2
8 2 3338 1
2 2 3332 1
8 2 3297 1
1 2 3296 1
8 2 3280 1
1 2 3280 1
6 2 3337 1
2 2 3336 1
3 2 3335 1
7 2 3335 1
5 2 3340 1
3 2 3324 1
8 2 3322 1
5 2 3322 2
7 2 3336 1
5 2 3331 2
4 2 3322 1
7 2 3318 1
7 2 3302 1
3 2 3291 1
2 2 3291 1
6 2 3301 1
8 2 3291 2
1 2 3285 1
1 2 3256 1
3 2 3256 1
4 2 3273 1
2 2 3253 1
1 2 3251 1
4 2 3251 2
5 2 3270 1
3 2 3269 1
1 2 3269 1
7 2 3269 2
5 2 3250 1
6 2 3243 1
8 2 3243 2
1 2 3304 1
7 2 3303 1
8 2 3271 1
6 2 3247 1
2 2 3247 2
2 2 3300 1
6 2 3300 2
6 2 3296 1
1 2 3296 1
8 2 3295 1
6 2 3273 1
4 2 3247 1
7 2 3247 1
4 2 3271 1
8 2 3246 1
1 2 3239 1
2 2 3231 1
5 2 3227 1
8 2 3226 1
3 2 3186 1
4 2 3183 1
6 2 3163 1
6 2 3127 1
2 2 3127 1
8 2 3259 1
5 2 3217 1
1 2 3217 2
3 2 3256 1
8 2 3216 1
4 2 3214 1
3 2 3207 1
2 2 3199 1
7 2 3199 1
2 2 3204 1
7 2 3189 1
4 2 3189 2
1 2 3201 1
5 2 3201 2
3 2 3222 1
5 2 3196 1
5 2 3183 1
4 2 3168 1
1 2 3168 2
2 2 3261 1
6 2 3261 1
8 2 3249 1
5 2 3229 1
7 2 3229 1
4 2 3259 2
4 2 3256 1
6 2 3229 2
1 2 3211 1
3 2 3211 2
7 2 3251 1
2 2 3251 1
6 2 3251 2
5 2 3246 1
3 2 3246 1
8 2 3247 1
3 2 3247 1
4 2 3246 2
2 2 3245 1
6 2 3213 1
2 2 3213 1
5 2 3212 1
7 2 3210 2
7 2 3205 1
6 2 3202 1
7 2 3202 1
4 2 3203 1
1 2 3203 2
4 2 3154 1
8 2 3154 2
1 2 3229 1
5 2 3228 1
4 2 3228 2
2 2 3217 1
8 2 3217 1
2 2 3194 1
1 2 3193 1
8 2 3192 1
6 2 3192 1
7 2 3212 1
4 2 3188 1
1 2 3186 1
8 2 3185 1
3 2 3180 1
5 2 3165 1
2 2 3164 1
2 2 3148 1
3 2 3148 1
3 2 3184 1
6 2 3183 1
8 2 3175 1
4 2 3175 2
4 2 3148 1
1 2 3134 1
3 2 3134 1
8 2 3144 1
7 2 3175 1
8 2 3175 1
5 2 3203 1
1 2 3203 1
8 2 3205 1
7 2 3204 1
3 2 3204 1
6 2 3204 1
3 2 3193 1
8 2 3176 1
6 2 3169 1
2 2 3167 1
5 2 3157 1
7 2 3157 2
5 2 3188 1
2 2 3172 1
3 2 3156 1
3 2 3152 1
3 2 3147 1
8 2 3147 2
4 2 3149 1
6 2 3142 1
6 2 3115 1
2 2 3112 1
6 2 3091 1
5 2 3075 1
7 2 3075 1
1 2 3136 1
3 2 3142 1
6 2 3142 1
4 2 3179 1
2 2 3179 2
2 2 3161 1
5 2 3153 1
8 2 3145 1
4 2 3141 1
7 2 3141 2
6 2 3156 1
5 2 3156 2
8 2 3149 1
2 2 3133 1
7 2 3130 2
6 2 3142 1
4 2 3142 1
8 2 3142 2
1 2 3119 1
7 2 3093 1
5 2 3091 1
6 2 3076 1
2 2 3076 1
1 2 3136 1
8 2 3119 1
3 2 3111 1
2 2 3104 1
5 2 3100 1
4 2 3098 1
8 2 3098 2
5 2 3106 1
2 2 3092 1
7 2 3083 1
3 2 3075 1
1 2 3094 1
8 2 3073 1
5 2 3067 1
7 2 3064 1
7 2 3060 1
4 2 3052 1
4 2 3048 1
2 2 3044 1
6 2 3044 2
6 2 3085 1
1 2 3066 1
4 2 3066 1
2 2 3065 1
3 2 3058 1
5 2 3049 1
3 2 3049 1
7 2 3117 1
3 2 3117 2
5 2 3094 1
7 2 3094 1
6 2 3112 1
3 2 3094 2
2 2 3092 1
6 2 3092 1
4 2 3092 2
1 2 3091 1
7 2 3090 1
6 2 3102 1
2 2 3102 2
4 2 3089 1
3 2 3100 1
4 2 3100 1
1 2 3104 1
3 2 3088 1
1 2 3099 1
4 2 3099 1
4 2 3117 1
7 2 3117 2
3 2 3108 1
8 2 3095 1
6 2 3093 1
4 2 3093 2
7 2 3083 1
4 2 3083 2
6 2 3070 1
7 2 3046 1
3 2 3045 1
1 2 3043 1
2 2 3023 1
3 2 3011 1
1 2 3008 1
5 2 2996 1
6 2 2934 1
4 2 2934 1
4 2 3070 1
4 2 3071 1
5 2 3068 1
8 2 3061 1
3 2 3061 1
2 2 3069 1
8 2 3067 1
3 2 3064 1
5 2 3045 1
1 2 3045 2
4 2 3044 1
7 2 3036 1
6 2 3035 1
7 2 3019 1
7 2 3002 1
4 2 3002 1
8 2 3038 1
1 2 3058 1
3 2 3038 1
3 2 3033 1
7 2 3032 1
5 2 3032 1
8 2 3057 1
3 2 3028 1
8 2 3028 2
1 2 3055 1
5 2 3026 1
7 2 3020 1
5 2 2999 1
2 2 2997 1
3 2 2996 1
6 2 2996 1
1 2 3015 1
8 2 3014 1
3 2 3007 1
1 2 2996 2
3 2 2988 1
6 2 2985 1
6 2 2982 1
8 2 2981 1
4 2 2980 1
5 2 2980 1
3 2 2986 1
7 2 2986 1
3 2 3049 1
1 2 3049 1
4 2 3058 1
4 2 3049 2
5 2 3048 1
2 2 3048 2
4 2 3037 1
8 2 3036 1
1 2 3033 1
1 2 2998 1
8 2 2985 1
7 2 2983 1
7 2 2980 1
3 2 2974 1
1 2 2967 1
6 2 2967 2
3 2 3038 1
1 2 3037 1
4 2 2992 1
6 2 2940 1
4 2 2931 1
6 2 2926 1
3 2 2921 1
6 2 2920 1
3 2 2902 1
4 2 2900 1
7 2 2899 1
6 2 2899 1
6 2 3033 1
7 2 2954 1
1 2 2950 1
2 2 2942 1
6 2 2942 1
4 2 3014 1
6 2 2976 1
2 2 2971 1
7 2 2971 1
5 2 3023 1
4 2 3023 2
7 2 3022 2
8 2 3011 1
2 2 3011 1
7 2 3011 2
1 2 3010 1
1 2 2965 1
6 2 2960 1
2 2 2955 1
3 2 2948 1
6 2 2948 1
2 2 2996 1
7 2 2948 1
7 2 2938 1
3 2 2935 1
4 2 2914 1
3 2 2903 1
7 2 2903 2
7 2 2990 1
3 2 2934 1
1 2 2912 1
6 2 2896 1
2 2 2893 1
1 2 2883 1
8 2 2882 1
4 2 2880 1
3 2 2879 1
8 2 2836 1
4 2 2827 1
1 2 2824 1
4 2 2823 1
6 2 2801 1
1 2 2797 1
5 2 2788 1
6 2 2788 1
4 2 2887 1
1 2 2883 1
4 2 2977 1
6 2 2976 1
2 2 2966 1
1 2 2966 1
4 2 2974 1
1 2 2974 1
3 2 2984 1
8 2 2984 1
3 2 2973 1
6 2 2972 1
2 2 2935 1
2 2 2929 1
1 2 2929 2
5 2 2968 1
8 2 2968 2
4 2 2976 1
7 2 2967 1
4 2 2967 2
5 2 2932 1
1 2 2918 1
7 2 2916 1
8 2 2914 1
1 2 2909 1
3 2 2902 1
5 2 2888 1
1 2 2888 2
3 2 2958 1
5 2 2958 1
6 2 2958 2
2 2 2957 1
4 2 2922 1
7 2 2922 2
2 2 2912 1
3 2 2906 1
2 2 2905 1
2 2 2887 2
8 2 2881 1
1 2 2880 1
7 2 2878 1
6 2 2878 1
1 2 2883 2
8 2 2878 2
7 2 2945 1
5 2 2912 1
5 2 2902 1
4 2 2899 1
7 2 2894 1
2 2 2880 1
4 2 2875 1
2 2 2875 1
5 2 2939 2
3 2 2937 1
5 2 2894 1
1 2 2872 1
3 2 2872 1
5 2 2891 2
6 2 2868 1
3 2 2866 1
6 2 2851 1
5 2 2845 1
1 2 2841 1
4 2 2838 1
3 2 2838 2
8 2 2839 1
2 2 2838 1
6 2 2820 1
5 2 2820 1
7 2 2834 1
3 2 2833 1
8 2 2832 1
7 2 2826 1
8 2 2826 2
3 2 2818 1
6 2 2812 1
7 2 2812 2
7 2 2889 1
4 2 2889 1
5 2 2889 2
6 2 2888 1
4 2 2887 1
3 2 2887 1
8 2 2886 1
8 2 2881 1
3 2 2881 1
6 2 2877 1
1 2 2874 1
6 2 2874 1
4 2 2882 1
2 2 2882 2
5 2 2881 1
3 2 2874 1
4 2 2873 1
7 2 2873 1
8 2 2873 2
2 2 2836 1
7 2 2836 1
2 2 2869 1
7 2 2869 2
2 2 2831 1
6 2 2823 1
5 2 2823 1
3 2 2865 1
4 2 2831 1
2 2 2883 1
8 2 2883 2
2 2 2846 1
5 2 2839 1
3 2 2839 2
6 2 2843 1
4 2 2821 1
1 2 2804 1
3 2 2787 1
7 2 2824 1
3 2 2824 1
5 2 2850 1
7 2 2837 1
5 2 2836 1
4 2 2830 1
1 2 2826 1
6 2 2806 1
3 2 2806 2
1 2 2844 1
7 2 2843 1
1 2 2828 1
5 2 2800 1
5 2 2794 1
4 2 2787 1
2 2 2787 2
2 2 2813 2
8 2 2804 1
5 2 2802 1
2 2 2798 1
4 2 2802 1
4 2 2792 1
7 2 2791 1
8 2 2786 2
2 2 2798 1
3 2 2798 1
8 2 2798 2
7 2 2785 1
1 2 2781 1
7 2 2777 1
3 2 2756 1
7 2 2754 1
5 2 2753 1
5 2 2745 1
1 2 2744 1
8 2 2731 1
3 2 2723 1
2 2 2723 1
3 2 2769 1
6 2 2769 1
6 2 2770 1
4 2 2770 2
3 2 2756 1
5 2 2750 1
7 2 2750 1
1 2 2766 1
5 2 2764 1
6 2 2805 1
5 2 2805 1
8 2 2832 1
3 2 2805 2
7 2 2801 1
4 2 2777 1
5 2 2777 1
5 2 2801 1
7 2 2801 1
6 2 2826 1
4 2 2820 1
1 2 2820 1
8 2 2801 1
3 2 2801 1
8 2 2823 1
2 2 2819 2
6 2 2818 2
4 2 2806 1
5 2 2789 1
4 2 2786 1
5 2 2782 1
7 2 2782 1
2 2 2813 2
6 2 2812 2
7 2 2795 1
1 2 2787 1
7 2 2779 1
2 2 2779 1
3 2 2796 1
3 2 2785 1
3 2 2760 1
8 2 2760 1
5 2 2782 1
2 2 2770 1
5 2 2770 1
2 2 2796 1
4 2 2790 1
8 2 2784 1
5 2 2784 2
1 2 2780 1
6 2 2780 2
3 2 2770 2
8 2 2756 1
6 2 2749 2
1 2 2784 1
2 2 2776 1
2 2 2758 1
1 2 2748 1
8 2 2721 1
7 2 2711 1
1 2 2707 1
3 2 2706 1
2 2 2698 1
3 2 2698 1
8 2 2768 1
5 2 2741 1
6 2 2736 1
7 2 2723 1
6 2 2722 1
5 2 2702 1
5 2 2679 1
2 2 2677 1
1 2 2672 1
2 2 2672 1
7 2 2756 1
8 2 2755 1
8 2 2734 1
2 2 2728 1
3 2 2758 1
1 2 2754 1
2 2 2733 1
5 2 2723 1
1 2 2699 1
4 2 2695 1
8 2 2695 2
7 2 2696 1
8 2 2696 2
2 2 2726 1
8 2 2718 1
6 2 2717 1
3 2 2696 1
8 2 2691 1
3 2 2671 1
2 2 2660 1
5 2 2659 1
8 2 2652 1
5 2 2648 1
7 2 2648 2
6 2 2715 1
1 2 2707 1
2 2 2689 1
2 2 2686 1
3 2 2640 1
2 2 2633 1
7 2 2625 1
6 2 2624 1
4 2 2623 1
1 2 2621 1
2 2 2618 1
5 2 2607 1
6 2 2585 1
3 2 2585 1
3 2 2676 1
8 2 2632 1
3 2 2626 1
3 2 2617 1
2 2 2617 1
5 2 2668 1
2 2 2667 1
5 2 2650 1
4 2 2647 1
7 2 2647 1
4 2 2708 1
6 2 2703 1
4 2 2703 2
5 2 2702 2
2 2 2705 1
2 2 2702 1
3 2 2702 1
7 2 2699 1
1 2 2699 1
3 2 2667 1
4 2 2665 1
8 2 2647 2
6 2 2665 1
1 2 2663 1
3 2 2645 1
1 2 2635 1
6 2 2635 2
7 2 2661 1
5 2 2661 2
1 2 2644 1
5 2 2629 1
2 2 2629 2
6 2 2689 1
8 2 2685 1
7 2 2683 1
2 2 2673 1
8 2 2673 1
7 2 2673 2
7 2 2670 1
7 2 2663 1
3 2 2660 1
8 2 2660 1
6 2 2661 1
2 2 2661 1
1 2 2657 1
5 2 2618 1
5 2 2584 1
3 2 2668 1
1 2 2668 1
5 2 2673 1
7 2 2627 2
7 2 2608 1
6 2 2605 1
2 2 2604 1
1 2 2598 1
3 2 2598 1
4 2 2594 1
3 2 2591 1
8 2 2590 1
2 2 2589 1
5 2 2589 1
2 2 2676 1
8 2 2629 1
2 2 2617 1
8 2 2596 1
5 2 2594 1
7 2 2582 1
6 2 2558 1
8 2 2554 1
3 2 2535 1
8 2 2535 1
4 2 2649 1
3 2 2649 1
2 2 2649 2
7 2 2648 1
5 2 2643 1
2 2 2639 1
4 2 2638 1
7 2 2612 1
1 2 2611 1
3 2 2606 1
4 2 2602 1
5 2 2602 1
7 2 2635 1
4 2 2642 1
5 2 2642 2
3 2 2635 1
2 2 2630 1
6 2 2630 2
6 2 2633 1
4 2 2629 1
8 2 2628 1
1 2 2628 1
2 2 2619 1
7 2 2615 1
1 2 2615 1
5 2 2616 1
6 2 2630 1
3 2 2630 2
3 2 2618 1
5 2 2612 1
6 2 2601 1
2 2 2615 1
8 2 2605 1
3 2 2588 1
1 2 2588 1
8 2 2612 1
3 2 2611 1
1 2 2611 1
7 2 2621 1
4 2 2590 1
8 2 2587 1
7 2 2581 1
8 2 2577 1
5 2 2556 1
1 2 2523 1
3 2 2522 1
3 2 2505 1
3 2 2501 2
1 2 2581 1
1 2 2574 1
2 2 2530 1
5 2 2530 2
8 2 2608 1
6 2 2607 1
2 2 2607 2
4 2 2578 1
6 2 2571 1
2 2 2549 1
1 2 2500 1
2 2 2500 2
8 2 2499 1
1 2 2499 2
6 2 2498 1
5 2 2498 2
4 2 2497 1
1 2 2496 1
7 2 2507 1
8 2 2500 1
2 3 2618 2
6 6 2615 2
1 6 2609 2
