20393
3918
7 2 100 11
2 2 100 14
2 2 100 26
4 2 100 34
8 2 100 49
6 2 100 54
5 2 100 58
4 2 100 62
3 2 100 78
4 2 100 79
6 2 100 80
2 2 100 93
2 2 99 12
5 2 99 19
7 2 99 18
6 2 99 24
1 2 99 30
7 2 99 29
8 2 99 36
7 2 99 40
2 2 99 41
1 2 99 50
7 2 99 65
5 2 99 66
7 2 99 92
3 2 98 3
5 2 98 31
3 2 98 37
5 2 98 36
6 2 98 44
4 2 98 46
3 2 98 48
6 2 98 51
2 2 98 62
2 2 99 63
1 2 98 73
5 2 98 80
8 2 98 83
7 2 98 85
2 2 98 84
6 2 98 92
6 2 97 13
2 2 97 15
6 2 99 16
7 2 97 21
3 2 99 21
2 2 97 23
1 2 97 25
2 2 97 25
4 2 97 29
4 2 97 35
8 2 98 34
4 2 97 48
4 2 97 56
2 2 97 70
4 2 98 70
7 2 97 71
5 2 97 76
3 2 97 80
3 2 97 86
2 2 97 94
8 2 96 5
5 2 96 18
6 2 96 22
4 2 96 37
4 2 98 38
6 2 96 52
7 2 98 52
2 2 98 53
2 2 96 96
6 2 95 5
4 2 95 8
2 2 95 11
1 2 95 16
5 2 95 21
1 2 96 20
2 2 96 20
1 2 95 33
4 2 95 39
6 2 95 62
3 2 95 70
7 2 95 78
5 2 95 82
5 2 95 96
7 2 94 4
5 2 94 6
7 2 94 22
3 2 97 23
7 2 96 24
1 2 94 23
5 2 94 26
5 2 95 25
5 2 94 28
4 2 99 27
2 2 94 30
8 2 94 31
8 2 95 30
7 2 95 30
2 2 94 33
4 2 94 36
8 2 94 38
6 2 94 49
5 2 97 50
5 2 94 51
6 2 94 53
4 2 94 59
7 2 94 66
6 2 94 73
1 2 94 77
8 2 93 19
6 2 93 43
6 2 99 42
4 2 95 42
5 2 97 41
3 2 97 43
6 2 94 42
5 2 95 44
8 2 93 62
3 2 93 78
1 2 95 79
5 2 93 79
8 2 92 7
7 2 98 8
7 2 92 13
3 2 97 12
4 2 97 13
4 2 92 34
6 2 92 34
3 2 95 35
6 2 94 35
5 2 92 42
2 2 92 41
7 2 94 39
1 2 96 38
1 2 94 39
3 2 94 38
7 2 93 41
6 2 92 50
7 2 92 52
6 2 92 54
1 2 95 55
6 2 92 59
7 2 95 58
2 2 94 59
1 2 92 69
5 2 92 76
2 2 93 75
1 2 92 77
4 2 93 78
4 2 92 81
6 2 99 83
6 2 97 82
3 2 92 93
1 2 95 92
8 2 91 11
3 2 91 30
4 2 95 32
4 2 93 31
8 2 92 29
5 2 91 39
7 2 91 40
3 2 91 64
3 2 95 63
4 2 95 64
6 2 91 63
5 2 91 71
4 2 93 72
1 2 92 72
8 2 92 72
3 2 91 78
4 2 91 77
6 2 91 84
6 2 91 91
7 2 94 92
2 2 91 95
2 2 94 96
2 2 92 95
4 2 96 94
8 2 94 95
5 2 91 96
4 2 90 1
5 2 97 2
7 2 95 2
4 2 97 3
7 2 96 1
1 2 94 2
4 2 92 2
7 2 91 2
8 2 93 1
8 2 91 2
3 2 90 19
3 2 90 42
4 2 90 42
1 2 90 54
7 2 92 54
3 2 92 55
2 2 90 63
4 2 90 64
7 2 90 64
8 2 89 9
6 2 91 9
7 2 91 9
1 2 89 12
5 2 95 11
1 2 91 11
7 2 89 18
4 2 93 18
5 2 93 17
6 2 93 17
7 2 92 18
6 2 89 24
3 2 93 23
8 2 89 24
4 2 94 26
1 2 92 26
5 2 90 23
4 2 92 25
3 2 89 23
1 2 90 24
2 2 89 22
4 2 89 24
2 2 89 31
1 2 89 35
3 2 89 37
1 2 92 37
1 2 89 46
5 2 93 47
7 2 94 48
4 2 89 58
5 2 94 57
1 2 90 59
3 2 90 58
7 2 89 79
8 2 90 79
2 2 89 83
2 2 90 82
7 2 89 83
8 2 90 83
3 2 92 82
3 2 89 97
4 2 88 4
7 2 92 6
7 2 93 6
7 2 88 27
5 2 97 27
3 2 88 27
3 2 90 28
4 2 88 32
2 2 89 31
6 2 91 32
6 2 88 32
7 2 88 31
1 2 90 32
4 2 88 43
7 2 92 43
1 2 93 44
1 2 89 42
3 2 88 47
4 2 93 46
2 2 94 45
7 2 94 46
5 2 94 47
1 2 88 53
4 2 88 68
4 2 94 68
8 2 94 69
2 2 90 67
6 2 88 70
6 2 89 69
4 2 89 70
1 2 88 75
2 2 90 76
7 2 88 74
5 2 88 77
6 2 88 79
8 2 88 81
5 2 88 83
7 2 88 90
5 2 87 12
5 2 87 22
8 2 87 45
2 2 91 46
3 2 90 46
5 2 88 45
2 2 89 46
3 2 87 46
7 2 87 57
8 2 91 55
2 2 91 57
7 2 95 58
2 2 93 57
2 2 87 64
3 2 87 67
2 2 92 67
1 2 91 66
3 2 89 65
4 2 89 66
6 2 93 65
3 2 88 67
5 2 87 69
5 2 87 72
6 2 87 73
3 2 92 72
1 2 87 77
7 2 92 76
4 2 87 82
7 2 87 95
5 2 86 21
8 2 90 20
6 2 86 21
5 2 91 21
7 2 91 20
6 2 89 21
2 2 86 22
1 2 86 26
6 2 86 27
2 2 91 27
8 2 92 28
3 2 92 28
6 2 90 28
2 2 89 28
3 2 86 27
1 2 88 29
1 2 86 34
7 2 89 35
5 2 89 36
7 2 86 42
6 2 87 40
1 2 90 38
7 2 90 38
4 2 86 50
5 2 89 52
1 2 88 49
3 2 86 52
6 2 86 57
8 2 87 57
1 2 87 58
8 2 86 63
1 2 86 64
8 2 86 82
3 2 86 83
4 2 85 5
1 2 92 4
7 2 89 4
4 2 89 3
5 2 89 6
2 2 88 6
1 2 86 6
1 2 93 7
2 2 89 5
8 2 85 6
6 2 88 6
4 2 91 7
7 2 85 22
5 2 85 39
6 2 91 40
8 2 85 46
6 2 87 47
4 2 90 48
6 2 85 61
5 2 96 60
8 2 96 61
4 2 94 61
2 2 89 61
6 2 87 62
6 2 85 70
7 2 85 76
8 2 85 91
2 2 97 90
5 2 92 90
8 2 84 5
7 2 84 18
5 2 84 19
4 2 84 24
5 2 84 28
2 2 84 37
3 2 84 43
6 2 85 44
2 2 86 44
5 2 84 61
2 2 84 78
3 2 84 78
4 2 85 78
5 2 85 77
1 2 89 76
8 2 85 79
2 2 87 81
2 2 85 79
3 2 85 80
5 2 84 86
3 2 92 85
7 2 84 90
8 2 88 91
2 2 84 91
3 2 90 90
2 2 86 91
2 2 83 5
8 2 89 7
8 2 87 6
6 2 83 30
1 2 83 30
1 2 83 39
1 2 87 40
4 2 83 40
4 2 83 58
8 2 87 59
6 2 86 59
1 2 83 63
8 2 83 74
4 2 82 49
3 2 89 48
1 2 89 47
4 2 82 57
1 2 84 57
3 2 82 64
1 2 83 65
5 2 82 63
8 2 82 66
8 2 89 66
4 2 88 66
2 2 82 69
4 2 93 68
3 2 89 68
1 2 89 69
7 2 90 68
6 2 90 68
8 2 82 71
5 2 88 71
4 2 91 72
5 2 85 72
1 2 86 72
2 2 84 72
1 2 83 70
3 2 83 70
3 2 82 74
1 2 83 75
7 2 91 74
8 2 91 74
4 2 89 74
8 2 84 76
6 2 82 77
8 2 82 78
1 2 82 93
5 2 91 94
1 2 89 94
5 2 83 92
2 2 82 92
5 2 82 94
5 2 81 20
8 2 81 21
6 2 82 20
1 2 83 19
3 2 82 19
1 2 87 20
2 2 82 21
5 2 81 24
4 2 81 31
5 2 82 29
4 2 82 28
3 2 81 32
7 2 90 33
2 2 93 33
3 2 90 33
2 2 81 40
3 2 83 41
8 2 83 42
3 2 81 55
5 2 91 54
5 2 87 55
2 2 91 55
7 2 91 56
6 2 89 55
4 2 89 55
2 2 81 54
6 2 81 55
3 2 83 53
2 2 81 63
1 2 84 62
4 2 83 62
6 2 84 61
8 2 81 75
6 2 81 74
4 2 81 95
4 2 80 4
8 2 86 4
1 2 80 17
4 2 90 17
8 2 88 17
6 2 84 16
2 2 90 15
3 2 88 14
8 2 89 15
5 2 89 15
5 2 93 16
3 2 86 17
5 2 82 16
2 2 87 15
2 2 84 15
4 2 80 21
3 2 81 22
4 2 80 26
4 2 85 25
7 2 87 26
7 2 82 25
3 2 80 29
2 2 80 32
1 2 80 38
1 2 85 37
4 2 85 37
6 2 80 45
2 2 87 43
8 2 87 43
8 2 82 45
6 2 85 44
3 2 85 43
8 2 84 44
7 2 82 45
2 2 80 45
3 2 80 48
5 2 80 49
1 2 82 49
5 2 87 48
8 2 84 51
1 2 84 52
8 2 80 48
5 2 81 47
2 2 86 49
2 2 80 61
2 2 82 62
3 2 82 63
2 2 81 61
7 2 80 65
3 2 80 80
2 2 88 81
7 2 85 79
2 2 83 81
1 2 84 82
3 2 81 80
5 2 81 81
7 2 87 80
2 2 80 79
3 2 84 80
6 2 80 78
2 2 80 77
4 2 80 81
7 2 81 82
4 2 83 83
2 2 85 84
8 2 85 84
7 2 83 84
8 2 80 93
6 2 80 94
1 2 79 4
4 2 81 3
8 2 87 3
2 2 91 2
1 2 80 3
4 2 82 2
6 2 85 1
4 2 84 1
1 2 81 2
8 2 85 2
1 2 84 1
4 2 79 33
2 2 79 41
3 2 81 40
5 2 81 40
7 2 81 39
1 2 79 45
2 2 79 59
2 2 83 58
8 2 79 62
5 2 79 65
4 2 79 64
8 2 79 66
2 2 79 73
3 2 82 72
5 2 80 72
6 2 79 74
2 2 88 75
3 2 79 76
7 2 79 81
3 2 79 82
6 2 79 92
7 2 80 92
1 2 79 93
6 2 86 94
2 2 78 19
1 2 81 20
6 2 85 18
2 2 78 34
4 2 83 34
1 2 78 60
7 2 78 69
8 2 82 70
5 2 82 71
8 2 81 71
8 2 78 71
6 2 78 85
3 2 78 86
7 2 78 86
2 2 89 85
8 2 77 22
7 2 79 23
8 2 81 24
5 2 77 24
3 2 77 34
8 2 85 35
8 2 86 34
6 2 80 33
2 2 80 33
4 2 84 34
1 2 80 33
4 2 79 35
5 2 77 49
3 2 77 59
3 2 78 60
7 2 77 59
4 2 77 67
3 2 77 84
6 2 77 86
2 2 77 94
7 2 81 94
1 2 76 34
4 2 76 41
3 2 77 40
1 2 77 41
6 2 80 42
6 2 77 41
5 2 77 42
5 2 76 47
4 2 76 48
1 2 79 47
3 2 76 62
8 2 76 61
6 2 77 62
4 2 76 71
1 2 80 72
2 2 76 77
7 2 76 78
5 2 77 77
3 2 76 80
4 2 78 79
2 2 76 96
5 2 87 96
5 2 75 60
5 2 76 60
1 2 75 68
5 2 82 67
8 2 78 68
5 2 80 69
6 2 78 67
6 2 79 68
2 2 81 67
2 2 83 66
4 2 83 67
7 2 80 67
1 2 79 67
2 2 76 68
2 2 78 67
5 2 77 67
3 2 75 96
5 2 79 95
8 2 85 96
6 2 89 96
4 2 74 5
4 2 81 6
7 2 85 7
4 2 83 7
5 2 87 8
2 2 86 8
1 2 87 9
7 2 85 8
1 2 84 8
8 2 83 8
7 2 88 9
4 2 83 9
2 2 81 7
6 2 78 4
6 2 79 3
6 2 80 2
6 2 77 6
7 2 81 8
8 2 74 6
5 2 76 6
5 2 74 21
2 2 77 21
5 2 77 20
4 2 74 21
1 2 74 37
6 2 80 38
1 2 74 41
8 2 77 40
7 2 74 43
7 2 75 42
4 2 75 41
6 2 75 43
3 2 78 44
5 2 79 45
8 2 75 43
5 2 77 44
7 2 75 44
1 2 74 50
1 2 76 50
2 2 78 49
2 2 76 50
2 2 74 60
3 2 74 74
8 2 75 75
5 2 80 74
8 2 74 85
5 2 76 84
1 2 80 83
2 2 78 85
2 2 76 85
4 2 74 92
7 2 76 92
1 2 74 92
4 2 74 96
2 2 85 97
5 2 77 97
6 2 73 28
7 2 81 30
7 2 80 27
6 2 80 26
1 2 80 25
2 2 79 27
6 2 76 29
5 2 76 30
1 2 75 30
4 2 73 28
1 2 77 29
3 2 73 27
5 2 73 29
1 2 73 31
4 2 75 30
7 2 73 30
7 2 77 32
7 2 75 31
4 2 73 32
7 2 73 34
2 2 82 35
7 2 77 35
7 2 82 36
3 2 82 36
2 2 77 36
2 2 73 40
7 2 74 40
6 2 73 52
7 2 82 53
2 2 84 53
4 2 84 54
5 2 78 53
8 2 81 53
3 2 75 53
4 2 80 52
6 2 80 51
1 2 74 53
2 2 78 55
3 2 80 55
7 2 77 55
3 2 81 56
6 2 79 54
5 2 75 52
7 2 78 51
6 2 76 51
3 2 85 50
5 2 77 51
3 2 75 51
4 2 75 52
6 2 73 64
2 2 73 65
4 2 75 65
5 2 73 69
7 2 74 68
7 2 75 69
4 2 75 68
1 2 75 68
8 2 72 23
4 2 72 29
1 2 74 28
3 2 72 45
4 2 74 47
6 2 72 46
3 2 73 48
3 2 74 49
7 2 72 50
4 2 72 51
3 2 72 52
5 2 72 55
2 2 73 54
8 2 78 56
3 2 82 56
8 2 76 54
2 2 72 63
6 2 72 68
1 2 72 72
8 2 72 91
7 2 85 91
7 2 81 90
8 2 71 30
5 2 71 31
5 2 71 39
6 2 71 58
3 2 77 58
6 2 78 57
8 2 71 68
7 2 71 71
4 2 71 74
5 2 77 75
5 2 74 73
2 2 74 75
6 2 72 75
7 2 72 75
2 2 75 76
6 2 73 75
7 2 71 80
8 2 76 80
4 2 73 80
1 2 73 80
3 2 73 81
3 2 70 27
8 2 74 27
6 2 71 26
2 2 83 25
6 2 79 25
7 2 72 27
4 2 73 26
8 2 73 25
7 2 73 27
8 2 74 28
2 2 70 31
6 2 70 36
1 2 70 51
4 2 70 57
8 2 79 57
8 2 70 56
4 2 73 57
3 2 75 56
7 2 70 55
3 2 70 57
5 2 72 57
8 2 74 58
3 2 78 59
4 2 74 58
3 2 70 60
8 2 77 59
1 2 70 73
3 2 72 73
8 2 70 82
1 2 70 92
2 2 77 91
1 2 83 90
8 2 77 91
7 2 76 91
3 2 70 93
1 2 69 33
8 2 75 34
5 2 70 33
5 2 77 34
1 2 70 34
3 2 75 34
7 2 69 34
1 2 69 45
2 2 73 44
5 2 69 45
7 2 69 45
2 2 69 46
5 2 70 48
5 2 69 47
8 2 69 49
1 2 69 48
5 2 69 55
1 2 69 58
5 2 69 59
2 2 81 60
4 2 69 65
4 2 71 65
1 2 80 65
3 2 69 64
4 2 79 65
2 2 79 65
3 2 79 66
7 2 75 65
8 2 69 65
8 2 74 65
8 2 69 80
6 2 72 80
4 2 72 79
8 2 76 78
2 2 75 78
3 2 68 43
1 2 72 42
2 2 68 60
7 2 74 59
1 2 68 80
3 2 68 83
4 2 75 82
8 2 75 83
6 2 75 82
6 2 69 84
1 2 74 85
2 2 68 93
2 2 79 94
8 2 70 93
2 2 74 93
7 2 72 93
7 2 78 94
1 2 68 97
5 2 73 96
8 2 67 29
1 2 67 35
1 2 77 36
3 2 75 35
1 2 74 35
5 2 72 35
2 2 67 38
3 2 67 39
3 2 79 39
8 2 78 39
3 2 71 40
2 2 75 39
5 2 70 40
3 2 68 38
1 2 74 37
2 2 75 38
4 2 75 39
7 2 67 39
1 2 68 40
3 2 67 49
4 2 68 48
2 2 67 51
1 2 67 55
7 2 72 54
5 2 70 55
4 2 67 75
4 2 72 74
5 2 72 76
3 2 67 80
3 2 73 81
8 2 73 82
5 2 68 79
4 2 73 79
7 2 67 84
4 2 67 84
5 2 82 85
8 2 82 86
6 2 67 93
4 2 66 40
4 2 66 43
6 2 72 42
1 2 66 43
5 2 73 42
2 2 72 42
5 2 68 42
3 2 70 42
8 2 68 43
1 2 67 43
3 2 69 44
3 2 66 43
4 2 67 44
7 2 66 42
3 2 66 56
4 2 67 55
1 2 68 55
5 2 66 66
6 2 67 67
2 2 68 68
3 2 70 69
3 2 71 69
8 2 66 67
6 2 66 74
1 2 71 72
8 2 74 71
6 2 74 72
5 2 71 71
3 2 66 73
4 2 68 72
7 2 66 74
2 2 67 73
6 2 66 84
4 2 66 93
5 2 65 35
5 2 67 35
5 2 65 39
6 2 65 46
4 2 68 45
6 2 68 46
4 2 65 56
1 2 65 58
1 2 67 60
3 2 72 61
7 2 67 60
8 2 65 59
8 2 65 74
3 2 65 82
2 2 65 83
4 2 67 83
6 2 65 83
2 2 64 29
5 2 66 28
2 2 70 26
6 2 69 29
1 2 71 28
4 2 64 30
8 2 66 30
1 2 64 37
7 2 73 38
7 2 65 37
6 2 65 38
5 2 71 38
4 2 64 47
1 2 64 62
6 2 68 61
1 2 72 62
4 2 70 60
2 2 66 61
6 2 64 81
7 2 64 83
5 2 67 82
3 2 63 4
4 2 63 33
4 2 67 33
3 2 75 32
6 2 71 32
7 2 71 33
6 2 66 32
6 2 63 33
3 2 63 43
8 2 63 56
7 2 63 96
3 2 69 95
5 2 70 95
6 2 73 94
1 2 70 94
2 2 76 95
8 2 66 96
6 2 70 95
8 2 69 95
2 2 65 96
6 2 62 31
1 2 64 30
2 2 67 29
2 2 65 30
5 2 64 29
5 2 62 35
8 2 63 34
2 2 63 33
4 2 62 41
8 2 62 43
3 2 62 45
5 2 62 46
2 2 65 47
2 2 72 47
6 2 71 47
7 2 71 47
8 2 70 47
2 2 62 45
4 2 69 46
5 2 62 44
2 2 66 45
2 2 62 51
6 2 68 50
8 2 62 54
1 2 77 53
2 2 72 54
7 2 67 53
8 2 66 55
4 2 65 53
2 2 71 53
7 2 70 53
5 2 73 53
2 2 73 54
5 2 64 54
4 2 70 53
4 2 62 57
7 2 64 56
2 2 63 55
1 2 66 56
3 2 62 65
3 2 64 64
5 2 70 63
5 2 75 63
6 2 62 72
7 2 69 71
3 2 75 70
7 2 75 71
5 2 63 71
5 2 74 70
1 2 71 70
7 2 71 70
4 2 71 71
8 2 62 78
3 2 62 96
1 2 62 95
4 2 64 94
7 2 64 95
6 2 64 96
6 2 63 94
2 2 62 97
5 2 61 42
5 2 62 41
2 2 62 42
6 2 61 47
4 2 62 48
5 2 67 49
3 2 61 56
8 2 65 56
3 2 61 59
1 2 63 58
3 2 61 63
7 2 61 79
2 2 61 95
8 2 60 36
2 2 61 37
3 2 67 36
2 2 66 36
1 2 60 41
4 2 60 42
7 2 60 52
2 2 60 54
4 2 60 69
3 2 63 69
6 2 60 74
6 2 68 75
8 2 72 76
7 2 72 77
8 2 62 75
2 2 65 76
3 2 67 75
1 2 66 75
8 2 60 75
2 2 59 41
5 2 59 43
7 2 59 43
5 2 59 62
3 2 65 63
5 2 66 64
5 2 71 63
2 2 70 63
8 2 70 63
1 2 65 63
6 2 68 62
4 2 60 63
8 2 59 63
6 2 59 62
4 2 67 61
1 2 59 80
1 2 65 81
7 2 63 79
4 2 63 80
4 2 59 81
7 2 67 82
5 2 67 82
1 2 59 94
6 2 65 93
1 2 70 92
7 2 70 92
5 2 69 92
6 2 58 1
8 2 79 2
5 2 80 1
4 2 78 2
5 2 78 3
7 2 82 4
5 2 81 4
8 2 79 4
2 2 76 2
5 2 75 2
7 2 74 2
2 2 79 4
6 2 73 2
4 2 72 2
5 2 71 2
8 2 70 2
3 2 72 1
2 2 69 2
3 2 67 2
6 2 66 2
5 2 65 2
3 2 64 2
4 2 63 2
2 2 62 2
3 2 61 2
8 2 60 2
4 2 59 2
6 2 58 37
8 2 59 37
6 2 70 36
3 2 69 38
2 2 64 38
3 2 58 52
5 2 58 53
3 2 59 52
2 2 58 72
3 2 59 72
2 2 64 71
6 2 64 71
1 2 63 70
8 2 60 72
4 2 62 71
5 2 62 73
1 2 62 74
5 2 59 73
7 2 59 74
8 2 57 1
3 2 57 5
4 2 75 7
4 2 79 8
2 2 79 9
1 2 93 10
2 2 84 10
7 2 83 10
5 2 83 10
1 2 82 10
8 2 81 10
7 2 79 10
5 2 76 8
6 2 75 8
4 2 74 5
1 2 74 7
6 2 71 6
4 2 72 7
4 2 70 6
5 2 69 4
2 2 68 6
5 2 67 6
7 2 66 6
6 2 65 6
4 2 64 6
6 2 71 5
1 2 71 5
5 2 63 6
8 2 62 6
2 2 61 6
7 2 65 7
1 2 70 8
4 2 73 9
5 2 74 10
8 2 80 11
2 2 82 12
3 2 86 13
5 2 84 13
7 2 81 12
1 2 80 12
2 2 77 11
7 2 77 12
2 2 81 13
5 2 81 14
8 2 78 13
4 2 85 14
2 2 84 14
7 2 79 14
1 2 84 16
5 2 84 17
2 2 79 15
6 2 73 10
1 2 72 9
4 2 70 9
4 2 74 10
6 2 69 8
4 2 68 8
1 2 67 8
2 2 66 8
5 2 65 8
4 2 58 4
3 2 59 6
6 2 58 6
5 2 57 6
4 2 57 29
7 2 66 28
4 2 70 27
5 2 61 30
7 2 59 30
1 2 58 30
8 2 57 30
5 2 57 39
1 2 60 38
4 2 57 45
1 2 61 45
8 2 61 46
3 2 60 44
4 2 60 46
6 2 59 45
8 2 60 44
6 2 60 46
5 2 64 47
7 2 57 57
8 2 57 64
6 2 64 65
6 2 65 65
1 2 63 65
4 2 57 68
1 2 65 67
4 2 64 67
6 2 57 67
8 2 57 77
2 2 71 77
2 2 67 78
3 2 68 78
2 2 66 76
1 2 65 76
6 2 63 76
3 2 60 77
4 2 68 78
6 2 57 77
5 2 62 76
6 2 58 76
5 2 59 77
7 2 61 77
5 2 61 78
2 2 63 78
6 2 63 78
5 2 57 95
1 2 63 93
2 2 56 39
7 2 57 39
1 2 56 39
1 2 56 43
3 2 56 47
2 2 56 53
2 2 56 70
7 2 56 72
3 2 60 71
7 2 56 77
4 2 56 83
7 2 60 84
1 2 78 85
7 2 70 85
4 2 77 86
4 2 55 4
6 2 55 39
5 2 55 44
8 2 55 43
2 2 55 56
7 2 57 55
1 2 57 56
1 2 61 56
6 2 55 79
1 2 59 78
4 2 57 79
6 2 55 81
5 2 61 80
4 2 63 81
4 2 65 82
7 2 57 80
7 2 55 81
6 2 55 81
5 2 54 37
3 2 57 36
1 2 58 35
8 2 54 42
8 2 56 42
4 2 54 44
2 2 54 43
7 2 54 45
2 2 54 58
8 2 61 59
6 2 57 58
7 2 60 58
2 2 57 57
3 2 57 58
5 2 54 65
7 2 58 64
8 2 54 66
4 2 54 72
4 2 54 78
6 2 55 79
5 2 54 85
6 2 67 85
1 2 63 85
5 2 57 83
3 2 54 91
1 2 72 90
1 2 64 90
3 2 61 92
3 2 59 90
5 2 58 90
8 2 62 92
8 2 60 90
6 2 58 90
4 2 58 91
5 2 59 90
8 2 62 91
6 2 57 92
1 2 53 37
3 2 53 41
1 2 54 40
7 2 58 39
4 2 57 38
6 2 57 39
7 2 53 42
8 2 53 47
3 2 53 59
1 2 65 60
5 2 54 59
4 2 54 59
8 2 53 60
4 2 65 62
7 2 61 62
4 2 56 59
6 2 53 60
4 2 58 61
4 2 61 60
3 2 58 62
3 2 56 61
8 2 55 61
5 2 53 61
8 2 62 62
7 2 62 62
6 2 54 62
4 2 59 62
2 2 59 63
4 2 58 63
1 2 53 73
4 2 52 5
7 2 69 4
4 2 55 6
3 2 55 7
6 2 63 8
7 2 63 9
1 2 68 10
8 2 73 11
1 2 70 11
4 2 77 13
5 2 72 12
2 2 75 13
7 2 83 14
4 2 78 13
5 2 77 12
8 2 77 13
7 2 75 14
4 2 82 15
8 2 76 15
5 2 78 16
4 2 75 15
2 2 77 16
6 2 71 12
4 2 68 11
6 2 67 10
8 2 68 12
4 2 69 13
1 2 79 15
5 2 70 14
1 2 75 16
2 2 73 15
7 2 74 16
6 2 69 14
1 2 68 13
4 2 70 13
4 2 66 10
1 2 65 10
2 2 64 10
5 2 63 10
4 2 62 8
5 2 61 8
2 2 59 8
1 2 58 8
3 2 57 8
6 2 56 8
5 2 55 8
2 2 54 6
3 2 53 6
8 2 52 6
7 2 52 54
4 2 60 54
1 2 60 53
8 2 55 54
2 2 52 54
3 2 57 55
5 2 56 56
7 2 58 56
8 2 55 54
4 2 56 56
2 2 56 56
4 2 54 54
8 2 52 74
5 2 56 75
6 2 55 75
3 2 55 76
8 2 53 74
5 2 53 74
7 2 52 75
8 2 52 83
8 2 51 40
3 2 51 42
5 2 51 68
7 2 52 67
5 2 57 66
8 2 61 65
2 2 59 66
3 2 56 66
4 2 52 66
3 2 60 67
2 2 51 74
6 2 58 73
6 2 51 92
3 2 57 92
4 2 51 91
6 2 65 90
6 2 63 91
3 2 62 90
5 2 56 92
1 2 55 92
6 2 55 93
1 2 53 92
5 2 51 95
3 2 56 94
7 2 55 94
3 2 52 95
8 2 55 96
7 2 51 94
4 2 61 93
2 2 53 93
8 2 61 94
3 2 60 94
4 2 51 95
7 2 52 96
5 2 55 96
7 2 53 96
8 2 52 96
5 2 50 1
4 2 57 1
3 2 56 1
8 2 55 1
5 2 54 1
8 2 50 63
1 2 55 63
6 2 54 63
7 2 50 68
5 2 55 69
7 2 63 70
7 2 61 69
3 2 51 67
6 2 58 68
4 2 61 69
2 2 61 69
7 2 57 68
8 2 57 68
7 2 51 66
2 2 61 65
1 2 50 67
3 2 50 77
4 2 49 29
3 2 60 31
4 2 58 28
2 2 58 31
4 2 57 31
2 2 56 29
8 2 55 29
4 2 60 28
2 2 66 27
7 2 55 30
2 2 54 30
4 2 53 30
5 2 50 30
6 2 52 29
6 2 49 30
7 2 49 51
2 2 60 50
7 2 61 50
7 2 51 50
6 2 57 49
3 2 59 51
6 2 49 64
3 2 53 65
6 2 49 72
5 2 50 70
3 2 49 72
1 2 49 92
1 2 49 97
3 2 50 96
1 2 48 29
4 2 50 28
5 2 67 27
2 2 67 26
2 2 75 25
7 2 61 27
4 2 68 26
5 2 69 25
8 2 56 28
1 2 49 28
1 2 65 26
4 2 51 27
4 2 60 26
8 2 57 27
2 2 57 27
1 2 50 27
7 2 61 26
7 2 63 25
4 2 61 25
4 2 62 24
5 2 71 23
4 2 55 26
8 2 58 26
4 2 52 26
5 2 58 25
7 2 63 24
1 2 71 24
3 2 71 24
7 2 69 23
3 2 75 23
7 2 70 22
7 2 73 22
3 2 73 21
7 2 73 20
2 2 72 21
4 2 63 23
1 2 69 22
8 2 59 25
1 2 55 27
8 2 54 27
1 2 51 26
1 2 56 27
1 2 52 25
5 2 48 44
7 2 58 45
6 2 50 43
8 2 52 44
1 2 48 47
3 2 48 51
1 2 50 50
2 2 62 51
7 2 62 51
3 2 56 49
4 2 56 49
7 2 59 48
6 2 55 49
6 2 63 48
1 2 63 48
4 2 63 49
5 2 54 49
2 2 48 71
5 2 48 72
3 2 48 96
8 2 48 97
6 2 47 48
3 2 57 47
8 2 57 46
5 2 57 48
1 2 53 47
4 2 48 47
3 2 48 47
8 2 54 46
1 2 52 46
2 2 53 46
2 2 54 45
4 2 53 45
2 2 51 47
5 2 47 61
7 2 51 61
5 2 59 60
2 2 59 60
4 2 51 61
4 2 47 72
1 2 53 73
4 2 46 29
1 2 46 49
5 2 49 50
6 2 46 51
5 2 48 51
1 2 57 52
8 2 56 53
4 2 56 53
8 2 55 52
4 2 46 56
5 2 51 56
4 2 48 55
7 2 53 53
6 2 51 54
1 2 50 54
5 2 50 55
5 2 51 54
4 2 46 59
8 2 51 61
2 2 48 60
1 2 50 59
5 2 46 81
4 2 50 81
7 2 46 83
3 2 55 82
5 2 47 84
8 2 58 85
7 2 71 85
8 2 55 84
6 2 45 1
1 2 45 29
8 2 49 28
4 2 45 46
4 2 46 47
3 2 45 49
1 2 45 55
2 2 48 57
5 2 45 57
6 2 45 70
8 2 58 70
1 2 59 70
3 2 59 71
2 2 50 69
4 2 45 74
2 2 46 73
3 2 46 74
8 2 45 76
5 2 51 75
2 2 49 77
5 2 49 78
7 2 44 47
2 2 47 48
6 2 45 46
8 2 44 69
3 2 44 75
3 2 44 81
2 2 57 80
4 2 52 80
3 2 45 80
4 2 47 79
7 2 43 57
1 2 44 57
8 2 47 57
3 2 55 58
4 2 55 58
6 2 55 59
8 2 53 58
3 2 47 58
6 2 47 59
4 2 46 58
7 2 43 74
1 2 49 76
3 2 48 72
1 2 47 75
1 2 43 73
6 2 47 72
1 2 43 76
6 2 50 77
3 2 43 77
6 2 43 92
1 2 53 93
8 2 51 92
6 2 47 92
7 2 43 95
4 2 46 96
2 2 50 95
4 2 47 95
2 2 47 96
3 2 43 94
2 2 50 93
4 2 42 51
8 2 51 50
6 2 44 51
7 2 46 52
2 2 49 51
6 2 51 52
5 2 52 51
2 2 51 52
4 2 50 52
8 2 42 61
5 2 48 60
8 2 47 60
3 2 45 60
7 2 47 59
4 2 45 60
5 2 45 60
5 2 46 59
1 2 46 60
3 2 46 61
7 2 42 65
4 2 49 65
3 2 48 66
5 2 51 66
2 2 45 64
1 2 44 63
4 2 42 71
4 2 42 77
4 2 47 77
6 2 53 77
3 2 50 77
8 2 47 78
2 2 46 76
6 2 42 84
4 2 57 83
6 2 53 84
5 2 63 85
5 2 55 85
4 2 55 85
1 2 51 83
5 2 55 82
7 2 51 83
8 2 50 83
2 2 54 82
7 2 44 85
1 2 52 85
7 2 43 83
5 2 42 83
1 2 46 83
2 2 47 84
7 2 41 54
6 2 44 56
2 2 46 57
4 2 46 57
6 2 42 55
4 2 41 59
2 2 41 59
7 2 42 59
7 2 44 60
6 2 44 61
6 2 41 63
6 2 43 64
6 2 48 64
7 2 47 64
7 2 41 68
2 2 41 69
3 2 41 85
6 2 41 86
5 2 47 86
7 2 41 96
1 2 42 95
8 2 47 96
5 2 40 5
6 2 62 4
3 2 54 4
6 2 50 5
4 2 59 4
1 2 55 4
6 2 54 4
3 2 55 3
5 2 56 4
3 2 40 52
4 2 40 54
7 2 49 53
7 2 46 54
8 2 45 53
2 2 45 54
8 2 40 61
4 2 40 62
8 2 41 63
7 2 41 64
5 2 43 64
5 2 46 65
2 2 47 66
6 2 40 67
3 2 40 72
7 2 48 71
5 2 45 71
1 2 45 70
7 2 40 74
1 2 40 78
4 2 40 79
4 2 40 84
8 2 41 83
7 2 40 83
6 2 40 84
6 2 40 90
7 2 60 90
2 2 60 90
3 2 40 92
2 2 39 54
5 2 39 54
3 2 39 54
4 2 39 59
6 2 40 59
7 2 39 69
3 2 42 71
3 2 40 69
5 2 45 68
7 2 39 76
5 2 41 77
8 2 44 75
6 2 44 77
1 2 39 75
4 2 39 92
7 2 44 91
1 2 60 90
5 2 43 91
8 2 41 91
2 2 47 91
5 2 59 90
4 2 54 90
3 2 42 91
4 2 48 93
5 2 38 64
3 2 38 66
2 2 42 65
8 2 44 65
1 2 44 66
6 2 38 68
4 2 38 67
1 2 38 70
4 2 38 74
5 2 38 76
4 2 47 77
5 2 47 78
7 2 37 60
8 2 37 60
4 2 41 60
1 2 39 60
8 2 37 63
7 2 37 76
1 2 45 77
2 2 40 78
1 2 40 78
7 2 39 78
1 2 36 66
6 2 36 69
6 2 37 70
8 2 50 70
2 2 39 70
7 2 39 70
2 2 36 84
5 2 36 90
4 2 36 95
1 2 47 94
5 2 38 95
3 2 39 94
1 2 39 95
1 2 47 97
5 2 41 96
7 2 37 94
7 2 41 93
6 2 35 5
2 2 55 4
1 2 48 4
3 2 35 64
6 2 39 63
5 2 39 62
7 2 35 79
5 2 35 79
4 2 43 80
1 2 45 81
6 2 40 80
5 2 40 81
2 2 39 81
7 2 35 95
1 2 34 63
2 2 37 62
7 2 37 62
1 2 37 63
8 2 34 79
3 2 34 82
1 2 33 59
4 2 35 60
3 2 35 60
1 2 33 69
6 2 44 70
7 2 33 76
6 2 38 75
3 2 34 77
1 2 34 78
4 2 37 77
3 2 33 95
1 2 34 93
7 2 34 93
1 2 39 93
6 2 34 93
4 2 34 94
7 2 33 97
3 2 44 96
3 2 32 29
6 2 43 30
8 2 51 32
1 2 59 32
5 2 58 32
7 2 56 32
1 2 55 32
8 2 54 32
4 2 53 32
3 2 63 33
7 2 52 32
1 2 62 33
4 2 50 32
8 2 49 31
4 2 47 31
4 2 44 31
4 2 60 32
5 2 60 32
8 2 59 32
2 2 49 32
6 2 46 32
1 2 43 31
5 2 46 33
2 2 55 34
7 2 54 34
2 2 56 35
1 2 53 34
4 2 60 36
3 2 59 36
4 2 51 34
7 2 50 34
8 2 50 34
4 2 48 34
4 2 42 30
8 2 43 32
4 2 44 33
5 2 50 35
2 2 48 35
6 2 44 34
5 2 44 35
5 2 53 36
2 2 52 36
8 2 58 37
7 2 51 36
1 2 50 36
7 2 55 37
7 2 47 36
1 2 41 30
2 2 40 30
1 2 42 31
5 2 39 30
2 2 43 29
7 2 38 30
5 2 42 29
1 2 46 28
6 2 48 28
5 2 52 27
5 2 44 28
8 2 50 27
6 2 52 26
6 2 42 28
2 2 46 27
6 2 49 27
5 2 45 27
6 2 37 30
4 2 36 30
5 2 35 30
2 2 33 30
1 2 32 30
6 2 32 77
2 2 32 84
7 2 37 85
7 2 34 83
8 2 36 82
4 2 35 83
7 2 32 84
5 2 39 85
3 2 34 85
4 2 32 83
1 2 31 74
1 2 45 73
5 2 36 74
8 2 34 73
6 2 34 75
4 2 34 75
7 2 30 1
7 2 31 1
6 2 52 2
1 2 49 2
5 2 51 3
7 2 48 2
2 2 47 2
6 2 46 2
6 2 50 3
7 2 42 2
2 2 41 2
1 2 40 2
5 2 43 4
2 2 37 2
1 2 36 2
5 2 32 2
4 2 31 2
5 2 30 75
6 2 32 74
2 2 32 74
3 2 29 29
3 2 33 28
6 2 30 30
3 2 30 31
1 2 43 33
5 2 29 30
2 2 34 29
7 2 44 27
2 2 29 62
5 2 32 62
1 2 30 61
5 2 29 72
3 2 32 71
7 2 43 73
1 2 29 80
1 2 34 80
3 2 32 78
8 2 32 77
4 2 32 79
5 2 31 80
3 2 31 80
7 2 29 82
4 2 29 81
8 2 29 84
3 2 45 85
1 2 30 84
3 2 28 64
5 2 28 80
8 2 28 93
6 2 30 94
6 2 28 92
4 2 41 90
6 2 41 91
3 2 30 93
5 2 27 65
7 2 35 67
7 2 27 68
4 2 27 70
4 2 30 69
8 2 27 78
1 2 31 77
2 2 35 76
1 2 34 76
5 2 27 83
5 2 27 92
5 2 32 91
3 2 48 90
2 2 48 90
1 2 51 90
7 2 46 90
6 2 46 91
1 2 44 90
3 2 39 90
2 2 29 93
3 2 26 70
5 2 33 69
3 2 30 69
5 2 29 71
2 2 37 72
2 2 26 75
3 2 28 76
6 2 26 74
6 2 30 73
3 2 40 72
4 2 26 77
1 2 25 1
6 2 30 1
2 2 29 1
5 2 37 3
5 2 35 2
6 2 35 3
6 2 33 2
7 2 25 70
1 2 26 69
5 2 27 68
5 2 39 67
1 2 39 67
6 2 26 70
7 2 25 79
3 2 25 83
1 2 28 84
1 2 25 84
2 2 40 85
7 2 40 85
2 2 25 92
1 2 32 91
1 2 29 92
2 2 36 91
4 2 25 95
5 2 30 96
7 2 29 96
4 2 31 95
1 2 30 94
6 2 32 95
7 2 30 94
4 2 29 96
5 2 29 96
6 2 31 96
2 2 27 94
3 2 31 93
4 2 27 95
4 2 24 29
8 2 38 28
4 2 42 27
7 2 45 26
8 2 58 25
8 2 53 25
5 2 67 24
1 2 64 24
2 2 68 23
8 2 66 23
7 2 64 23
7 2 66 22
1 2 70 21
2 2 73 20
8 2 71 20
3 2 77 19
2 2 75 19
2 2 84 18
4 2 79 18
6 2 75 20
8 2 76 19
7 2 71 21
4 2 64 22
4 2 65 21
4 2 67 20
4 2 54 24
2 2 63 23
8 2 60 24
1 2 53 24
4 2 55 23
8 2 61 23
8 2 65 22
6 2 59 24
4 2 59 25
1 2 54 23
4 2 56 22
8 2 64 21
8 2 62 22
2 2 62 22
5 2 61 22
2 2 56 24
1 2 55 22
4 2 57 21
8 2 64 21
4 2 64 22
4 2 59 20
4 2 71 19
4 2 68 19
1 2 74 18
7 2 76 17
7 2 74 18
8 2 65 20
2 2 68 19
3 2 76 18
5 2 76 18
7 2 71 18
1 2 58 20
4 2 60 19
8 2 66 19
1 2 59 19
4 2 61 18
2 2 78 17
4 2 70 17
4 2 72 16
8 2 69 17
8 2 67 18
1 2 60 18
4 2 65 17
4 2 62 17
1 2 63 16
7 2 62 19
1 2 61 17
6 2 62 16
4 2 65 15
1 2 64 15
4 2 66 14
1 2 65 14
2 2 63 17
5 2 62 17
8 2 63 16
8 2 62 18
5 2 63 19
1 2 62 19
1 2 56 21
6 2 57 20
6 2 58 19
6 2 59 18
6 2 60 17
6 2 63 15
4 2 27 30
3 2 27 31
1 2 41 32
4 2 41 33
6 2 40 32
3 2 45 32
7 2 45 32
4 2 39 32
1 2 38 32
2 2 37 32
7 2 35 32
6 2 34 32
5 2 32 32
8 2 31 32
4 2 31 32
2 2 30 32
1 2 29 32
2 2 26 30
3 2 25 30
3 2 24 68
1 2 24 73
5 2 30 72
7 2 26 72
3 2 28 73
2 2 37 72
4 2 37 73
8 2 36 73
2 2 27 73
8 2 29 72
4 2 29 71
8 2 25 74
4 2 25 73
8 2 24 77
3 2 29 77
2 2 27 75
2 2 28 76
2 2 26 77
7 2 24 97
4 2 23 68
2 2 36 67
8 2 30 67
3 2 30 66
8 2 41 65
3 2 41 65
4 2 30 67
5 2 23 72
4 2 25 72
5 2 23 75
6 2 23 76
4 2 21 72
7 2 22 72
5 2 21 71
8 2 25 70
2 2 25 72
7 2 25 72
1 2 25 73
1 2 22 70
4 2 21 84
3 2 38 83
5 2 24 83
3 2 22 85
3 2 38 85
3 2 23 85
5 2 29 85
2 2 21 85
4 2 21 84
1 2 32 85
5 2 21 90
7 2 27 91
8 2 20 73
1 2 20 75
7 2 24 76
8 2 22 74
2 2 21 74
3 2 20 79
8 2 23 81
7 2 20 79
4 2 18 1
5 2 26 2
6 2 28 3
5 2 55 4
8 2 52 4
2 2 51 4
7 2 40 4
8 2 42 5
6 2 41 4
5 2 46 5
7 2 57 6
1 2 48 4
4 2 48 6
4 2 50 7
4 2 53 8
3 2 53 9
6 2 61 10
7 2 61 11
4 2 67 12
1 2 66 12
6 2 65 12
1 2 63 12
2 2 62 12
5 2 61 12
4 2 61 12
4 2 60 10
8 2 58 10
2 2 57 10
1 2 56 10
5 2 56 10
3 2 55 10
6 2 54 10
5 2 53 10
2 2 52 8
3 2 51 8
6 2 48 7
3 2 47 6
8 2 46 6
2 2 39 4
6 2 37 4
8 2 37 4
2 2 35 4
7 2 35 5
6 2 44 6
5 2 44 7
4 2 46 8
4 2 48 9
4 2 51 10
3 2 51 11
4 2 63 12
4 2 58 12
7 2 59 13
1 2 61 14
2 2 60 14
8 2 65 16
4 2 62 16
4 2 60 14
5 2 59 14
5 2 57 12
6 2 59 14
8 2 56 12
2 2 55 12
6 2 55 12
1 2 54 12
5 2 56 13
3 2 53 12
4 2 56 14
7 2 57 15
6 2 56 15
1 2 58 16
8 2 59 17
4 2 58 17
2 2 57 16
6 2 52 12
5 2 51 12
2 2 50 10
3 2 49 10
1 2 47 9
6 2 46 9
3 2 45 8
1 2 41 6
7 2 40 6
2 2 39 6
6 2 38 6
2 2 27 3
4 2 25 2
8 2 22 2
6 2 21 2
2 2 20 2
8 2 17 79
3 2 36 80
7 2 29 80
6 2 22 78
3 2 17 79
6 2 17 83
4 2 21 83
7 2 19 83
8 2 27 82
1 2 18 83
1 2 22 82
8 2 18 83
5 2 17 90
7 2 29 90
7 2 17 94
1 2 25 94
8 2 17 94
8 2 28 96
5 2 24 95
6 2 22 93
8 2 26 93
3 2 20 93
8 2 25 95
4 2 22 92
2 2 19 93
7 2 18 96
5 2 18 97
2 2 21 96
2 2 16 80
3 2 27 79
1 2 16 90
3 2 19 91
1 2 15 5
7 2 15 79
5 2 15 79
5 2 15 85
2 2 25 85
8 2 18 85
7 2 16 85
4 2 20 84
4 2 30 85
8 2 30 86
6 2 20 85
3 2 18 84
4 2 24 86
5 2 18 85
3 2 22 86
6 2 15 84
2 2 16 83
6 2 20 81
6 2 19 83
7 2 18 82
2 2 18 83
3 2 15 94
5 2 18 93
4 2 21 93
3 2 17 95
6 2 17 96
5 2 16 94
2 2 18 93
8 2 18 94
3 2 14 76
8 2 20 74
7 2 20 74
6 2 18 75
5 2 22 76
2 2 26 77
8 2 13 84
3 2 14 85
1 2 16 86
8 2 15 86
6 2 13 86
7 2 14 85
8 2 12 79
7 2 12 95
5 2 15 96
8 2 14 94
4 2 17 93
6 2 19 93
6 2 13 94
6 2 20 94
8 2 11 90
7 2 13 90
4 2 23 92
4 2 21 91
2 2 20 92
5 2 10 79
6 2 13 80
2 2 12 80
5 2 13 80
5 2 16 81
3 2 10 95
3 2 8 84
1 2 12 85
4 2 10 85
5 2 9 84
6 2 10 83
5 2 18 82
8 2 10 82
3 2 15 81
2 2 25 80
7 2 9 83
2 2 8 96
3 2 20 97
3 2 15 96
4 2 14 96
5 2 14 97
6 2 13 97
2 2 5 85
6 2 5 85
2 2 5 97
3 2 15 96
4 2 4 90
7 2 8 90
2 2 14 90
8 2 14 91
8 2 20 91
6 2 13 91
3 2 19 91
1 2 19 92
3 2 17 91
6 2 2 1
2 2 2 90
6 2 7 90
3 2 5 90
2 2 4 90
6 2 7 91
7 2 10 91
5 2 11 90
1 2 3 90
8 2 4 91
2 2 3 91
7 2 6 92
8 2 9 93
4 2 9 94
2 2 4 90
4 2 4 90
3 2 3 92
3 2 2 90
7 2 1 90
3 2 7 91
8 2 2 91
8 3 100 87
7 3 100 98
4 3 99 87
1 3 99 98
3 3 98 87
5 3 98 98
1 3 97 87
3 3 97 98
6 3 96 87
8 3 96 98
7 3 95 87
1 3 95 98
5 3 94 87
3 3 94 98
3 3 93 87
2 3 93 98
1 3 92 87
3 3 91 87
1 3 90 87
6 3 90 98
7 3 89 87
8 3 88 87
6 3 87 87
7 3 87 98
8 3 86 87
5 3 86 98
7 3 85 98
6 3 84 98
6 3 82 87
5 3 81 87
1 3 80 87
4 3 80 98
2 3 79 87
4 3 78 87
2 3 77 87
8 3 77 98
5 3 76 87
6 3 76 98
1 3 75 87
5 3 74 87
8 3 74 98
4 3 73 98
6 3 72 98
1 3 71 87
5 3 71 98
4 3 70 98
1 3 69 87
7 3 68 87
1 3 67 87
4 3 67 98
2 3 66 87
8 3 66 98
4 3 65 14
3 3 65 87
4 3 65 98
1 3 64 98
7 3 63 87
7 3 63 98
2 3 62 19
1 3 62 98
6 3 61 18
8 3 61 22
6 3 61 87
7 3 61 98
4 3 60 87
8 3 59 40
1 3 59 87
6 3 59 98
6 3 58 44
4 2 56 44
7 3 58 98
5 3 57 16
7 2 56 17
6 2 55 17
4 2 54 17
7 3 57 87
3 3 57 98
4 3 56 12
2 3 56 48
4 3 56 98
5 3 55 51
6 3 55 87
3 3 55 98
4 3 54 98
6 3 53 34
6 3 53 87
2 3 53 98
7 3 52 87
6 3 51 87
2 3 51 98
2 3 50 48
6 2 50 48
2 3 54 50
4 3 50 87
6 3 50 98
2 3 49 45
5 2 51 43
4 2 49 43
5 3 49 87
2 3 49 98
3 3 48 34
4 3 48 51
1 2 51 50
7 2 46 50
2 2 46 50
6 2 46 51
1 3 48 58
7 3 51 57
6 3 48 87
1 3 47 87
2 3 47 98
3 3 46 87
3 3 45 67
8 3 45 69
1 3 45 87
6 3 45 98
5 3 44 87
8 3 44 98
3 3 43 62
2 3 43 82
1 3 43 87
4 3 43 98
2 3 42 71
4 3 42 87
6 3 42 98
3 3 41 87
3 3 41 98
5 3 40 49
7 3 45 50
2 3 40 48
5 3 40 87
8 3 40 98
2 3 39 55
2 3 43 56
4 3 39 64
7 3 39 87
5 3 38 58
2 2 44 57
1 2 37 57
1 2 40 56
6 2 40 57
7 2 40 57
8 2 38 56
8 2 40 57
6 2 40 57
3 2 36 58
2 3 38 87
8 3 37 33
3 3 37 66
2 2 36 65
7 3 41 65
8 3 37 69
4 3 37 98
6 3 38 98
1 3 37 98
7 3 36 98
7 3 35 73
5 3 35 86
1 2 33 86
2 3 34 33
4 3 34 87
3 3 36 87
7 3 33 68
5 3 33 81
6 3 33 98
7 3 33 98
7 3 32 4
2 3 37 3
4 3 32 31
4 3 32 87
7 3 31 1
1 3 31 4
3 2 36 4
1 2 33 5
2 2 33 6
7 2 33 7
6 2 42 8
5 2 42 9
4 2 44 10
4 2 46 11
2 2 48 12
3 2 49 13
2 2 53 14
5 2 54 15
1 2 52 14
3 2 51 14
6 2 50 14
4 2 54 15
5 2 49 14
3 2 47 12
4 2 47 12
1 2 45 11
6 2 44 11
3 2 43 10
7 2 38 8
2 2 37 8
1 2 37 8
6 2 36 8
4 3 58 16
2 3 31 87
1 3 31 98
4 3 31 98
2 3 30 4
2 3 30 70
5 3 30 87
6 3 29 98
7 3 29 98
8 3 28 71
4 3 28 84
3 3 28 98
5 3 27 62
4 3 28 64
6 2 35 65
5 2 35 64
8 2 35 65
2 2 27 64
7 2 29 63
2 2 28 63
1 2 27 63
4 2 27 63
7 2 30 63
7 3 27 81
2 3 27 81
3 2 26 81
1 2 26 82
3 3 27 86
4 3 27 87
2 3 27 98
2 3 26 87
1 3 26 98
2 3 25 73
6 3 25 84
5 3 25 87
4 3 25 98
7 3 24 76
5 3 24 86
6 3 24 87
3 3 24 98
3 3 23 87
4 3 23 92
7 3 22 87
3 3 22 98
7 3 21 86
4 3 21 98
2 3 20 87
5 3 19 70
4 2 22 70
2 2 21 70
8 3 23 72
7 3 19 72
2 3 19 98
7 3 19 98
3 3 18 86
3 3 18 98
1 3 17 87
8 3 17 98
2 3 16 87
1 3 16 98
1 3 14 98
8 3 13 80
1 2 26 78
8 2 26 79
5 2 23 80
1 2 12 78
3 3 13 87
1 3 12 85
8 3 12 87
2 3 12 92
7 3 12 98
3 3 11 1
3 2 12 1
8 2 16 2
4 2 16 3
7 2 26 4
8 2 37 4
5 2 26 4
8 2 33 5
1 2 29 5
5 2 32 6
8 2 40 6
4 2 25 4
3 2 15 2
2 2 14 2
1 2 17 4
2 2 30 4
5 2 13 2
4 2 12 2
8 2 11 1
6 2 9 1
1 2 13 3
7 2 20 4
7 2 21 4
6 2 22 5
6 2 29 6
6 2 26 4
5 2 24 6
2 2 28 7
2 2 31 8
7 2 31 9
6 2 40 10
5 2 40 11
4 2 42 12
4 2 48 13
4 2 44 13
2 2 46 14
3 2 47 15
4 2 46 15
8 2 51 16
5 2 51 17
1 2 56 18
5 2 58 19
2 2 58 20
8 2 57 19
4 2 56 19
5 2 54 18
7 2 53 18
6 2 52 18
4 2 51 18
2 2 50 16
3 2 48 16
6 2 47 16
5 2 46 16
3 2 45 14
1 2 43 13
6 2 42 13
3 2 41 12
1 2 37 10
7 2 36 10
2 2 35 10
6 2 34 10
1 2 27 7
1 2 29 7
4 2 23 6
2 2 21 5
5 2 20 4
4 2 19 4
4 2 23 3
2 3 52 18
1 3 47 16
8 3 27 6
6 3 11 79
7 2 21 80
8 2 21 81
3 3 11 81
5 2 19 80
7 2 11 81
4 2 10 80
5 2 9 80
6 3 11 87
2 3 11 98
5 3 9 98
8 3 8 1
5 3 8 87
1 3 8 87
1 3 8 98
5 3 7 81
6 2 12 81
7 3 7 87
8 3 7 98
8 3 6 87
2 3 6 98
1 3 5 98
1 3 4 87
3 3 3 1
7 2 2 1
5 2 1 1
8 3 18 2
3 3 3 5
4 2 10 5
5 2 18 6
5 2 30 8
5 2 28 7
6 2 26 7
6 2 20 7
6 2 27 8
5 2 22 8
2 2 26 9
2 2 29 10
7 2 29 11
6 2 38 12
5 2 38 13
4 2 40 14
4 2 42 15
3 2 45 16
1 2 41 15
2 2 43 16
4 2 43 17
8 2 49 18
5 2 49 19
6 2 55 20
8 2 55 21
2 2 48 18
3 2 46 18
6 2 45 18
5 2 44 18
3 2 43 18
3 2 42 16
6 2 40 15
3 2 39 14
1 2 35 12
7 2 34 12
2 2 33 12
6 2 32 12
1 2 25 9
1 2 27 9
4 2 21 8
2 2 19 7
4 2 17 6
8 2 14 6
6 2 13 6
2 2 12 6
3 2 8 5
2 2 7 5
1 2 9 6
8 2 7 5
8 2 9 4
5 2 6 5
6 2 7 4
4 2 5 5
1 2 2 5
6 2 1 5
5 2 10 4
3 2 11 3
3 2 2 5
6 3 55 22
5 2 55 23
1 3 44 18
1 3 24 3
8 3 21 7
7 3 3 87
1 3 2 87
8 4 60 38
4 2 58 37
3 4 56 26
4 4 55 40
2 2 55 39
5 3 58 41
5 4 52 53
7 4 51 49
8 4 49 36
5 2 51 38
2 2 50 38
7 2 49 38
1 2 48 38
5 2 52 38
2 2 49 39
5 2 49 40
5 4 55 36
4 4 48 48
3 3 45 47
1 4 45 28
4 2 43 26
8 4 43 34
4 2 42 35
1 2 41 35
6 2 41 36
2 2 45 37
7 2 45 38
5 2 41 37
4 2 45 39
7 2 47 40
2 2 47 41
1 3 47 40
4 4 40 11
7 4 38 52
3 2 42 51
8 2 39 52
1 2 37 54
5 3 38 51
8 2 41 51
4 2 42 50
3 2 42 51
2 2 38 52
1 2 38 52
2 3 37 51
5 2 36 52
8 4 36 59
7 4 36 62
5 2 36 62
3 4 36 75
6 4 34 82
5 4 28 10
2 4 28 66
7 4 34 68
8 4 27 82
2 4 25 68
5 2 26 68
5 4 29 66
5 4 23 93
5 4 23 96
1 4 22 7
8 2 20 7
5 4 21 82
1 4 20 96
1 4 17 77
4 3 24 76
1 4 11 83
5 2 10 83
3 3 9 83
4 2 9 82
6 2 8 82
1 4 9 2
3 4 9 93
1 2 8 92
5 2 8 93
5 4 1 87
5 5 49 40
1 5 47 14
5 5 41 61
5 5 38 9
6 5 35 33
1 2 39 34
4 2 39 35
6 2 38 34
4 2 37 34
8 2 38 35
6 2 37 35
1 2 36 34
5 2 34 34
7 2 33 34
2 3 34 34
4 3 35 35
6 2 33 35
8 4 40 36
1 2 38 37
6 2 39 38
2 2 43 39
7 2 43 40
4 2 49 41
8 2 44 41
5 2 46 42
4 2 43 41
7 2 44 42
2 2 44 43
5 2 44 44
1 2 43 42
5 2 39 39
5 5 32 69
7 5 25 74
6 5 24 70
3 2 26 68
3 2 24 68
1 2 24 68
5 2 24 71
4 5 20 77
6 5 18 80
7 2 14 80
7 5 20 79
1 5 16 2
5 5 16 73
3 2 21 73
3 5 19 74
6 5 14 82
1 6 59 23
4 6 52 50
8 6 45 50
6 2 43 49
5 2 42 49
7 6 41 29
6 2 37 29
1 6 41 50
8 6 40 52
2 6 32 61
1 2 35 59
4 2 32 61
6 2 30 61
6 2 31 60
3 3 34 59
8 6 31 67
2 3 31 65
7 2 31 66
2 6 23 98
4 6 22 95
1 2 17 95
8 6 16 30
4 2 24 32
3 2 27 33
4 2 31 34
2 2 28 34
1 2 27 34
8 2 27 34
6 2 26 33
3 2 24 33
8 2 27 33
2 2 23 32
3 2 22 32
8 2 21 32
5 2 24 32
6 2 20 29
5 2 33 28
2 2 39 27
3 2 34 27
4 2 28 28
4 2 25 28
3 2 36 27
5 2 34 27
1 2 20 30
1 2 19 32
6 2 18 32
3 2 16 32
6 2 19 31
8 2 15 32
5 2 14 32
1 2 18 33
5 2 27 34
4 2 22 34
3 2 25 35
1 2 36 36
4 2 38 38
4 2 41 40
2 2 41 41
6 2 24 35
1 2 33 36
6 2 34 37
1 2 34 38
1 2 36 39
6 2 37 40
5 2 37 41
7 2 40 42
8 2 41 43
7 2 45 44
1 2 45 44
6 2 45 44
3 2 45 45
7 2 42 44
5 2 43 45
2 2 44 46
8 2 44 46
1 2 43 46
2 2 42 45
7 2 42 46
1 2 41 44
4 2 36 40
2 2 32 36
5 2 31 36
7 2 30 36
8 2 34 37
6 2 29 36
5 2 27 36
8 2 26 36
2 2 25 36
1 2 24 36
3 2 22 35
2 2 21 34
3 2 20 34
8 2 19 34
4 2 18 34
6 2 13 32
6 2 17 33
4 3 41 43
4 3 39 38
8 3 34 37
6 2 32 37
5 3 25 31
4 3 19 30
4 4 34 38
5 4 19 34
5 4 16 33
4 4 14 32
8 5 16 32
8 4 18 31
5 6 9 30
1 2 10 32
7 2 9 32
7 2 10 31
6 2 7 32
8 2 9 33
8 2 6 32
2 3 7 32
8 6 11 34
4 2 19 36
3 2 22 37
1 2 31 38
6 2 32 39
1 2 32 40
1 2 34 41
4 2 38 42
2 2 38 43
7 2 38 44
8 2 39 45
1 2 39 46
7 2 39 47
4 2 38 45
8 2 38 46
5 2 39 47
4 2 32 41
6 2 34 42
5 2 34 43
4 2 36 44
2 2 36 45
7 2 36 46
4 2 36 47
1 2 37 48
7 2 37 49
2 2 36 47
4 2 33 42
4 2 31 39
2 2 30 38
5 2 29 38
7 2 28 38
6 2 27 38
5 2 25 38
8 2 24 38
2 2 23 38
1 2 22 38
6 2 21 37
5 2 20 37
3 2 19 37
2 2 18 36
3 2 17 36
8 2 16 36
1 2 14 36
6 2 13 36
3 2 11 36
8 2 10 36
5 2 9 36
4 2 19 38
6 2 8 36
5 2 10 35
8 3 37 49
4 6 8 84
2 2 6 84
6 6 4 30
7 2 3 32
2 2 2 32
1 2 1 32
5 2 2 32
2 2 7 31
6 2 9 32
1 2 8 32
7 2 7 32
3 2 9 31
6 2 6 31
8 2 7 32
8 2 5 31
2 2 1 31
2 2 6 32
2 2 2 30
7 2 1 32
6 2 4 33
8 2 3 33
1 2 5 34
4 2 4 32
7 2 4 34
8 2 15 35
2 2 16 36
2 2 29 37
1 2 29 38
6 2 30 39
4 2 29 39
3 2 20 37
5 2 27 38
2 2 27 39
1 2 28 40
7 2 26 38
6 2 25 38
4 2 24 38
5 2 23 38
3 2 30 39
2 2 21 38
1 2 20 38
6 2 24 39
6 2 19 37
5 2 18 37
3 2 17 37
3 2 15 36
2 2 3 34
8 2 4 35
6 2 12 35
4 2 13 36
4 2 15 37
1 2 12 36
1 3 2 30
2 2 5 29
4 2 30 28
4 2 33 27
6 2 37 26
5 2 43 25
6 2 52 24
8 2 54 23
6 2 53 23
4 2 51 24
5 2 36 26
2 2 32 27
8 2 18 29
8 2 27 28
1 2 26 28
6 2 25 28
1 2 28 27
6 2 27 27
5 2 11 29
5 2 22 28
3 2 24 28
6 2 6 29
3 2 15 29
6 2 15 28
8 2 19 28
7 2 11 28
2 2 10 28
6 2 16 27
8 2 31 26
2 2 47 25
5 2 46 25
1 2 50 24
2 2 49 24
6 2 49 25
6 2 44 25
4 2 43 25
4 2 45 24
2 2 41 25
3 2 35 26
6 2 38 25
7 2 46 24
5 2 37 25
1 2 41 24
5 2 45 23
4 2 26 27
3 2 26 26
2 2 34 25
3 2 40 24
8 2 44 23
3 2 36 25
8 2 36 25
1 2 35 25
4 2 36 24
8 2 25 26
4 2 31 25
3 2 36 24
4 2 28 25
4 2 32 24
6 2 40 23
2 2 51 22
5 2 46 22
5 2 39 23
7 2 48 22
8 2 20 27
6 2 23 26
8 2 30 25
1 2 29 25
1 2 31 24
2 2 36 23
4 2 46 22
5 2 47 21
2 2 44 22
4 2 47 21
3 2 38 23
3 2 27 25
3 2 28 24
2 2 6 28
2 2 16 27
8 2 15 27
6 2 17 26
6 2 24 25
8 2 21 26
6 2 7 28
1 2 12 28
5 2 8 28
8 2 7 28
2 2 7 27
1 2 19 26
1 2 21 25
6 2 25 24
8 2 34 23
4 2 38 22
2 2 37 22
1 2 44 21
5 2 52 20
3 2 40 21
7 2 51 20
3 2 42 20
8 2 22 25
5 2 13 27
7 2 12 27
1 2 11 26
5 2 14 26
6 2 8 27
2 2 8 26
7 2 14 25
2 2 13 25
7 2 21 24
3 2 29 23
4 2 34 22
6 2 41 21
4 2 48 20
2 2 46 20
6 2 43 20
3 2 36 22
1 2 37 22
8 2 28 23
1 2 33 22
3 2 37 21
1 2 44 20
2 2 40 20
8 2 36 21
5 2 41 20
4 2 37 20
3 2 40 19
4 2 31 22
8 2 23 24
5 2 27 23
6 2 31 22
6 2 33 21
8 2 37 20
8 2 39 19
4 2 38 19
4 2 39 18
4 2 34 20
2 2 38 19
3 2 30 22
6 2 9 26
5 2 14 25
8 2 18 24
6 2 26 23
6 2 27 22
8 2 29 22
5 2 28 22
6 2 7 29
8 5 28 39
6 2 26 39
8 6 27 21
7 7 23 96
7 7 15 93
8 7 13 30
1 7 7 26
5 7 3 32
3 8 29 61
8 2 28 59
5 2 28 58
5 8 25 17
1 2 25 20
1 2 35 19
6 2 34 19
8 2 26 20
1 2 30 20
6 2 29 19
5 2 26 20
8 2 26 20
6 2 25 20
7 2 24 20
2 2 23 20
6 2 22 20
8 2 21 20
3 3 22 20
2 2 22 21
1 2 23 22
4 2 23 23
7 2 22 22
8 6 30 17
8 2 37 16
6 2 29 16
1 2 34 17
8 2 33 16
6 2 33 17
3 2 31 17
8 2 30 17
5 2 29 17
4 3 30 17
6 8 20 17
7 2 25 16
5 2 26 16
1 2 25 17
3 2 27 18
8 2 26 18
2 2 24 16
7 2 26 15
8 2 34 15
5 2 27 15
6 2 31 14
6 2 27 15
2 2 25 15
7 2 27 14
2 2 26 14
7 2 24 17
2 2 20 16
1 2 24 15
6 2 34 14
1 2 25 14
6 2 22 17
2 2 22 18
6 2 21 16
7 2 20 17
6 2 21 18
7 2 18 20
2 2 17 20
1 2 16 20
5 2 17 21
5 3 26 14
8 3 20 17
2 2 20 18
7 2 20 19
1 4 20 15
6 2 22 15
5 6 30 11
5 7 19 22
8 8 12 93
1 2 10 94
5 2 9 92
2 2 9 94
1 2 8 91
7 2 8 90
7 8 5 17
2 2 13 20
7 2 17 21
6 2 18 22
8 2 17 22
1 2 18 23
2 2 17 23
7 2 17 23
1 2 12 20
5 2 8 20
6 2 12 21
4 2 7 20
6 2 5 20
2 2 4 20
5 2 2 20
4 2 1 20
5 2 7 21
2 2 15 22
1 2 14 22
2 2 11 22
1 2 10 22
4 2 6 21
6 8 12 24
5 9 34 62
8 9 27 15
8 9 21 95
8 9 20 3
2 9 18 95
3 10 23 84
7 10 14 17
4 2 21 15
7 10 12 84
1 10 9 84
3 10 7 3
6 10 7 91
7 5 5 91
8 10 6 35
4 2 21 39
6 2 36 40
1 2 31 40
6 2 32 41
5 2 32 42
4 2 34 43
4 2 31 41
4 2 29 40
1 2 28 40
6 2 27 40
4 2 26 40
1 2 25 40
8 2 29 41
8 2 31 42
1 2 29 42
6 2 30 43
5 2 30 44
4 2 35 45
2 2 37 46
7 2 34 45
4 2 32 45
4 2 29 43
2 2 24 40
5 2 23 40
7 2 22 40
6 2 21 40
5 2 20 39
2 2 18 39
1 2 17 39
3 2 16 39
6 2 15 39
5 2 14 39
4 2 20 40
3 2 13 39
5 2 15 38
4 2 12 39
2 2 17 40
5 2 18 41
4 2 27 42
1 2 26 42
6 2 25 42
4 2 24 42
1 2 23 42
2 2 22 42
5 2 21 42
6 2 24 43
8 2 29 44
1 2 27 44
6 2 28 45
7 2 33 46
1 2 35 47
7 2 35 48
8 2 34 47
4 2 33 47
5 2 28 46
4 2 30 47
7 2 31 48
1 2 33 49
2 2 34 50
5 2 34 51
6 2 37 52
2 2 34 52
8 2 32 49
4 2 31 49
4 2 27 45
4 2 25 44
1 2 24 44
7 2 20 42
6 2 19 42
4 2 18 42
2 2 11 39
3 2 10 39
4 2 8 39
1 2 7 39
6 2 6 39
4 2 5 39
3 2 4 39
5 2 2 39
6 2 1 39
7 3 32 50
8 3 20 43
2 5 30 46
8 5 26 45
8 2 27 46
1 2 25 46
6 2 26 47
5 2 26 48
4 2 28 49
4 2 30 50
7 2 32 51
4 2 34 52
1 2 31 51
6 2 30 50
8 2 30 51
2 2 32 52
8 2 36 53
3 2 36 53
1 2 34 53
5 2 32 53
4 2 30 52
7 2 31 52
6 2 31 52
2 2 28 50
7 2 28 51
1 2 30 52
8 2 30 53
4 2 25 47
8 5 20 41
6 11 40 10
3 11 18 81
8 11 7 40
1 2 15 40
2 2 15 41
5 2 16 42
4 2 22 43
6 2 22 44
4 2 23 45
1 2 22 45
1 2 21 43
5 2 19 43
7 2 18 43
4 2 21 44
6 2 17 43
4 2 16 43
8 2 15 42
2 2 17 44
2 2 15 43
6 2 13 40
5 2 12 40
1 2 14 41
4 2 10 40
2 2 9 40
8 2 7 40
5 2 11 41
3 2 12 42
1 2 12 43
5 2 14 44
1 2 19 45
6 2 20 46
8 2 25 47
1 2 23 47
6 2 24 48
4 2 27 49
5 2 24 49
4 2 23 48
4 2 21 47
1 2 20 47
4 2 19 46
2 2 18 45
5 2 17 45
7 2 16 45
6 2 15 45
4 2 14 45
8 2 13 44
2 2 12 44
3 2 12 44
6 2 11 42
4 2 6 40
1 2 5 40
6 2 4 40
4 2 3 40
8 3 16 46
8 4 22 48
8 2 23 49
1 3 22 49
6 2 22 50
4 2 28 51
2 2 26 51
7 2 26 52
2 2 30 53
5 2 30 54
8 2 30 55
1 2 28 53
2 2 29 54
8 2 27 53
7 2 29 55
4 2 26 53
4 2 25 51
5 2 22 51
4 2 21 50
7 4 27 53
3 9 6 41
8 11 4 3
6 11 3 93
6 13 27 11
2 3 23 13
2 2 24 12
2 2 25 11
1 7 25 11
2 14 16 75
2 2 15 73
8 2 18 72
3 2 18 73
4 2 12 74
1 2 13 73
3 2 11 77
1 2 8 74
5 2 14 73
6 2 15 72
7 2 17 71
2 2 17 72
8 2 14 72
5 2 16 71
5 2 12 73
7 14 10 3
7 14 8 4
1 6 5 5
4 2 8 5
5 2 16 6
6 2 18 7
5 2 20 8
4 2 19 8
2 2 17 7
4 2 15 6
8 2 12 6
6 2 11 6
2 2 10 6
8 2 7 5
3 2 6 5
2 2 5 5
5 2 4 5
4 2 3 5
3 2 2 5
8 2 1 5
8 4 13 6
1 4 2 5
8 5 13 6
7 14 7 5
4 15 4 90
1 16 9 7
8 2 3 14
2 2 12 15
1 2 14 16
5 2 10 15
4 2 9 15
7 2 8 15
6 2 7 15
2 2 6 15
7 2 5 15
7 2 4 14
5 2 14 13
1 2 19 12
6 2 2 14
5 2 8 13
4 2 7 13
7 2 10 12
1 2 6 16
5 2 3 14
4 2 2 14
2 2 1 14
6 2 3 13
5 2 14 12
2 2 2 13
4 2 8 12
7 2 11 11
7 3 10 13
7 5 15 12
7 7 5 13
6 2 4 12
7 2 6 12
2 3 4 13
8 8 15 12
4 17 11 32
8 23 20 36
4 2 13 35
2 2 12 35
4 2 10 34
3 2 12 36
5 24 8 92
4 25 7 85
7 32 20 10
4 2 7 11
8 40 21 10
2 2 12 8
6 2 12 9
5 2 12 11
5 2 10 8
7 2 10 9
4 2 9 8
7 40 9 21
6 2 3 18
5 2 5 19
1 2 7 20
2 2 9 21
1 2 5 20
8 2 6 21
7 2 7 20
4 2 4 19
6 2 6 20
7 2 3 19
2 2 4 20
6 2 3 26
2 2 2 18
5 3 3 22
8 52 23 48
8 2 8 70
8 2 5 70
2 2 9 69
7 2 8 69
7 2 6 71
2 2 6 72
1 2 5 71
7 2 5 72
8 2 10 73
4 2 4 70
2 2 2 70
4 2 1 70
7 3 2 70
5 2 1 69
8 54 13 84
6 2 19 77
5 2 9 77
4 2 9 77
6 2 10 77
8 2 9 78
6 2 5 76
8 2 9 77
7 2 7 77
1 2 3 80
5 3 3 76
8 2 6 77
3 2 6 77
