9908
4301
6 2 102 1
1 2 102 20
6 2 102 23
4 2 102 32
7 2 102 34
5 2 102 36
4 2 102 41
4 2 102 44
2 2 102 50
6 2 102 57
6 2 102 59
5 2 102 68
6 2 102 71
4 2 102 73
6 2 102 77
7 2 102 80
6 2 102 81
4 2 102 83
7 2 102 90
7 2 102 92
5 2 102 93
7 2 101 6
7 2 101 28
7 2 101 60
7 2 101 64
6 2 101 67
7 2 101 84
4 2 100 2
7 2 100 1
3 2 100 2
5 2 100 7
4 2 100 15
3 2 100 15
4 2 100 17
6 2 101 18
8 2 100 29
6 2 100 28
7 2 100 29
3 2 100 33
1 2 100 38
5 2 100 50
3 2 100 51
1 2 100 59
8 2 100 63
4 2 100 68
5 2 100 77
2 2 100 91
3 2 99 4
4 2 99 7
6 2 99 7
1 2 99 11
1 2 99 13
7 2 102 12
1 2 99 24
6 2 101 25
5 2 100 23
3 2 99 27
6 2 99 51
2 2 99 67
1 2 99 75
6 2 99 83
1 2 99 89
8 2 100 88
8 2 99 90
2 2 99 95
7 2 101 94
6 2 99 96
6 2 100 97
7 2 99 95
6 2 99 94
4 2 98 1
7 2 98 5
1 2 98 35
2 2 99 36
6 2 98 36
4 2 98 44
2 2 99 42
7 2 100 41
6 2 100 40
7 2 100 40
5 2 99 42
8 2 98 54
2 2 100 53
5 2 98 54
4 2 98 56
8 2 100 55
6 2 98 55
7 2 98 56
5 2 98 68
7 2 98 67
5 2 98 76
2 2 98 86
2 2 98 90
7 2 98 92
4 2 98 94
2 2 98 97
2 2 97 3
3 2 97 2
1 2 97 55
8 2 97 57
4 2 97 58
1 2 97 70
8 2 99 71
2 2 97 81
6 2 97 87
7 2 99 87
7 2 96 9
7 2 96 12
8 2 96 14
1 2 96 41
3 2 96 41
4 2 96 81
7 2 96 95
1 2 97 96
6 2 96 96
8 2 95 24
4 2 99 25
2 2 99 26
1 2 95 25
6 2 95 26
4 2 95 33
1 2 96 34
8 2 95 37
7 2 95 39
8 2 96 39
1 2 95 43
8 2 95 61
4 2 95 61
3 2 95 71
2 2 95 90
7 2 94 2
1 2 96 3
8 2 96 4
3 2 94 7
8 2 94 8
5 2 94 9
7 2 94 19
6 2 96 19
2 2 94 22
8 2 94 22
7 2 98 21
3 2 99 20
4 2 98 22
5 2 94 34
4 2 94 39
6 2 96 38
8 2 96 39
7 2 94 44
2 2 95 44
7 2 98 43
8 2 94 81
1 2 99 83
7 2 94 88
4 2 95 87
8 2 94 88
4 2 94 96
5 2 93 2
6 2 93 18
7 2 98 17
1 2 93 30
8 2 93 40
8 2 94 41
5 2 93 40
4 2 93 49
7 2 101 48
1 2 97 50
1 2 93 52
5 2 94 51
6 2 93 59
6 2 93 63
4 2 93 63
4 2 98 64
7 2 93 64
1 2 95 64
7 2 93 70
8 2 99 69
6 2 99 69
6 2 96 69
6 2 93 77
2 2 97 78
7 2 97 79
3 2 93 82
2 2 93 81
2 2 94 80
1 2 93 82
4 2 95 82
7 2 97 84
7 2 95 82
6 2 95 83
7 2 93 86
2 2 100 85
7 2 93 90
5 2 94 91
1 2 93 92
8 2 92 12
7 2 99 13
6 2 98 13
8 2 98 14
6 2 98 15
3 2 97 13
5 2 94 13
2 2 93 13
4 2 92 15
4 2 96 16
8 2 97 16
5 2 95 16
7 2 95 16
6 2 92 30
7 2 92 43
8 2 92 48
8 2 97 47
5 2 100 46
8 2 95 48
2 2 99 49
2 2 96 48
6 2 94 48
1 2 92 59
1 2 92 85
7 2 92 92
8 2 91 8
8 2 94 8
5 2 94 8
1 2 91 24
6 2 95 23
3 2 96 22
2 2 96 21
1 2 92 24
8 2 91 26
6 2 92 27
4 2 97 28
7 2 94 28
8 2 94 28
1 2 91 28
4 2 91 37
3 2 96 37
4 2 91 43
1 2 91 44
5 2 91 50
7 2 95 49
1 2 93 50
7 2 92 51
4 2 96 52
3 2 91 50
3 2 91 69
5 2 91 75
2 2 93 75
2 2 91 78
3 2 92 77
4 2 92 77
2 2 92 78
8 2 93 77
5 2 92 77
8 2 91 80
5 2 95 79
1 2 92 79
5 2 92 80
8 2 92 80
8 2 91 85
1 2 91 91
6 2 93 91
4 2 94 92
8 2 93 91
7 2 91 98
6 2 90 2
8 2 90 6
7 2 90 8
4 2 92 9
8 2 90 12
7 2 90 16
1 2 97 17
5 2 95 17
8 2 95 18
1 2 90 20
4 2 92 22
1 2 93 21
6 2 96 21
7 2 91 21
6 2 91 22
5 2 90 26
5 2 94 25
2 2 90 37
1 2 90 37
5 2 90 46
2 2 98 45
7 2 97 45
8 2 97 45
6 2 96 45
7 2 94 46
4 2 94 46
5 2 92 45
7 2 90 56
7 2 90 62
2 2 90 76
6 2 92 75
6 2 96 74
4 2 96 74
7 2 92 74
3 2 92 75
2 2 93 74
7 2 96 73
4 2 90 96
1 2 94 97
1 2 92 97
2 2 89 8
5 2 91 7
2 2 89 11
6 2 92 13
6 2 90 12
1 2 89 13
2 2 89 15
5 2 89 14
1 2 89 15
4 2 89 14
3 2 89 15
6 2 89 21
4 2 89 21
5 2 89 24
4 2 89 40
2 2 91 39
3 2 89 56
2 2 96 57
3 2 96 57
7 2 96 58
5 2 91 56
6 2 89 60
7 2 89 75
7 2 90 75
7 2 89 83
2 2 92 84
3 2 89 96
6 2 88 7
8 2 88 27
5 2 90 28
4 2 88 37
7 2 89 37
2 2 88 39
3 2 90 38
1 2 88 38
4 2 88 37
1 2 88 43
5 2 89 41
7 2 93 42
5 2 88 49
3 2 93 48
3 2 88 51
7 2 95 52
6 2 88 54
4 2 90 54
3 2 88 59
6 2 88 67
3 2 96 66
1 2 97 65
7 2 95 66
7 2 96 65
4 2 95 66
4 2 89 67
3 2 92 67
5 2 88 68
2 2 93 68
3 2 91 68
7 2 91 68
2 2 88 71
6 2 94 70
7 2 88 72
2 2 98 73
3 2 97 73
2 2 96 72
3 2 88 74
1 2 88 75
2 2 88 97
5 2 90 98
2 2 87 3
7 2 92 1
1 2 87 5
4 2 87 10
2 2 90 10
3 2 89 10
5 2 88 10
1 2 92 9
2 2 92 9
5 2 87 24
2 2 88 25
1 2 87 29
5 2 87 36
3 2 87 38
5 2 87 43
4 2 87 76
7 2 91 78
8 2 87 75
1 2 87 80
5 2 87 82
7 2 90 82
4 2 88 82
5 2 91 83
7 2 91 84
8 2 88 81
2 2 89 82
1 2 89 82
5 2 87 85
1 2 87 88
2 2 91 87
8 2 91 87
5 2 91 86
6 2 87 93
2 2 90 93
2 2 91 92
7 2 86 8
1 2 89 9
3 2 88 9
1 2 86 8
6 2 86 22
7 2 86 22
6 2 86 28
4 2 87 28
7 2 86 31
5 2 89 30
4 2 91 31
2 2 96 32
5 2 86 33
7 2 95 32
6 2 91 33
2 2 89 33
2 2 93 32
1 2 93 32
5 2 93 33
7 2 90 32
6 2 93 34
3 2 90 33
6 2 86 39
7 2 88 38
7 2 86 39
3 2 88 40
4 2 90 41
6 2 86 50
3 2 86 51
4 2 86 58
3 2 91 57
8 2 86 58
4 2 86 84
5 2 86 89
4 2 91 90
3 2 89 88
8 2 86 89
4 2 90 88
2 2 90 91
6 2 88 88
5 2 89 89
3 2 86 96
7 2 88 97
2 2 88 97
5 2 86 97
3 2 85 2
1 2 91 4
2 2 85 37
6 2 88 36
7 2 94 36
6 2 92 36
2 2 88 35
3 2 88 36
7 2 87 36
3 2 85 40
3 2 85 53
7 2 92 54
8 2 87 53
2 2 85 55
1 2 91 55
3 2 85 55
6 2 91 54
1 2 85 55
7 2 85 56
2 2 89 56
1 2 85 61
2 2 97 60
1 2 89 62
7 2 87 62
4 2 90 61
6 2 94 60
3 2 86 63
5 2 85 80
4 2 86 79
7 2 85 92
8 2 84 7
2 2 84 7
2 2 91 6
3 2 90 6
2 2 88 7
3 2 85 6
2 2 88 5
7 2 85 6
7 2 87 5
2 2 90 4
4 2 88 4
6 2 93 3
6 2 88 4
7 2 90 3
5 2 84 7
7 2 84 7
6 2 84 9
2 2 84 13
6 2 88 13
1 2 84 14
3 2 87 13
2 2 84 21
4 2 87 20
6 2 91 19
2 2 91 20
3 2 84 20
4 2 93 19
8 2 84 37
5 2 84 43
4 2 84 44
6 2 86 45
2 2 84 47
6 2 90 47
7 2 90 48
4 2 89 47
6 2 84 53
4 2 92 52
8 2 84 56
7 2 84 66
8 2 89 67
1 2 84 67
3 2 87 66
2 2 92 65
6 2 84 68
4 2 84 85
1 2 91 86
7 2 84 88
8 2 84 88
3 2 86 87
7 2 86 86
2 2 86 87
6 2 89 86
6 2 87 87
5 2 85 88
5 2 84 91
6 2 84 93
2 2 84 94
6 2 83 4
4 2 83 7
3 2 83 11
6 2 86 11
5 2 86 12
4 2 83 40
1 2 83 40
5 2 83 40
3 2 83 39
2 2 83 39
2 2 83 50
1 2 90 51
3 2 90 52
8 2 89 52
1 2 83 57
6 2 83 58
3 2 86 58
4 2 84 58
6 2 82 2
7 2 83 2
4 2 86 1
6 2 86 1
8 2 82 17
1 2 89 18
1 2 87 18
3 2 86 15
4 2 82 18
1 2 89 18
2 2 82 28
2 2 85 29
7 2 84 27
7 2 82 37
8 2 82 41
6 2 84 41
5 2 82 44
4 2 86 45
2 2 82 59
8 2 90 60
1 2 82 58
6 2 82 60
6 2 82 77
7 2 85 77
1 2 87 76
7 2 86 78
8 2 86 79
2 2 85 76
5 2 85 78
3 2 83 78
1 2 87 77
7 2 86 77
2 2 82 78
2 2 82 82
1 2 82 88
8 2 82 88
2 2 85 89
2 2 88 89
3 2 85 89
4 2 82 94
6 2 87 94
3 2 88 94
5 2 87 94
8 2 83 94
4 2 87 96
5 2 82 93
3 2 89 93
4 2 81 4
5 2 81 12
3 2 81 15
5 2 81 29
8 2 81 36
7 2 81 41
5 2 81 81
8 2 84 80
7 2 83 80
3 2 87 81
6 2 86 81
3 2 83 80
2 2 83 80
7 2 81 85
1 2 84 85
5 2 81 91
7 2 81 94
7 2 80 7
6 2 80 25
3 2 87 24
7 2 88 24
8 2 87 23
7 2 80 52
4 2 86 51
5 2 80 60
4 2 88 62
6 2 92 63
5 2 92 64
3 2 80 60
1 2 85 60
6 2 91 62
4 2 85 61
6 2 87 61
3 2 85 61
8 2 81 59
1 2 81 60
3 2 86 59
2 2 83 60
3 2 80 80
6 2 80 84
6 2 88 83
6 2 86 84
8 2 85 84
6 2 83 85
1 2 86 85
3 2 80 85
7 2 79 17
6 2 79 17
2 2 79 26
6 2 80 26
7 2 86 25
4 2 86 26
4 2 85 25
6 2 79 36
8 2 79 49
3 2 88 48
4 2 81 48
4 2 84 50
8 2 79 65
3 2 93 65
8 2 91 65
4 2 82 63
4 2 80 64
2 2 79 76
5 2 79 87
5 2 83 86
3 2 79 92
2 2 79 91
2 2 78 6
3 2 82 5
2 2 82 4
5 2 78 14
7 2 85 13
2 2 82 16
1 2 83 15
4 2 83 15
3 2 78 26
8 2 83 27
1 2 83 27
4 2 78 41
6 2 78 42
2 2 78 44
3 2 81 45
2 2 85 46
8 2 78 68
8 2 81 67
6 2 85 66
1 2 84 68
6 2 89 69
1 2 87 69
8 2 78 82
1 2 78 84
5 2 77 1
6 2 77 8
8 2 83 9
8 2 77 12
7 2 77 26
1 2 77 34
5 2 77 43
7 2 77 43
1 2 77 43
1 2 83 44
3 2 77 44
4 2 77 46
2 2 77 48
1 2 77 48
8 2 78 48
6 2 77 51
7 2 77 60
2 2 77 84
2 2 77 87
5 2 77 93
3 2 87 92
3 2 79 92
7 2 79 92
4 2 79 92
8 2 79 91
6 2 78 91
4 2 76 5
1 2 76 5
2 2 76 7
2 2 80 8
5 2 76 8
1 2 76 7
2 2 76 16
3 2 88 17
1 2 76 22
8 2 86 21
4 2 83 23
1 2 85 23
4 2 80 22
1 2 82 24
7 2 84 23
5 2 76 29
4 2 84 30
5 2 84 31
1 2 86 31
4 2 86 32
6 2 89 33
7 2 80 28
2 2 76 30
3 2 77 31
7 2 87 32
4 2 82 32
2 2 85 33
1 2 89 34
4 2 87 34
8 2 82 32
2 2 81 30
6 2 76 32
1 2 76 45
8 2 76 54
3 2 86 53
5 2 76 60
7 2 79 60
2 2 76 62
8 2 76 64
5 2 76 65
5 2 80 65
2 2 77 67
3 2 76 65
1 2 82 64
2 2 76 77
8 2 82 76
8 2 77 76
2 2 82 75
5 2 78 77
2 2 80 76
7 2 82 75
8 2 81 75
3 2 77 77
5 2 76 78
1 2 76 80
7 2 78 78
7 2 77 80
2 2 76 82
6 2 76 83
1 2 76 96
4 2 84 95
2 2 81 96
3 2 83 97
2 2 79 96
1 2 81 95
3 2 81 95
7 2 82 94
4 2 77 95
3 2 81 96
6 2 80 94
4 2 80 94
2 2 80 95
1 2 76 98
7 2 78 97
5 2 81 96
5 2 79 97
7 2 75 13
3 2 75 35
1 2 82 34
4 2 80 35
6 2 79 35
7 2 80 34
5 2 80 35
7 2 85 34
6 2 83 34
4 2 83 35
2 2 79 37
8 2 75 52
7 2 79 52
2 2 75 72
8 2 93 72
2 2 85 71
8 2 92 70
4 2 90 72
5 2 85 72
3 2 84 73
2 2 87 73
3 2 87 73
3 2 78 73
7 2 81 72
7 2 83 70
7 2 77 73
4 2 79 72
3 2 80 71
6 2 89 70
8 2 88 70
1 2 88 70
3 2 87 70
7 2 88 70
5 2 84 70
5 2 86 69
4 2 80 73
6 2 80 73
2 2 79 72
2 2 77 74
7 2 80 76
3 2 75 95
6 2 76 96
7 2 77 95
1 2 77 95
2 2 75 96
8 2 74 1
8 2 85 1
6 2 85 1
2 2 81 1
4 2 82 2
4 2 74 2
7 2 79 3
2 2 78 1
1 2 74 5
8 2 81 4
5 2 76 4
3 2 76 3
6 2 80 4
7 2 76 2
1 2 74 15
6 2 74 18
4 2 75 18
8 2 74 26
6 2 81 25
4 2 81 25
8 2 75 26
1 2 74 28
4 2 74 53
5 2 87 53
5 2 74 66
2 2 74 75
8 2 76 74
1 2 78 73
3 2 77 75
6 2 74 76
7 2 74 79
6 2 73 13
1 2 73 26
4 2 76 26
3 2 73 26
2 2 73 26
7 2 73 34
8 2 75 35
8 2 80 35
5 2 78 35
2 2 73 33
6 2 81 32
4 2 73 40
5 2 77 39
3 2 73 45
5 2 75 46
8 2 85 46
8 2 73 44
1 2 76 45
3 2 81 46
7 2 81 47
5 2 73 52
5 2 73 60
1 2 76 60
3 2 76 61
6 2 76 61
8 2 75 60
2 2 73 82
7 2 78 82
5 2 79 82
2 2 78 82
5 2 74 82
5 2 73 91
2 2 75 91
3 2 79 90
1 2 76 92
1 2 73 91
2 2 73 93
2 2 72 10
3 2 80 9
6 2 80 9
4 2 73 11
7 2 80 10
5 2 79 9
1 2 79 10
3 2 76 11
5 2 72 31
8 2 85 30
8 2 78 32
6 2 75 30
4 2 74 29
8 2 76 30
4 2 76 31
6 2 72 33
7 2 72 36
6 2 73 36
8 2 72 40
5 2 78 39
1 2 72 39
4 2 75 38
6 2 73 40
4 2 72 50
3 2 75 52
6 2 86 53
1 2 80 53
4 2 85 54
8 2 85 55
2 2 80 54
1 2 84 55
7 2 85 56
3 2 73 48
3 2 72 50
3 2 72 57
2 2 78 59
2 2 80 58
8 2 72 58
2 2 74 60
7 2 74 61
7 2 88 62
3 2 88 63
1 2 86 62
5 2 86 62
6 2 85 62
2 2 82 62
6 2 73 57
7 2 79 59
7 2 77 58
4 2 75 58
1 2 75 59
5 2 72 57
6 2 82 56
2 2 72 56
1 2 72 61
4 2 72 70
4 2 81 70
1 2 72 74
2 2 71 4
1 2 75 4
3 2 74 3
1 2 77 3
6 2 71 14
2 2 77 15
8 2 77 16
2 2 75 13
6 2 79 13
4 2 74 12
8 2 74 12
8 2 74 15
1 2 71 25
5 2 72 25
3 2 71 33
3 2 72 32
2 2 75 31
3 2 71 39
8 2 71 43
7 2 71 46
4 2 71 53
3 2 83 55
1 2 71 58
5 2 72 57
3 2 80 55
6 2 72 57
4 2 75 56
2 2 78 55
4 2 78 54
7 2 71 59
5 2 71 66
4 2 71 66
6 2 76 68
5 2 80 70
4 2 78 69
6 2 79 70
1 2 71 70
1 2 76 70
4 2 75 70
5 2 73 69
8 2 74 68
6 2 71 74
7 2 71 87
8 2 71 87
1 2 71 87
2 2 71 89
3 2 72 91
2 2 70 13
7 2 71 13
4 2 70 17
6 2 79 18
6 2 70 22
5 2 74 21
5 2 80 22
6 2 74 22
4 2 83 23
3 2 77 23
5 2 70 36
6 2 78 37
6 2 70 38
7 2 73 39
1 2 70 46
7 2 70 63
7 2 76 64
8 2 77 63
1 2 75 64
2 2 80 64
3 2 75 63
6 2 71 64
8 2 71 64
3 2 70 62
2 2 75 63
5 2 70 70
7 2 78 71
7 2 70 69
2 2 74 68
7 2 73 68
7 2 71 68
6 2 70 70
1 2 72 71
1 2 73 71
5 2 76 72
3 2 70 94
5 2 72 95
8 2 70 93
7 2 71 95
5 2 74 97
5 2 72 95
4 2 72 96
3 2 71 96
7 2 70 94
5 2 70 97
3 2 70 98
5 2 69 4
4 2 69 3
1 2 72 2
7 2 73 2
3 2 73 1
7 2 69 3
4 2 69 8
2 2 69 9
7 2 73 8
1 2 69 10
7 2 71 9
6 2 69 15
3 2 69 18
3 2 81 17
7 2 73 20
7 2 77 21
5 2 70 18
7 2 70 19
1 2 83 19
4 2 80 19
8 2 69 21
6 2 77 21
2 2 70 20
4 2 69 24
2 2 82 23
5 2 72 23
1 2 76 22
2 2 69 31
7 2 75 30
5 2 75 30
1 2 83 29
8 2 69 50
8 2 79 50
1 2 73 49
2 2 81 48
8 2 73 49
6 2 74 48
6 2 69 54
8 2 74 53
1 2 71 53
5 2 70 53
8 2 69 53
3 2 71 52
4 2 71 53
7 2 70 53
1 2 69 55
1 2 69 63
8 2 69 62
4 2 69 67
2 2 75 66
1 2 70 66
1 2 69 68
5 2 69 74
3 2 73 76
8 2 69 84
6 2 72 85
3 2 69 91
5 2 69 98
5 2 68 15
4 2 68 19
8 2 70 20
5 2 68 30
4 2 68 55
5 2 68 58
2 2 73 59
6 2 72 59
3 2 71 59
6 2 68 60
5 2 68 64
7 2 68 68
8 2 68 78
1 2 73 77
4 2 73 76
7 2 75 75
7 2 73 76
1 2 70 78
6 2 68 83
3 2 72 82
1 2 67 1
3 2 67 32
8 2 73 31
4 2 69 33
6 2 68 31
4 2 67 35
7 2 67 39
7 2 67 48
4 2 71 49
7 2 77 50
5 2 77 51
8 2 75 49
4 2 67 52
7 2 67 58
2 2 67 60
3 2 67 68
1 2 69 68
5 2 69 69
2 2 69 69
8 2 66 3
6 2 66 11
5 2 67 11
7 2 67 11
4 2 73 10
5 2 66 16
4 2 66 15
8 2 71 14
8 2 69 15
4 2 67 14
1 2 66 15
6 2 67 14
3 2 67 15
6 2 67 16
5 2 66 35
1 2 72 35
7 2 68 36
2 2 72 35
4 2 66 41
1 2 72 43
6 2 66 40
4 2 68 39
2 2 67 41
8 2 67 40
4 2 67 41
3 2 66 47
1 2 74 48
6 2 77 49
1 2 75 49
5 2 75 49
6 2 66 54
2 2 68 53
2 2 66 62
6 2 66 62
6 2 73 61
4 2 67 62
2 2 66 83
8 2 69 83
4 2 74 84
2 2 73 82
3 2 74 83
7 2 73 83
4 2 66 85
6 2 75 86
3 2 71 87
7 2 68 87
8 2 66 84
7 2 73 85
5 2 67 83
6 2 66 86
5 2 69 87
4 2 69 87
5 2 68 87
6 2 66 89
7 2 76 89
1 2 68 88
3 2 71 89
1 2 65 3
6 2 70 2
8 2 69 5
4 2 65 45
4 2 69 43
2 2 66 45
4 2 66 45
8 2 65 61
8 2 65 74
8 2 66 74
4 2 67 74
8 2 74 73
8 2 72 73
2 2 72 73
8 2 70 75
5 2 67 73
4 2 72 72
3 2 69 74
2 2 68 74
7 2 67 74
4 2 65 93
1 2 67 92
7 2 69 93
8 2 70 92
5 2 68 91
3 2 71 92
4 2 64 15
6 2 64 25
2 2 65 25
4 2 64 35
6 2 69 34
8 2 64 52
5 2 69 51
8 2 70 50
5 2 64 55
7 2 75 56
3 2 64 54
6 2 64 57
8 2 69 57
8 2 67 58
2 2 67 58
7 2 67 59
8 2 65 58
6 2 66 59
2 2 64 60
3 2 65 59
2 2 64 62
1 2 64 68
3 2 64 69
8 2 69 68
3 2 68 68
8 2 68 70
4 2 65 68
7 2 64 74
5 2 65 73
5 2 64 82
1 2 66 84
3 2 64 84
8 2 63 9
4 2 63 13
7 2 63 12
1 2 63 19
8 2 68 19
2 2 68 18
5 2 77 20
8 2 65 17
1 2 70 18
7 2 65 17
8 2 69 17
3 2 63 21
2 2 69 21
5 2 63 23
1 2 69 24
3 2 65 24
5 2 70 25
7 2 71 26
1 2 70 25
2 2 69 23
6 2 74 22
7 2 72 22
7 2 70 23
6 2 65 25
4 2 67 24
5 2 64 24
2 2 64 23
2 2 66 22
6 2 64 22
2 2 63 26
5 2 63 33
5 2 63 47
2 2 63 57
2 2 64 56
7 2 63 70
1 2 63 73
6 2 63 97
5 2 63 96
1 2 62 13
8 2 68 12
8 2 63 12
7 2 67 13
2 2 63 12
7 2 62 16
3 2 63 15
7 2 62 20
2 2 62 33
3 2 68 35
3 2 62 50
4 2 64 50
5 2 64 51
7 2 63 49
6 2 62 57
1 2 62 59
5 2 62 68
7 2 62 76
4 2 71 76
4 2 62 84
7 2 66 85
7 2 64 86
8 2 62 89
6 2 76 88
8 2 71 88
5 2 71 89
6 2 75 89
8 2 74 89
1 2 65 90
6 2 68 92
5 2 68 93
6 2 61 6
1 2 62 5
4 2 71 6
5 2 62 5
6 2 61 5
1 2 70 5
2 2 61 17
5 2 61 23
8 2 70 22
6 2 61 25
3 2 62 26
8 2 70 27
3 2 70 28
4 2 70 28
2 2 65 28
5 2 65 29
5 2 61 25
6 2 64 26
3 2 63 26
4 2 61 36
6 2 65 37
4 2 66 38
8 2 65 37
3 2 67 37
3 2 61 44
6 2 75 45
1 2 62 45
3 2 74 46
5 2 63 45
5 2 61 54
1 2 66 53
4 2 62 55
1 2 63 57
3 2 61 57
3 2 61 67
6 2 74 66
7 2 68 66
8 2 61 68
7 2 61 79
6 2 67 79
5 2 75 78
1 2 75 79
4 2 70 78
3 2 61 80
2 2 67 79
2 2 74 81
2 2 69 80
2 2 71 79
3 2 71 80
1 2 69 81
7 2 67 78
7 2 60 5
7 2 60 17
2 2 62 18
8 2 63 19
5 2 67 21
5 2 65 20
1 2 60 23
3 2 60 22
4 2 60 25
6 2 60 24
7 2 60 47
2 2 73 46
8 2 73 46
2 2 60 52
8 2 60 55
8 2 60 57
4 2 60 61
5 2 62 60
2 2 60 96
1 2 59 2
1 2 70 1
4 2 67 1
7 2 65 1
4 2 59 3
4 2 59 30
1 2 68 32
5 2 62 29
1 2 66 30
4 2 66 30
4 2 61 29
3 2 65 31
8 2 62 28
8 2 59 35
6 2 61 36
1 2 60 35
7 2 64 34
7 2 59 45
2 2 61 44
5 2 63 43
2 2 78 42
2 2 71 42
7 2 59 67
2 2 62 66
1 2 59 66
7 2 79 65
4 2 75 65
4 2 59 70
4 2 68 72
4 2 66 71
5 2 67 72
8 2 70 73
6 2 69 73
8 2 59 77
1 2 59 89
6 2 70 88
7 2 69 88
8 2 64 89
3 2 58 6
2 2 65 6
5 2 69 7
7 2 69 7
8 2 58 25
4 2 58 28
1 2 65 27
1 2 58 35
6 2 62 34
8 2 66 33
5 2 66 34
2 2 63 35
7 2 58 44
7 2 73 43
3 2 58 64
2 2 65 64
8 2 75 66
3 2 62 64
4 2 59 65
2 2 66 65
3 2 72 65
5 2 72 66
2 2 71 66
7 2 61 63
6 2 66 64
6 2 60 66
7 2 59 64
2 2 58 94
7 2 62 93
3 2 58 95
7 2 57 7
3 2 67 7
5 2 63 8
6 2 62 8
7 2 59 7
8 2 63 8
8 2 60 8
7 2 57 10
3 2 63 10
6 2 57 11
7 2 61 13
7 2 57 10
4 2 58 9
2 2 58 9
6 2 59 8
3 2 61 7
5 2 61 8
2 2 57 21
1 2 57 28
7 2 70 27
3 2 57 28
8 2 57 31
1 2 61 33
5 2 57 38
8 2 57 39
1 2 65 40
3 2 63 40
5 2 64 41
2 2 63 39
4 2 61 40
4 2 57 59
5 2 57 69
3 2 59 68
6 2 59 70
7 2 64 72
1 2 59 70
5 2 58 69
4 2 58 68
7 2 58 69
7 2 57 71
2 2 57 78
3 2 65 76
6 2 65 76
8 2 66 75
3 2 63 78
7 2 65 78
8 2 69 79
3 2 67 78
1 2 56 3
6 2 56 6
8 2 56 7
3 2 56 37
1 2 56 44
4 2 56 46
5 2 58 46
8 2 58 45
8 2 56 47
4 2 57 46
8 2 63 48
1 2 57 46
5 2 58 46
2 2 59 47
2 2 64 48
7 2 64 47
5 2 64 48
8 2 59 47
6 2 61 46
2 2 61 47
8 2 56 58
4 2 59 58
6 2 56 59
2 2 56 63
8 2 62 62
7 2 61 62
8 2 60 63
1 2 59 63
4 2 56 67
1 2 56 68
5 2 56 81
3 2 62 82
8 2 56 89
1 2 68 89
6 2 67 90
5 2 63 90
4 2 65 90
1 2 56 94
7 2 56 96
2 2 63 97
6 2 55 3
4 2 55 8
4 2 55 11
4 2 55 15
1 2 55 23
5 2 60 23
7 2 56 24
1 2 58 26
5 2 59 27
4 2 55 81
5 2 69 80
5 2 59 80
6 2 68 81
1 2 67 79
2 2 59 80
1 2 62 80
5 2 66 82
5 2 60 79
2 2 60 78
1 2 59 80
8 2 58 80
3 2 58 80
6 2 58 80
5 2 59 81
4 2 59 81
7 2 59 81
2 2 59 82
8 2 62 81
7 2 62 81
7 2 55 87
3 2 64 85
3 2 62 86
4 2 59 87
3 2 58 87
8 2 63 86
8 2 61 87
1 2 57 86
7 2 62 85
3 2 55 88
5 2 60 89
6 2 56 87
7 2 55 90
8 2 65 91
6 2 55 96
1 2 55 97
6 2 54 6
4 2 56 5
1 2 54 11
3 2 54 15
2 2 59 14
1 2 58 16
4 2 57 16
1 2 56 15
1 2 54 61
7 2 54 64
5 2 54 65
8 2 56 64
1 2 58 65
7 2 55 66
6 2 56 67
7 2 54 64
1 2 54 65
4 2 54 66
8 2 54 77
5 2 58 77
5 2 60 76
5 2 64 75
8 2 63 75
2 2 62 74
3 2 62 73
4 2 62 74
6 2 55 76
1 2 57 76
7 2 54 76
6 2 59 75
6 2 60 74
2 2 54 77
2 2 54 94
8 2 68 94
3 2 58 93
2 2 65 92
6 2 65 94
6 2 60 93
3 2 60 93
8 2 60 92
2 2 59 93
3 2 53 1
3 2 56 2
4 2 55 2
7 2 53 2
3 2 64 1
2 2 64 1
7 2 53 15
2 2 54 14
5 2 61 14
2 2 60 13
8 2 59 13
1 2 58 12
3 2 58 13
1 2 53 21
6 2 67 21
1 2 64 20
6 2 64 20
5 2 63 21
6 2 63 22
4 2 62 20
2 2 62 21
2 2 53 22
1 2 53 42
3 2 55 43
1 2 60 42
4 2 63 41
8 2 64 40
4 2 61 42
1 2 57 42
7 2 53 41
5 2 66 42
3 2 66 42
8 2 66 42
2 2 56 40
5 2 64 39
8 2 53 40
6 2 62 39
7 2 53 45
3 2 53 51
6 2 62 50
8 2 55 49
7 2 55 49
8 2 55 52
6 2 54 52
7 2 56 54
6 2 55 51
6 2 62 52
7 2 62 53
3 2 53 57
2 2 53 57
4 2 53 60
2 2 59 61
8 2 53 75
5 2 53 76
8 2 53 97
4 2 54 97
8 2 54 96
8 2 59 95
2 2 59 95
4 2 55 96
5 2 54 97
6 2 52 4
1 2 52 8
2 2 52 16
8 2 52 20
3 2 52 29
2 2 52 31
5 2 53 33
5 2 55 34
6 2 61 35
6 2 52 37
2 2 59 39
2 2 57 38
1 2 52 36
7 2 55 38
4 2 54 35
7 2 54 35
2 2 52 48
5 2 53 47
8 2 52 66
6 2 54 65
2 2 58 66
2 2 54 65
4 2 52 74
5 2 52 78
7 2 59 79
7 2 56 78
7 2 54 78
6 2 55 78
8 2 54 78
2 2 52 79
6 2 52 88
5 2 58 88
2 2 58 88
2 2 51 21
1 2 53 21
5 2 51 29
8 2 52 28
8 2 55 26
3 2 53 29
6 2 52 29
8 2 63 30
1 2 51 33
3 2 54 33
8 2 54 33
8 2 51 32
4 2 54 33
4 2 52 31
7 2 51 34
4 2 56 35
5 2 59 36
1 2 59 37
2 2 56 36
3 2 51 37
7 2 56 36
6 2 51 36
5 2 51 36
2 2 56 37
2 2 54 36
5 2 51 50
7 2 68 49
3 2 67 51
1 2 57 50
5 2 55 49
3 2 51 55
7 2 55 56
5 2 54 56
1 2 59 55
2 2 51 58
4 2 52 57
7 2 56 58
7 2 52 58
7 2 51 65
8 2 52 64
2 2 59 65
7 2 51 80
5 2 51 80
3 2 51 88
1 2 54 90
2 2 50 8
3 2 52 9
1 2 59 10
7 2 50 22
5 2 58 21
2 2 55 23
5 2 52 23
3 2 50 26
2 2 59 27
1 2 56 25
7 2 58 27
7 2 52 25
5 2 54 26
8 2 51 24
3 2 51 25
1 2 50 46
1 2 50 49
7 2 57 50
1 2 56 48
1 2 50 52
7 2 50 53
2 2 50 52
5 2 56 53
4 2 62 54
7 2 51 51
1 2 50 61
3 2 50 63
7 2 50 73
6 2 50 76
3 2 50 94
7 2 54 94
6 2 49 22
1 2 49 21
6 2 49 27
2 2 49 26
5 2 49 30
6 2 53 29
7 2 53 28
5 2 53 29
3 2 57 28
1 2 50 29
6 2 49 31
8 2 49 32
7 2 49 35
6 2 49 46
1 2 52 47
4 2 56 46
4 2 50 47
2 2 49 49
1 2 49 57
1 2 49 67
2 2 49 66
6 2 49 88
2 2 53 89
1 2 51 87
5 2 56 87
3 2 51 87
7 2 52 86
3 2 60 85
5 2 52 86
5 2 54 85
2 2 50 89
5 2 53 90
6 2 48 2
2 2 59 2
8 2 59 2
4 2 58 2
8 2 56 1
5 2 56 1
7 2 55 1
3 2 54 1
2 2 48 3
2 2 51 2
2 2 50 4
3 2 52 5
8 2 48 24
1 2 48 29
3 2 48 30
3 2 48 33
1 2 48 41
8 2 49 41
8 2 58 40
2 2 48 46
6 2 53 46
4 2 48 52
6 2 48 52
7 2 48 77
8 2 48 84
6 2 58 83
7 2 54 83
1 2 58 82
4 2 53 83
2 2 48 86
7 2 48 88
3 2 51 89
1 2 51 89
4 2 50 89
3 2 48 90
2 2 48 98
7 2 54 97
1 2 47 2
4 2 51 1
1 2 51 2
4 2 49 1
4 2 47 3
8 2 47 6
8 2 51 7
4 2 47 19
6 2 50 18
3 2 52 18
1 2 59 17
5 2 51 18
4 2 54 17
8 2 54 18
2 2 52 19
3 2 56 17
5 2 47 41
1 2 62 42
6 2 51 40
3 2 58 39
5 2 54 39
4 2 47 58
8 2 57 59
3 2 48 56
1 2 54 55
7 2 60 55
2 2 53 55
5 2 56 55
5 2 47 64
3 2 47 79
3 2 53 81
7 2 46 9
5 2 46 14
1 2 55 14
5 2 52 14
4 2 48 13
1 2 48 12
3 2 48 12
1 2 57 11
2 2 54 12
7 2 59 12
3 2 50 11
7 2 48 13
7 2 46 14
2 2 46 13
4 2 55 12
5 2 46 31
1 2 46 33
8 2 46 46
1 2 52 45
5 2 52 45
5 2 46 63
8 2 46 62
8 2 49 60
5 2 46 76
8 2 52 76
8 2 54 75
2 2 48 75
1 2 50 74
8 2 57 72
7 2 65 71
3 2 65 72
2 2 53 72
3 2 56 72
1 2 56 72
5 2 56 73
1 2 47 75
3 2 46 77
5 2 46 82
3 2 48 83
2 2 53 83
3 2 53 83
7 2 55 82
6 2 46 87
1 2 46 87
1 2 47 87
8 2 46 88
6 2 45 3
3 2 45 10
7 2 50 10
3 2 50 10
3 2 51 9
7 2 51 8
1 2 47 9
5 2 50 10
3 2 49 8
2 2 49 10
6 2 48 10
6 2 49 11
7 2 62 10
7 2 49 11
2 2 45 31
2 2 46 30
7 2 47 29
2 2 48 28
8 2 52 27
1 2 45 39
5 2 50 38
7 2 45 57
3 2 47 57
7 2 47 58
1 2 45 61
1 2 55 60
3 2 45 65
6 2 57 64
5 2 45 68
5 2 54 69
1 2 52 69
1 2 45 75
4 2 47 74
1 2 45 83
2 2 60 84
5 2 60 85
3 2 55 84
6 2 45 97
6 2 44 19
7 2 51 20
4 2 49 18
8 2 50 17
4 2 44 28
5 2 45 27
3 2 48 26
7 2 51 25
1 2 44 27
2 2 44 30
6 2 46 29
1 2 44 38
5 2 45 37
5 2 44 40
4 2 44 44
2 2 53 42
8 2 56 43
2 2 52 44
8 2 49 44
7 2 48 45
6 2 44 48
7 2 44 62
4 2 47 61
8 2 44 63
4 2 44 64
3 2 48 65
1 2 55 67
7 2 47 66
8 2 48 66
7 2 45 64
7 2 44 72
4 2 53 72
5 2 63 71
5 2 47 72
7 2 61 71
6 2 47 71
4 2 49 70
6 2 55 71
1 2 51 70
7 2 45 71
7 2 49 72
6 2 52 73
8 2 44 78
4 2 44 81
6 2 49 80
5 2 51 81
4 2 51 80
2 2 51 81
3 2 46 81
5 2 48 80
3 2 44 85
8 2 44 96
4 2 55 95
7 2 52 95
7 2 50 96
8 2 49 95
7 2 59 94
2 2 59 95
5 2 49 96
5 2 48 94
7 2 47 95
3 2 57 94
4 2 57 94
5 2 56 93
1 2 63 92
6 2 63 93
5 2 49 94
6 2 53 93
5 2 52 92
4 2 54 92
8 2 60 91
7 2 54 93
6 2 49 93
8 2 49 95
1 2 48 96
8 2 43 3
8 2 47 2
7 2 49 1
2 2 48 1
6 2 43 7
5 2 50 7
6 2 44 6
6 2 49 5
5 2 50 6
7 2 65 5
5 2 59 5
4 2 49 6
3 2 49 6
2 2 49 7
3 2 44 7
1 2 49 9
1 2 47 7
5 2 43 7
6 2 46 8
4 2 45 8
3 2 46 9
1 2 43 14
4 2 43 14
1 2 45 15
5 2 43 38
8 2 43 46
2 2 43 46
2 2 44 45
4 2 43 51
8 2 54 52
2 2 43 56
8 2 43 55
8 2 49 54
3 2 48 53
4 2 49 54
8 2 43 74
4 2 45 76
6 2 48 77
6 2 45 75
8 2 46 76
7 2 44 75
7 2 43 84
6 2 54 85
7 2 46 83
6 2 46 83
6 2 43 94
7 2 47 93
5 2 46 93
3 2 45 92
4 2 59 91
6 2 59 91
7 2 59 92
6 2 56 91
3 2 53 91
7 2 53 91
2 2 49 91
5 2 49 91
8 2 48 91
5 2 44 94
6 2 43 98
5 2 42 2
3 2 42 2
3 2 46 4
1 2 42 5
6 2 42 35
4 2 42 38
8 2 42 43
6 2 42 53
4 2 42 55
6 2 42 65
8 2 42 82
5 2 42 83
1 2 49 85
4 2 42 84
6 2 48 85
1 2 47 84
8 2 47 85
4 2 48 84
3 2 41 6
1 2 43 5
6 2 41 8
1 2 43 9
5 2 41 17
4 2 58 16
8 2 54 18
6 2 49 16
6 2 47 17
2 2 41 45
4 2 42 45
3 2 43 46
6 2 42 46
3 2 47 48
4 2 49 49
5 2 41 46
6 2 41 71
8 2 41 86
6 2 41 95
7 2 43 96
2 2 43 96
5 2 43 96
1 2 43 97
3 2 40 3
5 2 44 3
7 2 42 2
4 2 40 4
2 2 40 8
1 2 40 12
6 2 46 11
7 2 42 13
1 2 42 12
3 2 42 14
4 2 40 13
5 2 40 20
3 2 48 20
2 2 47 19
3 2 51 20
8 2 50 20
6 2 47 20
4 2 51 19
7 2 47 19
6 2 48 20
3 2 45 20
2 2 44 20
1 2 42 19
6 2 42 20
7 2 44 19
6 2 40 21
8 2 51 22
1 2 51 23
3 2 43 22
1 2 47 23
5 2 51 23
7 2 43 23
2 2 40 25
1 2 49 24
6 2 48 24
5 2 44 24
3 2 49 24
2 2 45 24
4 2 45 25
2 2 46 24
5 2 40 27
7 2 43 29
3 2 49 29
1 2 40 29
2 2 40 30
1 2 40 39
1 2 40 41
8 2 51 43
2 2 59 42
7 2 59 42
3 2 57 42
2 2 41 41
5 2 56 42
1 2 41 40
6 2 43 42
2 2 47 42
6 2 50 44
5 2 47 43
8 2 40 40
2 2 40 39
8 2 40 54
7 2 46 53
1 2 40 53
8 2 45 54
2 2 40 76
1 2 47 77
5 2 45 77
2 2 44 77
6 2 47 78
4 2 42 77
6 2 42 77
7 2 40 75
3 2 40 76
6 2 40 91
8 2 46 90
5 2 45 90
5 2 40 96
8 2 39 20
8 2 43 19
7 2 39 20
4 2 41 19
3 2 39 21
7 2 39 33
3 2 40 34
8 2 46 35
1 2 48 36
8 2 40 33
7 2 41 33
1 2 40 34
7 2 39 47
2 2 47 47
6 2 51 47
5 2 47 47
4 2 46 47
1 2 39 47
8 2 44 49
8 2 48 49
2 2 45 48
7 2 44 48
7 2 40 48
4 2 47 49
5 2 51 51
2 2 42 48
6 2 39 57
6 2 39 75
7 2 39 92
3 2 38 1
3 2 42 2
7 2 38 7
8 2 40 6
3 2 38 6
1 2 61 5
5 2 42 5
6 2 38 6
4 2 38 8
1 2 45 9
5 2 41 9
6 2 42 10
7 2 41 10
3 2 38 11
7 2 41 10
8 2 38 12
8 2 38 19
2 2 51 18
2 2 38 43
3 2 38 54
6 2 43 53
4 2 46 52
1 2 44 54
4 2 39 54
5 2 42 54
3 2 49 54
1 2 41 55
6 2 47 55
5 2 38 54
2 2 38 56
2 2 38 63
6 2 44 62
3 2 41 65
1 2 43 65
5 2 50 66
7 2 50 67
5 2 49 67
3 2 43 64
6 2 38 66
6 2 44 66
5 2 38 65
8 2 38 74
4 2 39 75
3 2 38 97
2 2 37 10
4 2 43 10
1 2 37 25
5 2 38 26
8 2 37 27
2 2 37 28
5 2 37 46
4 2 38 45
2 2 37 45
1 2 40 45
8 2 37 48
7 2 41 48
2 2 37 87
7 2 42 86
8 2 42 86
7 2 41 86
1 2 47 85
3 2 41 87
8 2 49 88
1 2 39 87
1 2 36 28
7 2 36 35
6 2 37 34
8 2 36 36
4 2 43 36
1 2 36 39
5 2 40 38
7 2 43 39
1 2 42 37
3 2 42 37
4 2 36 69
6 2 45 68
7 2 38 68
3 2 45 67
1 2 38 71
6 2 36 74
4 2 41 74
8 2 36 82
7 2 46 81
8 2 41 83
1 2 38 84
7 2 36 84
4 2 43 85
4 2 40 84
4 2 45 83
4 2 36 88
2 2 40 88
5 2 47 89
1 2 39 89
6 2 37 89
4 2 37 90
8 2 37 89
3 2 36 93
8 2 40 95
8 2 38 93
4 2 44 93
3 2 35 18
2 2 41 17
5 2 43 16
7 2 35 24
7 2 39 23
4 2 37 25
1 2 38 24
7 2 42 23
8 2 39 25
6 2 38 23
5 2 36 23
3 2 40 22
8 2 37 21
8 2 36 23
3 2 36 24
4 2 36 23
4 2 35 25
2 2 44 26
6 2 35 41
3 2 35 43
2 2 35 56
4 2 46 55
3 2 37 57
8 2 41 56
6 2 41 57
4 2 43 55
4 2 35 58
1 2 37 58
8 2 46 59
1 2 46 59
5 2 46 60
3 2 53 60
5 2 36 58
1 2 35 60
7 2 50 60
5 2 39 60
5 2 41 61
2 2 43 62
1 2 41 60
4 2 35 61
1 2 44 62
5 2 40 60
6 2 36 61
4 2 39 60
3 2 35 76
7 2 35 88
5 2 37 87
4 2 39 86
7 2 37 88
3 2 35 89
2 2 36 89
4 2 34 7
5 2 34 9
8 2 34 14
6 2 37 13
5 2 38 11
4 2 38 11
7 2 34 17
4 2 44 18
2 2 43 18
6 2 37 17
3 2 42 16
3 2 34 32
5 2 37 31
2 2 39 32
7 2 39 31
6 2 34 31
4 2 34 43
4 2 34 45
3 2 37 46
7 2 34 48
5 2 40 49
2 2 44 50
6 2 40 49
8 2 34 49
4 2 36 50
5 2 42 51
1 2 34 50
2 2 34 61
7 2 41 62
3 2 34 79
8 2 43 80
8 2 40 79
3 2 46 80
6 2 43 80
8 2 37 79
1 2 39 79
5 2 41 80
1 2 41 81
8 2 43 80
5 2 40 79
3 2 37 79
4 2 46 78
6 2 34 84
6 2 44 83
2 2 45 82
5 2 34 87
4 2 34 88
7 2 39 90
1 2 36 89
7 2 36 89
7 2 33 30
7 2 35 30
4 2 34 31
6 2 33 30
5 2 33 29
7 2 35 28
2 2 35 29
1 2 33 37
8 2 33 51
3 2 33 52
2 2 41 52
5 2 33 54
6 2 39 53
1 2 39 52
6 2 36 53
8 2 35 53
1 2 33 79
1 2 36 79
6 2 48 78
5 2 47 78
6 2 37 80
1 2 33 90
4 2 44 91
3 2 41 91
8 2 41 91
3 2 35 91
1 2 35 92
7 2 42 92
6 2 39 92
2 2 39 91
6 2 33 94
4 2 36 93
8 2 41 95
5 2 36 93
6 2 36 95
2 2 38 95
5 2 35 95
6 2 34 94
8 2 32 3
2 2 39 2
1 2 46 3
4 2 39 2
6 2 39 4
2 2 47 5
7 2 38 2
2 2 34 3
8 2 51 3
1 2 32 10
3 2 34 10
3 2 32 10
8 2 32 11
5 2 32 11
8 2 45 13
3 2 38 12
2 2 36 12
7 2 32 53
6 2 32 64
1 2 38 63
2 2 32 92
7 2 31 4
5 2 31 4
7 2 32 3
2 2 31 5
4 2 33 4
5 2 31 7
7 2 31 7
7 2 37 6
1 2 37 7
5 2 33 7
7 2 31 36
2 2 42 35
6 2 42 36
6 2 42 38
3 2 31 44
6 2 31 52
6 2 38 51
3 2 35 51
2 2 31 57
7 2 32 57
4 2 34 56
4 2 42 57
2 2 34 57
5 2 43 59
5 2 41 58
8 2 31 64
1 2 38 63
8 2 38 65
3 2 32 63
8 2 40 62
6 2 31 74
3 2 34 73
6 2 33 75
4 2 37 76
1 2 41 78
8 2 39 78
4 2 33 76
7 2 31 75
4 2 31 82
1 2 43 83
5 2 35 82
6 2 39 82
8 2 40 81
6 2 40 82
1 2 39 83
6 2 31 96
5 2 31 98
3 2 38 98
7 2 30 13
5 2 49 14
2 2 42 14
5 2 41 14
7 2 44 15
6 2 41 15
8 2 42 15
3 2 31 13
1 2 35 14
3 2 32 12
6 2 32 12
7 2 30 21
4 2 35 19
1 2 36 20
5 2 38 21
2 2 38 22
3 2 31 21
6 2 34 21
7 2 33 20
3 2 36 19
4 2 33 21
5 2 30 29
2 2 30 32
6 2 38 32
5 2 32 31
7 2 32 32
4 2 30 36
7 2 40 37
1 2 39 36
8 2 38 36
3 2 30 52
2 2 30 69
2 2 37 70
5 2 31 70
8 2 37 72
1 2 31 71
4 2 41 72
3 2 46 73
4 2 37 72
3 2 30 70
8 2 33 71
1 2 43 72
1 2 34 70
6 2 42 69
3 2 34 69
6 2 38 68
5 2 33 70
1 2 37 69
4 2 30 80
2 2 35 79
2 2 34 81
3 2 31 80
1 2 30 80
4 2 34 79
3 2 32 79
7 2 32 80
6 2 30 80
1 2 35 82
3 2 34 82
8 2 31 81
7 2 33 82
8 2 33 81
2 2 31 82
4 2 30 81
5 2 30 83
2 2 30 84
5 2 30 85
1 2 37 85
2 2 37 85
1 2 30 92
2 2 30 96
6 2 36 96
3 2 33 96
3 2 34 96
7 2 29 6
5 2 32 4
3 2 30 5
4 2 34 4
8 2 35 5
2 2 29 4
4 2 29 16
6 2 29 26
3 2 34 25
3 2 29 35
8 2 29 35
7 2 33 34
2 2 32 34
1 2 32 33
4 2 30 34
5 2 35 35
6 2 35 36
1 2 34 35
8 2 34 36
1 2 38 37
8 2 29 39
4 2 36 39
3 2 46 39
1 2 46 39
3 2 37 39
4 2 47 38
8 2 33 38
7 2 32 38
6 2 34 39
3 2 34 39
6 2 39 41
6 2 37 40
4 2 34 38
1 2 35 39
2 2 29 41
2 2 34 41
7 2 34 41
3 2 34 41
5 2 29 46
1 2 33 45
5 2 29 52
1 2 29 54
7 2 32 53
4 2 31 53
5 2 39 54
8 2 38 54
6 2 29 60
3 2 29 67
6 2 40 66
6 2 38 67
3 2 35 67
8 2 37 67
6 2 33 68
6 2 31 67
1 2 36 67
2 2 34 67
4 2 29 69
6 2 29 68
7 2 29 68
6 2 33 69
8 2 29 67
4 2 31 66
8 2 29 84
8 2 28 17
7 2 43 17
4 2 40 15
8 2 39 17
1 2 29 16
1 2 40 15
7 2 37 15
3 2 45 16
5 2 30 15
1 2 30 14
5 2 34 15
4 2 32 15
2 2 28 15
5 2 41 16
1 2 44 17
4 2 34 16
3 2 33 14
7 2 28 27
2 2 32 27
5 2 28 33
1 2 28 40
2 2 34 39
4 2 28 56
4 2 29 55
3 2 31 55
8 2 30 53
8 2 29 57
5 2 29 57
1 2 28 57
1 2 28 77
2 2 29 79
3 2 28 77
8 2 29 76
2 2 33 78
7 2 33 77
4 2 32 78
6 2 28 80
6 2 28 83
4 2 28 88
1 2 32 87
7 2 28 89
4 2 28 89
4 2 35 89
5 2 28 89
2 2 28 93
7 2 32 94
4 2 32 95
5 2 31 92
3 2 28 94
7 2 29 95
6 2 28 98
5 2 29 97
1 2 29 98
5 2 27 15
3 2 27 16
2 2 27 19
6 2 34 19
6 2 35 18
7 2 34 19
5 2 34 20
6 2 31 20
2 2 29 17
1 2 30 16
2 2 28 19
7 2 28 18
6 2 27 18
7 2 27 31
1 2 27 31
1 2 27 36
1 2 29 36
5 2 30 36
2 2 27 38
2 2 30 37
4 2 27 39
3 2 30 38
6 2 31 39
8 2 29 38
1 2 27 48
2 2 32 47
3 2 27 50
8 2 29 49
5 2 27 53
6 2 27 63
3 2 32 63
7 2 29 62
3 2 32 61
7 2 33 61
8 2 28 62
5 2 29 64
3 2 30 65
4 2 29 65
4 2 35 65
2 2 32 65
1 2 31 64
1 2 32 65
3 2 30 65
6 2 29 65
5 2 27 68
4 2 32 69
5 2 28 67
3 2 29 68
3 2 27 71
6 2 27 75
4 2 28 76
1 2 27 93
7 2 31 92
1 2 30 93
4 2 26 1
2 2 26 2
3 2 31 3
8 2 30 1
4 2 26 19
3 2 36 18
2 2 35 18
4 2 26 29
7 2 36 28
3 2 26 31
2 2 38 30
5 2 28 32
2 2 26 41
3 2 26 48
2 2 28 47
7 2 30 47
4 2 30 46
7 2 31 46
5 2 26 47
1 2 26 56
3 2 26 66
6 2 29 66
2 2 28 65
4 2 26 74
8 2 32 73
4 2 26 95
1 2 36 94
7 2 30 95
8 2 28 95
3 2 26 96
3 2 33 97
7 2 33 97
2 2 28 98
8 2 28 97
2 2 26 97
2 2 25 6
4 2 30 7
6 2 28 5
5 2 25 10
7 2 36 9
6 2 36 9
6 2 39 9
2 2 31 9
2 2 30 11
4 2 38 12
1 2 29 12
1 2 27 12
1 2 30 12
6 2 32 13
5 2 31 13
7 2 34 12
8 2 26 11
1 2 30 10
7 2 26 10
8 2 28 11
6 2 28 11
3 2 28 12
1 2 25 35
1 2 36 34
2 2 25 34
1 2 29 33
7 2 25 36
3 2 25 42
1 2 39 44
1 2 34 43
5 2 32 41
3 2 26 43
8 2 26 44
6 2 29 45
1 2 27 45
1 2 30 44
1 2 38 43
3 2 31 44
6 2 38 43
7 2 38 44
4 2 30 44
6 2 26 44
8 2 27 44
4 2 25 50
8 2 27 51
5 2 25 71
1 2 25 70
4 2 32 71
2 2 25 77
2 2 27 77
4 2 25 79
6 2 29 78
7 2 25 82
4 2 28 83
1 2 27 81
8 2 27 82
1 2 25 89
2 2 30 90
1 2 36 91
7 2 30 90
3 2 28 88
3 2 26 90
7 2 25 92
7 2 24 1
4 2 29 2
1 2 29 3
7 2 26 2
8 2 26 3
6 2 27 2
5 2 27 4
7 2 24 8
6 2 24 8
2 2 24 14
7 2 31 13
5 2 30 13
3 2 24 16
5 2 24 35
3 2 30 34
5 2 24 42
4 2 26 42
5 2 26 43
2 2 33 44
7 2 32 44
5 2 24 44
7 2 25 43
6 2 30 44
1 2 25 42
4 2 24 63
4 2 25 64
5 2 24 67
6 2 24 71
3 2 35 71
6 2 35 72
8 2 25 70
4 2 25 70
6 2 24 93
4 2 25 93
4 2 28 94
8 2 25 93
3 2 24 94
7 2 23 6
6 2 23 5
8 2 24 3
3 2 23 6
3 2 25 7
2 2 23 8
8 2 24 8
8 2 28 9
4 2 23 11
3 2 23 24
8 2 37 23
7 2 27 24
7 2 34 23
7 2 35 24
7 2 23 25
2 2 30 25
3 2 31 26
3 2 32 27
4 2 32 28
5 2 31 25
3 2 23 25
7 2 31 27
4 2 23 40
5 2 24 41
8 2 25 40
3 2 28 39
3 2 26 40
4 2 23 46
1 2 27 47
3 2 23 61
5 2 28 60
3 2 28 60
1 2 23 67
6 2 23 75
3 2 25 74
6 2 29 73
2 2 34 72
5 2 42 72
8 2 28 73
7 2 28 72
5 2 27 73
8 2 26 74
2 2 23 84
3 2 36 85
8 2 31 85
1 2 29 85
2 2 28 85
5 2 23 86
8 2 29 86
6 2 35 86
1 2 25 86
8 2 30 85
4 2 23 90
4 2 25 90
1 2 23 95
1 2 22 10
3 2 22 16
8 2 23 16
1 2 24 17
5 2 30 18
1 2 22 25
4 2 22 25
7 2 22 30
3 2 25 29
4 2 24 29
6 2 24 30
6 2 22 37
6 2 26 36
5 2 30 37
2 2 22 37
2 2 24 36
8 2 22 47
6 2 24 48
3 2 31 48
4 2 23 48
4 2 30 49
7 2 29 49
7 2 22 52
3 2 30 52
2 2 22 56
5 2 34 55
6 2 26 57
2 2 38 58
3 2 26 58
8 2 28 58
5 2 22 67
1 2 22 70
5 2 23 71
3 2 23 70
7 2 29 69
4 2 23 72
8 2 25 72
7 2 25 73
5 2 22 79
7 2 25 78
2 2 27 77
1 2 22 87
5 2 26 86
1 2 23 88
8 2 24 89
5 2 23 89
8 2 26 88
3 2 22 88
6 2 30 87
7 2 22 95
8 2 21 2
8 2 24 1
5 2 21 17
2 2 22 16
6 2 27 15
6 2 21 30
1 2 23 29
3 2 28 28
4 2 21 33
5 2 24 33
8 2 25 32
4 2 29 33
1 2 27 33
2 2 27 33
3 2 26 33
2 2 23 33
7 2 23 33
7 2 21 44
2 2 25 46
7 2 21 54
4 2 24 53
4 2 21 57
7 2 21 57
8 2 21 57
7 2 21 61
4 2 21 73
1 2 21 73
7 2 21 75
1 2 22 76
5 2 22 77
1 2 22 77
3 2 27 77
8 2 22 77
8 2 21 85
6 2 21 88
1 2 20 5
1 2 23 4
4 2 22 4
7 2 26 5
7 2 20 6
8 2 22 5
6 2 20 13
2 2 26 13
3 2 24 12
3 2 21 14
7 2 26 14
6 2 20 14
6 2 20 21
1 2 20 20
8 2 26 21
2 2 22 19
7 2 20 29
8 2 20 32
6 2 20 44
7 2 26 44
4 2 20 52
6 2 40 51
7 2 24 51
7 2 49 50
7 2 37 50
6 2 29 51
5 2 23 54
8 2 24 55
7 2 24 56
7 2 20 65
2 2 24 64
6 2 24 63
2 2 20 76
1 2 20 82
4 2 20 83
2 2 20 85
2 2 21 86
4 2 23 85
6 2 35 84
8 2 35 84
7 2 20 89
4 2 20 91
3 2 31 90
3 2 25 91
8 2 24 91
8 2 21 91
3 2 20 93
5 2 23 92
6 2 19 25
3 2 21 26
8 2 22 25
2 2 19 26
1 2 19 35
6 2 21 34
3 2 19 38
6 2 25 39
1 2 22 40
2 2 21 39
4 2 24 38
1 2 27 37
7 2 20 40
1 2 20 39
7 2 28 40
8 2 19 40
7 2 19 60
8 2 31 59
1 2 22 62
3 2 25 62
1 2 24 62
4 2 29 61
7 2 24 62
1 2 20 60
5 2 19 61
8 2 21 60
4 2 21 61
2 2 26 61
6 2 19 65
7 2 24 66
1 2 19 72
8 2 19 74
3 2 32 74
1 2 19 84
7 2 19 96
7 2 23 97
1 2 22 97
4 2 22 98
5 2 20 96
5 2 23 97
5 2 21 95
3 2 18 8
2 2 24 7
2 2 18 9
7 2 21 10
6 2 18 12
4 2 22 12
1 2 18 14
4 2 22 14
8 2 20 14
7 2 19 14
3 2 18 18
6 2 18 22
1 2 18 25
6 2 22 24
1 2 22 25
6 2 22 27
4 2 21 27
4 2 18 29
2 2 18 39
7 2 19 39
5 2 18 52
6 2 18 57
5 2 18 58
5 2 18 69
2 2 18 69
3 2 19 68
7 2 18 71
5 2 18 78
1 2 19 79
2 2 18 78
1 2 19 79
8 2 18 77
2 2 17 13
4 2 19 12
2 2 22 11
2 2 20 12
5 2 17 22
7 2 27 22
5 2 25 22
6 2 22 21
5 2 25 20
1 2 25 21
1 2 22 21
8 2 21 22
5 2 28 24
5 2 26 23
5 2 19 21
3 2 17 34
2 2 17 35
8 2 22 35
7 2 17 43
6 2 23 42
8 2 17 59
1 2 21 60
4 2 27 61
3 2 27 62
6 2 17 62
5 2 16 9
7 2 16 15
7 2 19 16
6 2 16 18
6 2 21 20
2 2 21 20
3 2 16 23
7 2 21 24
2 2 20 24
7 2 16 39
2 2 16 50
8 2 22 49
8 2 29 50
2 2 27 50
3 2 22 48
2 2 16 58
7 2 23 58
2 2 16 70
4 2 19 69
6 2 18 68
7 2 19 67
1 2 25 68
2 2 25 68
7 2 24 67
8 2 17 68
6 2 23 68
5 2 16 80
7 2 15 8
8 2 16 7
8 2 19 7
1 2 18 6
1 2 19 7
5 2 18 7
2 2 16 6
8 2 15 16
4 2 15 28
6 2 15 27
2 2 15 33
5 2 15 36
5 2 20 36
1 2 15 42
2 2 19 41
5 2 19 41
3 2 17 43
3 2 25 43
5 2 16 41
6 2 15 48
4 2 20 48
3 2 15 58
8 2 17 57
7 2 15 67
5 2 15 69
5 2 15 87
4 2 27 87
3 2 16 86
6 2 21 87
7 2 21 87
2 2 22 86
2 2 15 86
1 2 19 87
5 2 19 88
8 2 15 87
4 2 19 86
4 2 17 89
1 2 15 86
2 2 28 85
1 2 25 85
3 2 25 84
8 2 25 84
5 2 18 85
3 2 18 86
6 2 14 8
3 2 14 36
4 2 17 37
5 2 14 59
2 2 14 72
2 2 22 73
7 2 14 85
6 2 14 87
8 2 14 94
7 2 14 94
3 2 21 94
5 2 21 93
8 2 13 18
6 2 18 19
8 2 18 19
5 2 19 19
8 2 15 19
5 2 14 18
7 2 13 17
4 2 18 16
1 2 14 16
5 2 14 16
5 2 26 16
4 2 13 18
8 2 13 31
2 2 14 31
1 2 15 30
4 2 13 39
2 2 16 38
7 2 18 37
7 2 13 41
6 2 13 43
2 2 13 59
5 2 21 58
8 2 13 59
7 2 13 66
2 2 18 66
8 2 14 65
4 2 16 66
5 2 13 70
1 2 14 70
4 2 14 69
7 2 13 73
4 2 13 80
3 2 18 79
1 2 16 80
7 2 15 79
4 2 13 88
2 2 18 89
2 2 13 88
8 2 16 89
2 2 19 90
5 2 20 89
1 2 12 3
2 2 22 2
1 2 22 2
6 2 19 3
7 2 17 3
2 2 25 3
3 2 23 3
1 2 19 2
4 2 31 3
6 2 20 3
8 2 19 3
5 2 20 3
5 2 17 3
6 2 12 14
3 2 18 12
3 2 17 14
7 2 12 38
3 2 16 37
8 2 15 37
8 2 24 37
5 2 21 37
6 2 12 40
7 2 12 48
2 2 12 50
4 2 26 51
1 2 12 51
5 2 18 50
4 2 23 50
1 2 12 57
7 2 12 57
6 2 22 56
8 2 12 69
3 2 18 68
3 2 12 83
8 2 12 83
8 2 12 89
5 2 16 90
8 2 12 92
8 2 20 92
5 2 20 91
6 2 12 96
1 2 18 95
4 2 15 95
2 2 11 3
2 2 11 5
2 2 11 7
2 2 11 10
6 2 15 10
8 2 14 9
4 2 14 9
3 2 14 10
7 2 13 9
7 2 11 15
2 2 11 15
5 2 13 15
1 2 12 15
4 2 11 16
3 2 11 28
2 2 15 29
6 2 11 50
6 2 20 49
3 2 12 50
4 2 23 49
2 2 21 51
3 2 17 49
6 2 18 48
8 2 16 51
6 2 13 51
6 2 23 52
5 2 20 52
8 2 16 52
5 2 20 52
3 2 11 53
2 2 18 52
5 2 11 57
1 2 11 59
7 2 17 59
3 2 11 66
1 2 17 65
6 2 12 67
1 2 11 76
5 2 17 76
6 2 11 80
2 2 11 84
7 2 22 84
5 2 22 84
7 2 16 84
4 2 11 88
3 2 13 87
8 2 10 7
7 2 10 11
4 2 10 15
3 2 10 23
3 2 22 22
8 2 17 24
8 2 14 24
2 2 25 23
5 2 16 26
1 2 13 24
1 2 10 40
6 2 10 47
2 2 21 46
3 2 11 46
2 2 15 45
3 2 12 45
6 2 15 44
1 2 15 43
8 2 10 52
6 2 14 52
8 2 16 53
3 2 15 53
5 2 13 51
3 2 12 52
5 2 10 51
4 2 21 50
3 2 13 50
1 2 11 50
8 2 11 50
4 2 10 57
7 2 10 56
1 2 21 56
4 2 17 56
3 2 12 55
2 2 10 57
2 2 10 81
5 2 13 82
4 2 10 83
4 2 17 83
6 2 19 82
3 2 17 84
3 2 10 86
4 2 14 87
1 2 9 22
2 2 10 23
5 2 14 24
4 2 15 25
8 2 11 22
4 2 9 23
6 2 10 24
1 2 9 25
8 2 9 28
7 2 13 29
1 2 9 35
8 2 9 34
4 2 16 33
1 2 9 33
1 2 14 32
6 2 11 32
7 2 9 36
3 2 9 50
6 2 9 50
8 2 9 58
3 2 9 58
4 2 9 60
4 2 13 60
6 2 12 60
3 2 9 65
7 2 16 63
3 2 33 62
2 2 16 64
6 2 11 65
8 2 9 76
4 2 11 75
8 2 9 80
6 2 13 79
8 2 15 78
1 2 19 78
5 2 9 83
1 2 16 83
1 2 9 82
2 2 14 83
2 2 9 92
4 2 23 91
5 2 8 2
7 2 9 1
5 2 17 2
6 2 15 2
2 2 8 1
2 2 15 3
7 2 8 7
4 2 16 7
8 2 14 5
4 2 18 4
4 2 16 5
1 2 15 5
7 2 8 38
4 2 8 48
6 2 8 85
6 2 14 84
8 2 17 85
5 2 11 84
1 2 14 83
6 2 10 84
2 2 7 3
6 2 12 3
2 2 7 7
6 2 16 8
6 2 7 36
8 2 7 44
8 2 13 43
5 2 20 42
2 2 19 42
3 2 13 44
1 2 10 45
6 2 19 46
3 2 19 46
8 2 15 47
6 2 17 46
8 2 13 46
1 2 12 46
4 2 10 46
7 2 7 44
5 2 7 48
4 2 7 62
4 2 17 61
2 2 7 65
2 2 9 64
1 2 7 67
5 2 7 66
2 2 17 68
1 2 16 68
1 2 7 71
8 2 13 70
6 2 13 71
7 2 12 70
4 2 12 71
2 2 26 71
8 2 24 71
6 2 24 70
2 2 10 70
8 2 10 71
2 2 8 71
3 2 11 71
3 2 22 72
4 2 7 75
5 2 16 74
5 2 7 84
4 2 7 85
7 2 12 86
3 2 6 8
7 2 14 7
1 2 14 8
3 2 13 8
1 2 6 11
1 2 6 16
8 2 25 16
2 2 6 31
3 2 22 30
7 2 6 32
8 2 11 32
5 2 6 40
4 2 6 46
2 2 6 48
5 2 6 56
2 2 13 56
6 2 10 55
5 2 11 54
1 2 19 55
8 2 11 53
5 2 6 60
8 2 6 64
5 2 14 63
5 2 10 64
4 2 10 63
8 2 16 63
3 2 10 64
5 2 11 63
5 2 22 63
4 2 22 64
4 2 12 62
8 2 11 64
7 2 12 63
5 2 6 64
7 2 8 63
3 2 6 84
1 2 10 86
4 2 9 85
8 2 7 84
6 2 6 91
7 2 6 92
1 2 6 92
6 2 13 94
2 2 13 94
1 2 12 94
2 2 18 93
4 2 17 93
3 2 6 91
3 2 6 96
3 2 12 95
5 2 8 96
8 2 9 95
5 2 6 98
7 2 7 97
6 2 7 96
4 2 14 95
3 2 5 11
4 2 11 11
5 2 7 12
4 2 5 20
8 2 7 22
3 2 16 22
1 2 21 23
1 2 6 19
1 2 15 20
3 2 5 35
4 2 13 34
8 2 5 43
8 2 18 42
6 2 17 42
3 2 9 42
2 2 8 42
1 2 5 45
3 2 5 53
7 2 9 53
7 2 5 56
2 2 5 60
6 2 5 84
5 2 5 89
8 2 4 5
8 2 6 6
7 2 9 5
1 2 8 5
7 2 16 4
4 2 10 4
3 2 6 5
6 2 4 10
5 2 11 11
6 2 18 12
7 2 11 12
5 2 4 20
6 2 15 20
6 2 4 32
8 2 7 33
7 2 10 32
5 2 27 31
5 2 4 33
6 2 5 31
3 2 18 30
6 2 4 33
2 2 4 42
6 2 7 42
8 2 11 41
6 2 4 54
2 2 17 53
3 2 18 54
5 2 6 53
1 2 12 54
4 2 7 54
7 2 12 53
3 2 6 54
8 2 8 54
3 2 8 55
3 2 9 55
6 2 4 61
8 2 4 81
3 2 7 81
1 2 7 81
6 2 6 82
6 2 4 94
4 2 4 94
4 2 7 94
5 2 3 26
3 2 12 25
1 2 14 27
4 2 3 39
3 2 13 38
1 2 5 38
1 2 3 38
5 2 10 37
6 2 10 39
4 2 3 37
7 2 3 42
1 2 10 43
2 2 8 43
6 2 3 59
6 2 4 58
4 2 3 60
4 2 13 62
3 2 12 62
8 2 11 62
1 2 7 61
6 2 6 61
4 2 3 65
6 2 3 71
2 2 22 70
1 2 9 70
6 2 9 72
4 2 10 73
5 2 7 72
7 2 6 70
3 2 8 69
3 2 6 72
7 2 18 73
8 2 5 70
5 2 15 69
3 2 5 70
4 2 3 75
7 2 3 76
2 2 14 77
3 2 11 75
8 2 11 75
7 2 11 76
5 2 9 75
1 2 9 75
5 2 3 75
4 2 7 77
7 2 14 77
3 2 8 75
1 2 15 74
4 2 5 75
5 2 11 74
1 2 18 73
1 2 11 74
1 2 14 74
3 2 5 75
3 2 9 74
2 2 3 78
5 2 3 83
4 2 4 82
5 2 3 89
5 2 2 4
1 2 16 5
4 2 23 4
3 2 23 4
8 2 12 5
1 2 6 3
6 2 5 3
5 2 3 5
1 2 2 7
4 2 5 7
4 2 2 7
7 2 2 9
1 2 2 15
6 2 9 14
4 2 5 14
5 2 2 16
4 2 13 17
6 2 32 17
7 2 32 18
2 2 13 18
2 2 11 17
8 2 10 17
4 2 2 17
5 2 2 19
3 2 7 18
3 2 2 29
3 2 17 28
7 2 9 30
1 2 9 30
3 2 8 30
5 2 6 29
5 2 9 28
3 2 5 28
3 2 19 27
1 2 16 27
2 2 15 27
5 2 28 26
7 2 20 26
8 2 15 28
6 2 14 28
8 2 13 28
3 2 5 30
3 2 3 29
4 2 3 28
8 2 5 29
8 2 2 32
1 2 2 45
5 2 7 45
6 2 7 46
2 2 9 47
2 2 2 45
4 2 2 59
1 2 3 58
3 2 3 57
8 2 5 56
3 2 5 56
5 2 4 55
8 2 2 70
6 2 3 70
2 2 3 71
4 2 3 72
7 2 2 72
2 2 2 73
6 2 2 81
1 2 2 83
5 2 2 93
5 2 5 93
2 2 3 94
6 2 12 94
4 2 2 95
8 2 1 28
5 2 10 29
8 2 7 27
4 2 1 37
5 2 7 39
6 2 3 39
5 2 1 55
3 2 2 53
2 2 6 52
8 2 2 52
1 2 6 51
4 2 6 51
3 2 13 50
8 2 4 51
5 2 6 50
7 2 6 51
7 2 2 53
7 2 1 67
6 2 4 68
4 2 15 67
2 2 4 67
3 2 9 66
5 2 8 68
2 2 6 68
6 2 9 67
1 2 6 68
4 2 1 79
6 2 2 78
7 2 3 79
1 2 12 79
7 2 7 80
4 2 3 80
8 2 2 80
6 2 2 80
4 2 1 97
2 2 7 96
4 2 7 96
4 2 5 97
5 2 4 96
7 2 8 95
5 2 8 95
7 2 4 97
8 3 46 1
7 3 38 1
6 3 34 11
2 3 31 6
5 2 29 6
2 3 30 49
2 3 30 63
5 3 29 56
3 3 28 74
2 3 27 30
8 3 26 17
4 3 26 61
8 3 25 6
2 3 25 90
5 3 24 34
8 3 24 38
4 3 23 12
5 3 23 13
3 3 23 16
3 3 23 30
2 3 23 51
3 3 22 10
5 3 22 17
6 2 22 17
1 2 21 17
7 3 22 35
4 3 22 45
2 3 22 74
4 3 21 28
8 2 19 28
3 3 21 59
8 3 22 60
3 3 20 12
7 3 20 33
2 3 20 43
4 3 20 88
2 3 19 4
8 3 19 26
8 3 29 27
5 3 19 35
3 3 19 47
2 3 18 2
6 3 18 6
6 3 18 45
3 3 18 67
5 3 16 4
3 3 16 9
6 3 16 98
5 3 15 18
4 2 13 18
4 3 16 17
8 3 15 25
3 3 15 52
4 3 15 58
3 2 13 58
5 3 14 31
4 3 14 40
4 3 14 83
1 3 13 11
3 3 13 54
7 3 13 85
3 3 12 42
3 2 20 41
8 3 22 41
8 3 19 42
4 3 12 48
4 3 12 62
2 3 12 76
4 3 11 13
5 2 16 12
2 2 16 12
8 3 21 14
7 3 18 14
6 2 16 13
2 3 11 45
5 3 11 49
7 2 9 49
3 3 17 49
2 3 11 86
2 3 10 50
5 3 12 50
8 3 10 94
5 3 9 5
5 3 9 23
8 3 9 43
4 3 9 53
3 3 9 70
1 3 8 1
5 2 10 1
4 3 8 14
7 2 14 13
4 3 7 57
2 3 7 86
3 2 9 85
7 3 6 2
8 3 6 7
5 3 6 8
4 3 6 9
6 3 6 12
8 3 6 12
3 3 6 22
1 2 6 22
2 2 7 24
2 2 4 21
5 2 11 20
7 3 11 23
2 3 6 40
3 3 6 59
3 3 5 48
3 3 4 90
7 2 13 90
4 2 6 90
4 3 3 9
7 2 12 9
8 2 6 9
2 2 3 10
5 2 3 11
8 3 9 8
1 3 3 35
8 2 8 34
8 3 3 48
7 3 3 83
8 2 2 82
3 3 2 32
5 2 5 30
5 3 3 32
5 2 4 32
7 2 2 32
7 2 3 33
7 2 4 34
8 3 15 31
1 2 20 30
5 3 2 59
1 2 8 58
5 3 6 60
3 3 2 75
2 2 2 75
1 3 7 76
2 3 2 85
6 2 8 87
5 2 7 87
6 2 6 87
1 2 6 88
1 2 2 85
6 3 8 88
6 3 1 70
1 2 1 69
2 3 9 69
4 3 3 67
6 2 6 68
5 4 27 63
8 2 24 63
5 4 23 61
1 4 23 90
8 4 22 74
7 4 21 47
4 4 21 63
7 4 20 20
1 4 20 21
6 4 20 43
6 4 20 56
8 4 18 34
4 4 18 77
5 2 17 78
6 4 17 37
4 4 17 44
1 4 17 59
4 4 17 62
2 4 16 17
3 4 16 50
6 4 16 56
5 4 15 79
1 4 14 22
8 4 14 65
6 4 14 67
3 4 14 69
5 4 13 45
8 4 12 29
6 3 15 28
6 3 12 29
6 2 14 29
2 2 14 29
7 4 12 49
5 4 10 4
7 3 18 6
4 4 10 71
6 2 10 71
3 4 10 95
2 4 9 74
3 3 11 73
3 3 8 74
3 4 8 51
8 2 7 51
1 2 6 50
6 4 8 60
7 4 7 27
6 4 7 32
6 4 15 33
3 4 7 88
3 4 6 17
7 4 6 78
8 4 6 83
4 4 5 1
7 2 5 1
7 4 5 66
3 2 4 66
7 4 4 61
1 2 5 63
5 2 6 61
7 2 6 61
5 4 14 64
1 4 4 75
7 2 5 73
4 4 4 80
7 4 3 17
3 2 17 20
4 2 3 19
5 4 3 41
6 2 2 41
5 4 3 44
1 2 6 44
3 2 4 45
7 4 2 29
8 4 2 56
7 2 2 55
1 2 2 57
1 5 24 97
4 5 23 91
6 5 22 98
5 5 19 30
6 5 18 5
3 5 18 97
8 5 17 16
2 2 13 16
6 5 16 63
1 5 14 54
3 5 13 37
1 5 12 96
8 5 10 69
4 5 10 81
5 2 10 81
8 2 8 81
3 2 8 82
5 5 10 88
7 5 9 65
1 3 12 66
1 5 8 65
7 5 8 76
3 5 7 40
3 5 6 57
1 5 4 25
6 5 22 27
1 2 18 27
2 2 17 27
3 6 20 42
7 6 18 11
3 6 18 38
2 2 13 38
7 2 12 38
1 2 11 38
4 6 17 23
7 6 16 55
8 3 14 55
2 2 13 56
8 6 15 72
1 6 14 3
4 6 12 28
5 3 10 27
5 6 12 55
4 2 9 55
8 6 11 48
4 6 10 92
7 2 19 91
5 2 19 92
1 3 9 92
6 2 8 92
8 2 11 91
1 3 10 92
1 5 15 93
3 6 9 2
2 6 9 50
4 6 5 23
7 2 9 20
4 2 7 21
6 3 13 24
5 6 5 38
5 2 10 37
6 2 5 37
2 6 5 81
1 7 18 31
3 2 13 32
3 7 15 73
5 7 10 62
2 7 10 67
4 7 8 9
8 6 17 10
5 7 6 78
2 7 4 4
8 3 3 1
1 2 3 1
4 2 2 2
2 2 1 2
7 7 3 91
3 2 6 92
1 2 1 93
2 4 7 96
1 2 6 95
8 7 11 98
8 8 13 13
8 8 9 39
8 8 9 45
5 8 8 56
6 2 7 54
2 2 2 56
1 2 2 55
2 8 5 94
5 2 2 94
5 9 18 19
7 9 15 41
1 2 10 42
4 2 12 41
3 2 13 42
5 2 13 43
8 2 9 42
1 3 11 41
7 9 12 5
1 9 11 82
4 9 9 36
3 2 6 37
2 9 8 59
8 2 4 60
1 10 14 85
8 2 11 86
1 11 15 52
6 11 13 79
2 2 6 77
4 2 5 78
6 11 11 16
4 2 5 16
7 3 4 16
3 11 10 28
2 11 9 72
6 11 6 7
8 2 1 5
2 2 2 6
8 2 3 5
7 2 1 4
8 11 6 67
5 12 6 52
7 2 3 51
4 14 12 29
2 2 16 30
5 14 5 70
8 2 2 69
4 3 2 70
8 2 2 71
6 15 17 88
1 2 11 88
2 2 13 89
2 2 10 88
7 2 8 87
6 16 13 60
5 2 8 60
2 2 8 60
7 2 1 57
5 16 11 32
3 17 13 18
8 3 6 17
2 2 6 18
4 2 5 18
4 17 11 43
6 19 15 25
8 2 8 21
8 22 13 8
5 2 6 11
1 2 6 12
3 2 5 9
8 2 5 8
4 2 6 9
6 2 5 8
2 2 5 11
1 2 4 8
