15095
4260
1 2 100 21
3 2 100 32
4 2 100 38
5 2 100 45
4 2 100 46
3 2 100 51
2 2 100 57
1 2 100 61
5 2 100 83
2 2 100 96
8 2 99 2
8 2 99 10
1 2 100 8
4 2 99 32
8 2 99 36
8 2 99 50
4 2 99 58
3 2 99 62
3 2 99 73
2 2 99 75
6 2 99 80
3 2 99 81
1 2 99 89
3 2 99 93
2 2 99 99
1 2 98 5
2 2 98 5
5 2 98 15
1 2 98 15
7 2 98 19
1 2 98 25
1 2 99 24
6 2 98 25
2 2 98 61
7 2 98 67
5 2 99 66
1 2 98 74
4 2 98 77
2 2 98 77
4 2 99 78
3 2 98 80
4 2 98 99
5 2 97 8
3 2 97 45
2 2 97 50
1 2 97 56
3 2 97 68
2 2 99 69
4 2 97 69
3 2 97 87
6 2 96 1
1 2 96 6
8 2 96 37
1 2 96 50
7 2 96 54
8 2 100 55
4 2 96 54
4 2 96 57
3 2 96 57
8 2 98 56
6 2 96 58
1 2 96 65
5 2 96 74
5 2 96 80
5 2 96 86
8 2 97 87
1 2 96 99
5 2 95 1
1 2 95 10
2 2 95 15
7 2 95 17
3 2 96 18
1 2 95 21
7 2 95 32
7 2 96 31
4 2 95 33
5 2 95 42
4 2 100 41
7 2 97 41
8 2 98 42
4 2 95 46
7 2 95 46
5 2 95 56
2 2 95 72
8 2 95 79
4 2 95 93
1 2 97 95
4 2 97 95
6 2 96 92
5 2 96 93
4 2 94 9
4 2 94 20
1 2 94 24
6 2 98 23
7 2 94 57
5 2 94 59
4 2 96 60
1 2 99 59
6 2 96 61
3 2 94 60
7 2 94 61
2 2 94 69
6 2 94 70
4 2 96 70
2 2 97 71
3 2 96 71
2 2 94 96
1 2 97 97
3 2 97 97
6 2 94 100
4 2 93 3
3 2 95 2
3 2 98 4
3 2 93 13
5 2 94 13
7 2 94 14
6 2 96 13
1 2 93 19
5 2 96 18
8 2 94 18
3 2 94 17
7 2 94 20
5 2 93 19
3 2 95 20
4 2 93 18
2 2 93 26
8 2 93 27
8 2 96 26
6 2 94 26
4 2 94 26
7 2 93 30
4 2 97 30
8 2 93 44
2 2 93 43
3 2 95 42
4 2 93 56
4 2 93 58
8 2 93 65
6 2 97 64
7 2 98 63
6 2 97 66
1 2 96 64
8 2 96 66
2 2 96 67
2 2 93 74
6 2 96 75
4 2 93 100
8 2 92 4
7 2 94 3
2 2 92 38
8 2 96 38
3 2 92 40
8 2 92 42
2 2 92 56
6 2 92 61
5 2 92 72
7 2 94 73
3 2 92 73
2 2 92 76
2 2 92 79
6 2 93 79
8 2 92 90
6 2 96 89
3 2 96 90
4 2 92 91
1 2 92 94
2 2 91 2
6 2 91 3
6 2 91 7
8 2 95 6
2 2 91 14
5 2 95 13
4 2 93 15
4 2 91 31
3 2 95 31
2 2 94 30
5 2 91 30
8 2 94 31
1 2 93 31
7 2 91 32
4 2 91 43
8 2 91 45
1 2 91 46
7 2 96 47
3 2 91 63
3 2 94 63
6 2 95 65
7 2 91 71
4 2 91 87
6 2 94 88
6 2 93 85
7 2 93 86
2 2 94 86
7 2 91 87
5 2 92 88
6 2 91 87
6 2 91 93
1 2 94 94
1 2 92 92
2 2 93 91
8 2 91 97
7 2 92 97
4 2 94 98
4 2 95 98
2 2 93 98
6 2 92 97
1 2 91 100
3 2 93 99
8 2 90 17
2 2 96 16
4 2 96 16
8 2 91 16
2 2 90 27
1 2 98 28
2 2 95 28
7 2 93 28
8 2 92 28
6 2 90 31
5 2 90 32
8 2 90 55
8 2 94 54
1 2 90 58
5 2 90 57
5 2 90 70
3 2 90 72
2 2 90 75
7 2 90 85
6 2 90 84
7 2 90 84
8 2 90 88
7 2 90 90
1 2 89 4
6 2 94 5
8 2 92 3
2 2 92 4
5 2 91 5
8 2 89 7
8 2 89 13
2 2 93 13
8 2 91 13
7 2 89 12
6 2 89 18
5 2 89 20
8 2 89 21
8 2 94 22
7 2 91 23
4 2 89 21
8 2 90 21
3 2 89 37
6 2 89 38
3 2 98 39
8 2 96 39
5 2 96 40
6 2 93 37
1 2 96 36
7 2 93 37
6 2 96 36
6 2 93 37
5 2 93 39
7 2 92 39
7 2 91 38
2 2 89 45
6 2 91 44
8 2 89 47
5 2 99 48
8 2 89 57
5 2 89 89
1 2 89 91
5 2 89 93
8 2 93 95
7 2 93 94
5 2 92 95
8 2 89 99
5 2 92 98
8 2 91 99
6 2 89 99
6 2 88 20
6 2 88 32
6 2 88 34
5 2 96 34
8 2 96 34
6 2 94 34
4 2 88 43
3 2 89 42
8 2 90 43
2 2 88 48
3 2 91 47
2 2 92 48
2 2 93 48
5 2 91 47
6 2 90 47
8 2 88 74
5 2 88 83
6 2 99 82
2 2 88 92
6 2 88 94
3 2 87 1
1 2 87 2
7 2 88 1
4 2 87 8
6 2 95 9
6 2 92 8
7 2 91 7
7 2 87 10
1 2 98 11
1 2 90 10
1 2 87 11
8 2 87 14
6 2 87 17
8 2 87 35
3 2 94 35
3 2 87 37
4 2 89 37
5 2 88 37
7 2 87 38
6 2 87 47
4 2 87 58
3 2 87 62
2 2 87 80
6 2 95 81
3 2 94 81
8 2 91 81
6 2 92 82
8 2 87 84
8 2 93 85
7 2 86 32
3 2 86 35
4 2 86 36
2 2 86 38
3 2 86 41
6 2 89 42
7 2 88 43
7 2 89 44
2 2 88 42
7 2 86 47
8 2 86 50
8 2 86 54
7 2 86 54
6 2 86 83
1 2 91 83
8 2 86 87
8 2 88 86
1 2 87 88
1 2 91 89
6 2 86 93
2 2 85 15
1 2 92 16
6 2 85 16
2 2 85 21
1 2 85 22
5 2 86 20
7 2 91 19
8 2 90 19
2 2 88 19
8 2 85 32
8 2 85 37
5 2 85 49
6 2 85 49
5 2 85 52
3 2 92 52
8 2 92 53
8 2 85 56
1 2 88 57
7 2 86 57
1 2 85 64
8 2 88 64
6 2 90 64
1 2 85 72
1 2 90 71
1 2 92 71
5 2 85 80
7 2 93 79
6 2 92 78
7 2 91 80
8 2 93 82
4 2 89 81
3 2 88 79
4 2 90 78
3 2 85 92
8 2 95 91
8 2 85 97
2 2 90 98
5 2 85 99
7 2 84 4
4 2 89 3
7 2 86 4
3 2 89 6
5 2 84 5
6 2 87 6
7 2 84 15
3 2 86 14
5 2 88 13
4 2 84 27
7 2 84 44
8 2 86 45
6 2 86 45
5 2 86 44
8 2 85 44
6 2 84 51
3 2 84 50
2 2 84 79
8 2 87 78
1 2 89 78
6 2 84 81
2 2 84 86
7 2 84 87
8 2 89 88
3 2 84 96
4 2 91 95
1 2 89 95
4 2 84 95
7 2 86 96
8 2 83 10
7 2 83 17
4 2 83 18
5 2 83 22
6 2 87 22
7 2 94 23
3 2 83 33
2 2 91 34
5 2 92 33
7 2 90 34
2 2 85 34
1 2 89 34
4 2 88 33
4 2 86 33
1 2 83 36
5 2 85 35
3 2 85 34
7 2 86 35
6 2 85 33
5 2 83 39
2 2 83 40
6 2 85 39
1 2 83 43
3 2 83 44
5 2 83 51
6 2 83 65
8 2 83 76
3 2 94 77
7 2 92 77
1 2 87 76
8 2 92 75
6 2 92 76
4 2 87 75
5 2 87 74
6 2 91 74
4 2 83 77
2 2 89 76
1 2 83 81
5 2 88 80
2 2 83 95
4 2 85 96
5 2 82 5
2 2 82 16
5 2 82 17
3 2 86 19
6 2 82 26
7 2 83 24
5 2 82 29
5 2 82 31
2 2 88 30
2 2 93 29
1 2 90 29
7 2 90 29
6 2 90 28
4 2 89 29
8 2 88 31
1 2 82 32
1 2 83 33
5 2 82 33
8 2 82 41
7 2 83 41
7 2 82 44
8 2 83 44
1 2 82 49
4 2 91 48
7 2 91 49
1 2 87 48
7 2 82 50
2 2 89 51
4 2 82 57
7 2 83 57
7 2 84 56
1 2 85 55
4 2 82 64
1 2 87 63
2 2 86 63
7 2 85 63
6 2 89 62
8 2 92 61
1 2 85 64
6 2 84 64
5 2 83 65
7 2 88 67
8 2 89 67
2 2 92 68
3 2 87 66
5 2 84 66
7 2 84 67
4 2 87 68
8 2 90 68
6 2 83 66
5 2 82 75
1 2 84 74
3 2 84 75
1 2 88 77
6 2 82 84
1 2 85 83
2 2 85 85
8 2 82 86
4 2 84 86
6 2 85 86
3 2 84 85
4 2 86 84
8 2 90 83
5 2 84 87
1 2 87 88
4 2 87 88
6 2 86 88
2 2 84 88
6 2 82 95
6 2 83 94
5 2 83 94
6 2 87 93
5 2 82 96
2 2 85 96
7 2 81 7
2 2 88 8
7 2 81 16
8 2 81 15
5 2 82 14
4 2 81 19
2 2 81 22
7 2 85 21
6 2 83 21
6 2 81 21
3 2 81 26
1 2 81 29
6 2 81 30
8 2 81 31
2 2 81 38
8 2 81 47
8 2 87 48
2 2 81 48
4 2 81 54
5 2 81 57
3 2 81 59
2 2 94 59
6 2 88 59
2 2 81 84
2 2 81 89
6 2 82 89
1 2 80 5
1 2 87 4
7 2 85 5
1 2 80 10
1 2 91 9
5 2 87 10
4 2 80 13
4 2 86 12
4 2 80 25
5 2 87 24
1 2 82 24
2 2 90 25
1 2 92 24
4 2 91 23
8 2 89 25
5 2 80 28
5 2 86 29
5 2 84 29
1 2 80 30
2 2 84 29
7 2 80 46
6 2 82 45
6 2 80 53
1 2 83 52
7 2 80 55
4 2 82 55
3 2 80 56
6 2 82 57
1 2 82 58
7 2 80 55
6 2 80 76
3 2 80 85
3 2 79 4
2 2 84 3
5 2 79 8
5 2 87 9
6 2 87 9
7 2 87 10
6 2 79 9
3 2 86 8
4 2 86 9
8 2 81 10
7 2 81 11
5 2 80 8
7 2 80 9
8 2 79 19
7 2 81 18
7 2 82 19
1 2 81 18
2 2 79 26
8 2 79 30
7 2 79 32
4 2 79 34
4 2 81 34
3 2 79 44
6 2 79 45
7 2 79 51
2 2 91 53
6 2 79 79
6 2 86 80
4 2 83 79
8 2 79 84
2 2 83 85
8 2 82 83
4 2 80 82
1 2 86 81
8 2 86 81
5 2 83 80
4 2 79 84
7 2 79 84
8 2 79 87
4 2 79 95
2 2 79 96
5 2 78 7
2 2 80 8
1 2 80 9
2 2 79 7
2 2 85 6
3 2 84 6
3 2 78 11
7 2 90 11
4 2 79 12
1 2 78 17
7 2 78 29
4 2 81 30
6 2 82 29
3 2 78 34
1 2 79 35
6 2 78 50
1 2 79 49
2 2 79 51
5 2 78 53
1 2 92 52
8 2 90 52
6 2 82 53
5 2 78 69
4 2 87 69
2 2 86 69
8 2 78 74
1 2 78 73
1 2 88 72
8 2 88 73
8 2 78 79
2 2 82 79
8 2 78 91
8 2 85 90
6 2 78 95
8 2 80 94
8 2 77 2
4 2 91 1
1 2 90 1
5 2 86 3
4 2 83 2
5 2 82 1
7 2 79 2
8 2 80 3
6 2 79 3
4 2 77 2
5 2 77 32
7 2 77 44
8 2 77 48
4 2 77 48
5 2 77 48
6 2 77 64
3 2 82 63
8 2 87 62
8 2 82 62
4 2 77 70
5 2 85 70
1 2 77 71
6 2 77 73
3 2 84 72
4 2 80 74
7 2 77 77
8 2 83 78
8 2 80 77
7 2 81 77
4 2 79 76
3 2 86 76
7 2 77 81
5 2 81 82
3 2 81 83
3 2 83 82
7 2 79 80
1 2 77 82
8 2 78 81
4 2 78 81
6 2 78 81
6 2 80 82
2 2 77 83
4 2 80 84
2 2 77 89
3 2 83 88
5 2 77 90
7 2 77 91
1 2 81 92
3 2 76 20
4 2 80 20
5 2 81 21
1 2 79 20
8 2 78 20
1 2 79 21
2 2 78 20
6 2 78 20
1 2 76 23
5 2 78 22
2 2 76 39
8 2 83 40
6 2 87 39
1 2 81 40
1 2 80 38
6 2 80 37
5 2 82 37
3 2 80 40
4 2 80 41
3 2 79 38
7 2 78 38
5 2 78 37
1 2 79 37
6 2 78 36
2 2 78 39
4 2 76 44
4 2 79 45
2 2 79 45
5 2 78 45
6 2 76 46
6 2 76 57
8 2 80 56
6 2 79 55
6 2 78 57
3 2 77 56
1 2 77 57
5 2 76 56
2 2 76 60
8 2 78 60
5 2 80 60
1 2 89 59
8 2 88 59
3 2 88 59
6 2 87 60
2 2 82 59
7 2 81 59
6 2 82 60
4 2 77 59
5 2 80 60
7 2 77 60
3 2 78 61
7 2 80 62
6 2 76 83
5 2 76 83
6 2 77 83
7 2 76 88
5 2 77 88
4 2 77 87
3 2 80 87
1 2 76 91
7 2 82 92
3 2 76 93
8 2 76 94
7 2 76 94
1 2 75 4
8 2 79 4
8 2 75 19
5 2 75 47
4 2 75 50
3 2 75 59
5 2 78 58
2 2 77 58
8 2 77 59
6 2 75 60
8 2 75 68
4 2 82 67
8 2 82 67
6 2 81 67
4 2 75 73
5 2 75 74
5 2 78 75
8 2 75 91
3 2 75 95
4 2 81 96
6 2 82 97
7 2 76 96
8 2 80 97
1 2 84 98
2 2 74 8
8 2 75 7
1 2 74 65
4 2 74 70
1 2 74 73
5 2 79 72
4 2 74 85
5 2 74 86
3 2 74 87
2 2 76 86
5 2 75 86
7 2 74 95
5 2 77 94
8 2 73 1
1 2 77 2
8 2 73 9
6 2 80 10
4 2 77 11
1 2 82 11
5 2 73 25
1 2 87 24
6 2 86 24
2 2 85 24
8 2 81 24
8 2 75 25
2 2 73 32
3 2 74 33
6 2 76 32
8 2 76 33
2 2 75 32
4 2 74 34
6 2 76 35
8 2 73 34
1 2 78 35
1 2 73 35
7 2 73 55
8 2 81 54
3 2 77 54
4 2 78 53
3 2 80 52
8 2 73 68
3 2 81 68
3 2 75 67
6 2 79 66
2 2 73 67
4 2 77 66
4 2 75 66
7 2 80 65
6 2 80 64
3 2 79 65
2 2 77 65
3 2 73 69
7 2 85 70
2 2 85 70
4 2 83 70
2 2 86 71
5 2 86 72
8 2 73 71
6 2 73 71
6 2 73 73
2 2 76 73
7 2 73 78
8 2 73 83
6 2 73 88
8 2 80 89
1 2 80 89
1 2 73 93
2 2 77 92
5 2 72 3
3 2 72 15
7 2 77 16
1 2 72 31
2 2 75 30
4 2 73 30
3 2 77 29
4 2 74 30
5 2 74 31
1 2 73 30
1 2 76 29
6 2 72 29
2 2 72 48
3 2 76 49
3 2 74 48
4 2 72 62
6 2 76 62
3 2 79 61
6 2 78 62
3 2 72 67
7 2 72 71
1 2 72 81
3 2 75 81
1 2 73 81
2 2 74 82
7 2 74 83
4 2 72 81
7 2 72 82
4 2 72 82
4 2 72 99
3 2 72 100
3 2 73 99
6 2 83 98
1 2 73 98
2 2 80 99
1 2 76 97
6 2 71 7
5 2 73 5
1 2 74 6
8 2 75 7
7 2 71 19
1 2 75 20
7 2 73 18
1 2 75 17
8 2 71 18
6 2 71 26
6 2 77 27
1 2 77 27
3 2 85 26
4 2 77 28
1 2 71 27
8 2 71 33
7 2 73 34
2 2 71 34
8 2 77 36
8 2 75 35
3 2 71 35
6 2 71 45
2 2 71 44
6 2 75 43
4 2 84 42
7 2 71 50
7 2 75 51
6 2 73 51
1 2 77 52
6 2 72 50
6 2 71 55
4 2 75 54
1 2 71 65
8 2 71 65
8 2 75 65
3 2 72 64
5 2 71 67
8 2 71 67
1 2 71 68
6 2 71 88
5 2 73 89
2 2 73 90
6 2 73 90
4 2 71 89
3 2 73 88
4 2 73 89
8 2 72 88
2 2 70 1
5 2 70 26
8 2 70 28
8 2 70 38
5 2 70 41
6 2 75 40
8 2 79 41
1 2 80 40
3 2 81 41
4 2 70 42
8 2 75 44
1 2 70 55
8 2 70 63
7 2 78 62
4 2 70 70
8 2 70 69
3 2 73 68
1 2 70 70
5 2 70 71
3 2 77 71
1 2 74 71
3 2 70 96
8 2 72 95
8 2 73 96
1 2 74 97
7 2 70 95
5 2 73 94
2 2 70 100
2 2 75 99
3 2 69 1
1 2 69 13
3 2 69 17
8 2 76 16
8 2 69 34
3 2 69 37
3 2 76 36
6 2 73 36
4 2 74 36
3 2 72 38
5 2 69 37
5 2 74 36
7 2 69 38
8 2 69 41
8 2 70 40
5 2 68 1
2 2 68 3
2 2 75 4
7 2 75 3
4 2 71 4
7 2 71 5
4 2 68 6
4 2 68 47
2 2 73 47
2 2 79 46
2 2 74 46
3 2 76 47
6 2 70 48
6 2 72 49
6 2 68 93
7 2 75 92
4 2 67 2
6 2 67 2
6 2 69 3
7 2 69 4
1 2 68 1
2 2 68 2
1 2 73 3
3 2 67 2
2 2 72 1
2 2 67 7
8 2 76 8
3 2 67 15
3 2 74 14
6 2 67 15
8 2 68 15
5 2 67 15
1 2 67 23
8 2 77 23
2 2 67 41
3 2 67 45
2 2 67 61
5 2 75 59
4 2 75 60
1 2 73 59
3 2 72 60
6 2 67 67
4 2 69 68
1 2 66 6
3 2 69 6
3 2 72 5
5 2 70 6
8 2 67 4
8 2 66 6
4 2 66 7
8 2 77 8
4 2 73 8
2 2 69 8
5 2 73 9
4 2 75 10
5 2 70 8
6 2 66 10
6 2 69 9
8 2 70 8
1 2 71 7
2 2 68 10
3 2 68 10
6 2 79 11
2 2 79 11
5 2 73 12
2 2 69 9
7 2 67 10
4 2 69 9
4 2 67 11
6 2 67 10
3 2 67 9
2 2 67 11
5 2 67 11
2 2 73 12
4 2 74 12
7 2 76 13
6 2 76 13
2 2 75 13
3 2 74 12
1 2 66 10
3 2 66 24
6 2 76 23
3 2 77 23
8 2 76 24
7 2 66 44
6 2 68 43
3 2 68 44
8 2 68 45
2 2 66 49
8 2 71 50
6 2 66 49
1 2 66 59
7 2 73 58
6 2 67 60
5 2 73 61
2 2 71 61
5 2 67 61
5 2 68 62
1 2 70 61
5 2 69 63
1 2 66 80
6 2 69 79
7 2 76 79
8 2 73 78
5 2 74 77
6 2 73 79
7 2 69 79
6 2 71 78
1 2 71 79
2 2 69 78
4 2 71 77
3 2 69 80
1 2 66 86
7 2 72 86
5 2 66 89
2 2 71 88
6 2 67 91
1 2 67 92
4 2 66 88
6 2 66 98
1 2 70 99
6 2 69 97
6 2 70 98
8 2 76 99
4 2 66 97
3 2 65 8
7 2 65 14
1 2 69 15
1 2 74 14
4 2 65 19
6 2 74 21
4 2 66 20
3 2 67 21
3 2 65 18
1 2 65 27
5 2 84 28
1 2 69 26
2 2 65 31
7 2 73 31
4 2 72 32
3 2 68 30
6 2 65 30
5 2 71 29
7 2 71 28
6 2 65 38
2 2 65 45
6 2 69 44
3 2 65 50
4 2 65 55
6 2 66 55
8 2 65 75
2 2 70 74
4 2 70 73
3 2 70 73
1 2 70 76
8 2 70 77
1 2 69 74
7 2 67 74
8 2 71 75
4 2 67 73
2 2 73 72
5 2 73 72
2 2 67 74
7 2 79 76
2 2 66 76
3 2 66 76
3 2 68 76
1 2 65 77
4 2 64 9
2 2 64 19
5 2 66 19
4 2 66 18
2 2 68 17
6 2 66 20
6 2 64 23
2 2 76 24
8 2 64 29
5 2 64 30
4 2 66 30
1 2 66 30
6 2 70 31
7 2 67 31
3 2 64 31
5 2 64 30
4 2 64 31
3 2 64 35
7 2 72 36
2 2 72 36
4 2 71 36
5 2 64 43
5 2 76 42
2 2 69 42
1 2 64 44
4 2 64 45
8 2 64 48
1 2 66 49
3 2 64 62
8 2 64 67
6 2 68 66
2 2 64 75
7 2 64 87
2 2 71 86
3 2 63 1
5 2 63 4
2 2 70 3
5 2 65 2
7 2 65 1
5 2 64 4
8 2 63 7
8 2 65 7
6 2 63 18
8 2 63 31
7 2 64 30
2 2 63 30
2 2 63 33
4 2 63 37
3 2 63 38
1 2 67 39
6 2 63 41
5 2 63 40
1 2 63 41
3 2 63 54
7 2 70 55
4 2 75 56
2 2 75 56
5 2 74 56
2 2 72 56
3 2 70 55
4 2 70 56
5 2 65 52
8 2 74 53
5 2 63 54
1 2 73 53
1 2 63 54
2 2 70 53
8 2 63 55
5 2 64 55
7 2 65 54
5 2 63 68
5 2 62 2
5 2 67 2
4 2 62 4
7 2 62 7
5 2 62 12
4 2 64 13
3 2 65 12
8 2 71 12
6 2 70 13
2 2 62 20
2 2 68 19
5 2 69 18
6 2 69 18
2 2 63 19
8 2 63 18
3 2 71 18
4 2 70 18
6 2 69 18
1 2 65 17
3 2 62 24
2 2 73 23
4 2 66 24
3 2 66 24
5 2 72 23
8 2 77 22
1 2 72 22
7 2 66 24
2 2 65 24
5 2 62 25
4 2 62 51
6 2 62 56
5 2 62 64
3 2 68 63
6 2 64 65
3 2 62 68
6 2 69 68
5 2 65 68
2 2 67 69
3 2 67 69
5 2 67 70
2 2 67 69
3 2 62 90
3 2 71 90
2 2 70 91
2 2 68 90
5 2 67 90
1 2 71 91
6 2 64 89
2 2 63 89
1 2 62 97
2 2 70 96
6 2 69 95
6 2 61 2
8 2 61 1
7 2 61 25
3 2 61 28
3 2 61 41
3 2 66 42
6 2 61 52
1 2 61 67
6 2 62 68
7 2 62 68
7 2 61 79
6 2 64 79
6 2 61 90
4 2 78 91
6 2 73 92
2 2 73 93
8 2 73 93
4 2 65 91
2 2 75 91
5 2 63 91
8 2 63 92
6 2 70 93
8 2 61 89
8 2 62 90
7 2 62 89
6 2 61 96
2 2 67 97
6 2 62 95
2 2 67 95
5 2 60 10
8 2 65 11
8 2 62 9
7 2 62 9
8 2 61 11
8 2 60 13
4 2 69 12
3 2 66 14
8 2 61 13
3 2 75 14
6 2 75 14
2 2 60 24
3 2 60 52
5 2 68 52
2 2 68 52
4 2 60 78
8 2 62 79
1 2 60 83
7 2 75 84
6 2 69 82
3 2 69 83
7 2 60 84
6 2 67 83
2 2 69 84
4 2 69 84
3 2 74 85
1 2 74 85
1 2 67 84
8 2 59 7
1 2 62 8
2 2 61 8
1 2 59 11
5 2 59 11
1 2 59 19
4 2 63 20
1 2 62 20
5 2 71 22
5 2 69 21
2 2 59 19
2 2 59 35
6 2 65 34
7 2 70 33
3 2 65 34
1 2 62 36
2 2 62 37
1 2 62 38
3 2 62 38
7 2 59 42
5 2 72 42
7 2 72 42
7 2 69 42
7 2 59 49
3 2 61 50
3 2 59 49
4 2 73 48
1 2 64 48
2 2 64 49
3 2 62 48
6 2 62 47
8 2 61 48
5 2 61 49
8 2 59 57
2 2 59 66
5 2 62 67
7 2 61 65
1 2 59 70
4 2 59 92
2 2 61 91
1 2 71 92
3 2 65 92
3 2 61 90
4 2 61 92
4 2 59 94
7 2 63 94
6 2 63 93
8 2 62 94
1 2 62 95
3 2 65 95
1 2 58 5
2 2 62 3
3 2 62 4
6 2 62 4
2 2 64 5
4 2 58 9
2 2 58 15
3 2 58 14
1 2 60 13
3 2 58 24
5 2 70 25
6 2 60 25
6 2 58 25
7 2 58 29
4 2 64 28
5 2 64 28
6 2 65 28
7 2 58 40
3 2 58 71
3 2 64 70
3 2 62 71
4 2 61 71
8 2 58 79
3 2 58 84
1 2 58 90
7 2 59 91
4 2 62 92
2 2 60 92
6 2 59 92
6 2 58 94
5 2 58 95
7 2 57 9
3 2 57 10
7 2 57 9
8 2 57 10
2 2 57 11
4 2 57 12
8 2 57 14
5 2 65 13
8 2 70 14
5 2 57 21
8 2 65 22
8 2 60 22
4 2 58 19
6 2 58 20
3 2 57 38
6 2 61 38
2 2 66 40
1 2 61 38
4 2 58 36
4 2 61 34
4 2 58 39
4 2 57 45
2 2 63 44
6 2 62 44
2 2 61 44
8 2 60 44
4 2 60 43
7 2 62 43
5 2 60 43
8 2 59 42
2 2 59 46
7 2 57 46
4 2 57 52
3 2 58 52
3 2 57 65
5 2 72 63
5 2 75 64
4 2 68 64
7 2 67 64
7 2 68 64
1 2 68 63
2 2 59 64
6 2 59 65
5 2 57 82
3 2 57 91
7 2 57 92
3 2 56 5
4 2 64 6
2 2 59 5
2 2 61 4
3 2 64 5
8 2 61 5
6 2 67 5
3 2 56 15
6 2 58 14
1 2 56 23
1 2 59 22
7 2 67 21
3 2 59 22
3 2 63 21
6 2 56 35
8 2 60 36
4 2 56 38
2 2 56 39
3 2 56 46
8 2 59 47
2 2 58 47
1 2 66 46
8 2 61 46
6 2 59 46
5 2 59 45
3 2 57 45
5 2 57 47
4 2 56 55
1 2 64 56
3 2 56 82
8 2 68 81
8 2 65 82
6 2 56 87
8 2 64 86
5 2 64 87
4 2 66 88
7 2 56 95
2 2 60 95
8 2 58 96
1 2 55 11
7 2 55 18
5 2 67 17
4 2 55 31
7 2 62 32
6 2 55 39
6 2 58 40
5 2 60 40
5 2 63 39
4 2 63 39
5 2 55 46
4 2 66 46
3 2 66 46
3 2 61 46
8 2 61 46
1 2 55 53
6 2 76 52
8 2 58 54
1 2 58 55
2 2 66 56
5 2 55 88
3 2 62 87
6 2 66 86
8 2 61 87
7 2 55 92
1 2 55 91
2 2 55 90
2 2 55 99
5 2 68 99
3 2 61 98
5 2 66 97
2 2 64 99
7 2 64 99
1 2 65 98
3 2 58 99
4 2 58 100
6 2 65 99
4 2 64 99
5 2 54 27
6 2 54 29
2 2 64 28
6 2 67 27
6 2 54 37
4 2 58 37
4 2 54 44
8 2 54 46
6 2 54 62
8 2 64 63
1 2 63 63
5 2 63 63
8 2 66 62
3 2 59 61
2 2 62 60
2 2 69 59
3 2 60 61
6 2 62 62
2 2 62 62
1 2 61 62
3 2 54 62
7 2 58 63
6 2 57 63
4 2 57 62
3 2 55 62
6 2 55 61
5 2 60 60
7 2 56 60
7 2 55 62
6 2 54 68
3 2 58 68
1 2 58 67
8 2 57 69
7 2 60 71
6 2 64 72
5 2 64 72
3 2 63 72
6 2 65 72
2 2 60 72
4 2 57 68
2 2 60 69
6 2 60 68
8 2 56 67
2 2 55 67
4 2 54 80
7 2 59 78
2 2 64 77
7 2 64 77
7 2 62 78
8 2 62 77
6 2 57 79
6 2 65 80
4 2 58 78
6 2 54 84
5 2 67 85
4 2 54 91
1 2 53 36
4 2 56 35
7 2 53 50
2 2 62 51
2 2 60 50
1 2 53 66
3 2 53 83
2 2 64 82
1 2 56 82
2 2 54 85
3 2 53 86
1 2 58 85
8 2 59 84
4 2 56 86
4 2 60 87
8 2 56 86
4 2 54 86
7 2 54 86
2 2 53 86
7 2 53 91
6 2 53 99
5 2 64 98
6 2 61 98
4 2 53 98
1 2 52 14
5 2 54 16
6 2 61 17
8 2 56 15
1 2 54 15
6 2 56 16
4 2 54 15
5 2 56 14
6 2 54 16
5 2 52 15
5 2 52 17
8 2 58 16
2 2 62 17
6 2 52 26
8 2 66 27
3 2 59 25
4 2 52 25
1 2 55 26
4 2 62 27
6 2 57 27
5 2 56 27
1 2 61 28
3 2 61 28
7 2 61 28
6 2 59 28
7 2 52 25
5 2 55 24
7 2 60 22
5 2 52 24
2 2 59 23
3 2 52 29
2 2 54 29
3 2 53 29
6 2 55 29
5 2 52 28
7 2 52 36
4 2 60 35
1 2 60 36
5 2 52 56
7 2 58 55
3 2 58 54
2 2 58 54
3 2 57 56
8 2 53 56
4 2 55 57
7 2 67 58
6 2 61 59
5 2 57 58
4 2 52 58
2 2 58 57
2 2 52 59
3 2 55 60
1 2 52 61
3 2 59 60
7 2 51 2
5 2 58 1
1 2 58 3
2 2 56 1
2 2 60 2
3 2 51 36
5 2 62 35
2 2 51 38
2 2 52 38
8 2 61 39
1 2 52 37
8 2 51 55
5 2 51 60
4 2 51 65
6 2 51 79
3 2 57 80
5 2 55 79
1 2 54 79
4 2 50 18
4 2 51 18
1 2 50 36
1 2 57 35
5 2 57 34
2 2 57 35
8 2 56 35
4 2 50 35
8 2 55 34
7 2 50 34
2 2 50 35
8 2 50 40
6 2 58 41
7 2 50 48
8 2 56 50
1 2 52 47
4 2 56 48
5 2 50 77
8 2 56 76
5 2 59 75
1 2 62 75
8 2 62 75
2 2 60 75
8 2 50 80
7 2 56 81
7 2 54 80
6 2 53 80
5 2 52 79
1 2 50 82
6 2 54 82
8 2 50 85
1 2 52 84
4 2 50 98
6 2 53 97
7 2 59 96
3 2 59 96
2 2 56 96
1 2 55 96
8 2 54 96
2 2 55 95
8 2 55 94
1 2 55 95
4 2 55 96
3 2 53 98
2 2 53 98
8 2 49 8
6 2 61 7
5 2 61 7
7 2 60 7
5 2 50 7
5 2 57 6
6 2 57 6
4 2 60 5
1 2 57 7
7 2 56 7
2 2 59 5
2 2 53 9
4 2 50 8
3 2 49 10
6 2 53 9
2 2 49 17
2 2 49 20
7 2 49 30
4 2 49 38
1 2 49 41
1 2 65 42
7 2 60 40
1 2 53 39
7 2 49 44
2 2 55 43
3 2 49 45
7 2 55 44
2 2 50 44
2 2 49 49
3 2 51 50
7 2 55 50
1 2 49 50
7 2 55 50
1 2 49 53
6 2 49 82
1 2 49 89
1 2 58 88
4 2 55 88
2 2 58 89
8 2 48 6
3 2 58 7
1 2 51 8
3 2 48 35
5 2 50 36
7 2 48 39
3 2 48 53
7 2 57 52
7 2 49 54
7 2 53 53
6 2 48 61
2 2 54 60
6 2 52 62
5 2 52 62
4 2 50 60
7 2 56 61
6 2 49 61
5 2 48 69
1 2 55 70
5 2 53 68
7 2 52 70
6 2 57 71
4 2 63 72
7 2 62 72
4 2 58 72
1 2 57 72
8 2 52 69
6 2 55 71
3 2 54 68
6 2 48 76
5 2 56 78
8 2 50 77
6 2 52 76
1 2 48 82
2 2 48 92
7 2 51 93
5 2 54 94
7 2 48 98
2 2 52 97
8 2 52 98
2 2 50 99
7 2 52 100
4 2 47 14
7 2 60 13
2 2 47 20
4 2 63 21
1 2 57 19
1 2 47 21
4 2 61 22
6 2 61 22
1 2 61 23
8 2 60 22
4 2 59 21
7 2 47 35
8 2 47 34
3 2 47 39
6 2 47 38
6 2 47 42
8 2 55 41
1 2 51 41
4 2 47 61
4 2 48 62
5 2 53 63
4 2 53 63
8 2 47 67
6 2 47 75
2 2 49 74
2 2 57 73
7 2 62 72
1 2 57 74
6 2 52 73
7 2 55 74
7 2 52 74
7 2 46 1
6 2 46 23
5 2 46 24
1 2 50 25
2 2 51 26
7 2 56 25
6 2 50 25
1 2 50 26
3 2 46 27
8 2 46 36
5 2 46 52
5 2 46 55
8 2 46 65
5 2 48 65
8 2 54 65
2 2 57 64
3 2 57 64
7 2 54 66
5 2 53 66
6 2 46 67
8 2 46 83
2 2 50 83
8 2 46 85
5 2 49 85
5 2 46 85
4 2 51 86
2 2 49 86
2 2 50 86
4 2 50 85
3 2 49 87
1 2 57 87
4 2 46 94
3 2 49 94
2 2 57 94
8 2 52 95
6 2 47 93
5 2 55 92
5 2 45 5
8 2 52 5
1 2 47 5
7 2 58 4
8 2 56 4
3 2 56 5
5 2 45 9
1 2 45 17
3 2 50 16
4 2 49 16
5 2 54 17
1 2 49 18
1 2 47 16
8 2 47 16
3 2 47 16
2 2 48 16
2 2 45 18
4 2 45 23
6 2 51 22
4 2 55 22
7 2 58 21
1 2 50 23
2 2 50 22
5 2 48 22
8 2 45 28
6 2 46 27
2 2 45 31
4 2 60 32
8 2 56 32
7 2 54 32
7 2 55 31
5 2 55 32
7 2 52 30
4 2 46 30
1 2 45 36
4 2 45 44
8 2 48 46
7 2 45 45
1 2 54 43
6 2 54 43
6 2 50 44
6 2 45 64
1 2 52 65
3 2 46 65
2 2 56 66
5 2 45 66
2 2 45 67
1 2 51 68
8 2 46 66
3 2 46 66
5 2 53 65
4 2 51 65
7 2 51 66
1 2 50 66
4 2 45 67
5 2 47 68
2 2 45 78
4 2 48 79
5 2 45 80
7 2 45 83
1 2 45 90
7 2 47 89
1 2 53 89
5 2 56 88
5 2 54 89
6 2 45 92
8 2 45 97
5 2 51 96
5 2 44 13
7 2 57 12
6 2 56 12
3 2 51 12
1 2 56 12
5 2 44 30
4 2 50 29
8 2 50 30
5 2 51 31
1 2 47 29
7 2 44 29
3 2 44 39
2 2 44 48
4 2 44 60
3 2 44 63
3 2 47 62
5 2 44 89
3 2 50 88
3 2 48 89
7 2 45 89
2 2 49 91
2 2 47 90
8 2 46 89
8 2 44 99
1 2 50 99
5 2 50 99
4 2 48 100
3 2 47 100
6 2 43 5
6 2 46 5
7 2 51 6
4 2 56 7
8 2 44 4
1 2 57 4
7 2 48 5
3 2 49 6
2 2 49 6
1 2 49 7
4 2 45 5
5 2 44 5
3 2 43 12
2 2 52 11
6 2 48 10
7 2 54 12
8 2 49 9
4 2 48 10
3 2 48 9
6 2 47 12
5 2 45 11
1 2 44 11
7 2 44 10
2 2 44 12
6 2 49 14
4 2 44 12
3 2 44 13
3 2 45 12
7 2 45 11
2 2 43 19
6 2 43 20
4 2 43 21
7 2 54 20
2 2 51 20
6 2 53 19
1 2 43 23
1 2 43 25
6 2 43 34
8 2 43 34
2 2 43 35
6 2 49 36
3 2 45 36
8 2 47 37
7 2 43 42
2 2 52 42
7 2 52 42
7 2 56 41
1 2 50 42
3 2 50 42
4 2 50 43
7 2 49 42
5 2 49 43
8 2 49 43
7 2 48 41
4 2 50 40
7 2 45 41
8 2 43 46
7 2 48 46
1 2 48 45
1 2 53 46
4 2 53 47
2 2 55 47
7 2 55 47
4 2 43 49
7 2 47 50
8 2 47 50
6 2 47 51
8 2 48 51
5 2 46 51
8 2 56 52
7 2 47 52
8 2 43 56
6 2 43 58
1 2 65 57
5 2 63 57
6 2 56 57
2 2 54 59
5 2 43 64
4 2 42 15
6 2 42 14
7 2 42 44
1 2 46 42
4 2 46 43
8 2 44 45
3 2 42 46
3 2 52 47
6 2 42 47
2 2 42 49
5 2 42 63
7 2 53 64
7 2 46 62
1 2 50 61
8 2 45 61
6 2 42 71
3 2 52 70
8 2 48 70
2 2 52 69
6 2 51 69
4 2 50 70
2 2 55 71
7 2 50 69
4 2 48 69
5 2 48 71
1 2 44 71
3 2 49 73
3 2 46 71
7 2 42 74
6 2 48 73
7 2 48 75
5 2 52 77
1 2 51 77
5 2 47 75
3 2 43 75
8 2 43 74
7 2 51 75
5 2 42 76
5 2 46 76
7 2 42 82
2 2 42 84
5 2 44 83
3 2 42 87
3 2 47 86
8 2 46 86
2 2 44 86
4 2 44 88
7 2 43 86
4 2 42 86
5 2 42 87
1 2 42 86
3 2 49 88
2 2 41 3
4 2 43 5
7 2 41 2
4 2 41 8
3 2 41 17
6 2 46 16
6 2 43 17
5 2 44 18
4 2 44 18
7 2 41 17
6 2 41 22
8 2 52 21
4 2 52 21
2 2 52 22
4 2 47 23
1 2 41 24
4 2 41 23
5 2 41 26
1 2 41 49
6 2 48 48
7 2 41 55
2 2 41 63
2 2 41 70
5 2 44 69
3 2 46 68
5 2 44 71
3 2 43 69
6 2 43 68
3 2 45 69
3 2 41 72
4 2 43 72
6 2 55 72
8 2 55 73
3 2 43 72
7 2 41 91
3 2 41 96
6 2 50 97
3 2 42 97
1 2 40 1
6 2 47 1
8 2 40 1
7 2 46 1
7 2 54 2
2 2 50 2
7 2 53 4
8 2 40 28
2 2 41 28
1 2 42 29
4 2 52 31
8 2 44 30
8 2 40 35
3 2 40 46
5 2 40 50
6 2 40 56
8 2 51 56
8 2 41 56
1 2 55 57
2 2 40 57
8 2 62 58
4 2 61 58
3 2 40 58
7 2 40 74
2 2 41 75
6 2 45 77
8 2 45 76
6 2 49 77
1 2 40 76
2 2 45 76
3 2 44 76
4 2 43 76
2 2 42 75
3 2 40 76
4 2 40 87
8 2 41 85
6 2 48 84
1 2 47 84
5 2 41 86
2 2 40 88
1 2 40 95
5 2 39 11
5 2 48 10
8 2 42 11
4 2 52 12
2 2 47 10
8 2 43 10
6 2 43 12
5 2 41 10
4 2 46 9
7 2 41 12
4 2 41 13
3 2 39 14
7 2 41 14
1 2 41 15
3 2 39 39
7 2 43 38
5 2 45 39
8 2 46 39
3 2 58 39
4 2 58 39
5 2 43 41
2 2 45 42
5 2 39 38
7 2 50 39
4 2 50 39
2 2 46 39
6 2 46 40
3 2 46 40
5 2 46 41
2 2 44 39
7 2 40 39
4 2 44 38
1 2 43 41
8 2 41 38
1 2 42 39
8 2 39 37
5 2 39 42
2 2 39 49
7 2 49 48
8 2 39 57
5 2 39 58
6 2 39 61
6 2 40 62
1 2 40 61
7 2 39 61
8 2 42 60
2 2 39 74
3 2 39 96
4 2 48 94
5 2 41 96
3 2 38 11
4 2 40 10
1 2 44 9
7 2 38 11
5 2 42 10
3 2 38 16
1 2 38 37
7 2 38 39
3 2 43 40
7 2 38 43
1 2 39 43
4 2 38 42
6 2 41 41
4 2 38 46
5 2 38 65
2 2 40 65
3 2 42 66
1 2 40 65
4 2 49 66
4 2 38 77
3 2 44 78
6 2 40 76
4 2 38 96
4 2 39 95
5 2 40 96
6 2 37 4
1 2 49 2
8 2 39 3
8 2 48 2
6 2 37 12
6 2 41 12
6 2 37 19
4 2 37 26
4 2 45 28
7 2 44 28
4 2 40 25
2 2 37 32
2 2 46 31
1 2 42 32
8 2 45 33
5 2 42 32
4 2 37 33
7 2 40 32
6 2 47 31
4 2 47 32
7 2 37 46
1 2 43 48
4 2 45 47
1 2 47 48
5 2 45 48
4 2 37 48
7 2 39 47
3 2 39 48
8 2 47 49
2 2 38 47
8 2 37 52
7 2 44 53
1 2 44 53
8 2 44 54
2 2 43 53
5 2 46 54
1 2 51 54
7 2 43 54
5 2 42 53
1 2 47 52
3 2 37 58
3 2 53 57
4 2 52 58
6 2 37 60
6 2 50 59
8 2 52 58
7 2 50 59
5 2 37 63
7 2 37 71
7 2 46 72
8 2 41 71
1 2 38 72
2 2 37 79
2 2 39 80
1 2 39 79
8 2 51 80
4 2 48 80
5 2 38 78
8 2 38 79
5 2 51 80
2 2 51 81
6 2 37 81
5 2 36 7
1 2 36 9
8 2 38 9
7 2 38 9
3 2 36 28
5 2 37 28
3 2 36 56
4 2 37 56
6 2 51 57
7 2 36 67
8 2 36 67
5 2 39 66
1 2 39 67
2 2 41 66
6 2 41 67
6 2 37 67
8 2 44 68
5 2 40 69
4 2 43 68
8 2 54 70
7 2 43 68
2 2 36 73
5 2 37 74
1 2 36 75
8 2 36 92
5 2 36 93
7 2 35 4
2 2 41 5
1 2 42 5
8 2 41 6
4 2 38 4
4 2 35 22
4 2 44 21
5 2 50 21
2 2 39 23
1 2 35 26
8 2 35 26
2 2 50 26
4 2 45 26
3 2 45 26
3 2 35 34
8 2 35 35
5 2 38 35
7 2 35 50
7 2 37 49
6 2 35 50
5 2 35 52
3 2 35 54
8 2 38 54
4 2 54 53
6 2 35 59
6 2 35 72
7 2 37 72
1 2 35 87
2 2 42 88
2 2 43 89
3 2 35 98
7 2 47 99
4 2 40 99
6 2 37 97
2 2 36 99
1 2 34 14
2 2 38 14
5 2 40 15
3 2 46 16
7 2 41 16
8 2 36 14
7 2 34 21
6 2 34 22
7 2 37 23
3 2 38 23
3 2 34 26
2 2 47 25
7 2 37 25
3 2 39 24
6 2 37 25
2 2 34 27
7 2 34 36
4 2 35 35
6 2 35 37
8 2 34 43
8 2 40 42
3 2 46 43
1 2 40 42
6 2 38 42
5 2 39 43
3 2 34 42
3 2 40 41
6 2 40 42
2 2 37 43
3 2 36 41
7 2 34 45
4 2 40 45
7 2 34 49
1 2 34 55
1 2 34 66
8 2 36 65
4 2 37 64
2 2 34 74
3 2 36 73
3 2 34 85
3 2 41 84
5 2 41 83
7 2 33 7
5 2 33 15
8 2 33 16
5 2 33 16
5 2 33 34
4 2 39 33
6 2 41 32
3 2 33 37
5 2 37 38
1 2 33 50
6 2 42 49
7 2 33 55
8 2 33 57
1 2 43 57
4 2 33 60
4 2 37 59
7 2 46 60
8 2 37 61
1 2 36 59
8 2 33 71
4 2 37 70
1 2 39 69
1 2 36 70
8 2 33 77
2 2 33 90
4 2 33 95
5 2 41 95
3 2 40 95
8 2 38 96
3 2 35 95
2 2 38 94
1 2 44 93
7 2 43 93
5 2 42 93
8 2 41 93
6 2 46 92
2 2 46 93
1 2 36 94
1 2 35 96
2 2 33 98
5 2 39 97
3 2 32 11
1 2 38 12
1 2 32 21
8 2 38 20
5 2 36 22
8 2 36 21
3 2 35 23
5 2 37 23
1 2 35 23
4 2 36 24
3 2 33 22
4 2 32 48
6 2 32 54
7 2 32 80
2 2 37 79
7 2 37 78
7 2 32 88
8 2 32 89
8 2 40 88
2 2 39 90
8 2 33 90
1 2 38 91
8 2 32 92
5 2 37 91
4 2 33 92
6 2 32 99
7 2 31 9
2 2 31 23
7 2 31 45
2 2 33 45
5 2 33 45
2 2 38 46
6 2 32 45
3 2 34 45
2 2 34 46
6 2 31 56
6 2 31 58
7 2 34 59
4 2 34 60
5 2 34 60
2 2 34 61
1 2 35 62
8 2 34 62
1 2 31 65
3 2 31 80
1 2 31 84
1 2 33 83
2 2 33 82
4 2 35 83
7 2 36 82
6 2 32 83
3 2 31 87
8 2 36 87
2 2 31 96
4 2 30 8
6 2 35 9
1 2 34 7
5 2 38 7
1 2 38 8
6 2 37 7
3 2 34 9
1 2 35 10
2 2 35 10
7 2 34 8
2 2 32 10
6 2 33 9
3 2 33 9
8 2 30 7
5 2 30 18
6 2 37 17
7 2 40 16
5 2 33 19
6 2 30 19
2 2 36 18
7 2 41 17
6 2 30 42
4 2 40 40
8 2 30 43
4 2 30 52
5 2 35 52
3 2 39 52
8 2 34 52
7 2 35 51
6 2 30 51
1 2 32 52
4 2 34 51
3 2 31 50
5 2 32 49
6 2 31 49
8 2 31 50
1 2 31 51
8 2 30 54
3 2 30 55
8 2 30 59
1 2 30 59
6 2 31 60
1 2 30 62
3 2 30 64
8 2 30 67
8 2 30 81
5 2 30 84
5 2 30 91
6 2 34 91
4 2 34 92
5 2 29 9
2 2 29 16
7 2 31 15
7 2 29 19
1 2 29 22
3 2 29 34
1 2 35 33
6 2 32 33
4 2 29 36
7 2 34 37
2 2 34 38
6 2 29 44
8 2 39 43
6 2 39 43
5 2 29 45
8 2 29 51
5 2 29 52
7 2 29 62
5 2 29 62
2 2 30 61
8 2 34 63
2 2 29 63
6 2 29 68
8 2 31 67
4 2 34 68
8 2 36 69
2 2 39 70
1 2 38 70
3 2 29 67
5 2 29 66
5 2 29 76
4 2 32 75
3 2 33 76
4 2 33 75
6 2 33 75
8 2 32 75
5 2 33 76
2 2 36 75
6 2 33 77
7 2 29 98
4 2 29 100
6 2 28 5
7 2 28 14
6 2 30 15
6 2 28 23
8 2 28 29
4 2 38 28
1 2 28 58
5 2 29 57
8 2 28 60
2 2 28 67
6 2 28 83
3 2 36 84
6 2 36 85
3 2 29 82
6 2 36 82
6 2 28 99
5 2 30 98
5 2 32 99
6 2 27 1
8 2 27 9
2 2 28 9
6 2 27 9
2 2 27 20
3 2 37 21
3 2 34 19
5 2 27 33
1 2 44 32
6 2 27 45
7 2 31 44
1 2 31 44
6 2 31 45
5 2 27 53
5 2 39 52
3 2 31 52
7 2 28 52
4 2 27 59
5 2 27 69
5 2 31 70
1 2 27 70
8 2 27 69
1 2 34 69
3 2 27 74
8 2 38 73
2 2 38 73
7 2 35 73
7 2 31 72
5 2 39 73
5 2 27 75
6 2 27 80
7 2 45 80
3 2 27 82
7 2 27 84
2 2 27 96
1 2 30 97
6 2 37 97
7 2 26 9
1 2 26 10
7 2 26 13
1 2 26 14
4 2 33 14
6 2 34 13
8 2 43 12
2 2 43 13
8 2 35 12
1 2 35 12
7 2 35 12
3 2 35 12
5 2 31 14
8 2 30 14
5 2 26 16
8 2 26 15
8 2 44 16
5 2 43 16
8 2 27 16
6 2 32 15
1 2 26 21
6 2 29 20
7 2 29 21
4 2 28 20
1 2 28 20
3 2 27 20
2 2 27 20
5 2 34 19
8 2 36 18
3 2 36 19
2 2 26 28
6 2 26 31
6 2 27 32
3 2 26 30
7 2 32 30
3 2 37 30
6 2 37 29
2 2 39 30
2 2 35 29
8 2 32 31
7 2 26 52
1 2 26 58
7 2 45 57
6 2 36 58
5 2 32 57
3 2 28 59
5 2 34 59
3 2 34 60
1 2 29 57
2 2 42 56
5 2 29 58
8 2 26 61
1 2 26 62
7 2 31 63
7 2 32 63
5 2 34 65
5 2 32 64
2 2 31 62
8 2 30 61
6 2 26 68
3 2 26 78
6 2 36 80
1 2 33 77
7 2 28 79
2 2 31 78
7 2 31 77
3 2 30 78
2 2 30 77
3 2 28 79
8 2 28 78
6 2 27 77
8 2 29 76
1 2 29 75
5 2 26 89
8 2 30 88
2 2 26 88
6 2 35 87
5 2 29 88
6 2 35 90
3 2 33 87
3 2 28 89
3 2 33 90
5 2 35 89
5 2 25 3
8 2 33 4
6 2 31 4
5 2 43 3
3 2 32 4
3 2 40 3
6 2 32 3
4 2 46 2
8 2 40 2
5 2 38 2
2 2 30 4
5 2 36 5
4 2 27 5
5 2 34 6
2 2 25 6
7 2 25 15
8 2 25 28
2 2 27 27
2 2 25 32
2 2 40 31
8 2 27 33
4 2 27 33
5 2 30 34
8 2 28 34
1 2 25 36
5 2 31 37
6 2 31 38
5 2 27 37
3 2 25 42
7 2 27 42
6 2 28 42
5 2 25 48
4 2 26 47
1 2 29 48
4 2 29 49
1 2 28 46
7 2 28 47
8 2 26 49
6 2 25 61
4 2 25 61
4 2 25 68
5 2 31 68
5 2 26 68
7 2 28 67
1 2 28 66
2 2 30 64
2 2 27 69
1 2 26 69
8 2 24 14
1 2 24 28
6 2 24 38
1 2 37 39
5 2 39 39
1 2 38 39
8 2 38 40
6 2 38 40
4 2 31 39
8 2 35 40
6 2 32 40
3 2 24 54
5 2 29 53
3 2 25 54
5 2 24 58
1 2 26 59
3 2 25 58
2 2 24 89
3 2 25 88
7 2 24 88
6 2 23 19
7 2 28 18
5 2 24 20
6 2 25 21
3 2 27 23
6 2 24 19
1 2 23 32
5 2 32 31
3 2 37 30
4 2 25 33
5 2 24 31
1 2 36 30
5 2 23 45
3 2 24 46
2 2 26 47
5 2 32 47
1 2 29 46
4 2 29 46
7 2 25 47
8 2 27 46
6 2 23 54
1 2 29 53
2 2 26 54
4 2 29 55
6 2 26 55
5 2 23 65
2 2 25 66
2 2 23 65
6 2 23 70
8 2 26 72
2 2 32 72
4 2 39 74
5 2 32 72
6 2 29 71
5 2 28 72
7 2 24 69
2 2 30 68
1 2 30 68
7 2 25 70
2 2 24 69
4 2 24 70
5 2 28 70
8 2 24 71
6 2 24 71
8 2 23 79
5 2 28 80
1 2 23 88
4 2 23 95
3 2 27 94
2 2 33 93
3 2 24 94
1 2 23 95
6 2 34 94
1 2 34 95
6 2 32 94
7 2 34 94
1 2 30 94
3 2 27 94
3 2 47 93
6 2 27 94
2 2 28 95
7 2 28 95
5 2 25 96
1 2 22 3
3 2 34 1
3 2 41 2
7 2 34 2
8 2 34 1
4 2 34 2
8 2 22 17
4 2 23 16
7 2 22 27
7 2 32 29
6 2 22 27
4 2 22 29
7 2 23 30
3 2 31 28
4 2 22 36
3 2 22 36
6 2 28 35
1 2 22 42
1 2 28 42
7 2 25 41
6 2 25 40
1 2 33 39
7 2 26 41
7 2 22 53
2 2 22 57
8 2 24 55
1 2 26 54
1 2 22 56
3 2 22 55
5 2 22 80
5 2 30 79
4 2 27 81
6 2 26 80
1 2 30 79
6 2 29 80
4 2 25 81
6 2 22 80
3 2 30 80
1 2 30 79
4 2 30 80
5 2 22 88
3 2 22 99
8 2 31 98
2 2 41 99
8 2 41 100
7 2 27 99
4 2 27 99
4 2 28 98
3 2 28 98
3 2 44 97
3 2 32 97
2 2 32 98
1 2 27 99
8 2 21 1
2 2 34 2
3 2 28 2
6 2 32 1
3 2 21 11
7 2 34 12
7 2 32 11
1 2 29 11
2 2 22 11
3 2 32 12
5 2 38 13
7 2 24 12
6 2 30 11
4 2 30 12
3 2 26 11
7 2 26 12
8 2 26 11
4 2 27 10
8 2 21 12
2 2 23 12
2 2 21 14
4 2 21 18
7 2 23 17
6 2 21 40
8 2 24 39
7 2 21 40
8 2 26 39
1 2 26 39
8 2 27 39
5 2 27 38
2 2 26 38
7 2 27 39
4 2 26 39
3 2 21 39
6 2 27 38
3 2 27 38
2 2 24 38
6 2 21 49
1 2 27 49
5 2 27 50
7 2 23 48
5 2 21 50
2 2 31 50
3 2 24 49
2 2 24 49
4 2 23 48
1 2 21 70
7 2 21 76
3 2 28 75
4 2 24 74
5 2 29 73
2 2 22 77
7 2 27 76
2 2 23 77
2 2 21 82
4 2 21 88
6 2 21 87
2 2 31 87
6 2 29 87
8 2 21 88
7 2 28 87
7 2 20 3
4 2 20 14
1 2 20 18
3 2 23 18
2 2 24 18
8 2 24 19
3 2 20 23
5 2 20 24
8 2 26 25
7 2 33 25
1 2 36 26
4 2 22 24
2 2 34 25
4 2 34 25
8 2 24 23
7 2 26 22
7 2 20 25
8 2 22 24
7 2 22 23
4 2 22 23
5 2 21 22
6 2 22 21
6 2 21 23
1 2 21 24
8 2 20 25
3 2 20 31
5 2 27 29
4 2 20 39
4 2 22 38
5 2 20 39
5 2 30 40
1 2 20 40
5 2 20 46
4 2 20 56
6 2 20 59
3 2 20 59
7 2 20 62
3 2 26 61
8 2 25 62
6 2 27 64
7 2 20 67
2 2 28 66
5 2 24 66
6 2 20 89
6 2 25 88
5 2 25 89
1 2 23 88
3 2 25 87
2 2 24 87
4 2 23 88
2 2 21 89
5 2 32 91
8 2 27 91
8 2 25 90
5 2 22 90
1 2 21 90
7 2 21 91
5 2 20 90
6 2 20 96
2 2 25 95
1 2 24 96
7 2 37 97
3 2 22 95
8 2 24 94
3 2 28 93
8 2 22 96
8 2 20 97
2 2 23 98
5 2 35 99
4 2 24 98
8 2 22 98
3 2 26 97
4 2 20 98
2 2 20 97
4 2 21 97
2 2 19 8
1 2 24 7
4 2 24 8
6 2 20 9
3 2 19 8
7 2 22 7
5 2 19 41
4 2 24 41
4 2 28 43
5 2 24 42
8 2 24 43
7 2 19 49
2 2 19 59
1 2 21 60
8 2 19 60
5 2 21 60
5 2 19 67
2 2 20 66
4 2 19 67
7 2 22 66
1 2 21 66
7 2 25 65
6 2 20 66
5 2 20 65
1 2 25 64
4 2 20 66
7 2 19 80
1 2 19 88
4 2 18 1
5 2 28 1
2 2 25 2
7 2 18 8
1 2 24 7
2 2 20 9
2 2 18 8
2 2 26 7
3 2 36 6
2 2 18 11
3 2 22 12
1 2 19 10
8 2 18 10
4 2 18 15
2 2 21 15
4 2 18 29
3 2 26 29
8 2 18 30
5 2 18 32
2 2 22 33
6 2 23 34
8 2 19 31
3 2 18 45
8 2 22 46
4 2 22 46
8 2 19 45
5 2 18 50
6 2 21 50
6 2 18 53
3 2 18 55
1 2 22 54
3 2 18 66
2 2 19 67
7 2 18 67
7 2 18 70
1 2 18 75
2 2 20 76
6 2 20 77
2 2 31 75
8 2 31 76
8 2 19 77
6 2 27 78
3 2 18 78
8 2 24 79
7 2 33 80
1 2 19 77
3 2 19 76
4 2 18 77
3 2 25 78
6 2 18 90
3 2 24 90
8 2 18 98
6 2 19 99
7 2 18 99
8 2 17 8
4 2 19 7
4 2 34 7
2 2 19 8
5 2 21 7
1 2 31 6
6 2 31 6
3 2 23 6
8 2 29 7
8 2 23 7
4 2 21 8
4 2 18 8
8 2 17 16
4 2 17 24
3 2 17 23
6 2 17 22
2 2 17 24
6 2 18 25
2 2 24 25
7 2 17 26
6 2 18 26
7 2 17 29
8 2 17 28
2 2 17 29
7 2 18 30
2 2 18 31
8 2 20 32
6 2 17 30
7 2 17 32
3 2 36 33
6 2 30 34
5 2 17 32
8 2 26 31
2 2 17 39
8 2 17 38
1 2 19 37
3 2 17 58
7 2 17 93
5 2 26 92
5 2 23 92
3 2 20 93
7 2 29 92
4 2 24 92
4 2 22 93
8 2 17 93
2 2 20 94
5 2 17 93
2 2 17 93
6 2 16 14
5 2 21 12
1 2 21 12
6 2 21 13
7 2 16 21
2 2 16 28
1 2 16 29
5 2 16 52
4 2 18 53
3 2 21 52
1 2 25 51
5 2 21 53
2 2 19 52
1 2 22 52
4 2 22 51
5 2 23 50
7 2 16 53
8 2 18 52
6 2 19 53
7 2 18 54
3 2 18 53
4 2 16 56
7 2 16 60
2 2 16 61
1 2 21 62
6 2 24 63
4 2 21 63
6 2 16 75
8 2 16 74
7 2 27 73
8 2 29 73
6 2 27 73
5 2 33 73
3 2 22 73
5 2 20 73
4 2 16 76
6 2 15 1
1 2 22 1
8 2 15 26
7 2 15 30
3 2 15 31
1 2 18 32
6 2 27 33
7 2 36 34
2 2 27 34
8 2 27 34
7 2 15 34
6 2 25 36
7 2 21 35
5 2 26 34
3 2 25 33
4 2 15 65
3 2 19 65
7 2 38 64
3 2 38 64
4 2 18 65
3 2 20 64
5 2 20 63
8 2 15 64
7 2 17 64
8 2 15 67
8 2 15 69
6 2 19 68
3 2 18 70
3 2 20 71
7 2 18 71
4 2 17 70
5 2 15 78
7 2 16 77
6 2 15 77
7 2 15 85
2 2 15 95
7 2 15 97
6 2 15 97
4 2 16 98
4 2 14 17
5 2 21 18
6 2 14 22
3 2 14 29
2 2 14 30
6 2 14 34
4 2 23 34
8 2 21 35
7 2 22 34
6 2 20 35
4 2 21 36
2 2 15 34
7 2 25 33
8 2 16 35
8 2 28 36
1 2 21 36
5 2 14 34
3 2 16 33
6 2 16 33
4 2 14 36
6 2 15 35
2 2 14 37
7 2 16 38
7 2 14 37
6 2 14 43
2 2 14 87
4 2 14 96
2 2 14 97
4 2 13 3
1 2 13 2
7 2 36 3
5 2 21 1
2 2 17 1
5 2 24 2
2 2 14 1
4 2 13 6
2 2 20 5
4 2 16 6
3 2 20 6
6 2 17 6
4 2 19 5
7 2 19 5
4 2 17 5
8 2 14 6
5 2 17 7
2 2 13 6
1 2 17 5
7 2 16 5
7 2 15 7
1 2 13 6
7 2 13 13
2 2 16 14
3 2 13 12
7 2 17 11
4 2 17 10
3 2 17 11
2 2 13 13
4 2 15 12
3 2 13 14
1 2 13 15
3 2 21 15
3 2 32 16
6 2 13 17
5 2 13 21
2 2 19 20
6 2 19 19
1 2 13 23
3 2 13 22
6 2 13 23
7 2 13 31
4 2 14 32
5 2 14 33
1 2 13 33
4 2 13 62
1 2 17 61
2 2 15 62
4 2 14 62
6 2 13 62
5 2 15 64
3 2 13 64
8 2 13 66
8 2 13 79
7 2 23 79
4 2 13 91
3 2 17 92
8 2 34 92
8 2 15 91
5 2 15 90
4 2 17 89
8 2 13 98
7 2 12 3
3 2 26 4
6 2 15 3
1 2 12 44
7 2 12 52
2 2 17 53
1 2 13 53
8 2 12 57
6 2 17 56
5 2 19 57
1 2 13 57
6 2 13 57
1 2 12 60
3 2 16 60
7 2 15 59
4 2 15 59
8 2 15 60
2 2 20 59
8 2 12 63
1 2 15 64
8 2 15 64
2 2 15 65
5 2 12 62
3 2 12 66
7 2 12 71
4 2 21 72
2 2 21 72
2 2 18 72
4 2 29 73
5 2 17 72
5 2 28 73
8 2 22 71
5 2 12 73
3 2 13 74
3 2 31 73
2 2 12 73
5 2 16 73
4 2 12 75
8 2 15 74
6 2 12 78
7 2 13 77
4 2 12 77
1 2 12 79
4 2 12 79
6 2 12 80
7 2 28 80
4 2 12 81
1 2 12 94
4 2 12 99
2 2 13 99
3 2 11 1
1 2 11 5
6 2 11 11
6 2 11 15
3 2 11 24
7 2 14 25
2 2 11 24
7 2 11 26
1 2 11 34
8 2 13 34
4 2 12 34
2 2 13 33
2 2 22 32
5 2 22 32
2 2 12 35
1 2 11 63
5 2 11 66
7 2 11 87
6 2 23 86
6 2 20 87
8 2 17 86
1 2 20 85
6 2 17 86
2 2 15 87
7 2 16 88
3 2 16 89
1 2 11 86
5 2 11 90
1 2 12 89
7 2 18 90
6 2 12 91
8 2 16 92
2 2 14 92
7 2 22 93
2 2 21 93
7 2 11 90
5 2 17 89
8 2 17 89
6 2 17 90
8 2 11 91
1 2 11 98
8 2 15 97
3 2 12 99
4 2 10 8
3 2 16 9
5 2 15 9
4 2 10 13
5 2 10 21
4 2 11 21
2 2 20 21
7 2 20 21
8 2 10 20
2 2 13 20
1 2 10 20
8 2 10 26
3 2 10 33
8 2 13 32
8 2 10 33
1 2 10 36
4 2 23 36
6 2 10 35
2 2 10 38
1 2 13 38
4 2 11 37
5 2 13 37
8 2 13 37
4 2 12 37
4 2 10 49
3 2 20 48
1 2 21 47
4 2 19 47
2 2 10 52
8 2 16 51
7 2 10 84
4 2 23 83
8 2 10 88
2 2 11 89
6 2 9 10
4 2 9 20
6 2 10 21
2 2 9 21
1 2 9 27
8 2 24 26
2 2 9 27
6 2 15 27
4 2 9 28
7 2 9 47
2 2 18 48
7 2 9 51
3 2 9 51
2 2 9 93
1 2 14 95
2 2 9 96
4 2 9 98
1 2 8 9
8 2 9 10
5 2 8 9
3 2 14 8
2 2 8 41
5 2 13 42
8 2 25 43
2 2 21 43
3 2 21 44
4 2 20 44
4 2 17 41
4 2 15 41
2 2 20 40
5 2 9 42
2 2 10 41
3 2 17 42
1 2 8 57
7 2 8 60
8 2 8 61
6 2 9 61
2 2 10 60
8 2 10 60
2 2 9 62
2 2 8 65
8 2 9 65
7 2 8 67
6 2 8 73
4 2 16 73
3 2 14 73
6 2 14 73
8 2 9 73
1 2 22 72
7 2 10 72
8 2 8 98
1 2 20 99
2 2 7 1
7 2 13 1
7 2 7 5
7 2 8 5
1 2 9 4
1 2 17 3
2 2 10 3
4 2 8 4
8 2 7 6
7 2 7 6
3 2 9 8
3 2 7 20
5 2 9 19
6 2 7 24
2 2 9 23
8 2 8 25
4 2 10 26
5 2 7 25
6 2 7 27
8 2 7 31
1 2 9 31
3 2 7 37
3 2 7 41
7 2 7 43
8 2 19 43
3 2 12 43
6 2 17 45
1 2 18 45
7 2 12 43
6 2 15 43
5 2 8 42
1 2 7 44
6 2 11 43
5 2 11 43
8 2 11 44
7 2 17 45
1 2 10 43
4 2 10 44
7 2 7 46
4 2 7 63
2 2 11 63
7 2 7 70
2 2 12 69
1 2 9 71
3 2 8 71
3 2 11 70
4 2 9 70
5 2 11 69
2 2 17 68
6 2 9 72
1 2 9 73
5 2 7 73
3 2 7 84
4 2 7 83
6 2 36 84
8 2 7 85
6 2 12 85
7 2 8 84
3 2 19 83
8 2 13 85
8 2 11 85
8 2 16 86
1 2 16 86
4 2 13 86
6 2 8 84
1 2 7 89
5 2 7 98
5 2 9 99
3 2 8 97
6 2 12 96
3 2 6 2
8 2 10 1
5 2 6 7
6 2 6 21
7 2 8 22
4 2 6 26
8 2 6 42
8 2 6 46
1 2 14 45
6 2 6 47
6 2 6 56
5 2 22 55
4 2 17 55
7 2 17 56
8 2 13 57
5 2 13 58
5 2 6 61
7 2 7 62
8 2 7 61
3 2 7 62
3 2 6 67
6 2 11 66
2 2 9 66
3 2 10 67
4 2 9 67
8 2 6 76
2 2 6 99
6 2 9 100
6 2 7 97
7 2 10 96
6 2 5 4
1 2 29 3
5 2 5 5
4 2 5 12
3 2 5 51
3 2 5 73
8 2 5 86
8 2 27 85
7 2 7 87
3 2 12 87
2 2 5 96
4 2 13 97
3 2 12 95
8 2 7 96
1 2 4 1
3 2 4 19
8 2 4 28
7 2 4 29
1 2 4 44
3 2 4 54
8 2 10 54
4 2 4 55
7 2 4 56
3 2 12 57
5 2 4 62
8 2 4 64
8 2 4 68
2 2 4 81
7 2 6 80
7 2 4 89
8 2 3 1
8 2 5 1
5 2 21 2
6 2 21 2
4 2 7 2
5 2 6 2
2 2 4 1
7 2 3 2
8 2 3 5
3 2 12 4
4 2 12 3
4 2 3 8
3 2 5 7
2 2 9 8
8 2 5 8
7 2 3 7
4 2 4 8
8 2 14 7
2 2 4 9
6 2 6 8
6 2 4 9
8 2 3 9
7 2 3 20
1 2 3 19
6 2 3 26
4 2 7 25
3 2 5 25
5 2 5 26
1 2 3 27
1 2 3 33
4 2 9 32
4 2 6 33
6 2 5 34
1 2 7 35
8 2 5 34
3 2 5 35
7 2 3 49
4 2 4 48
5 2 11 49
6 2 6 48
5 2 23 49
7 2 3 55
1 2 13 55
5 2 12 56
5 2 9 56
2 2 8 56
5 2 7 55
6 2 10 54
7 2 17 55
3 2 11 53
1 2 10 54
2 2 6 53
7 2 6 54
4 2 17 56
2 2 3 63
1 2 3 64
6 2 4 64
6 2 6 64
8 2 5 64
5 2 3 73
1 2 3 78
8 2 10 78
3 2 8 78
1 2 3 82
2 2 5 83
4 2 3 82
4 2 6 82
1 2 6 82
8 2 22 82
5 2 22 82
5 2 27 82
7 2 27 83
2 2 21 81
3 2 22 81
1 2 22 81
5 2 3 83
2 2 5 82
2 2 3 86
6 2 27 85
3 2 3 98
5 2 2 6
7 2 2 9
4 2 2 12
4 2 8 11
3 2 2 16
1 2 12 17
3 2 2 19
8 2 5 18
8 2 11 17
4 2 12 16
5 2 4 18
8 2 2 20
8 2 2 23
7 2 2 30
4 2 3 28
8 2 2 33
5 2 2 45
8 2 6 45
4 2 5 46
6 2 2 60
4 2 2 61
6 2 4 60
6 2 2 61
6 2 2 65
1 2 2 67
6 2 4 66
4 2 2 70
5 2 2 76
7 2 2 76
8 2 2 100
6 2 6 99
2 2 1 41
8 2 7 40
5 2 10 39
5 2 11 38
7 2 7 41
1 2 1 53
2 2 13 52
8 2 12 52
8 2 10 53
8 2 7 52
1 2 4 52
1 2 8 51
8 2 4 53
1 2 1 70
6 2 14 69
4 2 7 69
1 2 7 71
6 2 8 70
2 2 6 71
7 2 3 71
7 2 7 70
4 2 3 70
4 2 10 69
7 2 11 68
3 2 10 69
3 2 3 70
6 2 3 72
5 2 2 72
5 2 1 97
5 2 3 96
1 2 4 95
7 2 11 94
1 2 12 94
6 3 47 51
5 3 41 27
6 3 40 17
5 3 40 85
7 2 38 85
4 3 37 100
8 2 35 100
7 2 34 100
5 3 33 84
8 3 33 92
3 3 31 75
3 3 30 1
4 2 28 1
1 2 27 1
8 3 30 27
5 3 27 19
7 3 26 24
1 3 25 4
6 3 25 51
2 3 26 52
6 3 25 86
1 3 24 17
5 3 29 16
4 3 23 6
7 3 23 13
8 3 25 14
5 3 23 55
5 3 22 4
8 3 22 11
1 3 22 22
2 3 22 54
7 3 22 80
3 3 26 81
8 3 21 48
2 3 20 6
3 3 20 17
5 2 19 16
6 3 22 16
3 3 20 61
3 3 19 3
7 3 19 4
7 3 19 11
3 3 19 22
7 3 19 26
8 2 17 26
1 2 27 25
3 2 16 26
7 3 19 26
7 3 19 28
2 3 20 28
5 3 19 30
1 3 19 50
2 3 18 19
7 2 16 19
5 3 18 56
8 2 16 55
5 3 18 97
2 3 16 7
7 3 16 85
7 3 16 93
3 2 21 92
8 3 16 99
4 3 15 1
1 3 15 2
1 3 15 56
4 3 15 65
3 3 14 79
5 3 14 97
3 3 13 23
5 3 13 40
3 3 12 36
6 3 21 37
7 2 19 37
1 3 13 37
5 2 15 36
6 2 15 36
5 3 12 42
3 3 12 51
7 3 12 56
7 3 12 89
8 3 11 34
2 3 11 41
6 2 11 40
3 3 11 39
7 2 13 39
7 2 11 40
8 3 17 38
2 3 11 61
3 3 10 8
4 3 10 29
8 3 10 30
4 3 20 31
3 3 13 30
4 3 10 65
2 3 10 76
2 2 19 75
2 3 16 74
1 3 9 2
2 2 8 1
8 2 8 2
6 3 9 56
2 3 9 81
1 3 19 80
8 3 9 93
1 2 11 92
1 2 15 91
3 2 8 92
7 3 29 91
6 3 7 10
8 2 9 10
7 2 9 11
4 3 7 18
3 3 23 18
7 3 10 18
3 2 10 17
2 2 10 16
5 3 7 19
2 2 5 19
1 2 7 18
6 2 6 18
8 2 6 18
4 2 5 18
6 2 10 17
8 2 17 16
4 2 10 18
3 3 7 43
1 3 7 68
4 3 7 83
6 3 19 83
5 3 7 94
1 3 6 3
5 3 9 3
6 3 6 80
6 2 21 82
6 3 19 81
6 3 6 92
1 2 6 92
8 2 12 91
2 3 5 88
5 2 9 86
7 2 9 85
3 2 9 85
8 3 5 91
8 2 6 90
3 2 7 91
4 3 6 90
3 2 6 89
1 3 4 69
2 2 2 69
4 3 4 73
6 2 2 73
1 2 14 74
7 2 3 74
4 2 3 75
1 2 11 74
7 2 10 74
1 2 9 75
4 3 2 21
5 2 5 22
4 3 2 30
1 2 2 29
2 2 2 28
8 2 9 29
6 2 1 29
1 2 15 28
8 2 3 29
3 2 2 29
5 2 5 30
7 3 4 26
5 3 3 29
7 3 2 61
7 2 2 61
6 2 2 62
8 2 2 63
8 4 29 94
7 4 26 27
6 4 23 33
7 4 21 75
7 4 21 94
7 4 20 22
7 4 20 86
2 4 19 93
1 4 18 20
3 4 18 80
6 4 17 49
7 4 17 96
5 4 17 100
4 4 16 58
6 3 22 58
6 4 26 59
5 4 15 1
5 4 15 40
8 4 15 54
6 4 15 93
6 4 14 15
1 2 14 15
4 4 25 14
1 2 25 15
5 4 14 31
8 4 13 20
6 2 10 20
6 4 13 35
6 4 13 37
2 3 11 36
2 4 13 45
7 2 10 45
1 4 19 44
7 4 15 46
6 4 12 7
7 4 12 66
3 4 12 84
8 4 11 91
6 4 14 91
8 4 10 15
2 4 9 35
4 2 8 36
4 4 8 89
6 4 7 33
1 4 10 31
3 4 7 63
7 3 14 64
5 4 7 66
8 2 7 66
2 4 7 70
4 2 11 70
5 4 6 50
4 4 6 52
2 2 5 51
4 2 8 50
6 4 6 72
7 4 6 98
2 2 4 97
7 4 5 36
4 2 9 37
3 4 5 39
8 2 9 38
3 2 9 38
6 2 8 38
4 2 8 39
1 2 7 39
7 2 9 40
1 2 9 41
2 2 4 39
5 2 4 39
6 4 5 82
7 4 4 10
8 4 4 71
4 2 2 70
3 2 2 71
8 2 1 71
7 2 1 70
5 2 1 69
6 4 3 22
1 2 6 22
2 2 6 22
7 4 3 58
8 2 3 57
1 2 5 59
6 2 5 60
2 2 3 57
4 2 8 57
8 2 7 57
5 2 7 58
5 2 2 59
3 4 17 58
2 4 5 56
8 4 3 96
6 4 3 99
3 2 2 100
2 2 1 99
1 5 25 13
3 5 25 17
8 5 24 48
1 5 19 24
4 3 19 24
4 4 23 25
3 5 27 25
7 5 18 57
6 5 17 55
2 5 17 85
5 5 15 13
1 5 15 41
2 2 11 41
1 5 13 36
3 5 12 82
4 5 11 23
5 5 11 61
4 5 10 99
1 5 9 98
3 5 6 5
4 5 6 72
7 5 5 57
1 5 5 62
4 5 4 63
3 2 1 64
7 3 4 63
1 5 3 7
3 6 30 27
3 6 21 24
4 6 16 6
5 6 13 65
4 2 10 64
8 6 13 85
5 2 12 84
2 2 12 86
7 2 10 85
3 6 11 93
5 2 14 94
4 2 14 95
1 6 7 33
8 4 14 32
3 6 7 86
3 6 10 87
4 6 6 63
4 6 5 2
3 6 3 46
4 2 1 47
8 2 3 48
1 3 11 45
4 7 14 85
2 2 12 84
4 4 16 84
4 7 11 95
1 2 8 95
6 7 10 10
2 2 7 11
1 2 7 12
5 2 7 12
5 7 11 14
3 2 10 16
2 2 10 16
8 7 9 32
3 2 7 33
2 3 4 32
5 2 6 31
7 2 6 32
4 2 4 33
5 7 7 5
5 2 8 6
6 2 7 6
4 7 6 30
3 4 6 29
3 5 9 27
1 7 5 24
8 2 4 24
3 2 3 23
4 8 35 51
4 8 16 16
4 8 14 3
7 2 10 3
4 2 9 3
7 8 7 64
2 2 5 65
8 2 5 65
5 2 5 66
6 2 4 64
1 2 4 66
5 8 6 98
7 8 5 51
1 2 3 53
6 3 25 50
6 6 22 51
5 10 9 77
1 2 4 78
2 2 4 79
4 2 3 79
6 2 6 79
8 10 7 21
4 2 4 20
4 2 4 22
1 5 5 21
5 2 4 19
1 9 10 19
4 11 22 50
6 2 14 49
5 11 11 91
4 11 7 93
5 2 6 95
6 2 5 94
2 2 6 93
1 2 6 94
8 3 5 93
4 12 12 44
3 2 10 44
1 13 21 74
4 2 15 75
7 2 15 75
6 2 12 75
4 2 11 75
3 2 13 74
2 13 15 13
5 2 14 13
7 2 10 14
2 14 13 76
5 2 11 76
4 2 10 76
4 2 9 78
5 14 9 74
8 2 6 74
2 2 3 75
3 3 2 75
1 3 4 75
6 2 4 77
3 15 20 28
4 20 19 53
7 21 16 59
4 25 23 83
3 2 14 84
6 27 11 53
3 2 11 49
7 2 11 50
1 2 11 51
5 2 3 52
8 3 2 51
2 2 8 50
2 29 9 15
5 2 7 10
1 2 4 15
4 3 3 15
1 33 12 48
8 2 7 50
7 3 4 47
8 2 4 47
1 33 12 80
5 2 9 84
2 3 8 84
5 36 13 28
4 2 9 27
6 2 9 27
5 2 8 27
6 2 5 27
4 2 4 27
8 36 12 67
