60450
3054
3 2 200 1
4 2 200 11
5 2 200 17
5 2 200 24
1 2 200 26
1 2 200 50
1 2 199 3
1 2 199 19
3 2 199 28
5 2 199 31
6 2 199 34
4 2 199 36
1 2 198 1
1 2 198 23
7 2 198 27
6 2 198 36
4 2 197 9
7 2 197 15
7 2 200 16
6 2 198 14
5 2 198 16
6 2 197 25
8 2 197 30
2 2 198 30
3 2 197 36
5 2 196 14
1 2 196 21
8 2 200 22
8 2 198 21
2 2 196 26
7 2 196 39
7 2 199 38
7 2 195 14
5 2 195 13
2 2 195 21
2 2 195 23
6 2 195 26
5 2 194 2
6 2 194 12
5 2 198 11
1 2 194 23
2 2 194 29
7 2 193 13
5 2 196 12
4 2 193 23
8 2 193 33
6 2 191 7
2 2 200 6
8 2 191 10
3 2 198 9
1 2 195 9
4 2 192 10
1 2 195 11
3 2 194 9
3 2 191 9
4 2 193 10
5 2 191 22
5 2 191 26
6 2 191 28
4 2 195 28
2 2 195 28
3 2 191 45
7 2 198 46
4 2 190 23
8 2 191 23
3 2 190 23
8 2 190 42
7 2 200 43
6 2 195 42
8 2 195 41
7 2 191 42
6 2 198 43
7 2 194 41
6 2 194 41
5 2 192 41
2 2 189 17
3 2 189 20
2 2 189 21
2 2 189 41
6 2 196 40
6 2 188 2
3 2 192 1
5 2 191 1
1 2 190 1
5 2 189 2
1 2 188 5
5 2 188 26
8 2 188 31
6 2 188 47
5 2 188 50
8 2 187 17
6 2 196 16
5 2 187 29
4 2 191 29
6 2 185 3
8 2 185 10
2 2 184 20
7 2 193 19
4 2 183 7
8 2 185 6
7 2 184 6
5 2 183 16
6 2 187 17
3 2 187 18
3 2 183 20
3 2 182 2
6 2 184 1
4 2 187 2
6 2 182 14
8 2 191 13
2 2 182 18
1 2 182 28
7 2 182 29
3 2 194 30
6 2 182 32
6 2 186 30
5 2 186 29
6 2 185 32
2 2 181 30
3 2 181 35
5 2 197 37
4 2 193 36
5 2 194 36
7 2 194 37
2 2 195 38
6 2 181 35
1 2 197 34
3 2 196 34
8 2 180 7
1 2 179 2
4 2 183 1
2 2 184 2
3 2 186 3
3 2 184 2
5 2 184 3
1 2 178 24
7 2 177 4
2 2 176 2
1 2 176 3
2 2 176 31
2 2 174 30
1 2 178 29
5 2 174 39
4 2 192 39
4 2 175 39
5 2 195 40
5 2 173 11
3 2 191 10
4 2 192 11
8 2 192 12
3 2 191 12
6 2 191 11
5 2 186 12
3 2 173 16
8 2 192 14
8 2 191 16
2 2 187 15
1 2 190 14
6 2 173 45
8 2 194 45
3 2 193 45
6 2 172 9
1 2 172 12
4 2 172 29
7 2 181 29
7 2 177 29
3 2 176 28
3 2 174 29
2 2 176 29
8 2 175 29
7 2 172 30
6 2 172 38
2 2 181 37
1 2 172 44
7 2 196 43
8 2 195 43
7 2 173 44
6 2 193 44
3 2 171 4
6 2 174 3
5 2 170 12
1 2 170 14
2 2 188 13
5 2 188 13
3 2 170 26
2 2 170 46
7 2 170 47
2 2 168 24
8 2 193 24
7 2 168 39
2 2 187 40
6 2 168 38
1 2 169 37
1 2 191 36
8 2 190 36
6 2 184 35
4 2 167 6
6 2 167 8
6 2 189 9
2 2 181 7
2 2 167 11
5 2 166 6
2 2 179 8
1 2 166 19
2 2 190 20
3 2 190 21
5 2 191 19
5 2 180 18
1 2 167 18
6 2 180 19
4 2 188 20
4 2 179 19
3 2 166 24
7 2 167 25
8 2 166 38
6 2 166 48
2 2 168 47
7 2 190 46
2 2 192 47
5 2 185 48
8 2 196 49
4 2 185 49
2 2 165 14
7 2 174 13
7 2 165 21
4 2 165 45
2 2 166 46
7 2 164 7
8 2 178 6
3 2 164 18
2 2 164 17
2 2 177 18
8 2 170 19
2 2 163 12
7 2 166 13
7 2 184 12
7 2 163 29
2 2 163 45
2 2 162 37
3 2 162 41
2 2 187 41
1 2 189 43
8 2 161 46
4 2 172 46
2 2 183 46
6 2 158 23
5 2 188 22
1 2 157 9
4 2 159 8
7 2 161 9
7 2 181 9
7 2 182 9
5 2 181 9
5 2 163 9
8 2 175 8
8 2 157 13
1 2 164 13
6 2 173 14
4 2 157 41
4 2 156 14
7 2 167 14
2 2 155 34
8 2 194 34
5 2 155 43
2 2 165 43
7 2 173 43
2 2 166 43
1 2 165 43
8 2 155 50
7 2 154 1
8 2 157 1
5 2 164 2
8 2 159 2
3 2 167 3
8 2 154 3
8 2 175 2
7 2 172 3
4 2 169 3
8 2 169 3
2 2 168 3
3 2 154 36
8 2 180 36
2 2 181 36
1 2 154 39
5 2 162 39
1 2 164 40
7 2 162 38
6 2 176 38
4 2 170 37
4 2 154 42
7 2 184 41
5 2 160 41
2 2 160 40
7 2 154 44
2 2 153 36
5 2 152 1
4 2 152 38
1 2 152 44
2 2 167 44
2 2 152 48
8 2 189 47
7 2 177 48
7 2 151 2
8 2 151 25
6 2 151 37
7 2 151 41
3 2 151 43
5 2 151 45
1 2 151 49
3 2 150 34
1 2 152 34
4 2 187 34
5 2 150 38
6 2 173 38
7 2 180 38
5 2 173 39
6 2 173 40
6 2 150 41
3 2 153 41
4 2 149 7
6 2 162 7
1 2 159 8
6 2 157 6
7 2 162 7
4 2 173 6
1 2 188 5
5 2 173 7
4 2 171 6
2 2 170 6
6 2 164 6
1 2 164 6
6 2 161 7
6 2 149 16
1 2 167 15
8 2 160 16
7 2 173 17
6 2 154 16
7 2 166 16
2 2 181 15
5 2 156 18
8 2 174 17
4 2 155 17
1 2 149 25
5 2 150 25
8 2 187 24
8 2 149 39
7 2 149 40
3 2 149 42
2 2 149 47
1 2 149 49
4 2 148 9
2 2 159 11
4 2 174 10
1 2 160 11
6 2 148 13
1 2 178 12
7 2 149 14
1 2 148 17
1 2 168 18
4 2 148 34
2 2 148 42
2 2 147 1
7 2 146 13
1 2 146 43
3 2 163 43
3 2 146 50
1 2 145 8
8 2 161 7
1 2 170 7
5 2 170 6
3 2 145 12
1 2 160 11
4 2 158 11
1 2 178 10
6 2 171 11
3 2 158 12
5 2 145 27
6 2 165 27
8 2 144 42
5 2 147 42
8 2 146 41
2 2 148 40
7 2 144 43
4 2 143 3
2 2 143 18
5 2 153 17
1 2 146 20
3 2 142 2
3 2 168 3
7 2 142 13
3 2 142 43
1 2 141 6
5 2 141 20
4 2 140 5
6 2 186 5
6 2 140 10
7 2 145 10
1 2 140 42
1 2 144 41
3 2 140 49
7 2 139 10
5 2 139 26
2 2 147 24
2 2 156 23
5 2 156 25
8 2 139 30
1 2 152 30
1 2 166 30
4 2 141 29
6 2 162 29
5 2 141 30
7 2 164 28
6 2 163 31
2 2 185 32
2 2 189 33
1 2 139 32
2 2 184 32
7 2 139 33
6 2 139 34
3 2 152 34
6 2 139 39
5 2 139 47
5 2 141 48
3 2 143 47
8 2 149 47
8 2 146 47
3 2 145 48
6 2 161 47
3 2 178 48
3 2 173 46
2 2 142 47
5 2 139 50
1 2 189 49
8 2 138 10
3 2 138 19
3 2 142 18
4 2 138 24
5 2 138 24
3 2 138 48
7 2 145 47
3 2 141 49
3 2 139 47
1 2 137 4
8 2 137 7
8 2 168 7
7 2 157 6
1 2 137 8
1 2 149 9
6 2 137 36
8 2 163 37
4 2 153 37
1 2 139 35
4 2 170 37
2 2 146 34
7 2 174 33
5 2 137 49
8 2 142 48
4 2 138 47
3 2 136 3
3 2 136 14
1 2 138 13
2 2 165 14
4 2 136 24
4 2 136 49
8 2 135 4
7 2 135 37
6 2 135 38
6 2 135 49
7 2 135 50
4 2 182 49
1 2 182 50
4 2 134 22
7 2 134 24
7 2 135 24
5 2 135 25
6 2 134 25
4 2 181 25
8 2 133 7
1 2 151 6
8 2 140 6
6 2 133 49
7 2 132 49
3 2 131 8
1 2 129 3
5 2 146 2
6 2 128 3
6 2 132 3
8 2 128 49
7 2 128 49
6 2 128 49
2 2 127 2
2 2 140 2
8 2 165 2
2 2 165 1
4 2 145 1
3 2 143 1
7 2 133 2
3 2 146 3
6 2 137 1
1 2 127 3
2 2 127 28
7 2 143 27
4 2 126 6
8 2 126 23
3 2 125 6
8 2 151 6
1 2 132 8
8 2 131 8
2 2 147 7
1 2 141 8
6 2 136 7
4 2 156 6
8 2 125 28
2 2 127 28
4 2 126 28
4 2 125 33
6 2 124 2
4 2 145 3
2 2 124 20
1 2 142 19
4 2 141 19
7 2 163 18
5 2 160 19
1 2 140 20
2 2 141 18
8 2 141 19
4 2 154 18
3 2 136 19
6 2 126 19
1 2 124 21
5 2 149 22
3 2 124 32
2 2 188 31
7 2 165 31
1 2 158 31
8 2 157 31
8 2 124 47
5 2 135 47
7 2 123 2
8 2 160 1
4 2 124 1
2 2 123 24
7 2 153 23
4 2 140 25
1 2 156 27
2 2 123 47
2 2 123 49
5 2 122 38
5 2 149 37
7 2 146 37
2 2 135 39
3 2 122 49
8 2 121 37
8 2 154 38
8 2 152 37
8 2 145 36
4 2 132 35
6 2 159 36
1 2 120 47
6 2 136 46
6 2 137 47
3 2 137 47
1 2 139 47
4 2 140 45
2 2 145 44
3 2 167 43
3 2 153 43
3 2 140 45
6 2 179 45
5 2 155 44
2 2 141 45
3 2 157 46
3 2 120 49
7 2 121 49
2 2 120 50
5 2 119 2
4 2 158 1
2 2 158 2
1 2 119 49
3 2 170 48
8 2 118 40
2 2 144 41
6 2 127 40
7 2 119 40
8 2 118 46
4 2 117 1
3 2 117 1
6 2 116 31
2 2 115 5
3 2 118 5
1 2 115 13
8 2 150 12
1 2 121 11
1 2 135 10
3 2 118 12
6 2 120 10
5 2 115 24
3 2 149 25
2 2 115 25
8 2 137 24
4 2 115 26
7 2 132 27
3 2 141 28
4 2 146 29
5 2 141 29
2 2 115 37
7 2 120 36
4 2 168 36
5 2 126 36
5 2 115 38
1 2 133 39
7 2 115 49
7 2 166 48
8 2 114 10
3 2 119 8
2 2 129 9
7 2 129 8
1 2 129 10
8 2 128 10
7 2 167 9
5 2 120 8
3 2 140 7
3 2 148 6
3 2 117 9
4 2 114 24
4 2 114 44
8 2 140 44
4 2 139 44
1 2 154 44
5 2 114 48
1 2 119 49
2 2 118 49
5 2 115 47
4 2 115 49
5 2 115 49
7 2 115 49
6 2 114 50
3 2 113 15
7 2 163 15
8 2 146 14
1 2 134 15
1 2 178 15
7 2 166 16
1 2 127 14
2 2 115 16
8 2 139 16
6 2 127 17
1 2 115 15
4 2 153 14
8 2 115 16
6 2 122 16
1 2 128 15
7 2 114 16
2 2 119 15
5 2 138 15
1 2 149 16
8 2 147 14
2 2 113 20
2 2 114 19
4 2 151 18
3 2 113 38
5 2 129 39
5 2 113 44
7 2 158 45
5 2 135 43
1 2 112 8
6 2 112 12
7 2 156 11
3 2 112 25
7 2 120 25
5 2 114 26
1 2 149 26
7 2 138 27
7 2 135 26
5 2 112 25
1 2 120 24
1 2 117 25
3 2 116 25
4 2 145 25
5 2 158 25
4 2 112 44
7 2 126 46
3 2 114 43
8 2 139 42
8 2 115 42
7 2 128 41
4 2 114 44
6 2 111 21
1 2 147 21
2 2 125 20
6 2 111 26
6 2 168 27
1 2 157 26
4 2 111 43
6 2 111 49
3 2 110 16
7 2 127 16
1 2 141 16
5 2 127 17
7 2 174 18
8 2 146 17
5 2 144 18
8 2 150 18
5 2 150 18
7 2 138 18
7 2 126 17
4 2 111 15
3 2 112 15
1 2 112 14
5 2 109 26
8 2 151 27
5 2 109 41
2 2 113 41
2 2 114 40
6 2 114 41
1 2 107 2
5 2 128 2
1 2 143 1
7 2 107 21
5 2 174 21
4 2 107 42
6 2 107 43
8 2 107 44
6 2 109 44
6 2 107 44
6 2 108 43
1 2 122 43
6 2 143 42
5 2 107 48
3 2 116 47
6 2 108 48
1 2 131 47
7 2 131 47
3 2 154 46
3 2 112 47
4 2 113 46
3 2 108 49
7 2 106 48
6 2 105 20
2 2 133 20
6 2 111 20
5 2 140 20
1 2 140 21
2 2 104 23
8 2 104 24
3 2 104 49
3 2 103 8
5 2 105 7
1 2 103 20
1 2 102 1
8 2 103 1
2 2 102 1
7 2 125 2
5 2 102 35
2 2 119 33
3 2 107 36
3 2 104 35
3 2 101 12
8 2 109 14
7 2 101 12
2 2 101 15
1 2 116 16
3 2 115 16
8 2 140 17
2 2 108 15
4 2 109 16
8 2 122 16
4 2 107 15
3 2 101 30
2 2 138 29
8 2 107 30
8 2 110 29
3 2 101 48
8 2 105 47
1 2 101 48
1 2 102 47
8 2 100 2
4 2 100 1
8 2 100 18
3 2 113 19
4 2 102 19
7 2 100 20
3 2 156 20
3 2 120 19
1 2 157 20
4 2 156 20
4 2 120 20
5 2 111 20
5 2 134 21
2 2 151 20
2 2 100 29
8 2 155 28
3 2 103 28
4 2 99 4
7 2 99 16
4 2 98 1
7 2 99 2
7 2 98 5
3 2 98 14
7 2 97 16
8 2 97 17
5 2 99 19
4 2 97 16
3 2 97 31
1 2 130 30
3 2 96 1
4 2 96 30
2 2 102 30
7 2 154 29
7 2 101 30
1 2 112 30
7 2 110 29
8 2 95 5
2 2 95 18
7 2 95 35
6 2 160 34
5 2 100 34
2 2 94 3
8 2 94 36
7 2 159 35
5 2 93 1
1 2 130 3
6 2 97 2
2 2 93 17
3 2 92 1
1 2 120 2
3 2 92 6
3 2 92 27
2 2 95 26
2 2 127 27
4 2 107 27
3 2 101 25
3 2 96 24
6 2 112 23
7 2 91 6
7 2 91 9
7 2 116 11
5 2 115 10
5 2 99 9
3 2 109 8
7 2 113 10
7 2 139 10
8 2 91 11
1 2 94 12
1 2 92 10
7 2 91 19
4 2 91 24
4 2 107 24
2 2 133 25
6 2 106 25
1 2 106 24
7 2 114 23
7 2 100 24
2 2 100 25
7 2 151 24
7 2 95 25
1 2 100 26
6 2 91 34
4 2 98 34
4 2 125 34
5 2 90 1
5 2 90 22
3 2 90 49
1 2 102 49
6 2 98 49
7 2 89 13
3 2 107 13
3 2 89 24
6 2 89 28
2 2 89 42
3 2 112 41
5 2 106 41
2 2 100 42
1 2 107 42
8 2 107 41
3 2 107 41
1 2 137 40
3 2 105 42
6 2 117 42
6 2 87 24
7 2 87 42
6 2 125 41
5 2 87 46
2 2 86 1
2 2 86 23
7 2 113 23
8 2 147 22
5 2 86 24
7 2 85 48
3 2 99 47
8 2 99 48
1 2 83 2
6 2 90 1
5 2 90 3
1 2 116 2
7 2 91 1
5 2 83 14
1 2 101 13
6 2 83 18
2 2 83 28
8 2 100 29
6 2 89 28
7 2 104 29
3 2 98 29
5 2 88 29
7 2 127 28
8 2 94 30
6 2 83 43
6 2 83 45
4 2 94 44
2 2 84 45
4 2 129 45
5 2 106 45
7 2 107 44
3 2 106 44
8 2 106 44
7 2 106 46
6 2 96 45
5 2 88 44
7 2 84 45
7 2 97 44
8 2 82 3
6 2 82 2
4 2 82 45
2 2 82 47
8 2 81 25
6 2 82 25
3 2 81 47
2 2 81 50
4 2 80 9
6 2 110 9
5 2 100 8
6 2 80 17
5 2 91 16
4 2 79 6
4 2 79 13
2 2 106 14
7 2 105 14
4 2 82 13
5 2 92 14
6 2 148 13
2 2 125 13
5 2 117 14
2 2 121 14
4 2 128 13
3 2 91 14
3 2 87 13
8 2 154 12
8 2 120 14
7 2 82 13
3 2 152 12
4 2 82 13
5 2 89 13
2 2 82 14
1 2 82 13
5 2 81 13
4 2 146 12
8 2 147 11
6 2 79 19
1 2 89 19
6 2 104 19
6 2 78 14
3 2 77 10
2 2 81 10
4 2 98 9
8 2 77 43
8 2 85 42
8 2 77 48
3 2 91 49
2 2 76 12
5 2 76 44
1 2 81 45
6 2 76 46
3 2 75 30
7 2 74 13
2 2 83 14
1 2 83 14
8 2 82 14
4 2 82 15
2 2 84 15
8 2 74 17
6 2 112 17
3 2 89 17
4 2 89 18
4 2 81 17
8 2 74 44
3 2 74 50
7 2 88 49
1 2 77 49
3 2 90 48
6 2 85 48
6 2 73 12
5 2 98 11
4 2 85 11
2 2 84 11
1 2 103 10
2 2 103 11
6 2 73 32
5 2 73 32
3 2 73 33
6 2 72 8
2 2 78 7
4 2 76 7
8 2 94 6
3 2 78 8
2 2 76 8
3 2 75 7
1 2 138 6
4 2 72 12
1 2 146 11
8 2 93 11
1 2 72 18
7 2 112 17
5 2 151 16
5 2 79 19
7 2 111 21
4 2 85 18
5 2 82 18
5 2 80 18
1 2 73 18
7 2 78 20
1 2 87 20
7 2 134 21
2 2 134 22
8 2 78 20
4 2 133 21
4 2 72 33
1 2 146 35
2 2 141 34
1 2 141 34
7 2 136 34
1 2 102 35
6 2 93 34
5 2 72 33
6 2 71 17
3 2 96 16
1 2 70 11
5 2 103 10
5 2 133 11
7 2 100 10
2 2 70 10
3 2 70 21
6 2 73 21
7 2 72 20
7 2 70 35
4 2 97 35
1 2 87 35
4 2 69 1
3 2 80 1
8 2 71 1
3 2 72 2
1 2 73 1
5 2 70 2
6 2 69 7
4 2 113 9
1 2 69 17
4 2 85 16
8 2 75 19
6 2 133 18
8 2 69 37
8 2 124 36
3 2 69 38
6 2 68 2
2 2 72 1
4 2 68 2
7 2 125 2
5 2 79 2
5 2 68 30
1 2 95 30
4 2 118 30
7 2 83 30
2 2 88 29
5 2 92 30
6 2 92 30
6 2 85 30
2 2 87 30
1 2 80 30
1 2 74 30
2 2 165 31
4 2 154 31
4 2 73 30
4 2 162 31
3 2 80 29
4 2 147 28
2 2 146 28
6 2 145 28
8 2 84 28
4 2 99 27
6 2 126 28
3 2 84 29
8 2 85 28
5 2 69 29
2 2 77 30
3 2 68 45
5 2 68 48
5 2 83 48
8 2 67 34
3 2 119 33
2 2 67 44
4 2 107 43
6 2 82 43
5 2 99 42
2 2 112 43
2 2 94 44
4 2 90 42
7 2 117 41
1 2 89 42
1 2 115 41
4 2 149 42
3 2 66 4
4 2 66 24
6 2 84 23
4 2 71 25
4 2 88 26
7 2 95 25
4 2 70 24
6 2 66 33
5 2 65 4
7 2 65 31
4 2 73 30
1 2 77 29
1 2 102 28
7 2 79 30
4 2 77 30
6 2 65 50
5 2 84 49
8 2 64 9
3 2 78 9
6 2 77 8
6 2 65 8
5 2 69 8
8 2 102 8
7 2 102 9
2 2 81 7
2 2 64 13
6 2 64 24
5 2 110 23
4 2 68 23
4 2 64 27
6 2 87 26
6 2 64 31
6 2 74 30
8 2 72 30
7 2 72 30
4 2 66 31
1 2 63 1
1 2 79 1
4 2 63 8
6 2 63 13
3 2 63 24
1 2 84 24
5 2 83 24
8 2 83 24
6 2 83 23
1 2 75 25
1 2 137 25
2 2 137 25
4 2 83 24
5 2 106 23
7 2 106 24
7 2 80 26
5 2 86 26
8 2 122 27
3 2 63 29
4 2 100 29
6 2 62 1
3 2 79 1
4 2 62 37
3 2 107 36
3 2 62 39
1 2 61 8
2 2 145 6
2 2 65 9
4 2 74 10
7 2 73 10
6 2 72 10
3 2 61 11
3 2 71 11
5 2 71 10
6 2 70 10
7 2 61 18
3 2 70 18
8 2 74 17
1 2 79 18
6 2 74 19
2 2 67 18
5 2 70 18
7 2 71 17
1 2 60 5
8 2 60 19
3 2 74 18
6 2 60 30
5 2 60 39
2 2 68 41
3 2 77 41
8 2 62 41
4 2 78 41
4 2 60 44
5 2 82 43
6 2 63 44
3 2 76 45
1 2 116 46
4 2 81 44
3 2 59 13
8 2 65 12
4 2 59 14
8 2 74 15
3 2 66 14
6 2 59 19
2 2 69 20
5 2 59 22
5 2 59 28
5 2 59 41
3 2 145 40
4 2 79 41
4 2 95 41
8 2 58 1
1 2 58 2
2 2 58 12
3 2 58 13
1 2 58 30
5 2 67 30
7 2 58 41
6 2 57 15
8 2 57 21
4 2 57 21
1 2 55 48
6 2 54 40
3 2 86 40
2 2 125 40
6 2 164 39
4 2 125 40
3 2 92 39
3 2 143 38
2 2 54 40
5 2 62 39
3 2 71 38
4 2 61 39
3 2 88 40
3 2 66 39
8 2 62 38
3 2 86 37
7 2 93 36
2 2 65 37
6 2 81 36
7 2 80 36
3 2 125 36
2 2 81 36
6 2 95 35
2 2 63 38
1 2 63 38
4 2 56 39
4 2 57 38
5 2 63 37
8 2 56 40
4 2 54 41
4 2 112 40
3 2 53 6
1 2 78 6
5 2 130 6
7 2 68 7
2 2 53 17
3 2 140 16
7 2 140 17
4 2 83 16
5 2 68 16
6 2 68 17
8 2 67 17
7 2 53 41
4 2 52 40
6 2 52 41
6 2 51 25
2 2 100 26
5 2 100 26
1 2 89 26
6 2 97 26
8 2 61 26
7 2 58 24
7 2 59 23
3 2 51 29
1 2 51 30
1 2 102 30
8 2 55 31
7 2 72 31
7 2 73 30
6 2 72 31
1 2 67 31
3 2 67 31
4 2 51 34
3 2 80 34
8 2 101 34
6 2 132 34
8 2 132 34
7 2 51 37
1 2 50 15
7 2 89 16
6 2 55 14
7 2 51 14
1 2 50 24
6 2 60 23
6 2 58 24
2 2 69 24
1 2 74 24
2 2 50 25
8 2 50 29
6 2 90 28
8 2 90 29
5 2 50 36
5 2 49 2
7 2 49 13
8 2 49 17
5 2 60 16
7 2 53 17
6 2 68 18
7 2 55 18
6 2 54 18
5 2 64 17
2 2 122 18
4 2 49 23
2 2 57 22
6 2 100 23
5 2 155 22
2 2 49 37
4 2 132 37
1 2 49 42
7 2 48 39
6 2 52 38
8 2 49 39
6 2 52 38
6 2 53 37
6 2 49 39
5 2 50 39
7 2 49 39
3 2 48 45
2 2 80 45
1 2 71 45
6 2 85 44
2 2 66 44
4 2 139 45
8 2 97 45
8 2 51 45
5 2 59 45
1 2 71 44
2 2 72 44
2 2 64 44
7 2 75 44
8 2 79 43
2 2 47 17
3 2 47 25
3 2 85 25
6 2 57 25
5 2 46 7
5 2 87 6
4 2 51 6
4 2 59 5
5 2 66 6
7 2 46 8
1 2 46 39
1 2 48 39
2 2 48 40
4 2 78 39
8 2 46 42
2 2 52 42
7 2 46 45
6 2 46 50
6 2 70 49
7 2 91 47
6 2 91 48
7 2 90 48
6 2 80 48
5 2 72 48
6 2 80 48
5 2 45 1
1 2 45 43
6 2 64 42
3 2 59 44
1 2 101 45
2 2 45 47
1 2 45 48
7 2 61 47
1 2 70 48
4 2 80 49
3 2 51 49
1 2 44 17
6 2 44 44
2 2 44 45
1 2 95 43
2 2 95 43
1 2 51 44
6 2 43 2
7 2 62 2
6 2 51 2
6 2 53 2
8 2 59 1
6 2 79 2
5 2 45 2
7 2 44 2
5 2 106 1
2 2 43 9
5 2 53 11
2 2 70 10
4 2 132 11
4 2 70 11
5 2 45 9
6 2 51 9
2 2 43 15
3 2 43 49
4 2 42 15
2 2 42 47
8 2 41 2
1 2 80 2
6 2 72 1
7 2 40 11
8 2 40 16
7 2 64 15
1 2 40 36
1 2 40 41
4 2 47 40
2 2 74 39
6 2 99 38
8 2 99 38
4 2 42 42
2 2 39 1
4 2 39 3
7 2 39 6
4 2 46 5
6 2 38 1
8 2 38 2
7 2 69 1
2 2 38 7
8 2 40 6
8 2 38 7
5 2 43 7
1 2 63 7
4 2 68 6
5 2 61 6
7 2 86 7
7 2 38 41
8 2 44 41
3 2 59 40
3 2 38 42
2 2 46 44
3 2 43 43
5 2 38 45
7 2 37 26
2 2 93 26
7 2 93 27
2 2 93 27
3 2 49 27
1 2 124 27
1 2 61 28
6 2 38 25
4 2 54 25
2 2 38 25
7 2 37 31
5 2 40 31
8 2 57 30
3 2 47 31
6 2 58 30
1 2 57 29
8 2 59 28
3 2 54 32
4 2 107 31
1 2 36 7
1 2 128 6
7 2 60 6
6 2 143 5
4 2 42 6
8 2 58 7
4 2 99 6
5 2 43 7
7 2 60 6
4 2 76 6
6 2 127 5
7 2 35 1
8 2 35 4
2 2 35 10
7 2 66 10
3 2 37 11
2 2 35 31
7 2 155 32
2 2 56 30
6 2 55 30
1 2 35 48
1 2 50 47
1 2 72 47
8 2 70 48
5 2 41 47
1 2 34 6
6 2 50 5
7 2 108 6
3 2 34 28
6 2 48 28
8 2 54 27
4 2 33 39
8 2 32 1
6 2 38 2
7 2 36 2
4 2 31 3
4 2 66 1
6 2 66 1
2 2 35 2
5 2 33 2
4 2 114 3
5 2 57 1
3 2 57 1
3 2 35 1
5 2 63 2
8 2 63 2
3 2 63 2
7 2 102 3
3 2 102 3
6 2 33 1
6 2 63 2
1 2 31 29
1 2 31 36
5 2 92 35
6 2 31 38
5 2 52 37
5 2 50 38
6 2 108 38
4 2 108 37
5 2 30 10
3 2 32 10
3 2 62 10
6 2 30 35
2 2 30 37
8 2 30 48
6 2 50 48
6 2 37 47
4 2 38 47
3 2 76 46
2 2 71 48
6 2 117 49
3 2 111 47
5 2 56 47
4 2 69 46
3 2 69 46
2 2 69 45
7 2 36 46
3 2 36 47
4 2 29 5
2 2 49 4
3 2 29 9
6 2 29 20
3 2 79 19
8 2 51 19
2 2 41 19
6 2 47 17
1 2 120 18
8 2 29 42
7 2 63 41
2 2 43 43
2 2 37 42
6 2 35 41
2 2 38 41
5 2 38 40
7 2 38 42
4 2 37 40
4 2 35 41
5 2 34 41
4 2 28 2
6 2 28 13
4 2 100 12
5 2 54 14
5 2 49 13
4 2 30 14
7 2 30 15
4 2 124 15
3 2 37 15
8 2 123 15
7 2 28 20
2 2 67 20
8 2 44 20
3 2 39 20
2 2 28 21
1 2 48 21
1 2 84 21
6 2 117 21
3 2 28 29
6 2 28 36
3 2 28 48
3 2 27 1
1 2 27 7
3 2 56 6
6 2 27 10
2 2 46 11
6 2 68 10
3 2 28 11
4 2 28 12
1 2 27 25
3 2 49 24
4 2 27 28
4 2 27 48
5 2 26 9
4 2 28 8
1 2 27 8
7 2 26 11
2 2 26 10
1 2 26 15
4 2 53 14
4 2 56 14
6 2 69 13
3 2 26 18
6 2 26 35
4 2 76 34
1 2 53 33
2 2 53 33
1 2 25 17
4 2 25 21
4 2 25 26
7 2 50 25
7 2 27 25
3 2 25 47
5 2 40 48
4 2 53 47
8 2 25 47
8 2 67 46
8 2 50 46
7 2 24 35
5 2 28 37
5 2 23 2
7 2 30 1
7 2 23 8
6 2 25 7
7 2 105 6
1 2 23 15
8 2 23 15
6 2 23 16
5 2 23 18
1 2 24 18
5 2 42 19
3 2 23 23
4 2 23 50
3 2 23 49
4 2 22 10
8 2 22 16
8 2 52 15
8 2 22 35
1 2 51 34
1 2 34 34
3 2 22 43
8 2 21 10
6 2 41 10
1 2 91 9
2 2 91 10
8 2 22 9
7 2 21 12
2 2 21 15
6 2 31 14
7 2 111 15
8 2 21 40
4 2 21 49
6 2 20 10
1 2 20 13
8 2 22 12
5 2 22 13
8 2 40 12
1 2 20 16
7 2 19 12
8 2 20 13
6 2 29 13
6 2 19 15
5 2 49 17
5 2 19 23
4 2 64 22
4 2 62 23
5 2 63 22
4 2 20 23
3 2 19 29
7 2 19 31
5 2 18 1
1 2 18 11
5 2 90 9
4 2 17 8
1 2 17 16
7 2 23 16
5 2 17 24
4 2 40 23
2 2 32 25
6 2 17 26
1 2 57 26
1 2 72 25
5 2 18 26
4 2 17 31
4 2 54 30
2 2 17 38
3 2 48 37
1 2 30 39
4 2 16 21
5 2 55 21
4 2 16 25
4 2 21 24
5 2 20 27
5 2 18 25
3 2 17 25
4 2 17 24
4 2 23 23
8 2 35 22
3 2 16 30
1 2 16 36
8 2 17 36
5 2 91 36
1 2 91 37
1 2 21 36
3 2 69 36
8 2 15 6
7 2 27 5
5 2 15 23
5 2 54 23
3 2 15 38
6 2 55 38
3 2 28 38
4 2 42 39
4 2 15 40
7 2 14 6
5 2 115 6
7 2 98 6
4 2 14 8
8 2 80 9
2 2 79 9
7 2 36 9
7 2 32 8
4 2 31 8
7 2 17 8
4 2 48 8
5 2 25 9
6 2 20 9
4 2 14 34
5 2 14 46
6 2 15 47
6 2 18 47
4 2 22 46
2 2 21 46
4 2 20 47
6 2 44 47
8 2 13 1
6 2 13 2
8 2 13 8
7 2 18 9
1 2 14 9
5 2 13 18
3 2 15 18
7 2 38 17
1 2 50 18
4 2 13 19
1 2 62 19
4 2 62 19
7 2 61 19
4 2 13 36
5 2 66 35
7 2 66 36
8 2 65 36
1 2 51 37
2 2 126 36
2 2 13 38
8 2 43 37
5 2 13 43
2 2 19 42
5 2 13 49
8 2 12 6
4 2 12 5
7 2 34 4
3 2 12 7
2 2 12 9
8 2 16 10
1 2 14 10
5 2 13 10
7 2 13 10
7 2 12 29
5 2 24 30
4 2 37 31
6 2 28 30
5 2 23 28
4 2 45 27
1 2 12 36
3 2 24 36
1 2 122 36
5 2 48 35
4 2 12 42
4 2 54 43
1 2 68 44
1 2 11 2
5 2 20 2
4 2 48 1
4 2 11 4
4 2 19 4
1 2 11 10
6 2 11 18
6 2 33 17
3 2 33 18
3 2 84 17
3 2 17 17
2 2 21 17
3 2 15 18
4 2 11 37
8 2 10 5
2 2 11 6
5 2 12 7
2 2 10 9
8 2 10 27
4 2 77 26
3 2 10 42
4 2 31 41
2 2 16 43
1 2 13 42
6 2 9 9
7 2 9 17
4 2 13 16
4 2 26 18
1 2 13 15
4 2 13 15
2 2 13 15
5 2 10 16
1 2 9 16
3 2 34 17
5 2 79 18
1 2 9 23
4 2 9 37
4 2 74 38
5 2 122 37
3 2 10 36
8 2 19 35
3 2 19 36
3 2 83 36
1 2 60 35
5 2 17 35
5 2 9 37
3 2 9 38
8 2 8 4
8 2 143 4
1 2 8 18
6 2 8 27
8 2 43 27
8 2 14 26
3 2 8 28
7 2 16 29
5 2 15 29
2 2 38 29
1 2 69 28
1 2 18 28
8 2 45 30
6 2 8 45
3 2 6 4
3 2 50 5
5 2 6 16
6 2 6 15
5 2 10 14
3 2 20 13
4 2 10 14
4 2 6 23
6 2 40 22
5 2 6 39
7 2 6 40
6 2 5 42
5 2 21 41
7 2 11 43
5 2 11 43
3 2 59 43
5 2 5 42
7 2 5 45
1 2 4 49
2 2 24 48
8 2 17 49
7 2 28 48
2 2 4 50
6 2 3 6
6 2 26 5
2 2 49 6
5 2 26 6
5 2 3 11
7 2 19 12
3 2 18 12
5 2 18 13
7 2 49 13
6 2 34 13
3 2 33 12
8 2 3 48
5 2 15 47
7 2 17 46
1 2 34 45
8 2 13 49
4 2 13 49
6 2 13 50
5 2 7 47
6 2 24 48
4 2 15 46
5 2 15 45
6 2 11 46
8 2 10 46
5 2 2 9
1 2 2 28
2 2 5 28
4 2 2 28
1 2 40 27
7 2 2 31
2 2 28 32
4 2 25 32
8 2 14 30
7 2 11 31
4 2 54 33
7 2 2 42
1 2 2 41
3 2 21 42
1 2 46 41
1 2 41 43
2 2 2 46
3 2 2 50
6 2 11 49
8 2 24 48
4 2 1 6
8 2 1 24
4 2 1 30
8 3 164 33
5 3 163 22
6 3 151 35
4 2 149 35
8 3 150 22
5 3 150 32
4 3 147 22
7 3 145 32
8 3 143 35
3 3 142 32
4 3 138 22
8 3 133 27
4 3 133 46
5 3 131 5
2 3 140 4
3 3 131 32
4 3 131 50
5 3 130 39
4 3 130 40
6 3 126 50
4 3 123 27
1 3 122 4
3 3 122 26
3 3 120 21
2 3 120 35
2 2 138 34
3 3 118 34
7 3 118 39
1 3 118 43
8 3 118 50
6 3 115 41
4 3 112 26
6 3 112 45
4 3 109 36
8 3 107 1
3 3 107 25
1 3 106 17
5 3 106 27
6 3 105 15
2 3 105 33
5 3 105 40
6 3 104 22
7 3 103 10
2 3 103 21
3 3 103 27
4 3 103 28
6 3 103 50
3 3 101 6
7 3 100 3
6 3 100 14
2 3 104 14
3 3 99 31
1 3 99 34
7 2 97 34
1 3 120 35
5 3 98 8
4 3 105 9
3 2 103 9
5 3 98 26
7 3 95 15
8 3 95 37
4 3 95 44
4 3 94 1
2 3 94 3
6 3 93 27
3 3 93 39
2 2 104 38
2 3 91 19
5 3 91 24
1 3 91 34
3 3 106 34
2 2 108 34
5 3 93 35
5 3 91 41
2 3 90 27
1 3 90 47
5 3 89 45
7 3 88 7
1 3 97 6
8 3 88 8
1 3 87 15
6 3 87 26
1 3 87 44
4 3 87 47
7 3 86 30
4 3 85 21
7 3 100 20
3 3 84 36
5 2 92 36
8 3 83 10
1 3 83 37
1 3 81 25
8 3 79 36
8 3 78 6
5 3 78 6
5 3 77 23
1 3 77 44
6 3 86 45
2 3 74 14
6 3 73 10
6 3 98 11
1 3 73 27
7 3 87 28
4 3 72 23
7 2 74 23
1 3 72 45
3 3 71 2
2 3 70 3
3 3 70 14
1 3 70 42
5 3 70 47
2 3 69 17
8 3 76 17
6 3 68 50
7 3 67 42
3 3 75 42
7 3 65 24
4 3 65 25
3 3 65 30
6 3 70 30
6 3 64 2
7 3 64 14
6 3 63 17
5 3 66 17
7 3 67 17
1 3 63 17
2 3 61 31
3 3 60 39
2 3 59 13
5 3 58 36
1 3 57 2
4 3 57 14
6 3 55 18
1 3 55 46
5 3 54 3
6 3 54 4
4 3 54 10
5 2 69 10
6 3 53 12
2 3 53 49
2 2 56 49
5 3 66 48
5 3 52 7
5 3 50 13
1 3 50 23
7 2 48 23
3 2 51 23
5 3 50 50
1 3 49 40
3 3 49 48
6 2 47 48
6 3 51 47
5 3 48 20
8 3 48 37
2 3 48 43
7 3 53 43
6 3 64 44
4 3 47 7
2 3 46 40
4 3 45 19
1 3 45 30
7 3 75 29
2 3 44 7
4 3 69 7
5 3 76 7
4 3 44 31
3 2 42 31
8 3 121 32
4 3 52 32
5 2 50 32
2 3 96 33
3 3 43 8
8 3 89 8
4 3 40 31
6 3 40 32
2 3 38 1
5 3 38 18
3 3 38 21
4 2 37 20
8 2 60 21
6 3 60 21
1 3 71 22
7 3 37 38
1 3 37 42
1 3 37 45
5 3 51 44
4 3 35 35
7 3 71 35
4 3 48 36
6 3 35 44
4 3 102 43
3 3 44 44
4 2 96 42
5 3 34 30
4 3 34 38
6 3 40 37
7 3 32 17
6 3 32 29
5 3 51 28
5 3 48 29
8 3 35 29
1 3 50 29
4 2 54 29
1 2 54 30
8 3 36 29
1 2 93 28
2 3 30 18
7 3 45 19
8 2 57 19
6 2 56 19
3 3 37 19
2 2 90 19
4 3 48 20
2 3 30 37
8 3 29 31
6 3 30 31
1 2 28 31
2 3 29 48
1 3 28 28
6 3 27 43
8 3 24 19
3 3 24 49
1 2 30 49
4 3 29 50
5 3 23 7
3 3 23 30
3 3 22 21
5 2 43 20
1 3 39 20
1 2 68 23
3 3 21 28
5 3 25 28
3 2 72 27
3 3 20 6
4 2 20 6
3 3 18 24
4 3 98 25
7 3 70 25
4 3 49 25
4 3 17 18
6 3 34 19
1 2 32 19
2 2 31 19
1 3 16 40
3 2 28 39
1 2 25 39
8 2 33 39
1 2 33 39
1 3 26 41
6 3 15 8
5 3 16 8
5 3 71 8
2 3 13 17
5 3 12 50
3 3 92 50
5 3 10 10
8 3 8 44
5 3 5 36
6 2 70 35
7 2 32 35
6 2 6 37
5 3 81 34
5 3 4 9
3 2 22 10
3 2 3 10
5 2 33 12
2 2 9 11
4 2 7 11
8 3 4 45
4 2 42 44
4 3 2 9
6 3 2 11
7 2 1 12
7 2 33 13
3 3 7 11
5 3 2 14
7 2 2 14
6 2 7 15
6 2 4 14
7 3 68 15
7 3 47 14
7 3 4 14
6 3 40 14
6 3 2 16
3 2 19 18
7 2 43 17
8 2 2 16
1 2 1 16
3 2 4 16
2 2 4 15
3 3 7 17
3 2 27 17
8 2 22 17
7 2 8 18
6 2 8 19
6 2 86 19
6 2 6 17
2 4 147 33
8 4 135 32
5 2 132 32
7 2 131 32
8 4 130 12
4 4 130 32
1 4 126 22
4 4 126 46
3 4 121 12
2 4 121 46
7 4 117 20
8 2 114 20
1 4 117 46
7 4 116 12
7 4 115 22
2 4 114 35
5 4 112 12
6 4 112 16
4 4 112 40
4 4 110 23
7 4 110 28
2 4 109 34
2 4 108 16
4 4 106 41
4 4 102 5
7 4 101 11
3 4 101 32
4 4 100 43
4 4 97 9
6 4 97 9
8 4 96 23
4 4 106 22
4 4 96 31
6 4 95 34
1 4 91 48
6 4 90 27
2 4 90 34
5 2 106 33
6 2 106 33
1 4 104 33
5 4 88 1
5 4 86 11
5 4 86 16
2 4 86 45
1 3 94 45
1 4 84 13
2 4 84 41
7 4 86 42
7 4 83 27
7 4 82 11
3 2 79 11
4 4 82 11
1 4 82 31
7 4 82 43
1 4 82 45
2 4 82 47
4 4 81 33
5 2 87 34
5 4 82 33
2 4 81 50
6 4 79 14
3 4 78 36
5 4 77 46
4 4 77 46
5 4 75 4
3 4 75 14
4 4 74 36
2 4 73 16
2 4 71 46
3 4 70 17
7 4 70 27
4 2 100 26
7 4 75 26
8 2 96 26
7 4 71 27
1 4 71 27
2 4 66 35
1 2 66 34
2 4 65 10
7 4 65 24
8 4 65 30
8 4 64 47
8 4 63 9
4 4 67 8
4 4 62 2
2 4 62 43
8 4 62 50
4 4 61 22
3 4 55 25
4 4 53 14
5 4 54 14
1 4 66 15
5 4 55 14
1 4 53 35
4 4 53 36
2 2 50 36
4 4 51 34
6 2 64 33
1 2 87 34
5 2 86 34
3 4 63 33
4 4 50 32
5 4 59 31
6 2 56 31
5 4 47 44
7 4 45 23
5 4 44 7
4 4 44 12
4 4 54 12
2 4 44 27
2 4 43 3
2 4 43 5
7 4 41 17
8 4 40 14
1 4 38 19
8 4 78 18
2 4 38 24
5 4 38 40
6 4 47 41
1 4 37 4
3 4 37 21
8 2 40 20
7 4 70 21
2 4 69 20
7 4 37 46
6 4 35 35
3 2 56 34
3 4 51 34
7 4 37 34
5 4 32 44
8 4 31 2
8 3 48 1
4 3 48 2
8 3 46 2
7 3 52 1
8 4 31 33
7 4 30 5
7 4 27 7
6 2 48 7
4 2 51 7
3 2 71 6
7 2 71 7
5 4 26 11
1 4 26 28
4 2 28 28
5 2 28 29
4 4 51 27
4 4 25 27
1 4 24 22
6 3 37 20
3 4 38 22
2 2 56 20
8 4 19 9
5 4 18 12
1 4 18 25
8 4 17 41
5 4 15 18
6 2 12 18
4 4 18 18
1 4 13 5
6 4 13 25
6 4 10 44
1 2 61 43
8 4 30 43
5 4 5 27
4 4 55 28
1 4 4 2
8 4 44 3
5 4 4 4
1 2 32 5
2 2 72 6
8 2 32 6
3 2 70 6
8 2 70 6
5 2 70 5
2 2 69 6
4 4 4 7
7 4 3 17
1 2 8 18
8 4 6 19
3 4 3 29
8 2 22 30
6 2 16 31
1 2 4 28
1 2 2 28
1 4 17 29
6 2 34 29
1 2 17 27
8 4 33 29
5 4 3 34
6 2 15 35
7 2 54 34
8 2 1 34
8 5 110 40
1 2 106 39
6 5 104 37
1 5 99 39
5 5 97 28
2 5 97 37
2 5 95 13
1 5 95 46
8 5 94 1
7 2 90 1
3 5 94 16
5 2 90 16
8 5 92 28
1 5 92 32
3 5 91 13
8 5 90 26
8 5 90 35
2 5 88 34
7 5 84 41
8 5 79 27
5 5 79 38
2 5 75 26
2 5 74 36
5 5 73 6
1 5 73 45
6 5 70 12
3 5 70 24
7 5 94 24
7 5 70 46
6 2 66 46
5 5 68 13
5 5 68 21
2 5 68 26
4 5 71 25
8 5 66 25
3 5 64 29
1 4 71 29
3 2 70 28
5 3 70 29
3 5 61 25
7 5 61 26
5 5 57 12
2 5 57 16
2 5 55 41
7 2 70 40
8 5 74 41
1 5 55 48
4 2 51 47
4 5 54 33
7 2 50 33
5 5 51 22
8 3 64 20
2 5 51 28
8 5 51 49
3 2 47 49
2 4 58 50
2 4 54 49
7 5 81 49
7 5 74 50
2 5 49 38
3 2 84 38
7 3 83 38
7 4 63 39
3 5 92 37
3 5 43 43
2 5 39 32
6 5 39 34
8 5 76 35
3 5 42 35
7 2 39 35
8 2 61 36
2 2 61 36
2 5 58 35
5 5 38 43
4 5 38 43
2 5 37 14
3 5 35 1
8 5 38 2
7 5 39 2
5 2 38 1
6 5 35 38
1 5 34 35
2 5 30 32
4 4 41 33
1 5 28 36
7 5 26 23
1 5 41 23
1 5 25 32
1 2 33 32
3 2 36 33
8 3 75 32
3 5 25 37
2 5 24 18
3 5 24 35
2 5 23 50
3 5 28 48
1 2 73 47
8 2 73 48
8 2 51 47
6 2 51 48
7 2 28 48
3 3 34 48
1 5 63 47
6 5 79 47
8 5 22 28
1 2 20 29
4 3 60 30
6 5 31 30
8 5 21 49
7 5 20 23
3 2 31 23
3 3 21 23
2 2 19 22
6 4 24 23
5 5 19 35
1 5 15 17
5 2 12 17
6 2 12 17
2 3 31 19
6 5 15 46
5 5 10 11
5 3 9 11
7 3 39 12
3 3 52 13
6 3 19 11
7 4 30 11
2 5 64 11
7 5 44 10
4 5 59 9
1 5 8 30
8 5 6 16
4 2 3 15
1 5 55 15
5 5 13 16
4 5 10 17
1 5 5 17
3 2 10 18
2 2 10 19
7 2 3 18
2 2 2 17
2 4 36 20
2 5 31 19
1 5 49 19
1 5 5 21
8 5 5 50
1 2 4 49
1 3 18 48
1 3 14 49
4 3 14 49
6 3 62 48
5 5 4 11
7 2 4 11
6 3 18 11
3 5 3 6
5 3 3 7
2 3 2 7
6 2 3 9
6 6 140 4
5 6 120 22
2 6 117 5
8 6 105 33
8 6 99 40
4 6 89 42
8 6 79 1
8 6 71 24
6 6 70 10
4 6 65 44
8 2 60 44
5 6 60 27
7 2 62 26
6 6 67 27
8 6 60 36
3 6 60 47
3 6 56 23
1 6 54 28
8 2 50 27
4 2 61 26
7 6 54 33
1 6 57 34
8 6 52 8
1 6 58 7
4 6 58 7
3 6 52 35
1 6 51 7
3 2 78 8
7 6 49 30
4 6 48 33
1 2 43 33
2 2 96 32
4 2 48 34
6 6 45 29
6 6 44 15
5 6 58 16
5 6 50 15
7 6 44 15
3 6 58 15
1 6 40 5
1 6 40 21
4 2 53 20
5 6 72 20
2 6 30 21
8 4 44 21
2 2 49 21
7 6 26 40
2 2 30 38
4 6 24 19
4 6 20 42
3 5 60 42
2 6 18 7
3 2 14 6
6 2 38 7
5 6 43 7
6 6 20 7
2 6 14 17
7 6 51 16
1 2 46 16
2 6 15 17
2 2 33 17
7 2 33 17
7 6 13 48
4 2 10 47
3 6 11 9
2 2 8 8
6 4 17 9
4 6 6 8
8 2 2 8
7 7 126 4
4 7 103 33
8 7 101 22
8 7 82 31
8 7 78 13
6 7 78 26
6 7 71 37
1 7 69 28
3 7 67 26
7 7 66 20
4 7 55 26
8 7 54 22
4 7 53 8
1 7 50 13
6 7 50 18
8 7 45 10
5 7 43 23
6 2 52 23
4 2 39 24
2 2 38 24
1 5 51 25
7 7 77 22
4 7 58 23
6 7 74 24
4 7 43 42
6 2 68 41
4 5 72 41
7 6 59 41
3 7 61 41
7 7 41 28
3 7 40 6
1 7 39 21
1 2 42 21
5 2 41 21
7 2 36 20
2 7 43 20
3 7 44 20
2 7 38 29
1 5 47 31
1 5 42 30
4 7 37 11
6 7 31 35
7 2 41 35
4 7 55 34
3 7 72 33
5 7 32 35
8 7 28 11
2 7 28 39
7 5 65 40
3 4 76 40
2 4 70 40
6 5 54 39
6 5 50 41
3 6 81 39
6 7 31 40
4 2 31 39
1 2 25 39
3 7 45 41
2 7 27 37
6 7 39 36
6 7 20 8
5 5 39 8
7 7 41 9
4 7 20 36
5 2 44 34
2 2 17 34
8 2 42 34
8 2 15 35
4 3 35 33
2 5 42 37
3 5 32 33
2 6 34 36
6 6 33 33
8 2 48 34
4 7 72 33
6 7 19 29
6 5 19 29
2 2 15 29
6 6 25 28
1 7 60 27
2 2 54 27
2 7 21 30
6 2 22 31
4 7 48 31
2 3 51 31
5 7 17 10
2 2 12 9
7 7 14 18
4 7 44 19
4 7 13 1
2 5 24 2
3 7 12 25
3 2 14 25
2 4 17 26
8 5 36 24
5 2 44 23
6 5 33 25
2 5 39 25
2 6 13 25
2 2 15 25
3 2 50 26
5 3 14 25
5 4 11 25
1 2 11 26
5 4 15 26
1 2 39 26
3 2 17 25
5 7 30 27
8 7 22 26
4 7 8 17
6 2 7 17
8 2 2 17
5 2 7 18
1 7 6 46
6 2 6 45
2 2 7 47
3 2 7 47
4 3 32 45
2 3 5 47
7 2 6 48
3 2 6 49
3 7 15 49
1 7 5 43
2 2 6 42
6 2 4 43
7 2 3 42
6 6 39 42
6 6 33 43
3 6 48 44
3 7 42 42
2 8 127 4
1 8 94 32
1 8 77 3
1 8 76 46
2 8 75 12
4 8 75 45
6 8 59 23
7 2 52 23
7 8 57 45
4 8 57 47
3 8 49 10
1 8 46 39
7 2 40 39
6 8 41 34
4 8 39 10
5 8 39 32
8 8 23 30
7 2 22 31
1 2 21 31
8 8 20 17
8 8 16 25
5 2 16 26
4 2 13 25
4 2 11 25
5 8 23 27
6 8 9 4
5 2 34 4
2 2 33 3
1 9 136 5
6 9 114 5
1 9 93 4
3 9 90 22
2 9 88 38
6 9 63 38
4 9 62 24
3 9 60 20
2 9 53 24
8 9 33 18
5 9 29 41
5 2 29 42
7 9 27 19
4 2 25 18
3 9 26 37
6 4 37 37
7 9 23 34
6 2 31 33
5 2 26 33
1 2 26 34
4 6 24 34
8 2 20 34
4 9 22 9
1 7 31 10
1 9 12 17
5 10 102 5
3 10 59 49
2 10 53 37
2 6 52 37
7 10 43 37
7 10 28 1
1 2 20 2
5 10 28 48
3 10 26 21
6 2 36 20
6 8 42 23
3 10 15 2
4 2 12 1
2 10 14 18
1 2 9 19
5 9 33 20
8 2 27 19
7 3 28 21
5 11 73 22
4 11 60 44
3 11 38 38
7 7 44 38
7 9 56 39
6 9 48 39
1 2 40 39
5 11 9 32
2 2 2 31
1 2 1 31
4 8 49 33
4 12 62 22
6 12 49 49
3 12 45 12
5 5 55 12
4 7 59 13
1 2 53 12
6 2 53 12
8 8 42 12
5 10 61 13
4 10 44 12
6 2 40 12
1 2 40 13
7 2 38 11
2 2 38 12
2 2 35 12
6 12 45 43
7 12 39 19
5 12 20 16
8 2 34 16
5 2 33 16
1 2 32 16
4 6 28 15
1 2 29 15
3 2 25 14
5 5 37 14
7 2 39 13
3 2 33 13
4 8 16 15
3 2 22 15
2 3 18 15
2 12 12 15
8 7 43 13
5 13 108 5
5 13 54 20
4 13 51 42
8 13 41 33
3 2 32 34
1 2 31 34
5 13 14 39
5 2 21 39
7 2 21 39
6 5 33 40
1 7 20 37
6 14 43 33
5 14 37 11
3 14 24 33
1 2 18 34
4 8 36 32
2 5 48 31
3 2 44 31
4 9 33 35
4 9 24 34
5 14 13 8
6 2 5 9
7 15 92 5
4 15 99 4
4 15 58 32
6 15 50 6
4 6 41 6
2 15 43 32
5 2 32 31
6 15 33 12
1 2 30 13
7 2 21 11
6 15 32 38
4 15 24 38
6 10 22 37
6 15 27 36
5 2 18 35
2 2 18 36
8 15 12 41
3 2 26 40
2 2 11 40
7 2 8 39
3 2 14 38
3 16 64 46
4 2 60 46
1 16 46 1
4 16 46 45
5 2 37 45
1 2 37 45
5 16 30 24
5 2 19 21
6 16 24 10
8 2 20 11
8 16 11 11
2 4 8 11
2 17 41 8
7 17 15 24
8 2 7 25
1 10 14 24
3 2 8 24
5 2 7 25
1 13 31 23
1 7 26 23
2 17 13 6
5 2 1 5
4 8 62 4
2 4 81 3
2 17 74 4
1 18 46 28
4 2 36 28
6 2 35 27
7 18 26 28
4 9 34 27
1 18 16 40
3 2 10 40
7 19 68 3
2 2 54 3
6 2 52 3
8 19 66 5
3 20 31 3
3 2 43 3
7 21 30 7
2 21 24 14
8 21 15 22
6 2 36 21
6 2 3 22
5 22 34 9
8 22 31 31
2 22 9 27
8 2 5 28
3 2 2 25
7 2 2 28
6 12 12 30
6 2 24 31
1 2 24 32
2 2 9 29
6 23 25 6
7 24 42 44
5 2 35 44
2 2 31 42
2 2 32 43
8 2 31 42
2 2 29 42
8 2 28 42
2 19 48 46
6 2 38 46
2 22 38 48
8 24 15 33
5 2 17 31
8 26 27 6
2 2 14 6
7 27 14 35
5 2 8 37
1 2 8 37
4 2 6 37
4 2 5 35
1 2 5 36
2 3 6 33
3 2 6 33
2 29 23 49
7 11 39 50
7 27 21 49
2 30 18 3
5 2 9 1
4 2 4 3
6 31 26 20
1 19 18 22
3 2 4 21
1 31 35 21
3 34 17 14
8 15 12 14
1 2 2 12
6 2 5 13
4 2 1 12
4 2 4 11
1 2 3 11
6 2 3 12
6 2 1 13
2 3 3 10
8 22 28 15
6 39 16 26
4 2 3 28
4 42 36 4
2 43 26 39
5 2 23 40
4 48 19 29
3 2 8 31
2 2 7 28
6 2 2 32
5 3 7 30
1 49 20 45
2 2 22 40
2 3 5 40
1 2 18 41
4 5 14 44
8 3 10 44
6 2 18 43
8 2 18 44
3 9 32 46
3 45 17 42
4 2 11 40
8 3 4 41
4 64 26 48
1 2 12 46
6 2 7 44
7 2 4 46
1 2 4 47
1 68 19 4
8 2 16 3
3 2 7 8
8 2 6 6
5 2 5 6
3 2 5 6
4 2 3 6
3 2 2 5
7 3 4 8
5 71 25 19
4 2 7 21
2 2 5 21
7 2 4 21
4 3 4 19
