119660
3955
4 2 50 3
5 2 50 8
6 2 50 14
1 2 50 24
3 2 50 33
1 2 50 34
4 2 50 35
1 2 50 38
4 2 50 39
1 2 50 44
1 2 50 49
5 2 50 53
1 2 50 59
4 2 50 72
6 2 50 86
2 2 50 88
4 2 50 92
2 2 50 95
3 2 50 96
5 2 50 110
1 2 50 113
3 2 50 116
4 2 50 117
6 2 50 127
2 2 50 137
5 2 50 147
4 2 50 153
4 2 50 156
2 2 50 182
5 2 50 190
2 2 50 191
5 2 50 200
6 2 49 2
6 2 49 19
1 2 49 18
6 2 49 45
3 2 49 49
6 2 49 53
5 2 49 57
3 2 49 56
2 2 49 56
5 2 49 62
2 2 49 62
4 2 49 63
4 2 49 69
3 2 49 85
1 2 49 88
4 2 49 89
5 2 49 101
3 2 50 99
2 2 49 106
3 2 49 106
1 2 49 117
6 2 49 122
3 2 49 123
2 2 49 139
5 2 49 140
2 2 49 143
6 2 49 144
3 2 49 161
2 2 49 165
5 2 49 187
1 2 49 186
4 2 49 194
6 2 49 198
1 2 48 2
6 2 48 5
3 2 48 8
6 2 48 21
1 2 48 23
6 2 48 28
2 2 49 28
3 2 48 36
5 2 48 35
5 2 48 38
2 2 48 42
2 2 48 49
5 2 48 54
1 2 48 55
3 2 48 68
3 2 48 71
2 2 48 70
3 2 48 75
5 2 48 98
6 2 49 97
3 2 48 97
5 2 48 105
6 2 48 139
3 2 48 143
4 2 48 144
6 2 48 151
2 2 48 153
5 2 50 155
6 2 48 155
3 2 48 157
2 2 48 176
1 2 48 177
5 2 48 198
6 2 47 3
6 2 47 7
2 2 47 21
6 2 47 53
2 2 47 58
3 2 47 62
3 2 47 78
3 2 48 78
5 2 47 80
5 2 47 88
4 2 47 90
6 2 47 92
1 2 47 98
3 2 47 102
6 2 47 102
1 2 47 105
6 2 47 112
3 2 47 122
3 2 47 124
4 2 48 125
6 2 47 130
1 2 47 129
3 2 47 130
5 2 49 132
4 2 48 131
5 2 47 131
4 2 47 136
5 2 49 137
4 2 47 139
2 2 47 149
6 2 47 148
3 2 48 147
2 2 48 148
4 2 47 150
6 2 47 157
5 2 47 156
1 2 47 164
5 2 47 185
3 2 47 188
6 2 47 196
5 2 50 197
2 2 49 195
5 2 48 196
1 2 46 21
5 2 46 23
2 2 49 22
2 2 47 23
6 2 46 29
2 2 47 27
5 2 46 37
3 2 46 42
6 2 46 48
3 2 47 47
5 2 46 68
1 2 46 67
1 2 46 75
4 2 46 92
4 2 46 96
3 2 46 108
1 2 46 107
4 2 47 108
3 2 48 110
4 2 48 111
5 2 46 106
4 2 46 116
1 2 46 125
3 2 46 132
1 2 46 144
2 2 47 145
1 2 47 146
6 2 46 145
5 2 46 148
1 2 46 149
2 2 46 154
5 2 46 154
5 2 46 163
3 2 46 190
1 2 46 192
3 2 49 193
3 2 48 192
6 2 46 198
4 2 47 199
4 2 45 42
3 2 48 43
2 2 48 44
3 2 45 54
2 2 46 55
6 2 45 66
6 2 45 73
4 2 45 72
2 2 46 71
6 2 45 71
5 2 45 78
6 2 45 80
4 2 48 81
6 2 47 81
1 2 45 82
3 2 45 90
6 2 45 89
6 2 45 92
3 2 48 94
5 2 45 96
2 2 45 106
6 2 45 107
1 2 45 107
5 2 45 109
2 2 47 109
3 2 45 108
2 2 45 113
2 2 49 114
1 2 45 113
5 2 47 114
3 2 45 117
5 2 45 116
2 2 46 115
2 2 45 126
5 2 47 125
3 2 45 127
2 2 46 127
4 2 45 138
5 2 45 137
6 2 45 142
2 2 45 145
4 2 45 150
6 2 45 155
5 2 45 165
6 2 45 168
5 2 47 168
1 2 46 168
1 2 45 172
5 2 48 171
2 2 47 170
6 2 47 171
2 2 45 172
2 2 45 179
6 2 44 6
3 2 49 7
2 2 44 22
3 2 44 21
6 2 44 36
2 2 44 37
5 2 44 44
5 2 47 43
4 2 44 45
4 2 46 46
1 2 44 48
1 2 45 48
4 2 44 52
3 2 44 56
6 2 44 60
6 2 46 60
4 2 45 59
5 2 46 58
3 2 44 60
5 2 44 59
6 2 44 65
3 2 44 65
1 2 45 64
6 2 44 77
4 2 47 77
4 2 44 81
5 2 44 82
5 2 44 84
1 2 44 95
6 2 44 98
4 2 44 105
2 2 45 104
6 2 48 103
1 2 47 103
1 2 45 104
4 2 44 103
3 2 44 104
2 2 44 108
2 2 44 128
1 2 44 137
6 2 44 165
2 2 44 175
3 2 48 175
5 2 46 174
2 2 46 175
3 2 44 177
2 2 44 181
2 2 46 182
2 2 44 190
5 2 44 192
5 2 46 194
3 2 43 8
4 2 43 31
4 2 47 33
2 2 47 33
6 2 47 34
6 2 44 29
2 2 45 28
2 2 44 33
1 2 43 34
3 2 45 35
4 2 46 36
4 2 43 40
1 2 43 44
1 2 43 46
4 2 43 74
2 2 43 81
4 2 44 82
6 2 43 90
3 2 47 91
6 2 43 93
1 2 43 114
3 2 44 113
4 2 43 123
6 2 45 122
5 2 43 124
2 2 43 123
1 2 43 156
3 2 43 158
4 2 43 167
2 2 43 195
2 2 42 28
5 2 42 32
3 2 42 33
6 2 42 35
1 2 43 36
3 2 42 36
3 2 42 42
3 2 42 60
3 2 42 75
6 2 45 75
3 2 42 86
1 2 47 86
3 2 47 87
4 2 44 86
6 2 44 87
6 2 42 87
5 2 42 89
2 2 42 90
2 2 42 108
4 2 42 110
3 2 44 111
2 2 42 122
5 2 45 121
3 2 42 126
4 2 42 127
3 2 42 141
2 2 45 142
4 2 45 143
5 2 42 144
3 2 43 143
5 2 43 144
2 2 42 157
1 2 42 164
3 2 45 163
6 2 44 162
4 2 44 162
5 2 45 161
3 2 44 161
2 2 42 172
1 2 42 173
5 2 43 174
5 2 42 181
5 2 43 181
4 2 42 185
1 2 47 183
4 2 46 184
2 2 43 184
4 2 43 185
5 2 41 28
5 2 42 28
2 2 41 43
5 2 43 42
5 2 42 44
3 2 44 45
3 2 41 51
1 2 47 53
5 2 43 49
6 2 41 53
4 2 41 69
2 2 44 69
6 2 41 74
6 2 41 78
1 2 41 78
5 2 41 92
2 2 41 100
3 2 41 99
2 2 42 100
2 2 41 107
1 2 41 119
1 2 47 120
4 2 46 120
5 2 41 155
4 2 44 155
3 2 41 155
3 2 44 154
1 2 41 178
2 2 45 177
5 2 41 194
3 2 43 193
5 2 45 191
6 2 44 193
6 2 40 1
6 2 40 23
4 2 44 22
1 2 40 35
5 2 40 54
4 2 44 55
2 2 43 53
5 2 43 55
1 2 42 55
1 2 40 53
3 2 40 54
6 2 40 65
3 2 45 63
2 2 40 95
2 2 45 94
2 2 42 96
1 2 40 115
2 2 41 114
1 2 45 115
6 2 42 115
4 2 42 114
6 2 41 113
3 2 40 118
1 2 41 117
4 2 41 117
2 2 40 125
1 2 43 126
3 2 40 127
2 2 40 165
5 2 41 164
6 2 46 166
5 2 40 172
4 2 42 172
4 2 40 175
4 2 43 174
6 2 40 185
1 2 42 185
3 2 41 185
6 2 40 192
4 2 40 199
1 2 40 199
1 2 42 198
4 2 45 196
6 2 42 197
2 2 45 196
2 2 42 198
2 2 39 2
6 2 42 1
3 2 42 1
4 2 42 1
2 2 42 2
4 2 42 2
5 2 40 4
4 2 40 4
4 2 44 3
4 2 39 1
2 2 39 1
6 2 39 1
5 2 39 2
5 2 39 22
6 2 39 26
2 2 39 26
5 2 49 25
5 2 47 26
3 2 41 27
5 2 39 25
1 2 39 51
2 2 41 52
1 2 39 58
4 2 43 57
5 2 42 57
3 2 39 77
5 2 40 77
5 2 43 76
2 2 42 77
2 2 39 113
4 2 39 113
2 2 42 112
6 2 42 111
3 2 39 117
2 2 39 117
5 2 39 118
5 2 45 120
6 2 45 121
2 2 39 149
4 2 40 150
5 2 45 151
1 2 46 152
1 2 39 159
1 2 46 160
6 2 43 160
6 2 41 159
2 2 39 163
6 2 39 163
4 2 39 163
6 2 39 169
2 2 38 4
3 2 38 7
1 2 38 34
5 2 38 34
2 2 38 34
2 2 41 36
1 2 38 48
2 2 41 49
3 2 38 53
1 2 38 65
5 2 39 64
3 2 44 66
2 2 39 65
1 2 38 74
3 2 38 75
4 2 38 82
6 2 45 83
6 2 42 82
6 2 40 80
2 2 41 79
6 2 38 81
2 2 39 79
4 2 39 82
4 2 42 84
6 2 42 84
3 2 42 85
5 2 38 89
2 2 41 88
1 2 41 87
3 2 39 88
6 2 38 89
1 2 38 105
1 2 41 105
2 2 38 106
5 2 38 114
5 2 41 115
2 2 38 119
5 2 43 119
2 2 38 123
1 2 41 122
5 2 40 122
4 2 38 126
5 2 38 126
1 2 41 125
2 2 38 141
1 2 42 140
2 2 42 142
2 2 38 145
4 2 45 146
2 2 42 146
6 2 44 148
3 2 43 148
6 2 42 146
3 2 38 144
1 2 38 145
5 2 41 146
2 2 38 144
1 2 38 150
3 2 44 151
4 2 39 149
4 2 38 160
2 2 39 159
6 2 38 159
4 2 38 170
4 2 46 169
5 2 45 169
1 2 38 178
2 2 42 177
6 2 39 179
2 2 38 178
3 2 43 176
4 2 42 177
3 2 42 178
5 2 39 177
5 2 38 181
1 2 42 182
5 2 44 180
3 2 41 182
6 2 40 180
3 2 38 189
1 2 40 190
3 2 38 194
1 2 39 194
2 2 42 193
6 2 39 195
5 2 37 6
1 2 39 7
3 2 40 6
2 2 37 7
4 2 39 6
5 2 43 6
3 2 37 26
2 2 42 26
4 2 42 27
5 2 37 28
3 2 42 29
4 2 48 31
1 2 43 30
4 2 37 46
5 2 42 46
1 2 37 61
5 2 41 61
4 2 38 62
6 2 37 74
2 2 43 76
2 2 37 98
3 2 43 97
3 2 37 107
1 2 39 108
3 2 39 109
4 2 37 109
5 2 37 119
4 2 37 128
5 2 45 129
4 2 43 130
1 2 43 131
5 2 39 130
4 2 42 129
6 2 41 130
1 2 39 129
2 2 44 128
4 2 44 128
3 2 37 132
2 2 39 133
5 2 49 135
2 2 37 132
2 2 41 132
6 2 37 148
1 2 41 147
2 2 40 147
5 2 37 147
2 2 37 164
4 2 37 165
1 2 37 171
4 2 43 169
6 2 41 173
3 2 42 174
4 2 37 184
1 2 36 6
3 2 39 5
3 2 41 5
3 2 36 8
6 2 36 21
2 2 36 27
4 2 38 28
6 2 39 29
1 2 38 28
1 2 36 29
3 2 39 31
6 2 44 32
1 2 38 30
4 2 36 39
6 2 36 38
3 2 43 39
4 2 42 37
6 2 41 37
6 2 40 39
2 2 45 40
1 2 43 41
5 2 42 41
2 2 36 41
1 2 41 40
1 2 39 41
3 2 39 40
2 2 39 39
3 2 42 38
1 2 42 38
5 2 39 38
2 2 37 41
4 2 37 40
6 2 36 43
3 2 40 44
1 2 36 44
4 2 38 43
1 2 38 45
6 2 36 46
1 2 36 47
2 2 40 47
5 2 44 48
4 2 36 50
2 2 45 51
1 2 36 54
4 2 36 58
1 2 41 57
3 2 42 56
6 2 41 56
5 2 41 57
4 2 36 65
4 2 36 74
4 2 36 97
4 2 36 118
1 2 37 117
4 2 36 125
2 2 36 126
2 2 36 134
1 2 47 134
3 2 46 133
4 2 41 134
2 2 46 135
5 2 36 136
6 2 37 136
2 2 40 137
4 2 39 137
6 2 39 137
2 2 42 138
3 2 38 137
1 2 36 140
4 2 38 139
5 2 38 140
5 2 41 139
1 2 39 141
1 2 42 143
5 2 36 145
1 2 36 162
1 2 36 176
3 2 36 189
4 2 36 189
5 2 36 200
4 2 41 198
4 2 35 44
5 2 35 65
6 2 39 66
2 2 45 67
3 2 45 67
3 2 43 68
6 2 42 67
2 2 36 66
3 2 37 65
1 2 35 66
4 2 35 70
1 2 39 70
2 2 38 70
5 2 45 71
6 2 38 70
3 2 37 69
5 2 37 68
1 2 35 69
5 2 41 68
4 2 37 70
2 2 35 75
1 2 35 76
6 2 37 78
4 2 35 85
4 2 41 85
2 2 42 84
6 2 41 85
6 2 35 93
3 2 44 94
5 2 44 94
4 2 44 94
2 2 38 92
5 2 38 92
4 2 36 92
1 2 35 92
1 2 36 93
2 2 36 94
5 2 35 115
4 2 35 117
6 2 35 119
5 2 35 123
5 2 39 124
3 2 35 137
5 2 35 147
2 2 35 149
6 2 35 159
2 2 35 162
5 2 35 162
2 2 35 168
6 2 39 168
3 2 39 169
1 2 46 171
1 2 36 167
3 2 42 166
4 2 35 167
3 2 35 171
2 2 35 188
2 2 47 187
2 2 45 187
4 2 46 186
6 2 38 187
3 2 44 186
6 2 43 188
3 2 41 188
1 2 40 186
1 2 38 187
5 2 40 186
5 2 35 188
4 2 36 188
5 2 35 196
6 2 34 26
6 2 39 26
3 2 39 27
5 2 34 31
6 2 38 30
4 2 34 31
2 2 38 32
2 2 34 34
3 2 37 35
3 2 35 32
3 2 34 34
5 2 34 35
2 2 34 44
3 2 34 53
6 2 38 52
5 2 39 51
6 2 43 50
4 2 43 50
3 2 38 50
5 2 34 62
4 2 44 61
2 2 42 61
4 2 40 61
4 2 42 62
2 2 40 62
3 2 39 61
4 2 38 61
2 2 34 64
5 2 34 82
5 2 39 83
2 2 38 81
3 2 40 80
5 2 39 79
5 2 37 80
3 2 37 81
1 2 35 83
4 2 34 92
6 2 35 93
2 2 34 93
1 2 34 96
5 2 41 97
5 2 34 101
5 2 41 100
4 2 40 100
1 2 38 101
2 2 36 101
2 2 37 100
1 2 43 99
1 2 38 99
3 2 36 101
6 2 36 102
5 2 45 103
3 2 36 103
1 2 35 100
2 2 34 105
6 2 42 104
6 2 38 105
6 2 39 104
2 2 38 104
3 2 38 104
3 2 34 104
6 2 36 106
5 2 35 106
2 2 35 107
5 2 36 107
1 2 34 107
4 2 34 130
2 2 34 137
1 2 37 138
6 2 36 138
1 2 34 168
2 2 40 167
5 2 34 171
1 2 34 179
3 2 34 187
2 2 37 186
1 2 35 186
2 2 34 194
3 2 37 193
2 2 37 193
1 2 37 192
4 2 39 193
5 2 38 193
6 2 38 193
1 2 38 194
3 2 37 194
3 2 34 195
6 2 33 3
1 2 35 3
3 2 35 3
5 2 37 2
3 2 39 1
6 2 37 5
1 2 36 2
5 2 34 4
1 2 33 26
5 2 33 27
6 2 36 27
2 2 33 35
1 2 33 44
3 2 33 49
5 2 33 55
6 2 39 56
5 2 37 55
2 2 37 56
6 2 36 55
3 2 34 55
1 2 33 84
3 2 33 91
3 2 43 90
4 2 41 90
3 2 40 90
6 2 39 90
2 2 38 90
5 2 33 95
1 2 37 94
1 2 33 98
5 2 33 104
4 2 33 108
6 2 37 109
4 2 36 108
3 2 35 109
6 2 33 112
5 2 37 112
6 2 37 111
1 2 36 112
5 2 36 111
6 2 33 115
3 2 37 115
1 2 35 114
3 2 33 122
1 2 38 121
6 2 37 122
2 2 33 132
3 2 37 131
4 2 37 130
1 2 33 146
3 2 33 148
6 2 33 151
4 2 33 152
2 2 41 153
4 2 43 152
5 2 44 152
4 2 41 153
5 2 41 152
1 2 40 153
1 2 38 153
6 2 36 154
3 2 33 152
1 2 33 155
6 2 42 157
2 2 39 155
2 2 40 156
5 2 40 157
2 2 39 157
3 2 34 154
4 2 34 155
4 2 33 162
5 2 36 161
6 2 36 164
3 2 33 163
3 2 33 178
2 2 34 179
5 2 34 179
1 2 38 180
3 2 38 180
6 2 33 195
6 2 32 5
5 2 32 44
4 2 32 53
2 2 36 52
4 2 32 56
4 2 32 66
2 2 32 65
3 2 32 70
5 2 36 70
4 2 33 69
2 2 32 72
3 2 36 71
2 2 36 72
2 2 40 72
4 2 35 72
6 2 32 79
1 2 32 83
1 2 36 83
2 2 36 82
4 2 35 83
5 2 36 84
3 2 36 84
3 2 32 82
3 2 32 96
1 2 32 102
6 2 32 101
3 2 32 102
2 2 32 104
1 2 32 105
6 2 32 104
1 2 32 118
4 2 36 119
5 2 32 118
6 2 34 118
3 2 32 126
6 2 33 127
4 2 32 149
4 2 34 148
5 2 34 149
5 2 32 162
4 2 32 173
1 2 34 172
4 2 42 174
4 2 40 173
2 2 38 173
1 2 40 174
6 2 34 172
5 2 32 174
2 2 36 176
2 2 34 175
6 2 32 176
4 2 32 184
2 2 36 184
6 2 32 187
5 2 33 186
3 2 33 185
4 2 34 185
3 2 32 193
3 2 35 192
3 2 31 6
5 2 31 28
5 2 33 28
2 2 31 33
1 2 32 33
1 2 31 53
1 2 34 52
6 2 33 52
2 2 31 68
1 2 31 80
5 2 32 80
4 2 31 82
2 2 31 86
3 2 40 86
5 2 33 85
3 2 33 85
2 2 34 86
2 2 36 86
5 2 39 87
3 2 31 88
4 2 36 89
2 2 36 90
4 2 31 97
4 2 31 108
6 2 31 119
3 2 35 120
6 2 34 119
4 2 33 121
3 2 34 121
5 2 32 121
2 2 31 118
1 2 31 117
4 2 31 120
3 2 31 143
6 2 36 142
6 2 35 144
1 2 31 143
4 2 35 141
6 2 31 157
6 2 33 156
5 2 32 156
2 2 32 155
5 2 31 172
5 2 32 171
1 2 36 170
1 2 32 171
6 2 31 178
2 2 31 181
1 2 31 180
4 2 40 182
3 2 45 183
3 2 42 182
5 2 31 184
1 2 31 189
2 2 36 188
6 2 35 190
5 2 34 190
5 2 35 189
1 2 36 190
3 2 35 189
3 2 32 189
2 2 32 190
2 2 35 191
5 2 31 188
6 2 31 192
4 2 33 193
5 2 33 194
4 2 30 1
4 2 30 4
2 2 30 3
2 2 31 4
2 2 32 3
6 2 32 2
4 2 31 3
4 2 30 30
3 2 35 30
4 2 37 29
3 2 32 29
3 2 30 31
1 2 30 31
3 2 30 36
1 2 36 35
3 2 36 36
4 2 37 37
4 2 39 38
3 2 37 38
2 2 34 35
3 2 32 35
1 2 32 38
5 2 35 37
2 2 34 38
6 2 34 37
4 2 30 50
4 2 36 49
5 2 30 55
1 2 30 58
2 2 30 88
1 2 38 87
3 2 34 88
6 2 30 123
4 2 41 124
1 2 30 132
5 2 30 131
1 2 33 132
6 2 38 134
4 2 30 132
2 2 30 146
5 2 32 147
6 2 30 150
6 2 36 150
1 2 32 151
3 2 30 152
1 2 32 154
5 2 31 153
2 2 31 154
2 2 30 158
1 2 34 157
3 2 34 159
6 2 30 164
2 2 30 166
5 2 30 167
2 2 31 166
2 2 38 167
4 2 35 167
5 2 33 166
5 2 36 166
2 2 30 177
6 2 37 176
1 2 38 175
3 2 30 180
4 2 32 181
4 2 30 180
6 2 33 180
2 2 30 189
1 2 30 197
5 2 42 196
1 2 40 196
4 2 34 196
1 2 29 45
6 2 32 45
3 2 35 47
3 2 29 55
2 2 29 56
4 2 29 73
5 2 32 72
3 2 32 72
1 2 29 76
3 2 33 77
2 2 31 75
2 2 39 74
5 2 30 74
3 2 29 77
2 2 34 77
4 2 32 77
4 2 31 76
4 2 29 77
4 2 34 78
4 2 29 80
3 2 29 86
3 2 29 110
3 2 29 114
6 2 29 126
5 2 35 125
5 2 29 129
3 2 29 130
1 2 32 129
6 2 36 128
6 2 29 132
2 2 29 133
5 2 34 133
1 2 36 134
2 2 38 136
4 2 35 135
1 2 29 142
1 2 33 141
6 2 34 141
5 2 36 142
5 2 33 141
4 2 39 140
2 2 33 140
4 2 33 142
1 2 29 170
2 2 36 170
2 2 28 2
6 2 28 21
1 2 38 22
3 2 28 21
3 2 28 33
6 2 28 33
6 2 31 33
4 2 28 35
6 2 30 36
4 2 32 35
4 2 28 56
4 2 28 63
3 2 36 62
5 2 28 66
3 2 33 67
4 2 35 67
3 2 30 66
2 2 28 66
5 2 34 68
3 2 28 76
2 2 32 76
1 2 28 75
6 2 30 76
5 2 32 75
3 2 32 78
1 2 31 78
5 2 30 76
6 2 30 78
4 2 29 76
4 2 28 83
6 2 30 85
4 2 30 85
2 2 29 85
2 2 28 87
6 2 28 94
5 2 32 93
5 2 28 99
3 2 35 99
4 2 32 99
6 2 31 98
6 2 28 107
6 2 28 114
2 2 29 114
2 2 30 113
3 2 32 114
5 2 30 112
3 2 29 114
6 2 29 113
4 2 29 114
1 2 28 121
6 2 31 122
5 2 32 123
2 2 34 125
3 2 28 129
1 2 39 128
5 2 36 128
1 2 36 129
2 2 35 128
3 2 35 129
5 2 28 140
3 2 30 139
3 2 28 147
3 2 30 146
3 2 28 154
4 2 28 155
5 2 31 155
1 2 31 155
3 2 31 155
3 2 28 158
4 2 33 159
4 2 32 157
2 2 28 159
6 2 31 160
3 2 37 160
5 2 29 160
6 2 28 183
6 2 28 194
3 2 31 193
3 2 30 195
4 2 27 5
2 2 36 6
5 2 36 7
4 2 34 6
6 2 30 4
3 2 27 9
1 2 40 8
4 2 36 8
5 2 35 9
2 2 32 9
4 2 28 9
6 2 35 8
4 2 30 8
5 2 34 9
1 2 28 10
1 2 27 21
3 2 31 23
2 2 38 24
6 2 33 23
4 2 28 20
1 2 33 21
4 2 34 20
2 2 29 21
2 2 30 21
3 2 30 20
3 2 28 19
2 2 28 18
4 2 35 16
2 2 27 22
3 2 27 28
3 2 29 29
6 2 28 27
1 2 27 88
3 2 34 87
2 2 27 95
4 2 38 97
1 2 37 97
5 2 27 111
6 2 27 112
5 2 30 112
4 2 29 112
4 2 27 113
1 2 28 114
4 2 27 115
5 2 27 132
4 2 32 133
3 2 32 134
2 2 35 134
6 2 34 134
5 2 33 134
5 2 27 148
1 2 27 161
6 2 27 163
6 2 32 164
5 2 35 165
6 2 30 163
4 2 29 161
4 2 32 160
2 2 29 162
5 2 29 162
4 2 27 165
2 2 35 166
4 2 31 164
3 2 30 164
3 2 27 173
3 2 30 172
2 2 35 173
5 2 27 181
3 2 32 182
2 2 27 185
4 2 27 191
5 2 30 190
5 2 29 192
4 2 29 191
5 2 26 32
5 2 30 34
5 2 28 33
4 2 26 33
3 2 26 32
6 2 26 38
2 2 27 39
5 2 30 40
6 2 35 41
1 2 35 41
6 2 33 41
5 2 36 43
2 2 30 41
5 2 33 42
4 2 33 43
1 2 32 43
5 2 31 43
3 2 26 44
6 2 29 43
2 2 26 52
1 2 28 52
3 2 26 53
5 2 26 84
6 2 27 84
1 2 26 90
4 2 26 104
4 2 31 105
6 2 31 106
1 2 26 103
6 2 28 102
4 2 31 101
3 2 28 105
3 2 27 104
6 2 26 102
3 2 33 101
4 2 26 101
1 2 32 102
6 2 26 107
5 2 28 106
1 2 28 108
5 2 26 107
6 2 30 107
3 2 26 108
3 2 26 111
1 2 29 109
3 2 26 117
6 2 26 119
1 2 26 141
1 2 27 141
2 2 27 141
5 2 26 144
6 2 26 152
5 2 28 153
1 2 28 152
4 2 26 167
3 2 36 169
1 2 26 195
2 2 28 194
2 2 30 193
6 2 27 193
1 2 25 22
1 2 25 30
6 2 29 29
1 2 25 37
2 2 25 36
6 2 25 46
6 2 26 45
5 2 30 46
2 2 41 47
2 2 33 47
1 2 28 44
2 2 25 54
5 2 26 54
6 2 25 83
6 2 27 83
1 2 25 105
3 2 25 110
6 2 33 110
1 2 30 110
6 2 29 110
3 2 29 109
1 2 25 150
5 2 25 153
6 2 25 154
5 2 25 157
5 2 29 157
2 2 25 160
4 2 32 160
6 2 25 174
1 2 25 174
4 2 38 176
4 2 30 176
5 2 35 176
4 2 25 179
3 2 29 180
5 2 27 180
3 2 26 180
1 2 27 181
2 2 25 178
6 2 29 177
3 2 29 178
4 2 34 177
3 2 26 178
4 2 25 193
3 2 25 199
5 2 37 198
6 2 34 199
6 2 36 199
5 2 35 199
2 2 31 199
3 2 31 199
1 2 30 199
5 2 30 200
6 2 24 5
5 2 29 4
3 2 24 5
4 2 28 6
3 2 24 29
2 2 24 63
2 2 35 64
1 2 29 64
3 2 28 64
5 2 27 62
1 2 27 63
5 2 26 63
2 2 29 63
6 2 33 62
6 2 24 73
1 2 28 72
6 2 25 74
4 2 24 83
6 2 24 85
2 2 26 86
2 2 24 91
4 2 30 92
4 2 27 91
5 2 24 96
6 2 36 95
1 2 35 95
3 2 34 95
1 2 25 96
4 2 33 95
2 2 33 94
6 2 26 97
3 2 24 104
3 2 25 103
1 2 24 103
6 2 24 106
2 2 25 105
4 2 24 131
1 2 25 130
5 2 24 130
3 2 24 134
6 2 32 133
2 2 25 133
5 2 31 134
4 2 25 133
5 2 25 134
6 2 24 138
5 2 26 139
5 2 24 138
6 2 31 137
3 2 31 138
6 2 29 137
1 2 27 137
6 2 26 138
2 2 27 139
1 2 24 146
3 2 24 155
6 2 26 155
2 2 24 157
5 2 24 174
5 2 25 173
3 2 24 184
1 2 33 184
2 2 33 185
6 2 33 186
5 2 32 185
4 2 29 183
3 2 28 183
2 2 34 182
6 2 34 182
5 2 33 182
2 2 24 199
4 2 25 199
1 2 23 31
5 2 23 32
1 2 24 33
1 2 27 35
1 2 26 34
6 2 24 34
6 2 23 36
5 2 26 36
5 2 31 38
4 2 25 35
6 2 24 36
6 2 27 37
2 2 29 39
4 2 29 39
1 2 33 40
3 2 26 38
2 2 23 45
3 2 23 46
3 2 36 48
6 2 39 47
4 2 31 47
3 2 28 46
2 2 30 47
6 2 32 48
2 2 23 65
4 2 27 65
4 2 23 74
1 2 26 76
3 2 23 99
3 2 25 98
2 2 32 99
6 2 27 99
6 2 31 100
2 2 23 99
1 2 25 100
5 2 23 100
5 2 23 104
5 2 23 115
5 2 25 114
1 2 25 115
1 2 23 130
5 2 23 140
3 2 27 141
3 2 33 142
3 2 24 140
6 2 25 141
6 2 23 141
4 2 23 148
2 2 31 147
2 2 29 148
4 2 25 148
3 2 25 148
2 2 23 148
1 2 23 148
5 2 23 158
6 2 29 159
3 2 23 159
3 2 23 173
6 2 32 172
1 2 27 174
2 2 23 193
2 2 26 194
4 2 27 195
5 2 28 196
2 2 39 197
1 2 23 195
5 2 24 195
6 2 22 2
3 2 28 2
5 2 26 3
4 2 22 1
1 2 22 2
1 2 23 1
4 2 22 23
5 2 34 25
2 2 38 25
2 2 40 24
3 2 29 25
1 2 34 24
5 2 25 22
1 2 29 21
5 2 22 30
1 2 22 39
1 2 24 39
4 2 29 39
1 2 22 46
3 2 22 53
1 2 22 61
1 2 34 60
4 2 28 61
4 2 33 60
4 2 30 60
3 2 25 62
1 2 30 61
6 2 34 60
2 2 30 62
2 2 24 62
1 2 31 63
4 2 22 60
2 2 28 59
5 2 29 58
3 2 23 60
5 2 25 59
3 2 34 58
3 2 32 59
4 2 32 59
6 2 34 58
3 2 34 59
2 2 29 58
4 2 29 60
3 2 29 61
6 2 22 88
4 2 28 87
4 2 26 88
4 2 27 88
2 2 30 89
6 2 29 89
6 2 26 89
3 2 25 87
1 2 25 86
2 2 23 88
1 2 22 99
3 2 22 102
6 2 22 114
6 2 23 114
6 2 22 137
5 2 22 149
3 2 25 150
6 2 22 174
2 2 24 173
6 2 23 174
5 2 22 185
4 2 23 183
6 2 21 33
2 2 25 32
5 2 21 39
5 2 21 66
3 2 26 67
3 2 27 68
6 2 30 69
4 2 22 66
2 2 25 66
4 2 26 67
3 2 22 65
4 2 28 64
3 2 21 67
5 2 24 66
6 2 24 67
2 2 21 68
2 2 31 69
5 2 21 68
1 2 21 68
6 2 21 75
2 2 24 76
1 2 21 80
4 2 31 79
3 2 23 81
6 2 27 81
3 2 27 82
5 2 23 80
1 2 22 79
6 2 22 79
5 2 21 79
4 2 21 102
5 2 27 101
5 2 21 105
4 2 21 113
6 2 30 112
2 2 30 113
5 2 21 126
6 2 35 127
5 2 29 125
6 2 36 125
3 2 31 124
2 2 30 123
1 2 22 127
3 2 25 126
6 2 32 125
1 2 31 125
6 2 25 129
6 2 24 127
4 2 24 129
5 2 32 128
2 2 22 127
3 2 28 128
5 2 26 128
2 2 21 136
2 2 31 135
5 2 31 136
3 2 24 136
1 2 23 137
3 2 25 135
2 2 25 135
1 2 21 139
3 2 21 175
2 2 24 176
2 2 31 177
2 2 25 175
4 2 24 175
6 2 21 186
2 2 27 186
2 2 21 186
3 2 25 185
5 2 25 185
2 2 25 188
5 2 21 187
4 2 29 187
4 2 25 186
2 2 25 187
5 2 21 193
3 2 21 195
5 2 21 199
6 2 24 200
6 2 22 199
1 2 20 6
2 2 26 4
3 2 28 3
1 2 26 5
5 2 20 5
6 2 23 4
4 2 29 5
3 2 24 3
5 2 23 3
3 2 20 5
3 2 20 7
2 2 26 7
1 2 29 8
6 2 28 8
1 2 26 7
1 2 24 8
4 2 28 9
2 2 31 10
5 2 20 33
4 2 20 34
4 2 20 41
3 2 21 42
5 2 27 41
6 2 25 43
2 2 24 44
5 2 24 44
4 2 20 44
1 2 20 85
4 2 25 85
5 2 23 84
2 2 22 84
4 2 21 84
2 2 20 102
1 2 20 117
1 2 24 118
3 2 29 117
4 2 22 118
3 2 30 120
3 2 20 116
1 2 22 115
2 2 21 115
3 2 21 117
5 2 21 118
4 2 20 118
5 2 25 117
6 2 24 120
6 2 20 119
1 2 22 120
6 2 27 122
3 2 29 123
6 2 20 125
3 2 20 136
3 2 20 141
6 2 24 142
2 2 24 143
5 2 21 142
2 2 20 142
3 2 20 152
6 2 25 153
1 2 25 152
4 2 24 153
6 2 20 153
5 2 20 158
5 2 20 165
1 2 28 165
3 2 20 178
2 2 20 182
1 2 25 183
5 2 26 183
5 2 20 181
1 2 25 180
6 2 20 193
4 2 22 194
6 2 20 197
3 2 20 199
4 2 19 23
5 2 21 23
2 2 19 30
5 2 28 29
5 2 19 31
5 2 19 47
3 2 30 49
4 2 30 48
3 2 28 47
3 2 25 48
6 2 33 49
2 2 36 50
6 2 19 47
1 2 19 79
3 2 19 90
2 2 29 92
6 2 28 92
5 2 30 92
3 2 23 91
2 2 25 92
2 2 26 93
6 2 25 93
4 2 27 95
2 2 26 95
1 2 25 95
5 2 23 92
1 2 23 93
6 2 25 94
3 2 23 94
2 2 23 95
2 2 19 96
6 2 30 96
5 2 29 96
1 2 22 97
5 2 19 98
4 2 19 103
3 2 19 127
6 2 26 127
1 2 26 126
4 2 19 134
5 2 23 133
6 2 22 134
3 2 19 139
4 2 26 138
2 2 19 138
6 2 19 141
2 2 19 167
6 2 22 168
1 2 19 179
2 2 19 184
5 2 19 193
2 2 19 195
5 2 18 4
2 2 18 6
4 2 19 7
4 2 18 45
3 2 19 45
6 2 18 45
4 2 18 45
3 2 21 45
6 2 21 44
4 2 21 44
6 2 18 57
3 2 19 56
6 2 19 57
1 2 25 56
3 2 24 58
5 2 18 72
5 2 26 71
1 2 18 75
5 2 22 74
1 2 19 74
5 2 21 76
4 2 22 75
6 2 18 87
4 2 18 95
1 2 20 95
3 2 18 105
2 2 18 109
1 2 21 109
2 2 25 110
4 2 25 110
1 2 28 109
5 2 28 110
5 2 22 109
6 2 26 110
5 2 18 111
6 2 18 113
5 2 20 112
1 2 18 114
6 2 18 117
4 2 18 119
1 2 18 122
5 2 18 125
3 2 18 131
6 2 22 132
3 2 21 130
6 2 20 131
2 2 28 130
6 2 27 129
2 2 19 131
6 2 18 132
3 2 19 132
5 2 20 133
2 2 18 133
5 2 18 142
1 2 18 152
1 2 22 151
3 2 33 150
4 2 22 150
1 2 18 167
3 2 23 168
3 2 30 166
2 2 23 169
6 2 31 169
5 2 33 170
6 2 27 169
4 2 27 170
3 2 18 175
4 2 19 176
2 2 19 177
3 2 18 178
5 2 26 177
6 2 22 177
1 2 18 185
3 2 17 3
5 2 22 2
2 2 20 2
5 2 19 3
4 2 17 5
3 2 17 26
2 2 25 25
1 2 19 25
6 2 32 24
5 2 32 24
3 2 17 31
5 2 17 37
3 2 23 36
4 2 22 36
2 2 24 38
2 2 19 38
6 2 17 36
1 2 19 35
6 2 17 41
4 2 27 41
3 2 23 41
6 2 24 40
6 2 20 41
4 2 24 40
3 2 17 46
2 2 17 61
3 2 17 60
5 2 17 80
6 2 21 80
1 2 26 82
1 2 21 80
2 2 21 80
2 2 25 79
4 2 19 80
3 2 18 81
1 2 18 80
4 2 21 82
2 2 24 81
1 2 22 81
1 2 20 82
4 2 19 81
4 2 20 81
5 2 17 87
6 2 22 86
2 2 20 89
2 2 17 92
4 2 18 91
3 2 20 92
5 2 22 93
5 2 19 90
1 2 21 89
6 2 21 88
2 2 21 87
1 2 21 88
3 2 18 92
5 2 17 95
5 2 19 96
5 2 17 98
5 2 17 100
2 2 23 101
6 2 20 99
5 2 19 100
1 2 17 116
3 2 17 126
6 2 17 129
3 2 17 134
6 2 22 135
1 2 17 133
6 2 17 134
2 2 17 136
4 2 17 137
1 2 19 138
5 2 22 138
5 2 17 144
4 2 17 152
4 2 32 151
2 2 17 155
1 2 17 161
1 2 29 162
4 2 25 161
4 2 30 161
1 2 30 160
3 2 30 160
6 2 22 162
4 2 28 163
3 2 20 160
4 2 21 159
5 2 30 158
5 2 23 158
4 2 23 158
3 2 21 159
3 2 17 165
4 2 21 165
3 2 26 166
1 2 25 166
6 2 22 166
4 2 19 165
6 2 28 164
1 2 21 164
3 2 21 165
6 2 20 165
6 2 18 163
1 2 17 170
4 2 31 171
5 2 20 169
3 2 23 167
1 2 22 170
4 2 29 169
2 2 28 169
6 2 20 170
4 2 26 171
3 2 22 169
4 2 17 169
3 2 19 170
5 2 19 170
6 2 17 172
5 2 24 171
5 2 22 172
3 2 22 173
2 2 22 172
4 2 22 173
1 2 17 174
2 2 17 176
1 2 17 197
3 2 28 196
1 2 33 197
2 2 28 196
6 2 23 196
5 2 17 199
5 2 18 198
4 2 32 197
3 2 32 198
3 2 21 197
5 2 16 1
1 2 16 21
6 2 19 22
1 2 19 21
3 2 21 22
5 2 18 23
5 2 16 34
5 2 16 78
2 2 29 77
3 2 16 95
3 2 16 105
6 2 16 109
3 2 16 112
5 2 23 111
3 2 19 111
1 2 21 111
4 2 21 111
6 2 18 111
1 2 24 110
2 2 18 110
4 2 19 110
2 2 22 109
2 2 21 111
2 2 19 110
3 2 16 120
2 2 16 119
6 2 16 124
2 2 23 123
1 2 23 124
2 2 17 123
4 2 25 123
5 2 23 123
1 2 22 123
3 2 17 122
3 2 24 121
2 2 20 121
6 2 22 121
2 2 18 122
5 2 18 122
4 2 20 121
1 2 16 150
3 2 16 151
4 2 16 167
3 2 23 167
4 2 23 167
6 2 22 167
1 2 20 166
2 2 20 166
5 2 19 166
5 2 17 168
5 2 20 168
1 2 20 169
5 2 16 185
3 2 19 184
3 2 22 184
3 2 23 183
5 2 16 194
3 2 17 195
1 2 15 35
3 2 16 34
2 2 16 35
2 2 15 39
3 2 22 38
2 2 21 40
6 2 16 38
3 2 18 39
3 2 15 40
1 2 19 41
4 2 15 49
3 2 25 50
4 2 16 50
5 2 26 49
2 2 23 49
1 2 23 48
3 2 18 49
2 2 15 50
6 2 21 49
2 2 19 51
4 2 23 52
6 2 23 53
6 2 19 50
3 2 15 55
4 2 15 67
6 2 20 68
1 2 26 69
2 2 28 69
5 2 28 69
1 2 23 69
3 2 21 69
4 2 20 69
4 2 29 70
4 2 18 68
2 2 16 66
6 2 21 65
3 2 16 68
6 2 15 67
5 2 15 94
3 2 15 101
6 2 15 105
6 2 16 106
2 2 18 105
5 2 16 107
4 2 25 108
6 2 15 117
2 2 22 117
2 2 15 117
5 2 15 142
4 2 20 143
4 2 30 143
4 2 17 142
2 2 17 142
1 2 15 145
6 2 22 144
6 2 15 161
2 2 17 160
5 2 15 162
6 2 17 161
5 2 15 166
1 2 15 172
3 2 15 178
4 2 23 177
1 2 23 177
1 2 15 179
1 2 23 181
4 2 15 188
5 2 27 189
2 2 21 187
1 2 24 186
3 2 21 188
6 2 20 188
6 2 14 24
1 2 14 24
4 2 20 25
5 2 20 25
6 2 15 23
2 2 15 24
1 2 14 29
3 2 27 28
1 2 19 28
3 2 19 29
2 2 26 28
5 2 21 28
4 2 15 29
1 2 16 31
3 2 14 30
6 2 19 31
4 2 14 34
6 2 15 35
1 2 16 35
4 2 16 36
5 2 14 35
4 2 14 36
4 2 19 38
3 2 14 35
2 2 14 65
5 2 16 64
2 2 16 63
2 2 14 70
6 2 22 68
3 2 17 69
5 2 17 70
3 2 14 83
4 2 19 83
5 2 18 82
4 2 16 83
6 2 17 84
6 2 14 97
6 2 18 98
4 2 17 98
3 2 19 98
3 2 26 97
6 2 14 101
6 2 16 102
6 2 19 103
1 2 19 104
5 2 14 137
3 2 16 138
6 2 17 139
1 2 14 139
1 2 14 147
4 2 18 146
6 2 17 146
1 2 26 147
2 2 24 146
5 2 17 146
1 2 21 146
1 2 14 150
5 2 15 148
5 2 20 147
3 2 14 156
4 2 17 157
4 2 19 156
5 2 14 156
6 2 20 155
6 2 14 158
2 2 16 158
6 2 19 157
2 2 14 163
3 2 14 176
4 2 17 175
4 2 14 175
5 2 13 5
1 2 16 6
6 2 15 4
4 2 13 15
4 2 31 15
3 2 30 15
4 2 29 15
1 2 13 30
4 2 20 29
1 2 15 28
6 2 15 30
1 2 13 36
1 2 13 55
1 2 24 54
4 2 13 74
5 2 15 76
6 2 19 76
3 2 13 78
2 2 24 77
5 2 13 82
3 2 13 88
1 2 13 89
6 2 19 91
5 2 18 91
5 2 19 91
1 2 24 90
5 2 13 90
2 2 23 89
2 2 17 91
6 2 16 89
3 2 16 90
4 2 13 102
4 2 13 122
4 2 16 120
4 2 14 122
2 2 20 121
5 2 15 121
2 2 14 121
3 2 13 136
2 2 13 136
1 2 22 135
4 2 13 149
2 2 13 155
2 2 19 154
6 2 17 156
4 2 13 156
6 2 13 156
4 2 13 164
5 2 13 165
6 2 16 166
1 2 16 166
5 2 13 180
6 2 22 181
1 2 20 179
3 2 19 182
2 2 23 182
6 2 22 182
4 2 14 178
3 2 21 177
6 2 13 197
4 2 21 197
1 2 15 199
1 2 13 198
4 2 18 197
4 2 23 196
5 2 22 196
5 2 26 197
6 2 26 198
4 2 19 196
5 2 12 1
1 2 15 2
4 2 13 3
6 2 12 4
2 2 12 18
2 2 34 17
4 2 32 17
3 2 28 17
2 2 30 18
1 2 12 21
2 2 13 22
4 2 12 26
5 2 12 30
2 2 20 29
6 2 19 29
3 2 12 33
6 2 12 34
6 2 12 48
1 2 17 47
2 2 19 48
5 2 12 56
2 2 24 58
3 2 26 59
5 2 13 57
3 2 24 56
5 2 22 56
5 2 16 56
3 2 14 58
6 2 14 59
6 2 22 59
4 2 18 59
6 2 23 60
4 2 13 57
2 2 18 57
2 2 19 57
4 2 16 56
6 2 19 56
1 2 19 57
5 2 16 56
1 2 16 56
1 2 12 57
4 2 15 56
4 2 12 60
3 2 12 59
5 2 20 61
1 2 20 61
6 2 20 61
3 2 19 61
5 2 14 60
5 2 12 64
3 2 22 63
1 2 18 63
6 2 17 63
2 2 12 81
4 2 14 80
5 2 12 101
3 2 13 103
5 2 12 108
6 2 21 109
1 2 18 107
3 2 12 107
3 2 12 114
2 2 15 115
3 2 14 113
2 2 15 112
4 2 12 132
3 2 12 132
2 2 12 152
2 2 16 152
4 2 12 154
3 2 12 153
3 2 24 152
2 2 28 151
4 2 16 154
5 2 16 153
3 2 16 155
6 2 14 155
5 2 12 155
1 2 12 169
2 2 13 168
6 2 12 180
3 2 17 181
4 2 13 181
1 2 12 190
3 2 28 191
4 2 12 193
5 2 13 192
6 2 13 194
6 2 12 200
3 2 11 10
3 2 11 18
4 2 26 18
4 2 11 22
4 2 11 33
4 2 17 32
6 2 12 33
2 2 11 43
2 2 19 44
2 2 17 44
4 2 15 42
5 2 14 42
1 2 17 43
2 2 19 42
4 2 11 44
6 2 14 43
3 2 11 50
5 2 16 49
1 2 15 50
5 2 28 51
4 2 11 50
4 2 26 51
3 2 14 49
3 2 18 48
1 2 24 47
5 2 11 61
2 2 11 76
3 2 14 76
1 2 14 76
6 2 11 77
2 2 13 76
1 2 16 77
5 2 24 79
5 2 11 91
6 2 11 106
2 2 13 105
5 2 11 112
4 2 15 111
3 2 16 110
5 2 15 111
3 2 14 112
6 2 11 122
3 2 11 122
1 2 11 127
1 2 18 126
2 2 11 126
3 2 21 127
6 2 16 126
6 2 17 125
3 2 11 128
3 2 14 129
4 2 11 134
4 2 15 134
2 2 14 134
4 2 12 134
6 2 12 135
2 2 11 139
6 2 11 141
5 2 13 140
5 2 11 141
2 2 11 146
4 2 14 146
1 2 11 147
2 2 11 146
3 2 11 159
4 2 15 160
3 2 11 166
1 2 11 173
2 2 11 176
1 2 11 179
2 2 12 178
2 2 17 180
4 2 11 189
2 2 11 193
4 2 15 193
3 2 11 193
4 2 11 192
5 2 26 192
6 2 25 192
1 2 18 191
3 2 11 191
4 2 24 190
2 2 11 198
2 2 15 197
4 2 14 198
5 2 10 25
6 2 10 24
4 2 23 25
1 2 21 26
2 2 10 26
2 2 10 30
2 2 17 29
3 2 16 31
1 2 16 30
5 2 16 32
5 2 14 31
1 2 10 29
2 2 10 41
4 2 22 42
4 2 13 39
4 2 12 41
6 2 10 49
1 2 10 48
6 2 23 47
1 2 10 53
4 2 14 54
6 2 10 55
2 2 10 55
1 2 10 58
2 2 10 61
4 2 10 64
2 2 10 68
1 2 15 67
1 2 12 68
4 2 10 67
4 2 10 76
3 2 10 96
6 2 15 97
5 2 10 99
2 2 10 123
4 2 10 129
6 2 10 138
2 2 10 137
5 2 10 139
4 2 10 139
6 2 10 145
2 2 14 143
6 2 18 144
6 2 14 143
3 2 17 144
2 2 12 145
1 2 10 150
3 2 13 150
6 2 15 151
4 2 14 151
5 2 19 152
6 2 13 150
1 2 12 150
2 2 12 149
3 2 15 149
2 2 17 148
6 2 10 159
6 2 10 166
2 2 14 167
2 2 12 166
5 2 15 165
5 2 10 169
1 2 13 169
6 2 10 170
5 2 10 172
4 2 15 173
5 2 10 179
1 2 10 194
1 2 11 193
6 2 14 194
6 2 11 195
4 2 15 196
4 2 13 195
5 2 10 198
4 2 10 199
6 2 9 3
4 2 12 2
3 2 10 3
6 2 9 8
5 2 23 8
2 2 27 9
3 2 28 10
2 2 32 11
1 2 25 8
2 2 19 9
1 2 16 9
6 2 11 8
4 2 21 7
6 2 16 7
3 2 20 8
6 2 9 19
6 2 9 36
2 2 12 37
1 2 14 37
3 2 11 37
1 2 12 37
2 2 10 36
4 2 10 37
5 2 11 37
6 2 11 38
1 2 9 38
6 2 9 40
5 2 14 40
1 2 9 44
5 2 9 59
4 2 9 60
5 2 16 61
4 2 15 61
3 2 9 76
4 2 12 77
3 2 14 78
3 2 12 77
5 2 9 89
4 2 16 90
3 2 9 90
5 2 19 89
4 2 17 89
5 2 16 89
5 2 14 90
1 2 9 91
2 2 9 92
6 2 16 93
5 2 9 92
2 2 10 91
1 2 9 106
3 2 14 106
3 2 16 105
6 2 9 110
1 2 9 111
4 2 9 113
5 2 14 112
6 2 13 112
5 2 9 115
4 2 14 116
2 2 10 114
3 2 9 119
2 2 25 118
3 2 23 118
6 2 22 118
6 2 12 118
6 2 15 119
5 2 14 119
4 2 12 117
1 2 11 120
3 2 16 121
6 2 9 120
3 2 9 121
1 2 14 123
5 2 9 122
1 2 13 121
2 2 9 126
5 2 9 126
5 2 9 131
5 2 12 130
4 2 9 132
5 2 9 131
6 2 14 132
1 2 14 132
4 2 13 132
1 2 10 131
6 2 9 132
5 2 9 151
3 2 9 179
6 2 9 186
1 2 12 187
6 2 15 186
6 2 10 185
2 2 14 184
5 2 16 183
1 2 10 186
5 2 9 190
2 2 15 191
1 2 10 190
3 2 20 191
6 2 13 191
3 2 8 1
3 2 8 5
6 2 12 7
1 2 12 8
1 2 15 7
6 2 16 8
4 2 15 8
6 2 11 6
5 2 8 17
3 2 10 16
2 2 8 34
5 2 11 35
4 2 8 36
5 2 8 37
2 2 8 58
2 2 8 70
4 2 16 71
2 2 18 72
3 2 25 73
2 2 25 73
5 2 9 71
2 2 12 72
1 2 9 71
6 2 22 70
4 2 11 71
1 2 8 104
4 2 11 104
5 2 16 105
3 2 8 110
2 2 10 109
6 2 8 118
1 2 8 119
1 2 8 130
2 2 8 133
1 2 8 135
1 2 8 147
6 2 17 147
1 2 10 146
5 2 10 146
2 2 8 151
2 2 8 157
2 2 8 168
1 2 10 167
6 2 8 174
3 2 8 184
4 2 19 183
2 2 9 185
4 2 10 186
1 2 8 186
2 2 7 1
6 2 7 7
2 2 8 7
1 2 8 7
3 2 11 6
5 2 15 5
2 2 7 9
5 2 7 9
2 2 7 9
3 2 10 8
5 2 8 8
5 2 9 9
2 2 8 9
4 2 7 16
2 2 9 17
1 2 8 17
2 2 7 21
5 2 13 21
6 2 13 21
2 2 9 22
2 2 7 37
2 2 7 44
5 2 10 43
6 2 10 43
1 2 10 42
6 2 10 45
3 2 14 45
1 2 14 45
3 2 12 46
5 2 19 47
5 2 16 46
3 2 9 45
1 2 7 59
3 2 11 59
2 2 7 76
5 2 9 77
1 2 7 85
3 2 15 85
4 2 13 85
5 2 7 85
6 2 8 84
5 2 16 85
2 2 16 86
4 2 13 83
2 2 9 85
3 2 14 86
4 2 14 87
2 2 8 83
1 2 7 91
3 2 10 92
3 2 18 93
3 2 8 91
1 2 7 125
5 2 7 128
3 2 22 129
3 2 19 127
5 2 18 127
4 2 7 133
2 2 10 132
2 2 7 153
5 2 14 154
4 2 8 152
4 2 7 161
5 2 10 162
2 2 10 162
6 2 21 162
1 2 21 163
5 2 17 162
4 2 9 161
1 2 16 160
5 2 7 164
4 2 8 163
3 2 7 182
5 2 7 184
5 2 7 192
2 2 10 192
1 2 17 191
2 2 11 191
3 2 11 192
5 2 8 192
1 2 6 3
2 2 6 16
4 2 6 20
4 2 7 19
2 2 10 20
2 2 29 19
4 2 28 19
2 2 27 20
2 2 7 18
4 2 9 19
1 2 7 19
4 2 24 20
3 2 6 18
3 2 6 55
2 2 19 54
1 2 19 53
5 2 6 61
5 2 15 60
5 2 6 81
2 2 14 81
3 2 10 82
3 2 8 81
5 2 6 93
1 2 10 94
2 2 16 93
6 2 6 96
3 2 8 98
1 2 9 99
1 2 13 99
2 2 8 99
6 2 8 99
6 2 6 106
3 2 6 106
5 2 6 110
1 2 9 110
3 2 6 109
6 2 6 121
2 2 6 124
6 2 14 123
1 2 8 125
5 2 12 126
3 2 6 138
1 2 8 137
1 2 7 139
3 2 9 140
4 2 9 139
6 2 6 141
4 2 6 150
6 2 6 158
4 2 6 166
3 2 12 166
6 2 7 167
5 2 6 176
3 2 7 176
4 2 16 177
4 2 10 178
4 2 6 175
6 2 10 174
4 2 9 174
3 2 7 174
3 2 6 178
6 2 6 189
2 2 12 189
3 2 11 188
1 2 5 25
5 2 28 26
6 2 23 24
1 2 23 25
3 2 10 25
4 2 20 26
3 2 5 26
2 2 20 25
2 2 15 24
4 2 23 24
6 2 14 26
5 2 17 28
5 2 15 26
1 2 8 26
3 2 12 28
4 2 8 27
5 2 8 28
2 2 5 27
5 2 5 28
2 2 5 38
3 2 8 39
3 2 5 52
5 2 8 52
3 2 13 52
2 2 13 53
6 2 14 53
3 2 7 52
1 2 19 51
1 2 11 51
5 2 6 52
4 2 15 51
6 2 6 53
1 2 6 54
2 2 5 63
5 2 6 65
1 2 6 65
4 2 11 66
3 2 11 66
3 2 5 65
2 2 6 66
4 2 5 67
6 2 5 73
1 2 20 75
3 2 15 74
3 2 21 73
5 2 13 75
4 2 12 75
5 2 5 73
6 2 12 74
2 2 9 74
2 2 5 73
1 2 7 74
4 2 13 73
2 2 17 72
6 2 17 73
2 2 9 74
1 2 5 75
5 2 6 76
5 2 5 75
6 2 6 76
4 2 5 84
2 2 5 100
3 2 10 101
6 2 12 103
2 2 11 103
5 2 14 105
2 2 5 111
5 2 5 112
1 2 6 113
5 2 5 114
3 2 5 113
5 2 5 121
1 2 5 130
2 2 11 129
3 2 8 131
5 2 5 129
5 2 16 128
2 2 16 129
2 2 6 128
1 2 14 127
2 2 15 126
3 2 5 129
6 2 16 128
4 2 10 129
2 2 5 130
2 2 5 151
1 2 5 161
3 2 5 167
6 2 8 168
2 2 14 170
1 2 9 167
5 2 5 173
2 2 14 172
2 2 22 172
5 2 6 173
6 2 7 174
4 2 5 185
1 2 5 187
6 2 8 186
6 2 8 188
1 2 7 186
1 2 9 186
6 2 5 196
3 2 9 195
3 2 14 196
1 2 4 10
5 2 4 16
2 2 25 16
2 2 7 15
5 2 4 30
2 2 4 46
5 2 9 46
3 2 5 45
5 2 4 51
6 2 4 52
6 2 7 52
5 2 7 51
1 2 4 54
5 2 4 55
6 2 11 56
1 2 11 56
4 2 4 65
3 2 16 64
4 2 10 64
1 2 4 88
5 2 12 87
6 2 12 86
3 2 11 87
4 2 18 88
2 2 5 89
4 2 9 89
6 2 11 88
3 2 4 87
3 2 6 86
5 2 9 85
2 2 5 88
1 2 4 99
2 2 18 99
6 2 18 99
5 2 6 100
5 2 4 99
4 2 4 116
3 2 13 115
6 2 12 115
4 2 8 115
6 2 6 115
4 2 4 132
1 2 4 136
2 2 7 137
4 2 6 137
4 2 7 136
3 2 4 148
6 2 7 146
4 2 4 173
1 2 4 182
5 2 11 181
6 2 4 186
3 2 4 191
3 2 3 4
5 2 3 4
5 2 13 4
5 2 9 3
1 2 3 3
4 2 6 3
1 2 12 5
2 2 3 3
6 2 3 11
3 2 35 13
1 2 32 13
6 2 31 13
4 2 30 13
2 2 33 12
4 2 29 12
6 2 28 12
3 2 29 11
1 2 28 11
6 2 6 12
6 2 13 14
1 2 6 13
5 2 6 13
1 2 3 19
6 2 5 20
6 2 3 19
1 2 3 30
3 2 3 62
3 2 9 64
1 2 5 61
3 2 6 60
1 2 3 62
3 2 3 67
5 2 8 67
6 2 5 66
4 2 6 67
2 2 6 66
2 2 3 79
2 2 3 98
5 2 3 137
6 2 3 149
5 2 6 147
4 2 3 151
5 2 3 152
5 2 3 163
4 2 14 163
6 2 9 164
2 2 10 164
1 2 6 162
3 2 3 165
5 2 3 169
3 2 3 173
1 2 9 172
5 2 9 173
2 2 3 174
1 2 3 173
1 2 3 177
1 2 6 177
1 2 7 178
3 2 3 185
1 2 11 184
5 2 3 198
2 2 9 198
4 2 3 198
2 2 2 9
2 2 2 24
3 2 12 24
5 2 8 24
6 2 9 24
2 2 7 24
6 2 2 29
5 2 2 30
4 2 2 39
5 2 9 41
5 2 8 40
5 2 10 39
3 2 6 38
3 2 2 41
1 2 5 40
1 2 2 66
2 2 2 71
5 2 8 70
1 2 4 72
1 2 3 71
1 2 2 76
1 2 2 83
6 2 2 98
2 2 10 100
4 2 2 109
2 2 12 108
5 2 10 108
2 2 9 109
5 2 2 116
2 2 2 117
4 2 7 118
1 2 7 118
2 2 2 125
6 2 5 125
5 2 5 126
1 2 2 130
5 2 6 129
6 2 2 129
1 2 2 137
1 2 5 137
3 2 7 136
6 2 4 137
2 2 2 144
3 2 12 143
4 2 9 143
1 2 20 144
1 2 8 144
5 2 8 143
6 2 3 143
3 2 6 142
3 2 8 141
4 2 5 141
5 2 5 142
3 2 9 143
6 2 5 143
4 2 4 143
1 2 2 145
3 2 3 144
2 2 3 144
3 2 5 144
6 2 2 147
6 2 10 148
4 2 10 149
2 2 2 154
4 2 12 154
4 2 2 163
6 2 7 162
1 2 8 161
4 2 2 180
4 2 8 180
6 2 8 181
1 2 4 179
6 2 4 179
6 2 2 182
2 2 18 182
6 2 8 182
4 2 3 183
2 2 2 188
4 2 4 187
4 2 1 1
4 2 1 8
2 2 1 20
3 2 1 26
3 2 1 32
4 2 3 33
1 2 8 33
3 2 5 34
5 2 1 66
5 2 1 70
1 2 15 71
6 2 11 69
1 2 6 71
2 2 1 99
1 2 9 100
5 2 7 100
6 2 13 101
2 2 1 108
4 2 17 107
4 2 15 108
3 2 9 107
6 2 6 108
3 2 5 108
5 2 13 107
1 2 1 115
2 2 1 128
1 2 1 127
3 2 1 153
4 2 1 160
2 2 5 162
2 2 3 161
2 2 1 162
3 2 10 161
6 2 5 164
6 2 3 163
6 2 1 186
6 2 1 194
6 2 8 193
6 2 9 192
1 2 9 192
3 2 4 195
2 2 1 193
1 2 6 192
3 2 7 191
6 2 21 190
4 2 16 190
1 2 16 191
4 2 6 192
5 2 6 193
4 2 6 194
6 3 28 32
1 3 27 64
4 3 26 23
6 3 26 124
6 3 25 159
2 3 25 171
5 3 24 73
2 3 23 23
3 3 23 51
3 3 23 79
6 3 22 96
5 3 22 156
6 3 21 103
1 3 21 149
6 3 21 179
1 3 20 1
2 3 20 116
6 2 18 116
4 3 19 40
3 3 19 42
6 3 19 64
2 3 19 80
5 3 19 136
6 3 23 135
5 3 19 145
1 3 19 190
4 3 24 189
2 3 18 113
3 3 18 156
5 3 17 5
4 3 17 47
6 2 15 47
5 3 21 48
6 3 18 46
3 3 17 107
2 3 17 171
5 3 17 196
1 3 16 27
3 3 16 58
5 3 16 98
4 3 16 121
6 3 16 131
3 3 16 133
4 3 16 140
6 3 16 183
4 2 15 184
6 2 14 183
6 3 18 183
6 3 16 197
5 3 15 8
1 3 15 25
6 3 15 55
4 3 15 78
4 3 15 92
4 3 15 153
4 3 15 170
2 3 15 175
3 3 20 176
5 3 15 182
4 3 14 2
3 2 12 1
1 3 14 39
1 3 14 48
3 3 13 40
2 2 11 39
3 3 13 57
2 3 13 88
6 3 13 187
4 3 12 23
1 3 12 42
5 3 12 55
1 3 12 101
1 3 12 111
6 3 12 126
4 3 12 128
2 2 11 127
6 3 12 149
1 3 11 2
5 3 11 29
3 3 11 114
3 3 11 130
6 3 11 133
2 3 11 160
2 3 10 60
6 3 10 79
3 3 11 79
5 3 10 131
4 3 9 33
2 3 9 102
6 2 8 102
3 2 8 102
4 3 9 126
3 2 9 127
1 3 9 155
1 3 9 159
1 2 9 159
2 3 15 159
5 3 9 184
2 2 14 183
2 2 10 184
6 2 7 184
1 2 7 183
5 3 8 67
3 2 7 67
2 3 13 68
2 3 8 152
6 2 7 152
3 3 8 194
4 3 7 39
4 3 7 48
2 3 7 66
5 3 7 84
1 2 8 83
5 2 8 82
6 3 18 83
6 3 14 84
3 3 8 84
4 2 7 85
2 3 9 84
2 3 7 170
3 2 5 170
1 3 7 171
4 2 7 171
1 3 6 47
4 2 11 48
4 2 8 47
2 2 10 48
5 2 6 47
2 2 6 48
3 2 14 49
3 2 6 48
5 2 7 49
4 3 6 82
1 2 10 83
6 3 6 89
4 3 6 120
3 3 6 122
4 2 13 123
3 3 6 155
6 2 7 155
5 2 6 155
6 3 6 186
1 3 5 25
3 3 5 43
3 2 6 42
3 2 10 43
1 2 9 43
2 3 11 43
5 3 5 64
2 2 13 63
4 2 3 63
6 3 16 65
4 3 13 65
1 3 5 156
4 2 6 156
6 2 11 156
1 2 11 157
2 2 6 156
2 3 5 167
2 3 4 15
1 3 4 87
4 3 4 88
2 3 4 99
5 3 8 99
2 3 5 99
6 3 3 1
3 2 7 1
4 3 3 1
6 3 3 5
4 3 3 12
2 2 4 11
1 2 2 11
1 2 6 10
5 2 2 11
1 2 2 11
6 2 21 10
1 3 3 24
5 2 6 23
1 2 9 22
6 2 8 22
4 3 3 41
1 2 9 40
6 2 8 39
2 2 1 41
1 2 3 43
1 3 5 41
4 2 3 41
3 3 3 88
4 2 5 89
5 2 6 90
2 2 3 89
3 2 3 89
3 3 3 115
4 2 2 115
2 2 8 116
1 3 3 133
3 2 1 132
3 2 2 131
6 2 1 131
2 2 5 131
2 3 8 130
5 3 4 133
1 3 6 134
3 3 3 197
1 2 3 195
2 2 2 197
5 2 4 196
4 2 2 197
5 3 6 197
1 3 2 15
4 2 3 17
2 2 2 17
6 3 2 23
4 2 4 22
3 2 3 23
4 2 12 22
4 3 17 24
1 3 2 79
5 2 8 80
2 2 7 80
5 2 2 79
4 2 1 77
4 2 2 76
2 2 2 77
4 2 2 77
4 2 5 78
6 2 1 76
5 3 5 78
1 2 3 78
2 2 3 78
3 3 2 85
6 2 6 84
1 3 2 108
4 2 3 109
6 2 5 110
6 2 6 110
3 3 11 111
1 3 8 106
4 2 7 107
3 2 7 107
2 2 6 106
1 3 10 106
6 3 3 109
5 2 1 109
3 3 2 116
5 3 2 128
1 2 1 127
4 3 2 151
3 2 7 152
5 2 5 152
5 2 4 151
3 3 2 158
2 2 2 157
2 2 6 158
5 2 6 158
6 2 6 158
1 2 2 157
4 3 2 170
6 2 4 170
6 3 2 171
3 2 3 170
6 3 2 195
5 2 11 197
4 2 2 194
2 3 14 199
2 3 11 198
6 3 1 123
3 2 12 122
2 3 1 139
5 2 6 138
6 4 26 96
1 4 22 96
1 4 20 31
6 4 18 187
3 4 17 6
6 4 17 62
5 4 17 163
5 4 17 182
2 4 16 64
3 4 16 72
1 3 23 71
1 4 21 74
4 4 16 97
6 2 15 95
5 4 15 58
4 4 15 159
6 4 14 27
5 4 14 47
6 4 13 32
3 2 13 32
2 4 13 53
5 4 13 85
2 4 13 96
1 2 13 95
5 4 13 124
3 4 20 123
3 4 15 124
4 4 13 143
4 4 12 71
5 4 12 77
2 4 12 142
5 4 11 101
3 2 10 101
6 4 11 157
6 4 11 182
5 4 10 61
2 2 7 61
2 4 12 60
1 4 10 80
6 2 8 81
6 4 9 3
5 4 9 71
5 2 12 71
6 3 14 70
6 4 9 96
4 2 10 94
3 3 10 95
6 4 9 112
3 4 9 172
1 4 8 158
4 4 7 46
5 4 7 69
2 4 7 132
5 4 7 133
5 2 7 134
3 2 5 133
4 2 4 133
6 4 7 137
3 4 11 137
4 4 7 137
1 4 7 155
2 4 6 13
6 4 6 59
1 4 6 100
6 4 6 115
3 4 6 188
6 2 5 190
4 3 12 189
5 4 5 4
2 4 5 51
6 3 11 50
6 4 7 51
6 2 11 51
2 2 4 51
1 2 5 50
1 2 6 49
6 2 6 49
3 3 5 49
1 4 15 52
5 4 5 94
1 4 5 108
2 4 5 174
4 2 5 176
6 4 4 27
1 4 4 110
4 4 4 113
4 4 4 118
2 2 4 119
3 2 4 118
5 3 4 118
5 4 4 144
4 2 4 144
2 2 3 145
4 2 3 146
1 2 4 147
6 4 4 181
4 2 2 181
6 4 3 9
1 4 3 68
6 4 3 85
2 2 3 84
5 2 3 84
1 4 3 92
2 2 10 92
2 2 4 91
4 2 5 92
3 3 18 93
4 2 16 93
3 3 12 92
3 3 4 92
2 4 11 93
5 4 6 94
4 2 10 96
4 4 8 95
4 4 3 109
2 2 1 108
6 2 2 107
2 2 2 106
4 4 3 134
2 2 7 133
2 4 3 137
4 2 9 138
4 2 7 137
5 2 7 137
1 2 6 137
1 4 3 164
4 4 3 190
3 2 2 191
6 2 1 191
1 4 2 37
1 2 4 37
1 4 7 35
6 4 3 36
6 2 3 34
2 4 2 55
5 2 10 58
2 2 10 58
2 4 4 56
6 4 2 69
5 2 3 72
6 2 3 73
5 3 2 71
3 2 9 71
5 4 6 74
4 2 5 74
2 3 13 75
3 3 10 75
5 4 2 81
5 2 6 80
6 2 3 80
3 4 9 78
6 4 2 87
1 2 3 89
2 2 2 89
4 3 2 90
3 4 5 89
6 4 2 115
6 2 2 116
3 2 2 117
4 2 2 118
1 2 1 113
1 2 1 115
4 4 2 182
5 2 1 183
5 3 6 184
1 2 4 184
6 2 5 185
3 4 13 185
6 5 20 54
6 5 19 32
1 5 19 102
3 5 17 138
1 5 16 132
2 5 16 158
3 5 16 165
5 5 13 74
2 5 11 62
1 2 12 63
6 5 11 114
1 5 11 139
2 5 11 165
2 5 10 82
5 5 10 172
2 5 9 97
5 2 6 96
2 5 9 154
3 2 7 155
2 2 7 154
1 2 7 154
6 5 9 195
1 5 8 38
5 5 8 168
4 5 8 182
2 2 5 182
5 5 6 34
6 5 6 113
5 3 6 112
6 5 5 64
5 2 4 64
2 5 5 189
1 2 9 187
3 2 2 189
6 5 4 16
3 5 4 39
4 2 3 38
6 5 4 61
4 2 3 61
5 5 4 187
3 5 3 32
6 2 10 31
4 2 10 31
5 2 10 32
3 2 9 32
3 5 3 164
2 5 3 174
1 2 7 173
6 2 2 172
6 4 11 175
2 5 3 190
1 5 3 193
6 5 1 11
4 6 17 26
3 6 16 147
1 6 14 72
4 6 13 187
4 6 12 46
1 6 11 70
4 6 11 105
1 6 11 133
2 2 8 132
6 6 11 157
4 6 10 23
3 6 9 177
4 5 16 178
4 5 8 177
2 2 9 177
5 6 8 68
4 3 6 69
6 6 8 71
1 6 8 77
2 2 7 78
4 6 8 99
4 6 8 140
6 2 6 139
6 6 8 175
4 6 8 188
2 2 4 187
5 3 4 188
3 6 7 122
6 2 6 121
5 2 3 122
5 6 7 125
1 6 7 133
6 2 6 132
2 6 5 103
2 2 6 101
5 3 3 103
1 2 7 104
5 4 12 102
2 2 9 102
1 2 8 102
1 6 5 112
2 2 5 110
4 2 3 111
3 3 4 110
3 6 5 193
4 2 5 194
6 2 4 194
5 2 3 194
1 6 4 80
5 6 4 86
1 6 4 97
4 2 1 97
2 6 2 7
6 6 2 56
4 2 1 55
1 2 1 59
3 7 14 97
4 7 13 160
4 7 13 174
3 7 9 164
5 7 8 101
5 7 7 26
2 2 5 26
2 7 7 35
6 7 6 54
5 2 1 54
4 7 6 116
1 5 8 115
1 5 6 117
6 2 4 115
2 3 4 116
4 7 6 117
4 7 5 57
1 2 2 55
1 7 4 82
5 7 4 141
1 4 13 142
1 4 8 141
2 8 11 112
3 8 10 21
6 8 9 157
4 8 7 83
1 8 6 64
4 2 3 62
3 8 6 70
1 2 3 72
2 8 6 164
6 8 5 117
3 3 4 118
3 8 3 14
2 2 22 13
2 4 24 15
2 4 20 14
2 9 12 154
1 9 11 53
6 2 9 53
5 9 10 41
2 2 7 41
3 2 6 41
3 9 10 167
2 9 8 71
3 9 4 141
5 8 6 141
4 2 2 141
4 10 7 56
1 2 4 57
3 2 4 58
1 10 7 122
3 10 6 67
4 2 2 69
1 2 2 69
5 10 5 166
3 2 3 167
1 11 10 160
6 2 7 159
5 11 8 179
6 11 7 44
1 11 6 3
3 2 2 3
5 3 3 1
4 12 8 51
3 2 5 51
5 2 4 53
3 12 7 24
5 3 5 24
1 2 5 25
4 12 7 31
6 2 4 31
6 12 7 61
4 13 6 95
2 2 3 92
5 2 3 91
1 2 3 93
3 3 3 90
6 3 2 91
3 13 5 75
4 2 5 73
3 2 5 72
5 2 4 73
1 3 3 73
6 3 2 73
4 3 1 73
2 2 1 72
1 13 5 127
3 2 1 128
2 4 2 127
3 3 3 127
6 2 2 126
5 2 1 126
4 2 1 127
4 2 7 126
3 13 12 125
2 14 11 135
1 2 7 135
1 14 10 176
4 14 7 150
4 2 4 146
3 17 6 104
5 2 4 105
2 2 2 100
4 2 2 101
2 2 2 103
2 20 13 7
1 2 9 6
2 20 10 27
2 2 7 32
3 2 5 27
3 2 3 30
4 3 4 27
5 23 13 49
2 2 5 50
6 24 9 82
5 2 3 83
3 2 3 84
2 24 7 163
5 2 2 160
3 2 2 160
1 2 5 161
3 2 5 162
5 2 4 161
1 2 3 161
1 3 1 160
3 25 8 144
2 2 3 138
5 2 3 139
4 2 3 144
5 2 3 145
5 2 2 143
1 2 2 142
2 2 1 139
4 2 4 138
3 2 3 138
4 2 3 140
6 2 2 138
4 2 1 138
4 2 2 137
6 2 2 137
4 26 6 5
6 2 3 7
2 2 3 9
5 2 2 6
1 2 2 8
3 28 12 126
5 2 6 126
1 2 4 125
4 2 5 124
4 2 4 126
5 2 1 125
2 28 7 123
1 2 2 116
5 2 1 117
5 2 2 117
2 2 2 116
3 2 1 117
6 2 1 116
4 2 1 115
5 324 35 13
6 2 7 19
4 2 6 19
2 2 5 20
1 2 2 10
4 2 2 15
4 2 2 18
2 2 5 19
6 2 5 19
1 2 3 19
6 2 2 19
2 2 1 10
