20698
4108
6 2 100 2
1 2 100 5
5 2 100 11
6 2 100 13
3 2 100 48
6 2 100 53
4 2 100 62
1 2 100 72
6 2 100 89
1 2 100 97
2 2 99 18
6 2 99 21
6 2 99 23
4 2 99 22
5 2 99 29
2 2 99 33
6 2 99 41
3 2 99 56
5 2 100 55
2 2 99 59
3 2 99 63
4 2 99 87
3 2 99 86
5 2 100 84
3 2 99 89
5 2 99 91
6 2 98 2
4 2 98 19
4 2 98 30
4 2 98 33
3 2 98 34
1 2 98 37
3 2 99 37
6 2 98 59
1 2 98 86
6 2 98 90
1 2 98 91
4 2 98 94
4 2 98 97
5 2 98 98
2 2 97 1
6 2 97 19
1 2 98 21
5 2 97 19
6 2 97 22
2 2 97 37
3 2 97 59
6 2 97 73
2 2 97 74
1 2 97 96
4 2 97 98
5 2 96 10
5 2 99 9
2 2 100 7
1 2 96 21
6 2 96 25
6 2 96 37
3 2 96 49
6 2 96 55
5 2 96 58
2 2 99 57
5 2 98 56
4 2 96 66
4 2 99 67
1 2 98 64
4 2 97 67
3 2 96 66
1 2 97 67
5 2 96 80
2 2 99 81
6 2 98 81
3 2 97 81
1 2 96 81
4 2 96 82
4 2 96 86
2 2 96 87
1 2 96 89
4 2 97 88
5 2 97 88
4 2 96 90
2 2 96 93
1 2 96 92
5 2 95 1
3 2 96 1
3 2 95 5
4 2 95 6
2 2 95 26
6 2 99 27
2 2 99 28
3 2 95 27
5 2 96 27
5 2 95 30
6 2 96 31
3 2 95 29
6 2 95 33
1 2 97 34
1 2 96 32
3 2 97 31
4 2 95 40
5 2 99 42
4 2 99 43
5 2 95 56
2 2 95 60
2 2 99 61
3 2 97 60
4 2 95 65
5 2 97 64
6 2 97 63
4 2 97 62
1 2 95 85
3 2 96 84
5 2 95 91
6 2 94 8
6 2 97 8
6 2 94 19
4 2 94 26
5 2 96 25
6 2 94 30
6 2 96 31
6 2 94 52
1 2 98 53
6 2 94 60
1 2 94 61
5 2 94 67
6 2 99 69
6 2 97 68
6 2 94 72
4 2 95 72
1 2 94 83
1 2 94 94
1 2 96 94
5 2 94 94
6 2 99 96
3 2 95 95
6 2 94 95
4 2 93 10
3 2 96 9
3 2 93 11
5 2 93 12
2 2 93 23
1 2 93 27
5 2 93 46
5 2 99 46
6 2 98 46
4 2 93 51
4 2 97 52
6 2 93 57
2 2 93 59
4 2 93 60
1 2 93 65
6 2 93 66
4 2 93 70
5 2 99 71
2 2 93 71
5 2 93 100
6 2 92 9
6 2 92 26
3 2 92 39
3 2 92 76
2 2 99 75
5 2 92 75
4 2 92 84
6 2 95 83
6 2 92 83
2 2 93 84
6 2 95 85
2 2 94 85
4 2 94 85
1 2 93 83
5 2 94 82
3 2 92 85
2 2 92 100
2 2 91 1
4 2 92 3
2 2 97 4
4 2 91 2
3 2 91 3
6 2 92 4
4 2 97 3
2 2 96 6
3 2 96 6
2 2 94 5
6 2 91 13
2 2 98 12
5 2 96 14
2 2 91 14
2 2 98 15
6 2 93 15
1 2 96 14
5 2 96 15
5 2 93 16
5 2 99 17
1 2 91 21
4 2 91 24
3 2 96 25
1 2 91 24
2 2 91 39
1 2 96 38
3 2 96 39
2 2 96 41
1 2 91 41
1 2 92 41
3 2 97 43
4 2 91 40
2 2 93 40
1 2 91 43
4 2 91 52
3 2 92 51
5 2 91 63
3 2 92 63
5 2 91 71
6 2 91 89
4 2 91 92
5 2 91 99
4 2 90 8
3 2 94 7
3 2 91 9
4 2 94 8
3 2 90 12
3 2 95 13
1 2 92 11
3 2 94 12
5 2 90 24
1 2 93 23
5 2 90 35
3 2 97 35
6 2 90 39
4 2 92 38
1 2 91 38
3 2 90 69
1 2 90 75
1 2 90 79
2 2 92 80
3 2 90 94
5 2 89 16
5 2 94 16
3 2 92 16
1 2 98 18
3 2 94 17
6 2 89 16
4 2 91 18
1 2 89 16
6 2 89 24
3 2 90 23
2 2 93 25
1 2 93 26
3 2 89 25
3 2 89 56
1 2 96 55
4 2 91 54
4 2 92 53
4 2 93 52
2 2 90 58
6 2 89 55
3 2 89 72
1 2 90 70
4 2 93 69
3 2 93 71
6 2 92 71
2 2 89 71
2 2 89 76
4 2 94 76
1 2 95 77
5 2 95 77
4 2 90 77
3 2 91 77
4 2 96 78
6 2 90 77
3 2 96 79
3 2 94 78
6 2 93 78
5 2 93 79
4 2 95 80
5 2 91 78
5 2 89 77
2 2 89 79
1 2 93 80
5 2 90 81
4 2 89 88
2 2 90 89
2 2 89 88
2 2 88 3
6 2 88 15
4 2 88 28
5 2 90 27
3 2 90 27
1 2 89 30
5 2 88 30
1 2 90 30
6 2 88 30
1 2 88 32
2 2 88 38
5 2 94 37
5 2 91 38
4 2 91 37
2 2 90 38
5 2 88 48
2 2 95 47
4 2 93 47
5 2 88 58
6 2 91 59
1 2 88 63
6 2 88 74
3 2 88 81
3 2 93 83
3 2 88 93
6 2 87 9
6 2 89 10
4 2 87 30
2 2 87 35
5 2 87 81
1 2 87 93
5 2 91 92
1 2 87 97
2 2 87 96
6 2 87 100
6 2 93 99
3 2 93 99
2 2 86 37
1 2 91 36
1 2 88 37
5 2 86 39
6 2 87 38
4 2 86 48
5 2 93 48
3 2 86 49
1 2 86 62
6 2 92 61
2 2 86 61
5 2 91 62
6 2 86 62
5 2 86 63
4 2 90 64
5 2 86 68
3 2 86 67
1 2 91 67
3 2 86 76
1 2 86 82
2 2 86 83
6 2 88 84
6 2 89 85
2 2 92 87
4 2 89 86
1 2 89 85
5 2 89 86
1 2 89 87
2 2 88 86
3 2 88 87
6 2 86 95
6 2 85 26
4 2 85 42
3 2 91 43
6 2 97 44
5 2 97 45
4 2 96 45
2 2 94 44
3 2 85 53
5 2 94 54
1 2 92 53
3 2 91 54
6 2 90 54
2 2 90 55
3 2 88 52
1 2 87 51
1 2 85 53
4 2 85 64
1 2 85 65
4 2 85 65
5 2 85 74
3 2 84 2
4 2 90 2
4 2 84 2
2 2 86 1
3 2 84 10
3 2 87 8
2 2 84 21
3 2 94 20
2 2 93 19
4 2 93 18
3 2 91 21
2 2 91 22
3 2 86 22
6 2 86 23
3 2 84 27
3 2 84 38
5 2 84 44
2 2 91 43
6 2 84 56
3 2 84 58
4 2 93 57
6 2 92 57
6 2 87 59
4 2 87 59
2 2 86 57
1 2 86 59
5 2 86 60
2 2 86 60
4 2 85 56
5 2 84 66
3 2 84 81
3 2 91 80
4 2 91 79
3 2 84 85
5 2 86 85
3 2 84 88
6 2 84 98
3 2 93 98
1 2 90 97
4 2 90 98
6 2 88 98
5 2 87 99
1 2 90 99
4 2 84 99
5 2 83 3
3 2 83 4
6 2 83 6
1 2 83 27
3 2 83 32
5 2 91 31
2 2 90 31
4 2 89 31
3 2 84 31
1 2 83 35
5 2 87 36
5 2 83 39
3 2 88 40
5 2 86 39
1 2 86 40
4 2 85 38
4 2 83 51
3 2 83 54
2 2 83 61
5 2 83 63
4 2 83 67
3 2 88 66
3 2 86 67
4 2 83 69
3 2 84 70
6 2 84 70
3 2 88 70
3 2 91 69
3 2 89 70
2 2 84 69
1 2 86 68
2 2 89 68
6 2 89 68
2 2 83 74
4 2 91 73
5 2 86 73
3 2 90 72
4 2 88 73
3 2 86 74
3 2 83 75
4 2 83 80
1 2 83 99
5 2 82 41
2 2 82 55
4 2 84 54
6 2 82 63
3 2 82 71
5 2 82 73
2 2 82 75
6 2 88 74
3 2 88 76
1 2 87 76
3 2 83 74
5 2 82 80
3 2 82 89
5 2 89 90
3 2 92 89
6 2 84 88
2 2 83 88
6 2 83 90
6 2 86 92
4 2 89 93
3 2 91 94
4 2 90 94
6 2 85 91
4 2 86 91
6 2 87 92
3 2 81 4
5 2 92 3
2 2 88 3
5 2 81 16
6 2 81 16
5 2 84 16
1 2 82 15
2 2 94 14
5 2 81 21
6 2 88 20
6 2 83 19
3 2 81 26
1 2 87 25
4 2 81 25
1 2 81 37
4 2 82 36
1 2 82 37
5 2 81 37
3 2 85 36
5 2 81 40
3 2 81 44
6 2 81 45
2 2 81 44
2 2 87 43
1 2 81 78
3 2 81 79
5 2 85 79
1 2 85 79
5 2 86 78
2 2 85 78
6 2 81 82
5 2 87 83
4 2 84 83
3 2 84 83
2 2 86 83
5 2 81 86
6 2 81 96
5 2 87 95
5 2 89 94
1 2 86 95
3 2 82 96
2 2 82 96
6 2 80 19
2 2 87 20
2 2 80 23
5 2 85 24
1 2 85 24
2 2 84 24
5 2 80 30
6 2 83 31
3 2 87 32
3 2 80 32
1 2 86 32
5 2 86 33
1 2 80 32
5 2 83 31
3 2 84 32
6 2 80 66
2 2 80 80
6 2 84 80
3 2 80 83
3 2 85 84
2 2 82 82
5 2 81 82
1 2 80 86
2 2 80 85
2 2 80 92
1 2 81 92
4 2 85 92
2 2 84 93
4 2 80 97
3 2 79 2
6 2 83 2
1 2 79 16
3 2 84 17
1 2 84 18
4 2 87 19
3 2 81 18
4 2 83 18
3 2 79 17
5 2 79 18
6 2 79 24
1 2 79 24
6 2 85 25
5 2 80 24
1 2 79 30
4 2 80 30
5 2 79 38
3 2 80 39
3 2 81 40
1 2 80 40
4 2 79 39
6 2 80 38
5 2 79 45
1 2 92 46
6 2 84 47
2 2 81 47
6 2 89 46
3 2 88 47
4 2 88 48
6 2 86 47
3 2 87 46
1 2 87 46
1 2 84 47
6 2 82 46
4 2 86 45
6 2 86 45
5 2 83 47
1 2 86 48
4 2 80 44
1 2 85 43
6 2 80 44
5 2 79 53
5 2 87 53
4 2 79 53
5 2 79 58
2 2 79 65
4 2 85 64
3 2 81 63
5 2 80 63
3 2 82 64
3 2 79 66
3 2 79 89
4 2 84 87
3 2 84 89
4 2 84 90
3 2 84 90
1 2 79 90
5 2 79 95
1 2 81 95
6 2 83 95
5 2 79 100
6 2 82 99
3 2 86 98
2 2 86 99
5 2 78 6
4 2 89 6
4 2 86 5
5 2 78 8
2 2 83 9
4 2 83 10
5 2 83 9
2 2 88 8
3 2 83 10
2 2 81 7
4 2 88 7
3 2 78 7
6 2 84 7
5 2 87 6
1 2 78 6
2 2 78 8
1 2 85 8
6 2 78 8
1 2 79 9
6 2 82 8
5 2 78 8
2 2 78 12
5 2 78 26
2 2 80 25
3 2 78 47
2 2 81 47
4 2 80 48
5 2 78 66
2 2 83 66
5 2 78 68
6 2 80 68
4 2 80 69
6 2 78 78
4 2 85 77
2 2 78 87
6 2 78 100
1 2 77 19
1 2 85 20
1 2 87 19
2 2 79 18
3 2 77 18
6 2 86 20
6 2 84 19
1 2 79 20
6 2 83 22
2 2 79 20
6 2 77 20
2 2 77 28
6 2 77 33
4 2 77 75
5 2 81 76
5 2 84 74
1 2 87 73
6 2 80 76
6 2 84 77
1 2 82 77
3 2 77 75
5 2 77 74
4 2 82 73
2 2 82 73
6 2 80 73
6 2 78 73
5 2 77 77
4 2 77 98
1 2 76 4
4 2 90 5
2 2 79 3
1 2 76 6
1 2 85 6
6 2 83 6
5 2 80 4
1 2 85 3
3 2 77 7
4 2 76 8
2 2 76 9
3 2 76 26
6 2 78 27
2 2 76 34
4 2 85 35
4 2 77 35
3 2 81 34
1 2 76 33
6 2 78 32
6 2 76 47
4 2 76 49
5 2 79 48
6 2 76 52
4 2 76 67
1 2 77 66
6 2 76 74
2 2 76 80
6 2 80 81
1 2 78 79
6 2 77 79
4 2 83 78
1 2 76 82
4 2 76 82
5 2 76 97
6 2 84 97
2 2 84 97
4 2 83 96
3 2 83 96
5 2 77 97
5 2 75 5
1 2 75 9
5 2 75 15
1 2 84 14
1 2 90 13
4 2 92 12
4 2 89 13
4 2 78 17
3 2 75 18
3 2 81 19
5 2 75 28
6 2 91 28
5 2 88 28
3 2 86 29
6 2 86 28
1 2 75 27
3 2 77 29
4 2 76 28
5 2 78 27
2 2 76 29
4 2 83 28
2 2 80 30
3 2 75 28
6 2 75 32
5 2 75 34
2 2 80 35
3 2 78 35
1 2 78 36
5 2 78 35
4 2 75 36
6 2 75 35
3 2 75 44
2 2 76 44
1 2 80 45
5 2 75 45
5 2 80 45
2 2 78 45
5 2 75 67
6 2 75 66
6 2 82 65
5 2 81 65
3 2 81 65
3 2 75 83
5 2 80 83
6 2 79 83
1 2 83 85
1 2 81 84
4 2 81 84
6 2 80 84
3 2 75 93
4 2 78 92
3 2 87 91
5 2 79 91
3 2 83 90
2 2 82 90
2 2 79 92
3 2 74 4
1 2 74 28
2 2 77 27
2 2 74 39
4 2 75 39
1 2 75 39
2 2 76 40
6 2 74 40
2 2 83 41
2 2 84 41
2 2 74 54
6 2 78 55
1 2 84 56
1 2 74 61
1 2 87 61
1 2 84 60
6 2 74 71
3 2 74 70
6 2 77 69
2 2 76 69
5 2 84 71
2 2 77 68
1 2 78 69
3 2 74 73
3 2 76 74
1 2 74 84
6 2 74 83
6 2 73 4
6 2 80 3
1 2 81 2
5 2 82 2
2 2 80 2
1 2 80 4
3 2 73 9
5 2 73 16
4 2 73 15
1 2 81 14
3 2 74 13
1 2 87 12
2 2 80 12
1 2 74 14
3 2 73 19
4 2 73 37
5 2 73 51
6 2 73 73
4 2 73 74
2 2 76 76
2 2 75 75
3 2 75 75
5 2 76 76
1 2 73 100
1 2 82 99
1 2 80 100
1 2 72 2
1 2 72 8
4 2 78 9
6 2 72 9
5 2 81 10
3 2 72 21
6 2 79 21
6 2 72 33
2 2 80 32
3 2 72 44
3 2 77 45
3 2 75 44
4 2 75 43
5 2 72 43
3 2 83 42
1 2 81 43
5 2 82 43
4 2 77 43
4 2 72 53
2 2 72 55
4 2 83 56
2 2 83 57
1 2 80 56
4 2 72 57
6 2 83 58
1 2 80 58
1 2 74 58
5 2 73 55
6 2 73 55
2 2 72 74
5 2 72 75
6 2 72 80
5 2 72 85
2 2 74 84
6 2 74 86
6 2 78 87
4 2 77 87
5 2 77 87
6 2 79 86
1 2 78 86
4 2 78 88
2 2 77 87
1 2 77 88
4 2 71 1
2 2 71 14
6 2 71 21
4 2 75 20
3 2 75 21
1 2 71 20
5 2 71 22
2 2 77 23
5 2 85 22
4 2 74 21
2 2 74 22
4 2 82 22
1 2 76 22
5 2 71 30
4 2 71 39
1 2 71 44
5 2 71 53
4 2 82 54
5 2 74 54
4 2 72 53
2 2 71 64
1 2 77 64
6 2 74 63
6 2 71 65
3 2 74 66
4 2 73 64
1 2 71 69
2 2 75 71
6 2 74 70
5 2 71 69
2 2 71 100
3 2 70 13
6 2 80 12
6 2 70 18
2 2 70 30
5 2 72 30
3 2 77 31
1 2 72 30
2 2 70 39
1 2 70 42
2 2 73 41
3 2 74 42
5 2 79 42
1 2 79 42
4 2 74 41
6 2 70 49
2 2 80 49
1 2 70 53
3 2 70 62
3 2 77 60
1 2 76 60
1 2 79 61
6 2 79 60
6 2 76 60
1 2 76 63
3 2 76 62
4 2 73 61
5 2 70 64
2 2 71 64
4 2 71 64
4 2 70 70
1 2 72 71
6 2 82 72
1 2 70 82
1 2 70 85
4 2 70 94
5 2 75 94
4 2 76 95
2 2 76 94
2 2 74 94
1 2 77 93
2 2 76 94
6 2 70 100
2 2 74 99
4 2 69 8
1 2 69 18
3 2 69 29
3 2 70 30
5 2 69 36
2 2 77 38
3 2 76 38
3 2 71 34
1 2 69 37
2 2 73 37
5 2 69 44
3 2 69 45
4 2 72 46
2 2 69 45
6 2 69 46
6 2 71 47
4 2 72 46
6 2 72 47
1 2 69 51
2 2 69 60
2 2 78 59
6 2 69 65
5 2 69 70
4 2 74 71
3 2 73 70
2 2 69 73
1 2 69 75
1 2 74 76
3 2 69 92
1 2 73 91
1 2 80 91
6 2 70 93
3 2 73 92
3 2 69 100
2 2 68 1
5 2 69 2
3 2 72 4
2 2 69 2
6 2 68 3
5 2 74 2
5 2 68 25
2 2 74 24
6 2 75 22
6 2 70 25
1 2 72 24
3 2 68 26
6 2 71 26
5 2 68 28
2 2 75 29
1 2 68 31
2 2 70 31
1 2 71 31
5 2 69 32
2 2 68 32
3 2 71 30
5 2 72 29
4 2 68 51
2 2 69 52
5 2 72 51
6 2 68 56
6 2 76 56
3 2 68 58
5 2 75 57
6 2 68 58
5 2 71 58
5 2 78 59
3 2 68 76
1 2 74 77
3 2 76 78
1 2 68 83
2 2 76 81
4 2 73 84
4 2 68 89
1 2 76 89
1 2 80 90
5 2 74 88
6 2 75 87
1 2 73 88
6 2 78 89
2 2 78 90
1 2 74 87
1 2 68 93
5 2 76 94
2 2 78 96
6 2 74 94
5 2 70 94
2 2 67 4
1 2 72 3
6 2 67 9
2 2 72 9
4 2 70 9
1 2 69 8
6 2 67 19
3 2 67 21
3 2 69 21
4 2 68 20
6 2 71 19
6 2 67 22
4 2 70 22
3 2 70 23
4 2 70 24
3 2 71 24
6 2 72 25
1 2 72 24
2 2 69 23
3 2 67 30
4 2 68 30
3 2 67 40
1 2 67 46
4 2 69 45
5 2 67 46
5 2 67 54
5 2 67 72
6 2 67 73
4 2 71 72
3 2 69 72
4 2 69 73
4 2 67 76
5 2 72 76
1 2 67 75
2 2 73 76
3 2 67 88
3 2 71 88
4 2 69 87
4 2 71 88
1 2 67 91
1 2 69 90
3 2 66 9
5 2 66 31
6 2 66 36
6 2 66 51
2 2 66 51
2 2 66 67
6 2 68 68
6 2 66 68
6 2 68 68
1 2 71 68
6 2 71 67
3 2 66 69
5 2 66 84
6 2 66 88
4 2 66 90
2 2 66 92
5 2 66 93
2 2 75 95
5 2 77 96
1 2 70 94
5 2 65 1
3 2 65 4
3 2 73 4
4 2 70 4
3 2 68 3
3 2 66 4
2 2 69 5
1 2 65 6
6 2 70 5
1 2 68 5
5 2 78 7
3 2 65 13
2 2 65 31
4 2 65 34
4 2 65 55
5 2 72 56
3 2 72 57
3 2 75 56
2 2 74 56
3 2 65 63
2 2 74 62
6 2 68 62
6 2 69 63
5 2 65 64
1 2 65 71
3 2 65 75
4 2 65 79
1 2 75 78
2 2 68 80
2 2 65 84
3 2 72 83
2 2 68 83
2 2 65 87
3 2 65 93
6 2 65 98
1 2 77 97
2 2 80 97
5 2 80 98
3 2 72 97
6 2 73 96
2 2 72 96
5 2 72 95
6 2 72 96
4 2 72 99
1 2 67 96
5 2 67 96
2 2 65 100
3 2 64 1
4 2 64 5
6 2 64 5
2 2 64 11
3 2 64 11
4 2 75 12
1 2 66 10
6 2 66 11
1 2 64 19
4 2 65 20
1 2 70 19
3 2 64 19
4 2 64 24
4 2 72 25
3 2 64 41
2 2 64 55
5 2 72 55
1 2 65 57
5 2 67 57
4 2 65 57
3 2 69 56
1 2 64 56
6 2 64 57
5 2 68 57
2 2 64 68
6 2 64 91
4 2 71 92
2 2 63 7
3 2 66 8
1 2 63 10
5 2 69 11
5 2 63 15
1 2 72 16
3 2 63 16
6 2 64 17
3 2 66 16
2 2 66 17
4 2 64 17
4 2 63 19
1 2 63 51
1 2 63 57
4 2 63 61
5 2 63 73
3 2 66 73
6 2 68 73
6 2 63 78
3 2 75 78
2 2 75 78
6 2 73 79
4 2 73 79
3 2 72 77
4 2 70 78
6 2 70 78
6 2 64 78
2 2 63 79
2 2 63 96
1 2 74 97
5 2 70 95
2 2 62 15
4 2 72 15
4 2 73 14
3 2 71 15
5 2 68 14
2 2 70 15
5 2 64 14
6 2 71 13
1 2 64 14
1 2 65 15
4 2 64 14
3 2 63 13
6 2 68 12
4 2 62 22
6 2 67 23
6 2 62 21
1 2 64 23
2 2 62 21
5 2 62 34
2 2 64 35
2 2 74 34
3 2 72 34
6 2 68 34
2 2 62 36
1 2 63 36
2 2 71 35
4 2 70 36
6 2 70 37
2 2 70 38
1 2 69 36
6 2 63 36
5 2 68 35
6 2 69 35
3 2 62 38
4 2 62 42
4 2 68 44
5 2 67 44
5 2 64 43
6 2 72 42
3 2 81 41
2 2 62 42
6 2 68 41
1 2 70 40
6 2 65 42
5 2 68 40
6 2 62 46
2 2 62 52
4 2 62 54
6 2 71 54
3 2 70 54
5 2 65 53
1 2 62 60
1 2 63 61
1 2 62 64
1 2 69 65
4 2 62 66
5 2 71 65
1 2 62 74
3 2 67 74
4 2 64 73
4 2 62 74
2 2 64 75
6 2 67 77
5 2 66 77
4 2 64 74
3 2 62 78
1 2 62 78
6 2 62 82
2 2 61 5
2 2 61 8
5 2 73 7
2 2 61 11
6 2 73 10
3 2 61 16
3 2 61 26
2 2 70 26
2 2 61 31
2 2 61 34
6 2 62 34
3 2 61 45
5 2 61 46
1 2 61 72
3 2 70 71
5 2 70 71
6 2 61 71
4 2 66 71
3 2 61 74
2 2 61 90
3 2 62 91
6 2 61 89
3 2 66 88
4 2 61 89
2 2 66 89
5 2 64 89
5 2 61 89
2 2 68 91
2 2 67 90
2 2 61 100
5 2 68 100
1 2 63 100
6 2 60 6
3 2 62 7
1 2 64 7
5 2 60 5
3 2 60 19
4 2 60 18
5 2 63 17
5 2 61 18
3 2 61 19
2 2 60 28
3 2 69 27
5 2 65 29
3 2 60 31
2 2 65 30
6 2 64 30
1 2 64 30
4 2 60 30
5 2 60 32
3 2 60 33
1 2 60 54
2 2 67 54
1 2 62 54
1 2 65 53
3 2 60 60
4 2 69 61
1 2 60 62
5 2 61 63
3 2 64 64
4 2 62 64
3 2 60 70
2 2 60 69
4 2 60 76
1 2 60 79
1 2 60 89
5 2 66 90
3 2 59 10
6 2 59 10
5 2 59 11
2 2 59 22
1 2 59 28
2 2 71 27
6 2 66 29
6 2 59 32
4 2 65 33
2 2 59 33
5 2 74 33
5 2 59 34
3 2 63 36
4 2 59 35
3 2 59 35
1 2 59 44
4 2 59 59
3 2 65 58
6 2 59 66
4 2 59 69
6 2 59 74
5 2 60 73
3 2 59 76
5 2 59 79
2 2 59 84
6 2 67 85
5 2 67 85
4 2 62 85
4 2 63 84
6 2 63 86
1 2 60 86
4 2 64 85
3 2 64 86
5 2 59 93
1 2 59 99
3 2 75 99
4 2 70 98
3 2 74 97
4 2 67 99
5 2 70 98
5 2 67 99
1 2 66 98
1 2 64 99
3 2 58 29
6 2 58 33
5 2 58 42
6 2 74 42
1 2 74 42
2 2 67 41
2 2 61 42
4 2 69 42
2 2 58 43
1 2 58 76
2 2 58 75
3 2 61 76
4 2 58 80
4 2 58 83
2 2 68 83
3 2 61 83
5 2 58 84
1 2 65 83
3 2 58 84
2 2 61 84
6 2 61 83
2 2 62 84
5 2 58 96
3 2 60 97
5 2 58 99
5 2 62 98
2 2 57 14
1 2 60 13
5 2 58 14
2 2 57 30
6 2 61 31
6 2 58 30
3 2 57 37
4 2 68 39
3 2 63 38
4 2 63 37
4 2 64 38
2 2 57 46
6 2 63 47
6 2 57 48
2 2 61 46
6 2 57 51
2 2 57 71
6 2 57 72
4 2 57 77
1 2 57 87
6 2 59 86
3 2 58 88
5 2 57 92
4 2 60 91
3 2 60 92
2 2 57 95
1 2 58 94
4 2 56 1
1 2 58 1
5 2 61 2
6 2 70 3
1 2 60 1
2 2 56 7
1 2 70 7
2 2 61 6
5 2 70 7
1 2 61 6
6 2 56 13
6 2 63 12
2 2 63 13
4 2 56 16
4 2 65 15
2 2 57 16
3 2 56 17
4 2 57 17
4 2 56 19
2 2 60 18
3 2 56 24
6 2 58 23
1 2 61 22
1 2 56 28
1 2 64 27
4 2 68 26
4 2 56 33
3 2 56 48
1 2 57 47
1 2 77 49
4 2 57 48
3 2 62 49
2 2 59 49
1 2 73 48
3 2 56 53
2 2 58 53
1 2 56 68
1 2 56 82
2 2 58 83
1 2 58 84
2 2 56 93
3 2 57 94
2 2 55 2
2 2 66 4
2 2 64 2
3 2 62 1
6 2 61 4
3 2 55 3
6 2 58 2
6 2 62 2
1 2 62 3
5 2 55 35
4 2 55 39
5 2 55 66
6 2 73 67
5 2 58 64
4 2 58 63
2 2 67 62
3 2 67 63
5 2 58 63
4 2 66 62
5 2 66 62
2 2 66 63
1 2 57 66
5 2 56 66
3 2 66 67
3 2 60 65
1 2 62 66
3 2 62 66
5 2 55 70
5 2 55 76
6 2 55 83
5 2 55 86
3 2 55 97
5 2 58 98
5 2 59 99
4 2 55 99
4 2 58 100
3 2 54 5
3 2 59 5
1 2 57 5
4 2 57 4
1 2 54 18
5 2 56 17
5 2 54 29
6 2 54 28
6 2 62 28
2 2 67 27
2 2 54 34
4 2 54 61
6 2 65 62
6 2 54 62
5 2 64 62
5 2 54 64
3 2 54 65
6 2 54 70
1 2 58 69
5 2 54 92
6 2 54 94
4 2 55 94
5 2 55 95
4 2 53 5
2 2 55 4
4 2 65 3
6 2 58 5
2 2 68 6
1 2 68 6
1 2 65 6
4 2 66 7
6 2 66 7
4 2 53 8
3 2 65 7
1 2 53 14
3 2 53 16
5 2 56 15
6 2 53 44
4 2 57 43
4 2 60 42
4 2 55 44
1 2 55 43
3 2 53 51
4 2 53 58
5 2 53 61
1 2 61 62
3 2 61 62
4 2 53 62
1 2 53 90
3 2 59 89
4 2 52 1
5 2 55 1
4 2 54 2
5 2 52 7
3 2 57 8
6 2 52 6
5 2 52 14
5 2 58 13
3 2 74 11
1 2 74 12
2 2 58 13
6 2 52 19
4 2 58 19
3 2 52 19
3 2 57 20
1 2 52 47
1 2 58 46
3 2 52 60
3 2 63 59
2 2 72 58
1 2 72 59
1 2 55 60
5 2 65 59
2 2 52 64
4 2 52 67
4 2 66 67
6 2 52 67
5 2 59 68
6 2 54 66
3 2 52 80
5 2 52 97
4 2 54 96
1 2 52 99
6 2 61 98
3 2 51 7
6 2 51 21
1 2 58 22
4 2 57 20
6 2 57 21
1 2 59 22
5 2 64 24
2 2 64 25
4 2 56 22
4 2 51 28
5 2 67 27
5 2 53 28
1 2 64 28
1 2 61 27
2 2 51 30
3 2 54 31
5 2 56 31
4 2 51 32
3 2 51 35
2 2 51 47
3 2 57 48
5 2 56 48
6 2 56 47
4 2 56 46
5 2 55 46
6 2 51 65
4 2 51 73
5 2 54 72
1 2 56 70
6 2 56 70
4 2 60 69
2 2 57 69
2 2 59 69
3 2 59 68
2 2 51 78
6 2 51 93
1 2 57 93
1 2 50 37
1 2 54 37
4 2 52 36
5 2 50 40
2 2 54 39
1 2 57 38
3 2 57 40
3 2 53 39
4 2 63 41
2 2 60 40
4 2 60 40
3 2 59 40
4 2 56 38
6 2 50 44
2 2 63 43
3 2 63 43
1 2 53 43
4 2 58 42
3 2 54 42
6 2 52 43
3 2 57 43
1 2 61 44
5 2 57 43
4 2 51 44
4 2 50 59
4 2 54 57
6 2 62 56
4 2 61 56
5 2 61 55
5 2 60 58
2 2 55 55
4 2 56 55
5 2 55 55
6 2 54 58
5 2 57 57
3 2 50 77
6 2 53 77
5 2 62 78
2 2 54 78
3 2 53 77
4 2 50 81
3 2 60 81
4 2 71 81
5 2 67 80
5 2 65 81
5 2 53 82
2 2 57 82
5 2 56 80
4 2 55 82
5 2 50 82
5 2 52 82
6 2 52 83
5 2 54 84
5 2 53 83
3 2 53 84
1 2 52 84
4 2 51 84
2 2 57 86
5 2 50 86
2 2 58 86
1 2 50 86
4 2 51 86
2 2 65 88
1 2 64 88
3 2 58 85
5 2 58 85
6 2 50 86
4 2 56 85
1 2 50 93
4 2 50 96
5 2 52 95
4 2 49 11
3 2 55 11
2 2 53 11
6 2 69 11
2 2 69 11
4 2 56 11
4 2 62 10
5 2 54 11
2 2 61 10
4 2 53 11
1 2 49 12
4 2 49 11
3 2 49 12
5 2 49 37
4 2 49 47
2 2 55 48
1 2 54 47
2 2 50 46
3 2 49 46
5 2 49 58
3 2 56 57
1 2 55 59
3 2 54 59
5 2 52 58
6 2 51 58
5 2 50 58
3 2 49 58
3 2 49 63
4 2 49 64
2 2 57 65
3 2 49 69
3 2 53 69
6 2 54 69
6 2 57 70
1 2 53 69
5 2 55 70
6 2 58 71
4 2 52 69
3 2 54 68
4 2 54 70
5 2 51 69
5 2 49 69
6 2 49 82
3 2 51 83
2 2 49 86
1 2 52 86
4 2 53 87
6 2 51 86
3 2 49 87
5 2 49 94
4 2 50 94
3 2 49 98
2 2 55 99
5 2 51 99
1 2 50 99
2 2 48 7
1 2 50 7
1 2 55 7
6 2 49 8
6 2 56 8
5 2 54 6
4 2 56 8
6 2 54 8
5 2 53 8
4 2 48 7
4 2 53 7
1 2 50 8
6 2 60 9
4 2 58 10
1 2 52 9
1 2 53 9
2 2 50 8
5 2 50 9
4 2 50 9
2 2 49 9
3 2 54 10
6 2 49 10
5 2 48 9
5 2 48 12
2 2 48 23
5 2 55 22
4 2 64 24
2 2 55 22
1 2 55 21
2 2 55 24
3 2 58 25
5 2 60 25
1 2 63 25
6 2 59 24
6 2 51 23
4 2 51 22
4 2 54 21
6 2 48 36
5 2 48 44
1 2 48 44
2 2 48 48
6 2 48 56
2 2 54 56
6 2 52 55
3 2 53 54
2 2 53 54
1 2 50 56
4 2 49 56
2 2 48 63
3 2 48 62
4 2 55 61
6 2 48 65
3 2 50 66
2 2 48 69
4 2 48 77
6 2 49 76
6 2 61 75
2 2 48 96
1 2 49 95
4 2 52 93
1 2 62 92
6 2 62 92
5 2 47 3
2 2 53 2
2 2 57 1
5 2 57 1
3 2 57 2
2 2 51 3
6 2 51 2
1 2 54 3
6 2 50 4
4 2 47 4
6 2 54 6
6 2 52 5
6 2 47 9
5 2 47 14
3 2 65 15
3 2 48 15
3 2 49 16
1 2 51 17
2 2 47 13
1 2 47 15
6 2 50 15
2 2 50 15
1 2 47 18
6 2 53 20
2 2 47 37
1 2 47 40
5 2 53 41
2 2 54 42
4 2 52 41
6 2 57 40
5 2 51 39
6 2 51 39
2 2 52 38
1 2 50 41
5 2 52 43
3 2 49 41
2 2 47 42
2 2 47 45
5 2 47 46
5 2 47 55
2 2 47 72
4 2 56 71
3 2 52 71
2 2 52 73
2 2 47 77
6 2 47 78
1 2 54 79
3 2 58 78
4 2 53 79
4 2 48 79
3 2 64 80
1 2 63 80
5 2 47 84
1 2 47 84
1 2 47 90
1 2 54 91
1 2 59 92
1 2 57 91
3 2 54 91
6 2 53 89
4 2 53 90
3 2 50 89
5 2 62 88
5 2 56 89
5 2 53 90
2 2 48 91
3 2 46 13
1 2 46 27
1 2 63 27
4 2 62 27
4 2 57 26
1 2 46 30
5 2 55 29
3 2 50 30
3 2 47 31
5 2 46 39
6 2 46 46
2 2 46 75
5 2 46 78
3 2 46 92
2 2 52 94
1 2 47 94
1 2 46 93
4 2 47 92
5 2 46 94
3 2 47 95
2 2 46 96
2 2 50 97
5 2 45 14
4 2 45 18
6 2 47 18
4 2 45 32
4 2 54 31
6 2 58 32
2 2 47 33
3 2 52 32
1 2 53 31
1 2 47 33
1 2 59 32
3 2 45 55
2 2 45 54
6 2 46 53
3 2 46 54
5 2 51 53
6 2 45 54
1 2 45 55
4 2 45 63
6 2 45 64
3 2 45 73
2 2 54 73
6 2 45 78
4 2 56 79
5 2 46 78
6 2 45 87
5 2 45 86
1 2 45 87
4 2 49 88
6 2 45 88
3 2 46 89
5 2 44 6
4 2 45 5
3 2 45 5
3 2 48 4
5 2 44 9
1 2 46 11
1 2 45 9
3 2 44 15
3 2 44 24
4 2 44 55
2 2 44 63
2 2 52 61
4 2 52 62
3 2 44 71
2 2 56 72
1 2 44 83
3 2 48 82
4 2 51 81
6 2 55 79
1 2 47 82
2 2 43 10
4 2 43 9
3 2 43 10
6 2 43 16
3 2 45 18
6 2 50 18
1 2 50 18
2 2 45 17
1 2 44 17
2 2 46 16
5 2 47 17
5 2 43 24
1 2 43 25
4 2 58 25
1 2 57 26
3 2 43 25
6 2 43 51
3 2 58 52
3 2 56 51
4 2 56 51
5 2 43 52
3 2 76 51
5 2 54 51
4 2 53 51
3 2 43 59
6 2 51 61
1 2 50 61
6 2 49 60
4 2 43 77
6 2 43 79
2 2 43 100
2 2 47 98
6 2 42 2
3 2 44 3
6 2 43 3
3 2 47 2
3 2 42 7
3 2 42 12
1 2 42 14
2 2 42 16
5 2 42 33
3 2 52 33
1 2 50 34
6 2 47 34
6 2 46 32
3 2 46 34
2 2 48 35
2 2 44 34
2 2 43 31
5 2 47 31
4 2 43 30
3 2 45 31
3 2 44 30
1 2 46 30
4 2 46 31
3 2 43 34
1 2 46 33
5 2 42 49
6 2 42 54
1 2 42 53
5 2 42 54
3 2 52 53
3 2 49 56
5 2 42 68
1 2 55 68
3 2 54 68
1 2 48 67
6 2 48 68
3 2 45 67
6 2 43 68
3 2 42 73
6 2 50 74
5 2 50 73
2 2 42 81
4 2 42 88
1 2 48 89
6 2 51 90
5 2 45 89
3 2 48 88
2 2 44 88
3 2 43 88
1 2 42 90
6 2 46 90
5 2 44 90
3 2 44 89
5 2 42 93
4 2 41 6
2 2 45 7
1 2 41 7
4 2 48 6
3 2 46 6
6 2 41 22
2 2 43 24
5 2 46 24
1 2 52 25
4 2 45 24
4 2 52 23
3 2 50 25
2 2 41 22
1 2 44 21
1 2 41 23
6 2 43 22
3 2 41 36
1 2 47 38
1 2 51 40
1 2 49 39
1 2 46 36
3 2 41 56
6 2 43 57
4 2 41 71
1 2 49 70
2 2 55 71
5 2 44 70
1 2 41 74
1 2 59 75
5 2 41 78
5 2 40 2
5 2 45 2
3 2 43 2
1 2 43 3
3 2 40 1
6 2 40 3
5 2 40 23
2 2 40 30
5 2 45 30
1 2 42 30
6 2 41 30
6 2 40 35
3 2 45 36
4 2 43 34
4 2 40 35
6 2 43 35
5 2 40 36
2 2 46 37
4 2 48 37
5 2 40 45
4 2 44 45
4 2 40 47
4 2 42 46
6 2 42 47
4 2 49 47
6 2 46 47
4 2 42 47
5 2 45 46
5 2 43 46
2 2 43 47
1 2 41 47
3 2 63 48
2 2 63 49
5 2 40 54
4 2 44 54
1 2 43 54
6 2 40 57
4 2 46 58
6 2 46 58
2 2 43 58
6 2 40 87
2 2 43 85
2 2 45 85
2 2 46 84
6 2 41 88
2 2 42 87
1 2 40 87
3 2 40 97
4 2 56 97
5 2 44 95
3 2 44 96
4 2 39 13
5 2 41 12
2 2 40 12
6 2 42 14
4 2 41 14
4 2 43 13
3 2 39 22
6 2 39 33
6 2 40 34
3 2 39 41
4 2 41 40
6 2 44 41
3 2 39 60
2 2 47 59
2 2 47 61
1 2 42 58
2 2 43 59
4 2 47 60
6 2 39 67
2 2 39 80
4 2 40 79
3 2 44 80
2 2 39 83
3 2 43 82
6 2 39 83
4 2 46 82
3 2 39 94
6 2 40 94
6 2 41 93
3 2 39 100
4 2 47 99
6 2 46 99
4 2 41 99
4 2 42 98
5 2 42 99
1 2 38 1
5 2 38 15
2 2 38 20
1 2 38 33
2 2 41 35
5 2 41 36
4 2 39 32
6 2 42 31
6 2 38 37
1 2 40 38
6 2 40 38
2 2 45 38
4 2 45 39
3 2 44 39
4 2 42 37
5 2 39 38
4 2 47 39
4 2 38 38
1 2 41 38
3 2 41 37
4 2 38 45
6 2 40 44
6 2 41 43
1 2 38 46
6 2 38 47
4 2 57 49
5 2 38 53
4 2 46 53
5 2 38 58
3 2 38 58
4 2 44 59
1 2 43 59
2 2 38 74
6 2 47 75
2 2 50 74
6 2 44 73
5 2 39 74
3 2 38 73
3 2 45 75
6 2 47 74
3 2 41 74
3 2 46 75
1 2 44 74
4 2 37 10
2 2 37 12
6 2 39 12
5 2 39 13
2 2 38 11
1 2 39 12
1 2 42 13
5 2 42 13
1 2 37 13
3 2 37 15
6 2 38 15
5 2 37 17
5 2 43 17
4 2 37 55
5 2 37 73
5 2 43 72
2 2 37 82
6 2 44 81
2 2 37 97
3 2 55 97
5 2 45 97
5 2 36 6
2 2 44 5
1 2 44 6
5 2 50 5
5 2 41 5
2 2 39 5
3 2 41 4
6 2 36 12
6 2 40 14
2 2 40 13
5 2 36 30
1 2 37 31
2 2 36 30
2 2 36 42
4 2 41 43
6 2 44 42
6 2 40 43
2 2 36 48
1 2 36 57
6 2 36 74
2 2 43 75
4 2 39 75
1 2 39 75
1 2 42 75
5 2 41 75
5 2 39 76
5 2 41 75
6 2 38 73
3 2 38 75
1 2 36 74
4 2 36 75
2 2 38 77
5 2 36 83
5 2 44 85
6 2 40 84
4 2 44 85
4 2 36 86
2 2 36 89
2 2 42 90
1 2 37 90
3 2 35 4
6 2 41 4
5 2 37 3
6 2 36 3
2 2 35 26
2 2 40 26
1 2 43 28
5 2 40 27
6 2 38 26
4 2 50 27
4 2 55 28
6 2 39 25
1 2 39 24
4 2 35 30
3 2 35 29
6 2 41 28
5 2 35 35
3 2 37 34
2 2 37 35
3 2 36 37
1 2 35 44
2 2 35 58
4 2 45 59
5 2 35 59
3 2 45 59
4 2 35 61
4 2 42 62
4 2 41 61
5 2 36 60
6 2 49 59
1 2 35 62
5 2 41 63
1 2 38 63
3 2 42 62
2 2 46 62
2 2 36 63
1 2 41 64
4 2 43 65
1 2 35 69
6 2 35 76
5 2 34 15
4 2 43 17
5 2 34 22
5 2 37 21
2 2 37 23
1 2 35 23
6 2 34 23
4 2 34 51
6 2 72 51
6 2 52 51
4 2 62 51
1 2 52 52
4 2 34 54
1 2 36 53
3 2 43 52
2 2 34 66
5 2 44 65
4 2 42 66
3 2 41 66
6 2 49 67
1 2 46 65
5 2 40 65
2 2 45 65
4 2 45 65
3 2 44 65
3 2 34 67
4 2 39 66
2 2 42 65
3 2 37 69
3 2 38 69
4 2 40 69
1 2 34 86
4 2 38 85
2 2 38 85
6 2 36 85
1 2 34 94
4 2 42 93
1 2 37 93
5 2 40 94
6 2 41 94
1 2 39 92
5 2 36 94
3 2 33 3
6 2 37 2
2 2 33 38
4 2 35 37
2 2 33 44
4 2 35 45
6 2 33 46
3 2 34 46
5 2 33 48
6 2 33 49
1 2 35 48
5 2 33 79
6 2 38 78
6 2 34 79
1 2 34 78
3 2 34 79
5 2 33 82
6 2 38 81
3 2 35 81
6 2 34 81
6 2 33 84
4 2 33 86
5 2 36 86
4 2 33 89
5 2 34 88
4 2 33 88
3 2 33 98
4 2 37 98
2 2 37 98
5 2 37 99
3 2 38 98
4 2 46 97
4 2 37 100
3 2 36 98
1 2 46 97
2 2 35 99
2 2 40 99
6 2 34 99
5 2 32 4
5 2 33 4
1 2 32 4
4 2 32 6
6 2 38 6
1 2 33 5
2 2 32 31
6 2 32 34
5 2 44 33
4 2 33 34
6 2 38 34
4 2 53 33
2 2 36 34
3 2 38 34
6 2 34 35
3 2 32 44
1 2 32 48
6 2 35 47
4 2 38 48
5 2 54 48
4 2 43 48
3 2 42 48
4 2 49 48
4 2 32 55
3 2 32 69
6 2 32 90
3 2 35 91
1 2 39 91
2 2 32 90
6 2 32 98
5 2 31 30
5 2 33 30
3 2 31 38
4 2 31 38
5 2 36 38
5 2 31 64
2 2 35 64
1 2 44 63
4 2 41 65
1 2 31 83
3 2 33 82
1 2 30 7
3 2 31 8
6 2 39 7
3 2 38 7
1 2 37 9
4 2 36 7
5 2 36 9
3 2 36 10
6 2 31 8
3 2 30 7
5 2 30 8
1 2 30 23
5 2 37 23
6 2 35 22
4 2 37 20
3 2 46 19
5 2 44 19
3 2 37 21
1 2 43 20
4 2 40 20
4 2 39 22
2 2 30 22
4 2 37 21
4 2 35 22
4 2 32 23
2 2 32 23
6 2 30 57
1 2 30 69
4 2 34 68
4 2 31 69
3 2 29 5
2 2 29 25
6 2 55 26
2 2 33 27
3 2 46 27
1 2 34 26
1 2 36 26
6 2 29 24
5 2 32 25
4 2 29 25
4 2 32 24
2 2 31 25
5 2 37 27
4 2 30 25
5 2 29 26
5 2 29 29
1 2 40 28
3 2 37 29
6 2 36 28
1 2 30 30
2 2 36 31
1 2 32 31
6 2 36 33
6 2 30 31
6 2 29 55
3 2 29 61
1 2 39 60
1 2 37 61
4 2 35 63
4 2 34 61
1 2 33 61
6 2 35 62
4 2 29 71
2 2 36 72
2 2 35 70
4 2 35 72
2 2 29 74
1 2 35 75
6 2 31 76
5 2 29 76
4 2 29 85
3 2 35 84
2 2 29 88
5 2 31 89
6 2 36 90
1 2 29 89
4 2 28 6
2 2 28 7
1 2 37 8
2 2 29 6
6 2 28 39
1 2 38 40
2 2 39 41
4 2 28 40
1 2 29 41
3 2 28 41
1 2 30 42
6 2 29 42
3 2 38 41
1 2 37 41
2 2 43 40
2 2 34 42
3 2 34 42
6 2 28 57
1 2 28 74
4 2 31 74
4 2 28 79
2 2 34 79
3 2 37 80
2 2 28 80
3 2 29 82
2 2 29 83
2 2 28 95
4 2 36 94
2 2 35 94
3 2 30 96
6 2 41 96
5 2 28 94
6 2 36 93
3 2 32 95
5 2 27 8
3 2 34 9
5 2 38 11
6 2 37 11
1 2 35 11
6 2 27 26
1 2 35 27
3 2 27 32
2 2 47 33
4 2 47 33
3 2 47 34
4 2 33 33
6 2 32 33
5 2 32 34
3 2 32 34
4 2 27 65
2 2 36 64
5 2 27 83
1 2 27 83
5 2 35 84
4 2 31 82
1 2 30 81
4 2 29 83
2 2 28 84
5 2 28 84
4 2 28 84
5 2 27 86
6 2 27 85
6 2 31 84
1 2 30 87
2 2 27 91
3 2 26 7
2 2 26 23
5 2 32 23
5 2 33 23
4 2 39 22
3 2 31 23
6 2 31 24
1 2 30 23
3 2 26 34
3 2 26 41
5 2 36 40
5 2 28 41
6 2 26 47
5 2 33 46
2 2 33 47
4 2 33 47
6 2 29 46
1 2 31 45
2 2 26 71
1 2 38 71
5 2 40 70
3 2 36 71
2 2 44 72
3 2 37 71
4 2 34 70
5 2 33 70
1 2 26 87
5 2 26 99
4 2 32 98
6 2 44 97
1 2 28 98
6 2 30 97
1 2 46 96
3 2 29 97
4 2 28 98
3 2 25 11
5 2 36 10
5 2 29 11
6 2 33 11
5 2 32 11
2 2 29 12
2 2 30 12
5 2 37 14
4 2 39 13
1 2 36 14
3 2 31 14
1 2 31 14
6 2 31 13
2 2 28 9
5 2 29 10
1 2 28 12
2 2 27 11
4 2 26 11
5 2 26 12
6 2 25 12
5 2 25 15
2 2 26 14
4 2 27 15
6 2 42 16
1 2 42 16
3 2 26 15
4 2 35 16
5 2 28 14
4 2 25 18
1 2 37 17
5 2 36 18
3 2 30 19
5 2 37 19
2 2 34 19
5 2 26 19
2 2 29 21
6 2 33 19
3 2 33 19
1 2 25 29
2 2 31 28
6 2 31 28
1 2 27 29
6 2 25 28
4 2 30 27
4 2 25 31
2 2 27 30
6 2 25 31
5 2 31 32
4 2 29 32
2 2 29 32
4 2 25 34
2 2 30 35
6 2 25 34
1 2 25 40
5 2 33 39
2 2 27 39
1 2 25 47
6 2 49 48
2 2 29 48
4 2 29 49
6 2 25 51
1 2 34 51
4 2 35 52
6 2 38 51
4 2 38 52
2 2 25 64
1 2 34 64
3 2 27 65
3 2 35 66
3 2 33 64
5 2 33 66
6 2 25 71
3 2 30 71
2 2 30 72
1 2 40 72
4 2 40 72
1 2 24 15
2 2 24 42
6 2 39 42
3 2 42 44
1 2 24 43
3 2 25 44
3 2 29 45
6 2 30 44
6 2 24 64
2 2 26 64
4 2 24 68
6 2 31 67
3 2 26 70
3 2 24 68
4 2 31 67
1 2 24 67
2 2 26 68
5 2 25 67
1 2 24 70
3 2 24 79
1 2 31 79
6 2 34 78
1 2 35 78
6 2 27 79
2 2 28 79
1 2 24 81
3 2 28 83
3 2 24 83
3 2 24 92
5 2 30 91
3 2 35 90
3 2 33 91
5 2 43 91
4 2 33 92
4 2 39 91
1 2 39 92
3 2 35 91
5 2 35 92
1 2 33 93
4 2 24 91
6 2 40 90
3 2 32 92
3 2 24 90
6 2 24 100
1 2 23 30
1 2 23 49
3 2 27 49
1 2 23 59
4 2 26 58
4 2 36 59
1 2 33 59
1 2 30 60
5 2 35 59
3 2 34 59
6 2 31 59
5 2 26 59
2 2 26 61
6 2 25 58
5 2 23 66
1 2 34 65
1 2 27 65
3 2 27 65
4 2 24 65
3 2 23 70
2 2 27 69
2 2 23 85
2 2 23 93
6 2 23 96
1 2 25 95
4 2 23 97
1 2 26 99
6 2 26 98
1 2 27 98
2 2 23 100
5 2 23 99
4 2 22 3
5 2 28 3
2 2 30 3
3 2 22 4
2 2 27 3
1 2 27 5
6 2 25 3
6 2 33 2
2 2 38 1
5 2 26 4
1 2 27 3
5 2 34 5
5 2 22 18
2 2 22 26
5 2 35 26
1 2 36 25
5 2 30 26
4 2 33 25
5 2 33 25
6 2 33 26
2 2 31 25
2 2 23 25
5 2 24 24
6 2 22 26
3 2 22 33
6 2 22 61
4 2 22 68
6 2 22 75
4 2 25 75
4 2 31 76
4 2 42 76
5 2 42 77
5 2 24 75
2 2 25 76
6 2 22 81
5 2 22 82
3 2 22 84
5 2 22 88
6 2 30 87
3 2 25 87
6 2 22 93
2 2 28 92
2 2 25 93
2 2 31 92
6 2 31 92
6 2 21 1
1 2 34 2
3 2 27 2
6 2 21 4
5 2 32 5
3 2 32 6
4 2 21 17
4 2 39 16
2 2 34 16
6 2 21 19
1 2 24 17
5 2 21 29
6 2 21 42
5 2 21 52
6 2 32 53
5 2 30 51
1 2 26 51
4 2 26 52
1 2 31 52
2 2 31 51
3 2 28 51
5 2 28 53
5 2 23 53
3 2 23 54
4 2 21 61
2 2 26 61
3 2 34 62
3 2 26 60
6 2 21 65
1 2 21 65
1 2 23 63
3 2 22 64
2 2 20 2
1 2 23 1
3 2 20 6
4 2 22 8
4 2 20 8
2 2 22 7
3 2 22 6
2 2 22 10
4 2 21 10
5 2 24 11
6 2 24 10
1 2 24 9
6 2 22 9
4 2 20 23
4 2 24 24
5 2 20 23
3 2 20 40
1 2 22 39
4 2 27 38
4 2 25 39
3 2 29 39
2 2 25 41
3 2 22 40
1 2 27 39
3 2 20 53
5 2 25 52
6 2 36 52
1 2 35 51
5 2 35 51
5 2 27 51
6 2 26 51
4 2 26 52
1 2 25 54
5 2 22 54
1 2 27 55
6 2 23 54
6 2 31 53
5 2 30 54
4 2 22 55
5 2 25 54
6 2 43 55
2 2 31 55
5 2 22 56
3 2 30 56
4 2 20 56
1 2 35 57
6 2 28 56
1 2 27 56
2 2 27 57
6 2 20 55
6 2 25 56
5 2 20 64
2 2 20 69
6 2 21 69
6 2 22 68
1 2 28 67
5 2 22 70
6 2 20 79
1 2 20 80
4 2 20 79
5 2 20 78
1 2 20 84
1 2 27 86
6 2 22 83
1 2 25 84
4 2 25 84
1 2 20 88
3 2 26 88
6 2 23 89
4 2 22 88
6 2 20 97
1 2 31 97
4 2 20 97
3 2 19 10
1 2 23 12
3 2 21 9
1 2 21 11
6 2 19 15
6 2 19 24
2 2 19 26
4 2 19 25
3 2 19 61
2 2 22 62
1 2 19 62
4 2 19 64
4 2 19 67
4 2 19 73
6 2 38 73
5 2 32 74
4 2 26 72
5 2 30 72
3 2 25 72
5 2 25 73
2 2 19 80
3 2 24 81
3 2 19 81
5 2 30 79
2 2 19 83
1 2 22 84
2 2 20 83
1 2 23 84
5 2 18 2
4 2 35 1
6 2 25 2
4 2 18 4
3 2 18 5
6 2 27 6
4 2 18 5
1 2 18 8
4 2 18 15
4 2 36 15
5 2 18 43
4 2 37 43
3 2 28 44
2 2 27 44
3 2 29 44
5 2 28 44
3 2 18 47
6 2 25 46
1 2 27 46
5 2 25 46
3 2 26 46
3 2 27 46
1 2 25 45
6 2 18 55
5 2 23 56
1 2 18 54
6 2 18 69
5 2 19 70
6 2 23 72
5 2 18 72
6 2 24 72
5 2 18 79
3 2 27 78
1 2 19 80
1 2 28 80
4 2 18 78
6 2 19 77
3 2 20 76
5 2 20 76
4 2 38 76
2 2 18 94
1 2 22 93
3 2 22 92
6 2 22 93
5 2 18 95
1 2 19 95
6 2 28 94
3 2 28 94
5 2 18 98
4 2 20 99
2 2 19 99
1 2 17 5
2 2 17 11
2 2 19 11
5 2 17 11
6 2 17 15
6 2 17 17
2 2 24 16
6 2 26 17
3 2 33 16
2 2 17 23
6 2 21 22
6 2 17 32
2 2 19 31
1 2 19 31
3 2 27 32
2 2 23 32
5 2 33 32
6 2 18 31
2 2 20 30
5 2 22 30
6 2 17 37
5 2 26 36
6 2 27 37
4 2 33 36
3 2 25 36
1 2 20 36
5 2 17 38
6 2 27 39
1 2 17 40
4 2 17 48
5 2 22 47
3 2 28 48
1 2 27 48
3 2 26 47
6 2 17 48
1 2 17 61
3 2 17 70
4 2 17 74
1 2 20 73
4 2 23 72
4 2 21 74
5 2 17 74
3 2 26 74
4 2 26 74
5 2 26 75
6 2 17 95
4 2 17 96
3 2 19 95
4 2 16 8
2 2 20 9
1 2 19 7
1 2 16 17
2 2 25 17
6 2 24 17
5 2 26 18
5 2 27 18
5 2 22 16
6 2 21 17
3 2 25 18
1 2 25 18
5 2 16 19
2 2 39 20
1 2 26 20
2 2 24 17
5 2 17 20
1 2 17 21
6 2 16 29
2 2 20 28
3 2 29 28
4 2 16 28
4 2 19 28
1 2 21 27
6 2 16 27
5 2 19 28
1 2 16 30
4 2 16 35
2 2 23 35
3 2 21 35
4 2 21 36
5 2 20 34
2 2 25 33
2 2 20 33
4 2 19 34
2 2 16 39
3 2 23 38
6 2 23 38
6 2 16 43
4 2 22 43
6 2 20 43
5 2 20 44
4 2 21 43
1 2 19 44
2 2 19 44
6 2 18 44
1 2 17 43
5 2 17 43
4 2 16 44
2 2 16 62
6 2 16 61
1 2 19 62
4 2 19 61
4 2 16 81
5 2 16 85
6 2 25 86
3 2 19 86
4 2 16 85
5 2 20 84
5 2 18 85
4 2 17 85
5 2 16 92
6 2 19 91
4 2 20 91
4 2 26 91
3 2 15 8
2 2 26 7
5 2 17 8
2 2 15 15
2 2 15 17
4 2 18 17
3 2 34 16
1 2 29 16
2 2 15 24
1 2 17 25
6 2 15 25
1 2 17 26
6 2 17 27
5 2 15 48
5 2 17 48
3 2 15 49
6 2 15 53
5 2 15 61
4 2 15 66
6 2 23 67
5 2 16 66
4 2 28 65
3 2 23 67
4 2 21 67
2 2 21 68
1 2 18 67
1 2 20 67
6 2 15 85
5 2 19 86
2 2 22 87
6 2 25 89
4 2 25 89
2 2 16 86
4 2 16 87
3 2 15 88
6 2 15 97
4 2 22 97
4 2 20 97
5 2 19 96
4 2 23 96
6 2 20 97
6 2 14 1
2 2 14 10
5 2 14 18
3 2 15 18
5 2 18 18
4 2 14 25
4 2 15 25
6 2 14 27
5 2 14 32
2 2 14 37
5 2 14 52
1 2 19 53
3 2 18 51
4 2 18 51
4 2 14 54
3 2 21 54
4 2 14 58
5 2 17 59
2 2 31 60
2 2 14 61
2 2 14 68
4 2 14 79
4 2 14 96
3 2 15 95
5 2 13 20
2 2 16 22
6 2 15 22
5 2 16 22
4 2 16 21
4 2 17 22
1 2 14 22
3 2 13 34
1 2 23 32
1 2 16 36
3 2 25 36
5 2 19 37
1 2 18 35
6 2 18 35
5 2 15 35
5 2 16 35
4 2 21 36
1 2 13 58
4 2 13 60
4 2 22 59
1 2 22 58
2 2 13 65
3 2 13 78
2 2 17 77
1 2 13 77
4 2 18 76
3 2 13 92
4 2 16 92
4 2 21 93
1 2 20 93
5 2 19 93
1 2 16 93
3 2 14 91
2 2 16 91
2 2 18 90
5 2 17 89
5 2 15 90
6 2 14 92
1 2 12 2
6 2 12 3
1 2 13 4
1 2 12 2
5 2 12 16
2 2 12 17
4 2 13 18
1 2 12 37
4 2 13 38
4 2 14 37
5 2 12 37
6 2 12 42
4 2 12 41
1 2 12 61
1 2 19 61
3 2 12 74
3 2 18 74
6 2 15 74
1 2 16 75
6 2 12 75
2 2 12 79
3 2 12 81
1 2 13 82
6 2 12 83
2 2 12 90
3 2 17 89
5 2 11 4
2 2 11 6
1 2 11 6
3 2 13 6
4 2 13 7
5 2 12 6
6 2 15 7
6 2 11 34
4 2 11 37
3 2 11 49
5 2 13 48
2 2 11 66
6 2 18 66
1 2 18 65
2 2 18 67
6 2 23 66
1 2 11 71
2 2 17 69
5 2 17 68
3 2 13 70
1 2 15 69
2 2 14 71
1 2 13 69
1 2 11 74
2 2 11 81
6 2 21 81
4 2 11 83
4 2 11 99
4 2 18 99
5 2 11 100
1 2 10 1
1 2 10 3
4 2 13 2
2 2 10 8
6 2 10 21
3 2 22 20
5 2 24 20
2 2 22 19
6 2 27 18
6 2 10 28
2 2 16 28
3 2 18 30
2 2 10 36
3 2 10 46
4 2 14 47
2 2 21 46
6 2 21 46
2 2 23 45
4 2 21 47
4 2 10 82
3 2 10 92
6 2 15 93
5 2 10 91
4 2 12 90
5 2 11 90
2 2 10 97
3 2 10 100
3 2 18 99
3 2 15 100
3 2 12 99
4 2 9 10
4 2 19 11
5 2 22 12
6 2 22 13
5 2 9 24
1 2 9 37
1 2 9 39
3 2 9 38
5 2 9 40
4 2 9 40
4 2 9 51
4 2 9 60
6 2 21 59
6 2 19 62
5 2 9 59
4 2 17 58
3 2 9 64
3 2 16 63
6 2 9 65
6 2 14 64
4 2 9 84
4 2 9 87
5 2 19 86
1 2 15 89
1 2 21 88
6 2 9 99
3 2 8 13
3 2 9 12
4 2 22 13
3 2 18 12
4 2 18 13
6 2 11 12
4 2 8 18
1 2 17 18
5 2 23 19
6 2 23 19
1 2 8 22
3 2 13 21
6 2 8 23
2 2 11 24
6 2 10 24
5 2 18 23
6 2 8 32
3 2 8 35
6 2 14 34
1 2 12 34
5 2 12 34
2 2 11 34
4 2 12 33
3 2 12 33
1 2 8 66
3 2 8 66
2 2 14 67
1 2 14 67
3 2 18 68
4 2 13 65
1 2 9 68
5 2 8 85
1 2 9 84
6 2 12 86
1 2 10 83
6 2 10 85
5 2 9 83
6 2 7 11
5 2 8 12
2 2 7 16
3 2 18 15
4 2 25 16
6 2 7 16
4 2 7 53
4 2 11 52
6 2 17 51
6 2 12 51
6 2 10 54
2 2 22 56
1 2 7 58
5 2 7 59
4 2 7 76
2 2 20 75
6 2 20 75
2 2 18 77
1 2 7 78
1 2 31 76
6 2 14 80
3 2 10 79
1 2 14 78
1 2 15 77
1 2 10 80
2 2 7 81
4 2 7 87
1 2 13 86
1 2 12 88
5 2 11 86
3 2 7 91
3 2 7 99
5 2 12 99
2 2 7 100
5 2 6 3
6 2 9 3
6 2 7 2
5 2 17 1
3 2 7 2
6 2 6 8
5 2 6 25
2 2 6 28
4 2 15 27
5 2 9 27
5 2 12 27
3 2 26 28
1 2 8 26
2 2 6 31
3 2 10 31
2 2 6 49
4 2 6 51
5 2 6 63
6 2 6 63
2 2 7 64
6 2 6 73
2 2 7 73
3 2 17 72
2 2 6 76
2 2 14 76
1 2 13 75
5 2 12 75
2 2 5 7
3 2 9 6
6 2 7 8
6 2 15 9
5 2 5 7
5 2 5 23
2 2 5 26
4 2 9 25
6 2 5 25
5 2 5 27
6 2 5 51
4 2 5 64
2 2 14 63
4 2 12 63
6 2 5 65
3 2 5 65
2 2 5 66
2 2 8 65
3 2 5 68
4 2 8 66
3 2 8 66
6 2 4 14
1 2 10 14
4 2 23 13
5 2 7 14
1 2 4 28
4 2 9 29
5 2 4 36
1 2 4 66
6 2 4 70
5 2 4 83
3 2 7 81
3 2 26 81
6 2 7 82
1 2 6 81
5 2 6 82
2 2 12 82
3 2 5 81
4 2 4 93
2 2 13 93
3 2 3 6
5 2 7 5
3 2 10 4
4 2 6 7
2 2 11 9
4 2 10 9
3 2 10 9
6 2 3 26
4 2 4 25
2 2 3 46
1 2 12 47
5 2 12 46
3 2 6 46
2 2 12 47
6 2 12 48
4 2 11 45
1 2 3 49
5 2 10 48
3 2 10 49
6 2 3 48
5 2 5 47
3 2 4 47
3 2 3 53
6 2 11 54
4 2 3 56
5 2 3 66
1 2 3 81
4 2 13 82
1 2 7 82
5 2 7 82
6 2 5 83
6 2 3 81
4 2 3 83
3 2 7 84
4 2 4 84
3 2 4 85
1 2 6 86
3 2 20 86
1 2 4 84
2 2 3 84
2 2 2 12
4 2 9 11
3 2 14 12
5 2 12 12
3 2 2 24
4 2 6 23
5 2 6 22
2 2 2 40
1 2 3 41
4 2 2 41
4 2 17 41
6 2 5 40
1 2 2 47
5 2 2 49
4 2 2 53
4 2 6 54
2 2 15 52
2 2 8 54
3 2 4 54
4 2 2 64
6 2 6 63
6 2 2 63
2 2 4 62
3 2 2 67
2 2 3 68
6 2 11 69
5 2 5 67
5 2 7 68
3 2 2 72
4 2 6 73
5 2 4 73
5 2 3 71
6 2 2 75
3 2 9 77
5 2 6 77
5 2 4 75
6 2 4 76
3 2 23 77
5 2 9 77
5 2 2 78
3 2 7 79
1 2 2 88
1 2 9 89
2 2 9 89
3 2 5 88
1 2 8 87
2 2 7 90
1 2 6 88
2 2 5 88
4 2 2 89
5 2 5 90
6 2 2 90
2 2 7 91
1 2 1 10
5 2 1 22
2 2 10 22
5 2 1 30
5 2 13 31
5 2 1 42
2 2 1 43
4 2 8 43
2 2 8 44
2 2 10 45
3 2 4 44
5 2 1 46
2 2 4 47
1 2 2 45
2 2 12 45
6 2 6 44
6 3 61 1
4 3 51 1
6 3 47 1
1 2 45 1
1 3 38 45
4 3 38 80
3 3 37 51
2 3 37 53
2 3 40 53
5 3 33 49
2 3 33 51
1 3 33 52
2 3 33 95
4 3 41 96
2 3 33 98
4 3 32 58
4 3 31 78
5 3 31 97
5 3 30 36
5 3 29 27
6 3 29 71
1 3 29 98
4 3 28 10
3 3 28 14
1 3 28 14
5 3 28 15
2 3 32 16
2 3 29 15
4 3 28 77
2 3 27 24
3 3 27 52
4 3 29 51
6 3 27 57
2 2 25 57
1 3 28 57
2 3 26 28
1 3 26 38
1 3 26 51
3 2 24 51
1 2 29 51
6 2 23 51
1 3 26 80
2 3 26 94
1 3 25 1
5 3 25 10
3 3 25 37
5 3 25 53
2 3 25 63
1 3 25 70
4 2 23 70
2 3 25 87
5 3 25 100
3 3 24 13
3 3 28 13
4 3 24 52
4 3 24 92
5 3 23 24
6 3 23 36
5 3 25 35
6 3 23 38
2 3 23 48
5 3 22 9
2 3 22 10
2 3 22 16
2 3 22 33
1 3 22 63
6 3 22 71
6 3 22 95
6 2 31 95
4 2 20 95
3 3 37 96
3 3 21 45
6 3 21 49
4 2 19 49
6 2 18 49
4 2 17 49
5 3 21 52
2 2 21 51
2 3 25 53
1 3 21 96
3 3 31 95
5 3 20 43
3 3 20 91
2 3 20 92
1 3 19 28
6 3 24 27
3 3 19 82
1 3 16 27
4 3 16 29
5 3 16 62
4 3 19 63
4 3 15 7
4 3 15 23
4 3 15 48
5 3 15 73
2 2 13 73
5 3 15 100
6 3 14 46
1 3 14 46
1 3 14 57
3 2 14 56
4 2 13 56
3 2 15 56
4 3 31 55
1 3 23 55
1 3 16 56
2 3 15 57
1 3 14 64
3 3 14 65
3 3 14 75
2 2 12 75
2 3 14 85
3 3 14 86
1 2 12 86
2 3 17 88
5 3 14 91
2 3 14 91
3 3 14 93
2 3 13 18
4 2 22 19
5 3 29 19
3 3 17 17
3 3 13 43
6 3 11 22
5 2 9 22
1 2 10 21
2 2 13 20
2 2 17 19
6 3 22 21
3 3 10 15
6 2 9 15
4 2 19 14
3 2 12 16
3 2 8 14
2 3 10 37
3 3 10 97
1 2 18 98
2 2 17 98
4 3 9 23
5 3 9 55
5 2 11 57
4 2 14 58
3 2 8 55
5 2 10 56
5 3 26 58
3 3 8 17
3 3 8 53
3 2 9 52
2 2 10 51
4 3 8 72
5 3 8 82
2 3 7 1
6 3 7 70
3 3 14 71
5 3 6 32
4 2 8 34
3 2 5 33
4 3 6 38
4 3 16 39
1 3 6 55
4 3 6 69
6 2 6 68
3 2 5 68
1 3 8 69
6 3 5 3
3 2 15 4
1 3 5 9
1 2 10 10
6 2 10 11
5 3 11 10
6 3 8 10
5 3 5 98
3 3 4 51
3 3 4 62
2 2 3 62
5 3 11 61
3 3 7 60
2 2 6 60
5 3 20 61
1 3 3 1
4 3 3 29
6 2 14 29
1 3 3 90
1 3 13 92
6 3 3 96
2 2 9 96
2 2 16 95
4 3 7 96
5 3 11 94
6 2 12 94
3 3 2 4
6 2 2 5
5 2 4 6
6 2 4 7
4 2 5 6
2 2 5 6
6 2 4 5
5 3 23 3
6 3 12 8
5 3 2 12
2 3 12 13
2 3 5 9
3 2 9 9
3 3 2 32
6 2 1 30
4 3 2 39
3 2 10 38
5 4 39 41
3 4 37 81
4 4 32 29
5 4 30 32
2 4 29 60
6 4 28 78
6 4 26 21
4 4 26 62
6 2 23 62
5 4 25 55
5 4 25 60
4 4 24 4
1 4 21 34
1 4 21 61
6 4 21 81
2 3 23 80
2 3 20 81
3 2 18 80
6 4 20 28
4 4 20 42
6 3 20 42
6 4 20 44
5 4 20 73
4 4 19 18
3 4 19 72
4 4 18 56
1 4 18 56
6 4 18 66
3 4 18 77
5 4 18 97
4 4 19 97
1 4 17 81
3 4 16 19
1 2 14 20
2 2 15 19
4 4 16 83
4 4 15 12
1 2 12 12
2 4 15 49
5 4 15 86
2 4 14 77
1 4 23 78
3 4 14 99
3 4 13 96
4 4 12 52
1 4 11 25
5 3 17 26
4 4 11 45
3 2 11 44
6 4 11 65
3 4 9 2
5 4 9 49
4 4 9 81
3 4 17 81
2 4 9 99
4 2 9 100
1 4 8 19
4 2 8 20
6 2 11 19
2 3 21 21
1 4 18 18
3 4 11 17
2 4 10 21
1 4 7 46
6 4 8 45
4 4 5 34
1 2 18 36
3 4 4 28
2 4 6 28
5 4 11 28
3 4 4 31
4 2 9 30
3 4 4 62
3 2 11 63
1 4 4 96
2 4 3 7
6 3 9 6
6 4 5 7
1 4 3 14
6 4 3 34
3 4 3 41
1 4 6 42
4 4 12 41
2 4 9 40
6 2 7 41
2 4 3 76
4 2 3 77
4 3 9 76
4 4 5 78
3 4 2 37
3 2 4 35
1 2 1 36
2 3 3 35
5 2 3 36
3 2 2 36
5 4 6 35
6 4 12 34
3 4 2 92
5 5 31 20
3 5 25 32
5 5 25 70
4 5 21 13
2 5 21 33
6 5 19 98
3 5 18 45
3 5 18 57
6 5 18 76
1 5 17 48
5 5 16 71
2 4 16 71
4 5 15 15
6 5 15 41
1 5 14 19
1 5 13 52
2 2 10 51
6 3 14 52
5 5 19 51
4 5 12 10
6 5 12 48
2 2 12 49
1 5 11 11
5 2 8 11
6 5 11 18
1 5 10 3
6 5 10 57
2 2 7 57
5 3 6 56
4 2 6 58
4 2 12 57
4 5 8 48
2 5 8 68
2 4 24 67
5 5 6 17
1 5 5 39
1 2 11 40
2 2 10 39
1 3 9 39
3 5 4 4
4 5 2 9
3 2 1 7
4 2 2 8
5 2 2 8
1 6 34 28
6 6 24 15
3 6 24 72
5 2 23 71
1 6 21 5
4 6 18 57
2 6 16 36
2 6 14 43
4 6 7 35
3 5 15 34
6 6 6 77
5 2 15 79
1 2 14 79
6 2 12 76
2 2 12 77
2 6 5 80
6 2 11 80
1 2 4 81
2 6 4 75
4 2 3 76
5 6 2 1
4 2 2 2
2 3 2 3
2 6 2 23
5 7 26 39
1 7 25 28
6 7 19 39
2 7 13 66
5 2 17 66
5 7 12 32
4 3 10 31
2 7 11 45
5 7 10 88
1 7 7 60
3 5 24 59
2 5 13 59
5 2 17 60
3 6 8 58
3 6 6 59
3 2 17 61
3 7 15 60
1 7 6 12
2 2 10 13
4 2 4 13
6 2 15 11
2 2 15 12
1 2 14 14
2 2 5 14
3 7 6 12
5 2 7 12
3 2 7 13
2 7 5 41
5 2 5 43
6 2 5 44
4 2 5 43
6 7 5 83
5 2 2 84
3 2 2 83
4 2 2 84
6 7 5 91
4 2 4 93
1 5 5 92
2 3 3 91
3 2 12 94
3 2 6 93
1 2 5 91
3 2 4 91
6 2 3 91
3 3 8 91
1 5 10 90
3 7 5 97
5 2 3 95
1 7 4 24
5 4 8 23
2 7 4 53
2 3 9 55
5 2 8 56
2 2 9 56
3 8 20 79
2 8 16 66
5 8 14 3
4 8 8 15
1 2 4 15
4 8 6 29
3 3 11 28
2 3 2 29
3 7 7 29
6 2 4 29
1 8 8 28
5 3 3 27
2 2 4 26
2 2 2 27
3 2 3 27
6 9 25 52
5 9 21 86
2 9 18 58
5 9 14 65
3 9 10 66
1 2 7 64
4 2 6 66
2 9 10 82
2 9 9 72
4 2 7 73
1 4 14 73
4 9 9 92
2 2 4 93
1 10 22 71
4 2 17 71
1 10 20 25
3 10 16 23
6 10 13 31
2 11 16 18
3 2 11 19
4 11 15 87
3 11 8 92
5 3 3 92
3 11 7 38
5 2 3 39
5 8 16 41
6 11 6 88
5 2 5 87
3 2 14 86
2 2 5 88
4 2 4 90
3 11 5 73
6 2 2 74
6 5 7 73
4 2 3 72
2 2 3 72
6 12 12 86
2 2 9 86
4 13 16 6
1 13 10 42
1 13 9 76
3 13 7 86
6 2 7 87
4 14 20 94
2 15 15 63
3 15 12 11
6 16 8 37
2 2 1 37
1 2 1 38
6 17 12 70
1 3 6 72
4 2 5 70
2 18 11 7
5 2 6 6
6 2 5 8
5 2 4 6
3 2 4 7
6 18 11 13
2 2 5 16
5 18 9 40
2 2 6 40
4 2 1 37
2 2 1 38
3 3 6 41
1 2 5 41
3 2 4 41
4 19 4 40
6 2 1 40
1 3 3 44
5 3 1 40
6 2 1 40
2 20 8 45
6 2 5 46
6 2 9 45
3 2 9 45
1 2 8 45
5 2 6 45
5 2 4 47
1 2 8 47
4 3 5 45
3 21 11 50
1 3 9 51
5 22 11 73
3 2 3 71
4 2 3 74
6 2 3 74
3 3 2 74
2 2 2 73
1 28 11 91
4 2 2 88
4 29 13 2
1 2 6 3
5 2 4 4
5 35 22 20
4 2 9 19
1 2 9 23
3 37 12 26
1 2 5 19
3 2 8 18
2 2 7 18
6 3 7 19
2 2 6 19
2 3 2 24
6 38 12 55
5 4 2 51
1 38 10 33
2 2 6 30
5 3 1 32
5 2 2 32
6 2 3 31
3 2 3 32
5 38 10 59
1 2 3 54
6 2 3 56
2 2 2 55
