418986
114
8 95 7 1
2 9 34 10
2 9 34 17
2 9 34 24
2 9 34 31
2 9 34 38
2 9 34 45
2 9 28 10
2 9 28 17
2 9 28 24
2 9 28 31
2 9 28 38
2 9 28 45
2 9 22 10
2 9 22 17
2 9 22 24
2 9 22 31
2 9 22 38
2 9 22 45
2 9 16 7
2 9 16 14
2 9 16 21
2 9 16 28
2 9 16 35
2 9 16 42
2 9 10 7
2 9 10 14
2 9 10 21
2 9 10 28
2 9 10 35
2 9 10 42
2 9 4 7
2 9 4 14
2 9 4 21
2 9 4 28
2 9 4 35
2 9 4 42
1 637 1 1
3 3 7 4
4 4 7 4
5 4 7 4
6 5 7 4
4 3 9 4
5 3 9 4
6 4 9 4
7 4 12 4
6 3 12 4
7 3 12 4
1 43 4 1
3 2 7 12
4 2 7 12
5 2 7 12
6 5 7 12
4 2 9 12
5 2 9 12
6 4 9 12
1 16 9 12
3 2 7 19
4 2 7 19
5 2 7 19
6 5 7 19
4 2 9 19
5 2 9 19
6 4 9 19
1 16 9 19
3 2 7 26
4 2 7 26
5 2 7 26
6 5 7 26
4 2 9 26
5 2 9 26
6 4 9 26
1 16 9 26
3 2 7 33
4 2 7 33
5 2 7 33
6 5 7 33
4 2 9 33
5 2 9 33
6 4 9 33
1 16 9 33
3 2 7 40
4 2 7 40
5 2 7 40
6 5 7 40
4 2 9 40
5 2 9 40
6 5 9 40
1 16 9 40
3 5 1 40
4 2 4 43
7 3 4 43
4 5 3 43
7 5 3 44
4 7 2 44
7 8 1 44
4 6 1 44
7 5 1 44
4 4 1 47
7 4 1 47
4 3 1 47
7 3 1 47
4 3 1 47
7 3 1 47
4 3 1 47
7 3 1 47
4 3 1 47
7 2 1 46
4 2 1 46
7 2 1 46
4 2 1 46
7 2 1 46
4 2 1 46
7 2 1 46