20727
2620
4 6 97 1
1 2 97 1
3 2 95 1
1 3 95 1
2 3 93 1
4 2 92 1
3 2 89 1
3 2 86 1
2 2 85 1
4 8 85 1
2 4 84 1
4 2 78 1
2 10 76 1
3 2 74 1
1 7 73 1
4 2 69 1
2 9 66 1
3 6 72 1
4 2 65 1
1 3 65 1
3 3 63 1
1 3 60 1
6 2 60 1
2 3 58 1
4 3 57 1
1 7 55 1
3 3 53 1
5 2 53 1
2 2 53 1
2 3 46 1
1 3 45 1
3 6 44 1
2 2 43 1
2 2 39 1
6 3 48 1
1 2 43 1
3 2 37 1
6 2 41 1
3 2 41 1
2 2 40 1
4 4 39 1
1 2 38 1
5 2 38 1
1 2 35 1
4 2 35 1
2 2 33 1
1 2 32 1
1 3 29 1
1 3 23 1
3 3 25 1
4 3 25 1
2 5 24 1
4 5 20 1
1 2 16 1
3 2 15 1
4 2 12 1
3 5 9 1
4 4 9 1
1 2 9 1
2 4 6 1
4 13 27 2
2 3 21 2
1 3 21 2
3 8 13 2
4 2 18 2
5 3 18 2
4 4 13 2
1 6 13 2
2 2 11 2
3 4 12 2
1 5 6 2
5 2 5 1
6 2 5 1
3 2 5 2
2 2 4 2
4 14 2 2
6 2 3 2
1 6 61 3
3 9 60 3
4 6 53 3
3 6 50 3
1 2 45 3
2 2 43 3
2 2 46 3
3 2 42 3
4 5 39 3
3 2 36 3
4 2 32 3
3 2 28 3
4 2 26 3
1 7 25 3
4 2 19 3
1 3 19 3
1 2 28 3
1 2 23 3
3 2 21 3
4 2 19 3
4 2 14 3
2 3 17 3
3 2 23 3
5 3 15 3
3 2 9 3
6 2 17 3
1 2 16 3
2 7 3 3
1 2 10 3
2 5 9 3
3 2 9 3
2 6 7 3
1 2 6 3
2 2 4 3
1 6 35 4
4 2 33 4
1 2 32 4
3 5 31 4
2 2 31 4
4 3 24 4
4 4 20 4
3 7 19 4
3 5 25 4
6 2 18 4
1 6 17 4
1 6 21 4
6 2 20 4
4 2 18 4
2 4 15 4
4 2 13 4
5 2 12 4
4 6 9 4
2 2 9 4
4 2 7 4
5 2 7 3
4 4 4 4
6 3 4 3
3 11 2 4
5 3 2 4
1 2 2 3
5 2 3 2
3 3 2 2
4 3 36 5
3 4 39 5
2 2 36 5
1 2 36 5
3 5 31 5
4 2 27 5
4 2 23 5
3 2 20 5
1 4 22 5
5 2 21 5
2 2 21 5
4 3 19 5
6 2 18 5
1 2 17 5
2 8 14 5
4 2 17 5
3 5 16 5
4 7 15 5
2 5 6 5
1 2 4 5
1 2 48 6
3 2 45 6
2 3 43 6
4 2 38 6
3 9 38 6
4 2 37 6
4 7 34 6
1 2 28 6
3 2 27 6
2 2 27 6
4 3 18 6
2 2 17 6
1 5 6 6
3 2 5 5
4 2 5 5
4 2 23 6
1 2 22 6
1 3 2 6
3 3 5 5
2 3 18 6
3 2 17 6
4 2 10 6
6 2 5 6
4 5 64 7
1 2 67 7
3 2 64 7
1 2 61 7
4 2 57 7
1 4 56 7
4 2 59 7
2 2 55 7
4 2 48 7
6 2 52 7
4 3 50 7
1 5 46 7
1 2 40 7
1 3 36 7
4 2 41 7
3 6 40 7
2 2 36 7
4 2 35 7
4 2 36 7
1 2 34 7
3 3 33 7
2 8 28 7
1 6 28 7
2 2 30 7
1 2 30 7
2 4 28 7
4 4 23 7
3 4 21 7
6 2 23 7
4 2 22 7
5 3 22 7
1 3 19 7
1 3 14 7
3 4 11 7
6 3 15 6
5 2 8 7
1 4 7 7
2 2 4 6
5 2 4 6
2 2 3 5
1 2 7 6
5 2 6 6
4 4 3 6
6 2 2 6
3 3 2 7
1 2 43 8
2 2 42 8
4 4 41 8
3 2 38 8
1 3 39 8
2 2 39 8
4 4 35 8
1 4 32 8
3 2 27 8
2 3 26 8
3 3 22 8
4 3 19 8
1 2 19 8
2 3 18 8
5 2 17 8
2 2 19 8
3 2 15 8
2 3 11 8
2 3 12 8
3 2 10 8
1 2 9 8
4 3 8 8
1 2 9 8
3 2 6 8
4 3 62 9
1 3 58 9
3 3 52 9
3 3 47 9
2 2 42 9
3 2 39 9
3 2 29 9
4 3 28 9
3 3 24 9
4 2 21 9
4 4 18 9
1 2 6 9
2 3 5 9
1 3 95 11
4 2 93 11
4 2 85 11
3 7 84 11
2 3 94 11
1 5 84 11
3 3 90 11
3 2 83 11
4 2 83 11
1 3 85 11
4 4 78 11
2 3 81 11
1 5 75 11
3 2 70 11
2 3 68 11
1 5 65 11
4 3 62 11
1 3 59 11
4 2 58 11
3 12 56 11
1 6 55 11
3 7 50 11
2 8 58 11
2 3 53 11
3 6 52 11
4 3 46 11
3 2 44 11
4 7 37 11
2 4 41 11
3 2 51 11
1 4 37 11
3 3 34 11
2 4 34 11
1 2 32 11
3 3 29 11
1 2 27 11
4 4 27 11
2 6 26 11
2 4 17 11
4 2 13 11
4 3 35 11
3 2 21 11
1 9 7 11
4 2 16 11
3 2 15 11
4 2 13 11
2 2 5 11
4 4 8 11
1 2 8 11
3 5 11 11
2 2 13 11
3 2 13 11
4 4 3 11
4 2 4 11
3 7 3 11
3 2 29 12
1 7 25 12
1 2 26 12
2 2 25 12
2 2 22 12
1 2 19 12
1 2 17 12
4 2 15 12
5 2 14 12
1 2 13 12
6 2 12 12
4 2 8 12
6 2 6 12
1 6 5 12
5 2 3 12
4 3 56 13
1 2 56 13
3 4 52 13
4 6 45 13
2 2 51 13
6 3 47 13
1 3 45 13
2 2 45 13
4 3 45 13
1 2 45 13
1 4 41 13
3 4 38 13
1 2 35 13
3 5 32 13
6 2 32 13
4 6 31 13
1 7 29 13
5 2 30 13
4 3 24 13
3 2 20 13
4 6 15 13
2 3 24 13
5 2 23 13
1 2 19 13
4 3 17 13
4 2 20 13
2 2 17 13
4 3 11 13
3 2 18 13
2 2 5 13
6 2 14 13
4 4 5 13
3 4 11 13
3 5 5 13
2 2 2 13
3 3 37 14
1 2 33 14
2 3 31 14
4 2 30 14
2 2 26 14
4 4 26 14
2 2 17 14
1 2 17 14
1 5 19 14
3 5 17 14
2 3 13 14
2 14 8 14
1 2 9 13
6 2 10 14
2 2 10 14
5 2 9 14
1 4 5 14
3 2 4 13
2 2 4 13
5 2 3 14
2 3 62 15
1 4 58 15
4 2 58 15
2 7 57 15
1 4 55 15
3 2 56 15
4 2 53 15
1 4 51 15
2 4 48 15
6 3 49 15
3 2 48 15
5 2 44 15
4 2 43 15
3 4 39 15
1 2 40 15
2 3 36 15
3 5 37 15
2 2 37 15
1 2 36 15
1 4 31 15
4 12 31 15
4 2 32 15
3 2 30 15
6 3 29 15
3 7 23 15
1 2 27 15
2 4 24 15
4 2 24 15
2 2 20 15
1 3 19 15
2 2 16 15
3 3 18 15
2 2 13 15
4 6 14 15
1 2 12 15
4 2 6 15
3 3 5 15
3 2 8 15
3 2 6 15
1 3 40 16
2 3 37 16
3 8 36 16
3 2 33 16
3 5 27 16
2 4 23 16
3 2 19 16
2 3 14 16
1 2 22 16
4 2 19 16
1 2 6 16
5 2 9 15
1 4 4 16
5 2 7 15
5 2 14 16
2 2 10 16
3 5 9 16
1 2 9 16
1 2 7 16
4 8 6 15
3 4 6 15
6 2 5 16
2 2 4 16
4 3 61 17
2 3 60 17
4 6 54 17
4 2 48 17
2 2 53 17
4 2 53 17
3 9 51 17
3 2 47 17
4 3 46 17
1 2 39 17
2 2 42 17
1 2 42 17
5 2 40 17
2 2 40 17
1 2 36 17
3 4 34 17
4 5 27 17
4 3 21 17
1 2 25 17
4 2 25 17
1 3 23 17
2 2 20 17
3 2 10 17
2 2 6 17
4 2 5 17
3 3 21 17
2 3 20 17
6 2 20 17
1 3 19 17
1 3 16 17
2 2 14 17
2 3 49 18
2 2 53 18
1 2 50 18
3 4 49 18
3 4 44 18
2 4 34 18
4 3 45 18
2 2 40 18
4 5 37 18
1 2 40 18
4 2 38 18
1 2 35 18
2 2 35 18
1 5 31 18
1 4 28 18
3 4 24 18
4 2 21 18
4 2 17 18
2 2 26 18
2 3 12 18
3 2 15 17
5 2 14 17
3 2 17 18
4 2 14 18
6 2 14 17
1 2 19 18
3 2 13 18
4 2 8 18
2 4 8 17
1 4 7 17
3 2 7 18
4 2 3 18
1 2 9 17
3 3 3 17
5 2 7 17
4 2 7 17
1 2 49 19
3 2 36 19
1 3 27 19
1 2 23 19
2 3 10 19
1 2 7 19
3 3 99 21
2 2 99 21
4 4 97 21
4 2 94 21
3 2 94 21
1 2 87 21
4 4 90 21
3 4 76 21
2 2 70 21
1 3 68 21
1 2 81 21
4 2 74 21
1 3 69 21
4 7 69 21
2 3 60 21
2 2 75 21
2 2 69 21
3 2 64 21
2 2 63 21
4 2 63 21
3 4 66 21
3 2 69 21
2 2 61 21
4 2 56 21
3 2 54 21
1 2 62 21
1 2 56 21
1 3 53 21
4 2 60 21
4 2 57 21
1 2 50 21
3 3 50 21
3 5 55 21
2 6 50 21
4 2 46 21
3 2 46 21
1 9 44 21
2 2 44 21
3 4 42 21
4 2 40 21
1 2 34 21
3 2 34 21
4 5 34 21
2 2 30 21
3 2 28 21
1 2 27 21
4 9 27 21
1 2 27 21
1 4 20 21
1 3 21 21
2 3 21 21
4 2 17 21
2 4 16 21
3 3 15 21
4 4 13 21
1 2 13 21
3 3 10 21
1 4 9 21
3 4 7 21
1 4 4 21
2 4 3 21
2 5 27 22
1 4 23 22
4 2 22 22
4 7 13 22
3 2 9 22
1 4 20 22
3 4 19 22
3 2 11 22
4 2 51 23
3 2 51 23
1 3 61 23
1 2 64 23
1 2 62 23
3 5 61 23
4 4 61 23
3 5 57 23
6 2 58 23
4 3 49 23
3 2 47 23
2 2 46 23
4 2 45 23
4 4 54 23
1 4 48 23
1 2 41 23
4 4 40 23
3 2 35 23
2 2 47 23
1 2 47 23
4 3 35 23
3 5 37 23
2 4 33 23
4 4 28 23
1 2 30 23
2 13 26 23
1 2 30 23
5 2 29 23
6 2 27 23
3 2 22 23
3 4 24 23
4 5 22 23
4 2 20 23
2 2 18 23
1 3 18 23
5 2 18 23
6 2 17 23
3 3 13 23
1 3 13 23
6 2 15 22
2 8 15 22
5 3 14 22
4 2 11 22
4 2 13 23
5 2 11 23
2 2 11 23
4 2 10 23
4 2 8 23
4 2 9 22
2 3 8 23
2 2 6 23
3 3 26 24
1 2 29 24
3 5 26 24
4 4 26 24
3 3 18 24
2 4 17 24
2 3 20 24
5 2 15 24
3 2 14 24
3 4 11 24
3 5 14 24
3 2 11 24
1 3 5 24
4 2 4 23
6 2 4 22
5 2 4 22
2 2 8 24
3 4 4 24
2 4 3 24
3 2 62 25
4 2 60 25
1 4 59 25
3 2 57 25
1 3 53 25
3 4 51 25
4 2 50 25
4 6 48 25
1 2 43 25
4 3 42 25
2 2 42 25
5 2 41 25
1 17 39 25
2 2 36 25
6 2 35 25
3 3 30 25
2 2 29 25
1 4 29 25
4 2 28 25
3 3 24 25
4 3 20 25
1 4 16 25
5 2 20 25
1 2 19 25
1 4 11 25
2 3 17 25
1 4 9 25
6 2 6 25
3 5 7 25
4 7 7 25
1 2 3 25
5 2 5 24
4 2 5 24
6 3 6 25
2 2 5 25
4 2 2 25
3 3 51 26
2 2 48 26
3 6 45 26
5 2 42 26
2 2 41 26
3 7 39 26
4 2 35 26
4 7 30 26
3 2 26 26
1 2 26 26
2 2 25 26
2 5 21 26
2 3 18 26
1 6 17 26
4 2 9 26
6 2 14 26
3 2 13 26
2 15 8 26
1 4 13 26
2 3 14 26
3 2 9 26
3 3 7 26
5 2 8 26
4 5 7 26
2 3 6 26
6 3 6 26
4 2 4 26
2 3 40 27
1 2 40 27
4 3 37 27
4 2 37 27
3 2 36 27
1 2 32 27
2 2 29 27
1 3 29 27
4 3 26 27
6 2 27 27
3 4 26 27
2 4 25 27
1 3 20 27
2 3 16 27
4 5 19 27
3 5 16 27
2 2 16 27
5 2 15 27
3 5 12 27
4 5 10 27
3 3 11 27
2 3 8 27
4 2 57 28
3 2 56 28
2 2 55 28
1 3 54 28
1 2 48 28
4 2 46 28
1 2 45 28
4 3 43 28
3 3 43 28
2 2 38 28
2 2 32 28
1 3 38 28
4 2 35 28
2 2 33 28
4 3 17 28
3 2 34 28
1 3 29 28
1 2 26 28
2 2 26 28
4 2 24 28
1 2 17 28
4 4 15 28
3 3 19 28
4 2 21 28
3 2 20 28
1 2 17 28
2 4 17 28
1 2 10 28
2 2 9 28
1 7 5 28
1 2 11 28
3 2 7 28
2 3 6 28
6 2 9 27
5 2 9 28
1 2 8 27
3 2 8 28
4 3 2 28
5 2 4 27
6 2 4 28
4 2 50 29
2 3 46 29
3 2 42 29
3 2 38 29
3 3 26 29
2 2 12 29
3 2 98 31
2 3 98 31
3 2 97 31
1 7 95 31
4 2 89 31
2 2 88 31
1 6 86 31
4 5 83 31
3 3 83 31
2 2 80 31
2 3 76 31
1 3 72 31
3 7 73 31
4 4 73 31
1 4 72 31
1 2 68 31
2 7 67 31
4 2 65 31
2 3 65 31
1 7 63 31
4 2 62 31
1 4 60 31
3 3 59 31
3 4 56 31
4 5 54 31
2 2 50 31
3 12 44 31
3 2 40 31
2 4 39 31
2 2 33 31
3 2 29 31
3 2 44 31
2 2 35 31
1 3 33 31
4 2 36 31
4 8 34 31
4 3 28 31
2 9 18 31
2 2 28 31
3 2 24 31
3 10 16 31
4 6 16 31
2 6 14 31
1 3 14 31
3 2 20 31
1 2 18 31
2 3 14 31
3 6 13 31
4 2 6 31
3 3 5 31
4 3 8 31
2 2 12 31
1 6 5 31
4 4 2 31
1 3 31 32
4 4 31 32
2 2 29 32
4 3 28 32
1 2 24 32
2 2 18 32
4 2 15 32
1 4 14 32
4 4 16 32
6 2 16 32
3 5 12 32
5 2 16 32
2 5 15 32
1 5 12 32
5 2 11 32
6 3 11 32
1 5 7 32
4 2 44 33
3 5 44 33
3 4 39 33
1 2 34 33
1 3 30 33
2 2 34 33
3 2 32 33
2 2 28 33
2 3 29 33
1 2 29 33
3 3 22 33
5 2 27 33
4 2 22 33
2 4 22 33
6 2 24 33
5 2 20 33
4 4 19 33
3 2 16 33
1 3 13 33
4 2 12 33
4 3 14 33
2 3 8 33
4 6 7 33
3 4 4 33
2 2 8 33
6 2 7 33
4 3 51 34
1 2 48 34
3 5 47 34
2 6 48 34
4 3 46 34
1 6 38 34
3 6 39 34
5 2 40 34
1 3 40 34
2 14 34 34
3 2 36 34
4 13 32 34
6 2 29 34
3 3 28 34
2 4 24 34
5 2 24 34
4 3 23 34
1 8 16 34
2 2 21 34
1 6 20 34
3 4 11 34
4 4 15 34
6 2 14 34
1 7 11 34
2 6 11 34
4 2 7 34
3 2 6 33
2 2 41 35
1 2 41 35
4 3 39 35
2 2 38 35
3 2 37 35
4 3 36 35
4 3 30 35
1 8 31 35
1 2 29 35
3 10 29 35
6 3 27 35
4 3 27 35
3 2 25 35
1 4 19 35
2 4 21 35
5 3 21 35
2 3 16 35
4 2 12 35
5 2 9 35
4 2 9 35
2 3 7 35
3 2 11 35
4 2 11 35
2 5 10 35
3 2 10 35
6 2 8 35
2 7 4 35
1 2 4 34
2 2 5 33
1 9 2 35
3 4 2 34
3 2 29 36
4 3 31 36
1 6 30 36
4 2 28 36
1 2 23 36
3 5 20 36
4 2 20 36
3 4 16 36
2 2 22 36
1 2 19 36
5 2 18 36
1 2 17 36
2 4 16 36
3 2 10 36
2 3 8 36
1 5 8 36
6 2 11 36
3 2 11 36
1 5 10 36
4 3 7 36
2 2 6 36
1 2 4 36
3 4 55 37
2 4 49 37
1 2 53 37
4 2 53 37
2 2 51 37
1 2 50 37
3 2 49 37
2 4 46 37
4 2 44 37
1 2 42 37
2 6 41 37
4 4 40 37
3 2 33 37
2 2 32 37
4 2 32 37
1 6 32 37
2 3 29 37
2 3 26 37
1 3 25 37
6 2 24 37
2 2 16 37
1 2 14 37
3 3 21 37
2 3 9 37
1 2 15 37
2 2 15 37
1 2 10 37
4 4 9 37
4 3 3 37
2 2 8 37
1 3 8 37
6 2 8 37
5 3 7 37
3 2 5 37
4 3 48 38
3 3 47 38
1 2 35 38
4 2 43 38
2 2 33 38
1 5 40 38
3 2 39 38
3 4 32 38
3 2 34 38
2 2 30 38
2 2 24 38
4 2 28 38
1 2 20 38
1 3 23 38
4 2 22 38
3 2 22 38
3 3 17 38
4 2 20 38
3 2 12 38
4 3 7 38
2 5 71 39
3 2 65 39
1 2 64 39
1 2 56 39
2 2 55 39
3 2 54 39
2 2 40 39
1 2 37 39
4 2 36 39
2 2 34 39
2 2 21 39
1 2 16 39
2 2 14 39
4 2 12 39
1 2 6 39
2 2 8 38
4 2 7 38
3 2 4 39
3 2 6 38
5 2 6 38
1 2 5 38
2 3 3 38
2 2 4 37
4 2 100 41
2 2 99 41
2 2 95 41
4 8 94 41
3 3 93 41
2 2 90 41
3 3 89 41
4 4 85 41
1 7 80 41
2 4 79 41
3 5 77 41
4 5 75 41
3 2 70 41
4 7 68 41
1 2 70 41
1 2 67 41
4 3 66 41
3 3 65 41
2 8 63 41
3 3 59 41
4 4 55 41
4 13 57 41
1 4 49 41
1 3 51 41
2 2 48 41
3 4 46 41
4 7 45 41
4 2 42 41
4 4 40 41
4 4 36 41
2 2 39 41
3 2 36 41
2 3 33 41
3 9 42 41
3 3 30 41
2 4 42 41
3 2 32 41
3 3 26 41
1 4 24 41
2 2 26 41
2 2 24 41
4 7 24 41
3 2 20 41
1 4 19 41
1 8 25 41
3 5 15 41
2 4 15 41
4 4 14 41
1 2 12 41
3 2 9 41
4 4 6 41
1 2 6 41
3 4 5 41
1 2 25 42
1 2 22 42
3 3 15 42
5 2 17 42
4 2 6 42
2 5 4 42
2 2 16 42
3 2 15 42
3 2 2 42
2 2 56 43
1 6 55 43
1 2 53 43
3 2 52 43
2 3 45 43
2 2 50 43
6 2 49 43
3 3 48 43
3 2 44 43
1 5 44 43
4 3 44 43
3 4 39 43
1 2 39 43
6 2 36 43
1 3 35 43
2 5 33 43
3 2 32 43
5 2 32 43
3 2 29 43
2 2 29 43
3 2 27 43
1 2 19 43
3 2 18 43
4 2 22 43
4 2 16 43
1 2 16 42
2 2 15 43
5 2 15 42
6 2 16 43
1 2 10 43
3 2 10 43
1 2 12 42
6 3 12 42
2 4 10 43
1 6 4 43
6 2 5 42
2 3 3 43
4 2 2 42
2 3 58 44
1 3 57 44
1 5 55 44
2 2 52 44
3 2 47 44
2 5 45 44
4 2 45 44
3 3 37 44
2 9 39 44
1 3 38 44
3 2 33 44
4 3 28 44
4 2 35 44
5 2 33 44
6 2 31 44
2 10 25 44
3 2 30 44
3 2 24 44
5 2 23 44
1 3 24 44
1 2 25 44
4 2 21 44
3 2 20 44
1 2 19 44
1 2 14 44
2 3 13 44
4 12 15 44
2 2 13 44
3 3 8 44
4 2 6 44
3 3 2 44
2 2 58 45
2 4 55 45
1 4 55 45
3 2 51 45
4 3 50 45
3 3 48 45
1 2 47 45
2 3 47 45
4 5 44 45
2 4 43 45
6 2 42 45
3 3 41 45
4 2 38 45
2 3 36 45
3 3 34 45
4 6 33 45
2 2 31 45
3 2 28 45
4 3 27 45
6 2 27 45
2 3 22 45
5 3 21 45
3 2 20 45
4 3 17 45
2 2 17 45
4 2 15 45
3 2 11 45
2 2 8 45
5 2 10 45
3 4 4 45
4 4 2 45
4 3 3 44
6 2 7 45
2 3 46 46
1 4 45 46
4 2 42 46
3 3 41 46
2 3 40 46
2 3 36 46
5 2 35 46
4 2 34 46
1 11 32 46
4 6 30 46
1 4 25 46
2 2 25 46
1 4 23 46
1 5 14 46
3 2 21 46
6 2 20 46
3 2 13 46
3 2 15 46
1 3 14 46
2 7 13 46
5 2 13 46
1 7 11 46
4 10 7 45
3 2 4 46
2 7 2 46
4 2 46 47
2 4 44 47
4 2 42 47
1 2 39 47
2 6 38 47
3 6 32 47
3 2 32 47
4 3 31 47
2 3 29 47
6 2 28 47
1 2 26 47
3 2 22 47
2 2 20 47
1 3 19 47
2 2 20 47
3 7 18 47
3 2 13 47
5 2 16 47
4 2 15 47
6 2 14 47
1 2 13 47
1 4 11 47
4 3 9 47
3 6 5 47
5 2 5 47
4 3 60 48
2 4 49 48
2 3 55 48
1 2 55 48
3 3 51 48
4 3 52 48
3 2 47 48
4 5 46 48
1 2 45 48
3 3 42 48
2 2 39 48
2 2 43 48
4 3 37 48
1 2 37 48
2 2 36 48
1 3 29 48
4 2 28 48
2 3 27 48
1 3 26 48
4 2 30 48
1 3 29 48
4 5 24 48
3 6 18 48
4 3 24 48
3 2 20 48
1 2 12 48
4 2 9 48
2 2 7 48
4 7 5 48
2 2 12 48
2 2 8 48
1 2 7 48
2 3 5 48
1 2 3 48
6 2 4 47
3 2 2 48
2 2 3 47
5 2 3 48
6 3 2 47
4 3 46 49
4 2 40 49
4 2 36 49
1 2 33 49
4 2 19 49
4 3 7 49
1 3 100 51
1 2 97 51
3 3 95 51
4 8 86 51
2 2 92 51
1 2 88 51
2 2 87 51
3 4 85 51
2 4 79 51
3 3 77 51
1 2 77 51
1 4 80 51
2 2 73 51
1 3 70 51
3 2 71 51
4 2 71 51
1 3 71 51
4 2 71 51
2 4 68 51
1 2 64 51
2 2 60 51
1 2 62 51
2 3 56 51
4 7 56 51
1 5 55 51
4 3 53 51
2 2 47 51
1 3 47 51
2 2 49 51
3 3 46 51
4 2 44 51
3 3 42 51
3 4 40 51
3 2 35 51
1 5 35 51
3 2 30 51
2 2 34 51
2 2 27 51
4 5 27 51
2 5 28 51
4 3 24 51
3 4 22 51
4 2 25 51
1 2 22 51
2 7 20 51
4 2 17 51
2 3 16 51
1 4 15 51
3 3 15 51
2 2 13 51
4 4 13 51
2 3 10 51
1 4 4 51
1 2 6 51
2 2 4 51
3 2 38 52
4 3 37 52
2 6 31 52
4 2 25 52
4 2 23 52
1 2 20 52
3 4 19 52
1 2 21 52
2 3 20 52
6 3 19 52
1 6 18 52
3 2 23 52
5 2 19 52
4 5 12 52
1 3 11 52
1 2 18 52
5 2 13 52
3 2 13 51
4 5 16 52
4 5 58 53
2 2 56 53
3 8 54 53
4 3 51 53
1 3 50 53
6 3 49 53
1 3 46 53
2 3 47 53
1 7 40 53
3 6 44 53
4 4 39 53
2 2 40 53
3 3 37 53
1 2 33 53
4 3 29 53
3 2 31 53
2 5 29 53
3 2 26 53
3 3 24 53
4 2 28 53
6 2 26 53
4 2 25 53
1 2 24 53
5 2 24 53
2 4 22 53
2 5 16 53
6 2 13 52
3 5 12 53
1 5 8 53
3 5 7 53
2 10 5 53
1 2 4 52
4 3 4 51
3 2 4 51
3 4 49 54
2 7 47 54
1 3 46 54
2 2 40 54
4 3 39 54
1 2 37 54
2 2 40 54
1 4 39 54
4 2 39 54
4 2 30 54
1 6 29 54
5 2 34 54
3 3 33 54
2 2 32 54
3 3 28 54
1 3 30 54
3 2 26 54
4 3 27 54
2 2 25 54
6 2 24 54
1 3 23 54
4 2 21 54
1 2 19 54
5 2 18 54
1 2 16 54
2 2 14 54
4 6 12 54
3 4 8 54
4 2 6 54
5 2 5 54
1 2 47 55
2 2 46 55
4 3 46 55
3 2 45 55
2 3 44 55
2 3 40 55
1 2 39 55
2 2 37 55
3 3 35 55
6 2 34 55
4 3 33 55
4 2 27 55
3 5 26 55
2 3 24 55
2 6 17 55
4 2 16 55
5 2 22 55
6 2 17 55
3 4 13 55
2 2 10 55
1 3 9 55
3 3 4 55
1 2 13 55
2 2 10 55
5 2 8 55
2 2 7 55
1 4 3 55
4 3 7 55
3 4 5 55
1 3 55 56
4 3 54 56
2 3 53 56
1 2 53 56
4 2 50 56
2 2 47 56
2 2 50 56
1 3 47 56
1 3 45 56
1 5 37 56
2 3 41 56
4 2 37 56
6 2 38 56
2 2 36 56
4 9 34 56
3 7 33 56
1 2 33 56
1 2 30 56
1 8 26 56
4 2 29 56
5 2 28 56
4 3 27 56
4 6 24 56
1 3 20 56
6 3 20 56
4 4 17 56
5 2 15 56
3 4 14 56
4 2 12 56
2 2 10 56
4 2 6 56
1 2 5 55
4 3 7 56
3 5 3 56
3 2 54 57
1 8 52 57
2 2 50 57
6 2 45 57
4 2 44 57
1 8 44 57
2 2 43 57
3 4 40 57
4 7 40 57
2 6 39 57
1 3 37 57
3 2 37 57
5 3 35 57
1 6 31 57
3 5 24 57
4 2 27 57
2 3 25 57
1 2 24 57
1 2 21 57
3 2 18 57
4 3 13 57
4 4 11 57
2 2 12 57
1 2 11 57
3 2 10 57
4 2 14 57
3 2 14 57
2 3 10 57
1 5 6 57
2 4 5 57
5 2 7 56
1 2 5 56
1 3 47 58
2 3 45 58
1 2 37 58
2 3 41 58
4 2 41 58
3 2 29 58
2 4 25 58
1 2 23 58
1 2 20 58
4 2 32 58
3 4 19 58
2 2 26 58
1 2 25 58
2 3 21 58
1 2 26 58
3 2 19 58
4 4 17 58
2 3 9 58
3 3 12 58
1 2 52 59
2 2 49 59
2 3 44 59
3 2 42 59
2 2 38 59
4 2 31 59
4 2 28 59
3 2 23 59
4 3 20 59
3 2 9 59
1 5 98 61
3 3 97 61
2 4 95 61
4 5 94 61
2 2 92 61
3 3 86 61
1 5 86 61
1 2 88 61
4 5 86 61
2 6 86 61
3 3 79 61
4 8 75 61
2 3 74 61
3 3 69 61
1 2 68 61
4 6 69 61
3 6 66 61
4 4 65 61
3 3 58 61
2 3 58 61
1 2 58 61
3 2 56 61
3 2 54 61
2 7 52 61
4 2 52 61
3 2 46 61
2 5 48 61
1 2 40 61
3 2 39 61
2 4 36 61
4 2 35 61
3 7 34 61
4 2 25 61
1 4 33 61
4 9 33 61
1 2 32 61
4 2 30 61
1 2 24 61
1 3 34 61
3 2 29 61
2 2 23 61
3 7 22 61
1 3 22 61
1 2 18 61
2 2 17 61
3 4 17 61
2 2 15 61
1 4 14 61
1 9 10 61
3 3 6 61
4 2 4 61
4 3 31 62
3 2 34 62
3 3 29 62
1 2 29 62
2 2 27 62
5 2 26 62
3 2 21 62
3 2 10 62
4 4 25 62
4 3 19 62
6 2 22 62
3 2 22 62
4 2 13 62
2 3 5 62
5 2 16 62
1 3 4 62
1 2 57 63
3 3 56 63
4 5 53 63
1 3 50 63
3 16 49 63
2 3 48 63
6 2 46 63
1 2 46 63
4 2 44 63
4 3 42 63
5 2 42 63
2 2 41 63
1 2 40 63
2 2 39 63
3 2 38 63
1 3 36 63
1 5 32 63
2 7 30 63
4 4 25 63
1 2 21 63
6 2 19 63
2 2 18 63
3 2 14 63
2 3 13 63
6 2 15 62
4 8 15 63
1 3 12 63
2 12 9 63
3 5 5 63
5 2 5 62
4 2 5 62
3 2 4 62
1 4 2 63
6 2 3 62
1 2 7 61
4 2 2 62
2 2 6 61
3 2 2 61
3 4 47 64
3 5 42 64
2 2 44 64
4 5 42 64
1 3 40 64
2 2 35 64
3 3 35 64
2 4 36 64
3 2 36 64
1 2 32 64
3 2 29 64
5 2 31 64
4 2 30 64
2 7 26 64
1 4 27 64
4 2 26 64
3 4 25 64
4 2 23 64
1 2 23 64
6 2 22 64
4 3 20 64
3 2 15 64
2 3 15 64
2 5 10 64
5 2 12 64
1 3 10 64
2 2 8 64
3 9 7 64
3 3 3 64
4 4 5 64
1 11 47 65
1 3 48 65
4 4 47 65
2 2 47 65
4 2 45 65
3 2 43 65
2 3 37 65
2 2 38 65
3 2 37 65
1 8 36 65
4 4 35 65
2 2 24 65
1 3 31 65
4 4 28 65
3 7 25 65
1 5 25 65
2 4 24 65
2 4 19 65
1 2 18 65
5 2 19 65
4 2 11 65
1 6 5 65
4 2 11 65
3 2 5 65
2 6 49 66
4 4 48 66
2 3 43 66
4 5 45 66
3 2 43 66
5 2 41 66
6 2 34 66
4 2 32 66
1 3 32 66
3 4 34 66
3 5 32 66
2 8 30 66
4 4 27 66
3 2 25 66
3 2 17 66
3 2 9 66
3 2 13 65
4 4 12 65
6 2 12 65
3 2 10 65
4 2 21 66
1 3 21 66
2 2 20 66
2 5 11 66
4 2 9 66
6 3 9 66
5 2 8 65
4 3 13 66
4 2 9 66
4 5 6 66
6 2 7 65
2 2 6 65
1 3 6 65
5 2 6 66
3 4 5 66
4 2 44 67
4 2 41 67
2 2 40 67
1 3 38 67
2 2 37 67
4 2 33 67
3 2 32 67
2 3 30 67
1 2 30 67
2 2 28 67
3 2 23 67
4 2 21 67
1 2 21 67
2 3 19 67
1 2 9 67
5 2 8 67
1 2 5 67
2 4 4 67
6 2 11 67
3 2 9 67
1 2 7 67
3 3 5 67
1 2 7 67
4 6 5 67
1 2 63 68
2 2 55 68
1 2 52 68
4 2 49 68
2 4 48 68
1 3 52 68
3 2 53 68
2 4 52 68
4 2 46 68
4 2 47 68
1 5 43 68
3 2 43 68
1 4 40 68
4 4 31 68
4 3 39 68
3 2 30 68
3 2 27 68
3 2 23 68
3 2 21 68
3 3 30 68
3 2 31 68
1 2 25 68
4 4 22 68
4 2 18 68
3 2 17 68
2 2 15 68
4 3 15 68
1 4 14 68
2 2 20 68
2 2 17 68
2 3 7 68
2 2 13 68
3 2 5 68
6 2 9 67
4 2 14 68
1 4 3 68
3 2 6 67
1 2 6 68
4 2 7 67
5 2 5 68
6 2 4 67
1 3 43 69
2 2 29 69
3 2 27 69
1 4 23 69
2 2 7 69
4 2 3 69
1 2 100 71
2 8 97 71
1 3 87 71
2 2 86 71
4 10 86 71
3 2 85 71
1 2 83 71
3 3 83 71
3 4 79 71
2 3 77 71
2 3 75 71
1 8 73 71
4 4 69 71
1 4 63 71
2 3 65 71
3 2 64 71
4 6 64 71
4 16 59 71
1 4 57 71
4 2 55 71
2 4 53 71
3 2 52 71
3 3 50 71
1 2 48 71
4 11 45 71
2 8 44 71
1 2 43 71
4 2 40 71
2 2 39 71
4 3 47 71
3 6 37 71
4 3 34 71
3 2 38 71
3 2 32 71
3 2 23 71
1 2 22 71
3 2 20 71
1 5 33 71
4 4 25 71
2 8 25 71
3 2 23 71
1 4 17 71
2 2 17 71
4 3 17 71
2 2 12 71
3 2 8 71
4 4 12 71
2 3 8 71
1 4 7 71
2 8 14 71
4 5 3 71
2 2 2 71
2 2 35 72
3 4 34 72
1 2 33 72
1 2 31 72
1 2 27 72
4 2 28 72
4 6 21 72
5 2 24 72
3 2 24 72
6 2 20 72
5 2 20 72
6 2 19 72
4 7 17 72
1 3 16 72
1 2 12 72
1 3 10 72
3 5 9 72
5 2 9 72
6 2 8 72
3 4 5 72
4 2 3 72
4 2 45 73
3 2 43 73
2 2 42 73
1 4 41 73
3 2 39 73
4 2 39 73
2 3 35 73
4 4 33 73
4 2 29 73
1 3 28 73
3 5 23 73
4 2 21 73
3 2 14 73
2 2 12 73
4 2 14 73
4 2 11 73
1 2 11 73
2 2 9 73
1 2 3 73
2 2 65 74
3 3 64 74
4 2 59 74
1 2 55 74
2 2 51 74
3 3 56 74
2 4 55 74
1 2 55 74
1 2 50 74
4 3 51 74
5 2 50 74
5 2 37 74
3 3 36 74
3 3 40 74
3 3 38 74
4 5 36 74
2 6 44 74
3 4 41 74
1 2 35 74
2 3 34 74
4 3 39 74
6 2 38 74
2 2 36 74
1 3 34 74
1 2 35 74
4 3 34 74
2 2 32 74
3 2 31 74
6 2 27 74
2 5 26 74
2 2 20 74
2 2 17 74
1 3 7 74
3 7 7 73
1 2 20 74
1 6 17 74
1 2 15 74
6 2 15 73
5 2 13 74
5 2 14 73
3 2 15 74
4 9 5 74
2 2 13 73
2 2 11 73
2 2 6 73
3 2 10 74
2 3 4 74
1 7 34 75
4 2 30 75
2 2 29 75
3 2 27 75
2 2 26 75
3 4 24 75
1 2 22 75
1 3 19 75
4 4 18 75
2 3 18 75
4 6 11 75
1 5 5 75
6 2 4 74
4 4 69 76
3 3 66 76
3 3 62 76
4 4 57 76
4 2 58 76
1 2 57 76
5 2 56 76
3 3 49 76
4 2 54 76
1 2 52 76
3 2 52 76
4 3 50 76
1 3 47 76
2 2 46 76
4 3 41 76
6 2 44 76
1 2 41 76
1 7 37 76
3 2 40 76
4 2 35 76
3 3 34 76
1 2 33 76
3 6 36 76
5 2 34 76
2 6 33 76
4 2 33 76
1 4 27 76
3 2 25 76
3 7 22 76
3 2 18 76
2 4 17 76
6 2 10 76
4 5 9 76
1 5 9 76
1 4 15 76
4 2 11 76
1 2 52 77
3 5 50 77
1 2 49 77
3 2 47 77
1 2 46 77
2 3 41 77
4 11 41 77
3 3 35 77
3 3 32 77
4 2 29 77
5 2 28 77
1 3 27 77
2 5 27 77
4 2 22 77
1 2 21 77
2 2 21 77
2 5 18 77
2 2 11 77
3 2 15 76
6 2 17 77
5 2 10 77
6 2 14 76
2 3 8 77
2 2 13 76
1 3 12 76
6 2 10 76
3 2 7 77
4 2 7 77
2 6 5 77
3 2 4 77
3 3 64 78
1 2 61 78
3 2 61 78
3 3 54 78
1 2 57 78
2 3 52 78
1 6 52 78
3 2 52 78
1 3 47 78
4 2 47 78
2 3 42 78
3 3 45 78
2 2 47 78
4 3 46 78
2 2 43 78
4 3 42 78
4 4 40 78
2 3 33 78
3 3 33 78
2 5 30 78
1 4 30 78
4 3 22 78
3 2 17 78
4 4 15 78
3 2 25 78
1 2 17 78
2 4 15 78
2 4 11 78
4 5 9 78
3 5 7 78
1 4 5 78
4 4 2 78
1 2 35 79
1 2 31 79
2 2 24 79
4 3 22 79
1 2 20 79
4 2 19 79
1 2 6 79
4 3 100 81
1 3 94 81
1 2 94 81
4 4 93 81
2 3 92 81
3 4 92 81
2 2 87 81
1 3 86 81
1 2 86 81
3 3 85 81
2 11 79 81
4 5 82 81
1 3 82 81
3 2 76 81
4 2 74 81
2 2 77 81
1 8 76 81
2 2 69 81
3 4 64 81
3 3 70 81
3 2 72 81
2 2 60 81
1 4 58 81
4 2 58 81
3 5 56 81
1 2 65 81
2 2 57 81
2 4 55 81
4 2 50 81
3 2 46 81
1 2 49 81
4 3 45 81
1 2 45 81
4 4 38 81
3 4 35 81
2 7 43 81
1 2 43 81
3 2 42 81
4 2 38 81
3 2 38 81
1 2 39 81
1 4 35 81
2 10 33 81
3 6 29 81
4 3 27 81
1 3 25 81
2 2 24 81
3 4 19 81
4 8 18 81
3 2 14 81
2 3 12 81
4 5 9 81
3 2 7 81
1 4 4 81
2 4 2 81
1 2 4 81
1 2 2 81
5 2 30 82
4 15 28 82
6 2 24 82
4 3 21 82
1 3 16 82
4 2 13 82
2 4 9 82
6 2 9 82
5 2 9 82
1 2 7 82
6 2 7 82
2 3 64 83
1 2 63 83
4 5 62 83
4 2 58 83
3 3 55 83
4 2 51 83
2 3 50 83
6 2 52 83
2 2 51 83
2 2 43 83
1 5 41 83
2 3 35 83
4 6 40 83
4 2 35 83
1 2 33 83
5 2 40 83
1 2 37 83
3 3 36 83
3 2 29 83
6 2 34 83
4 2 34 83
3 4 30 83
1 13 25 83
2 2 28 83
3 4 21 83
1 2 23 83
1 9 18 83
4 5 19 83
2 3 21 83
4 4 9 83
4 3 13 83
2 2 11 83
5 2 10 83
3 3 7 83
1 2 8 83
1 2 6 83
4 8 5 82
5 2 5 82
2 8 5 83
4 2 2 83
2 2 2 82
1 2 3 83
3 12 2 83
4 3 39 84
2 6 36 84
1 3 35 84
2 2 32 84
4 2 28 84
2 2 27 84
3 2 25 84
2 2 23 84
4 2 19 84
2 2 17 84
1 2 12 84
4 2 16 84
2 4 10 84
5 2 11 84
1 2 9 84
6 2 11 84
4 4 9 84
3 8 9 84
5 3 4 83
6 2 2 84
2 2 2 83
5 2 1 83
6 2 1 82
4 2 1 82
1 2 61 82
2 2 60 82
3 2 59 82
1 4 58 82
4 3 57 82
2 5 54 82
4 2 50 82
1 4 44 82
3 2 41 82
6 2 45 82
2 2 45 82
3 2 42 82
4 3 40 82
2 2 39 82
2 3 33 82
3 4 33 82
1 2 32 82
5 2 33 82
1 2 33 82
2 2 29 82
3 4 23 82
4 2 20 82
5 2 20 82
1 2 20 82
3 9 16 82
1 2 15 82
1 3 10 82
6 2 12 82
2 5 4 82
3 2 11 81
3 2 5 81
2 6 9 82
1 3 5 82
1 2 2 82
6 2 1 82
2 2 55 83
4 2 53 83
1 3 50 83
2 2 47 83
5 2 46 83
4 2 46 83
3 8 45 83
2 2 41 83
3 2 34 83
3 3 30 83
3 8 35 83
3 2 27 83
4 7 29 83
1 2 26 83
1 2 29 83
4 2 22 83
2 5 21 83
3 5 21 83
4 5 20 83
2 2 23 83
4 3 14 83
1 3 17 83
2 3 11 83
6 3 16 83
3 7 9 83
4 3 8 83
3 2 5 83
6 2 5 83
4 3 55 84
1 2 52 84
3 2 45 84
1 2 34 84
4 2 34 84
3 3 47 84
2 2 47 84
2 2 35 84
3 2 30 84
4 4 30 84
4 4 40 84
3 5 33 84
4 2 34 84
2 2 34 84
2 2 35 84
1 2 33 84
4 2 26 84
2 6 26 84
2 2 22 84
1 3 20 84
1 2 14 84
3 2 13 84
1 3 9 84
1 4 6 84
5 2 6 84
5 2 8 83
4 3 4 84
1 2 4 83
2 4 6 84
3 6 6 84
6 2 5 84
4 3 6 83
2 2 6 83
2 4 2 84
1 2 49 85
2 5 48 85
1 4 45 85
2 2 41 85
4 2 35 85
4 2 32 85
2 6 32 85
4 2 37 85
4 2 29 85
3 2 27 85
4 2 26 85
1 3 25 85
1 2 30 85
2 2 29 85
4 2 28 85
1 2 26 85
4 2 23 85
3 4 9 85
1 3 5 85
5 2 4 84
3 3 14 85
3 3 60 86
3 2 50 86
2 2 38 86
1 3 36 86
4 2 34 86
4 2 30 86
3 2 28 86
2 2 18 86
3 2 18 85
1 2 15 86
2 2 8 86
4 2 98 88
1 7 95 88
3 2 95 88
2 3 95 88
3 3 93 88
2 9 85 88
3 2 86 88
2 2 86 88
4 4 85 88
3 5 77 88
3 3 81 88
4 5 75 88
4 2 77 88
2 4 72 88
1 2 73 88
3 2 72 88
1 2 64 88
4 3 68 88
3 3 65 88
2 2 63 88
4 4 58 88
2 8 56 88
3 3 54 88
2 4 59 88
4 2 52 88
2 2 46 88
3 2 46 88
1 3 51 88
3 2 51 88
1 5 46 88
4 6 45 88
2 3 43 88
2 3 38 88
4 2 28 88
3 4 27 88
1 2 31 88
3 3 30 88
4 2 23 88
3 3 23 88
1 4 24 88
3 2 28 88
4 3 27 88
2 2 27 88
4 2 24 88
2 2 23 88
2 6 19 88
1 3 22 88
1 10 16 88
4 5 16 88
3 3 6 88
1 4 12 88
4 2 7 88
1 3 6 88
2 2 9 88
2 2 6 88
4 3 8 88
1 5 23 89
3 8 12 89
1 2 18 89
3 2 15 89
4 5 5 89
2 2 73 90
1 2 72 90
4 2 71 90
4 3 67 90
1 3 65 90
5 2 61 90
1 3 58 90
2 2 57 90
1 2 52 90
3 3 54 90
1 2 54 90
2 3 50 90
6 2 51 90
3 4 47 90
1 4 48 90
3 3 43 90
2 4 38 90
4 3 37 90
3 3 36 90
3 2 31 90
6 2 33 90
2 15 27 90
2 2 19 90
2 6 17 90
4 5 24 90
5 3 18 90
1 2 18 90
3 3 18 90
2 2 18 90
3 2 19 90
4 5 16 90
6 2 14 90
1 3 7 90
5 2 11 89
6 2 9 89
3 6 7 90
5 2 11 89
2 3 8 90
6 2 10 89
1 6 9 89
2 2 6 90
3 3 4 90
1 2 3 90
2 2 2 90
4 3 36 91
2 5 35 91
4 2 28 91
4 2 34 91
2 5 34 91
3 3 21 91
2 2 19 91
3 3 17 91
1 2 26 91
5 2 24 91
4 2 24 91
3 2 23 91
1 4 19 91
6 2 17 91
2 4 15 91
2 3 18 91
4 3 16 91
1 8 15 91
4 10 14 91
3 3 10 91
4 5 6 91
2 7 55 92
3 2 49 92
1 2 49 92
1 6 44 92
2 2 46 92
2 2 44 92
4 2 42 92
1 2 41 92
2 2 39 92
2 3 31 92
4 2 38 92
3 2 36 92
4 2 35 92
4 3 33 92
5 2 33 92
2 2 32 92
4 2 30 92
1 2 30 92
4 2 22 92
1 2 25 92
1 2 22 92
3 4 22 92
1 2 19 92
3 4 18 92
4 2 19 92
6 2 19 92
1 3 12 92
2 4 12 92
4 2 11 92
3 2 10 92
1 5 8 92
6 2 6 92
2 3 7 92
3 2 5 92
5 2 4 91
3 2 2 92
2 3 52 93
2 5 48 93
1 4 48 93
3 2 48 93
3 4 41 93
1 3 39 93
2 6 37 93
3 3 37 93
1 5 32 93
2 5 32 93
3 4 23 93
5 2 31 93
3 3 21 93
4 2 25 93
1 3 25 93
3 4 18 93
1 3 21 93
6 2 15 93
4 2 17 93
5 2 16 93
2 6 15 93
3 3 13 93
6 2 13 93
4 4 13 93
1 2 4 93
2 3 3 93
4 3 3 93
2 3 57 94
4 7 55 94
1 3 53 94
2 6 51 94
2 5 42 94
3 2 42 94
3 2 43 94
2 2 42 94
1 4 33 94
2 5 32 94
6 2 40 94
1 3 39 94
5 2 35 94
1 2 32 94
3 6 31 94
2 2 27 94
4 4 32 94
4 2 24 94
2 2 14 94
4 4 15 94
1 3 21 94
3 2 18 94
3 5 10 94
2 2 8 94
4 2 3 94
4 2 58 95
3 3 52 95
1 2 50 95
4 2 46 95
3 3 41 95
2 2 47 95
1 3 43 95
4 3 38 95
1 5 37 95
4 2 42 95
3 2 39 95
4 2 39 95
2 2 33 95
4 2 33 95
3 5 32 95
1 2 28 95
3 4 19 95
2 2 24 95
1 2 23 95
4 2 22 95
2 2 20 95
3 2 20 95
3 2 13 95
1 2 20 94
1 3 12 95
6 2 15 94
1 2 18 95
5 2 15 95
2 3 12 95
4 2 12 94
6 2 12 95
3 3 3 95
5 2 10 94
2 2 10 94
3 2 7 94
1 2 8 93
3 2 8 94
4 2 5 95
1 2 6 94
2 2 4 95
1 2 3 95
3 4 53 96
2 3 46 96
4 2 44 96
3 2 43 96
2 2 41 96
3 2 32 96
3 2 26 96
1 2 25 96
2 3 24 96
1 3 9 96
