2244
150
2 2 24 1
6 4 24 1
8 2 18 1
5 3 16 1
7 6 14 1
1 2 10 1
5 3 9 1
5 2 5 1
6 2 4 1
4 7 4 1
8 6 13 1
1 5 15 1
1 3 8 1
3 7 10 1
6 2 7 1
4 2 7 1
3 5 5 1
4 2 16 2
7 3 13 2
1 2 8 2
2 14 8 2
7 2 6 2
8 4 15 3
5 3 10 3
3 2 11 3
1 5 7 3
4 4 5 4
3 5 3 4
6 5 9 4
1 19 8 4
5 3 8 4
3 2 8 4
6 2 1 4
1 2 1 3
4 3 4 5
5 3 16 6
8 2 13 6
1 3 10 6
4 4 8 6
8 2 4 6
8 3 16 7
5 3 14 7
6 4 13 7
5 2 12 7
6 3 10 7
5 9 9 7
3 4 7 7
8 2 6 7
2 3 4 7
2 4 9 8
1 7 8 8
5 2 8 8
5 3 4 8
6 3 11 9
2 2 9 9
7 2 10 9
8 2 7 9
2 3 5 9
6 8 4 9
4 7 3 9
3 2 2 8
2 2 8 10
6 3 7 10
1 4 5 10
7 2 2 10
7 5 19 11
4 3 15 11
6 2 14 11
2 2 9 11
7 5 10 11
1 5 8 11
5 2 8 11
4 3 5 11
1 5 14 12
3 5 11 12
8 6 2 12
7 4 3 11
3 2 2 12
2 2 19 13
8 6 14 13
5 3 13 13
2 2 12 13
7 3 11 13
3 3 10 13
4 9 7 13
5 5 4 13
6 4 2 13
2 3 3 14
1 4 20 14
4 2 19 14
3 3 17 14
8 2 17 14
4 2 17 14
5 2 15 14
2 2 13 14
8 2 12 14
6 5 10 14
3 4 8 14
1 3 6 14
5 3 4 14
6 3 1 14
3 2 13 14
5 2 7 14
7 2 5 14
6 6 7 14
1 7 5 14
4 2 4 14
2 6 3 14
3 2 15 15
8 3 13 15
7 3 11 15
1 2 8 15
6 3 7 15
5 2 4 15
8 3 15 16
5 4 12 16
1 3 11 16
6 2 11 16
4 3 4 16
3 2 2 16
1 2 1 16
7 2 2 15
7 12 10 17
8 9 5 17
4 2 4 17
2 3 17 18
6 11 14 18
7 3 6 18
1 14 11 18
4 10 10 18
5 8 6 20
7 12 5 20
5 3 6 20
4 3 4 20
2 2 7 21
2 2 2 21
8 2 2 20
6 3 1 21
1 2 1 20
6 2 1 19
3 2 6 18
4 2 5 18
6 2 5 17
5 3 5 18
2 4 4 17
2 2 9 21
5 2 8 21
1 2 5 21
4 3 3 21
8 2 2 20
