6989
235
8 2 24 1
1 2 28 1
8 2 27 1
2 2 23 1
7 9 17 1
1 2 17 1
5 73 11 1
6 2 8 1
6 2 3 1
7 2 11 2
4 2 7 2
4 2 10 3
1 24 5 3
3 2 4 2
8 2 11 3
8 2 5 3
5 2 5 2
8 2 5 2
8 2 7 4
6 2 4 4
2 7 1 5
5 2 11 6
4 2 11 5
2 2 11 6
7 2 8 6
1 3 7 6
6 2 7 6
7 2 7 7
3 5 1 7
3 2 5 6
6 2 4 6
1 2 4 5
8 2 1 6
2 2 4 8
6 2 7 7
1 2 15 8
7 3 21 9
8 2 21 9
3 3 7 9
7 2 6 9
3 2 16 8
3 2 12 8
6 2 11 8
8 2 11 8
1 2 13 8
7 2 9 8
8 2 2 9
1 2 3 8
8 2 6 7
3 2 6 8
6 2 5 7
2 2 8 9
1 2 5 9
7 2 1 9
5 2 5 8
2 2 15 10
1 3 7 10
8 2 4 10
3 2 2 10
3 2 14 10
6 2 13 10
2 3 7 10
4 2 15 11
8 3 12 11
7 2 4 11
5 2 7 10
3 2 14 11
7 2 7 11
2 2 10 10
8 2 10 11
6 3 3 11
5 2 2 11
4 4 5 11
1 2 2 11
6 3 21 12
5 2 17 12
4 2 11 12
3 2 11 12
5 2 10 12
8 2 18 13
8 2 15 13
2 2 18 13
7 2 14 13
5 3 14 12
6 4 11 13
7 2 15 13
6 2 14 13
7 2 10 13
3 2 11 14
4 3 11 14
2 2 10 13
6 2 10 12
1 3 9 13
8 2 9 13
5 2 8 12
1 2 11 14
3 2 23 15
8 2 23 15
1 2 20 15
6 2 13 15
8 2 13 15
2 3 9 15
4 2 11 14
3 2 14 15
6 2 10 15
6 2 8 15
1 2 9 14
8 2 13 15
6 3 22 16
3 2 11 18
8 3 17 17
1 2 17 17
3 3 19 18
3 2 24 17
8 2 22 17
4 2 20 17
4 3 23 18
4 3 8 18
7 2 16 17
1 2 19 16
7 4 12 17
4 2 15 16
6 2 15 16
2 2 10 17
4 2 9 17
1 2 9 18
3 2 7 18
2 2 13 17
8 2 12 17
4 2 10 17
6 2 12 16
5 2 12 16
3 2 11 16
2 4 12 18
5 3 11 18
5 2 19 19
1 2 17 19
1 3 14 19
2 2 7 19
2 2 23 20
7 11 2 20
7 2 13 19
4 2 8 19
3 2 8 18
7 2 9 19
6 2 8 19
5 2 25 21
1 2 24 21
5 2 23 21
3 2 23 21
4 3 11 21
6 4 17 20
5 3 19 22
6 26 1 22
7 2 17 21
5 2 14 21
7 2 12 21
6 2 13 20
8 2 10 21
2 2 11 20
5 2 11 21
8 2 14 22
1 7 21 23
3 2 19 23
7 2 13 23
4 2 13 22
5 2 18 24
5 2 15 24
8 2 12 24
2 2 12 23
2 2 14 22
6 3 14 24
3 3 16 25
1 2 12 25
3 3 7 25
7 2 9 24
3 2 12 23
6 2 10 23
3 4 7 25
3 2 2 25
5 2 2 25
7 2 2 24
8 2 3 23
4 2 4 22
7 2 8 21
2 3 7 21
1 2 7 20
3 2 7 22
8 2 8 22
7 2 6 22
3 2 4 22
6 2 3 21
8 2 5 20
5 2 3 21
1 3 2 20
3 2 4 19
5 2 4 18
8 2 6 17
2 2 9 16
4 2 9 16
1 2 4 19
2 2 2 19
4 2 2 18
2 4 3 23
4 2 20 26
2 3 20 26
5 3 8 26
2 2 15 26
1 2 12 26
2 3 8 26
7 4 1 26
6 2 4 25
4 2 4 25
8 3 2 25
4 3 1 25
4 3 13 27
5 3 9 27
2 2 11 27
6 3 10 27
1 2 10 27
6 2 6 27
8 2 6 27
7 3 5 27
6 2 13 28
1 2 8 28
2 2 3 28
8 3 24 29
5 2 20 29
7 2 19 29
7 2 11 29
1 2 11 28
8 2 13 29
2 2 5 29
6 2 17 30
6 2 14 30
