250
62
3 2 16 1
5 2 15 1
3 4 14 1
2 2 11 1
5 3 7 1
6 2 8 1
6 3 6 1
1 2 6 1
5 4 5 1
1 2 2 1
1 4 7 1
1 2 4 1
6 2 2 1
4 2 14 2
4 2 11 2
2 3 7 2
1 2 8 2
5 2 7 2
6 2 7 2
4 2 5 2
2 2 4 2
2 4 1 2
3 4 6 3
5 2 5 3
3 2 3 3
4 4 1 3
1 2 1 2
5 2 10 3
3 2 8 3
5 4 6 3
2 5 5 3
6 3 2 3
6 3 10 3
3 2 7 3
6 3 6 3
2 2 5 3
2 2 11 4
4 4 8 4
1 4 5 4
1 2 12 5
6 3 8 5
6 2 4 5
3 2 6 4
2 2 6 5
3 5 3 5
1 3 3 4
4 2 3 4
1 2 1 5
2 2 1 4
2 2 6 5
5 2 2 5
4 2 6 6
6 7 5 6
3 4 1 6
4 3 1 5
6 4 8 6
3 2 2 6
2 2 2 6
4 2 4 6
6 4 4 7
2 2 9 8
5 2 4 8
