3125
2196
4 2 2501 1
4 2 4998 1
8 2 4970 1
5 3 4970 1
1 2 4994 1
3 2 4991 1
2 2 4983 1
8 2 4982 1
6 2 4976 1
1 2 4973 1
5 2 4973 1
8 2 4972 1
1 2 4957 1
4 2 4952 1
7 2 4950 1
7 2 4936 1
4 2 4930 1
5 2 4929 1
3 2 4928 1
2 2 4928 1
7 2 4974 1
3 2 4970 1
2 2 4970 1
2 2 4955 1
4 2 4955 1
3 2 4967 1
1 2 4953 1
6 2 4934 1
4 2 4931 1
3 2 4929 1
2 2 4929 1
4 2 4954 1
5 2 4952 1
2 2 4949 1
7 2 4949 1
8 2 4952 1
6 2 4948 1
1 2 4941 1
4 2 4934 1
7 2 4929 1
4 2 4920 1
8 2 4915 1
4 2 4914 1
1 2 4900 1
2 2 4900 1
2 2 4935 1
1 2 4930 1
1 2 4917 1
3 2 4913 1
1 2 4909 1
3 2 4909 1
2 2 4935 1
6 2 4935 1
4 2 4934 1
3 2 4924 1
1 2 4917 1
5 2 4901 1
6 2 4889 1
2 2 4889 1
6 2 4929 1
8 2 4928 1
5 2 4919 1
1 2 4910 1
5 2 4906 1
7 2 4900 1
1 2 4888 1
2 2 4882 1
6 2 4880 1
8 2 4875 1
8 2 4862 1
7 2 4853 1
2 2 4842 1
5 2 4821 1
8 2 4820 1
1 2 4796 1
6 2 4790 1
3 2 4773 1
8 2 4770 1
4 2 4769 1
1 3 4768 1
5 2 4898 1
8 5 4897 1
4 2 4898 1
7 2 4898 1
8 2 4895 1
7 2 4893 1
3 2 4873 1
5 3 4873 1
5 2 4892 1
4 2 4856 1
6 2 4848 1
5 2 4847 1
2 2 4844 1
3 2 4841 1
3 2 4834 1
1 2 4829 1
4 2 4826 1
2 2 4821 1
5 2 4819 1
4 2 4814 1
8 2 4801 1
5 2 4798 1
1 3 4797 1
1 2 4854 1
2 2 4849 1
6 2 4838 1
5 2 4837 1
4 2 4776 1
6 2 4775 1
2 2 4772 1
6 2 4768 1
6 2 4863 1
3 2 4858 1
4 2 4850 1
7 2 4842 1
5 2 4817 1
5 2 4793 1
8 2 4790 1
4 2 4778 1
1 2 4778 1
5 2 4846 1
6 2 4831 1
3 2 4831 1
3 2 4837 1
7 2 4835 1
8 3 4830 1
5 2 4854 1
8 3 4851 1
1 2 4851 1
6 2 4840 1
4 3 4838 1
1 2 4830 1
3 2 4829 1
6 2 4795 1
3 2 4791 1
7 2 4777 1
5 2 4819 1
1 2 4815 1
6 3 4801 1
1 2 4827 1
2 2 4827 1
7 2 4826 1
5 2 4814 1
8 2 4810 1
8 2 4803 1
7 2 4801 1
2 2 4830 1
7 2 4830 1
6 2 4817 1
2 2 4817 1
7 2 4813 1
2 3 4813 1
1 2 4818 1
7 2 4818 1
3 2 4807 1
4 2 4807 1
6 2 4812 1
2 2 4812 1
5 2 4809 1
8 2 4806 1
6 3 4808 1
1 2 4805 1
2 2 4802 1
6 2 4802 1
2 2 4804 1
3 2 4795 1
2 2 4786 1
4 2 4784 1
6 2 4783 1
7 3 4783 1
3 2 4796 1
8 2 4776 1
3 2 4785 1
5 2 4774 1
2 2 4765 1
3 2 4739 1
8 2 4728 1
2 2 4727 1
3 2 4724 1
2 2 4723 1
4 2 4702 1
3 2 4689 1
5 2 4681 1
7 2 4681 1
6 2 4782 1
1 3 4778 1
7 3 4779 1
5 4 4778 1
8 2 4777 1
1 2 4763 1
1 2 4748 1
6 2 4737 1
1 2 4734 1
5 2 4734 1
2 2 4764 1
7 2 4764 1
4 2 4763 1
8 2 4762 1
7 3 4755 1
3 2 4757 1
8 2 4756 1
7 2 4735 1
6 2 4730 1
5 2 4726 1
4 2 4724 1
8 2 4711 1
8 2 4675 1
5 2 4674 1
2 2 4672 1
5 2 4671 1
8 2 4655 1
1 2 4650 1
8 2 4644 1
2 2 4643 1
8 2 4636 1
6 2 4634 1
8 2 4600 1
3 2 4596 1
2 3 4596 1
5 2 4735 1
5 2 4733 1
7 2 4729 1
8 3 4728 1
4 2 4731 1
2 2 4709 1
1 3 4708 1
3 2 4707 1
7 2 4700 1
8 2 4692 1
5 2 4692 1
2 3 4696 1
4 2 4701 1
4 2 4696 1
1 2 4695 1
7 2 4689 1
4 2 4689 1
7 2 4721 1
4 2 4720 1
2 2 4709 1
6 2 4695 1
5 2 4686 1
2 2 4676 1
3 2 4664 1
4 2 4662 1
5 2 4654 1
7 2 4638 1
1 2 4619 1
3 2 4613 1
7 2 4610 1
7 2 4603 1
5 2 4601 1
7 2 4598 1
1 2 4595 1
1 2 4698 1
3 2 4698 1
2 2 4697 1
3 2 4696 1
2 2 4675 1
1 2 4671 1
1 2 4667 1
6 2 4658 1
2 2 4639 1
1 2 4634 1
5 2 4629 1
2 2 4620 1
6 2 4619 1
2 2 4608 1
4 2 4594 1
7 2 4591 1
1 2 4590 1
2 2 4590 1
2 2 4681 1
2 2 4667 1
3 3 4665 1
5 2 4677 1
4 2 4676 1
3 2 4652 1
5 2 4652 1
7 3 4673 1
1 2 4667 1
8 2 4662 1
8 3 4654 1
7 2 4659 1
4 2 4659 1
6 2 4664 1
3 2 4664 1
2 2 4662 1
4 2 4654 1
1 2 4645 1
3 2 4640 1
2 2 4625 1
3 2 4624 1
6 2 4597 1
4 2 4577 1
5 2 4561 1
8 2 4559 1
7 2 4524 1
5 2 4522 1
2 2 4516 1
3 2 4510 1
2 2 4509 1
3 2 4498 1
2 2 4481 1
6 2 4480 1
5 2 4476 1
5 2 4472 1
3 2 4471 1
1 2 4467 1
4 3 4467 1
2 2 4623 1
1 2 4615 1
4 2 4612 1
2 2 4612 1
5 2 4629 1
6 3 4622 1
2 2 4617 1
6 3 4617 1
7 2 4616 1
7 2 4618 1
5 3 4616 1
3 2 4618 1
5 2 4609 1
3 2 4597 1
4 2 4595 1
7 2 4591 1
5 2 4591 1
8 2 4616 1
3 2 4616 1
4 3 4605 1
1 2 4611 1
6 2 4611 1
4 2 4590 1
7 2 4589 1
8 2 4587 1
8 3 4581 1
1 2 4598 1
7 2 4597 1
2 2 4589 1
5 2 4578 1
4 2 4566 1
5 2 4557 1
8 2 4549 1
1 2 4535 1
7 2 4529 1
2 2 4529 1
1 2 4570 1
1 2 4560 1
5 2 4559 1
7 2 4550 1
7 2 4543 1
8 2 4535 1
7 2 4533 1
1 2 4528 1
3 2 4588 1
1 2 4582 1
7 4 4580 1
1 2 4566 1
3 2 4555 1
1 2 4546 1
2 3 4546 1
5 2 4561 1
2 2 4548 1
8 2 4548 1
3 2 4567 1
2 2 4564 1
1 2 4556 1
6 2 4534 1
6 2 4518 1
2 2 4508 1
6 2 4507 1
6 2 4497 1
3 2 4481 1
7 2 4480 1
6 2 4469 1
8 2 4467 1
1 2 4463 1
2 2 4461 1
8 2 4450 1
5 2 4449 1
5 2 4442 1
4 2 4423 1
3 2 4404 1
2 2 4402 1
1 2 4397 1
3 2 4377 1
5 2 4363 1
4 2 4361 1
4 2 4352 1
4 2 4341 1
7 2 4336 1
5 2 4330 1
6 2 4324 1
7 2 4316 1
6 2 4316 1
1 2 4541 1
4 2 4534 1
6 2 4534 1
3 2 4535 1
5 2 4533 1
8 2 4532 1
2 3 4533 1
6 3 4531 1
3 3 4503 1
2 2 4508 1
3 2 4507 1
2 2 4485 1
1 2 4473 1
4 2 4472 1
7 2 4465 1
1 2 4458 1
3 2 4455 1
7 2 4452 1
2 2 4447 1
3 2 4445 1
1 2 4439 1
8 2 4434 1
3 2 4434 1
2 2 4501 1
8 3 4491 1
6 2 4471 1
4 2 4471 1
1 2 4508 1
4 2 4502 1
5 2 4484 1
1 2 4479 1
8 2 4470 1
3 3 4464 1
2 3 4479 1
6 2 4475 1
6 2 4467 1
7 2 4464 1
4 3 4452 1
4 2 4476 1
2 2 4446 1
5 2 4445 1
7 2 4403 1
2 2 4394 1
7 2 4389 1
6 2 4386 1
2 2 4383 1
5 2 4383 1
8 2 4444 1
2 2 4427 1
1 2 4413 1
8 2 4405 1
7 2 4394 1
1 2 4392 1
5 2 4387 1
4 2 4380 1
7 2 4369 1
6 2 4367 1
5 3 4367 1
7 2 4454 1
4 2 4447 1
7 2 4447 1
6 2 4450 1
2 2 4450 1
1 2 4470 1
2 2 4460 1
5 2 4442 1
1 2 4442 1
6 2 4454 1
6 2 4435 1
6 2 4422 1
3 2 4417 1
6 2 4413 1
6 2 4409 1
7 2 4408 1
6 2 4402 1
5 2 4398 1
2 2 4396 1
7 2 4394 1
4 2 4366 1
3 2 4357 1
7 3 4357 1
3 2 4436 1
4 2 4431 1
2 2 4428 1
5 2 4416 1
8 2 4416 1
4 3 4444 1
6 2 4420 1
5 2 4398 1
3 2 4380 1
3 2 4371 1
5 2 4360 1
6 2 4354 1
3 2 4349 1
5 2 4347 1
7 2 4339 1
6 2 4331 1
3 2 4329 1
2 4 4327 1
1 2 4391 1
3 2 4384 1
5 2 4362 1
8 2 4354 1
6 2 4350 1
3 2 4349 1
5 2 4335 1
3 2 4334 1
4 2 4314 1
5 2 4314 1
3 2 4348 1
5 2 4347 1
8 2 4313 1
1 2 4310 1
8 2 4308 1
2 2 4302 1
7 2 4302 1
8 2 4406 1
3 4 4401 1
5 2 4401 1
2 2 4385 1
7 2 4380 1
4 2 4367 1
8 3 4367 1
5 2 4393 1
5 3 4391 1
7 2 4391 1
8 2 4391 1
1 2 4383 1
2 2 4383 1
8 2 4392 1
6 3 4384 1
7 2 4384 1
6 2 4371 1
4 2 4371 1
6 3 4381 1
1 2 4368 1
8 2 4368 1
3 3 4383 1
6 2 4367 1
5 2 4363 1
3 2 4363 1
7 3 4370 1
3 2 4360 1
4 2 4355 1
5 2 4353 1
6 3 4353 1
3 2 4363 1
8 3 4338 1
4 2 4325 1
3 2 4304 1
1 2 4301 1
8 2 4367 1
6 2 4363 1
2 3 4353 1
7 4 4351 1
1 2 4351 1
1 2 4346 1
4 2 4343 1
2 2 4338 1
1 2 4336 1
7 2 4336 1
8 2 4345 1
4 2 4345 1
2 2 4322 1
2 2 4257 1
5 2 4241 1
8 2 4229 1
8 2 4226 1
1 2 4224 1
7 3 4224 1
2 2 4344 1
6 2 4344 1
7 3 4341 1
4 2 4332 1
6 2 4322 1
4 3 4321 1
1 3 4320 1
3 2 4317 1
6 2 4314 1
8 2 4312 1
5 2 4312 1
2 2 4310 1
7 2 4301 1
4 2 4301 1
2 2 4328 1
7 2 4317 1
8 2 4317 1
1 3 4322 1
4 3 4318 1
5 2 4318 1
5 2 4311 1
4 2 4295 1
7 2 4291 1
1 2 4286 1
3 2 4277 1
1 3 4277 1
3 4 4305 1
1 2 4303 1
7 2 4303 1
5 2 4302 1
2 2 4280 1
8 2 4280 1
8 2 4302 1
7 2 4288 1
5 2 4286 1
6 2 4286 1
3 2 4287 1
1 2 4264 1
2 2 4260 1
5 2 4257 1
5 2 4251 1
2 2 4245 1
4 2 4224 1
4 2 4212 1
5 2 4208 1
6 2 4195 1
8 2 4192 1
6 2 4190 1
4 2 4185 1
4 2 4178 1
1 2 4177 1
6 2 4177 1
1 2 4276 1
8 2 4276 1
7 2 4259 1
4 2 4257 1
2 2 4257 1
6 3 4258 1
7 2 4267 1
1 2 4262 1
8 2 4262 1
5 2 4267 1
3 2 4267 1
8 2 4267 1
4 3 4267 1
6 2 4254 1
8 2 4235 1
5 2 4234 1
3 2 4230 1
2 2 4214 1
8 2 4206 1
3 2 4200 1
8 2 4197 1
3 2 4193 1
7 2 4190 1
2 2 4180 1
8 2 4175 1
6 2 4174 1
6 2 4132 1
3 2 4130 1
5 2 4129 1
6 2 4128 1
7 2 4121 1
4 2 4106 1
2 2 4100 1
2 2 4091 1
4 2 4074 1
7 2 4069 1
7 2 4060 1
4 2 4060 1
7 2 4239 1
5 2 4229 1
3 2 4196 1
5 2 4188 1
7 3 4186 1
4 2 4226 1
4 2 4223 1
6 2 4219 1
4 2 4218 1
4 2 4213 1
4 2 4206 1
1 2 4206 1
7 2 4219 1
1 2 4218 1
5 2 4213 1
1 2 4210 1
8 2 4210 1
2 2 4205 1
4 2 4207 1
8 3 4205 1
8 2 4216 1
3 2 4209 1
6 3 4208 1
2 2 4206 1
5 2 4204 1
5 2 4196 1
7 2 4195 1
2 2 4194 1
8 2 4191 1
3 2 4190 1
7 2 4161 1
1 2 4144 1
7 2 4137 1
7 2 4134 1
5 2 4133 1
4 2 4133 1
4 2 4178 1
1 2 4174 1
5 2 4167 1
8 2 4156 1
4 2 4153 1
1 2 4153 1
8 2 4185 1
1 2 4173 1
3 2 4153 1
4 2 4142 1
8 2 4137 1
6 3 4135 1
4 2 4180 1
1 2 4178 1
4 2 4176 1
6 2 4167 1
1 2 4162 1
2 2 4160 1
7 3 4159 1
8 2 4164 1
3 2 4159 1
5 2 4154 1
3 2 4153 1
5 2 4150 1
6 2 4146 1
3 2 4136 1
5 2 4106 1
2 2 4104 1
8 2 4088 1
6 2 4087 1
4 2 4080 1
8 2 4080 1
2 2 4160 1
5 3 4158 1
4 2 4140 1
6 2 4140 1
3 2 4154 1
7 2 4154 1
8 5 4155 1
1 2 4153 1
4 2 4152 1
1 2 4151 1
3 2 4142 1
1 3 4130 1
7 2 4124 1
2 2 4111 1
7 2 4111 1
8 2 4131 1
3 2 4123 1
8 2 4110 1
5 2 4087 1
1 3 4087 1
2 2 4128 1
5 2 4115 1
2 2 4115 1
6 3 4126 1
4 2 4126 1
3 2 4127 1
5 3 4127 1
6 2 4126 1
2 2 4106 1
2 2 4100 1
8 2 4100 1
8 2 4107 1
2 2 4107 1
2 2 4116 1
7 2 4115 1
2 2 4099 1
1 2 4113 1
7 2 4103 1
6 2 4091 1
1 3 4079 1
3 2 4098 1
4 2 4077 1
1 2 4076 1
2 2 4069 1
6 2 4069 1
6 2 4087 1
4 2 4087 1
5 3 4088 1
2 2 4082 1
7 2 4073 1
8 2 4072 1
4 2 4065 1
5 2 4065 1
4 3 4088 1
3 3 4066 1
1 3 4064 1
4 2 4063 1
8 2 4052 1
6 2 4046 1
7 2 4025 1
6 2 4022 1
3 2 4022 1
6 2 4072 1
3 2 4063 1
7 2 4053 1
3 2 4053 1
5 2 4071 1
6 2 4052 1
6 2 4046 1
4 2 4040 1
8 2 4040 1
1 3 4051 1
7 2 4067 1
2 2 4062 1
5 2 4061 1
8 2 4061 1
5 2 4063 1
2 2 4060 1
7 2 4060 1
4 3 4060 1
8 2 4054 1
1 2 4052 1
7 2 4052 1
1 2 4039 1
6 2 4034 1
1 2 4025 1
4 3 4024 1
5 2 4044 1
2 2 4044 1
5 2 4040 1
2 2 4039 1
2 2 4037 1
7 2 4037 1
5 3 4037 1
4 2 4037 1
3 2 4035 1
3 2 4032 1
2 2 4032 1
7 3 4031 1
7 2 4017 1
5 2 4017 1
6 2 4027 1
2 2 4012 1
6 2 4005 1
4 2 4002 1
3 2 4002 1
1 2 4017 1
6 3 4013 1
1 2 4020 1
8 3 4020 1
5 2 4017 1
4 2 4017 1
1 2 4013 1
6 2 4010 1
3 2 4010 1
4 3 4009 1
2 2 4012 1
7 2 4010 1
2 2 3976 1
1 2 3965 1
4 2 3946 1
6 2 3939 1
1 2 3931 1
2 2 3931 1
1 2 3992 1
8 2 3992 1
2 2 3998 1
1 2 3994 1
7 2 3986 1
8 2 3975 1
8 2 3968 1
3 2 3956 1
8 2 3954 1
6 2 3953 1
3 2 3950 1
7 2 3940 1
8 2 3931 1
1 2 3927 1
5 2 3893 1
6 2 3887 1
8 2 3885 1
4 2 3867 1
1 2 3861 1
7 2 3853 1
4 2 3849 1
2 2 3849 1
1 2 3979 1
4 2 3953 1
5 2 3944 1
5 2 3940 1
2 2 3937 1
6 2 3934 1
1 2 3934 1
5 2 3962 1
8 2 3962 1
1 2 3966 1
6 2 3965 1
4 2 3964 1
6 2 3947 1
7 3 3934 1
4 2 3953 1
1 2 3952 1
3 2 3949 1
4 2 3937 1
2 2 3930 1
4 2 3928 1
6 2 3916 1
1 2 3910 1
7 2 3905 1
3 2 3904 1
4 2 3904 1
7 2 3947 1
5 2 3936 1
8 2 3933 1
4 2 3933 1
6 2 3934 1
8 3 3916 1
3 2 3943 1
3 2 3931 1
4 2 3885 1
3 2 3867 1
5 2 3866 1
7 2 3860 1
5 2 3856 1
4 3 3856 1
4 2 3907 1
1 2 3900 1
3 2 3896 1
5 2 3891 1
3 2 3891 1
1 3 3923 1
6 2 3923 1
6 2 3920 1
5 2 3920 1
8 3 3918 1
7 2 3921 1
1 3 3915 1
2 3 3916 1
6 2 3900 1
8 2 3897 1
2 2 3892 1
7 2 3887 1
5 2 3873 1
2 2 3865 1
6 2 3864 1
3 3 3858 1
7 2 3891 1
3 2 3891 1
7 3 3902 1
3 2 3898 1
7 2 3887 1
2 2 3856 1
1 3 3855 1
6 2 3886 1
7 2 3869 1
5 2 3864 1
3 2 3860 1
5 2 3851 1
5 2 3838 1
3 2 3836 1
1 2 3824 1
6 2 3819 1
1 2 3810 1
1 2 3807 1
4 3 3807 1
5 2 3874 1
3 2 3874 1
6 2 3885 1
6 2 3880 1
8 3 3874 1
4 2 3879 1
2 2 3879 1
5 2 3878 1
2 2 3876 1
4 2 3874 1
6 2 3839 1
1 2 3839 1
1 2 3866 1
3 3 3856 1
7 2 3851 1
2 2 3851 1
5 2 3864 1
2 2 3860 1
6 3 3857 1
8 2 3855 1
1 2 3848 1
2 2 3835 1
4 2 3834 1
4 2 3830 1
2 2 3830 1
6 3 3858 1
4 3 3856 1
7 3 3853 1
7 2 3844 1
2 2 3839 1
5 2 3838 1
3 2 3834 1
4 2 3834 1
1 2 3847 1
6 2 3846 1
8 2 3846 1
5 2 3845 1
7 3 3834 1
1 2 3838 1
8 2 3832 1
7 2 3829 1
5 2 3825 1
5 2 3823 1
4 2 3822 1
7 2 3816 1
8 2 3814 1
7 2 3805 1
2 2 3805 1
2 2 3825 1
8 2 3825 1
2 3 3819 1
3 3 3822 1
1 2 3819 1
4 3 3812 1
4 2 3814 1
5 2 3812 1
5 2 3816 1
7 2 3808 1
6 3 3808 1
3 2 3809 1
6 2 3809 1
3 2 3808 1
1 2 3807 1
6 2 3786 1
3 2 3777 1
5 2 3773 1
4 2 3748 1
7 2 3733 1
4 2 3733 1
6 2 3792 1
3 2 3769 1
1 2 3767 1
1 2 3762 1
7 2 3743 1
5 3 3743 1
6 2 3783 1
5 2 3781 1
1 2 3781 1
5 2 3788 1
3 2 3787 1
3 2 3780 1
2 2 3785 1
7 2 3785 1
1 2 3766 1
2 2 3757 1
8 2 3755 1
1 2 3755 1
1 3 3773 1
5 2 3774 1
7 3 3774 1
5 2 3773 1
7 2 3769 1
2 2 3768 1
4 2 3768 1
8 2 3753 1
3 2 3748 1
3 2 3746 1
4 2 3739 1
6 2 3733 1
6 2 3730 1
3 2 3714 1
7 2 3713 1
5 2 3699 1
3 2 3655 1
5 2 3617 1
5 2 3614 1
3 2 3588 1
8 2 3574 1
4 2 3574 1
4 2 3752 1
3 2 3747 1
8 2 3743 1
4 2 3732 1
8 2 3732 1
2 3 3739 1
4 2 3739 1
1 2 3706 1
6 2 3706 1
6 3 3727 1
3 3 3723 1
7 2 3695 1
3 2 3690 1
3 2 3672 1
1 2 3672 1
3 2 3707 1
4 2 3706 1
4 2 3678 1
2 2 3676 1
5 2 3671 1
5 2 3726 1
3 2 3726 1
2 2 3725 1
2 3 3714 1
5 2 3715 1
1 2 3707 1
2 3 3690 1
4 2 3706 1
8 2 3702 1
2 2 3697 1
4 2 3692 1
6 2 3674 1
5 2 3662 1
8 2 3662 1
7 2 3704 1
7 2 3690 1
4 2 3679 1
3 2 3676 1
1 2 3676 1
3 2 3702 1
4 2 3699 1
8 2 3692 1
3 2 3692 1
5 4 3696 1
8 3 3685 1
1 2 3692 1
8 2 3692 1
1 2 3691 1
1 3 3677 1
5 2 3681 1
2 2 3675 1
5 2 3687 1
4 2 3670 1
8 2 3667 1
2 2 3665 1
1 2 3665 1
3 2 3684 1
4 2 3683 1
3 2 3655 1
3 2 3633 1
5 2 3632 1
8 2 3630 1
2 2 3630 1
2 3 3674 1
2 2 3675 1
7 2 3674 1
1 2 3666 1
6 2 3652 1
4 2 3650 1
5 2 3650 1
7 3 3649 1
7 2 3658 1
3 3 3657 1
6 2 3657 1
7 2 3652 1
3 2 3650 1
3 2 3645 1
7 2 3642 1
2 2 3640 1
5 2 3635 1
4 2 3622 1
3 2 3621 1
7 2 3621 1
7 2 3648 1
8 3 3639 1
2 2 3632 1
3 2 3632 1
1 2 3644 1
6 2 3644 1
5 2 3638 1
7 2 3630 1
8 2 3630 1
1 4 3640 1
6 2 3631 1
7 2 3627 1
7 2 3624 1
6 2 3619 1
1 2 3613 1
6 2 3608 1
1 2 3601 1
6 2 3599 1
8 2 3583 1
7 2 3583 1
1 3 3614 1
4 2 3626 1
3 2 3623 1
3 2 3616 1
2 2 3601 1
2 2 3587 1
8 2 3585 1
5 2 3585 1
4 2 3612 1
5 2 3611 1
8 2 3610 1
2 2 3610 1
6 3 3610 1
5 2 3609 1
8 3 3605 1
3 2 3606 1
2 3 3605 1
6 2 3604 1
3 2 3596 1
5 2 3592 1
6 2 3587 1
7 2 3587 1
6 2 3594 1
4 2 3594 1
1 4 3586 1
4 3 3583 1
8 3 3589 1
1 2 3585 1
6 2 3579 1
5 2 3569 1
6 2 3558 1
1 3 3558 1
7 2 3580 1
8 2 3577 1
8 2 3555 1
1 2 3552 1
2 2 3544 1
1 2 3543 1
3 2 3540 1
3 2 3529 1
4 2 3529 1
8 2 3559 1
3 2 3554 1
1 2 3542 1
5 2 3537 1
2 2 3535 1
5 2 3528 1
6 2 3508 1
1 2 3508 1
2 2 3567 1
2 3 3564 1
7 2 3558 1
4 2 3558 1
5 3 3561 1
6 2 3550 1
2 2 3544 1
4 2 3538 1
6 2 3529 1
6 2 3523 1
4 2 3517 1
6 2 3514 1
7 2 3512 1
3 2 3507 1
8 2 3502 1
4 2 3488 1
2 2 3479 1
4 2 3478 1
2 2 3469 1
4 2 3468 1
5 2 3467 1
8 2 3467 1
8 2 3540 1
2 3 3534 1
1 2 3541 1
5 3 3525 1
6 2 3537 1
5 2 3536 1
7 3 3531 1
4 2 3532 1
5 2 3532 1
1 2 3532 1
2 2 3531 1
6 2 3527 1
8 3 3520 1
6 2 3523 1
2 2 3492 1
3 2 3472 1
3 2 3467 1
2 2 3460 1
8 2 3449 1
7 2 3448 1
1 2 3442 1
5 2 3442 1
6 2 3507 1
1 2 3496 1
6 2 3483 1
4 3 3483 1
7 2 3514 1
7 2 3505 1
3 2 3495 1
1 2 3495 1
5 2 3506 1
8 2 3506 1
4 2 3506 1
8 3 3495 1
7 2 3506 1
7 2 3503 1
8 2 3502 1
2 2 3494 1
1 3 3500 1
5 2 3500 1
1 2 3488 1
7 2 3487 1
1 2 3475 1
6 2 3473 1
1 2 3472 1
5 2 3461 1
4 2 3457 1
7 2 3455 1
1 2 3451 1
4 3 3441 1
8 2 3483 1
1 2 3483 1
4 2 3475 1
5 2 3475 1
7 2 3480 1
3 2 3480 1
8 3 3462 1
5 2 3476 1
8 2 3474 1
1 2 3474 1
4 2 3462 1
5 2 3462 1
3 2 3453 1
1 2 3453 1
3 2 3464 1
7 2 3456 1
8 2 3424 1
6 2 3421 1
8 2 3397 1
4 2 3380 1
6 2 3378 1
1 2 3361 1
8 2 3323 1
6 2 3313 1
1 3 3313 1
2 2 3452 1
5 2 3444 1
2 2 3442 1
4 2 3438 1
3 3 3437 1
3 2 3440 1
8 2 3435 1
1 2 3435 1
1 2 3443 1
8 3 3439 1
1 2 3422 1
7 2 3420 1
2 2 3419 1
8 2 3419 1
7 3 3434 1
8 2 3430 1
3 2 3419 1
6 2 3418 1
5 2 3432 1
3 3 3429 1
5 2 3422 1
7 3 3417 1
4 2 3422 1
6 2 3420 1
1 2 3417 1
3 2 3417 1
7 2 3422 1
7 2 3413 1
4 2 3410 1
2 2 3391 1
3 2 3388 1
4 2 3388 1
2 3 3412 1
6 2 3416 1
8 2 3414 1
5 2 3412 1
1 2 3411 1
7 2 3406 1
2 2 3393 1
3 2 3393 1
5 2 3400 1
2 2 3383 1
6 3 3383 1
8 2 3385 1
7 2 3372 1
7 2 3367 1
6 2 3367 1
6 2 3391 1
4 2 3391 1
1 2 3378 1
3 2 3378 1
7 2 3377 1
6 2 3363 1
3 2 3360 1
4 2 3359 1
8 2 3344 1
2 2 3343 1
2 2 3341 1
2 2 3320 1
5 2 3296 1
4 2 3293 1
3 2 3287 1
6 2 3276 1
8 2 3276 1
4 2 3373 1
5 2 3371 1
1 2 3364 1
3 2 3356 1
3 2 3346 1
2 2 3341 1
1 2 3340 1
4 2 3336 1
6 2 3335 1
8 2 3335 1
6 4 3364 1
4 2 3361 1
5 2 3353 1
8 3 3353 1
3 2 3352 1
2 2 3343 1
8 2 3342 1
7 2 3335 1
6 2 3320 1
6 2 3310 1
8 2 3297 1
1 2 3296 1
8 2 3280 1
1 2 3280 1
7 2 3337 1
1 2 3330 1
7 2 3330 1
6 2 3339 1
5 2 3336 1
7 2 3336 1
5 2 3339 1
3 2 3339 1
1 2 3326 1
8 2 3322 1
7 3 3315 1
8 2 3329 1
4 2 3328 1
4 2 3325 1
5 2 3309 1
7 2 3307 1
7 2 3302 1
3 2 3291 1
2 2 3291 1
5 2 3323 1
8 2 3323 1
6 4 3322 1
5 2 3319 1
5 2 3316 1
1 2 3310 1
4 3 3306 1
1 4 3316 1
1 2 3285 1
1 2 3256 1
3 2 3256 1
3 3 3311 1
2 2 3311 1
3 2 3305 1
6 3 3305 1
7 2 3305 1
5 2 3294 1
3 2 3294 1
8 2 3296 1
4 2 3273 1
2 2 3253 1
1 2 3251 1
6 2 3243 1
1 2 3239 1
2 2 3231 1
5 2 3227 1
8 2 3226 1
3 2 3186 1
4 2 3183 1
6 2 3163 1
6 2 3127 1
2 2 3127 1
8 3 3288 1
4 3 3287 1
5 2 3259 1
4 2 3255 1
4 3 3242 1
3 2 3271 1
4 2 3269 1
8 5 3268 1
6 2 3268 1
1 2 3267 1
3 2 3266 1
2 3 3267 1
3 2 3258 1
7 2 3249 1
4 2 3245 1
8 3 3245 1
2 2 3246 1
6 2 3237 1
5 2 3217 1
4 2 3214 1
3 2 3207 1
2 2 3199 1
7 2 3199 1
2 2 3255 1
3 2 3255 1
5 2 3251 1
3 2 3244 1
1 2 3244 1
5 2 3232 1
5 2 3223 1
1 2 3218 1
6 2 3217 1
8 2 3215 1
4 2 3215 1
5 2 3243 1
5 2 3231 1
3 2 3228 1
8 3 3227 1
7 2 3224 1
2 2 3215 1
2 2 3204 1
7 2 3189 1
5 2 3183 1
4 2 3168 1
4 2 3154 1
2 2 3148 1
3 2 3148 1
7 2 3210 1
2 2 3205 1
7 2 3204 1
8 2 3204 1
2 2 3218 1
1 2 3212 1
7 2 3212 1
3 2 3197 1
6 2 3196 1
1 2 3191 1
6 2 3186 1
4 3 3185 1
8 2 3187 1
2 2 3175 1
4 2 3148 1
8 3 3147 1
8 2 3178 1
4 3 3177 1
8 2 3176 1
3 2 3173 1
8 2 3171 1
1 2 3171 1
2 2 3199 1
1 2 3192 1
4 3 3192 1
2 2 3187 1
6 2 3187 1
1 3 3189 1
7 2 3189 1
3 2 3186 1
5 2 3187 1
8 2 3187 1
1 2 3186 1
8 2 3181 1
5 2 3173 1
3 2 3161 1
5 2 3159 1
6 2 3156 1
3 2 3156 1
7 2 3173 1
2 2 3171 1
6 2 3169 1
1 2 3134 1
3 2 3134 1
1 2 3174 1
8 2 3174 1
8 2 3165 1
1 2 3164 1
2 2 3161 1
6 2 3142 1
1 3 3142 1
6 2 3161 1
8 2 3156 1
4 2 3152 1
3 2 3144 1
7 2 3143 1
2 2 3142 1
7 3 3134 1
5 2 3154 1
3 2 3139 1
6 2 3115 1
2 2 3112 1
6 2 3091 1
5 2 3075 1
7 2 3075 1
7 2 3148 1
4 2 3136 1
6 2 3128 1
1 2 3119 1
7 2 3093 1
5 2 3091 1
6 2 3076 1
2 2 3076 1
1 2 3143 1
2 2 3143 1
1 3 3139 1
6 2 3139 1
7 3 3138 1
4 3 3124 1
5 2 3127 1
1 2 3127 1
2 2 3124 1
8 2 3119 1
3 2 3111 1
2 2 3104 1
4 3 3104 1
5 2 3100 1
4 2 3098 1
2 2 3092 1
7 2 3083 1
3 2 3075 1
6 2 3107 1
1 2 3106 1
1 2 3094 1
8 2 3073 1
5 2 3067 1
7 2 3064 1
7 2 3060 1
4 2 3052 1
4 2 3048 1
2 2 3044 1
2 2 3023 1
3 2 3011 1
1 2 3008 1
5 2 2996 1
6 2 2934 1
4 2 2934 1
8 4 3104 1
5 2 3096 1
4 2 3089 1
6 2 3071 1
3 2 3055 1
8 2 3049 1
5 2 3046 1
3 2 3046 1
2 2 3089 1
8 2 3067 1
3 2 3067 1
7 2 3085 1
8 3 3078 1
4 2 3087 1
6 2 3087 1
7 2 3079 1
2 2 3056 1
4 2 3051 1
1 2 3050 1
3 2 3047 1
6 2 3035 1
7 2 3019 1
7 2 3002 1
4 2 3002 1
4 2 3076 1
5 2 3075 1
7 2 3061 1
7 3 3032 1
2 2 3068 1
4 2 3066 1
3 2 3060 1
5 2 3052 1
4 2 3046 1
7 2 3038 1
3 2 3037 1
5 2 3037 1
5 2 3058 1
3 2 3058 1
6 2 3060 1
1 3 3060 1
7 2 3057 1
1 2 3048 1
3 2 3032 1
3 2 3028 1
5 2 3026 1
7 2 3020 1
5 2 2999 1
2 2 2997 1
3 2 2996 1
6 2 2996 1
8 3 3022 1
2 2 3038 1
7 2 3037 1
1 2 3031 1
8 2 3028 1
1 2 3022 1
6 2 3036 1
5 2 3036 1
2 2 3035 1
7 2 3021 1
1 2 3015 1
8 2 3014 1
3 2 3007 1
3 2 2988 1
6 2 2985 1
6 2 2982 1
8 2 2981 1
4 2 2980 1
5 2 2980 1
5 2 3022 1
1 2 3001 1
3 2 2986 1
7 2 2986 1
5 2 2999 1
6 2 2996 1
2 2 2991 1
7 2 2991 1
4 2 3006 1
8 2 2985 1
7 2 2983 1
7 2 2980 1
3 2 2974 1
1 2 2967 1
6 2 2940 1
4 2 2931 1
6 2 2926 1
3 2 2921 1
6 2 2920 1
3 2 2902 1
4 2 2900 1
7 2 2899 1
6 2 2899 1
3 2 2979 1
1 2 2970 1
6 2 2965 1
2 2 2960 1
7 2 2954 1
1 2 2950 1
2 2 2942 1
6 2 2942 1
3 2 2948 1
6 2 2948 1
5 2 2974 1
3 2 2974 1
2 2 2960 1
7 2 2948 1
7 2 2938 1
3 2 2935 1
4 2 2914 1
3 2 2903 1
1 3 2898 1
8 2 2964 1
8 2 2942 1
3 3 2942 1
1 2 2969 1
4 2 2966 1
5 2 2962 1
4 2 2959 1
7 2 2951 1
4 3 2951 1
7 2 2959 1
3 2 2959 1
8 2 2952 1
4 2 2952 1
5 2 2952 1
6 2 2950 1
7 2 2949 1
2 2 2944 1
5 2 2929 1
1 2 2915 1
7 2 2914 1
5 2 2914 1
5 2 2945 1
4 2 2945 1
7 2 2936 1
1 2 2931 1
7 2 2929 1
2 3 2929 1
5 2 2932 1
4 2 2928 1
2 2 2898 1
6 2 2896 1
2 2 2893 1
1 2 2883 1
8 2 2882 1
4 2 2880 1
3 2 2879 1
8 2 2836 1
4 2 2827 1
1 2 2824 1
4 2 2823 1
6 2 2801 1
1 2 2797 1
5 2 2788 1
6 2 2788 1
3 2 2911 1
3 2 2905 1
1 2 2892 1
7 3 2887 1
4 2 2914 1
3 2 2909 1
1 2 2905 1
5 2 2904 1
3 2 2897 1
8 2 2893 1
5 2 2887 1
1 3 2886 1
8 2 2901 1
6 2 2901 1
8 2 2881 1
1 2 2880 1
7 2 2878 1
6 2 2878 1
7 3 2898 1
3 2 2881 1
4 2 2879 1
4 2 2875 1
2 2 2875 1
7 2 2875 1
1 2 2872 1
3 2 2872 1
5 2 2889 1
3 2 2889 1
6 2 2882 1
4 2 2882 1
4 2 2877 1
6 2 2868 1
3 2 2866 1
6 2 2851 1
5 2 2845 1
1 2 2841 1
4 2 2838 1
6 2 2820 1
5 2 2820 1
2 3 2871 1
2 2 2863 1
5 2 2863 1
3 2 2862 1
5 2 2856 1
4 2 2842 1
2 2 2839 1
7 2 2834 1
3 2 2833 1
8 2 2832 1
7 2 2826 1
3 2 2818 1
6 2 2812 1
1 2 2804 1
3 2 2787 1
7 2 2850 1
4 2 2840 1
1 2 2839 1
3 3 2829 1
7 2 2848 1
2 2 2837 1
7 2 2831 1
6 2 2806 1
5 2 2800 1
2 3 2800 1
6 2 2842 1
2 2 2822 1
5 2 2817 1
4 2 2810 1
5 3 2810 1
6 2 2835 1
5 2 2832 1
2 2 2814 1
5 2 2794 1
4 2 2787 1
1 2 2781 1
7 2 2777 1
3 2 2756 1
7 2 2754 1
5 2 2753 1
6 3 2752 1
6 2 2805 1
3 2 2784 1
8 2 2781 1
1 2 2781 1
5 2 2821 1
1 2 2821 1
2 2 2820 1
8 2 2818 1
4 2 2818 1
8 4 2804 1
7 2 2801 1
3 3 2793 1
3 2 2786 1
7 2 2784 1
1 2 2784 1
7 2 2781 1
6 2 2773 1
2 2 2763 1
7 2 2762 1
8 2 2760 1
5 2 2757 1
1 2 2753 1
5 2 2745 1
1 2 2744 1
8 2 2731 1
3 2 2723 1
2 2 2723 1
6 2 2792 1
7 2 2792 1
2 2 2788 1
3 2 2762 1
3 2 2752 1
5 2 2748 1
7 2 2748 1
1 2 2785 1
4 2 2785 1
7 3 2779 1
2 2 2769 1
5 2 2768 1
2 3 2766 1
2 2 2775 1
5 2 2775 1
8 2 2767 1
4 2 2764 1
7 2 2762 1
6 2 2762 1
2 2 2747 1
4 3 2761 1
7 2 2766 1
4 2 2765 1
3 2 2765 1
1 2 2765 1
6 2 2763 1
6 2 2756 1
5 2 2756 1
2 2 2759 1
2 2 2750 1
5 2 2746 1
8 2 2721 1
7 2 2711 1
1 2 2707 1
3 2 2706 1
2 2 2698 1
3 2 2698 1
5 2 2747 1
3 3 2747 1
6 2 2736 1
2 3 2736 1
5 2 2743 1
3 2 2740 1
8 3 2740 1
7 3 2735 1
1 2 2735 1
2 2 2736 1
7 2 2736 1
8 2 2734 1
7 2 2723 1
6 2 2722 1
5 2 2702 1
5 2 2679 1
2 2 2677 1
1 2 2672 1
2 2 2672 1
5 2 2723 1
1 2 2699 1
4 2 2695 1
8 2 2691 1
3 2 2671 1
2 2 2660 1
5 2 2659 1
8 2 2652 1
5 2 2648 1
3 2 2640 1
2 2 2633 1
7 2 2625 1
6 2 2624 1
4 2 2623 1
1 2 2621 1
2 2 2618 1
5 2 2607 1
6 2 2585 1
3 2 2585 1
1 2 2696 1
2 2 2694 1
4 2 2693 1
8 2 2684 1
3 2 2684 1
7 2 2690 1
8 2 2690 1
6 2 2692 1
8 2 2692 1
5 2 2673 1
2 2 2672 1
5 2 2655 1
4 2 2652 1
7 2 2652 1
7 2 2679 1
3 2 2674 1
3 2 2650 1
1 2 2640 1
7 3 2639 1
2 2 2677 1
8 2 2673 1
3 2 2668 1
4 2 2659 1
1 2 2651 1
8 2 2650 1
8 4 2646 1
1 2 2671 1
1 2 2661 1
2 2 2658 1
3 2 2639 1
8 2 2632 1
3 2 2626 1
3 2 2617 1
2 2 2617 1
5 2 2629 1
5 2 2618 1
5 2 2584 1
6 2 2658 1
2 3 2658 1
4 3 2654 1
7 2 2639 1
5 2 2636 1
6 3 2633 1
8 2 2633 1
2 2 2638 1
5 3 2638 1
6 3 2646 1
3 2 2637 1
7 2 2631 1
1 2 2630 1
7 2 2608 1
6 2 2605 1
2 2 2604 1
1 2 2598 1
3 2 2598 1
2 3 2623 1
7 2 2633 1
2 2 2633 1
4 2 2594 1
3 2 2591 1
8 2 2590 1
2 2 2589 1
5 2 2589 1
7 2 2626 1
3 2 2623 1
1 2 2623 1
8 2 2596 1
5 2 2594 1
7 2 2582 1
6 2 2558 1
8 2 2554 1
3 2 2535 1
8 2 2535 1
2 2 2617 1
3 2 2606 1
4 2 2602 1
5 2 2602 1
4 2 2612 1
6 2 2601 1
1 2 2604 1
6 2 2604 1
1 2 2606 1
8 2 2604 1
3 2 2588 1
1 2 2588 1
4 2 2590 1
8 2 2587 1
7 2 2581 1
8 2 2577 1
5 2 2556 1
1 2 2523 1
3 2 2522 1
3 2 2505 1
1 2 2500 1
6 2 2567 1
6 2 2562 1
2 2 2551 1
1 2 2544 1
2 2 2528 1
7 2 2515 1
8 2 2508 1
8 2 2499 1
1 2 2576 1
5 2 2576 1
7 2 2575 1
5 2 2558 1
5 2 2555 1
7 2 2554 1
8 2 2543 1
2 2 2533 1
1 2 2531 1
5 2 2519 1
7 2 2516 1
4 2 2516 1
1 2 2563 1
6 3 2563 1
8 2 2548 1
4 2 2548 1
1 2 2560 1
8 2 2559 1
3 3 2547 1
5 2 2545 1
1 2 2545 1
3 2 2555 1
6 2 2544 1
7 2 2552 1
3 2 2547 1
4 3 2543 1
1 2 2548 1
2 2 2545 1
4 2 2512 1
6 2 2498 1
5 2 2540 1
6 2 2534 1
2 2 2533 1
3 2 2530 1
6 2 2530 1
8 3 2533 1
1 2 2533 1
6 2 2532 1
1 2 2498 1
4 2 2497 1
5 3 2527 1
1 2 2527 1
6 2 2520 1
7 2 2520 1
3 2 2519 1
3 2 2514 1
2 2 2501 1
3 3 2499 1
6 2 2503 1
3 2 2503 1
6 2 2513 1
8 2 2513 1
4 2 2512 1
8 2 2509 1
6 2 2501 1
3 2 3067 2
4 2 3061 2
5 2 3059 2
1 3 3050 2
3 3 3048 2
8 2 3040 2
4 2 3036 2
8 2 3034 2
4 2 3022 2
6 2 3016 2
5 4 3013 2
3 2 3009 2
8 2 3005 2
4 2 3002 2
8 4 3000 2
5 4 2994 2
8 2 2983 2
5 2 2981 2
7 2 2971 2
5 2 2968 2
1 2 2963 2
1 2 2960 2
4 3 2959 2
1 4 2956 2
5 2 2953 2
5 3 2950 2
3 2 2948 2
6 3 2942 2
2 2 2939 2
2 5 2933 2
3 3 2922 2
2 2 2914 2
4 2 2912 2
7 2 2908 2
8 2 2906 2
8 2 2903 2
1 3 2887 2
3 3 2885 2
3 2 2867 2
7 2 2864 2
2 2 2850 2
8 2 2848 2
1 2 2846 2
3 2 2845 2
4 3 2837 2
6 2 2834 2
1 2 2833 2
1 2 2820 2
6 2 2803 2
1 3 2797 2
6 3 2795 2
3 2 2792 2
8 4 2786 2
2 3 2783 2
1 3 2780 2
1 2 2776 2
3 4 2766 2
4 2 2761 2
6 2 2760 2
2 3 2755 2
8 2 2751 2
4 5 2745 2
8 2 2738 2
2 2 2730 2
2 2 2717 2
4 2 2704 2
6 2 2703 2
7 2 2702 2
4 2 2701 2
7 3 2700 2
6 2 2697 2
3 3 2687 2
5 3 2682 2
3 2 2678 2
3 2 2672 2
3 3 2668 2
8 3 2666 2
4 2 2655 2
8 2 2652 2
6 3 2651 2
2 2 2648 2
6 2 2645 2
2 2 2640 2
6 2 2639 2
2 2 2638 2
2 2 2633 2
1 3 2632 2
2 2 2630 2
6 3 2625 2
1 3 2623 2
8 3 2606 2
3 2 2602 2
8 4 2590 2
4 2 2587 2
4 3 2582 2
8 3 2559 2
7 2 2550 2
2 2 2549 2
7 2 2548 2
8 2 2528 2
7 2 2526 2
7 2 2521 2
8 2 2518 2
1 2 2508 2
