6787
3868
4 2 89 1
6 2 86 1
4 2 81 1
6 3 94 1
8 3 85 1
1 2 80 1
4 2 69 1
6 2 66 1
5 2 59 1
4 2 39 1
6 2 36 1
5 2 29 1
8 2 82 2
7 2 72 2
5 3 71 2
2 2 80 1
2 3 73 1
1 2 74 2
8 2 82 1
7 2 81 1
1 2 77 1
2 2 75 1
3 2 76 2
5 2 76 2
3 2 72 2
7 2 73 1
2 2 58 2
8 2 70 1
2 2 66 1
1 2 64 1
4 2 69 2
8 2 64 2
3 2 64 2
1 3 66 1
5 2 65 1
4 2 63 2
3 2 57 2
7 2 59 1
8 2 55 2
6 2 58 2
1 3 38 2
4 2 47 1
2 2 39 1
1 2 47 2
6 2 49 1
3 2 37 2
1 2 49 1
8 2 49 2
2 2 49 1
2 2 36 2
2 2 45 1
6 2 45 1
8 2 42 1
7 2 41 1
4 2 38 1
8 2 36 1
3 2 41 2
5 3 38 2
1 2 38 1
3 2 30 2
1 2 31 1
8 2 28 2
1 2 75 3
5 2 69 3
7 2 68 3
7 2 72 3
5 2 71 3
2 4 69 3
8 5 69 3
7 2 61 3
7 2 50 3
4 2 50 3
7 3 37 3
3 2 59 3
2 2 58 3
2 2 50 3
6 2 49 3
2 4 39 3
4 2 36 3
7 2 75 4
2 2 73 4
5 2 72 4
8 3 72 4
4 2 75 4
4 2 61 4
4 2 56 4
7 2 55 4
6 4 54 4
1 2 54 3
4 2 54 3
5 2 53 4
7 2 52 4
6 2 52 3
1 2 62 4
5 2 58 4
2 2 53 4
2 2 43 4
3 2 52 3
3 2 47 3
8 2 46 3
2 2 59 4
8 3 39 4
7 2 44 3
3 2 43 3
5 2 43 3
2 3 47 4
7 2 47 4
4 3 43 4
1 2 49 4
4 3 47 4
6 2 47 4
7 2 47 4
6 2 45 4
3 2 45 4
1 2 40 4
7 2 40 3
6 2 39 4
4 2 27 4
8 2 35 3
2 2 28 3
6 2 32 2
6 3 33 3
5 2 33 4
1 3 33 4
2 2 29 4
7 2 29 4
5 2 60 5
6 2 56 5
8 2 55 5
5 2 50 5
6 2 48 5
1 2 48 5
8 2 34 5
6 2 25 5
6 2 91 6
7 2 83 6
6 2 71 6
7 2 63 6
8 2 86 6
1 2 82 6
3 2 78 6
8 2 56 6
5 2 53 6
7 3 53 5
5 2 67 6
8 2 65 6
1 2 61 6
2 2 50 6
5 2 45 6
4 2 51 5
4 2 70 6
2 2 59 6
4 2 57 6
7 2 44 6
6 2 52 5
2 2 49 5
8 2 44 5
6 2 45 6
3 2 49 5
1 2 47 5
5 2 63 6
4 2 59 6
6 2 58 6
8 2 54 6
5 4 51 6
7 2 57 6
7 2 51 6
3 2 54 6
2 2 54 6
1 2 44 6
4 2 40 6
4 2 41 5
3 2 45 6
2 2 45 5
4 3 45 6
7 2 39 6
3 2 38 6
3 3 71 7
4 2 70 7
6 4 69 7
5 2 67 7
6 2 40 7
1 2 40 6
4 2 61 7
6 2 59 7
6 2 55 7
1 3 49 7
4 2 45 7
3 3 41 7
8 2 41 7
3 2 57 7
3 2 52 7
4 2 49 7
2 2 49 7
2 2 53 7
8 2 45 7
3 2 36 7
5 2 38 6
7 2 45 7
3 2 43 7
2 2 34 7
6 2 36 6
1 2 43 7
6 3 39 7
4 3 66 8
5 2 63 8
1 2 63 8
4 2 67 8
3 3 61 8
5 2 60 8
4 2 58 8
8 3 57 8
1 3 48 8
8 2 62 8
2 2 55 8
6 2 55 8
5 2 60 8
1 2 59 8
2 2 57 8
5 2 53 8
4 2 49 8
5 2 47 8
2 2 41 8
5 2 41 7
6 3 48 8
8 2 42 8
4 2 38 8
8 2 72 9
7 3 65 9
1 2 59 9
1 2 50 9
7 2 70 9
3 2 64 9
7 2 54 9
6 3 51 9
2 2 48 9
8 3 46 9
1 3 63 9
2 2 62 9
1 2 58 9
6 2 57 9
2 3 55 9
1 2 49 9
1 2 43 9
2 2 42 9
7 2 69 10
4 3 66 10
2 2 68 10
3 2 67 10
8 2 67 10
2 2 73 10
6 2 64 10
6 2 58 10
5 2 57 10
4 2 46 10
2 2 58 10
8 2 51 10
6 3 46 10
1 2 57 9
4 2 54 9
3 2 58 10
7 2 43 10
8 2 50 9
6 2 59 10
7 2 53 10
3 2 52 10
2 2 52 10
1 2 51 10
1 2 35 10
5 2 52 9
3 2 49 9
5 2 49 9
8 2 50 9
4 3 50 10
6 2 34 10
7 2 37 9
8 2 43 8
5 2 38 8
1 2 37 8
1 2 38 7
3 4 41 10
4 3 29 10
2 2 36 9
8 2 34 9
5 2 34 8
3 2 36 7
8 2 36 7
7 2 35 7
7 2 36 6
2 2 36 6
3 4 34 10
6 3 26 10
1 2 27 9
4 2 33 8
1 2 33 7
6 2 33 7
8 2 32 7
1 2 30 8
4 2 36 10
5 2 34 10
4 2 31 10
2 2 36 9
7 3 35 9
6 2 34 9
3 2 24 10
3 2 31 9
4 3 21 10
8 3 28 9
6 2 30 8
6 2 24 9
5 2 28 8
8 2 23 9
1 2 26 10
7 2 22 10
2 2 23 9
4 2 25 8
1 2 21 10
6 2 20 10
4 3 10 10
8 2 14 9
1 2 19 8
5 2 27 7
8 2 18 8
1 2 28 7
2 2 20 7
8 2 20 6
5 2 30 5
4 2 30 5
6 2 26 5
3 2 28 4
7 2 23 5
7 2 24 4
7 2 27 3
1 2 30 5
5 2 26 5
7 2 26 6
3 2 20 7
3 2 27 8
2 2 15 8
3 2 16 7
5 2 20 6
5 2 23 5
3 2 25 4
8 2 24 4
4 2 23 5
4 2 24 5
2 2 23 6
5 2 18 6
6 2 20 5
7 2 21 4
8 2 19 7
4 2 18 7
4 2 51 11
5 2 38 11
8 3 35 11
4 3 55 11
3 3 50 11
6 2 46 11
3 2 45 11
4 2 40 11
8 2 37 11
1 2 36 11
2 2 35 11
5 2 34 11
6 2 33 11
4 2 33 11
8 2 43 11
1 3 32 11
1 2 41 11
5 3 40 11
1 2 36 11
2 2 27 11
6 2 10 11
8 2 9 10
6 2 14 9
3 2 11 9
2 2 9 10
8 3 25 11
8 3 18 11
2 2 29 11
1 2 22 11
5 2 17 11
5 2 8 11
7 2 13 10
3 2 12 10
2 2 11 10
2 2 24 11
5 2 19 11
2 2 43 12
7 2 33 12
5 2 32 12
3 2 30 12
8 2 28 12
2 2 57 12
6 2 55 12
5 2 52 12
7 3 47 12
4 2 38 12
2 2 27 12
8 2 38 12
6 2 34 12
3 2 25 12
7 2 32 12
5 2 29 12
2 2 18 12
6 2 23 11
7 2 22 11
6 2 33 12
2 3 30 12
1 2 26 12
3 2 17 12
4 2 18 11
3 2 37 12
3 2 31 12
3 2 18 12
1 2 18 11
8 2 30 12
3 2 14 12
8 2 19 11
7 2 15 11
4 5 28 12
3 2 11 12
6 2 13 11
2 3 13 11
7 2 24 12
2 2 22 12
1 2 22 12
3 2 9 12
4 2 8 11
5 2 10 10
8 2 7 12
7 2 58 13
5 2 58 13
7 2 64 13
1 2 63 13
1 2 56 13
8 2 56 13
5 2 49 13
5 2 58 13
2 3 56 13
6 2 50 13
7 2 48 13
3 2 53 13
8 2 52 13
1 2 46 13
7 2 38 13
5 2 38 13
1 2 36 13
8 2 36 13
3 2 39 13
3 2 34 13
7 3 32 13
4 2 32 13
6 2 38 13
2 3 34 13
4 3 37 13
6 3 31 13
4 2 32 13
8 2 31 13
4 3 17 13
3 2 64 14
4 2 63 14
2 2 63 14
7 2 62 14
5 2 62 14
2 2 55 14
8 2 64 14
2 2 45 14
3 2 44 14
4 2 43 14
4 2 38 14
7 2 38 14
6 2 54 14
8 2 37 14
2 3 36 14
5 3 31 14
7 2 31 14
2 2 31 13
2 2 29 14
4 2 6 14
8 2 26 13
5 2 26 13
7 2 24 13
3 2 21 13
7 2 13 13
4 2 13 12
2 2 7 13
8 2 37 14
1 2 33 14
2 2 26 14
1 2 21 14
2 2 8 14
7 2 8 14
6 2 7 13
8 2 14 12
5 2 13 12
6 2 13 13
4 2 34 14
1 3 31 14
6 3 30 14
7 2 31 14
6 2 20 14
7 2 20 14
2 2 29 14
7 2 26 14
8 2 18 14
7 3 14 14
3 2 17 13
8 2 21 14
8 2 8 14
7 2 11 13
6 5 13 14
2 2 11 14
4 2 15 13
5 2 10 13
5 3 11 14
7 3 10 14
1 2 44 15
8 2 42 15
4 2 55 15
7 2 31 15
5 2 20 15
6 2 45 15
7 2 44 15
2 2 11 15
4 3 11 15
1 2 9 14
5 2 44 15
6 3 42 15
1 2 42 15
2 2 42 15
6 2 27 15
1 2 27 15
3 2 38 15
4 2 34 15
7 2 15 15
6 2 12 15
4 2 12 15
8 3 31 15
5 3 29 15
6 2 26 15
2 2 26 15
6 2 20 15
8 3 16 15
2 2 15 15
5 2 9 15
6 2 4 15
1 2 13 14
6 2 9 14
3 2 8 14
2 2 7 14
5 2 8 13
1 2 11 12
3 2 11 12
4 2 7 15
5 3 11 15
3 2 14 15
4 3 11 15
6 3 6 15
3 2 8 14
8 2 8 15
6 3 63 16
8 2 59 16
5 2 53 16
3 2 48 16
4 2 48 16
1 2 56 16
8 2 51 16
7 2 46 16
7 2 55 16
5 2 50 16
3 2 29 16
4 2 28 16
6 3 21 16
5 4 16 16
7 2 15 16
3 2 37 16
2 2 35 16
1 2 34 16
4 2 33 16
8 2 32 16
8 2 28 16
5 2 76 17
6 2 69 17
5 3 62 17
1 2 59 17
7 2 52 17
2 2 51 17
1 4 50 17
3 2 67 17
2 2 65 17
5 2 53 17
6 2 52 17
6 4 49 17
8 2 41 17
5 2 37 17
4 2 38 16
2 2 38 16
3 3 43 17
6 2 39 17
1 2 38 17
8 2 37 17
3 3 37 16
8 2 54 17
1 2 52 17
2 3 38 17
4 3 38 17
4 2 51 17
3 3 43 17
1 3 30 17
5 3 28 17
7 2 28 16
4 2 43 17
2 2 42 17
3 3 41 17
4 3 40 17
3 2 33 17
4 2 15 17
6 2 34 16
7 2 20 16
1 2 15 16
2 2 15 16
6 2 26 16
5 2 22 16
6 2 32 17
7 2 32 17
8 2 20 17
8 2 15 17
5 3 22 17
5 2 23 16
4 3 20 17
8 2 20 17
5 2 48 18
4 3 44 18
1 2 55 18
4 2 49 18
8 2 48 18
1 2 46 18
1 3 37 18
2 3 45 18
5 2 35 18
6 2 47 18
3 2 44 18
1 2 23 18
4 3 26 18
3 3 21 18
1 2 68 19
1 2 48 19
1 2 73 19
6 2 72 19
5 2 65 19
8 2 64 19
7 3 63 19
8 2 59 19
6 2 54 19
6 2 26 19
2 2 62 19
3 2 46 19
2 2 28 19
6 2 38 18
8 2 37 18
2 2 35 18
5 2 34 18
4 2 31 18
7 3 87 20
3 2 86 20
4 3 60 20
1 2 82 20
6 2 81 20
4 2 77 20
2 3 76 20
6 3 75 20
8 2 73 20
7 3 72 20
2 2 69 20
2 2 46 20
4 2 43 20
1 2 51 19
3 2 69 20
6 2 56 20
3 4 56 20
4 2 68 20
5 2 65 20
1 2 63 20
2 3 55 20
6 2 41 20
4 2 55 19
7 2 54 19
4 2 44 19
7 2 43 19
1 2 51 20
4 2 48 20
8 2 50 19
8 2 57 20
2 2 39 20
3 2 49 19
2 2 48 19
6 2 47 19
3 2 44 19
1 2 43 19
6 3 20 20
8 2 40 19
5 2 40 19
1 2 29 19
8 2 29 18
5 2 29 19
7 3 47 20
2 2 47 20
7 2 42 20
6 2 39 20
6 2 28 20
8 2 31 19
5 2 35 18
7 2 29 19
8 3 37 20
7 2 26 20
3 2 25 20
4 2 29 19
6 2 27 19
5 2 33 18
8 2 27 19
4 2 25 19
1 2 23 20
6 2 22 20
6 4 9 20
7 2 26 19
8 2 21 19
7 2 23 18
2 3 22 18
1 2 17 19
1 2 19 18
6 3 11 19
7 2 24 20
1 2 23 20
1 2 11 20
2 2 16 19
2 2 19 18
5 2 17 18
6 2 18 17
6 2 22 16
2 2 22 16
3 2 17 17
8 2 17 19
6 2 13 19
2 2 20 20
4 2 10 20
8 2 12 19
2 2 12 18
3 2 10 20
6 2 52 21
7 3 50 21
4 2 45 21
6 2 43 21
2 2 45 21
4 2 37 21
3 2 43 21
6 2 34 21
2 2 28 21
3 2 21 21
5 2 13 21
3 3 11 21
7 2 11 20
8 2 1 21
7 2 76 22
8 2 73 22
2 4 69 22
6 2 77 22
4 2 74 22
5 2 55 22
2 3 73 22
4 2 66 22
7 2 65 22
5 2 63 22
2 4 50 22
3 2 60 22
7 2 59 22
7 2 44 22
5 2 44 22
5 2 61 22
3 2 61 22
6 2 58 22
6 3 51 22
7 2 49 22
8 2 34 22
2 2 29 22
1 2 29 21
3 2 52 22
1 2 45 22
4 3 37 22
4 3 27 22
5 2 35 21
6 2 33 21
5 2 31 21
5 2 28 21
7 2 46 22
4 2 46 22
8 2 44 22
5 2 43 22
1 2 33 22
8 2 33 22
3 2 35 22
6 2 32 22
4 2 32 22
7 2 28 22
8 2 30 21
3 2 28 22
7 2 27 22
8 2 28 21
2 2 28 21
7 3 20 22
1 2 27 21
3 2 26 21
6 2 22 21
5 2 22 21
7 4 11 22
8 2 16 21
4 2 11 21
4 2 14 22
4 2 16 21
5 2 14 21
3 2 16 20
7 2 11 22
2 2 11 21
8 2 15 20
6 2 13 20
1 2 14 21
3 2 12 22
7 2 3 22
4 2 12 21
8 2 8 21
3 2 54 23
7 2 49 23
8 2 51 23
4 2 45 23
2 2 33 23
6 3 25 23
7 2 22 23
6 2 43 23
2 2 43 23
4 2 43 23
7 2 42 23
1 2 42 23
2 2 37 23
7 2 37 23
2 2 28 23
2 3 21 23
8 2 29 23
1 2 28 23
4 2 25 23
7 2 21 23
2 4 9 23
6 2 26 23
7 2 25 23
8 2 21 23
6 2 12 23
2 2 12 23
3 2 22 23
2 2 61 24
4 2 60 24
2 2 66 24
6 2 58 24
5 2 46 24
8 2 42 24
7 2 58 24
5 2 56 24
5 2 29 24
5 3 21 24
4 2 57 24
7 2 51 24
4 2 47 24
7 2 44 24
6 2 39 24
4 3 28 24
7 2 22 24
6 2 20 24
7 4 25 23
2 2 24 23
8 2 22 23
5 2 39 24
2 2 37 24
6 4 36 24
4 2 38 24
7 3 36 24
3 3 35 24
6 2 21 24
1 2 21 23
8 2 31 24
1 2 26 24
5 3 17 24
4 2 16 24
4 2 20 23
5 4 11 24
1 2 19 23
3 2 19 23
5 2 16 23
2 2 16 23
7 4 11 23
6 2 24 24
3 2 19 24
5 2 17 24
6 3 11 24
4 2 16 24
6 2 15 24
4 3 10 24
8 2 11 23
7 2 8 24
1 2 10 23
6 2 7 24
6 2 8 23
7 2 10 24
6 2 9 24
4 4 9 24
6 2 4 24
5 2 51 25
6 3 47 25
5 2 45 25
7 2 49 25
5 2 41 25
7 2 25 25
5 2 33 25
1 2 27 25
8 3 20 25
1 2 15 25
8 2 28 25
1 2 18 25
5 3 13 25
2 2 29 25
6 2 29 25
5 3 34 25
7 2 28 25
1 2 25 25
6 3 25 25
3 2 17 25
5 2 14 25
8 3 13 25
2 3 13 25
1 2 8 25
2 2 8 25
8 2 76 26
4 2 74 26
8 2 67 26
1 2 65 26
5 2 63 26
8 2 60 26
5 2 60 26
4 2 60 26
3 2 55 26
4 2 54 26
1 2 48 26
6 2 33 26
3 2 32 26
1 2 30 26
8 2 30 26
6 2 47 26
3 2 46 26
4 2 41 26
4 2 32 26
2 2 31 26
8 2 26 26
5 2 40 26
4 2 25 26
8 3 10 26
7 2 16 25
5 2 14 25
4 2 9 25
8 2 31 26
5 2 18 26
8 2 13 26
5 3 26 26
6 3 26 26
7 2 22 26
2 2 21 26
1 4 20 26
5 2 32 26
3 5 20 26
3 2 8 26
1 3 59 27
5 2 62 27
3 2 60 27
1 3 56 27
7 2 56 27
2 2 55 27
2 2 47 27
1 2 46 27
5 2 45 27
6 2 40 27
1 2 36 27
5 2 31 27
3 2 26 27
6 2 48 27
5 2 45 27
6 2 33 27
1 3 10 27
3 2 12 26
6 2 16 25
2 3 18 26
4 2 11 26
1 2 13 25
8 2 21 26
5 2 21 26
1 2 21 26
3 2 29 27
4 3 19 27
4 2 12 27
3 2 12 26
4 2 33 27
3 2 33 27
1 3 32 27
6 2 18 27
2 2 18 27
4 3 26 27
1 2 16 27
3 2 16 26
8 2 16 26
1 2 21 27
2 3 20 27
4 2 17 27
6 3 11 27
7 2 14 26
1 2 11 27
5 2 10 26
8 2 10 26
5 2 13 27
8 2 65 28
1 2 63 28
4 2 58 28
8 2 49 28
1 2 46 28
8 2 45 28
4 3 39 28
6 2 44 28
7 2 33 28
8 2 29 28
4 2 55 28
2 2 52 28
6 2 49 28
8 2 47 28
2 2 43 28
7 2 40 28
6 2 37 28
8 2 21 28
3 2 32 28
8 3 17 28
2 2 43 28
5 2 42 28
8 2 31 28
6 2 28 28
4 2 27 28
8 2 25 28
3 2 22 28
4 2 22 28
1 3 30 28
6 2 28 28
6 3 18 28
8 2 14 28
6 3 29 28
1 2 23 28
1 2 20 28
7 3 15 28
2 2 15 28
6 2 57 29
1 4 48 29
4 3 46 29
6 2 57 29
1 2 54 29
4 3 53 29
7 2 47 29
1 2 38 29
7 2 34 29
3 2 33 29
4 5 11 29
6 2 13 28
1 2 11 29
2 2 20 28
5 2 19 28
4 2 19 28
8 4 45 29
1 2 45 29
6 2 42 29
6 2 26 29
6 2 10 29
3 2 39 29
4 2 38 29
1 2 37 29
8 2 36 29
7 2 4 29
2 2 15 28
5 2 15 28
6 2 11 28
1 2 6 28
8 2 21 29
2 2 21 29
7 3 29 29
2 2 25 29
6 2 25 29
8 3 22 29
1 2 15 29
4 4 14 29
4 2 23 29
6 3 23 29
3 4 14 29
7 2 13 29
1 2 51 30
4 2 51 30
4 2 58 30
8 2 54 30
6 2 47 30
6 2 35 30
6 2 32 30
7 2 49 30
8 3 45 30
3 2 48 30
2 2 45 30
5 5 45 30
4 2 39 30
6 2 38 30
2 2 34 30
4 2 32 30
5 2 19 30
4 2 17 30
7 4 31 30
3 2 34 30
5 2 31 30
6 2 19 30
1 3 16 30
2 2 13 30
5 3 23 30
3 2 21 30
2 3 20 30
5 2 16 30
5 2 17 29
4 2 17 30
2 2 16 30
2 2 8 30
5 3 11 30
3 2 15 29
7 2 15 29
3 2 14 29
1 2 15 30
1 2 16 30
7 2 14 30
8 4 13 30
5 2 50 31
7 2 57 31
2 2 53 31
4 2 50 31
7 3 49 31
8 4 50 31
6 2 48 31
3 2 46 31
7 2 26 31
2 3 43 31
1 3 45 31
8 2 42 31
4 2 41 31
3 2 31 31
5 2 23 31
7 2 29 31
3 2 22 31
3 2 36 31
8 2 25 31
4 2 23 31
4 3 17 31
7 2 10 31
3 2 11 30
6 2 24 31
2 3 23 31
3 2 19 31
5 2 12 31
2 2 14 30
7 2 19 31
4 2 19 31
5 2 18 31
1 2 19 31
6 2 18 31
2 2 15 31
7 2 14 31
2 3 10 31
6 2 13 30
8 2 13 31
2 2 54 32
1 2 51 32
3 2 46 32
7 2 34 32
4 2 56 32
2 2 55 32
4 2 47 32
5 2 44 32
4 2 38 32
7 2 35 32
7 2 23 32
2 2 30 32
3 2 27 32
7 2 18 32
2 2 18 32
6 2 18 32
5 2 80 33
8 2 75 33
7 3 80 33
2 2 76 33
5 3 70 33
6 2 73 33
6 2 68 33
1 2 68 33
4 2 67 33
7 2 60 33
2 2 55 33
6 2 69 33
4 2 54 33
7 3 50 33
6 2 56 33
4 2 56 33
2 2 55 33
5 2 42 33
3 2 43 32
1 2 56 33
3 2 54 33
6 2 47 33
8 2 11 33
8 2 50 33
5 2 48 33
6 2 35 33
7 2 42 32
2 2 47 33
4 2 43 33
6 3 28 33
2 2 30 32
4 2 45 33
6 2 36 33
8 2 38 32
3 2 43 33
2 2 34 33
6 2 38 32
4 2 25 33
7 2 37 32
5 2 36 32
8 2 24 33
2 2 23 33
8 2 35 32
1 2 29 32
8 2 27 32
4 2 28 33
2 2 29 32
7 2 29 32
6 2 29 33
6 2 19 33
6 2 25 32
1 2 19 33
5 3 18 32
7 2 18 32
5 2 20 33
1 2 21 32
4 3 20 32
7 2 19 33
4 2 18 33
6 2 10 33
8 2 14 32
3 2 13 33
8 2 63 34
7 3 54 34
3 2 54 34
4 2 54 34
5 2 56 34
6 4 51 34
5 2 34 34
8 2 30 34
1 2 23 34
4 2 13 34
2 2 49 34
1 2 12 34
7 3 12 34
8 2 11 33
2 2 10 33
6 2 43 34
2 2 39 34
1 2 38 34
5 2 32 34
2 2 22 34
1 2 22 34
7 2 36 34
5 4 25 34
7 2 22 34
6 4 22 34
2 2 21 34
1 4 29 34
8 3 26 34
4 2 26 34
7 2 20 34
3 3 24 34
5 3 14 34
7 3 14 34
3 2 72 35
6 2 70 35
3 2 69 35
3 2 59 35
1 2 52 35
5 2 48 35
8 2 48 35
1 3 60 35
4 2 63 35
7 2 61 35
7 2 54 35
2 2 53 35
1 3 52 35
5 2 58 35
5 2 54 35
6 2 53 35
6 2 51 35
5 2 47 35
2 2 53 35
4 4 46 35
8 2 44 35
1 2 42 35
5 3 40 35
5 2 38 35
4 3 38 35
8 4 37 35
3 2 37 35
8 2 41 35
8 2 36 35
4 2 35 35
6 2 36 35
4 4 30 35
6 3 31 35
8 2 31 35
1 2 29 35
4 2 21 35
8 2 20 35
3 2 16 35
5 2 19 34
4 2 15 35
1 2 59 36
6 2 53 36
6 2 41 36
1 2 40 36
4 2 52 36
1 2 35 36
1 3 21 36
5 2 52 36
4 2 46 36
5 2 43 36
1 2 43 36
8 2 47 36
3 2 41 36
5 2 40 36
3 2 33 36
2 2 32 36
1 2 31 36
5 3 31 36
5 2 20 36
6 2 20 35
2 2 36 36
6 3 68 37
3 2 56 37
2 2 48 37
2 3 41 37
2 2 55 37
8 2 53 37
5 2 53 37
1 2 61 37
1 2 51 37
2 2 48 37
8 2 44 37
6 2 42 37
4 2 42 37
8 2 56 37
7 2 46 37
4 2 46 37
4 2 49 37
6 2 39 37
1 3 34 37
1 3 40 37
1 2 36 37
6 2 35 37
7 2 34 37
8 2 34 37
6 2 33 36
3 2 37 37
8 2 27 37
6 2 26 37
5 2 34 36
3 2 34 36
7 3 36 37
7 2 23 37
8 2 30 36
6 2 30 37
2 3 22 37
2 2 31 36
2 2 26 36
7 2 26 37
5 2 26 37
1 2 25 36
3 2 25 36
8 2 25 37
1 2 10 37
2 2 14 36
4 2 23 35
5 2 22 35
3 2 22 36
6 2 13 36
4 2 11 36
4 2 19 35
2 2 15 35
8 2 12 35
3 2 12 34
6 2 12 35
4 2 11 35
1 2 12 36
3 3 14 37
8 2 14 37
2 2 14 36
8 2 11 37
1 2 13 36
1 2 61 38
6 2 48 38
4 2 47 38
1 2 41 38
4 4 39 38
6 2 38 38
4 4 60 38
2 2 59 38
7 3 50 38
3 2 49 38
2 2 43 38
8 2 40 38
3 2 29 38
5 2 51 38
4 3 43 38
6 2 41 38
4 3 29 38
2 2 42 38
8 2 42 38
3 2 38 38
7 2 29 38
6 2 29 38
6 2 41 38
3 2 29 38
1 3 28 38
4 2 18 38
7 2 13 38
1 2 12 38
5 2 6 38
3 2 9 37
5 2 9 36
3 2 10 35
3 2 21 38
4 2 21 38
8 2 30 38
7 3 29 38
2 2 27 38
6 2 12 38
3 2 3 38
8 3 44 39
5 3 39 39
1 2 60 39
6 2 56 39
7 2 48 39
3 2 47 39
5 3 28 39
8 3 54 39
7 3 50 39
1 2 40 39
6 2 37 39
8 2 31 39
2 2 21 39
5 2 41 39
3 2 32 39
6 2 24 39
1 2 24 38
4 2 44 39
5 2 43 39
4 2 39 39
2 2 30 39
2 2 25 39
5 3 21 39
6 2 20 39
2 2 36 39
4 2 21 39
8 2 19 39
3 2 32 39
8 3 23 39
2 3 28 39
4 2 23 39
7 3 19 39
3 3 19 38
7 2 19 38
7 2 20 38
1 2 19 38
6 2 19 39
4 2 14 39
8 2 12 39
6 2 18 38
1 2 14 38
1 3 17 39
5 4 11 39
7 3 13 39
4 2 14 38
5 2 13 39
4 2 9 39
2 2 8 38
8 2 8 37
7 2 8 37
4 2 7 37
6 2 9 39
1 5 9 39
2 2 45 40
6 3 42 40
5 2 40 40
4 2 35 40
7 3 35 40
5 2 32 40
3 2 11 40
7 2 39 40
1 2 38 40
8 2 34 40
4 2 34 40
6 2 32 40
3 3 28 40
7 2 26 40
1 2 25 40
2 5 9 40
2 3 27 40
4 2 74 41
4 3 64 41
8 2 62 41
6 2 59 41
2 2 57 41
4 2 54 41
7 2 53 41
6 4 52 41
2 2 69 41
8 3 68 41
3 2 57 41
2 3 55 41
7 2 55 41
6 2 61 41
7 2 56 41
2 2 56 41
1 3 59 41
1 2 54 41
8 2 53 41
5 3 51 41
2 2 48 41
7 2 27 41
3 2 28 40
2 2 36 41
2 2 23 41
6 2 21 41
3 2 23 40
5 2 47 41
7 2 45 41
7 2 42 41
3 3 42 41
4 2 40 41
8 4 35 41
1 2 30 41
6 2 25 41
4 3 24 41
8 3 20 41
3 2 25 40
8 2 25 40
5 2 24 40
4 2 20 40
7 2 20 41
2 2 30 41
1 2 19 41
2 2 17 41
6 2 24 41
1 2 14 41
5 2 15 40
3 2 25 41
1 2 22 41
7 2 22 41
4 2 6 41
7 2 15 40
2 2 14 40
7 2 11 40
5 2 9 40
8 2 9 40
8 2 11 40
7 2 7 40
5 2 13 41
4 3 10 41
4 3 40 42
6 2 36 42
4 2 33 42
2 2 32 42
4 2 26 42
5 2 31 42
7 3 31 42
8 3 42 42
1 2 37 42
6 2 25 42
2 2 38 42
4 2 36 42
8 3 9 42
6 2 8 41
3 2 32 42
2 2 26 42
3 2 23 42
5 2 12 42
8 2 12 42
6 2 25 42
6 2 76 43
7 2 62 43
6 2 62 43
3 2 73 43
5 2 62 43
1 3 60 43
8 2 52 43
6 2 38 43
7 2 35 43
7 2 29 43
4 2 63 43
6 2 56 43
1 2 22 43
7 2 20 43
8 3 22 42
2 2 59 43
5 3 50 43
5 2 39 43
3 2 24 43
7 3 11 43
4 3 11 42
8 3 50 43
6 2 34 43
6 2 7 43
1 2 22 42
5 3 43 43
7 2 43 43
1 2 44 43
6 3 22 43
3 2 37 43
5 2 31 43
1 2 27 43
4 2 25 43
5 3 21 43
2 2 33 43
6 3 31 43
2 3 25 43
7 2 25 43
7 2 28 43
7 3 20 43
2 2 22 43
3 2 21 43
4 2 21 42
5 2 60 44
6 2 59 44
4 3 52 44
3 2 34 44
8 2 27 44
3 2 22 44
6 3 10 44
1 2 21 43
4 2 52 44
1 3 47 44
1 3 44 44
3 3 48 44
5 2 38 44
4 2 35 44
4 2 28 44
6 2 28 44
8 2 39 44
5 2 31 44
8 2 31 44
2 2 28 44
6 3 19 44
5 2 7 44
3 2 5 44
4 2 14 43
5 2 21 42
5 2 18 42
4 2 18 42
5 2 15 42
8 2 15 42
2 2 19 43
7 2 18 43
6 2 12 43
2 2 8 43
1 2 13 42
2 2 10 42
5 2 25 44
8 3 25 44
6 2 26 44
2 2 3 44
1 3 67 45
5 4 67 45
1 2 54 45
2 2 52 45
1 2 39 45
2 2 35 45
5 2 34 45
3 2 32 45
1 2 24 45
2 3 25 44
6 4 34 45
6 2 24 45
4 2 24 44
1 2 55 45
4 2 51 45
1 2 41 45
8 2 30 45
3 2 24 45
7 2 24 44
8 3 45 45
6 2 40 45
6 2 36 45
3 2 32 45
3 2 20 45
1 2 20 44
3 2 42 45
2 2 40 45
5 2 31 45
1 2 31 45
4 4 31 45
5 2 36 45
6 3 36 45
5 2 20 45
1 2 5 45
8 2 23 44
5 2 22 44
3 2 21 44
4 3 21 45
7 2 22 45
5 2 12 45
1 3 12 45
3 2 19 44
1 3 21 45
5 2 19 45
5 2 13 45
3 4 10 45
3 2 16 44
4 2 12 44
6 2 11 44
2 3 11 45
4 2 7 45
1 2 48 46
2 2 27 46
6 2 26 46
8 2 22 46
4 3 43 46
6 2 50 46
4 2 49 46
3 2 44 46
3 2 26 46
8 2 26 46
2 3 35 46
7 2 27 46
2 3 26 46
5 2 25 46
7 2 17 46
8 2 15 46
6 3 53 47
6 2 47 47
7 3 45 47
3 3 44 47
8 2 39 47
1 2 39 46
7 4 66 47
4 2 62 47
1 2 61 47
8 3 50 47
4 3 44 47
1 2 41 47
6 3 38 47
4 2 46 47
2 2 39 47
8 2 39 47
8 2 52 47
6 3 52 47
1 2 54 47
2 2 52 47
3 2 49 47
4 2 46 47
7 2 41 47
7 3 27 47
2 2 37 46
8 2 28 46
4 2 47 47
1 3 43 47
2 2 49 47
3 2 47 47
8 2 46 47
7 3 43 47
2 2 41 47
3 2 26 47
8 3 22 47
2 2 31 46
5 2 29 46
4 2 23 46
3 2 31 47
6 2 29 47
1 2 30 47
7 2 28 47
7 2 33 46
7 2 2 47
1 2 24 46
6 2 24 46
2 2 17 46
8 2 16 46
1 2 12 46
7 2 10 46
8 2 9 46
4 2 9 45
6 3 25 47
8 2 17 47
4 2 10 47
6 2 9 47
4 2 46 48
4 2 44 48
3 2 39 48
4 2 36 48
5 2 43 48
5 2 31 48
6 2 27 48
7 3 24 48
6 2 13 48
1 2 9 48
2 2 10 47
7 2 12 46
1 2 10 46
3 3 10 47
7 2 14 46
6 2 14 47
3 2 14 47
6 2 38 48
3 2 22 48
4 2 13 48
5 2 9 48
7 2 8 48
1 2 9 47
2 2 9 47
2 2 33 48
8 2 31 48
2 3 28 48
1 2 28 48
4 2 29 48
7 2 27 48
5 2 16 48
4 2 8 48
1 2 14 48
8 3 10 48
5 3 14 48
5 2 9 48
7 2 59 49
5 2 58 49
3 2 59 49
1 3 55 49
7 2 47 49
5 2 47 49
2 3 55 49
4 2 53 49
7 2 52 49
1 2 45 49
8 2 45 49
5 2 52 49
3 2 48 49
5 2 38 49
2 3 45 49
6 2 39 49
7 3 37 49
4 2 41 49
5 2 29 49
8 2 39 49
6 2 39 49
7 2 40 49
2 3 37 49
3 2 33 49
6 2 29 49
7 3 27 49
3 2 33 49
1 2 31 49
8 2 29 49
1 2 26 49
8 2 23 49
6 2 21 49
2 2 9 49
3 2 9 49
3 2 20 48
5 2 18 48
4 3 22 49
2 2 18 49
8 2 18 48
2 3 19 49
4 2 18 49
8 2 17 49
1 2 7 49
7 2 15 48
4 2 11 48
4 2 9 48
2 2 9 49
1 2 12 48
3 2 9 49
2 2 56 50
2 3 49 50
6 2 51 50
4 2 45 50
7 3 44 50
6 5 43 50
8 2 44 50
5 2 42 50
2 3 39 50
7 3 39 50
3 2 39 50
4 5 37 50
4 2 43 50
5 2 38 50
1 2 37 50
6 3 33 50
7 2 31 50
2 4 29 50
4 2 25 50
7 2 9 50
4 2 17 50
7 2 17 50
8 2 18 50
6 2 18 50
7 2 27 50
7 2 22 50
5 2 16 50
4 2 6 50
7 4 66 51
8 2 58 51
7 2 46 51
2 2 41 51
1 2 40 51
8 2 38 51
4 2 57 51
5 4 39 51
6 3 37 51
3 2 55 51
1 2 43 51
4 2 42 51
8 4 41 51
6 2 41 51
8 3 48 51
2 2 47 51
3 2 43 51
1 2 32 51
8 2 29 51
6 2 41 51
2 3 40 51
5 3 41 51
5 4 38 51
1 2 39 51
5 3 30 51
6 2 38 51
2 2 32 51
6 2 25 51
4 2 25 51
3 2 24 50
4 2 22 51
6 2 23 51
1 2 22 51
5 2 21 51
6 2 20 51
8 2 61 52
4 3 55 52
6 2 59 52
2 2 57 52
7 2 52 52
4 2 46 52
5 2 43 52
7 3 31 52
7 2 26 52
1 2 46 52
8 2 36 52
4 2 28 52
6 2 25 52
1 2 36 52
1 2 28 52
5 3 24 52
4 2 25 51
3 2 34 52
8 2 31 52
2 2 31 52
5 2 34 52
2 2 23 52
3 2 22 52
7 3 22 52
6 2 18 52
6 2 7 52
2 2 16 51
1 2 23 50
5 2 17 50
8 2 17 50
8 2 19 50
1 2 16 50
7 2 16 50
2 2 15 50
2 2 75 53
1 2 67 53
8 2 62 53
4 2 53 53
4 2 45 53
8 2 31 53
3 2 68 53
4 2 67 53
6 3 66 53
5 2 64 53
4 2 60 53
6 4 58 53
3 2 48 53
5 2 47 53
1 2 44 53
1 3 40 53
5 2 54 53
1 2 50 53
2 2 47 53
6 2 45 53
5 2 38 53
6 3 38 53
3 3 37 53
1 3 31 53
3 2 49 53
3 2 45 53
6 2 37 53
4 2 30 53
7 2 31 53
2 2 30 53
5 3 28 53
3 2 33 53
7 2 32 53
3 2 28 53
6 2 27 53
3 2 26 53
8 3 26 53
2 3 28 53
5 2 24 53
8 2 23 53
7 2 24 52
4 2 22 52
6 2 23 53
7 2 23 53
8 2 20 53
6 2 11 53
5 2 18 52
2 2 12 52
3 2 15 51
1 2 14 51
5 2 7 53
3 2 5 53
8 2 12 52
3 2 17 51
7 2 10 52
6 2 13 51
4 2 11 51
3 2 13 50
1 2 11 50
4 2 12 51
5 2 10 52
2 2 9 51
8 2 9 51
7 2 9 52
2 2 3 53
8 2 53 54
3 2 52 54
5 2 35 54
4 2 22 54
1 2 22 54
5 3 49 54
1 3 48 54
4 2 47 54
6 2 41 54
2 2 35 54
6 3 32 54
1 2 5 54
4 3 7 53
8 2 6 53
3 2 7 52
5 2 7 53
2 2 38 54
4 2 34 54
1 2 10 54
1 2 8 54
2 2 68 55
1 3 63 55
2 2 75 55
6 3 74 55
3 2 70 55
1 2 69 55
7 2 66 55
8 2 64 55
2 2 58 55
8 2 46 55
1 4 43 55
8 2 65 55
8 2 53 55
4 2 52 55
6 3 26 55
5 2 34 54
1 2 29 54
4 3 26 54
8 3 25 54
6 2 45 55
7 2 33 55
1 2 23 55
1 2 28 54
6 2 38 55
4 2 37 55
6 2 8 55
2 2 19 54
1 2 19 54
5 2 18 54
4 2 13 54
2 2 11 54
1 2 11 54
6 2 20 54
4 4 40 55
1 2 34 55
6 2 14 55
5 2 16 54
8 2 14 54
1 2 42 55
7 2 40 55
8 2 32 55
2 3 19 55
8 2 19 55
6 2 32 55
5 2 32 55
4 2 31 55
3 2 21 55
5 2 21 55
7 2 21 55
4 4 19 55
2 2 19 55
8 3 16 55
4 2 65 56
6 3 63 56
7 3 60 56
3 2 59 56
6 2 38 56
3 2 16 56
1 2 23 55
5 2 57 56
1 2 55 56
7 2 45 56
8 2 38 56
3 2 31 56
1 2 14 56
3 2 22 55
2 2 51 56
8 2 48 56
2 2 48 56
4 2 38 56
7 3 32 56
2 2 31 56
2 2 12 56
1 2 17 55
3 2 17 54
1 3 37 56
2 3 35 56
2 2 31 56
3 2 30 56
7 2 27 56
4 4 10 56
4 2 16 55
5 2 16 54
6 2 14 55
7 2 11 55
3 2 31 56
8 2 30 56
5 2 26 56
2 2 21 56
2 2 1 56
5 2 38 57
7 3 37 57
4 2 24 57
6 2 23 57
6 2 25 56
8 3 22 57
4 2 25 56
1 2 22 57
8 2 26 56
3 2 46 57
5 3 32 57
6 2 29 57
2 2 22 57
5 3 21 57
6 2 20 56
3 2 20 56
4 3 19 56
4 2 31 57
1 2 18 57
6 2 18 56
7 2 18 56
3 2 17 56
5 3 36 57
7 3 35 57
6 2 35 57
1 2 33 57
8 2 30 57
6 2 29 57
3 2 26 57
3 3 20 57
7 2 12 57
7 2 9 57
5 4 8 57
4 2 14 56
6 2 14 56
2 2 25 57
2 2 22 57
8 3 20 57
4 2 21 57
6 2 21 57
2 4 11 57
8 2 12 56
7 2 12 56
3 2 10 57
7 2 56 58
3 2 55 58
6 3 40 58
3 2 35 58
5 2 21 58
4 3 17 58
5 2 16 58
2 3 41 58
2 2 50 58
4 2 48 58
4 2 38 58
7 2 37 58
5 2 36 58
4 2 32 58
7 2 32 58
7 2 42 58
7 3 38 58
5 2 37 58
3 2 34 58
2 3 31 58
6 2 38 58
8 4 33 58
2 3 25 58
1 3 32 58
6 3 31 58
4 2 8 58
5 2 10 57
1 2 10 57
4 2 10 56
7 2 12 57
1 2 11 57
2 2 10 57
6 2 8 57
8 2 23 58
4 3 21 58
7 2 17 58
8 4 11 58
2 3 62 59
7 2 62 59
4 3 60 59
7 2 57 59
7 2 54 59
7 4 50 59
3 2 39 59
6 2 35 59
7 2 34 59
2 2 38 59
2 2 33 59
1 4 35 59
2 3 46 59
6 2 45 59
3 2 44 59
4 4 43 59
4 2 30 59
1 2 19 59
7 2 19 59
8 3 39 59
2 2 38 59
1 2 37 59
6 2 36 59
8 3 35 59
8 3 25 59
5 3 32 59
4 2 29 59
8 2 28 59
7 2 28 59
1 2 20 59
6 3 19 59
8 2 18 59
3 2 22 58
6 2 17 59
7 2 17 58
3 2 23 59
2 3 21 59
2 2 15 59
4 2 31 60
6 2 27 60
4 2 24 60
6 2 24 60
2 2 47 60
4 2 44 60
5 2 33 60
5 3 21 60
2 2 35 60
7 2 33 60
7 2 16 60
6 2 10 60
7 3 19 59
1 2 19 59
4 2 36 60
4 2 27 60
3 2 13 60
5 2 13 60
8 2 19 60
2 2 18 60
6 2 18 60
3 2 20 60
4 3 12 60
6 2 23 60
7 2 21 60
2 2 17 60
1 2 16 60
5 2 14 60
4 2 14 60
7 2 17 59
5 2 49 61
7 2 49 61
5 2 66 61
5 3 54 61
1 2 51 61
6 2 42 61
5 2 40 61
6 2 37 61
6 2 28 61
3 2 24 61
2 2 38 61
1 2 23 61
6 2 22 61
7 2 16 61
7 2 46 61
6 2 46 61
6 2 47 61
7 2 39 61
4 3 36 61
1 2 12 61
5 2 16 60
8 2 13 60
5 2 31 61
6 2 31 61
1 2 28 61
7 2 28 61
2 2 34 61
1 2 33 61
5 2 33 61
7 2 11 61
2 2 10 60
7 2 29 61
8 2 28 61
6 2 27 61
8 2 12 61
7 2 61 62
1 2 59 62
8 2 48 62
4 2 71 62
3 2 65 62
3 2 62 62
4 2 61 62
5 2 58 62
1 2 46 62
6 2 33 62
3 2 29 62
2 3 56 62
5 2 38 62
8 2 36 62
3 2 32 62
3 2 26 62
4 2 26 62
1 4 56 62
8 2 50 62
6 2 46 62
8 2 46 62
3 2 45 62
3 2 17 62
4 2 16 62
5 2 22 61
7 2 19 61
6 2 19 61
3 2 19 61
2 2 18 61
3 3 31 62
4 2 21 62
8 2 19 62
4 2 33 62
5 2 28 62
4 2 27 62
8 2 27 62
5 2 26 62
8 2 30 62
5 2 30 62
8 2 25 62
6 2 26 62
1 2 25 62
5 2 24 62
1 2 57 63
8 3 56 63
3 2 50 63
1 2 38 63
4 2 51 63
6 2 48 63
4 2 47 63
5 2 44 63
3 2 42 63
5 2 22 63
1 2 17 63
2 2 22 62
3 2 22 62
8 2 19 62
6 2 18 62
4 3 18 61
2 2 41 63
7 3 35 63
6 2 32 63
4 2 30 63
6 2 27 63
5 2 23 63
1 4 20 63
1 2 76 64
6 2 70 64
1 2 66 64
6 2 64 64
4 3 59 64
8 2 73 64
6 2 69 64
1 2 66 64
8 2 62 64
2 2 57 64
5 2 55 64
6 2 43 64
1 2 45 63
4 3 61 64
8 2 61 64
5 2 36 64
5 2 43 63
4 2 40 63
7 2 38 63
3 2 51 64
4 3 43 64
2 3 41 64
4 2 55 64
2 3 45 64
8 2 40 64
7 2 48 64
2 2 48 64
6 3 39 64
1 2 31 64
1 2 38 63
1 2 33 64
8 2 31 64
1 2 10 64
5 2 35 63
2 2 25 63
8 3 16 63
6 2 13 63
2 2 16 62
5 2 13 62
5 2 16 61
8 3 15 61
2 2 13 63
6 2 14 62
1 2 22 63
5 2 20 63
4 2 18 63
4 2 11 63
2 4 29 64
8 3 26 64
8 2 19 64
6 2 23 64
8 2 11 64
1 2 16 63
6 2 61 65
4 2 60 65
4 2 65 65
1 2 64 65
7 2 54 65
3 2 53 65
6 2 50 65
4 2 49 65
8 2 48 65
7 2 44 65
3 2 43 65
1 2 42 65
6 4 42 65
1 2 48 65
7 2 36 65
3 2 35 65
8 2 35 65
2 2 43 65
2 2 34 65
1 3 34 65
6 2 42 65
6 4 39 65
7 2 40 65
3 2 26 65
7 2 25 65
5 3 70 66
7 3 69 66
6 2 69 66
6 2 62 66
7 3 54 66
4 2 52 66
3 2 64 66
2 2 63 66
7 2 46 66
8 2 41 66
6 2 33 66
1 2 34 65
4 2 52 66
5 2 50 66
2 2 45 66
5 3 34 66
5 2 35 65
4 2 35 66
2 2 35 66
8 2 36 65
3 2 33 66
6 2 36 65
3 2 35 65
1 2 35 66
2 2 35 66
8 2 32 66
5 2 32 66
3 3 31 65
7 2 31 65
6 2 31 66
4 2 33 66
8 2 12 66
8 2 31 65
4 2 28 65
6 2 26 65
8 3 27 66
1 3 26 66
8 2 1 66
1 2 22 65
2 2 20 65
4 2 21 64
5 2 21 63
4 2 9 65
3 2 12 64
5 2 15 63
3 2 15 63
2 3 14 63
4 2 16 64
8 2 16 64
7 2 14 64
3 2 9 64
5 2 9 63
3 2 13 62
2 2 9 65
7 2 9 64
8 2 9 64
3 2 14 65
6 2 9 66
2 2 11 65
4 2 14 66
4 2 8 66
5 2 62 67
2 2 48 67
4 2 46 67
8 2 44 67
2 2 38 67
7 2 30 67
3 2 29 67
7 4 26 67
2 4 60 67
7 4 43 67
3 2 52 67
7 2 51 67
2 2 48 67
4 3 46 67
8 2 44 67
5 2 43 67
4 3 50 67
7 3 50 67
1 2 45 67
3 2 44 67
8 2 44 67
6 2 42 67
1 2 41 67
7 2 13 67
3 2 40 67
7 2 30 67
6 2 25 67
4 2 25 67
1 2 32 67
4 2 31 67
6 2 27 67
4 3 17 67
7 2 3 67
6 2 16 66
6 2 12 66
5 2 12 66
4 2 12 66
5 2 7 66
6 2 10 65
1 2 8 65
6 2 7 65
5 2 7 65
7 4 7 64
3 2 63 68
6 2 59 68
8 2 56 68
7 3 49 68
2 3 48 68
4 3 52 68
8 3 57 68
2 2 59 68
1 2 58 68
1 3 52 68
2 2 54 68
7 2 54 68
4 2 53 68
3 2 48 68
7 2 49 68
6 3 48 68
5 6 47 68
4 3 46 68
2 2 46 68
7 4 45 68
7 2 32 68
2 2 32 68
6 3 33 68
7 3 29 68
6 2 28 68
3 2 27 68
2 2 23 68
8 2 25 67
2 2 26 68
2 2 19 68
7 2 13 68
4 2 21 67
6 2 28 68
7 3 26 68
5 2 25 68
8 2 25 68
1 2 24 68
2 2 9 68
8 2 19 67
3 2 19 67
5 3 18 67
3 2 13 67
7 2 16 68
2 2 15 68
7 3 14 68
7 2 9 68
4 2 56 69
5 2 53 69
7 2 52 69
6 3 31 69
7 2 50 69
6 3 50 69
2 2 50 69
4 2 49 69
2 2 47 69
6 3 40 69
1 4 40 69
5 3 29 69
5 4 37 69
4 2 37 69
6 2 34 69
2 3 26 69
2 2 34 69
8 2 27 69
6 2 26 69
4 7 25 69
5 2 21 69
3 2 21 69
6 2 17 69
6 4 14 69
6 2 7 69
2 2 9 68
7 2 16 69
5 2 10 69
4 2 10 69
1 3 10 68
8 4 9 68
4 3 8 69
6 2 4 69
8 2 42 70
7 2 33 70
3 2 48 70
1 2 45 70
4 2 44 70
8 4 43 70
2 2 43 70
5 4 41 70
5 3 26 70
6 2 48 70
5 2 41 70
3 2 31 70
4 2 31 70
5 2 33 70
8 2 82 71
8 2 78 71
5 2 78 71
1 2 78 71
6 2 70 71
4 2 63 71
1 2 54 71
8 2 39 71
3 2 69 71
5 2 66 71
3 2 64 71
2 2 62 71
6 2 60 71
3 2 58 71
6 2 56 71
3 2 55 71
7 2 53 71
3 2 46 71
1 3 40 71
4 2 61 71
5 2 59 71
8 2 59 71
4 2 57 71
5 2 51 71
1 2 42 71
7 2 43 70
5 2 43 70
4 2 49 71
5 2 38 71
2 2 41 70
1 2 48 71
2 2 47 71
5 2 43 71
6 2 42 71
8 2 36 71
8 2 33 71
5 2 56 72
2 2 55 72
1 3 48 72
1 2 67 72
1 3 58 72
1 2 54 72
5 2 46 72
1 2 44 72
2 3 45 72
4 2 48 72
6 2 47 72
6 2 44 72
8 3 43 72
3 2 43 72
2 2 81 73
6 2 77 73
8 2 70 73
1 2 67 73
2 4 69 73
4 2 80 73
3 3 67 73
5 2 67 73
8 2 71 73
6 3 56 73
8 2 47 73
4 2 43 73
2 2 70 73
4 2 63 73
7 2 60 73
6 2 57 73
3 2 53 73
5 2 53 72
8 2 54 73
4 2 53 73
1 2 61 73
8 2 79 74
6 2 78 74
2 2 72 74
7 2 53 74
1 2 57 73
6 2 56 73
7 2 63 74
8 2 56 74
1 2 52 74
5 2 58 73
7 2 55 73
3 2 67 74
4 4 64 74
4 2 68 74
8 2 61 74
1 2 60 74
4 2 57 74
4 3 50 74
1 2 63 74
6 2 60 74
7 3 59 74
6 2 57 74
3 2 57 74
6 2 50 74
6 2 56 73
1 2 54 74
7 2 54 74
2 2 51 74
3 3 51 74
4 2 49 74
7 2 45 74
4 2 41 74
6 3 41 73
6 2 42 73
5 2 44 72
1 2 40 74
4 2 39 74
6 2 36 74
1 2 37 73
7 2 47 72
2 3 46 72
1 2 46 72
3 2 43 72
3 2 34 74
4 3 31 74
8 2 33 73
4 2 45 72
4 2 41 72
8 2 44 73
7 2 32 74
1 2 31 74
6 2 30 74
6 3 20 74
1 2 30 73
5 2 41 72
2 2 39 72
8 2 39 73
2 3 28 74
8 2 20 74
8 2 24 73
2 2 32 72
4 2 34 71
6 2 38 70
8 2 28 72
3 2 33 71
7 2 38 70
8 2 38 71
2 2 25 72
6 4 9 74
6 2 24 73
3 4 21 73
5 2 28 72
1 2 28 72
1 2 17 73
4 2 25 72
3 2 25 71
4 2 21 72
3 2 27 71
2 2 27 70
7 2 24 71
6 2 24 70
6 2 24 73
6 3 11 73
1 2 20 72
6 2 21 71
8 2 24 70
1 2 21 70
8 2 21 71
5 2 21 71
4 2 21 71
3 2 20 72
1 2 19 71
7 2 20 72
1 2 18 74
5 2 19 73
4 3 16 74
2 2 16 73
1 2 11 74
6 2 13 73
4 2 10 74
8 2 12 73
4 2 15 72
5 2 17 71
6 2 17 72
2 2 12 72
3 2 10 73
4 3 10 72
1 2 10 72
7 2 11 74
8 2 9 74
1 2 35 75
8 2 32 75
4 4 27 75
5 2 17 75
8 2 41 75
5 3 34 75
4 2 35 75
7 3 33 75
1 2 36 75
6 2 33 75
3 4 32 75
4 2 38 75
7 3 34 75
5 3 33 75
6 2 34 75
2 4 32 75
8 2 20 75
2 2 17 75
7 3 15 75
2 2 29 75
4 2 26 75
5 2 23 75
3 2 18 75
3 3 10 75
3 2 24 75
5 2 15 75
5 2 11 75
8 2 1 75
2 4 57 76
4 2 54 76
7 2 53 76
7 2 40 76
2 4 37 76
7 2 46 76
8 2 36 76
5 2 32 76
7 2 31 76
3 2 26 76
7 2 24 76
5 2 23 76
8 2 45 76
6 2 43 76
5 2 42 76
4 2 38 76
5 2 32 76
1 2 31 76
3 2 31 76
1 2 25 76
8 2 24 76
2 3 23 76
7 2 37 76
5 2 36 76
1 2 35 76
3 2 34 76
2 2 31 76
7 2 30 76
8 2 27 76
4 2 26 76
6 5 25 76
3 2 26 76
6 2 22 76
8 2 20 76
7 2 3 76
5 2 19 75
1 2 18 75
6 2 10 75
7 3 13 76
6 2 13 75
8 2 13 76
6 2 16 75
5 2 33 77
2 2 27 77
2 3 20 77
5 2 48 77
2 3 36 77
4 2 26 77
6 3 23 77
7 3 19 77
6 2 32 77
8 3 30 77
3 2 34 77
4 2 28 77
6 3 26 77
7 3 10 77
7 2 32 77
2 2 32 77
2 4 9 77
4 2 10 76
5 2 14 75
2 2 14 75
3 2 9 76
7 2 9 75
2 2 9 75
8 2 8 75
4 2 8 76
6 2 7 76
7 2 76 78
3 2 75 78
6 2 65 78
4 2 65 78
8 2 69 78
2 2 68 78
8 2 65 78
3 2 55 78
1 2 52 78
8 2 38 78
2 2 52 78
4 3 51 78
8 2 46 78
6 2 45 78
5 3 27 78
3 2 35 77
4 2 34 77
1 2 31 77
8 2 29 77
7 3 50 78
1 2 52 78
5 2 43 78
3 2 38 78
4 3 37 78
2 2 42 78
1 3 23 78
7 4 35 78
1 2 31 78
2 2 31 77
7 2 19 78
6 2 29 77
7 2 29 77
4 2 26 77
4 2 41 78
5 2 36 78
7 2 35 78
8 2 28 78
6 2 26 78
2 3 33 78
6 2 33 78
6 2 29 78
5 2 26 78
4 2 16 78
3 2 19 77
7 2 19 77
7 2 15 77
5 4 10 78
1 2 22 77
1 2 17 77
8 2 17 78
4 2 16 78
5 2 14 78
1 2 14 77
7 2 11 78
6 3 10 78
8 2 13 77
4 2 13 78
5 4 12 78
6 3 12 78
4 3 10 78
6 2 7 78
6 2 4 78
4 2 5 77
5 2 41 79
7 3 41 79
4 2 42 79
6 2 34 79
8 3 19 79
3 2 39 79
6 2 34 79
4 2 27 79
7 2 13 79
2 2 37 79
6 3 27 79
1 2 25 79
5 2 22 79
3 3 19 79
6 2 78 80
5 2 76 80
5 2 68 80
6 2 33 80
3 3 73 80
1 3 67 80
5 3 62 80
4 2 59 80
3 2 45 80
4 2 39 80
8 2 30 80
8 2 35 79
1 2 31 79
8 3 63 80
4 2 59 80
8 2 59 80
2 2 63 80
5 2 53 80
6 2 46 80
4 2 42 80
5 2 40 80
5 3 35 80
6 2 35 80
1 2 41 80
2 2 39 80
1 3 34 80
6 2 48 80
6 2 36 80
3 3 33 80
2 2 31 80
7 2 31 79
3 2 33 80
3 2 25 80
8 2 21 80
4 2 30 79
5 2 24 79
5 2 37 80
8 2 34 80
8 2 32 80
3 2 26 80
4 2 24 80
6 2 30 79
1 2 24 79
3 2 29 80
4 2 31 80
8 2 24 80
8 3 11 80
1 2 15 79
5 2 11 79
2 2 11 79
7 2 20 79
2 3 20 79
5 2 19 79
1 3 20 80
7 2 20 80
4 2 15 80
7 2 17 79
8 2 11 80
1 2 14 80
8 2 14 80
1 2 58 81
2 2 54 81
5 2 53 81
3 3 51 81
1 3 49 81
4 2 51 81
1 4 40 81
4 3 36 81
1 2 29 81
6 2 24 81
5 2 24 81
3 2 36 81
5 2 31 81
2 2 27 81
3 2 27 81
4 2 35 81
4 2 22 81
6 2 21 81
5 2 16 81
1 3 11 81
4 2 25 81
8 2 20 81
6 2 20 81
2 2 17 81
1 2 16 81
1 2 73 82
7 2 71 82
5 2 65 82
2 2 58 82
1 2 53 82
6 3 53 82
2 2 57 82
8 2 53 82
4 3 52 82
2 2 60 82
6 2 59 82
8 2 58 82
3 2 56 82
4 2 56 82
1 2 55 82
8 3 55 82
5 2 46 82
1 2 45 82
8 2 44 82
6 3 46 82
2 2 41 82
6 2 26 82
5 2 26 81
7 2 42 82
3 2 36 82
8 3 26 82
7 3 25 82
6 2 11 82
6 2 23 81
3 2 23 81
2 2 13 81
6 3 12 81
6 2 30 82
1 2 22 82
2 2 21 82
6 2 25 82
8 2 12 82
5 2 13 81
3 2 13 80
8 2 18 81
1 2 15 81
4 2 20 82
7 2 20 82
1 2 22 82
8 2 15 82
7 3 14 81
8 2 15 82
5 3 15 81
4 7 11 82
2 2 9 81
7 2 50 83
4 2 46 83
4 2 37 83
7 2 36 83
6 2 50 83
1 2 44 83
3 2 35 83
6 3 54 83
8 2 52 83
8 2 47 83
2 2 40 83
2 2 32 83
2 2 25 83
1 2 22 83
2 2 20 83
6 2 16 83
4 2 46 83
3 2 42 83
1 2 41 83
8 2 37 83
3 2 35 83
6 2 35 83
2 2 39 83
5 2 38 83
4 2 26 83
1 3 10 83
2 2 34 83
4 3 33 83
7 2 31 83
8 2 23 83
4 2 15 83
3 2 15 83
3 2 10 83
6 2 10 83
1 2 9 82
7 2 24 83
1 2 14 83
8 2 13 83
4 3 9 83
1 2 19 83
4 2 16 83
6 4 15 83
7 3 8 83
8 2 8 82
2 2 8 82
5 2 7 81
3 2 9 80
4 2 10 79
5 2 10 80
3 3 14 83
6 2 5 83
1 2 6 82
3 2 3 83
5 3 50 84
7 3 49 84
6 2 42 84
7 2 36 84
5 2 28 84
4 2 22 84
5 3 20 84
3 3 43 84
1 2 41 84
8 2 38 84
4 5 38 84
6 2 20 84
7 3 19 84
2 2 34 84
6 2 34 84
8 3 24 84
3 2 18 84
6 2 12 84
5 6 11 84
4 2 74 85
7 2 69 85
2 3 60 85
5 2 55 85
3 2 62 85
3 3 57 85
7 3 54 85
2 2 64 85
7 3 63 85
8 2 59 85
7 2 58 85
5 2 58 85
4 2 58 85
8 2 46 85
4 2 44 85
3 2 35 85
6 2 24 85
2 4 11 85
3 2 26 84
8 2 25 84
2 2 22 84
4 3 21 84
2 3 23 84
5 2 21 84
1 2 21 84
2 2 13 84
1 3 13 84
6 2 44 85
1 2 38 85
1 2 21 85
8 2 8 85
4 2 8 84
7 2 26 85
7 3 20 85
7 2 12 85
3 2 12 84
5 2 17 85
8 2 17 85
6 2 29 85
2 2 26 85
3 2 9 85
4 2 14 84
6 2 14 84
6 2 19 85
8 2 9 85
7 2 11 84
5 3 9 84
1 4 8 84
2 2 9 83
6 2 8 84
2 3 12 85
3 2 7 85
1 2 17 85
8 2 16 85
4 3 12 85
4 2 9 85
1 2 43 86
6 2 42 86
2 3 38 86
7 2 53 86
3 2 43 86
4 2 42 86
2 2 30 86
4 2 26 86
2 2 20 86
8 3 42 86
2 2 40 86
7 2 30 86
2 2 23 86
1 2 22 86
7 2 16 86
2 2 39 86
1 2 38 86
5 3 28 86
6 2 21 86
8 4 19 86
7 2 19 86
5 2 15 86
2 2 14 86
3 2 16 86
7 2 13 86
8 4 10 86
1 2 9 86
4 2 6 86
5 2 9 85
4 3 22 86
6 2 19 86
7 3 19 86
7 2 14 86
8 2 14 86
1 2 9 86
7 2 6 86
3 2 12 86
6 2 8 86
3 2 6 86
7 2 8 85
5 2 6 85
6 2 5 86
2 2 5 85
1 2 4 86
7 3 54 87
4 3 50 87
8 2 39 87
4 2 51 87
6 2 51 87
7 3 48 87
2 2 50 87
6 2 46 87
4 2 43 87
6 2 85 88
6 2 79 88
7 2 71 88
7 2 81 88
1 3 79 88
8 2 64 88
6 2 55 88
3 4 46 88
5 2 46 87
8 2 72 88
5 2 72 88
5 2 76 88
5 2 73 88
1 2 68 88
5 2 48 88
2 3 44 88
1 3 44 88
6 2 68 88
2 2 65 88
4 3 63 88
5 2 49 88
6 3 46 88
7 3 61 88
1 3 45 88
8 3 44 88
2 2 45 87
7 2 44 87
6 2 57 88
6 2 44 88
2 2 47 88
7 2 43 88
5 2 35 88
5 2 42 87
8 2 41 87
2 2 40 87
3 2 46 88
6 2 27 88
4 2 41 87
6 2 32 87
1 2 32 87
5 2 35 88
7 2 35 88
6 2 39 88
7 2 21 88
4 2 21 87
2 2 29 88
3 2 36 87
5 2 30 87
4 2 30 87
1 2 32 87
5 2 31 88
5 2 25 88
2 2 30 87
3 2 20 88
6 2 18 88
6 2 25 87
4 2 25 87
6 2 23 87
4 2 25 88
7 3 24 88
2 2 23 87
7 3 11 88
4 2 12 87
8 2 17 88
7 2 15 88
6 2 7 88
1 2 13 87
5 2 8 87
2 2 12 88
1 2 11 88
1 2 56 89
3 2 49 89
5 2 37 89
4 2 52 89
4 2 43 89
3 2 43 89
5 3 44 89
5 2 47 89
8 2 47 89
8 2 44 89
3 2 39 89
8 2 28 89
4 2 26 89
8 2 25 89
3 2 26 89
4 2 26 89
5 2 35 89
4 3 32 89
8 2 32 89
5 2 27 89
8 2 27 89
2 2 28 89
1 4 27 89
3 2 21 89
8 2 20 89
5 3 15 89
6 2 11 89
4 2 10 89
6 2 9 89
5 2 7 89
3 2 5 89
2 2 8 88
4 2 15 89
1 2 13 89
3 2 13 89
1 3 11 89
2 2 3 89
3 2 7 88
4 3 7 89
1 2 66 90
1 2 55 90
8 2 54 90
2 2 51 90
2 2 41 90
8 2 39 90
1 2 32 90
8 2 28 90
8 3 21 90
3 3 11 90
6 2 11 90
3 2 40 90
6 3 38 90
1 2 16 90
6 3 16 90
5 2 48 90
1 2 41 90
4 2 38 90
5 2 37 90
4 2 35 90
3 3 32 90
5 3 31 90
5 2 26 90
1 2 22 90
2 4 19 90
6 2 18 90
4 2 17 90
5 3 10 90
1 2 24 90
4 2 23 90
6 3 19 90
3 2 19 90
6 2 29 90
3 2 29 90
4 4 27 90
7 2 25 90
1 2 5 90
8 2 4 89
1 2 5 88
2 2 5 87
4 2 4 88
8 2 4 88
7 2 3 88
1 2 22 90
3 2 9 90
1 3 9 90
1 2 37 91
6 2 36 91
6 2 22 91
8 2 46 91
1 2 43 91
8 2 37 91
4 3 36 91
8 2 21 91
4 3 47 91
2 3 45 91
5 2 43 91
7 2 37 91
2 2 17 91
2 2 18 90
8 3 16 91
2 2 36 91
2 2 24 91
7 2 15 91
3 2 19 91
1 2 14 91
5 2 17 90
4 2 28 91
6 2 28 91
1 2 27 91
8 3 27 91
2 2 9 91
4 2 63 92
7 2 65 92
2 2 54 92
6 2 42 92
6 2 38 92
6 2 34 92
3 2 59 92
5 2 54 92
3 2 51 92
4 2 38 92
7 3 35 92
4 2 58 92
7 2 45 92
1 2 41 92
3 2 34 92
3 2 31 92
2 2 26 92
3 2 25 92
6 2 24 92
7 2 24 92
8 2 41 92
8 2 28 92
1 2 28 92
8 2 43 92
8 3 24 92
6 2 21 92
7 2 34 92
8 2 32 92
7 3 26 92
7 2 8 92
3 2 20 91
8 2 8 91
7 2 62 93
5 2 53 93
3 2 63 93
2 2 56 93
7 3 52 93
2 2 63 93
4 2 61 93
7 2 61 93
6 3 52 93
2 4 48 93
8 2 47 93
5 2 32 93
3 2 52 93
1 2 46 93
6 2 43 93
2 2 39 93
2 2 26 93
1 2 32 92
6 3 32 92
7 2 31 93
5 3 26 93
6 2 32 92
3 2 26 92
5 2 39 93
4 2 33 93
3 2 27 93
4 3 26 93
3 2 30 93
8 2 29 93
7 2 26 93
5 2 20 93
4 2 24 92
1 2 28 93
8 2 28 93
5 2 24 93
6 2 26 93
7 2 19 93
5 3 10 93
1 2 14 92
2 2 21 91
5 2 16 91
8 2 15 91
3 2 18 92
6 2 18 91
1 2 15 92
7 2 14 92
8 2 15 92
4 3 17 93
4 2 15 93
5 2 14 93
3 2 13 93
8 2 8 93
1 2 7 93
2 2 67 94
8 2 52 94
2 2 49 94
7 2 59 94
6 2 43 94
2 2 39 94
7 2 39 94
7 2 59 94
2 2 49 94
1 3 42 94
2 2 52 94
6 2 51 94
7 2 50 94
3 2 49 94
4 3 48 94
4 3 50 94
1 2 46 94
6 3 34 94
7 2 24 94
8 3 44 94
5 2 40 94
2 2 22 94
3 2 41 94
2 2 30 94
2 2 16 94
4 2 26 94
7 2 26 94
7 2 32 94
1 2 13 94
2 4 9 94
7 2 25 94
1 3 20 94
8 2 20 94
6 2 24 94
3 2 15 94
8 4 10 94
4 2 20 94
4 2 6 94
6 2 7 93
7 2 19 94
5 2 17 94
7 3 7 94
5 2 5 94
6 2 56 95
4 3 56 95
7 2 54 95
5 2 52 95
5 2 44 95
8 2 39 95
8 2 41 95
5 2 34 95
6 2 27 95
6 3 30 95
1 2 30 95
2 2 34 95
1 2 33 95
4 7 29 95
5 3 25 95
2 2 37 95
6 2 32 95
4 3 24 95
2 2 29 95
2 2 24 95
8 3 22 95
6 3 22 95
6 3 19 95
4 4 19 95
8 2 12 95
8 2 13 94
3 2 13 95
8 2 72 96
7 2 71 96
1 2 71 96
8 2 67 96
3 2 64 96
1 2 54 96
2 4 65 96
1 2 61 96
6 3 60 96
3 2 54 96
6 2 42 96
1 3 34 96
4 2 57 96
2 2 53 96
8 2 51 96
5 2 51 96
2 2 46 96
4 2 43 96
3 2 30 96
4 2 23 96
8 2 40 96
3 2 38 96
1 2 37 96
8 2 32 96
8 3 21 96
6 2 41 96
7 2 36 96
4 2 32 96
2 2 20 96
7 2 54 97
4 3 39 97
2 2 49 97
3 2 36 97
6 2 31 97
4 2 65 97
6 3 63 97
7 3 60 97
3 2 59 97
1 3 58 97
7 2 39 97
7 2 34 97
7 2 35 96
5 2 56 97
8 2 53 97
2 2 53 97
1 2 47 97
4 2 43 97
5 3 41 97
2 3 36 97
4 2 30 97
1 2 33 96
6 2 32 96
2 2 46 97
4 2 41 97
3 2 36 97
1 2 35 97
8 2 33 97
7 2 23 97
8 2 24 96
6 2 32 97
6 2 25 97
1 2 25 97
4 3 20 97
8 3 31 96
3 2 26 96
5 2 26 96
7 2 26 96
2 2 25 96
5 2 24 96
1 3 20 96
1 2 24 97
3 2 20 97
2 2 12 97
6 2 19 96
2 2 22 97
7 2 19 97
4 4 10 97
7 2 11 97
2 2 1 97
8 2 13 96
5 3 13 95
2 2 12 95
3 2 12 94
1 2 12 94
1 2 11 96
6 2 10 96
4 2 15 95
7 2 15 95
6 2 12 97
3 3 12 97
8 2 14 97
6 2 41 98
1 2 37 98
1 3 28 98
4 3 24 98
6 2 48 98
7 2 46 98
4 3 38 98
4 2 31 98
5 3 29 98
6 2 29 98
7 3 28 98
3 2 40 98
2 2 33 98
8 3 31 98
2 3 37 98
3 2 31 98
7 2 30 98
5 2 29 98
3 3 27 98
5 2 33 98
2 2 27 98
6 2 26 98
8 3 25 98
1 2 26 98
6 3 23 98
5 2 19 98
1 2 18 98
2 2 16 98
5 2 14 98
6 2 14 98
2 2 12 98
5 2 8 98
3 2 12 97
4 2 12 98
7 2 58 99
3 2 57 99
6 2 42 99
3 2 37 99
5 2 21 99
2 3 45 99
2 2 54 99
4 2 52 99
4 2 42 99
7 2 41 99
5 2 40 99
8 2 33 99
2 3 29 99
7 2 47 99
7 2 35 99
7 2 33 99
4 2 27 99
7 3 27 99
6 2 42 99
2 2 31 99
4 2 31 99
7 2 35 99
5 2 34 99
3 2 31 99
5 2 24 99
5 2 10 99
8 2 11 98
6 2 11 97
5 2 12 99
7 2 9 99
8 2 24 99
6 2 23 99
2 3 11 99
5 2 21 99
3 2 20 99
3 2 17 99
8 3 11 99
7 3 10 99
4 2 14 99
7 2 32 100
8 2 21 100
1 2 19 100
6 2 18 100
7 2 16 100
2 2 14 100
4 2 18 99
8 2 16 99
