517
158
5 10 1 1
7 2 28 6
2 3 28 5
1 3 28 4
2 3 28 3
1 3 28 2
2 3 28 1
1 2 28 1
2 2 21 6
1 2 25 5
2 4 25 4
1 3 25 3
2 3 25 2
1 3 25 1
2 2 25 1
1 2 23 5
2 2 22 5
1 3 21 5
1 2 8 6
2 2 18 5
2 2 19 4
2 2 22 3
1 4 22 2
2 3 22 1
1 2 22 1
2 2 20 3
1 6 19 3
2 2 16 5
1 2 15 5
2 2 14 5
1 2 13 5
2 2 12 5
1 2 11 5
2 2 10 5
1 2 9 5
2 4 8 5
6 4 25 7
3 4 18 7
3 4 8 7
1 3 26 8
3 3 25 8
4 3 24 8
5 3 23 8
7 3 22 8
1 3 21 8
3 3 20 8
4 3 19 8
5 3 18 8
1 3 17 8
4 3 16 8
5 3 15 8
6 3 14 8
7 3 13 8
1 3 12 8
3 3 11 8
4 3 10 8
5 3 9 8
1 3 8 8
4 3 7 8
5 3 6 8
6 3 5 8
7 3 4 8
1 3 3 8
3 3 2 8
4 3 1 8
6 2 16 7
7 3 16 7
3 2 13 7
4 2 12 7
8 2 12 7
6 2 11 7
5 9 1 10
3 2 28 11
2 2 28 10
4 2 27 11
7 2 25 11
6 2 25 10
8 2 24 11
3 2 22 11
2 2 22 10
4 2 21 11
3 2 18 11
2 2 18 10
3 2 24 9
3 2 20 9
4 2 17 11
6 2 17 11
7 2 15 11
8 2 14 11
3 2 12 11
2 2 12 10
5 2 21 9
5 2 18 9
4 2 18 8
6 2 18 9
7 2 19 9
1 3 19 10
4 2 11 11
3 2 8 11
2 2 8 10
3 2 10 9
5 2 11 8
1 2 11 8
3 3 12 7
4 3 11 7
8 2 11 7
4 2 7 11
6 2 7 11
7 2 5 11
8 2 4 11
3 2 2 11
2 2 2 10
5 2 8 9
4 2 8 8
6 2 8 9
1 2 8 10
4 2 1 11
7 2 7 10
7 2 3 10
5 2 8 11
5 2 6 11
1 3 5 11
5 3 3 11
5 2 19 12
6 2 18 12
5 2 9 12
6 2 8 12
4 3 24 14
7 2 27 14
8 2 26 14
3 2 24 14
4 3 14 14
6 2 24 13
6 2 18 13
7 3 17 13
8 2 16 14
2 2 16 14
3 2 14 14
7 2 15 13
5 2 21 12
1 2 15 13
2 2 16 13
4 3 4 14
7 3 7 13
5 2 13 12
1 2 7 13
6 2 7 13
2 2 9 12
3 2 9 13
7 2 9 13
2 2 5 13
3 3 4 13
8 2 8 14
6 2 8 14
5 2 25 16
5 2 15 16
5 2 5 16
1 2 14 15
