5000
5000
1 2 100 1
3 2 99 1
5 2 98 1
7 2 97 1
1 2 96 1
3 2 95 1
5 2 94 1
7 2 93 1
1 2 92 1
3 2 91 1
5 2 90 1
7 2 89 1
1 2 88 1
3 2 87 1
5 2 86 1
7 2 85 1
1 2 84 1
3 2 83 1
5 2 82 1
7 2 81 1
1 2 80 1
3 2 79 1
5 2 78 1
7 2 77 1
1 2 76 1
3 2 75 1
5 2 74 1
7 2 73 1
1 2 72 1
3 2 71 1
5 2 70 1
7 2 69 1
1 2 68 1
3 2 67 1
5 2 66 1
7 2 65 1
1 2 64 1
3 2 63 1
5 2 62 1
7 2 61 1
1 2 60 1
3 2 59 1
5 2 58 1
7 2 57 1
1 2 56 1
3 2 55 1
5 2 54 1
7 2 53 1
1 2 52 1
3 2 51 1
5 2 50 1
7 2 49 1
1 2 48 1
3 2 47 1
5 2 46 1
7 2 45 1
1 2 44 1
3 2 43 1
5 2 42 1
7 2 41 1
1 2 40 1
3 2 39 1
5 2 38 1
7 2 37 1
1 2 36 1
3 2 35 1
5 2 34 1
7 2 33 1
1 2 32 1
3 2 31 1
5 2 30 1
7 2 29 1
1 2 28 1
3 2 27 1
5 2 26 1
7 2 25 1
1 2 24 1
3 2 23 1
5 2 22 1
7 2 21 1
1 2 20 1
3 2 19 1
5 2 18 1
7 2 17 1
1 2 16 1
3 2 15 1
5 2 14 1
7 2 13 1
1 2 12 1
3 2 11 1
5 2 10 1
7 2 9 1
1 2 8 1
3 2 7 1
5 2 6 1
7 2 5 1
1 2 4 1
3 2 3 1
5 2 2 1
7 2 1 1
2 2 100 1
4 2 99 1
6 2 98 1
8 2 97 1
2 2 96 1
4 2 95 1
6 2 94 1
8 2 93 1
2 2 92 1
4 2 91 1
6 2 90 1
8 2 89 1
2 2 88 1
4 2 87 1
6 2 86 1
8 2 85 1
2 2 84 1
4 2 83 1
6 2 82 1
8 2 81 1
2 2 80 1
4 2 79 1
6 2 78 1
8 2 77 1
2 2 76 1
4 2 75 1
6 2 74 1
8 2 73 1
2 2 72 1
4 2 71 1
6 2 70 1
8 2 69 1
2 2 68 1
4 2 67 1
6 2 66 1
8 2 65 1
2 2 64 1
4 2 63 1
6 2 62 1
8 2 61 1
2 2 60 1
4 2 59 1
6 2 58 1
8 2 57 1
2 2 56 1
4 2 55 1
6 2 54 1
8 2 53 1
2 2 52 1
4 2 51 1
6 2 50 1
8 2 49 1
2 2 48 1
4 2 47 1
6 2 46 1
8 2 45 1
2 2 44 1
4 2 43 1
6 2 42 1
8 2 41 1
2 2 40 1
4 2 39 1
6 2 38 1
8 2 37 1
2 2 36 1
4 2 35 1
6 2 34 1
8 2 33 1
2 2 32 1
4 2 31 1
6 2 30 1
8 2 29 1
2 2 28 1
4 2 27 1
6 2 26 1
8 2 25 1
2 2 24 1
4 2 23 1
6 2 22 1
8 2 21 1
2 2 20 1
4 2 19 1
6 2 18 1
8 2 17 1
2 2 16 1
4 2 15 1
6 2 14 1
8 2 13 1
2 2 12 1
4 2 11 1
6 2 10 1
8 2 9 1
2 2 8 1
4 2 7 1
6 2 6 1
8 2 5 1
2 2 4 1
4 2 3 1
6 2 2 1
8 2 1 1
3 2 100 1
5 2 99 1
7 2 98 1
1 2 97 1
3 2 96 1
5 2 95 1
7 2 94 1
1 2 93 1
3 2 92 1
5 2 91 1
7 2 90 1
1 2 89 1
3 2 88 1
5 2 87 1
7 2 86 1
1 2 85 1
3 2 84 1
5 2 83 1
7 2 82 1
1 2 81 1
3 2 80 1
5 2 79 1
7 2 78 1
1 2 77 1
3 2 76 1
5 2 75 1
7 2 74 1
1 2 73 1
3 2 72 1
5 2 71 1
7 2 70 1
1 2 69 1
3 2 68 1
5 2 67 1
7 2 66 1
1 2 65 1
3 2 64 1
5 2 63 1
7 2 62 1
1 2 61 1
3 2 60 1
5 2 59 1
7 2 58 1
1 2 57 1
3 2 56 1
5 2 55 1
7 2 54 1
1 2 53 1
3 2 52 1
5 2 51 1
7 2 50 1
1 2 49 1
3 2 48 1
5 2 47 1
7 2 46 1
1 2 45 1
3 2 44 1
5 2 43 1
7 2 42 1
1 2 41 1
3 2 40 1
5 2 39 1
7 2 38 1
1 2 37 1
3 2 36 1
5 2 35 1
7 2 34 1
1 2 33 1
3 2 32 1
5 2 31 1
7 2 30 1
1 2 29 1
3 2 28 1
5 2 27 1
7 2 26 1
1 2 25 1
3 2 24 1
5 2 23 1
7 2 22 1
1 2 21 1
3 2 20 1
5 2 19 1
7 2 18 1
1 2 17 1
3 2 16 1
5 2 15 1
7 2 14 1
1 2 13 1
3 2 12 1
5 2 11 1
7 2 10 1
1 2 9 1
3 2 8 1
5 2 7 1
7 2 6 1
1 2 5 1
3 2 4 1
5 2 3 1
7 2 2 1
1 2 1 1
4 2 100 1
6 2 99 1
8 2 98 1
2 2 97 1
4 2 96 1
6 2 95 1
8 2 94 1
2 2 93 1
4 2 92 1
6 2 91 1
8 2 90 1
2 2 89 1
4 2 88 1
6 2 87 1
8 2 86 1
2 2 85 1
4 2 84 1
6 2 83 1
8 2 82 1
2 2 81 1
4 2 80 1
6 2 79 1
8 2 78 1
2 2 77 1
4 2 76 1
6 2 75 1
8 2 74 1
2 2 73 1
4 2 72 1
6 2 71 1
8 2 70 1
2 2 69 1
4 2 68 1
6 2 67 1
8 2 66 1
2 2 65 1
4 2 64 1
6 2 63 1
8 2 62 1
2 2 61 1
4 2 60 1
6 2 59 1
8 2 58 1
2 2 57 1
4 2 56 1
6 2 55 1
8 2 54 1
2 2 53 1
4 2 52 1
6 2 51 1
8 2 50 1
2 2 49 1
4 2 48 1
6 2 47 1
8 2 46 1
2 2 45 1
4 2 44 1
6 2 43 1
8 2 42 1
2 2 41 1
4 2 40 1
6 2 39 1
8 2 38 1
2 2 37 1
4 2 36 1
6 2 35 1
8 2 34 1
2 2 33 1
4 2 32 1
6 2 31 1
8 2 30 1
2 2 29 1
4 2 28 1
6 2 27 1
8 2 26 1
2 2 25 1
4 2 24 1
6 2 23 1
8 2 22 1
2 2 21 1
4 2 20 1
6 2 19 1
8 2 18 1
2 2 17 1
4 2 16 1
6 2 15 1
8 2 14 1
2 2 13 1
4 2 12 1
6 2 11 1
8 2 10 1
2 2 9 1
4 2 8 1
6 2 7 1
8 2 6 1
2 2 5 1
4 2 4 1
6 2 3 1
8 2 2 1
2 2 1 1
5 2 100 1
7 2 99 1
1 2 98 1
3 2 97 1
5 2 96 1
7 2 95 1
1 2 94 1
3 2 93 1
5 2 92 1
7 2 91 1
1 2 90 1
3 2 89 1
5 2 88 1
7 2 87 1
1 2 86 1
3 2 85 1
5 2 84 1
7 2 83 1
1 2 82 1
3 2 81 1
5 2 80 1
7 2 79 1
1 2 78 1
3 2 77 1
5 2 76 1
7 2 75 1
1 2 74 1
3 2 73 1
5 2 72 1
7 2 71 1
1 2 70 1
3 2 69 1
5 2 68 1
7 2 67 1
1 2 66 1
3 2 65 1
5 2 64 1
7 2 63 1
1 2 62 1
3 2 61 1
5 2 60 1
7 2 59 1
1 2 58 1
3 2 57 1
5 2 56 1
7 2 55 1
1 2 54 1
3 2 53 1
5 2 52 1
7 2 51 1
1 2 50 1
3 2 49 1
5 2 48 1
7 2 47 1
1 2 46 1
3 2 45 1
5 2 44 1
7 2 43 1
1 2 42 1
3 2 41 1
5 2 40 1
7 2 39 1
1 2 38 1
3 2 37 1
5 2 36 1
7 2 35 1
1 2 34 1
3 2 33 1
5 2 32 1
7 2 31 1
1 2 30 1
3 2 29 1
5 2 28 1
7 2 27 1
1 2 26 1
3 2 25 1
5 2 24 1
7 2 23 1
1 2 22 1
3 2 21 1
5 2 20 1
7 2 19 1
1 2 18 1
3 2 17 1
5 2 16 1
7 2 15 1
1 2 14 1
3 2 13 1
5 2 12 1
7 2 11 1
1 2 10 1
3 2 9 1
5 2 8 1
7 2 7 1
1 2 6 1
3 2 5 1
5 2 4 1
7 2 3 1
1 2 2 1
3 2 1 1
6 2 100 1
8 2 99 1
2 2 98 1
4 2 97 1
6 2 96 1
8 2 95 1
2 2 94 1
4 2 93 1
6 2 92 1
8 2 91 1
2 2 90 1
4 2 89 1
6 2 88 1
8 2 87 1
2 2 86 1
4 2 85 1
6 2 84 1
8 2 83 1
2 2 82 1
4 2 81 1
6 2 80 1
8 2 79 1
2 2 78 1
4 2 77 1
6 2 76 1
8 2 75 1
2 2 74 1
4 2 73 1
6 2 72 1
8 2 71 1
2 2 70 1
4 2 69 1
6 2 68 1
8 2 67 1
2 2 66 1
4 2 65 1
6 2 64 1
8 2 63 1
2 2 62 1
4 2 61 1
6 2 60 1
8 2 59 1
2 2 58 1
4 2 57 1
6 2 56 1
8 2 55 1
2 2 54 1
4 2 53 1
6 2 52 1
8 2 51 1
2 2 50 1
4 2 49 1
6 2 48 1
8 2 47 1
2 2 46 1
4 2 45 1
6 2 44 1
8 2 43 1
2 2 42 1
4 2 41 1
6 2 40 1
8 2 39 1
2 2 38 1
4 2 37 1
6 2 36 1
8 2 35 1
2 2 34 1
4 2 33 1
6 2 32 1
8 2 31 1
2 2 30 1
4 2 29 1
6 2 28 1
8 2 27 1
2 2 26 1
4 2 25 1
6 2 24 1
8 2 23 1
2 2 22 1
4 2 21 1
6 2 20 1
8 2 19 1
2 2 18 1
4 2 17 1
6 2 16 1
8 2 15 1
2 2 14 1
4 2 13 1
6 2 12 1
8 2 11 1
2 2 10 1
4 2 9 1
6 2 8 1
8 2 7 1
2 2 6 1
4 2 5 1
6 2 4 1
8 2 3 1
2 2 2 1
4 2 1 1
7 2 100 1
1 2 99 1
3 2 98 1
5 2 97 1
7 2 96 1
1 2 95 1
3 2 94 1
5 2 93 1
7 2 92 1
1 2 91 1
3 2 90 1
5 2 89 1
7 2 88 1
1 2 87 1
3 2 86 1
5 2 85 1
7 2 84 1
1 2 83 1
3 2 82 1
5 2 81 1
7 2 80 1
1 2 79 1
3 2 78 1
5 2 77 1
7 2 76 1
1 2 75 1
3 2 74 1
5 2 73 1
7 2 72 1
1 2 71 1
3 2 70 1
5 2 69 1
7 2 68 1
1 2 67 1
3 2 66 1
5 2 65 1
7 2 64 1
1 2 63 1
3 2 62 1
5 2 61 1
7 2 60 1
1 2 59 1
3 2 58 1
5 2 57 1
7 2 56 1
1 2 55 1
3 2 54 1
5 2 53 1
7 2 52 1
1 2 51 1
3 2 50 1
5 2 49 1
7 2 48 1
1 2 47 1
3 2 46 1
5 2 45 1
7 2 44 1
1 2 43 1
3 2 42 1
5 2 41 1
7 2 40 1
1 2 39 1
3 2 38 1
5 2 37 1
7 2 36 1
1 2 35 1
3 2 34 1
5 2 33 1
7 2 32 1
1 2 31 1
3 2 30 1
5 2 29 1
7 2 28 1
1 2 27 1
3 2 26 1
5 2 25 1
7 2 24 1
1 2 23 1
3 2 22 1
5 2 21 1
7 2 20 1
1 2 19 1
3 2 18 1
5 2 17 1
7 2 16 1
1 2 15 1
3 2 14 1
5 2 13 1
7 2 12 1
1 2 11 1
3 2 10 1
5 2 9 1
7 2 8 1
1 2 7 1
3 2 6 1
5 2 5 1
7 2 4 1
1 2 3 1
3 2 2 1
5 2 1 1
8 2 100 1
2 2 99 1
4 2 98 1
6 2 97 1
8 2 96 1
2 2 95 1
4 2 94 1
6 2 93 1
8 2 92 1
2 2 91 1
4 2 90 1
6 2 89 1
8 2 88 1
2 2 87 1
4 2 86 1
6 2 85 1
8 2 84 1
2 2 83 1
4 2 82 1
6 2 81 1
8 2 80 1
2 2 79 1
4 2 78 1
6 2 77 1
8 2 76 1
2 2 75 1
4 2 74 1
6 2 73 1
8 2 72 1
2 2 71 1
4 2 70 1
6 2 69 1
8 2 68 1
2 2 67 1
4 2 66 1
6 2 65 1
8 2 64 1
2 2 63 1
4 2 62 1
6 2 61 1
8 2 60 1
2 2 59 1
4 2 58 1
6 2 57 1
8 2 56 1
2 2 55 1
4 2 54 1
6 2 53 1
8 2 52 1
2 2 51 1
4 2 50 1
6 2 49 1
8 2 48 1
2 2 47 1
4 2 46 1
6 2 45 1
8 2 44 1
2 2 43 1
4 2 42 1
6 2 41 1
8 2 40 1
2 2 39 1
4 2 38 1
6 2 37 1
8 2 36 1
2 2 35 1
4 2 34 1
6 2 33 1
8 2 32 1
2 2 31 1
4 2 30 1
6 2 29 1
8 2 28 1
2 2 27 1
4 2 26 1
6 2 25 1
8 2 24 1
2 2 23 1
4 2 22 1
6 2 21 1
8 2 20 1
2 2 19 1
4 2 18 1
6 2 17 1
8 2 16 1
2 2 15 1
4 2 14 1
6 2 13 1
8 2 12 1
2 2 11 1
4 2 10 1
6 2 9 1
8 2 8 1
2 2 7 1
4 2 6 1
6 2 5 1
8 2 4 1
2 2 3 1
4 2 2 1
6 2 1 1
1 2 100 1
3 2 99 1
5 2 98 1
7 2 97 1
1 2 96 1
3 2 95 1
5 2 94 1
7 2 93 1
1 2 92 1
3 2 91 1
5 2 90 1
7 2 89 1
1 2 88 1
3 2 87 1
5 2 86 1
7 2 85 1
1 2 84 1
3 2 83 1
5 2 82 1
7 2 81 1
1 2 80 1
3 2 79 1
5 2 78 1
7 2 77 1
1 2 76 1
3 2 75 1
5 2 74 1
7 2 73 1
1 2 72 1
3 2 71 1
5 2 70 1
7 2 69 1
1 2 68 1
3 2 67 1
5 2 66 1
7 2 65 1
1 2 64 1
3 2 63 1
5 2 62 1
7 2 61 1
1 2 60 1
3 2 59 1
5 2 58 1
7 2 57 1
1 2 56 1
3 2 55 1
5 2 54 1
7 2 53 1
1 2 52 1
3 2 51 1
5 2 50 1
7 2 49 1
1 2 48 1
3 2 47 1
5 2 46 1
7 2 45 1
1 2 44 1
3 2 43 1
5 2 42 1
7 2 41 1
1 2 40 1
3 2 39 1
5 2 38 1
7 2 37 1
1 2 36 1
3 2 35 1
5 2 34 1
7 2 33 1
1 2 32 1
3 2 31 1
5 2 30 1
7 2 29 1
1 2 28 1
3 2 27 1
5 2 26 1
7 2 25 1
1 2 24 1
3 2 23 1
5 2 22 1
7 2 21 1
1 2 20 1
3 2 19 1
5 2 18 1
7 2 17 1
1 2 16 1
3 2 15 1
5 2 14 1
7 2 13 1
1 2 12 1
3 2 11 1
5 2 10 1
7 2 9 1
1 2 8 1
3 2 7 1
5 2 6 1
7 2 5 1
1 2 4 1
3 2 3 1
5 2 2 1
7 2 1 1
2 2 100 1
4 2 99 1
6 2 98 1
8 2 97 1
2 2 96 1
4 2 95 1
6 2 94 1
8 2 93 1
2 2 92 1
4 2 91 1
6 2 90 1
8 2 89 1
2 2 88 1
4 2 87 1
6 2 86 1
8 2 85 1
2 2 84 1
4 2 83 1
6 2 82 1
8 2 81 1
2 2 80 1
4 2 79 1
6 2 78 1
8 2 77 1
2 2 76 1
4 2 75 1
6 2 74 1
8 2 73 1
2 2 72 1
4 2 71 1
6 2 70 1
8 2 69 1
2 2 68 1
4 2 67 1
6 2 66 1
8 2 65 1
2 2 64 1
4 2 63 1
6 2 62 1
8 2 61 1
2 2 60 1
4 2 59 1
6 2 58 1
8 2 57 1
2 2 56 1
4 2 55 1
6 2 54 1
8 2 53 1
2 2 52 1
4 2 51 1
6 2 50 1
8 2 49 1
2 2 48 1
4 2 47 1
6 2 46 1
8 2 45 1
2 2 44 1
4 2 43 1
6 2 42 1
8 2 41 1
2 2 40 1
4 2 39 1
6 2 38 1
8 2 37 1
2 2 36 1
4 2 35 1
6 2 34 1
8 2 33 1
2 2 32 1
4 2 31 1
6 2 30 1
8 2 29 1
2 2 28 1
4 2 27 1
6 2 26 1
8 2 25 1
2 2 24 1
4 2 23 1
6 2 22 1
8 2 21 1
2 2 20 1
4 2 19 1
6 2 18 1
8 2 17 1
2 2 16 1
4 2 15 1
6 2 14 1
8 2 13 1
2 2 12 1
4 2 11 1
6 2 10 1
8 2 9 1
2 2 8 1
4 2 7 1
6 2 6 1
8 2 5 1
2 2 4 1
4 2 3 1
6 2 2 1
8 2 1 1
3 2 100 1
5 2 99 1
7 2 98 1
1 2 97 1
3 2 96 1
5 2 95 1
7 2 94 1
1 2 93 1
3 2 92 1
5 2 91 1
7 2 90 1
1 2 89 1
3 2 88 1
5 2 87 1
7 2 86 1
1 2 85 1
3 2 84 1
5 2 83 1
7 2 82 1
1 2 81 1
3 2 80 1
5 2 79 1
7 2 78 1
1 2 77 1
3 2 76 1
5 2 75 1
7 2 74 1
1 2 73 1
3 2 72 1
5 2 71 1
7 2 70 1
1 2 69 1
3 2 68 1
5 2 67 1
7 2 66 1
1 2 65 1
3 2 64 1
5 2 63 1
7 2 62 1
1 2 61 1
3 2 60 1
5 2 59 1
7 2 58 1
1 2 57 1
3 2 56 1
5 2 55 1
7 2 54 1
1 2 53 1
3 2 52 1
5 2 51 1
7 2 50 1
1 2 49 1
3 2 48 1
5 2 47 1
7 2 46 1
1 2 45 1
3 2 44 1
5 2 43 1
7 2 42 1
1 2 41 1
3 2 40 1
5 2 39 1
7 2 38 1
1 2 37 1
3 2 36 1
5 2 35 1
7 2 34 1
1 2 33 1
3 2 32 1
5 2 31 1
7 2 30 1
1 2 29 1
3 2 28 1
5 2 27 1
7 2 26 1
1 2 25 1
3 2 24 1
5 2 23 1
7 2 22 1
1 2 21 1
3 2 20 1
5 2 19 1
7 2 18 1
1 2 17 1
3 2 16 1
5 2 15 1
7 2 14 1
1 2 13 1
3 2 12 1
5 2 11 1
7 2 10 1
1 2 9 1
3 2 8 1
5 2 7 1
7 2 6 1
1 2 5 1
3 2 4 1
5 2 3 1
7 2 2 1
1 2 1 1
4 2 100 1
6 2 99 1
8 2 98 1
2 2 97 1
4 2 96 1
6 2 95 1
8 2 94 1
2 2 93 1
4 2 92 1
6 2 91 1
8 2 90 1
2 2 89 1
4 2 88 1
6 2 87 1
8 2 86 1
2 2 85 1
4 2 84 1
6 2 83 1
8 2 82 1
2 2 81 1
4 2 80 1
6 2 79 1
8 2 78 1
2 2 77 1
4 2 76 1
6 2 75 1
8 2 74 1
2 2 73 1
4 2 72 1
6 2 71 1
8 2 70 1
2 2 69 1
4 2 68 1
6 2 67 1
8 2 66 1
2 2 65 1
4 2 64 1
6 2 63 1
8 2 62 1
2 2 61 1
4 2 60 1
6 2 59 1
8 2 58 1
2 2 57 1
4 2 56 1
6 2 55 1
8 2 54 1
2 2 53 1
4 2 52 1
6 2 51 1
8 2 50 1
2 2 49 1
4 2 48 1
6 2 47 1
8 2 46 1
2 2 45 1
4 2 44 1
6 2 43 1
8 2 42 1
2 2 41 1
4 2 40 1
6 2 39 1
8 2 38 1
2 2 37 1
4 2 36 1
6 2 35 1
8 2 34 1
2 2 33 1
4 2 32 1
6 2 31 1
8 2 30 1
2 2 29 1
4 2 28 1
6 2 27 1
8 2 26 1
2 2 25 1
4 2 24 1
6 2 23 1
8 2 22 1
2 2 21 1
4 2 20 1
6 2 19 1
8 2 18 1
2 2 17 1
4 2 16 1
6 2 15 1
8 2 14 1
2 2 13 1
4 2 12 1
6 2 11 1
8 2 10 1
2 2 9 1
4 2 8 1
6 2 7 1
8 2 6 1
2 2 5 1
4 2 4 1
6 2 3 1
8 2 2 1
2 2 1 1
5 2 100 1
7 2 99 1
1 2 98 1
3 2 97 1
5 2 96 1
7 2 95 1
1 2 94 1
3 2 93 1
5 2 92 1
7 2 91 1
1 2 90 1
3 2 89 1
5 2 88 1
7 2 87 1
1 2 86 1
3 2 85 1
5 2 84 1
7 2 83 1
1 2 82 1
3 2 81 1
5 2 80 1
7 2 79 1
1 2 78 1
3 2 77 1
5 2 76 1
7 2 75 1
1 2 74 1
3 2 73 1
5 2 72 1
7 2 71 1
1 2 70 1
3 2 69 1
5 2 68 1
7 2 67 1
1 2 66 1
3 2 65 1
5 2 64 1
7 2 63 1
1 2 62 1
3 2 61 1
5 2 60 1
7 2 59 1
1 2 58 1
3 2 57 1
5 2 56 1
7 2 55 1
1 2 54 1
3 2 53 1
5 2 52 1
7 2 51 1
1 2 50 1
3 2 49 1
5 2 48 1
7 2 47 1
1 2 46 1
3 2 45 1
5 2 44 1
7 2 43 1
1 2 42 1
3 2 41 1
5 2 40 1
7 2 39 1
1 2 38 1
3 2 37 1
5 2 36 1
7 2 35 1
1 2 34 1
3 2 33 1
5 2 32 1
7 2 31 1
1 2 30 1
3 2 29 1
5 2 28 1
7 2 27 1
1 2 26 1
3 2 25 1
5 2 24 1
7 2 23 1
1 2 22 1
3 2 21 1
5 2 20 1
7 2 19 1
1 2 18 1
3 2 17 1
5 2 16 1
7 2 15 1
1 2 14 1
3 2 13 1
5 2 12 1
7 2 11 1
1 2 10 1
3 2 9 1
5 2 8 1
7 2 7 1
1 2 6 1
3 2 5 1
5 2 4 1
7 2 3 1
1 2 2 1
3 2 1 1
6 2 100 1
8 2 99 1
2 2 98 1
4 2 97 1
6 2 96 1
8 2 95 1
2 2 94 1
4 2 93 1
6 2 92 1
8 2 91 1
2 2 90 1
4 2 89 1
6 2 88 1
8 2 87 1
2 2 86 1
4 2 85 1
6 2 84 1
8 2 83 1
2 2 82 1
4 2 81 1
6 2 80 1
8 2 79 1
2 2 78 1
4 2 77 1
6 2 76 1
8 2 75 1
2 2 74 1
4 2 73 1
6 2 72 1
8 2 71 1
2 2 70 1
4 2 69 1
6 2 68 1
8 2 67 1
2 2 66 1
4 2 65 1
6 2 64 1
8 2 63 1
2 2 62 1
4 2 61 1
6 2 60 1
8 2 59 1
2 2 58 1
4 2 57 1
6 2 56 1
8 2 55 1
2 2 54 1
4 2 53 1
6 2 52 1
8 2 51 1
2 2 50 1
4 2 49 1
6 2 48 1
8 2 47 1
2 2 46 1
4 2 45 1
6 2 44 1
8 2 43 1
2 2 42 1
4 2 41 1
6 2 40 1
8 2 39 1
2 2 38 1
4 2 37 1
6 2 36 1
8 2 35 1
2 2 34 1
4 2 33 1
6 2 32 1
8 2 31 1
2 2 30 1
4 2 29 1
6 2 28 1
8 2 27 1
2 2 26 1
4 2 25 1
6 2 24 1
8 2 23 1
2 2 22 1
4 2 21 1
6 2 20 1
8 2 19 1
2 2 18 1
4 2 17 1
6 2 16 1
8 2 15 1
2 2 14 1
4 2 13 1
6 2 12 1
8 2 11 1
2 2 10 1
4 2 9 1
6 2 8 1
8 2 7 1
2 2 6 1
4 2 5 1
6 2 4 1
8 2 3 1
2 2 2 1
4 2 1 1
7 2 100 1
1 2 99 1
3 2 98 1
5 2 97 1
7 2 96 1
1 2 95 1
3 2 94 1
5 2 93 1
7 2 92 1
1 2 91 1
3 2 90 1
5 2 89 1
7 2 88 1
1 2 87 1
3 2 86 1
5 2 85 1
7 2 84 1
1 2 83 1
3 2 82 1
5 2 81 1
7 2 80 1
1 2 79 1
3 2 78 1
5 2 77 1
7 2 76 1
1 2 75 1
3 2 74 1
5 2 73 1
7 2 72 1
1 2 71 1
3 2 70 1
5 2 69 1
7 2 68 1
1 2 67 1
3 2 66 1
5 2 65 1
7 2 64 1
1 2 63 1
3 2 62 1
5 2 61 1
7 2 60 1
1 2 59 1
3 2 58 1
5 2 57 1
7 2 56 1
1 2 55 1
3 2 54 1
5 2 53 1
7 2 52 1
1 2 51 1
3 2 50 1
5 2 49 1
7 2 48 1
1 2 47 1
3 2 46 1
5 2 45 1
7 2 44 1
1 2 43 1
3 2 42 1
5 2 41 1
7 2 40 1
1 2 39 1
3 2 38 1
5 2 37 1
7 2 36 1
1 2 35 1
3 2 34 1
5 2 33 1
7 2 32 1
1 2 31 1
3 2 30 1
5 2 29 1
7 2 28 1
1 2 27 1
3 2 26 1
5 2 25 1
7 2 24 1
1 2 23 1
3 2 22 1
5 2 21 1
7 2 20 1
1 2 19 1
3 2 18 1
5 2 17 1
7 2 16 1
1 2 15 1
3 2 14 1
5 2 13 1
7 2 12 1
1 2 11 1
3 2 10 1
5 2 9 1
7 2 8 1
1 2 7 1
3 2 6 1
5 2 5 1
7 2 4 1
1 2 3 1
3 2 2 1
5 2 1 1
8 2 100 1
2 2 99 1
4 2 98 1
6 2 97 1
8 2 96 1
2 2 95 1
4 2 94 1
6 2 93 1
8 2 92 1
2 2 91 1
4 2 90 1
6 2 89 1
8 2 88 1
2 2 87 1
4 2 86 1
6 2 85 1
8 2 84 1
2 2 83 1
4 2 82 1
6 2 81 1
8 2 80 1
2 2 79 1
4 2 78 1
6 2 77 1
8 2 76 1
2 2 75 1
4 2 74 1
6 2 73 1
8 2 72 1
2 2 71 1
4 2 70 1
6 2 69 1
8 2 68 1
2 2 67 1
4 2 66 1
6 2 65 1
8 2 64 1
2 2 63 1
4 2 62 1
6 2 61 1
8 2 60 1
2 2 59 1
4 2 58 1
6 2 57 1
8 2 56 1
2 2 55 1
4 2 54 1
6 2 53 1
8 2 52 1
2 2 51 1
4 2 50 1
6 2 49 1
8 2 48 1
2 2 47 1
4 2 46 1
6 2 45 1
8 2 44 1
2 2 43 1
4 2 42 1
6 2 41 1
8 2 40 1
2 2 39 1
4 2 38 1
6 2 37 1
8 2 36 1
2 2 35 1
4 2 34 1
6 2 33 1
8 2 32 1
2 2 31 1
4 2 30 1
6 2 29 1
8 2 28 1
2 2 27 1
4 2 26 1
6 2 25 1
8 2 24 1
2 2 23 1
4 2 22 1
6 2 21 1
8 2 20 1
2 2 19 1
4 2 18 1
6 2 17 1
8 2 16 1
2 2 15 1
4 2 14 1
6 2 13 1
8 2 12 1
2 2 11 1
4 2 10 1
6 2 9 1
8 2 8 1
2 2 7 1
4 2 6 1
6 2 5 1
8 2 4 1
2 2 3 1
4 2 2 1
6 2 1 1
1 2 100 1
3 2 99 1
5 2 98 1
7 2 97 1
1 2 96 1
3 2 95 1
5 2 94 1
7 2 93 1
1 2 92 1
3 2 91 1
5 2 90 1
7 2 89 1
1 2 88 1
3 2 87 1
5 2 86 1
7 2 85 1
1 2 84 1
3 2 83 1
5 2 82 1
7 2 81 1
1 2 80 1
3 2 79 1
5 2 78 1
7 2 77 1
1 2 76 1
3 2 75 1
5 2 74 1
7 2 73 1
1 2 72 1
3 2 71 1
5 2 70 1
7 2 69 1
1 2 68 1
3 2 67 1
5 2 66 1
7 2 65 1
1 2 64 1
3 2 63 1
5 2 62 1
7 2 61 1
1 2 60 1
3 2 59 1
5 2 58 1
7 2 57 1
1 2 56 1
3 2 55 1
5 2 54 1
7 2 53 1
1 2 52 1
3 2 51 1
5 2 50 1
7 2 49 1
1 2 48 1
3 2 47 1
5 2 46 1
7 2 45 1
1 2 44 1
3 2 43 1
5 2 42 1
7 2 41 1
1 2 40 1
3 2 39 1
5 2 38 1
7 2 37 1
1 2 36 1
3 2 35 1
5 2 34 1
7 2 33 1
1 2 32 1
3 2 31 1
5 2 30 1
7 2 29 1
1 2 28 1
3 2 27 1
5 2 26 1
7 2 25 1
1 2 24 1
3 2 23 1
5 2 22 1
7 2 21 1
1 2 20 1
3 2 19 1
5 2 18 1
7 2 17 1
1 2 16 1
3 2 15 1
5 2 14 1
7 2 13 1
1 2 12 1
3 2 11 1
5 2 10 1
7 2 9 1
1 2 8 1
3 2 7 1
5 2 6 1
7 2 5 1
1 2 4 1
3 2 3 1
5 2 2 1
7 2 1 1
2 2 100 1
4 2 99 1
6 2 98 1
8 2 97 1
2 2 96 1
4 2 95 1
6 2 94 1
8 2 93 1
2 2 92 1
4 2 91 1
6 2 90 1
8 2 89 1
2 2 88 1
4 2 87 1
6 2 86 1
8 2 85 1
2 2 84 1
4 2 83 1
6 2 82 1
8 2 81 1
2 2 80 1
4 2 79 1
6 2 78 1
8 2 77 1
2 2 76 1
4 2 75 1
6 2 74 1
8 2 73 1
2 2 72 1
4 2 71 1
6 2 70 1
8 2 69 1
2 2 68 1
4 2 67 1
6 2 66 1
8 2 65 1
2 2 64 1
4 2 63 1
6 2 62 1
8 2 61 1
2 2 60 1
4 2 59 1
6 2 58 1
8 2 57 1
2 2 56 1
4 2 55 1
6 2 54 1
8 2 53 1
2 2 52 1
4 2 51 1
6 2 50 1
8 2 49 1
2 2 48 1
4 2 47 1
6 2 46 1
8 2 45 1
2 2 44 1
4 2 43 1
6 2 42 1
8 2 41 1
2 2 40 1
4 2 39 1
6 2 38 1
8 2 37 1
2 2 36 1
4 2 35 1
6 2 34 1
8 2 33 1
2 2 32 1
4 2 31 1
6 2 30 1
8 2 29 1
2 2 28 1
4 2 27 1
6 2 26 1
8 2 25 1
2 2 24 1
4 2 23 1
6 2 22 1
8 2 21 1
2 2 20 1
4 2 19 1
6 2 18 1
8 2 17 1
2 2 16 1
4 2 15 1
6 2 14 1
8 2 13 1
2 2 12 1
4 2 11 1
6 2 10 1
8 2 9 1
2 2 8 1
4 2 7 1
6 2 6 1
8 2 5 1
2 2 4 1
4 2 3 1
6 2 2 1
8 2 1 1
3 2 100 1
5 2 99 1
7 2 98 1
1 2 97 1
3 2 96 1
5 2 95 1
7 2 94 1
1 2 93 1
3 2 92 1
5 2 91 1
7 2 90 1
1 2 89 1
3 2 88 1
5 2 87 1
7 2 86 1
1 2 85 1
3 2 84 1
5 2 83 1
7 2 82 1
1 2 81 1
3 2 80 1
5 2 79 1
7 2 78 1
1 2 77 1
3 2 76 1
5 2 75 1
7 2 74 1
1 2 73 1
3 2 72 1
5 2 71 1
7 2 70 1
1 2 69 1
3 2 68 1
5 2 67 1
7 2 66 1
1 2 65 1
3 2 64 1
5 2 63 1
7 2 62 1
1 2 61 1
3 2 60 1
5 2 59 1
7 2 58 1
1 2 57 1
3 2 56 1
5 2 55 1
7 2 54 1
1 2 53 1
3 2 52 1
5 2 51 1
7 2 50 1
1 2 49 1
3 2 48 1
5 2 47 1
7 2 46 1
1 2 45 1
3 2 44 1
5 2 43 1
7 2 42 1
1 2 41 1
3 2 40 1
5 2 39 1
7 2 38 1
1 2 37 1
3 2 36 1
5 2 35 1
7 2 34 1
1 2 33 1
3 2 32 1
5 2 31 1
7 2 30 1
1 2 29 1
3 2 28 1
5 2 27 1
7 2 26 1
1 2 25 1
3 2 24 1
5 2 23 1
7 2 22 1
1 2 21 1
3 2 20 1
5 2 19 1
7 2 18 1
1 2 17 1
3 2 16 1
5 2 15 1
7 2 14 1
1 2 13 1
3 2 12 1
5 2 11 1
7 2 10 1
1 2 9 1
3 2 8 1
5 2 7 1
7 2 6 1
1 2 5 1
3 2 4 1
5 2 3 1
7 2 2 1
1 2 1 1
4 2 100 1
6 2 99 1
8 2 98 1
2 2 97 1
4 2 96 1
6 2 95 1
8 2 94 1
2 2 93 1
4 2 92 1
6 2 91 1
8 2 90 1
2 2 89 1
4 2 88 1
6 2 87 1
8 2 86 1
2 2 85 1
4 2 84 1
6 2 83 1
8 2 82 1
2 2 81 1
4 2 80 1
6 2 79 1
8 2 78 1
2 2 77 1
4 2 76 1
6 2 75 1
8 2 74 1
2 2 73 1
4 2 72 1
6 2 71 1
8 2 70 1
2 2 69 1
4 2 68 1
6 2 67 1
8 2 66 1
2 2 65 1
4 2 64 1
6 2 63 1
8 2 62 1
2 2 61 1
4 2 60 1
6 2 59 1
8 2 58 1
2 2 57 1
4 2 56 1
6 2 55 1
8 2 54 1
2 2 53 1
4 2 52 1
6 2 51 1
8 2 50 1
2 2 49 1
4 2 48 1
6 2 47 1
8 2 46 1
2 2 45 1
4 2 44 1
6 2 43 1
8 2 42 1
2 2 41 1
4 2 40 1
6 2 39 1
8 2 38 1
2 2 37 1
4 2 36 1
6 2 35 1
8 2 34 1
2 2 33 1
4 2 32 1
6 2 31 1
8 2 30 1
2 2 29 1
4 2 28 1
6 2 27 1
8 2 26 1
2 2 25 1
4 2 24 1
6 2 23 1
8 2 22 1
2 2 21 1
4 2 20 1
6 2 19 1
8 2 18 1
2 2 17 1
4 2 16 1
6 2 15 1
8 2 14 1
2 2 13 1
4 2 12 1
6 2 11 1
8 2 10 1
2 2 9 1
4 2 8 1
6 2 7 1
8 2 6 1
2 2 5 1
4 2 4 1
6 2 3 1
8 2 2 1
2 2 1 1
5 2 100 1
7 2 99 1
1 2 98 1
3 2 97 1
5 2 96 1
7 2 95 1
1 2 94 1
3 2 93 1
5 2 92 1
7 2 91 1
1 2 90 1
3 2 89 1
5 2 88 1
7 2 87 1
1 2 86 1
3 2 85 1
5 2 84 1
7 2 83 1
1 2 82 1
3 2 81 1
5 2 80 1
7 2 79 1
1 2 78 1
3 2 77 1
5 2 76 1
7 2 75 1
1 2 74 1
3 2 73 1
5 2 72 1
7 2 71 1
1 2 70 1
3 2 69 1
5 2 68 1
7 2 67 1
1 2 66 1
3 2 65 1
5 2 64 1
7 2 63 1
1 2 62 1
3 2 61 1
5 2 60 1
7 2 59 1
1 2 58 1
3 2 57 1
5 2 56 1
7 2 55 1
1 2 54 1
3 2 53 1
5 2 52 1
7 2 51 1
1 2 50 1
3 2 49 1
5 2 48 1
7 2 47 1
1 2 46 1
3 2 45 1
5 2 44 1
7 2 43 1
1 2 42 1
3 2 41 1
5 2 40 1
7 2 39 1
1 2 38 1
3 2 37 1
5 2 36 1
7 2 35 1
1 2 34 1
3 2 33 1
5 2 32 1
7 2 31 1
1 2 30 1
3 2 29 1
5 2 28 1
7 2 27 1
1 2 26 1
3 2 25 1
5 2 24 1
7 2 23 1
1 2 22 1
3 2 21 1
5 2 20 1
7 2 19 1
1 2 18 1
3 2 17 1
5 2 16 1
7 2 15 1
1 2 14 1
3 2 13 1
5 2 12 1
7 2 11 1
1 2 10 1
3 2 9 1
5 2 8 1
7 2 7 1
1 2 6 1
3 2 5 1
5 2 4 1
7 2 3 1
1 2 2 1
3 2 1 1
6 2 100 1
8 2 99 1
2 2 98 1
4 2 97 1
6 2 96 1
8 2 95 1
2 2 94 1
4 2 93 1
6 2 92 1
8 2 91 1
2 2 90 1
4 2 89 1
6 2 88 1
8 2 87 1
2 2 86 1
4 2 85 1
6 2 84 1
8 2 83 1
2 2 82 1
4 2 81 1
6 2 80 1
8 2 79 1
2 2 78 1
4 2 77 1
6 2 76 1
8 2 75 1
2 2 74 1
4 2 73 1
6 2 72 1
8 2 71 1
2 2 70 1
4 2 69 1
6 2 68 1
8 2 67 1
2 2 66 1
4 2 65 1
6 2 64 1
8 2 63 1
2 2 62 1
4 2 61 1
6 2 60 1
8 2 59 1
2 2 58 1
4 2 57 1
6 2 56 1
8 2 55 1
2 2 54 1
4 2 53 1
6 2 52 1
8 2 51 1
2 2 50 1
4 2 49 1
6 2 48 1
8 2 47 1
2 2 46 1
4 2 45 1
6 2 44 1
8 2 43 1
2 2 42 1
4 2 41 1
6 2 40 1
8 2 39 1
2 2 38 1
4 2 37 1
6 2 36 1
8 2 35 1
2 2 34 1
4 2 33 1
6 2 32 1
8 2 31 1
2 2 30 1
4 2 29 1
6 2 28 1
8 2 27 1
2 2 26 1
4 2 25 1
6 2 24 1
8 2 23 1
2 2 22 1
4 2 21 1
6 2 20 1
8 2 19 1
2 2 18 1
4 2 17 1
6 2 16 1
8 2 15 1
2 2 14 1
4 2 13 1
6 2 12 1
8 2 11 1
2 2 10 1
4 2 9 1
6 2 8 1
8 2 7 1
2 2 6 1
4 2 5 1
6 2 4 1
8 2 3 1
2 2 2 1
4 2 1 1
7 2 100 1
1 2 99 1
3 2 98 1
5 2 97 1
7 2 96 1
1 2 95 1
3 2 94 1
5 2 93 1
7 2 92 1
1 2 91 1
3 2 90 1
5 2 89 1
7 2 88 1
1 2 87 1
3 2 86 1
5 2 85 1
7 2 84 1
1 2 83 1
3 2 82 1
5 2 81 1
7 2 80 1
1 2 79 1
3 2 78 1
5 2 77 1
7 2 76 1
1 2 75 1
3 2 74 1
5 2 73 1
7 2 72 1
1 2 71 1
3 2 70 1
5 2 69 1
7 2 68 1
1 2 67 1
3 2 66 1
5 2 65 1
7 2 64 1
1 2 63 1
3 2 62 1
5 2 61 1
7 2 60 1
1 2 59 1
3 2 58 1
5 2 57 1
7 2 56 1
1 2 55 1
3 2 54 1
5 2 53 1
7 2 52 1
1 2 51 1
3 2 50 1
5 2 49 1
7 2 48 1
1 2 47 1
3 2 46 1
5 2 45 1
7 2 44 1
1 2 43 1
3 2 42 1
5 2 41 1
7 2 40 1
1 2 39 1
3 2 38 1
5 2 37 1
7 2 36 1
1 2 35 1
3 2 34 1
5 2 33 1
7 2 32 1
1 2 31 1
3 2 30 1
5 2 29 1
7 2 28 1
1 2 27 1
3 2 26 1
5 2 25 1
7 2 24 1
1 2 23 1
3 2 22 1
5 2 21 1
7 2 20 1
1 2 19 1
3 2 18 1
5 2 17 1
7 2 16 1
1 2 15 1
3 2 14 1
5 2 13 1
7 2 12 1
1 2 11 1
3 2 10 1
5 2 9 1
7 2 8 1
1 2 7 1
3 2 6 1
5 2 5 1
7 2 4 1
1 2 3 1
3 2 2 1
5 2 1 1
8 2 100 1
2 2 99 1
4 2 98 1
6 2 97 1
8 2 96 1
2 2 95 1
4 2 94 1
6 2 93 1
8 2 92 1
2 2 91 1
4 2 90 1
6 2 89 1
8 2 88 1
2 2 87 1
4 2 86 1
6 2 85 1
8 2 84 1
2 2 83 1
4 2 82 1
6 2 81 1
8 2 80 1
2 2 79 1
4 2 78 1
6 2 77 1
8 2 76 1
2 2 75 1
4 2 74 1
6 2 73 1
8 2 72 1
2 2 71 1
4 2 70 1
6 2 69 1
8 2 68 1
2 2 67 1
4 2 66 1
6 2 65 1
8 2 64 1
2 2 63 1
4 2 62 1
6 2 61 1
8 2 60 1
2 2 59 1
4 2 58 1
6 2 57 1
8 2 56 1
2 2 55 1
4 2 54 1
6 2 53 1
8 2 52 1
2 2 51 1
4 2 50 1
6 2 49 1
8 2 48 1
2 2 47 1
4 2 46 1
6 2 45 1
8 2 44 1
2 2 43 1
4 2 42 1
6 2 41 1
8 2 40 1
2 2 39 1
4 2 38 1
6 2 37 1
8 2 36 1
2 2 35 1
4 2 34 1
6 2 33 1
8 2 32 1
2 2 31 1
4 2 30 1
6 2 29 1
8 2 28 1
2 2 27 1
4 2 26 1
6 2 25 1
8 2 24 1
2 2 23 1
4 2 22 1
6 2 21 1
8 2 20 1
2 2 19 1
4 2 18 1
6 2 17 1
8 2 16 1
2 2 15 1
4 2 14 1
6 2 13 1
8 2 12 1
2 2 11 1
4 2 10 1
6 2 9 1
8 2 8 1
2 2 7 1
4 2 6 1
6 2 5 1
8 2 4 1
2 2 3 1
4 2 2 1
6 2 1 1
1 2 100 1
3 2 99 1
5 2 98 1
7 2 97 1
1 2 96 1
3 2 95 1
5 2 94 1
7 2 93 1
1 2 92 1
3 2 91 1
5 2 90 1
7 2 89 1
1 2 88 1
3 2 87 1
5 2 86 1
7 2 85 1
1 2 84 1
3 2 83 1
5 2 82 1
7 2 81 1
1 2 80 1
3 2 79 1
5 2 78 1
7 2 77 1
1 2 76 1
3 2 75 1
5 2 74 1
7 2 73 1
1 2 72 1
3 2 71 1
5 2 70 1
7 2 69 1
1 2 68 1
3 2 67 1
5 2 66 1
7 2 65 1
1 2 64 1
3 2 63 1
5 2 62 1
7 2 61 1
1 2 60 1
3 2 59 1
5 2 58 1
7 2 57 1
1 2 56 1
3 2 55 1
5 2 54 1
7 2 53 1
1 2 52 1
3 2 51 1
5 2 50 1
7 2 49 1
1 2 48 1
3 2 47 1
5 2 46 1
7 2 45 1
1 2 44 1
3 2 43 1
5 2 42 1
7 2 41 1
1 2 40 1
3 2 39 1
5 2 38 1
7 2 37 1
1 2 36 1
3 2 35 1
5 2 34 1
7 2 33 1
1 2 32 1
3 2 31 1
5 2 30 1
7 2 29 1
1 2 28 1
3 2 27 1
5 2 26 1
7 2 25 1
1 2 24 1
3 2 23 1
5 2 22 1
7 2 21 1
1 2 20 1
3 2 19 1
5 2 18 1
7 2 17 1
1 2 16 1
3 2 15 1
5 2 14 1
7 2 13 1
1 2 12 1
3 2 11 1
5 2 10 1
7 2 9 1
1 2 8 1
3 2 7 1
5 2 6 1
7 2 5 1
1 2 4 1
3 2 3 1
5 2 2 1
7 2 1 1
2 2 100 1
4 2 99 1
6 2 98 1
8 2 97 1
2 2 96 1
4 2 95 1
6 2 94 1
8 2 93 1
2 2 92 1
4 2 91 1
6 2 90 1
8 2 89 1
2 2 88 1
4 2 87 1
6 2 86 1
8 2 85 1
2 2 84 1
4 2 83 1
6 2 82 1
8 2 81 1
2 2 80 1
4 2 79 1
6 2 78 1
8 2 77 1
2 2 76 1
4 2 75 1
6 2 74 1
8 2 73 1
2 2 72 1
4 2 71 1
6 2 70 1
8 2 69 1
2 2 68 1
4 2 67 1
6 2 66 1
8 2 65 1
2 2 64 1
4 2 63 1
6 2 62 1
8 2 61 1
2 2 60 1
4 2 59 1
6 2 58 1
8 2 57 1
2 2 56 1
4 2 55 1
6 2 54 1
8 2 53 1
2 2 52 1
4 2 51 1
6 2 50 1
8 2 49 1
2 2 48 1
4 2 47 1
6 2 46 1
8 2 45 1
2 2 44 1
4 2 43 1
6 2 42 1
8 2 41 1
2 2 40 1
4 2 39 1
6 2 38 1
8 2 37 1
2 2 36 1
4 2 35 1
6 2 34 1
8 2 33 1
2 2 32 1
4 2 31 1
6 2 30 1
8 2 29 1
2 2 28 1
4 2 27 1
6 2 26 1
8 2 25 1
2 2 24 1
4 2 23 1
6 2 22 1
8 2 21 1
2 2 20 1
4 2 19 1
6 2 18 1
8 2 17 1
2 2 16 1
4 2 15 1
6 2 14 1
8 2 13 1
2 2 12 1
4 2 11 1
6 2 10 1
8 2 9 1
2 2 8 1
4 2 7 1
6 2 6 1
8 2 5 1
2 2 4 1
4 2 3 1
6 2 2 1
8 2 1 1
3 2 100 1
5 2 99 1
7 2 98 1
1 2 97 1
3 2 96 1
5 2 95 1
7 2 94 1
1 2 93 1
3 2 92 1
5 2 91 1
7 2 90 1
1 2 89 1
3 2 88 1
5 2 87 1
7 2 86 1
1 2 85 1
3 2 84 1
5 2 83 1
7 2 82 1
1 2 81 1
3 2 80 1
5 2 79 1
7 2 78 1
1 2 77 1
3 2 76 1
5 2 75 1
7 2 74 1
1 2 73 1
3 2 72 1
5 2 71 1
7 2 70 1
1 2 69 1
3 2 68 1
5 2 67 1
7 2 66 1
1 2 65 1
3 2 64 1
5 2 63 1
7 2 62 1
1 2 61 1
3 2 60 1
5 2 59 1
7 2 58 1
1 2 57 1
3 2 56 1
5 2 55 1
7 2 54 1
1 2 53 1
3 2 52 1
5 2 51 1
7 2 50 1
1 2 49 1
3 2 48 1
5 2 47 1
7 2 46 1
1 2 45 1
3 2 44 1
5 2 43 1
7 2 42 1
1 2 41 1
3 2 40 1
5 2 39 1
7 2 38 1
1 2 37 1
3 2 36 1
5 2 35 1
7 2 34 1
1 2 33 1
3 2 32 1
5 2 31 1
7 2 30 1
1 2 29 1
3 2 28 1
5 2 27 1
7 2 26 1
1 2 25 1
3 2 24 1
5 2 23 1
7 2 22 1
1 2 21 1
3 2 20 1
5 2 19 1
7 2 18 1
1 2 17 1
3 2 16 1
5 2 15 1
7 2 14 1
1 2 13 1
3 2 12 1
5 2 11 1
7 2 10 1
1 2 9 1
3 2 8 1
5 2 7 1
7 2 6 1
1 2 5 1
3 2 4 1
5 2 3 1
7 2 2 1
1 2 1 1
4 2 100 1
6 2 99 1
8 2 98 1
2 2 97 1
4 2 96 1
6 2 95 1
8 2 94 1
2 2 93 1
4 2 92 1
6 2 91 1
8 2 90 1
2 2 89 1
4 2 88 1
6 2 87 1
8 2 86 1
2 2 85 1
4 2 84 1
6 2 83 1
8 2 82 1
2 2 81 1
4 2 80 1
6 2 79 1
8 2 78 1
2 2 77 1
4 2 76 1
6 2 75 1
8 2 74 1
2 2 73 1
4 2 72 1
6 2 71 1
8 2 70 1
2 2 69 1
4 2 68 1
6 2 67 1
8 2 66 1
2 2 65 1
4 2 64 1
6 2 63 1
8 2 62 1
2 2 61 1
4 2 60 1
6 2 59 1
8 2 58 1
2 2 57 1
4 2 56 1
6 2 55 1
8 2 54 1
2 2 53 1
4 2 52 1
6 2 51 1
8 2 50 1
2 2 49 1
4 2 48 1
6 2 47 1
8 2 46 1
2 2 45 1
4 2 44 1
6 2 43 1
8 2 42 1
2 2 41 1
4 2 40 1
6 2 39 1
8 2 38 1
2 2 37 1
4 2 36 1
6 2 35 1
8 2 34 1
2 2 33 1
4 2 32 1
6 2 31 1
8 2 30 1
2 2 29 1
4 2 28 1
6 2 27 1
8 2 26 1
2 2 25 1
4 2 24 1
6 2 23 1
8 2 22 1
2 2 21 1
4 2 20 1
6 2 19 1
8 2 18 1
2 2 17 1
4 2 16 1
6 2 15 1
8 2 14 1
2 2 13 1
4 2 12 1
6 2 11 1
8 2 10 1
2 2 9 1
4 2 8 1
6 2 7 1
8 2 6 1
2 2 5 1
4 2 4 1
6 2 3 1
8 2 2 1
2 2 1 1
5 2 100 1
7 2 99 1
1 2 98 1
3 2 97 1
5 2 96 1
7 2 95 1
1 2 94 1
3 2 93 1
5 2 92 1
7 2 91 1
1 2 90 1
3 2 89 1
5 2 88 1
7 2 87 1
1 2 86 1
3 2 85 1
5 2 84 1
7 2 83 1
1 2 82 1
3 2 81 1
5 2 80 1
7 2 79 1
1 2 78 1
3 2 77 1
5 2 76 1
7 2 75 1
1 2 74 1
3 2 73 1
5 2 72 1
7 2 71 1
1 2 70 1
3 2 69 1
5 2 68 1
7 2 67 1
1 2 66 1
3 2 65 1
5 2 64 1
7 2 63 1
1 2 62 1
3 2 61 1
5 2 60 1
7 2 59 1
1 2 58 1
3 2 57 1
5 2 56 1
7 2 55 1
1 2 54 1
3 2 53 1
5 2 52 1
7 2 51 1
1 2 50 1
3 2 49 1
5 2 48 1
7 2 47 1
1 2 46 1
3 2 45 1
5 2 44 1
7 2 43 1
1 2 42 1
3 2 41 1
5 2 40 1
7 2 39 1
1 2 38 1
3 2 37 1
5 2 36 1
7 2 35 1
1 2 34 1
3 2 33 1
5 2 32 1
7 2 31 1
1 2 30 1
3 2 29 1
5 2 28 1
7 2 27 1
1 2 26 1
3 2 25 1
5 2 24 1
7 2 23 1
1 2 22 1
3 2 21 1
5 2 20 1
7 2 19 1
1 2 18 1
3 2 17 1
5 2 16 1
7 2 15 1
1 2 14 1
3 2 13 1
5 2 12 1
7 2 11 1
1 2 10 1
3 2 9 1
5 2 8 1
7 2 7 1
1 2 6 1
3 2 5 1
5 2 4 1
7 2 3 1
1 2 2 1
3 2 1 1
6 2 100 1
8 2 99 1
2 2 98 1
4 2 97 1
6 2 96 1
8 2 95 1
2 2 94 1
4 2 93 1
6 2 92 1
8 2 91 1
2 2 90 1
4 2 89 1
6 2 88 1
8 2 87 1
2 2 86 1
4 2 85 1
6 2 84 1
8 2 83 1
2 2 82 1
4 2 81 1
6 2 80 1
8 2 79 1
2 2 78 1
4 2 77 1
6 2 76 1
8 2 75 1
2 2 74 1
4 2 73 1
6 2 72 1
8 2 71 1
2 2 70 1
4 2 69 1
6 2 68 1
8 2 67 1
2 2 66 1
4 2 65 1
6 2 64 1
8 2 63 1
2 2 62 1
4 2 61 1
6 2 60 1
8 2 59 1
2 2 58 1
4 2 57 1
6 2 56 1
8 2 55 1
2 2 54 1
4 2 53 1
6 2 52 1
8 2 51 1
2 2 50 1
4 2 49 1
6 2 48 1
8 2 47 1
2 2 46 1
4 2 45 1
6 2 44 1
8 2 43 1
2 2 42 1
4 2 41 1
6 2 40 1
8 2 39 1
2 2 38 1
4 2 37 1
6 2 36 1
8 2 35 1
2 2 34 1
4 2 33 1
6 2 32 1
8 2 31 1
2 2 30 1
4 2 29 1
6 2 28 1
8 2 27 1
2 2 26 1
4 2 25 1
6 2 24 1
8 2 23 1
2 2 22 1
4 2 21 1
6 2 20 1
8 2 19 1
2 2 18 1
4 2 17 1
6 2 16 1
8 2 15 1
2 2 14 1
4 2 13 1
6 2 12 1
8 2 11 1
2 2 10 1
4 2 9 1
6 2 8 1
8 2 7 1
2 2 6 1
4 2 5 1
6 2 4 1
8 2 3 1
2 2 2 1
4 2 1 1
7 2 100 1
1 2 99 1
3 2 98 1
5 2 97 1
7 2 96 1
1 2 95 1
3 2 94 1
5 2 93 1
7 2 92 1
1 2 91 1
3 2 90 1
5 2 89 1
7 2 88 1
1 2 87 1
3 2 86 1
5 2 85 1
7 2 84 1
1 2 83 1
3 2 82 1
5 2 81 1
7 2 80 1
1 2 79 1
3 2 78 1
5 2 77 1
7 2 76 1
1 2 75 1
3 2 74 1
5 2 73 1
7 2 72 1
1 2 71 1
3 2 70 1
5 2 69 1
7 2 68 1
1 2 67 1
3 2 66 1
5 2 65 1
7 2 64 1
1 2 63 1
3 2 62 1
5 2 61 1
7 2 60 1
1 2 59 1
3 2 58 1
5 2 57 1
7 2 56 1
1 2 55 1
3 2 54 1
5 2 53 1
7 2 52 1
1 2 51 1
3 2 50 1
5 2 49 1
7 2 48 1
1 2 47 1
3 2 46 1
5 2 45 1
7 2 44 1
1 2 43 1
3 2 42 1
5 2 41 1
7 2 40 1
1 2 39 1
3 2 38 1
5 2 37 1
7 2 36 1
1 2 35 1
3 2 34 1
5 2 33 1
7 2 32 1
1 2 31 1
3 2 30 1
5 2 29 1
7 2 28 1
1 2 27 1
3 2 26 1
5 2 25 1
7 2 24 1
1 2 23 1
3 2 22 1
5 2 21 1
7 2 20 1
1 2 19 1
3 2 18 1
5 2 17 1
7 2 16 1
1 2 15 1
3 2 14 1
5 2 13 1
7 2 12 1
1 2 11 1
3 2 10 1
5 2 9 1
7 2 8 1
1 2 7 1
3 2 6 1
5 2 5 1
7 2 4 1
1 2 3 1
3 2 2 1
5 2 1 1
8 2 100 1
2 2 99 1
4 2 98 1
6 2 97 1
8 2 96 1
2 2 95 1
4 2 94 1
6 2 93 1
8 2 92 1
2 2 91 1
4 2 90 1
6 2 89 1
8 2 88 1
2 2 87 1
4 2 86 1
6 2 85 1
8 2 84 1
2 2 83 1
4 2 82 1
6 2 81 1
8 2 80 1
2 2 79 1
4 2 78 1
6 2 77 1
8 2 76 1
2 2 75 1
4 2 74 1
6 2 73 1
8 2 72 1
2 2 71 1
4 2 70 1
6 2 69 1
8 2 68 1
2 2 67 1
4 2 66 1
6 2 65 1
8 2 64 1
2 2 63 1
4 2 62 1
6 2 61 1
8 2 60 1
2 2 59 1
4 2 58 1
6 2 57 1
8 2 56 1
2 2 55 1
4 2 54 1
6 2 53 1
8 2 52 1
2 2 51 1
4 2 50 1
6 2 49 1
8 2 48 1
2 2 47 1
4 2 46 1
6 2 45 1
8 2 44 1
2 2 43 1
4 2 42 1
6 2 41 1
8 2 40 1
2 2 39 1
4 2 38 1
6 2 37 1
8 2 36 1
2 2 35 1
4 2 34 1
6 2 33 1
8 2 32 1
2 2 31 1
4 2 30 1
6 2 29 1
8 2 28 1
2 2 27 1
4 2 26 1
6 2 25 1
8 2 24 1
2 2 23 1
4 2 22 1
6 2 21 1
8 2 20 1
2 2 19 1
4 2 18 1
6 2 17 1
8 2 16 1
2 2 15 1
4 2 14 1
6 2 13 1
8 2 12 1
2 2 11 1
4 2 10 1
6 2 9 1
8 2 8 1
2 2 7 1
4 2 6 1
6 2 5 1
8 2 4 1
2 2 3 1
4 2 2 1
6 2 1 1
1 2 100 1
3 2 99 1
5 2 98 1
7 2 97 1
1 2 96 1
3 2 95 1
5 2 94 1
7 2 93 1
1 2 92 1
3 2 91 1
5 2 90 1
7 2 89 1
1 2 88 1
3 2 87 1
5 2 86 1
7 2 85 1
1 2 84 1
3 2 83 1
5 2 82 1
7 2 81 1
1 2 80 1
3 2 79 1
5 2 78 1
7 2 77 1
1 2 76 1
3 2 75 1
5 2 74 1
7 2 73 1
1 2 72 1
3 2 71 1
5 2 70 1
7 2 69 1
1 2 68 1
3 2 67 1
5 2 66 1
7 2 65 1
1 2 64 1
3 2 63 1
5 2 62 1
7 2 61 1
1 2 60 1
3 2 59 1
5 2 58 1
7 2 57 1
1 2 56 1
3 2 55 1
5 2 54 1
7 2 53 1
1 2 52 1
3 2 51 1
5 2 50 1
7 2 49 1
1 2 48 1
3 2 47 1
5 2 46 1
7 2 45 1
1 2 44 1
3 2 43 1
5 2 42 1
7 2 41 1
1 2 40 1
3 2 39 1
5 2 38 1
7 2 37 1
1 2 36 1
3 2 35 1
5 2 34 1
7 2 33 1
1 2 32 1
3 2 31 1
5 2 30 1
7 2 29 1
1 2 28 1
3 2 27 1
5 2 26 1
7 2 25 1
1 2 24 1
3 2 23 1
5 2 22 1
7 2 21 1
1 2 20 1
3 2 19 1
5 2 18 1
7 2 17 1
1 2 16 1
3 2 15 1
5 2 14 1
7 2 13 1
1 2 12 1
3 2 11 1
5 2 10 1
7 2 9 1
1 2 8 1
3 2 7 1
5 2 6 1
7 2 5 1
1 2 4 1
3 2 3 1
5 2 2 1
7 2 1 1
2 2 100 1
4 2 99 1
6 2 98 1
8 2 97 1
2 2 96 1
4 2 95 1
6 2 94 1
8 2 93 1
2 2 92 1
4 2 91 1
6 2 90 1
8 2 89 1
2 2 88 1
4 2 87 1
6 2 86 1
8 2 85 1
2 2 84 1
4 2 83 1
6 2 82 1
8 2 81 1
2 2 80 1
4 2 79 1
6 2 78 1
8 2 77 1
2 2 76 1
4 2 75 1
6 2 74 1
8 2 73 1
2 2 72 1
4 2 71 1
6 2 70 1
8 2 69 1
2 2 68 1
4 2 67 1
6 2 66 1
8 2 65 1
2 2 64 1
4 2 63 1
6 2 62 1
8 2 61 1
2 2 60 1
4 2 59 1
6 2 58 1
8 2 57 1
2 2 56 1
4 2 55 1
6 2 54 1
8 2 53 1
2 2 52 1
4 2 51 1
6 2 50 1
8 2 49 1
2 2 48 1
4 2 47 1
6 2 46 1
8 2 45 1
2 2 44 1
4 2 43 1
6 2 42 1
8 2 41 1
2 2 40 1
4 2 39 1
6 2 38 1
8 2 37 1
2 2 36 1
4 2 35 1
6 2 34 1
8 2 33 1
2 2 32 1
4 2 31 1
6 2 30 1
8 2 29 1
2 2 28 1
4 2 27 1
6 2 26 1
8 2 25 1
2 2 24 1
4 2 23 1
6 2 22 1
8 2 21 1
2 2 20 1
4 2 19 1
6 2 18 1
8 2 17 1
2 2 16 1
4 2 15 1
6 2 14 1
8 2 13 1
2 2 12 1
4 2 11 1
6 2 10 1
8 2 9 1
2 2 8 1
4 2 7 1
6 2 6 1
8 2 5 1
2 2 4 1
4 2 3 1
6 2 2 1
8 2 1 1
3 2 100 1
5 2 99 1
7 2 98 1
1 2 97 1
3 2 96 1
5 2 95 1
7 2 94 1
1 2 93 1
3 2 92 1
5 2 91 1
7 2 90 1
1 2 89 1
3 2 88 1
5 2 87 1
7 2 86 1
1 2 85 1
3 2 84 1
5 2 83 1
7 2 82 1
1 2 81 1
3 2 80 1
5 2 79 1
7 2 78 1
1 2 77 1
3 2 76 1
5 2 75 1
7 2 74 1
1 2 73 1
3 2 72 1
5 2 71 1
7 2 70 1
1 2 69 1
3 2 68 1
5 2 67 1
7 2 66 1
1 2 65 1
3 2 64 1
5 2 63 1
7 2 62 1
1 2 61 1
3 2 60 1
5 2 59 1
7 2 58 1
1 2 57 1
3 2 56 1
5 2 55 1
7 2 54 1
1 2 53 1
3 2 52 1
5 2 51 1
7 2 50 1
1 2 49 1
3 2 48 1
5 2 47 1
7 2 46 1
1 2 45 1
3 2 44 1
5 2 43 1
7 2 42 1
1 2 41 1
3 2 40 1
5 2 39 1
7 2 38 1
1 2 37 1
3 2 36 1
5 2 35 1
7 2 34 1
1 2 33 1
3 2 32 1
5 2 31 1
7 2 30 1
1 2 29 1
3 2 28 1
5 2 27 1
7 2 26 1
1 2 25 1
3 2 24 1
5 2 23 1
7 2 22 1
1 2 21 1
3 2 20 1
5 2 19 1
7 2 18 1
1 2 17 1
3 2 16 1
5 2 15 1
7 2 14 1
1 2 13 1
3 2 12 1
5 2 11 1
7 2 10 1
1 2 9 1
3 2 8 1
5 2 7 1
7 2 6 1
1 2 5 1
3 2 4 1
5 2 3 1
7 2 2 1
1 2 1 1
4 2 100 1
6 2 99 1
8 2 98 1
2 2 97 1
4 2 96 1
6 2 95 1
8 2 94 1
2 2 93 1
4 2 92 1
6 2 91 1
8 2 90 1
2 2 89 1
4 2 88 1
6 2 87 1
8 2 86 1
2 2 85 1
4 2 84 1
6 2 83 1
8 2 82 1
2 2 81 1
4 2 80 1
6 2 79 1
8 2 78 1
2 2 77 1
4 2 76 1
6 2 75 1
8 2 74 1
2 2 73 1
4 2 72 1
6 2 71 1
8 2 70 1
2 2 69 1
4 2 68 1
6 2 67 1
8 2 66 1
2 2 65 1
4 2 64 1
6 2 63 1
8 2 62 1
2 2 61 1
4 2 60 1
6 2 59 1
8 2 58 1
2 2 57 1
4 2 56 1
6 2 55 1
8 2 54 1
2 2 53 1
4 2 52 1
6 2 51 1
8 2 50 1
2 2 49 1
4 2 48 1
6 2 47 1
8 2 46 1
2 2 45 1
4 2 44 1
6 2 43 1
8 2 42 1
2 2 41 1
4 2 40 1
6 2 39 1
8 2 38 1
2 2 37 1
4 2 36 1
6 2 35 1
8 2 34 1
2 2 33 1
4 2 32 1
6 2 31 1
8 2 30 1
2 2 29 1
4 2 28 1
6 2 27 1
8 2 26 1
2 2 25 1
4 2 24 1
6 2 23 1
8 2 22 1
2 2 21 1
4 2 20 1
6 2 19 1
8 2 18 1
2 2 17 1
4 2 16 1
6 2 15 1
8 2 14 1
2 2 13 1
4 2 12 1
6 2 11 1
8 2 10 1
2 2 9 1
4 2 8 1
6 2 7 1
8 2 6 1
2 2 5 1
4 2 4 1
6 2 3 1
8 2 2 1
2 2 1 1
5 2 100 1
7 2 99 1
1 2 98 1
3 2 97 1
5 2 96 1
7 2 95 1
1 2 94 1
3 2 93 1
5 2 92 1
7 2 91 1
1 2 90 1
3 2 89 1
5 2 88 1
7 2 87 1
1 2 86 1
3 2 85 1
5 2 84 1
7 2 83 1
1 2 82 1
3 2 81 1
5 2 80 1
7 2 79 1
1 2 78 1
3 2 77 1
5 2 76 1
7 2 75 1
1 2 74 1
3 2 73 1
5 2 72 1
7 2 71 1
1 2 70 1
3 2 69 1
5 2 68 1
7 2 67 1
1 2 66 1
3 2 65 1
5 2 64 1
7 2 63 1
1 2 62 1
3 2 61 1
5 2 60 1
7 2 59 1
1 2 58 1
3 2 57 1
5 2 56 1
7 2 55 1
1 2 54 1
3 2 53 1
5 2 52 1
7 2 51 1
1 2 50 1
3 2 49 1
5 2 48 1
7 2 47 1
1 2 46 1
3 2 45 1
5 2 44 1
7 2 43 1
1 2 42 1
3 2 41 1
5 2 40 1
7 2 39 1
1 2 38 1
3 2 37 1
5 2 36 1
7 2 35 1
1 2 34 1
3 2 33 1
5 2 32 1
7 2 31 1
1 2 30 1
3 2 29 1
5 2 28 1
7 2 27 1
1 2 26 1
3 2 25 1
5 2 24 1
7 2 23 1
1 2 22 1
3 2 21 1
5 2 20 1
7 2 19 1
1 2 18 1
3 2 17 1
5 2 16 1
7 2 15 1
1 2 14 1
3 2 13 1
5 2 12 1
7 2 11 1
1 2 10 1
3 2 9 1
5 2 8 1
7 2 7 1
1 2 6 1
3 2 5 1
5 2 4 1
7 2 3 1
1 2 2 1
3 2 1 1
6 2 100 1
8 2 99 1
2 2 98 1
4 2 97 1
6 2 96 1
8 2 95 1
2 2 94 1
4 2 93 1
6 2 92 1
8 2 91 1
2 2 90 1
4 2 89 1
6 2 88 1
8 2 87 1
2 2 86 1
4 2 85 1
6 2 84 1
8 2 83 1
2 2 82 1
4 2 81 1
6 2 80 1
8 2 79 1
2 2 78 1
4 2 77 1
6 2 76 1
8 2 75 1
2 2 74 1
4 2 73 1
6 2 72 1
8 2 71 1
2 2 70 1
4 2 69 1
6 2 68 1
8 2 67 1
2 2 66 1
4 2 65 1
6 2 64 1
8 2 63 1
2 2 62 1
4 2 61 1
6 2 60 1
8 2 59 1
2 2 58 1
4 2 57 1
6 2 56 1
8 2 55 1
2 2 54 1
4 2 53 1
6 2 52 1
8 2 51 1
2 2 50 1
4 2 49 1
6 2 48 1
8 2 47 1
2 2 46 1
4 2 45 1
6 2 44 1
8 2 43 1
2 2 42 1
4 2 41 1
6 2 40 1
8 2 39 1
2 2 38 1
4 2 37 1
6 2 36 1
8 2 35 1
2 2 34 1
4 2 33 1
6 2 32 1
8 2 31 1
2 2 30 1
4 2 29 1
6 2 28 1
8 2 27 1
2 2 26 1
4 2 25 1
6 2 24 1
8 2 23 1
2 2 22 1
4 2 21 1
6 2 20 1
8 2 19 1
2 2 18 1
4 2 17 1
6 2 16 1
8 2 15 1
2 2 14 1
4 2 13 1
6 2 12 1
8 2 11 1
2 2 10 1
4 2 9 1
6 2 8 1
8 2 7 1
2 2 6 1
4 2 5 1
6 2 4 1
8 2 3 1
2 2 2 1
4 2 1 1
7 2 100 1
1 2 99 1
3 2 98 1
5 2 97 1
7 2 96 1
1 2 95 1
3 2 94 1
5 2 93 1
7 2 92 1
1 2 91 1
3 2 90 1
5 2 89 1
7 2 88 1
1 2 87 1
3 2 86 1
5 2 85 1
7 2 84 1
1 2 83 1
3 2 82 1
5 2 81 1
7 2 80 1
1 2 79 1
3 2 78 1
5 2 77 1
7 2 76 1
1 2 75 1
3 2 74 1
5 2 73 1
7 2 72 1
1 2 71 1
3 2 70 1
5 2 69 1
7 2 68 1
1 2 67 1
3 2 66 1
5 2 65 1
7 2 64 1
1 2 63 1
3 2 62 1
5 2 61 1
7 2 60 1
1 2 59 1
3 2 58 1
5 2 57 1
7 2 56 1
1 2 55 1
3 2 54 1
5 2 53 1
7 2 52 1
1 2 51 1
3 2 50 1
5 2 49 1
7 2 48 1
1 2 47 1
3 2 46 1
5 2 45 1
7 2 44 1
1 2 43 1
3 2 42 1
5 2 41 1
7 2 40 1
1 2 39 1
3 2 38 1
5 2 37 1
7 2 36 1
1 2 35 1
3 2 34 1
5 2 33 1
7 2 32 1
1 2 31 1
3 2 30 1
5 2 29 1
7 2 28 1
1 2 27 1
3 2 26 1
5 2 25 1
7 2 24 1
1 2 23 1
3 2 22 1
5 2 21 1
7 2 20 1
1 2 19 1
3 2 18 1
5 2 17 1
7 2 16 1
1 2 15 1
3 2 14 1
5 2 13 1
7 2 12 1
1 2 11 1
3 2 10 1
5 2 9 1
7 2 8 1
1 2 7 1
3 2 6 1
5 2 5 1
7 2 4 1
1 2 3 1
3 2 2 1
5 2 1 1
8 2 100 1
2 2 99 1
4 2 98 1
6 2 97 1
8 2 96 1
2 2 95 1
4 2 94 1
6 2 93 1
8 2 92 1
2 2 91 1
4 2 90 1
6 2 89 1
8 2 88 1
2 2 87 1
4 2 86 1
6 2 85 1
8 2 84 1
2 2 83 1
4 2 82 1
6 2 81 1
8 2 80 1
2 2 79 1
4 2 78 1
6 2 77 1
8 2 76 1
2 2 75 1
4 2 74 1
6 2 73 1
8 2 72 1
2 2 71 1
4 2 70 1
6 2 69 1
8 2 68 1
2 2 67 1
4 2 66 1
6 2 65 1
8 2 64 1
2 2 63 1
4 2 62 1
6 2 61 1
8 2 60 1
2 2 59 1
4 2 58 1
6 2 57 1
8 2 56 1
2 2 55 1
4 2 54 1
6 2 53 1
8 2 52 1
2 2 51 1
4 2 50 1
6 2 49 1
8 2 48 1
2 2 47 1
4 2 46 1
6 2 45 1
8 2 44 1
2 2 43 1
4 2 42 1
6 2 41 1
8 2 40 1
2 2 39 1
4 2 38 1
6 2 37 1
8 2 36 1
2 2 35 1
4 2 34 1
6 2 33 1
8 2 32 1
2 2 31 1
4 2 30 1
6 2 29 1
8 2 28 1
2 2 27 1
4 2 26 1
6 2 25 1
8 2 24 1
2 2 23 1
4 2 22 1
6 2 21 1
8 2 20 1
2 2 19 1
4 2 18 1
6 2 17 1
8 2 16 1
2 2 15 1
4 2 14 1
6 2 13 1
8 2 12 1
2 2 11 1
4 2 10 1
6 2 9 1
8 2 8 1
2 2 7 1
4 2 6 1
6 2 5 1
8 2 4 1
2 2 3 1
4 2 2 1
6 2 1 1
1 2 100 1
3 2 99 1
5 2 98 1
7 2 97 1
1 2 96 1
3 2 95 1
5 2 94 1
7 2 93 1
1 2 92 1
3 2 91 1
5 2 90 1
7 2 89 1
1 2 88 1
3 2 87 1
5 2 86 1
7 2 85 1
1 2 84 1
3 2 83 1
5 2 82 1
7 2 81 1
1 2 80 1
3 2 79 1
5 2 78 1
7 2 77 1
1 2 76 1
3 2 75 1
5 2 74 1
7 2 73 1
1 2 72 1
3 2 71 1
5 2 70 1
7 2 69 1
1 2 68 1
3 2 67 1
5 2 66 1
7 2 65 1
1 2 64 1
3 2 63 1
5 2 62 1
7 2 61 1
1 2 60 1
3 2 59 1
5 2 58 1
7 2 57 1
1 2 56 1
3 2 55 1
5 2 54 1
7 2 53 1
1 2 52 1
3 2 51 1
5 2 50 1
7 2 49 1
1 2 48 1
3 2 47 1
5 2 46 1
7 2 45 1
1 2 44 1
3 2 43 1
5 2 42 1
7 2 41 1
1 2 40 1
3 2 39 1
5 2 38 1
7 2 37 1
1 2 36 1
3 2 35 1
5 2 34 1
7 2 33 1
1 2 32 1
3 2 31 1
5 2 30 1
7 2 29 1
1 2 28 1
3 2 27 1
5 2 26 1
7 2 25 1
1 2 24 1
3 2 23 1
5 2 22 1
7 2 21 1
1 2 20 1
3 2 19 1
5 2 18 1
7 2 17 1
1 2 16 1
3 2 15 1
5 2 14 1
7 2 13 1
1 2 12 1
3 2 11 1
5 2 10 1
7 2 9 1
1 2 8 1
3 2 7 1
5 2 6 1
7 2 5 1
1 2 4 1
3 2 3 1
5 2 2 1
7 2 1 1
2 2 100 1
4 2 99 1
6 2 98 1
8 2 97 1
2 2 96 1
4 2 95 1
6 2 94 1
8 2 93 1
2 2 92 1
4 2 91 1
6 2 90 1
8 2 89 1
2 2 88 1
4 2 87 1
6 2 86 1
8 2 85 1
2 2 84 1
4 2 83 1
6 2 82 1
8 2 81 1
2 2 80 1
4 2 79 1
6 2 78 1
8 2 77 1
2 2 76 1
4 2 75 1
6 2 74 1
8 2 73 1
2 2 72 1
4 2 71 1
6 2 70 1
8 2 69 1
2 2 68 1
4 2 67 1
6 2 66 1
8 2 65 1
2 2 64 1
4 2 63 1
6 2 62 1
8 2 61 1
2 2 60 1
4 2 59 1
6 2 58 1
8 2 57 1
2 2 56 1
4 2 55 1
6 2 54 1
8 2 53 1
2 2 52 1
4 2 51 1
6 2 50 1
8 2 49 1
2 2 48 1
4 2 47 1
6 2 46 1
8 2 45 1
2 2 44 1
4 2 43 1
6 2 42 1
8 2 41 1
2 2 40 1
4 2 39 1
6 2 38 1
8 2 37 1
2 2 36 1
4 2 35 1
6 2 34 1
8 2 33 1
2 2 32 1
4 2 31 1
6 2 30 1
8 2 29 1
2 2 28 1
4 2 27 1
6 2 26 1
8 2 25 1
2 2 24 1
4 2 23 1
6 2 22 1
8 2 21 1
2 2 20 1
4 2 19 1
6 2 18 1
8 2 17 1
2 2 16 1
4 2 15 1
6 2 14 1
8 2 13 1
2 2 12 1
4 2 11 1
6 2 10 1
8 2 9 1
2 2 8 1
4 2 7 1
6 2 6 1
8 2 5 1
2 2 4 1
4 2 3 1
6 2 2 1
8 2 1 1
3 2 100 1
5 2 99 1
7 2 98 1
1 2 97 1
3 2 96 1
5 2 95 1
7 2 94 1
1 2 93 1
3 2 92 1
5 2 91 1
7 2 90 1
1 2 89 1
3 2 88 1
5 2 87 1
7 2 86 1
1 2 85 1
3 2 84 1
5 2 83 1
7 2 82 1
1 2 81 1
3 2 80 1
5 2 79 1
7 2 78 1
1 2 77 1
3 2 76 1
5 2 75 1
7 2 74 1
1 2 73 1
3 2 72 1
5 2 71 1
7 2 70 1
1 2 69 1
3 2 68 1
5 2 67 1
7 2 66 1
1 2 65 1
3 2 64 1
5 2 63 1
7 2 62 1
1 2 61 1
3 2 60 1
5 2 59 1
7 2 58 1
1 2 57 1
3 2 56 1
5 2 55 1
7 2 54 1
1 2 53 1
3 2 52 1
5 2 51 1
7 2 50 1
1 2 49 1
3 2 48 1
5 2 47 1
7 2 46 1
1 2 45 1
3 2 44 1
5 2 43 1
7 2 42 1
1 2 41 1
3 2 40 1
5 2 39 1
7 2 38 1
1 2 37 1
3 2 36 1
5 2 35 1
7 2 34 1
1 2 33 1
3 2 32 1
5 2 31 1
7 2 30 1
1 2 29 1
3 2 28 1
5 2 27 1
7 2 26 1
1 2 25 1
3 2 24 1
5 2 23 1
7 2 22 1
1 2 21 1
3 2 20 1
5 2 19 1
7 2 18 1
1 2 17 1
3 2 16 1
5 2 15 1
7 2 14 1
1 2 13 1
3 2 12 1
5 2 11 1
7 2 10 1
1 2 9 1
3 2 8 1
5 2 7 1
7 2 6 1
1 2 5 1
3 2 4 1
5 2 3 1
7 2 2 1
1 2 1 1
4 2 100 1
6 2 99 1
8 2 98 1
2 2 97 1
4 2 96 1
6 2 95 1
8 2 94 1
2 2 93 1
4 2 92 1
6 2 91 1
8 2 90 1
2 2 89 1
4 2 88 1
6 2 87 1
8 2 86 1
2 2 85 1
4 2 84 1
6 2 83 1
8 2 82 1
2 2 81 1
4 2 80 1
6 2 79 1
8 2 78 1
2 2 77 1
4 2 76 1
6 2 75 1
8 2 74 1
2 2 73 1
4 2 72 1
6 2 71 1
8 2 70 1
2 2 69 1
4 2 68 1
6 2 67 1
8 2 66 1
2 2 65 1
4 2 64 1
6 2 63 1
8 2 62 1
2 2 61 1
4 2 60 1
6 2 59 1
8 2 58 1
2 2 57 1
4 2 56 1
6 2 55 1
8 2 54 1
2 2 53 1
4 2 52 1
6 2 51 1
8 2 50 1
2 2 49 1
4 2 48 1
6 2 47 1
8 2 46 1
2 2 45 1
4 2 44 1
6 2 43 1
8 2 42 1
2 2 41 1
4 2 40 1
6 2 39 1
8 2 38 1
2 2 37 1
4 2 36 1
6 2 35 1
8 2 34 1
2 2 33 1
4 2 32 1
6 2 31 1
8 2 30 1
2 2 29 1
4 2 28 1
6 2 27 1
8 2 26 1
2 2 25 1
4 2 24 1
6 2 23 1
8 2 22 1
2 2 21 1
4 2 20 1
6 2 19 1
8 2 18 1
2 2 17 1
4 2 16 1
6 2 15 1
8 2 14 1
2 2 13 1
4 2 12 1
6 2 11 1
8 2 10 1
2 2 9 1
4 2 8 1
6 2 7 1
8 2 6 1
2 2 5 1
4 2 4 1
6 2 3 1
8 2 2 1
2 2 1 1
5 2 100 1
7 2 99 1
1 2 98 1
3 2 97 1
5 2 96 1
7 2 95 1
1 2 94 1
3 2 93 1
5 2 92 1
7 2 91 1
1 2 90 1
3 2 89 1
5 2 88 1
7 2 87 1
1 2 86 1
3 2 85 1
5 2 84 1
7 2 83 1
1 2 82 1
3 2 81 1
5 2 80 1
7 2 79 1
1 2 78 1
3 2 77 1
5 2 76 1
7 2 75 1
1 2 74 1
3 2 73 1
5 2 72 1
7 2 71 1
1 2 70 1
3 2 69 1
5 2 68 1
7 2 67 1
1 2 66 1
3 2 65 1
5 2 64 1
7 2 63 1
1 2 62 1
3 2 61 1
5 2 60 1
7 2 59 1
1 2 58 1
3 2 57 1
5 2 56 1
7 2 55 1
1 2 54 1
3 2 53 1
5 2 52 1
7 2 51 1
1 2 50 1
3 2 49 1
5 2 48 1
7 2 47 1
1 2 46 1
3 2 45 1
5 2 44 1
7 2 43 1
1 2 42 1
3 2 41 1
5 2 40 1
7 2 39 1
1 2 38 1
3 2 37 1
5 2 36 1
7 2 35 1
1 2 34 1
3 2 33 1
5 2 32 1
7 2 31 1
1 2 30 1
3 2 29 1
5 2 28 1
7 2 27 1
1 2 26 1
3 2 25 1
5 2 24 1
7 2 23 1
1 2 22 1
3 2 21 1
5 2 20 1
7 2 19 1
1 2 18 1
3 2 17 1
5 2 16 1
7 2 15 1
1 2 14 1
3 2 13 1
5 2 12 1
7 2 11 1
1 2 10 1
3 2 9 1
5 2 8 1
7 2 7 1
1 2 6 1
3 2 5 1
5 2 4 1
7 2 3 1
1 2 2 1
3 2 1 1
6 2 100 1
8 2 99 1
2 2 98 1
4 2 97 1
6 2 96 1
8 2 95 1
2 2 94 1
4 2 93 1
6 2 92 1
8 2 91 1
2 2 90 1
4 2 89 1
6 2 88 1
8 2 87 1
2 2 86 1
4 2 85 1
6 2 84 1
8 2 83 1
2 2 82 1
4 2 81 1
6 2 80 1
8 2 79 1
2 2 78 1
4 2 77 1
6 2 76 1
8 2 75 1
2 2 74 1
4 2 73 1
6 2 72 1
8 2 71 1
2 2 70 1
4 2 69 1
6 2 68 1
8 2 67 1
2 2 66 1
4 2 65 1
6 2 64 1
8 2 63 1
2 2 62 1
4 2 61 1
6 2 60 1
8 2 59 1
2 2 58 1
4 2 57 1
6 2 56 1
8 2 55 1
2 2 54 1
4 2 53 1
6 2 52 1
8 2 51 1
2 2 50 1
4 2 49 1
6 2 48 1
8 2 47 1
2 2 46 1
4 2 45 1
6 2 44 1
8 2 43 1
2 2 42 1
4 2 41 1
6 2 40 1
8 2 39 1
2 2 38 1
4 2 37 1
6 2 36 1
8 2 35 1
2 2 34 1
4 2 33 1
6 2 32 1
8 2 31 1
2 2 30 1
4 2 29 1
6 2 28 1
8 2 27 1
2 2 26 1
4 2 25 1
6 2 24 1
8 2 23 1
2 2 22 1
4 2 21 1
6 2 20 1
8 2 19 1
2 2 18 1
4 2 17 1
6 2 16 1
8 2 15 1
2 2 14 1
4 2 13 1
6 2 12 1
8 2 11 1
2 2 10 1
4 2 9 1
6 2 8 1
8 2 7 1
2 2 6 1
4 2 5 1
6 2 4 1
8 2 3 1
2 2 2 1
4 2 1 1
7 2 100 1
1 2 99 1
3 2 98 1
5 2 97 1
7 2 96 1
1 2 95 1
3 2 94 1
5 2 93 1
7 2 92 1
1 2 91 1
3 2 90 1
5 2 89 1
7 2 88 1
1 2 87 1
3 2 86 1
5 2 85 1
7 2 84 1
1 2 83 1
3 2 82 1
5 2 81 1
7 2 80 1
1 2 79 1
3 2 78 1
5 2 77 1
7 2 76 1
1 2 75 1
3 2 74 1
5 2 73 1
7 2 72 1
1 2 71 1
3 2 70 1
5 2 69 1
7 2 68 1
1 2 67 1
3 2 66 1
5 2 65 1
7 2 64 1
1 2 63 1
3 2 62 1
5 2 61 1
7 2 60 1
1 2 59 1
3 2 58 1
5 2 57 1
7 2 56 1
1 2 55 1
3 2 54 1
5 2 53 1
7 2 52 1
1 2 51 1
3 2 50 1
5 2 49 1
7 2 48 1
1 2 47 1
3 2 46 1
5 2 45 1
7 2 44 1
1 2 43 1
3 2 42 1
5 2 41 1
7 2 40 1
1 2 39 1
3 2 38 1
5 2 37 1
7 2 36 1
1 2 35 1
3 2 34 1
5 2 33 1
7 2 32 1
1 2 31 1
3 2 30 1
5 2 29 1
7 2 28 1
1 2 27 1
3 2 26 1
5 2 25 1
7 2 24 1
1 2 23 1
3 2 22 1
5 2 21 1
7 2 20 1
1 2 19 1
3 2 18 1
5 2 17 1
7 2 16 1
1 2 15 1
3 2 14 1
5 2 13 1
7 2 12 1
1 2 11 1
3 2 10 1
5 2 9 1
7 2 8 1
1 2 7 1
3 2 6 1
5 2 5 1
7 2 4 1
1 2 3 1
3 2 2 1
5 2 1 1
8 2 100 1
2 2 99 1
4 2 98 1
6 2 97 1
8 2 96 1
2 2 95 1
4 2 94 1
6 2 93 1
8 2 92 1
2 2 91 1
4 2 90 1
6 2 89 1
8 2 88 1
2 2 87 1
4 2 86 1
6 2 85 1
8 2 84 1
2 2 83 1
4 2 82 1
6 2 81 1
8 2 80 1
2 2 79 1
4 2 78 1
6 2 77 1
8 2 76 1
2 2 75 1
4 2 74 1
6 2 73 1
8 2 72 1
2 2 71 1
4 2 70 1
6 2 69 1
8 2 68 1
2 2 67 1
4 2 66 1
6 2 65 1
8 2 64 1
2 2 63 1
4 2 62 1
6 2 61 1
8 2 60 1
2 2 59 1
4 2 58 1
6 2 57 1
8 2 56 1
2 2 55 1
4 2 54 1
6 2 53 1
8 2 52 1
2 2 51 1
4 2 50 1
6 2 49 1
8 2 48 1
2 2 47 1
4 2 46 1
6 2 45 1
8 2 44 1
2 2 43 1
4 2 42 1
6 2 41 1
8 2 40 1
2 2 39 1
4 2 38 1
6 2 37 1
8 2 36 1
2 2 35 1
4 2 34 1
6 2 33 1
8 2 32 1
2 2 31 1
4 2 30 1
6 2 29 1
8 2 28 1
2 2 27 1
4 2 26 1
6 2 25 1
8 2 24 1
2 2 23 1
4 2 22 1
6 2 21 1
8 2 20 1
2 2 19 1
4 2 18 1
6 2 17 1
8 2 16 1
2 2 15 1
4 2 14 1
6 2 13 1
8 2 12 1
2 2 11 1
4 2 10 1
6 2 9 1
8 2 8 1
2 2 7 1
4 2 6 1
6 2 5 1
8 2 4 1
2 2 3 1
4 2 2 1
6 2 1 1
1 2 100 1
3 2 99 1
5 2 98 1
7 2 97 1
1 2 96 1
3 2 95 1
5 2 94 1
7 2 93 1
1 2 92 1
3 2 91 1
5 2 90 1
7 2 89 1
1 2 88 1
3 2 87 1
5 2 86 1
7 2 85 1
1 2 84 1
3 2 83 1
5 2 82 1
7 2 81 1
1 2 80 1
3 2 79 1
5 2 78 1
7 2 77 1
1 2 76 1
3 2 75 1
5 2 74 1
7 2 73 1
1 2 72 1
3 2 71 1
5 2 70 1
7 2 69 1
1 2 68 1
3 2 67 1
5 2 66 1
7 2 65 1
1 2 64 1
3 2 63 1
5 2 62 1
7 2 61 1
1 2 60 1
3 2 59 1
5 2 58 1
7 2 57 1
1 2 56 1
3 2 55 1
5 2 54 1
7 2 53 1
1 2 52 1
3 2 51 1
5 2 50 1
7 2 49 1
1 2 48 1
3 2 47 1
5 2 46 1
7 2 45 1
1 2 44 1
3 2 43 1
5 2 42 1
7 2 41 1
1 2 40 1
3 2 39 1
5 2 38 1
7 2 37 1
1 2 36 1
3 2 35 1
5 2 34 1
7 2 33 1
1 2 32 1
3 2 31 1
5 2 30 1
7 2 29 1
1 2 28 1
3 2 27 1
5 2 26 1
7 2 25 1
1 2 24 1
3 2 23 1
5 2 22 1
7 2 21 1
1 2 20 1
3 2 19 1
5 2 18 1
7 2 17 1
1 2 16 1
3 2 15 1
5 2 14 1
7 2 13 1
1 2 12 1
3 2 11 1
5 2 10 1
7 2 9 1
1 2 8 1
3 2 7 1
5 2 6 1
7 2 5 1
1 2 4 1
3 2 3 1
5 2 2 1
7 2 1 1
2 2 100 1
4 2 99 1
6 2 98 1
8 2 97 1
2 2 96 1
4 2 95 1
6 2 94 1
8 2 93 1
2 2 92 1
4 2 91 1
6 2 90 1
8 2 89 1
2 2 88 1
4 2 87 1
6 2 86 1
8 2 85 1
2 2 84 1
4 2 83 1
6 2 82 1
8 2 81 1
2 2 80 1
4 2 79 1
6 2 78 1
8 2 77 1
2 2 76 1
4 2 75 1
6 2 74 1
8 2 73 1
2 2 72 1
4 2 71 1
6 2 70 1
8 2 69 1
2 2 68 1
4 2 67 1
6 2 66 1
8 2 65 1
2 2 64 1
4 2 63 1
6 2 62 1
8 2 61 1
2 2 60 1
4 2 59 1
6 2 58 1
8 2 57 1
2 2 56 1
4 2 55 1
6 2 54 1
8 2 53 1
2 2 52 1
4 2 51 1
6 2 50 1
8 2 49 1
2 2 48 1
4 2 47 1
6 2 46 1
8 2 45 1
2 2 44 1
4 2 43 1
6 2 42 1
8 2 41 1
2 2 40 1
4 2 39 1
6 2 38 1
8 2 37 1
2 2 36 1
4 2 35 1
6 2 34 1
8 2 33 1
2 2 32 1
4 2 31 1
6 2 30 1
8 2 29 1
2 2 28 1
4 2 27 1
6 2 26 1
8 2 25 1
2 2 24 1
4 2 23 1
6 2 22 1
8 2 21 1
2 2 20 1
4 2 19 1
6 2 18 1
8 2 17 1
2 2 16 1
4 2 15 1
6 2 14 1
8 2 13 1
2 2 12 1
4 2 11 1
6 2 10 1
8 2 9 1
2 2 8 1
4 2 7 1
6 2 6 1
8 2 5 1
2 2 4 1
4 2 3 1
6 2 2 1
8 2 1 1
