15780
3644
4 2 100 1
8 2 98 1
7 2 96 1
2 2 94 1
3 2 92 1
4 2 90 1
2 4 88 1
4 2 86 1
8 2 84 1
7 2 82 1
8 2 80 1
6 2 78 1
5 2 76 1
7 2 74 1
5 2 72 1
8 2 70 1
2 2 68 1
7 2 66 1
1 4 64 1
6 4 62 1
1 2 58 1
8 2 56 1
1 2 54 1
2 2 52 1
5 8 50 1
7 4 46 1
3 2 44 1
4 2 42 1
5 2 40 1
7 2 38 1
5 2 36 1
7 8 34 1
4 2 32 1
2 4 30 1
4 4 28 1
7 4 26 1
3 6 24 1
6 2 22 1
7 4 20 1
6 2 18 1
5 2 16 1
8 4 14 1
1 2 12 1
6 4 10 1
8 2 6 1
3 2 4 1
4 2 2 1
8 2 72 1
4 2 70 1
2 4 68 1
5 2 66 1
7 2 64 1
8 2 62 1
5 2 60 1
1 2 58 1
8 2 56 1
6 4 54 1
7 2 52 1
8 2 50 1
4 2 48 1
2 2 46 1
4 2 44 1
1 2 42 1
4 4 40 1
8 2 38 1
4 2 36 1
5 2 34 1
4 2 32 1
7 4 30 1
3 2 28 1
6 2 26 1
7 4 24 1
5 2 20 1
1 2 18 1
4 2 16 1
7 4 14 1
6 6 12 1
4 4 10 1
2 4 6 1
8 2 2 1
4 2 86 1
1 2 84 1
8 2 82 1
3 2 80 1
7 4 78 1
6 4 74 1
4 6 72 1
1 2 68 1
2 4 66 1
3 4 62 1
6 2 60 1
5 2 58 1
6 2 56 1
5 2 54 1
4 2 52 1
3 4 50 1
2 2 46 1
5 2 44 1
2 2 42 1
7 2 40 1
6 6 38 1
3 4 34 1
7 4 30 1
3 2 28 1
1 2 26 1
5 2 24 1
4 2 22 1
5 4 20 1
6 2 16 1
4 2 14 1
3 8 12 1
5 2 10 1
6 8 8 1
5 4 4 1
5 2 82 1
7 2 80 1
3 2 78 1
4 4 76 1
5 6 72 1
2 4 70 1
4 2 66 1
6 2 64 1
1 2 62 1
3 2 60 1
1 2 58 1
3 2 56 1
5 2 54 1
8 6 52 1
7 2 48 1
4 12 46 1
8 4 44 1
7 2 42 1
6 6 40 1
7 2 38 1
5 6 36 1
8 2 34 1
5 2 32 1
4 2 30 1
1 4 28 1
4 4 24 1
6 2 22 1
4 2 20 1
8 2 18 1
3 6 16 1
2 8 14 1
8 2 12 1
1 4 10 1
4 2 6 1
2 2 4 1
8 2 2 1
1 2 62 1
8 2 60 1
1 2 58 1
5 6 56 1
2 4 50 1
5 4 46 1
8 4 44 1
2 2 42 1
8 2 40 1
6 2 38 1
7 6 36 1
4 2 34 1
7 2 32 1
6 2 30 1
7 4 28 1
1 2 24 1
8 2 22 1
6 2 20 1
8 2 18 1
6 4 16 1
3 2 14 1
7 4 12 1
5 4 10 1
4 2 8 1
1 2 6 1
7 2 4 1
6 4 2 1
6 6 82 1
1 2 80 1
5 4 78 1
7 2 76 1
6 4 74 1
4 2 70 1
3 2 68 1
5 2 66 1
4 2 64 1
3 2 62 1
1 12 60 1
2 4 52 1
4 2 48 1
1 2 46 1
3 2 44 1
2 2 42 1
7 8 40 1
1 2 34 1
6 2 32 1
7 2 30 1
3 6 28 1
8 4 24 1
2 4 20 1
1 2 18 1
4 2 16 1
3 2 14 1
4 2 12 1
2 2 10 1
4 2 8 1
3 2 6 1
6 2 4 1
5 2 2 1
4 4 84 1
8 4 82 1
5 2 80 1
7 4 78 1
3 2 74 1
8 2 72 1
2 6 70 1
7 6 68 1
3 2 66 1
8 2 64 1
2 8 62 1
3 2 60 1
6 2 58 1
3 2 56 1
5 2 54 1
7 2 52 1
4 2 50 1
7 2 48 1
6 2 46 1
1 4 44 1
3 2 40 1
8 2 38 1
3 4 36 1
6 2 32 1
4 4 30 1
5 4 28 1
8 2 26 1
6 2 24 1
2 2 22 1
7 4 20 1
3 2 16 1
1 2 14 1
6 4 12 1
8 4 10 1
2 2 6 1
5 2 4 1
4 2 2 1
6 2 80 1
4 2 78 1
2 2 76 1
8 2 74 1
5 2 72 1
4 2 70 1
3 2 68 1
4 2 66 1
3 2 64 1
6 2 62 1
8 2 60 1
1 2 58 1
3 2 56 1
6 2 54 1
3 2 52 1
5 2 50 1
4 4 48 1
5 8 44 1
2 2 42 1
8 2 40 1
4 2 38 1
6 6 36 1
1 2 30 1
6 2 28 1
3 2 26 1
4 2 24 1
8 2 22 1
3 2 20 1
6 2 18 1
2 2 16 1
5 10 14 1
7 2 10 1
1 4 8 1
6 2 4 1
1 2 2 1
8 8 86 1
5 2 84 1
6 2 82 1
7 2 80 1
6 2 78 1
5 2 76 1
2 4 74 1
6 2 72 1
3 2 70 1
1 2 68 1
7 2 66 1
2 2 64 1
4 2 62 1
7 2 60 1
4 2 58 1
6 4 56 1
4 2 52 1
3 2 50 1
8 4 48 1
1 4 44 1
7 2 40 1
5 2 38 1
2 2 36 1
7 2 34 1
2 6 32 1
4 2 28 1
8 2 26 1
3 2 24 1
5 2 22 1
1 2 20 1
7 2 18 1
1 2 16 1
7 2 14 1
3 2 12 1
1 2 10 1
4 4 8 1
7 4 6 1
3 2 2 1
5 2 88 1
8 2 86 1
6 2 84 1
1 2 82 1
2 2 80 1
1 2 78 1
8 2 76 1
3 2 74 1
8 4 72 1
7 2 68 1
2 4 66 1
4 2 64 1
1 2 62 1
5 6 60 1
3 6 58 1
4 2 56 1
3 2 54 1
2 4 52 1
8 2 48 1
2 2 46 1
7 8 44 1
2 2 36 1
4 4 34 1
5 2 32 1
8 4 30 1
6 2 26 1
4 2 24 1
8 4 22 1
7 6 20 1
8 4 16 1
2 2 14 1
1 4 12 1
8 2 8 1
1 2 6 1
2 2 4 1
5 2 2 1
2 4 78 1
5 2 74 1
7 2 72 1
8 2 70 1
4 2 68 1
7 2 66 1
5 2 64 1
1 2 62 1
8 2 60 1
7 4 58 1
4 2 54 1
3 2 52 1
6 4 50 1
8 2 46 1
5 4 44 1
7 2 40 1
6 2 38 1
1 2 36 1
4 2 34 1
8 2 32 1
1 2 30 1
8 2 28 1
7 4 26 1
5 2 24 1
1 2 22 1
3 4 20 1
5 2 16 1
3 2 14 1
8 2 12 1
5 2 10 1
3 2 8 1
8 4 6 1
6 4 4 1
4 2 96 1
8 2 94 1
4 2 92 1
2 2 90 1
5 2 88 1
1 2 86 1
3 10 84 1
1 2 80 1
6 4 78 1
8 2 74 1
1 2 72 1
8 2 70 1
4 2 68 1
6 2 66 1
5 2 64 1
4 2 62 1
2 2 60 1
4 8 58 1
6 2 54 1
8 2 52 1
1 2 50 1
5 2 48 1
7 2 46 1
4 2 44 1
1 2 42 1
7 4 40 1
1 2 38 1
6 2 36 1
5 2 34 1
4 2 32 1
5 2 30 1
6 2 28 1
2 2 26 1
4 12 24 1
6 2 20 1
1 2 18 1
7 2 16 1
3 2 14 1
8 2 12 1
2 2 10 1
1 2 8 1
4 4 6 1
3 2 2 1
4 6 84 1
8 2 82 1
6 4 80 1
8 2 76 1
5 2 74 1
1 2 72 1
6 2 70 1
2 6 68 1
3 2 62 1
8 2 60 1
4 2 58 1
1 2 56 1
5 6 54 1
1 2 52 1
3 2 50 1
8 2 48 1
1 2 46 1
6 2 44 1
8 8 42 1
1 2 36 1
6 2 34 1
3 2 32 1
4 2 30 1
7 2 28 1
5 2 26 1
1 2 24 1
5 2 22 1
4 6 20 1
7 2 18 1
8 2 16 1
7 2 14 1
4 2 12 1
5 2 10 1
2 4 8 1
6 2 6 1
7 6 4 1
1 2 2 1
7 6 78 1
2 2 74 1
8 2 72 1
7 4 70 1
1 2 68 1
5 4 66 1
4 8 62 1
3 2 58 1
1 2 56 1
6 2 54 1
7 2 52 1
4 4 50 1
1 2 48 1
2 12 46 1
7 2 44 1
3 2 42 1
1 4 40 1
4 2 36 1
3 2 34 1
5 10 32 1
7 2 26 1
8 2 24 1
2 2 22 1
5 2 20 1
7 2 18 1
3 2 16 1
7 6 14 1
5 2 12 1
2 2 10 1
3 2 8 1
7 2 6 1
1 8 4 1
3 2 2 1
2 4 70 1
5 4 66 1
8 2 62 1
5 4 60 1
7 6 56 1
4 2 52 1
2 2 50 1
8 2 48 1
2 2 46 1
8 2 44 1
7 2 42 1
4 2 40 1
5 4 38 1
8 2 34 1
4 2 32 1
2 2 30 1
3 6 28 1
6 4 24 1
1 2 22 1
2 4 20 1
7 4 16 1
8 2 12 1
3 2 10 1
6 2 8 1
3 2 6 1
1 2 4 1
6 4 2 1
7 2 88 1
1 2 86 1
7 2 84 1
2 2 82 1
5 2 80 1
1 2 78 1
7 2 76 1
5 4 74 1
3 2 72 1
4 4 70 1
3 2 66 1
7 2 64 1
6 2 62 1
1 2 60 1
2 2 58 1
3 2 56 1
5 2 54 1
2 2 52 1
1 4 50 1
3 2 48 1
1 2 46 1
5 2 44 1
1 2 42 1
7 2 40 1
3 6 38 1
6 2 34 1
1 2 32 1
6 2 30 1
1 2 28 1
7 2 26 1
4 4 24 1
2 6 22 1
4 4 18 1
7 2 16 1
6 4 14 1
3 2 12 1
2 2 10 1
1 2 8 1
4 2 6 1
5 2 4 1
7 2 2 1
4 2 84 1
7 4 82 1
4 2 80 1
2 8 78 1
8 2 74 1
7 2 72 1
4 2 70 1
3 4 68 1
1 2 66 1
5 2 64 1
4 2 62 1
2 2 60 1
7 2 58 1
6 2 56 1
4 2 54 1
3 2 52 1
2 2 50 1
5 4 48 1
7 6 46 1
4 2 42 1
6 8 40 1
4 2 32 1
6 2 30 1
2 2 28 1
7 2 26 1
3 4 24 1
1 2 22 1
4 2 20 1
5 2 18 1
8 2 16 1
2 4 14 1
8 2 12 1
1 2 10 1
4 2 8 1
1 2 6 1
2 8 4 1
4 2 82 1
8 4 80 1
4 2 76 1
3 4 74 1
1 6 72 1
4 2 70 1
3 2 68 1
6 2 66 1
4 2 64 1
6 2 62 1
4 2 60 1
8 2 58 1
4 4 56 1
5 2 52 1
6 2 50 1
3 2 48 1
7 2 46 1
8 4 44 1
3 2 40 1
4 2 38 1
6 2 36 1
3 2 34 1
7 2 32 1
3 6 30 1
7 2 24 1
1 4 22 1
2 2 20 1
4 2 18 1
7 4 16 1
5 2 12 1
1 2 10 1
3 2 8 1
1 2 6 1
8 2 4 1
5 2 2 1
2 2 90 1
5 2 88 1
7 2 86 1
3 2 84 1
8 4 82 1
6 2 78 1
8 6 76 1
1 2 74 1
4 2 72 1
5 2 70 1
7 2 68 1
8 4 66 1
1 2 64 1
5 2 62 1
4 2 60 1
2 2 58 1
6 2 56 1
8 2 54 1
5 2 52 1
2 4 50 1
4 2 46 1
2 2 44 1
4 6 42 1
1 6 40 1
7 2 34 1
4 2 32 1
3 2 30 1
7 2 28 1
6 2 26 1
1 2 24 1
8 2 22 1
7 2 20 1
2 2 18 1
5 4 16 1
4 2 14 1
3 2 12 1
4 2 10 1
1 2 8 1
4 2 6 1
1 2 4 1
8 2 2 1
4 2 90 1
7 2 88 1
4 2 86 1
5 2 84 1
8 2 82 1
1 2 80 1
7 2 78 1
8 2 76 1
1 2 74 1
3 4 72 1
7 4 68 1
3 4 64 1
1 6 60 1
5 2 58 1
6 4 56 1
1 2 52 1
8 2 50 1
5 2 48 1
6 2 46 1
5 4 44 1
2 2 40 1
8 2 38 1
2 2 36 1
6 2 34 1
8 2 32 1
2 4 30 1
4 2 28 1
6 2 26 1
8 8 24 1
4 4 20 1
5 4 18 1
1 6 16 1
8 4 12 1
6 2 10 1
2 2 8 1
1 2 6 1
6 2 4 1
7 2 2 1
8 2 82 1
4 2 80 1
1 4 78 1
2 2 74 1
8 2 72 1
2 4 70 1
6 2 66 1
7 2 64 1
1 2 62 1
3 2 60 1
5 2 58 1
7 2 56 1
1 8 54 1
3 8 50 1
4 2 48 1
7 2 46 1
3 2 44 1
4 4 42 1
1 2 38 1
2 2 36 1
4 4 34 1
2 2 30 1
6 2 28 1
4 2 26 1
7 2 24 1
5 2 22 1
1 2 20 1
7 10 18 1
5 2 16 1
7 2 14 1
6 2 12 1
2 2 10 1
8 2 8 1
3 2 6 1
1 2 4 1
4 2 2 1
5 2 84 1
7 4 82 1
5 4 78 1
3 2 74 1
8 2 72 1
4 4 70 1
3 2 66 1
2 2 64 1
4 2 62 1
5 2 60 1
4 2 58 1
3 6 56 1
8 4 54 1
5 2 50 1
6 4 48 1
7 2 44 1
6 4 42 1
1 4 40 1
8 2 36 1
7 2 34 1
5 2 32 1
8 2 30 1
6 2 28 1
7 2 26 1
4 2 24 1
7 2 22 1
5 2 20 1
6 2 18 1
8 2 16 1
6 2 14 1
4 2 12 1
5 4 10 1
3 2 8 1
7 2 6 1
2 4 4 1
3 2 2 1
7 2 86 1
8 4 84 1
4 2 80 1
2 2 78 1
5 2 76 1
6 2 74 1
4 2 72 1
8 4 70 1
2 2 68 1
7 4 66 1
5 2 62 1
7 2 60 1
6 2 58 1
2 2 56 1
8 2 54 1
3 2 52 1
8 4 50 1
6 2 48 1
5 2 46 1
4 2 44 1
8 2 42 1
7 2 40 1
4 2 38 1
3 2 36 1
6 2 34 1
1 2 32 1
4 2 30 1
3 2 28 1
5 2 26 1
3 2 24 1
2 2 22 1
5 2 20 1
4 2 18 1
3 4 16 1
2 2 14 1
1 4 12 1
2 2 8 1
1 2 6 1
4 2 4 1
8 2 2 1
7 2 94 1
1 2 92 1
7 2 90 1
3 2 88 1
8 2 86 1
4 6 84 1
7 2 82 1
3 2 80 1
2 2 78 1
5 2 76 1
3 2 74 1
6 2 72 1
4 4 70 1
6 2 66 1
4 4 64 1
2 2 60 1
6 2 58 1
8 2 56 1
2 2 54 1
4 2 52 1
5 6 50 1
6 4 48 1
5 2 46 1
7 2 44 1
3 2 42 1
2 2 40 1
3 4 38 1
5 2 36 1
7 2 34 1
1 2 32 1
5 4 30 1
2 6 28 1
4 4 22 1
5 4 20 1
6 2 18 1
2 2 16 1
6 4 14 1
2 4 12 1
5 2 8 1
4 2 6 1
6 6 4 1
5 4 2 1
4 2 74 1
8 2 72 1
7 2 70 1
8 2 68 1
3 2 66 1
8 2 64 1
5 2 62 1
6 2 60 1
2 2 58 1
4 2 56 1
8 4 54 1
4 2 50 1
7 4 48 1
4 2 44 1
7 6 42 1
3 4 40 1
4 2 38 1
8 6 36 1
5 2 34 1
3 2 32 1
7 2 30 1
3 2 28 1
6 2 26 1
7 2 24 1
4 2 22 1
1 4 20 1
2 2 18 1
3 2 16 1
6 2 14 1
7 2 12 1
4 2 10 1
1 4 8 1
5 4 6 1
7 12 2 1
7 2 84 1
4 2 82 1
1 8 80 1
6 2 78 1
8 4 76 1
4 2 74 1
7 2 72 1
1 2 70 1
8 2 68 1
4 2 66 1
6 2 64 1
5 2 62 1
3 2 60 1
7 2 58 1
3 2 56 1
6 2 54 1
5 2 52 1
1 2 50 1
2 2 48 1
6 2 46 1
7 4 44 1
8 6 42 1
3 2 40 1
4 2 38 1
7 4 36 1
3 2 32 1
6 2 30 1
1 2 28 1
7 2 26 1
8 2 24 1
2 2 22 1
5 2 20 1
2 2 18 1
5 2 16 1
8 4 14 1
5 2 10 1
8 2 8 1
5 2 6 1
8 2 4 1
4 4 2 1
8 2 86 1
2 2 84 1
5 2 82 1
7 2 80 1
1 2 78 1
8 2 76 1
5 2 74 1
6 2 72 1
5 4 70 1
7 2 68 1
1 2 66 1
6 2 64 1
7 2 62 1
2 2 60 1
1 2 58 1
8 2 56 1
1 2 54 1
2 2 52 1
4 2 50 1
7 2 48 1
4 2 46 1
7 2 44 1
4 2 42 1
3 2 40 1
1 2 38 1
6 2 36 1
4 2 34 1
5 2 32 1
7 6 30 1
4 2 24 1
2 4 22 1
3 2 20 1
7 2 18 1
8 6 16 1
3 2 12 1
4 2 10 1
3 2 8 1
7 2 6 1
8 2 4 1
7 2 2 1
2 2 86 1
5 8 84 1
2 8 82 1
7 2 80 1
8 4 78 1
1 4 76 1
2 2 74 1
3 2 72 1
6 4 70 1
3 2 66 1
6 2 64 1
8 2 62 1
2 10 60 1
3 2 58 1
4 2 56 1
2 2 54 1
7 2 52 1
5 2 50 1
6 2 48 1
2 2 46 1
4 6 44 1
2 2 42 1
1 6 40 1
3 2 38 1
4 2 36 1
2 2 34 1
3 2 32 1
2 2 30 1
4 2 28 1
8 2 26 1
4 4 24 1
5 2 22 1
6 2 20 1
5 2 18 1
8 4 16 1
4 4 14 1
6 2 10 1
7 4 8 1
4 2 6 1
7 2 4 1
8 2 2 1
3 2 68 1
2 4 66 1
1 2 64 1
4 8 62 1
6 2 58 1
5 4 56 1
6 2 54 1
2 2 52 1
3 2 50 1
1 2 48 1
7 2 46 1
5 4 44 1
7 2 40 1
4 2 38 1
1 8 36 1
4 2 34 1
6 4 32 1
3 2 30 1
1 2 28 1
4 6 26 1
7 2 22 1
2 2 20 1
8 2 18 1
4 2 16 1
3 2 14 1
5 2 12 1
1 8 10 1
6 2 4 1
2 2 2 1
2 4 78 1
8 2 74 1
4 2 72 1
5 2 70 1
2 2 68 1
8 2 66 1
2 2 64 1
6 8 62 1
3 2 60 1
7 2 58 1
3 2 56 1
5 2 54 1
6 2 52 1
7 2 50 1
3 2 48 1
4 2 46 1
3 2 44 1
7 2 42 1
6 2 40 1
7 4 38 1
2 2 36 1
8 4 34 1
4 6 30 1
3 4 28 1
8 2 26 1
7 2 24 1
5 4 22 1
6 8 18 1
5 2 14 1
2 2 12 1
7 4 10 1
2 2 8 1
6 2 6 1
7 2 4 1
1 2 2 1
7 2 76 1
2 2 74 1
1 2 72 1
2 2 70 1
4 2 68 1
7 2 66 1
5 2 64 1
3 2 62 1
7 10 60 1
4 6 58 1
1 2 56 1
6 4 54 1
7 2 50 1
5 2 48 1
7 2 46 1
8 2 44 1
1 2 42 1
8 4 40 1
3 2 36 1
1 2 34 1
2 4 32 1
3 2 28 1
1 2 26 1
4 2 24 1
7 2 22 1
5 2 20 1
2 2 18 1
6 2 16 1
2 2 14 1
7 2 12 1
6 6 10 1
5 2 6 1
8 2 4 1
3 2 2 1
7 4 90 1
6 2 86 1
2 4 84 1
6 2 82 1
1 2 80 1
5 2 78 1
4 4 76 1
1 2 74 1
4 4 72 1
3 2 70 1
8 2 68 1
3 2 66 1
5 4 64 1
6 2 60 1
3 2 58 1
8 2 56 1
7 2 54 1
4 2 52 1
2 2 50 1
3 2 48 1
6 2 46 1
3 2 44 1
2 2 42 1
5 2 40 1
4 2 38 1
3 6 36 1
8 2 34 1
4 2 32 1
3 2 30 1
6 6 28 1
8 2 22 1
4 2 20 1
6 2 18 1
5 2 16 1
2 4 14 1
5 2 12 1
8 2 10 1
3 6 8 1
8 2 6 1
5 6 4 1
8 2 78 1
7 2 76 1
4 6 74 1
6 2 70 1
5 2 68 1
3 2 66 1
2 2 64 1
1 2 62 1
2 2 60 1
6 2 58 1
2 8 56 1
4 2 52 1
3 2 50 1
5 4 48 1
2 2 44 1
4 2 42 1
2 2 40 1
6 2 38 1
7 2 36 1
1 2 34 1
4 2 32 1
7 2 30 1
3 2 28 1
6 2 26 1
5 4 24 1
6 2 22 1
7 2 20 1
2 2 18 1
4 6 16 1
3 2 14 1
1 2 12 1
3 2 10 1
4 2 8 1
8 2 6 1
4 4 4 1
7 2 2 1
6 2 86 1
5 4 84 1
6 2 82 1
2 6 80 1
3 2 76 1
2 2 74 1
8 2 72 1
6 2 70 1
4 2 68 1
1 2 66 1
2 2 64 1
6 10 62 1
4 2 60 1
2 2 58 1
6 4 56 1
8 2 52 1
5 4 50 1
7 6 46 1
2 2 44 1
8 2 42 1
6 2 40 1
8 4 38 1
7 2 36 1
1 4 34 1
8 2 30 1
5 2 28 1
8 2 26 1
5 2 24 1
8 4 22 1
5 2 20 1
2 2 18 1
4 2 16 1
6 2 14 1
7 2 12 1
4 2 10 1
1 2 8 1
7 10 6 1
3 2 2 1
5 2 78 1
7 4 76 1
5 2 72 1
6 2 70 1
4 2 68 1
2 2 66 1
8 2 64 1
4 6 62 1
7 4 56 1
3 4 52 1
6 2 50 1
8 2 48 1
4 2 46 1
7 4 44 1
1 2 40 1
7 2 38 1
1 2 36 1
4 2 34 1
2 2 32 1
3 2 30 1
4 2 28 1
3 2 26 1
7 2 24 1
2 6 22 1
4 2 16 1
8 2 14 1
2 2 12 1
1 2 10 1
4 2 8 1
1 6 6 1
2 4 4 1
2 2 90 1
7 2 88 1
1 4 86 1
4 2 84 1
5 2 82 1
6 2 80 1
4 4 78 1
2 2 74 1
1 2 72 1
6 2 70 1
8 2 68 1
3 2 66 1
1 2 64 1
7 8 62 1
4 2 60 1
5 2 58 1
3 2 56 1
1 2 54 1
8 8 52 1
6 2 50 1
5 2 48 1
7 4 46 1
1 2 44 1
3 4 42 1
7 2 38 1
4 2 36 1
3 2 34 1
8 2 32 1
1 4 30 1
5 2 28 1
1 2 26 1
2 2 24 1
8 2 22 1
1 4 20 1
3 2 16 1
1 2 14 1
7 2 12 1
8 4 10 1
3 2 6 1
4 2 4 1
5 2 2 1
3 4 86 1
7 4 84 1
3 2 80 1
6 2 78 1
3 2 76 1
7 2 74 1
8 2 72 1
2 2 70 1
1 2 68 1
8 4 66 1
4 2 64 1
5 2 62 1
8 2 60 1
1 2 58 1
7 2 56 1
4 2 54 1
5 2 52 1
7 2 50 1
8 2 48 1
2 2 46 1
3 2 44 1
4 2 42 1
6 2 40 1
7 2 38 1
8 4 36 1
2 2 34 1
1 2 32 1
4 2 30 1
7 2 28 1
2 2 26 1
1 2 24 1
7 2 22 1
4 2 20 1
5 2 18 1
6 2 16 1
2 4 14 1
6 2 10 1
7 4 8 1
5 2 6 1
6 2 4 1
7 2 2 1
2 2 86 1
4 2 84 1
1 2 82 1
4 2 80 1
6 2 78 1
1 2 76 1
5 2 74 1
1 2 72 1
2 2 70 1
3 2 68 1
2 2 66 1
6 2 64 1
4 2 62 1
3 4 60 1
1 2 56 1
2 2 54 1
1 2 52 1
7 4 50 1
4 2 46 1
2 2 44 1
1 2 42 1
4 2 40 1
8 2 38 1
1 2 36 1
5 2 34 1
4 2 32 1
2 2 30 1
7 2 28 1
8 2 26 1
6 2 24 1
5 2 22 1
6 2 20 1
2 8 18 1
8 2 12 1
6 2 10 1
3 2 8 1
6 2 6 1
4 2 4 1
2 4 2 1
2 2 96 1
8 2 94 1
7 10 92 1
5 2 90 1
8 2 88 1
5 6 86 1
8 2 82 1
2 6 80 1
6 2 76 1
3 2 74 1
6 2 72 1
2 4 70 1
5 2 66 1
2 2 64 1
3 2 62 1
4 2 60 1
2 14 58 1
7 2 54 1
6 4 52 1
5 2 48 1
4 6 46 1
3 2 44 1
8 4 42 1
3 4 40 1
8 2 36 1
7 2 34 1
6 6 32 1
3 2 30 1
2 2 28 1
4 2 26 1
8 2 24 1
7 2 22 1
8 4 20 1
4 8 18 1
3 2 12 1
4 2 10 1
5 4 8 1
2 4 6 1
1 8 4 1
7 4 2 1
1 2 54 1
2 2 52 1
6 2 50 1
7 2 48 1
5 4 46 1
4 2 44 1
2 2 42 1
6 2 40 1
7 2 38 1
3 2 36 1
8 4 34 1
4 2 30 1
1 4 28 1
6 2 24 1
2 4 22 1
4 2 18 1
2 4 16 1
1 2 12 1
3 2 10 1
2 2 8 1
3 2 6 1
5 2 4 1
8 2 2 1
6 2 96 1
5 2 94 1
2 2 92 1
5 2 90 1
6 4 88 1
4 2 86 1
7 2 84 1
3 2 82 1
7 2 80 1
6 2 78 1
3 2 76 1
2 4 74 1
8 2 70 1
1 2 68 1
7 2 66 1
6 2 64 1
2 2 62 1
3 2 60 1
4 2 58 1
5 2 56 1
7 2 54 1
8 2 52 1
3 4 50 1
4 2 46 1
1 2 44 1
6 2 42 1
3 2 40 1
8 2 38 1
6 2 36 1
4 2 34 1
7 2 32 1
3 2 30 1
2 4 28 1
7 2 24 1
3 2 22 1
7 2 20 1
5 2 18 1
8 2 16 1
3 2 14 1
2 2 12 1
1 2 10 1
8 6 8 1
3 4 2 1
6 2 96 1
4 4 94 1
7 6 90 1
1 2 88 1
3 4 86 1
8 2 84 1
5 2 82 1
6 2 80 1
3 2 78 1
2 2 76 1
4 2 74 1
5 4 72 1
4 6 68 1
1 2 64 1
2 2 62 1
8 6 60 1
3 2 56 1
8 2 54 1
6 4 52 1
2 2 48 1
6 4 46 1
8 2 44 1
5 4 42 1
6 2 38 1
5 4 36 1
8 2 32 1
4 2 30 1
7 2 28 1
6 2 26 1
1 2 24 1
3 2 22 1
5 2 20 1
6 2 18 1
3 4 16 1
7 4 12 1
3 2 8 1
1 2 6 1
6 4 4 1
7 2 88 1
6 2 86 1
4 4 84 1
8 6 82 1
2 8 80 1
7 2 78 1
6 2 76 1
8 2 74 1
4 6 72 1
6 2 68 1
1 4 66 1
3 2 62 1
6 8 60 1
7 2 58 1
5 2 56 1
2 2 54 1
3 2 52 1
7 2 50 1
5 2 48 1
1 2 46 1
7 2 44 1
1 2 42 1
4 2 40 1
8 2 38 1
2 2 36 1
1 4 34 1
8 6 30 1
4 4 28 1
2 4 26 1
8 2 24 1
2 2 22 1
1 2 20 1
4 2 18 1
7 2 16 1
5 2 14 1
6 2 12 1
3 2 10 1
5 10 8 1
2 2 2 1
7 4 78 1
6 2 76 1
5 2 74 1
3 2 72 1
1 4 70 1
4 2 68 1
3 2 66 1
8 2 64 1
5 2 62 1
7 8 60 1
3 2 56 1
2 10 54 1
5 2 52 1
2 2 50 1
8 2 48 1
4 2 46 1
8 2 44 1
3 2 42 1
2 2 40 1
8 2 38 1
6 2 36 1
7 4 34 1
2 2 32 1
5 4 30 1
2 2 26 1
6 2 24 1
4 2 22 1
1 2 20 1
5 4 18 1
8 2 14 1
4 2 12 1
3 2 10 1
2 4 8 1
8 2 6 1
7 2 4 1
6 2 2 1
7 2 76 1
6 4 74 1
8 2 70 1
2 2 68 1
5 2 66 1
6 2 64 1
1 8 62 1
7 2 58 1
2 4 56 1
1 2 52 1
3 2 50 1
7 2 48 1
6 2 46 1
4 2 44 1
8 2 42 1
6 2 40 1
1 2 38 1
4 6 36 1
1 2 34 1
3 6 32 1
2 4 28 1
5 4 24 1
2 4 20 1
8 2 16 1
1 2 14 1
3 2 12 1
2 2 10 1
4 4 8 1
2 2 4 1
8 2 2 1
1 2 86 1
2 2 84 1
7 2 82 1
4 4 80 1
6 6 76 1
1 2 70 1
5 2 68 1
1 6 66 1
6 2 60 1
4 6 58 1
2 4 56 1
4 2 54 1
8 2 52 1
6 6 50 1
8 2 46 1
5 2 44 1
3 2 42 1
5 2 40 1
2 2 38 1
1 2 36 1
7 2 34 1
2 2 32 1
1 2 30 1
3 2 28 1
1 2 26 1
6 6 24 1
1 2 20 1
4 4 18 1
3 6 14 1
4 2 12 1
8 2 10 1
3 2 8 1
5 4 6 1
3 2 2 1
1 2 84 1
6 2 82 1
3 6 80 1
2 2 78 1
7 2 76 1
8 2 74 1
6 2 72 1
5 2 70 1
6 6 68 1
3 2 62 1
8 2 60 1
7 2 58 1
6 4 56 1
2 2 54 1
4 2 52 1
2 2 50 1
8 2 48 1
6 2 46 1
3 2 44 1
7 2 42 1
1 2 40 1
4 2 38 1
2 2 36 1
3 8 34 1
1 2 28 1
6 2 26 1
5 2 24 1
7 2 22 1
3 2 20 1
4 2 18 1
7 2 16 1
8 2 14 1
6 2 12 1
3 2 10 1
1 2 8 1
3 2 6 1
2 6 4 1
4 2 90 1
7 2 88 1
5 4 86 1
8 6 82 1
1 2 80 1
5 2 78 1
2 4 76 1
5 8 72 1
4 6 68 1
6 2 64 1
4 2 62 1
1 2 60 1
4 2 58 1
8 4 56 1
2 2 54 1
3 2 52 1
4 6 50 1
6 2 48 1
4 2 46 1
1 2 44 1
7 2 42 1
1 2 40 1
3 8 38 1
7 2 36 1
5 6 34 1
8 2 30 1
5 2 28 1
2 2 26 1
8 2 24 1
2 4 22 1
5 4 20 1
2 2 18 1
5 2 16 1
6 2 14 1
7 2 12 1
1 2 10 1
2 2 8 1
4 4 6 1
1 2 2 1
1 2 78 1
6 2 76 1
3 2 74 1
5 2 72 1
7 4 70 1
4 2 66 1
8 2 64 1
1 2 62 1
5 2 60 1
6 2 58 1
4 2 56 1
6 2 54 1
4 2 52 1
3 4 50 1
1 6 48 1
8 2 44 1
5 2 42 1
7 5 40 1
3 2 38 1
6 2 36 1
2 5 34 1
3 2 32 1
4 2 30 1
6 6 28 1
4 2 24 1
5 2 22 1
4 10 20 1
8 2 16 1
3 2 14 1
5 2 12 1
7 6 10 1
4 2 8 1
7 2 6 1
2 2 4 1
4 2 2 1
2 4 78 1
3 3 74 1
1 2 72 1
2 2 70 1
6 3 68 1
3 2 66 1
1 3 64 1
5 4 62 1
4 2 58 1
2 2 56 1
4 2 54 1
3 2 52 1
7 5 50 1
4 2 46 1
1 4 44 1
2 2 40 1
3 2 38 1
6 4 36 1
8 2 34 1
6 2 32 1
4 2 30 1
6 2 28 1
7 5 26 1
2 2 22 1
7 2 20 1
1 2 18 1
7 4 16 1
2 6 12 1
5 5 8 1
7 3 4 1
3 3 2 1
1 2 78 1
7 2 76 1
4 2 75 1
8 3 78 1
3 3 74 1
6 3 77 1
4 2 62 1
7 2 50 1
1 2 45 1
2 2 59 1
2 3 44 1
5 2 58 1
5 4 56 1
3 2 56 1
8 3 67 1
3 2 60 1
8 3 60 1
4 4 63 1
1 2 58 1
5 2 58 1
6 2 59 1
5 2 46 1
2 3 40 1
8 2 51 1
4 2 49 1
1 2 28 1
1 5 47 1
5 3 32 1
5 3 45 1
2 2 33 1
4 2 31 1
6 2 31 1
6 2 36 1
8 2 36 1
4 3 28 1
4 2 22 1
7 3 14 1
2 2 13 1
4 2 29 1
5 5 23 1
1 4 18 1
2 2 21 1
4 6 14 1
6 3 7 1
8 2 11 1
8 2 4 1
8 2 46 2
5 2 37 2
6 4 42 2
1 4 36 2
2 5 38 2
7 3 35 2
7 2 33 2
1 2 29 2
7 4 29 2
1 4 30 2
1 2 31 2
3 3 31 2
6 2 22 2
5 2 26 2
7 2 23 2
6 2 23 2
2 2 22 2
7 2 18 2
6 3 16 2
3 2 15 2
1 2 14 2
8 2 8 2
4 2 10 1
5 2 4 2
7 2 6 2
7 4 2 2
8 2 5 1
3 2 53 3
2 2 51 3
4 2 65 3
2 3 62 3
6 2 60 3
7 2 50 3
2 3 57 3
3 2 44 3
1 2 56 3
1 2 51 3
1 3 43 3
4 2 47 3
4 2 29 3
2 5 52 3
6 2 52 3
2 2 44 3
2 2 34 3
3 2 30 3
6 3 27 3
4 3 44 3
3 2 36 3
4 2 36 3
8 2 41 3
8 3 30 3
4 2 23 3
2 4 22 3
4 3 16 3
4 2 33 3
7 2 33 3
7 2 28 3
5 2 27 3
5 2 14 3
2 2 24 3
3 2 22 3
1 2 13 3
1 2 9 3
6 2 21 3
3 2 21 3
1 5 19 3
5 4 4 3
3 2 57 4
8 3 54 4
4 2 51 4
7 3 50 4
7 2 52 4
6 3 47 4
6 3 49 4
1 2 42 4
7 4 41 4
3 2 40 4
2 5 39 4
8 2 35 4
1 3 33 4
5 5 32 4
8 2 32 4
5 2 23 4
3 2 28 4
4 5 26 4
2 2 27 4
1 3 26 4
1 3 21 4
4 2 16 4
8 2 16 3
6 2 17 4
3 2 15 4
2 4 14 3
3 2 13 4
5 2 12 4
4 2 11 4
2 3 10 4
7 3 6 4
1 2 3 4
6 2 1 4
1 2 4 3
1 2 61 5
3 2 58 5
8 2 59 5
4 3 55 5
1 4 49 5
7 2 51 5
5 3 47 5
5 2 41 5
6 2 39 5
6 4 48 5
3 2 43 5
6 2 35 5
1 2 34 5
2 2 31 5
3 2 43 5
1 2 37 5
7 2 37 5
5 3 23 5
4 2 22 5
2 3 32 5
8 2 34 5
2 3 34 5
4 4 32 5
6 2 27 5
8 3 20 5
3 3 28 5
6 2 19 5
8 3 24 5
7 2 25 5
4 2 21 5
1 2 21 5
1 2 15 5
7 3 14 5
7 2 14 5
8 2 12 5
7 2 9 5
4 3 6 5
8 6 6 5
3 3 12 5
2 2 4 5
3 2 2 5
7 2 55 6
2 4 54 6
3 3 47 6
1 2 52 6
7 2 47 6
7 2 40 6
1 3 35 6
4 2 31 6
8 2 23 6
3 3 29 6
8 2 41 6
4 2 39 6
5 2 33 6
6 2 14 6
1 2 13 6
8 4 34 6
6 3 31 6
2 2 29 6
7 2 23 6
3 2 72 7
5 3 72 7
1 5 72 7
8 6 66 7
4 2 68 7
2 5 65 7
6 3 64 7
4 2 62 7
2 2 53 7
7 3 52 7
8 2 52 7
2 2 61 7
7 3 60 7
2 2 45 7
2 2 54 7
1 2 54 7
3 3 53 7
5 2 44 7
6 3 48 7
2 2 43 7
5 7 40 7
1 6 40 7
1 4 30 7
8 3 28 7
6 4 22 7
8 2 24 7
4 2 28 6
5 2 27 6
3 3 27 6
4 2 24 7
7 5 28 7
6 3 16 7
4 2 16 6
4 2 11 7
1 2 21 6
5 2 18 6
3 3 17 6
6 2 16 6
8 3 14 6
5 2 14 6
2 3 14 6
4 2 13 6
2 2 11 6
6 2 20 7
7 3 19 7
2 2 16 7
3 2 14 7
8 2 14 7
1 3 13 7
2 2 5 7
7 2 10 6
7 3 4 7
5 3 4 6
5 2 10 5
5 2 6 6
3 2 6 6
6 2 6 5
6 2 4 6
1 2 3 5
6 2 5 6
2 2 5 7
4 3 42 8
2 2 38 8
3 2 28 8
6 2 37 8
4 2 27 8
8 2 26 8
8 2 23 8
5 3 21 8
8 2 34 8
7 2 30 8
7 2 26 8
2 2 24 8
4 2 21 8
1 2 27 8
7 4 20 8
4 2 18 8
8 2 18 8
6 2 23 8
4 5 16 8
4 4 13 8
3 3 6 8
1 2 12 8
8 2 6 8
6 2 68 9
4 2 63 9
1 2 62 9
6 3 50 9
7 2 47 9
2 2 51 9
6 2 51 9
3 2 57 9
7 3 44 9
3 2 51 9
8 2 47 9
4 2 47 9
2 2 42 9
2 2 46 9
6 2 46 9
6 3 41 9
2 2 42 9
5 5 40 9
3 2 40 9
6 2 38 9
3 3 37 9
5 2 30 9
2 3 29 9
7 7 28 9
3 2 27 9
3 2 7 9
5 2 9 8
8 3 31 9
2 3 16 9
7 2 9 9
1 2 9 9
4 2 18 9
7 2 16 9
4 2 4 9
3 2 9 8
7 2 6 8
3 3 17 9
7 2 9 9
5 2 9 9
2 2 6 9
1 2 6 9
4 2 5 8
3 2 11 9
3 3 1 9
1 3 57 10
7 2 51 10
7 3 39 10
6 2 57 10
4 2 51 10
6 2 47 10
8 2 45 10
1 2 39 10
8 3 31 10
1 2 43 10
3 2 42 10
5 2 29 10
5 3 44 10
7 2 37 10
2 2 34 10
1 2 33 10
8 2 32 10
3 2 19 10
1 2 18 10
7 2 18 10
7 4 34 10
2 4 32 10
2 2 12 10
6 2 9 10
8 2 8 10
7 2 65 11
2 2 55 11
7 2 51 11
6 5 47 11
3 2 53 11
4 4 49 11
2 2 58 11
5 2 58 11
3 2 47 11
7 4 44 11
3 4 34 11
1 2 45 11
5 3 37 11
6 3 31 11
1 2 33 11
4 3 29 11
8 2 29 11
6 3 36 11
4 2 34 11
3 4 25 11
2 2 30 10
8 4 17 11
5 2 27 10
8 6 35 11
3 2 33 11
7 2 25 11
6 4 23 11
6 2 28 10
4 2 22 11
4 2 29 10
1 3 21 11
3 2 26 10
2 2 21 11
5 2 22 10
1 2 20 10
4 2 18 11
7 2 20 10
8 4 18 11
2 2 17 11
3 2 15 11
1 2 14 10
7 2 6 11
3 2 9 10
8 2 10 9
5 2 6 11
2 2 5 11
5 3 3 11
3 4 51 12
5 2 50 12
6 4 43 12
5 2 52 12
7 2 51 12
1 2 47 12
6 2 47 12
7 2 40 12
8 3 37 12
3 2 38 12
8 2 33 12
4 2 31 12
4 2 32 12
3 2 32 12
6 2 39 12
7 2 33 12
2 2 27 12
6 2 26 12
4 2 19 12
6 4 16 12
6 2 27 12
7 2 26 12
8 2 23 12
5 2 13 12
5 5 24 12
4 2 12 12
5 2 17 12
6 2 10 12
3 2 17 12
1 2 17 12
7 3 17 12
5 2 18 12
3 2 18 12
7 2 12 12
3 2 6 12
2 4 12 12
4 2 12 12
7 2 54 13
1 2 54 13
2 2 55 13
5 3 54 13
8 2 52 13
1 2 49 13
6 2 42 13
8 2 44 13
6 2 36 13
3 2 45 13
3 4 39 13
8 3 18 13
2 2 16 13
1 2 40 13
3 3 26 13
7 2 24 13
2 2 24 13
2 2 32 13
7 2 30 13
3 3 28 13
8 2 27 13
6 2 27 13
4 2 25 13
1 2 12 13
5 3 26 13
2 2 14 13
1 2 14 13
1 2 7 13
8 2 10 12
2 3 10 13
8 4 3 13
5 2 7 12
6 2 5 12
7 2 5 12
7 3 2 13
8 2 4 12
6 2 2 13
4 2 56 14
6 3 61 14
8 4 55 14
5 2 54 14
1 2 52 14
4 3 52 14
5 2 54 14
3 6 53 14
8 2 40 14
4 2 34 14
6 2 42 14
1 3 31 14
8 2 31 14
2 2 44 14
1 2 41 14
4 2 41 14
8 2 40 14
4 2 39 14
6 3 35 14
3 2 30 14
1 3 28 14
4 2 23 14
6 2 22 14
8 2 16 14
5 2 21 14
8 2 19 14
5 2 17 14
5 2 14 14
3 2 14 14
5 2 22 14
2 3 19 14
6 3 16 14
1 4 14 14
4 3 16 14
8 4 13 14
7 4 15 14
5 4 14 14
4 3 12 14
6 2 11 14
3 2 3 14
1 2 9 13
8 2 10 14
2 4 10 13
6 2 3 14
4 2 5 13
3 2 5 14
8 2 48 15
8 3 44 15
5 3 41 15
3 2 41 15
6 2 40 15
1 2 39 15
1 2 35 15
1 2 31 15
3 3 35 15
6 2 33 15
8 2 28 15
5 2 26 15
6 2 25 15
2 2 22 15
6 2 12 15
3 2 11 15
4 4 19 15
1 3 11 15
7 5 11 15
4 7 20 15
5 2 18 15
2 2 16 15
5 2 8 15
3 2 3 15
4 2 2 15
4 3 72 16
5 3 66 16
8 4 67 16
1 2 66 16
7 2 67 16
2 2 63 16
5 2 57 16
2 3 50 16
1 2 50 16
4 6 48 16
2 2 45 16
3 2 43 16
6 3 42 16
4 2 46 16
3 2 46 16
2 3 45 16
4 3 45 16
7 3 43 16
6 2 39 16
4 2 35 16
7 2 38 16
7 2 34 16
4 3 33 16
3 8 34 16
6 2 31 16
7 3 21 16
6 2 32 16
6 2 26 16
2 2 24 16
2 2 20 16
2 2 30 16
5 2 28 16
1 2 28 16
8 2 22 16
1 2 19 16
8 3 14 16
6 4 21 16
1 2 19 16
3 2 15 16
6 3 12 16
7 3 10 15
2 3 10 16
7 2 11 15
1 3 10 15
3 2 10 15
8 2 8 16
5 2 8 16
3 2 6 16
1 2 2 16
3 2 1 15
2 2 47 17
5 2 47 17
6 2 47 17
1 3 44 17
6 2 43 17
5 2 37 17
3 2 37 17
3 2 35 17
4 2 35 17
5 2 38 17
6 2 32 17
4 8 30 17
6 2 26 17
7 3 26 17
8 2 24 17
4 4 25 17
5 2 23 17
5 3 20 17
3 3 19 17
2 5 17 17
7 3 14 17
8 3 14 17
2 4 14 17
3 2 9 17
2 2 8 17
6 2 9 17
8 2 64 18
5 2 65 18
3 2 61 18
8 4 56 18
6 2 56 18
2 2 56 18
1 3 55 18
8 2 48 18
3 4 44 18
4 2 53 18
7 2 47 18
6 3 42 18
8 3 49 18
1 5 44 18
6 2 38 18
7 2 38 18
3 2 39 18
4 3 39 18
5 2 34 18
7 2 34 18
7 2 37 18
1 2 34 18
8 5 30 18
8 4 26 18
5 2 25 18
8 2 25 18
4 3 25 18
3 2 23 18
6 2 21 18
8 2 18 18
1 3 17 18
5 2 17 18
1 2 12 18
3 3 14 18
7 3 9 18
1 2 7 18
3 3 6 18
8 2 6 17
5 2 6 17
5 3 4 18
1 2 5 18
2 3 4 18
4 2 60 19
8 2 53 19
5 3 44 19
5 2 54 19
4 2 51 19
5 2 41 19
7 2 35 19
8 2 44 19
4 2 42 19
2 2 38 19
3 4 36 19
6 2 30 19
7 2 29 19
2 3 29 19
1 2 30 19
2 4 16 19
8 3 36 19
7 2 22 19
4 3 21 19
1 2 20 19
8 2 17 19
8 2 7 19
7 2 7 19
8 2 27 19
2 2 6 19
4 2 5 19
5 2 23 19
7 3 15 19
3 2 20 19
2 2 16 19
6 4 9 19
3 2 9 19
8 3 2 19
4 2 9 19
3 2 9 19
8 2 58 20
7 2 57 20
4 2 50 20
2 2 49 20
7 2 48 20
1 3 46 20
1 2 52 20
5 2 52 20
3 2 50 20
5 2 46 20
8 2 38 20
6 2 22 20
4 2 16 20
8 2 41 20
2 2 40 20
1 2 40 20
1 4 37 20
5 2 26 20
7 2 23 20
2 2 22 20
1 2 6 20
2 5 29 20
4 2 29 20
1 2 7 20
6 2 3 20
7 2 5 19
3 2 16 20
8 2 9 20
2 2 10 19
7 2 10 19
4 2 18 20
1 2 11 20
5 2 10 20
4 2 19 20
1 2 8 20
2 2 8 19
5 2 7 20
8 2 5 20
8 5 15 20
2 2 14 20
4 2 5 20
6 2 5 19
3 4 6 20
6 2 6 19
7 2 5 20
1 3 58 21
2 2 57 21
2 2 54 21
5 2 57 21
7 2 49 21
4 2 47 21
8 2 46 21
7 2 41 21
8 2 51 21
3 5 42 21
7 2 49 21
5 2 34 21
6 2 38 21
7 2 32 21
4 4 26 21
8 2 29 21
6 3 24 21
7 3 25 21
4 2 25 21
3 2 23 21
6 2 18 21
3 2 18 21
4 2 25 21
1 3 22 21
7 2 16 21
4 6 12 21
5 3 17 21
8 3 16 21
6 2 14 21
1 2 11 21
8 7 11 21
7 2 9 21
4 3 8 21
8 2 6 21
1 3 5 21
6 2 8 20
3 2 5 20
2 2 5 19
3 3 12 21
1 2 3 21
1 2 8 21
6 2 8 21
6 2 2 21
2 2 2 20
5 2 4 19
4 4 4 21
4 2 51 22
6 3 51 22
3 2 48 22
5 2 46 22
2 3 47 22
6 2 46 22
1 2 46 22
3 2 37 22
1 3 34 22
6 2 33 22
2 3 39 22
1 2 35 22
7 4 33 22
8 3 33 22
6 2 32 22
1 2 26 22
6 3 25 22
6 2 22 22
3 2 21 22
8 3 11 22
5 3 23 22
8 2 23 22
2 4 22 22
7 3 21 22
6 5 21 22
7 3 9 22
8 2 17 22
4 2 12 22
5 2 7 22
3 2 60 23
6 2 54 23
4 2 55 23
6 2 55 23
8 2 54 23
1 3 50 23
5 3 48 23
8 2 47 23
5 3 46 23
1 3 43 23
8 3 41 23
1 2 34 23
4 3 33 23
6 3 37 23
2 2 33 23
5 2 32 23
5 2 29 23
5 2 26 23
3 2 30 23
2 3 24 23
5 2 23 23
4 3 21 23
7 5 23 23
1 2 21 23
3 2 20 23
2 2 16 23
8 3 18 23
1 2 18 23
4 3 16 23
1 2 14 23
8 2 5 23
7 2 7 23
8 2 9 22
5 2 10 23
7 2 9 23
4 2 7 23
4 2 2 23
6 2 5 22
2 2 5 22
2 4 66 24
3 2 65 24
1 4 59 24
5 2 64 24
8 2 59 24
7 4 59 24
6 2 56 24
1 2 55 24
8 3 54 24
4 2 52 24
7 2 43 24
5 2 32 24
7 2 44 24
5 2 44 24
3 4 39 24
4 2 44 24
7 4 31 24
2 2 40 24
5 2 37 24
4 2 33 24
4 3 31 24
4 2 29 24
2 2 29 24
6 4 36 24
7 2 24 24
3 3 32 24
2 3 21 24
6 3 15 24
6 3 25 24
7 2 24 24
2 2 23 24
6 2 16 24
1 2 11 24
3 2 7 24
8 2 6 24
4 3 18 24
5 3 20 24
1 2 19 24
2 2 11 24
6 2 4 24
1 2 3 24
2 6 2 23
7 2 47 25
3 2 47 25
8 2 45 25
1 2 29 25
4 2 28 25
4 2 33 25
1 2 32 25
2 2 16 25
2 4 32 25
2 3 25 25
1 2 24 25
8 3 18 25
3 2 15 25
7 2 32 25
3 2 32 25
1 3 14 25
3 3 26 25
5 2 15 25
5 5 12 25
8 2 12 24
6 2 12 24
7 2 12 25
3 2 11 25
4 2 11 25
3 3 16 25
7 2 16 25
7 3 10 25
5 2 14 25
2 2 14 25
8 2 13 25
5 2 8 25
4 2 7 24
1 3 8 25
2 2 8 24
1 2 8 24
5 4 5 25
1 2 60 26
8 2 49 26
6 4 47 26
2 2 45 26
4 2 41 26
1 2 37 26
4 2 33 26
6 5 30 26
6 2 50 26
1 2 45 26
1 2 35 26
5 4 29 26
1 3 29 26
8 2 43 26
5 2 29 26
6 6 19 26
7 2 13 26
4 2 11 26
6 2 34 26
8 2 28 26
4 2 28 26
1 2 27 26
4 2 26 26
7 2 26 26
5 2 25 26
7 2 24 26
4 3 23 26
3 2 22 26
3 2 16 26
1 4 10 26
3 2 8 26
6 2 7 26
4 2 4 26
6 2 4 25
6 3 2 26
5 2 4 26
5 2 55 27
2 3 54 27
5 2 56 27
1 4 53 27
5 2 51 27
4 2 46 27
5 3 44 27
7 5 47 27
8 2 47 27
4 3 41 27
1 2 36 27
5 2 35 27
8 2 30 27
2 3 29 27
8 2 32 27
4 2 30 27
1 2 29 27
6 2 33 27
3 4 29 27
3 2 25 27
2 2 26 27
5 2 24 27
3 9 22 27
1 3 17 27
1 2 11 27
4 2 9 27
1 2 8 27
4 2 11 27
8 2 10 27
6 2 5 27
7 2 10 26
6 2 6 26
8 2 4 27
8 2 7 27
6 3 2 27
4 2 3 26
5 2 5 25
5 2 3 27
5 3 68 28
7 2 64 28
2 2 56 28
3 2 55 28
1 3 49 28
2 2 57 28
8 2 57 28
8 3 52 28
6 2 56 28
3 2 44 28
6 4 47 28
5 2 43 28
4 2 42 28
5 2 40 28
7 2 42 28
2 2 42 28
8 3 37 28
3 6 28 28
5 2 26 28
2 2 24 28
3 2 35 28
8 2 26 28
2 2 25 28
3 2 23 28
7 2 32 28
2 3 29 28
1 2 29 28
7 2 22 28
4 2 16 28
4 3 22 28
6 2 22 28
7 2 22 28
2 2 22 28
5 2 21 28
5 2 10 28
1 3 15 28
4 2 15 28
7 3 9 28
1 3 10 28
2 6 6 28
1 2 57 29
3 5 56 29
3 3 52 29
4 2 58 29
5 2 51 29
5 4 54 29
6 2 51 29
1 2 45 29
4 2 36 29
4 3 34 29
7 2 49 29
8 3 46 29
8 2 38 29
3 2 25 29
1 3 45 29
2 3 34 29
8 3 43 29
8 4 39 29
6 2 35 29
4 3 35 29
2 2 30 29
6 2 21 29
8 4 19 29
3 3 16 29
5 3 23 29
1 2 21 29
8 2 17 29
8 2 14 29
3 2 13 29
6 2 21 29
2 3 21 29
8 2 19 29
3 3 17 29
2 5 8 29
5 3 4 29
2 5 4 28
5 2 53 30
4 4 50 30
4 3 47 30
2 2 47 30
5 2 46 30
4 4 41 30
7 2 39 30
6 2 38 30
2 4 42 30
4 2 38 30
1 2 38 30
2 2 36 30
6 4 34 30
1 2 34 30
3 3 28 30
7 3 26 30
1 2 25 30
7 2 19 30
3 3 23 30
3 2 19 30
7 6 13 30
6 3 66 31
3 2 62 31
1 2 54 31
7 2 52 31
7 3 48 31
6 2 56 31
8 2 56 31
1 5 56 31
5 2 55 31
3 2 35 31
2 4 35 31
8 2 30 31
3 2 25 31
6 3 45 31
5 2 30 31
8 3 24 31
5 4 24 31
6 2 33 31
5 3 33 31
6 2 34 31
5 2 33 31
7 2 18 31
1 3 17 31
1 2 31 31
6 2 29 31
5 2 17 31
2 2 17 30
6 2 12 31
4 2 19 30
5 2 16 30
5 2 13 30
1 2 13 29
6 2 13 30
7 2 16 31
4 2 16 31
3 5 15 31
7 2 14 31
4 2 7 31
6 2 7 30
8 2 12 29
1 2 9 29
4 2 9 29
1 2 8 28
5 2 7 30
8 2 8 31
4 2 8 31
3 6 8 31
5 3 58 32
4 2 65 32
1 3 61 32
8 2 56 32
4 3 58 32
5 2 58 32
1 2 55 32
1 2 56 32
4 2 49 32
6 2 48 32
4 3 41 32
8 2 50 32
4 2 42 32
7 4 40 32
4 2 39 32
7 3 37 32
1 2 37 32
2 2 37 32
4 2 44 32
6 3 42 32
7 2 40 32
7 2 25 32
2 2 21 32
6 4 19 32
5 2 18 32
2 2 17 32
3 2 31 32
1 2 31 32
8 2 30 32
3 2 27 32
3 2 19 32
1 2 14 32
5 2 22 32
8 2 22 32
7 2 21 32
4 2 18 32
8 2 15 32
6 5 13 32
2 2 12 32
1 3 12 32
1 4 7 32
2 2 3 32
7 2 6 31
3 2 5 31
3 2 54 33
8 2 48 33
6 2 40 33
8 2 33 33
7 3 29 33
5 2 37 33
4 2 31 33
2 2 27 33
8 4 41 33
2 4 34 33
4 2 37 33
6 3 28 33
4 2 32 33
7 2 28 33
4 2 25 33
8 2 27 33
5 3 22 33
4 2 35 33
1 4 17 33
7 4 29 33
3 2 26 33
5 2 16 33
6 2 15 33
5 2 13 33
6 2 18 33
3 2 15 33
6 2 13 33
4 3 10 33
2 2 16 33
7 2 8 33
4 2 7 33
7 2 11 33
2 2 10 33
5 2 10 33
6 2 6 33
2 2 1 33
3 2 7 32
8 2 3 32
2 2 5 31
4 2 1 32
3 3 59 34
6 2 51 34
3 2 49 34
8 3 47 34
7 3 47 34
5 2 47 34
2 2 43 34
3 3 39 34
4 2 38 34
1 2 41 34
6 5 36 34
8 2 33 34
7 2 33 34
7 3 20 34
8 2 24 34
1 4 18 34
8 3 34 34
6 2 29 34
2 4 24 34
5 2 29 34
8 3 16 34
1 2 14 34
1 4 12 34
3 3 18 34
2 2 22 34
3 2 19 34
5 2 15 34
8 2 7 34
3 2 5 34
8 4 67 35
8 2 52 35
8 4 44 35
1 3 42 35
6 2 60 35
5 2 59 35
7 2 52 35
4 2 41 35
6 2 39 35
6 4 51 35
8 2 51 35
7 2 50 35
2 2 45 35
7 2 44 35
4 2 37 35
5 4 48 35
3 3 46 35
8 2 36 35
1 2 36 35
7 2 33 35
4 2 23 35
4 3 18 35
3 2 39 35
2 2 36 35
4 2 36 35
2 2 32 35
3 2 13 35
7 2 12 35
6 2 16 34
7 2 22 35
7 3 18 35
7 2 24 35
3 6 16 35
4 2 16 35
4 3 11 35
6 5 18 35
6 3 10 35
1 4 17 35
4 2 13 35
5 2 10 35
7 2 15 34
8 2 12 34
5 2 8 35
2 2 10 34
1 3 7 35
7 5 4 35
4 2 6 34
5 2 2 34
3 2 1 35
5 2 3 34
3 2 49 36
5 2 47 36
2 2 48 36
4 2 46 36
8 2 46 36
1 2 35 36
8 2 40 36
3 2 31 36
5 2 35 36
7 2 27 36
3 2 18 36
6 6 31 36
2 2 30 36
3 2 30 36
5 2 29 36
8 4 26 36
6 2 16 36
5 2 22 36
3 2 14 36
3 3 22 36
6 2 20 36
2 3 18 36
1 2 18 36
7 2 10 36
6 2 8 36
8 6 9 36
1 2 7 36
3 3 6 36
8 2 1 36
4 2 2 35
1 2 3 36
3 2 69 37
1 3 65 37
4 2 59 37
7 2 63 37
8 2 58 37
4 2 49 37
7 2 55 37
2 4 45 37
5 2 41 37
8 2 39 37
7 2 46 37
5 3 37 37
6 2 47 37
1 2 44 37
7 4 39 37
2 2 44 37
1 2 39 37
8 3 46 37
7 2 35 37
1 2 40 37
6 3 37 37
3 2 39 37
4 2 39 37
5 2 38 37
2 4 37 37
3 2 34 37
2 2 22 37
1 2 21 37
4 2 20 37
4 2 13 37
4 2 28 37
2 2 27 37
6 2 13 37
1 2 12 37
5 2 9 37
7 2 66 38
2 2 61 38
2 3 58 38
3 2 59 38
8 4 56 38
3 4 45 38
1 2 43 38
5 3 43 38
3 2 49 38
4 2 49 38
2 2 46 38
7 2 36 38
7 2 31 38
1 3 31 38
4 2 34 38
1 2 26 38
3 2 42 38
3 3 26 38
2 2 39 38
5 2 38 38
1 3 36 38
4 2 33 38
1 2 31 38
7 2 26 38
3 2 24 38
3 4 31 38
4 2 31 38
7 3 28 38
2 2 27 38
3 5 19 38
6 2 23 37
1 2 20 37
6 2 20 37
4 3 19 38
5 2 18 38
8 2 16 38
3 2 19 37
5 2 13 38
4 2 4 38
8 2 17 37
1 2 17 37
5 2 15 37
3 2 13 37
4 2 8 37
2 2 6 37
7 2 3 38
6 2 60 39
5 3 58 39
8 2 55 39
5 3 48 39
5 3 45 39
2 2 43 39
6 3 48 39
4 2 39 39
4 2 35 39
4 2 33 39
4 2 30 39
6 5 27 39
1 2 39 39
5 4 30 39
2 3 30 39
6 2 15 39
3 2 7 39
3 2 26 39
7 2 22 39
2 2 22 39
8 3 25 39
7 2 25 39
1 3 18 39
8 2 20 39
2 2 5 39
7 2 9 38
1 2 20 39
7 2 14 39
4 3 11 39
8 2 11 39
2 4 15 39
4 3 15 39
5 3 10 39
8 2 9 39
4 3 5 39
3 2 6 39
8 2 58 40
6 2 56 40
1 2 55 40
7 2 45 40
5 2 52 40
4 2 44 40
3 2 37 40
8 2 37 40
5 2 44 40
2 2 44 40
1 3 42 40
6 3 42 40
5 2 36 40
6 3 33 40
2 2 30 40
8 2 27 40
2 3 25 40
3 2 31 40
1 4 24 40
2 3 22 40
5 3 27 40
6 2 27 40
8 2 26 40
3 3 20 40
6 4 14 40
1 3 15 40
7 2 16 40
4 2 15 40
7 2 4 40
1 2 10 40
3 2 7 40
2 2 2 40
7 2 68 41
5 2 68 41
6 2 65 41
8 2 59 41
1 2 66 41
4 2 60 41
7 2 57 41
6 3 56 41
2 2 63 41
5 2 53 41
5 3 50 41
6 5 47 41
5 2 45 41
6 2 44 41
6 2 42 41
2 2 47 41
4 2 42 41
5 3 41 41
4 3 48 41
2 2 47 41
2 4 39 41
7 3 43 41
7 3 35 41
3 2 39 41
2 2 34 41
1 2 30 41
5 2 30 41
3 2 30 41
7 3 32 41
8 2 28 41
4 2 24 41
7 3 22 41
6 4 16 41
3 2 15 41
2 2 10 41
3 2 20 41
6 2 19 41
4 4 9 41
2 2 16 41
7 5 7 41
7 2 14 41
1 3 3 41
6 2 3 40
6 4 1 40
4 3 10 41
3 2 3 41
5 3 3 40
6 2 4 39
8 2 3 41
5 2 53 42
8 2 53 42
2 3 50 42
5 2 46 42
8 2 46 42
7 2 46 42
1 3 40 42
1 4 43 42
3 2 40 42
4 2 38 42
4 2 36 42
3 2 36 42
3 7 33 42
1 2 32 42
6 2 28 42
5 2 24 42
8 3 20 42
7 2 23 42
6 8 21 42
5 2 19 42
1 2 18 42
8 2 18 42
4 2 18 42
8 2 10 42
2 2 15 42
1 2 9 42
7 3 10 42
1 2 10 42
5 2 12 42
7 2 12 42
6 4 10 42
2 3 4 42
5 2 70 43
7 3 70 43
6 4 67 43
4 2 61 43
7 2 52 43
3 6 48 43
3 2 59 43
3 2 57 43
8 3 55 43
8 2 51 43
5 2 46 43
2 2 55 43
8 2 40 43
7 2 46 43
4 4 43 43
2 2 46 43
3 2 46 43
5 2 46 43
4 2 40 43
2 2 33 43
8 2 31 43
7 2 29 43
2 3 40 43
8 2 40 43
3 3 28 43
1 4 38 43
5 4 35 43
7 2 34 43
7 2 28 43
8 2 23 43
4 2 24 43
4 3 19 43
8 2 19 43
8 2 23 43
1 2 18 43
5 2 17 43
3 5 12 43
5 2 21 43
5 2 19 43
6 2 14 43
7 2 11 43
4 3 5 43
2 2 14 43
2 3 9 43
8 3 8 43
2 2 5 43
1 2 46 44
1 2 43 44
8 3 37 44
4 5 32 44
7 4 33 44
6 2 22 44
4 2 22 44
8 2 21 44
6 2 20 44
1 3 17 44
6 2 20 44
2 3 19 44
3 2 9 44
5 2 7 44
6 2 26 44
8 2 24 44
5 2 22 44
7 2 6 44
7 2 1 44
4 2 9 43
3 2 5 43
4 2 1 43
7 2 20 44
1 2 17 44
2 3 17 44
2 3 56 45
5 2 58 45
4 3 48 45
3 6 56 45
1 4 55 45
8 3 55 45
3 2 57 45
8 2 48 45
5 2 46 45
6 2 47 45
6 3 39 45
7 2 42 45
6 2 35 45
4 4 19 45
5 3 37 45
3 2 37 45
6 2 40 45
4 3 39 45
2 2 39 45
7 2 38 45
5 2 32 45
1 3 31 45
8 3 31 45
7 3 25 45
3 4 17 45
1 2 30 45
3 2 29 45
2 4 28 45
4 6 20 45
8 2 28 45
5 2 22 45
5 2 17 45
7 2 19 45
5 2 9 45
8 2 16 44
8 2 17 45
6 2 16 45
4 2 10 45
6 5 7 45
3 2 14 44
1 2 14 45
7 2 13 45
2 3 46 46
2 2 47 46
3 3 44 46
4 2 45 46
5 2 43 46
1 2 42 46
4 4 31 46
2 2 39 46
5 3 34 46
2 2 34 46
5 2 27 46
2 2 26 46
5 2 17 46
2 2 16 46
6 2 14 46
2 2 7 46
4 2 10 45
5 2 8 45
3 2 9 44
1 2 1 46
8 2 1 45
4 2 5 44
7 2 24 46
1 2 21 46
5 3 19 46
3 2 18 46
8 6 18 46
2 2 1 46
3 2 61 47
4 4 65 47
8 6 59 47
2 2 60 47
6 2 59 47
4 2 51 47
1 2 60 47
5 3 59 47
7 3 57 47
6 3 51 47
3 2 48 47
1 4 48 47
8 2 45 47
6 3 52 47
1 2 50 47
6 3 45 47
5 2 45 47
3 2 43 47
8 7 44 47
2 2 44 47
1 3 36 47
7 2 41 47
7 2 38 47
2 2 37 47
8 4 35 47
6 2 21 47
1 2 20 47
4 4 19 47
4 2 62 48
3 2 59 48
1 5 58 48
2 3 46 48
8 2 38 48
6 2 49 48
8 2 48 48
5 2 46 48
1 3 42 48
4 4 33 48
7 2 43 48
7 3 24 48
5 2 28 47
6 2 27 47
5 2 23 47
6 2 23 47
4 4 27 48
3 3 28 47
8 3 36 48
1 2 35 48
4 3 34 48
2 3 33 48
6 2 28 48
7 2 26 48
5 2 27 47
1 2 18 48
1 2 22 47
4 2 20 47
6 2 24 48
4 2 22 48
2 2 24 47
7 2 24 48
3 4 22 48
6 2 18 48
5 6 17 47
1 2 13 48
4 3 8 48
7 3 6 47
8 2 8 48
6 6 6 48
6 2 3 48
6 3 57 49
3 2 45 49
7 2 40 49
5 2 53 49
1 2 45 49
5 2 37 49
8 2 40 49
5 2 40 49
5 2 44 49
2 2 35 49
3 2 30 49
4 2 29 49
8 2 20 49
3 2 36 49
2 3 35 49
6 2 32 49
7 2 30 49
3 2 19 49
5 2 19 49
3 2 26 49
7 2 12 49
8 2 27 49
4 2 20 49
1 2 5 49
2 2 19 49
5 2 19 49
3 3 61 50
5 2 51 50
2 2 31 50
7 2 20 50
8 2 12 50
2 2 9 50
1 2 19 49
