1238807
1763
4 2 100 1
8 2 99 1
5 2 98 1
3 2 97 1
4 2 96 1
8 2 95 1
5 2 94 1
3 2 93 1
4 2 92 1
8 2 91 1
5 2 90 1
3 2 89 1
4 2 88 1
8 2 87 1
5 2 86 1
3 2 85 1
4 2 84 1
8 2 83 1
5 2 82 1
3 2 81 1
4 2 80 1
8 2 79 1
5 2 78 1
3 2 77 1
4 2 76 1
8 2 75 1
5 2 74 1
3 2 73 1
4 2 72 1
8 2 71 1
5 2 70 1
3 2 69 1
4 2 68 1
8 2 67 1
5 2 66 1
3 2 65 1
4 2 64 1
8 2 63 1
5 2 62 1
3 2 61 1
1 17 60 1
2 15 55 1
3 15 50 1
4 15 45 1
5 15 40 1
6 15 35 1
1 366 30 1
2 4 1 1
2 17 30 1
6 16 7 1
7 17 5 1
6 2 34 1
2 2 33 1
7 2 32 1
1 3 31 1
6 2 30 1
2 2 29 1
7 3 28 1
1 2 27 1
6 2 26 1
2 2 26 2
3 15 15 2
7 2 22 1
1 2 21 1
6 3 21 1
4 17 10 2
2 2 19 1
7 2 18 1
1 3 18 1
6 3 16 1
2 2 15 1
7 3 15 1
1 3 13 1
6 2 12 1
2 2 11 1
7 3 10 1
1 2 9 1
6 2 8 1
2 3 7 1
7 2 6 1
5 15 5 2
2 2 4 1
1 2 4 1
8 2 39 3
5 2 38 3
3 2 37 3
4 2 36 3
8 2 35 3
5 2 34 3
3 2 33 3
4 2 32 3
8 2 31 3
5 2 30 3
3 18 29 3
4 2 28 3
8 2 27 3
5 2 26 3
3 2 25 3
4 32 24 3
8 2 23 3
5 2 22 3
3 2 21 3
4 2 20 3
8 2 19 3
5 32 18 3
3 2 17 3
4 2 16 3
8 2 15 3
5 2 14 3
3 2 13 3
4 2 12 3
8 2 11 3
5 2 10 3
3 2 9 3
4 2 8 3
8 2 7 3
5 2 6 3
3 2 5 3
4 2 4 3
8 32 3 3
5 2 2 3
3 2 1 3
7 31 3 2
6 33 3 2
1 3 2 2
2 2 39 3
7 2 38 3
1 2 37 3
6 2 36 3
2 2 35 3
7 2 34 3
1 2 33 3
6 2 32 3
2 2 31 3
7 2 30 3
1 2 29 3
6 2 28 3
2 2 27 3
7 2 26 3
1 2 25 3
6 2 24 3
2 2 23 3
7 2 22 3
1 2 21 3
6 2 20 3
2 2 19 3
7 2 18 3
1 2 17 3
6 2 16 3
2 2 15 3
7 2 14 3
1 2 13 3
6 2 12 3
2 2 11 3
7 2 10 3
1 2 9 3
6 2 8 3
2 2 7 3
7 2 6 3
1 2 5 3
6 2 4 3
2 2 3 3
7 2 2 3
2 400 1 3
4 2 2 3
8 2 1 3
7 2 31 5
1 2 30 5
6 2 29 5
2 3 29 5
7 2 27 5
1 2 26 5
6 3 26 5
7 18 15 5
7 2 22 5
1 2 21 5
6 2 20 5
2 2 20 5
7 2 3 5
1 18 2 5
7 2 16 5
1 3 16 5
6 2 14 5
1 2 12 5
6 2 11 5
2 2 11 5
7 2 10 5
1 2 8 5
6 18 7 5
2 2 7 5
7 2 8 5
1 2 7 5
6 3 1 5
7 2 4 5
1 2 3 5
6 3 3 5
5 17 11 7
8 17 6 7
3 35 1 8
3 2 38 7
4 2 37 7
8 2 36 7
5 2 35 7
3 2 34 7
4 2 33 7
8 2 32 7
5 2 31 7
3 2 30 7
4 2 29 7
8 2 28 7
5 2 27 7
3 2 26 7
4 2 25 7
8 2 24 7
5 2 23 7
3 2 22 7
4 2 21 7
8 2 20 7
5 2 19 7
3 2 18 7
4 2 17 7
8 2 16 7
5 2 15 7
3 2 14 7
4 2 13 7
8 2 12 7
5 2 11 7
3 2 10 7
4 2 9 7
8 2 8 7
5 2 7 7
3 2 6 7
4 2 5 7
8 2 4 7
5 2 3 7
3 2 2 7
4 2 1 7
7 2 1 6
2 18 1 5
6 17 20 5
1 2 35 5
6 2 34 5
2 2 33 5
7 3 32 5
1 2 31 5
6 2 30 5
2 3 29 5
7 2 28 5
1 2 27 5
6 3 26 5
2 2 25 5
7 2 24 5
1 3 23 5
6 2 22 5
2 2 21 5
7 3 20 5
1 2 19 5
7 17 14 5
2 2 17 5
7 2 16 5
1 2 15 5
6 2 12 5
2 3 11 5
1 17 5 5
2 2 10 5
6 3 6 5
7 2 7 5
1 3 7 5
8 15 5 6
6 2 1 5
4 2 40 7
8 2 39 7
5 2 38 7
3 2 37 7
4 2 36 7
8 2 35 7
5 2 34 7
3 2 33 7
4 2 32 7
8 2 31 7
5 2 30 7
3 2 29 7
4 2 28 7
8 2 27 7
5 2 26 7
3 2 25 7
4 2 24 7
8 2 23 7
5 2 22 7
3 2 21 7
4 2 20 7
8 17 19 7
5 2 18 7
3 2 17 7
4 2 16 7
8 2 15 7
5 2 14 7
3 2 13 7
4 2 12 7
8 2 11 7
5 2 10 7
3 2 9 7
4 2 8 7
8 2 7 7
5 2 6 7
3 2 5 7
4 17 4 7
8 2 3 7
5 2 2 7
3 2 1 7
2 16 3 6
1 17 4 6
6 2 2 5
7 18 2 5
6 2 40 6
2 2 39 6
7 2 38 6
1 2 37 6
6 2 36 6
2 2 35 6
7 2 34 6
1 2 33 6
6 2 32 6
2 2 31 6
7 2 30 6
1 2 29 6
6 2 28 6
2 2 27 6
7 2 26 6
1 2 25 6
6 2 24 6
2 2 23 6
7 2 22 6
1 2 21 6
6 2 20 6
2 2 19 6
7 2 18 6
1 2 17 6
6 2 16 6
2 2 15 6
7 2 14 6
1 2 13 6
6 2 12 6
2 2 11 6
7 2 10 6
1 2 9 6
6 2 8 6
2 2 7 6
7 2 6 6
1 2 5 6
6 2 4 6
2 2 3 6
7 2 2 6
1 2 1 6
8 16 29 6
3 16 15 6
4 16 10 6
5 16 4 6
1 15 12 7
4 2 12 6
8 2 11 6
5 3 11 6
3 3 9 6
8 2 9 6
8 2 30 6
5 2 29 6
3 2 28 6
4 3 27 6
8 2 26 6
5 2 25 6
3 3 24 6
4 2 23 6
8 2 22 6
5 3 21 6
3 2 20 6
4 2 19 6
4 2 8 6
8 2 18 7
2 15 7 7
5 2 7 6
3 3 7 6
4 2 5 6
8 3 4 6
2 10 1 7
5 2 12 6
3 2 11 6
4 2 10 6
8 3 9 6
5 2 8 6
3 2 7 6
4 2 6 6
3 359 1 6
2 2 40 8
7 2 39 8
1 2 38 8
6 2 37 8
2 2 36 8
7 2 35 8
1 2 34 8
6 2 33 8
2 2 32 8
7 2 31 8
1 2 30 8
6 2 29 8
2 2 28 8
7 2 27 8
1 2 26 8
6 2 25 8
2 2 24 8
7 2 23 8
1 7 22 8
6 2 21 8
2 9 20 8
7 2 18 8
1 2 17 8
6 2 16 8
7 2 15 8
1 2 14 8
6 2 13 8
2 2 12 8
7 2 11 8
1 2 10 8
6 2 9 8
2 2 8 8
7 2 7 8
1 2 6 8
6 19 5 8
2 2 3 8
7 2 2 8
1 2 1 8
5 17 4 7
3 2 2 6
4 22 1 6
3 11 3 7
1 10 10 8
2 11 5 8
4 2 2 7
8 2 1 7
8 2 2 6
5 2 1 6
2 17 28 8
6 16 9 8
7 16 3 8
3 15 15 9
7 2 25 8
1 2 24 8
6 3 24 8
2 3 22 8
7 2 21 8
1 3 21 8
6 3 19 8
2 2 18 8
7 3 18 8
1 3 16 8
6 2 15 8
2 3 15 8
7 3 13 8
1 2 12 8
6 3 12 8
4 15 10 9
2 2 10 8
7 2 9 8
1 3 9 8
6 2 8 9
7 2 12 8
1 2 11 8
6 2 10 8
2 3 9 8
7 2 8 8
5 17 5 9
1 2 2 8
3 2 39 10
4 2 38 10
8 2 37 10
5 2 36 10
3 2 35 10
4 2 34 10
8 2 33 10
5 2 32 10
3 2 31 10
4 2 30 10
8 2 29 10
5 2 28 10
3 19 27 10
4 2 26 10
8 2 25 10
5 2 24 10
3 2 23 10
4 17 22 10
8 2 21 10
5 36 20 10
3 2 18 10
4 2 17 10
8 2 16 10
3 2 15 10
4 2 14 10
8 2 13 10
5 2 12 10
3 2 11 10
4 2 10 10
8 2 9 10
5 2 8 10
3 2 7 10
4 2 6 10
8 19 5 10
5 2 3 10
3 2 2 10
4 2 1 10
6 16 6 9
7 18 4 9
1 3 3 9
7 2 5 8
1 2 4 8
6 3 2 9
2 5 2 8
6 2 2 8
1 2 36 9
6 2 35 9
2 2 34 9
7 2 33 9
1 2 32 9
6 2 31 9
2 2 30 9
7 2 29 9
1 2 28 9
6 2 27 9
2 2 26 9
7 2 25 9
1 2 24 9
6 2 23 9
2 2 22 9
7 2 21 9
1 2 20 9
6 2 19 9
2 2 18 9
7 2 17 9
1 2 16 9
6 2 15 9
2 2 14 9
7 2 13 9
1 2 12 9
6 2 11 9
2 2 10 9
7 2 9 9
1 2 8 9
6 2 7 9
2 2 6 9
7 2 5 9
1 2 4 9
6 2 3 9
2 2 2 9
7 2 1 9
4 17 25 9
4 2 35 9
8 2 34 9
5 2 33 9
3 3 32 9
4 2 31 9
8 2 30 9
5 3 29 9
3 2 28 9
4 2 27 9
8 3 26 9
5 2 25 9
3 2 24 9
8 16 8 9
8 2 22 9
5 2 21 9
3 2 20 9
4 3 20 10
6 15 15 10
8 2 19 9
5 2 18 9
3 2 17 9
4 3 16 9
8 2 15 9
5 2 14 9
3 3 13 9
7 15 10 10
1 17 5 10
5 2 7 9
3 2 6 9
4 3 6 9
8 3 4 9
3 2 4 9
5 2 3 9
6 6 25 12
6 2 40 11
2 2 39 11
7 2 38 11
1 2 37 11
6 2 36 11
2 2 35 11
7 2 34 11
1 2 33 11
6 2 32 11
2 2 31 11
7 2 30 11
1 2 29 11
6 2 28 11
2 2 27 11
7 2 26 11
1 2 25 11
7 7 23 12
1 2 21 11
6 2 20 11
2 3 19 11
7 2 19 11
1 6 10 12
1 2 17 11
6 2 16 11
2 3 16 11
7 2 14 11
1 2 13 11
6 3 13 11
2 2 11 11
7 2 10 11
2 7 8 12
7 2 6 11
1 2 5 11
6 3 4 11
2 2 4 11
3 3 1 12
7 2 2 11
4 403 1 11
5 11 28 12
8 42 16 12
5 5 10 12
8 2 37 12
5 2 36 12
3 2 35 12
4 3 34 12
8 2 33 12
5 2 32 12
3 3 31 12
4 2 30 12
8 2 29 12
5 3 28 12
3 2 27 12
4 2 26 12
8 3 25 12
5 2 24 12
3 2 23 12
4 3 22 12
8 5 5 12
6 30 21 13
7 41 16 13
1 43 11 13
3 2 15 12
4 2 14 12
8 3 14 12
5 3 12 12
3 2 11 12
2 44 6 13
8 2 10 12
5 2 9 12
3 2 8 12
4 2 8 13
5 2 1 13
5 2 2 12
3 3 2 12
3 30 5 15
7 2 1 14
5 23 1 17
5 2 40 16
3 2 39 16
4 2 38 16
8 2 37 16
5 2 36 16
3 2 35 16
4 2 34 16
8 2 33 16
5 2 32 16
3 2 31 16
4 2 30 16
8 2 29 16
5 2 28 16
3 2 27 16
4 2 26 16
8 2 25 16
5 2 24 16
3 2 23 16
4 2 22 16
8 2 21 16
5 2 20 16
3 2 19 16
4 2 18 16
8 2 17 16
5 2 16 16
3 2 15 16
4 2 14 16
8 2 13 16
5 2 12 16
3 2 11 16
4 2 10 16
8 2 9 16
5 2 8 16
3 2 7 16
4 2 6 16
8 2 5 16
5 2 4 16
3 2 3 16
4 2 2 16
8 2 1 16
7 2 38 16
1 2 37 16
6 2 36 16
2 2 35 16
7 2 34 16
1 2 33 16
6 2 32 16
2 2 31 16
7 2 30 16
1 2 29 16
6 2 28 16
2 2 27 16
7 2 26 16
1 2 25 16
6 2 24 16
2 2 23 16
7 2 22 16
1 2 21 16
6 2 20 16
2 2 19 16
7 2 18 16
1 2 17 16
6 2 16 16
2 2 15 16
7 2 14 16
1 2 13 16
6 2 12 16
2 2 11 16
7 2 10 16
1 2 9 16
6 2 8 16
2 2 7 16
7 2 6 16
1 2 5 16
6 2 4 16
2 2 3 16
7 2 2 16
1 2 1 16
8 16 24 16
3 17 10 16
3 2 35 16
4 2 34 16
8 2 33 16
5 3 32 16
3 2 31 16
4 2 30 16
8 3 29 16
5 2 28 16
3 2 27 16
4 3 26 16
8 2 25 16
5 2 24 16
3 3 23 16
4 2 22 16
4 17 5 16
8 2 16 16
5 3 15 16
3 2 14 16
4 3 14 16
8 3 12 16
5 2 11 16
3 2 11 16
1 15 10 17
4 2 6 16
2 15 5 17
4 2 8 16
8 2 7 16
5 3 7 16
8 2 3 16
3 2 5 17
1 2 40 18
6 2 39 18
2 2 38 18
7 2 37 18
1 2 36 18
6 2 35 18
2 2 34 18
7 2 33 18
1 2 32 18
6 2 31 18
2 2 30 18
7 2 29 18
1 12 28 18
6 2 27 18
2 2 26 18
7 2 25 18
1 2 24 18
6 2 23 18
2 12 22 18
7 2 21 18
1 2 20 18
6 2 19 18
2 2 18 18
7 2 17 18
1 2 16 18
6 2 15 18
2 2 14 18
7 2 13 18
1 2 12 18
6 2 11 18
2 2 10 18
7 2 9 18
1 2 8 18
6 2 7 18
2 2 6 18
7 2 5 18
1 2 4 18
6 13 3 18
2 2 2 18
7 2 1 18
4 11 6 17
3 13 6 17
5 372 4 17
4 2 2 17
3 2 10 18
4 2 9 18
8 3 8 18
4 2 30 18
8 2 29 18
5 2 28 18
3 3 28 18
4 2 26 18
8 2 25 18
5 3 25 18
3 2 23 18
4 2 22 18
8 3 22 18
5 2 20 18
3 7 19 18
4 3 19 18
8 2 17 18
5 2 16 18
3 2 15 18
4 8 14 18
3 2 11 18
5 2 8 18
8 3 10 18
4 2 8 18
3 2 8 19
2 17 31 20
6 2 58 20
2 2 57 20
7 2 56 20
1 3 55 20
6 2 54 20
2 2 53 20
7 3 52 20
1 2 51 20
6 2 50 20
2 3 49 20
7 2 48 20
1 2 47 20
6 3 46 20
2 2 45 20
7 2 44 20
1 3 43 20
6 2 42 20
2 2 41 20
7 3 40 20
1 2 39 20
6 2 38 20
2 3 37 20
7 2 36 20
1 2 35 20
6 3 34 20
2 2 33 20
7 2 32 20
1 2 31 20
6 2 30 20
1 6 21 20
2 5 15 20
5 5 10 20
6 17 11 20
7 16 6 20
6 7 5 20
3 15 15 21
4 17 10 21
5 15 5 21
8 2 39 22
5 2 38 22
3 2 37 22
4 2 36 22
8 2 35 22
5 2 34 22
3 2 33 22
4 2 32 22
8 2 31 22
5 2 30 22
3 17 29 22
4 2 28 22
8 2 27 22
5 2 26 22
3 2 25 22
4 17 24 22
8 2 23 22
5 2 22 22
3 2 21 22
4 2 20 22
8 2 19 22
5 17 18 22
3 2 17 22
4 2 16 22
8 2 15 22
5 2 14 22
3 2 13 22
4 2 12 22
8 2 11 22
5 2 10 22
3 2 9 22
4 2 8 22
8 2 7 22
5 2 6 22
3 2 5 22
4 2 4 22
8 17 3 22
5 2 2 22
3 2 1 22
7 16 2 21
6 22 6 22
1 3 1 21
2 2 1 20
2 2 38 21
7 2 37 21
1 2 36 21
6 2 35 21
2 2 34 21
7 2 33 21
1 2 32 21
6 2 31 21
2 2 30 21
7 2 29 21
1 2 28 21
6 2 27 21
2 2 26 21
7 2 25 21
1 2 24 21
6 2 23 21
2 2 22 21
7 2 21 21
1 2 20 21
6 2 19 21
2 2 18 21
7 2 17 21
1 2 16 21
6 2 15 21
2 2 14 21
7 2 13 21
1 2 12 21
6 2 11 21
2 2 10 21
7 2 9 21
1 2 8 21
6 2 7 21
2 2 6 21
7 2 5 21
1 2 4 21
6 2 3 21
2 2 2 21
7 2 1 21
4 17 30 21
5 16 24 21
3 2 23 21
4 2 22 21
8 3 22 21
5 2 33 21
3 2 32 21
4 2 31 21
8 3 30 21
5 2 29 21
3 2 28 21
4 3 27 21
8 2 26 21
5 2 25 21
3 3 24 21
8 16 9 21
5 2 19 21
3 2 19 21
8 2 19 21
4 2 19 22
6 15 15 22
5 2 18 21
8 2 12 21
5 2 11 21
7 15 10 22
3 2 10 21
4 3 10 21
8 2 9 22
4 2 12 21
8 2 11 21
5 2 10 21
3 3 9 21
1 15 5 22
5 2 8 21
3 2 7 21
4 2 6 21
8 2 5 21
5 2 4 21
7 2 40 23
1 2 39 23
6 2 38 23
2 2 37 23
7 2 36 23
1 2 35 23
6 2 34 23
2 2 33 23
7 2 32 23
1 2 31 23
6 2 30 23
2 2 29 23
7 2 28 23
1 2 27 23
6 2 26 23
2 2 25 23
7 2 24 23
1 2 23 23
6 407 22 23
2 2 21 23
7 19 20 23
1 2 18 23
6 2 17 23
2 2 16 23
1 2 15 23
6 2 14 23
2 2 13 23
7 2 12 23
1 2 11 23
6 2 10 23
2 2 9 23
7 2 8 23
1 17 7 23
6 2 6 23
2 19 5 23
7 2 3 23
1 2 2 23
6 2 1 23
3 2 50 23
4 2 49 23
8 2 48 23
5 2 47 23
3 2 46 23
4 2 45 23
8 2 44 23
5 2 43 23
3 2 42 23
4 2 41 23
8 2 40 23
5 2 39 23
3 2 38 23
4 2 37 23
8 2 36 23
5 2 35 23
3 2 34 23
4 2 33 23
8 2 32 23
5 2 31 23
3 2 30 23
4 2 29 23
8 2 28 23
5 2 27 23
3 2 26 23
4 2 25 23
8 2 24 23
5 2 23 23
3 2 22 23
4 2 21 23
8 2 20 23
5 2 19 23
3 2 18 23
4 2 17 23
8 2 16 23
5 7 15 23
3 2 14 23
4 2 13 23
8 2 12 23
5 12 11 23
8 15 5 23
6 16 29 23
2 2 28 23
7 18 27 23
1 2 26 23
1 16 14 23
2 16 8 23
6 2 12 23
6 5 6 23
1 2 32 23
6 2 31 23
2 2 30 23
7 3 29 23
1 2 28 23
6 2 27 23
2 3 26 23
7 2 25 23
1 2 24 23
6 3 23 23
2 2 22 23
7 2 21 23
1 3 20 23
6 2 19 23
2 2 18 23
7 3 17 23
7 6 2 23
6 2 14 23
2 2 13 23
8 15 10 24
1 2 8 23
3 34 5 24
4 2 38 25
8 2 37 25
5 2 36 25
3 2 35 25
4 2 34 25
8 2 33 25
5 2 32 25
3 2 31 25
4 2 30 25
8 2 29 25
5 2 28 25
3 2 27 25
4 2 26 25
8 2 25 25
5 2 24 25
3 2 23 25
4 2 22 25
8 2 21 25
5 2 20 25
3 2 19 25
4 2 18 25
8 17 17 25
5 2 16 25
3 2 15 25
4 2 14 25
8 2 13 25
5 2 12 25
3 2 11 25
4 2 10 25
8 2 9 25
5 2 8 25
3 2 7 25
4 2 6 25
8 2 5 25
5 2 4 25
4 17 3 25
8 2 2 25
5 2 1 25
1 16 9 24
7 17 9 24
6 2 7 23
2 3 6 23
7 2 6 23
1 2 7 23
6 2 6 23
2 2 5 23
2 16 3 24
7 3 2 24
1 3 1 24
1 2 2 23
6 2 1 23
6 2 38 24
2 2 37 24
7 2 36 24
1 2 35 24
6 2 34 24
2 2 33 24
7 2 32 24
1 2 31 24
6 2 30 24
2 2 29 24
7 2 28 24
1 2 27 24
6 2 26 24
2 2 25 24
7 2 24 24
1 2 23 24
6 2 22 24
2 2 21 24
7 2 20 24
1 2 19 24
6 2 18 24
2 2 17 24
7 2 16 24
1 2 15 24
6 2 14 24
2 2 13 24
7 2 12 24
1 2 11 24
6 2 10 24
2 2 9 24
7 2 8 24
1 2 7 24
6 2 6 24
2 2 5 24
7 2 4 24
1 2 3 24
6 2 2 24
2 2 1 24
8 20 28 24
3 31 14 24
4 31 9 24
5 31 3 24
1 30 11 25
4 2 11 24
8 2 10 24
5 3 10 24
3 3 8 24
8 2 8 24
8 2 29 24
5 2 28 24
3 2 27 24
4 3 26 24
8 2 25 24
5 2 24 24
3 3 23 24
4 2 22 24
8 2 21 24
5 3 20 24
3 2 19 24
4 2 18 24
4 2 7 24
8 2 17 25
2 31 6 25
5 2 6 24
3 3 6 24
4 2 4 24
8 3 3 24
7 5 1 25
5 2 11 24
3 2 10 24
4 2 9 24
8 3 8 24
5 2 7 24
3 2 6 24
4 2 5 24
2 2 40 26
7 2 39 26
1 2 38 26
6 2 37 26
2 2 36 26
7 2 35 26
1 2 34 26
6 2 33 26
2 2 32 26
7 2 31 26
1 2 30 26
6 2 29 26
2 2 28 26
7 2 27 26
1 2 26 26
6 2 25 26
2 2 24 26
7 2 23 26
1 2 22 26
6 2 21 26
2 2 20 26
7 2 19 26
1 2 18 26
6 2 17 26
2 2 16 26
7 2 15 26
1 2 14 26
6 2 13 26
2 2 12 26
7 2 11 26
1 2 10 26
6 2 9 26
2 2 8 26
7 2 7 26
1 2 6 26
6 2 5 26
2 2 4 26
7 2 3 26
1 2 2 26
6 2 1 26
5 2 38 26
3 2 37 26
4 2 36 26
8 2 35 26
5 2 34 26
3 2 33 26
4 2 32 26
8 2 31 26
5 2 30 26
3 2 29 26
4 2 28 26
8 2 27 26
5 2 26 26
3 2 25 26
4 2 24 26
8 2 23 26
5 2 22 26
3 2 21 26
4 2 20 26
8 2 19 26
5 2 18 26
3 2 17 26
4 2 16 26
8 2 15 26
5 2 14 26
3 2 13 26
4 2 12 26
8 2 11 26
5 2 10 26
3 2 9 26
4 2 8 26
8 2 7 26
5 2 6 26
3 2 5 26
4 2 4 26
5 2 3 26
3 2 2 26
4 2 1 26
6 16 37 26
7 369 35 26
1 2 23 26
6 2 22 26
2 19 22 26
7 2 24 26
1 2 23 26
1 2 19 26
6 3 19 26
2 2 19 26
1 2 18 26
3 15 15 27
6 2 16 26
2 2 15 26
2 2 12 26
7 2 12 27
4 15 10 27
1 2 11 26
6 3 11 26
2 2 9 26
1 2 9 26
7 2 9 27
5 17 5 27
1 2 5 26
6 2 4 26
2 3 4 26
1 2 2 26
6 3 2 26
3 2 40 27
4 2 39 27
8 2 38 27
5 2 37 27
3 2 36 27
4 2 35 27
8 2 34 27
5 2 33 27
3 2 32 27
4 2 31 27
8 2 30 27
5 2 29 27
3 19 28 27
4 2 27 27
8 2 26 27
5 2 25 27
3 2 24 27
4 33 23 27
8 2 22 27
5 37 21 27
3 2 19 27
4 2 18 27
8 2 17 27
3 2 16 27
4 2 15 27
8 2 14 27
5 2 13 27
3 2 12 27
4 2 11 27
8 2 10 27
5 2 9 27
3 2 8 27
4 2 7 27
8 39 6 27
5 2 3 27
3 2 2 27
4 2 1 27
6 16 7 26
7 19 5 26
1 3 3 26
6 3 2 26
2 4 2 26
1 2 36 27
6 2 35 27
2 2 34 27
7 2 33 27
1 2 32 27
6 2 31 27
2 2 30 27
7 2 29 27
1 2 28 27
6 2 27 27
2 2 26 27
7 2 25 27
1 2 24 27
6 2 23 27
2 2 22 27
7 2 21 27
1 2 20 27
6 2 19 27
2 2 18 27
7 2 17 27
1 2 16 27
6 2 15 27
2 2 14 27
7 2 13 27
1 2 12 27
6 2 11 27
2 2 10 27
7 2 9 27
1 2 8 27
6 2 7 27
2 2 6 27
7 2 5 27
1 2 4 27
6 2 3 27
2 2 2 27
7 2 1 27
6 15 15 28
4 2 36 27
8 2 35 27
5 2 34 27
3 3 33 27
4 2 32 27
8 2 31 27
5 3 30 27
3 2 29 27
4 2 28 27
8 3 27 27
5 2 26 27
3 2 25 27
4 3 24 27
8 2 23 27
5 2 22 27
3 3 21 27
4 2 20 27
8 2 19 27
5 3 18 27
3 2 17 27
4 2 16 27
8 3 15 27
5 2 14 27
3 2 13 27
4 3 12 27
8 2 11 27
7 15 10 28
1 17 5 28
4 2 4 27
8 2 3 27
3 2 3 27
5 2 2 27
8 2 2 27
6 16 24 30
6 2 39 29
2 2 38 29
7 2 37 29
1 2 36 29
6 2 35 29
2 2 34 29
7 2 33 29
1 2 32 29
6 2 31 29
2 2 30 29
7 2 29 29
1 2 28 29
6 2 27 29
2 2 26 29
7 2 25 29
1 2 24 29
7 17 22 30
1 2 20 29
6 2 19 29
2 3 18 29
7 2 18 29
1 16 9 30
1 2 16 29
6 2 15 29
2 3 15 29
7 2 13 29
1 2 12 29
6 3 12 29
2 2 10 29
7 2 9 29
2 17 7 30
7 2 5 29
1 2 4 29
6 3 3 29
2 2 3 29
5 15 12 31
8 396 7 31
7 6 1 31
8 2 40 31
5 2 39 31
3 2 38 31
4 2 37 31
8 2 36 31
5 2 35 31
3 2 34 31
4 2 33 31
8 2 32 31
5 2 31 31
3 2 30 31
4 2 29 31
8 2 28 31
5 2 27 31
3 2 26 31
4 2 25 31
8 2 24 31
5 2 23 31
3 2 22 31
4 2 21 31
8 2 20 31
5 2 19 31
3 2 18 31
4 2 17 31
8 2 16 31
5 2 15 31
3 2 14 31
4 2 13 31
8 2 12 31
5 2 11 31
3 2 10 31
4 2 9 31
8 2 8 31
5 2 7 31
3 2 6 31
4 2 5 31
8 2 4 31
5 2 3 31
3 2 2 31
4 2 1 31
6 17 29 31
7 16 23 31
1 2 22 31
1 16 14 31
2 16 8 31
8 15 11 32
2 2 24 31
7 2 23 31
1 3 23 31
6 3 21 31
2 2 20 31
7 2 7 31
3 15 6 32
2 2 28 31
7 2 27 31
1 2 26 31
6 3 25 31
2 2 24 31
7 2 23 31
1 3 22 31
6 2 21 31
2 2 20 31
7 3 19 31
6 2 11 31
2 2 10 31
7 3 10 31
6 2 14 31
2 2 13 31
7 2 12 31
1 3 11 31
1 3 8 31
6 2 7 31
5 2 40 33
3 2 39 33
4 4 38 33
5 2 36 33
3 2 35 33
4 4 34 33
5 2 32 33
3 2 31 33
4 4 30 33
5 2 28 33
3 2 27 33
4 4 26 33
5 2 24 33
3 2 23 33
4 4 22 33
5 2 20 33
3 2 19 33
4 4 18 33
5 2 16 33
3 2 15 33
4 4 14 33
5 2 12 33
3 19 11 33
4 4 9 33
5 2 7 33
4 23 6 33
5 2 2 33
3 2 1 33
2 17 6 32
7 2 5 32
2 2 4 31
1 22 3 32
6 2 1 31
7 2 2 30
7 2 50 32
1 2 49 32
6 4 48 32
7 2 46 32
1 2 45 32
6 4 44 32
7 2 42 32
1 2 41 32
6 4 40 32
7 2 38 32
1 2 37 32
6 4 36 32
7 2 34 32
1 2 33 32
6 4 32 32
7 2 30 32
1 2 29 32
6 4 28 32
7 2 26 32
1 2 25 32
6 4 24 32
7 2 22 32
1 2 21 32
6 4 20 32
7 2 18 32
1 2 17 32
6 4 16 32
7 2 14 32
1 2 13 32
6 4 12 32
7 15 10 32
8 16 5 32
4 4 38 32
4 4 34 32
4 2 30 32
8 18 30 32
3 4 29 32
8 3 27 32
4 2 26 32
4 2 22 32
4 2 18 32
3 17 15 32
4 2 13 32
8 2 12 32
4 19 10 32
4 2 2 32
4 2 46 33
4 2 42 33
4 2 38 33
4 2 34 33
4 2 30 33
4 2 26 33
4 2 22 33
4 2 18 33
3 2 17 33
1 15 15 33
2 17 10 33
3 2 9 32
8 3 8 32
3 3 7 32
8 3 6 32
5 15 5 33
3 2 5 32
8 3 4 32
3 3 3 32
8 2 2 32
3 2 1 32
6 25 5 31
1 4 2 31
2 3 1 31
1 2 33 31
6 4 32 31
2 2 30 31
1 2 29 31
6 4 28 31
2 2 26 31
1 19 25 31
6 4 23 31
2 2 21 31
6 4 20 31
2 17 18 31
1 2 17 31
6 4 16 31
2 2 14 31
1 2 13 31
6 4 12 31
2 2 10 31
1 2 9 31
6 4 8 31
2 2 6 31
1 2 5 31
6 4 4 31
2 2 2 31
1 2 1 31
4 4 55 31
4 4 51 31
4 4 47 31
4 4 43 31
4 4 39 31
4 4 35 31
4 4 31 31
4 4 27 31
4 4 23 31
4 4 19 31
3 15 15 31
4 15 10 31
5 17 6 31
8 2 1 30
8 2 18 30
5 3 17 30
8 3 16 30
5 2 15 30
8 2 14 30
5 2 13 30
8 2 12 30
5 2 11 30
8 2 10 30
5 2 9 30
8 2 8 30
5 2 7 30
8 2 6 30
5 2 5 30
8 2 4 30
5 2 3 30
8 2 2 30
6 4 42 32
6 4 38 32
6 2 34 32
2 6 32 32
7 3 32 32
2 2 33 32
7 2 32 32
2 3 31 32
6 4 30 32
6 2 26 32
6 2 22 32
6 2 18 32
6 9 14 32
7 6 7 32
6 2 6 32
2 2 5 32
7 2 4 32
8 3 1 32
1 3 1 31
6 2 44 32
6 2 40 32
6 2 36 32
6 2 32 32
6 2 28 32
6 2 24 32
6 2 20 32
7 2 17 32
3 5 15 32
4 5 10 32
5 5 5 32
2 2 9 31
7 3 8 31
2 3 7 31
7 3 6 31
2 3 5 31
7 2 4 31
2 2 3 31
7 2 2 31
2 2 1 31
