14250
2880
1 5 19 1
6 2 18 1
2 2 13 1
1 2 12 1
4 4 8 1
2 2 7 1
5 2 9 2
4 2 10 1
3 4 8 2
1 8 6 2
5 2 5 2
3 4 9 3
2 7 4 3
4 2 8 4
1 3 6 4
6 2 5 4
2 2 4 3
4 3 11 5
3 9 6 5
4 2 9 4
2 3 9 5
4 2 12 6
1 5 9 6
5 2 7 6
7 2 5 6
1 3 14 7
4 2 11 7
6 2 6 7
5 3 5 7
2 2 4 7
4 3 3 7
1 3 11 8
7 2 5 8
3 2 8 8
4 2 8 8
6 3 14 9
4 2 14 9
6 2 8 9
1 4 5 9
2 9 4 9
1 2 6 8
5 2 4 8
3 8 13 10
1 4 12 10
2 4 9 10
4 2 1 10
3 2 4 9
2 4 10 11
3 2 7 11
5 2 2 11
3 3 1 11
1 6 3 11
3 3 3 12
2 2 5 12
1 2 14 13
4 5 11 13
3 2 5 13
7 2 4 12
1 2 5 13
2 4 12 14
4 3 15 14
2 2 7 14
1 2 6 13
3 3 8 14
5 2 8 14
4 3 5 14
2 2 2 14
4 2 2 13
6 2 2 14
5 3 1 14
1 2 1 13
2 2 3 12
6 2 2 12
3 3 2 13
4 4 17 15
3 3 17 15
3 2 15 15
5 2 10 15
4 3 4 15
7 2 6 14
1 2 7 15
3 3 6 15
1 2 7 15
2 2 9 16
1 3 9 16
3 4 7 16
1 5 3 16
4 2 13 17
2 4 10 17
5 2 9 17
3 5 8 17
2 3 6 17
1 3 4 17
3 5 2 17
6 3 1 17
6 2 8 18
5 2 7 18
2 2 13 19
5 3 12 19
6 2 5 19
4 2 6 18
5 2 7 19
7 2 5 19
1 2 3 19
8 2 2 18
5 2 2 18
3 2 1 18
7 2 1 19
1 5 11 19
2 2 1 19
5 3 16 20
2 2 18 21
2 3 13 21
7 2 6 21
4 2 13 20
2 2 9 20
4 2 10 19
2 3 6 20
4 2 6 20
1 2 10 19
1 2 6 20
5 3 6 19
6 2 6 19
3 2 6 20
7 2 8 21
3 2 4 21
6 2 3 20
1 6 17 22
1 3 14 22
3 4 13 22
2 5 4 22
1 6 2 22
6 2 8 22
4 2 4 22
8 2 2 22
2 3 9 23
5 2 9 23
3 2 4 23
1 2 3 23
2 2 10 24
1 4 9 24
6 2 9 24
3 3 9 24
1 2 7 24
5 2 4 24
1 2 12 25
2 5 11 25
2 4 16 26
2 3 14 26
6 2 8 26
1 2 8 26
6 2 10 25
3 5 7 26
5 2 5 26
6 2 1 26
4 3 6 27
3 4 8 27
1 2 8 27
4 4 7 27
4 2 3 27
3 5 3 26
7 2 3 25
5 2 2 26
5 3 4 28
3 2 5 28
1 2 2 28
7 3 16 29
2 5 9 29
1 4 12 29
1 4 8 29
5 2 8 29
1 2 4 29
6 6 7 29
1 4 12 30
2 4 7 30
3 2 4 30
4 2 8 31
2 4 18 32
3 7 16 32
5 3 8 32
1 3 13 32
3 2 11 32
3 2 9 32
2 5 8 32
4 2 7 33
1 7 16 34
3 2 13 34
4 2 11 34
1 2 8 34
3 2 7 34
2 5 8 34
4 2 13 35
1 2 8 35
6 2 9 35
1 6 5 35
3 2 11 36
2 3 17 37
3 2 15 37
4 2 11 37
2 2 4 37
2 2 7 36
5 3 14 38
1 3 11 38
4 2 4 38
3 2 10 38
2 2 9 38
1 2 6 38
4 3 1 38
2 2 2 38
4 2 2 37
7 2 5 36
3 2 5 36
5 2 5 36
3 3 2 36
2 2 1 36
4 2 6 39
3 2 6 39
3 4 2 39
6 2 4 38
4 5 17 40
3 2 16 40
2 2 13 40
4 2 12 40
1 3 11 40
1 4 4 40
7 2 3 39
5 2 3 39
6 3 2 38
3 2 2 37
1 2 2 37
5 2 1 36
2 3 3 39
3 2 2 39
2 3 1 39
5 2 11 39
1 2 11 39
2 2 9 39
6 2 7 39
3 2 7 39
4 3 2 39
1 5 10 40
1 2 14 41
4 3 11 41
5 2 9 40
5 2 6 41
2 2 5 41
1 2 2 41
5 2 1 40
2 2 19 42
1 4 16 42
3 3 13 42
2 3 12 42
2 2 13 42
4 2 13 42
1 2 12 42
2 2 10 42
6 2 9 42
2 2 8 43
5 2 5 43
1 2 4 43
1 2 5 42
3 2 1 43
4 2 16 44
1 2 15 44
3 3 14 44
4 3 7 44
1 4 1 44
2 2 2 43
7 2 3 42
3 2 2 42
1 2 10 45
4 4 9 44
6 2 8 45
4 4 3 45
7 2 14 46
2 2 9 46
2 3 10 46
4 2 8 46
1 2 6 46
5 2 5 45
6 2 5 46
3 3 17 47
2 2 12 47
3 2 12 47
6 2 12 47
4 3 11 47
3 5 9 47
4 2 3 47
4 2 14 48
4 2 12 48
1 7 12 48
7 2 10 48
6 2 9 48
2 2 6 48
5 4 2 48
1 4 14 49
2 5 10 49
4 4 2 49
1 2 3 48
2 3 7 49
2 2 3 49
4 2 3 49
5 2 2 49
4 3 9 50
3 3 6 50
1 4 12 51
3 4 8 51
3 2 18 52
6 2 15 52
4 2 15 52
1 3 14 52
5 3 13 52
4 3 11 52
2 2 5 52
2 2 3 52
6 2 2 52
5 3 3 52
2 3 10 53
2 2 16 54
1 3 16 54
3 5 14 54
2 3 3 54
1 2 3 53
3 2 3 54
7 2 2 53
1 2 4 54
5 2 2 54
2 2 4 54
4 3 2 54
2 5 10 55
5 2 6 55
5 2 3 55
1 2 12 56
4 2 12 56
2 4 6 56
3 6 5 56
1 4 12 57
2 3 11 57
1 2 12 57
5 3 8 57
1 3 6 57
2 2 13 58
5 2 14 59
2 5 11 59
4 2 10 58
3 2 8 59
1 3 8 59
5 3 4 59
3 2 7 58
2 4 4 58
4 2 5 57
6 2 5 59
6 2 2 59
1 5 10 60
4 3 10 60
1 2 8 60
2 4 6 60
1 2 2 60
4 2 14 61
3 2 12 61
4 2 10 61
5 2 7 61
3 3 17 62
2 3 10 62
1 2 12 62
4 4 16 63
4 3 10 63
6 2 12 62
6 2 10 62
1 3 11 63
1 3 7 63
3 3 2 63
3 2 13 64
2 2 8 64
3 2 7 64
2 2 2 64
4 2 6 63
1 3 7 64
1 2 12 65
2 3 7 65
1 2 13 65
2 2 11 65
2 4 8 65
3 2 10 65
4 2 9 65
1 2 2 65
1 6 9 66
5 2 8 66
4 4 17 67
4 2 11 67
3 2 8 67
4 3 6 67
2 2 4 67
6 2 5 66
1 2 5 66
2 6 2 67
1 3 9 68
1 2 19 69
2 3 17 69
3 3 15 69
6 3 13 69
2 5 9 69
5 2 9 70
3 2 9 69
2 3 9 70
5 2 6 70
4 2 4 70
1 2 3 70
3 2 1 70
1 5 12 71
2 2 11 71
2 2 8 71
4 2 8 71
1 2 7 72
1 4 5 72
2 3 4 72
1 2 8 71
4 2 5 71
4 2 7 72
4 5 3 72
3 2 3 72
4 3 14 73
5 2 5 73
3 4 6 73
3 3 11 74
4 3 6 74
2 2 7 73
2 4 5 74
2 2 8 73
6 2 8 74
1 5 6 74
3 3 3 74
7 3 2 74
1 2 1 74
4 3 6 75
1 2 6 75
2 4 13 76
2 3 10 76
1 2 9 76
5 2 11 76
1 6 4 76
4 3 9 76
6 2 4 76
4 3 4 76
5 3 4 76
6 2 5 77
1 2 2 77
3 2 2 77
2 2 2 77
3 2 1 76
7 2 1 76
4 2 11 76
5 3 10 76
1 2 5 76
1 2 7 76
3 2 3 76
2 2 2 76
3 2 4 75
2 2 12 77
1 2 11 77
2 2 10 77
2 3 8 77
3 2 8 77
4 5 6 77
3 2 15 78
2 2 13 78
4 4 12 78
6 2 4 78
3 3 15 79
5 3 10 79
3 2 10 78
1 3 8 78
6 2 8 78
3 4 6 79
1 5 4 79
4 2 6 78
3 4 1 79
2 4 3 78
4 2 1 78
4 3 10 80
4 2 6 80
1 2 5 80
7 2 4 80
6 2 1 80
2 2 9 81
2 2 7 81
5 2 5 81
4 2 1 81
2 3 15 82
4 2 15 82
1 2 12 82
2 2 12 82
4 3 5 82
4 3 7 81
6 2 13 83
2 4 13 83
4 2 11 83
3 3 7 83
1 3 13 84
3 2 5 84
4 2 4 84
4 2 9 83
6 2 5 83
3 2 6 84
5 2 7 83
6 2 7 84
2 4 6 83
3 2 6 84
2 3 1 84
1 2 10 85
5 2 10 85
5 2 7 85
1 2 4 85
6 3 3 85
4 2 5 85
4 2 3 85
3 2 11 86
2 2 7 86
3 2 5 86
1 4 6 86
2 2 2 86
1 2 2 85
2 2 16 87
3 3 11 87
6 3 11 87
4 5 6 87
1 5 1 87
4 2 7 88
5 2 7 87
6 2 9 88
3 2 9 88
1 8 6 88
1 7 13 89
3 3 12 90
2 2 11 90
6 2 10 90
2 5 8 90
1 2 5 90
3 3 5 89
3 2 2 90
4 3 12 91
2 3 11 91
6 3 10 91
3 2 7 91
4 2 5 91
5 2 1 91
1 2 12 92
1 2 8 92
2 2 7 92
2 5 1 92
1 2 2 92
4 2 4 91
6 2 4 92
3 2 13 93
2 8 5 93
1 2 12 93
4 2 11 93
6 2 10 93
2 3 9 94
3 3 8 94
7 2 8 93
6 2 4 94
2 2 5 93
1 6 4 94
2 3 4 95
2 2 17 96
4 3 16 96
2 4 14 96
5 2 7 96
1 2 7 95
3 2 7 96
4 3 2 96
3 2 6 95
1 3 3 95
5 2 3 95
1 6 11 97
2 6 1 97
6 2 5 96
6 2 13 98
2 3 8 98
2 2 16 98
4 2 6 98
5 2 5 98
3 2 5 98
5 2 10 98
8 2 10 98
1 2 3 98
4 2 3 97
5 2 5 98
2 2 5 98
3 3 3 98
2 3 2 97
4 2 1 97
1 7 7 98
2 2 5 98
3 2 3 98
2 3 11 99
1 2 10 99
5 4 9 99
2 2 8 99
6 5 3 99
3 2 1 99
1 2 1 98
6 2 12 100
1 2 10 100
4 2 9 100
4 4 3 100
6 2 14 101
1 5 12 101
2 2 12 101
3 3 11 101
4 2 11 101
3 2 3 101
2 2 3 100
1 3 5 101
4 2 5 102
7 2 5 101
5 2 4 102
1 3 2 102
4 7 15 103
4 4 12 103
2 2 8 103
3 2 9 103
2 2 5 103
3 2 5 103
2 2 1 103
3 2 10 104
2 4 9 104
1 5 15 105
3 2 12 105
4 2 6 105
2 3 3 105
6 2 6 104
3 2 5 104
7 3 3 105
1 2 12 106
4 3 11 106
2 2 15 107
2 2 12 107
7 2 10 107
2 2 8 107
2 2 10 106
4 2 8 106
6 4 4 107
3 2 5 106
1 2 4 107
6 2 16 108
4 2 16 108
6 3 13 108
5 2 12 108
2 3 4 108
1 2 8 108
6 2 4 108
5 2 4 108
1 2 3 108
2 2 13 109
1 8 11 109
2 7 9 109
5 4 6 109
2 3 2 109
1 2 12 110
3 2 8 110
1 3 13 111
4 4 8 111
3 2 9 110
2 2 9 111
2 6 11 111
6 2 9 111
1 3 7 111
6 2 2 111
1 2 4 110
7 2 3 110
4 2 3 110
5 2 2 110
3 3 12 112
5 3 9 112
3 2 8 112
2 2 7 112
6 2 5 112
3 4 2 112
2 3 2 113
1 2 1 113
1 2 2 112
4 2 2 112
3 3 14 114
1 2 14 114
1 2 11 114
1 4 7 114
2 2 6 114
1 4 5 114
5 3 2 114
5 2 7 114
2 2 6 114
2 4 1 114
3 3 8 115
5 2 3 115
3 3 3 115
2 3 12 116
2 7 9 116
1 3 8 116
1 3 2 116
3 8 5 116
6 2 9 117
5 2 7 117
2 5 6 116
8 2 6 117
2 3 3 117
1 2 5 118
3 2 9 118
3 2 5 118
4 2 2 118
3 2 2 118
1 8 6 118
6 2 4 118
5 6 4 118
6 2 7 119
1 3 1 119
4 2 1 118
4 3 13 120
1 4 13 120
4 2 9 120
1 5 8 120
4 2 3 120
1 3 2 119
2 3 2 120
5 3 3 120
4 2 2 120
3 3 2 119
8 2 2 118
7 4 2 120
4 5 13 121
3 2 9 121
3 2 10 121
2 2 9 121
2 3 7 121
2 4 5 121
4 3 3 121
5 2 3 120
2 3 9 122
1 2 8 122
1 3 4 122
5 2 7 123
1 4 5 123
2 5 10 123
1 3 8 123
4 2 10 123
5 2 4 123
3 3 4 122
2 2 1 123
2 4 10 124
3 2 7 124
2 2 2 124
2 3 12 125
3 2 4 125
5 2 2 125
4 3 2 124
4 2 6 125
5 2 4 125
2 4 14 126
3 2 10 126
1 2 12 126
3 2 11 126
1 2 9 126
2 4 5 126
6 2 3 125
1 5 2 126
2 4 7 127
1 2 10 127
4 2 6 127
1 2 4 127
5 2 4 127
1 2 13 128
2 2 8 128
3 2 4 128
8 2 6 127
6 2 18 129
6 2 13 129
3 2 9 129
2 2 8 128
5 2 10 129
1 3 3 129
6 2 7 128
4 2 1 129
3 3 15 130
3 6 11 130
2 2 11 130
4 2 10 130
1 3 9 130
4 3 7 130
2 2 4 130
3 2 3 130
6 3 2 130
1 2 12 131
3 4 6 131
7 2 6 131
4 3 5 131
3 6 5 131
5 2 3 131
1 2 15 133
3 3 15 133
2 2 14 133
1 2 13 133
2 2 12 133
5 3 5 133
1 4 9 133
1 4 6 133
3 2 4 133
5 2 3 133
7 2 3 132
5 2 8 134
1 3 8 134
2 2 3 134
6 2 3 133
3 2 5 134
2 2 5 134
3 2 3 134
2 7 1 134
2 3 11 134
1 2 1 134
3 2 16 135
1 4 15 135
2 3 14 135
3 2 11 135
1 3 10 135
3 2 6 135
2 2 4 135
6 2 4 134
4 2 9 136
6 2 8 136
4 3 4 136
1 2 9 137
5 3 5 137
6 2 8 136
7 3 8 136
1 6 11 137
4 6 10 137
5 2 9 137
2 4 7 137
1 4 3 137
3 2 8 138
4 2 7 138
2 3 3 138
3 2 3 137
4 2 3 137
1 2 3 138
1 2 4 139
3 4 17 140
1 6 14 140
5 3 12 140
2 3 12 140
1 2 10 140
5 3 8 140
4 2 3 140
4 2 6 139
7 2 5 139
3 2 4 139
2 2 1 140
7 2 1 139
6 2 1 140
2 3 2 139
3 7 1 139
1 2 1 139
2 2 1 140
3 2 1 139
2 3 12 141
1 3 7 141
4 3 7 141
3 4 14 142
3 7 9 142
1 2 9 142
5 2 9 142
3 2 6 142
1 2 7 141
2 4 6 141
4 3 6 142
1 2 1 142
2 2 3 141
7 2 6 143
5 2 5 143
1 4 4 143
2 2 1 143
3 4 12 144
1 2 7 144
2 7 5 144
2 2 6 144
1 2 6 144
3 3 4 144
5 2 3 145
2 4 14 146
1 5 8 146
2 5 7 145
3 2 5 146
2 3 14 147
7 3 8 147
1 4 2 147
1 2 3 146
4 2 5 145
4 4 3 145
7 2 3 144
2 2 14 148
1 4 9 148
4 2 7 148
5 3 6 147
1 2 6 147
3 4 7 148
2 2 6 148
7 2 2 148
3 2 3 147
1 3 3 148
2 10 13 149
4 4 7 149
6 4 8 149
7 2 5 149
5 2 5 149
4 2 3 149
1 3 9 150
3 7 12 151
2 2 7 151
4 3 6 151
2 3 4 151
4 3 10 152
2 2 10 152
1 6 2 152
5 2 6 152
3 3 1 152
2 6 4 152
6 2 10 153
1 3 11 154
2 4 13 154
2 2 6 154
3 5 8 154
1 4 6 154
6 2 5 154
5 2 7 154
3 3 10 155
1 2 7 155
6 2 3 155
2 2 10 156
1 2 10 156
1 2 19 157
1 2 17 157
3 2 16 157
3 2 13 157
1 8 12 157
4 2 10 157
1 5 8 157
3 3 6 157
2 3 5 156
2 2 11 158
1 5 16 159
1 2 13 159
5 3 6 159
4 2 10 159
6 2 10 158
1 3 3 160
2 2 4 159
4 2 4 158
2 3 8 160
1 2 8 160
3 4 6 160
5 3 6 160
3 2 3 160
6 2 3 159
2 2 5 158
3 3 3 158
6 2 5 157
5 2 5 158
7 2 3 158
4 3 2 159
3 2 1 158
3 2 9 160
4 3 8 160
7 2 6 160
7 2 3 160
3 4 15 161
1 2 15 161
3 2 10 161
4 2 11 161
5 2 11 161
5 2 8 161
3 2 3 161
2 2 1 161
2 2 4 160
4 4 14 162
1 3 11 162
2 3 11 162
1 3 4 162
1 3 2 162
1 2 13 163
5 3 12 163
1 3 10 163
3 7 12 164
2 3 11 164
3 2 8 164
2 3 7 164
1 5 5 164
4 2 6 163
3 3 5 164
6 2 3 165
5 2 2 164
4 2 3 163
4 2 8 162
5 2 6 162
3 2 2 163
3 2 3 165
1 3 2 165
2 6 1 164
3 2 8 165
5 2 10 165
1 5 7 165
2 4 7 165
8 2 6 165
1 3 5 165
4 2 3 165
4 6 6 166
4 3 7 166
1 3 2 166
1 5 9 167
7 2 7 167
2 2 4 167
6 2 2 167
1 2 12 168
6 2 12 168
2 2 11 168
4 3 8 168
6 2 6 168
3 2 5 168
1 2 2 168
2 2 2 168
2 2 15 169
2 5 10 169
3 3 8 169
1 2 10 169
5 2 9 169
3 3 8 169
1 2 7 169
2 4 6 169
5 4 4 170
1 7 17 171
2 2 17 171
1 2 11 171
1 6 13 171
1 2 7 171
6 2 6 171
5 2 13 172
4 2 10 172
4 2 5 172
1 2 5 171
3 2 6 170
4 2 6 171
3 3 5 172
2 4 12 173
1 2 12 173
1 5 9 173
7 2 8 173
2 2 5 173
2 3 6 173
4 5 3 173
5 2 3 173
3 2 2 174
2 2 19 175
5 2 18 175
1 10 16 175
2 2 15 175
3 6 12 175
5 2 11 175
3 4 7 175
2 4 3 175
1 2 2 175
6 2 1 174
4 2 2 173
4 2 9 176
2 2 3 176
3 2 1 176
2 2 11 177
2 5 14 178
5 3 13 178
1 7 4 178
4 2 5 177
1 6 8 178
3 2 6 178
6 2 6 178
4 3 8 179
5 2 7 179
3 2 10 180
5 2 9 180
4 2 6 180
2 3 5 180
6 3 5 180
3 3 8 181
3 2 9 181
5 2 9 181
2 3 8 181
1 4 8 181
1 6 3 181
4 2 4 180
3 3 12 182
5 2 10 182
4 2 3 182
1 2 2 181
2 2 5 182
1 9 10 183
5 2 12 183
6 3 6 183
7 2 5 182
3 2 2 183
4 2 3 182
2 2 1 182
7 2 1 181
7 2 2 180
3 2 2 183
5 2 8 184
4 2 7 184
3 2 11 184
5 2 3 184
1 2 1 184
4 2 15 185
4 2 12 185
5 2 9 185
3 2 10 185
4 2 7 185
2 4 4 185
1 2 5 185
2 3 5 184
1 2 5 184
1 2 3 185
2 3 1 185
4 2 1 184
7 3 3 184
2 3 6 185
4 2 5 185
4 7 17 186
1 3 14 186
3 3 11 186
2 5 10 186
1 3 8 186
6 6 5 186
2 3 2 186
1 3 6 187
1 2 18 188
3 4 15 188
2 6 13 188
1 3 11 188
4 3 4 188
3 2 2 188
2 2 3 187
3 2 7 188
4 8 6 189
7 3 6 189
1 3 9 189
2 2 6 189
6 2 6 188
1 3 1 189
7 2 1 188
4 2 2 187
3 2 2 187
1 2 1 186
6 2 1 185
1 2 1 184
5 3 7 188
1 2 3 188
1 3 4 188
2 2 1 188
3 2 3 187
3 2 4 188
3 3 11 189
3 2 1 189
1 2 3 188
6 2 4 189
2 3 3 189
1 4 4 189
3 2 11 190
3 2 4 190
4 3 17 191
2 2 14 191
4 2 13 191
2 2 11 191
4 2 10 191
1 2 9 191
2 2 18 192
1 5 15 192
5 2 9 192
1 2 5 192
1 2 6 191
3 3 5 191
5 2 5 190
2 3 4 191
5 6 4 192
1 3 3 192
1 2 3 193
4 3 3 193
1 2 9 193
3 2 7 193
5 2 5 193
1 2 5 193
2 2 14 194
2 2 9 194
5 2 7 194
5 3 13 195
1 2 16 195
3 8 14 195
2 6 13 195
5 2 11 195
1 2 5 195
4 3 4 195
1 2 7 195
7 2 6 195
4 2 6 194
1 2 5 195
3 2 5 196
2 2 5 196
1 2 10 197
2 2 6 197
1 2 13 198
4 4 4 198
1 2 2 197
4 2 4 196
1 2 3 196
2 2 2 196
6 2 4 195
3 4 2 198
4 2 1 197
4 2 3 196
1 4 15 199
2 2 14 199
8 2 13 199
3 2 10 199
2 10 8 199
4 2 8 199
5 2 7 199
1 3 6 200
1 2 8 200
2 2 7 200
4 2 2 200
5 2 2 199
5 5 4 200
4 2 8 201
2 5 1 201
1 3 1 200
3 4 3 201
6 2 3 201
2 2 6 201
3 2 2 201
1 3 3 201
7 5 1 201
3 3 5 202
3 3 2 202
1 6 14 203
3 2 13 203
1 3 8 203
1 4 12 204
5 3 10 204
6 2 10 204
2 2 9 204
5 3 2 204
2 2 4 204
4 2 4 203
2 2 9 205
6 3 2 205
3 3 3 205
1 2 2 205
3 4 14 206
6 2 8 206
4 2 1 206
2 4 16 207
1 3 16 207
1 3 13 207
1 3 8 207
3 2 10 207
7 2 10 207
6 2 8 207
2 2 7 207
8 2 1 207
2 2 2 206
5 2 8 208
2 5 1 208
2 4 6 208
2 4 3 209
3 4 3 209
4 2 7 208
1 8 2 208
1 2 15 210
2 3 15 210
1 2 9 210
4 4 1 210
1 2 5 209
3 2 5 210
2 2 9 211
7 2 7 211
4 2 5 211
3 4 2 211
1 2 3 210
5 2 3 210
4 2 4 209
3 2 3 210
2 3 10 212
1 3 10 212
4 2 9 212
2 2 7 212
3 2 13 213
3 2 9 213
1 4 8 213
1 2 3 213
5 2 2 212
1 4 19 214
1 9 17 214
6 2 17 214
3 2 13 214
3 2 7 214
2 2 4 214
3 4 16 215
2 2 15 215
5 3 11 215
4 2 12 215
2 2 8 215
1 7 9 214
1 2 2 215
1 2 3 214
3 2 3 215
4 2 1 215
2 8 14 217
1 3 10 217
2 7 4 217
2 2 6 216
4 4 4 216
3 2 4 216
5 2 5 217
5 2 1 217
1 11 3 218
5 2 16 219
4 2 14 219
5 2 12 219
1 2 9 219
2 3 2 219
3 2 5 219
4 2 4 219
4 3 1 219
3 2 2 218
5 2 1 218
2 3 11 219
2 2 11 219
1 4 10 219
3 3 5 219
1 2 3 219
6 2 9 220
7 2 6 220
3 3 2 220
2 3 3 219
5 2 2 219
4 2 2 220
6 3 9 221
4 2 8 221
3 4 6 221
1 2 3 221
2 4 17 222
3 6 15 222
4 2 15 222
3 2 11 222
2 2 2 222
1 2 7 221
4 2 12 223
3 4 2 223
1 2 5 222
1 2 3 222
3 2 4 221
2 3 2 223
2 2 6 223
5 2 6 223
4 2 2 223
7 2 10 224
2 2 9 224
3 2 6 224
4 3 6 224
5 5 3 224
3 3 16 225
1 8 15 225
2 3 14 225
5 3 10 225
5 2 11 225
7 2 10 225
5 2 7 225
1 2 6 225
4 2 1 225
2 4 9 226
4 4 9 226
1 3 8 226
2 2 5 226
3 2 3 226
3 5 11 227
6 2 10 227
1 2 5 227
2 3 4 227
1 4 9 228
5 2 7 228
4 3 8 228
6 2 5 228
5 2 2 228
2 5 11 229
3 2 8 229
3 6 5 229
1 2 4 229
2 2 11 230
5 2 8 230
3 2 7 230
6 4 6 230
5 3 3 230
2 2 3 229
6 2 11 231
1 3 8 231
2 3 17 232
1 3 15 232
2 2 14 232
3 2 8 232
2 2 1 232
3 2 14 233
5 4 13 233
4 2 13 233
1 2 11 233
2 3 7 233
1 3 3 233
4 2 7 232
4 4 1 232
6 2 5 231
3 2 11 234
3 2 9 234
4 4 6 234
2 2 6 234
5 2 2 234
1 5 13 235
3 5 11 235
1 4 10 235
2 6 4 235
1 4 4 234
7 2 7 236
4 3 2 236
4 2 9 237
1 2 9 237
2 5 9 237
4 2 9 237
7 2 7 237
2 2 5 237
1 5 4 237
5 2 2 237
1 3 12 238
2 3 11 238
5 3 9 238
3 5 6 238
1 2 2 238
4 2 15 238
2 4 13 238
4 4 9 238
6 2 8 238
2 3 5 238
1 2 7 238
4 2 3 238
1 2 12 239
5 2 11 239
2 2 2 239
3 2 1 238
1 3 1 239
3 4 16 240
2 3 9 240
1 3 10 240
6 2 9 240
4 3 6 241
6 3 17 242
1 2 15 242
5 3 5 242
4 2 8 241
3 2 4 241
1 4 3 241
4 2 7 240
3 2 7 240
1 2 7 241
7 2 7 241
1 2 6 241
6 3 3 241
2 5 3 241
3 2 17 243
3 3 13 243
2 3 11 243
2 2 11 243
1 4 9 243
6 3 7 243
1 4 10 244
6 2 11 244
3 4 1 244
5 2 6 243
3 3 7 244
1 2 11 245
2 11 10 245
4 2 7 245
1 5 5 245
5 2 7 244
5 2 13 246
6 2 7 246
1 3 2 246
3 4 7 245
3 2 4 245
7 2 4 244
3 2 4 243
2 5 4 245
5 3 3 246
3 2 4 247
1 4 13 248
2 3 12 248
4 3 12 248
2 2 13 248
1 3 3 248
1 2 6 248
7 2 2 248
5 2 11 249
2 2 3 249
6 2 6 248
7 2 4 248
6 3 3 248
2 2 3 247
1 2 3 248
3 6 4 249
1 2 13 250
3 3 9 250
3 2 12 250
5 2 6 250
1 6 6 250
4 2 4 249
2 3 4 250
5 2 2 250
1 3 8 251
1 2 9 251
1 3 2 251
2 3 7 251
3 2 12 252
5 3 10 252
7 2 9 252
3 2 15 253
4 2 13 253
2 5 13 253
3 6 8 253
4 3 3 253
5 3 8 254
1 4 7 254
5 2 5 253
3 4 7 254
3 2 16 255
2 2 15 255
3 2 14 255
2 3 10 255
1 3 8 255
5 2 8 255
2 2 5 255
4 3 14 256
3 2 8 256
2 4 11 256
5 2 8 256
1 6 7 256
1 3 3 256
4 5 2 256
1 2 4 255
4 2 3 256
2 2 10 257
3 4 4 257
5 2 11 258
3 2 7 258
1 2 12 258
2 3 10 258
3 3 11 259
5 2 9 259
5 2 4 259
4 2 5 258
2 2 5 259
1 3 5 258
7 2 6 257
2 5 3 259
6 4 14 260
3 2 10 260
1 2 9 260
4 2 9 260
3 4 16 261
2 2 14 261
1 5 11 261
4 3 10 261
2 4 9 261
6 3 8 261
5 2 5 261
4 2 5 260
6 2 5 260
1 2 4 261
3 2 3 261
4 2 2 261
2 2 10 262
5 2 13 263
1 2 19 264
5 2 18 264
3 3 10 264
4 2 8 264
2 3 5 264
2 6 7 264
3 2 7 264
4 3 15 265
5 3 9 265
4 4 7 265
3 4 10 265
4 2 3 265
4 3 14 266
2 3 11 266
1 6 10 266
2 2 3 266
3 2 1 266
2 2 7 267
5 2 5 267
1 11 3 267
4 2 15 268
8 2 2 268
3 2 6 268
4 2 4 268
3 3 1 268
2 4 4 268
1 2 4 268
5 3 3 267
2 4 1 268
6 2 1 268
2 4 6 269
1 9 14 270
4 4 4 270
4 2 6 270
1 2 6 269
7 3 7 270
3 3 4 270
6 2 5 269
1 3 9 271
2 6 7 271
1 3 3 271
5 2 13 272
3 2 5 272
1 3 4 272
2 2 6 272
4 3 6 272
5 2 2 273
1 5 9 274
2 2 13 273
1 8 13 274
4 2 6 274
4 2 3 274
1 2 7 274
2 2 2 274
5 4 6 274
5 2 1 274
5 2 13 275
2 4 11 275
2 3 9 275
4 2 7 275
2 3 5 275
6 4 3 275
3 2 3 274
6 2 3 273
1 2 2 275
1 4 8 275
4 2 4 275
1 3 15 276
2 4 12 276
6 2 9 276
1 2 5 276
5 3 6 276
4 2 8 276
3 2 7 276
4 3 6 276
2 3 5 277
6 3 4 276
5 2 4 276
4 5 3 277
1 3 2 277
3 2 6 278
5 2 6 278
3 3 1 278
2 2 3 277
7 2 3 277
1 2 15 279
2 3 13 279
2 2 6 279
1 2 3 279
3 2 8 278
5 2 8 279
4 2 15 280
2 2 14 280
1 2 9 280
4 4 7 280
3 3 15 281
6 3 12 281
1 3 14 281
2 2 13 281
5 2 12 281
4 2 8 281
1 2 8 281
2 2 6 281
1 4 10 282
2 3 7 282
8 2 7 282
3 2 1 282
2 2 6 281
5 2 5 281
3 2 14 283
7 2 13 283
6 2 11 283
3 2 8 283
5 3 4 283
1 7 4 283
2 6 1 283
6 2 11 284
3 4 10 284
1 5 7 284
5 2 5 284
4 2 4 283
6 3 3 284
6 2 12 284
5 2 7 284
2 4 10 284
4 6 9 284
1 2 4 284
2 3 3 284
3 2 2 285
2 2 3 284
1 2 2 284
7 2 2 284
7 2 5 284
6 2 13 285
2 2 12 285
1 7 10 285
1 3 5 285
1 4 16 286
3 2 15 286
2 6 7 286
2 3 1 286
5 2 4 285
3 2 4 285
2 2 9 286
1 2 5 286
4 3 5 286
1 6 9 287
3 2 7 287
7 2 5 287
6 3 3 287
2 2 13 288
4 2 13 288
6 3 5 288
3 2 9 288
5 2 7 288
5 3 4 288
3 2 2 288
1 3 1 288
5 2 9 289
2 2 2 289
6 2 2 288
3 3 5 289
6 2 5 289
1 2 2 289
4 3 1 288
1 11 12 289
1 11 12 289
5 2 2 289
3 2 12 291
3 4 5 291
1 2 1 291
8 2 7 290
3 2 7 290
6 3 15 292
2 2 13 292
6 2 10 292
5 5 8 292
4 3 7 291
5 2 10 293
1 3 7 293
5 2 7 292
2 2 4 293
1 2 3 293
3 2 18 294
6 2 12 294
1 3 11 294
1 2 14 294
2 4 13 294
3 6 7 294
1 4 4 294
1 2 10 295
5 4 8 295
7 2 7 295
4 3 4 295
2 5 8 296
1 8 9 296
6 2 8 296
2 6 5 296
3 2 15 297
6 2 8 297
2 3 7 297
1 3 10 297
5 2 4 297
3 2 2 297
3 3 6 297
2 2 6 297
1 2 5 297
5 2 2 298
4 2 14 299
3 4 11 299
2 3 10 299
3 2 6 299
4 3 6 299
3 5 15 300
5 2 13 300
2 6 12 300
6 2 10 300
1 2 9 300
1 3 5 300
3 3 4 300
1 2 3 300
4 2 2 300
4 2 6 301
6 3 5 301
1 3 7 301
2 5 6 301
5 3 3 301
6 2 1 300
3 5 7 302
4 2 4 302
1 3 11 303
1 2 6 303
2 2 5 303
2 3 13 304
3 5 9 304
1 8 8 304
1 2 9 303
2 2 3 304
3 2 7 304
2 3 7 303
6 4 2 304
4 2 2 304
1 5 11 305
3 2 7 305
2 2 2 305
2 3 4 305
3 2 9 306
2 2 10 306
1 4 8 306
4 3 5 306
5 3 5 306
2 2 4 306
4 2 4 306
5 3 2 306
2 2 4 307
1 5 2 307
3 2 1 307
4 2 1 306
2 2 1 306
2 3 14 307
5 2 13 307
2 3 10 307
4 3 8 307
3 2 5 307
2 9 4 307
6 2 2 307
4 2 14 308
1 2 12 308
1 2 7 308
1 2 13 309
6 2 12 309
3 3 8 309
5 2 10 308
5 2 5 309
6 3 4 309
3 6 12 310
4 3 12 310
4 5 5 310
2 5 3 309
6 2 5 309
1 2 5 308
3 2 5 308
2 2 5 310
2 3 11 311
6 2 10 311
1 7 9 311
7 2 6 311
3 2 5 311
1 2 11 312
6 2 8 312
5 6 5 312
7 2 2 311
1 4 1 312
5 3 13 313
2 4 11 313
3 2 7 313
3 2 9 313
7 3 5 313
3 3 4 313
1 2 2 313
3 6 11 314
2 3 8 314
1 11 8 314
1 3 10 315
2 3 10 315
4 3 9 315
4 2 3 315
2 2 3 314
5 2 3 314
1 3 2 314
6 2 2 313
3 3 3 316
2 3 3 316
5 2 9 316
1 2 2 316
5 2 2 316
4 2 5 316
3 2 14 317
1 4 13 317
5 2 11 317
2 2 5 317
3 2 3 317
1 2 5 317
3 3 12 318
2 2 8 318
3 2 7 318
5 2 9 318
7 2 3 318
1 6 1 318
1 3 13 319
4 2 12 319
6 2 8 319
5 2 5 319
2 3 1 319
2 4 9 320
3 4 10 320
2 2 9 320
3 3 14 321
6 2 11 321
1 7 8 321
1 4 4 321
3 2 6 320
4 2 5 320
5 2 11 322
6 2 9 322
8 2 6 322
1 2 6 321
3 2 4 322
2 2 3 322
1 7 15 323
6 2 7 323
4 2 5 323
2 2 10 324
2 3 11 324
7 2 11 324
5 2 9 324
2 3 8 323
3 2 7 324
6 2 13 325
4 4 14 325
3 2 9 325
3 3 12 325
3 2 2 325
4 2 1 325
3 2 3 324
1 3 6 325
5 2 6 325
7 2 5 325
1 2 9 326
3 2 17 327
1 3 17 327
3 2 11 327
4 2 10 327
6 2 8 327
3 3 8 326
6 2 7 326
2 3 9 327
7 2 8 328
5 2 7 328
4 3 4 328
1 3 2 328
5 2 2 328
2 3 6 327
5 2 13 329
3 2 13 329
3 2 10 329
1 2 10 329
3 4 8 329
2 3 3 329
2 3 13 330
3 2 12 330
5 3 8 330
7 2 7 330
3 2 3 330
5 2 14 331
3 2 14 331
1 3 6 331
2 6 7 331
7 2 7 330
4 2 6 331
5 2 5 331
6 2 5 331
1 6 8 332
6 2 6 332
3 3 6 332
1 3 2 332
4 3 2 331
2 2 2 331
8 2 2 332
2 2 6 332
1 2 6 332
4 3 17 333
6 2 15 333
2 6 14 333
5 2 8 333
1 4 9 333
3 3 8 333
1 2 14 334
2 2 12 334
7 2 10 334
5 2 7 334
3 4 6 333
2 2 6 332
3 2 2 334
1 6 1 333
2 4 12 335
1 2 14 335
3 4 12 335
1 2 9 335
5 2 8 335
4 2 7 335
4 3 3 335
2 2 3 335
5 2 2 335
6 2 11 335
3 6 6 335
1 3 3 335
7 2 13 336
3 2 11 336
5 2 10 336
4 2 9 336
5 3 8 336
2 2 7 336
3 3 5 336
6 2 5 336
5 2 3 336
4 4 8 337
1 5 6 337
6 2 3 337
2 2 1 337
3 4 14 338
1 11 15 338
1 2 13 338
4 2 3 338
2 3 7 338
7 2 8 338
2 3 12 339
4 2 4 339
1 2 7 338
3 2 6 338
6 2 5 338
3 2 4 339
1 6 2 339
4 2 9 340
7 2 3 340
3 2 2 340
5 2 2 339
2 4 1 339
3 2 1 338
2 2 7 340
2 2 5 340
1 3 3 340
5 2 8 340
4 2 4 340
3 2 1 340
2 3 14 341
4 5 7 341
3 2 7 341
2 2 6 341
2 2 7 340
1 5 6 341
6 3 3 340
4 2 1 341
7 2 8 342
2 2 15 343
1 3 14 343
2 2 14 343
4 3 14 343
2 2 11 343
3 3 11 343
1 2 1 343
4 2 4 342
4 5 7 343
1 4 12 344
5 4 8 344
1 3 5 344
4 2 3 344
3 2 1 344
6 2 1 343
1 2 5 342
4 4 9 345
1 2 13 345
1 2 10 345
6 3 9 345
1 5 4 345
6 2 9 346
3 3 4 346
2 4 2 346
5 3 2 345
3 3 1 346
8 2 1 345
2 7 16 346
6 2 11 346
3 2 5 346
1 3 3 346
4 2 13 347
2 4 7 347
1 2 10 347
7 3 1 347
2 2 3 346
4 2 2 346
3 2 15 348
1 2 12 348
4 2 11 348
2 2 7 348
3 2 7 347
5 2 6 348
2 2 1 348
1 4 15 349
3 3 7 349
4 2 5 349
2 6 7 349
3 2 6 349
1 4 6 349
7 3 9 350
2 2 9 350
1 3 8 350
3 2 7 350
5 2 5 350
2 4 5 349
4 2 4 351
5 2 3 351
4 4 17 352
5 2 12 352
2 2 11 352
1 5 11 352
4 2 2 352
5 3 8 352
4 4 9 353
6 2 8 353
2 5 7 353
1 2 7 353
2 2 12 354
1 2 10 354
5 2 7 354
2 3 16 355
1 3 15 355
5 3 12 355
1 3 11 355
3 2 11 355
2 5 7 355
1 7 6 355
5 2 4 355
7 2 5 354
3 3 5 353
4 2 4 354
4 2 6 356
4 2 17 357
2 2 15 357
1 2 14 357
4 2 13 357
1 2 2 357
2 2 15 358
2 5 12 358
6 2 11 358
6 2 5 358
7 2 7 357
4 2 7 358
8 2 13 359
3 2 13 359
1 4 11 359
3 2 12 359
1 3 9 359
3 5 7 359
4 2 5 359
2 4 3 359
1 2 8 360
5 2 4 360
5 2 5 360
3 3 16 361
1 2 14 361
3 2 12 361
2 2 9 361
2 6 4 361
6 2 4 360
7 2 4 360
1 2 3 361
1 2 4 360
4 3 4 361
2 3 16 362
2 3 13 362
6 3 11 362
3 4 10 362
5 2 9 362
5 2 7 362
3 2 6 362
1 8 1 362
5 3 9 363
4 4 9 363
1 6 5 363
6 3 2 363
2 2 2 363
6 2 9 364
6 2 6 364
7 2 2 364
5 2 15 365
1 3 14 365
2 4 13 365
1 2 11 365
6 2 11 365
1 2 9 365
2 3 7 365
4 2 5 365
8 2 7 366
7 2 7 366
5 2 6 366
1 3 14 367
4 2 14 367
2 2 14 367
5 2 7 367
3 2 2 367
1 2 4 366
3 2 8 367
6 2 8 367
2 2 3 367
6 2 3 366
5 2 3 367
1 2 10 368
1 4 7 368
1 2 5 368
4 2 5 368
5 3 9 368
2 9 4 368
3 2 3 368
6 2 15 370
2 2 12 370
3 2 9 370
1 3 2 370
6 2 5 369
7 2 3 369
3 2 6 368
5 2 3 368
2 2 3 369
4 2 2 368
1 2 3 367
3 2 2 367
4 2 1 370
1 2 5 369
1 2 2 369
3 2 1 369
1 2 14 371
3 2 14 371
4 3 10 371
6 2 8 371
2 5 1 371
1 2 8 372
3 2 7 372
2 2 11 373
2 2 8 373
3 2 9 372
4 2 9 373
3 3 4 373
1 10 6 373
5 2 6 372
5 2 7 371
2 2 7 371
2 2 15 374
1 4 13 374
3 3 13 374
1 3 9 374
4 2 10 374
7 2 9 374
6 2 7 374
2 5 5 374
2 2 11 375
4 2 4 375
7 2 3 375
8 2 3 374
6 2 3 375
5 4 3 374
4 2 9 376
4 3 4 376
5 2 4 375
2 2 16 377
3 3 11 377
4 4 11 377
3 6 8 377
2 2 6 377
7 2 5 377
1 5 4 377
2 2 3 377
6 2 4 378
1 9 17 379
2 2 16 379
2 3 13 379
1 2 9 379
2 2 9 379
5 3 2 379
5 3 5 379
7 2 5 379
6 2 6 379
7 2 2 379
3 2 7 380
5 5 6 380
4 2 3 380
4 2 11 381
7 2 7 381
1 2 11 381
1 2 8 381
3 2 7 381
2 3 4 381
1 2 2 380
5 2 1 381
3 2 3 380
4 2 13 382
1 2 12 382
2 3 10 382
6 2 1 382
4 2 2 381
6 2 5 382
3 7 11 383
5 2 2 383
2 6 3 383
4 2 3 382
4 3 8 383
6 2 6 383
3 2 1 383
3 2 14 384
2 2 9 384
1 2 5 384
4 3 5 385
2 2 4 385
4 2 6 384
1 4 5 384
3 2 5 384
6 2 4 385
5 2 13 386
2 3 10 386
3 2 9 386
3 2 6 386
6 2 6 385
1 2 6 385
3 5 3 386
7 2 3 385
1 3 14 387
5 2 12 387
5 2 9 387
4 2 7 387
1 5 6 387
4 2 13 388
2 4 12 388
1 2 8 388
1 3 9 388
2 4 5 388
3 2 4 388
1 6 2 388
4 2 1 388
1 2 10 389
3 4 9 389
3 3 5 389
4 4 13 390
2 2 10 390
1 2 4 390
4 2 4 390
2 2 16 391
1 3 14 391
1 2 12 391
3 5 11 391
1 2 9 391
2 6 8 391
7 2 4 391
3 2 10 392
6 2 7 392
7 2 15 393
3 6 11 393
2 2 10 393
7 2 9 392
4 2 9 392
1 3 10 393
5 2 10 393
1 2 8 393
2 2 6 393
3 2 5 393
3 2 2 393
7 2 2 392
1 2 2 392
4 2 1 391
4 2 9 394
4 3 6 394
4 2 9 394
3 4 9 394
2 2 8 394
7 2 8 394
4 2 2 394
1 2 6 395
1 2 7 395
4 2 7 395
8 2 5 395
3 2 4 395
4 4 16 396
2 2 9 396
4 2 12 396
7 2 16 397
1 2 12 397
2 3 13 397
4 6 5 397
4 4 6 396
3 3 9 397
1 2 3 397
3 2 10 398
2 3 4 398
5 2 5 397
3 5 4 397
6 2 4 397
4 2 3 397
1 4 3 398
6 2 13 399
3 2 10 399
1 4 6 399
3 3 14 400
2 4 6 400
6 2 6 399
2 4 12 400
6 3 9 400
1 2 9 400
1 7 2 400
1 2 9 401
3 4 2 401
1 2 5 400
5 2 5 400
2 2 5 401
1 4 11 402
5 2 9 402
1 3 7 402
3 2 5 402
3 2 14 403
3 3 11 403
1 4 11 403
3 2 6 403
2 2 4 403
2 2 2 403
1 5 2 402
7 2 3 401
5 2 2 402
3 5 9 403
2 2 8 402
5 5 7 403
1 3 17 404
2 4 16 404
3 2 13 404
4 2 8 404
5 3 10 404
6 2 3 404
1 2 3 403
4 5 2 403
2 2 4 404
6 2 3 404
7 3 9 405
2 3 7 405
7 2 1 405
1 15 14 406
7 3 12 406
1 2 11 406
5 2 11 406
3 2 5 406
1 2 2 406
3 2 1 405
2 2 2 404
5 2 1 404
7 2 6 406
2 2 3 406
5 2 12 407
6 3 8 407
4 3 3 407
3 3 5 407
4 4 5 407
1 5 4 407
2 5 6 408
5 3 3 408
6 3 9 408
2 2 2 408
1 5 1 408
3 4 2 407
4 3 1 407
1 3 5 408
2 2 13 409
5 2 12 409
1 2 8 409
5 3 14 410
3 2 14 410
7 2 12 410
1 2 6 410
1 3 7 410
6 2 5 410
3 2 4 410
1 3 3 410
2 4 2 409
5 3 1 409
3 2 3 410
2 9 15 411
3 4 10 411
5 2 7 411
3 2 12 411
3 5 6 411
1 2 5 411
2 2 3 411
2 2 5 410
1 2 7 411
1 3 5 411
2 2 8 412
6 2 7 412
2 2 5 412
3 4 12 413
5 2 12 413
5 3 5 413
1 3 3 413
1 5 6 413
3 3 3 413
4 3 3 413
7 2 11 414
1 3 7 414
4 2 14 415
5 2 12 415
1 3 10 415
2 2 3 415
5 2 7 414
1 2 15 416
2 2 14 416
6 2 9 416
1 2 8 416
3 2 5 416
2 3 4 416
5 3 4 415
2 2 6 414
5 2 6 416
1 5 3 416
5 3 6 417
2 3 5 417
5 3 7 417
1 3 14 418
5 3 12 418
4 2 11 418
2 4 7 418
6 2 4 418
7 2 8 417
2 2 8 418
3 2 3 418
3 2 4 417
4 2 4 417
1 2 10 419
4 3 3 419
1 5 3 418
7 2 2 418
5 3 2 419
4 2 3 419
8 2 2 419
2 2 11 420
4 4 9 420
3 2 8 420
1 2 5 420
5 3 4 420
2 2 4 420
1 2 11 421
6 2 10 421
1 5 9 421
4 3 7 421
1 3 6 421
3 8 3 421
3 3 5 422
6 3 2 422
2 2 4 421
1 2 4 422
1 2 17 423
3 2 15 423
3 3 10 423
1 2 10 423
1 2 8 423
2 2 7 423
4 2 3 423
4 2 16 424
5 2 14 424
3 2 6 424
2 4 4 424
1 2 1 424
7 2 2 423
4 2 2 424
3 2 12 425
5 3 14 425
2 2 14 425
1 3 10 425
2 2 10 425
2 2 5 425
5 3 4 425
6 2 6 425
3 3 1 425
3 7 4 425
4 2 8 426
5 2 7 426
1 2 3 426
4 3 2 426
1 9 4 426
5 5 10 427
1 3 8 427
2 5 4 427
4 2 3 427
2 5 5 428
1 4 13 429
4 2 12 429
2 3 10 429
4 2 5 429
1 2 4 428
6 2 5 429
2 2 7 428
8 2 5 428
3 2 5 428
6 2 6 429
2 2 4 429
3 6 3 429
1 2 1 429
4 2 4 428
4 3 1 428
5 2 3 427
3 4 5 429
2 4 10 430
1 2 6 430
5 3 9 430
1 3 11 430
4 3 10 430
6 2 5 430
5 2 3 430
5 2 1 430
5 2 18 432
1 3 15 432
5 2 4 432
6 2 6 431
1 2 6 430
6 2 11 432
4 2 10 432
2 2 10 432
4 5 2 432
1 2 4 431
3 2 4 430
1 3 2 431
2 2 2 432
5 2 5 433
1 6 17 434
3 3 7 434
6 2 11 433
3 2 11 433
1 2 6 434
2 2 9 433
2 2 10 434
1 3 9 434
5 3 9 433
2 2 6 434
6 3 6 434
6 2 4 434
3 2 4 433
2 2 2 434
4 2 1 434
4 2 7 433
3 3 5 433
2 3 6 434
1 4 5 434
4 2 4 434
3 3 2 434
5 4 10 435
6 2 8 435
2 6 14 436
3 2 4 436
1 2 7 435
5 2 3 436
3 2 7 435
4 2 6 435
2 2 5 435
4 2 4 435
3 2 12 437
1 3 11 437
4 3 11 437
3 2 5 437
2 3 10 438
3 2 11 438
5 2 10 438
4 2 9 438
2 3 9 438
7 2 7 438
5 2 5 438
1 3 9 439
5 3 8 439
3 2 7 439
1 2 5 439
4 2 6 438
2 2 6 438
1 2 17 440
1 2 15 440
2 3 13 440
1 4 9 440
4 2 8 440
4 2 5 440
2 7 4 439
1 2 3 440
2 2 13 441
6 2 7 441
7 2 7 441
3 2 8 441
3 4 5 441
5 4 5 441
1 2 14 442
4 2 11 442
2 3 10 442
1 2 10 442
4 2 7 442
5 2 6 441
2 2 6 442
1 3 4 442
6 2 11 443
5 2 11 443
4 2 10 443
1 3 8 443
3 2 6 443
4 5 4 443
3 3 1 442
7 2 6 441
3 2 9 442
5 2 17 443
2 2 17 443
1 2 14 443
2 7 13 443
1 8 8 443
1 3 10 442
2 2 10 442
3 3 8 443
4 2 8 443
6 3 7 443
1 3 4 443
5 2 8 444
7 2 7 444
4 2 6 444
3 2 19 446
1 2 16 446
2 2 8 446
3 2 13 445
6 2 9 445
6 3 12 446
3 3 10 446
5 2 10 446
2 3 2 446
1 2 4 445
3 3 3 445
3 6 11 447
1 3 9 447
4 5 8 447
2 2 6 447
5 2 5 447
1 4 4 447
6 2 2 447
2 2 11 448
4 2 9 448
3 6 5 448
1 3 4 448
4 2 3 448
2 2 3 448
5 2 2 448
7 2 1 447
3 3 1 447
4 2 2 446
8 2 2 446
1 2 9 447
5 3 6 447
5 2 2 447
6 2 4 447
2 5 3 447
1 3 11 448
1 2 6 448
2 2 5 448
5 2 4 448
3 3 13 449
2 3 12 449
2 3 8 449
6 2 5 449
4 3 4 448
2 4 17 450
1 3 10 450
1 2 3 450
1 4 17 451
2 2 13 451
6 3 11 451
2 2 5 451
4 3 6 451
3 3 13 452
2 3 9 452
5 3 8 452
7 2 6 452
1 2 5 451
4 2 5 452
5 4 4 451
3 3 3 452
2 2 12 453
7 2 11 453
6 2 2 453
1 3 1 453
4 2 4 453
6 2 3 453
3 2 14 454
5 3 13 454
5 2 8 454
3 3 16 455
2 2 14 455
2 2 6 455
8 2 6 454
1 2 10 455
5 2 6 455
3 2 7 454
2 2 6 454
3 2 2 455
1 2 15 456
1 3 12 456
1 2 15 456
3 2 14 456
2 4 12 456
2 2 8 456
3 5 5 456
4 2 9 456
1 2 7 456
7 2 7 456
5 3 2 456
1 2 3 455
5 2 7 457
1 4 6 457
6 2 5 457
2 2 4 457
5 2 4 458
1 3 2 458
2 3 10 458
5 2 9 458
4 2 9 458
6 3 2 458
6 2 3 457
2 3 5 458
3 4 8 459
4 2 3 459
1 4 5 459
5 3 2 459
2 4 2 459
3 2 13 460
1 3 5 460
6 3 3 460
6 2 8 460
3 3 2 460
4 2 13 461
1 2 6 461
2 2 3 461
3 2 3 460
7 2 3 460
4 3 3 461
6 2 1 460
1 3 19 462
4 2 17 462
1 6 14 462
2 5 7 462
5 2 8 462
1 3 3 462
3 3 2 462
5 4 13 463
2 3 1 463
3 3 15 464
4 2 3 464
3 4 7 463
4 2 7 463
2 2 11 464
1 2 7 464
1 4 3 464
1 2 4 463
7 2 4 463
6 2 4 464
3 2 1 464
3 2 10 465
4 3 6 465
4 2 2 465
