198020
1867
1 3 0 0
4 3 0 1
1 13 0 4
4 3 0 7
1 10 0 10
4 6 0 15
4 2 0 20
2 2 0 21
4 3 0 22
2 4 0 24
5 6 0 26
4 3 0 29
4 2 0 31
2 7 0 33
5 25 0 35
3 2 0 37
4 5 0 39
3 15 0 41
5 8 0 45
3 4 0 50
6 2 0 53
5 3 0 55
4 12 0 57
4 21 0 60
6 4 0 71
5 4 0 75
7 4 0 77
6 3 0 78
7 4 0 82
7 2 0 86
4 8 0 88
6 2 0 89
7 7 0 90
5 4 0 93
4 6 0 94
5 6 0 98
4 4 1 6
2 3 1 16
2 3 1 27
3 9 1 46
4 4 1 52
1 2 1 58
5 2 1 59
6 7 1 70
3 2 1 73
5 3 1 80
4 3 1 82
6 3 1 84
5 2 1 85
6 2 1 94
6 4 1 96
2 3 2 1
4 4 2 3
2 8 2 8
8 3 2 10
3 3 2 12
4 7 2 14
1 2 2 18
3 7 2 19
2 9 2 20
1 2 2 22
4 9 2 23
3 2 2 28
4 2 2 36
2 2 2 37
5 2 2 42
3 4 2 43
6 2 2 51
3 2 2 53
5 2 2 62
3 4 2 64
3 5 2 68
5 5 2 72
6 2 2 75
4 2 2 78
4 3 2 91
7 2 2 96
1 8 3 10
1 7 3 15
2 3 3 29
5 7 3 45
4 2 3 48
2 2 2 49
5 5 3 50
3 2 3 55
5 2 3 57
3 9 3 58
4 8 3 66
4 5 3 75
6 26 3 78
6 4 3 89
2 4 4 0
3 6 4 3
3 9 4 5
2 3 4 23
3 3 4 25
5 4 4 29
4 12 4 38
4 13 4 51
6 21 4 53
6 2 4 61
5 3 4 63
6 2 4 64
6 2 4 67
5 2 4 69
5 3 4 71
4 2 4 72
7 3 4 86
5 7 4 88
6 11 4 95
7 5 4 98
4 3 4 98
3 2 5 0
2 23 5 9
2 4 5 11
2 19 5 13
1 2 5 21
3 16 5 22
2 23 5 26
2 7 5 36
2 2 5 46
5 2 5 59
7 2 5 60
3 14 5 66
3 4 5 73
7 3 5 74
7 10 5 78
7 3 5 80
5 2 5 82
4 22 5 85
7 2 6 37
2 4 6 43
8 2 6 46
3 11 6 53
6 2 6 59
6 12 6 62
5 3 6 68
4 10 6 68
6 3 6 73
6 9 6 86
5 9 6 96
3 2 6 96
1 2 7 1
4 2 7 28
5 2 7 31
3 6 7 36
5 29 7 38
8 2 7 42
3 4 7 45
4 3 7 44
2 2 7 48
5 2 7 60
3 8 7 70
7 2 7 74
4 2 7 79
5 4 7 90
4 2 7 93
5 23 7 94
3 2 8 0
2 5 8 3
4 6 8 4
1 4 8 22
3 7 8 28
3 3 8 43
2 2 8 44
3 11 8 48
6 2 8 52
5 2 8 58
3 19 8 59
5 4 8 66
4 7 8 72
7 12 8 83
5 4 8 86
7 2 8 95
6 4 8 96
7 2 8 99
3 2 9 18
6 2 7 17
1 2 9 17
4 26 9 16
5 2 9 22
4 5 9 23
4 16 9 46
5 13 9 50
6 3 9 71
4 20 9 77
7 4 9 88
3 2 10 6
3 2 10 25
4 3 10 26
5 12 10 27
4 4 10 30
7 2 10 44
2 3 10 47
6 2 10 50
6 4 10 68
3 2 10 90
1 2 10 96
6 2 10 99
3 4 11 5
1 4 11 6
7 2 11 20
1 2 11 20
4 2 11 21
2 5 11 23
4 14 11 36
5 13 11 43
3 2 11 51
4 10 11 56
4 2 11 62
7 2 11 65
3 19 11 66
5 7 11 72
1 2 11 74
2 4 11 75
5 2 11 79
6 4 11 84
5 4 11 87
7 3 11 90
6 2 11 92
6 6 11 95
4 11 12 0
4 6 12 6
3 8 12 11
1 3 12 17
2 6 12 19
1 2 12 22
3 13 12 29
2 11 12 31
5 2 12 40
2 6 12 42
4 12 12 47
5 9 12 61
6 3 12 79
6 3 12 82
4 2 12 84
5 5 12 85
4 4 12 87
8 2 12 91
7 4 12 98
1 6 13 2
7 2 12 1
3 2 13 1
3 5 13 14
3 2 13 22
7 2 13 33
2 3 13 35
3 2 13 55
5 3 13 57
4 7 13 65
4 4 13 70
3 4 13 73
7 7 13 75
7 10 13 80
7 7 13 83
4 3 13 89
4 2 13 92
7 2 13 95
5 5 13 96
7 2 14 0
3 3 14 7
1 3 14 9
4 12 14 17
3 3 14 21
1 4 14 22
4 4 14 34
3 10 14 41
2 33 14 47
6 2 14 50
3 10 14 52
4 2 14 55
6 4 14 66
5 9 14 81
6 3 14 88
1 2 14 89
6 4 14 98
3 5 15 1
4 2 15 1
2 2 15 4
1 2 15 6
4 4 15 11
2 3 15 13
4 4 15 23
3 9 15 24
2 9 15 39
5 2 15 55
6 4 15 56
3 2 15 58
6 2 15 59
5 3 15 70
6 6 15 72
4 3 15 77
6 3 15 86
7 3 15 94
4 3 15 96
2 4 16 0
7 2 16 4
4 15 16 6
1 5 16 12
2 2 16 15
1 6 16 20
4 9 16 27
3 11 16 32
1 2 16 52
6 2 16 53
6 3 16 61
2 2 16 63
7 2 16 81
7 3 16 87
6 2 16 90
5 3 16 92
5 3 16 95
7 6 16 97
5 14 16 99
1 3 17 2
3 6 17 5
2 4 17 10
3 6 17 18
2 7 17 28
3 2 17 35
5 16 17 40
4 3 17 53
1 2 17 55
7 2 17 55
4 9 17 57
3 2 17 64
4 2 17 66
6 5 17 67
4 2 17 70
5 2 17 71
5 3 17 76
6 3 17 80
4 3 17 82
7 3 17 86
5 2 17 87
4 11 17 88
4 2 18 3
3 3 18 11
5 2 18 12
2 8 18 14
1 8 18 15
5 2 18 17
2 2 18 22
7 2 18 29
4 15 18 30
4 6 18 35
5 2 18 48
5 2 18 50
6 4 18 52
5 2 18 58
3 14 18 59
5 13 18 63
4 5 18 64
4 2 18 67
3 3 18 72
7 2 18 72
6 10 18 74
3 2 18 80
7 17 18 82
5 3 18 90
4 2 18 93
4 4 19 0
1 4 19 3
3 2 19 9
2 2 19 17
2 5 19 19
1 5 19 23
2 3 19 24
3 2 19 26
5 6 19 36
4 5 19 44
3 3 19 66
5 3 19 67
4 8 19 69
3 3 19 74
7 2 19 79
5 2 19 81
4 2 19 82
7 2 19 90
3 2 19 91
5 2 19 93
4 2 17 94
1 2 17 94
6 8 19 95
2 2 20 6
1 12 20 9
1 5 20 18
5 3 20 29
4 2 20 47
5 7 20 49
5 4 20 51
3 7 20 55
6 7 20 65
6 13 20 73
5 4 20 76
6 7 20 80
6 5 20 90
4 2 19 91
6 2 20 91
4 2 20 93
2 3 21 0
2 3 21 8
3 11 21 12
3 5 21 16
3 5 21 21
3 5 21 24
2 4 21 27
4 5 21 38
3 6 21 44
4 4 21 49
6 4 21 56
7 2 21 75
3 2 21 76
5 3 21 82
7 6 21 89
5 8 21 92
6 5 21 98
4 4 22 0
1 4 22 3
4 2 22 4
8 2 22 4
1 8 22 5
3 3 22 8
1 7 22 24
8 2 22 27
3 2 22 31
5 6 22 33
3 2 22 35
2 12 22 37
3 3 22 40
1 2 22 39
3 2 22 38
4 4 22 43
3 4 22 49
6 2 22 59
4 4 22 65
4 12 22 74
7 2 22 77
4 5 22 78
4 8 22 82
6 6 22 86
4 10 22 93
4 2 23 3
4 4 23 15
2 6 23 17
2 2 23 26
3 3 23 28
2 6 23 39
5 2 23 45
4 3 23 47
6 5 23 50
5 5 23 53
4 5 23 56
5 2 23 58
6 2 23 63
1 3 23 64
3 2 23 67
7 3 23 80
3 2 24 0
6 3 24 0
5 9 24 1
8 7 24 12
4 2 24 20
4 3 24 27
6 3 24 29
6 4 24 43
1 3 24 45
8 18 24 51
1 3 24 53
8 2 24 54
3 4 24 58
7 3 24 63
6 4 24 65
7 14 24 68
2 2 24 79
5 2 24 85
3 5 24 89
8 4 24 91
2 3 24 94
3 2 25 3
7 3 25 5
6 22 25 10
7 9 25 15
2 2 25 23
6 4 25 24
6 2 25 32
8 5 25 35
7 2 25 36
1 2 25 37
6 8 25 38
1 6 25 39
8 3 25 44
1 4 25 56
2 9 25 61
1 2 25 73
1 21 25 75
3 3 25 80
8 3 25 81
2 16 25 84
8 2 25 95
3 14 25 95
8 8 26 4
7 5 26 7
5 3 26 18
5 2 25 18
8 4 26 19
5 9 26 21
7 9 26 24
8 2 26 27
1 7 26 29
7 4 26 31
8 6 26 40
4 2 26 53
2 2 26 55
2 5 26 58
7 3 26 60
8 22 26 67
8 3 26 73
3 2 26 85
2 5 26 87
8 6 26 89
2 3 26 90
2 3 26 92
5 3 27 16
6 2 27 14
6 6 27 18
6 5 27 30
6 2 27 33
6 6 27 42
1 3 27 44
7 4 27 50
8 2 27 54
7 3 27 55
8 5 27 59
1 2 27 61
8 2 27 95
2 4 27 97
6 2 28 4
5 2 28 4
5 3 28 7
8 2 28 13
4 2 28 15
6 2 28 25
1 3 28 26
7 5 28 32
7 2 28 38
6 3 28 45
1 18 28 49
1 4 28 64
1 10 28 71
8 5 28 80
6 2 28 84
3 4 28 86
8 4 28 91
6 3 28 90
2 6 28 94
8 5 28 97
7 7 29 0
5 8 29 6
6 3 29 8
8 2 29 8
7 2 29 9
6 3 29 14
6 2 29 27
7 5 29 36
1 6 29 38
7 16 29 43
1 7 29 59
5 2 29 63
7 11 29 65
6 2 29 61
8 3 29 61
8 2 29 73
5 2 28 74
2 3 28 75
2 14 29 73
8 14 29 76
8 4 29 83
3 2 29 83
3 21 29 90
1 13 29 95
6 7 30 2
5 3 30 13
8 7 30 15
8 17 30 22
8 3 30 25
1 9 30 29
6 29 30 34
8 3 30 41
2 10 30 51
2 4 30 56
2 2 30 66
1 9 30 69
2 3 30 85
6 2 30 99
4 2 31 1
3 2 31 9
5 16 31 9
7 6 31 26
6 46 31 45
8 3 31 55
8 23 31 59
2 3 31 79
3 6 31 81
1 3 31 86
3 10 31 97
6 12 32 1
8 7 32 3
6 2 32 7
8 8 32 8
1 4 32 28
8 13 32 52
8 8 32 63
8 2 32 84
2 3 32 86
1 4 32 98
4 2 33 6
4 2 33 11
7 5 33 14
7 8 33 17
6 14 33 21
7 2 33 29
8 3 33 34
1 7 33 53
8 5 33 67
7 8 33 69
1 14 33 74
3 15 33 80
8 3 33 81
2 2 33 83
8 3 33 87
1 6 33 92
8 3 33 94
2 8 33 98
7 8 34 7
8 2 34 12
1 2 34 20
8 2 34 23
7 2 34 28
8 3 34 28
1 2 34 41
7 2 34 41
1 3 34 46
8 4 34 54
2 5 34 56
2 2 34 63
7 4 34 71
1 13 34 83
4 2 34 88
8 7 35 1
7 12 35 11
3 2 35 16
5 14 35 20
7 5 35 24
8 8 35 27
1 7 35 29
7 3 35 34
1 2 35 33
3 2 35 35
1 14 35 43
7 3 35 58
1 13 35 62
1 2 35 85
2 12 35 85
1 2 35 84
7 2 35 91
2 30 35 93
5 2 36 7
6 4 36 12
8 4 36 14
5 2 36 18
5 4 36 23
3 2 36 24
7 2 36 30
6 3 36 31
4 2 36 31
8 30 36 33
1 5 36 46
1 2 36 51
7 15 36 53
7 2 36 66
2 7 36 70
8 2 36 69
8 3 36 72
1 3 36 98
3 2 36 98
5 4 37 4
8 3 37 6
3 2 37 14
8 13 37 43
6 3 37 49
7 2 37 51
8 3 37 52
2 3 37 59
3 3 37 63
2 11 37 64
7 13 37 74
3 5 37 84
8 3 37 91
7 4 38 0
7 3 38 3
6 10 38 4
8 2 38 11
7 19 38 13
6 2 38 22
1 2 38 25
8 2 37 24
3 2 38 27
7 12 38 39
7 6 38 48
8 2 38 61
8 5 38 76
5 2 38 75
8 11 38 95
4 2 39 2
5 3 39 10
1 2 39 13
5 2 39 14
8 3 39 16
8 14 39 19
5 4 39 22
5 2 39 24
4 2 39 25
7 3 39 28
7 2 39 34
8 4 39 43
6 2 39 45
1 7 39 52
8 2 39 54
1 3 39 55
4 2 39 57
1 3 39 57
2 5 39 59
1 3 39 61
8 11 39 64
7 4 39 65
5 2 39 71
8 3 39 75
7 2 39 79
2 3 39 80
8 10 39 81
3 4 39 89
5 5 40 0
6 9 40 2
8 3 40 8
7 7 40 23
8 2 40 21
6 3 40 25
6 2 40 30
1 14 40 31
8 3 40 41
6 11 40 48
2 5 40 52
2 3 40 56
1 3 40 69
2 2 40 78
7 3 40 84
1 8 40 87
8 4 40 91
1 3 40 94
3 10 40 95
5 2 41 4
7 2 41 6
7 8 41 11
6 7 41 16
6 2 41 19
5 15 41 21
8 3 41 25
7 5 41 25
1 2 41 36
1 4 41 54
2 4 41 60
3 2 41 59
2 28 41 65
2 2 41 71
1 2 41 72
4 2 41 73
3 6 41 76
1 2 41 81
2 10 41 83
4 4 41 92
3 6 41 93
8 3 42 5
5 2 42 9
5 9 42 13
7 2 42 42
7 3 42 51
8 10 42 57
7 8 42 59
8 2 42 69
6 2 42 71
2 8 42 73
4 2 42 78
3 24 42 81
8 4 43 3
7 7 43 7
2 2 43 9
8 5 43 26
2 2 42 28
6 17 43 29
6 2 43 34
1 14 43 37
8 5 43 40
6 2 43 42
1 3 43 43
7 2 43 44
8 12 43 49
2 4 43 77
1 21 43 80
8 2 43 95
8 8 43 98
8 4 44 0
7 3 44 2
6 13 44 8
7 9 44 14
3 2 44 19
7 2 44 20
7 12 44 30
6 2 44 39
8 3 44 44
2 2 43 45
8 2 44 47
2 3 44 56
7 2 44 68
8 2 44 73
8 6 44 76
2 2 44 90
8 12 44 92
2 11 44 95
5 11 45 7
5 3 45 17
7 3 45 18
8 2 45 21
6 2 45 24
2 2 45 30
7 9 45 38
6 4 45 41
7 5 45 45
7 3 45 48
7 2 45 52
2 3 45 53
1 2 45 52
8 3 45 56
1 8 45 58
2 2 45 62
2 2 45 69
3 2 43 70
7 10 45 71
6 2 45 76
8 4 45 85
4 2 45 87
8 3 45 87
5 4 46 0
5 11 46 2
8 3 46 19
7 3 46 21
8 4 46 28
4 2 46 41
3 2 46 42
6 11 46 45
2 5 46 52
7 10 46 57
8 14 46 62
7 4 46 68
8 2 46 81
3 4 46 97
7 4 47 4
8 2 47 7
8 2 47 13
5 2 47 20
6 5 47 20
7 4 47 24
7 4 47 30
6 6 47 32
8 7 47 34
1 2 47 43
1 2 47 46
3 2 47 49
1 13 47 51
2 2 47 61
1 4 47 70
1 3 47 75
3 4 47 79
7 2 47 81
3 2 47 82
1 2 47 83
2 6 47 88
3 5 47 93
4 3 47 97
8 3 48 1
2 3 48 6
6 5 48 14
8 6 48 16
5 2 48 18
1 29 48 19
8 6 48 26
1 4 48 29
5 2 48 38
8 11 48 40
8 3 48 49
4 2 48 52
7 3 48 61
4 2 48 68
2 3 48 73
3 2 48 76
3 4 48 84
1 4 48 85
8 8 48 94
3 2 48 98
3 9 49 1
8 2 49 8
7 2 49 7
2 11 49 15
5 2 49 22
3 5 49 28
5 21 49 32
5 7 49 36
1 2 49 40
8 2 49 45
5 2 49 47
5 6 49 51
7 2 49 65
3 2 49 66
8 4 49 69
4 15 49 76
2 2 49 80
5 6 49 81
6 11 49 88
7 3 49 92
4 2 49 97
7 9 49 98
2 7 50 0
4 3 50 5
3 3 50 9
7 3 50 16
4 2 50 40
4 13 50 45
5 2 50 43
4 2 50 49
6 3 50 51
4 2 50 53
6 2 50 55
6 3 50 58
5 9 50 60
3 5 50 62
4 4 50 66
6 2 50 67
3 3 50 68
4 8 50 70
7 2 50 74
5 2 50 77
6 5 50 80
6 11 50 94
2 3 51 6
4 2 51 11
4 4 51 15
4 3 51 27
2 2 51 36
4 3 51 38
1 2 51 37
5 2 51 39
3 3 51 40
1 2 51 43
4 3 51 43
3 10 51 44
6 4 51 53
5 3 51 54
6 14 51 63
3 5 51 65
5 3 51 71
7 2 51 85
5 2 51 88
4 3 51 89
4 16 52 4
1 4 52 13
1 2 52 16
4 2 52 22
2 15 52 25
2 4 52 35
4 2 52 34
3 4 52 36
5 2 52 41
2 6 52 41
3 7 52 51
3 5 52 56
5 7 52 67
3 4 52 73
7 4 52 77
5 17 52 79
4 4 52 85
6 2 52 90
6 2 51 91
5 2 52 99
6 2 53 0
1 11 53 9
1 2 53 7
3 5 53 12
2 2 53 12
2 4 53 15
7 3 53 27
3 2 53 32
7 2 53 34
5 19 53 47
6 3 53 72
2 2 53 74
5 5 53 83
7 3 53 87
2 2 53 92
4 7 53 97
4 2 54 0
1 7 54 1
4 2 54 13
1 4 54 15
3 10 54 22
4 2 54 29
2 3 54 31
5 12 54 34
7 2 54 45
1 2 54 48
6 8 54 56
4 3 54 59
3 4 54 60
4 4 54 62
1 2 54 63
6 12 54 64
4 2 54 72
5 3 54 72
7 2 54 75
6 5 54 75
7 7 54 78
6 4 54 86
5 6 54 89
7 6 54 90
5 11 54 93
3 3 55 1
2 2 55 3
3 2 55 5
3 2 55 13
4 2 55 17
1 4 55 23
3 3 55 25
2 15 55 28
2 2 55 36
3 3 55 38
3 3 55 40
2 2 55 45
6 3 55 54
6 3 55 72
3 5 55 74
5 2 55 76
7 2 55 81
4 21 55 82
5 10 55 96
4 7 56 3
1 7 56 6
4 4 56 8
4 5 56 10
1 3 56 14
4 13 56 21
5 2 56 27
3 3 56 35
2 3 56 38
4 3 56 38
4 12 56 42
5 2 56 47
4 6 56 48
5 2 56 60
4 11 56 60
6 5 56 62
3 9 56 64
4 2 56 76
3 2 56 79
6 3 56 91
4 2 56 95
3 4 57 10
3 2 57 13
2 5 57 16
1 10 57 25
4 2 57 28
4 3 57 31
2 6 57 33
5 4 57 39
2 2 57 41
1 2 57 47
4 4 57 54
3 2 57 54
1 2 57 55
1 2 57 61
4 13 57 64
5 16 57 67
3 2 57 68
5 4 57 71
6 3 57 79
7 37 57 82
7 2 57 83
3 4 58 0
6 2 57 0
1 7 58 0
3 5 58 5
3 2 58 8
2 2 58 7
1 4 58 11
3 5 58 17
4 8 58 25
5 6 58 32
2 10 58 38
5 3 58 46
3 7 58 47
6 2 58 49
4 2 58 52
3 3 58 53
4 2 58 54
4 4 58 69
2 2 57 70
6 2 58 71
4 16 58 72
1 2 58 73
6 2 58 83
1 2 58 89
4 2 57 90
5 2 57 90
2 2 57 90
8 3 58 89
7 23 58 92
6 7 58 95
2 4 59 10
1 2 59 20
3 2 59 25
2 5 59 27
4 9 59 34
4 2 59 41
5 2 59 42
3 2 59 50
6 2 59 55
5 31 59 56
4 3 59 68
7 2 59 97
8 2 57 98
6 2 58 98
2 2 60 2
7 2 60 3
4 6 60 8
4 10 60 12
2 4 60 16
6 3 60 22
8 2 59 22
4 2 60 27
7 2 60 39
6 2 60 40
2 13 60 45
3 3 60 60
3 7 60 69
7 2 60 71
5 3 60 72
6 4 60 73
5 2 60 79
6 2 60 84
7 2 60 86
4 14 60 94
5 4 60 96
2 3 61 3
6 2 61 11
2 6 61 20
3 4 61 23
5 2 61 21
4 3 61 25
5 4 61 26
3 8 61 31
8 2 61 35
4 44 61 40
5 2 61 48
5 2 61 59
6 11 61 60
3 2 61 64
5 3 61 74
6 3 61 76
5 6 61 84
4 3 61 83
4 7 61 96
7 7 61 98
2 4 62 0
8 2 62 6
1 2 62 8
1 2 61 8
2 4 62 9
2 13 62 15
3 3 62 17
4 2 62 18
1 6 62 21
8 2 62 24
4 4 62 29
5 7 62 44
4 5 62 48
6 2 62 50
3 3 62 52
4 40 62 65
6 7 62 79
4 2 62 99
7 2 63 0
3 3 63 2
1 19 63 4
6 2 63 5
1 3 63 11
7 2 63 17
3 8 63 35
4 4 63 42
1 2 63 41
4 3 63 50
2 2 63 53
5 2 63 53
5 6 63 70
4 3 63 72
3 2 63 74
4 2 63 85
5 3 63 93
6 7 63 94
3 11 64 6
3 7 64 16
4 2 64 22
2 22 64 23
5 8 64 41
3 5 64 46
6 12 64 51
7 5 64 75
1 2 64 81
5 4 64 87
2 2 64 85
5 3 64 99
3 11 65 2
3 2 65 10
1 2 65 13
1 3 65 16
5 2 65 18
4 4 65 23
4 3 65 30
2 2 65 31
3 2 65 42
2 3 65 45
4 3 65 45
5 4 65 47
5 4 65 64
8 2 65 68
7 2 64 69
3 16 65 69
5 20 65 82
4 7 65 88
3 3 66 0
4 3 66 5
4 3 66 8
1 4 66 9
1 2 66 11
3 8 66 13
6 3 66 16
2 5 66 20
5 2 66 35
7 2 66 36
2 2 66 37
5 3 66 44
5 2 66 46
4 23 66 48
6 4 66 60
8 2 65 61
4 32 66 74
4 8 66 83
7 2 66 84
6 23 66 90
5 4 66 96
6 3 66 99
6 2 67 10
2 5 67 11
4 2 67 17
4 2 67 19
3 6 67 24
5 3 67 28
5 5 67 31
3 3 67 41
5 2 67 51
6 3 67 55
4 2 67 58
8 3 67 77
7 3 67 86
7 5 67 93
4 2 67 94
7 2 66 94
1 3 68 5
2 8 68 7
1 2 68 13
3 5 68 18
1 7 68 19
4 2 68 25
5 3 68 37
4 3 68 42
5 5 68 49
4 4 68 52
7 2 67 53
3 2 68 53
8 2 68 57
5 2 68 59
3 9 68 62
6 7 68 65
5 2 68 69
4 2 68 77
6 2 68 96
5 6 68 98
2 5 69 2
2 2 69 4
3 2 69 11
4 9 69 15
2 3 69 18
1 3 69 21
4 2 69 27
2 2 69 27
2 2 69 34
2 2 68 35
2 7 69 42
6 4 69 51
5 3 69 52
8 2 69 53
3 3 69 53
3 2 69 56
6 2 69 58
3 2 69 62
2 2 69 63
3 4 69 66
4 2 69 67
6 6 69 78
7 7 69 84
6 3 69 84
5 13 69 91
2 2 69 96
6 3 69 98
4 4 70 0
4 6 70 5
7 2 70 8
8 2 70 7
8 2 70 14
1 2 70 16
3 2 70 20
3 2 70 23
6 2 69 24
6 2 70 22
2 9 70 25
1 2 70 28
8 2 70 28
5 5 70 28
3 5 70 30
5 2 70 34
3 6 70 35
4 2 70 36
3 4 70 38
5 7 70 43
4 8 70 57
6 13 70 60
5 2 70 67
4 2 70 79
4 5 70 82
4 2 70 86
5 6 70 87
7 4 70 97
3 2 71 7
6 2 71 7
4 6 71 9
4 5 71 16
4 3 71 20
2 3 71 22
2 16 71 36
2 9 71 45
2 5 71 48
3 5 71 51
5 2 71 64
4 2 71 67
5 5 71 69
5 5 71 78
4 5 71 83
6 4 71 83
7 2 71 88
5 2 71 94
5 2 72 1
5 2 72 6
3 3 72 10
2 5 72 13
8 2 71 11
3 3 72 23
4 9 72 24
5 3 72 41
5 3 72 48
5 11 72 53
3 2 72 62
6 3 72 65
3 2 72 67
6 4 72 70
6 5 72 75
7 2 72 78
4 4 72 78
2 2 72 83
6 2 72 86
3 2 72 88
4 4 72 95
6 9 72 97
7 2 71 95
1 2 73 0
4 4 73 2
3 2 73 1
3 5 73 4
2 2 73 8
6 2 73 14
3 5 73 17
3 2 73 21
7 2 73 30
2 3 73 31
4 4 73 33
3 4 73 34
5 3 73 38
4 2 73 42
6 6 73 51
5 4 73 58
3 3 73 58
4 6 73 62
5 6 73 72
8 2 73 73
7 10 73 73
6 3 73 80
4 2 73 81
1 3 73 83
7 5 73 85
7 3 73 89
4 4 73 91
6 4 73 94
5 2 73 94
8 4 74 1
7 4 74 5
7 3 74 9
1 3 74 11
4 2 74 14
5 3 74 20
2 2 74 21
8 2 74 26
4 2 74 28
8 9 74 28
8 2 74 40
6 21 74 41
5 2 74 47
2 2 74 53
1 5 74 54
6 2 74 63
4 2 74 66
1 10 74 88
3 3 74 96
8 11 74 97
7 3 75 2
6 3 75 3
1 2 75 3
5 15 75 7
8 8 75 11
6 3 75 17
7 4 75 18
8 3 75 19
8 4 75 21
1 15 75 26
7 25 75 35
6 9 75 39
7 9 75 44
1 7 75 48
7 25 75 51
7 13 75 63
1 15 75 69
1 5 75 78
7 2 75 76
8 3 75 75
3 5 75 81
2 2 75 90
1 3 75 92
2 4 75 94
1 3 75 96
5 2 76 1
6 4 76 2
5 10 76 11
2 2 76 10
6 19 76 11
6 3 76 20
6 8 76 23
8 2 76 50
2 4 76 51
1 5 76 59
1 2 76 63
2 2 76 64
8 4 76 66
8 2 76 72
3 7 76 75
2 2 76 77
3 2 76 84
4 3 76 85
8 4 76 88
3 9 76 92
8 10 77 0
8 2 77 6
5 5 77 15
7 3 77 22
7 2 77 26
4 2 77 31
8 3 77 39
2 3 77 41
8 5 77 47
6 5 77 49
7 2 77 59
2 3 77 62
1 5 77 64
6 2 77 71
2 2 77 72
2 2 77 79
8 4 77 80
5 2 77 82
1 3 77 83
4 2 77 88
6 2 78 5
8 2 78 16
5 4 78 19
8 12 78 20
6 9 78 32
7 10 78 38
8 3 78 42
8 2 78 49
8 3 78 55
2 2 78 58
7 2 78 61
7 10 78 71
8 2 78 77
1 9 78 80
3 2 78 83
8 2 78 85
1 2 78 87
1 3 78 91
1 2 78 95
8 3 79 7
7 4 79 8
7 3 79 13
6 6 79 14
1 2 79 19
5 2 79 20
8 13 79 26
8 9 79 36
1 2 79 50
8 4 79 52
3 2 79 55
7 5 79 55
1 12 79 59
2 4 79 66
8 2 79 68
8 2 79 73
2 3 79 81
1 4 79 82
3 14 79 85
8 13 79 88
2 4 79 93
3 5 79 95
2 2 77 97
1 3 77 98
2 2 79 97
1 2 79 99
7 2 80 1
7 9 80 4
7 2 80 17
6 18 80 18
6 2 80 40
8 2 80 44
7 2 80 46
8 3 80 50
1 3 80 53
2 5 80 54
1 9 80 56
8 2 80 62
2 16 80 63
4 2 80 71
2 3 80 76
2 3 79 75
1 2 79 77
8 8 80 76
5 4 81 0
5 3 81 6
8 12 81 8
2 2 81 13
7 2 81 22
1 4 81 31
8 2 81 29
7 5 81 34
4 2 81 37
8 11 81 38
7 2 81 42
7 3 81 44
1 7 81 46
7 15 81 51
2 33 81 58
8 8 81 69
2 2 81 72
8 6 81 79
2 11 81 82
1 4 81 87
3 9 81 92
8 3 81 95
1 3 81 97
8 2 82 0
6 11 82 7
4 2 82 12
8 6 82 14
5 2 82 17
5 21 82 22
6 2 82 27
3 2 82 27
4 2 82 29
6 8 82 29
6 7 82 36
7 5 82 36
6 17 82 45
5 2 82 48
1 3 82 73
2 8 82 80
2 2 82 95
4 2 82 96
3 3 82 97
6 2 82 98
7 4 83 0
1 2 83 3
7 2 83 11
7 4 83 28
8 2 83 32
6 4 83 41
3 2 83 48
8 5 83 65
7 8 83 68
2 2 83 71
2 3 83 87
3 3 83 88
3 2 82 89
1 2 82 89
2 4 83 90
8 6 83 94
5 2 84 3
2 4 84 2
8 2 84 2
7 2 84 13
7 5 84 15
7 2 84 25
1 10 84 26
7 5 84 32
5 2 84 40
6 2 84 48
1 21 84 49
8 2 84 60
7 5 84 62
3 2 84 65
7 2 84 64
7 2 84 71
1 9 84 73
1 4 84 79
8 3 84 89
2 9 84 96
6 2 85 0
5 4 85 5
8 6 85 7
5 13 85 10
5 2 85 14
3 2 85 17
3 2 85 33
1 3 85 33
1 13 85 64
8 13 85 75
3 12 85 79
8 2 85 84
3 2 85 86
1 5 85 87
1 2 85 90
2 7 85 94
1 7 85 97
7 5 86 0
6 7 86 3
6 2 86 7
8 6 86 13
6 3 86 15
8 2 86 17
2 2 86 18
8 2 84 19
7 2 85 19
8 3 86 19
1 2 86 25
8 2 86 27
6 18 86 34
1 3 86 39
7 2 85 40
3 2 85 40
8 14 86 40
1 3 86 52
8 16 86 54
1 2 86 60
2 2 86 66
8 13 86 69
2 2 86 77
2 7 86 81
2 3 86 90
3 3 86 95
8 2 86 98
4 3 87 5
3 2 87 7
8 3 87 7
7 3 87 18
7 7 87 21
8 17 87 29
7 9 87 38
7 3 87 50
3 2 87 84
4 2 87 86
8 15 87 91
1 2 88 0
7 2 88 5
6 3 88 16
5 4 88 18
1 4 88 24
7 3 88 48
5 2 88 51
7 2 88 58
8 2 88 61
3 2 88 60
7 2 87 59
8 2 88 64
7 10 88 65
2 5 88 73
1 3 88 76
2 7 88 83
8 2 88 85
2 2 88 85
8 13 88 93
3 15 88 97
8 8 89 1
5 3 89 5
8 3 89 6
5 4 89 7
7 3 89 8
8 9 89 11
5 11 89 14
6 2 89 19
7 4 89 25
6 2 89 26
7 42 89 27
4 2 89 41
7 3 89 60
2 24 89 63
1 3 89 67
5 2 89 67
1 2 89 66
1 14 89 69
8 2 89 72
3 3 89 78
5 2 88 79
8 2 89 84
5 2 89 85
6 2 89 91
6 17 90 0
3 2 90 12
8 14 90 18
7 3 90 41
6 4 90 48
1 21 90 51
7 3 90 72
6 2 90 72
1 3 90 74
3 7 90 76
2 3 90 79
3 17 90 85
2 4 90 92
4 2 91 12
6 7 91 14
6 5 91 25
1 2 91 26
6 10 91 42
7 6 91 45
2 2 91 52
2 4 91 55
6 2 91 55
8 2 91 57
2 8 91 66
1 11 91 77
8 2 90 80
2 4 91 77
5 2 91 93
1 3 91 99
5 6 92 19
8 2 92 27
3 2 92 29
8 2 92 40
6 2 92 46
7 2 92 53
1 6 92 58
5 2 92 61
8 8 92 72
2 3 92 75
2 2 92 81
2 5 92 88
1 5 92 95
2 7 92 97
7 2 93 1
8 3 93 6
6 3 93 8
3 2 93 6
7 5 93 9
5 3 93 12
8 7 93 20
7 3 93 22
8 2 93 23
7 3 93 24
7 2 93 26
1 8 93 33
8 2 92 35
3 2 93 37
8 12 93 51
7 5 93 55
8 2 93 59
4 2 92 59
7 3 93 61
8 2 93 62
8 2 93 66
3 2 93 92
6 3 94 5
6 2 94 12
8 3 94 13
1 2 94 13
5 3 94 16
3 2 94 15
7 3 94 16
1 7 94 25
6 3 94 31
8 8 94 36
1 8 94 40
1 2 94 39
6 11 94 39
2 2 94 43
8 4 94 46
2 6 94 54
1 6 94 59
3 2 94 59
7 4 94 66
6 2 94 67
1 14 94 73
2 5 94 80
2 12 94 84
8 4 94 89
1 13 94 91
1 2 94 98
7 7 95 2
5 11 95 10
4 2 95 16
1 2 95 15
5 2 95 23
2 2 95 22
3 2 95 24
8 5 95 28
5 2 95 30
7 4 95 41
1 2 95 44
6 3 95 45
7 2 95 48
8 12 95 49
7 3 95 59
7 24 95 62
3 40 92 60
4 100 93 0
5 100 94 0
2 300 95 0
3 100 98 0
