459924
2805
1 3 50 2
6 6 50 4
7 2 50 7
3 2 50 8
6 3 50 10
7 8 50 12
3 6 50 18
6 2 50 23
8 4 50 24
3 2 50 25
8 2 50 29
3 2 50 31
5 3 50 33
2 2 50 34
1 2 50 36
8 5 50 37
5 3 50 39
4 11 50 41
8 3 50 43
1 3 50 44
6 3 50 46
5 7 50 49
3 3 50 51
4 2 50 54
5 2 50 55
1 3 50 56
4 11 50 60
8 3 50 65
7 3 50 67
6 3 50 68
5 3 50 74
8 9 50 79
1 7 50 82
7 8 50 87
3 2 50 91
5 8 50 94
2 4 50 98
7 2 50 102
8 3 50 103
6 3 50 106
8 2 50 107
2 3 50 108
8 2 50 111
6 2 50 117
5 4 50 118
5 7 50 124
4 3 50 127
6 2 50 130
4 6 50 133
6 3 50 135
2 2 50 136
2 2 50 138
7 3 50 139
2 2 50 142
4 4 50 144
7 2 50 151
3 3 50 153
8 2 50 156
5 2 50 159
7 2 50 162
3 2 50 166
5 4 50 168
8 2 50 169
7 4 50 170
4 3 50 174
5 2 50 176
6 5 50 178
3 2 50 179
7 3 50 182
3 6 50 184
6 3 50 187
8 2 50 188
3 5 50 190
1 2 50 192
8 2 50 194
5 6 50 196
7 2 50 198
8 3 50 199
6 3 49 1
7 2 49 9
8 3 49 15
2 2 49 17
4 4 49 20
5 11 49 26
6 3 49 28
7 4 49 29
5 3 49 44
8 8 49 46
3 2 49 50
7 2 49 64
7 2 49 69
6 2 49 70
5 2 49 72
8 2 49 72
4 2 49 74
2 4 49 76
2 2 49 80
8 2 49 92
6 3 49 93
8 3 49 101
7 2 49 104
1 4 49 109
6 2 49 110
4 6 49 112
7 2 49 113
8 4 49 115
7 2 49 116
3 2 49 119
3 3 49 129
8 2 49 139
3 3 49 141
5 5 49 142
3 2 49 144
8 2 49 146
2 2 49 148
5 7 49 150
1 4 49 152
4 10 49 154
4 3 49 160
6 3 49 165
7 3 49 164
2 5 49 171
7 4 49 175
6 2 49 175
7 2 49 179
3 3 49 181
2 3 49 193
8 2 48 1
8 2 48 3
4 2 48 4
5 5 48 5
6 4 48 7
8 3 48 10
6 3 48 12
1 2 48 17
6 2 48 16
2 2 48 22
6 2 48 30
8 2 48 32
8 8 48 35
7 4 48 51
6 2 48 53
7 2 48 56
4 2 48 58
5 2 48 60
6 2 48 63
4 2 48 69
7 4 48 71
3 3 48 73
7 3 48 79
7 2 48 82
8 2 48 83
4 9 48 87
7 2 48 91
6 3 48 97
8 6 48 99
2 3 48 103
3 2 48 107
1 3 48 117
1 2 48 120
1 2 48 124
6 2 48 125
6 3 48 128
2 5 48 130
2 3 48 135
8 4 48 137
6 2 48 145
7 3 48 148
7 2 48 151
5 2 48 157
3 15 48 159
5 4 48 161
8 5 48 166
1 2 48 169
4 4 48 177
8 2 48 179
4 3 48 182
8 9 48 188
7 3 48 192
6 2 48 192
3 2 48 196
6 3 48 199
8 5 47 8
7 10 47 10
7 6 47 14
6 6 47 18
1 3 47 19
8 5 47 21
8 7 47 29
6 3 47 32
7 5 47 35
8 4 47 42
8 2 47 50
5 3 47 53
8 2 47 57
6 2 47 56
6 2 47 59
8 2 47 65
5 2 47 64
6 4 47 66
8 2 47 68
2 6 47 72
6 2 47 75
4 4 47 81
2 4 47 84
3 2 47 91
1 2 47 92
3 4 47 93
2 6 47 95
1 2 47 102
5 2 47 105
8 2 47 106
8 3 47 108
8 3 47 111
7 2 47 113
5 2 47 114
5 4 47 118
6 2 47 119
8 2 47 120
6 2 47 123
7 8 47 124
7 2 47 138
6 4 47 140
5 3 47 147
6 3 47 148
6 2 47 160
3 2 47 169
2 3 47 171
8 6 47 172
5 3 47 174
5 3 47 179
6 2 47 183
7 2 47 190
6 2 47 194
6 2 47 198
3 2 47 199
6 2 46 3
8 3 46 14
8 2 46 19
7 2 46 27
6 9 46 35
6 3 46 52
3 2 46 54
1 2 46 55
5 2 46 56
2 2 46 58
3 2 46 60
2 2 46 62
6 4 46 64
1 2 46 66
4 3 46 69
8 2 46 69
7 3 46 74
2 2 46 77
7 2 46 78
6 2 46 81
7 2 46 80
7 9 46 85
7 3 46 90
6 3 46 91
3 2 46 98
3 2 46 101
3 2 46 103
3 3 46 110
4 3 46 114
8 5 46 116
2 3 46 119
1 3 46 121
8 4 46 125
5 3 46 128
8 2 46 131
4 2 46 133
1 3 46 132
6 2 46 132
7 3 46 134
3 2 46 136
3 2 46 139
7 2 46 146
7 3 46 155
5 3 46 162
8 2 46 168
4 4 46 170
2 5 46 182
2 2 46 184
8 2 46 185
2 2 46 186
3 4 46 191
1 3 46 197
3 7 45 1
1 2 45 4
3 3 45 6
1 2 45 7
6 3 45 9
5 2 45 12
6 2 45 13
8 4 45 17
6 2 45 20
6 2 45 23
8 2 45 24
6 2 45 27
2 2 45 31
4 6 45 41
2 3 45 45
7 2 45 47
4 12 45 50
2 3 45 56
5 4 45 58
7 3 45 58
7 2 45 61
6 2 45 69
8 3 45 74
1 5 45 79
5 3 45 82
3 2 45 89
8 2 45 92
6 2 45 99
6 2 46 100
7 2 45 100
8 4 45 100
5 8 45 102
7 6 45 104
5 2 45 107
6 2 45 106
7 5 45 110
1 3 45 117
3 5 45 122
2 3 45 129
5 4 45 130
3 2 45 133
5 3 45 136
8 2 45 140
2 6 45 140
6 4 45 142
4 2 45 144
8 8 45 145
7 3 45 148
6 2 45 150
8 6 45 153
6 7 45 158
7 2 45 161
4 4 45 163
3 8 45 164
5 2 45 167
6 2 45 166
6 3 45 173
8 2 45 173
7 15 45 175
8 8 45 182
5 2 45 186
4 2 45 187
2 3 45 189
4 5 45 193
4 2 45 194
7 2 46 195
4 2 45 199
6 2 44 4
2 2 44 5
8 2 44 7
5 3 44 8
7 4 44 15
4 2 44 19
3 4 44 20
7 2 44 22
2 3 44 24
4 2 44 26
8 4 44 27
4 4 44 29
1 7 44 32
5 5 44 38
8 2 44 37
6 3 44 39
6 4 44 48
1 4 44 54
7 2 44 55
4 3 44 59
1 2 44 64
7 2 44 65
5 4 44 67
3 5 44 68
5 3 44 70
4 3 44 75
2 2 44 81
8 4 44 85
6 2 44 88
2 2 44 89
4 2 44 92
7 3 44 94
8 2 44 95
4 2 44 105
2 4 44 106
8 2 44 111
7 12 44 113
6 2 44 119
5 3 44 121
6 4 44 123
7 2 44 126
2 2 44 131
8 5 44 132
5 2 44 134
4 2 44 135
5 2 44 147
6 5 44 149
1 2 44 150
8 2 44 151
2 4 44 167
7 4 44 173
6 3 44 188
1 2 44 188
6 3 44 191
5 5 44 195
8 2 44 200
5 2 43 3
8 2 43 9
5 2 43 16
7 8 43 18
4 2 43 22
4 4 43 24
7 2 43 25
2 2 43 34
7 3 43 36
7 2 43 40
3 3 43 43
4 4 43 45
2 2 43 49
8 2 43 56
5 5 43 59
2 3 43 61
8 9 43 62
2 4 43 71
2 5 43 76
8 2 44 77
6 2 44 78
7 2 43 78
3 5 43 79
5 2 43 82
3 3 43 83
6 2 43 86
1 3 43 89
6 5 43 96
6 2 43 106
8 3 43 107
5 2 43 109
6 2 43 109
4 4 43 117
8 2 44 118
4 4 43 123
3 2 43 128
6 2 43 131
7 2 43 138
6 7 43 139
7 2 43 141
4 3 43 142
7 2 43 144
2 2 43 152
6 3 43 153
7 3 43 154
1 3 43 157
5 12 43 159
6 3 43 163
7 3 43 166
7 3 43 169
5 4 43 175
2 2 43 184
7 2 44 183
6 7 44 184
2 2 42 1
8 3 42 4
4 2 42 6
7 5 42 7
3 3 42 14
8 7 42 21
3 9 42 23
7 2 42 28
3 2 42 36
4 2 42 38
7 2 42 39
8 3 42 40
1 2 42 41
8 4 42 53
6 2 42 59
8 3 42 72
6 2 42 73
7 3 42 73
8 3 42 80
7 9 42 83
7 3 42 87
5 2 42 92
3 10 42 93
8 2 42 96
7 2 44 97
7 10 42 98
8 3 42 102
1 2 42 105
3 3 42 118
8 3 42 119
7 2 42 122
7 3 42 124
1 3 42 126
8 3 42 129
5 3 42 135
6 3 42 144
1 2 42 146
5 6 42 148
7 4 42 149
6 3 42 151
8 3 42 155
8 2 42 160
3 3 42 162
1 2 42 165
3 3 42 171
6 3 42 171
8 3 42 175
4 2 42 178
2 3 42 179
7 2 42 185
5 2 42 186
2 13 42 187
2 2 42 191
6 3 42 193
4 2 42 195
1 2 42 198
6 2 41 3
3 3 41 8
6 5 41 9
1 4 41 12
6 3 41 15
7 3 41 26
2 6 41 28
4 5 41 33
5 3 41 35
3 2 41 43
1 5 41 45
6 2 41 44
4 4 41 47
7 6 41 49
7 3 41 54
3 3 41 57
6 2 41 57
6 3 41 61
7 6 41 63
6 2 41 64
5 4 41 65
4 2 41 69
8 2 41 69
8 3 41 74
8 2 41 77
6 2 41 76
1 2 41 77
8 3 41 82
5 4 41 86
8 2 41 89
7 4 41 90
4 3 41 93
8 2 41 99
6 3 41 102
7 6 41 101
6 2 41 107
8 2 41 109
7 3 41 110
6 4 41 111
2 3 41 121
8 7 41 123
7 8 41 128
7 2 41 126
4 3 41 131
2 2 41 133
7 3 41 135
7 4 41 142
8 2 41 141
7 3 41 145
8 5 41 150
2 2 41 153
3 2 41 156
8 2 41 158
7 2 41 159
6 2 41 163
8 3 41 163
4 8 41 166
4 6 41 168
7 2 41 171
4 2 41 173
5 6 41 180
3 4 41 180
7 2 41 190
7 2 41 192
4 2 41 197
6 2 42 198
5 5 41 199
8 2 40 3
2 2 40 5
5 2 40 7
6 2 40 11
7 2 40 13
8 2 40 14
6 5 40 18
7 4 40 29
8 2 40 30
1 2 40 31
7 3 40 32
1 2 40 36
3 2 40 38
8 4 40 41
7 8 40 42
6 2 40 42
1 3 40 52
3 3 40 54
8 5 40 57
1 2 40 60
1 3 40 66
4 2 40 71
6 9 40 73
5 2 40 78
2 3 40 80
8 2 40 84
1 2 40 91
7 2 40 99
5 4 40 103
3 4 40 106
8 2 40 108
5 8 40 109
8 5 40 111
5 2 40 114
7 4 40 117
4 6 40 120
4 2 40 124
6 2 40 126
5 3 40 129
3 3 40 132
1 2 40 134
8 4 40 136
5 3 40 139
6 3 40 140
7 2 40 140
1 7 40 144
1 2 40 152
3 2 40 176
7 2 40 182
8 2 40 183
5 4 40 185
8 2 40 190
5 3 40 191
1 3 39 1
8 2 40 1
5 3 39 3
4 2 39 9
7 2 39 10
8 2 39 16
2 2 39 21
7 6 39 21
5 3 39 25
7 2 39 30
6 3 39 33
8 5 39 35
7 4 39 38
2 5 39 41
8 5 39 51
3 5 39 59
8 2 39 64
8 3 39 68
8 2 39 70
6 3 39 69
7 2 39 69
3 2 39 74
5 2 39 77
3 7 39 80
6 5 39 83
8 2 39 87
7 3 39 88
4 4 39 91
8 2 39 90
7 2 39 91
5 3 39 97
6 5 39 99
8 3 39 101
7 3 39 111
8 2 39 116
6 4 39 118
6 2 39 115
6 2 40 114
8 2 39 114
3 2 39 122
1 3 39 129
6 4 39 133
8 2 39 141
2 2 39 142
4 4 39 148
7 6 39 150
4 3 39 153
5 2 39 154
6 2 39 155
7 2 39 160
5 6 39 162
3 3 39 164
8 8 39 169
8 3 39 173
7 4 39 175
6 6 39 177
3 2 39 181
1 4 39 186
8 2 39 186
7 4 39 193
6 5 39 194
6 2 40 194
3 4 39 197
6 3 39 200
8 2 38 2
6 6 38 2
5 2 38 6
4 5 38 7
1 2 38 13
7 2 38 14
5 4 38 16
4 5 38 20
3 2 38 26
7 3 38 27
6 3 38 28
5 4 38 31
6 13 38 39
6 3 38 44
2 2 38 47
3 2 39 46
6 5 38 49
2 5 38 51
2 2 38 51
8 2 38 51
3 2 38 55
6 3 38 57
3 6 38 65
6 3 38 66
5 4 38 71
8 3 38 75
7 4 38 78
6 4 38 88
3 2 38 92
8 2 38 93
5 2 38 103
6 2 39 103
7 5 38 104
3 2 38 114
1 4 38 117
1 2 38 121
6 5 38 121
5 6 38 125
8 5 38 128
6 3 38 132
3 10 38 135
6 3 38 142
7 2 38 143
7 2 38 149
7 4 38 154
8 7 38 158
1 2 38 166
2 4 38 167
3 9 38 171
8 3 38 177
2 3 38 180
1 3 38 182
6 3 38 181
7 5 38 186
8 5 38 192
8 2 38 195
7 2 38 195
6 2 38 196
8 2 37 5
7 5 37 9
4 3 37 11
3 3 37 16
8 2 37 22
4 4 37 24
2 2 37 29
5 2 37 34
7 2 37 33
2 3 37 36
7 6 37 39
4 9 37 44
3 2 37 52
5 4 37 55
7 5 37 58
6 2 37 62
8 6 37 66
7 2 37 73
7 3 37 82
4 2 37 87
1 2 37 91
6 2 37 95
8 3 37 95
7 2 37 97
2 2 37 97
8 2 37 98
1 3 37 100
6 4 37 102
8 3 37 103
8 6 37 105
7 6 37 108
6 2 37 111
7 2 37 112
8 2 37 113
7 3 37 114
5 2 37 115
4 4 37 127
3 2 37 138
2 2 37 138
2 2 37 140
4 2 37 150
6 2 37 152
8 4 37 152
1 3 37 156
6 2 37 163
7 4 37 163
6 2 37 167
1 6 37 180
4 4 37 183
8 3 37 185
3 3 37 186
6 3 37 189
7 2 37 190
4 3 37 196
5 4 37 198
4 6 36 2
7 2 36 4
8 2 36 8
6 2 36 8
5 3 36 11
7 2 36 12
2 3 36 14
6 2 36 17
7 2 36 19
6 2 36 19
2 4 36 22
6 3 36 25
8 2 36 28
1 3 36 30
4 3 36 30
8 3 36 33
1 3 36 34
4 4 36 36
8 2 36 46
1 2 36 47
7 3 36 51
6 3 36 53
3 4 36 55
2 5 36 58
8 2 36 59
1 2 36 63
7 2 36 64
6 2 36 68
5 2 36 69
1 2 36 70
2 2 36 72
6 3 36 74
2 2 36 77
6 3 36 80
2 4 36 83
3 5 36 86
7 2 36 89
8 2 36 90
7 2 36 92
6 2 36 93
5 9 36 110
3 2 36 116
7 2 36 120
7 2 36 123
8 2 36 122
7 4 36 122
6 2 36 123
1 3 36 129
3 3 36 131
7 4 36 136
4 7 36 139
7 2 36 141
3 4 36 143
5 4 36 146
6 4 36 150
2 3 36 153
7 3 36 157
6 2 36 159
7 3 36 166
8 4 36 167
7 2 36 168
7 2 36 170
2 2 36 172
7 2 36 172
5 3 36 174
6 5 36 184
4 3 36 193
8 2 36 196
8 2 36 198
8 2 37 198
3 4 36 199
8 2 35 1
2 2 35 5
4 2 35 10
8 3 35 13
8 2 35 11
5 3 35 15
7 6 35 18
8 2 35 20
5 2 35 23
7 3 35 24
5 3 35 27
7 5 35 32
8 4 35 37
8 2 35 40
7 2 35 48
6 2 35 47
8 2 35 53
7 8 35 53
1 3 35 55
5 4 35 60
7 2 35 61
7 2 35 68
5 3 35 73
4 2 35 76
5 8 35 79
8 3 35 93
3 2 35 95
4 4 35 97
5 4 35 99
8 3 35 101
3 4 35 103
6 2 35 104
1 2 35 113
8 4 35 115
6 7 35 115
7 2 35 117
6 6 35 119
6 4 35 128
8 2 35 134
8 2 35 136
1 2 35 137
3 2 35 140
8 4 35 144
3 3 35 147
8 2 35 149
7 5 35 153
2 2 35 157
5 2 35 158
2 4 35 160
1 2 35 162
4 2 35 163
2 2 35 167
6 7 35 170
6 5 35 176
7 5 35 177
4 2 35 187
5 2 35 191
6 4 35 191
7 6 35 195
7 7 34 1
6 3 34 5
5 2 34 7
7 8 34 7
6 9 34 12
6 2 34 21
8 2 34 25
5 2 34 29
2 2 34 42
5 3 34 44
4 2 34 46
8 2 34 47
1 2 34 48
5 11 34 54
1 5 34 60
6 2 34 64
5 3 34 68
3 5 34 70
8 2 34 71
8 5 34 74
3 6 34 77
7 3 34 79
8 2 34 84
7 2 34 85
6 2 34 86
7 6 34 87
6 4 34 89
7 7 34 91
6 6 34 100
4 2 34 106
1 4 34 106
6 5 34 107
8 3 34 112
7 2 34 124
8 2 34 123
5 4 34 126
8 4 34 128
7 12 34 129
7 2 34 145
6 6 34 147
4 2 34 153
8 9 34 159
2 4 34 162
8 2 34 163
4 2 34 165
8 3 34 171
6 2 34 176
8 11 34 176
6 10 34 183
8 4 34 186
6 2 34 187
3 2 34 190
1 3 34 193
8 11 34 196
2 2 34 200
8 3 33 9
5 11 33 11
2 2 33 13
8 2 33 15
8 4 33 17
4 4 33 20
8 2 33 22
5 2 33 24
2 2 33 26
6 3 33 31
6 6 33 35
6 4 33 36
7 3 33 40
3 2 33 42
6 3 33 48
6 4 33 50
6 2 33 60
8 3 33 61
7 2 33 61
6 5 33 63
5 3 33 67
6 6 33 78
3 2 33 81
8 2 33 85
5 2 33 84
6 2 33 87
8 3 33 98
2 3 33 101
7 2 33 108
3 2 33 109
3 3 33 116
7 4 33 118
8 2 33 121
5 2 33 123
2 4 33 135
8 3 33 136
1 2 35 136
6 2 34 136
3 3 33 137
1 3 33 140
5 3 33 150
7 2 33 151
6 5 33 154
7 6 33 161
3 4 33 164
4 2 33 172
3 3 33 173
6 2 33 179
7 2 33 180
4 8 33 181
1 2 33 186
2 3 33 188
7 3 33 191
8 2 33 190
6 2 33 194
6 3 33 198
1 2 33 197
4 3 32 1
8 2 32 3
3 2 32 5
6 3 32 8
1 5 32 14
7 2 32 21
4 7 32 23
2 2 32 28
4 2 32 30
7 5 32 31
5 2 32 32
1 7 32 37
8 3 32 41
7 2 32 42
6 4 32 46
7 2 32 46
8 2 32 45
6 2 32 52
7 4 32 58
3 9 32 62
7 2 32 64
6 4 32 67
4 2 32 71
2 3 32 73
2 2 32 82
6 2 32 83
3 3 32 85
8 2 32 92
6 2 32 91
6 2 32 94
7 4 32 95
7 4 32 98
7 9 32 111
5 2 32 118
5 4 32 121
3 3 32 124
6 2 32 124
6 3 32 132
6 2 32 135
5 4 32 142
8 3 32 140
6 2 32 139
7 9 32 139
7 2 32 143
2 2 32 145
5 2 32 146
7 4 32 149
8 4 32 151
4 6 32 154
3 3 32 157
6 2 32 165
3 4 32 168
8 2 32 169
7 3 32 173
7 2 32 177
1 3 32 178
3 4 32 187
7 2 32 189
5 2 32 198
2 3 31 3
7 3 31 13
7 5 31 15
6 4 31 19
2 4 31 21
8 2 31 29
6 5 31 29
7 2 31 35
6 2 31 39
5 3 31 43
2 2 31 45
8 2 31 47
2 3 31 49
7 2 31 49
8 3 31 49
2 2 31 53
7 4 31 55
4 4 31 65
6 2 31 72
3 7 31 74
6 2 31 75
7 5 31 76
7 5 31 81
1 3 31 82
5 2 31 86
5 3 31 89
7 3 31 90
4 4 31 91
4 2 31 103
3 2 31 104
5 2 31 106
1 2 31 108
8 2 31 114
4 2 31 116
7 3 31 122
4 4 31 125
7 4 31 126
5 3 31 128
6 2 31 127
8 2 31 129
2 3 31 132
7 4 31 133
8 4 31 147
5 7 31 156
6 5 31 159
5 4 31 163
8 3 31 167
6 2 31 168
6 6 31 170
7 3 31 175
7 13 31 181
8 2 31 188
4 3 31 190
1 4 31 190
4 3 31 194
7 2 31 197
8 2 31 198
5 4 30 1
7 2 30 3
6 5 30 5
2 3 30 7
4 2 30 9
6 2 30 14
8 2 30 18
4 5 30 21
5 2 30 22
6 2 30 26
2 3 30 33
3 2 30 35
8 2 30 35
8 4 30 38
6 8 30 41
1 2 30 44
4 2 30 51
3 2 30 57
8 2 30 56
8 8 30 68
4 2 30 75
8 9 30 77
4 2 30 82
7 2 30 83
6 6 30 86
7 8 30 92
6 2 30 95
4 2 30 96
5 4 30 97
3 3 30 102
6 4 30 104
8 2 30 105
8 3 30 107
4 2 30 109
6 2 30 112
8 2 30 113
6 5 30 114
3 2 30 118
1 3 30 119
2 3 30 128
4 3 30 130
4 5 30 133
6 3 30 141
8 3 30 143
8 4 30 146
6 6 30 149
2 2 30 151
7 6 30 153
1 7 30 157
7 4 30 158
4 2 30 160
4 2 30 172
5 2 30 171
6 2 30 173
2 3 30 174
6 3 30 176
8 6 30 177
6 6 30 178
3 2 30 189
7 5 30 194
8 3 30 193
2 3 30 198
3 5 29 13
5 3 29 16
3 3 29 23
2 3 29 27
4 7 29 32
8 3 29 34
8 2 29 43
4 3 29 44
3 4 29 44
7 4 29 46
8 6 29 48
8 2 29 52
6 5 29 53
7 2 29 58
4 3 29 60
5 3 29 62
1 2 29 64
7 5 29 66
7 4 29 70
5 4 29 71
7 3 29 72
5 6 29 80
8 9 29 84
2 2 31 88
6 2 30 88
1 2 29 89
6 2 29 91
4 2 29 98
7 4 29 100
7 2 29 104
4 3 29 106
2 2 29 110
1 5 29 110
8 6 29 120
6 5 29 122
8 2 29 124
6 2 29 129
3 4 29 131
8 9 29 135
4 7 29 139
2 5 29 142
7 3 29 146
5 2 29 161
3 3 29 163
8 2 29 164
4 3 29 165
2 2 29 166
6 2 29 167
7 5 29 168
8 5 29 174
5 2 29 182
8 2 29 183
8 2 29 187
6 2 29 188
6 4 29 191
5 2 29 197
8 2 29 198
8 3 29 200
4 2 28 1
7 2 28 6
6 3 28 8
8 4 28 9
7 11 28 11
3 3 28 17
5 3 28 23
8 4 28 29
7 2 28 33
4 6 28 39
6 7 28 45
8 5 28 45
6 3 28 51
2 2 28 53
3 2 28 54
5 4 28 55
6 4 28 58
2 5 28 62
8 5 28 73
6 6 28 78
8 2 28 81
2 3 28 86
8 2 28 90
2 5 28 97
8 6 28 100
7 2 28 96
8 3 28 95
6 2 28 102
7 4 28 103
2 4 28 108
6 2 28 110
6 2 28 113
4 2 28 115
3 2 28 116
2 2 28 119
3 4 28 124
7 8 28 127
2 2 28 130
6 3 28 131
4 2 28 142
6 6 28 143
1 3 28 147
5 2 28 148
8 4 28 150
1 2 28 160
2 2 28 159
4 2 28 158
7 3 28 161
8 11 28 171
7 3 28 178
8 6 28 180
5 3 28 185
8 2 28 185
7 2 28 186
4 5 28 187
7 6 28 189
8 2 28 190
1 2 28 192
6 2 28 194
1 6 28 195
7 4 28 198
2 6 27 1
8 5 27 3
4 4 27 6
6 5 27 10
4 4 27 15
8 2 27 18
7 4 27 20
5 8 27 26
8 2 27 26
6 7 27 34
7 3 27 36
5 2 27 39
7 5 27 42
3 2 27 56
8 3 27 57
5 2 27 60
5 3 27 64
8 2 27 63
6 3 27 63
6 7 27 66
6 5 27 72
6 4 27 81
3 6 27 88
1 2 27 94
4 2 27 93
5 2 27 105
5 4 27 111
8 3 27 114
6 4 27 116
5 9 27 117
7 2 27 121
8 2 27 122
6 3 27 129
8 3 27 131
5 2 27 138
7 3 27 148
2 3 27 156
5 9 27 158
8 2 27 162
5 2 27 164
7 4 27 164
6 2 27 174
7 4 27 175
6 9 27 181
4 3 27 191
3 9 27 193
6 2 27 200
6 3 26 1
7 2 26 4
7 3 26 16
4 2 26 19
8 5 26 21
1 2 26 27
4 3 26 29
7 6 26 30
1 5 26 32
1 4 26 44
7 2 26 51
3 2 26 50
6 2 26 53
1 2 26 54
7 3 26 57
4 2 26 59
7 2 26 63
1 4 26 75
8 2 26 78
3 2 26 83
6 5 26 84
2 6 26 93
7 2 26 95
1 3 26 103
6 2 26 106
6 3 26 109
8 2 26 112
6 2 26 125
8 2 26 126
8 2 26 130
5 7 26 133
8 3 26 134
6 5 26 136
3 4 26 140
1 3 26 141
7 2 26 143
3 5 26 145
3 4 26 152
4 2 26 155
8 2 26 158
6 2 26 163
8 3 26 165
6 4 26 172
5 3 26 174
8 6 26 185
3 3 26 190
2 2 26 198
4 2 26 197
6 2 25 3
3 2 25 5
8 2 25 6
3 2 25 8
1 10 25 9
8 4 25 12
6 2 25 16
2 2 25 15
5 3 25 18
7 8 25 20
5 3 25 35
3 8 25 37
8 2 25 41
6 2 25 42
5 2 25 47
8 9 25 48
1 4 25 51
8 2 25 54
6 3 25 63
1 4 25 64
7 5 25 67
2 2 25 68
6 3 25 69
7 5 25 70
2 5 25 71
1 2 25 73
8 5 25 76
5 3 25 79
3 2 25 80
7 6 25 85
5 3 25 87
6 4 25 87
6 5 25 91
1 2 25 90
6 2 25 95
8 3 25 96
5 6 25 99
3 8 25 101
5 4 25 104
5 5 25 107
5 3 25 110
7 2 25 114
3 2 25 119
3 4 25 124
5 9 25 128
2 2 25 142
1 2 25 143
7 2 25 146
1 6 25 149
3 6 25 157
7 2 25 162
3 2 25 163
2 2 25 166
5 8 25 167
6 3 25 178
7 2 25 183
6 4 25 184
6 2 25 189
2 2 25 194
8 2 25 195
7 2 25 197
3 6 25 198
3 3 24 3
7 13 24 10
7 3 24 16
6 3 24 19
7 2 24 26
5 3 24 27
7 2 24 26
6 3 24 30
6 2 24 50
3 2 24 51
7 3 24 53
1 4 24 55
3 3 24 59
6 2 24 57
8 3 24 65
1 3 24 66
8 5 24 68
8 2 24 74
1 4 24 79
4 2 24 81
8 3 24 82
7 4 24 89
7 2 24 97
1 2 24 97
2 6 24 102
6 5 24 109
5 6 24 113
6 2 24 118
4 4 24 119
8 4 24 141
6 2 24 151
6 2 25 150
7 3 24 151
8 3 24 155
6 3 24 156
2 2 24 160
4 2 24 164
3 2 24 170
5 5 24 172
3 2 24 176
5 2 24 180
8 4 24 183
7 2 24 186
4 4 24 187
5 3 24 190
5 2 24 196
5 3 23 1
1 2 23 3
8 2 23 4
6 2 23 15
1 7 23 19
6 2 23 23
6 2 24 24
4 2 23 25
6 2 23 25
7 2 23 24
8 3 23 27
6 2 23 27
8 3 23 33
1 2 23 35
8 2 24 36
6 6 23 35
7 2 23 36
1 2 23 40
5 7 23 42
7 3 23 45
4 2 23 49
6 2 23 52
7 4 23 57
6 4 23 67
6 2 23 70
5 3 23 73
8 2 23 78
7 2 23 77
6 2 23 77
6 2 23 79
7 2 23 82
7 3 23 86
8 2 23 88
5 6 23 92
6 3 23 94
8 2 23 94
7 2 23 106
1 2 23 108
1 2 23 111
2 3 23 114
6 2 23 113
6 3 23 126
8 2 23 129
4 2 23 131
1 2 23 136
7 2 23 135
6 5 23 137
2 3 23 138
4 8 23 145
6 4 23 150
5 2 23 151
8 2 23 156
6 2 23 159
1 2 23 163
4 5 23 166
7 2 23 167
4 4 23 169
8 2 23 173
7 3 23 172
8 2 23 172
6 2 23 174
3 3 23 178
6 5 23 180
1 3 23 185
7 6 23 188
8 2 23 191
7 3 23 195
4 2 22 6
5 3 22 8
3 2 22 11
8 7 22 15
6 4 22 17
2 5 22 22
1 3 22 25
7 2 22 38
8 2 22 39
7 5 22 50
4 3 22 52
7 2 22 55
8 2 22 57
5 4 22 61
7 4 22 60
6 3 22 61
4 3 22 68
7 3 22 71
3 3 22 75
6 2 22 74
4 2 22 78
4 2 22 82
1 2 22 86
6 2 22 88
7 2 22 93
5 3 22 95
7 4 22 98
4 2 22 103
8 2 23 104
8 12 22 103
7 5 22 114
8 2 23 117
3 3 22 118
7 4 22 119
6 2 22 120
8 2 22 121
6 2 24 122
6 2 22 122
8 4 22 123
7 2 22 122
7 4 22 126
5 2 22 129
1 2 22 134
6 3 22 140
7 3 22 141
7 2 22 148
8 3 22 151
5 2 22 153
6 2 22 157
7 2 22 156
2 5 22 159
7 3 22 162
6 2 22 164
7 2 22 174
8 3 22 175
7 4 22 182
6 2 22 186
6 2 22 188
5 2 22 192
8 2 22 193
1 2 22 196
7 2 22 197
4 2 21 1
4 3 21 4
6 6 21 13
2 2 21 11
8 2 21 22
4 2 21 23
6 2 21 25
4 4 21 27
6 4 21 28
4 4 21 30
4 2 21 32
5 2 21 36
2 2 21 38
7 5 21 41
8 2 21 42
1 2 21 44
6 2 21 45
7 5 21 47
8 3 21 53
5 2 21 55
8 4 21 59
7 2 21 61
8 2 21 63
6 7 21 64
7 3 21 65
2 6 21 69
5 3 21 72
8 2 21 72
7 2 21 76
1 2 21 81
6 2 21 80
8 3 21 83
1 3 21 85
2 5 21 87
6 3 21 91
3 4 21 93
3 3 21 97
4 5 21 97
1 2 21 106
6 2 22 105
7 4 21 109
8 3 21 110
7 5 21 112
3 6 21 114
6 3 21 116
1 2 21 122
6 3 21 123
4 2 21 127
6 5 21 131
6 2 24 132
7 3 24 133
8 2 23 133
2 2 22 132
7 2 22 133
7 2 21 130
8 5 21 135
8 2 21 139
7 2 21 138
2 2 21 142
5 4 21 143
7 2 21 144
5 3 21 147
8 3 21 148
2 12 21 154
5 3 21 156
6 2 21 154
1 5 21 157
8 11 21 162
2 3 21 171
6 2 21 171
7 9 21 175
1 2 21 181
8 2 21 180
8 4 21 189
6 3 21 191
3 3 21 194
8 2 21 197
6 3 21 198
3 2 21 200
3 2 20 1
8 3 20 6
7 4 20 24
7 2 20 31
6 2 20 32
8 3 20 34
4 3 20 35
4 2 20 43
4 2 20 48
5 2 20 52
3 5 20 54
7 2 20 54
5 3 20 58
5 3 20 66
6 5 20 70
2 2 20 73
8 2 20 76
7 5 20 78
6 2 20 85
8 3 20 86
7 2 20 88
8 6 20 88
3 3 20 106
5 2 20 105
7 3 20 106
6 2 20 108
6 3 20 118
6 6 20 120
3 4 20 123
4 2 20 125
1 2 20 129
8 4 20 129
3 2 20 131
3 3 20 133
8 3 20 132
2 2 20 137
5 2 20 139
7 2 20 146
8 2 20 153
2 2 20 164
7 7 20 164
7 5 20 169
5 2 20 172
4 3 20 173
8 4 20 177
6 4 20 181
4 3 20 182
4 4 20 185
7 2 20 192
4 4 20 195
8 3 20 198
8 4 19 1
2 5 19 2
6 2 19 5
7 6 19 7
8 2 19 10
7 3 19 11
5 2 19 19
8 2 19 20
6 4 19 21
6 4 19 25
1 3 19 30
3 6 19 35
8 2 19 36
6 3 19 40
2 3 19 41
6 2 19 40
2 2 19 47
1 5 19 48
8 2 19 49
8 3 19 72
2 2 19 75
6 2 19 76
7 3 19 77
8 3 19 81
6 5 19 83
4 5 19 85
6 3 19 93
5 2 19 95
7 2 19 96
8 7 19 98
8 3 19 107
4 4 19 110
8 2 19 112
7 3 19 116
1 2 20 115
7 4 19 120
1 3 19 123
5 3 19 125
7 2 19 128
5 4 19 133
7 2 19 136
4 8 19 140
8 7 19 146
6 2 19 148
7 2 19 151
1 2 19 153
7 2 19 157
8 2 19 159
7 2 19 160
8 2 19 166
6 4 19 168
6 2 19 167
2 5 19 172
7 5 19 180
6 4 19 184
2 2 19 186
7 5 19 187
5 2 19 189
6 2 19 190
6 2 19 192
5 2 19 193
6 2 19 194
4 3 19 199
4 4 18 8
3 6 18 9
4 7 18 14
3 5 18 17
8 2 18 17
2 2 18 26
1 3 18 34
6 2 18 36
1 2 18 38
7 8 18 44
8 2 18 51
1 2 18 54
8 4 18 56
6 2 18 58
5 4 18 60
7 3 18 75
2 5 18 79
6 2 18 78
5 7 18 87
2 2 18 92
3 2 18 105
6 5 18 109
5 2 18 112
1 2 18 115
2 4 18 117
8 3 18 118
8 3 18 124
7 6 18 124
4 3 18 128
5 2 18 131
8 2 18 132
8 4 18 137
6 3 18 150
2 3 18 153
4 2 18 155
8 5 18 154
6 2 18 156
3 3 18 157
6 2 18 161
7 2 18 166
4 2 18 167
1 5 18 171
7 3 18 174
6 5 18 175
8 2 18 175
5 4 18 181
4 3 18 188
4 4 18 191
7 2 18 194
6 2 18 196
7 11 18 197
6 2 18 200
7 3 17 2
6 4 17 5
8 2 17 8
7 5 17 9
2 2 17 12
7 12 17 13
4 3 17 20
2 3 17 21
8 3 17 23
4 2 17 27
3 2 17 28
6 4 17 29
5 9 17 30
7 2 17 35
4 6 17 36
8 3 17 41
8 3 17 43
6 2 17 45
8 2 17 46
5 2 17 49
8 2 17 50
7 4 17 51
2 2 17 54
6 2 17 55
1 3 17 58
4 4 17 61
3 2 17 62
8 9 17 63
3 5 17 70
4 2 18 71
8 6 17 73
6 2 17 77
4 2 17 78
8 3 17 79
3 3 17 81
2 2 17 89
8 2 17 92
2 2 17 95
1 2 17 96
3 2 17 98
5 3 17 103
6 2 17 106
1 6 17 108
7 2 17 113
5 2 17 114
6 2 17 115
1 2 17 118
3 3 17 120
8 2 17 121
1 4 17 126
6 2 17 126
3 3 17 130
4 4 17 135
8 2 17 141
7 2 17 142
6 2 17 142
5 10 17 144
8 2 17 143
6 2 17 144
5 3 17 148
2 4 17 156
4 3 17 159
1 5 17 159
3 2 17 166
5 3 17 168
1 2 17 169
8 5 17 170
3 6 17 182
6 3 17 188
1 2 17 189
8 2 17 190
8 4 17 193
7 2 17 199
8 2 16 6
6 2 16 8
5 2 16 10
1 2 16 11
8 3 16 12
7 4 16 21
7 2 16 25
6 2 16 38
4 4 16 46
6 9 16 50
8 2 16 54
5 2 16 64
8 2 18 65
3 2 16 63
3 6 16 76
3 2 16 85
8 2 16 89
6 7 16 90
5 2 16 93
8 2 17 94
6 2 16 94
7 2 16 96
5 4 16 98
2 4 16 99
6 2 16 100
6 2 17 101
7 4 17 102
8 2 16 100
4 2 16 105
8 2 16 104
3 2 16 111
7 2 16 115
5 2 16 122
8 2 16 123
2 2 16 132
6 3 16 137
7 2 18 137
6 2 17 137
8 2 17 138
6 2 17 139
7 3 16 138
8 2 16 150
3 5 16 151
8 2 17 152
7 7 16 152
8 3 16 158
5 3 16 162
8 3 16 163
2 2 16 165
7 5 16 167
7 2 16 170
2 9 16 172
6 4 16 174
5 3 16 176
3 2 16 180
1 4 16 184
5 4 16 191
2 3 16 195
6 3 16 198
4 2 16 200
8 2 15 1
1 3 15 5
8 2 15 8
4 2 15 18
1 5 15 19
6 2 15 22
7 2 15 23
4 3 15 25
5 6 15 27
3 3 15 30
8 2 18 31
7 2 17 31
8 2 16 31
4 6 16 32
8 2 15 37
4 3 15 39
5 4 15 40
6 2 15 42
7 7 15 43
7 2 15 50
4 2 15 55
3 2 15 56
1 2 15 57
5 2 15 58
7 2 15 63
6 4 15 71
4 2 15 74
8 6 15 75
6 3 15 79
5 2 15 82
2 2 15 83
6 3 15 83
8 2 15 84
6 2 15 86
2 2 15 88
7 2 15 91
7 3 15 93
6 3 15 96
6 2 15 99
3 2 15 102
7 5 15 105
2 8 15 116
8 2 15 117
1 3 15 118
4 4 15 120
3 2 15 126
4 4 15 128
7 2 15 128
8 3 15 131
6 3 15 132
6 2 15 133
7 2 15 134
1 2 15 135
8 4 15 138
1 2 15 144
6 5 15 146
5 2 15 152
5 2 15 154
6 2 15 153
6 2 15 158
7 2 15 159
8 6 15 159
3 3 15 177
4 3 15 180
5 2 15 187
8 5 15 189
7 2 15 193
5 2 15 194
8 3 15 200
6 2 14 1
7 2 14 3
6 8 14 8
6 2 14 6
6 2 14 15
5 3 14 17
6 9 14 19
8 2 14 23
7 6 14 29
5 4 14 35
7 3 14 38
6 2 14 45
5 12 14 47
8 3 14 52
6 2 14 53
7 3 14 53
6 2 14 62
8 2 14 63
3 3 14 65
4 4 14 66
8 2 14 67
7 3 14 68
8 2 15 66
7 2 14 67
8 2 14 70
7 2 14 72
4 3 14 78
8 2 14 82
7 10 14 83
6 2 14 91
1 4 14 99
7 5 14 99
5 2 14 102
4 4 14 110
6 2 14 115
5 4 14 123
8 2 14 125
8 2 14 127
6 4 14 128
7 2 14 132
7 4 14 136
1 5 14 139
5 7 14 141
1 4 14 143
3 2 14 148
6 6 14 163
3 2 14 174
2 3 14 175
7 6 14 177
7 2 14 178
6 6 14 179
8 3 14 179
7 2 14 184
4 6 14 185
7 3 14 189
6 5 14 190
1 12 14 195
4 3 13 2
6 2 13 3
5 3 13 5
3 3 13 10
5 9 13 12
8 5 13 15
5 2 13 20
3 2 13 21
3 3 13 24
8 7 13 30
6 2 13 33
7 3 13 41
6 3 13 42
3 6 13 42
5 2 13 45
8 2 13 45
4 4 13 56
7 2 13 58
5 3 13 59
4 2 13 61
7 2 13 60
8 3 13 69
2 3 13 71
5 5 13 73
5 2 13 80
7 2 13 81
6 5 13 88
7 2 13 91
8 8 13 91
5 3 13 97
6 2 13 97
5 3 13 101
7 4 13 103
8 2 13 106
7 5 13 113
8 2 13 115
4 7 13 116
3 7 13 119
2 3 13 121
7 2 13 121
4 3 13 126
4 2 13 133
8 2 13 146
1 3 13 147
2 4 13 150
4 2 13 152
8 3 13 154
6 7 13 155
2 3 13 160
8 4 13 161
8 2 13 166
5 8 13 167
6 3 13 173
1 2 13 180
4 4 13 181
8 3 13 192
7 2 12 2
8 5 12 6
4 4 12 22
2 4 12 25
4 7 12 35
5 4 12 37
4 2 12 38
6 3 12 41
6 3 12 46
3 2 12 49
1 2 12 52
4 3 12 54
1 3 12 63
4 2 12 66
6 2 13 65
4 4 12 71
6 5 12 75
2 2 12 77
8 2 12 78
5 2 12 79
6 5 12 81
2 2 12 93
5 2 12 94
5 2 12 107
6 6 12 107
7 2 13 109
6 4 13 109
8 3 12 112
6 2 12 112
8 2 12 118
6 3 12 122
8 3 12 124
2 4 12 125
6 2 12 129
6 3 12 134
7 2 12 138
3 3 12 143
6 6 12 147
6 2 13 148
2 2 12 144
6 3 12 144
7 2 12 148
6 4 12 151
6 2 12 160
4 17 12 161
7 2 12 171
8 2 12 172
7 2 12 173
5 2 12 175
7 3 12 175
8 2 12 179
4 5 12 188
4 3 12 192
6 2 12 193
5 2 12 198
6 3 12 199
4 2 11 3
2 2 11 4
7 6 11 7
8 6 11 19
4 2 11 26
7 2 11 26
6 2 11 29
2 3 11 31
7 2 11 31
6 2 11 31
8 2 11 32
3 3 11 33
5 3 11 43
2 2 11 48
8 2 11 47
3 2 12 48
7 3 11 46
3 2 11 60
8 2 12 60
4 2 11 61
8 3 11 63
7 2 11 65
8 3 11 66
6 2 11 67
7 5 11 68
8 3 11 73
4 7 11 75
4 3 11 80
4 5 11 84
8 2 14 86
2 2 11 94
8 2 11 104
7 4 11 105
8 3 11 109
8 2 11 112
1 4 11 115
1 2 11 117
7 4 11 126
8 5 11 128
2 3 11 131
8 2 11 132
7 6 11 133
8 2 11 135
6 4 11 137
3 2 11 140
6 2 11 141
4 4 11 147
5 4 11 149
1 3 11 151
7 2 11 153
7 6 11 158
8 3 11 169
1 2 11 173
7 2 11 179
3 3 11 181
2 3 11 182
8 2 11 184
6 2 11 184
7 2 11 186
3 2 11 187
2 2 12 186
1 2 11 186
6 2 11 195
2 2 10 1
8 9 10 2
1 4 10 5
6 2 10 11
4 3 10 14
3 7 10 15
7 3 11 16
8 2 11 17
3 2 10 22
8 2 10 25
5 2 10 27
8 2 10 29
2 2 10 34
6 3 10 34
7 2 10 38
1 2 10 39
6 2 10 44
1 2 10 45
6 5 10 49
2 3 10 53
3 2 10 55
6 2 10 58
8 2 10 57
7 11 10 59
7 2 10 62
6 6 10 61
1 4 10 65
7 2 10 75
7 8 10 81
5 3 10 88
4 6 10 92
6 2 10 96
7 3 10 97
7 2 10 95
5 6 10 102
7 2 10 108
3 7 10 110
3 3 10 116
4 2 10 123
6 2 10 125
6 6 10 128
1 2 10 131
1 3 10 135
4 2 10 142
7 3 10 144
8 6 10 147
3 2 10 162
2 2 10 167
6 5 10 169
5 7 10 171
4 2 10 185
8 3 10 186
6 7 10 188
5 2 10 191
7 2 10 195
7 8 10 198
2 3 9 6
5 3 9 8
7 5 9 11
4 19 9 18
4 2 9 24
7 2 10 23
6 2 10 24
1 8 9 30
7 2 9 32
8 2 9 32
4 2 9 40
7 5 9 41
5 2 9 47
3 5 9 50
8 2 9 51
5 12 9 55
6 4 9 70
5 2 9 72
3 2 9 72
2 4 9 75
6 3 9 76
6 6 9 79
8 2 9 86
6 4 9 87
7 2 10 86
7 2 9 89
6 3 9 90
5 3 9 94
6 3 9 95
6 2 9 104
8 2 9 104
5 3 9 106
2 6 9 108
5 5 9 111
5 2 9 114
5 2 9 118
2 3 9 120
7 5 9 123
4 3 9 125
1 2 9 127
7 5 9 130
6 5 9 134
4 2 9 141
5 2 9 142
3 2 9 143
2 10 9 150
7 2 9 152
8 2 10 153
6 3 9 153
8 3 9 155
6 5 9 158
1 2 9 160
7 2 9 162
4 2 9 165
7 2 9 169
4 5 9 174
5 4 9 176
2 2 9 180
6 2 9 181
7 2 9 182
8 5 9 183
7 5 9 190
4 2 9 194
2 3 9 196
6 6 9 198
1 4 8 2
6 2 8 3
7 5 8 5
7 2 8 16
6 2 8 15
8 2 8 25
6 2 8 29
6 7 8 32
2 3 8 35
8 2 8 37
5 4 8 37
6 2 8 38
4 3 8 44
7 4 8 46
8 2 8 54
8 5 8 61
5 2 8 64
3 4 8 66
8 2 8 67
7 2 8 77
8 3 8 82
2 2 8 86
8 2 8 87
7 6 8 90
3 2 8 97
6 2 10 98
8 3 10 98
8 2 8 96
6 5 8 98
1 2 8 100
7 3 8 100
6 3 8 100
8 2 8 102
3 4 8 105
1 2 8 109
7 3 8 112
5 2 8 116
8 2 8 124
2 3 8 128
4 4 8 133
5 4 8 137
8 2 8 139
6 7 8 139
4 2 8 145
8 3 8 151
7 5 8 154
8 3 8 159
8 3 8 161
3 3 8 166
7 4 8 167
7 4 8 173
5 7 8 178
2 3 8 182
3 10 8 188
5 3 8 192
7 2 8 194
8 2 8 199
1 7 8 199
6 2 7 9
1 5 7 10
6 2 7 13
8 2 7 12
8 2 7 15
4 2 7 23
8 2 7 23
7 2 7 24
5 3 7 26
2 4 7 28
8 2 7 34
5 2 7 43
7 7 7 49
2 4 7 54
8 2 7 56
7 7 7 56
6 4 7 57
7 3 7 62
4 8 7 65
6 2 7 68
7 3 7 69
8 5 7 72
4 2 7 73
8 2 7 76
5 2 7 79
4 5 7 84
8 2 7 84
8 2 7 89
3 3 7 91
3 3 7 95
8 2 7 114
7 2 7 116
4 5 7 117
8 2 7 121
2 3 7 123
7 2 7 125
8 3 7 130
6 2 7 132
8 2 7 137
7 2 7 138
1 2 7 139
8 9 7 140
7 2 7 147
6 2 7 150
4 3 7 156
1 5 7 161
6 2 7 171
3 2 7 177
6 2 8 176
8 4 8 177
7 2 7 179
6 2 7 186
7 2 7 185
6 2 7 194
2 2 7 193
8 2 8 192
6 2 7 192
2 3 7 192
8 2 7 195
4 4 7 196
7 2 6 1
2 6 6 5
7 2 6 7
8 2 6 8
5 15 6 13
2 2 6 19
3 4 6 24
4 2 6 29
5 5 6 30
7 2 6 31
1 2 6 33
7 7 6 35
2 4 6 38
4 5 6 40
7 2 7 39
3 2 7 40
1 3 6 43
6 5 6 46
5 2 6 68
6 2 6 67
5 2 6 75
4 2 6 76
3 2 6 78
5 2 6 81
5 4 6 89
6 4 6 94
7 6 6 95
4 2 6 99
8 4 6 100
6 4 6 102
1 3 6 105
3 2 6 106
6 3 6 107
8 6 6 107
1 4 6 112
5 2 6 114
1 3 6 117
5 2 6 121
6 3 6 125
7 2 6 127
5 2 6 130
7 2 6 131
8 4 6 133
7 5 6 134
4 3 6 137
7 2 6 142
2 3 6 143
7 3 6 143
5 5 6 145
5 6 6 151
4 3 6 160
8 2 6 164
1 2 6 165
6 2 6 165
8 3 6 166
2 5 6 169
1 3 6 172
3 2 6 173
6 2 7 174
2 3 6 179
7 3 6 183
4 3 6 185
6 4 6 189
4 2 6 193
6 3 5 1
8 2 5 1
4 2 5 3
6 2 5 7
6 2 5 18
7 2 5 19
5 3 5 22
8 3 5 25
6 2 6 26
7 3 6 27
8 2 5 31
5 5 5 37
6 3 5 42
6 2 5 41
8 8 5 44
1 2 5 50
3 3 5 53
6 7 5 55
8 2 5 58
6 4 5 59
1 2 5 62
8 2 5 64
2 5 5 69
1 4 5 71
6 3 5 73
7 2 5 76
5 4 5 77
7 2 5 81
5 4 5 83
8 3 5 85
6 3 5 87
8 4 5 92
5 5 5 92
8 2 5 113
6 2 5 112
3 2 5 115
4 5 5 119
6 2 5 118
7 4 5 119
3 2 6 119
3 3 5 121
4 5 5 125
6 2 5 127
3 2 5 135
8 2 5 144
8 7 5 147
8 2 5 157
6 2 5 158
2 3 5 159
7 6 5 161
5 6 5 162
2 2 5 163
7 3 5 165
7 3 5 170
4 2 5 173
5 3 5 174
3 3 5 176
6 11 5 182
7 2 5 187
2 4 5 194
6 4 4 4
8 2 4 9
1 2 4 15
8 2 4 16
6 2 4 16
3 2 4 16
8 2 4 21
6 2 4 26
4 3 4 31
8 2 4 33
6 2 4 35
2 9 4 40
4 2 4 43
6 5 4 45
5 2 4 49
6 5 4 50
3 2 4 57
7 3 4 59
2 3 4 63
4 2 4 64
8 2 4 66
7 4 4 67
5 4 4 73
6 2 4 78
8 2 4 77
1 2 4 80
6 2 4 80
3 2 4 85
3 3 4 88
1 3 4 94
8 8 4 98
6 3 4 101
7 3 4 109
4 3 4 110
3 2 4 112
5 3 4 113
7 6 4 116
2 3 4 119
7 3 4 121
6 6 4 122
7 2 4 123
8 3 4 126
4 2 5 127
5 3 4 128
8 2 4 134
5 2 4 136
6 3 4 142
4 2 4 153
6 2 4 152
8 7 4 154
8 2 4 155
7 2 4 156
5 6 4 157
6 3 4 165
8 6 4 167
6 5 4 175
4 3 4 178
8 2 4 187
6 5 4 191
5 4 4 196
1 2 4 197
6 4 4 200
4 2 3 1
6 2 3 3
5 2 3 4
7 7 3 6
7 196 10 5
8 200 9 1
7 200 8 1
5 200 7 1
7 200 6 1
8 200 5 1
2 200 4 1
7 400 3 1
