332769
4021
4 4 0 5
3 3 0 9
6 2 0 14
5 2 0 18
1 4 0 21
2 2 0 29
5 2 0 37
3 2 0 40
8 2 0 41
1 3 0 42
3 3 0 44
8 4 0 49
2 2 0 57
3 2 0 62
1 2 0 66
2 2 0 68
6 3 0 73
4 2 0 77
7 3 0 79
2 2 0 91
6 2 0 95
2 3 0 99
6 4 1 8
7 2 1 6
8 3 1 14
5 3 1 20
8 3 1 26
6 2 1 27
3 2 1 29
3 2 1 35
2 2 1 38
6 2 1 42
8 2 1 46
2 3 1 50
6 2 1 51
4 2 1 52
5 2 1 54
6 6 1 56
5 2 1 59
4 2 1 66
3 3 1 74
2 2 1 83
6 2 1 82
4 2 1 86
7 3 1 89
6 2 1 97
4 2 1 98
1 2 2 6
7 5 2 27
6 3 2 35
4 2 2 38
2 2 2 41
4 2 2 43
6 2 2 44
7 2 2 45
1 2 2 47
3 2 2 50
1 2 2 54
7 2 2 55
3 3 2 58
7 2 2 68
8 3 2 69
7 3 2 74
1 2 2 94
8 2 1 93
5 2 2 94
4 2 3 1
8 2 3 2
4 2 3 4
8 2 3 6
6 2 3 10
8 2 3 11
6 2 3 12
2 2 3 12
4 2 3 15
5 3 3 17
1 2 3 19
8 2 3 19
4 2 3 24
1 2 3 28
7 2 3 31
8 2 3 36
2 2 3 38
5 2 3 48
2 2 3 48
5 7 3 60
6 2 2 61
2 4 3 63
8 2 3 65
6 2 3 65
4 2 3 72
7 2 2 71
3 2 3 76
2 2 3 91
1 2 3 92
1 2 4 13
8 2 3 13
8 2 4 15
2 3 4 21
6 3 4 26
1 2 4 25
4 2 2 24
8 2 4 31
6 3 4 37
7 2 4 39
3 2 4 47
1 3 4 48
4 2 4 53
3 2 4 62
8 2 4 61
3 5 4 65
1 2 4 66
3 2 4 67
4 3 4 69
3 2 3 71
1 2 4 71
3 3 4 79
5 2 3 77
8 2 4 77
1 2 4 79
8 2 2 80
3 2 4 81
2 3 4 82
8 2 4 83
5 2 3 84
6 2 4 89
8 2 4 88
4 2 4 90
3 3 4 93
2 3 4 94
8 2 4 99
6 2 5 3
7 3 5 4
5 2 4 4
2 2 5 6
4 2 5 7
8 3 5 14
3 6 5 19
7 2 5 20
5 2 5 26
1 2 5 29
2 2 5 30
5 2 5 34
5 2 1 33
2 3 5 35
8 2 4 36
4 2 5 36
1 2 5 37
1 2 5 39
3 2 5 42
4 4 5 46
6 3 5 50
2 2 5 62
8 2 5 63
2 3 5 69
4 2 5 73
4 3 5 76
6 3 5 78
4 2 5 79
7 4 5 83
4 4 6 1
1 2 5 2
2 3 5 1
6 2 6 2
1 2 6 4
3 2 6 6
5 4 6 15
5 2 6 20
4 2 6 24
3 3 6 36
1 2 6 41
5 2 5 42
2 3 6 43
2 2 5 45
5 4 6 45
4 2 6 51
5 2 6 53
4 2 6 55
4 2 3 56
3 2 4 56
2 2 5 54
7 2 6 58
6 2 6 57
2 2 6 66
5 2 5 67
8 2 6 66
8 2 6 68
6 3 6 70
4 2 6 70
5 2 6 81
6 2 5 80
4 2 5 81
2 2 6 98
7 3 7 14
4 3 7 19
5 3 7 22
3 3 7 24
7 2 7 34
8 7 7 39
2 2 7 51
3 4 7 56
2 2 7 63
8 2 7 62
1 3 7 68
2 4 7 77
7 3 7 76
6 2 7 81
7 2 7 85
8 2 5 86
8 2 7 86
3 2 6 85
4 2 6 84
3 2 7 87
8 2 6 87
5 2 6 88
3 2 6 87
2 2 6 88
7 3 7 89
8 2 6 90
2 2 7 94
8 4 7 95
8 2 2 96
3 3 8 6
1 2 8 8
6 2 8 8
8 3 8 10
1 5 8 13
4 2 8 17
7 2 8 20
1 2 8 21
8 2 8 22
1 2 6 22
8 2 6 23
6 3 7 23
8 2 8 29
1 4 8 32
7 2 6 31
4 2 4 32
3 3 4 32
8 2 8 33
8 2 6 33
4 2 8 32
6 3 8 33
2 2 7 31
6 2 8 35
4 3 8 38
2 3 8 44
3 2 7 46
4 2 8 43
6 3 8 51
1 2 8 63
4 4 8 85
2 2 8 86
5 2 8 85
2 7 8 92
6 4 8 95
6 2 4 96
1 2 4 96
6 2 8 97
7 2 9 0
1 2 9 10
2 2 6 11
7 2 6 10
2 2 7 9
3 2 7 9
6 2 7 11
6 2 9 17
7 2 9 19
4 2 9 26
7 2 7 25
2 2 7 25
8 2 9 27
1 2 9 26
2 2 9 36
5 2 9 37
1 2 9 40
3 2 9 40
3 2 9 45
6 2 9 46
2 2 9 49
4 2 9 53
6 2 9 67
3 2 9 67
8 2 9 69
1 2 9 71
8 2 8 71
6 2 7 72
3 2 7 72
1 2 7 72
5 2 6 73
2 3 9 74
1 4 9 77
7 2 9 81
1 2 9 82
3 2 9 84
5 2 9 92
3 2 9 97
4 2 6 96
4 2 10 17
4 3 10 23
7 2 10 29
4 2 9 29
3 2 10 32
1 2 10 42
7 2 9 42
2 2 10 41
8 2 10 42
4 2 10 45
6 2 10 50
8 2 10 49
1 2 10 48
4 2 10 51
4 2 10 57
2 2 9 57
6 2 10 58
1 3 10 59
7 3 10 66
2 2 8 65
3 3 10 76
6 2 10 75
4 2 10 74
8 2 9 75
5 2 10 75
6 2 10 84
7 2 10 86
4 3 10 88
3 2 6 90
3 2 11 0
6 2 11 2
2 2 11 11
7 2 11 14
1 2 11 23
8 2 11 25
3 3 11 30
1 2 11 33
3 2 11 36
1 2 11 37
5 2 11 41
1 3 11 44
6 2 11 46
3 4 11 51
4 2 11 58
4 2 9 59
3 2 6 60
3 2 9 60
6 2 8 61
1 2 10 57
8 3 10 56
4 6 11 66
5 2 11 67
6 3 11 68
3 2 11 74
2 2 11 75
3 2 11 80
5 2 7 79
4 2 9 79
5 2 11 81
8 3 11 84
2 3 10 82
4 2 11 82
3 3 11 82
1 3 11 86
7 3 11 92
1 2 9 91
4 2 12 5
6 2 12 6
3 4 12 8
5 3 9 7
2 2 10 7
5 2 10 10
2 2 11 10
7 2 11 9
1 2 12 8
4 2 11 7
8 2 12 16
2 2 12 17
3 2 12 17
1 2 12 18
1 2 11 19
6 3 12 22
7 2 12 32
6 4 12 38
5 4 12 55
7 3 9 54
1 2 12 57
3 3 12 61
1 2 9 60
2 2 11 62
6 2 12 61
4 3 12 61
5 2 12 61
5 3 12 72
1 2 12 76
8 2 12 75
2 2 12 78
7 3 12 83
1 2 12 96
8 2 11 95
3 2 11 94
4 2 11 96
5 3 12 95
2 2 12 99
7 2 13 0
8 2 13 2
4 2 13 7
1 2 11 6
4 2 13 16
3 2 13 21
7 2 12 22
5 2 13 22
5 2 13 30
6 2 11 29
3 2 11 28
8 5 13 36
3 5 13 50
7 2 13 52
5 2 9 52
8 3 13 56
7 2 13 62
4 2 13 72
7 2 10 71
4 3 13 76
5 2 13 84
7 2 13 86
7 2 13 92
2 3 13 92
8 5 13 95
7 2 13 99
7 2 14 4
4 2 12 3
7 2 11 4
6 2 11 4
2 2 11 5
2 2 12 2
5 2 12 5
3 2 13 3
6 3 13 5
3 2 14 13
8 2 14 17
5 2 13 18
2 2 14 23
1 2 14 33
2 2 14 38
6 2 10 39
7 3 10 39
4 2 13 39
8 4 13 40
7 4 14 39
1 2 14 50
6 3 14 55
5 2 14 56
2 2 14 61
5 3 14 63
6 2 13 65
5 2 13 64
3 2 13 65
2 2 14 64
5 4 14 70
1 2 13 71
3 2 13 72
8 2 14 70
7 6 14 74
5 2 14 79
7 2 13 79
5 2 14 88
6 2 10 87
2 2 11 87
6 2 14 88
2 2 14 90
4 2 11 90
3 2 11 91
7 2 12 90
1 2 11 89
6 2 12 90
3 4 14 97
7 3 10 97
4 2 10 98
5 2 14 97
1 2 15 3
1 2 15 17
8 3 15 19
7 2 15 20
6 2 15 21
8 2 15 28
4 2 11 27
5 2 11 27
6 2 13 28
2 2 12 27
7 2 13 27
8 2 14 28
2 2 14 29
7 2 15 32
6 2 15 31
7 2 13 30
2 5 15 31
5 2 15 31
4 3 15 46
4 2 15 55
2 2 14 54
6 2 15 58
8 2 11 59
3 4 15 59
3 2 13 58
5 2 13 58
4 2 15 63
4 2 14 62
7 2 15 62
1 3 15 75
8 2 15 78
1 2 15 81
8 2 14 80
7 2 15 83
4 2 14 82
5 2 15 84
1 2 15 84
7 2 15 90
8 2 14 91
4 2 15 89
3 2 15 88
6 2 15 92
5 3 16 1
5 2 12 0
4 2 16 4
7 2 16 11
3 2 12 10
8 2 15 10
1 2 13 11
5 2 11 12
2 2 16 14
4 2 15 15
2 2 16 19
4 2 16 23
5 4 16 25
4 2 12 25
1 2 14 25
2 2 12 24
5 2 12 24
6 2 14 25
3 2 14 26
4 2 16 26
6 4 16 28
5 2 16 43
6 2 14 43
5 2 12 44
1 3 16 55
4 2 13 53
3 2 11 52
4 2 11 52
7 2 13 52
6 2 13 54
1 2 16 62
2 3 16 70
6 2 16 84
3 2 16 87
5 2 16 89
6 2 16 96
7 3 16 97
6 2 17 2
5 2 17 6
2 2 14 7
8 3 14 6
1 2 16 7
1 3 17 6
7 2 17 5
8 3 17 5
6 2 17 13
3 2 13 13
5 2 15 13
4 2 14 14
6 2 14 14
8 4 17 34
2 2 17 34
4 2 15 35
1 2 13 34
7 3 13 34
5 3 15 34
4 2 16 33
6 4 17 36
1 2 16 37
6 3 17 39
4 2 16 41
5 2 16 40
8 2 17 41
4 3 17 41
8 2 17 39
6 2 17 47
7 2 12 46
3 2 14 46
6 2 16 47
2 2 15 48
6 2 15 49
7 2 15 50
5 2 15 50
8 2 15 51
8 3 17 53
3 2 17 57
6 2 17 65
5 3 17 68
3 2 15 68
1 2 17 71
6 3 17 70
7 6 17 70
1 2 16 68
5 2 17 69
4 2 17 74
6 3 17 77
2 2 17 84
4 2 17 85
7 2 16 85
3 2 16 86
7 3 17 92
5 2 17 91
5 2 17 95
1 2 17 94
7 2 16 93
7 2 17 95
2 2 17 96
8 2 18 0
5 2 18 2
4 2 16 2
7 2 18 2
1 2 18 2
5 2 18 10
3 2 18 18
6 2 17 18
7 2 17 17
1 2 18 19
2 3 18 23
8 2 15 24
1 3 18 24
3 2 18 28
5 2 16 27
2 3 18 37
1 3 18 43
4 2 17 43
5 2 18 42
5 2 18 55
3 2 17 56
8 2 18 61
5 2 18 64
1 2 18 69
8 2 18 76
3 4 18 76
1 3 18 77
6 2 15 79
4 2 15 80
1 2 16 80
3 2 15 79
7 2 18 77
5 4 18 78
6 5 19 3
5 2 19 3
7 3 19 5
4 3 19 7
2 2 19 7
6 2 19 9
3 2 19 11
8 2 19 13
5 2 19 14
8 2 19 19
7 2 19 29
5 3 19 31
3 3 19 31
6 2 19 31
2 3 19 34
3 2 19 34
7 2 19 35
7 4 19 40
1 2 19 48
5 2 19 47
1 2 19 46
1 2 15 45
4 2 19 46
4 2 19 48
2 2 19 51
1 2 19 53
5 2 16 52
1 3 19 56
6 2 19 81
1 2 16 80
8 2 19 83
6 2 19 84
2 2 19 88
3 4 19 89
4 2 18 87
8 2 19 89
3 2 18 90
6 2 18 91
4 3 19 90
6 2 20 6
5 3 20 8
8 4 20 9
7 3 20 12
3 4 20 13
4 2 19 14
7 2 19 14
3 2 20 19
3 2 18 20
3 2 13 21
4 2 13 22
4 2 18 20
4 4 20 33
2 5 20 53
4 2 20 56
2 3 20 58
4 2 18 58
1 2 17 59
6 4 20 59
7 3 18 59
6 2 18 59
3 3 20 62
4 2 20 60
6 2 20 63
2 2 19 63
4 3 20 64
4 2 17 65
8 3 20 66
8 2 19 68
4 2 20 70
2 2 20 77
1 2 20 82
7 2 19 81
6 2 18 80
5 2 20 84
1 2 20 96
2 5 21 0
4 2 21 11
1 2 21 17
7 2 21 20
8 2 21 24
8 2 21 27
8 2 20 27
7 2 20 27
1 2 20 28
5 2 20 28
8 3 21 30
7 2 21 30
2 2 21 35
4 7 21 36
5 2 21 37
6 4 21 50
8 3 21 54
3 4 21 63
6 2 20 64
1 2 20 65
2 2 21 70
6 2 21 73
7 2 21 91
3 2 21 92
5 3 21 99
6 2 18 98
5 3 22 18
2 2 21 17
4 2 21 18
6 2 22 17
2 2 22 18
8 2 22 18
1 2 22 23
3 2 22 27
2 3 22 29
4 2 22 31
4 2 22 40
2 2 21 41
5 2 22 41
4 5 22 42
5 2 21 43
1 2 22 48
2 2 18 47
3 2 19 47
4 2 22 53
5 2 22 58
8 2 22 58
3 2 22 59
2 2 22 60
4 2 22 62
3 2 22 79
6 2 21 80
2 2 19 79
5 2 20 81
4 3 22 79
3 5 22 83
6 2 22 87
2 2 20 88
2 5 22 87
4 2 20 86
5 2 22 95
2 2 20 94
5 5 23 5
5 2 22 4
5 6 23 11
5 2 23 11
8 2 23 10
6 2 23 12
8 2 21 13
1 3 21 13
6 2 23 28
5 2 23 32
4 2 23 38
7 2 21 38
6 2 21 39
1 2 22 38
1 2 21 39
2 2 21 40
3 2 22 37
5 2 22 38
7 2 23 42
8 3 23 54
3 3 23 57
2 2 23 66
5 2 23 65
8 2 19 66
4 2 19 67
7 2 19 67
7 2 23 66
4 2 23 72
6 2 19 73
2 2 23 79
7 3 23 85
1 3 23 88
6 2 23 88
5 2 23 88
6 2 23 92
3 2 24 0
4 2 21 0
3 2 24 10
6 2 22 9
4 2 21 8
3 2 24 18
1 2 24 18
7 3 24 19
1 2 24 25
2 2 23 24
6 2 20 25
7 3 24 25
7 3 24 27
1 2 24 30
2 2 24 36
6 3 24 35
5 3 24 39
6 2 23 38
2 2 24 42
8 2 24 46
2 3 24 47
8 2 20 46
6 2 20 45
3 2 21 49
8 2 23 49
3 2 24 46
8 2 24 60
4 2 23 60
7 2 24 72
1 4 24 79
8 2 23 80
1 2 24 80
1 2 24 83
8 2 20 82
6 2 22 82
7 2 22 82
8 5 24 87
7 2 24 96
1 2 25 0
6 2 25 0
5 2 23 1
5 2 20 0
2 2 21 0
7 2 21 0
3 2 21 0
2 2 25 3
1 2 25 4
1 2 24 5
4 2 25 4
5 3 25 14
1 2 17 15
4 4 25 14
5 2 17 15
7 2 17 16
4 2 21 15
7 2 21 16
3 2 25 26
2 2 25 34
8 2 25 33
1 2 22 32
4 3 25 37
3 2 25 50
5 2 22 50
8 2 25 62
7 2 24 61
2 2 23 60
2 2 24 63
2 4 25 72
5 3 25 71
2 2 23 73
1 2 18 74
4 2 19 74
5 2 22 74
8 2 24 70
3 2 22 69
3 2 25 72
5 2 25 80
8 4 25 81
2 3 25 88
4 4 25 93
4 3 23 92
6 2 22 94
8 2 23 94
5 2 24 93
4 2 24 94
3 2 24 95
4 2 25 91
2 2 21 90
1 2 25 92
2 2 25 94
2 2 23 93
2 2 25 97
4 2 21 98
4 2 18 97
8 3 21 99
3 2 18 97
1 2 23 98
8 2 24 98
6 2 22 97
7 2 24 97
1 2 25 97
1 3 25 99
7 2 26 3
2 2 26 5
5 4 26 6
1 2 26 7
6 2 26 17
8 2 26 16
8 2 20 15
3 2 20 15
2 2 20 16
3 3 26 15
1 2 23 15
5 2 23 16
2 2 24 16
7 2 26 18
4 5 26 20
1 2 25 22
5 2 24 23
6 2 26 26
6 2 26 32
2 2 26 33
1 2 26 36
8 2 26 37
1 2 26 40
3 2 25 41
6 2 26 39
3 2 26 39
8 2 26 41
7 2 26 42
3 2 26 53
7 2 26 57
3 2 26 56
3 2 26 59
3 2 26 65
5 3 26 74
5 2 21 75
8 2 25 73
3 2 24 74
2 2 25 74
4 4 25 75
6 3 26 75
1 2 23 76
8 2 24 76
4 2 26 78
2 2 26 77
3 2 26 81
2 3 26 85
6 2 26 88
6 2 26 90
7 2 25 89
3 2 26 95
5 2 27 0
8 3 27 1
8 2 25 2
2 2 25 3
1 2 27 21
7 2 27 22
3 2 27 31
7 6 27 32
8 3 27 35
2 3 27 38
8 2 27 45
6 2 25 46
7 2 22 47
4 3 22 47
8 2 23 48
2 2 23 48
2 2 26 44
3 2 27 49
1 2 27 48
6 2 24 47
1 2 26 49
4 2 26 48
7 2 26 49
3 2 24 50
7 3 27 47
8 2 27 47
4 5 27 57
2 2 27 60
2 2 27 66
1 3 27 67
4 2 22 67
5 2 21 68
6 2 23 68
2 2 27 68
5 3 27 77
7 3 27 79
6 2 27 83
4 2 27 83
6 2 26 84
5 4 27 82
7 2 27 87
8 2 26 86
8 3 27 89
3 2 26 90
3 7 27 92
1 2 28 4
3 2 28 3
8 2 27 2
4 2 26 1
6 3 28 5
4 2 26 6
3 2 27 6
6 2 28 6
2 2 28 9
8 2 23 8
1 2 23 8
1 2 25 9
7 2 28 11
3 2 28 14
6 2 28 15
2 3 28 21
5 3 26 19
5 2 28 20
6 2 22 21
3 3 28 20
2 2 28 19
8 2 28 18
2 2 28 26
2 2 26 26
8 2 28 28
3 2 25 29
1 2 28 30
2 2 28 30
5 5 28 42
4 2 23 44
5 2 26 44
5 2 28 48
6 2 28 49
2 3 28 52
8 2 25 52
7 2 25 53
1 2 28 51
5 2 28 69
4 2 28 68
6 2 26 69
3 2 28 69
4 2 28 71
2 2 28 72
8 3 28 75
6 2 27 75
2 2 28 74
4 3 28 81
3 3 29 8
3 2 27 8
4 2 26 9
6 2 26 8
7 2 29 7
6 2 29 8
7 3 29 14
7 2 29 18
6 4 29 20
5 2 29 21
8 2 26 22
1 3 29 21
5 2 29 24
4 4 29 27
3 2 29 28
4 2 29 29
4 2 29 41
1 2 29 50
1 2 29 55
5 2 24 55
1 2 29 59
4 2 29 61
3 2 29 62
1 3 29 61
6 2 28 60
4 2 29 62
6 2 28 62
6 2 26 63
2 2 28 63
8 2 28 64
5 3 29 63
7 2 28 64
4 2 26 65
6 2 27 65
8 2 28 64
3 2 29 62
5 2 29 73
3 3 29 75
6 2 29 80
6 2 29 84
1 3 29 85
4 2 26 85
1 3 29 98
3 2 29 98
5 2 28 97
7 2 28 97
5 2 27 96
8 2 28 96
1 2 27 97
6 2 29 98
8 2 30 7
2 4 30 6
8 2 30 5
5 2 30 9
8 2 29 10
2 2 28 9
6 2 29 10
7 2 29 9
3 2 30 25
7 2 28 24
1 2 29 26
1 2 30 30
1 2 29 29
3 2 29 30
6 2 30 31
5 2 30 31
8 2 30 34
7 2 30 34
5 2 27 35
3 2 28 35
5 2 30 39
6 2 30 42
1 3 30 46
3 2 30 48
2 2 30 49
8 2 30 50
3 4 30 52
2 4 30 54
4 2 26 55
1 2 30 57
7 2 30 59
7 2 29 58
4 2 30 58
2 2 30 58
2 2 30 66
3 2 28 65
8 4 30 70
2 2 30 76
1 2 30 76
1 3 30 80
3 2 30 88
5 3 30 90
3 2 29 89
2 2 30 90
8 8 30 96
6 2 29 95
3 2 31 1
4 2 25 0
1 2 31 0
1 2 29 1
4 2 30 1
6 3 31 1
7 2 31 8
4 2 31 14
6 2 31 15
7 4 31 20
5 3 31 48
8 2 31 48
3 2 31 50
3 2 31 61
8 2 30 60
2 2 31 68
6 2 29 67
8 3 29 66
5 3 30 67
2 2 31 67
2 2 31 79
2 2 31 82
7 2 31 81
2 2 29 82
3 2 30 82
4 2 31 83
3 2 31 84
7 5 31 91
1 2 30 93
7 2 31 93
5 2 29 94
7 2 31 96
4 2 32 0
4 4 32 7
3 2 32 8
1 2 32 9
2 2 32 10
6 4 32 13
6 2 27 12
7 2 32 18
8 2 31 17
5 2 31 18
5 4 32 20
5 5 32 28
3 2 32 31
4 2 30 32
5 6 32 38
7 2 31 39
1 2 32 38
8 2 30 37
7 2 31 37
2 2 32 48
4 2 32 49
7 4 32 55
8 2 31 54
4 2 32 52
6 3 32 53
1 2 32 53
4 3 32 54
4 2 32 56
6 2 32 61
7 2 32 60
1 2 32 63
5 2 32 70
4 2 31 69
5 2 30 70
7 2 30 70
2 2 31 70
8 2 32 72
7 2 32 79
3 2 32 81
2 2 32 87
7 2 26 86
8 2 32 88
4 2 31 89
7 3 32 90
4 2 32 92
8 2 31 93
3 3 31 93
7 3 32 95
3 2 33 0
2 2 33 1
4 4 33 9
7 7 33 23
1 4 33 24
6 2 32 25
5 2 31 26
7 2 33 27
8 2 33 28
8 2 32 29
3 2 33 29
7 3 33 30
6 3 33 31
7 2 33 35
5 2 33 34
4 2 33 33
8 2 33 36
4 4 33 38
8 2 33 39
1 3 33 49
7 3 33 51
3 2 33 59
3 2 33 62
2 2 33 64
4 2 33 65
8 3 33 67
4 2 31 65
1 2 32 67
8 2 32 66
7 2 32 65
7 2 33 73
3 3 33 74
6 4 33 75
8 2 33 78
5 2 33 84
2 2 29 85
7 4 33 84
3 2 33 88
8 3 33 94
2 2 33 99
6 3 34 12
4 2 30 12
1 2 30 12
8 3 27 11
4 2 27 12
8 2 30 13
4 2 34 12
7 2 32 11
2 2 34 12
5 2 32 12
6 2 33 12
1 2 34 15
2 3 34 15
3 2 31 16
4 2 32 16
4 4 34 17
2 3 34 18
2 2 33 17
1 2 34 22
6 2 34 23
1 8 34 30
4 4 34 35
6 3 34 42
2 2 34 45
7 2 28 44
4 3 28 44
3 2 30 44
7 4 30 43
3 2 26 44
1 2 30 43
7 2 29 44
2 4 29 44
3 2 34 47
2 2 34 60
4 2 34 62
7 2 34 63
2 2 34 65
3 2 34 67
1 2 34 77
7 2 34 78
6 2 34 77
3 3 34 76
1 3 34 78
6 2 34 80
3 2 34 85
8 2 34 86
5 2 31 85
8 2 31 85
1 2 31 86
6 2 34 95
3 4 35 0
5 3 35 9
2 2 34 8
8 2 34 9
3 2 35 11
3 2 35 20
8 3 35 22
1 2 35 24
2 3 35 26
8 3 34 25
7 2 35 27
5 4 35 32
6 2 35 33
7 3 35 41
1 2 35 40
5 2 34 41
3 3 34 42
8 2 32 43
3 2 35 39
4 2 35 43
7 3 35 46
6 2 33 45
5 2 33 46
6 2 35 54
3 3 35 54
8 2 35 55
2 2 34 56
7 2 35 55
4 2 35 56
3 2 35 59
1 2 34 58
5 2 34 60
5 2 35 58
7 2 35 65
8 2 35 69
1 2 34 70
6 2 35 70
8 2 35 74
5 2 35 78
7 2 35 89
5 2 35 88
7 3 35 92
5 2 36 6
1 2 36 9
8 2 36 11
5 2 36 19
3 2 35 18
4 2 36 21
3 2 36 24
2 2 36 27
7 2 36 33
5 3 36 33
3 2 36 35
2 2 36 35
7 3 36 36
2 2 34 37
3 2 36 38
5 2 36 37
8 2 36 40
4 2 36 41
4 5 36 47
3 2 36 46
6 2 35 45
3 2 34 44
1 2 35 46
8 2 36 45
4 2 36 46
1 2 36 50
6 2 34 51
2 2 35 51
5 3 35 52
8 4 36 51
2 2 36 57
4 4 36 64
1 2 36 68
4 2 35 67
5 3 35 66
6 2 36 79
4 3 36 81
3 2 36 88
2 2 36 88
5 3 36 94
4 2 37 3
5 2 31 3
6 2 31 3
3 3 31 3
7 2 31 2
4 2 33 2
1 2 32 3
7 2 34 2
1 2 37 6
2 2 37 8
8 2 37 7
6 4 37 10
8 2 37 13
3 2 35 13
7 3 37 15
6 2 37 16
8 2 37 17
7 2 37 21
7 2 37 24
6 3 37 25
8 2 37 29
3 2 37 32
8 2 37 34
6 2 37 36
2 2 37 39
6 2 37 52
2 2 33 51
1 2 33 51
8 2 37 54
8 10 37 58
8 3 37 64
1 2 37 70
2 2 37 72
5 2 36 73
7 2 37 77
1 2 37 80
1 2 37 85
5 2 35 85
6 3 37 88
7 2 38 6
7 4 38 15
4 2 36 17
1 2 38 16
4 3 38 24
1 2 38 24
4 3 37 23
8 2 38 31
2 2 38 31
1 3 38 39
3 2 38 42
4 2 38 45
7 2 37 44
1 2 36 43
2 3 37 44
7 3 38 46
1 2 38 46
6 4 38 50
3 2 38 52
2 2 38 54
6 4 38 54
3 2 38 56
1 2 38 58
6 2 38 60
4 2 36 61
7 2 37 61
5 2 38 61
2 2 37 62
6 3 38 69
6 2 36 68
7 2 36 68
3 2 36 68
8 2 38 71
7 4 38 80
6 2 33 82
4 2 35 82
1 2 35 82
5 2 38 82
3 2 36 83
1 3 38 83
8 2 38 84
2 2 38 84
4 3 38 94
1 2 33 95
2 2 36 95
5 2 34 96
6 2 34 97
7 2 36 95
2 3 37 95
8 2 38 96
2 2 38 98
7 2 37 98
3 2 36 97
8 2 38 98
2 2 37 97
4 2 38 99
2 2 39 1
5 2 37 0
3 2 39 7
3 4 39 20
1 3 39 27
3 2 39 34
2 2 39 41
5 3 39 44
8 4 39 47
6 2 39 57
7 2 39 57
2 2 39 58
2 2 39 60
6 3 39 65
6 2 39 73
1 2 36 74
2 2 35 75
6 2 37 72
8 2 37 74
7 2 36 75
6 2 36 75
6 3 39 80
4 3 39 79
2 2 39 78
6 2 39 85
7 3 39 86
3 2 33 86
5 2 33 86
7 2 33 87
7 3 40 1
4 3 40 0
7 2 39 2
5 2 40 0
3 3 40 2
7 2 35 3
4 2 35 4
1 2 35 5
3 2 36 5
2 2 37 4
7 2 37 5
8 2 39 2
2 2 40 2
5 2 40 3
2 2 40 19
3 3 40 27
1 2 40 34
6 2 40 37
1 2 37 37
4 3 40 39
6 2 40 41
8 2 40 42
2 2 40 49
4 2 39 50
5 4 40 50
8 2 40 56
5 2 40 56
2 2 40 63
3 2 39 62
1 2 40 66
3 2 38 65
2 3 40 66
1 2 40 65
1 2 40 85
1 3 40 87
4 2 39 87
5 2 39 87
8 2 39 86
1 2 40 90
4 3 40 90
1 2 40 94
8 6 40 94
5 2 39 97
1 2 40 96
3 2 40 96
4 2 40 97
1 2 41 2
8 2 41 4
4 3 41 9
1 3 41 17
4 3 41 22
7 2 38 24
3 2 35 25
2 2 41 24
1 2 41 25
5 2 38 25
7 2 41 28
6 2 41 35
7 5 41 49
2 2 41 51
6 3 41 52
6 2 41 55
2 3 41 56
1 2 41 59
6 2 41 59
8 2 41 59
6 2 40 60
5 2 41 61
1 4 41 62
8 2 41 66
2 2 40 67
2 4 41 75
7 2 40 74
4 2 38 73
4 2 40 73
7 2 39 72
5 2 39 71
3 2 39 70
3 3 39 73
2 3 40 71
5 2 40 75
8 3 41 71
6 2 40 70
1 3 40 71
7 2 41 70
5 2 41 72
7 2 40 73
3 2 41 82
4 2 41 86
2 2 41 91
7 2 40 92
7 5 41 90
5 2 41 90
6 2 38 91
1 3 38 92
8 5 41 91
5 2 41 97
1 2 42 14
8 2 42 15
8 3 42 18
6 2 42 19
2 2 42 20
7 2 42 22
3 3 42 23
2 2 42 26
3 2 42 29
1 2 42 33
2 2 42 43
6 2 42 43
2 3 42 46
3 3 42 55
3 3 42 59
4 4 42 60
7 2 42 65
4 2 42 65
3 2 42 66
8 4 42 68
4 2 40 68
8 2 41 68
1 6 42 68
4 3 42 71
1 2 42 73
5 4 42 78
6 2 38 77
5 2 42 79
8 2 41 80
3 2 42 78
8 2 42 77
5 2 42 87
3 2 42 88
2 2 41 88
4 4 42 96
3 2 42 98
5 2 43 1
5 2 43 4
3 2 43 6
4 2 43 6
6 2 41 5
3 2 43 7
4 2 43 9
4 2 43 14
4 2 42 14
8 2 41 15
2 4 41 15
5 2 42 13
7 3 43 34
3 2 42 35
4 2 38 36
4 2 43 41
5 2 43 40
6 4 43 40
2 2 43 57
8 3 43 61
1 2 43 62
4 2 43 67
8 2 43 75
3 5 43 80
4 3 43 81
8 2 43 82
6 2 43 84
2 3 43 86
3 2 44 2
4 2 44 4
2 3 44 6
7 3 44 6
7 2 44 9
5 2 41 10
2 2 37 11
1 3 41 11
7 2 40 11
3 2 40 11
4 2 44 12
2 2 44 11
7 3 44 15
5 2 44 19
7 2 44 21
6 2 44 20
8 2 44 21
1 2 43 20
2 2 44 22
5 3 44 23
3 2 43 23
6 3 43 23
4 2 44 26
6 2 43 27
2 2 40 28
5 2 39 29
7 2 40 29
4 2 43 28
4 3 44 35
5 2 43 34
7 2 44 37
3 5 44 52
5 2 44 55
6 3 44 56
1 3 44 58
1 2 44 65
6 2 44 71
3 3 44 72
6 2 42 73
7 3 44 82
6 2 44 93
6 2 43 92
3 2 43 93
6 2 44 99
8 4 45 0
6 2 44 0
1 2 45 4
8 2 45 5
3 3 45 7
5 2 43 8
4 2 45 10
8 2 44 10
8 3 45 14
7 3 45 12
6 3 45 12
6 2 45 14
2 3 45 18
4 2 45 22
8 3 45 22
2 2 45 22
6 6 45 25
8 2 45 25
3 2 45 34
7 2 45 40
3 2 44 41
7 2 44 42
4 2 45 43
4 2 44 44
7 2 45 45
8 2 45 44
1 2 45 43
6 2 45 45
4 2 43 46
2 2 45 49
8 4 45 52
5 5 45 56
4 2 45 60
5 2 45 67
7 2 45 74
1 2 43 74
8 2 44 73
4 2 43 72
6 4 45 76
8 2 45 79
5 2 44 78
1 3 44 77
2 2 45 80
1 4 45 83
5 2 45 88
8 2 44 87
2 2 45 93
2 2 44 92
6 3 46 1
2 2 46 1
5 3 46 2
1 2 45 3
6 2 45 3
4 2 46 6
5 3 46 10
3 2 46 13
3 2 46 15
1 2 46 15
4 2 46 16
1 2 46 17
3 2 46 25
2 3 46 27
5 3 46 28
3 2 46 28
5 2 46 28
5 3 46 37
3 3 46 45
2 2 44 46
5 2 46 51
3 2 44 52
4 2 44 51
7 2 44 51
2 2 46 53
5 2 45 52
2 2 45 53
1 2 46 60
6 2 46 65
5 2 46 64
5 2 46 78
8 2 46 81
2 4 46 86
7 2 46 88
5 2 43 89
4 2 43 90
6 3 43 90
3 2 46 96
8 3 47 3
6 2 47 8
7 2 47 10
5 2 47 14
6 2 47 19
2 3 47 21
3 3 47 20
5 2 47 23
7 5 47 25
8 2 47 30
4 2 42 31
6 3 42 30
4 3 47 29
5 2 47 31
6 2 47 31
7 2 47 37
8 2 47 38
5 2 47 47
8 2 47 50
8 2 47 55
4 4 47 57
5 2 47 61
2 2 47 66
7 4 47 68
3 2 46 71
8 4 47 76
4 2 47 75
3 2 46 76
1 2 47 74
5 3 47 76
5 2 46 76
7 2 47 80
5 2 47 81
4 2 47 89
6 3 47 97
2 2 47 99
8 2 43 98
6 2 43 99
7 2 44 98
3 2 48 3
2 2 48 7
1 2 48 8
5 2 48 16
7 2 48 20
5 3 48 19
6 2 48 21
8 2 48 29
3 2 48 35
7 2 46 35
7 2 44 36
1 2 46 36
8 2 47 35
4 2 48 36
1 2 48 52
7 4 48 51
6 2 48 51
4 2 48 52
8 3 48 53
3 2 48 62
1 2 48 64
5 2 44 63
7 2 46 63
6 2 46 62
3 3 46 64
4 2 48 63
6 3 48 72
5 5 48 71
6 2 48 80
8 3 48 88
4 2 48 97
7 2 47 98
6 2 49 3
6 2 46 4
8 2 46 4
2 3 49 4
3 2 48 5
5 3 48 5
6 2 49 7
3 6 49 23
1 2 49 26
4 2 49 26
2 2 49 30
5 2 49 34
1 2 49 35
4 2 49 44
6 2 45 45
5 2 46 45
2 2 49 44
5 3 49 43
2 2 44 42
5 2 45 42
6 2 46 42
8 2 47 42
1 2 47 43
2 3 49 46
6 2 49 49
3 2 48 48
4 2 47 47
7 4 47 48
4 2 49 48
3 2 47 47
1 2 49 54
1 2 49 60
6 2 49 61
5 2 49 69
8 2 47 68
4 2 49 77
2 2 48 76
8 2 47 75
1 3 49 82
6 2 43 83
4 8 49 85
3 3 49 89
8 2 48 90
5 2 46 91
4 2 46 92
1 3 49 89
6 2 49 91
7 2 50 10
3 6 50 10
5 2 50 19
6 2 50 19
7 2 50 25
5 2 50 25
3 2 50 26
6 3 50 27
8 2 50 30
3 2 49 31
1 2 41 32
1 2 46 32
6 3 50 30
1 2 50 30
1 2 50 40
2 2 47 39
8 2 47 40
1 2 45 39
7 2 45 40
4 2 47 39
5 2 50 41
6 2 50 47
5 3 50 52
1 2 50 56
7 3 50 58
7 4 50 72
6 3 50 74
3 3 50 75
2 2 50 86
5 2 49 87
8 2 50 85
1 2 50 86
6 2 49 87
7 2 50 88
2 3 50 89
3 2 50 91
5 2 51 0
7 2 49 1
5 2 50 1
2 2 50 2
1 2 51 3
7 3 51 6
1 3 51 8
8 2 51 21
1 2 51 22
8 3 51 24
6 3 51 25
3 4 51 29
2 2 51 34
8 2 49 33
4 2 51 35
3 2 51 38
3 2 49 37
7 3 49 37
6 2 51 37
4 2 51 41
5 2 49 41
2 3 49 41
7 2 51 44
6 2 51 43
8 2 51 50
4 4 51 53
6 2 49 54
7 2 49 55
8 2 51 66
8 2 50 65
5 3 50 66
4 2 50 67
2 2 50 68
3 2 49 69
1 3 50 69
6 3 51 65
5 2 51 83
3 2 51 84
7 4 51 90
3 2 51 95
4 2 49 95
1 2 48 94
1 2 49 96
6 3 51 96
7 2 50 95
7 2 50 98
8 2 50 99
5 6 51 96
4 2 51 98
4 3 52 5
6 2 52 15
4 2 50 15
1 3 52 20
4 2 52 22
1 2 52 41
4 2 52 51
8 2 52 52
3 5 52 60
2 2 46 58
5 2 49 58
6 2 51 58
3 2 52 60
2 4 52 85
2 2 52 87
8 2 52 90
3 2 52 93
4 2 50 93
6 2 51 93
1 3 51 92
4 2 53 0
8 2 53 2
4 2 53 2
3 2 53 6
7 2 53 8
4 2 52 9
5 2 52 8
8 2 53 7
6 3 53 9
5 2 53 14
3 2 52 13
8 2 51 12
4 2 50 11
7 2 51 13
5 2 49 12
5 3 52 12
8 2 52 13
8 2 53 23
7 2 53 25
7 2 52 26
8 3 53 27
2 2 53 31
1 2 53 34
4 2 51 33
6 2 53 33
7 2 50 32
7 2 53 34
4 3 53 62
7 2 53 69
8 2 50 69
6 2 50 70
3 2 52 68
7 2 52 67
2 2 52 67
2 3 52 69
3 5 53 70
2 2 53 71
7 4 53 73
4 2 53 77
1 2 50 76
7 2 51 78
4 3 53 82
8 2 51 84
1 2 52 84
1 2 53 91
8 2 53 92
1 2 53 98
6 2 54 1
7 2 53 0
2 2 54 3
5 5 54 3
5 4 54 8
7 2 54 7
2 2 54 22
4 2 54 24
1 2 54 26
6 2 54 32
5 2 51 32
2 2 54 32
5 3 54 33
4 2 54 40
8 2 54 45
5 2 53 46
5 2 52 47
3 2 54 45
1 2 54 45
4 2 52 44
2 2 53 46
8 2 53 47
8 3 54 45
2 2 54 50
8 2 50 49
1 2 54 50
7 2 54 49
5 2 54 48
3 2 54 48
6 2 54 48
2 2 54 49
4 2 54 58
7 2 53 57
8 2 51 56
1 2 54 61
8 2 54 63
5 2 52 62
4 2 52 62
7 2 54 62
4 3 54 67
6 2 54 66
2 3 54 77
5 2 52 76
3 2 51 77
6 2 52 76
4 2 52 77
5 2 53 77
4 2 54 76
7 2 54 75
8 2 54 74
4 2 54 75
2 2 54 80
2 2 54 89
5 2 54 90
1 3 54 93
4 2 55 4
1 2 55 5
6 3 55 6
2 2 55 16
3 2 47 17
6 3 47 17
1 2 50 17
6 2 55 18
8 2 55 21
4 2 55 23
7 2 55 27
7 3 55 31
3 2 53 31
6 2 50 32
3 3 55 33
3 3 55 38
6 2 55 41
7 2 55 42
8 2 52 42
7 2 52 43
4 3 55 43
2 3 55 47
7 2 55 48
8 2 55 49
3 3 55 49
8 3 55 59
6 2 55 58
8 2 55 71
5 6 55 78
5 3 54 79
8 2 54 82
2 2 54 83
6 2 55 95
4 2 55 97
5 2 53 97
2 2 53 98
7 3 56 3
8 3 56 5
5 2 56 16
1 2 54 15
8 6 56 18
2 2 56 15
4 2 56 20
6 2 56 26
5 2 56 30
7 2 53 29
8 2 56 33
2 2 53 32
7 2 54 32
6 3 56 32
7 2 56 39
1 2 52 38
5 2 50 37
5 2 53 38
8 2 53 37
7 3 53 39
2 3 56 40
3 3 56 42
6 5 56 45
8 3 56 45
5 2 56 49
5 3 56 60
4 2 56 80
6 2 55 79
2 2 54 78
1 2 54 78
6 2 55 78
7 2 55 81
6 6 56 81
4 4 56 84
5 2 53 84
2 2 56 86
1 3 56 90
3 2 54 88
1 2 56 99
6 2 55 98
4 3 57 1
5 3 57 8
4 2 56 8
1 2 57 20
5 2 56 21
3 2 57 21
7 2 57 20
1 2 57 22
2 4 57 22
4 3 57 22
4 2 57 26
1 2 57 31
4 4 57 33
7 2 57 35
3 2 54 36
3 2 57 35
8 2 57 39
1 2 57 43
7 2 57 46
8 2 57 51
4 2 57 52
6 3 57 52
7 2 57 52
7 2 57 59
4 2 55 58
8 3 55 59
5 2 54 57
3 2 56 58
1 3 57 58
8 2 57 61
3 2 57 64
3 2 53 64
2 2 57 65
1 3 57 67
7 2 57 69
5 2 57 70
6 2 56 69
8 3 57 77
5 2 57 86
7 2 57 91
3 2 57 91
5 3 57 92
5 2 51 93
7 2 51 94
2 2 56 93
8 2 58 1
8 2 58 7
6 3 58 9
1 2 54 9
2 2 58 14
6 2 58 20
3 3 58 22
6 2 58 23
8 2 58 24
2 2 58 30
6 2 58 35
2 3 58 44
6 2 58 46
3 3 58 53
1 2 58 57
8 2 58 58
5 2 58 63
1 2 57 62
7 5 58 65
6 2 58 66
6 2 58 71
1 2 57 72
6 2 58 76
6 3 58 82
3 2 58 86
3 3 57 85
6 2 55 84
8 2 57 84
1 2 57 84
7 4 57 83
4 2 53 86
8 2 53 87
4 2 57 87
1 2 58 88
2 2 59 7
6 2 59 6
2 2 59 5
7 2 59 6
8 2 59 7
2 3 59 9
2 2 58 9
7 2 58 10
3 2 58 10
2 2 53 11
1 2 53 11
5 3 59 13
2 2 56 13
7 2 52 12
3 2 55 12
8 2 55 12
8 2 57 14
4 2 56 13
6 2 56 15
7 2 55 16
3 3 56 15
1 2 57 14
8 3 58 15
4 4 59 17
3 2 55 18
5 2 55 17
7 2 59 24
4 3 59 24
6 3 59 30
7 2 59 36
4 2 54 37
7 2 55 37
1 2 56 37
3 2 56 38
6 2 59 41
7 2 59 42
1 2 59 42
3 2 59 43
8 2 59 46
5 2 58 47
2 3 59 55
3 2 55 56
4 2 55 56
5 2 57 55
7 2 56 54
2 2 56 54
3 2 56 54
7 2 57 54
5 2 56 54
2 2 58 54
1 2 57 55
7 2 59 57
2 4 59 61
5 2 59 61
4 2 59 61
7 2 59 63
7 2 59 75
3 2 56 74
5 2 59 76
8 2 59 84
6 3 59 85
2 3 59 95
6 2 54 94
5 2 54 94
8 3 55 94
2 3 56 95
1 2 58 94
4 3 59 95
8 2 56 97
3 2 57 97
4 3 59 99
4 2 60 4
6 2 59 4
4 2 60 11
1 2 60 24
8 2 59 25
5 2 60 25
5 2 59 26
8 2 58 27
2 2 59 26
6 2 59 27
7 3 60 26
2 2 60 28
3 2 60 35
7 2 60 45
1 2 60 45
4 5 60 55
6 2 60 55
2 2 60 57
6 2 60 58
3 2 60 59
2 2 60 60
6 3 60 61
1 3 60 63
3 4 60 66
4 2 59 66
7 5 59 66
8 2 60 67
2 3 60 69
6 2 60 68
1 2 60 69
2 3 60 78
7 3 60 85
7 2 60 91
1 4 61 12
6 3 58 11
1 3 60 10
5 3 60 9
7 2 60 12
7 2 61 14
8 2 61 26
4 2 61 29
3 2 60 28
1 2 61 29
5 2 61 30
7 2 61 38
7 2 59 39
6 3 59 38
5 2 61 37
6 2 61 40
8 2 59 40
3 3 61 44
8 2 61 44
8 3 61 48
2 3 61 48
8 3 61 55
5 2 59 53
1 2 59 52
4 2 60 53
6 4 61 59
3 2 61 62
1 2 59 62
7 3 61 63
6 3 61 63
4 2 61 79
5 2 61 81
3 3 61 83
3 2 61 86
7 3 61 88
5 3 62 1
5 2 61 0
2 2 61 1
5 2 62 3
6 2 62 6
3 2 60 7
4 2 62 6
2 2 62 11
4 2 62 11
7 2 62 13
3 2 60 13
1 2 62 15
5 2 60 16
8 2 56 17
3 2 56 17
2 2 57 17
7 2 55 18
5 2 56 18
8 2 57 17
1 2 57 18
4 2 60 16
4 3 62 19
6 2 62 18
1 2 61 19
4 2 60 20
2 2 60 21
8 2 60 22
6 2 61 18
3 4 62 21
6 2 62 24
6 2 62 33
6 2 62 38
6 2 62 56
7 2 62 57
4 2 62 64
6 2 62 69
2 3 62 71
5 2 58 72
4 2 57 73
6 2 58 73
2 2 57 74
3 2 58 73
7 2 56 73
1 3 58 73
3 2 60 70
5 2 62 75
8 2 59 74
3 2 60 74
2 3 60 74
4 2 62 76
6 2 61 75
2 3 62 80
1 3 62 85
2 3 62 89
5 3 61 88
5 2 62 94
8 4 62 95
6 2 62 96
5 2 61 96
3 5 63 0
4 2 63 8
2 3 63 9
3 3 63 10
4 3 63 13
7 2 63 24
6 2 63 26
5 3 63 29
5 2 63 36
4 2 62 35
8 2 58 36
2 2 62 36
6 2 63 35
8 2 60 36
4 2 63 37
7 2 63 41
6 2 63 48
7 2 56 49
2 2 56 49
1 2 58 49
8 4 63 50
6 2 60 50
2 3 60 51
5 3 61 50
8 2 61 52
3 2 63 65
2 2 59 64
4 3 63 70
6 3 63 72
7 2 63 74
1 5 63 73
8 2 60 72
4 4 63 81
2 2 63 85
1 2 60 86
6 2 62 86
3 2 63 91
6 2 62 91
4 2 62 91
2 2 63 93
1 3 63 97
6 2 62 96
7 2 62 96
5 2 64 2
8 3 64 8
7 2 63 7
6 2 64 7
6 3 64 16
1 2 64 19
4 2 61 18
5 2 64 20
8 2 64 19
2 2 64 22
1 2 64 25
8 2 63 24
3 3 64 30
5 2 62 31
4 2 64 32
8 5 64 33
3 2 64 36
4 2 64 46
1 2 63 45
6 2 63 45
3 3 64 48
3 2 64 54
7 2 63 53
5 4 64 58
4 2 64 57
8 2 64 56
8 2 64 63
7 3 64 68
2 2 64 69
5 2 64 71
5 2 64 79
7 2 61 78
4 2 61 79
8 2 62 79
1 2 62 80
7 2 64 78
2 4 64 89
4 2 64 88
1 2 63 87
8 2 64 89
7 2 63 88
3 2 63 89
2 2 64 99
7 2 60 98
5 2 65 0
8 2 65 0
5 3 65 4
2 2 64 4
3 2 61 3
8 2 64 3
1 3 64 2
4 3 64 4
6 4 65 2
2 3 65 6
7 2 65 15
2 3 65 19
6 2 65 21
6 2 64 22
5 2 64 23
3 2 65 23
8 4 65 24
4 3 65 25
7 2 65 29
1 3 65 37
6 2 65 47
5 2 65 53
8 3 65 55
6 2 65 54
3 2 64 53
2 2 65 53
1 2 65 54
3 2 65 62
4 2 63 61
1 3 65 68
6 2 65 78
4 2 65 86
6 3 65 90
1 2 64 92
6 2 64 93
5 2 62 94
3 2 62 95
5 2 64 94
8 2 65 92
6 2 65 94
8 2 65 96
4 2 64 95
6 2 65 98
2 2 66 4
1 2 66 12
5 2 63 13
4 3 66 22
4 5 66 27
8 2 66 29
6 2 66 30
8 2 62 31
2 2 61 32
3 2 63 31
7 2 66 32
3 4 66 33
6 3 66 37
7 2 66 42
3 2 65 43
2 2 62 42
5 2 64 42
2 4 65 43
8 2 65 44
4 2 66 41
1 2 64 40
3 2 64 41
6 2 65 40
3 2 63 39
2 3 65 39
7 4 65 38
5 3 66 40
8 2 66 42
3 2 66 53
4 2 66 54
7 3 66 55
7 3 66 59
4 4 66 62
2 2 65 61
3 2 66 72
7 2 65 71
8 2 66 72
4 2 66 74
3 2 66 79
3 2 66 82
7 2 62 83
8 4 66 86
3 2 66 85
7 3 66 95
2 3 66 96
3 3 66 99
8 2 67 2
7 2 67 4
8 2 65 5
8 3 67 8
1 2 67 7
3 2 67 8
3 2 67 14
8 2 65 14
7 2 66 13
5 3 67 16
3 2 66 15
5 2 66 16
2 3 66 16
5 2 67 21
3 2 67 21
8 2 67 22
5 2 67 33
6 2 66 33
8 2 65 34
6 3 67 41
3 2 67 43
4 2 67 45
8 2 67 48
3 2 67 58
8 2 67 62
7 4 67 66
8 2 66 66
1 2 66 65
6 2 66 64
5 2 66 67
7 3 67 69
2 2 67 85
4 2 66 84
4 2 67 89
3 3 67 93
5 2 67 94
1 2 68 1
7 2 68 1
3 2 68 2
2 3 68 4
5 3 68 14
5 2 67 12
2 2 67 13
1 2 68 26
2 2 68 29
4 2 68 35
3 3 68 48
7 2 62 49
8 2 62 49
8 3 68 50
4 2 68 65
2 2 67 64
5 2 67 65
2 3 68 66
4 2 68 70
2 2 68 69
2 2 67 68
5 2 68 71
8 5 68 76
8 2 67 78
5 2 67 77
4 2 65 76
3 2 65 77
6 2 68 80
6 2 67 81
7 2 68 79
1 2 68 80
3 2 68 80
1 2 67 81
5 2 68 89
3 2 68 90
2 2 68 97
3 2 67 96
8 2 67 97
4 3 68 97
7 2 68 98
5 2 68 98
4 2 69 3
7 2 69 4
6 2 67 5
1 2 67 5
6 3 69 5
1 2 69 13
2 3 69 26
7 2 69 27
6 3 69 28
2 2 64 27
7 3 69 31
3 2 68 29
3 3 69 35
2 2 68 37
1 2 68 37
7 3 69 35
8 2 69 40
3 2 68 39
8 3 69 47
4 4 69 48
1 2 69 50
5 2 67 51
4 2 67 52
2 4 69 54
7 2 69 55
3 2 69 67
7 2 69 73
2 2 68 74
2 2 69 83
8 2 66 83
7 3 69 85
2 2 66 86
8 2 69 87
5 2 64 88
1 2 67 88
1 3 69 97
3 3 70 4
3 2 70 30
1 2 70 31
4 3 70 30
5 4 70 35
4 2 70 37
7 2 70 44
6 2 70 54
6 2 70 62
7 2 68 61
1 2 65 60
7 2 70 63
4 2 70 63
1 2 70 68
2 3 70 69
6 2 70 69
4 2 70 77
2 2 68 77
6 2 69 77
3 5 70 78
2 3 70 81
5 2 70 83
6 2 69 84
2 3 70 90
6 3 71 1
6 2 70 0
5 3 71 10
5 2 70 9
5 2 71 11
4 2 71 16
3 2 71 21
1 2 71 21
6 3 71 26
1 2 71 28
7 2 67 27
7 2 71 29
1 6 71 31
8 2 69 33
3 2 71 34
5 2 71 38
2 2 69 39
4 3 71 40
5 2 68 42
6 2 70 39
4 2 71 49
1 4 71 54
1 2 66 51
5 2 69 51
6 2 69 52
7 2 71 82
2 3 71 84
1 2 71 83
3 2 71 84
8 3 71 86
4 2 71 86
7 2 71 87
6 4 71 87
2 2 71 88
6 2 69 88
4 2 69 89
3 3 71 89
8 2 71 90
6 2 69 91
5 2 69 92
4 4 71 92
1 3 71 95
1 2 69 95
7 2 72 0
8 4 72 2
8 2 72 10
7 2 70 9
4 2 70 9
2 2 72 9
6 2 69 8
1 2 72 11
4 2 72 13
2 2 72 15
1 2 72 16
1 2 71 16
8 2 68 17
3 3 68 18
4 2 67 18
5 2 67 17
2 2 68 18
1 2 69 17
4 3 69 17
7 2 72 18
6 2 67 19
7 2 69 19
7 2 71 19
5 2 72 18
6 2 72 19
6 2 72 22
3 2 72 27
4 2 72 33
7 3 72 32
3 2 72 45
2 2 70 45
5 3 72 55
3 2 70 56
5 2 70 57
1 2 71 56
2 2 72 58
3 2 72 63
7 2 69 64
6 2 69 64
8 2 69 65
5 2 72 62
6 2 72 64
5 3 72 71
2 2 70 73
7 2 72 73
8 2 70 72
1 2 72 78
5 3 72 86
4 2 72 95
4 2 73 1
1 2 71 2
3 2 72 2
2 3 73 0
3 2 73 13
2 2 73 24
1 2 71 23
8 2 73 28
4 2 68 27
2 2 68 28
6 2 71 28
7 2 70 27
3 2 73 29
2 4 73 32
7 2 71 31
8 2 73 31
3 4 73 36
5 2 73 41
5 2 72 41
3 2 71 42
1 2 73 47
3 4 73 47
7 2 70 46
5 3 70 47
1 2 73 47
5 2 73 51
4 2 71 52
3 2 71 53
7 2 72 52
8 2 73 52
6 2 73 57
6 2 73 66
5 2 71 67
4 2 71 68
2 2 73 70
6 2 73 71
7 5 73 71
7 2 72 69
8 2 72 70
4 2 73 70
1 2 73 71
4 3 73 73
5 2 73 74
5 4 73 79
4 2 73 88
6 6 73 96
2 2 73 95
2 2 72 94
5 2 74 2
1 3 74 3
7 2 74 5
3 2 74 15
3 3 74 27
2 5 74 39
1 2 72 38
2 2 73 38
1 2 74 53
4 2 74 74
2 4 74 78
7 2 74 80
3 2 74 83
1 2 74 82
7 3 74 86
3 2 74 93
1 2 74 95
6 5 75 6
4 2 75 4
1 3 75 5
5 2 75 9
5 2 73 8
2 2 72 7
4 2 75 17
8 2 75 19
8 2 75 26
4 2 75 37
1 2 75 38
3 3 75 44
1 2 74 43
3 2 74 42
7 2 74 43
6 2 73 43
5 2 74 45
6 2 74 46
8 2 74 47
2 4 75 42
8 2 75 51
3 2 72 50
7 2 71 49
8 2 73 50
3 2 75 52
6 2 75 53
6 2 75 62
2 2 75 63
1 2 73 64
5 2 75 65
5 2 75 69
2 2 75 71
7 3 75 74
4 2 70 76
8 2 73 76
4 2 74 76
6 3 74 77
2 2 75 76
4 2 75 85
7 3 75 97
5 2 76 0
7 3 76 10
8 2 73 8
3 2 73 7
4 2 74 8
1 2 76 8
7 2 76 12
4 2 76 12
7 2 75 11
6 2 76 16
5 2 76 17
6 2 75 16
7 2 76 21
5 2 74 20
7 3 76 23
3 2 74 24
4 2 74 25
1 2 75 23
6 3 76 27
5 2 76 27
2 2 75 28
2 5 76 34
1 2 76 35
4 3 76 45
8 2 76 47
5 2 76 54
1 2 76 55
6 2 76 58
2 2 74 57
5 2 74 57
4 2 73 56
1 2 76 57
5 2 76 63
7 2 76 64
4 2 76 64
8 3 76 73
5 2 74 74
7 2 71 75
1 2 71 76
1 2 76 76
6 4 76 80
4 2 76 90
8 2 74 89
5 2 73 90
1 2 73 91
3 2 75 89
8 2 75 91
6 2 75 91
1 2 75 90
7 3 75 91
2 3 75 92
4 2 70 93
1 2 73 93
5 2 75 91
3 2 75 92
1 2 76 95
4 2 76 97
5 3 76 97
6 2 76 97
8 3 77 1
2 10 77 5
3 2 77 10
8 2 77 12
8 2 76 11
6 2 77 11
8 2 77 18
4 2 77 23
4 2 76 22
7 2 76 21
6 3 77 25
4 2 77 26
8 2 77 32
1 2 75 33
5 2 76 33
6 2 77 33
7 2 77 35
2 2 77 38
5 2 75 37
7 2 76 37
6 2 77 37
5 4 77 41
4 4 77 43
4 4 77 58
8 2 73 59
1 3 77 62
6 2 77 62
1 2 76 61
2 2 77 62
5 3 77 76
1 2 77 80
4 2 77 86
3 2 77 87
8 3 77 96
5 3 77 99
5 5 78 12
3 2 78 23
7 3 78 26
1 3 78 34
3 2 78 44
1 2 78 67
1 3 78 72
4 2 75 73
6 2 75 73
4 2 78 74
5 3 78 79
4 2 72 81
7 2 72 81
5 2 76 81
8 3 76 81
3 2 74 82
4 2 78 81
3 2 78 81
7 2 78 82
6 3 78 82
2 2 78 87
8 2 78 86
7 2 78 85
1 2 78 87
7 2 78 88
3 2 78 89
2 2 77 90
1 2 78 97
1 6 79 11
4 3 79 14
8 2 76 15
3 2 78 14
7 2 76 15
4 2 76 15
2 2 79 13
6 2 79 12
7 2 79 20
3 2 76 19
1 3 76 20
8 2 79 22
1 3 79 28
1 2 75 28
1 2 77 28
2 2 78 28
4 3 79 27
6 4 79 28
8 2 79 30
2 2 79 31
3 2 77 30
7 2 79 34
6 2 79 37
4 2 79 39
6 2 79 41
7 3 79 40
3 2 77 39
7 2 79 45
4 3 79 51
6 3 79 54
5 3 79 55
5 2 79 59
1 2 79 59
8 2 79 61
8 2 79 71
6 2 77 70
3 2 79 72
5 2 79 75
1 2 78 76
6 2 79 77
2 3 79 80
2 2 79 83
5 2 79 84
3 2 79 85
7 3 79 87
4 5 79 88
6 2 79 91
2 2 79 98
5 2 80 0
5 2 80 2
6 2 78 2
2 2 80 2
6 2 80 6
8 2 79 5
4 2 78 6
4 2 79 5
7 3 80 7
5 3 80 14
5 2 79 13
1 2 78 14
4 2 80 18
8 2 80 20
2 3 80 21
5 2 80 22
6 3 80 23
3 2 80 26
7 2 80 29
4 2 80 32
3 2 80 31
7 3 80 39
3 3 80 41
4 2 79 42
8 3 80 46
1 2 78 46
6 2 80 52
8 2 80 53
2 2 80 58
5 2 76 59
1 2 80 63
4 2 80 75
6 2 80 88
2 2 80 92
4 2 80 94
4 2 76 93
8 2 81 3
2 3 81 17
5 2 79 16
1 3 79 17
6 2 80 16
5 2 81 16
7 4 81 22
4 2 79 21
4 2 81 38
1 2 81 37
3 2 81 37
5 5 81 38
8 2 80 35
6 2 81 35
5 2 81 36
5 2 81 45
2 2 79 46
8 2 81 55
7 2 81 61
7 2 77 60
2 2 77 60
4 3 81 81
1 2 82 2
7 3 82 5
2 2 82 25
1 2 82 24
5 2 82 24
7 2 82 25
4 3 82 25
2 7 82 28
7 6 82 32
4 2 82 34
4 3 82 40
3 2 82 39
1 2 82 43
5 3 82 55
2 2 82 58
4 2 80 59
2 2 74 60
3 2 79 60
8 2 79 61
6 2 82 59
8 2 82 59
1 2 82 60
5 2 75 60
6 2 78 60
8 2 82 61
6 4 82 64
5 2 81 63
5 2 80 64
5 2 77 65
3 3 77 66
2 2 72 67
3 2 72 67
7 2 72 68
5 2 76 67
8 2 76 67
6 2 77 67
8 2 80 65
4 3 80 66
3 3 80 66
1 2 78 65
7 3 80 66
3 2 81 63
7 2 82 68
5 2 82 76
8 2 80 77
1 4 82 76
1 2 79 74
3 3 79 75
8 2 80 74
5 2 82 80
7 4 82 84
8 2 77 83
2 2 77 83
5 2 78 83
6 2 78 84
1 2 81 85
1 3 82 84
3 3 80 83
8 2 82 86
1 2 82 96
7 2 81 97
3 3 81 98
4 2 82 95
8 2 77 94
6 2 77 93
3 2 77 94
5 2 80 94
6 3 82 96
7 2 83 0
8 3 83 1
1 2 83 0
8 2 83 5
5 2 81 6
4 2 83 11
3 2 81 11
8 2 80 12
8 4 83 15
7 2 83 23
3 2 83 22
2 6 83 24
1 2 83 35
7 3 83 37
8 2 83 38
6 2 83 42
3 3 83 44
6 2 82 43
5 2 83 44
2 2 83 43
8 2 83 44
5 4 83 53
8 2 82 52
2 2 81 51
3 2 79 50
5 2 79 49
7 3 81 50
4 2 75 49
1 2 80 49
1 2 82 50
2 2 82 49
3 2 77 48
5 2 77 49
8 2 78 49
5 2 82 49
2 2 83 55
7 2 83 56
8 2 83 68
3 2 78 69
8 2 78 68
6 2 79 69
4 2 79 70
4 2 83 73
2 2 81 72
7 3 81 71
8 2 80 70
1 2 81 70
5 2 81 73
2 2 83 76
7 2 81 77
7 2 83 78
6 4 83 93
3 2 81 92
8 2 82 92
1 2 83 92
7 2 83 92
7 2 83 95
7 2 81 95
5 2 83 96
1 2 84 3
5 3 84 5
4 2 83 6
2 2 82 7
6 2 80 8
6 2 82 8
1 2 84 6
3 2 84 7
2 5 84 11
2 2 83 12
5 2 84 12
6 2 84 12
3 2 84 14
6 6 84 20
5 2 80 19
6 2 84 19
8 2 83 20
5 3 84 19
8 2 84 23
7 2 84 46
3 2 82 47
8 2 84 54
6 2 84 56
8 2 84 57
6 3 84 58
6 2 83 59
4 2 79 60
7 2 79 61
1 2 81 60
7 3 84 60
3 2 84 62
4 4 84 62
8 2 84 64
1 5 84 65
1 2 84 68
2 2 81 68
4 2 81 68
5 3 81 68
6 2 81 68
1 2 82 69
2 2 84 73
8 3 84 77
3 2 84 83
6 2 83 82
3 3 84 86
8 2 84 89
7 2 84 89
1 2 84 88
8 2 84 93
3 6 84 96
3 2 85 0
8 3 85 6
5 2 85 7
2 7 85 7
3 2 84 3
8 2 85 8
3 2 84 9
7 2 84 10
2 2 85 9
8 3 85 10
7 2 85 13
1 2 85 13
1 2 85 19
3 2 83 18
6 2 85 22
5 2 84 21
2 2 85 21
1 2 85 25
7 2 85 24
7 4 85 27
3 2 85 28
6 2 85 27
5 3 85 34
1 2 85 38
2 2 82 39
2 2 85 42
4 2 85 43
5 2 85 44
8 2 85 44
2 2 85 45
2 2 85 48
1 2 80 49
2 2 83 47
4 3 85 49
1 2 85 57
2 4 85 62
6 3 85 64
2 2 85 69
7 2 85 68
5 2 84 67
1 3 85 70
7 3 85 73
7 2 84 74
6 2 85 72
7 2 85 79
6 2 85 81
7 2 84 80
2 2 85 80
6 2 84 79
4 2 84 78
3 2 84 79
2 2 86 3
5 2 86 2
3 2 86 11
1 2 86 10
4 3 86 11
7 2 86 17
5 2 86 16
6 2 85 15
7 2 86 20
4 3 86 34
7 2 83 33
3 2 86 33
7 2 86 38
4 2 86 39
6 2 86 48
6 2 84 47
4 2 84 48
6 3 86 51
8 2 86 52
7 2 86 59
1 2 86 67
8 2 85 66
4 2 86 67
2 4 86 68
1 4 86 77
2 2 86 82
6 2 86 83
8 2 86 82
5 3 86 84
1 2 85 84
7 2 86 84
1 2 86 87
6 2 86 86
5 2 86 88
8 2 86 95
8 2 86 97
6 5 87 1
7 4 87 10
4 2 87 19
5 2 87 27
2 3 87 31
3 2 87 29
7 2 87 39
3 3 87 45
1 3 87 53
3 2 85 55
2 2 85 56
6 2 85 55
2 3 87 57
3 2 85 57
7 2 85 58
1 5 87 59
5 3 87 64
2 2 87 64
5 3 87 70
8 2 86 69
7 2 87 78
5 2 87 82
3 2 87 92
8 2 88 1
4 2 88 4
7 2 88 5
6 2 88 6
3 2 88 7
6 2 88 15
4 3 88 16
2 2 83 17
7 2 88 27
8 2 88 30
6 4 88 35
5 3 88 40
1 2 87 42
8 2 88 40
8 2 88 50
7 2 88 63
3 2 88 73
4 2 86 72
1 2 86 72
7 2 86 71
3 2 86 72
5 6 88 74
4 2 88 75
1 3 88 85
2 2 88 90
6 2 88 93
4 2 88 95
7 2 88 96
3 2 89 13
2 2 89 12
5 2 89 11
5 3 89 17
6 2 88 19
7 2 88 19
1 2 88 20
8 2 87 21
3 2 87 21
6 2 88 21
7 2 86 22
1 2 86 23
7 3 89 23
4 2 89 36
3 2 87 37
6 2 89 38
5 2 88 37
6 2 89 40
1 2 89 39
2 2 89 38
2 4 89 42
3 2 89 42
6 2 89 53
3 2 88 54
4 5 88 53
7 2 88 55
8 6 89 58
1 2 89 62
4 2 88 63
3 2 89 61
2 2 89 70
3 2 89 70
4 2 89 78
8 2 89 81
4 2 89 87
3 2 86 88
3 2 88 88
1 2 82 89
5 2 82 90
2 2 86 89
3 2 86 90
4 2 86 91
7 2 88 88
8 2 89 86
5 3 89 91
8 2 89 92
1 2 88 92
4 2 87 93
2 4 89 92
5 3 89 94
3 6 89 96
5 2 89 98
2 2 90 6
7 3 90 6
4 2 90 12
5 2 90 13
4 2 87 14
5 2 88 14
6 2 90 15
7 2 90 16
4 3 90 20
2 3 90 22
8 2 90 21
5 2 90 23
2 3 90 31
4 2 90 34
7 4 90 42
5 3 90 42
7 2 87 41
3 3 90 48
2 2 88 46
1 2 88 48
4 2 90 56
2 2 90 59
4 2 89 58
4 2 90 60
2 3 90 64
1 2 89 65
6 2 90 64
1 2 90 67
2 3 90 72
4 2 90 74
7 2 90 91
2 3 91 14
7 2 87 14
1 4 91 21
3 4 91 24
8 2 87 25
7 3 90 24
2 3 90 24
1 2 90 26
2 4 91 26
3 2 91 29
6 2 88 28
7 2 88 29
6 2 90 30
5 5 90 31
7 2 89 31
5 2 85 32
4 2 85 32
8 2 85 33
4 2 89 32
3 2 89 32
6 2 89 32
2 2 90 32
1 2 91 28
3 2 91 29
1 2 91 32
1 2 91 35
3 2 90 34
8 3 91 36
4 2 90 37
1 3 91 39
5 3 91 46
7 2 88 46
8 2 89 46
3 2 90 47
4 2 88 48
3 2 85 49
6 2 84 50
4 2 85 50
6 2 88 48
7 2 90 48
1 2 91 51
2 2 90 52
2 2 91 50
5 2 91 51
3 3 91 52
7 2 91 59
2 2 91 60
5 2 90 61
3 2 91 65
6 3 91 72
3 2 91 76
6 2 85 75
6 3 91 81
8 2 87 79
6 2 91 79
2 2 91 78
3 2 91 81
2 2 90 82
6 5 90 83
4 2 87 83
2 2 87 83
8 3 91 88
5 2 87 89
8 2 87 89
7 2 87 90
3 2 88 90
8 2 90 89
6 2 90 89
7 2 91 97
7 2 90 98
5 3 91 99
7 3 92 5
1 2 92 16
4 4 92 17
7 2 85 17
2 2 86 17
4 6 92 24
4 2 92 27
6 3 92 31
3 2 92 35
2 2 92 38
8 2 92 43
2 2 92 46
4 2 90 45
4 2 92 47
4 3 92 49
3 2 92 57
5 2 88 56
8 2 88 57
4 4 92 58
8 2 92 61
4 2 92 63
4 3 92 67
8 3 92 71
8 2 92 82
4 2 92 81
6 2 92 90
7 2 92 94
1 3 92 94
6 2 91 92
4 2 92 98
3 2 92 97
8 3 92 97
3 2 93 9
6 2 89 8
6 2 92 10
1 3 93 9
4 3 92 8
2 2 90 7
8 2 92 10
2 3 93 10
7 2 91 8
3 2 93 8
6 2 92 7
8 2 93 7
5 6 93 7
5 2 93 12
3 3 93 13
2 2 90 14
6 2 90 14
1 2 90 15
3 2 91 14
6 2 93 18
7 2 93 18
6 2 92 18
1 4 93 19
3 2 93 24
4 2 93 29
5 2 93 31
5 2 92 32
1 2 89 31
7 2 93 35
2 2 93 34
4 2 93 44
3 2 93 64
6 4 93 65
7 2 93 72
5 2 93 74
4 3 93 77
1 2 90 76
2 2 90 76
7 2 91 75
8 4 93 84
2 3 90 83
5 2 90 85
4 3 92 84
7 3 92 84
1 2 93 82
1 2 93 87
3 2 93 88
5 2 93 94
7 2 93 98
5 3 94 2
1 2 91 2
7 2 90 3
8 2 90 4
4 2 91 2
6 2 87 1
7 2 86 0
2 2 87 1
6 2 94 3
2 3 94 6
8 4 94 13
8 3 94 19
6 2 94 31
3 2 93 32
4 2 93 32
6 2 94 36
4 2 94 35
1 2 93 36
5 4 94 36
7 2 94 44
4 2 94 48
6 2 94 48
5 4 94 60
7 2 94 61
4 2 92 62
8 2 92 63
5 2 94 64
1 3 94 63
1 2 94 73
1 2 93 74
5 2 93 75
3 2 93 75
8 2 94 75
6 2 94 75
2 2 92 76
5 2 92 76
3 2 94 75
1 2 94 76
7 2 94 81
3 2 94 82
5 2 94 87
1 2 94 95
6 3 94 96
2 2 95 1
1 2 92 0
2 2 92 0
8 2 93 0
4 3 95 9
5 2 95 11
2 2 95 17
7 3 95 19
6 2 95 25
5 2 95 25
8 2 95 31
1 2 94 30
6 2 94 31
8 6 95 35
8 2 95 44
6 4 95 45
1 3 95 50
3 2 91 49
2 3 91 50
4 2 92 50
3 2 95 49
6 2 92 50
7 2 91 51
5 2 91 51
2 2 91 52
2 3 95 52
3 2 95 52
6 2 92 53
2 2 92 54
7 2 95 55
8 2 91 55
1 2 92 55
2 2 92 56
3 2 94 54
4 3 95 54
6 3 95 55
8 2 95 62
6 2 95 61
2 2 95 74
7 5 95 77
7 3 95 83
7 2 95 87
2 2 92 86
8 2 95 87
5 2 93 86
6 2 95 93
8 2 95 93
2 2 92 92
4 2 95 96
1 2 96 0
6 2 94 0
4 2 96 11
6 2 96 13
1 2 96 18
8 2 95 17
4 2 95 17
6 2 95 16
7 2 96 25
5 2 96 24
3 2 95 25
1 2 96 23
4 2 96 22
1 2 96 27
7 2 94 28
8 2 96 26
3 2 95 27
6 3 96 27
5 2 96 28
4 2 96 30
8 2 96 29
2 2 96 31
8 2 95 32
7 2 95 33
5 2 96 41
4 2 96 40
1 2 96 41
4 3 93 40
5 2 93 40
8 2 94 39
3 2 95 40
1 2 95 39
7 2 95 41
6 2 96 42
3 2 95 41
2 2 95 41
8 4 96 42
1 3 96 52
1 3 96 60
8 2 95 59
6 2 95 58
3 2 95 60
6 3 96 81
3 2 94 79
6 2 94 78
5 2 96 80
6 2 96 88
5 3 96 90
4 3 94 89
2 2 94 90
1 2 94 91
1 2 96 89
2 4 96 93
5 3 97 1
7 2 97 0
8 5 97 1
5 3 97 5
4 2 96 6
8 2 97 24
8 2 97 27
3 2 97 29
6 4 97 31
4 2 97 36
6 2 97 35
5 3 97 46
3 2 95 45
8 2 96 47
7 3 96 48
3 2 97 51
2 3 97 60
2 2 96 59
3 2 97 59
1 2 97 60
4 2 97 63
2 2 97 67
8 2 96 67
7 2 90 68
8 2 94 68
1 2 94 67
4 2 94 68
5 3 96 67
3 2 97 66
3 2 95 65
5 3 97 71
6 2 90 70
1 2 93 70
7 2 93 70
3 2 95 70
2 2 96 71
8 2 95 70
1 2 97 75
4 2 97 74
3 3 97 75
1 2 97 82
3 2 97 85
6 2 95 84
6 2 97 86
1 2 97 85
5 2 97 85
2 3 97 87
7 2 98 1
5 99 66 1
6 100 67 0
1 100 68 0
8 100 69 0
5 100 70 0
8 100 71 0
3 100 72 0
8 100 73 0
2 100 74 0
3 100 75 0
6 100 76 0
4 100 77 0
2 100 78 0
7 100 79 0
1 100 80 0
8 100 81 0
1 100 82 0
5 100 83 0
1 100 84 0
3 100 85 0
5 100 86 0
2 100 87 0
5 100 88 0
4 100 89 0
3 100 90 0
5 100 91 0
2 100 92 0
6 100 93 0
1 100 94 0
2 100 95 0
1 100 96 0
5 100 97 0
6 100 98 0
