18020
274
6 3 0 15
1 6 2 22
3 2 2 22
7 3 3 8
1 2 3 21
5 3 3 20
4 2 3 24
2 2 1 25
4 2 2 25
2 2 3 25
8 2 3 28
2 2 4 21
8 2 6 0
1 2 2 0
8 2 3 0
3 2 6 22
5 2 5 23
4 2 6 22
2 2 7 0
1 2 8 18
1 3 10 13
7 2 1 12
7 2 11 28
1 2 3 27
2 2 4 27
7 9 13 0
1 2 13 0
1 27 13 4
7 2 7 1
6 2 7 2
4 2 7 4
8 2 8 2
4 2 11 1
1 2 10 2
3 2 10 1
5 2 10 2
8 2 11 3
3 2 11 4
7 2 12 2
7 2 12 6
8 2 4 7
5 2 6 7
7 2 11 5
8 2 9 6
3 2 7 7
1 3 7 7
7 2 8 8
1 3 12 5
6 3 12 5
8 2 14 3
3 2 14 5
6 2 9 6
6 2 11 6
5 2 14 25
3 2 11 25
6 2 9 24
6 2 6 23
1 2 10 24
7 2 8 23
5 2 8 22
5 2 10 23
5 2 11 26
1 2 13 25
6 2 6 26
1 2 6 26
8 2 11 24
2 2 13 25
6 3 14 28
3 2 15 1
6 2 13 0
4 3 15 2
6 3 15 5
3 2 12 7
2 2 11 8
4 2 2 9
1 2 1 10
3 2 3 9
6 2 3 9
8 2 3 10
2 2 5 9
1 2 15 4
2 2 14 5
8 2 13 6
5 2 15 5
1 2 15 28
4 2 13 27
8 2 13 28
1 2 10 27
6 2 10 27
8 2 16 2
3 2 16 6
2 2 16 19
3 2 10 18
7 2 5 19
4 2 6 17
3 2 3 16
8 2 5 16
1 2 4 15
7 2 10 17
4 2 9 18
6 2 6 19
2 3 6 19
1 3 9 18
6 2 9 19
5 3 9 20
2 2 11 19
7 2 12 19
6 2 14 18
3 3 14 19
5 2 13 17
8 2 15 18
7 2 16 18
7 2 15 17
2 2 9 16
8 2 13 16
6 2 7 15
3 3 7 14
4 3 8 15
1 2 13 16
4 3 16 20
3 3 16 24
6 2 13 23
8 2 13 22
7 2 11 21
4 2 15 24
8 2 17 19
3 2 13 20
6 2 12 21
8 2 17 23
2 2 13 22
5 73 18 1
6 3 18 13
1 2 9 13
8 2 9 14
1 2 8 13
5 2 6 12
5 2 2 11
6 2 13 14
2 2 9 13
4 2 9 13
8 2 9 14
6 2 15 13
2 2 15 12
6 2 7 11
8 2 7 12
3 2 12 13
5 2 15 11
3 2 12 10
8 2 15 14
7 2 15 13
4 2 16 13
6 2 16 12
7 2 13 11
8 2 13 12
2 2 19 10
8 2 9 9
4 2 10 9
6 2 15 9
5 2 18 10
1 2 16 9
7 2 18 10
8 3 18 10
2 3 18 9
7 2 18 12
4 2 19 12
3 2 19 13
3 2 19 17
4 2 20 28
3 2 16 27
7 2 10 26
5 3 10 27
2 2 11 26
6 2 14 26
8 2 14 26
5 2 15 28
6 2 15 29
6 2 16 26
4 2 18 27
2 2 17 26
5 2 18 26
7 2 19 27
5 2 21 10
2 3 21 14
4 2 21 15
6 3 21 15
3 2 21 18
7 2 19 19
1 2 22 13
4 3 22 17
4 2 20 18
1 2 19 17
4 2 18 16
8 2 17 15
2 2 20 17
7 2 23 6
3 2 21 7
2 2 23 18
1 2 22 19
1 2 23 18
6 26 23 24
8 2 17 21
4 2 23 21
5 2 16 20
3 2 23 21
3 2 23 26
6 2 23 27
1 2 23 28
6 2 23 29
7 2 23 28
4 2 24 4
2 2 24 6
8 2 23 7
4 2 23 7
7 2 23 8
1 2 22 9
7 2 21 10
3 2 23 9
6 2 23 10
4 3 24 11
5 2 18 11
6 2 24 17
3 2 24 17
2 2 18 16
7 2 18 16
8 2 20 16
3 3 24 23
2 2 24 22
3 2 25 9
5 2 20 8
8 2 25 22
1 2 25 21
2 2 21 20
7 2 21 21
5 2 20 20
2 4 25 28
8 2 23 26
4 2 23 26
6 2 26 3
2 2 26 22
7 2 25 23
8 2 26 25
7 2 26 26
2 7 27 5
3 2 26 3
8 2 27 8
1 2 25 7
2 2 26 7
8 2 26 9
7 2 26 10
7 11 27 20
8 2 25 19
5 2 27 23
4 3 27 24
5 2 27 27
8 2 27 28
2 2 24 28
8 2 24 29
3 5 28 7
3 2 28 24
7 4 28 26
6 4 15 26
5 30 16 0
6 30 17 0
7 30 18 0
3 30 19 0
5 30 20 0
8 30 21 0
6 30 22 0
4 30 23 0
8 30 24 0
5 30 25 0
4 30 26 0
7 30 27 0
1 30 28 0
