216276
3961
8 3 0 0
8 2 0 12
2 2 0 14
1 2 0 18
6 2 0 22
5 3 0 24
6 2 0 26
5 2 0 29
2 3 0 34
4 2 0 39
6 2 0 44
2 2 0 49
8 4 0 53
1 2 0 56
4 3 0 64
2 3 0 82
2 2 0 85
4 2 0 92
7 2 0 97
3 3 0 98
5 3 1 4
2 3 1 6
3 2 1 13
5 2 1 23
3 9 1 27
4 5 1 33
6 2 1 37
7 2 1 36
3 2 1 40
7 2 1 41
1 2 1 47
6 2 1 47
2 2 1 64
4 2 1 75
3 3 1 79
3 2 1 85
5 3 1 94
3 3 1 95
7 2 2 10
6 2 1 9
4 2 1 8
1 2 2 10
5 2 2 13
8 2 2 18
2 2 2 26
2 2 2 30
5 2 2 45
5 2 2 63
8 2 2 67
2 2 1 68
6 2 2 68
3 2 2 73
7 2 2 74
5 5 2 81
6 3 2 83
7 2 2 87
4 2 2 93
4 2 3 7
5 2 2 8
6 2 3 6
7 2 3 8
6 2 3 11
4 2 3 12
4 2 3 14
4 2 3 28
5 3 3 40
3 2 3 44
2 2 3 49
7 2 3 53
1 3 3 64
2 3 3 66
7 2 3 71
4 2 3 72
2 2 3 74
6 2 3 78
8 2 3 87
1 3 3 87
4 2 3 85
5 3 3 85
6 2 3 89
1 3 3 92
6 3 3 93
2 2 3 95
5 2 3 95
1 3 3 98
7 2 4 2
6 2 4 1
2 2 2 0
8 2 4 0
5 5 4 0
7 2 4 6
4 2 4 9
3 2 4 10
3 3 4 21
8 2 4 22
4 2 4 23
1 2 4 29
8 2 4 28
3 5 4 29
7 2 4 33
1 3 4 35
2 2 4 38
4 2 4 41
4 2 3 42
6 2 4 41
8 2 4 42
8 2 3 43
6 3 4 49
2 2 4 54
2 2 1 55
8 2 4 57
5 2 3 56
8 2 4 62
3 2 4 68
4 2 5 5
1 2 5 4
8 2 5 3
6 3 5 9
7 2 5 21
8 2 5 30
4 2 4 31
4 2 5 33
1 2 5 32
3 3 5 34
2 2 5 35
5 2 3 36
6 2 4 36
5 5 5 44
6 2 5 45
4 2 3 46
8 4 5 46
7 2 5 46
2 3 5 48
2 3 5 53
6 2 5 55
2 2 5 57
4 6 5 59
5 2 5 71
8 2 5 72
6 8 5 79
5 2 3 77
1 2 3 77
5 2 5 77
4 2 5 81
3 3 5 86
2 3 5 91
4 2 5 90
3 3 5 95
6 2 5 96
4 2 5 97
7 3 5 97
1 2 6 8
3 3 6 18
2 2 2 19
2 2 5 19
4 4 6 20
5 2 6 19
4 2 6 35
7 3 6 42
3 2 6 45
5 2 6 57
4 4 6 57
3 2 6 59
6 2 6 62
8 2 6 64
7 3 6 69
7 2 6 77
4 2 6 77
2 2 6 80
1 2 6 81
5 2 6 81
2 2 6 82
8 3 6 83
8 2 6 86
7 2 6 87
7 2 6 92
1 2 6 97
6 2 7 5
7 2 7 4
5 2 7 6
2 2 7 13
8 2 7 26
8 2 6 27
2 2 6 28
4 2 7 25
5 3 7 25
1 4 7 26
7 2 7 28
4 3 7 31
6 2 6 32
5 3 6 32
7 2 7 34
5 3 7 41
4 2 7 46
5 2 7 47
2 2 7 51
5 2 7 60
1 3 7 61
4 2 6 61
7 2 6 62
5 2 7 66
4 2 5 67
8 2 6 67
8 2 7 69
2 3 7 72
8 2 7 72
5 2 6 73
8 2 7 76
8 2 7 80
6 2 7 83
5 2 7 88
7 4 7 89
8 2 6 89
4 2 6 89
4 2 7 99
3 5 8 14
8 2 5 15
8 2 8 13
6 2 6 12
7 2 8 12
5 2 8 21
5 2 8 23
6 2 7 23
3 3 8 22
2 2 8 31
7 3 8 33
4 4 8 34
3 2 8 39
7 2 5 39
1 3 8 41
2 2 8 40
5 2 7 39
1 3 7 40
6 2 7 38
6 3 8 47
3 2 8 51
7 2 8 64
5 2 8 73
1 2 7 74
4 2 8 82
3 4 8 83
1 3 8 86
6 2 8 92
2 4 8 94
4 3 8 95
3 2 8 98
4 5 9 1
1 2 8 2
4 3 8 1
7 3 8 1
3 2 9 2
3 2 9 5
2 2 9 9
8 2 7 8
6 2 9 13
8 2 9 21
2 2 9 27
7 2 9 28
6 2 9 29
8 6 9 30
5 2 9 37
7 2 9 43
6 2 9 49
3 2 4 50
3 2 8 50
1 2 7 51
4 2 8 51
4 2 9 55
7 2 6 55
5 3 9 69
6 3 9 85
5 2 9 95
3 2 10 13
3 2 10 17
2 2 6 16
1 2 6 16
5 2 6 17
4 2 7 18
5 2 8 16
1 2 10 19
1 2 8 18
5 2 10 18
7 2 10 19
2 2 10 20
8 4 10 26
2 2 10 25
7 5 10 26
2 2 10 44
3 2 10 49
7 2 8 48
3 2 8 48
8 2 10 50
6 3 10 58
7 2 10 59
6 3 10 60
7 2 10 59
3 2 10 60
3 2 9 61
5 2 10 71
4 2 10 74
5 2 10 76
2 2 10 79
1 3 10 79
8 2 9 78
5 2 9 77
4 3 10 80
6 2 10 80
2 4 10 87
3 2 10 87
6 2 10 89
8 2 11 3
7 2 9 3
4 2 9 4
2 3 10 4
6 2 11 2
5 2 11 14
1 3 11 16
5 2 11 16
6 3 11 20
1 3 11 21
8 2 11 19
1 2 11 30
5 2 11 35
6 2 8 36
4 2 10 36
8 2 11 36
3 2 11 35
2 2 11 37
1 2 11 43
7 3 11 49
2 2 11 50
7 6 11 53
7 2 9 54
1 2 9 55
3 2 11 59
1 2 9 58
7 2 9 59
2 5 11 65
1 3 11 74
4 2 9 73
1 2 9 73
6 2 11 74
3 2 11 73
3 2 11 78
3 3 11 81
7 2 9 83
2 3 11 81
2 2 11 83
1 2 11 82
1 4 11 89
8 2 10 90
3 2 11 89
7 2 11 96
5 2 12 5
4 3 12 4
3 2 12 4
6 2 12 6
8 2 9 7
7 2 12 7
3 2 12 8
1 3 12 10
8 2 11 9
5 2 11 10
3 2 12 19
4 2 12 21
3 2 12 29
4 4 12 30
1 2 12 38
6 2 12 37
7 2 12 38
8 2 10 38
2 2 12 41
3 2 12 42
5 2 12 44
3 3 12 44
3 2 12 45
2 2 12 47
2 2 12 54
6 2 10 53
2 2 12 59
6 2 12 59
6 2 12 61
5 4 12 65
4 2 9 63
1 2 11 65
7 2 8 66
3 2 10 64
2 2 10 66
6 4 12 71
4 2 12 72
2 2 12 71
5 2 12 76
2 2 11 75
8 2 12 78
6 5 12 78
4 2 12 80
8 3 12 93
8 3 12 97
1 2 13 7
8 2 11 6
4 2 11 6
3 2 11 7
7 2 13 9
2 2 13 11
3 2 9 11
4 2 12 11
7 2 13 11
8 3 13 19
8 3 13 23
7 2 12 22
4 2 12 23
2 2 13 21
5 3 13 27
5 2 13 35
1 2 13 34
7 2 13 33
4 8 13 32
3 5 13 40
3 2 12 39
4 4 13 42
1 3 13 43
2 2 13 43
4 4 13 48
8 2 12 49
5 2 13 48
4 2 13 49
7 2 13 54
4 2 12 55
7 4 13 62
4 2 13 64
8 3 13 64
3 2 10 66
7 7 13 67
4 3 13 74
3 4 13 76
1 2 13 79
6 2 13 83
8 2 13 86
7 2 12 86
1 2 13 87
7 2 13 90
4 4 13 92
2 2 10 90
6 2 12 90
7 3 14 3
5 2 14 8
8 2 14 8
2 2 14 8
1 2 14 12
5 3 14 14
1 2 14 22
5 3 14 21
8 2 14 28
6 2 14 27
2 4 14 28
6 4 14 38
8 2 14 36
5 3 14 40
1 3 14 47
3 2 14 46
8 4 14 52
2 3 14 67
7 2 13 68
3 2 13 68
2 4 14 77
4 2 14 82
3 2 14 85
7 2 13 84
8 2 14 84
4 3 14 85
3 2 14 91
5 2 14 97
4 4 14 98
4 2 15 5
8 4 15 15
1 2 15 15
6 2 15 15
2 2 14 15
6 2 15 17
6 2 15 22
7 2 15 33
2 2 15 32
5 2 13 31
2 3 15 45
2 2 15 49
1 3 15 59
7 2 15 72
8 2 15 73
4 2 15 74
1 2 15 73
7 2 15 74
5 2 15 75
1 2 15 76
1 6 15 80
8 2 15 79
7 2 15 80
3 2 15 82
2 3 15 88
8 2 15 89
7 2 15 88
8 3 15 91
4 3 15 92
2 2 12 93
5 2 12 93
3 2 15 94
6 2 15 94
6 2 14 94
8 3 14 93
7 3 14 95
2 2 15 95
1 3 15 95
2 2 15 99
1 2 16 3
3 2 16 6
5 3 16 18
1 3 16 19
5 2 16 23
2 3 16 24
7 2 15 26
1 2 15 26
1 2 16 24
5 2 16 26
3 2 16 30
4 3 16 31
3 2 16 31
7 2 16 30
1 2 15 29
3 3 16 37
5 3 16 37
1 2 16 36
5 3 16 45
5 2 16 48
7 2 16 50
5 2 16 53
2 2 16 52
4 2 15 53
8 2 15 53
6 5 15 54
5 4 15 54
3 2 15 54
3 2 16 61
6 2 16 61
3 2 13 61
7 2 16 75
1 2 16 85
7 2 16 91
5 4 16 96
6 2 17 13
5 2 16 12
2 2 13 11
8 2 16 12
7 2 16 13
3 2 17 14
4 2 17 13
8 2 17 15
7 2 17 18
2 2 17 18
5 2 17 19
7 3 17 22
3 2 17 28
4 2 17 38
1 2 17 41
6 2 17 42
4 2 15 43
6 2 15 44
7 2 17 41
6 3 17 41
4 6 17 45
7 2 17 45
2 3 17 49
6 2 17 51
2 2 17 57
6 2 10 57
1 2 13 56
2 2 13 57
3 2 13 56
6 2 13 56
8 2 17 56
3 2 17 73
8 3 17 78
4 4 17 83
7 2 17 89
5 2 17 91
5 2 16 90
8 2 17 90
6 2 17 93
3 4 17 94
2 3 17 96
5 2 13 98
5 2 18 3
2 2 14 2
7 2 13 1
7 2 12 0
3 6 18 4
1 2 18 14
4 3 18 19
5 2 18 21
7 2 18 20
4 3 18 24
6 2 18 27
2 2 18 33
8 2 17 32
7 2 18 34
8 2 18 35
2 2 18 42
3 3 18 50
6 2 14 51
5 2 14 52
7 2 15 52
1 2 18 53
8 2 18 55
6 2 18 56
6 5 18 58
8 2 16 60
8 2 15 61
5 2 13 62
4 2 15 62
2 2 17 60
2 3 18 64
6 3 18 72
3 2 15 71
3 2 18 78
6 2 18 80
1 2 18 80
8 2 18 81
2 3 18 85
3 4 18 89
2 2 18 91
4 3 18 96
3 2 18 96
6 3 18 98
8 2 19 2
6 2 17 1
4 2 17 2
1 2 18 3
2 2 18 3
8 2 19 6
4 3 19 9
8 2 19 9
1 2 16 10
4 3 16 11
6 2 19 23
6 2 16 24
3 2 16 25
8 2 17 25
1 3 19 25
5 2 19 49
4 3 19 51
8 3 19 51
7 3 19 63
6 2 18 62
6 2 17 63
2 2 17 63
1 8 19 64
3 2 19 62
5 2 19 62
4 2 19 69
1 2 14 69
2 2 14 70
5 2 16 69
4 2 16 70
1 3 13 69
4 2 15 69
3 2 19 82
1 2 19 90
4 2 19 93
3 2 20 2
6 2 19 3
5 2 19 2
1 2 20 12
5 2 20 13
1 2 20 15
4 2 20 20
8 2 20 21
4 2 20 31
8 3 20 41
8 2 20 47
2 2 20 51
3 2 20 51
1 2 20 52
4 2 20 59
7 3 20 61
8 2 20 68
7 2 15 67
6 2 16 68
4 2 16 67
5 3 16 67
8 2 16 69
2 2 20 69
7 2 19 70
6 2 19 69
7 2 16 70
8 2 16 71
2 2 16 71
5 2 17 71
8 2 19 71
8 2 20 70
6 2 20 71
8 2 20 73
6 2 20 85
5 3 20 88
4 2 18 87
5 2 18 87
8 2 19 87
4 3 20 90
8 2 20 91
6 2 20 92
1 2 20 94
3 2 21 6
3 2 21 9
2 2 18 10
2 2 21 10
6 2 21 13
6 4 21 26
2 2 21 29
4 3 19 28
8 3 21 31
1 2 21 31
5 3 21 32
4 2 21 39
7 3 21 42
2 2 21 49
3 2 21 58
7 2 18 57
5 2 16 56
8 2 16 56
5 2 20 59
6 2 21 59
8 3 21 61
5 4 21 68
2 2 21 67
7 2 20 66
1 2 15 65
4 2 16 65
6 2 17 65
8 2 20 65
7 2 21 69
4 2 21 72
5 2 21 79
7 5 21 80
5 2 20 81
4 2 21 77
6 2 20 76
2 2 18 75
5 2 21 91
8 2 21 98
3 3 22 0
1 2 17 0
4 2 22 0
1 2 22 6
7 2 16 7
6 2 16 7
4 2 16 8
2 2 20 5
6 2 20 7
2 3 22 13
7 3 22 16
5 3 19 15
6 2 19 15
7 2 19 16
7 2 21 14
1 2 21 16
3 2 19 17
3 2 18 16
8 3 19 16
6 2 19 18
4 2 22 20
7 2 22 24
3 2 22 23
2 4 22 34
7 2 17 36
6 3 17 36
5 3 18 36
4 2 22 35
2 2 22 34
8 2 20 33
3 2 22 33
7 8 22 33
5 4 22 48
7 2 22 50
5 2 22 64
6 3 22 65
1 2 22 73
1 2 21 74
1 2 20 73
6 2 20 73
4 2 21 74
2 2 22 72
3 2 22 72
7 2 22 73
7 2 22 75
5 2 22 74
3 2 22 74
3 3 22 82
8 2 22 86
5 2 22 85
3 2 21 86
4 2 22 93
7 2 22 93
7 2 22 98
3 2 20 97
2 2 22 97
2 2 23 0
1 2 23 2
5 2 22 3
5 2 21 4
3 3 22 4
5 2 23 14
8 2 23 16
5 2 21 17
4 3 21 17
2 2 22 18
4 6 23 19
5 2 23 23
2 2 22 22
1 2 23 25
2 2 22 26
7 3 22 25
8 2 23 28
4 2 23 29
6 2 23 34
7 2 23 39
5 3 23 42
8 2 23 44
2 2 22 43
8 2 23 55
4 3 23 60
2 2 20 60
1 2 22 60
6 2 22 61
5 3 23 58
4 2 17 57
5 2 22 57
5 2 20 56
6 2 22 56
6 2 23 58
1 2 23 70
4 2 23 80
8 2 22 81
2 3 23 79
1 3 23 81
4 2 23 84
8 5 23 95
3 3 23 96
6 2 22 98
5 2 23 95
8 2 23 95
4 2 23 96
1 2 24 0
4 3 24 2
7 2 24 3
4 2 24 8
3 2 24 7
4 2 24 6
2 2 23 7
7 2 23 7
1 3 23 8
7 2 21 9
5 2 24 6
8 2 24 5
6 2 24 5
8 2 24 10
5 2 22 9
5 2 24 11
6 2 23 10
7 2 24 10
4 2 23 11
3 3 23 11
8 2 23 12
5 2 23 11
7 2 24 11
3 2 24 13
2 3 24 28
2 2 24 30
5 3 24 33
5 3 24 35
6 2 24 39
5 2 20 40
2 2 21 40
1 2 22 38
8 2 19 37
1 2 23 40
3 2 24 38
4 3 24 44
3 2 24 48
2 2 22 47
8 2 24 48
1 2 24 48
6 2 24 53
3 2 23 52
3 5 24 55
4 2 22 56
1 2 22 56
5 2 24 56
3 3 24 57
7 2 24 60
6 3 24 66
5 4 24 70
6 2 24 81
7 4 24 82
1 4 24 83
2 3 24 87
8 2 24 92
7 2 24 94
5 2 24 99
8 2 25 1
7 5 25 5
6 2 25 8
4 4 25 14
5 2 25 15
2 2 25 17
1 3 25 18
3 2 25 16
8 2 25 26
7 2 25 35
1 2 25 36
4 2 25 36
6 2 25 38
4 2 25 39
2 2 21 39
3 3 25 45
5 2 25 45
1 2 23 46
2 2 22 45
6 3 25 48
4 2 25 49
5 5 25 53
1 2 25 56
6 2 25 59
2 3 25 69
6 2 24 69
3 3 24 70
4 2 25 70
1 3 25 77
5 2 21 77
1 2 22 77
7 2 22 77
8 2 25 78
7 2 25 85
4 2 25 87
8 2 23 88
1 2 23 88
3 2 25 88
6 3 25 89
1 2 25 93
3 2 24 92
6 3 25 94
3 6 25 95
6 3 25 98
2 3 26 10
4 2 26 24
4 3 23 23
5 2 23 24
6 3 24 23
7 2 26 28
7 2 25 27
3 2 26 28
1 3 26 33
8 2 26 34
5 3 26 49
5 4 26 57
8 3 26 62
4 2 26 67
8 2 26 69
5 2 26 71
1 2 26 70
8 3 26 82
2 2 26 85
3 5 26 90
5 2 26 93
1 2 26 97
8 2 27 0
4 2 27 0
7 2 26 0
1 2 26 1
1 2 27 3
1 2 25 4
2 2 27 3
2 2 27 5
8 2 26 6
3 4 27 6
1 2 27 12
5 2 27 13
3 2 27 19
3 2 25 20
8 2 25 21
5 2 27 27
5 2 26 26
2 2 27 28
8 3 27 27
1 2 27 27
3 2 27 38
5 2 24 39
6 2 24 38
4 2 24 39
1 2 24 40
8 2 25 40
4 3 27 40
2 2 26 41
5 2 27 44
6 2 24 45
6 2 22 46
3 2 22 47
7 2 27 45
6 2 27 53
1 2 27 58
1 3 27 61
3 2 27 65
3 2 24 64
3 2 23 65
7 3 24 65
1 2 25 63
4 2 25 63
5 2 25 65
2 2 27 65
8 2 27 71
2 3 27 76
8 2 27 78
3 2 27 77
5 3 27 83
8 2 27 83
3 2 27 87
4 2 27 94
6 2 27 96
4 2 26 95
5 2 26 95
6 6 28 2
4 2 28 10
6 2 28 19
7 4 28 19
1 2 28 23
8 2 28 31
7 2 28 30
1 3 28 43
7 2 28 47
1 5 28 48
8 2 28 53
1 2 28 68
5 2 28 67
3 2 28 70
7 2 28 73
3 2 27 73
1 2 25 74
8 2 25 75
6 2 26 75
8 2 27 73
5 4 28 77
8 2 27 76
3 2 27 80
4 2 28 80
7 2 28 83
1 3 28 83
2 3 28 86
1 2 28 88
1 2 27 88
7 2 28 91
2 2 27 90
4 2 28 90
6 3 28 91
2 3 28 95
4 2 28 98
8 2 28 98
4 2 29 1
2 2 28 0
5 2 29 1
6 2 27 1
8 2 29 4
3 2 29 5
6 2 29 5
7 5 29 23
4 2 29 32
3 3 29 35
3 2 27 34
4 2 28 34
7 2 29 35
2 2 29 54
8 2 27 55
4 2 27 55
6 2 29 55
4 3 29 62
8 2 27 63
5 4 29 72
3 4 29 72
4 2 29 78
6 2 29 77
2 3 29 78
5 2 28 79
7 2 29 81
3 2 29 89
7 2 29 90
7 5 30 0
2 2 30 4
4 4 30 6
7 2 30 9
6 3 30 10
5 2 30 11
3 2 29 12
2 3 29 12
4 2 30 15
7 2 29 16
8 2 26 15
1 2 26 15
7 2 30 15
6 2 30 18
5 2 29 18
8 2 30 19
1 2 30 20
6 2 27 20
5 2 26 21
7 2 30 27
2 2 30 37
8 2 30 36
5 2 30 38
6 2 29 39
4 2 30 41
3 2 30 42
1 2 28 41
3 2 28 41
2 2 28 43
3 4 30 45
1 2 30 52
5 2 26 51
3 2 29 51
1 4 30 55
1 2 30 58
3 4 30 59
7 6 30 61
5 2 30 66
8 2 29 67
4 2 27 66
2 3 30 67
7 2 30 68
7 3 30 75
7 3 30 79
6 3 30 87
3 3 30 91
6 2 30 92
7 2 30 93
4 2 30 97
8 2 30 99
3 4 31 3
6 2 31 13
5 2 31 14
4 2 31 13
8 2 31 12
3 2 31 15
8 3 31 26
4 2 29 25
6 2 31 30
3 2 26 29
5 3 31 31
3 2 30 30
5 2 26 29
6 2 31 30
2 2 31 31
3 3 31 32
5 3 31 35
1 3 31 36
2 2 31 43
7 2 31 44
2 2 31 52
4 2 28 51
2 2 28 50
3 2 31 63
5 2 31 64
7 2 30 63
2 2 27 62
6 2 31 63
8 2 31 65
7 4 31 66
7 2 31 72
6 2 30 71
4 2 31 71
7 3 31 71
5 2 31 89
4 3 31 93
5 2 31 92
7 2 31 92
1 2 32 0
2 2 32 13
7 2 32 16
6 2 32 25
4 2 28 24
4 2 32 36
2 2 30 37
7 2 31 37
8 4 32 37
1 2 32 39
8 3 32 46
1 3 32 73
5 3 32 79
3 2 32 77
8 2 32 80
8 2 32 84
3 2 30 85
5 2 31 85
1 2 32 83
8 2 31 82
3 3 31 82
7 2 32 84
7 2 32 94
2 3 32 93
8 4 32 98
4 2 33 0
8 2 33 1
1 3 33 6
5 3 33 8
3 4 32 7
5 2 32 8
1 2 33 8
1 2 33 13
6 2 33 13
6 2 33 18
1 2 32 17
2 2 33 21
7 2 32 20
3 2 32 21
6 2 31 22
2 2 33 25
4 2 33 28
3 2 32 27
1 2 32 28
6 3 32 28
5 3 33 29
7 2 33 33
8 2 33 32
5 2 33 32
1 2 33 36
4 6 33 38
2 2 33 40
7 2 31 41
2 2 33 43
8 2 32 42
5 2 33 42
4 4 33 44
2 2 33 47
2 2 31 46
8 2 31 46
7 2 31 47
5 2 31 47
4 3 33 47
4 2 32 49
1 5 33 52
6 2 29 51
3 2 33 57
8 2 33 59
2 2 33 58
4 2 33 57
4 2 30 56
5 4 33 57
1 2 33 63
2 2 33 64
6 2 33 65
6 3 33 70
2 2 33 77
1 3 33 86
2 3 33 86
5 2 33 87
2 4 33 87
5 2 29 88
2 2 30 88
8 2 30 89
6 2 32 88
4 2 33 88
5 2 33 88
3 2 33 94
6 2 33 97
5 2 34 6
1 2 34 19
6 2 34 21
1 2 33 22
4 2 34 22
4 2 33 21
8 2 33 20
3 2 34 22
3 2 34 25
2 2 30 24
3 2 33 24
8 2 33 25
1 2 34 24
8 2 34 27
5 2 34 36
6 2 34 35
5 3 34 47
7 4 34 48
5 3 34 51
4 4 34 54
6 2 34 55
7 4 34 56
2 2 34 56
2 2 34 72
3 2 34 77
5 2 34 77
6 2 34 81
2 2 34 80
1 2 33 81
8 2 33 82
7 2 34 82
5 3 34 93
1 2 34 93
1 2 34 98
5 2 32 97
2 2 34 97
7 2 34 96
1 2 34 95
6 2 34 98
7 2 34 99
8 2 35 4
1 3 35 9
5 4 35 13
6 2 34 14
4 2 33 15
2 3 33 15
4 3 35 19
7 2 35 25
1 2 35 27
2 2 35 36
7 2 35 38
3 5 35 39
6 2 35 41
6 3 35 62
8 2 35 73
5 2 32 74
4 3 32 74
2 3 35 82
4 2 35 86
7 2 34 85
4 2 35 88
3 3 35 90
5 2 35 89
8 2 35 90
8 2 33 91
4 2 35 90
1 2 35 89
2 2 35 91
7 2 35 95
3 3 36 3
4 2 36 1
5 2 36 0
2 2 36 4
7 2 35 3
4 2 36 9
6 2 36 17
2 2 35 17
6 2 30 16
1 2 30 17
1 3 36 20
8 3 36 22
8 2 36 33
1 2 35 32
5 2 36 35
7 5 36 39
8 2 36 42
3 2 36 45
5 2 35 44
7 2 33 45
7 2 36 44
1 3 36 48
8 2 36 49
4 3 36 52
1 2 29 51
1 2 35 52
8 2 36 53
3 3 36 55
2 2 36 57
8 3 36 58
8 2 36 61
4 2 32 60
7 2 36 62
3 3 36 63
4 2 35 63
8 2 35 63
1 3 36 64
2 3 36 65
8 2 36 66
6 2 33 66
8 2 31 67
1 2 32 67
7 2 36 76
1 2 36 84
5 2 34 84
6 3 36 88
7 2 36 90
4 2 36 95
1 2 36 94
4 2 36 99
3 2 37 0
7 2 37 1
1 3 37 3
2 2 37 6
7 2 36 7
2 2 37 9
6 2 37 8
8 2 36 9
8 2 37 8
1 3 37 15
8 3 37 25
2 4 37 26
4 2 37 28
4 3 37 30
8 2 36 29
4 3 37 33
3 2 37 33
7 2 37 35
4 2 37 37
6 2 37 40
8 2 36 39
5 3 37 39
7 2 37 38
2 2 37 39
3 2 37 47
4 2 37 49
6 3 37 55
3 2 37 57
1 3 37 62
3 2 36 61
4 2 36 61
5 3 36 62
6 4 37 63
3 2 37 76
2 2 35 75
6 2 34 74
3 2 34 75
4 2 35 76
8 2 37 76
7 3 37 76
2 2 37 76
6 2 36 75
5 2 36 75
3 3 36 76
8 3 37 74
1 2 37 77
4 4 37 81
6 2 35 80
4 2 36 80
3 2 35 79
4 2 36 83
6 6 36 83
5 2 37 91
8 2 37 97
3 3 38 1
2 5 38 3
5 2 38 12
2 2 36 11
7 3 36 12
3 3 37 10
2 2 37 11
6 2 38 13
5 2 38 15
4 2 38 14
5 3 38 19
6 4 38 28
6 2 38 31
1 2 38 41
1 2 38 44
8 4 38 44
7 2 34 42
2 2 36 42
6 2 38 45
6 2 38 50
7 2 38 49
1 2 38 52
7 2 38 54
6 2 38 60
2 2 38 59
6 2 37 60
1 2 35 59
8 2 38 65
3 2 38 66
4 2 37 67
1 2 38 67
8 2 37 67
3 2 37 68
2 2 38 76
4 2 38 78
8 2 38 78
7 3 38 79
1 2 38 81
6 3 38 87
8 2 38 89
6 2 38 90
8 2 38 92
6 2 38 95
7 3 38 97
5 2 38 98
4 2 39 2
4 3 39 5
5 2 38 4
6 2 39 9
2 2 39 8
5 2 39 9
4 2 39 10
1 2 39 12
7 3 39 14
4 4 39 16
3 2 39 17
4 2 39 19
3 2 39 23
4 2 39 34
6 2 39 33
1 4 39 36
8 2 38 37
3 2 39 40
4 4 39 41
3 2 39 49
7 2 33 50
6 2 39 48
5 3 39 47
4 2 39 50
7 2 39 52
8 2 38 51
2 2 39 54
5 2 39 55
7 2 39 56
5 2 39 61
6 2 39 66
5 2 39 67
5 2 36 68
3 2 35 69
1 2 36 69
6 2 39 75
7 2 39 82
5 3 39 84
6 2 35 85
5 2 37 84
3 2 37 84
4 2 38 84
8 2 39 85
8 2 38 84
5 2 39 86
8 5 39 88
7 2 39 89
2 2 39 91
4 2 39 93
8 2 40 7
3 3 40 8
1 2 40 27
5 3 40 28
8 2 39 30
3 3 40 31
5 2 39 29
8 3 40 38
3 2 40 42
5 2 40 42
3 2 40 57
4 2 40 61
2 3 40 62
2 3 40 69
2 2 40 72
3 3 40 76
1 4 40 78
7 2 37 79
3 2 40 84
1 3 40 89
4 3 40 90
8 2 40 96
1 2 41 1
6 2 41 4
3 2 38 5
3 2 40 3
1 2 40 2
8 2 40 2
8 2 41 5
4 2 41 6
1 2 41 14
2 2 41 19
7 3 41 19
7 2 37 21
6 10 41 39
6 2 41 38
7 4 41 41
2 2 41 40
5 2 41 42
2 2 41 50
5 2 39 50
1 6 41 49
1 2 39 51
6 2 41 51
2 2 40 50
4 2 40 52
3 2 41 50
7 2 41 63
6 4 41 65
1 2 41 68
8 3 41 69
7 2 41 71
3 2 41 73
5 2 38 72
4 2 40 73
8 2 40 74
3 2 41 73
2 2 41 72
7 2 41 74
6 2 41 75
2 3 41 76
7 3 41 79
1 3 41 82
7 3 41 87
2 2 41 91
3 2 38 92
4 2 38 92
2 2 41 95
5 2 40 94
2 2 40 93
3 2 40 95
1 3 41 96
3 2 40 96
6 2 40 96
6 2 42 0
7 3 42 6
7 2 42 11
3 2 42 14
8 2 42 13
8 2 40 12
6 2 41 12
5 2 42 18
4 2 42 18
6 3 42 18
3 2 42 17
1 4 42 18
3 2 42 20
6 2 39 21
1 2 42 23
2 2 41 23
8 2 40 22
6 2 42 24
4 3 42 23
1 2 39 25
8 2 41 25
4 2 42 27
7 2 42 34
5 2 42 34
2 2 41 34
8 2 41 33
4 2 41 34
1 2 42 34
1 2 42 37
5 2 42 40
6 2 42 53
7 2 42 58
8 2 42 60
7 2 40 59
3 2 41 59
1 2 41 59
3 4 42 59
4 3 42 60
4 4 42 68
4 2 42 67
6 2 42 69
1 2 42 69
4 2 42 71
3 2 41 70
2 2 41 70
4 2 42 76
2 2 42 82
5 2 42 81
8 2 42 81
8 2 42 83
5 2 42 85
3 3 42 88
7 3 42 99
7 2 40 98
3 2 43 2
2 2 43 8
2 2 42 9
3 3 43 22
2 2 40 21
5 4 43 24
6 2 43 28
2 2 43 36
3 3 43 38
4 2 42 38
3 2 43 40
8 2 43 61
5 2 43 63
8 4 43 64
3 3 43 65
7 2 43 68
1 3 43 71
8 2 43 72
8 2 43 75
5 2 43 79
8 2 41 80
1 2 43 81
8 4 43 86
2 3 43 91
1 2 43 93
3 2 43 92
7 2 43 93
6 2 43 92
5 5 43 95
1 7 44 13
4 2 44 15
4 4 44 18
6 2 44 22
5 2 39 21
5 2 42 21
7 2 44 23
7 2 44 35
6 4 44 40
2 2 43 42
6 2 41 43
3 2 41 43
6 2 43 43
1 2 42 44
5 2 43 43
7 2 44 39
8 2 44 39
6 2 44 53
6 2 43 52
1 2 44 63
7 4 44 65
2 4 44 66
7 2 44 70
6 5 44 76
6 2 44 83
8 3 44 89
7 2 44 92
2 3 44 93
8 2 44 98
1 4 44 97
3 2 45 0
1 3 45 8
7 3 45 14
2 2 45 14
4 2 45 25
2 2 45 25
6 3 45 24
3 2 45 24
5 2 45 26
4 2 45 38
1 2 45 42
7 3 45 44
8 2 45 44
3 2 40 45
5 2 40 45
4 2 40 46
8 2 39 46
2 3 41 46
3 2 43 45
3 2 45 46
6 2 41 47
1 2 43 47
8 3 43 48
4 2 44 45
6 2 44 46
2 2 45 46
7 3 45 47
2 3 45 54
8 2 42 54
1 2 42 55
2 2 44 55
6 2 43 56
1 2 43 57
3 5 44 56
1 2 45 59
3 3 45 77
8 2 45 78
6 5 45 90
3 5 45 92
5 4 45 94
8 2 45 94
7 2 46 0
1 2 46 1
4 2 46 4
2 2 43 5
5 2 43 6
3 2 46 8
6 2 46 15
3 2 45 16
1 3 45 16
5 3 45 17
8 2 42 16
6 2 46 16
1 2 46 22
8 2 46 29
6 2 37 30
8 2 37 30
7 2 46 39
4 3 46 40
6 2 46 50
4 2 44 49
2 2 44 51
4 2 46 53
8 2 46 54
1 2 46 53
2 2 46 56
8 4 46 57
6 2 46 58
4 2 46 60
3 2 46 64
1 3 46 71
1 3 46 76
2 5 46 78
6 2 45 79
6 2 46 83
4 2 46 82
7 2 46 84
4 2 46 88
7 2 46 87
1 2 45 86
4 2 42 85
7 2 42 85
2 2 45 85
5 2 46 86
6 2 47 6
6 2 47 12
3 4 47 13
5 2 47 14
7 2 47 14
7 2 47 16
3 2 47 17
6 2 47 20
4 3 47 23
5 2 47 31
5 2 47 39
6 3 47 43
8 2 47 44
6 2 47 46
5 2 47 51
7 2 47 51
8 2 47 52
4 3 47 51
3 2 47 54
5 2 47 63
3 4 47 67
3 2 47 66
5 3 47 69
4 2 46 68
6 2 47 71
1 2 43 72
7 2 47 71
5 4 47 72
3 2 46 73
2 2 47 73
8 2 47 77
3 2 47 80
8 3 47 85
1 2 47 87
8 2 47 95
2 2 46 96
7 2 48 1
3 2 48 2
5 2 43 2
1 4 48 5
5 2 43 4
2 2 47 3
7 2 46 4
6 2 46 5
1 2 47 3
8 2 48 2
3 2 48 4
2 2 48 9
2 2 46 10
6 2 45 9
8 2 45 9
7 2 48 8
4 2 46 9
1 2 46 10
5 3 48 9
1 6 48 15
5 2 48 16
5 2 48 19
8 4 48 20
7 2 48 21
8 2 48 23
8 2 48 29
6 2 44 29
3 2 45 29
4 2 43 28
6 2 43 30
8 2 45 30
1 2 43 31
7 2 43 32
5 2 44 31
8 2 43 32
7 2 43 32
2 3 44 31
5 2 46 29
7 2 46 30
3 3 48 30
6 2 43 32
1 3 43 32
3 4 44 32
2 2 44 34
3 2 48 34
4 2 45 35
4 3 48 35
8 2 47 34
1 2 47 36
1 4 48 41
3 3 48 42
7 2 48 42
7 2 48 45
1 2 48 50
1 2 48 57
6 2 48 59
4 2 48 60
5 2 48 79
5 2 48 83
2 3 48 97
4 2 48 99
6 2 49 2
7 2 49 5
8 2 49 8
6 2 49 9
6 2 49 16
1 2 49 21
4 2 49 24
7 2 47 25
3 2 45 26
2 2 49 24
5 2 49 23
6 2 48 24
1 2 49 28
4 2 47 27
1 2 47 27
1 2 49 36
2 2 49 37
4 2 49 55
5 2 49 60
2 2 48 59
7 2 48 60
1 2 49 66
1 2 48 67
2 2 49 65
1 2 48 64
8 2 49 70
3 2 47 69
7 3 49 72
2 3 49 78
3 3 49 80
4 2 49 81
3 3 49 82
1 2 49 81
6 2 49 87
5 2 49 91
4 2 49 92
2 2 49 96
6 2 45 95
3 2 50 1
2 2 48 0
5 2 49 0
5 2 50 7
2 2 48 6
8 2 50 6
5 2 50 5
4 2 50 4
6 3 50 22
4 2 48 21
3 2 50 24
7 2 50 25
3 2 50 29
8 2 49 30
1 2 47 31
4 2 48 31
6 2 50 30
8 2 50 35
6 2 50 36
7 2 50 37
1 2 50 38
3 2 50 39
7 2 50 43
8 2 50 53
1 2 50 54
2 2 50 55
8 4 50 60
5 2 47 60
2 2 49 62
4 2 50 62
1 6 50 72
4 2 48 74
7 2 49 74
2 2 48 75
4 2 50 79
2 2 50 83
2 2 50 89
3 2 48 88
3 2 50 95
4 2 50 94
3 2 48 93
5 2 50 96
4 3 50 97
7 2 51 0
7 2 49 0
6 2 49 0
3 4 51 3
4 2 50 1
6 2 50 2
1 2 51 3
3 2 51 6
6 2 51 8
6 3 51 11
4 2 50 10
1 2 50 10
2 2 51 13
1 2 51 14
7 2 51 18
3 2 51 21
4 2 51 20
7 2 51 39
3 2 51 41
3 2 51 47
2 2 51 46
4 2 50 45
5 3 51 48
3 2 48 50
3 2 51 50
5 2 48 49
7 2 50 51
2 2 51 49
2 2 48 48
3 2 48 49
4 2 49 49
5 2 51 50
6 2 51 59
5 2 51 74
8 2 51 75
1 2 51 81
6 2 51 82
1 2 51 94
7 2 51 97
4 2 48 98
3 2 51 98
2 2 52 6
3 3 52 19
7 3 52 23
2 2 52 25
3 2 52 26
7 2 51 27
8 2 51 28
2 2 52 36
7 2 50 37
8 2 51 37
5 4 51 38
7 3 52 50
8 2 52 49
6 2 52 50
3 2 52 56
6 2 50 56
4 2 49 57
4 3 52 58
1 2 51 57
2 2 52 57
3 4 52 63
5 2 52 60
6 3 52 65
4 3 52 65
8 3 52 65
8 2 52 73
1 5 52 77
5 2 52 82
2 5 52 86
5 2 52 94
4 3 52 93
8 2 50 92
8 2 53 0
2 4 53 4
7 4 53 19
3 2 53 22
7 4 53 29
8 2 52 31
3 2 51 32
6 3 53 31
5 3 53 41
1 4 53 43
2 2 53 51
7 3 53 58
7 2 52 57
5 3 52 58
3 3 53 59
8 2 53 60
6 2 51 60
2 2 53 61
2 3 53 64
2 2 52 62
8 2 52 62
7 5 53 67
8 2 53 67
6 2 52 68
1 2 53 68
4 2 53 74
4 2 50 73
2 2 50 74
5 2 52 75
3 2 53 85
5 2 50 84
7 2 53 88
4 3 53 90
8 2 53 95
7 2 53 97
1 3 53 96
8 2 52 98
5 4 54 4
7 2 54 2
7 4 54 6
8 3 54 13
7 2 54 15
7 2 53 14
2 2 53 14
8 2 53 15
8 2 54 22
6 2 54 25
7 2 54 26
1 2 54 28
5 2 53 28
2 2 53 29
4 3 54 28
1 2 52 28
8 2 54 30
1 2 54 36
4 2 54 44
1 3 54 50
5 2 54 49
3 2 54 65
5 2 54 66
2 2 54 73
2 2 54 75
7 3 54 79
2 2 54 78
5 2 54 82
4 2 54 82
3 4 54 82
6 2 54 99
3 2 52 98
2 2 53 98
6 3 55 0
5 2 52 0
4 2 53 0
2 3 55 28
3 2 55 31
6 2 55 37
6 3 55 43
8 2 55 46
8 2 50 45
1 2 51 45
4 2 54 47
7 2 55 48
6 2 55 47
3 2 55 49
4 2 55 58
8 2 54 57
6 2 54 58
3 2 55 74
8 2 55 80
3 2 55 87
7 2 55 91
2 2 53 90
3 2 52 89
1 2 52 89
1 2 53 91
8 2 54 91
4 2 55 92
2 2 54 93
5 2 54 93
7 4 54 94
3 3 55 97
6 3 55 95
5 4 55 97
7 4 56 1
2 2 56 5
4 2 56 7
8 2 55 6
5 2 56 6
7 3 56 11
3 2 50 11
4 2 50 11
4 3 56 13
2 2 56 14
4 2 55 15
4 2 54 16
5 2 56 13
3 3 56 15
3 2 52 16
5 2 54 16
8 2 52 17
2 2 52 17
6 2 52 18
1 2 56 17
7 2 54 16
6 2 56 19
8 3 56 22
1 2 56 25
8 2 55 24
5 2 56 24
6 2 56 33
5 2 56 38
6 2 54 37
3 2 56 37
2 2 56 36
4 4 56 38
3 2 56 45
5 2 56 50
7 2 56 54
5 2 52 53
2 2 55 55
4 2 56 53
4 4 56 57
4 2 56 61
1 2 54 62
7 3 56 61
3 2 56 61
7 2 56 62
2 4 56 62
6 3 56 72
4 2 53 71
1 3 55 71
2 2 55 70
7 2 53 69
7 2 51 68
8 3 51 68
6 2 51 69
4 2 52 69
3 2 56 77
7 2 56 84
2 2 49 85
6 2 49 86
8 4 56 88
5 2 57 1
3 3 57 11
7 2 57 13
1 2 57 13
7 4 57 18
5 2 57 21
7 2 57 21
8 2 52 20
4 2 57 22
1 2 56 22
6 2 56 21
3 2 54 20
5 2 53 19
1 2 53 20
7 2 54 21
2 3 56 20
2 2 57 23
3 3 57 25
5 2 57 26
5 2 55 26
3 2 55 26
2 2 53 26
1 2 54 26
6 2 55 27
6 3 57 29
3 3 57 30
5 2 57 31
6 3 57 42
5 2 55 41
8 2 57 47
2 2 57 49
3 2 57 55
6 3 57 87
8 2 56 87
5 2 55 88
3 2 56 88
4 2 54 89
1 2 55 89
5 2 57 89
7 2 57 92
2 2 58 1
3 2 58 0
2 5 58 8
3 2 58 6
1 2 58 9
8 2 52 10
7 2 55 10
2 2 58 12
8 2 58 15
5 2 58 22
8 2 58 26
4 4 58 32
7 2 53 34
8 2 53 35
7 2 55 32
7 2 56 34
2 2 56 35
8 2 58 34
6 6 58 36
3 4 58 38
5 3 58 50
3 2 58 52
8 2 58 59
8 2 58 62
3 2 58 70
3 2 58 72
4 2 57 71
7 2 57 71
3 2 57 72
7 2 58 73
1 2 58 78
3 2 58 84
8 3 58 86
5 2 51 85
3 4 51 86
1 2 58 85
4 2 58 87
2 3 58 88
6 2 58 90
5 5 58 98
4 2 59 4
1 2 57 3
6 2 58 3
1 2 59 3
8 3 59 6
1 2 57 7
3 2 59 9
4 2 59 12
8 2 58 11
6 2 58 11
7 2 59 16
8 2 59 21
1 3 59 22
1 2 59 25
8 3 59 29
1 2 58 29
7 2 58 30
2 4 59 30
1 2 59 38
4 3 59 40
3 2 58 40
1 2 58 41
2 3 57 40
8 2 55 42
7 2 58 41
3 3 58 41
6 3 59 45
8 2 59 47
2 2 59 57
7 2 59 61
5 2 59 63
8 2 59 70
8 2 54 69
2 2 54 70
1 2 59 69
5 3 59 74
1 2 57 75
4 2 56 76
6 3 56 76
3 2 59 76
7 2 55 77
6 3 55 77
8 2 59 78
2 10 59 80
8 2 56 79
7 2 55 80
4 2 55 81
1 2 56 79
5 2 59 86
7 2 59 89
1 2 59 92
3 3 59 93
6 2 57 94
7 2 58 93
4 2 59 97
2 2 59 97
2 2 60 1
4 2 60 0
8 2 60 0
4 3 60 6
1 2 60 8
5 2 59 9
8 3 60 8
3 2 57 9
4 2 57 10
6 2 60 9
3 2 60 10
5 4 60 18
3 2 57 19
3 2 60 23
3 3 60 26
2 2 59 26
6 2 60 39
7 3 60 42
5 2 60 45
2 2 60 44
3 4 60 46
8 2 59 43
7 3 60 47
5 2 59 47
8 6 60 50
7 5 60 57
1 2 59 55
2 2 60 60
3 2 60 59
6 3 60 62
3 2 60 67
5 2 57 66
2 2 60 71
5 5 60 71
8 2 60 74
4 2 60 79
3 3 60 80
8 2 58 81
5 2 58 82
3 2 59 80
1 3 60 81
2 3 60 92
6 4 60 96
1 2 60 99
1 2 61 0
7 3 61 7
2 4 61 9
7 4 61 12
5 2 58 11
2 3 58 12
5 3 61 14
3 4 61 14
3 2 61 18
1 2 58 19
5 2 59 19
8 3 61 21
4 2 61 22
1 2 61 27
4 2 61 28
5 2 61 28
3 2 61 27
1 3 61 30
6 3 61 34
5 2 61 43
1 2 61 45
6 3 61 50
6 2 60 51
4 2 59 52
2 2 54 53
3 2 61 51
6 2 58 52
8 2 57 53
4 2 58 53
2 5 61 52
4 2 61 62
3 2 61 65
6 3 61 66
2 3 61 74
4 5 61 82
4 2 59 84
2 2 60 83
6 3 61 84
4 2 61 89
6 2 61 90
7 3 61 98
3 2 62 0
2 2 62 0
5 2 62 2
2 2 62 3
3 2 58 4
6 2 59 4
7 2 59 5
6 2 61 4
8 6 62 5
4 3 62 11
8 4 62 12
4 3 62 15
8 2 62 18
3 3 62 21
1 2 62 23
7 2 62 24
4 2 62 27
7 2 62 28
5 3 62 33
5 2 60 35
8 2 61 32
1 2 62 32
1 2 62 35
5 2 62 38
3 2 62 39
5 2 62 48
2 2 62 47
2 2 61 48
8 3 62 53
5 2 59 54
4 2 62 54
5 2 62 55
7 2 62 60
5 2 62 61
8 2 62 62
1 3 62 66
3 2 62 71
8 2 62 72
3 2 62 85
4 3 62 98
3 2 63 8
6 2 62 9
5 2 63 10
1 5 63 11
6 2 63 14
8 2 63 16
4 3 63 18
8 2 63 28
8 2 63 34
6 6 63 36
7 2 63 39
1 2 63 40
4 2 63 39
8 2 63 40
4 2 63 46
7 6 63 52
5 2 63 63
2 2 61 64
7 2 63 64
6 3 63 67
8 2 57 68
3 2 63 69
7 2 63 70
3 2 59 69
4 2 59 68
4 2 62 69
1 9 63 69
5 2 63 69
7 3 63 79
1 2 63 79
5 2 63 79
6 3 63 80
6 2 63 91
5 2 59 90
7 2 59 90
3 2 59 90
8 3 60 90
3 2 62 90
7 2 62 89
7 2 63 91
5 2 63 95
7 2 58 95
1 3 58 95
6 2 61 94
8 2 63 98
3 3 63 99
2 2 64 9
7 2 64 14
1 2 64 17
7 4 64 19
7 2 64 28
3 2 64 30
2 2 64 38
8 3 64 44
6 2 62 43
3 2 62 42
2 2 63 43
1 2 64 51
2 2 64 52
1 2 64 55
5 2 64 57
3 2 64 66
4 3 64 65
5 2 63 64
5 5 64 73
4 2 64 74
8 2 62 74
4 2 63 74
7 2 61 75
5 2 61 76
6 2 63 75
2 2 63 75
4 2 64 76
1 5 64 77
8 2 64 82
3 3 64 81
7 3 64 84
8 2 64 84
1 2 64 83
5 3 64 85
6 2 62 86
4 2 64 88
1 2 64 91
8 2 64 92
6 4 64 94
1 3 64 95
1 2 62 96
2 2 63 95
3 4 63 96
8 2 64 96
7 2 65 0
4 4 65 1
7 2 65 9
5 2 65 12
2 6 65 21
3 2 65 36
6 8 65 43
3 2 65 42
3 2 65 51
4 3 65 52
1 2 65 52
3 3 65 59
8 2 60 58
3 2 65 57
8 3 65 64
7 2 62 65
3 2 65 64
1 2 65 63
7 2 65 64
7 3 65 75
4 2 64 77
1 3 65 80
2 2 65 79
7 2 65 79
4 2 65 94
2 3 66 3
3 2 64 3
7 2 66 11
4 5 66 12
3 2 66 15
8 2 66 18
8 2 66 26
7 2 64 25
7 2 62 24
8 2 66 38
3 3 66 49
3 2 64 48
5 3 65 48
7 2 65 49
8 2 66 52
6 2 65 53
7 2 66 51
1 3 66 57
2 2 62 58
8 2 66 57
6 2 66 65
1 2 66 75
4 2 66 76
2 5 66 77
6 2 66 82
1 2 66 86
7 2 66 89
5 4 66 91
2 4 66 97
1 2 67 3
4 2 67 6
3 2 67 7
6 2 65 7
5 2 65 8
7 2 67 7
3 2 67 21
4 2 67 24
2 2 65 25
3 2 65 26
2 4 66 26
5 3 66 25
3 2 67 31
6 2 63 31
8 2 64 31
7 2 64 31
1 2 63 31
3 2 64 32
1 2 66 30
4 3 66 29
8 2 66 31
8 2 61 32
7 3 67 36
5 2 67 35
6 2 67 38
8 2 67 48
7 2 63 47
1 2 67 49
5 3 67 56
2 2 67 59
4 2 65 59
6 3 67 59
1 2 62 60
5 2 67 64
3 2 66 63
8 3 67 64
4 2 67 68
2 2 67 74
8 2 67 81
7 2 67 83
4 3 67 83
3 2 66 83
3 2 67 93
7 2 67 92
7 2 67 95
7 2 68 3
7 2 65 2
5 2 67 2
6 3 67 3
7 2 66 5
2 2 68 7
4 2 67 6
3 2 67 5
1 2 67 5
5 2 68 5
7 3 68 30
4 2 63 32
6 2 64 32
7 2 58 33
2 2 64 33
6 2 67 32
8 2 65 33
3 2 65 33
5 2 66 32
5 3 68 31
5 2 68 40
8 3 68 40
2 5 68 50
6 3 68 53
6 2 68 56
7 2 67 55
2 2 67 56
3 3 68 55
4 3 68 61
2 4 68 63
4 2 68 67
2 4 68 71
7 2 68 78
6 3 68 81
8 3 68 88
6 2 66 87
2 2 68 88
7 2 66 87
4 2 64 86
1 2 68 89
4 4 68 91
1 2 68 96
6 3 68 96
6 4 69 7
2 2 69 13
8 2 69 23
6 2 68 22
5 4 69 22
7 3 69 26
7 2 69 29
1 2 69 32
8 2 69 33
1 2 69 40
4 2 67 41
3 4 69 42
6 2 69 50
5 5 69 51
4 3 69 52
1 2 69 54
4 2 69 65
6 4 69 66
1 2 69 66
4 2 69 69
4 2 66 68
8 2 66 68
7 2 66 69
8 2 69 68
5 2 69 69
3 7 69 70
3 2 69 80
6 2 68 79
5 3 68 78
8 3 69 82
4 4 69 85
2 2 67 86
5 2 67 87
7 2 68 85
5 3 69 89
8 2 69 90
6 3 69 90
5 2 69 93
3 2 69 95
1 2 69 98
5 2 70 0
6 2 68 0
8 2 68 0
8 2 70 4
3 2 70 7
5 2 70 10
1 2 70 11
2 2 70 10
6 2 69 11
3 3 70 10
4 2 70 12
5 2 70 13
2 3 70 17
8 2 63 16
5 3 63 16
6 3 64 17
4 2 66 16
7 2 68 17
8 3 70 18
7 2 70 21
1 2 70 23
6 2 68 24
5 2 70 27
7 2 70 31
1 2 70 33
1 2 70 39
6 2 69 38
5 2 69 39
4 3 70 40
2 4 70 41
1 3 70 43
2 2 65 44
7 2 64 45
3 2 64 45
8 2 64 46
6 2 64 46
5 2 65 45
5 3 70 53
8 2 70 60
7 2 70 73
6 2 70 84
5 2 70 83
7 2 70 83
5 3 70 95
3 2 70 99
1 2 66 98
7 3 66 99
4 3 71 0
8 2 71 0
5 2 71 0
2 3 71 0
6 2 71 4
7 4 71 7
2 2 71 8
7 2 71 12
8 2 71 14
6 3 71 15
5 2 71 16
1 3 71 17
6 5 71 17
7 2 64 19
1 2 71 19
3 2 71 21
8 2 71 24
4 3 71 26
4 2 70 25
4 3 71 43
2 2 71 48
3 2 70 48
3 2 71 53
7 2 69 54
5 2 69 55
7 5 71 55
6 2 71 57
6 4 71 60
2 2 68 59
8 2 69 61
5 2 70 58
2 2 70 58
4 2 70 58
8 3 71 64
5 2 71 63
3 2 71 64
4 2 69 63
6 2 69 63
3 2 69 64
7 2 71 68
6 2 67 67
6 4 71 68
1 5 71 73
1 2 71 71
8 2 71 75
6 3 71 75
6 2 71 77
8 2 70 78
3 2 71 82
8 2 71 94
4 3 71 96
8 2 72 6
1 2 72 13
3 2 72 14
7 3 72 19
5 2 71 18
3 3 72 18
6 2 71 19
2 2 71 19
4 5 72 22
2 4 72 26
6 2 72 24
6 3 72 34
7 2 66 34
6 3 70 34
4 2 70 36
3 2 72 36
4 2 69 35
7 2 72 35
5 2 68 34
3 2 68 35
3 3 72 49
4 3 72 56
4 2 71 56
8 2 71 56
1 2 72 56
3 2 72 57
1 3 72 58
8 3 72 58
2 2 72 66
4 3 72 66
8 2 72 67
8 2 72 71
8 2 72 77
1 3 72 82
3 4 72 98
5 7 73 1
2 2 69 2
7 2 73 3
4 2 72 4
4 4 73 3
8 2 73 10
6 2 73 11
8 2 72 11
2 3 73 12
4 2 73 15
7 2 73 15
5 2 73 17
3 4 73 28
1 3 73 35
5 2 71 34
2 6 73 35
5 2 73 46
3 2 69 46
8 3 69 45
6 2 69 45
4 3 69 46
5 2 68 47
6 2 68 48
2 2 70 47
1 2 70 47
6 2 73 50
1 2 73 52
3 5 73 53
4 2 73 62
8 2 72 61
2 2 73 63
5 2 73 64
1 2 73 69
4 2 73 75
1 2 73 76
6 2 73 83
6 2 73 88
4 2 72 87
3 4 73 87
2 2 70 86
1 2 70 86
7 2 70 87
3 2 73 88
8 2 73 90
6 2 73 92
1 2 73 97
7 3 73 98
5 2 73 99
2 2 74 3
3 2 74 2
7 2 74 5
4 2 74 6
2 2 74 15
8 2 73 14
6 2 73 14
1 2 73 15
6 4 74 17
1 2 74 26
1 2 74 37
8 3 74 37
4 2 71 37
3 2 72 37
7 3 74 37
2 2 74 39
3 2 74 41
5 4 74 42
8 2 74 53
8 2 74 56
2 2 74 59
7 2 74 59
5 3 74 60
4 2 70 60
7 2 71 60
2 2 74 62
4 2 74 66
1 2 74 65
3 3 74 67
8 2 74 69
3 2 74 71
2 2 73 72
6 2 73 72
2 2 74 71
5 2 74 72
6 2 74 74
3 2 74 75
7 2 74 75
2 3 74 77
6 3 74 80
2 3 73 79
5 2 74 89
2 3 74 93
7 2 74 92
1 2 72 93
7 2 72 92
8 2 71 93
8 2 74 93
6 3 75 2
8 2 75 4
6 2 75 9
7 2 75 9
1 2 74 8
5 2 75 9
5 2 74 8
3 2 75 11
1 2 75 13
3 3 75 16
8 3 75 15
7 2 75 21
6 2 75 24
7 2 75 23
6 2 74 22
7 2 74 24
5 4 74 25
1 2 75 23
4 3 75 24
5 3 75 32
2 3 75 32
6 2 75 40
7 2 73 39
4 2 75 43
6 2 75 52
5 2 72 51
3 2 72 51
3 2 75 55
4 2 75 57
6 2 75 62
5 2 75 62
6 2 75 63
4 3 75 68
6 3 75 70
8 2 75 75
4 2 75 78
7 4 75 79
3 2 75 82
6 3 75 87
4 3 75 86
3 2 71 85
6 2 71 86
4 2 75 91
1 3 76 2
8 3 76 7
7 2 76 17
1 3 76 22
3 2 76 29
5 2 72 30
8 2 75 28
6 2 73 29
4 2 73 30
2 2 73 31
8 2 74 27
7 3 74 27
2 2 74 28
7 2 74 29
5 4 75 29
1 2 75 27
4 2 76 27
8 2 76 29
1 2 76 30
3 2 76 31
7 2 76 32
4 2 76 32
6 3 76 35
2 3 76 38
2 5 76 45
6 2 76 54
3 3 76 58
4 2 76 65
2 2 76 65
6 2 76 78
2 2 76 85
5 2 72 84
5 3 76 86
7 2 76 89
6 3 76 94
3 2 75 94
1 2 75 95
6 2 76 97
7 2 77 0
8 3 77 2
6 2 77 7
6 2 76 6
1 2 77 19
8 2 77 21
5 3 77 22
2 2 77 24
5 2 77 29
3 6 77 35
5 2 77 44
7 2 77 45
5 3 77 47
8 2 71 48
1 2 74 48
6 2 76 47
4 2 77 48
7 3 77 50
8 2 75 51
2 2 77 51
4 2 75 52
5 2 75 53
8 2 77 53
3 4 77 55
6 2 77 57
2 3 77 56
2 2 77 59
4 7 77 60
3 2 77 68
8 3 77 73
3 2 77 77
7 3 77 87
4 2 77 93
3 2 77 94
5 2 77 95
6 2 78 1
8 3 78 8
6 2 78 10
8 3 78 11
1 2 78 14
4 2 76 14
6 2 78 18
3 2 78 19
2 2 78 18
4 2 78 27
3 2 78 28
1 3 78 28
1 2 78 32
6 2 78 32
1 2 78 38
6 2 78 39
1 3 78 44
6 2 77 42
3 2 77 41
8 2 78 60
2 2 78 61
2 2 77 62
4 2 78 67
7 2 78 71
6 4 78 74
4 3 78 84
6 2 76 83
7 2 75 84
8 2 76 83
1 2 76 84
6 4 78 89
8 2 78 91
7 2 78 92
3 2 77 91
8 2 76 90
2 2 78 93
6 3 78 96
8 4 78 98
2 2 78 98
3 2 79 1
5 2 79 2
4 2 79 2
7 3 79 5
5 3 79 10
7 2 79 12
3 2 79 17
1 2 79 17
6 3 79 21
3 2 78 23
2 3 79 20
5 2 79 19
1 2 79 26
5 2 79 25
4 2 79 24
7 2 79 25
2 3 79 27
6 2 79 28
3 7 79 39
8 2 78 41
5 2 78 41
8 2 79 37
7 2 79 43
5 2 79 45
6 2 77 45
3 2 77 45
1 2 77 46
8 2 78 45
6 2 79 46
1 2 79 48
7 2 79 52
3 4 79 57
7 3 79 60
3 2 79 61
5 2 79 62
6 4 79 71
5 2 79 75
8 2 79 81
5 2 79 80
6 2 78 79
8 2 77 78
6 3 79 85
2 2 79 88
3 2 79 91
6 4 79 92
4 4 79 97
4 2 80 0
1 2 80 3
4 3 80 6
4 2 77 7
3 3 80 5
4 2 78 4
1 2 79 7
8 3 80 7
6 2 80 7
2 2 80 7
1 2 80 7
6 2 80 15
1 3 80 20
7 3 80 27
6 2 80 31
5 2 80 32
1 2 80 35
8 2 80 34
8 2 80 40
3 2 80 44
5 3 80 47
2 2 80 47
7 2 80 49
6 4 80 48
8 2 80 61
2 2 80 69
6 2 80 68
8 2 76 67
5 2 76 66
2 2 76 68
1 3 80 68
7 3 80 69
5 2 80 70
3 2 80 74
7 2 80 74
2 2 80 76
5 2 78 76
6 3 80 78
1 2 78 78
2 3 78 78
3 4 79 78
7 2 79 79
1 4 80 80
5 2 76 80
2 2 78 80
7 2 77 81
4 2 78 80
2 4 80 86
6 2 79 83
7 2 80 83
1 3 80 87
5 2 80 90
4 3 80 90
1 2 80 90
2 2 81 6
5 5 81 8
3 3 81 11
7 2 81 16
2 3 81 19
3 3 81 24
5 3 81 23
8 2 81 25
4 3 81 30
3 2 81 34
3 2 80 33
1 2 81 35
6 3 81 52
6 4 81 56
1 2 81 55
3 2 81 60
5 2 81 62
7 2 80 63
8 2 81 66
6 2 79 65
1 2 81 72
4 3 81 75
5 2 81 91
3 2 81 91
5 2 81 93
4 2 81 95
7 2 80 95
3 2 80 96
6 2 81 97
2 2 81 99
3 3 82 0
5 2 82 2
2 2 81 3
8 3 82 9
1 2 82 15
6 2 80 15
2 2 82 14
6 2 77 13
7 2 82 22
4 2 81 21
3 4 82 28
1 2 82 29
7 2 82 34
7 2 82 39
7 3 82 46
4 3 82 44
5 2 82 46
4 2 82 52
1 2 82 53
7 2 82 55
8 2 82 58
1 2 82 59
8 2 82 62
7 2 80 61
4 2 81 61
2 3 82 71
4 4 82 72
2 2 82 73
1 3 82 74
8 2 82 76
6 2 82 84
6 9 82 86
4 3 82 88
7 2 82 94
6 2 82 96
6 3 82 99
5 2 80 98
8 2 83 1
2 3 83 5
6 2 81 4
4 6 83 13
4 2 81 12
6 3 83 11
5 2 83 13
4 3 83 21
2 2 83 26
2 2 83 30
4 2 83 32
2 4 83 35
8 2 83 33
5 2 83 33
8 5 83 40
6 2 82 37
7 2 82 36
4 3 82 37
3 2 83 37
7 2 83 40
2 2 83 41
8 2 81 42
4 2 81 42
7 2 82 41
1 2 81 42
1 2 83 45
6 2 83 46
7 2 81 47
8 2 82 47
3 2 82 47
1 3 83 48
7 2 83 51
7 3 83 57
5 3 83 56
6 2 83 58
6 4 83 62
4 3 83 68
3 2 83 71
1 2 83 72
7 2 83 81
8 2 82 80
5 2 82 80
3 7 83 80
3 2 81 82
1 2 81 83
2 2 81 84
1 2 82 84
5 3 83 83
8 4 83 89
1 2 83 93
5 2 83 95
2 2 83 95
3 4 84 4
3 2 82 3
2 2 84 9
7 2 84 9
5 2 84 19
6 2 84 21
5 3 84 22
1 2 84 26
3 4 84 40
1 3 84 40
8 2 84 40
2 2 84 43
5 2 83 43
7 2 84 44
4 3 84 52
3 2 84 53
4 2 83 54
8 2 84 55
8 2 82 54
7 2 84 54
5 2 84 55
4 2 84 56
8 2 84 61
1 2 84 63
4 2 84 64
3 2 84 67
7 5 84 69
2 3 84 80
1 2 84 80
2 2 84 86
3 2 84 91
1 2 84 95
8 2 85 13
3 2 85 14
4 3 85 22
8 2 84 24
1 2 84 25
2 2 85 23
7 2 85 30
3 2 85 33
5 2 85 34
7 2 85 43
5 7 85 48
4 2 80 49
7 2 82 49
8 2 84 49
1 2 81 50
8 2 81 51
6 2 82 51
5 2 82 50
7 2 85 50
3 2 85 49
1 2 85 54
4 6 85 63
7 2 80 64
8 2 80 64
4 2 80 65
3 2 82 64
6 2 84 64
2 5 85 67
5 2 85 66
5 2 85 78
6 4 85 79
7 2 85 83
3 2 85 88
3 2 83 88
2 2 85 96
7 2 85 98
4 2 85 99
6 2 86 1
3 2 85 1
5 3 85 0
4 4 86 10
8 3 86 11
8 2 86 24
2 3 86 26
6 2 86 26
1 2 86 32
8 2 85 31
8 2 84 30
3 2 86 45
4 3 86 48
2 2 86 52
5 2 85 51
1 2 86 56
7 2 86 59
7 2 86 66
6 2 85 67
3 2 85 68
1 2 86 65
2 3 86 64
4 2 86 66
5 2 86 70
6 3 86 70
2 3 86 70
4 2 86 69
2 3 86 80
8 2 86 81
1 2 86 82
1 2 86 84
2 7 86 92
1 2 86 96
8 3 87 4
2 2 87 10
5 2 87 11
2 2 87 19
6 2 84 18
5 2 82 17
8 2 82 16
4 2 82 16
4 2 84 17
8 2 87 18
8 2 86 17
6 2 87 17
2 2 85 16
5 2 83 15
3 2 87 16
5 2 87 15
8 2 85 14
1 3 87 17
4 2 85 16
2 3 87 17
3 3 87 19
6 2 87 20
3 2 87 30
7 2 87 29
8 2 86 28
2 2 87 38
2 2 87 42
8 3 87 43
7 2 87 46
3 2 87 46
6 2 87 48
3 2 87 50
7 2 87 52
7 3 87 56
2 2 87 57
7 2 87 61
5 2 84 60
2 2 87 61
3 2 85 60
4 4 87 61
8 2 87 64
1 2 87 72
4 2 87 85
3 4 87 86
1 2 86 86
7 2 87 90
1 2 85 89
4 2 87 90
4 2 86 89
2 2 86 89
7 2 86 90
2 3 87 90
8 3 87 92
6 3 87 94
5 4 87 95
3 4 88 9
1 2 88 14
5 2 88 23
3 8 88 25
4 2 88 20
8 2 88 26
7 2 88 27
5 2 88 29
4 2 88 28
1 3 88 28
2 5 88 31
7 2 88 40
1 2 88 41
6 2 88 42
3 2 88 56
8 2 88 57
3 4 88 62
6 2 88 62
6 3 88 65
3 2 88 68
8 2 88 68
5 2 88 69
4 3 88 70
5 7 88 72
8 2 84 74
1 2 88 83
1 4 88 88
8 2 88 87
7 2 88 88
7 3 88 93
7 2 88 95
6 3 88 97
2 2 82 98
6 3 89 0
6 2 89 8
2 2 87 7
1 4 89 9
3 2 89 11
7 2 89 17
5 2 85 16
3 2 85 16
6 2 87 16
7 2 87 17
1 5 89 21
2 3 89 41
4 2 89 42
6 2 89 55
3 2 88 54
1 2 89 54
5 5 89 60
1 2 86 59
6 2 86 60
6 2 89 75
1 2 84 76
4 2 84 76
2 2 84 77
3 3 85 74
6 2 85 76
5 2 85 77
7 2 89 79
4 2 89 80
3 2 87 79
7 2 89 83
5 3 89 89
8 2 89 90
4 2 89 91
6 2 89 92
4 2 89 98
5 2 90 7
4 2 90 7
7 3 90 9
6 2 90 9
7 4 90 14
2 2 86 13
3 2 88 13
5 4 90 19
1 2 88 19
8 2 90 22
2 2 90 25
6 2 90 36
3 2 89 35
1 2 85 36
4 2 87 36
8 3 90 38
5 2 87 36
3 2 90 39
3 2 89 38
7 3 90 41
8 3 90 52
2 2 89 51
5 2 89 51
8 3 90 56
1 2 90 58
1 2 90 63
2 4 90 65
5 2 88 66
1 2 90 66
1 4 90 69
8 2 90 72
5 2 90 76
3 2 90 79
6 2 90 78
2 2 89 77
5 2 89 76
3 2 90 77
8 3 90 78
3 3 90 82
7 2 90 81
8 2 90 87
8 2 90 99
3 2 86 98
2 3 91 1
5 2 84 2
4 2 85 2
8 2 85 2
1 2 85 2
6 3 86 2
7 3 88 0
8 2 91 9
5 2 91 11
8 2 91 12
2 2 91 15
6 2 91 17
8 2 91 18
2 4 91 21
8 2 91 31
4 5 91 35
3 2 88 34
8 2 91 35
7 2 89 34
1 2 91 36
4 2 91 39
8 3 91 42
8 3 91 48
1 2 91 49
7 3 91 61
6 2 91 68
3 2 91 71
4 6 91 72
2 2 86 73
5 2 87 73
1 2 87 74
7 2 90 73
3 2 90 73
1 2 91 76
1 2 91 79
5 3 91 80
7 2 91 83
7 4 91 90
7 2 91 96
6 2 91 96
7 2 90 95
8 2 90 96
1 3 91 97
5 2 91 99
1 2 85 98
3 2 92 4
8 2 90 4
5 2 86 5
6 2 87 5
1 2 87 5
7 2 87 5
3 2 87 6
4 2 90 4
2 2 91 4
4 6 92 5
6 2 90 5
7 2 90 6
2 5 92 11
4 3 92 16
1 2 92 17
7 7 92 19
7 3 92 24
3 2 90 26
6 2 90 26
2 2 90 27
4 2 90 28
5 2 92 28
2 2 92 29
5 3 92 30
2 2 87 31
8 3 87 31
4 5 92 31
8 2 92 33
7 3 92 57
6 5 92 75
5 2 92 79
3 3 92 80
6 2 92 82
2 2 92 87
4 3 92 86
1 2 92 88
6 3 92 88
7 4 92 98
8 2 93 1
2 2 90 0
6 2 93 0
3 3 93 5
8 3 93 20
5 2 93 25
3 3 93 31
3 2 93 36
6 2 92 35
8 3 92 36
6 2 93 49
2 2 93 48
5 4 93 53
1 2 93 53
1 2 92 52
8 2 93 60
8 2 92 60
8 7 93 64
7 3 93 66
7 4 93 74
1 2 90 76
1 2 92 73
6 2 92 73
2 2 92 74
3 3 93 77
7 4 93 79
2 2 93 80
7 2 93 82
5 2 93 86
1 2 91 85
8 2 93 88
3 2 93 98
5 3 94 1
7 6 94 4
8 2 94 7
8 2 94 14
5 3 94 13
6 2 94 12
1 2 90 11
4 2 92 11
7 2 94 11
1 2 94 10
5 2 94 17
8 2 94 23
4 2 94 27
2 3 94 26
1 2 94 26
8 2 94 28
5 2 94 33
3 2 91 33
5 2 94 36
3 2 94 43
8 2 90 44
6 2 90 45
2 2 90 46
6 2 92 42
3 2 91 43
7 2 91 44
1 3 92 43
3 2 93 44
6 2 94 43
4 3 94 44
3 2 93 46
2 2 94 44
6 2 94 46
5 2 94 47
8 2 90 46
2 2 94 46
5 3 94 45
1 2 94 45
4 4 94 50
2 2 94 53
3 2 94 54
1 3 94 62
1 4 94 67
8 3 94 70
8 2 93 69
4 2 94 69
6 3 94 70
1 4 94 73
6 2 93 74
6 4 94 82
4 2 94 82
4 2 94 89
4 8 94 92
7 2 93 94
3 2 94 93
1 2 93 94
8 2 92 93
4 2 92 94
3 2 93 95
2 4 95 0
1 2 95 6
7 2 95 7
8 2 95 11
7 2 93 11
6 2 94 11
2 3 95 14
6 4 95 15
7 2 95 16
6 2 95 21
6 3 95 27
2 2 95 33
7 2 94 32
1 2 94 32
5 2 94 33
2 2 93 34
8 2 95 35
7 3 95 36
8 2 95 47
7 2 95 49
3 2 95 53
3 2 95 57
3 2 95 68
7 2 95 72
8 3 95 75
8 4 95 79
4 3 95 79
2 2 95 82
1 2 95 82
5 2 95 87
7 2 95 96
3 2 95 97
4 3 94 96
6 2 94 96
2 5 95 95
1 2 96 1
7 2 96 0
4 2 96 0
3 3 96 2
6 2 96 5
2 2 96 4
3 2 96 11
4 2 94 10
1 2 96 12
3 2 96 14
8 2 96 16
7 4 96 22
5 2 94 22
4 2 96 26
5 4 96 29
1 2 96 34
6 2 96 33
5 3 96 41
2 2 95 41
3 2 95 40
2 2 91 39
6 4 91 38
4 2 95 40
8 2 96 40
1 3 96 47
1 7 96 54
7 2 96 53
3 2 96 59
4 3 96 58
3 3 93 58
5 2 94 58
2 2 96 57
2 2 95 58
2 2 96 62
5 2 96 64
6 2 96 63
4 3 96 63
2 3 96 68
3 2 94 66
1 3 96 70
3 2 96 71
6 4 96 77
4 2 96 82
1 2 96 84
4 2 91 84
2 2 96 85
5 2 93 84
4 2 88 85
5 2 88 85
2 2 88 86
6 2 96 86
3 4 97 1
6 2 97 3
6 3 97 12
8 2 97 14
8 3 97 20
2 2 97 33
4 2 97 34
1 2 97 41
4 2 97 45
6 3 97 55
6 2 97 59
3 2 96 58
6 2 97 61
3 2 97 64
4 2 97 66
1 2 97 71
7 2 97 74
7 2 94 73
3 2 95 73
5 2 97 73
7 2 97 84
2 2 95 84
3 2 97 83
5 3 97 82
5 2 97 88
6 2 97 88
3 3 97 87
8 2 97 88
1 2 98 2
5 2 98 5
4 2 98 6
1 2 98 7
5 3 98 10
8 2 98 13
3 2 98 14
5 2 98 23
4 2 95 24
3 2 98 26
1 2 98 29
2 2 98 28
7 2 98 36
5 2 98 53
4 2 98 54
1 2 98 66
3 2 98 66
1 2 97 65
7 2 97 66
2 2 96 66
4 2 96 66
8 2 98 66
8 2 98 69
2 2 95 69
5 3 98 69
4 2 98 75
5 2 97 76
8 3 98 77
1 3 98 88
4 12 77 88
1 100 78 0
5 100 79 0
7 100 80 0
2 100 81 0
1 100 82 0
8 100 83 0
2 100 84 0
1 100 85 0
8 100 86 0
4 100 87 0
2 100 88 0
4 100 89 0
5 100 90 0
8 100 91 0
4 100 92 0
8 100 93 0
2 100 94 0
4 100 95 0
5 100 96 0
8 100 97 0
6 100 98 0
