121556
1688
1 2 0 1
4 2 0 3
2 3 0 6
1 2 0 9
4 2 0 12
4 2 0 17
2 2 0 28
7 2 0 30
2 2 0 31
7 91 0 33
6 75 1 4
8 4 1 13
7 2 1 19
5 2 1 18
3 2 1 28
4 2 2 15
4 3 2 20
1 5 2 24
1 3 2 27
6 2 2 27
8 2 2 32
4 2 2 35
8 2 2 45
5 2 2 47
1 2 2 66
5 2 3 21
2 2 3 26
4 2 2 25
8 2 3 28
1 3 3 30
2 3 3 31
2 2 3 33
3 3 3 33
1 2 3 34
1 2 3 39
4 3 3 44
5 2 3 43
4 2 3 45
7 4 3 48
5 2 3 49
8 2 3 50
1 2 3 54
8 2 4 0
2 2 4 0
5 2 4 11
5 2 4 17
6 3 4 24
5 4 4 40
6 2 4 43
3 3 4 49
3 2 4 51
3 3 4 64
7 2 5 13
7 3 5 17
1 2 5 20
2 2 5 21
7 2 5 22
6 2 5 37
2 2 5 39
7 2 5 41
4 4 5 47
5 2 5 54
4 2 6 22
8 4 6 29
8 2 6 37
2 2 5 36
3 2 5 36
7 2 6 36
6 2 6 50
3 2 6 53
7 2 5 52
4 2 6 55
3 2 6 55
2 2 6 57
4 2 6 63
6 2 6 64
2 2 6 65
6 2 6 66
7 2 7 0
2 2 7 1
7 2 7 14
7 2 7 19
1 2 4 18
3 2 5 18
3 2 7 30
5 2 7 32
1 2 7 31
7 2 7 32
6 3 7 32
6 2 7 37
8 3 7 36
8 2 6 35
6 2 5 34
7 2 6 34
1 2 7 45
5 2 6 44
8 2 7 44
1 2 7 50
5 3 7 51
7 3 7 56
4 2 7 58
8 8 7 61
5 2 8 0
5 2 8 28
4 2 6 27
7 2 6 27
3 3 7 27
5 2 8 36
8 4 8 43
8 2 7 42
6 2 6 41
4 2 8 51
3 2 9 5
5 2 9 11
6 2 6 12
4 3 9 19
3 3 9 18
6 2 8 17
2 3 8 16
5 2 4 15
8 2 7 15
5 4 9 22
3 2 6 23
8 2 6 24
1 2 8 22
2 2 9 24
4 2 9 25
2 2 5 25
7 2 8 25
5 2 9 26
1 2 9 25
3 2 9 25
4 2 9 27
1 4 9 34
6 2 9 44
3 2 9 45
8 3 9 46
2 2 9 50
6 2 9 50
1 2 9 55
3 2 9 56
7 2 10 1
5 2 10 7
4 2 8 7
7 2 8 8
7 2 10 6
4 3 10 6
8 2 10 5
5 2 10 6
2 2 10 7
8 2 10 16
6 2 10 16
7 2 7 15
5 2 5 14
1 2 10 19
8 4 10 20
8 2 10 23
2 3 10 34
3 2 10 35
5 3 10 37
5 2 6 38
3 2 10 37
2 2 10 46
6 2 8 47
3 2 10 46
1 2 10 47
5 3 10 48
3 2 10 58
1 2 11 5
7 3 11 18
8 4 11 25
2 4 11 26
8 3 11 32
3 2 10 31
5 3 11 31
4 3 11 34
2 2 11 43
2 2 11 45
7 2 11 49
8 3 11 51
7 2 11 61
5 2 11 65
6 2 9 64
2 2 9 63
6 2 9 62
8 2 9 64
8 2 12 16
2 2 12 16
5 2 12 18
5 2 12 34
6 2 12 40
5 2 9 40
1 2 11 39
6 2 9 40
4 2 9 40
8 2 11 38
2 2 12 49
5 2 12 53
8 2 11 53
2 2 10 54
2 2 8 53
1 2 9 53
4 3 10 53
1 2 11 52
1 2 12 54
5 2 10 55
6 3 12 59
5 5 12 58
3 2 12 65
2 2 13 1
4 2 13 1
3 5 13 0
8 2 13 0
7 2 13 8
1 2 13 8
4 2 13 9
3 2 10 10
2 2 10 11
4 2 9 12
5 2 13 9
5 3 13 13
3 2 13 13
6 2 8 14
4 3 8 14
2 2 9 14
1 2 9 14
6 2 12 14
1 2 12 14
5 3 13 30
5 2 11 29
4 2 11 30
3 2 13 30
1 2 13 31
2 4 13 32
1 2 13 35
2 2 12 36
6 2 13 34
7 2 13 36
8 2 13 37
4 2 13 41
2 2 12 40
7 3 12 39
8 2 12 41
7 2 13 41
1 2 13 46
6 4 13 54
3 2 13 55
4 2 11 56
1 2 11 57
5 2 14 24
6 2 13 24
1 2 14 28
8 3 14 31
8 2 14 41
8 2 14 49
8 2 13 48
7 2 14 55
2 3 14 60
1 2 14 64
2 2 10 65
2 2 13 65
6 3 14 65
2 2 15 3
4 3 15 4
7 2 14 6
3 2 15 11
7 2 15 24
1 2 15 25
3 2 15 25
5 4 15 26
2 3 15 28
2 2 10 28
7 2 12 28
3 2 12 29
7 2 15 30
1 2 15 39
7 2 15 42
2 2 15 41
8 2 15 45
5 3 15 45
2 2 15 47
6 4 15 47
3 3 15 50
4 2 15 50
3 2 15 51
2 2 14 52
7 3 15 58
7 2 16 1
4 2 16 2
1 2 16 3
2 7 16 11
7 2 15 13
3 2 15 14
8 2 16 10
8 2 13 11
2 2 13 10
7 2 16 15
8 2 12 15
2 3 16 16
2 2 16 15
3 2 15 16
1 2 16 16
7 2 16 22
2 2 16 21
4 2 11 22
6 2 11 23
7 2 12 20
4 2 15 20
1 2 14 21
6 4 15 19
1 4 15 18
3 2 15 22
6 2 16 28
4 2 14 27
7 2 16 27
6 2 16 35
4 2 16 39
1 2 16 43
5 2 16 42
2 2 15 43
4 2 15 42
1 2 16 41
2 2 16 53
1 2 16 55
2 2 16 66
3 2 17 1
8 2 17 8
6 2 15 7
4 2 17 12
6 3 17 13
5 2 17 15
1 3 17 22
7 2 16 24
5 2 17 29
3 2 17 28
1 2 17 33
4 2 14 33
8 2 15 33
2 2 15 34
3 2 17 36
5 2 16 37
7 2 17 38
8 3 17 38
1 2 17 36
8 2 17 46
7 3 17 49
6 2 17 50
5 2 17 52
6 2 17 56
7 2 14 56
6 2 14 56
4 2 14 56
7 2 17 64
7 2 16 65
5 2 15 64
6 3 17 65
4 2 17 63
3 2 10 62
7 4 18 0
6 2 18 2
6 2 18 4
2 3 18 6
6 2 18 9
3 2 16 8
1 2 16 9
5 2 17 10
1 2 15 11
7 2 15 11
3 2 18 11
6 2 18 12
3 2 18 14
3 3 18 17
2 2 18 19
5 2 16 19
8 3 18 21
6 3 18 23
2 2 18 24
8 2 18 29
2 2 18 28
5 2 18 31
1 2 18 39
6 2 18 40
2 2 18 43
7 2 17 42
5 2 17 42
7 3 18 44
8 2 18 54
2 3 18 55
3 2 18 57
4 3 18 57
5 3 18 56
6 2 17 58
8 2 18 61
5 2 19 1
2 2 19 4
7 2 19 7
8 2 18 6
6 2 18 6
5 3 19 9
5 2 19 19
3 2 18 18
4 2 16 17
6 2 16 17
8 2 18 18
6 2 19 32
6 2 18 31
8 2 19 32
4 3 19 33
6 2 19 34
3 4 19 36
2 2 19 37
3 7 19 43
1 2 19 45
8 4 19 56
8 2 19 63
5 3 19 64
7 3 19 66
1 2 20 0
4 2 20 2
2 2 20 8
2 2 20 17
1 3 20 23
6 3 20 25
4 2 20 25
2 2 20 32
8 3 20 41
2 2 19 40
1 3 20 41
2 2 20 44
5 3 20 45
3 5 20 58
2 2 20 59
4 2 19 60
8 4 20 60
6 2 19 61
3 2 20 64
7 2 20 64
7 2 21 9
6 2 21 21
3 4 21 22
8 2 21 27
6 2 20 28
1 2 20 27
2 3 21 28
3 2 21 29
4 2 19 30
4 3 21 45
2 3 21 51
2 2 20 50
7 2 21 53
4 2 20 52
6 2 20 52
5 4 21 53
2 2 21 53
2 2 21 65
2 2 22 3
5 2 22 6
6 3 22 5
6 2 21 6
2 3 22 5
7 2 19 4
3 4 22 9
7 3 22 22
6 2 22 30
4 3 22 29
3 2 22 34
8 2 22 34
4 2 22 35
6 2 22 36
1 2 21 37
5 2 19 38
6 2 19 38
3 7 22 40
4 2 20 38
2 3 22 46
7 3 22 50
3 2 22 52
3 2 22 63
5 2 15 62
7 2 23 0
6 2 21 0
7 3 23 25
7 2 22 24
5 2 22 24
3 3 23 30
6 2 23 33
5 2 23 34
3 2 23 36
2 2 23 38
6 2 23 45
5 2 23 50
4 2 23 60
3 2 18 61
2 2 22 59
3 4 23 60
2 5 23 62
4 2 24 6
1 2 21 7
7 2 24 7
6 4 24 11
2 2 21 10
1 2 21 11
8 2 23 10
7 3 23 10
8 3 24 15
5 2 23 17
4 2 21 18
7 3 23 16
6 2 23 15
1 2 23 14
1 2 23 18
6 2 24 21
7 2 22 20
4 3 24 23
4 3 24 28
7 2 24 30
7 2 24 36
6 2 24 37
7 2 24 39
7 2 22 40
3 2 22 40
8 2 23 38
5 2 24 42
6 2 23 41
5 3 23 42
1 2 23 44
4 2 24 53
6 2 24 54
8 2 23 53
4 2 23 55
5 2 23 56
7 2 24 64
3 2 25 2
5 2 25 6
3 4 25 9
2 2 25 12
3 4 25 14
7 2 25 14
2 3 25 18
5 2 25 21
2 2 25 21
2 2 23 20
8 2 23 21
5 2 25 24
3 2 25 32
2 3 25 38
3 3 25 41
2 3 25 44
7 2 25 44
8 2 24 43
2 2 25 50
5 2 25 51
5 4 25 54
7 3 25 54
3 2 25 54
7 3 25 57
6 2 25 56
2 3 25 60
8 2 23 61
4 3 23 61
2 2 26 5
5 2 21 4
3 3 21 5
7 2 26 11
4 2 26 10
5 4 26 12
1 3 26 13
8 3 26 15
5 2 26 17
7 2 26 30
6 2 26 31
8 2 24 31
2 2 26 33
4 3 26 32
7 2 26 39
5 2 26 47
1 2 21 47
6 2 26 48
5 2 26 47
7 2 21 48
8 2 23 48
4 2 23 47
6 2 23 49
7 2 25 48
4 3 26 49
4 2 26 52
4 3 26 56
7 2 25 56
1 2 24 55
2 2 26 59
7 3 26 62
3 2 26 63
5 2 26 66
4 2 26 65
2 2 26 65
4 3 27 2
3 2 24 0
5 2 27 1
7 2 27 8
8 3 27 9
8 3 27 13
7 2 26 12
2 3 27 15
4 2 24 15
8 2 27 18
3 3 27 20
8 2 27 27
2 2 26 27
3 2 21 26
5 4 26 26
1 2 22 26
6 2 26 28
3 4 27 26
5 2 26 29
6 2 27 25
7 2 27 35
6 2 27 36
5 2 26 35
1 2 27 36
2 2 27 37
3 2 27 41
6 2 27 44
5 2 26 43
4 2 27 44
1 2 27 46
8 2 27 49
1 2 27 53
8 2 27 57
3 3 27 65
8 2 28 4
7 2 25 4
6 2 25 3
3 2 26 4
4 2 28 10
6 2 28 13
1 2 28 17
4 4 28 18
5 2 28 38
1 2 28 38
2 2 27 39
4 2 28 40
7 2 28 46
3 2 28 52
6 2 25 51
7 2 26 51
7 2 28 56
2 2 26 55
7 2 28 58
7 2 26 59
8 2 26 60
7 3 28 65
1 2 29 1
5 2 29 3
7 2 29 5
3 2 29 4
4 2 29 4
4 2 29 7
6 2 29 9
3 2 29 10
2 2 28 11
5 3 29 11
2 2 29 20
3 2 24 21
7 2 24 22
8 2 28 21
6 2 26 20
1 2 29 22
6 2 29 21
4 3 29 29
8 2 29 28
7 2 29 29
1 2 29 30
6 3 29 35
4 2 29 34
8 2 29 34
5 2 29 42
1 2 26 41
7 2 26 42
1 2 29 48
7 6 29 52
4 3 29 59
3 2 30 0
3 3 30 3
7 2 30 1
8 2 30 4
4 3 30 16
8 2 30 18
8 2 27 18
6 3 30 19
7 2 29 19
2 2 29 19
5 2 30 21
4 2 30 23
4 2 29 24
2 2 29 23
1 3 30 24
2 2 30 24
8 2 30 25
7 2 30 25
1 3 30 26
5 3 30 35
3 3 30 34
4 3 30 37
8 2 30 39
6 2 30 43
8 2 30 42
6 2 30 45
4 3 30 46
3 2 27 47
6 2 28 47
8 2 30 47
3 2 30 54
6 2 29 55
5 2 29 55
3 2 29 56
4 2 29 56
6 2 29 57
8 2 30 55
6 2 30 62
5 2 27 61
8 3 30 64
1 2 30 64
8 2 29 63
5 2 30 63
2 2 30 63
7 2 25 62
2 2 25 62
6 2 30 62
3 3 30 62
4 3 30 65
1 2 31 6
6 2 30 7
2 3 30 8
1 2 31 9
7 2 31 11
7 2 31 18
8 3 31 21
4 2 30 20
1 2 31 20
5 2 31 19
4 2 31 25
2 2 31 26
5 2 31 28
4 2 31 27
1 2 31 30
2 3 31 33
7 2 26 32
5 2 30 32
3 2 30 32
8 3 31 32
7 3 31 37
7 2 31 43
7 2 31 47
5 3 31 54
1 2 31 56
2 2 31 59
1 2 28 58
4 2 30 58
3 2 31 58
3 2 31 64
5 5 32 4
1 2 32 2
6 2 31 1
4 2 32 2
2 2 32 3
3 2 32 5
8 2 31 6
5 2 32 13
2 2 29 13
5 2 29 13
3 2 32 14
4 2 32 18
5 4 32 31
7 2 32 33
2 2 32 40
2 4 32 43
3 2 31 44
6 3 32 50
1 2 28 49
5 2 29 50
7 2 30 50
1 2 32 50
3 2 32 50
2 2 32 52
8 2 32 55
7 2 33 1
4 2 31 0
8 2 32 0
8 3 33 8
3 5 33 10
6 2 33 6
2 3 33 6
2 4 33 11
7 2 33 17
6 3 33 18
4 2 33 30
4 2 33 38
3 2 33 39
6 2 33 53
7 2 33 58
7 2 33 62
5 2 29 61
3 2 33 63
2 3 33 65
2 2 34 0
4 2 34 9
8 7 34 10
4 2 32 7
6 4 34 12
7 2 34 19
5 2 34 26
6 2 32 26
1 2 34 25
3 2 34 32
2 2 33 33
6 2 32 34
1 2 33 33
5 2 34 35
6 3 34 36
4 2 33 34
2 2 34 37
6 2 33 38
6 2 32 39
5 3 32 40
2 2 31 41
7 2 31 41
3 2 34 37
7 2 34 39
8 2 33 38
5 2 33 38
3 2 34 38
7 2 34 42
6 2 32 42
2 2 34 49
3 2 34 59
7 4 34 63
4 2 30 62
6 3 35 2
5 2 35 6
3 4 35 19
2 3 35 23
3 3 35 27
6 2 35 29
4 2 35 32
2 2 35 34
5 2 35 39
3 2 35 40
4 2 34 41
3 2 33 42
2 4 34 41
2 2 35 45
6 2 35 44
2 2 35 57
5 4 35 58
4 2 35 65
3 3 35 66
7 4 36 9
8 2 36 12
2 4 36 12
4 2 34 12
8 2 34 12
1 2 36 19
8 2 36 24
7 2 34 23
8 2 35 25
2 2 36 26
4 2 36 27
1 3 36 37
4 2 36 44
4 2 35 43
3 3 36 48
5 2 33 47
2 2 33 47
7 2 35 49
5 2 36 49
6 2 35 48
4 5 35 49
4 2 35 51
6 2 36 53
5 3 36 54
6 3 36 56
3 2 36 57
7 2 36 62
6 2 33 61
8 2 31 60
2 3 33 60
2 2 32 59
3 2 33 60
3 3 37 1
5 2 35 0
4 2 37 3
8 2 37 16
1 2 29 15
6 3 37 18
8 2 37 28
2 2 37 38
8 2 37 43
4 2 37 47
2 2 37 52
2 2 37 63
8 2 36 62
1 2 37 63
8 2 38 4
1 7 38 5
3 2 37 4
8 2 38 4
2 3 38 15
6 2 34 14
2 3 34 14
5 4 38 18
3 2 38 19
3 2 38 23
5 2 36 22
2 2 38 23
6 2 35 23
8 2 35 22
1 2 35 22
2 3 38 35
3 2 38 43
5 2 38 48
4 2 38 51
3 2 37 50
5 3 37 50
5 2 35 51
6 2 37 51
7 2 38 53
8 3 38 61
3 2 38 61
4 3 38 60
6 2 38 64
3 2 38 66
7 2 39 0
1 2 39 11
4 2 36 12
7 2 36 13
8 2 39 11
7 2 39 13
7 4 39 15
1 2 39 16
2 2 39 20
6 2 39 55
8 3 39 65
2 2 40 3
2 5 40 7
7 2 40 11
3 3 40 14
3 2 37 14
7 2 33 15
6 2 34 15
4 4 40 16
5 2 36 15
3 2 40 16
6 2 40 19
6 3 40 22
2 2 40 26
3 2 38 26
4 2 36 27
7 2 36 27
5 2 38 27
7 2 39 26
1 2 40 26
3 2 40 28
8 3 40 33
7 2 38 32
2 2 40 37
5 3 40 42
8 2 37 41
4 3 40 48
7 2 38 47
6 2 36 46
1 3 40 55
7 2 36 54
4 3 40 62
2 2 40 61
7 2 40 61
3 2 41 0
2 2 36 0
1 3 41 3
5 2 41 1
4 2 41 4
5 2 41 17
7 2 41 20
2 2 41 28
3 2 41 30
6 2 39 29
5 2 39 29
5 3 41 34
6 2 39 34
8 2 40 33
4 2 41 33
3 3 41 32
2 2 41 31
4 2 40 30
7 2 41 30
1 2 41 30
3 2 41 30
4 2 41 39
2 4 41 43
3 2 41 45
1 2 40 44
4 2 40 44
5 2 40 45
8 2 40 46
2 2 40 45
8 3 40 45
6 2 41 54
7 2 41 55
5 2 41 57
6 4 41 57
7 2 40 58
2 2 39 59
5 3 39 60
6 2 41 63
8 2 41 62
1 2 41 62
4 3 41 63
1 2 41 65
2 2 42 1
6 2 42 2
4 3 42 6
3 2 42 5
7 2 42 4
4 2 42 5
2 2 42 5
7 2 42 24
4 2 37 23
6 2 41 25
7 2 42 28
1 3 42 27
4 3 42 29
1 2 42 38
8 2 41 37
8 2 40 38
7 2 40 39
3 2 41 37
8 2 41 39
5 2 42 39
4 2 42 50
3 2 41 49
1 2 41 48
6 4 41 50
8 4 42 55
3 3 42 61
1 2 43 0
8 2 43 0
6 2 43 5
8 2 42 6
6 2 42 7
6 5 43 12
3 3 43 14
6 3 43 16
1 2 43 18
2 2 43 17
4 4 43 21
6 2 39 21
5 3 41 20
4 3 41 21
8 2 43 21
1 3 43 26
1 2 43 40
6 2 43 39
3 2 43 40
8 2 43 41
3 2 43 42
2 5 43 49
7 2 42 47
6 2 41 46
5 2 42 46
3 3 43 53
2 2 41 52
1 3 42 52
4 3 42 54
5 2 43 63
2 2 43 64
3 2 43 65
7 2 44 1
4 2 44 5
6 2 44 4
3 2 44 3
2 2 44 6
2 2 44 15
8 2 44 17
3 2 44 20
2 2 42 19
6 2 43 19
1 3 44 20
7 2 44 28
8 3 44 29
6 2 44 35
7 2 44 36
5 2 44 41
7 2 43 41
8 2 43 42
2 2 44 41
1 2 44 42
5 3 44 43
1 2 44 44
6 2 44 45
7 3 44 52
2 2 39 51
5 2 43 51
3 2 43 51
2 2 44 54
1 2 44 54
7 3 44 55
8 2 44 57
1 2 44 63
3 3 45 1
4 2 44 0
5 3 45 2
1 2 45 1
4 3 45 3
1 2 45 5
7 3 45 8
1 2 45 7
3 2 45 10
2 4 45 26
7 2 45 29
7 2 45 33
8 2 45 42
4 7 45 45
6 2 43 46
3 2 43 46
6 3 45 51
8 2 45 66
4 2 46 0
3 2 46 3
7 2 46 5
2 2 46 13
2 2 45 12
1 2 41 11
1 3 45 13
4 2 45 14
7 4 45 14
4 3 46 13
7 2 43 11
3 2 46 24
5 2 43 23
5 2 45 23
4 2 43 24
8 2 46 25
2 3 46 24
2 2 45 24
3 2 46 24
6 2 45 23
3 2 45 22
2 2 45 22
7 3 46 23
8 3 46 23
8 3 46 33
7 2 43 35
6 2 43 36
5 3 46 38
6 2 45 37
3 2 46 37
4 2 44 38
2 2 46 37
1 4 46 50
5 3 46 52
6 2 46 61
4 2 46 65
2 2 46 64
5 2 46 66
6 4 47 3
2 2 47 6
3 2 47 8
5 2 47 7
4 2 47 15
1 2 47 18
6 2 46 17
8 2 47 29
6 3 47 33
5 2 46 32
6 2 47 44
7 2 47 43
5 2 47 46
3 2 47 52
5 3 47 56
2 2 47 56
2 2 45 55
8 2 46 55
4 4 46 56
7 2 47 59
8 2 47 60
5 2 48 4
3 3 48 5
6 2 48 11
1 2 47 10
5 5 48 10
4 2 43 9
1 2 44 9
3 2 44 10
5 2 45 10
4 3 46 10
1 3 48 14
5 3 48 23
3 2 48 23
7 8 48 26
4 2 48 32
3 3 48 36
5 2 44 35
1 2 47 38
7 2 47 39
5 2 48 35
6 2 46 34
4 2 46 35
3 4 47 35
7 2 48 34
5 2 48 42
3 3 48 43
2 3 48 44
6 2 48 51
5 2 48 53
6 2 48 56
8 2 48 57
3 3 49 0
7 2 49 0
2 3 49 1
2 2 49 9
8 2 49 9
6 2 49 9
3 2 49 11
6 2 49 12
8 2 49 15
5 2 49 17
3 3 49 19
6 2 49 19
3 2 48 20
4 2 49 20
2 2 49 22
1 2 49 30
6 2 43 31
1 2 44 31
7 2 47 31
1 2 49 37
4 3 49 36
4 2 49 39
1 2 47 40
3 2 48 40
1 2 49 42
1 4 49 49
5 2 49 50
7 2 49 49
8 3 49 51
4 2 48 52
5 2 49 57
4 2 49 63
3 2 49 65
1 2 50 3
7 2 50 4
1 4 50 7
2 2 49 7
8 2 49 7
3 4 49 8
1 2 50 10
7 3 50 19
5 2 50 22
7 2 50 23
3 2 50 26
2 2 50 28
2 3 50 31
8 2 48 32
8 5 50 32
2 2 50 50
2 3 50 54
5 2 50 60
7 2 45 61
2 2 48 61
8 3 50 62
5 3 49 62
7 2 48 61
7 2 49 63
8 2 50 62
6 3 51 1
5 2 51 0
2 2 51 4
1 6 51 4
6 2 51 10
2 2 50 11
8 4 51 12
6 3 51 15
3 2 51 16
8 2 50 17
5 2 49 18
4 2 49 18
8 2 51 40
6 2 50 41
2 2 51 46
5 2 51 46
7 2 49 45
1 2 51 45
8 2 51 44
2 2 51 52
4 4 51 54
7 2 51 57
1 2 51 59
4 2 50 58
8 2 51 59
3 2 51 60
4 2 44 59
7 2 44 59
5 2 45 59
1 2 44 58
5 2 51 59
4 2 50 60
1 2 51 62
2 2 51 65
8 3 51 65
7 2 52 6
2 3 52 9
8 2 52 14
2 2 52 13
2 2 52 16
7 2 52 21
1 2 51 20
7 2 49 21
8 2 51 21
1 3 52 22
4 4 52 27
6 3 52 29
6 3 52 33
2 2 52 38
6 2 51 37
6 2 52 42
3 2 51 41
7 4 52 43
6 2 52 45
7 2 52 51
3 2 50 52
6 3 52 57
2 2 52 59
4 5 52 60
3 2 51 58
1 2 52 64
7 4 52 65
8 2 53 6
3 3 53 7
7 2 53 13
3 2 53 21
5 3 53 21
8 2 53 28
1 2 50 28
3 4 53 30
5 2 53 29
1 2 53 33
2 2 53 41
4 2 52 40
1 2 53 45
4 3 53 47
5 2 48 47
3 2 53 48
5 2 53 50
6 4 53 51
8 2 53 58
6 2 53 58
7 2 53 59
5 2 54 3
5 3 54 6
4 3 54 7
6 4 54 8
4 2 54 9
3 2 54 15
4 4 54 15
2 4 54 17
3 2 54 23
2 2 52 24
5 2 54 24
3 3 54 28
6 2 52 29
1 2 54 30
6 2 54 31
4 2 54 32
3 2 54 50
5 2 54 52
6 2 50 52
4 2 54 58
3 2 54 60
1 2 54 60
7 2 54 61
6 2 54 65
8 2 55 3
2 3 55 8
3 4 55 11
7 2 53 13
5 3 53 14
7 2 55 15
2 2 55 26
1 2 55 25
6 2 55 24
8 2 55 23
1 2 55 28
5 2 55 33
7 2 55 34
8 2 53 35
6 3 53 36
4 2 53 34
8 2 55 35
8 2 52 36
7 3 55 36
6 3 55 38
8 2 51 39
3 2 54 39
7 2 54 39
1 3 54 40
7 2 54 41
5 2 55 40
6 2 55 47
6 2 53 47
5 2 55 49
5 2 54 48
2 2 54 48
4 4 55 47
3 2 55 47
7 2 55 48
8 2 55 47
1 3 55 47
2 3 54 45
7 2 55 54
8 2 55 53
7 2 52 52
1 2 54 52
1 2 55 55
8 5 55 55
5 2 55 64
3 2 55 63
2 3 55 64
7 2 54 63
5 2 55 62
6 2 55 61
2 4 56 1
3 2 56 0
5 2 56 0
1 4 56 3
4 2 56 8
2 2 56 13
4 2 56 16
5 2 56 15
6 3 56 28
6 2 55 27
8 3 56 27
4 2 56 31
5 2 55 30
3 3 55 31
2 3 56 34
6 2 56 36
8 2 56 37
4 2 56 39
6 2 56 40
6 2 56 42
6 2 57 1
7 3 57 3
6 2 57 11
7 2 57 11
7 3 57 17
3 5 57 22
3 6 57 25
5 2 57 35
4 2 57 35
7 2 57 41
8 2 57 42
1 3 57 43
3 2 57 45
6 3 57 46
5 2 57 48
7 4 57 51
3 2 56 52
5 2 55 53
6 3 56 52
2 2 57 51
7 2 57 56
6 2 57 59
8 4 57 60
2 2 57 60
3 3 58 4
7 2 58 10
8 4 58 13
3 2 58 17
1 2 52 18
1 3 58 21
7 2 55 19
1 2 55 19
2 3 54 18
8 3 55 18
1 2 58 19
3 2 58 30
2 2 57 30
7 2 58 31
7 2 55 31
6 2 55 31
2 3 55 31
5 5 58 33
8 3 58 36
3 4 58 41
8 2 58 43
5 3 58 44
3 2 58 52
2 2 58 53
2 2 58 62
3 2 58 62
7 2 59 0
6 2 59 2
4 3 58 1
3 2 59 10
5 2 59 11
4 3 59 13
5 2 59 14
4 8 59 19
8 2 59 20
6 3 59 35
4 3 59 38
8 3 59 40
2 3 59 46
2 2 58 47
3 2 58 48
5 3 59 52
4 2 59 53
1 4 59 60
3 2 59 58
2 2 59 65
3 2 57 64
8 2 58 64
1 2 60 4
7 2 60 5
5 2 60 7
5 2 57 7
7 2 57 7
8 2 57 8
8 2 60 10
3 4 60 18
6 2 59 18
7 3 59 18
7 2 60 28
6 2 60 27
7 2 60 26
4 2 59 25
2 5 60 32
8 2 60 31
5 2 60 36
1 3 60 36
7 2 60 45
8 2 60 55
4 2 60 55
6 2 60 56
2 3 60 56
7 2 61 9
2 2 61 8
6 2 60 7
4 2 59 6
1 2 59 7
7 2 60 7
6 2 61 14
8 2 61 13
3 2 61 12
4 6 61 15
2 2 61 21
1 2 60 22
7 2 59 23
2 2 60 23
3 2 60 23
4 5 61 25
3 3 61 30
1 2 61 31
4 2 61 32
3 2 61 33
6 2 61 38
1 2 61 38
7 2 61 39
5 2 61 44
7 2 61 55
6 2 57 54
3 2 61 54
7 2 61 53
1 4 61 54
5 2 61 60
6 2 61 64
2 2 61 63
7 2 61 64
1 2 59 63
6 2 62 5
3 2 62 9
6 5 62 12
5 4 62 15
5 3 62 17
7 2 62 23
6 2 60 22
5 2 62 24
3 2 62 26
1 2 62 29
4 4 62 30
7 2 62 31
8 2 62 35
6 2 62 34
3 2 62 35
5 3 62 36
2 3 62 40
6 2 62 50
6 2 62 61
8 3 62 63
3 2 61 64
3 2 63 2
1 2 59 1
8 2 59 2
7 4 63 5
2 2 63 7
8 3 63 18
7 2 63 21
3 3 63 21
4 2 63 23
1 3 63 24
4 3 63 26
3 2 63 31
2 3 63 32
1 2 63 36
5 4 63 41
4 2 63 46
8 3 63 49
6 2 62 48
4 2 61 49
2 2 62 49
3 2 63 51
6 2 63 55
8 2 63 57
8 2 61 58
3 2 63 61
8 2 64 3
6 3 64 5
7 2 61 4
4 2 61 5
8 2 62 4
5 2 64 7
1 3 64 10
4 2 63 9
5 2 63 9
6 2 63 10
7 2 64 10
5 3 64 21
7 4 64 27
7 3 64 31
8 2 64 32
4 2 64 34
5 2 64 34
3 2 64 39
3 2 64 45
1 2 64 57
7 2 61 58
4 2 64 58
3 2 62 58
4 2 60 57
3 2 61 57
1 3 61 58
5 2 62 59
8 2 63 59
5 2 64 61
4 3 65 4
6 2 64 3
2 2 64 2
5 2 62 1
4 2 61 0
4 2 64 1
3 2 62 0
5 2 62 0
8 2 64 0
5 2 65 3
1 4 65 2
4 63 42 4
8 67 43 0
5 67 44 0
6 67 45 0
5 67 46 0
2 67 47 0
7 67 48 0
4 67 49 0
1 67 50 0
2 67 51 0
1 67 52 0
4 67 53 0
1 67 54 0
5 67 55 0
1 67 56 0
4 67 57 0
3 67 58 0
1 67 59 0
4 67 60 0
5 67 61 0
7 67 62 0
6 67 63 0
4 67 64 0
3 67 65 0
