405127
3966
5 2 0 2
4 2 0 3
2 3 0 6
1 2 0 9
4 2 0 12
4 2 0 17
2 2 0 28
2 4 0 31
4 3 0 42
6 2 0 55
5 2 0 65
7 2 0 72
2 5 0 74
7 3 0 79
8 2 0 80
7 2 0 86
4 4 0 89
3 2 0 95
7 2 1 9
3 4 1 20
1 3 1 24
6 2 1 26
2 3 1 34
8 2 1 46
2 2 1 47
4 3 1 48
4 2 1 54
2 3 1 57
4 2 1 59
6 2 1 62
2 2 1 63
4 2 1 64
6 2 1 76
3 2 1 93
5 2 1 94
2 2 1 99
1 2 2 0
3 2 2 4
7 2 2 5
8 2 2 6
1 4 2 10
4 2 2 26
1 2 2 27
5 2 2 27
1 2 2 31
4 3 2 39
1 2 2 40
7 2 2 42
6 2 2 43
5 4 2 44
1 2 2 55
3 2 2 61
5 2 2 78
4 2 2 82
5 2 2 82
5 3 2 89
3 2 1 90
8 4 2 96
2 2 3 0
5 2 3 5
4 2 3 12
1 2 3 22
4 2 3 33
8 2 3 35
5 3 3 46
6 2 3 58
2 2 3 61
7 4 3 62
7 2 3 66
1 2 3 67
4 3 3 67
7 3 3 70
6 2 3 72
2 2 3 71
5 3 3 75
7 5 3 77
7 3 3 83
8 2 3 84
4 2 3 96
8 5 3 98
2 2 3 97
7 2 3 97
3 2 3 99
5 3 4 1
4 3 4 4
4 2 4 6
3 2 4 5
6 4 4 6
4 2 4 25
3 2 4 26
8 2 4 27
4 2 4 29
3 3 4 35
8 2 4 39
2 2 3 38
7 2 2 37
3 2 3 38
5 3 4 39
7 3 4 40
4 3 4 41
2 2 4 43
6 3 4 52
6 2 2 52
8 2 2 52
5 2 4 51
3 2 4 55
7 2 4 58
8 3 4 65
6 2 4 64
5 2 4 64
6 2 4 69
4 2 3 69
1 3 3 70
8 2 4 68
3 2 4 67
8 2 4 73
7 2 4 93
1 3 4 92
2 2 4 94
1 2 5 14
2 2 4 13
8 2 5 13
7 2 5 14
6 2 5 15
5 2 2 16
7 2 4 16
5 5 5 15
4 4 5 15
1 2 5 19
8 2 4 18
4 5 5 20
7 2 4 21
3 2 5 21
1 2 5 20
2 2 5 28
8 2 5 29
1 2 5 28
5 2 5 36
8 2 2 36
1 3 5 38
5 2 5 40
7 3 5 55
8 2 5 56
2 3 5 57
1 2 5 58
7 2 5 67
5 2 5 68
5 2 5 72
3 2 5 81
5 3 5 87
7 3 4 86
6 2 5 86
1 2 4 85
5 2 5 85
2 2 5 86
1 3 5 88
4 3 5 90
4 2 5 95
8 2 5 94
1 2 5 98
3 2 6 1
2 2 6 4
6 2 6 10
7 2 6 9
1 2 6 13
8 3 6 16
2 2 6 17
5 3 6 25
3 2 6 32
1 2 6 34
8 5 6 45
4 2 5 44
2 6 6 53
3 2 6 59
8 4 6 68
7 2 6 71
2 2 6 71
4 2 6 75
2 2 6 78
8 2 5 78
4 2 6 80
2 2 6 82
3 2 6 83
1 2 6 83
8 2 6 86
5 2 6 91
3 2 6 95
7 2 6 98
5 5 7 2
2 2 5 2
6 2 5 3
5 2 7 7
8 3 7 7
6 3 7 8
8 2 7 11
8 2 4 11
1 2 7 18
7 2 5 18
6 2 5 19
1 2 7 25
8 3 7 29
6 3 7 39
2 2 7 41
1 3 7 59
8 2 7 62
5 2 7 70
8 2 7 81
6 2 6 80
5 2 7 85
8 4 7 88
7 2 7 87
6 2 7 88
4 2 7 94
3 2 8 5
1 3 8 7
4 4 8 13
5 3 8 11
3 2 6 10
7 2 8 21
1 2 8 46
7 2 8 52
6 2 8 53
6 2 8 59
5 2 8 62
6 2 8 63
7 2 6 64
3 3 8 69
8 2 8 75
8 3 8 87
7 2 8 95
1 3 9 3
1 3 7 1
7 3 9 2
4 5 9 10
8 2 9 8
5 2 9 9
6 3 9 11
2 3 9 10
7 2 9 12
5 4 9 18
3 2 8 17
3 6 9 22
3 3 6 23
6 2 9 21
5 2 9 46
2 2 9 47
7 3 9 47
5 2 4 48
6 2 4 49
7 3 5 48
6 2 8 47
1 2 8 48
5 2 9 51
7 2 9 63
2 3 9 64
1 2 9 66
2 2 9 70
7 6 9 74
1 2 8 73
4 3 9 72
2 3 9 74
6 2 9 76
7 3 9 77
6 3 9 92
6 2 6 92
7 2 6 92
2 2 7 91
4 4 10 1
3 2 10 3
4 2 10 5
3 4 10 16
1 3 10 21
1 2 10 27
2 2 8 27
6 2 10 26
2 2 10 33
8 2 5 32
3 3 5 33
6 3 6 31
5 2 6 31
8 2 7 31
2 2 7 34
3 2 9 32
7 2 9 33
5 2 9 33
8 5 9 34
8 2 8 36
2 2 9 36
6 4 9 37
6 3 10 33
5 2 10 34
2 3 10 38
5 2 10 37
1 2 10 44
7 2 8 43
6 4 8 42
2 2 7 41
8 2 10 50
2 4 10 51
6 2 10 50
5 2 10 58
4 4 10 66
4 2 8 65
5 2 10 74
3 5 10 76
2 6 10 83
1 2 10 84
7 2 8 84
4 2 8 83
3 2 8 85
6 3 10 95
5 2 10 98
4 2 9 97
2 2 11 1
6 3 11 7
4 2 11 18
6 2 11 19
8 2 10 18
5 3 11 21
2 2 11 25
7 2 10 25
3 4 10 26
6 2 11 24
7 2 11 30
8 2 11 37
1 2 11 39
3 2 11 40
1 2 11 41
4 2 11 40
5 2 11 42
8 2 11 47
8 2 10 46
2 2 10 48
8 2 11 52
8 2 11 57
8 2 9 56
1 2 11 59
2 2 9 59
4 2 11 59
5 2 6 60
8 2 9 60
4 2 9 60
7 3 10 60
1 2 11 62
4 2 11 63
5 2 11 68
8 3 11 68
7 2 11 67
4 2 11 66
5 3 11 65
3 2 11 67
5 2 11 68
6 3 11 70
8 2 10 71
6 2 10 71
4 2 11 69
1 2 11 76
4 2 11 77
6 3 11 78
2 2 11 80
7 2 11 81
1 2 8 81
3 2 8 81
7 4 11 88
6 2 11 89
1 2 10 90
2 2 11 92
3 2 11 96
5 2 8 96
2 2 9 96
7 2 12 3
2 3 12 12
6 3 12 15
7 2 10 15
2 2 12 18
3 6 12 19
1 2 12 23
6 2 6 23
7 2 12 24
8 5 12 27
3 2 11 28
5 2 11 29
6 2 12 30
3 2 12 31
8 3 12 32
8 4 12 35
3 2 11 34
6 2 12 35
5 4 12 38
8 2 12 43
5 2 12 44
7 2 10 44
1 2 10 43
8 3 11 43
1 4 12 45
6 2 11 45
6 2 12 47
2 5 12 49
4 2 11 50
5 3 12 50
8 2 12 54
3 2 12 57
5 2 11 56
8 2 8 55
1 2 8 56
3 2 10 55
2 2 11 55
4 2 11 55
6 2 12 58
5 2 12 82
8 2 10 83
6 2 10 84
8 2 11 81
5 2 11 83
3 2 12 90
5 3 12 91
5 2 12 93
7 2 10 93
1 2 10 94
4 2 13 7
3 2 13 9
4 2 13 9
6 2 13 9
1 4 13 13
2 2 12 15
3 2 13 15
6 2 13 25
4 3 13 26
4 3 13 29
1 2 13 30
5 2 13 31
7 3 13 38
8 2 13 39
4 2 13 42
3 3 13 41
2 2 13 43
5 2 13 53
3 2 13 75
6 2 13 74
8 3 13 81
5 2 12 81
3 2 13 80
4 2 7 79
4 3 14 3
7 2 14 6
1 2 14 7
7 2 14 16
2 3 14 24
6 3 14 30
8 2 14 34
3 3 14 36
2 4 14 38
4 2 14 52
6 3 14 56
7 2 14 60
8 2 13 59
2 2 13 60
3 2 13 59
6 2 14 59
8 2 14 66
3 2 14 65
3 2 12 64
6 2 14 64
2 2 12 63
1 2 13 63
8 2 11 62
7 4 14 63
6 2 14 68
3 4 14 74
2 2 14 72
6 2 14 72
2 3 14 77
6 2 10 77
1 2 14 77
5 3 14 80
5 2 10 79
8 2 13 79
2 2 13 80
2 2 14 93
8 2 12 92
4 2 11 91
3 2 12 91
8 2 11 90
3 4 14 96
2 2 14 93
7 3 14 94
6 2 15 4
2 2 13 5
8 2 15 6
5 3 15 7
2 2 14 8
8 2 15 9
6 2 15 10
2 2 14 11
3 2 14 11
5 2 15 26
4 4 15 32
8 2 15 36
6 2 15 40
1 2 15 40
5 2 15 41
5 2 15 43
4 3 15 44
3 3 15 45
6 4 15 46
4 3 15 47
3 2 15 51
2 2 14 50
1 3 15 54
6 2 13 53
2 2 15 59
2 4 15 68
1 2 15 68
8 2 15 70
2 2 13 71
1 3 13 72
5 2 15 72
6 2 15 80
3 2 15 81
7 2 14 82
3 2 12 83
5 2 15 92
1 5 15 98
8 2 11 98
2 2 12 98
6 2 13 98
7 2 14 97
8 2 13 96
8 2 15 98
3 3 16 3
5 2 16 12
8 4 16 13
3 2 15 13
2 2 15 14
7 2 16 18
4 2 15 18
6 2 14 19
7 2 14 19
2 2 14 20
1 2 15 20
8 3 15 20
5 3 16 19
6 3 16 24
7 2 16 27
3 2 16 28
6 2 16 28
4 2 16 29
7 2 16 36
4 2 16 36
7 2 16 42
2 2 16 41
8 2 16 41
8 2 16 46
5 2 16 46
3 2 16 49
3 2 11 49
8 5 16 49
7 2 16 48
1 2 16 50
4 2 16 50
7 2 16 50
5 2 16 53
1 2 13 53
8 3 16 54
4 3 16 59
1 2 16 62
8 2 16 63
8 3 16 65
5 4 16 67
7 3 16 70
5 3 16 85
6 2 14 85
4 2 13 86
6 2 12 87
3 2 13 87
5 2 14 86
2 3 15 86
6 3 16 90
7 2 13 89
7 2 16 95
3 3 16 98
8 2 17 1
1 2 13 0
6 2 17 5
6 2 17 15
5 2 15 14
1 2 17 14
8 3 17 28
3 4 17 29
1 2 17 32
3 2 15 33
2 2 16 33
2 2 15 34
8 2 17 33
6 2 17 35
3 2 17 36
3 2 17 43
7 2 17 46
2 2 17 49
6 2 17 51
4 2 17 55
7 2 16 56
2 2 14 57
8 2 16 57
5 3 16 57
7 2 15 57
4 3 15 57
5 3 17 60
6 2 17 61
3 2 17 71
4 2 17 82
4 2 17 88
2 3 17 87
3 2 17 86
4 2 17 91
1 3 17 92
6 2 17 95
2 3 17 98
8 3 18 3
1 2 18 9
1 2 18 12
1 3 18 21
8 2 15 22
4 2 15 21
5 2 18 26
2 2 18 27
7 2 18 32
7 2 18 44
6 2 18 45
7 3 18 48
5 2 18 48
8 4 18 49
8 3 18 52
6 3 18 53
5 2 18 61
4 3 18 62
6 2 16 61
1 2 18 67
6 2 17 66
7 2 18 71
4 3 18 77
3 2 14 77
6 4 18 78
8 2 18 79
8 2 17 80
7 2 18 84
4 2 18 86
2 2 18 91
5 2 16 90
3 2 18 95
7 2 18 99
8 2 19 1
4 3 19 3
5 2 19 11
4 2 16 10
6 2 17 10
7 2 19 12
5 2 19 22
7 2 19 34
1 2 19 44
5 3 19 46
6 2 19 48
3 2 19 53
4 2 19 54
1 2 19 58
1 3 19 60
2 2 19 63
6 2 18 64
5 3 18 64
1 2 18 65
4 2 19 68
8 2 19 71
4 2 19 72
7 2 16 73
6 2 19 72
5 2 19 73
3 3 19 79
5 2 19 80
3 4 19 81
5 2 19 85
8 2 19 84
4 2 19 83
1 3 19 87
7 2 19 95
3 2 20 0
1 3 20 1
6 2 19 0
8 2 19 1
1 2 20 7
3 2 19 6
7 6 20 8
5 2 20 8
4 3 20 14
2 2 20 19
4 2 20 26
4 2 20 33
4 2 20 37
8 2 20 44
2 2 20 51
3 2 19 50
4 2 20 50
6 3 20 54
4 3 20 58
3 2 20 58
5 2 20 61
7 3 20 62
8 5 20 74
7 2 17 76
6 2 17 75
1 2 18 75
5 4 18 74
1 2 20 74
4 2 20 79
1 2 20 83
3 2 20 92
8 2 20 98
1 2 21 3
6 2 15 4
8 2 15 4
5 2 15 5
1 2 16 5
5 3 21 4
8 2 21 8
3 2 21 8
2 4 21 10
4 2 20 11
7 3 20 10
5 3 21 13
3 2 21 12
6 4 21 15
7 4 21 18
4 2 21 23
7 3 21 29
1 2 21 33
8 2 21 32
4 3 21 42
1 2 19 42
7 2 19 41
6 2 18 40
4 2 20 42
5 2 21 44
5 2 21 48
1 2 21 49
6 3 21 51
5 3 21 57
7 2 21 59
3 2 21 63
6 2 21 65
7 2 21 72
6 4 21 73
2 2 21 74
5 2 21 75
7 2 21 80
8 2 21 81
5 2 21 81
2 3 21 82
7 2 21 83
2 2 21 87
3 2 20 88
8 2 19 89
7 2 19 89
6 2 19 89
2 2 17 90
1 2 19 90
4 2 20 89
5 3 20 88
7 3 21 91
6 2 21 94
2 2 21 96
1 3 21 97
8 2 20 97
6 3 20 97
5 2 21 98
7 2 22 8
7 2 22 16
7 2 22 24
8 2 17 24
3 2 22 25
1 2 20 24
4 2 18 23
5 2 19 23
3 2 19 22
2 2 21 24
7 2 21 23
6 2 20 22
1 2 20 21
2 2 20 23
3 2 21 23
8 2 21 24
2 3 22 26
5 4 22 27
8 5 22 38
2 3 20 35
3 2 20 35
8 2 20 36
7 2 20 38
3 2 20 38
5 2 21 35
5 3 22 41
6 2 22 40
2 3 22 39
6 3 22 38
2 3 22 46
3 2 22 47
4 2 22 48
7 2 22 52
3 3 22 57
5 2 20 55
2 2 22 56
7 7 22 57
7 3 22 64
4 3 22 74
3 2 22 75
8 2 22 75
8 2 22 78
2 2 20 77
1 2 22 77
6 3 22 83
2 2 20 84
3 3 22 89
5 2 22 88
2 5 22 91
8 2 22 93
7 2 22 95
3 2 22 97
3 2 23 3
6 2 23 6
3 3 23 6
3 2 22 4
1 2 22 4
4 2 21 4
3 3 23 10
4 2 23 12
2 2 22 13
6 2 22 13
1 4 23 15
1 2 22 16
5 2 22 17
8 2 22 17
8 2 20 17
1 2 20 18
3 3 23 26
4 2 23 29
2 3 23 39
8 2 23 37
4 2 23 39
1 3 23 41
3 2 23 49
5 2 23 51
4 3 23 56
6 2 23 55
3 2 21 54
4 2 23 66
5 3 23 66
8 2 23 66
4 2 23 66
2 2 23 69
7 2 21 68
4 2 22 68
3 3 23 73
7 2 23 80
7 2 23 83
1 2 23 82
8 3 23 84
5 2 22 85
4 2 22 86
3 4 23 84
5 2 23 93
7 2 23 98
2 2 23 99
7 2 24 1
7 2 24 5
5 2 23 5
8 7 23 5
5 2 24 8
6 4 24 11
6 3 24 14
8 3 24 22
8 2 23 21
8 2 24 24
1 4 24 24
5 2 24 30
7 2 24 38
8 3 24 50
1 2 24 49
6 2 24 51
1 4 24 52
2 2 24 55
7 2 24 55
6 2 24 58
3 2 24 60
6 2 22 61
8 3 22 62
3 2 22 60
1 2 22 61
4 5 23 60
1 2 24 63
6 3 24 65
3 2 24 67
6 2 24 67
5 4 24 68
3 3 24 77
6 2 22 76
4 2 24 78
2 5 24 84
7 3 24 87
7 2 23 87
7 2 24 92
8 2 24 95
6 2 24 96
1 2 24 97
6 2 24 98
2 2 25 5
4 3 25 6
2 2 25 8
3 2 25 12
8 2 25 13
7 3 25 14
1 3 25 19
2 2 25 20
5 2 25 24
2 2 25 31
5 2 25 33
2 2 25 34
6 2 25 34
3 2 25 35
2 2 25 36
2 2 25 42
2 2 25 47
2 2 25 54
1 2 25 55
3 2 25 56
2 4 25 61
1 2 25 65
2 3 25 66
3 2 25 69
2 2 25 71
8 3 25 74
2 2 25 81
4 3 25 97
5 2 26 10
5 3 26 22
7 4 26 23
7 3 26 28
2 2 20 30
8 2 25 30
5 2 24 31
2 2 23 32
6 2 25 30
5 2 23 30
6 2 23 31
5 2 26 27
1 2 26 31
5 2 26 34
2 2 26 41
4 2 26 46
2 2 26 49
8 2 26 54
2 2 24 53
3 4 26 62
5 3 26 65
6 4 26 68
2 2 26 73
6 2 26 75
5 2 25 76
3 2 26 79
4 2 25 79
6 3 25 79
5 2 24 78
3 3 26 79
7 2 25 78
8 2 25 78
1 2 26 77
3 2 26 77
8 4 26 80
1 3 26 86
3 2 26 94
5 2 26 94
4 2 25 93
1 3 26 95
4 2 27 0
1 3 27 7
5 2 27 14
1 2 26 13
3 2 26 15
2 2 25 16
8 2 26 16
6 2 22 17
6 2 27 15
3 2 26 16
4 2 26 16
2 3 26 17
8 2 26 18
4 2 27 18
4 2 27 23
4 3 27 28
3 4 27 29
8 2 27 30
1 2 27 36
7 3 27 39
5 2 27 39
5 2 25 40
7 2 27 40
4 2 27 42
7 6 27 43
4 2 25 44
1 3 25 44
4 2 26 44
3 4 27 47
8 2 27 45
1 2 27 46
5 3 27 48
2 2 27 55
2 2 27 59
7 2 27 61
3 2 27 64
7 3 27 67
8 3 27 70
3 2 27 75
4 2 26 75
2 2 26 76
6 2 27 81
2 2 27 91
3 3 27 95
4 2 27 96
7 2 26 96
6 4 27 97
5 3 28 4
4 3 28 10
8 2 28 9
6 2 26 8
1 2 26 9
1 2 28 16
3 3 28 18
2 2 28 25
2 2 28 27
7 2 28 36
3 2 28 51
4 2 28 53
8 2 26 53
6 2 26 53
4 2 27 53
8 2 28 55
5 2 28 60
4 2 28 64
1 3 28 66
6 3 28 71
5 2 27 71
1 4 28 75
6 2 28 83
4 3 28 87
5 3 28 87
8 3 28 87
6 2 27 85
8 2 28 89
6 4 28 93
2 6 28 97
3 2 29 1
4 2 26 1
6 3 26 1
1 2 29 9
2 2 29 10
1 3 29 21
4 3 28 20
6 3 28 19
1 2 28 20
3 2 29 23
2 2 29 22
5 2 29 23
7 2 29 29
2 2 29 30
2 2 28 30
3 2 29 34
5 2 29 44
2 2 29 47
6 4 29 52
3 2 29 53
6 2 29 60
6 2 29 66
4 3 29 68
5 2 29 71
3 2 29 79
4 2 28 78
8 3 29 81
7 3 29 82
3 3 29 83
4 3 29 84
4 2 28 85
3 2 29 98
2 2 30 2
7 2 26 3
7 2 29 1
4 2 30 14
5 3 30 17
7 2 30 23
1 2 30 28
8 2 30 29
8 3 30 43
7 2 30 51
1 3 30 53
5 2 30 56
8 2 30 57
2 2 30 64
8 3 30 65
7 2 30 70
8 2 30 72
2 2 29 72
1 2 30 78
7 2 30 77
6 3 30 83
5 3 30 95
7 3 30 97
3 2 31 6
3 2 29 5
8 2 30 5
6 2 30 4
2 2 30 4
7 3 31 3
4 2 31 4
2 3 31 8
7 2 29 10
1 3 29 11
8 2 27 12
2 3 27 12
8 3 28 12
7 7 31 9
5 2 31 10
8 2 31 16
7 3 31 15
1 2 31 18
5 3 31 20
5 5 31 30
6 2 30 27
5 3 31 34
4 2 26 33
5 3 31 41
2 2 31 55
4 3 31 61
4 2 31 64
6 3 31 68
5 3 31 70
7 2 30 69
8 2 31 78
7 2 29 79
2 4 31 78
3 2 31 79
3 3 31 84
3 3 31 91
5 2 29 91
1 2 28 90
4 2 26 89
4 6 31 91
6 2 31 94
1 7 31 97
3 5 32 1
8 2 32 0
5 2 32 0
6 2 32 0
5 2 32 5
8 2 32 11
6 6 32 18
6 2 32 27
1 2 28 26
6 3 28 25
6 2 32 36
7 4 32 42
1 2 32 45
4 3 32 46
8 2 31 47
7 2 29 48
4 2 32 47
3 2 30 48
4 2 30 49
3 2 32 52
5 2 32 51
6 2 32 53
6 2 32 63
2 2 30 62
1 2 32 62
5 2 32 80
4 4 32 85
8 2 32 93
7 2 30 92
3 2 31 92
1 2 31 93
4 2 32 94
6 2 32 96
4 2 32 97
8 2 33 3
1 4 33 2
4 2 33 1
2 2 33 2
2 5 33 5
5 2 33 7
1 3 33 13
5 2 32 14
7 2 33 12
1 2 33 20
2 2 32 21
7 2 32 21
4 2 33 22
1 2 31 23
2 3 31 23
3 2 33 21
3 3 33 26
6 3 33 24
4 2 32 26
8 2 33 23
2 2 33 31
5 2 33 33
3 2 26 32
1 2 31 34
4 2 31 33
6 2 30 34
8 2 30 35
6 2 31 33
8 2 30 32
1 2 31 32
2 2 32 33
7 2 32 34
7 3 33 37
6 2 29 37
3 2 33 43
8 2 32 42
1 2 33 57
3 2 32 58
3 2 29 57
4 2 30 59
2 2 33 59
5 2 33 58
1 2 33 60
2 2 33 61
7 2 33 62
2 4 33 80
8 3 33 82
8 4 33 95
8 3 33 99
2 3 34 0
8 3 34 2
5 3 34 10
8 2 34 12
2 4 34 21
5 2 28 20
7 2 34 20
4 2 34 19
5 2 34 25
6 5 34 27
2 2 32 27
6 2 34 32
6 2 31 31
5 2 32 31
3 4 34 34
8 4 34 50
3 3 34 52
1 3 34 55
1 2 34 54
8 3 34 57
8 2 32 56
7 2 34 74
7 2 29 73
4 2 30 73
8 2 32 73
7 2 32 73
6 2 33 73
4 2 31 72
8 2 34 72
5 2 32 73
1 2 34 76
3 2 34 75
2 2 33 74
4 2 33 76
5 2 34 75
8 2 34 79
5 2 34 80
6 2 34 84
6 2 34 86
3 2 32 85
5 2 31 86
1 2 31 87
7 2 31 88
2 3 32 86
7 3 34 90
2 2 31 89
1 3 33 90
7 2 33 89
3 2 31 88
4 2 34 91
2 4 34 92
3 2 34 95
7 2 35 5
1 4 35 7
4 2 35 11
6 2 35 13
6 2 34 12
4 2 35 13
1 2 35 15
4 2 35 15
4 2 35 38
8 2 33 39
2 2 32 38
3 2 30 37
6 2 31 39
1 2 31 38
8 2 31 40
6 2 29 40
3 2 34 37
5 3 35 39
3 2 34 39
7 2 35 40
4 2 35 39
6 2 35 45
1 2 35 48
7 2 34 48
8 2 35 53
6 2 35 54
7 2 35 55
3 7 35 56
1 2 35 58
7 2 35 57
2 3 35 58
7 5 35 62
7 2 35 64
4 4 35 66
7 2 35 65
5 2 35 64
6 4 35 69
5 2 35 70
3 2 35 72
1 2 33 71
2 2 35 74
4 6 35 77
7 2 32 76
8 2 34 76
6 3 34 77
3 2 35 82
7 2 35 83
5 2 35 89
8 2 32 88
6 2 32 88
1 3 35 96
5 2 36 1
5 2 35 2
7 3 36 16
6 2 35 15
2 2 35 14
1 2 36 20
8 2 35 19
6 3 35 20
8 2 36 21
4 2 36 27
2 2 36 27
1 2 34 27
8 2 34 28
7 2 35 27
5 3 35 28
3 2 36 41
3 6 36 45
4 2 32 45
2 2 32 45
6 2 36 50
1 3 36 51
8 2 33 49
1 2 33 50
2 2 35 51
6 2 36 60
6 2 36 64
5 4 36 67
2 2 36 69
8 2 36 72
1 2 36 73
6 3 36 80
5 3 36 84
6 2 34 85
8 4 36 88
2 2 36 94
2 2 36 97
3 3 36 96
4 2 36 98
4 3 37 0
8 4 37 8
2 2 36 9
8 2 36 9
4 2 37 8
2 2 37 11
3 3 37 14
3 2 36 14
1 2 37 13
7 2 37 19
2 4 37 21
7 2 37 22
4 2 35 23
1 2 35 24
5 2 37 34
2 2 35 35
7 2 36 35
2 3 37 35
8 2 37 35
7 2 37 39
8 2 37 51
2 2 37 53
1 2 37 54
5 2 37 54
3 3 37 63
1 2 37 65
2 2 37 66
3 3 37 69
6 2 36 68
1 2 36 69
4 2 36 70
7 4 37 70
4 2 36 70
8 2 36 71
2 2 37 73
5 2 37 74
2 3 37 84
4 2 37 89
6 2 37 94
7 2 37 96
7 2 38 1
6 3 38 8
3 4 38 8
7 2 38 7
5 2 38 19
1 2 38 22
8 2 36 23
3 4 38 29
3 2 36 27
4 2 36 28
7 3 38 37
3 2 38 41
8 2 38 42
3 3 38 43
4 3 38 50
7 3 38 53
2 2 37 54
6 4 38 55
4 4 38 58
7 2 38 60
8 2 38 61
1 3 38 62
4 4 38 67
7 2 38 77
5 2 37 76
6 3 38 78
8 2 38 80
3 2 38 83
3 4 38 89
6 2 36 92
8 2 39 0
1 3 39 10
1 2 39 13
5 2 39 14
5 2 38 15
7 2 39 17
5 2 37 17
1 2 37 16
4 3 39 20
8 3 39 22
4 3 39 35
3 2 39 38
4 2 39 41
4 2 36 41
2 2 37 40
2 2 39 44
2 2 37 43
7 2 37 42
2 2 39 48
3 2 36 47
3 2 39 64
2 2 39 70
5 4 39 71
6 2 39 71
1 2 39 73
8 3 39 79
7 2 39 79
2 2 39 82
5 2 39 85
4 3 39 86
6 2 37 87
6 3 39 88
5 2 39 97
6 2 39 97
2 2 39 98
4 2 40 3
4 2 39 2
2 2 39 2
6 4 40 2
3 2 39 0
3 2 40 5
6 2 40 9
3 2 40 10
5 2 40 11
2 2 40 13
3 2 40 17
8 2 40 16
2 2 39 15
3 2 40 15
2 7 40 17
7 2 40 25
8 2 40 30
6 2 39 29
4 2 40 33
2 2 39 33
4 2 38 32
6 2 38 32
6 2 34 31
5 2 40 33
8 2 40 33
3 2 40 34
1 2 40 41
7 3 40 48
2 2 38 48
5 2 37 47
2 2 34 46
3 2 39 48
1 2 39 47
7 2 38 46
8 3 38 46
6 2 40 47
2 2 40 52
5 2 38 51
3 2 39 51
1 2 40 51
5 3 40 57
6 2 37 56
1 2 40 56
4 2 40 56
8 2 40 59
6 3 40 59
6 2 39 60
7 3 40 65
2 2 40 66
7 2 38 67
8 2 38 68
2 2 38 68
5 2 40 67
4 2 40 76
1 2 40 79
7 3 40 85
7 3 40 87
4 3 41 8
4 5 41 12
6 3 41 16
1 2 41 22
6 3 41 25
7 2 39 26
1 4 39 26
5 2 39 27
4 3 40 25
8 2 40 27
3 2 41 30
3 2 37 30
1 2 37 31
3 2 37 32
4 2 37 31
1 2 41 34
1 2 41 46
6 2 41 51
2 2 41 50
4 2 41 50
7 2 41 56
5 2 41 55
3 2 41 60
2 2 39 61
6 3 41 65
5 2 41 69
8 2 41 70
3 5 41 71
7 2 40 73
7 2 41 77
6 3 41 77
2 2 39 75
8 2 40 75
4 2 41 78
3 2 41 80
8 3 41 81
1 2 41 82
3 3 41 82
5 2 41 90
5 2 38 91
1 2 41 91
1 2 39 90
5 4 41 92
6 2 40 91
4 4 40 92
8 2 41 91
6 2 42 4
2 2 40 5
4 3 40 6
5 2 42 3
1 4 42 8
7 3 42 8
3 2 42 8
8 2 42 17
4 2 42 16
3 2 42 19
7 4 42 20
8 2 42 21
3 3 42 23
7 4 42 25
8 2 42 24
2 2 42 28
5 4 42 28
6 2 42 33
5 3 42 35
7 2 42 36
8 2 37 37
8 3 42 37
1 2 38 38
6 2 41 38
3 3 42 43
1 3 42 45
3 2 42 51
2 4 42 53
1 3 42 57
8 2 42 58
2 2 42 60
7 2 42 61
5 2 42 62
5 2 42 65
4 2 42 67
4 2 42 72
1 3 42 74
4 2 42 76
8 2 42 78
4 2 42 89
6 2 42 93
7 2 37 93
5 2 42 97
1 2 42 98
6 2 43 1
3 2 43 0
8 2 43 5
6 2 42 6
3 2 42 5
1 2 43 4
8 2 43 3
5 4 43 5
5 4 43 10
7 3 43 15
3 2 43 17
5 2 43 20
6 2 43 27
3 2 43 33
5 2 43 38
5 2 40 37
6 2 40 39
8 2 43 39
1 2 43 38
8 3 43 44
8 2 41 42
7 2 41 42
3 2 43 46
4 2 43 47
5 3 43 49
2 2 43 48
8 2 43 62
3 2 43 63
6 2 43 67
2 2 43 68
4 2 43 84
2 2 43 88
8 2 43 89
5 2 43 88
2 2 40 87
2 2 43 96
1 2 43 95
2 2 41 94
3 2 40 93
8 2 44 1
1 3 44 2
2 2 44 11
1 2 44 14
4 2 44 13
1 2 44 25
3 3 44 28
6 7 44 33
7 5 44 38
1 2 44 42
3 2 41 41
8 2 41 41
1 2 41 40
5 2 41 42
4 2 43 41
6 2 43 40
8 3 44 46
3 2 44 47
6 2 44 49
1 3 44 49
4 2 44 48
8 2 44 50
5 2 44 57
7 2 44 62
2 2 42 63
1 2 44 61
6 2 44 65
1 2 43 65
7 2 44 68
4 9 44 70
5 2 42 69
6 2 42 69
3 2 43 69
7 2 44 75
2 2 42 74
2 4 44 77
1 2 44 79
3 2 44 81
7 6 44 90
7 2 44 91
4 2 45 11
2 2 45 13
4 3 45 17
7 2 45 16
8 2 45 16
7 3 45 21
6 5 45 39
6 3 45 44
5 2 43 44
7 2 45 46
5 3 45 48
4 2 45 56
3 2 44 55
8 2 44 56
3 3 45 56
2 3 45 57
1 2 45 59
3 2 45 61
1 2 45 63
8 2 45 64
6 2 44 63
3 2 45 66
1 2 45 70
2 2 45 73
5 2 45 83
6 3 45 88
1 2 45 94
5 2 43 94
3 2 46 3
4 2 46 2
4 2 46 8
2 2 46 7
3 3 46 12
7 3 46 11
3 2 46 23
8 2 46 24
2 2 45 23
6 2 46 23
4 2 44 22
7 2 46 24
4 2 46 26
4 3 46 29
2 2 39 31
8 2 44 28
1 2 44 28
2 2 44 29
4 2 44 31
5 2 43 30
7 2 42 31
8 2 45 31
2 2 45 32
7 3 46 28
7 2 46 34
2 2 46 36
4 4 46 40
4 2 46 44
5 2 46 46
5 2 45 45
1 2 46 45
3 2 46 47
3 4 46 50
4 2 46 53
3 2 45 52
6 3 46 55
6 3 46 58
4 3 46 59
7 7 46 59
5 3 46 62
2 2 46 62
4 2 44 63
8 2 46 67
1 2 46 69
5 5 46 73
3 2 46 81
7 2 44 81
6 2 44 81
1 2 43 81
2 2 44 82
3 2 45 80
1 2 46 82
8 10 46 83
1 3 47 6
7 2 46 5
1 2 44 6
1 2 47 14
4 2 45 14
6 3 47 15
1 2 43 17
7 2 43 17
4 2 43 18
1 3 47 17
7 2 47 23
5 4 47 25
3 2 47 27
3 3 47 36
3 2 47 43
2 6 47 52
5 2 47 52
8 2 47 51
3 7 47 64
5 3 47 66
5 5 47 70
3 2 47 72
3 2 47 85
4 2 44 86
4 4 47 87
5 2 42 85
8 2 41 84
7 2 42 84
1 2 45 88
8 3 46 86
1 2 44 85
3 2 44 84
2 2 46 88
1 4 46 88
4 6 47 94
7 3 46 94
4 2 45 93
2 3 45 94
5 2 45 96
4 2 44 97
5 2 43 98
8 3 43 99
1 3 44 98
5 2 47 95
3 3 47 94
3 3 47 98
6 2 48 1
7 2 48 4
4 2 46 5
4 2 48 3
5 2 46 2
3 2 46 3
1 2 48 4
8 2 48 5
8 2 48 12
6 2 48 13
2 4 48 23
8 3 48 26
8 2 48 32
7 2 48 32
4 5 48 33
7 3 48 37
8 4 48 46
6 3 48 49
1 4 48 51
2 2 48 56
6 2 48 63
1 2 48 64
4 2 48 65
1 2 48 67
8 3 48 71
1 3 48 84
8 2 48 84
8 4 48 87
8 2 45 86
6 2 48 94
1 2 48 96
1 2 49 2
7 2 49 4
6 3 48 3
7 2 48 4
3 2 49 11
6 2 47 10
8 2 49 15
2 2 49 17
5 2 49 19
5 2 48 18
7 2 48 18
6 2 49 20
4 3 49 19
3 2 48 19
2 2 49 19
2 2 45 20
8 2 45 21
5 3 49 21
2 2 49 36
2 2 48 35
2 2 49 46
5 2 49 53
1 2 49 54
4 3 49 59
6 3 49 61
8 2 47 60
5 3 47 61
1 2 49 60
5 2 49 66
2 2 49 65
3 3 49 67
6 2 49 70
6 4 49 74
3 2 46 75
8 2 47 74
6 2 45 75
6 2 48 74
6 2 49 80
3 2 49 85
2 2 48 84
5 2 46 85
1 2 48 85
6 4 49 97
8 2 50 2
2 2 50 4
3 2 50 4
4 2 50 15
2 2 50 14
5 2 49 13
6 2 50 16
7 3 50 16
8 2 50 17
6 3 50 18
8 3 50 28
6 2 50 36
5 2 50 60
3 2 50 62
7 2 50 67
1 2 50 70
2 3 50 71
2 2 50 69
4 2 50 72
3 4 50 76
4 2 48 76
7 2 44 77
5 6 50 85
8 2 50 86
7 2 50 90
6 2 49 89
1 2 47 90
5 2 47 91
8 2 47 91
7 2 49 90
2 2 50 89
7 2 50 93
1 2 49 92
2 2 49 92
2 2 51 1
7 3 51 2
8 2 51 9
7 2 47 8
2 2 50 8
5 2 47 7
2 2 48 9
7 2 50 9
5 3 50 9
7 2 48 7
1 2 50 10
4 2 51 11
6 2 51 15
3 3 51 17
8 2 51 20
7 2 49 21
3 2 50 21
1 6 51 21
3 3 51 28
7 3 51 40
8 2 50 41
4 2 51 42
7 2 51 46
7 2 51 50
8 2 51 50
6 2 50 49
4 2 50 49
2 2 50 48
7 2 50 50
8 3 51 61
5 2 51 63
2 2 51 65
8 4 51 69
5 3 51 78
1 2 50 77
3 3 50 78
7 2 51 78
8 2 51 80
4 2 51 81
6 2 51 82
5 2 51 83
1 3 51 95
2 3 51 97
5 2 51 98
7 4 52 5
8 3 52 5
3 4 52 10
7 4 52 14
3 2 50 13
3 2 52 12
3 2 52 19
4 2 52 20
2 4 52 22
3 2 52 24
1 2 50 24
2 2 50 25
8 4 52 25
7 2 52 26
7 3 52 32
3 2 45 30
6 2 46 30
3 2 47 30
1 5 52 41
3 2 51 41
6 3 52 41
5 3 52 45
3 2 49 44
6 4 52 47
1 2 52 48
6 2 52 47
8 2 52 53
2 2 52 58
8 2 52 57
7 2 49 56
4 2 50 56
5 3 52 73
5 3 52 90
3 2 52 91
5 5 52 92
6 2 52 92
3 2 52 98
7 3 52 98
5 3 53 3
5 2 51 1
8 3 53 11
4 3 53 15
1 2 53 20
3 3 53 32
5 3 53 48
4 3 53 53
2 2 53 54
1 3 53 59
7 2 53 63
2 3 53 64
6 3 53 65
8 2 53 66
5 2 53 69
6 2 52 68
7 2 52 70
1 3 53 72
2 2 53 73
1 2 53 74
7 2 51 75
2 4 53 77
8 2 53 86
7 2 53 85
1 4 53 86
2 3 53 87
8 3 53 89
1 2 52 88
2 2 53 88
4 3 53 89
1 2 53 97
3 4 54 2
5 2 54 5
2 2 54 6
8 2 54 7
6 2 51 7
2 6 54 11
7 2 52 12
1 2 54 28
5 2 51 29
6 3 54 33
8 2 54 36
5 2 48 37
8 2 48 38
1 2 54 37
7 2 54 38
6 2 54 52
6 2 52 51
2 2 52 52
7 2 53 52
3 2 54 54
5 2 49 54
3 2 49 54
8 2 50 54
2 2 52 54
5 2 52 55
4 3 54 69
8 2 54 79
4 2 53 78
3 2 54 80
1 4 54 79
5 2 54 78
1 2 54 94
1 2 54 99
8 2 55 11
2 2 55 27
8 2 54 26
6 2 54 26
2 2 53 26
3 4 54 27
5 2 55 28
3 2 55 30
8 2 53 30
3 2 55 33
7 2 52 34
8 2 52 34
3 2 55 41
5 2 55 41
7 2 54 42
8 6 55 43
4 2 50 44
1 2 51 44
8 2 52 44
1 2 55 45
5 2 55 49
1 2 55 60
5 2 55 64
7 3 55 65
1 2 55 66
4 4 55 66
7 3 55 69
2 2 55 70
4 2 54 71
6 2 54 72
1 4 55 71
2 2 55 79
5 2 52 80
8 3 55 79
8 2 55 81
3 3 55 82
1 2 55 82
3 4 55 97
2 2 56 1
6 2 54 0
6 2 56 10
8 3 56 20
3 2 56 24
8 2 56 31
4 3 56 32
5 2 54 33
1 3 56 38
3 2 56 37
1 2 51 36
4 2 52 36
2 2 52 35
7 2 56 37
8 2 53 36
5 2 56 38
3 2 56 50
7 2 56 49
5 2 54 50
2 2 55 50
2 4 56 53
8 2 56 57
6 2 54 58
3 4 54 57
6 2 53 56
7 2 56 60
4 2 56 62
3 2 56 70
7 2 56 74
1 2 52 75
5 2 52 75
3 2 54 73
4 2 55 73
8 2 56 74
1 2 56 79
4 2 56 80
7 3 56 82
2 2 55 82
6 3 56 83
5 2 56 92
8 2 56 94
8 2 56 96
1 2 56 95
6 3 57 22
1 2 57 21
6 2 57 34
2 2 57 39
6 3 57 41
2 5 57 43
2 2 54 43
5 2 54 43
3 2 54 44
6 2 55 43
4 2 57 51
4 2 56 51
8 3 57 52
2 2 57 58
4 3 57 58
4 2 56 56
8 2 54 55
5 2 55 55
8 2 56 55
3 2 56 54
5 2 57 59
2 3 57 62
2 2 56 62
7 2 54 63
6 2 57 70
7 2 57 73
1 2 57 74
8 2 56 75
5 2 56 76
6 4 57 80
2 2 57 80
4 4 57 83
8 5 57 85
3 2 54 87
6 2 54 87
6 3 57 85
5 3 57 88
3 2 57 89
3 2 57 94
5 2 57 96
3 2 58 2
8 2 58 1
8 2 54 0
4 2 55 0
3 2 57 0
1 3 58 2
5 2 58 4
3 9 58 5
7 3 58 5
4 5 58 7
4 2 56 8
1 2 58 7
2 2 57 6
3 2 58 6
8 3 58 7
5 3 58 15
8 2 54 16
7 2 56 16
6 2 58 20
6 2 55 19
2 2 55 19
6 3 56 19
1 3 57 19
3 3 58 21
8 2 58 30
1 2 54 29
2 2 51 30
4 2 57 29
2 2 55 28
7 2 55 28
6 3 56 28
5 2 56 30
7 5 56 30
8 2 58 38
2 2 57 37
5 3 58 37
4 2 55 36
8 2 58 41
8 2 58 43
3 2 58 46
8 2 58 66
6 3 58 68
8 2 57 68
1 2 58 68
8 2 58 79
5 2 58 80
4 2 56 81
2 2 58 83
3 3 58 84
1 2 58 84
7 2 58 86
7 2 58 90
3 2 58 91
2 2 54 92
4 2 57 92
8 2 58 96
6 2 58 98
2 2 59 1
6 2 59 1
7 2 59 2
6 2 59 5
6 2 59 15
2 2 57 16
7 2 59 15
8 2 59 17
4 2 59 18
1 3 59 20
5 2 59 23
5 2 57 22
8 2 59 24
4 2 57 25
1 3 59 24
7 2 59 23
6 2 59 24
2 2 59 25
3 2 59 25
5 2 59 26
8 2 59 26
2 2 59 27
2 4 59 30
1 2 59 32
2 3 59 33
6 3 59 37
3 2 59 37
5 2 57 36
6 2 57 36
6 4 59 43
3 2 59 53
1 2 59 54
6 2 59 58
5 2 59 60
4 2 57 59
8 2 57 59
5 2 58 61
3 2 58 60
5 3 59 68
2 2 57 67
7 2 58 70
3 3 59 74
5 2 59 77
6 2 59 78
2 2 58 77
8 2 59 85
4 2 59 86
5 2 57 87
4 3 57 87
7 2 59 89
2 2 59 91
7 2 56 90
5 2 58 90
2 2 58 92
3 2 58 93
8 2 59 90
8 2 59 98
2 2 60 16
5 2 60 31
8 4 60 32
4 2 60 35
7 2 60 43
3 2 60 45
2 4 60 47
4 4 60 50
8 3 60 50
1 2 59 49
6 2 59 49
5 2 60 52
6 2 60 63
3 2 59 63
8 3 59 62
6 2 57 63
1 2 59 61
2 2 58 60
4 2 59 60
2 2 59 64
7 5 59 65
4 2 60 63
4 2 60 66
3 2 60 65
1 3 60 67
8 2 60 72
8 2 58 71
6 3 59 71
1 2 60 77
8 4 60 81
3 2 59 81
7 3 59 81
6 3 60 95
5 2 59 96
1 3 59 97
2 2 61 2
7 2 61 5
5 2 61 19
8 2 61 18
7 4 61 20
8 2 61 25
1 2 61 29
4 2 61 34
3 2 61 34
2 2 59 33
5 2 61 34
5 4 61 45
2 2 57 47
5 2 60 47
8 2 60 48
3 2 59 47
1 2 61 44
7 2 61 50
8 2 61 53
6 2 61 52
5 2 61 55
1 2 61 57
8 2 61 57
1 2 58 56
8 2 61 65
7 3 61 68
3 2 61 71
3 2 60 71
6 2 60 70
5 2 61 70
2 2 61 78
4 2 60 77
2 2 54 76
6 3 61 80
7 3 61 87
2 2 60 88
1 3 61 91
1 2 59 90
5 2 59 90
3 2 59 91
1 2 59 93
6 2 59 94
6 2 60 90
8 2 60 93
7 2 61 90
4 2 61 97
2 3 62 0
7 2 62 0
6 2 62 2
4 3 62 7
2 2 58 9
2 2 62 11
3 2 54 12
4 2 54 13
4 2 61 12
4 2 58 11
4 2 62 11
5 2 62 13
2 2 59 12
6 2 60 12
5 2 60 12
1 2 61 11
1 2 62 19
8 2 62 20
1 3 62 24
7 2 62 28
8 2 61 29
2 4 62 33
8 2 62 36
6 3 62 40
3 2 55 39
3 2 61 41
4 5 62 45
6 2 61 44
7 2 61 45
1 2 62 47
2 2 62 47
3 2 62 48
5 2 62 48
2 2 62 52
3 2 62 51
2 2 62 55
6 2 62 56
7 2 62 57
5 3 62 62
3 3 62 62
5 2 62 86
6 2 62 88
5 3 62 93
3 2 62 94
8 3 62 95
3 2 63 1
8 3 63 6
7 2 63 8
3 2 59 9
5 2 59 10
3 6 63 11
2 2 61 14
7 2 63 11
5 3 63 16
1 2 63 21
6 2 63 24
4 2 63 32
7 2 63 34
7 2 63 41
1 3 63 41
7 2 59 39
5 2 62 39
1 2 61 38
2 3 62 39
4 4 63 42
4 2 63 48
8 4 63 60
1 3 63 68
4 3 63 71
7 2 61 72
5 2 63 82
7 2 61 83
5 2 61 84
4 2 61 84
1 2 62 83
8 2 63 86
8 2 63 89
3 2 63 88
4 2 63 87
2 2 63 93
7 2 62 92
4 2 62 91
5 3 63 96
6 2 64 4
2 2 61 4
7 2 64 4
1 2 63 3
1 2 64 8
8 2 64 11
1 2 64 13
3 2 64 16
2 2 64 18
3 2 64 20
7 3 64 23
8 2 64 25
5 3 64 25
2 2 64 26
3 3 64 29
5 2 64 31
7 3 64 37
2 2 62 36
7 2 64 49
1 2 64 48
6 2 63 47
5 2 64 50
8 2 64 51
2 2 64 56
6 2 64 60
7 2 61 60
1 3 61 59
2 2 61 61
4 3 64 62
8 2 63 64
6 2 63 65
8 4 64 62
5 2 64 65
5 3 64 72
2 2 63 72
4 2 64 74
6 2 63 74
3 2 64 76
4 2 58 75
7 2 59 75
7 2 64 77
8 2 63 77
7 2 63 78
1 3 63 79
5 2 64 80
3 2 64 90
7 2 64 94
2 2 64 97
7 2 63 98
6 3 63 98
1 2 64 99
6 2 65 1
1 2 65 0
1 2 65 5
5 2 65 5
6 3 65 6
6 2 65 11
5 2 65 12
2 2 65 20
6 2 65 32
7 2 65 32
1 2 65 32
5 3 65 34
1 2 65 47
1 2 65 50
2 2 65 60
3 2 65 71
5 2 65 74
8 2 65 80
2 2 65 85
7 2 65 86
6 2 65 89
8 3 65 93
1 2 63 92
8 2 66 0
1 2 66 4
8 2 65 3
4 2 63 2
6 2 63 3
3 2 63 2
5 2 64 2
1 2 66 6
1 2 66 17
4 2 66 18
3 2 66 18
7 2 64 17
1 2 65 17
6 3 66 17
7 2 66 20
3 2 64 21
6 2 64 22
2 2 62 22
8 2 63 22
6 2 63 22
5 2 64 22
4 2 66 21
3 2 66 25
7 2 66 27
2 2 66 29
8 2 66 34
7 2 66 44
8 2 65 43
2 2 64 44
7 2 65 44
8 2 62 45
6 2 62 45
3 2 62 46
2 2 66 45
3 2 66 46
5 2 66 46
3 2 66 60
8 3 66 60
7 2 64 58
4 2 66 61
7 2 66 64
7 2 66 70
2 2 66 71
8 3 66 73
3 2 66 81
3 2 63 82
8 2 64 82
5 3 66 86
2 2 66 86
8 2 66 89
1 2 67 0
8 2 67 6
2 2 66 7
5 2 65 8
7 3 66 8
7 2 65 9
2 2 66 9
4 3 67 6
3 2 67 15
2 2 67 16
2 2 67 19
3 2 67 29
8 3 67 33
2 5 67 36
3 3 67 36
3 2 65 38
8 2 64 39
4 2 64 39
8 3 67 39
2 2 67 40
4 2 67 44
6 4 67 49
7 2 67 52
8 2 67 54
1 2 67 56
1 2 67 62
7 6 67 73
1 2 67 72
4 2 67 82
1 2 66 83
4 2 65 84
6 3 67 84
3 3 67 86
7 4 67 88
6 2 67 87
3 2 67 97
1 2 68 8
6 2 68 12
3 3 68 13
3 2 67 13
1 2 64 14
7 2 67 14
4 2 66 15
4 2 68 16
6 2 68 25
1 2 68 37
4 3 68 41
3 2 68 39
6 2 68 42
5 4 68 44
3 2 67 42
8 2 68 45
3 2 68 48
7 4 68 55
3 2 68 61
6 2 68 66
8 3 68 78
4 2 66 79
2 2 67 78
1 2 68 77
2 7 68 81
5 2 68 93
6 2 63 92
7 2 68 94
4 2 67 93
6 4 68 97
5 3 69 0
5 4 69 9
7 2 69 12
2 2 69 14
1 2 69 21
6 2 69 31
2 2 68 30
5 2 68 30
3 2 68 31
6 2 65 30
3 2 65 31
6 2 69 29
8 2 69 30
2 3 69 31
7 3 69 34
8 2 69 37
6 2 69 37
6 2 69 39
5 2 69 40
7 3 69 39
5 2 68 38
8 2 69 39
4 2 69 47
1 2 68 47
7 2 69 46
5 2 69 55
8 2 67 54
4 3 69 56
1 2 65 57
8 2 66 57
2 2 66 57
8 2 68 57
2 2 69 65
6 2 68 64
7 3 69 67
5 2 64 67
4 2 65 68
2 2 67 67
7 2 69 71
8 4 69 70
3 5 69 75
2 2 68 76
5 2 67 77
5 3 69 76
6 2 67 75
1 2 67 75
7 2 68 75
8 2 69 75
3 2 69 76
3 3 69 79
8 2 69 83
6 3 69 87
2 2 69 90
7 2 64 91
1 4 69 90
3 2 69 95
5 3 69 98
3 2 70 0
8 2 70 1
2 2 65 2
4 2 66 2
7 2 68 2
3 2 70 4
8 2 69 3
3 2 68 4
2 2 69 2
4 7 69 4
7 2 70 6
3 2 70 25
8 3 70 27
3 2 70 30
2 3 70 39
8 5 70 41
1 2 70 43
3 2 70 42
2 3 70 45
1 2 70 48
2 2 70 52
6 3 70 60
6 2 69 59
7 2 68 58
6 3 70 65
3 2 70 67
7 2 68 68
4 2 70 67
3 2 70 71
2 3 70 73
6 3 70 76
4 2 70 77
8 3 71 5
3 2 71 22
5 2 69 22
2 2 66 23
4 2 71 21
6 2 71 29
1 3 71 34
5 2 71 42
2 2 71 54
4 2 63 53
3 2 71 54
5 2 64 53
3 2 69 55
7 2 67 54
6 2 68 54
7 2 71 57
4 2 71 57
5 2 71 56
2 2 70 57
5 3 71 63
7 2 71 65
1 2 71 66
1 2 71 74
4 2 71 75
8 2 71 81
8 2 71 83
2 3 71 84
1 2 70 85
7 4 71 86
6 2 72 6
8 2 72 10
4 2 72 10
2 2 72 21
1 3 72 32
7 3 72 36
1 3 69 35
7 2 69 36
5 3 72 37
1 2 72 50
1 2 70 50
3 2 67 51
4 3 70 49
7 2 72 51
2 2 70 51
8 2 70 52
1 2 72 54
2 2 65 53
2 2 72 57
4 2 72 59
5 2 71 60
6 3 72 62
7 2 72 60
2 3 72 64
4 2 72 63
1 2 72 69
5 2 67 69
3 2 67 69
2 3 68 69
2 2 72 81
6 2 72 85
7 2 72 84
5 2 72 83
1 3 72 86
2 2 72 90
3 2 72 91
1 2 68 91
3 2 68 92
6 3 68 91
5 2 68 93
8 2 72 93
7 2 70 92
1 2 69 93
4 2 71 93
8 2 71 92
2 2 72 97
7 2 70 96
3 2 66 95
2 3 66 95
2 2 70 95
1 2 71 96
1 2 72 98
7 2 73 2
1 2 72 3
5 2 73 3
4 2 73 6
2 6 73 12
2 2 73 18
8 2 73 27
2 2 71 26
1 2 71 27
4 2 72 26
7 2 72 26
3 3 73 29
4 3 73 30
7 3 73 32
3 4 73 38
2 2 72 37
6 2 72 37
5 2 73 44
2 2 73 50
4 3 73 53
6 3 73 52
8 3 73 55
6 5 73 57
8 6 73 60
8 2 73 62
8 2 73 68
4 2 73 71
4 2 73 73
8 2 73 74
4 2 73 76
6 2 73 93
5 2 73 92
6 2 73 95
1 2 73 96
4 3 73 97
5 7 74 19
6 2 74 22
4 2 69 23
8 2 70 23
5 2 70 24
7 2 71 23
8 2 71 24
3 3 71 23
4 2 71 22
4 3 74 22
3 3 74 23
5 4 74 23
2 2 74 26
5 2 72 25
5 3 74 27
6 2 74 33
4 4 74 36
1 2 73 37
3 2 73 37
4 2 73 38
8 4 74 49
8 2 72 48
3 2 74 50
7 2 74 52
3 3 74 53
4 2 74 52
5 2 74 51
2 2 74 53
7 6 74 63
7 2 73 63
1 2 73 64
4 3 74 65
8 2 73 67
1 2 72 68
7 2 73 68
6 2 74 65
3 2 74 65
5 2 74 71
7 3 74 73
8 2 74 89
3 2 72 88
6 2 73 88
2 2 73 87
2 2 73 90
1 2 74 89
7 2 74 91
5 2 74 95
8 2 74 94
7 2 74 96
6 2 75 4
2 3 75 3
7 2 74 5
7 2 70 6
1 2 73 6
1 2 72 7
6 2 75 27
3 2 75 27
3 2 74 27
7 3 75 29
3 2 68 30
7 2 75 34
3 2 75 33
8 5 75 32
8 2 75 40
6 2 75 41
1 2 72 42
6 3 72 42
5 2 73 42
1 2 74 42
4 2 75 45
6 2 75 44
7 3 75 46
5 2 73 46
4 2 75 48
5 2 75 54
5 4 75 62
1 2 75 66
3 3 75 68
8 2 73 69
6 2 75 69
7 3 75 70
1 2 75 72
2 2 75 75
2 2 75 85
8 2 74 85
3 4 75 84
8 4 75 88
1 2 75 87
6 2 75 87
2 3 75 92
4 2 75 95
4 2 74 94
3 3 74 95
8 2 72 95
5 3 75 96
6 2 74 95
4 2 74 95
1 2 75 95
8 2 75 96
1 2 76 0
3 2 76 3
7 3 76 5
2 2 73 6
3 3 73 6
5 2 76 5
8 2 76 11
7 2 76 10
5 2 72 9
3 3 76 9
1 2 73 9
4 2 72 8
6 2 72 10
8 2 73 8
7 2 73 9
5 2 73 10
4 2 76 14
1 2 68 14
5 2 68 15
6 2 69 15
2 2 71 13
4 2 72 13
1 2 72 12
8 2 71 13
8 2 73 14
7 3 73 14
3 2 71 13
5 2 72 13
2 2 74 15
1 2 70 16
6 3 74 16
4 3 74 17
2 2 73 16
3 2 76 14
1 3 76 14
4 4 76 16
4 5 76 31
1 2 76 33
6 2 76 32
1 4 76 36
3 4 76 43
3 2 76 45
7 3 76 52
4 5 76 54
5 2 76 56
2 2 76 64
4 2 76 71
8 2 76 76
1 2 76 82
8 2 75 81
7 2 73 80
8 2 76 87
7 2 76 87
2 2 76 88
4 2 76 93
3 2 76 98
6 2 77 5
7 2 77 20
8 3 77 20
5 2 74 19
1 3 77 23
1 2 76 25
4 4 77 27
4 2 77 25
6 2 77 47
4 3 77 47
1 2 76 45
4 2 77 49
7 2 77 49
3 2 77 49
2 2 77 50
1 2 77 53
6 2 77 57
4 2 76 58
7 3 77 76
8 2 71 77
5 2 77 79
6 2 75 79
8 2 73 78
2 2 77 79
5 2 75 80
3 2 77 78
4 2 77 79
7 2 77 79
7 2 77 92
8 2 78 6
5 2 78 7
4 3 78 23
7 2 78 26
6 5 78 27
1 2 78 28
5 2 78 30
4 2 72 30
7 2 72 30
1 2 76 29
2 3 78 38
5 2 75 36
4 2 78 42
2 2 78 43
7 2 77 44
5 4 78 58
2 5 78 64
6 2 77 62
6 2 78 64
1 2 78 63
2 2 78 64
7 4 78 66
8 2 78 69
7 2 78 71
3 3 78 73
1 2 78 71
8 2 78 73
4 6 78 73
1 2 78 74
3 2 77 75
5 2 77 75
8 2 78 75
2 3 78 77
3 3 78 80
7 2 77 81
3 2 74 82
5 2 77 82
6 2 75 82
4 2 75 82
2 2 76 82
7 2 78 82
1 2 78 82
3 2 78 83
5 2 78 85
6 3 77 84
2 2 78 90
6 2 77 89
1 3 78 97
2 2 78 97
8 3 79 0
2 2 78 1
7 2 79 2
1 3 79 3
2 3 79 7
4 2 76 8
5 3 77 7
2 2 78 7
3 2 79 6
1 2 79 10
6 8 79 17
7 2 79 21
4 3 79 21
3 3 79 32
7 3 79 39
4 2 76 39
8 2 77 38
4 3 79 38
7 2 79 42
5 2 79 46
2 3 79 51
6 3 79 52
3 2 79 53
5 2 75 54
7 2 76 54
7 3 79 57
3 2 79 60
1 2 79 59
4 2 78 60
8 4 79 60
8 4 79 63
8 2 79 66
4 2 79 65
3 2 79 69
7 2 79 77
2 3 79 92
7 2 80 0
2 5 80 2
1 2 74 1
4 2 78 1
1 2 80 6
4 2 80 8
7 4 80 9
7 2 75 11
1 2 76 11
3 2 77 10
3 3 80 9
6 2 80 10
8 2 80 13
7 3 80 16
5 2 79 16
6 2 77 17
7 2 79 15
6 2 79 15
8 2 79 17
7 3 80 23
8 4 80 30
8 2 80 38
4 2 80 41
4 3 80 49
5 3 80 65
2 2 80 69
6 2 80 71
2 2 80 72
2 2 80 75
3 3 80 76
4 5 80 83
2 2 80 86
8 2 80 85
3 2 80 87
6 2 80 93
2 3 79 92
7 3 80 94
4 2 80 97
5 2 80 98
2 3 81 10
5 2 81 16
2 8 81 21
1 2 81 24
8 2 81 25
7 5 81 31
3 4 81 47
1 2 81 45
3 2 79 44
1 2 79 44
3 6 81 55
3 2 80 55
7 3 81 53
4 2 81 56
2 2 81 56
4 2 79 56
7 4 81 62
1 2 80 61
5 4 81 69
8 2 81 77
5 2 81 82
7 3 81 88
8 2 81 87
5 2 81 87
3 2 81 89
7 3 81 93
2 2 81 97
7 2 81 99
6 2 81 98
4 3 81 99
3 2 82 0
6 2 79 0
5 2 81 0
5 2 79 1
7 4 82 10
2 3 82 34
5 2 82 32
2 3 82 42
5 2 82 54
1 2 82 56
2 2 82 59
6 2 82 73
4 2 82 80
3 2 80 79
6 2 79 80
4 2 79 81
3 2 82 87
2 3 82 88
1 2 81 90
7 2 82 88
5 2 82 91
3 3 82 92
2 2 83 16
6 2 83 16
6 2 83 22
3 3 83 33
5 2 83 40
8 2 83 41
1 2 83 42
6 2 83 47
8 2 82 48
7 2 82 47
3 2 83 51
2 4 83 77
4 3 83 77
1 2 83 87
8 2 83 90
8 3 83 93
7 3 83 97
3 3 84 2
6 2 84 8
1 2 82 8
6 3 82 8
5 2 84 19
8 2 82 18
5 3 84 22
4 2 84 23
5 2 84 24
7 2 84 26
4 4 84 27
8 2 84 30
4 2 82 29
4 3 84 31
1 2 84 31
1 2 84 45
2 2 84 45
4 2 78 44
7 2 79 44
6 3 84 44
7 5 84 46
3 2 84 44
6 3 84 45
4 4 84 49
7 2 84 52
3 2 82 52
7 2 82 51
5 2 84 57
8 2 84 68
3 2 80 67
1 6 84 68
3 2 82 70
8 2 82 70
8 2 83 67
4 2 82 66
6 2 82 66
5 2 82 67
2 2 84 67
1 2 84 77
5 2 84 79
7 2 84 82
3 2 84 81
3 2 83 80
3 2 84 98
2 2 84 99
5 2 85 13
6 2 77 12
4 2 81 14
5 2 83 14
2 2 84 14
8 2 84 15
3 2 85 19
2 2 84 18
3 2 80 17
8 2 85 22
5 3 85 26
2 2 85 34
3 2 85 35
5 2 83 35
5 3 85 48
6 2 84 49
5 4 85 52
8 2 85 52
2 2 85 53
1 3 85 56
5 2 85 61
6 2 83 60
5 2 84 61
3 2 82 62
6 4 85 71
4 2 85 71
5 2 85 73
8 2 83 72
5 2 84 72
1 3 85 79
6 2 85 81
2 2 85 84
6 2 82 85
5 2 78 84
1 3 85 85
3 2 85 86
6 4 85 88
5 2 85 93
4 2 85 94
5 2 80 94
3 2 80 95
4 2 83 94
7 2 85 95
2 2 85 96
6 2 85 97
4 2 86 1
1 2 83 2
6 2 79 1
3 2 81 1
4 2 81 1
5 2 83 3
4 2 85 2
7 2 83 1
1 2 86 0
2 2 86 4
6 2 84 5
6 2 83 4
7 2 83 6
4 2 84 4
3 2 84 4
3 2 84 6
4 2 84 6
2 2 85 4
6 2 85 6
4 2 86 9
6 2 86 16
4 2 85 17
7 4 86 17
2 2 86 19
6 2 84 18
8 2 84 19
2 2 86 21
3 2 86 27
1 2 86 29
2 2 80 28
3 2 82 28
1 2 83 28
5 2 83 28
8 2 84 28
2 2 86 29
1 3 86 34
4 2 81 35
8 2 79 36
6 2 79 37
2 2 80 36
6 2 82 35
7 3 86 37
8 4 86 47
3 2 86 47
2 2 86 50
1 2 86 52
3 2 86 54
8 2 83 54
4 2 86 55
1 3 86 59
6 2 86 60
4 2 86 65
1 2 86 66
4 2 86 69
3 2 86 70
7 4 86 70
4 2 86 81
5 2 86 84
6 2 86 84
3 2 86 83
5 3 86 82
6 2 87 0
3 4 87 7
3 3 87 11
8 2 87 10
8 2 85 11
3 2 87 15
5 2 87 14
2 3 87 16
2 2 87 26
1 2 87 28
7 3 87 30
3 2 85 31
6 2 84 32
7 4 85 32
8 2 86 31
2 2 87 33
1 2 87 41
1 2 86 42
3 2 86 42
4 3 87 41
7 2 87 41
2 4 87 43
1 2 87 48
6 2 87 51
1 2 85 50
8 2 85 50
3 3 87 50
7 2 87 49
8 2 87 50
5 2 87 57
5 2 86 57
2 2 81 58
6 2 81 58
2 2 86 58
1 2 85 58
3 2 87 65
7 2 87 68
5 2 87 69
6 5 87 70
2 4 87 80
2 2 87 84
1 3 87 83
4 2 87 84
3 2 87 91
5 2 87 98
2 2 88 0
8 2 87 1
2 2 87 2
8 3 87 3
6 2 87 4
1 2 88 0
3 4 88 1
7 2 88 11
5 2 82 12
5 2 88 12
1 2 87 12
8 2 88 13
7 2 85 12
1 2 85 12
8 2 86 12
7 2 88 14
1 2 88 14
3 2 88 22
6 3 88 25
7 2 88 34
8 2 87 33
4 3 87 33
8 3 88 35
5 2 86 37
5 2 82 38
1 2 79 39
1 2 83 36
2 2 85 38
1 2 84 39
2 2 84 38
7 2 84 38
4 2 88 37
8 2 87 36
6 2 88 44
4 2 87 45
1 3 87 46
6 2 88 54
8 2 87 53
1 3 88 53
1 2 87 54
2 3 88 52
4 3 88 61
1 2 88 69
2 3 88 73
3 3 88 80
2 3 88 83
1 2 86 84
3 2 86 85
6 2 87 85
2 2 87 86
3 4 88 86
2 2 89 0
7 2 89 4
5 2 89 7
8 3 89 8
1 3 87 7
8 2 87 6
3 3 89 12
1 2 89 17
4 2 89 16
3 2 89 15
3 2 89 21
8 3 89 23
7 2 88 22
7 3 89 25
1 2 88 24
3 2 88 25
8 2 88 25
6 2 88 24
1 2 89 25
2 3 89 34
7 3 89 34
6 6 89 37
5 2 86 39
3 3 86 40
2 2 86 41
3 2 89 36
4 3 89 43
2 2 89 45
4 2 88 46
4 2 89 48
1 2 89 56
7 5 89 67
6 3 89 73
5 2 85 74
3 2 88 73
7 2 84 74
6 2 81 75
2 2 82 75
4 2 84 75
8 2 88 74
7 2 87 75
8 2 89 77
5 2 89 79
4 3 89 85
1 2 89 96
8 2 86 96
4 2 84 95
1 2 86 96
7 2 85 95
7 5 89 95
6 2 87 94
4 2 89 98
2 2 90 3
6 2 90 17
4 2 89 18
2 2 90 19
8 3 90 22
6 2 90 21
5 2 90 32
3 2 90 35
8 2 90 36
2 2 90 40
7 2 90 41
1 2 90 44
7 2 90 51
5 2 90 50
3 2 90 52
7 2 90 53
6 3 90 59
7 2 87 59
4 2 87 58
8 2 88 58
3 2 88 59
8 2 90 61
6 2 85 62
3 2 83 63
4 2 83 63
7 2 86 62
5 2 89 62
2 4 89 63
1 3 90 61
5 3 90 63
3 2 90 61
6 2 90 62
3 2 90 74
8 2 90 75
4 2 90 75
7 2 90 76
6 2 88 76
2 2 89 76
8 2 83 77
1 2 90 89
5 2 87 88
8 2 86 89
8 2 90 92
4 2 85 91
7 2 90 91
6 2 85 90
8 2 89 90
4 2 89 91
6 2 90 92
5 2 90 96
1 2 89 95
5 2 90 98
3 2 90 97
4 3 90 98
7 3 91 9
5 2 91 7
2 2 88 6
2 2 91 6
3 2 91 8
4 2 91 9
3 2 91 24
6 4 91 26
3 2 89 27
6 2 91 32
4 2 91 32
1 4 91 32
5 2 91 41
3 2 91 45
4 4 91 49
4 2 91 56
1 2 91 58
2 3 91 59
5 2 91 58
5 2 90 59
8 2 91 63
8 2 91 65
2 2 89 66
3 2 91 65
1 2 88 64
6 3 91 68
4 3 91 69
7 4 91 71
5 2 91 74
3 2 91 76
3 2 91 78
1 2 90 77
3 2 90 78
2 3 91 78
7 2 91 80
8 2 91 80
5 3 91 84
8 2 90 83
7 2 90 83
2 5 91 86
2 4 91 91
5 2 89 90
3 2 87 89
8 2 91 94
3 2 89 94
1 3 91 95
2 2 91 97
7 3 92 1
8 2 92 4
1 2 92 10
1 2 89 10
5 4 92 13
2 2 90 12
5 2 91 16
1 5 92 21
7 2 92 24
4 2 92 30
3 2 92 32
7 3 92 42
3 2 92 41
6 2 92 40
6 2 87 39
7 2 90 39
5 2 92 48
2 3 91 47
3 2 92 48
6 3 92 49
2 2 92 52
7 2 92 55
6 3 92 64
4 2 92 66
2 2 92 66
5 3 92 72
2 2 89 72
1 2 92 73
6 2 92 79
1 2 91 80
2 2 92 81
3 2 92 83
2 2 93 1
4 4 93 0
5 2 93 4
3 2 93 5
2 2 93 5
5 2 92 5
3 2 92 5
8 2 92 6
6 2 93 12
8 4 93 14
4 2 93 12
3 2 93 13
2 2 91 14
8 2 91 14
1 2 93 15
2 3 93 18
8 2 91 17
1 2 90 18
7 2 90 18
7 2 93 20
1 3 93 27
8 2 92 26
4 2 92 26
5 2 93 26
3 3 93 27
2 2 88 29
2 3 93 30
5 2 93 33
2 2 93 37
8 3 93 40
5 3 93 41
4 2 93 43
5 2 93 51
6 4 93 55
7 2 93 61
2 2 93 60
7 2 93 64
4 2 93 65
1 2 93 75
6 2 93 85
2 2 93 85
3 3 93 86
7 3 92 86
6 2 91 88
8 3 91 88
6 2 93 96
5 3 94 0
7 3 94 5
1 2 93 7
5 2 93 7
6 3 93 8
7 2 92 9
6 2 90 10
6 2 92 10
1 2 94 4
4 3 94 4
4 4 94 10
4 3 94 18
5 2 93 17
6 2 92 16
7 2 93 17
4 2 94 26
8 2 94 29
1 2 94 33
7 2 94 32
6 2 94 43
8 2 94 52
3 2 94 51
5 2 94 52
2 3 94 54
1 2 94 59
7 3 94 60
6 2 94 65
1 2 94 70
2 2 94 74
3 2 94 82
4 2 94 82
2 2 94 83
6 2 94 86
8 2 94 93
2 4 95 6
8 2 95 8
1 2 95 19
7 2 95 28
1 2 93 29
3 2 92 30
8 2 93 29
6 2 95 27
1 2 95 28
7 2 95 27
4 2 95 29
6 2 95 29
2 5 95 41
1 2 95 43
8 3 95 49
1 2 95 48
1 2 91 47
2 2 91 48
8 2 95 54
1 2 95 54
7 2 95 55
3 2 95 65
7 2 95 68
4 2 95 72
1 2 95 84
5 3 95 86
4 2 95 87
2 2 95 88
7 3 95 92
8 2 93 94
4 2 95 91
7 2 91 90
6 2 91 90
1 2 92 90
6 2 95 93
6 2 94 93
7 2 94 92
1 2 94 92
2 2 95 95
4 3 95 94
3 2 96 0
5 3 96 3
1 2 96 4
5 2 96 5
2 2 96 13
4 2 95 12
1 2 95 11
3 2 96 14
5 2 96 25
2 2 95 24
1 2 96 36
6 2 91 35
7 2 92 35
5 2 96 37
3 2 96 40
1 2 91 39
5 4 96 44
8 4 96 44
3 2 96 46
6 2 96 48
5 2 96 51
4 3 96 54
5 3 96 56
8 2 96 65
6 3 96 66
1 2 96 67
4 2 96 68
6 2 96 69
3 2 96 68
8 2 95 67
7 2 96 70
6 2 96 71
1 2 94 72
7 2 95 72
5 2 96 70
2 2 96 72
7 2 94 73
3 2 96 79
5 2 94 78
5 2 96 80
6 2 93 80
6 3 96 81
7 3 96 83
1 2 96 87
5 3 96 94
1 2 96 94
8 2 97 0
5 3 97 12
1 3 97 13
1 2 97 20
3 2 97 25
6 2 94 24
2 2 97 26
7 4 97 39
2 2 91 38
2 2 96 38
8 3 97 48
7 2 94 47
4 2 95 47
6 2 96 47
5 2 96 47
2 3 97 56
3 2 94 56
7 2 95 56
4 2 94 57
1 2 96 56
8 2 96 57
7 2 97 61
8 2 97 67
3 2 96 66
2 2 97 66
5 2 97 68
1 2 97 69
7 2 97 72
8 4 97 74
4 3 97 80
8 2 97 90
2 2 94 89
2 2 97 93
8 2 97 94
6 3 98 1
2 2 98 3
1 3 98 4
3 2 98 6
6 2 98 12
2 2 98 16
1 2 98 17
3 2 95 18
4 2 95 19
7 3 98 18
2 2 98 20
6 2 97 19
8 2 97 20
5 2 97 21
4 2 98 22
3 2 96 23
2 2 98 24
8 2 98 25
2 2 98 30
7 2 98 32
8 2 98 32
5 2 95 33
4 2 97 33
4 3 98 35
3 2 93 35
5 2 98 36
8 4 98 37
4 2 98 38
7 2 96 39
5 2 96 39
3 2 98 39
3 3 98 42
7 58 58 42
2 100 59 0
7 100 60 0
6 100 61 0
2 100 62 0
1 100 63 0
6 100 64 0
5 100 65 0
6 100 66 0
8 100 67 0
6 100 68 0
3 100 69 0
6 100 70 0
2 100 71 0
8 100 72 0
2 100 73 0
6 100 74 0
7 100 75 0
6 100 76 0
2 100 77 0
3 100 78 0
2 100 79 0
7 100 80 0
4 100 81 0
7 100 82 0
4 100 83 0
1 100 84 0
6 100 85 0
7 100 86 0
5 100 87 0
3 100 88 0
8 100 89 0
7 100 90 0
1 100 91 0
2 100 92 0
7 100 93 0
2 100 94 0
4 100 95 0
8 100 96 0
5 100 97 0
3 100 98 0
