5326
4277
6 2 0 64
4 2 1 10
1 2 2 12
2 2 1 13
6 2 2 15
3 2 2 14
8 2 2 13
5 2 2 16
6 2 1 17
1 2 2 17
6 2 2 23
2 2 1 22
4 3 2 23
1 2 2 39
2 2 1 40
6 2 2 42
3 2 2 41
8 2 2 40
5 2 2 43
6 2 1 44
1 2 2 44
6 2 2 59
2 2 1 58
4 3 2 59
6 2 2 68
2 2 1 67
4 3 2 68
6 2 2 86
2 2 1 85
4 3 2 86
5 2 3 9
4 2 3 13
5 2 3 24
5 2 3 37
4 2 3 40
5 2 3 60
5 2 3 69
5 2 3 87
4 2 3 93
2 2 2 92
4 2 1 91
6 2 4 10
8 2 4 9
3 2 4 16
3 2 4 43
8 2 5 11
5 2 5 17
1 2 5 19
6 2 1 20
7 2 3 20
6 2 5 23
7 2 5 28
1 2 3 27
5 2 5 44
6 2 5 59
6 2 5 68
7 2 5 73
1 2 3 72
6 2 5 86
7 2 5 91
1 2 3 90
6 2 3 91
6 2 5 94
3 2 6 9
2 2 4 8
1 2 1 7
8 2 2 7
6 2 5 8
2 2 6 16
6 2 6 19
3 2 6 37
2 2 6 43
3 2 6 91
6 2 6 90
8 2 8 20
7 2 6 21
2 2 8 46
8 2 8 56
7 2 6 57
8 2 8 65
7 2 6 66
8 2 8 83
7 2 6 84
8 2 8 97
7 2 6 98
5 2 9 2
7 2 2 1
5 2 3 1
1 2 4 2
2 2 9 3
8 2 9 4
7 2 9 5
6 2 3 5
7 2 6 5
3 2 3 6
4 2 4 6
5 2 6 6
4 2 9 10
1 2 7 9
2 3 8 9
3 2 4 11
7 2 4 12
2 2 5 11
4 2 7 8
1 2 9 18
8 2 8 17
4 2 6 18
7 2 7 18
3 2 6 19
2 2 8 18
3 2 9 18
2 2 7 19
6 2 9 20
7 2 9 22
7 2 5 22
3 2 7 21
2 3 9 22
5 2 9 24
5 2 5 24
8 2 5 25
8 2 9 25
1 2 9 26
5 2 4 26
2 2 4 27
4 2 9 28
4 2 4 27
6 2 4 28
2 2 4 29
8 2 5 27
3 2 5 29
1 2 4 30
6 2 6 27
6 3 9 27
4 2 9 27
5 2 9 30
2 2 9 31
8 2 9 32
7 2 9 33
6 2 3 33
7 2 6 33
3 2 3 34
4 2 4 34
1 2 3 35
5 2 6 34
5 2 9 48
1 2 4 48
8 2 5 47
7 2 4 48
3 2 2 49
6 2 1 50
4 2 3 49
4 2 9 47
2 2 9 49
2 2 6 49
7 2 4 50
8 2 9 50
8 2 8 49
7 2 9 51
5 2 5 51
4 2 9 64
6 2 6 63
4 2 9 73
3 2 5 74
6 2 6 72
8 2 6 73
2 2 5 74
1 2 4 75
6 2 6 74
7 2 4 75
3 2 2 76
6 2 1 77
4 2 3 76
4 2 6 73
8 2 6 75
6 2 9 72
4 2 9 91
8 2 8 91
7 2 6 92
7 2 10 2
4 2 10 5
5 2 6 4
2 2 6 6
3 2 10 5
8 2 8 5
3 2 8 6
6 2 10 6
5 2 8 7
1 2 10 5
1 2 10 10
5 2 9 11
5 2 6 12
6 2 6 13
1 2 6 14
5 2 10 17
4 2 9 16
4 2 5 15
8 2 6 15
4 3 10 19
5 2 10 20
4 2 10 23
8 2 10 27
1 2 10 28
8 2 7 29
7 2 6 30
3 2 4 31
4 2 5 31
7 2 10 30
5 2 9 29
4 2 10 33
5 2 6 32
2 2 6 34
8 2 6 35
3 2 10 33
8 2 8 33
3 2 8 34
6 2 10 34
5 2 8 35
1 2 10 33
7 2 10 48
4 2 10 51
3 2 3 52
4 2 4 52
1 2 3 53
3 2 10 51
8 2 8 51
2 2 5 52
6 2 10 52
8 2 6 53
5 2 6 53
3 2 9 53
8 2 4 54
7 2 5 54
1 2 10 51
4 3 11 0
8 2 8 2
7 2 11 23
1 2 11 24
1 2 8 25
6 3 11 24
3 2 11 25
4 3 11 28
4 2 11 46
1 2 12 2
3 2 5 3
4 2 6 3
3 2 11 1
8 2 5 0
2 2 9 0
1 2 11 0
6 2 12 5
2 2 11 4
5 2 12 6
1 2 12 7
1 2 12 30
6 2 12 33
2 2 11 32
5 2 12 34
1 2 12 35
6 2 12 41
2 2 11 40
4 3 12 41
6 2 7 39
5 2 8 40
1 2 12 48
6 2 12 51
6 2 9 52
2 2 11 50
5 2 12 52
1 2 12 53
1 2 12 66
2 2 5 65
2 2 11 67
7 2 6 68
6 2 12 69
3 2 12 68
5 2 6 69
4 2 5 70
8 2 6 70
8 2 12 67
7 2 6 66
3 2 8 66
6 2 7 65
4 3 7 66
7 2 12 66
5 2 12 70
1 2 10 71
1 2 8 70
6 2 11 71
4 2 11 72
2 2 11 71
3 2 10 70
2 2 10 72
1 2 12 71
5 2 11 71
8 2 11 72
6 2 12 77
2 2 11 76
7 2 5 77
7 2 8 75
5 2 9 75
5 2 8 74
2 2 8 76
4 2 9 75
4 3 12 77
4 2 13 3
4 2 13 22
6 2 11 21
2 2 12 21
5 3 13 23
5 2 12 25
4 2 12 25
2 2 12 26
8 2 13 25
4 2 13 31
5 2 13 42
6 2 9 43
4 2 13 49
5 2 13 64
8 2 7 63
1 2 10 63
1 2 6 62
2 2 8 62
1 2 2 61
4 2 13 67
2 2 13 68
7 2 13 71
5 2 13 78
5 2 6 79
6 2 14 0
3 2 14 6
6 2 14 28
1 2 13 27
3 2 14 34
6 2 14 46
7 2 4 45
8 2 6 45
1 2 13 45
2 2 6 46
1 2 10 44
3 2 14 52
3 2 14 70
8 2 15 1
8 2 13 0
5 2 15 7
8 2 9 8
6 2 15 23
5 2 15 35
8 2 5 36
4 2 3 37
6 2 5 37
7 2 6 36
2 2 6 37
8 2 6 38
1 2 15 37
4 2 10 38
1 2 8 37
6 2 11 38
7 2 13 38
6 2 15 41
5 2 15 53
5 2 15 71
4 2 14 72
7 2 12 73
6 2 11 74
3 2 13 73
2 2 12 74
1 2 15 73
6 2 15 77
7 2 15 82
1 2 13 81
2 2 16 6
4 2 16 7
3 2 16 28
2 2 16 34
4 2 16 35
6 2 16 37
3 2 16 46
2 2 16 52
4 2 16 53
3 2 16 64
2 2 16 70
5 2 12 69
8 2 12 70
6 2 16 73
8 2 16 72
2 2 18 9
8 2 18 20
7 2 16 21
3 2 14 20
8 2 18 38
7 2 8 39
3 2 9 39
7 2 13 37
7 2 16 39
2 2 18 55
8 2 18 74
7 2 16 75
2 2 18 96
4 2 19 0
1 2 19 8
7 2 10 8
4 2 15 8
2 2 12 9
7 2 12 10
3 2 14 9
6 2 14 10
7 2 10 11
8 2 13 11
8 2 15 9
8 2 18 7
6 3 18 6
8 2 16 5
1 2 15 4
7 2 9 3
3 2 19 8
7 2 16 9
1 2 17 9
5 2 19 12
4 2 11 12
5 2 14 11
2 2 19 13
7 2 11 13
5 2 8 14
8 2 10 14
1 2 8 15
2 2 8 15
7 2 9 15
6 2 11 14
8 2 19 14
7 2 19 15
7 2 16 15
6 2 10 16
5 2 16 16
4 3 19 28
2 2 14 29
8 2 15 29
8 2 17 27
7 2 18 28
1 2 19 28
4 2 16 29
6 2 15 30
4 3 19 46
3 2 9 45
3 2 11 47
4 2 10 46
8 2 16 46
6 2 12 47
6 2 16 45
4 2 9 44
6 2 19 45
5 2 12 44
8 2 11 43
1 2 14 46
1 2 19 54
1 2 8 54
2 2 9 54
2 2 6 55
6 2 3 56
7 2 5 56
4 2 15 54
6 2 8 55
3 2 7 56
2 2 12 55
5 2 8 56
2 2 7 57
4 2 7 57
3 2 14 55
8 2 15 55
8 2 18 53
3 2 19 54
4 2 12 55
1 2 12 56
3 2 10 57
7 2 5 58
7 2 16 55
6 2 16 56
1 2 17 55
5 2 15 54
4 2 17 56
7 2 13 57
6 2 10 58
7 2 11 58
4 2 19 65
7 2 10 64
4 2 9 63
5 2 10 65
3 3 11 64
6 2 17 65
6 2 14 64
2 2 14 63
4 2 7 62
5 2 5 61
8 2 5 61
5 2 10 62
3 2 8 61
1 2 10 62
8 2 12 62
1 2 14 65
2 2 18 64
1 2 14 63
6 2 15 63
8 2 16 63
4 2 17 65
8 3 17 66
5 2 16 66
6 2 16 67
7 2 13 68
1 2 13 69
1 2 16 68
3 2 17 66
7 2 17 67
1 2 19 72
2 2 18 72
3 2 19 72
4 2 19 82
6 2 3 83
7 2 5 83
8 2 7 81
1 2 2 80
8 2 3 80
2 2 6 80
6 2 7 80
3 2 6 79
8 2 12 81
4 2 9 80
3 2 11 80
7 2 9 81
2 2 7 82
3 2 7 83
3 2 15 83
2 2 7 84
4 2 7 84
3 2 10 84
7 2 5 85
6 2 16 81
1 2 11 80
5 2 12 80
8 2 16 82
2 2 14 81
6 2 11 82
5 2 10 83
2 2 15 83
1 2 14 84
6 2 10 85
7 2 11 85
6 2 16 83
7 2 14 84
4 2 13 85
5 2 9 86
6 2 15 82
4 3 15 83
1 3 16 82
4 2 14 81
5 2 15 81
3 2 16 82
8 2 16 84
3 2 13 85
2 2 13 86
5 2 5 87
8 2 5 88
6 2 19 81
5 2 19 84
5 3 18 83
8 2 15 85
2 2 16 85
7 2 14 86
6 2 13 87
1 2 6 88
2 2 19 85
8 2 19 86
7 2 19 87
2 2 11 87
7 2 11 87
5 2 19 92
5 2 13 91
1 2 10 90
7 2 13 92
1 2 14 92
7 2 5 93
2 2 9 93
6 2 10 93
2 2 5 94
5 2 8 94
7 2 11 93
4 2 8 94
8 2 5 95
7 2 6 95
1 2 6 95
3 2 12 93
4 4 12 94
6 2 12 94
8 2 10 95
2 2 10 96
6 2 8 96
6 2 3 97
7 2 5 97
4 2 4 98
7 2 13 94
2 2 19 93
3 2 14 92
8 3 15 92
5 2 15 94
3 2 13 95
2 3 16 92
8 2 19 94
1 3 19 94
1 2 16 95
4 2 9 96
3 2 7 97
8 2 15 96
5 2 8 97
2 2 7 98
3 2 15 97
3 2 10 98
3 2 19 95
7 2 16 96
2 2 15 97
4 2 11 98
1 2 14 98
6 2 16 97
2 2 13 96
7 2 14 98
8 2 16 98
1 2 20 0
3 2 14 1
2 2 15 1
6 2 15 2
5 2 20 7
6 2 18 8
7 2 19 8
7 2 20 12
4 2 20 15
3 2 14 16
1 2 13 17
4 2 15 16
5 2 16 14
3 2 20 15
6 2 20 16
8 2 16 17
3 2 19 17
8 2 14 18
7 2 15 18
1 2 20 15
6 2 20 28
5 2 19 29
3 2 17 30
2 2 10 31
5 2 14 31
5 2 20 53
6 2 18 54
7 2 19 54
5 2 20 71
7 3 20 84
1 2 19 85
4 2 18 86
1 2 18 87
5 2 10 88
1 2 10 89
5 2 6 89
2 2 6 90
8 2 7 90
4 3 8 90
8 2 12 88
3 3 12 88
6 2 10 89
3 2 10 89
7 2 12 89
4 3 13 88
1 2 13 89
2 3 14 89
8 2 14 90
5 2 16 88
6 2 20 85
4 2 20 87
3 2 20 87
6 2 20 88
3 2 19 89
8 2 20 87
7 3 20 92
4 3 21 10
4 2 20 9
4 2 21 37
8 2 16 36
3 2 17 38
2 2 12 39
7 2 12 40
4 2 21 83
2 2 20 82
1 2 20 81
2 2 18 80
5 2 21 87
1 2 22 12
3 2 21 11
6 2 18 12
3 2 15 13
2 2 15 13
4 2 15 14
8 2 19 12
1 2 19 13
7 2 19 13
1 2 21 10
6 2 22 15
2 2 18 16
6 2 19 16
2 2 21 14
5 2 22 16
8 2 22 16
1 2 22 17
6 2 22 32
2 2 21 31
4 3 22 32
8 2 15 31
1 2 22 39
2 2 21 40
7 2 16 41
6 2 22 42
3 2 22 41
5 2 16 42
4 2 15 43
7 2 16 42
1 3 13 41
4 2 14 42
8 2 16 43
8 2 15 42
2 2 15 42
7 2 16 42
8 2 22 40
7 2 22 39
5 2 17 38
2 2 18 38
4 2 19 38
5 2 22 43
1 2 20 44
1 2 18 43
6 2 21 44
4 2 21 45
2 2 21 44
3 2 20 43
2 2 20 45
7 2 19 46
1 2 20 46
5 2 19 47
5 2 12 48
2 2 20 47
7 2 19 46
1 2 22 44
6 2 22 59
8 2 16 58
5 2 10 59
2 2 21 58
2 2 14 59
6 2 13 60
4 2 14 58
7 2 18 57
5 2 19 57
3 2 15 58
7 2 15 59
5 2 15 60
3 2 13 61
4 2 14 61
4 3 22 59
8 2 17 57
2 2 18 57
5 2 18 56
1 2 18 58
1 2 22 75
2 2 21 76
7 2 16 77
1 2 9 78
6 2 22 78
3 2 22 77
4 2 14 78
5 2 16 78
7 2 16 78
8 2 16 79
1 2 17 79
8 2 22 76
5 2 14 77
7 2 16 75
3 2 18 75
4 2 18 74
7 2 22 75
6 2 17 76
5 2 22 79
6 2 21 80
6 2 17 79
8 2 17 79
4 3 16 78
3 2 17 80
1 3 21 80
4 4 21 81
2 2 16 78
8 2 16 77
3 2 17 78
8 2 22 79
5 2 22 79
7 2 22 78
1 2 22 84
6 2 22 87
1 2 22 92
5 2 23 9
4 2 23 13
3 3 23 16
5 2 23 33
1 2 16 32
6 2 15 31
7 2 16 31
6 2 19 34
4 2 23 40
2 2 23 41
7 2 23 44
8 2 23 45
3 2 23 46
5 2 21 47
1 2 22 47
5 2 23 60
2 2 15 61
4 2 18 59
5 2 23 73
4 2 23 76
2 2 23 77
3 3 23 79
4 2 23 85
4 2 23 93
6 2 24 10
2 2 21 11
8 2 24 9
7 2 24 16
6 2 24 37
2 2 16 36
3 2 17 36
1 2 23 36
1 2 20 35
3 2 24 43
3 2 24 88
8 2 25 11
5 2 25 17
6 2 25 32
5 2 25 44
6 2 25 59
8 2 18 60
1 3 18 60
5 2 16 61
6 2 15 62
7 2 16 62
3 2 18 61
2 2 21 58
6 2 21 57
7 2 25 64
7 2 20 65
2 2 19 66
5 2 20 66
1 2 23 63
5 2 25 80
8 2 23 81
7 2 25 79
5 2 25 89
3 2 26 9
2 2 24 8
8 2 22 7
6 2 25 8
1 2 22 7
2 2 26 16
4 2 26 17
3 2 26 37
2 2 26 43
5 2 22 42
3 2 26 73
2 2 26 79
2 2 26 88
6 2 22 89
4 2 23 89
8 2 20 90
2 2 20 91
3 2 20 91
7 2 27 82
2 2 28 19
7 2 15 20
8 2 28 29
2 2 21 28
7 2 26 30
2 2 28 46
8 2 28 56
4 2 20 55
6 2 20 56
7 2 26 57
8 2 28 97
4 2 17 96
4 2 20 96
5 2 20 97
1 2 18 96
5 2 18 98
6 2 19 96
7 2 20 98
4 2 20 98
2 2 20 99
7 2 26 98
5 2 29 2
7 2 22 1
1 2 14 0
4 2 16 0
5 2 16 0
7 2 17 0
5 3 22 2
2 2 21 0
4 2 21 2
2 2 11 3
8 2 23 1
2 2 22 2
6 2 13 3
5 2 15 3
3 2 22 3
8 2 20 4
6 2 21 4
3 2 23 0
1 2 24 2
7 2 22 3
4 2 22 4
8 2 19 3
7 2 19 3
6 2 24 1
2 2 29 3
8 2 29 4
1 2 25 4
4 2 19 5
2 3 19 5
3 2 24 3
7 2 29 5
4 2 22 5
5 2 25 5
3 2 23 6
4 2 29 10
5 2 27 10
2 2 25 11
2 3 28 9
3 2 25 11
6 2 25 12
1 2 29 18
1 2 18 18
2 2 19 18
2 2 16 19
4 2 25 18
6 2 18 19
2 2 22 19
3 2 24 19
8 2 25 19
8 2 28 17
3 2 29 18
7 2 26 19
1 2 22 20
3 2 20 21
6 2 26 20
1 2 27 19
5 2 25 18
4 2 27 20
7 2 23 21
2 2 19 22
7 2 16 23
6 2 20 22
7 2 21 22
5 2 19 23
5 2 23 21
5 2 29 21
2 2 29 22
3 2 22 22
4 2 22 23
8 2 29 23
7 2 29 24
6 2 23 24
7 2 26 24
3 2 23 25
1 2 20 26
4 2 24 25
1 2 23 26
5 2 26 25
4 2 20 26
6 2 20 27
8 2 24 24
6 2 29 29
7 3 25 28
3 2 26 28
8 2 26 27
5 2 26 28
6 2 26 27
2 2 23 26
2 2 26 26
7 2 29 31
7 2 25 31
2 2 25 30
3 2 27 30
2 3 29 31
8 2 24 30
5 2 29 33
4 2 20 33
8 2 21 33
2 2 21 33
1 2 21 34
5 2 25 33
7 2 25 33
8 2 25 34
8 2 29 34
7 2 27 34
1 2 29 35
6 2 26 35
4 3 28 34
4 2 20 36
7 2 21 36
4 3 29 37
8 2 26 37
6 3 29 36
8 3 25 35
2 3 25 37
5 2 27 35
3 2 27 35
7 2 29 37
1 2 29 45
8 2 28 44
4 2 25 45
3 2 29 45
6 2 24 46
7 2 26 46
1 2 27 46
5 2 29 48
2 2 19 48
6 2 12 49
6 2 16 49
1 2 16 50
5 2 17 49
4 2 21 48
4 2 29 47
3 2 21 48
7 2 21 49
8 2 20 50
6 2 21 50
8 2 26 48
3 2 22 49
4 2 22 50
2 2 29 49
8 2 23 48
7 2 23 49
7 2 26 48
2 2 26 49
5 2 22 50
1 2 17 51
2 2 20 51
1 2 27 49
6 2 28 49
1 2 25 50
4 2 20 51
6 2 20 52
8 3 28 50
7 2 29 51
3 2 29 50
4 2 22 51
5 2 25 51
3 2 23 52
7 2 26 51
8 2 23 52
7 2 23 52
1 2 23 53
2 2 21 54
4 3 29 51
8 2 28 51
6 2 27 52
3 3 27 52
2 2 28 51
5 2 28 53
6 2 29 56
7 3 25 55
3 2 26 55
8 2 23 54
7 2 29 58
7 2 25 58
3 2 27 57
2 3 29 58
5 2 29 60
4 2 23 60
5 2 25 60
4 2 19 61
8 2 19 61
7 2 25 60
8 2 25 61
1 2 26 61
7 2 24 60
6 2 25 60
8 2 29 61
1 2 29 62
6 2 26 62
4 2 28 62
4 2 23 63
1 2 21 64
3 2 23 62
6 2 23 64
8 3 23 64
4 2 29 64
2 2 24 65
3 2 25 65
1 2 24 66
6 2 20 67
5 2 18 68
4 2 18 68
8 2 20 68
6 3 29 63
5 2 27 62
3 2 27 62
2 2 27 63
5 2 29 66
2 2 29 67
8 2 29 68
5 2 22 68
2 2 20 69
7 2 29 69
7 2 23 68
4 2 22 69
6 2 20 70
7 2 26 69
1 2 21 70
7 2 21 69
4 2 20 70
8 4 21 70
3 2 23 70
5 2 26 70
6 2 25 69
4 2 25 70
1 2 23 71
6 2 25 71
4 2 29 74
1 2 20 73
6 2 27 74
2 2 23 73
5 2 23 74
3 2 23 75
6 2 24 73
2 2 28 73
7 2 24 72
8 2 26 72
2 2 26 71
3 2 26 70
4 2 27 74
8 3 27 75
1 2 28 73
4 2 27 72
1 2 29 81
8 2 28 80
2 2 28 81
3 2 29 81
1 2 28 82
6 2 29 97
6 2 23 97
7 3 25 96
3 2 26 96
5 2 20 95
8 2 20 95
7 2 22 95
2 2 22 94
8 2 26 95
6 2 26 94
1 2 26 94
6 2 25 93
5 2 26 96
7 2 29 99
4 2 26 98
3 2 27 98
2 2 27 97
1 3 27 96
2 2 26 95
7 2 30 2
4 2 30 5
3 2 30 5
6 2 30 6
7 2 28 5
3 2 29 7
1 2 30 10
4 2 26 11
5 2 30 17
6 2 28 18
7 2 29 18
7 2 30 21
4 2 30 24
5 2 26 23
3 2 30 24
2 2 26 24
5 2 25 25
7 2 26 23
3 2 26 25
8 2 27 25
6 2 30 25
7 2 26 26
3 2 29 26
1 2 30 24
1 2 29 23
8 2 28 22
4 2 25 21
5 2 30 25
4 2 30 29
1 2 27 28
2 2 28 28
4 2 30 32
8 2 29 31
1 2 30 37
6 2 27 38
1 2 27 38
5 2 29 38
8 2 21 39
2 2 30 38
5 2 30 44
6 2 28 43
4 2 25 42
1 2 25 41
8 3 25 43
5 2 22 41
1 2 20 40
4 2 29 43
7 2 30 48
8 2 28 47
5 2 30 49
6 2 30 52
4 2 28 53
4 2 30 56
2 2 28 55
4 2 30 59
8 2 29 58
6 2 29 59
1 2 29 58
5 2 29 59
1 2 30 64
8 2 27 65
7 2 30 66
4 2 30 69
3 2 30 69
8 2 28 69
6 2 30 70
3 2 29 71
1 2 30 69
2 2 28 68
8 2 28 67
5 2 30 80
4 2 29 79
4 2 30 97
4 3 31 0
8 2 28 2
7 2 31 32
1 2 29 31
1 2 31 33
6 3 31 33
6 2 30 31
5 2 29 30
7 2 29 31
5 2 30 33
3 2 31 34
7 2 31 59
1 2 31 60
3 2 31 61
4 3 31 64
1 2 32 2
5 2 26 3
3 2 31 1
6 2 24 0
2 2 29 0
1 2 31 0
6 2 32 5
1 2 31 6
5 2 29 7
5 2 32 6
4 2 29 7
7 2 27 8
1 2 28 8
8 2 29 8
6 2 31 7
2 2 30 8
8 2 32 6
4 2 32 7
1 2 32 21
3 2 32 21
8 3 32 20
4 2 30 19
4 2 28 20
5 2 30 20
6 2 30 22
2 3 30 23
6 2 32 24
1 2 32 48
6 2 32 51
1 2 31 52
3 2 32 50
5 2 32 52
4 2 32 53
8 2 29 54
1 2 29 55
5 2 29 56
6 2 32 59
1 2 32 66
6 2 32 69
6 2 30 68
2 2 31 68
5 2 32 70
1 2 32 71
6 2 32 86
2 2 31 85
2 2 24 86
1 2 24 87
4 3 32 86
8 2 25 84
6 2 27 84
5 2 28 85
4 2 33 3
3 3 33 6
5 2 33 19
8 2 31 18
2 2 33 21
4 4 33 20
4 2 33 31
2 2 32 30
5 3 33 32
5 2 33 46
4 2 33 49
2 2 33 50
4 2 33 58
6 2 31 57
2 2 32 57
5 2 33 60
5 2 32 61
2 2 32 62
4 2 33 67
5 2 33 87
6 2 29 88
4 2 33 93
6 2 21 92
8 2 25 92
5 2 28 94
3 2 28 93
2 2 32 92
4 2 24 91
6 2 20 90
4 2 31 91
1 2 23 90
2 2 31 93
7 2 31 93
4 2 32 94
6 2 34 0
3 2 34 25
3 2 34 52
6 2 34 64
1 2 33 63
3 2 34 70
8 2 35 1
8 2 33 0
5 2 35 7
3 2 32 8
1 2 32 8
5 2 35 26
1 2 35 28
7 2 33 29
6 2 35 32
1 2 33 31
7 2 35 37
1 2 33 36
5 2 35 53
1 2 35 55
7 2 33 56
6 2 35 59
5 2 35 71
6 2 35 86
3 2 29 85
7 2 29 85
7 2 35 91
7 2 24 90
8 2 26 90
5 2 32 92
1 2 33 90
5 2 26 89
1 2 26 89
1 2 30 89
6 2 33 91
1 2 35 96
6 2 31 97
7 2 33 97
2 2 36 6
1 2 34 5
2 2 35 7
3 2 36 19
2 2 36 25
6 2 32 26
4 2 33 26
8 2 30 27
6 2 36 28
6 2 33 29
3 2 36 46
2 2 36 52
2 2 35 53
6 2 36 55
3 2 36 64
2 2 36 70
4 2 36 71
3 2 36 91
2 2 28 90
3 2 29 90
4 2 29 89
2 2 33 90
6 2 36 90
5 2 32 89
8 2 31 88
6 2 33 91
6 2 36 96
7 2 33 95
6 2 33 94
2 2 38 9
8 2 38 29
3 2 34 30
4 2 34 30
7 2 36 30
8 2 38 56
3 2 34 57
4 2 34 57
7 2 36 57
2 2 38 73
7 2 30 74
2 2 29 75
6 2 26 76
1 2 26 77
1 3 22 76
8 2 23 76
2 2 23 76
5 2 27 76
4 2 27 77
5 3 29 75
8 2 38 83
4 2 30 82
7 2 36 84
8 2 38 97
7 2 36 98
3 2 39 1
7 2 37 0
1 2 38 0
4 2 36 1
5 2 36 0
5 2 39 1
6 2 35 2
2 2 29 3
6 2 31 3
7 2 31 3
3 2 38 0
2 2 39 1
4 2 39 20
6 2 37 20
1 2 37 19
2 2 34 18
1 2 31 17
6 2 35 18
6 2 31 17
8 2 36 18
2 2 38 19
7 2 35 18
4 2 34 17
3 2 34 16
2 2 35 17
1 2 39 27
8 2 38 26
1 2 37 25
8 2 36 24
1 2 35 23
1 2 36 26
7 2 37 27
5 2 37 26
4 2 37 27
3 2 36 28
2 2 38 27
3 2 39 27
2 2 37 28
5 3 39 27
4 2 39 25
4 2 39 37
3 2 35 38
6 2 36 36
8 2 36 37
6 2 36 38
5 2 26 39
3 3 26 39
1 2 34 39
6 2 26 40
6 2 39 36
2 2 31 35
5 2 39 48
2 2 36 47
8 2 35 46
7 2 32 45
8 2 32 44
2 2 34 45
6 2 35 45
4 2 35 46
6 2 35 48
3 2 35 48
2 2 39 49
8 2 39 50
7 2 39 51
4 2 39 52
6 3 39 53
8 2 38 51
1 2 37 50
1 2 39 54
2 2 32 54
3 2 34 54
7 2 37 54
3 2 39 54
4 2 38 55
3 2 37 56
2 2 37 57
2 2 39 55
6 3 36 54
5 2 37 55
4 3 39 64
2 2 34 65
8 2 35 65
5 2 35 65
8 2 37 63
7 2 38 64
6 2 37 63
1 2 39 64
5 2 39 75
1 2 34 75
7 2 28 76
5 2 28 77
8 2 35 74
4 2 39 74
2 2 39 76
6 2 30 76
8 2 30 77
8 2 39 77
7 2 39 78
1 2 28 78
6 2 28 79
6 2 33 78
7 2 33 77
7 2 36 78
3 2 33 79
4 2 34 79
1 2 33 80
2 2 34 78
5 2 36 79
4 2 39 91
8 2 38 91
5 2 31 92
7 2 31 93
8 2 35 92
8 2 33 93
1 2 33 93
7 2 36 92
4 2 36 92
3 2 36 92
2 2 37 92
1 2 39 95
4 2 33 94
3 2 34 95
1 2 34 95
3 2 39 95
2 2 39 96
2 3 37 95
8 2 37 96
3 2 37 97
3 2 35 98
6 2 40 9
7 2 32 10
1 2 26 11
8 2 28 11
6 2 34 10
7 2 30 11
5 2 30 12
8 2 33 11
6 2 40 64
7 2 40 75
4 2 40 78
5 2 36 77
3 2 40 78
8 2 38 78
3 2 38 79
6 2 35 80
8 2 36 80
8 2 34 81
6 2 31 82
7 3 34 81
3 2 31 82
6 2 40 79
1 2 40 78
7 2 40 96
6 2 39 96
5 2 38 97
2 2 37 98
4 2 39 97
5 2 41 0
5 2 41 10
1 2 33 11
3 2 33 11
4 2 41 9
7 2 35 8
8 2 36 8
3 2 37 10
4 2 37 11
1 2 40 10
7 2 40 9
1 2 39 8
2 2 39 10
5 2 39 11
6 2 35 12
3 2 23 13
5 2 24 13
2 2 23 14
8 2 40 10
4 2 41 46
4 2 41 73
8 2 42 1
6 2 42 4
2 2 41 3
4 3 42 4
5 2 38 3
8 2 42 11
6 2 42 14
8 2 36 13
8 2 31 14
8 2 26 13
6 2 32 14
2 2 41 13
4 3 42 14
4 2 35 13
2 2 36 12
7 2 39 12
3 2 37 13
1 2 36 14
1 2 28 15
4 2 28 15
2 2 31 15
7 2 36 15
5 2 36 16
1 2 42 30
2 2 41 31
7 2 36 32
4 2 33 33
8 2 33 34
6 2 42 33
3 2 42 32
8 2 42 31
7 2 42 30
5 2 42 34
1 2 40 35
6 2 41 35
4 2 41 36
6 2 33 35
4 2 37 36
1 2 34 35
5 2 35 35
8 2 37 36
3 2 37 35
4 3 37 36
6 2 38 35
2 2 38 36
1 3 39 35
2 2 41 35
1 2 42 35
6 2 42 41
8 2 36 40
8 2 31 41
7 2 28 42
6 2 32 41
7 2 28 40
1 2 29 42
2 2 30 42
2 2 41 40
2 2 29 39
5 2 31 41
7 2 38 39
5 2 39 39
3 2 35 40
7 2 35 41
4 3 35 41
6 2 32 41
7 2 35 39
2 2 36 40
1 2 36 41
5 2 35 42
4 2 39 39
5 2 38 38
8 2 38 39
2 2 40 39
6 2 40 40
4 2 37 41
7 2 36 42
3 2 33 43
4 3 33 43
2 2 36 42
7 2 40 40
6 2 41 39
4 3 42 41
1 2 42 48
6 2 42 51
1 2 41 52
3 2 42 50
5 3 42 51
4 2 41 50
5 2 39 49
8 2 38 48
6 2 37 47
2 2 37 48
7 2 38 49
2 3 42 50
6 2 42 68
5 2 32 67
2 2 41 67
4 2 33 68
4 3 42 68
6 2 37 66
5 2 38 67
6 2 35 66
7 2 35 67
1 2 42 75
6 2 42 78
2 2 41 77
4 2 41 78
6 2 41 77
8 2 39 76
5 3 42 78
2 2 42 78
1 2 42 80
5 2 43 5
6 2 39 6
3 2 43 10
5 2 43 15
6 2 37 16
4 2 38 14
7 2 38 13
5 2 43 28
4 2 43 31
2 2 43 32
7 2 43 35
8 2 43 36
7 2 42 37
3 2 43 37
5 2 43 42
4 2 43 49
7 2 42 48
4 2 40 47
1 2 38 46
1 2 40 47
8 2 42 47
5 2 43 69
6 2 39 70
4 2 43 76
3 2 44 34
6 2 44 46
8 2 41 45
2 2 35 44
1 2 43 45
5 2 36 44
4 2 39 44
6 2 36 43
3 2 41 44
3 2 37 43
3 2 44 52
4 2 42 53
8 2 40 54
7 2 40 55
7 2 43 51
6 2 44 73
7 2 34 72
8 2 36 72
1 2 43 72
2 2 36 73
1 2 40 71
3 2 44 79
6 2 45 4
3 2 39 3
7 2 39 3
6 2 45 14
5 2 40 13
2 2 41 13
3 2 38 12
7 2 45 19
7 2 40 20
5 2 40 21
1 2 43 18
5 2 45 35
1 2 45 37
2 2 42 38
6 2 45 41
1 2 43 40
3 2 43 40
5 2 45 53
8 2 44 52
1 2 44 53
6 2 45 68
3 2 39 67
8 2 38 66
7 2 39 67
3 2 38 67
1 2 39 68
2 2 40 67
5 2 45 80
3 2 46 28
8 2 41 27
2 2 46 34
6 2 46 37
2 2 45 36
6 2 44 37
3 2 44 37
3 2 46 46
2 2 43 45
5 2 42 44
1 2 39 43
6 2 40 43
8 2 40 43
1 2 42 43
2 2 46 52
3 2 46 73
2 2 46 79
4 2 46 80
8 2 48 38
7 2 46 39
2 2 48 55
8 2 48 65
2 2 41 64
4 2 41 66
7 2 46 66
5 2 42 65
2 2 48 82
2 2 48 96
4 2 42 95
2 2 42 96
3 2 42 96
4 2 49 9
6 3 46 8
4 2 49 19
3 2 40 18
4 2 39 17
8 2 38 16
8 2 42 18
1 2 40 17
3 2 40 17
1 2 42 20
4 2 41 21
6 2 36 22
8 3 41 21
2 2 42 21
5 2 36 22
7 2 36 22
1 2 37 22
3 2 42 22
8 2 40 23
6 2 41 23
3 2 40 22
3 2 45 20
6 2 43 19
6 2 46 18
5 2 42 17
8 2 46 19
2 2 45 20
6 2 46 20
6 2 49 18
5 2 49 30
2 2 46 29
8 2 45 28
7 2 42 27
2 2 44 27
6 2 45 27
4 2 45 28
2 2 49 31
8 2 49 32
6 2 40 32
4 2 45 32
7 2 49 33
7 2 46 33
5 2 46 32
7 2 46 31
6 2 46 31
1 4 46 33
4 2 49 34
6 3 49 35
8 2 48 33
2 2 48 33
4 2 49 34
1 2 49 36
3 2 49 36
2 2 49 37
4 3 49 46
7 2 45 46
6 3 45 46
5 2 45 47
8 2 47 45
4 2 45 44
7 2 48 46
1 2 49 46
5 2 49 57
1 2 44 57
8 2 45 56
7 2 44 57
6 2 40 58
7 2 36 59
7 2 41 58
4 2 42 56
3 3 42 57
5 2 39 59
4 2 43 58
2 2 43 59
4 2 49 56
2 2 49 58
8 2 45 58
2 2 46 58
7 2 44 59
6 2 43 60
8 2 49 59
7 2 49 60
5 2 36 60
4 2 35 61
8 3 35 61
3 2 39 60
2 2 39 60
7 2 40 60
6 2 49 65
7 3 45 64
3 2 46 64
7 2 42 63
2 2 38 62
1 2 41 62
8 2 42 62
8 2 46 63
2 2 45 62
3 2 44 61
2 2 42 60
7 2 49 67
1 2 42 67
7 2 45 67
2 2 45 66
8 2 45 67
3 2 47 66
2 3 49 67
5 2 49 69
1 2 39 69
4 2 40 69
8 2 41 69
8 2 40 70
2 2 41 69
5 2 45 69
7 2 45 69
8 2 45 70
8 2 49 70
1 2 49 71
5 2 44 71
2 2 44 72
8 2 45 72
3 2 39 73
1 2 41 73
4 2 41 72
4 3 49 73
6 2 42 74
3 2 42 75
2 2 43 75
6 2 46 72
3 2 44 71
6 2 44 71
6 3 49 72
4 2 47 71
4 2 49 72
7 2 49 73
6 2 47 72
8 2 47 73
7 2 47 73
3 2 48 73
1 2 49 81
2 2 39 81
4 2 45 81
7 2 34 82
8 2 30 83
5 2 31 83
4 2 31 84
2 2 32 84
2 2 36 82
6 2 33 83
2 2 34 83
2 2 42 82
3 2 37 83
3 2 35 84
3 2 44 82
5 2 38 83
1 2 38 83
8 2 45 82
8 2 48 80
6 3 48 79
8 2 46 78
1 2 45 77
3 2 49 81
6 2 41 82
7 2 46 82
6 2 46 83
3 2 40 84
7 2 35 85
1 2 47 82
4 2 43 81
5 2 44 81
3 2 45 81
1 2 46 81
4 2 47 83
7 2 40 84
2 2 39 85
5 2 31 86
6 2 40 85
4 2 41 84
1 2 44 84
2 2 49 80
6 2 48 81
7 2 49 81
5 2 49 84
2 2 49 85
8 2 49 86
7 2 49 87
4 2 31 87
1 2 31 88
5 2 35 87
7 2 35 87
8 3 35 87
3 2 32 88
2 2 36 87
6 2 43 87
7 2 46 87
7 2 37 88
3 2 43 88
1 2 40 89
6 2 40 90
3 2 39 91
4 2 44 88
1 2 43 89
4 2 40 88
5 2 46 88
7 2 40 87
6 2 40 87
8 2 40 88
8 2 44 87
5 2 44 87
5 2 49 92
5 2 43 91
4 2 41 92
7 2 43 92
6 2 40 93
7 2 41 93
3 2 42 93
5 2 39 94
1 2 44 92
2 2 49 93
2 3 46 92
5 2 45 94
8 2 46 94
8 2 49 94
6 2 44 94
7 3 44 94
8 2 44 95
1 2 49 94
5 2 49 98
1 2 44 98
8 2 45 97
4 2 42 98
7 2 44 98
4 2 49 97
2 2 49 99
3 2 45 98
5 2 45 98
8 2 50 34
7 2 50 37
6 2 50 46
7 2 50 57
4 2 50 60
4 2 45 61
5 3 45 62
3 2 50 60
8 2 48 60
6 2 50 61
1 2 45 62
6 3 45 63
4 2 46 63
5 2 47 63
3 2 49 62
5 2 46 63
8 2 49 63
1 2 48 64
2 2 49 64
1 2 50 60
1 2 49 59
4 2 50 65
4 2 50 68
8 2 50 72
2 2 50 71
1 3 50 72
5 2 49 74
5 2 50 72
2 2 50 74
5 2 50 80
7 2 50 84
5 2 48 83
4 2 50 87
5 2 44 88
2 2 44 89
2 2 46 88
3 2 46 88
8 2 46 89
8 2 44 90
7 2 45 90
3 2 50 87
6 2 50 88
3 2 49 89
2 2 44 90
1 2 50 87
1 2 49 86
8 2 48 85
7 3 50 92
8 2 48 92
7 2 50 98
4 2 51 10
3 2 46 11
7 2 46 12
1 2 42 13
6 2 42 14
3 2 49 11
6 2 50 9
8 2 47 8
1 2 50 8
3 2 41 7
5 2 42 7
1 2 39 6
4 2 40 6
8 2 41 6
1 2 42 6
7 2 42 5
5 2 42 5
1 2 46 7
2 2 48 7
4 2 45 8
1 2 48 9
2 2 48 10
4 2 51 28
5 2 43 29
3 2 43 30
4 2 51 55
3 2 47 56
5 2 47 57
7 2 51 68
1 2 51 69
6 3 51 69
6 2 50 67
5 2 50 69
1 2 49 70
3 2 51 70
4 2 51 70
4 2 51 96
1 2 52 12
2 2 51 13
7 2 46 14
6 2 52 15
3 2 52 14
4 2 44 15
1 2 46 13
5 2 46 15
6 2 43 16
7 2 46 15
8 2 46 16
8 2 52 13
2 2 46 12
7 3 46 13
7 2 52 12
6 2 48 11
4 2 48 12
5 2 52 16
1 2 50 17
1 2 48 16
6 2 51 17
4 2 51 18
2 2 51 17
2 2 50 18
4 2 50 17
3 2 50 16
1 2 52 17
6 2 52 23
2 2 40 24
6 2 40 25
7 2 43 22
4 2 43 23
8 2 46 22
2 2 51 22
7 2 48 21
5 2 49 21
4 2 49 21
4 3 52 23
1 2 52 30
4 2 44 29
6 3 44 30
1 2 45 29
6 2 52 33
3 2 52 32
5 3 52 33
1 2 52 35
6 2 52 50
2 2 51 49
3 2 43 48
1 2 45 50
4 3 52 50
8 2 45 48
6 3 47 48
5 2 48 49
1 2 52 57
6 2 52 60
6 2 50 59
5 2 52 61
1 2 52 62
7 2 52 69
1 2 52 84
3 2 52 84
8 3 52 83
4 2 50 82
6 2 50 85
7 2 50 85
2 4 50 86
6 2 52 87
5 2 52 88
6 2 47 89
4 2 47 90
8 2 52 88
1 2 52 89
1 2 52 92
1 2 52 98
5 2 53 9
4 2 50 10
7 2 50 9
3 2 50 9
4 2 53 13
8 2 51 12
5 2 50 13
6 2 49 14
5 2 51 12
2 2 53 14
7 2 53 17
8 2 53 18
7 2 52 19
6 2 51 20
3 2 53 19
2 2 52 20
5 2 52 20
1 2 53 19
5 2 53 24
5 2 46 25
4 2 53 31
8 2 48 30
7 2 52 30
4 2 50 29
1 2 50 29
8 2 52 29
6 2 51 28
8 2 51 27
2 2 53 32
5 2 53 51
6 2 49 52
4 2 53 58
5 2 51 59
4 2 53 67
2 2 52 66
5 3 53 68
2 2 53 69
5 2 53 82
8 2 51 81
2 2 53 84
4 2 53 85
4 2 53 93
4 2 50 94
2 2 52 94
3 2 50 95
6 2 54 10
8 2 54 9
3 2 54 16
6 2 54 28
2 2 52 27
4 2 49 26
3 2 51 26
3 2 46 25
7 2 43 24
5 2 43 24
1 3 52 28
5 2 52 26
6 2 50 25
1 2 52 25
7 2 53 28
3 2 54 34
6 2 54 55
8 2 46 54
1 2 53 54
1 2 50 53
3 2 54 61
7 2 54 84
5 2 54 85
4 2 52 86
3 2 54 88
5 2 54 94
8 2 53 95
1 2 49 96
2 2 52 94
5 2 52 95
6 2 54 96
1 2 54 95
8 2 55 11
6 2 53 12
5 2 55 17
1 2 55 19
6 2 55 23
2 2 51 22
5 2 55 35
6 2 55 50
5 2 55 62
1 2 55 64
7 2 53 65
6 2 55 68
7 2 55 73
7 2 50 74
5 2 51 74
1 3 51 74
8 2 52 75
1 2 53 72
6 2 53 74
5 2 55 89
3 2 56 9
2 2 54 8
8 2 52 7
6 3 54 9
5 2 51 7
3 2 48 6
1 2 51 7
2 2 56 16
5 2 52 15
8 2 52 16
6 2 56 19
3 2 56 28
2 2 56 34
3 2 56 55
2 2 56 61
4 2 56 62
1 2 51 62
6 2 56 64
6 2 53 65
3 2 56 82
2 2 56 88
4 2 56 89
6 2 56 94
1 2 56 94
3 2 56 96
3 2 57 93
6 2 51 92
8 2 58 20
7 2 56 21
2 2 58 37
8 2 58 47
2 2 51 46
7 2 56 48
8 2 58 65
3 2 54 66
7 2 56 66
5 2 55 65
4 2 55 66
4 2 58 94
5 2 59 2
3 2 48 1
7 2 46 2
6 2 45 1
2 2 42 2
1 2 45 0
7 2 52 1
2 2 47 2
4 2 47 2
3 2 46 2
8 2 44 3
2 2 40 4
1 2 40 4
4 2 40 5
7 2 45 3
8 2 42 4
6 2 42 4
7 2 42 5
2 2 42 5
1 2 43 4
7 2 49 2
5 2 46 3
4 2 50 0
1 2 50 1
2 2 51 0
6 2 51 0
8 2 52 0
3 2 52 1
6 2 49 2
5 2 53 1
1 2 54 2
8 2 54 2
2 2 53 2
3 2 52 3
6 2 51 4
4 2 53 3
6 2 48 4
2 2 59 3
8 2 55 3
2 2 53 4
5 2 46 5
8 2 46 6
7 2 54 4
8 2 59 4
4 2 56 4
2 2 50 5
7 2 50 5
5 2 55 5
7 2 56 3
7 2 59 5
8 2 57 5
3 2 53 6
4 2 52 7
4 2 54 6
6 2 53 7
7 2 54 7
5 2 57 4
1 3 57 5
3 2 59 11
2 2 56 10
7 2 57 10
1 4 57 9
5 2 59 11
4 3 59 28
8 2 57 27
7 2 58 28
1 2 59 28
5 2 59 39
1 2 54 39
4 2 49 38
8 2 47 39
8 2 55 38
7 2 50 39
5 2 49 38
4 2 49 39
2 2 49 40
4 2 41 41
5 2 43 41
7 2 43 42
7 2 46 41
6 2 50 40
2 2 46 41
8 2 46 41
3 2 51 39
5 2 51 39
4 2 52 37
7 2 54 39
4 2 53 40
5 2 49 41
4 2 59 38
2 2 59 40
2 2 56 40
8 2 59 41
8 2 58 40
7 2 54 41
3 2 48 42
3 2 57 41
6 2 53 42
4 2 57 42
1 2 58 42
5 2 50 43
8 2 50 43
1 3 50 44
3 2 53 43
4 2 54 43
7 2 52 44
5 2 56 43
6 2 51 44
3 2 51 44
1 2 53 44
2 2 54 44
8 2 54 45
7 2 59 42
8 2 58 42
2 2 56 43
8 2 56 44
6 2 59 47
5 2 54 46
7 3 55 46
3 2 56 46
6 2 56 45
4 2 56 45
7 2 59 49
7 2 55 49
2 2 55 48
3 2 57 48
2 3 59 49
5 2 59 51
4 2 50 51
8 2 51 51
1 2 51 52
5 2 55 51
7 2 55 51
8 2 55 52
8 2 59 52
7 2 57 52
1 2 59 53
6 2 56 53
4 3 58 52
4 3 59 55
2 2 50 56
6 2 50 56
8 2 56 55
6 3 59 54
3 2 52 54
4 2 54 53
1 2 54 55
8 2 55 53
5 2 57 53
3 2 57 53
2 2 57 54
6 2 55 54
7 2 56 54
7 2 59 55
2 2 54 56
1 2 59 63
8 2 58 62
7 2 56 61
6 2 55 62
7 2 55 61
4 3 55 63
8 2 56 60
1 2 55 59
3 2 56 61
8 2 56 63
3 2 56 64
7 3 56 64
2 2 56 65
1 2 57 61
6 4 57 62
2 2 58 63
3 3 58 64
6 2 59 65
7 2 59 67
2 3 59 67
5 2 59 69
8 2 59 70
1 2 59 71
5 2 54 71
2 2 54 72
4 2 59 73
3 2 55 74
6 2 56 72
8 2 56 73
6 3 59 72
4 2 59 72
5 2 59 75
2 2 59 76
3 2 52 76
8 2 50 77
6 2 48 76
6 2 51 77
5 2 49 76
4 2 53 76
2 2 53 76
7 2 54 76
3 2 46 76
4 2 47 76
2 2 48 76
7 2 48 76
8 2 59 77
7 2 59 78
7 2 56 78
5 2 56 79
4 2 51 78
2 2 52 78
1 2 52 79
4 3 59 96
6 3 59 95
8 2 59 94
7 2 59 96
6 2 52 97
3 3 52 98
2 2 53 98
7 2 60 2
4 2 60 5
6 2 57 6
3 2 58 6
5 2 58 7
3 2 60 5
6 2 60 6
6 2 60 28
5 2 59 29
5 2 51 30
3 2 52 30
7 2 60 39
4 2 60 47
2 2 58 46
4 2 60 50
8 2 59 49
1 2 60 55
5 2 59 56
2 2 60 56
5 2 60 62
4 4 60 63
4 2 60 68
8 2 60 72
1 2 60 73
7 2 60 75
4 2 60 78
3 2 54 79
7 2 55 77
5 3 55 78
4 2 55 79
3 2 60 78
6 2 60 79
8 2 56 80
3 2 59 80
1 2 60 78
1 2 60 96
8 2 58 97
5 2 59 97
2 2 60 97
7 2 59 96
6 2 59 96
4 3 60 95
2 2 60 94
4 3 61 0
5 2 61 10
8 2 59 9
2 2 59 9
7 2 60 9
4 2 61 37
3 2 57 38
7 2 61 50
1 2 59 49
1 2 61 51
6 3 61 51
6 2 60 49
5 2 60 51
2 2 60 51
3 2 61 52
7 2 61 68
1 2 61 69
7 2 60 68
6 3 61 69
3 2 61 70
4 3 61 73
8 2 58 75
1 2 62 2
3 2 61 1
2 2 59 0
8 2 59 2
1 2 61 0
6 2 62 5
5 2 62 6
1 2 62 7
8 2 62 11
6 2 62 14
3 2 51 15
2 2 51 15
4 2 51 16
1 2 53 15
2 2 61 13
7 2 54 14
4 3 62 14
5 2 58 13
3 2 55 12
2 2 56 12
7 2 56 13
8 2 57 14
6 2 58 12
6 2 62 32
2 2 61 31
4 3 62 32
5 2 58 31
2 2 55 30
8 2 56 30
6 2 58 30
1 2 62 39
6 2 62 42
3 2 58 43
1 2 59 41
6 2 60 43
2 2 61 41
3 2 62 41
7 2 60 40
5 2 61 40
5 3 62 42
6 2 62 41
4 3 62 41
6 2 62 39
5 2 60 38
6 2 58 37
8 2 56 36
7 2 59 37
3 2 57 36
1 2 59 36
1 2 60 38
2 2 61 38
6 2 61 37
4 2 60 36
4 2 57 35
3 2 62 39
1 2 62 44
1 2 62 75
2 2 61 74
6 2 62 78
6 2 59 79
2 2 61 77
5 2 62 79
8 2 62 79
1 2 62 80
6 2 62 86
2 2 61 85
8 2 55 84
4 3 62 86
6 2 57 84
4 2 63 3
5 2 63 15
4 2 58 14
1 2 58 15
6 2 59 16
5 2 63 33
6 2 59 34
4 2 63 49
3 2 60 48
7 2 60 49
2 2 62 48
5 2 61 47
5 3 63 50
4 2 63 67
6 2 61 66
2 2 62 66
5 2 61 65
3 2 61 66
5 3 63 68
5 2 62 70
2 2 62 71
4 2 63 76
3 3 63 79
5 2 63 87
6 2 59 88
4 2 63 93
8 2 55 92
3 2 52 91
6 2 57 92
4 2 54 91
2 2 62 92
4 2 61 91
1 2 51 90
6 2 64 0
3 2 64 6
6 2 64 37
1 2 63 36
3 2 64 43
6 2 64 73
1 2 63 72
7 2 64 79
8 2 65 1
8 2 63 0
5 2 65 7
1 2 65 9
6 2 65 14
7 2 65 19
1 2 63 18
1 2 60 17
6 2 65 32
5 2 65 44
1 2 65 46
6 2 62 47
7 2 63 47
4 2 63 48
6 2 65 50
1 2 63 49
7 2 65 55
7 2 60 56
6 2 55 57
3 2 55 57
5 2 61 56
1 2 62 56
8 2 62 57
1 2 63 54
6 2 63 56
6 2 65 68
5 2 65 80
1 2 65 82
4 2 60 83
6 2 61 83
6 2 55 82
2 2 59 82
7 2 63 83
6 2 65 86
5 2 58 85
3 3 58 86
4 2 58 86
7 2 58 86
7 2 65 91
2 2 55 90
8 3 55 91
6 2 54 90
5 2 57 92
7 2 57 93
1 2 63 90
1 2 60 89
6 2 63 91
7 2 65 96
5 2 61 97
1 2 62 97
1 2 63 95
2 2 66 6
2 2 65 7
4 2 66 7
6 2 66 9
3 2 65 10
2 2 66 10
3 2 66 37
2 2 66 43
4 2 66 44
6 2 66 46
3 2 66 73
2 2 66 79
2 2 65 80
4 2 66 80
6 2 66 82
4 2 60 83
1 2 60 82
2 2 58 81
3 2 66 91
2 2 61 92
7 2 61 93
2 2 63 90
6 2 66 90
3 2 61 89
1 2 59 88
8 2 61 88
5 2 62 89
6 2 62 89
3 2 63 89
8 2 68 29
2 2 61 28
7 2 66 30
8 2 68 47
7 2 66 48
8 2 68 65
7 2 66 66
8 2 68 83
7 2 63 82
7 2 66 84
1 2 60 85
8 2 59 86
4 2 68 94
3 2 69 1
6 2 63 1
5 2 62 2
1 2 60 3
6 2 61 3
2 2 61 4
7 2 67 0
1 2 68 0
4 2 66 1
5 2 69 1
3 2 68 0
2 2 69 1
4 2 69 19
3 2 65 20
3 2 55 21
1 2 52 22
6 2 53 22
5 2 53 23
7 2 53 24
1 2 51 24
8 2 51 25
4 2 50 25
3 2 60 21
7 2 55 22
6 2 66 18
8 2 66 19
3 2 60 18
8 2 60 17
4 2 60 16
4 2 60 19
7 2 61 19
2 2 65 20
1 2 64 21
2 2 59 22
6 2 60 22
7 2 61 22
5 2 59 23
7 2 52 24
4 2 53 24
3 2 52 25
6 2 53 25
6 2 66 20
2 2 63 19
8 2 63 18
5 2 62 17
7 2 64 21
4 2 63 22
8 2 60 23
5 2 64 21
4 2 64 20
6 2 65 19
4 2 66 19
3 2 66 19
8 2 66 21
7 2 61 22
6 2 69 18
4 3 69 37
8 2 66 37
6 2 69 36
5 2 62 35
1 2 69 45
8 2 68 44
4 2 66 45
7 2 67 45
3 2 66 46
6 3 68 43
4 2 65 42
1 2 65 41
8 2 66 42
2 2 66 42
7 2 66 43
2 2 68 45
3 2 69 45
2 2 67 46
6 2 69 47
7 2 69 49
3 2 67 48
2 3 69 49
5 2 69 51
8 2 69 52
4 2 65 52
1 2 69 53
6 2 66 53
4 2 69 55
3 2 65 56
6 3 69 54
8 2 62 54
4 2 63 54
3 2 63 55
2 2 65 53
5 2 66 53
4 2 69 54
5 2 69 57
2 2 69 58
5 2 55 58
3 2 62 58
4 2 54 59
2 2 55 59
8 2 60 59
6 2 61 59
4 2 63 58
2 2 63 58
7 2 64 58
7 2 63 58
5 2 64 58
8 2 69 59
1 2 65 59
4 2 59 60
2 2 60 60
4 2 66 59
3 2 65 58
8 2 65 57
7 2 66 60
5 2 66 61
7 2 69 60
2 2 68 59
6 2 67 58
8 2 68 58
4 3 69 73
8 2 65 74
5 2 65 74
8 2 67 72
7 2 68 73
1 2 69 73
6 2 67 72
4 2 68 72
2 2 68 71
4 2 69 91
8 2 68 91
7 2 66 92
3 2 63 91
7 2 62 90
4 2 62 90
1 2 62 91
4 2 69 96
3 2 65 97
4 2 61 98
7 2 63 98
6 3 69 95
6 2 68 95
5 2 67 94
2 2 67 95
8 3 68 95
5 2 69 98
6 3 65 97
8 4 65 98
2 2 69 99
2 2 67 98
5 2 70 44
4 3 70 46
4 2 70 50
8 2 70 54
1 2 70 55
6 2 66 54
1 2 66 53
7 2 70 57
4 2 70 60
8 2 63 61
1 2 63 62
2 2 61 63
8 2 61 63
3 2 64 61
4 2 65 61
3 2 70 60
6 2 70 61
3 2 69 62
6 2 70 73
1 2 70 96
7 2 70 98
5 2 71 0
4 3 71 9
8 2 66 8
3 2 69 11
7 2 66 12
4 2 71 28
7 2 71 50
1 2 71 51
7 2 70 50
6 3 71 51
3 2 71 52
2 3 71 53
4 3 71 55
5 2 71 60
1 2 71 61
4 3 71 96
8 2 72 1
6 2 72 4
2 2 71 3
4 3 72 4
4 2 66 4
5 2 68 3
6 2 68 2
1 2 72 12
2 2 71 13
7 2 66 14
6 2 72 15
3 2 72 14
7 2 61 15
5 2 61 15
8 3 61 16
5 2 66 15
4 2 65 16
7 2 66 15
8 2 66 16
8 2 72 13
2 2 65 12
7 3 65 13
3 2 68 12
7 2 72 12
6 2 68 11
4 2 68 12
5 2 72 16
1 2 70 17
6 2 66 16
3 2 66 17
1 2 68 16
6 2 71 17
4 2 71 18
2 2 71 17
2 2 70 18
1 2 72 17
6 2 72 23
2 2 71 22
7 2 68 21
5 2 69 21
8 2 67 22
2 2 68 22
4 2 69 21
4 3 72 23
1 2 72 30
2 2 71 31
7 2 66 32
6 2 72 33
3 2 72 32
7 2 59 33
1 2 60 33
8 2 60 34
4 2 61 33
8 2 62 33
2 2 62 33
3 2 62 34
5 2 66 33
4 2 65 34
7 2 66 33
8 2 66 34
8 2 72 31
2 2 65 30
7 3 65 31
3 2 68 30
7 2 72 30
6 2 68 29
5 2 64 28
1 2 68 28
6 2 65 27
4 2 55 26
1 2 61 26
8 2 54 25
8 2 62 26
2 2 60 25
1 2 56 26
2 2 65 26
8 2 57 25
5 2 57 25
3 2 59 25
3 2 64 25
2 2 60 26
1 2 60 26
8 2 66 27
4 3 68 30
7 2 67 28
3 3 67 28
2 2 69 28
5 2 72 34
5 2 67 33
1 2 70 35
1 2 68 34
6 2 71 35
4 2 71 36
2 2 70 36
7 2 69 37
1 2 70 37
5 2 69 38
2 3 69 38
1 2 72 35
1 2 72 57
1 2 69 58
7 2 69 58
2 2 71 56
8 2 69 55
6 2 72 60
6 2 70 61
8 2 72 61
5 2 72 61
4 2 72 62
7 2 65 63
6 2 72 77
2 2 71 76
4 3 72 77
3 2 60 76
1 3 60 77
2 2 64 77
1 2 65 77
8 2 65 76
6 2 63 75
7 2 63 76
4 3 65 77
6 2 67 75
5 2 68 76
1 2 72 98
5 2 73 5
6 2 69 6
4 2 73 13
8 2 71 12
5 2 71 12
2 2 73 14
7 2 73 17
8 2 73 18
7 2 72 19
6 2 71 20
3 2 73 19
2 2 72 20
5 2 72 20
1 2 73 19
5 2 73 24
5 2 66 25
4 2 68 23
7 2 67 24
4 2 66 25
6 2 62 26
6 2 67 25
7 2 65 26
1 2 66 26
3 2 69 23
1 2 69 24
3 2 68 25
4 2 65 26
8 2 68 25
5 2 68 26
4 2 73 31
2 2 73 32
4 2 73 49
6 2 71 48
2 2 72 48
5 2 71 47
5 3 73 50
5 2 72 52
2 2 73 51
4 2 73 58
3 3 73 61
5 2 73 78
6 2 69 79
6 3 74 9
3 2 67 8
4 2 71 11
1 2 73 8
4 2 69 9
1 2 70 7
3 2 74 16
6 2 74 28
8 2 71 27
4 2 69 26
1 2 73 27
3 2 71 26
3 2 74 34
6 2 71 35
7 2 73 35
8 2 73 36
3 2 73 37
1 2 72 38
2 2 74 35
5 3 74 36
7 2 74 50
6 2 74 55
1 2 73 54
5 2 74 94
6 2 68 93
7 3 68 94
6 2 74 96
6 2 75 4
3 2 69 3
7 2 69 3
8 2 75 11
1 2 72 10
7 2 70 9
5 2 75 17
1 2 75 19
6 2 75 23
6 2 75 50
5 2 75 62
8 2 69 63
2 2 69 64
6 2 75 77
3 2 69 76
7 2 69 76
3 2 65 75
7 2 75 82
8 2 66 81
3 2 67 83
1 2 73 81
1 2 70 80
3 2 76 9
2 2 76 16
6 2 76 19
3 2 76 28
2 2 76 34
3 2 76 55
2 2 76 61
2 2 75 62
3 2 76 96
1 2 74 95
2 2 74 95
4 2 74 94
7 2 73 93
5 2 66 92
8 3 75 94
2 2 73 93
3 2 69 92
6 2 73 94
8 2 78 20
7 2 72 21
7 2 76 21
2 2 78 37
8 2 78 47
7 2 76 48
3 2 74 47
2 2 78 64
8 2 78 74
8 2 69 75
5 3 69 76
6 2 69 76
4 2 70 75
2 4 71 73
7 2 71 76
7 2 76 75
4 3 79 9
6 2 76 8
8 2 77 8
5 2 72 7
8 2 71 6
7 2 78 9
2 2 77 8
5 2 77 10
3 2 74 11
2 3 74 11
2 2 78 10
1 2 79 9
3 2 79 11
6 3 79 20
2 2 79 19
7 2 79 22
5 2 71 22
2 2 71 22
3 2 77 21
1 2 72 22
8 2 72 22
1 2 73 22
2 3 79 22
5 2 79 24
6 2 70 24
4 2 73 24
5 2 75 24
7 2 75 24
1 2 74 24
8 3 74 25
2 2 76 24
5 2 77 24
8 2 79 25
1 2 79 26
5 2 74 26
2 2 74 27
6 2 74 27
4 3 79 28
8 2 76 28
6 3 79 27
4 2 79 27
7 2 79 28
1 2 79 36
7 2 74 36
8 2 78 35
3 2 79 36
1 2 77 37
5 2 79 39
7 2 73 39
6 2 66 40
4 2 79 38
2 2 70 39
4 2 72 39
7 2 71 40
8 2 70 41
3 3 71 40
5 2 69 41
8 2 76 39
2 2 79 40
8 2 73 39
2 2 76 40
5 2 76 39
1 2 77 40
6 2 78 40
4 2 76 41
7 2 78 40
8 3 78 41
4 2 78 41
6 2 73 42
7 2 76 42
3 2 73 43
4 2 74 43
1 2 73 44
5 2 76 43
7 2 79 42
4 3 79 55
8 2 76 55
5 2 76 56
6 2 79 54
1 2 79 63
8 2 78 62
1 2 76 63
6 2 68 64
7 2 65 65
3 2 74 64
3 2 67 65
8 2 75 64
2 2 74 65
3 2 65 66
3 2 70 66
1 2 77 61
6 2 77 63
7 2 76 64
6 2 76 65
6 2 69 66
4 2 69 66
2 2 69 67
7 2 66 68
1 2 74 66
7 2 71 67
6 2 71 68
7 2 78 63
1 2 77 64
4 2 77 65
7 2 74 66
4 2 73 67
5 2 70 68
5 2 74 66
8 2 76 66
3 2 79 63
4 2 78 62
5 3 79 63
4 3 79 64
5 2 79 65
6 2 79 65
6 3 79 74
5 2 74 73
7 2 75 74
1 2 78 73
6 2 75 72
1 2 71 71
8 2 72 71
4 2 63 70
8 2 63 70
5 2 64 70
8 2 65 70
2 2 75 71
3 2 68 70
3 2 74 70
8 2 76 72
3 2 77 74
7 2 79 76
2 3 79 76
5 2 79 78
8 2 71 78
5 2 75 78
7 2 75 78
8 2 75 79
8 2 79 79
1 2 79 80
8 2 72 80
4 2 68 81
7 2 69 81
2 2 68 82
5 2 68 83
2 2 67 84
5 2 74 80
3 2 71 81
4 2 73 81
2 2 72 82
6 2 73 82
4 2 68 83
8 2 67 84
7 2 65 85
1 2 59 86
2 2 59 87
5 2 61 86
2 2 74 81
4 2 79 82
3 2 75 83
3 2 70 84
6 2 76 81
6 2 75 80
3 2 75 80
8 2 76 82
1 2 73 83
3 2 76 82
8 2 77 81
6 3 79 81
4 2 79 81
4 2 77 80
5 2 79 84
8 2 76 84
6 2 70 85
7 2 71 85
2 2 79 85
2 2 71 85
5 2 69 86
1 2 77 85
8 2 70 86
5 2 65 87
7 2 65 87
8 2 65 88
6 3 78 84
6 2 69 86
1 2 70 86
4 2 70 86
6 2 71 86
2 2 70 87
4 2 65 88
1 2 66 88
7 2 78 85
8 2 79 86
7 2 74 86
7 2 79 87
5 2 75 87
7 2 67 88
5 2 79 92
5 2 73 91
1 2 70 90
8 2 70 92
4 2 70 92
1 2 74 92
4 2 74 93
2 2 79 93
8 2 79 94
6 2 76 94
4 3 79 96
6 2 79 95
6 2 80 9
4 2 80 20
4 2 80 23
6 2 77 23
7 2 77 24
8 2 80 27
1 2 80 28
6 2 77 29
5 2 79 29
3 2 69 30
8 2 71 30
2 2 80 29
5 2 80 35
1 2 77 34
5 2 72 33
4 2 75 33
1 2 75 32
8 3 75 34
4 2 79 34
7 2 80 39
5 2 80 40
1 2 79 41
3 2 80 42
6 2 80 62
4 2 80 65
7 2 80 66
8 2 75 67
2 2 76 67
2 3 80 67
7 2 74 68
4 2 74 68
1 2 78 67
3 2 77 68
4 2 77 69
1 2 78 69
5 2 76 70
2 2 73 69
6 2 79 67
4 2 80 74
2 2 79 73
3 2 79 72
4 2 80 77
1 2 80 82
7 2 80 84
5 2 79 83
2 2 80 83
2 2 80 86
1 2 76 85
5 2 80 85
4 2 78 86
7 2 76 87
5 2 70 88
1 2 70 89
8 2 72 88
3 3 72 88
4 3 73 88
2 3 74 89
6 2 71 90
1 2 78 87
3 2 79 86
4 3 80 86
6 2 77 88
3 2 78 88
5 2 78 89
6 2 80 88
7 3 80 92
7 2 76 91
5 2 81 10
7 2 81 23
8 2 79 22
1 2 81 24
6 3 81 24
3 2 81 25
2 2 81 41
5 2 81 42
2 2 76 43
8 2 76 44
6 2 72 45
6 2 80 43
3 2 79 44
8 2 74 45
7 2 75 45
7 2 81 77
1 2 77 76
8 2 79 76
1 2 81 78
1 2 78 79
4 2 78 79
7 2 80 77
6 3 81 78
6 2 80 76
3 2 80 75
3 2 81 79
5 2 81 78
2 2 81 78
4 3 81 82
8 2 81 85
8 2 82 11
7 2 82 10
6 2 82 14
2 2 81 13
5 2 73 14
7 2 74 14
5 2 71 15
2 2 71 15
1 2 72 13
1 2 74 15
4 3 82 14
6 2 77 12
5 2 78 13
6 2 75 14
4 2 76 14
8 2 77 14
1 2 82 39
6 2 82 42
1 2 81 43
1 2 82 48
2 2 81 49
6 2 82 51
3 2 82 50
8 2 82 49
3 2 78 48
4 2 78 47
1 2 77 46
6 2 78 47
7 2 78 47
7 2 82 48
5 2 82 52
1 2 80 53
6 2 81 53
4 2 81 54
2 2 80 54
1 2 74 53
7 2 75 53
7 2 79 55
1 2 80 55
2 2 80 56
1 2 82 53
6 2 82 68
4 3 82 68
5 2 82 67
1 2 82 84
6 2 82 87
3 2 82 86
2 2 82 87
5 2 82 88
8 2 82 88
1 2 82 89
1 2 82 92
3 2 77 93
2 2 79 91
2 2 70 90
6 2 76 90
8 2 77 90
8 2 79 92
2 2 78 93
5 2 83 15
6 2 79 16
4 2 83 22
6 2 81 21
2 2 82 21
5 2 81 20
1 2 82 22
5 3 83 23
7 2 83 23
2 2 83 24
5 2 83 37
4 2 83 40
4 2 83 49
2 2 83 50
5 2 83 69
4 2 76 70
6 2 77 70
4 2 83 76
2 2 82 75
5 2 81 74
5 3 83 77
4 2 83 85
4 2 83 93
4 2 79 94
1 2 80 94
6 2 81 94
3 2 84 43
6 2 81 44
4 2 82 44
1 2 71 45
8 3 71 45
2 2 78 45
3 2 84 52
7 2 83 53
3 2 81 52
8 2 83 54
3 2 83 55
1 2 82 56
2 2 84 53
4 2 83 52
5 2 82 51
8 3 82 52
6 2 84 82
8 2 81 81
1 2 83 81
5 2 82 80
3 2 84 88
6 2 85 14
6 2 85 23
7 2 85 28
1 2 82 29
1 2 83 27
5 2 85 44
2 2 76 45
5 3 76 45
3 2 78 45
8 2 78 46
5 2 85 53
6 2 85 68
8 2 79 69
3 2 78 70
7 2 76 71
1 3 76 71
6 2 85 77
1 2 83 76
5 2 85 89
3 2 86 37
6 2 78 38
8 2 79 38
2 2 86 43
2 2 86 52
6 2 85 53
4 2 80 54
3 2 86 82
2 2 86 88
4 2 86 89
7 2 87 46
8 2 88 20
7 2 86 21
3 2 84 20
2 2 88 55
8 2 88 65
7 2 86 66
8 2 88 74
7 2 86 75
2 2 88 96
7 2 80 97
5 2 80 98
6 2 75 98
2 2 77 97
3 2 77 98
8 2 78 97
5 2 78 97
6 4 89 20
1 2 83 18
1 2 80 17
6 2 89 18
7 2 87 19
4 2 82 18
8 2 80 17
4 2 80 16
3 2 81 17
5 2 82 17
6 2 87 18
1 2 89 19
8 2 88 18
2 2 88 17
3 2 89 21
7 3 89 22
2 4 89 23
3 2 89 21
5 4 89 23
4 2 83 24
8 3 89 25
1 3 89 26
4 2 81 26
6 2 86 26
4 2 88 26
6 2 89 27
8 2 84 27
4 5 89 28
6 2 86 29
5 2 76 30
3 3 76 30
6 2 75 30
7 2 73 31
1 2 89 28
5 3 89 30
8 2 86 30
3 2 89 28
6 3 89 28
2 2 89 31
1 2 77 31
6 2 80 31
7 3 80 31
5 2 78 32
2 3 81 30
1 2 87 31
6 2 88 31
6 2 75 32
1 3 75 32
4 2 76 32
6 2 81 32
7 2 78 33
2 2 78 33
4 2 81 32
8 2 81 32
5 2 82 32
2 2 87 30
7 2 88 31
3 2 88 30
4 2 89 30
8 2 89 32
7 2 89 33
7 2 86 33
3 2 79 34
6 2 80 34
5 2 86 34
4 2 89 38
6 2 87 38
2 2 88 37
7 2 82 36
2 2 84 36
8 2 83 35
6 2 85 36
8 2 86 36
4 2 87 38
8 3 87 39
3 2 87 39
6 2 86 40
1 2 86 41
5 2 87 40
7 2 87 40
1 2 88 37
4 2 87 36
2 2 86 35
5 3 89 39
2 4 89 40
8 5 89 41
7 3 89 42
1 2 87 42
4 4 89 56
7 2 89 55
5 2 89 57
6 2 75 57
6 2 71 58
7 2 83 57
5 2 74 58
2 2 73 59
8 2 74 58
1 2 75 58
5 2 83 57
2 2 80 57
4 2 82 57
7 2 81 58
8 2 80 59
3 4 81 57
8 2 84 57
6 2 85 57
6 2 88 56
8 2 86 57
5 2 84 58
2 2 89 58
2 2 87 57
8 2 89 59
4 2 86 59
7 2 89 60
7 2 77 60
4 2 79 60
5 2 85 60
1 2 88 60
3 2 83 61
2 2 83 60
4 2 84 61
1 2 83 62
2 2 81 63
6 2 84 61
6 2 86 59
6 4 89 74
8 2 81 72
4 2 79 71
1 2 83 72
5 2 79 71
6 2 85 73
7 2 86 73
3 3 87 73
8 2 87 72
5 2 82 71
6 2 89 72
6 2 83 71
7 2 79 70
6 2 80 70
8 2 80 70
1 2 82 70
3 2 83 71
4 3 84 71
1 2 85 71
1 2 89 73
4 3 89 72
2 2 88 71
3 2 89 75
7 3 89 76
2 4 89 77
5 4 89 77
7 3 89 77
8 3 89 79
1 3 89 80
2 2 85 80
6 2 86 80
4 2 88 80
6 2 89 81
1 2 87 81
7 2 87 82
8 2 85 83
4 4 89 82
4 2 86 83
7 2 84 84
5 3 89 84
2 5 89 83
8 3 89 86
7 3 89 87
1 2 87 87
5 3 89 92
5 2 82 92
2 3 89 93
6 2 84 92
8 3 89 94
4 4 89 97
1 2 82 97
8 2 82 98
7 2 83 95
2 2 83 96
6 2 86 97
7 2 89 96
8 2 86 95
2 2 85 94
5 2 89 98
2 2 87 97
3 2 88 97
1 2 88 96
3 2 87 95
5 3 87 94
4 2 88 95
2 2 89 99
4 3 90 9
8 2 86 8
4 2 75 7
1 2 81 7
8 2 82 7
2 2 80 6
8 2 69 5
7 2 69 6
8 2 80 5
1 2 70 4
2 2 70 5
7 2 75 4
1 2 73 3
2 2 72 2
7 2 73 2
8 2 75 3
7 2 77 4
3 2 80 6
2 2 85 7
3 2 84 6
5 2 80 5
5 2 77 4
4 2 77 4
6 2 78 3
3 2 76 2
6 2 74 1
4 2 74 2
8 2 80 6
5 2 76 5
1 2 80 5
2 2 79 4
6 3 80 4
4 2 80 6
7 2 81 4
1 2 81 6
5 2 82 5
6 2 80 6
3 2 80 7
6 2 90 10
6 2 84 10
8 2 84 10
6 2 85 9
3 2 90 11
7 2 90 30
4 2 90 33
6 2 90 34
3 2 89 35
1 2 90 36
6 2 87 36
8 2 89 36
7 2 89 37
1 2 90 38
7 2 90 57
6 2 90 59
4 2 90 60
6 2 90 61
7 2 89 60
3 3 89 61
1 2 90 63
2 2 87 62
8 2 89 63
8 2 87 62
6 2 89 62
4 2 90 62
5 3 90 62
4 3 90 77
6 2 90 82
1 2 90 83
7 2 90 98
8 2 91 9
3 2 87 10
3 2 86 11
1 2 86 11
7 2 86 12
2 2 88 10
5 2 87 9
3 2 89 8
6 2 87 7
5 2 85 6
1 2 89 10
2 2 91 9
4 3 91 10
4 2 91 20
4 2 91 23
4 3 91 27
8 2 91 27
2 2 91 29
5 2 91 30
5 2 91 35
3 2 88 34
4 2 91 74
5 2 92 10
7 2 92 23
1 2 92 24
6 3 92 24
3 2 92 25
5 2 88 26
2 3 92 26
4 2 92 82
6 2 90 83
5 2 89 84
6 2 89 85
1 2 89 86
3 2 90 84
8 2 92 81
7 2 92 91
3 2 90 90
4 2 86 91
7 2 78 90
3 2 81 90
1 2 82 90
3 2 86 92
1 2 90 90
8 2 92 92
6 2 89 93
1 3 89 94
8 2 93 11
6 2 93 14
2 2 90 13
7 2 87 14
1 2 85 13
5 2 85 15
7 2 85 15
8 2 85 16
4 2 86 16
8 2 87 13
2 2 85 12
7 3 85 13
3 2 86 13
6 3 86 12
4 2 86 12
5 2 87 12
8 2 88 12
7 2 90 13
7 2 89 13
2 2 89 13
3 2 90 12
2 2 92 13
5 2 90 14
5 2 87 15
2 2 87 15
1 2 87 16
4 2 90 14
6 2 92 12
4 3 93 14
5 2 93 26
1 2 93 39
6 2 93 42
6 2 89 43
4 2 90 43
6 2 91 43
5 2 88 44
4 2 89 42
8 3 89 43
1 2 89 44
3 3 89 45
2 2 82 45
1 2 82 45
7 2 82 46
3 2 83 46
1 2 87 45
2 2 89 45
2 2 90 42
8 2 90 45
4 2 89 46
6 2 90 46
8 2 85 47
6 2 87 47
1 2 90 47
2 2 86 47
8 2 79 48
1 2 86 47
5 2 89 47
6 2 83 48
5 2 86 48
3 3 86 48
7 2 91 42
4 2 90 43
3 2 93 41
5 3 93 42
1 2 93 44
1 2 93 48
4 2 89 47
2 2 90 49
7 2 83 50
1 2 83 51
7 2 90 49
8 2 90 50
3 2 91 47
2 2 91 46
2 2 92 49
4 2 85 50
5 2 88 50
6 2 93 51
6 2 89 52
3 2 93 50
4 3 93 50
6 2 93 49
8 2 91 48
5 2 91 48
4 2 92 47
7 2 93 48
1 2 93 50
5 2 93 52
3 2 87 53
1 2 91 53
6 3 91 54
6 2 84 54
1 2 90 52
4 2 91 52
8 2 89 51
7 2 91 51
8 2 92 52
5 2 92 51
4 2 92 52
8 2 93 52
1 2 93 53
6 2 93 68
2 2 90 67
7 2 87 68
5 2 82 69
5 2 85 69
7 2 85 69
8 2 85 70
2 2 86 69
8 2 87 67
7 2 85 66
2 2 85 65
3 2 87 66
3 2 85 65
5 2 84 64
7 2 90 67
2 2 92 67
6 2 92 66
6 2 87 65
7 2 86 64
1 2 86 65
4 2 88 65
4 3 93 68
2 2 93 66
5 2 92 65
1 2 88 64
2 2 89 64
3 2 89 64
4 2 91 64
6 2 91 65
1 2 93 67
6 2 93 77
1 2 92 78
3 2 92 79
1 2 93 84
6 2 93 87
6 2 89 88
8 2 89 89
8 2 83 90
2 2 83 91
3 2 84 91
1 2 84 90
4 2 84 90
6 2 84 91
4 2 90 88
6 2 91 88
3 2 93 86
5 3 93 87
2 3 93 86
4 5 93 86
7 2 93 84
8 2 93 83
5 2 93 83
1 2 93 89
1 2 93 92
2 2 90 91
8 2 91 91
3 2 94 10
6 2 93 9
5 2 94 15
1 2 91 14
4 2 94 22
6 2 92 21
5 2 92 20
2 2 93 21
5 2 94 24
5 2 94 37
4 2 94 40
2 2 94 41
8 2 94 43
8 2 94 67
5 2 92 68
7 3 92 69
1 2 92 69
5 3 93 69
6 2 92 69
8 2 92 70
4 2 94 76
6 2 92 75
5 2 92 74
2 2 93 75
5 2 94 78
5 2 93 79
2 2 93 80
5 2 94 86
8 2 94 87
4 2 94 93
7 2 94 93
3 2 95 43
3 2 95 52
6 2 95 82
1 2 94 81
3 2 95 88
7 2 95 88
6 2 96 14
1 2 94 13
6 2 96 23
4 2 94 24
7 2 96 28
1 2 94 27
5 2 96 44
5 2 96 53
6 2 96 68
6 2 96 77
5 2 96 89
3 2 97 37
2 2 97 43
4 2 96 42
1 2 96 41
2 2 97 52
3 2 97 82
2 2 97 88
7 2 98 46
8 2 99 20
7 2 97 21
7 2 94 20
4 2 94 21
7 2 95 21
3 2 96 21
2 2 99 55
5 2 92 56
3 2 91 57
4 3 91 57
8 2 99 65
7 2 97 66
8 2 99 74
7 2 97 75
6 2 93 74
7 2 94 74
1 2 93 73
3 2 90 72
8 2 92 72
4 2 94 75
2 2 99 96
6 2 90 95
5 2 92 97
4 2 92 98
