313898
3933
6 2 0 0
6 5 0 3
6 3 0 10
7 3 0 11
1 2 0 19
6 2 0 22
4 2 0 31
7 2 0 33
5 2 0 35
4 2 0 40
4 2 0 43
2 2 0 49
6 2 0 56
6 2 0 58
5 2 0 67
6 2 0 70
4 2 0 72
7 4 0 75
6 2 0 76
7 2 0 79
6 2 0 80
4 2 0 82
7 2 0 89
7 2 0 91
5 2 0 92
7 2 1 5
6 3 1 24
7 2 1 27
7 2 1 59
7 2 1 63
6 2 1 66
7 2 1 83
7 3 1 93
4 2 2 1
7 2 2 0
3 2 2 1
5 2 2 6
4 2 2 14
3 2 2 14
4 2 2 16
6 2 1 17
8 2 2 28
6 2 2 27
7 2 2 28
3 2 2 32
1 2 2 37
5 3 2 45
2 4 2 47
5 2 2 49
3 2 2 50
5 3 2 53
7 2 1 51
4 2 1 51
1 2 2 58
8 2 2 62
4 2 2 67
8 3 2 70
3 4 2 72
5 2 2 76
8 3 2 87
2 2 2 90
6 2 2 94
3 2 3 3
4 2 3 6
6 2 3 6
8 5 3 9
2 2 3 8
4 3 3 11
1 2 3 12
1 2 3 23
8 6 3 24
3 2 3 26
5 5 3 29
2 4 3 41
7 2 2 40
6 2 2 39
7 2 2 39
5 2 3 41
7 2 3 42
6 2 3 50
2 2 3 52
6 4 3 60
2 2 3 66
2 4 3 71
1 2 3 74
6 2 3 82
1 3 3 82
1 6 3 84
1 2 3 88
8 2 3 89
2 2 3 94
4 2 4 0
7 2 4 4
1 3 4 10
6 3 4 18
4 2 3 18
3 2 4 19
2 3 4 31
5 2 4 32
1 2 4 34
2 2 3 35
6 2 4 35
3 4 4 39
5 2 4 39
4 2 4 43
7 2 4 43
8 2 4 44
1 3 4 49
8 2 4 53
4 2 4 55
8 2 2 54
6 2 4 54
7 2 4 55
1 3 4 63
5 2 4 67
7 2 4 66
5 2 4 75
2 2 4 89
1 3 4 89
7 2 4 91
4 2 4 93
2 2 4 96
1 2 4 95
6 4 4 96
2 2 5 2
3 2 5 1
2 5 5 5
7 3 5 9
6 3 5 12
3 2 5 12
7 2 5 19
7 2 5 23
7 2 5 31
7 4 5 35
8 4 5 46
6 2 4 45
4 2 5 45
7 2 5 45
2 3 5 50
1 2 5 54
8 2 5 56
4 2 5 57
4 3 5 63
1 2 5 69
2 2 5 80
2 2 4 80
7 4 5 81
2 3 5 84
2 2 4 85
6 2 5 86
7 2 3 86
3 5 5 91
7 3 5 95
7 2 6 11
8 2 6 13
3 2 6 13
6 2 6 12
7 2 6 13
4 3 6 15
7 2 4 15
8 3 4 15
1 2 3 16
5 2 5 16
8 2 5 17
1 4 6 16
1 2 6 40
6 2 6 47
3 2 6 46
6 3 6 68
5 3 6 78
7 2 6 78
5 2 5 77
2 2 5 77
4 2 6 80
8 2 6 85
8 2 7 4
5 2 7 5
8 2 7 13
5 2 7 15
7 2 7 16
6 2 7 16
8 2 7 23
1 2 7 24
6 2 7 25
4 2 7 24
2 2 7 25
1 2 7 28
4 2 7 32
1 2 6 33
6 6 6 32
8 2 7 36
7 2 7 38
8 2 6 38
1 2 7 42
6 3 7 42
7 2 7 41
1 3 7 48
7 3 7 47
4 4 7 52
4 2 7 51
6 2 7 52
8 2 7 60
6 2 3 61
4 2 7 60
3 3 7 66
2 2 7 67
3 2 7 70
7 2 7 84
6 3 7 83
2 2 7 89
5 3 7 90
7 2 8 1
1 2 6 2
3 2 8 6
8 2 8 7
5 2 8 8
8 2 6 7
5 2 6 7
1 2 8 7
6 3 8 11
5 2 8 12
3 6 8 14
7 2 8 18
2 2 8 18
2 2 8 21
3 2 5 21
7 2 4 20
8 2 8 21
2 2 6 20
4 2 6 21
1 3 8 23
5 2 8 33
4 2 8 34
4 2 8 38
6 2 6 37
3 2 6 36
8 2 6 38
7 2 8 43
5 2 8 50
7 3 8 66
8 4 8 71
8 2 8 80
4 2 6 81
1 2 8 84
7 2 8 87
4 2 7 86
8 2 8 87
4 2 8 95
5 2 9 1
6 2 7 2
2 3 9 11
6 2 9 17
5 2 9 23
3 3 9 28
6 2 8 28
4 2 9 27
2 2 9 28
1 2 9 29
7 3 9 33
7 3 9 37
5 2 9 36
8 2 9 39
8 2 8 40
5 2 9 39
4 3 9 40
8 4 9 44
7 2 9 46
4 3 9 47
1 2 9 51
6 2 9 58
6 2 9 62
4 2 9 62
7 2 9 63
7 3 9 69
6 2 9 70
6 2 9 76
3 2 9 81
2 2 9 80
1 2 9 81
7 2 9 85
7 2 9 89
6 2 7 90
8 2 7 90
4 2 7 91
1 2 9 91
6 3 9 92
1 7 10 3
8 2 10 11
4 2 10 14
4 3 10 21
1 2 9 20
2 2 10 36
7 2 10 42
5 2 10 44
8 2 10 47
3 3 10 48
7 2 10 50
4 3 10 52
7 2 10 52
5 3 10 55
1 2 8 54
7 2 10 54
3 5 10 56
1 2 10 58
4 3 10 60
8 2 10 59
6 2 9 60
2 2 9 59
5 2 9 61
7 2 8 61
3 2 8 62
1 3 10 61
2 5 10 64
7 2 8 64
3 2 8 65
6 2 10 65
8 2 10 66
8 2 10 69
8 2 6 68
6 2 6 68
5 2 8 68
5 2 10 71
1 2 10 84
7 2 10 91
2 4 10 92
6 2 9 92
8 2 11 7
7 3 11 19
6 2 11 21
1 2 11 23
8 2 11 25
6 2 10 26
7 2 11 24
1 2 11 27
4 2 8 26
3 2 8 26
7 2 11 27
8 2 11 27
4 2 11 36
4 2 11 42
1 2 11 43
8 3 11 44
5 2 11 49
3 2 11 68
5 2 11 74
2 2 9 74
6 2 6 73
4 2 6 73
2 2 11 77
3 2 10 76
4 2 10 76
7 3 11 76
2 2 5 78
2 2 8 78
8 2 11 79
1 2 10 78
8 2 10 79
3 4 11 79
6 3 11 83
2 2 11 82
8 2 11 84
6 2 11 85
1 2 11 90
1 4 11 92
7 2 11 97
6 2 12 1
7 2 10 0
8 2 12 5
7 2 12 7
4 2 10 8
8 2 8 9
2 3 10 9
8 2 12 11
7 2 12 15
8 3 12 16
1 2 12 19
6 2 11 18
8 2 12 20
7 2 12 22
5 4 12 25
6 4 12 31
1 2 12 36
4 4 12 43
5 3 12 45
3 4 12 51
7 2 12 55
2 2 12 55
2 2 9 56
3 2 9 56
7 2 9 57
5 2 12 55
7 2 12 61
4 3 12 65
8 2 12 65
6 4 12 68
2 2 12 70
4 2 12 71
7 2 7 72
2 2 12 75
6 2 10 74
7 2 10 73
3 2 10 74
5 2 11 75
8 2 11 76
1 2 11 76
6 3 12 78
7 3 12 82
2 3 12 89
4 2 12 95
1 2 8 96
1 2 10 96
5 3 12 96
7 2 11 96
2 2 11 96
7 3 13 4
3 2 13 5
2 3 13 5
6 2 12 3
4 2 13 3
2 2 13 7
5 2 12 6
1 2 13 8
6 2 13 8
3 2 12 9
2 2 13 10
1 2 13 12
2 2 13 14
5 2 13 13
1 2 13 14
7 2 13 19
6 2 13 20
4 2 13 20
5 2 13 23
4 2 13 26
5 2 13 29
2 5 13 29
7 2 13 31
6 2 11 32
4 2 13 31
2 3 13 32
6 3 13 34
2 2 13 35
3 2 13 35
4 4 13 36
4 2 13 39
2 2 11 38
5 3 13 40
6 2 13 39
6 2 13 44
1 4 13 53
6 3 13 53
6 2 13 59
6 2 10 58
3 2 10 58
2 3 13 63
1 3 13 64
7 2 13 74
1 3 13 84
3 2 13 95
6 2 14 6
3 3 14 8
5 2 14 9
6 2 14 13
8 2 14 26
2 2 14 25
1 2 14 26
2 2 14 38
1 2 14 37
3 3 14 37
3 3 14 38
1 2 14 42
5 2 14 48
3 2 14 50
8 3 14 51
3 3 14 54
3 2 14 58
3 5 14 65
3 2 10 64
8 2 12 64
7 2 12 65
1 2 14 64
6 2 12 63
5 2 12 63
1 3 14 68
2 2 14 70
7 2 14 71
3 2 14 73
1 2 14 74
4 4 14 95
2 2 14 96
2 2 15 2
1 2 15 4
4 2 15 9
6 2 15 10
5 2 15 23
4 5 15 24
1 2 15 28
7 3 15 30
3 4 15 41
2 3 15 45
8 5 15 48
5 2 15 53
7 3 15 56
3 2 15 68
8 2 15 71
5 2 15 70
4 2 15 75
8 2 15 74
2 2 15 73
2 2 12 72
3 2 12 72
4 2 14 72
6 2 14 72
8 3 14 72
1 2 15 79
5 2 13 80
5 2 15 81
8 2 14 80
6 2 14 80
5 2 15 84
1 2 15 87
2 2 11 86
8 2 11 86
8 3 15 87
6 2 15 87
3 2 13 87
5 4 15 87
4 3 13 88
4 5 15 90
6 2 15 92
7 2 13 93
3 2 15 92
7 2 16 4
7 2 16 7
3 3 16 11
3 3 16 14
5 11 16 18
1 2 16 17
6 3 16 20
3 2 14 19
6 2 14 20
7 2 16 21
6 3 16 27
1 2 16 30
5 2 16 32
3 2 16 32
7 6 16 32
6 2 16 38
6 3 16 43
2 2 15 42
6 2 16 46
4 2 13 45
7 3 16 46
6 2 16 49
3 2 16 50
1 4 16 51
8 2 16 54
3 3 16 56
4 3 16 56
3 3 16 61
4 2 14 60
6 2 16 65
4 2 16 64
7 4 16 70
7 3 16 75
7 2 15 77
5 3 15 77
2 3 16 81
5 2 13 82
6 2 13 82
7 2 16 80
4 2 16 83
3 2 16 86
7 2 16 85
2 2 16 86
5 2 15 85
2 2 16 88
6 2 16 88
5 2 16 93
3 2 16 95
3 2 17 1
7 3 17 1
4 3 14 0
8 2 15 1
4 2 17 0
6 2 17 0
5 2 17 11
1 2 17 14
4 2 17 14
5 3 17 21
6 2 17 22
1 2 17 22
5 2 17 34
5 2 15 34
2 2 17 33
2 2 17 36
3 2 17 39
4 3 17 48
3 2 17 52
2 2 17 54
7 2 17 55
7 2 17 58
1 2 15 59
8 2 15 59
8 2 17 57
1 2 17 60
7 2 16 61
2 3 17 61
1 2 17 62
5 7 17 64
3 2 17 77
5 2 17 79
4 2 16 78
8 2 16 78
2 2 17 78
7 4 17 82
3 2 17 89
5 2 16 88
1 2 17 89
7 2 17 91
8 2 18 6
2 2 18 6
5 2 18 6
7 2 17 6
3 2 17 5
2 2 17 6
6 2 18 8
3 3 18 11
2 2 18 12
1 2 18 13
2 2 18 20
8 2 18 36
5 2 18 42
4 2 18 43
1 2 17 43
2 2 18 46
7 2 18 48
6 3 18 51
4 2 18 54
6 2 18 63
7 4 18 64
1 2 18 66
6 2 18 67
3 3 18 71
3 2 17 72
7 4 18 74
2 2 18 75
3 2 18 82
4 2 18 84
7 2 18 87
8 2 18 87
5 2 18 90
6 3 18 91
2 2 18 93
6 2 19 3
1 3 19 2
6 2 18 2
4 2 19 6
2 3 19 15
4 2 19 16
4 3 19 22
8 5 19 26
7 2 18 27
8 2 19 26
6 2 17 25
4 2 19 39
4 2 17 40
6 2 19 45
8 2 18 44
1 2 16 45
2 2 19 49
7 3 19 51
8 3 19 53
3 2 19 54
1 2 19 56
6 5 19 57
4 4 19 63
7 3 19 69
8 2 16 68
8 2 19 74
7 3 19 79
5 3 19 85
2 3 19 89
6 2 20 1
8 3 20 13
3 3 20 14
8 2 20 16
6 2 20 20
1 5 20 23
2 2 20 22
3 2 20 23
7 2 20 36
8 2 20 40
5 2 20 43
2 2 20 52
3 3 20 56
2 2 20 58
4 2 19 57
1 2 20 57
6 3 20 58
2 4 20 74
6 2 20 76
1 2 18 77
4 2 19 75
2 2 20 77
7 2 20 77
8 2 20 79
2 2 20 81
4 5 20 83
1 2 20 87
4 2 20 93
8 4 21 0
1 2 21 1
4 3 21 2
8 3 21 5
7 3 21 10
1 2 18 9
5 2 19 8
8 2 20 9
5 2 21 11
7 4 21 12
5 2 21 28
6 3 21 32
4 3 21 34
1 2 15 33
8 3 17 33
1 2 19 33
4 2 20 33
6 2 19 34
8 2 21 35
1 2 21 34
8 2 21 38
4 2 18 37
5 2 21 39
7 2 21 40
4 3 21 44
2 3 21 57
5 2 21 80
6 3 21 83
7 3 21 83
8 2 21 83
4 5 21 87
5 2 21 90
7 2 21 93
2 3 21 95
3 2 19 96
2 3 22 1
7 4 22 4
7 2 22 6
4 2 22 12
5 2 21 12
5 2 22 17
6 2 22 24
2 2 19 24
8 3 22 30
4 2 19 30
4 2 16 29
5 3 19 30
8 2 19 31
3 3 22 39
7 2 22 51
7 3 22 54
1 2 21 53
2 4 22 54
4 4 22 56
5 2 22 59
3 2 22 59
1 2 21 59
7 3 21 59
6 2 21 60
4 5 21 60
3 2 22 79
3 2 22 84
3 2 23 1
2 3 23 5
7 2 23 5
8 3 23 7
3 4 23 9
8 2 22 7
6 3 23 11
7 2 23 16
1 2 19 17
4 2 16 18
6 2 22 17
5 2 19 18
4 2 20 18
3 2 20 19
6 2 23 16
4 2 23 24
2 2 23 25
7 2 21 25
4 3 23 27
7 2 23 26
6 2 23 25
3 3 23 25
5 2 22 24
2 2 23 30
6 2 23 35
2 5 23 36
8 2 23 48
1 2 19 47
4 2 21 47
3 2 20 46
7 2 20 46
3 6 23 49
8 2 21 50
6 2 22 48
3 2 22 51
4 2 22 52
8 2 23 48
5 2 22 47
7 2 23 49
5 2 23 50
1 2 23 51
8 2 23 64
6 3 23 66
3 3 22 64
2 2 23 75
1 3 23 83
5 2 23 86
3 2 23 91
2 2 23 90
1 4 24 4
7 6 24 10
2 2 24 11
5 2 24 13
7 3 24 20
4 4 24 22
4 2 23 21
6 2 23 21
2 2 23 22
1 2 24 26
4 2 24 40
6 2 24 41
2 2 24 43
1 2 23 44
6 2 24 56
2 3 24 58
8 2 24 57
2 4 24 65
8 3 24 67
3 3 24 71
4 2 22 71
4 2 21 72
2 2 22 71
5 2 22 72
7 3 24 78
5 2 22 77
8 2 24 81
5 2 25 0
3 2 25 4
6 3 25 7
7 2 25 9
4 4 25 10
8 2 25 11
7 2 25 12
8 2 25 13
5 2 25 20
7 2 25 25
7 2 25 27
1 3 25 33
8 4 25 36
6 2 24 36
5 2 24 38
7 3 25 37
1 2 25 37
5 2 25 42
3 2 24 43
7 2 25 42
1 2 25 42
4 2 25 45
7 3 25 46
6 2 25 45
8 2 25 44
3 2 25 45
2 2 25 47
1 2 25 47
1 2 25 49
6 2 25 50
7 2 25 59
2 2 25 66
5 2 19 67
7 3 25 71
2 2 25 73
1 2 24 72
7 2 24 74
8 3 24 74
3 2 25 74
1 2 25 75
1 4 25 78
2 2 25 83
2 2 25 86
4 2 24 85
1 2 24 85
5 2 25 92
3 2 23 91
7 2 23 91
8 2 24 91
5 3 24 92
8 2 20 93
1 3 25 91
5 4 26 3
7 2 20 2
2 2 26 6
5 2 26 7
8 2 26 8
3 2 26 10
2 2 26 12
2 2 26 15
4 3 26 16
1 2 26 21
3 2 26 22
8 2 26 26
5 2 26 28
2 2 26 29
4 2 24 30
4 2 23 31
3 2 23 32
3 3 24 30
8 2 25 31
6 2 26 31
1 2 26 31
5 3 26 36
1 2 26 44
2 2 26 45
8 2 26 53
4 3 26 54
5 2 26 55
5 2 26 59
1 2 26 59
2 2 26 59
3 4 26 60
3 2 24 60
2 2 26 61
8 2 21 62
6 2 26 60
8 2 26 63
5 2 26 64
3 2 26 64
6 7 26 65
2 2 26 76
5 2 24 76
5 2 26 77
2 2 26 81
6 2 26 82
5 2 26 81
1 3 26 84
3 3 26 89
8 2 25 88
5 2 25 88
7 2 26 88
6 2 25 89
1 2 26 95
5 2 19 95
1 2 20 95
3 2 20 94
4 2 25 94
1 2 26 97
5 2 22 96
7 2 24 96
1 2 24 96
3 2 25 96
4 2 27 4
7 2 27 12
8 3 27 16
6 3 27 29
8 2 21 29
2 2 24 28
2 2 27 31
3 2 27 34
8 3 27 34
6 4 27 34
2 3 27 34
4 3 27 37
5 3 27 45
8 2 27 51
2 2 27 71
2 3 27 79
6 2 27 80
6 6 27 87
1 2 27 90
3 2 27 94
6 2 26 95
2 3 26 95
8 2 28 0
4 2 28 1
3 2 26 2
7 2 26 1
7 3 28 0
1 2 28 4
7 5 28 6
3 2 28 6
2 2 28 7
1 3 28 7
4 3 28 10
8 2 28 11
1 2 28 14
2 3 28 16
6 2 28 17
1 3 28 17
7 3 28 21
8 2 26 22
5 3 28 23
8 2 28 25
1 2 28 27
4 2 28 28
5 2 28 35
3 4 28 36
1 2 28 38
8 2 26 39
6 2 27 39
4 2 28 52
7 3 28 54
5 3 28 59
8 4 28 63
1 3 28 63
3 2 27 62
7 2 28 63
5 2 28 65
1 4 28 70
4 2 24 68
1 2 24 69
3 2 20 68
4 2 20 69
1 2 21 68
2 2 28 74
7 2 27 73
6 2 28 75
3 4 28 76
7 2 28 78
7 2 28 84
8 2 28 87
7 2 28 87
5 3 28 95
4 3 29 5
2 2 29 4
4 2 29 3
2 2 27 2
8 2 27 3
6 2 29 12
8 4 29 13
5 2 29 17
3 2 26 17
8 2 24 18
4 2 24 19
7 3 29 19
1 3 29 24
6 2 29 24
8 6 29 28
8 2 27 29
7 2 28 29
6 2 28 30
7 2 29 33
7 3 29 35
4 2 29 39
8 3 29 39
3 2 29 44
3 4 29 47
4 3 29 49
8 2 28 48
7 2 27 47
3 2 29 49
5 2 27 50
5 2 29 51
2 2 29 64
4 4 29 65
8 2 27 67
5 2 25 68
5 2 24 69
5 2 29 68
8 2 29 76
4 2 29 77
2 2 29 81
5 2 29 90
4 3 28 89
2 2 29 92
7 5 29 91
7 3 30 4
2 2 30 9
7 3 30 11
8 2 30 18
2 2 26 19
1 4 30 23
7 2 30 22
3 2 30 28
3 2 29 27
6 2 30 28
5 3 30 29
6 2 30 32
3 2 30 31
5 2 30 33
2 2 30 36
1 2 30 38
2 3 30 47
6 2 30 46
3 2 28 45
7 3 30 46
3 2 30 56
8 2 30 57
6 2 29 56
5 2 30 56
2 2 30 55
1 2 30 60
4 2 27 60
7 2 27 61
4 2 30 61
6 3 30 63
5 3 30 65
7 3 30 67
7 2 29 68
6 2 26 69
4 2 30 69
4 2 29 69
1 2 30 73
5 2 26 72
8 3 30 74
1 4 30 76
8 3 30 82
4 4 28 80
5 2 28 79
1 2 28 81
6 3 30 83
3 3 30 87
5 2 30 94
2 2 31 3
5 3 31 6
8 3 31 9
5 2 31 11
6 3 31 12
5 4 31 18
1 2 28 19
4 2 31 23
2 2 31 22
6 2 30 21
3 2 31 24
3 2 31 38
2 2 31 38
8 2 29 37
7 2 31 39
8 2 31 42
7 2 25 42
2 2 28 42
1 3 30 41
2 2 30 41
7 2 31 41
8 2 31 48
4 2 31 52
7 2 31 55
1 2 31 57
7 3 31 57
3 2 31 64
5 2 31 68
2 2 30 67
7 2 30 69
8 3 31 71
8 2 29 72
6 2 31 73
2 2 30 72
6 2 31 77
3 2 31 81
5 4 31 82
7 2 31 86
8 2 31 86
6 2 27 85
1 2 31 86
3 2 31 85
2 2 31 88
2 3 32 1
1 2 32 0
2 2 32 12
4 2 32 13
6 2 30 14
3 3 30 15
4 2 32 16
2 2 32 19
8 3 32 20
6 2 32 21
5 2 32 22
6 5 32 26
5 2 32 35
6 2 32 37
3 3 32 41
2 2 29 41
6 2 29 42
8 3 30 41
5 2 31 41
4 4 32 42
1 2 32 45
5 2 31 46
8 2 31 47
2 2 32 46
8 4 32 55
6 2 32 56
6 3 32 58
5 4 32 60
7 2 32 62
3 2 32 61
2 2 32 60
1 3 32 62
2 3 32 64
7 2 32 77
3 2 32 93
7 2 28 94
8 2 32 92
1 4 32 95
3 3 32 96
4 2 32 95
5 2 33 3
8 2 33 4
7 5 33 5
4 2 33 7
2 2 33 8
1 2 33 9
5 3 33 12
6 2 33 14
5 3 33 14
3 2 33 17
4 3 33 22
3 2 33 26
2 2 33 30
7 3 33 34
5 2 33 44
2 2 33 44
4 2 33 45
2 5 33 48
3 3 33 51
1 2 32 52
4 2 29 53
5 2 31 53
8 2 29 52
6 2 33 53
1 3 33 53
2 2 33 58
8 2 33 60
5 2 33 61
8 2 33 62
1 2 33 64
4 2 33 66
1 2 32 65
1 2 33 67
1 2 32 68
7 3 33 68
2 2 33 68
8 3 33 69
5 3 33 70
4 5 33 71
5 2 33 73
4 3 33 76
5 3 33 80
2 4 33 79
8 2 33 83
6 3 33 88
5 2 32 87
1 4 32 88
3 3 33 89
8 2 31 90
5 4 33 96
1 2 34 6
1 2 34 14
4 2 34 18
5 2 34 19
2 2 33 20
5 2 34 24
3 2 34 23
2 5 34 25
7 2 34 25
5 2 34 29
4 3 34 34
6 2 34 45
7 3 34 48
8 4 34 50
7 2 32 53
4 2 34 54
5 2 34 57
6 2 34 59
5 2 34 63
8 4 34 72
8 2 34 77
6 2 34 78
8 2 30 78
2 2 31 78
3 2 31 78
6 2 32 78
1 6 34 81
2 2 33 83
1 2 34 79
7 3 34 85
3 2 34 84
1 2 35 0
4 2 33 1
7 2 33 2
4 3 35 0
6 2 35 1
8 2 35 9
3 3 35 17
7 2 32 16
1 4 35 20
3 2 35 31
6 2 34 30
1 4 34 31
3 2 34 32
5 4 35 31
4 2 35 32
6 2 35 33
7 2 35 38
4 3 35 44
4 3 35 50
3 2 35 51
1 2 35 53
3 2 35 54
6 6 35 55
7 2 35 57
7 2 34 57
8 3 35 56
4 2 35 60
1 5 35 65
3 2 35 67
3 5 35 75
6 2 35 75
6 2 35 82
8 3 35 83
8 4 35 89
8 2 36 2
6 4 36 5
6 2 36 10
1 2 34 10
5 2 36 15
4 2 36 14
3 3 36 29
2 2 36 31
5 2 36 34
4 2 36 40
5 2 34 41
6 2 36 39
2 2 35 40
4 2 34 39
8 2 35 39
1 2 35 39
2 3 36 42
3 2 36 46
8 3 36 47
6 2 36 50
7 2 33 49
5 2 36 50
1 2 36 52
2 2 36 53
2 2 36 56
2 4 36 59
6 2 36 61
2 2 36 66
5 2 36 79
4 2 36 80
3 2 36 79
2 2 36 82
4 2 36 84
8 2 35 85
6 2 36 85
6 2 35 84
7 2 36 84
8 3 36 85
6 2 36 88
8 2 36 87
3 6 36 92
6 2 28 93
2 2 28 94
1 2 29 94
5 2 33 94
1 3 37 2
3 2 37 5
2 3 37 6
5 2 37 13
8 3 37 16
1 2 34 18
2 2 34 18
6 2 34 19
7 2 37 16
1 2 37 16
2 2 37 17
2 3 37 26
6 2 37 25
3 2 33 26
4 2 33 27
5 2 37 28
1 4 37 30
7 2 37 33
4 2 37 44
1 2 37 50
8 2 37 60
7 2 37 65
8 2 37 73
6 4 37 78
5 3 37 88
2 2 37 87
4 2 37 92
1 2 36 91
7 2 37 92
2 2 37 91
6 2 35 90
5 2 36 90
1 2 38 5
8 2 38 10
4 2 38 14
8 2 38 17
7 2 37 17
6 2 38 16
6 2 38 24
6 3 38 27
1 2 37 26
4 2 38 34
3 3 38 37
8 2 38 51
5 2 38 54
6 2 38 56
2 2 38 59
2 2 38 61
1 2 38 67
3 2 38 68
7 3 38 70
7 2 38 73
5 2 38 81
3 2 38 83
7 3 38 85
4 2 36 85
5 2 36 86
3 2 38 85
6 2 37 86
1 2 37 86
2 2 38 85
2 2 38 94
7 2 33 93
3 3 34 93
5 3 39 6
8 2 37 7
8 2 39 8
7 2 36 7
1 3 39 9
5 2 38 9
7 3 38 10
8 2 35 11
3 2 39 8
6 3 39 8
3 2 38 7
2 2 39 11
4 3 39 12
1 2 39 18
8 2 37 19
4 2 38 19
3 2 39 20
5 2 39 22
2 2 39 25
5 2 39 32
4 5 39 41
5 2 39 46
2 2 39 56
8 4 39 61
7 2 39 69
7 2 38 68
4 2 38 68
4 4 39 70
5 2 37 71
1 2 39 72
3 2 38 71
8 3 39 74
4 2 38 73
2 2 38 74
3 2 39 85
5 5 39 86
6 2 39 96
5 2 39 95
8 2 38 94
6 2 39 94
2 4 40 2
2 2 38 2
3 2 38 3
8 2 39 2
1 2 39 1
7 2 37 0
7 2 40 6
1 2 40 8
1 2 40 12
7 4 40 12
2 2 40 13
7 2 40 15
8 3 40 15
7 2 40 19
2 2 40 32
6 2 40 36
6 2 37 35
7 2 36 36
4 2 36 37
8 3 37 36
3 2 37 37
2 2 38 37
1 2 40 35
3 2 40 39
3 2 40 49
2 3 36 48
8 2 37 49
4 3 37 50
7 2 39 48
1 3 40 50
5 2 40 50
6 2 40 56
1 2 40 58
3 2 40 57
3 2 39 58
1 2 40 56
7 5 40 61
1 2 39 64
5 2 38 65
2 3 39 64
3 2 40 64
6 5 40 65
5 2 40 67
7 2 40 75
4 2 36 75
7 2 36 75
4 2 40 83
8 2 40 88
6 2 41 5
2 3 41 15
5 2 41 22
6 2 35 21
2 2 36 21
5 3 36 22
6 2 38 21
2 2 39 21
6 2 41 24
3 2 40 25
3 2 39 26
4 2 40 24
7 3 40 26
5 2 41 24
1 6 41 30
3 2 38 30
2 2 34 29
4 2 36 29
1 2 36 29
6 2 38 30
3 2 39 30
3 2 41 31
4 2 41 35
2 4 41 37
8 7 41 39
3 2 41 43
1 2 40 44
5 3 41 45
8 2 41 45
2 2 41 46
1 3 41 48
5 2 41 53
4 2 40 54
3 3 41 53
3 2 41 56
4 3 41 57
1 2 41 62
5 4 41 76
7 2 41 78
7 2 40 77
2 2 40 76
3 2 41 79
2 3 41 78
2 4 41 84
6 4 41 90
7 2 42 16
4 2 41 17
3 5 42 18
1 2 42 22
3 2 42 21
5 2 41 20
6 2 42 23
3 3 42 27
8 2 40 27
5 2 39 28
4 2 39 29
2 2 40 27
8 2 42 26
5 4 42 26
2 2 42 30
8 2 42 29
5 4 42 31
1 2 42 31
6 2 42 33
5 2 42 41
1 5 42 42
1 2 41 40
4 2 41 40
7 2 42 46
2 2 42 51
8 2 42 54
4 2 42 60
5 2 40 59
8 2 42 63
7 2 42 92
2 2 42 92
2 2 42 95
7 2 40 95
2 2 39 96
1 2 43 1
8 2 40 0
3 2 41 0
4 2 43 2
5 7 43 4
3 2 43 2
4 2 43 3
1 6 43 14
2 2 43 11
3 2 43 15
1 4 43 25
4 2 43 29
8 3 43 33
7 2 43 33
3 2 43 38
7 2 43 44
5 4 43 52
6 4 43 54
5 4 43 61
1 2 43 59
8 2 43 59
4 6 43 62
5 2 43 62
7 2 43 66
1 2 43 65
4 2 43 69
8 5 43 72
3 3 42 72
1 2 40 71
6 2 42 74
8 2 43 76
7 4 43 77
5 5 43 79
8 2 42 79
1 4 42 80
8 2 39 80
3 3 40 80
2 2 41 80
7 2 42 80
6 3 43 83
3 2 42 82
1 2 43 88
5 2 41 87
6 3 43 89
1 2 39 90
4 2 41 88
1 2 42 88
3 2 44 5
8 2 44 19
3 2 44 20
2 2 44 21
8 2 44 24
6 2 44 26
4 2 44 27
8 2 44 32
1 2 44 34
2 2 43 34
5 2 41 35
7 2 42 35
1 2 42 36
7 2 44 33
3 2 44 41
7 2 44 40
5 2 44 42
7 2 44 43
5 2 41 43
6 3 44 44
1 2 44 53
3 3 44 63
1 3 44 74
3 3 44 80
3 2 44 84
5 2 44 89
2 2 44 93
3 2 44 94
4 4 44 95
1 2 40 93
1 3 45 3
1 2 43 1
7 3 45 5
1 2 43 4
5 2 43 4
7 2 45 9
6 2 45 10
7 2 45 9
2 2 43 8
6 2 42 7
4 2 44 8
8 2 44 7
8 4 45 14
4 2 44 14
3 2 44 13
8 2 44 12
8 2 44 15
2 3 45 13
2 2 45 20
1 2 45 27
8 2 45 30
5 2 45 37
5 2 41 37
6 2 42 37
8 2 45 38
8 2 45 44
4 2 44 45
1 2 44 45
2 4 44 46
3 2 45 53
5 2 45 55
7 2 45 56
4 2 45 58
2 3 45 62
7 2 45 63
5 2 45 68
3 2 41 67
3 2 43 67
6 2 43 69
2 2 41 70
5 2 41 71
1 2 43 69
3 3 43 70
1 2 43 70
5 2 44 68
3 2 45 68
7 2 45 70
6 4 45 70
8 2 45 70
6 2 45 73
2 2 45 77
6 2 45 80
6 2 45 89
1 2 45 95
3 3 46 1
4 3 46 4
8 4 46 11
1 2 46 10
4 2 46 15
1 2 46 16
5 2 46 16
5 4 46 30
4 2 45 32
6 2 46 29
3 2 46 36
7 3 46 37
1 2 44 37
4 2 46 37
2 2 44 38
1 2 46 43
4 2 46 45
8 2 46 46
7 3 46 47
7 3 46 52
8 2 46 57
6 2 46 58
1 4 46 58
7 2 46 59
2 2 46 60
4 2 46 66
1 2 46 67
4 2 46 72
2 5 46 73
8 3 46 74
6 2 43 75
5 2 46 80
8 2 46 88
1 2 46 93
7 2 46 95
5 2 44 96
6 3 46 96
4 2 47 1
6 6 47 2
8 2 47 2
4 2 47 7
8 2 45 6
4 3 47 10
3 2 45 9
4 2 47 14
1 2 47 14
2 3 47 18
2 2 46 17
8 2 47 17
6 2 47 19
1 2 47 22
7 2 46 23
4 2 46 24
8 3 47 25
8 2 47 32
3 2 47 37
3 2 47 45
8 3 47 48
5 5 47 49
1 3 47 54
8 3 47 58
3 2 47 60
1 3 47 61
5 2 47 72
5 4 47 78
4 3 47 79
7 2 47 86
4 2 43 86
3 2 44 86
1 2 45 85
5 2 45 84
6 3 45 86
3 2 47 87
7 2 47 89
8 2 42 90
4 3 47 91
3 2 45 91
2 2 41 90
4 2 43 90
5 2 45 91
7 2 46 90
3 3 46 91
5 2 47 92
2 2 48 0
5 2 48 6
6 2 48 5
2 2 48 12
3 2 48 14
2 3 48 42
2 2 48 45
2 2 48 54
5 2 48 55
2 2 48 55
4 2 48 56
3 3 48 56
7 2 48 63
5 2 48 64
7 2 47 65
8 2 46 64
3 2 48 71
8 2 48 76
6 2 47 75
7 2 48 75
2 2 48 76
5 3 48 76
7 2 47 74
4 2 48 77
1 3 48 88
2 2 48 93
3 2 49 0
7 2 49 1
5 2 48 2
4 2 49 1
3 2 49 5
7 3 49 9
8 4 49 13
7 2 49 14
3 3 49 16
4 2 49 16
1 2 49 20
2 2 49 21
1 2 49 20
5 3 49 31
5 2 47 33
4 2 49 30
2 3 49 30
3 2 49 32
1 2 49 41
6 2 44 40
7 2 49 40
5 2 45 39
2 2 46 39
8 2 49 39
4 3 49 39
8 2 49 42
1 2 49 41
2 2 49 41
7 2 49 44
3 2 49 50
8 2 47 51
6 2 48 51
4 5 49 54
4 2 49 59
1 3 49 68
8 2 48 67
4 3 48 66
5 3 49 68
8 2 49 74
1 4 49 83
1 2 43 82
1 2 48 84
7 2 49 82
5 2 49 84
6 3 49 92
6 2 48 92
8 2 49 96
8 2 48 95
1 2 48 96
6 2 50 3
1 2 50 7
8 2 50 6
3 3 50 8
2 2 50 15
8 2 50 19
7 3 50 18
5 2 50 17
8 2 50 16
3 2 50 28
6 2 47 27
6 2 50 36
1 2 50 35
4 2 48 34
7 2 48 34
8 4 50 41
2 2 50 47
1 2 47 46
5 2 48 48
5 2 49 46
6 5 50 59
8 2 50 65
4 2 50 73
6 2 50 75
5 2 50 77
2 2 50 78
4 2 50 82
2 2 48 81
6 2 50 82
7 2 47 81
6 2 50 87
2 3 48 86
7 5 50 94
6 4 50 97
6 5 51 5
5 2 51 12
3 2 51 19
6 2 51 18
7 2 51 19
2 2 51 20
8 3 51 23
1 2 50 22
3 3 51 25
4 3 51 27
5 2 51 28
1 2 51 32
7 2 51 33
3 2 51 36
6 2 51 35
5 2 51 35
1 2 51 36
5 2 51 49
3 2 51 54
2 2 51 57
2 2 51 60
5 4 51 62
4 2 50 63
6 2 50 62
7 2 51 64
8 4 51 67
5 5 51 69
2 2 49 69
7 2 51 79
3 2 51 82
2 2 51 81
7 2 51 81
3 2 51 87
5 3 51 87
3 2 50 88
8 2 51 94
4 2 50 95
5 2 51 95
3 3 52 2
2 3 52 7
5 2 52 7
3 2 49 8
5 2 49 9
3 4 52 10
6 2 51 10
3 2 52 10
6 4 52 15
7 2 52 21
5 2 51 22
4 2 49 21
5 3 52 33
5 2 52 36
7 3 52 41
5 2 51 40
3 3 51 40
4 3 52 43
1 2 52 45
1 2 52 48
1 2 52 51
7 2 52 52
4 2 51 51
6 2 49 50
5 2 50 52
7 2 51 50
8 2 51 52
2 2 52 51
1 2 52 60
3 2 52 62
7 2 52 72
6 2 52 75
2 2 52 88
3 2 52 93
4 2 51 92
3 2 51 93
8 2 45 93
4 2 45 93
2 2 45 94
5 2 50 93
7 2 52 92
7 2 51 93
4 2 51 93
2 3 53 3
1 2 53 1
7 2 52 0
4 2 52 0
7 2 53 0
8 2 53 0
5 2 53 0
4 2 53 16
6 2 53 17
6 2 53 21
1 2 53 20
6 2 53 26
2 2 53 25
5 2 53 29
4 2 48 28
5 2 48 28
7 2 49 28
3 2 49 29
1 2 52 28
6 2 53 30
8 2 53 31
7 2 53 34
3 2 52 33
6 2 52 33
4 2 53 32
6 6 53 36
8 2 53 34
6 2 53 45
4 2 52 46
3 4 53 46
6 2 50 47
2 2 53 48
4 2 53 48
6 2 52 49
8 3 53 53
1 2 53 56
2 2 52 55
8 2 52 56
8 4 53 58
7 2 51 57
1 2 53 66
2 2 53 65
1 2 50 64
2 2 52 64
3 2 53 67
6 2 53 67
4 4 53 69
3 4 53 72
6 2 53 87
1 2 53 86
5 4 53 93
3 5 53 95
6 2 54 1
4 3 54 2
1 4 54 7
1 5 54 22
8 4 54 21
2 2 52 23
6 2 53 23
7 2 53 24
7 2 52 23
3 2 52 24
1 3 54 22
1 2 54 28
3 2 54 29
2 2 53 28
8 2 53 27
6 3 54 28
3 2 54 32
2 2 54 33
3 5 54 39
7 2 53 37
7 3 54 44
2 3 54 44
4 2 54 51
6 2 54 51
3 2 54 52
3 3 54 55
7 2 53 54
7 2 54 57
4 3 54 57
6 4 54 61
7 4 54 63
8 2 54 62
5 3 54 63
7 2 54 76
3 4 54 80
8 2 54 83
4 2 53 82
6 2 54 82
4 2 50 83
8 2 52 83
6 2 52 84
2 2 54 85
7 2 54 87
3 2 54 89
2 2 53 89
5 2 50 90
7 2 51 90
5 2 53 90
2 2 52 90
8 2 51 91
1 2 52 91
2 2 54 97
8 2 55 5
4 2 55 18
2 2 54 17
1 2 55 40
8 3 55 43
8 3 55 46
1 2 55 51
7 2 55 52
6 5 55 52
5 2 55 57
1 2 55 58
3 2 55 63
3 2 55 78
5 3 55 77
7 3 55 82
4 3 55 84
1 2 55 86
5 2 55 88
4 2 55 89
4 2 54 90
8 4 55 93
2 2 55 94
8 2 55 94
1 2 55 96
7 2 56 8
6 2 54 9
8 2 52 10
5 2 56 13
3 2 49 12
7 2 50 12
4 2 54 12
1 2 54 11
4 2 53 12
7 2 54 12
7 2 56 13
5 2 51 14
7 2 52 14
8 2 53 14
2 2 56 12
4 4 56 16
5 2 56 30
1 2 56 32
8 3 56 33
2 2 56 56
8 2 56 58
5 4 56 59
5 2 56 62
4 2 56 63
5 2 56 75
4 2 52 74
2 2 54 74
1 2 55 74
1 2 54 73
8 2 54 75
3 2 56 76
6 2 56 78
7 2 54 77
8 2 53 76
1 2 55 77
2 2 55 78
6 2 54 78
3 2 53 79
8 2 53 79
5 2 53 80
5 2 56 81
8 2 55 80
6 2 56 86
8 2 56 87
8 3 56 89
5 4 56 92
7 5 57 0
6 2 57 2
3 2 57 9
8 2 57 21
6 2 55 20
7 2 56 20
7 2 57 22
2 2 57 30
8 4 57 30
5 3 57 34
5 3 57 36
1 2 57 38
6 3 57 40
1 2 55 41
2 2 54 42
5 2 54 42
5 4 57 40
4 2 56 41
3 2 55 42
6 2 52 43
7 2 52 43
6 2 56 42
3 2 57 41
2 3 57 45
1 2 57 43
4 5 57 43
2 4 57 48
3 2 50 47
1 2 50 48
1 3 57 54
7 2 57 56
4 4 57 57
1 2 57 60
3 2 57 64
3 2 56 65
6 5 56 64
1 2 57 66
5 3 57 66
3 4 57 71
6 2 55 70
2 2 53 71
1 2 57 74
4 4 57 75
4 2 56 72
8 2 54 71
6 2 54 72
6 4 57 80
7 3 57 94
6 2 57 96
4 3 58 13
2 4 58 17
6 2 58 18
3 3 58 21
5 3 58 23
4 2 56 24
2 2 57 23
4 2 58 27
2 2 55 26
5 2 57 26
3 2 55 25
5 2 55 25
1 2 58 26
7 2 56 27
2 2 58 29
1 6 58 33
1 2 58 37
7 2 58 41
6 2 58 47
8 3 58 48
5 2 56 46
4 2 58 54
7 2 58 61
8 2 58 62
4 2 58 64
8 2 58 66
7 2 56 66
3 3 58 69
7 2 58 71
1 2 55 70
7 2 58 74
6 2 58 73
5 2 58 72
7 2 58 71
7 2 57 70
8 2 58 77
4 2 56 78
5 2 56 79
4 3 58 80
7 2 58 79
3 2 58 84
7 2 53 85
1 2 57 83
7 6 58 85
8 2 58 85
3 2 56 85
3 2 58 86
6 3 58 93
8 3 58 94
8 2 59 2
6 2 59 6
6 2 58 5
3 2 58 6
5 2 59 6
4 2 57 7
6 2 57 8
1 4 58 8
2 2 58 8
1 2 59 13
5 2 59 15
3 2 59 17
8 2 59 24
6 7 59 25
7 2 59 28
4 3 59 29
7 3 59 32
8 2 59 45
4 2 59 50
2 2 59 55
6 2 59 56
5 2 59 57
3 5 59 58
1 2 58 58
6 2 59 71
8 2 59 73
8 3 59 79
7 4 59 83
2 3 59 87
6 2 59 97
5 2 60 1
1 2 60 4
7 2 60 16
2 2 60 29
6 3 60 34
4 2 60 35
8 2 60 35
3 2 60 36
2 3 60 39
8 2 60 42
1 2 60 42
5 2 56 43
6 2 60 45
3 4 60 50
8 2 56 48
7 2 58 49
4 2 58 49
2 2 59 49
6 2 60 52
5 2 58 52
7 2 58 52
4 2 59 52
6 2 60 64
7 2 59 63
2 3 60 66
6 2 58 67
6 2 57 68
2 2 58 67
8 2 59 67
1 2 60 69
4 3 60 72
3 2 60 74
1 5 60 78
8 2 60 81
5 3 60 81
4 2 60 83
8 3 60 85
1 5 60 91
3 2 59 90
8 2 60 93
5 2 60 93
3 4 60 96
3 2 61 5
1 2 59 4
6 2 61 7
5 2 61 16
5 3 61 26
3 3 61 27
3 5 61 41
7 2 60 43
2 2 61 44
5 3 61 44
1 2 61 44
5 3 61 50
5 4 61 54
1 2 59 54
3 3 61 64
1 2 61 62
6 2 61 70
3 4 61 72
2 3 61 73
1 5 61 82
4 2 61 88
3 2 61 87
1 2 61 88
6 2 61 94
3 2 62 2
2 2 60 2
4 2 62 3
3 2 62 2
5 4 62 3
2 2 62 7
7 2 60 8
7 2 59 9
8 2 58 10
6 4 58 10
5 2 62 6
8 2 62 5
8 2 61 4
7 2 62 4
1 2 62 11
7 2 60 12
6 2 58 13
1 2 60 11
3 2 60 13
4 2 62 12
8 2 62 13
1 2 59 14
5 2 62 19
3 2 57 19
2 2 58 19
4 2 58 20
1 2 60 18
6 2 60 19
6 2 62 20
2 2 62 24
1 2 62 28
6 3 62 31
1 2 62 38
1 2 62 40
1 2 61 39
8 2 62 39
6 4 62 39
5 2 60 37
1 2 62 51
8 2 62 53
8 2 61 54
4 2 62 54
6 6 62 66
5 2 62 65
8 2 62 64
3 2 62 65
2 2 62 75
7 2 62 74
6 2 62 90
5 2 62 95
6 3 63 3
8 2 63 19
7 2 63 19
3 2 63 20
4 3 63 29
7 2 63 32
3 2 62 33
5 2 62 34
2 2 62 35
1 2 62 35
6 3 63 34
4 4 63 38
3 2 63 41
7 2 63 46
1 2 63 46
7 2 60 47
7 2 62 47
4 3 62 47
3 2 63 46
3 3 63 48
4 2 61 48
6 3 63 52
6 2 63 56
1 3 63 62
6 2 63 74
8 4 63 77
3 2 63 78
7 2 63 91
8 2 59 90
7 2 59 91
3 2 63 90
8 2 62 89
6 2 62 91
8 3 63 92
3 2 64 0
7 2 64 6
8 2 62 7
3 2 64 5
6 2 64 5
4 3 64 6
3 2 63 8
3 2 64 10
8 2 64 11
1 2 62 10
4 2 62 10
3 3 62 11
6 2 63 11
5 3 64 10
7 2 63 9
8 2 64 18
3 2 64 37
2 2 64 38
1 2 61 37
6 2 61 38
5 2 64 37
2 2 64 42
4 2 64 43
5 3 64 46
3 2 64 53
2 2 64 55
8 2 64 54
6 2 64 54
4 3 64 60
5 2 59 59
5 2 61 59
4 2 60 60
4 4 61 59
6 2 62 59
2 2 64 62
6 2 64 65
7 3 64 67
3 2 62 68
1 3 64 69
4 2 63 68
8 2 64 73
5 2 64 74
2 2 64 75
4 2 64 77
6 2 61 76
4 2 62 76
1 3 64 82
2 3 64 81
3 2 64 96
2 5 65 1
2 2 65 9
6 5 65 16
7 2 63 14
8 2 64 16
6 2 65 16
6 2 63 17
2 2 65 17
8 3 65 20
6 4 65 20
1 2 62 21
7 2 62 22
1 2 65 24
1 2 63 23
3 2 63 25
7 2 62 26
8 2 62 27
4 2 63 26
5 2 64 25
8 2 65 26
2 2 65 27
7 3 65 28
2 2 65 44
5 3 65 44
8 2 65 47
5 4 65 55
6 3 65 60
2 3 65 64
3 3 65 66
1 2 65 67
5 2 65 68
2 2 65 69
8 3 65 71
8 3 65 82
2 2 65 86
1 2 63 86
1 2 66 19
1 2 66 27
2 2 66 28
7 2 66 34
8 2 66 35
1 2 66 38
7 2 64 39
2 2 66 46
1 2 66 45
1 2 66 55
6 3 66 62
3 4 66 63
4 2 66 65
7 2 66 66
4 2 66 68
6 2 66 73
5 3 66 80
7 2 66 83
4 2 66 87
6 2 65 88
4 2 65 89
3 2 66 92
6 4 66 93
3 2 63 94
4 2 66 92
7 2 65 91
4 3 67 0
8 2 67 0
4 2 67 14
6 2 64 13
2 2 63 14
5 2 64 14
3 2 65 13
3 2 67 17
4 3 67 18
5 6 67 19
7 2 67 23
4 2 65 24
5 2 66 22
4 2 67 24
6 2 67 40
3 2 67 42
8 4 67 52
3 2 64 51
2 2 67 55
4 2 67 57
6 2 67 58
1 3 67 58
4 2 67 60
8 5 67 69
2 2 67 71
4 2 67 71
3 2 67 75
2 2 66 75
3 2 67 81
7 2 67 87
5 2 65 86
3 2 67 88
5 2 67 94
4 2 68 6
7 2 65 7
6 2 65 8
5 2 68 8
3 3 68 9
2 2 65 10
5 2 68 9
4 2 67 10
8 2 68 13
7 2 68 16
6 2 68 23
6 2 66 22
3 4 68 24
3 2 68 31
2 2 64 30
5 3 64 31
8 2 64 32
2 2 64 32
6 3 65 31
6 2 68 30
4 3 68 29
5 2 67 28
7 6 68 31
4 2 68 42
1 3 68 43
7 2 68 47
5 2 62 48
6 2 66 48
4 2 66 49
4 2 67 46
8 2 68 48
1 2 68 49
6 2 68 52
7 2 68 54
7 3 68 56
2 2 68 60
2 3 68 76
3 2 68 78
6 2 68 83
8 3 68 84
2 2 63 83
4 2 65 85
5 2 65 85
6 2 65 86
8 2 67 83
5 2 68 86
8 2 68 88
7 3 69 6
1 3 69 9
6 3 69 14
7 2 69 13
7 3 69 18
5 6 69 31
1 2 68 32
1 2 69 36
8 3 69 37
3 2 67 38
7 3 69 40
4 2 69 43
7 2 69 45
4 2 69 45
8 3 69 49
2 2 67 51
6 2 69 50
3 3 69 50
5 2 69 53
2 2 69 57
6 2 69 59
6 4 69 65
6 2 68 67
3 2 68 68
1 2 69 65
6 3 69 73
2 2 69 73
4 4 69 75
1 2 69 78
1 2 69 89
3 2 67 90
2 2 67 89
1 2 67 91
7 2 69 88
6 3 69 90
6 2 68 90
5 3 69 89
6 2 69 93
8 2 70 2
7 2 67 2
4 2 66 3
5 2 64 4
5 2 67 3
8 2 70 10
3 2 70 12
3 2 69 11
1 5 70 14
6 2 70 15
5 2 70 15
3 2 70 18
8 2 68 17
7 2 68 18
4 2 69 18
5 2 70 17
5 3 70 22
7 2 69 21
3 2 69 20
1 2 70 22
4 2 69 22
3 3 70 28
7 2 70 37
2 2 68 38
6 3 68 39
5 3 69 36
2 2 69 36
1 2 69 37
3 7 69 38
8 2 69 36
7 2 70 44
2 3 70 46
4 6 70 47
7 2 70 52
8 5 70 56
3 4 70 60
7 2 69 60
7 2 65 61
6 2 65 62
3 2 68 61
2 2 69 61
6 2 70 63
8 3 70 72
1 2 70 74
3 3 70 78
2 2 70 91
3 3 71 1
8 2 70 1
1 3 70 2
3 2 69 1
6 2 69 2
7 4 71 3
5 2 71 6
5 2 71 12
6 3 71 18
8 2 71 23
5 3 71 28
1 4 71 32
4 2 69 33
7 2 70 33
7 3 71 35
3 2 71 43
8 2 70 42
1 2 71 43
1 2 71 46
2 2 71 56
8 2 71 63
6 2 71 73
7 2 71 74
4 2 71 81
6 2 71 95
7 2 65 95
8 2 65 96
5 2 71 97
8 5 72 6
7 2 72 12
6 2 69 11
1 4 72 12
2 2 72 9
2 3 72 18
7 2 72 20
5 4 72 21
2 3 72 31
4 2 72 35
3 2 72 51
2 2 72 68
5 2 71 69
1 2 71 70
3 2 72 69
1 3 72 74
4 2 72 79
7 2 69 78
1 2 72 79
6 2 68 79
2 2 69 79
8 3 69 79
6 2 72 79
5 2 72 82
4 2 70 82
8 2 70 83
2 2 72 83
7 2 69 83
3 2 68 84
1 2 68 85
4 3 68 86
1 2 69 84
2 2 70 84
5 3 72 83
3 2 72 84
4 3 72 88
3 2 69 87
8 2 71 87
1 2 70 86
6 2 71 86
7 2 71 87
1 2 72 91
4 3 72 92
7 2 70 93
2 2 67 94
1 2 67 94
5 2 72 92
8 3 72 91
2 2 72 95
7 2 73 5
4 2 73 6
4 2 73 15
1 2 73 15
3 3 73 21
1 2 73 20
2 2 73 21
7 3 73 22
2 2 70 23
7 2 70 24
4 2 73 23
6 3 73 24
7 2 67 26
3 2 69 26
8 3 73 25
8 2 73 31
3 2 73 34
6 2 72 35
1 2 72 34
2 2 71 33
8 3 72 34
8 2 73 38
2 2 73 40
2 2 71 40
5 2 73 45
6 2 73 51
5 2 73 51
1 2 73 53
7 2 71 52
4 2 72 52
2 4 73 58
1 2 69 57
6 3 73 58
7 2 73 57
3 2 73 66
4 2 73 68
1 2 71 67
6 2 73 67
7 2 73 67
2 3 73 77
1 2 73 84
5 2 73 91
2 2 72 90
3 4 74 8
6 2 74 7
7 3 74 8
2 2 74 14
3 3 74 15
8 2 74 16
4 2 72 16
8 3 74 20
7 2 74 26
5 2 74 25
2 2 70 26
4 2 70 27
3 4 74 26
6 2 72 28
3 2 73 28
1 5 74 27
5 2 74 32
3 3 74 36
1 2 74 39
2 2 74 49
8 2 73 48
3 2 72 47
7 2 72 48
5 2 73 47
2 2 73 49
4 2 74 48
2 2 71 47
6 2 73 47
7 2 72 46
3 2 74 47
1 3 74 47
5 4 74 53
3 2 74 52
4 2 74 55
5 2 74 58
4 2 72 57
8 3 74 72
7 2 73 71
3 2 73 73
5 2 74 72
4 3 74 74
1 2 74 76
3 3 74 75
6 2 74 79
8 2 71 80
2 2 71 81
6 2 74 82
4 2 74 87
7 2 74 88
5 2 74 88
8 4 74 89
2 2 73 88
2 2 74 92
3 2 74 93
7 2 73 94
7 2 68 95
6 2 74 97
5 2 73 96
1 2 73 97
2 2 67 96
3 2 69 96
6 2 69 96
1 2 72 96
4 2 72 97
5 2 72 96
2 3 74 97
8 2 74 95
3 3 75 6
2 2 68 4
3 3 68 5
6 2 74 4
5 2 72 3
2 3 72 4
4 2 73 2
2 2 73 2
4 3 75 7
1 3 75 11
5 2 75 14
6 2 75 16
2 2 75 16
2 2 75 18
5 2 75 21
4 3 75 28
7 2 75 30
6 2 75 31
1 3 75 35
2 2 75 37
4 2 75 38
3 2 75 49
8 2 75 50
5 2 75 52
8 2 75 54
6 2 75 62
7 2 73 61
5 2 70 60
1 2 70 60
5 3 73 62
3 2 72 64
4 2 72 65
6 2 72 65
4 2 73 64
8 2 74 61
3 2 74 62
1 2 75 62
8 3 75 63
2 6 75 66
4 2 75 68
2 2 73 69
3 3 75 69
2 3 75 71
6 2 75 71
2 2 75 71
1 2 75 72
6 2 75 74
1 3 75 82
1 2 75 80
7 2 75 79
8 2 75 81
3 4 75 89
7 2 75 89
1 3 75 91
3 3 75 96
4 2 72 94
3 2 73 94
4 2 76 0
2 2 76 1
2 5 76 6
5 2 75 4
3 2 75 3
8 2 76 10
6 2 75 11
2 2 75 12
8 5 76 13
3 2 76 12
5 2 76 17
4 2 76 18
6 5 76 21
3 2 74 23
2 2 75 20
3 3 75 21
3 2 76 30
5 5 76 31
2 2 76 34
2 2 76 40
2 2 70 41
2 2 76 49
7 2 76 50
4 2 76 53
1 2 76 55
5 2 74 55
1 2 75 55
3 2 75 54
4 2 75 55
8 2 76 56
2 2 76 61
3 2 76 65
8 2 76 65
1 2 76 75
5 2 70 76
2 2 70 77
7 2 72 76
2 3 76 76
3 2 73 76
4 4 76 83
3 2 76 83
4 2 76 90
4 3 76 94
8 2 77 5
5 2 77 9
3 2 77 18
2 3 77 32
1 2 77 34
7 2 77 35
5 2 77 35
3 2 77 41
3 2 76 42
6 2 72 43
8 2 76 43
1 2 75 44
4 2 73 45
6 2 76 43
2 3 76 44
7 2 77 48
4 2 77 49
5 3 77 51
7 5 77 55
7 3 77 65
2 2 77 63
4 4 77 63
5 3 77 66
5 2 77 67
5 2 77 70
1 2 77 69
8 2 77 71
7 2 77 72
4 2 77 78
1 5 77 78
7 2 77 81
8 2 77 83
1 2 77 88
7 2 77 91
7 2 78 0
8 3 78 2
7 2 78 7
6 2 78 7
2 2 78 13
3 2 78 15
1 2 78 16
6 3 78 25
2 2 75 26
3 2 78 28
2 2 78 36
5 2 78 41
5 2 75 41
4 2 76 41
5 2 78 43
4 2 78 43
6 3 78 46
3 2 78 48
2 5 78 58
1 2 78 58
8 2 76 59
3 2 76 59
4 2 76 60
6 2 77 57
3 2 77 57
5 2 77 60
6 3 77 60
8 2 78 57
6 2 78 62
1 2 78 61
6 2 78 70
3 2 78 72
4 3 78 85
5 2 76 86
6 2 77 86
7 2 77 86
8 2 77 87
1 5 78 86
5 3 78 90
6 2 78 92
3 2 78 93
3 2 77 92
2 6 78 93
7 2 79 5
6 2 79 4
8 2 77 3
3 2 79 5
1 2 78 4
4 2 78 4
1 2 79 6
4 3 79 8
4 2 79 10
2 4 79 11
3 2 79 23
7 2 79 24
3 2 79 24
3 4 79 27
5 4 79 30
4 2 79 39
5 2 78 40
8 2 77 39
1 2 77 39
4 4 79 45
3 2 79 60
5 3 79 62
2 2 79 64
1 3 79 65
5 2 79 70
8 2 77 69
4 2 79 71
7 2 79 72
3 2 78 73
4 2 78 72
1 3 78 72
1 2 78 74
6 2 79 74
8 2 78 75
6 2 76 76
4 2 77 76
5 2 78 76
2 3 79 73
1 2 79 76
8 3 79 82
1 2 78 81
2 2 79 83
7 4 79 84
5 2 79 85
3 3 79 87
4 2 79 89
1 2 79 94
7 3 79 95
8 2 78 94
5 3 79 94
1 3 80 9
3 2 80 15
6 3 80 19
6 2 78 19
1 2 78 20
1 2 80 24
4 2 80 24
7 2 80 29
6 2 80 36
1 3 80 39
8 4 80 40
6 2 79 41
1 2 80 40
8 2 80 46
7 2 80 51
8 2 78 52
2 2 80 55
5 2 79 54
1 2 80 60
7 3 80 61
8 5 80 62
7 2 80 63
5 2 80 66
1 2 80 69
4 2 79 68
5 2 80 78
7 2 79 77
1 2 77 78
6 2 78 78
3 2 80 78
8 2 80 77
6 2 80 77
4 7 80 80
7 2 80 94
1 4 80 95
4 2 80 97
8 2 81 1
8 2 78 0
7 2 78 2
6 3 81 2
1 2 80 3
6 2 80 4
4 2 81 3
5 3 81 2
7 3 81 9
3 3 81 12
5 2 78 11
4 3 79 12
4 2 81 11
7 2 80 12
2 2 80 11
3 3 80 11
6 5 81 12
5 2 81 16
2 2 81 18
8 2 81 18
7 7 81 21
1 2 81 24
3 2 81 25
4 2 81 27
6 2 81 29
4 3 81 30
4 2 81 32
6 3 81 33
4 4 81 35
2 2 81 38
7 5 81 37
8 2 81 37
1 2 81 42
7 3 81 42
2 2 81 45
6 2 81 45
5 2 81 46
6 2 81 47
7 2 81 53
4 2 81 56
3 4 81 57
1 2 81 57
2 2 81 65
4 2 81 72
3 2 81 73
7 2 81 74
4 3 81 82
8 2 81 84
2 4 81 85
2 3 81 88
1 2 80 88
5 2 80 88
8 2 81 91
1 3 81 91
1 2 82 4
7 2 80 4
2 3 80 4
7 2 82 5
8 4 82 6
6 2 82 20
1 2 82 19
2 2 82 23
7 3 82 28
8 2 82 31
3 2 81 30
5 3 82 32
7 2 82 33
6 2 82 43
3 2 82 44
4 2 82 51
8 6 82 52
3 2 81 49
8 2 81 48
5 2 82 49
7 2 82 64
2 2 82 75
1 2 82 78
1 3 82 81
6 3 82 82
1 2 82 85
7 3 82 88
6 3 82 87
4 2 82 90
3 2 82 92
4 3 82 92
1 2 82 93
6 3 82 97
5 2 82 96
8 3 82 96
7 3 83 2
6 2 79 0
1 2 80 1
2 2 80 1
4 3 83 3
1 2 83 6
5 2 83 6
7 2 83 12
8 2 83 21
6 2 83 24
2 2 83 25
1 2 83 34
3 2 83 37
8 2 83 39
3 3 83 42
5 2 83 43
4 2 83 44
2 2 83 44
6 2 83 45
5 3 83 57
7 2 83 59
5 2 83 60
6 2 83 64
5 2 83 63
1 2 83 71
2 2 83 71
8 2 83 73
5 3 83 74
1 4 83 74
7 2 83 75
2 2 83 77
8 2 83 80
5 3 83 79
1 2 83 83
8 2 83 82
7 2 83 84
7 2 83 95
3 5 84 2
3 2 84 7
2 3 84 7
6 2 84 11
1 2 84 13
5 3 84 14
7 2 83 15
4 5 83 15
6 2 84 21
3 2 82 20
5 2 83 20
4 2 84 28
6 2 83 29
1 2 82 30
4 4 84 35
3 4 84 49
1 2 83 49
8 2 82 50
4 2 84 47
7 2 84 48
5 4 84 50
6 2 84 50
4 3 84 54
5 2 84 54
6 2 84 56
3 2 84 57
5 2 84 68
2 2 84 68
3 2 83 67
7 2 84 70
3 2 82 69
4 2 83 69
5 4 84 71
3 3 84 72
5 2 84 77
8 2 84 76
4 6 84 91
2 4 84 95
6 2 85 7
2 2 85 6
4 3 85 10
5 2 84 10
6 2 84 9
8 3 84 10
2 2 85 12
1 2 83 13
7 3 85 14
7 2 84 15
5 2 85 21
4 3 85 32
7 2 85 42
8 3 85 45
2 2 84 46
3 2 85 54
1 2 83 53
8 2 85 58
4 3 85 59
6 2 85 61
7 5 85 64
8 3 85 67
7 2 83 66
2 2 83 67
6 2 85 67
4 2 85 68
5 2 85 72
6 3 85 76
4 3 85 87
5 2 85 94
5 4 86 7
1 2 86 15
8 3 86 16
6 2 86 17
8 3 86 18
3 2 84 19
6 2 85 19
1 2 86 19
3 2 86 22
5 3 86 23
1 2 86 22
8 3 86 23
3 5 86 35
2 2 82 34
3 2 85 37
5 3 86 35
7 2 86 38
2 2 86 49
6 2 86 48
4 2 86 47
2 3 86 55
5 2 85 53
2 2 86 57
6 3 86 58
7 2 86 58
4 4 86 61
2 2 86 69
8 2 86 69
6 2 86 70
5 2 86 79
7 5 86 93
7 2 87 7
4 2 87 27
6 2 87 26
1 3 87 26
6 2 87 24
2 3 87 28
2 2 87 32
1 2 87 31
4 2 85 30
5 2 84 29
7 2 85 31
8 2 86 31
3 2 87 33
8 4 87 36
3 2 86 33
2 2 86 34
1 2 87 41
2 2 83 40
5 2 83 40
6 2 83 41
4 2 84 41
1 2 85 42
5 2 86 40
8 2 86 41
4 2 87 41
6 2 87 47
1 2 87 54
6 2 84 53
8 2 85 53
7 2 85 53
5 2 86 53
3 2 87 61
7 2 86 61
7 2 87 66
5 2 87 68
7 3 87 78
2 3 87 80
1 2 83 80
5 2 87 86
3 2 86 85
2 2 87 85
8 2 87 86
4 3 87 94
6 2 87 93
2 2 87 92
8 3 87 97
8 3 88 4
1 2 86 3
5 3 86 2
8 3 86 4
5 2 88 26
1 2 85 26
4 2 85 26
7 3 88 28
2 2 86 29
1 2 88 29
6 2 88 29
5 2 88 32
3 2 88 35
5 2 88 47
7 2 88 48
5 2 88 58
4 2 88 61
6 2 88 68
2 2 88 71
5 4 88 81
5 2 85 82
8 3 88 82
3 2 87 83
7 2 88 84
1 4 88 85
5 2 87 84
6 2 88 86
2 3 88 87
8 2 88 93
8 6 89 9
4 2 86 8
4 2 89 8
8 2 89 17
5 2 87 18
3 2 88 18
7 2 88 19
3 2 87 19
7 2 89 16
2 4 89 16
6 5 89 23
2 2 87 22
5 2 89 22
4 3 89 25
8 3 89 29
4 2 89 33
4 2 89 38
2 2 88 37
6 2 86 38
7 2 89 40
6 2 89 42
3 2 86 43
3 2 89 47
5 4 89 48
2 2 89 58
8 2 89 58
5 3 89 62
7 2 89 65
8 2 88 64
4 2 86 65
3 2 86 66
5 2 89 69
7 2 89 72
5 5 89 74
4 2 89 79
6 2 89 78
1 4 89 80
4 2 89 87
2 2 89 96
4 2 89 97
7 2 89 96
1 2 90 2
8 3 90 8
3 2 90 9
6 2 90 13
4 4 90 13
4 2 90 18
3 2 90 25
5 3 90 26
7 2 90 37
6 2 90 39
7 3 90 47
2 2 90 49
1 2 90 50
1 2 90 56
7 2 90 56
5 3 90 59
8 2 90 68
1 2 90 73
3 2 90 78
3 2 90 82
4 2 90 84
5 2 90 84
8 2 90 88
5 2 86 89
7 2 87 89
8 3 87 90
8 2 90 91
6 2 90 95
2 2 91 2
7 2 91 2
2 2 91 4
2 2 91 6
2 2 91 9
6 3 91 11
1 3 91 12
6 2 88 13
7 2 91 14
2 2 91 14
5 3 90 13
3 2 90 13
4 2 91 15
1 2 91 24
6 2 91 25
3 2 91 27
8 2 90 27
5 4 91 38
7 2 88 36
4 2 89 36
5 2 91 36
4 4 91 40
8 2 90 42
6 5 91 49
3 2 91 45
2 2 87 44
3 2 90 44
6 2 88 43
3 2 91 52
5 2 91 56
1 3 91 58
3 2 91 65
2 2 88 66
6 2 90 66
1 2 91 75
3 2 89 74
8 2 89 74
6 2 91 79
2 2 91 83
4 2 91 87
8 2 92 6
5 4 92 7
7 4 92 9
5 4 92 11
4 2 92 14
3 2 92 22
8 2 90 21
5 3 92 30
7 2 91 31
3 2 92 29
5 2 91 28
4 2 92 30
1 2 92 39
5 4 92 44
3 2 88 45
7 2 88 46
4 2 92 45
8 2 91 44
1 2 91 45
6 2 91 45
8 2 92 51
5 2 92 50
3 2 90 51
6 2 92 51
7 2 92 52
8 2 91 53
3 2 89 54
3 2 91 54
4 2 92 56
7 2 92 55
6 2 92 54
4 2 91 53
5 2 92 53
5 2 91 52
2 4 92 69
8 2 92 70
7 2 90 69
1 2 91 69
2 2 92 80
4 2 92 82
6 2 92 83
3 2 92 85
6 4 92 86
4 3 92 92
2 2 92 93
5 2 92 94
4 5 93 8
6 3 93 12
1 2 93 21
4 2 88 20
2 2 92 22
4 2 93 22
1 3 93 23
8 2 93 27
7 3 93 28
6 2 93 31
1 2 93 34
8 2 93 33
1 2 93 32
7 2 93 35
2 3 93 39
8 2 92 38
6 3 92 37
1 2 93 45
2 2 93 46
3 2 93 49
8 2 93 57
3 2 93 57
4 2 93 59
3 2 93 64
6 2 91 64
8 2 93 75
7 4 93 77
5 8 93 77
4 2 93 74
4 2 92 73
3 3 93 73
7 2 92 72
2 4 93 73
7 2 93 75
8 2 93 79
6 2 86 80
7 2 92 80
5 2 93 86
3 3 93 86
1 2 93 87
2 2 93 91
5 2 94 1
7 2 93 0
2 2 94 0
1 3 94 0
5 2 92 0
7 2 94 6
8 2 94 12
3 4 94 16
5 2 94 27
7 2 94 37
2 3 94 41
2 2 91 42
1 2 91 43
3 2 93 42
6 2 94 41
4 2 94 47
8 2 94 59
5 3 94 62
4 2 92 61
5 3 94 71
6 2 94 71
3 2 94 71
4 2 94 72
3 2 94 75
8 2 93 76
2 2 94 76
6 2 94 84
2 2 95 2
8 2 95 1
6 2 90 0
7 2 94 0
4 2 94 1
1 2 95 0
2 2 95 6
8 2 95 5
6 2 89 4
7 2 92 4
7 2 89 3
1 2 93 4
4 2 92 3
3 2 92 4
3 2 95 4
8 2 95 16
1 2 94 17
8 3 95 21
7 3 91 19
2 6 95 20
2 2 91 25
6 2 91 25
7 3 95 26
8 2 94 24
6 3 95 32
3 2 93 33
3 2 95 31
8 2 94 32
6 2 95 35
5 2 93 34
7 2 93 34
4 2 93 35
6 2 94 35
3 3 95 40
7 2 94 42
5 2 94 42
8 3 94 43
1 2 95 42
5 2 95 47
4 2 95 61
1 2 91 60
3 2 93 60
2 3 95 63
1 2 95 66
5 2 95 65
1 2 95 70
4 6 95 74
5 2 95 83
4 2 95 84
7 2 94 85
2 4 94 85
2 3 95 93
1 2 95 93
6 2 93 94
7 3 95 96
5 2 91 96
7 3 96 1
4 2 96 5
6 6 96 5
1 2 96 10
1 2 96 15
4 3 96 20
1 2 96 18
3 3 96 21
8 2 96 26
1 2 94 26
2 2 96 30
7 2 96 31
8 2 96 32
4 2 96 33
6 2 96 32
5 2 96 39
4 2 96 45
2 2 96 47
5 2 96 55
5 2 96 59
8 2 96 63
2 2 93 63
7 4 96 64
7 2 96 65
8 2 96 78
4 2 96 79
6 3 96 80
1 2 95 80
8 2 93 81
3 2 93 81
5 2 93 82
2 2 96 80
3 2 96 83
6 2 96 90
3 2 90 89
7 2 90 90
2 2 91 89
7 2 96 91
1 2 96 91
3 2 96 90
5 3 96 91
3 2 96 95
5 3 96 96
4 3 96 95
3 2 94 94
8 2 95 94
4 3 97 0
2 7 97 3
4 2 96 0
7 2 96 4
2 2 96 5
1 2 97 1
3 2 97 7
3 2 97 10
6 2 97 11
7 2 97 11
2 2 97 11
4 5 97 12
7 4 97 16
4 6 97 22
1 3 97 25
7 2 97 26
3 5 97 27
1 2 95 29
5 2 97 31
3 2 97 34
5 3 97 35
7 2 97 33
8 2 97 42
1 2 97 44
7 2 96 43
8 2 97 46
5 2 97 45
3 2 97 52
7 2 97 55
2 2 97 59
6 2 95 60
8 2 94 61
7 2 95 60
5 4 97 72
7 2 97 77
6 2 97 83
5 2 97 88
6 3 97 95
2 2 97 94
4 5 98 8
5 3 98 19
6 2 98 21
6 2 98 31
8 2 98 34
2 2 98 35
2 2 98 41
4 2 98 40
7 2 97 39
6 2 98 39
4 3 98 39
1 2 97 37
5 5 98 40
2 3 98 43
5 3 98 43
3 2 98 47
6 2 98 53
2 2 94 52
1 2 94 53
5 2 96 52
3 2 96 53
6 2 98 60
1 2 96 61
7 3 98 61
3 2 98 65
4 3 98 66
2 2 95 67
1 2 95 67
3 2 95 68
8 3 95 67
8 2 96 65
5 2 96 67
2 2 98 66
1 2 97 67
7 2 98 74
8 2 98 80
3 3 98 89
4 3 96 88
6 2 96 87
6 2 98 93
4 2 98 93
5 3 98 94
6 2 99 8
1 3 99 21
5 2 99 25
6 2 99 24
5 2 98 23
4 2 98 24
4 2 99 26
3 2 99 30
1 3 99 34
1 2 99 37
4 2 99 36
3 2 99 36
6 2 99 37
7 2 99 41
1 3 99 44
5 54 68 44
7 98 69 0
6 98 70 0
5 98 71 0
8 98 72 0
5 98 73 0
8 98 74 0
7 98 75 0
1 98 76 0
4 98 77 0
1 98 78 0
4 98 79 0
8 98 80 0
1 98 81 0
7 98 82 0
8 98 83 0
7 98 84 0
2 98 85 0
1 98 86 0
2 98 87 0
4 98 88 0
5 98 89 0
8 98 90 0
3 98 91 0
2 98 92 0
7 98 93 0
1 98 94 0
8 98 95 0
1 98 96 0
8 98 97 0
4 98 98 0
5 98 99 0
7 98 100 0
