432461
3431
5 11 0 2
5 2 0 4
1 17 0 5
4 2 0 13
4 2 0 25
6 2 0 31
4 2 0 43
2 2 0 50
6 2 0 54
7 4 0 78
2 9 0 80
5 2 0 86
7 6 0 91
6 8 0 93
4 2 0 102
2 2 0 104
8 2 0 105
7 9 0 106
5 3 1 12
8 9 1 77
7 3 1 80
7 12 1 98
5 2 2 8
6 2 2 22
7 8 2 24
6 3 2 92
8 2 2 93
3 2 3 11
5 2 3 80
6 11 4 8
2 12 4 15
8 2 3 14
1 2 4 19
5 2 4 22
6 4 4 24
1 2 4 76
7 2 3 75
4 2 1 74
3 2 2 74
8 14 4 103
8 10 5 21
2 2 5 30
2 2 4 29
4 2 4 29
5 2 3 28
1 6 5 80
2 3 5 100
1 3 6 12
7 2 6 19
4 2 6 19
2 2 6 20
5 10 6 29
1 2 6 27
3 2 2 26
5 2 5 26
6 2 5 27
2 2 6 32
7 2 6 32
3 2 2 33
5 2 4 33
6 2 2 34
4 2 3 34
1 2 4 34
7 10 6 62
7 2 3 64
6 2 4 64
4 2 6 64
3 2 6 64
1 3 6 75
7 2 6 74
2 2 6 74
2 2 6 76
3 2 6 80
7 2 7 10
4 2 7 16
4 2 4 15
6 9 7 26
5 2 6 26
8 3 6 26
6 12 7 32
2 2 5 31
8 2 7 31
4 2 7 62
1 2 5 61
1 2 1 60
7 2 7 74
3 2 7 78
2 7 8 13
5 2 5 14
5 2 8 19
7 2 8 19
1 2 7 20
3 2 8 34
1 2 8 74
7 24 8 101
1 5 8 104
7 2 7 105
4 12 9 10
8 2 9 24
5 2 9 24
5 2 9 102
5 14 10 21
1 2 8 17
2 2 6 16
6 2 8 16
8 3 8 17
2 2 10 22
4 2 10 24
4 2 9 25
7 2 9 26
6 2 10 25
4 15 10 32
7 2 10 29
8 2 8 28
2 2 10 54
1 4 10 63
3 2 4 65
5 2 8 62
8 2 6 61
5 2 3 60
4 2 5 60
1 2 5 59
4 2 5 59
7 2 4 58
4 2 4 59
7 3 5 60
8 2 9 65
6 2 6 66
4 2 8 66
2 2 5 67
2 2 3 68
7 2 5 67
5 2 5 66
4 2 6 67
6 3 9 66
2 2 10 63
6 3 10 62
3 10 10 78
4 2 10 76
5 2 9 75
6 2 8 74
4 2 8 75
8 5 10 102
3 2 10 104
3 3 11 13
4 2 11 22
1 2 11 29
2 2 11 33
3 9 11 35
7 2 11 79
4 2 11 79
4 2 11 104
6 2 10 105
1 2 9 106
5 2 11 105
8 2 12 9
3 10 12 17
5 2 12 15
8 2 12 14
7 3 12 13
8 2 10 12
6 2 12 13
7 2 12 22
3 2 12 23
5 2 12 76
2 2 12 78
8 2 11 79
3 2 11 80
4 2 6 81
6 3 6 82
8 2 3 83
1 2 12 77
1 5 12 102
2 2 12 104
5 13 13 11
1 2 13 14
4 3 13 15
4 20 13 55
6 2 5 52
4 2 1 51
5 2 9 52
3 2 6 51
1 2 2 50
8 2 4 52
7 2 8 51
5 2 7 50
7 2 7 52
4 2 7 52
8 2 12 53
1 2 10 52
3 10 13 59
1 2 9 58
3 2 4 57
7 2 8 57
6 2 5 56
7 2 6 56
4 2 6 56
8 2 7 56
5 2 8 56
8 2 9 59
2 2 11 58
6 2 9 57
5 2 11 60
3 2 12 60
8 2 12 61
2 3 12 60
3 2 13 61
5 2 12 62
3 12 13 80
8 2 12 82
4 2 7 83
5 2 13 99
4 3 13 102
6 2 13 103
8 2 13 103
6 2 14 20
2 2 14 82
4 2 14 83
7 2 8 84
6 2 2 85
4 2 3 85
8 2 5 85
1 2 5 85
2 3 8 84
6 2 8 84
5 3 9 84
8 4 14 101
4 3 15 52
6 2 14 54
1 2 10 55
7 2 14 53
2 2 14 55
3 2 11 56
3 2 14 56
6 2 15 53
5 2 15 54
5 7 15 57
8 2 15 59
1 3 16 53
1 2 16 59
7 2 17 17
1 2 17 17
8 2 17 18
7 2 15 19
3 3 15 19
8 2 17 57
6 12 18 49
6 2 10 48
5 2 10 49
8 2 9 48
2 2 3 47
5 2 3 48
3 2 6 47
6 2 3 46
4 2 3 45
8 2 1 44
5 2 2 44
1 2 3 46
8 2 3 47
4 2 5 46
3 2 5 45
1 2 10 49
7 2 10 49
7 2 14 50
8 3 15 51
1 2 13 50
4 3 13 50
2 2 13 51
3 2 15 53
7 13 18 57
6 2 15 61
1 2 14 62
7 2 17 56
7 7 18 81
5 2 14 81
6 2 14 80
4 2 14 80
1 3 15 81
2 2 16 84
8 2 16 83
3 2 16 82
3 3 18 80
5 4 18 80
1 2 17 83
6 3 18 79
6 10 18 86
2 2 2 88
3 2 7 88
2 2 7 89
6 2 7 88
4 2 6 89
2 2 4 90
2 2 6 88
1 2 6 90
3 2 5 90
3 2 11 87
8 3 11 88
5 2 8 88
8 2 9 88
5 2 11 89
6 2 6 90
6 2 9 90
7 2 8 91
1 2 6 92
2 2 5 93
1 2 4 94
8 2 4 95
5 2 16 87
4 2 17 88
4 2 12 87
6 2 12 87
3 2 15 87
1 11 18 89
1 2 14 86
3 2 14 87
8 2 14 90
2 2 15 90
2 2 18 89
1 2 14 90
3 2 14 91
7 2 16 90
7 9 19 24
6 2 12 25
1 2 11 26
2 2 9 27
2 2 13 25
5 2 14 25
1 2 15 25
2 2 17 24
3 2 17 25
4 2 16 26
8 2 11 27
8 2 16 27
1 2 14 28
1 2 19 25
5 2 19 25
3 12 19 53
5 8 19 56
8 2 19 61
5 11 19 73
2 2 6 72
6 2 3 71
4 2 9 72
7 2 6 71
7 3 9 71
5 2 7 70
8 3 7 71
5 2 2 69
1 2 8 72
6 2 9 72
7 2 14 76
8 2 13 77
6 2 15 76
3 2 15 77
6 2 19 91
5 2 10 92
8 2 8 93
6 3 10 92
4 2 9 93
6 2 8 94
3 2 6 95
3 2 9 94
2 2 11 93
4 2 10 94
7 2 19 91
3 2 19 92
3 2 12 93
2 2 15 93
3 2 15 94
4 2 19 92
7 2 14 92
2 12 20 9
3 2 13 8
1 2 18 9
8 2 16 8
1 2 8 7
6 2 3 6
2 2 19 11
7 2 19 12
4 2 18 13
3 2 20 48
1 2 15 49
3 2 16 49
1 2 17 49
6 2 14 48
4 2 13 47
5 2 14 47
3 2 13 46
6 3 14 46
6 2 11 46
4 4 15 46
2 2 10 45
4 2 11 45
1 2 12 45
8 2 7 44
1 2 3 43
5 2 7 44
6 2 9 44
7 2 9 43
8 2 13 45
5 2 14 46
7 2 15 46
2 2 15 48
2 2 17 49
7 2 20 50
4 2 20 51
8 2 20 50
1 2 20 55
1 2 20 61
6 11 20 61
5 2 18 63
8 2 16 64
3 2 12 65
7 2 14 65
5 2 13 66
4 2 11 67
8 2 4 68
3 2 16 65
6 3 17 64
3 2 14 66
1 2 14 66
8 4 15 65
2 2 12 67
3 2 5 68
7 2 4 69
4 2 4 70
7 2 9 68
6 2 6 69
1 2 9 69
3 2 10 69
7 2 10 69
5 2 12 68
2 2 16 67
7 2 16 67
4 2 13 68
1 2 14 68
6 2 14 68
8 2 15 68
2 2 20 73
2 2 17 72
4 2 15 71
1 2 11 70
4 2 11 70
2 2 11 71
6 2 12 70
5 2 12 71
4 2 12 72
7 3 13 71
2 2 13 73
2 2 20 84
7 2 20 84
8 2 21 9
6 2 18 8
2 2 13 7
1 2 6 6
4 2 4 5
4 2 8 6
8 2 10 6
8 2 6 5
2 2 5 4
5 2 7 5
5 2 6 4
1 2 6 4
3 2 10 6
6 2 11 6
8 2 12 6
5 2 20 8
4 2 13 7
3 2 14 7
3 2 13 6
7 2 21 23
1 2 21 22
6 5 21 24
6 3 21 57
7 2 20 59
4 2 20 60
1 3 21 63
5 6 21 85
1 2 16 87
8 2 19 86
8 2 16 85
5 2 16 86
2 2 17 86
6 2 17 87
8 2 22 12
8 2 22 24
2 2 22 43
3 2 12 42
7 2 2 41
4 2 10 41
6 2 12 43
2 2 10 44
2 2 14 44
5 2 14 44
7 2 16 44
4 2 17 42
5 2 6 41
5 2 17 43
2 2 15 42
5 2 12 41
4 2 5 40
3 2 2 39
6 2 5 39
7 2 2 38
2 3 5 38
7 2 5 40
2 2 5 41
3 2 8 40
8 2 6 39
4 2 8 39
1 2 8 40
2 2 11 40
6 2 11 42
1 2 11 42
3 2 13 41
7 2 14 41
4 2 13 42
3 2 13 43
3 2 18 43
1 2 16 44
5 2 19 44
6 2 19 45
8 2 22 44
3 2 19 45
5 2 18 46
4 2 19 46
5 2 22 55
1 10 22 70
7 2 16 72
8 2 21 68
5 2 22 72
3 2 17 73
4 2 17 74
6 2 18 73
1 2 17 74
8 3 17 75
5 2 18 72
1 2 18 71
8 2 20 71
7 2 22 73
2 2 19 74
3 2 19 75
4 2 21 74
2 13 22 77
4 2 19 82
4 2 21 82
4 2 22 85
3 2 20 85
2 2 21 85
5 2 21 86
1 2 18 87
2 2 20 87
1 2 22 85
3 5 23 22
1 2 16 21
2 3 16 20
5 2 19 21
6 2 19 21
4 2 19 22
7 14 23 25
1 2 20 27
4 2 12 28
7 3 12 28
6 2 21 27
7 2 20 26
5 3 20 27
8 9 23 43
7 2 21 46
6 2 20 47
1 2 20 48
8 3 23 43
7 2 22 42
3 2 22 42
5 2 23 63
7 10 23 64
1 2 21 63
4 3 23 64
4 3 23 70
1 2 17 70
3 4 23 70
7 2 23 71
2 2 23 71
1 16 23 87
8 2 23 89
7 2 23 88
2 2 24 22
8 3 22 21
8 2 20 20
8 16 24 55
7 2 24 71
4 2 24 70
5 2 24 70
8 2 24 71
6 2 24 82
3 2 22 83
2 2 24 83
1 3 24 83
7 2 22 81
3 3 25 1
2 2 6 0
7 2 6 1
5 2 7 0
7 2 7 3
6 2 15 0
7 2 9 1
3 2 16 3
2 2 12 4
7 2 13 4
4 2 12 3
6 2 9 2
1 2 9 2
2 2 11 2
4 2 11 1
5 2 11 0
8 2 11 0
2 2 19 0
1 2 14 1
3 2 14 0
4 2 14 0
1 2 19 1
3 2 19 0
2 2 21 0
4 3 21 1
7 2 23 0
1 11 25 1
5 2 14 3
4 2 25 3
3 2 14 4
1 2 14 4
5 2 14 5
4 2 14 6
6 2 24 2
7 2 16 3
8 2 16 2
2 2 16 2
3 11 25 41
7 2 14 39
2 2 11 38
4 2 3 37
7 2 2 36
1 2 17 39
7 2 20 40
5 2 18 39
6 2 11 38
5 2 11 37
4 2 9 36
7 2 12 38
4 2 15 38
5 2 8 37
2 2 5 36
8 2 8 37
3 2 11 37
1 2 11 38
6 2 14 37
7 2 11 36
1 2 11 36
8 2 14 38
2 2 14 37
4 2 14 36
1 2 15 38
7 2 18 39
5 2 17 39
8 2 21 40
5 2 25 42
8 2 25 41
8 2 20 40
3 2 20 39
1 2 23 40
1 2 25 45
8 2 24 45
5 2 25 51
2 2 24 50
3 2 25 51
3 2 22 51
7 2 22 52
4 2 24 50
1 2 24 49
6 2 24 50
8 2 25 64
2 3 25 68
3 2 24 67
2 2 23 66
4 3 24 68
6 2 25 71
6 3 25 78
8 2 20 77
1 2 23 79
3 2 23 80
5 2 25 77
4 2 23 76
1 3 23 76
3 2 24 75
8 2 22 74
4 3 25 79
3 2 25 84
7 2 25 84
4 2 25 85
4 2 25 87
7 2 25 89
3 7 26 4
4 2 22 4
7 2 17 5
2 2 17 5
1 2 19 5
5 2 20 5
4 2 20 6
1 2 26 24
1 2 26 27
6 2 18 28
8 2 18 29
7 2 22 28
5 2 23 28
6 2 17 29
7 2 11 30
1 2 17 30
7 2 14 31
2 2 14 31
6 2 15 31
2 2 17 31
4 9 26 36
1 2 13 35
7 2 17 36
7 2 20 36
2 4 20 37
1 2 21 34
5 2 26 51
6 2 26 68
6 2 25 67
4 2 24 66
5 2 25 66
1 3 25 68
7 2 25 69
1 2 26 80
8 2 26 84
8 4 26 87
2 2 26 89
7 2 25 90
2 2 23 91
5 2 16 92
4 2 16 93
3 2 24 89
5 4 26 97
7 2 7 96
7 3 9 96
8 2 11 97
3 3 11 96
8 2 11 96
2 2 10 95
5 2 10 97
3 2 10 98
1 2 11 97
7 2 16 97
4 3 16 97
6 2 13 95
5 2 13 96
2 2 13 95
5 3 17 97
4 2 14 98
2 2 14 98
8 2 17 98
1 2 18 98
3 2 18 98
6 3 21 96
3 2 24 96
8 2 19 95
7 2 15 94
6 2 15 95
1 2 16 95
7 2 20 95
7 2 21 97
3 2 26 98
5 2 26 97
4 2 24 96
2 2 21 95
5 2 25 96
1 2 25 97
6 2 25 97
2 2 27 2
2 3 27 45
7 2 25 44
5 2 26 47
2 2 26 46
1 2 26 48
2 2 27 51
4 12 27 58
3 3 23 58
1 2 22 60
5 2 23 58
5 2 23 60
8 2 24 58
6 2 25 58
1 3 26 55
3 3 26 54
5 2 27 55
7 2 27 88
7 2 27 96
3 2 23 95
5 2 24 95
2 8 27 107
3 2 8 107
8 2 8 108
4 2 15 106
2 2 12 107
5 2 10 106
4 2 10 107
3 3 12 107
3 2 14 105
8 2 12 106
5 2 14 107
5 2 16 108
1 2 15 107
2 2 17 107
1 2 18 107
7 2 18 107
7 2 21 106
7 2 16 105
3 2 18 105
4 2 14 104
8 2 19 105
5 2 18 104
1 2 18 105
3 2 19 105
2 2 22 106
1 2 22 107
4 2 25 108
8 3 25 107
5 2 25 107
6 2 24 108
2 2 25 106
5 2 22 105
6 2 22 106
5 2 27 107
6 2 27 107
3 3 28 1
5 2 28 4
3 10 28 6
7 2 15 7
2 2 21 8
2 3 28 40
3 2 25 41
6 2 25 41
2 3 26 41
7 2 27 39
7 2 27 42
6 2 27 43
8 2 28 40
1 3 28 41
1 2 27 43
6 2 27 43
8 2 28 45
6 2 28 45
5 2 28 57
2 3 28 58
2 3 28 96
4 2 27 98
1 2 28 98
5 2 20 99
3 2 19 100
8 2 19 101
6 2 22 99
1 2 20 100
5 2 19 101
2 2 28 108
1 4 28 109
6 2 29 4
4 2 24 3
2 2 24 3
7 19 29 35
7 2 23 34
2 2 22 35
2 2 24 32
8 2 19 31
4 2 19 31
2 2 22 31
5 2 22 32
4 2 25 31
8 2 25 31
4 2 25 37
5 2 25 37
3 2 25 38
2 2 26 37
8 2 26 36
4 2 28 32
4 2 24 33
3 2 24 33
8 2 26 33
7 2 27 31
6 3 27 32
1 2 27 32
1 3 28 30
7 3 28 32
5 3 28 32
7 2 29 35
6 2 27 36
3 2 25 35
8 2 29 34
3 2 28 35
1 2 28 36
6 3 29 35
5 2 28 36
6 2 28 36
5 2 29 39
5 2 29 45
3 3 29 55
8 2 29 59
8 2 28 59
8 2 24 60
2 2 24 61
3 2 24 62
6 12 29 95
5 2 23 94
6 2 28 99
7 3 29 95
4 5 30 1
5 2 30 0
4 2 30 8
2 2 20 7
8 2 20 7
6 2 28 9
6 2 20 10
5 2 20 11
3 2 23 8
6 2 22 7
7 2 23 7
5 2 23 10
2 2 27 10
1 2 24 9
7 2 24 10
8 2 25 11
7 2 21 12
4 2 28 10
2 2 26 9
7 2 26 9
4 3 27 8
2 12 30 78
2 2 27 77
7 2 28 77
6 2 30 94
8 2 23 93
3 2 23 94
8 2 21 93
7 2 20 92
5 2 21 93
8 3 30 96
6 19 31 0
7 2 31 32
4 2 30 33
5 2 31 56
6 2 31 55
1 2 31 54
4 3 31 53
1 2 31 53
8 9 31 74
5 2 27 73
6 2 27 72
8 2 27 72
7 3 27 73
1 2 29 73
3 2 25 72
1 2 28 72
4 2 29 74
8 2 31 79
3 2 31 80
2 2 23 81
5 2 25 81
1 2 25 81
4 2 30 81
6 2 25 82
6 2 27 82
8 2 27 81
3 2 27 81
4 2 27 83
1 2 29 82
1 2 31 81
2 2 31 82
7 2 31 83
3 10 31 87
4 2 26 89
1 2 25 90
5 2 23 91
6 2 25 90
4 2 25 90
8 2 27 89
1 2 31 95
2 2 31 98
5 2 29 99
7 2 29 100
4 2 32 7
5 4 32 6
5 2 31 9
5 2 30 8
2 2 31 10
5 2 30 10
3 2 27 11
6 2 26 12
4 2 23 13
2 2 19 14
5 2 16 15
8 3 16 15
2 2 17 16
7 2 21 14
5 2 24 13
1 2 24 14
5 2 23 15
3 2 19 16
6 2 19 17
1 2 16 18
5 2 19 18
2 2 26 12
6 2 28 11
1 2 27 12
2 2 32 6
1 2 32 5
8 2 32 5
7 2 31 4
1 2 30 3
8 2 27 2
7 2 29 2
3 2 31 4
3 2 32 6
6 13 32 7
4 2 32 79
4 2 31 78
3 2 31 77
1 2 33 2
6 13 33 32
6 2 31 30
4 2 31 35
2 2 32 30
3 2 22 29
1 2 23 29
2 2 24 29
2 2 23 28
4 2 23 29
8 3 24 29
7 2 25 30
6 2 30 29
2 2 27 28
3 2 25 27
5 3 25 28
3 2 25 27
6 2 27 27
3 2 32 31
2 11 33 42
2 2 33 43
3 8 33 64
7 2 32 65
2 2 27 66
5 2 28 66
2 4 32 65
8 2 28 66
7 3 28 66
6 3 29 66
6 2 33 86
7 2 28 85
5 2 29 85
2 2 34 3
3 2 31 2
5 3 31 3
6 2 32 3
8 2 33 3
7 3 33 2
3 2 34 7
7 2 33 6
1 3 34 7
8 16 34 36
1 2 34 63
8 2 34 64
6 10 34 69
8 2 31 68
6 2 30 69
5 2 34 70
3 2 29 69
2 2 29 69
6 2 31 70
8 2 31 70
5 2 32 70
4 3 34 74
7 2 34 87
7 2 35 1
4 2 35 2
1 2 35 10
1 2 30 11
5 2 34 11
7 2 31 12
6 2 25 13
4 2 32 12
5 3 32 13
2 2 26 14
8 2 24 15
4 2 23 16
5 2 23 17
1 2 23 17
6 2 24 15
4 2 24 17
6 2 19 18
1 2 25 15
4 2 25 15
3 2 25 16
7 2 25 16
1 3 26 14
3 2 29 13
8 2 34 10
2 2 33 11
2 2 35 31
6 2 35 39
4 2 29 40
4 2 31 40
6 2 32 40
8 6 35 40
7 2 33 39
8 2 30 38
7 2 30 38
6 2 30 39
6 2 35 44
7 2 35 45
8 2 35 46
6 2 35 63
4 2 24 62
6 2 32 62
5 2 28 61
6 2 28 61
3 2 32 62
2 10 35 69
1 2 31 67
5 3 33 66
7 2 33 67
3 3 34 66
5 2 35 67
7 11 35 75
4 2 32 76
5 2 35 76
1 2 34 77
2 2 35 75
4 2 35 77
6 2 36 3
2 7 36 2
1 2 36 2
3 2 36 8
4 3 36 10
5 3 36 34
3 4 36 35
7 2 33 33
5 13 36 42
3 3 36 45
7 2 37 10
7 6 37 33
5 14 37 68
2 2 36 69
1 2 37 65
5 2 37 64
8 2 37 64
6 2 37 65
7 2 37 70
5 11 38 1
5 2 38 31
7 17 38 61
7 2 34 57
3 2 38 67
5 3 39 12
5 2 38 11
6 5 39 39
8 2 36 37
5 2 36 39
3 2 39 37
6 2 39 58
6 2 37 58
7 3 39 69
8 2 39 75
1 2 37 76
7 12 40 8
6 2 38 5
7 2 40 11
2 2 39 10
4 2 40 11
5 13 40 18
6 2 22 19
5 2 28 18
2 2 22 19
7 2 22 20
5 2 22 21
1 2 26 19
2 2 28 19
3 2 25 18
8 2 28 18
4 2 28 20
7 2 25 20
8 2 25 21
1 2 27 20
5 2 28 20
3 2 31 15
1 2 31 15
4 3 37 16
6 2 31 18
2 2 33 18
4 2 33 18
7 2 29 18
2 3 30 17
3 2 34 17
5 2 34 16
2 2 37 17
6 3 38 16
8 2 35 15
4 2 39 15
6 2 33 14
2 2 35 14
7 2 30 13
3 2 35 13
8 2 35 14
4 2 38 16
5 2 37 15
3 2 37 16
1 2 37 17
7 2 39 15
4 2 38 14
1 2 39 15
8 2 39 16
6 2 39 19
2 2 40 15
5 2 40 18
5 2 37 19
6 2 31 20
2 3 40 19
4 2 32 20
3 2 38 19
2 2 35 20
7 2 35 20
3 2 35 20
6 2 36 20
8 2 38 19
3 5 40 33
2 2 39 32
4 2 39 31
6 2 39 30
5 2 28 29
1 2 30 29
8 2 30 29
7 2 37 29
5 2 37 28
2 2 32 27
5 2 31 26
7 2 29 25
3 2 29 26
2 2 29 25
8 2 30 26
4 3 29 25
7 2 31 25
2 2 31 26
1 2 37 28
7 2 39 29
2 3 40 35
8 2 40 35
7 2 40 39
1 2 38 38
2 2 37 39
8 2 37 38
4 2 39 38
6 2 39 38
5 3 40 38
2 2 40 59
2 2 36 58
7 2 35 59
5 3 36 58
1 3 40 70
7 2 40 72
8 2 38 73
4 2 38 74
3 2 37 73
8 2 36 72
3 2 39 71
5 2 39 72
2 2 39 72
3 2 40 72
1 2 39 73
2 11 40 100
4 2 33 98
4 2 33 101
3 2 17 102
2 2 17 102
3 2 24 102
7 2 16 103
6 2 19 103
3 2 22 103
4 2 24 101
6 2 23 102
4 2 23 103
1 2 28 102
8 2 23 103
4 2 23 102
5 2 25 101
3 2 27 103
5 2 26 104
8 2 28 102
1 3 27 101
6 2 28 102
2 2 28 103
7 2 28 103
7 3 36 100
2 2 31 102
8 4 38 99
5 2 36 102
4 2 33 101
3 2 33 103
6 2 37 98
2 2 36 97
1 2 37 98
4 2 38 102
4 2 36 103
4 2 30 104
3 2 31 104
3 2 38 102
8 2 38 103
6 2 32 104
7 3 32 105
6 2 36 104
2 4 39 101
2 2 30 100
6 2 36 100
1 2 36 100
3 2 36 101
7 2 40 101
6 2 39 100
4 2 39 99
3 2 39 99
4 2 40 99
1 2 40 100
5 3 40 101
6 9 40 108
8 2 34 106
4 2 40 107
5 2 31 108
1 2 41 11
7 2 39 12
6 2 41 12
8 2 41 12
6 3 41 15
7 3 41 43
8 2 39 44
5 2 37 45
4 2 33 46
4 2 28 47
4 2 25 48
7 2 25 48
8 3 26 48
5 2 27 47
4 2 25 48
8 2 25 48
2 2 25 49
3 2 27 49
1 2 27 50
7 2 28 50
3 2 30 47
8 2 37 45
3 2 40 44
5 2 40 45
3 2 33 46
3 2 29 47
6 2 33 47
2 2 41 44
4 2 41 62
7 2 36 61
6 2 31 62
4 2 36 62
4 13 41 70
7 3 41 72
3 2 41 72
3 2 41 99
8 2 39 98
7 2 39 98
6 2 42 6
5 2 42 9
2 3 42 10
4 2 42 12
1 2 42 13
8 2 42 16
7 2 42 17
3 2 42 16
6 2 42 17
1 2 42 36
8 3 42 61
1 2 36 60
5 2 42 64
6 2 42 72
5 12 42 78
6 2 34 79
3 2 34 80
7 2 34 79
6 2 36 75
8 2 38 79
1 2 34 80
7 2 32 81
4 2 36 80
6 2 35 81
5 3 36 81
7 2 38 80
3 2 38 81
2 2 40 75
1 2 40 78
3 3 40 79
5 2 38 77
4 2 42 76
1 2 39 75
7 2 39 75
6 2 41 75
3 2 41 76
6 2 42 97
3 3 42 101
5 2 41 100
1 2 43 10
5 2 43 35
4 2 43 60
3 2 41 59
3 2 43 59
1 2 42 60
6 2 42 61
6 11 43 64
4 2 41 65
7 2 42 63
3 2 42 64
4 2 42 68
7 2 43 66
2 2 43 77
4 2 43 96
1 2 34 95
6 2 33 94
2 2 29 93
3 2 27 92
5 2 26 91
3 2 30 93
7 2 27 92
6 2 27 93
8 2 31 93
4 2 33 94
2 2 32 93
5 2 31 92
5 2 34 93
1 2 33 92
3 2 42 95
8 2 35 94
8 2 34 93
5 2 40 94
6 2 42 95
6 2 40 95
3 2 40 96
1 2 39 95
6 2 39 94
8 2 39 94
2 2 38 93
1 2 37 92
8 2 26 91
1 2 28 91
7 2 39 93
4 2 39 96
5 2 40 95
8 2 42 96
7 2 43 99
8 2 43 98
2 2 43 101
5 3 44 7
8 2 41 6
5 2 40 5
8 2 38 4
4 2 44 18
3 2 43 19
8 2 43 19
2 3 44 19
6 2 44 20
1 2 36 21
1 2 32 22
5 2 36 22
3 2 34 23
7 2 36 23
5 2 34 22
1 2 33 23
6 2 31 22
4 2 31 22
6 2 32 24
2 2 33 23
3 3 34 22
4 2 36 24
8 2 34 25
8 2 32 26
1 3 32 27
2 2 35 25
2 2 40 21
8 2 40 22
2 2 35 21
4 2 40 22
8 2 38 21
2 2 38 21
3 2 41 22
1 2 43 21
4 3 43 22
7 2 34 23
5 2 36 23
7 2 44 21
6 2 44 22
2 13 44 57
1 2 41 57
1 2 35 56
6 2 36 56
5 2 42 55
3 2 38 54
6 2 34 53
8 2 31 52
3 2 35 53
4 3 44 62
5 3 44 62
5 2 44 64
8 2 44 64
8 2 44 68
2 2 44 69
3 2 45 7
7 2 43 6
6 11 45 12
1 2 45 19
7 2 42 20
4 2 42 20
4 2 45 20
5 2 45 21
4 2 45 61
8 2 45 60
1 2 40 59
7 2 40 60
5 2 43 59
4 2 42 58
2 2 43 60
8 2 45 66
6 2 45 65
1 2 45 65
2 3 45 67
3 13 45 91
6 2 35 90
1 2 36 87
2 2 36 91
5 2 35 90
1 2 32 89
2 2 33 89
8 2 36 90
6 2 36 91
4 2 41 92
7 2 42 87
5 2 37 88
2 2 37 89
6 2 41 86
6 2 40 87
4 2 37 86
3 2 32 85
5 2 36 85
3 2 36 84
1 2 34 83
4 2 35 83
2 2 35 84
8 2 37 86
6 2 36 85
7 2 37 85
1 2 38 85
5 2 38 85
5 3 42 88
8 2 42 87
4 2 42 88
6 2 38 89
1 4 42 89
8 2 44 90
4 2 44 89
3 2 44 91
4 2 42 90
7 2 42 89
8 3 46 14
2 2 46 15
1 2 46 21
3 2 46 22
1 2 46 60
6 2 45 59
4 2 45 58
2 2 43 57
7 2 43 58
1 2 45 58
4 2 46 77
8 11 46 102
3 2 35 105
2 2 39 104
4 2 43 105
6 2 41 104
8 2 38 105
5 2 36 106
2 2 36 106
6 2 36 107
3 2 36 107
5 2 41 104
7 2 41 105
8 2 45 104
3 2 39 105
3 2 41 105
5 2 42 105
2 2 39 106
5 2 40 106
6 3 40 107
7 3 40 108
8 2 38 108
4 2 39 108
1 2 41 108
4 2 42 106
7 7 46 109
4 10 47 28
8 2 39 28
6 2 35 27
3 2 35 28
7 2 36 28
4 2 40 28
8 2 40 32
2 3 41 27
7 2 36 26
7 2 41 27
6 3 42 27
8 2 42 31
7 2 43 32
6 2 43 31
2 2 43 33
4 2 44 33
6 2 46 27
1 2 41 28
4 2 42 26
5 3 46 30
5 2 43 29
3 2 45 32
2 2 45 33
6 2 46 32
5 3 47 27
1 5 47 35
4 2 43 36
8 14 47 37
2 2 43 39
1 2 47 39
7 2 44 40
7 2 45 38
1 2 47 77
8 2 43 78
1 2 43 78
7 2 44 76
4 2 43 75
8 2 44 75
5 2 48 12
3 2 47 13
7 2 47 14
8 2 48 13
1 2 48 12
3 3 48 14
4 2 47 15
6 2 48 15
5 2 48 31
3 3 48 37
8 2 46 39
5 2 46 40
4 2 45 41
1 2 42 42
2 2 42 42
7 3 41 41
4 3 42 43
5 2 43 43
4 2 41 44
8 2 44 42
4 2 42 41
7 2 47 36
1 22 48 68
7 2 47 72
1 3 47 71
8 2 48 91
7 2 47 90
3 2 43 89
5 2 46 91
8 2 44 92
4 2 40 93
1 2 42 93
1 2 46 92
6 3 47 89
1 2 44 88
8 2 45 89
3 19 48 105
1 2 47 105
2 2 48 103
5 2 48 103
2 2 48 107
3 2 46 108
5 2 46 109
2 2 46 108
1 3 47 109
5 2 48 106
2 2 49 13
7 2 49 30
7 2 49 34
1 2 47 33
3 2 49 48
3 2 36 48
1 2 33 47
5 2 38 47
3 2 49 67
6 2 48 66
2 2 49 71
8 3 49 71
7 3 49 103
8 2 48 102
4 2 48 102
1 2 48 103
6 13 50 5
6 2 43 3
8 2 44 4
1 2 45 8
4 2 49 3
2 2 46 4
1 2 46 3
4 2 46 4
2 2 47 2
8 2 46 1
2 2 44 0
4 2 46 1
3 2 47 1
6 2 42 0
2 2 46 0
4 2 45 1
7 2 46 1
8 2 46 1
6 2 47 2
7 2 48 4
1 2 49 2
3 2 50 3
5 2 48 4
3 2 48 4
6 2 48 5
1 2 47 5
4 2 47 6
5 2 48 6
8 2 48 7
5 2 46 8
3 2 48 7
4 2 50 13
4 2 49 12
3 6 50 32
2 2 49 31
4 2 50 33
5 2 50 47
1 2 39 46
3 2 40 48
5 2 31 49
4 2 40 49
8 2 41 49
6 2 34 50
8 2 37 48
2 2 37 49
6 2 38 49
7 2 40 50
3 2 37 49
4 2 34 50
6 2 29 51
8 2 30 51
2 2 33 51
1 2 34 51
8 2 35 50
5 2 37 50
2 2 41 48
7 2 40 47
2 2 36 46
5 2 38 46
6 2 41 47
6 2 39 46
5 2 43 48
7 2 39 49
4 2 42 47
2 2 42 46
1 2 42 49
7 3 43 49
4 2 42 50
6 2 38 51
7 2 37 52
1 2 38 51
2 2 42 51
7 2 35 52
5 2 35 53
4 2 36 52
2 2 38 52
5 2 43 50
5 2 40 51
3 2 41 51
1 2 39 52
6 2 49 46
8 2 43 45
1 2 43 47
6 2 44 45
3 2 44 46
6 2 46 47
8 2 45 48
6 2 44 49
4 2 46 46
3 2 49 47
2 2 48 46
8 2 46 45
1 2 46 46
8 2 49 47
7 2 49 48
2 2 46 49
7 2 47 49
4 2 50 67
7 2 50 66
8 2 47 65
3 2 49 65
5 11 50 74
5 2 42 73
8 2 43 73
7 2 46 73
6 2 46 74
5 11 50 81
8 2 46 83
2 2 38 84
7 2 40 84
3 2 40 84
5 3 46 83
2 2 43 84
3 2 44 84
6 2 42 83
4 2 42 82
2 2 42 82
4 2 42 85
6 3 44 85
8 2 45 83
8 4 47 81
8 2 45 80
1 2 45 79
5 4 50 107
7 2 50 106
8 2 50 105
8 2 49 104
7 11 51 0
8 10 51 27
8 2 42 24
2 2 48 27
5 2 46 28
8 2 46 29
6 2 47 29
3 2 47 30
4 3 48 28
8 2 48 30
1 2 49 23
4 2 43 24
3 2 43 24
8 2 50 24
5 2 40 25
4 2 40 26
5 2 46 23
6 2 47 23
7 3 50 24
5 2 50 25
1 2 43 25
7 2 48 25
1 2 48 25
2 2 50 27
1 2 50 28
3 3 51 26
1 2 51 25
7 2 50 24
5 2 51 27
2 3 51 35
1 2 51 76
1 2 50 75
3 2 50 76
6 2 49 77
4 2 50 77
5 2 50 77
4 2 51 80
1 2 45 81
7 2 48 81
1 2 51 107
2 2 52 23
2 2 51 22
4 2 51 24
8 2 51 25
6 14 52 27
8 2 52 47
6 2 52 48
5 2 52 48
1 2 50 49
3 10 52 49
6 2 41 52
5 2 40 53
8 2 41 52
4 2 41 52
4 2 44 52
8 2 46 52
3 2 44 53
2 2 44 54
2 2 40 55
1 2 41 55
8 2 41 55
6 2 42 55
7 2 39 54
6 2 44 55
7 2 43 54
8 3 43 55
3 2 45 55
8 2 37 56
6 2 40 56
2 2 40 56
6 2 46 51
2 2 50 52
1 2 48 51
5 3 48 52
8 2 46 54
1 3 50 52
6 2 51 51
5 2 51 53
1 2 47 54
2 2 50 54
3 2 49 55
7 2 51 54
3 4 52 74
7 2 52 73
4 2 52 74
2 2 51 75
6 3 52 103
3 2 52 103
7 14 53 5
7 2 47 10
2 2 49 7
2 2 51 4
5 2 52 10
2 2 53 68
7 2 53 69
6 4 53 105
8 2 54 0
2 2 54 1
1 2 54 48
8 2 54 69
1 2 54 82
6 2 48 83
1 2 45 84
7 2 47 84
2 2 48 84
5 2 48 83
7 2 54 83
4 2 51 82
4 2 54 105
5 2 55 1
3 2 53 2
2 2 53 2
5 4 55 8
1 2 50 8
7 2 51 7
5 2 51 8
8 2 55 10
2 2 55 47
4 2 55 49
5 3 55 52
5 2 52 51
8 2 52 53
3 2 55 53
2 2 52 54
5 2 52 55
2 4 55 61
8 2 52 60
6 2 51 61
5 2 50 62
2 2 46 63
1 2 50 63
8 2 43 62
5 2 45 62
1 2 45 63
1 2 48 63
5 2 53 61
4 2 53 62
6 2 49 62
4 3 49 63
3 2 55 61
1 4 55 101
8 2 45 100
2 2 54 102
2 2 55 100
1 2 45 99
8 2 51 99
1 2 50 100
6 2 48 99
3 2 47 98
2 2 48 100
2 2 51 99
3 2 51 100
4 2 51 100
3 2 49 100
7 2 49 100
5 2 51 101
7 2 52 99
4 2 48 98
1 2 46 97
8 2 45 96
2 2 41 95
2 2 46 98
5 2 49 98
7 2 55 103
6 7 55 106
7 27 55 109
7 2 53 108
3 2 56 0
4 5 56 7
6 2 50 10
6 2 54 6
7 3 56 7
2 3 56 7
1 2 56 8
8 11 56 19
8 2 50 21
7 2 50 22
1 2 54 21
1 2 53 22
6 2 54 22
3 2 55 20
1 2 52 19
8 2 50 18
7 2 52 20
1 2 54 19
2 2 54 19
4 9 56 22
8 2 54 23
2 2 54 24
1 12 56 92
7 2 44 95
8 2 46 94
6 2 46 93
6 2 48 95
6 2 46 96
4 2 46 96
5 2 46 97
7 2 48 95
2 2 49 93
1 2 49 95
3 2 48 96
1 2 52 88
2 2 48 87
1 2 47 86
4 3 47 87
2 2 44 86
8 2 48 86
3 2 53 88
7 2 49 87
4 2 49 87
5 2 49 87
3 2 50 87
6 2 51 86
1 2 50 85
3 2 49 84
4 2 53 88
2 2 54 91
2 2 49 90
3 2 51 90
4 3 51 91
6 2 54 90
3 2 56 94
6 2 53 93
8 2 51 94
4 2 55 95
6 2 51 96
5 6 57 18
6 2 50 17
1 2 52 17
6 2 56 19
6 8 57 72
7 3 54 71
6 2 55 69
5 2 55 70
5 3 57 71
2 2 57 93
7 13 57 101
4 2 57 108
2 2 57 108
2 2 58 20
5 2 58 19
2 5 58 59
7 2 50 59
7 2 55 58
4 2 48 57
3 2 49 59
4 2 53 59
8 2 51 58
5 2 49 57
2 2 49 56
6 2 50 57
5 2 48 56
8 2 48 57
7 2 45 56
5 2 52 58
3 2 55 59
1 2 54 60
4 12 58 61
6 2 57 63
3 2 55 64
5 2 51 65
2 2 55 65
2 2 53 65
5 2 53 64
4 2 51 65
7 2 53 66
1 2 55 64
8 2 55 64
2 2 57 63
3 2 57 64
8 2 58 72
5 2 54 73
2 2 57 73
4 2 57 72
8 2 57 73
6 2 58 72
6 2 58 90
5 2 57 90
6 2 53 89
3 2 55 91
7 2 55 92
1 2 56 91
2 3 58 91
2 2 57 90
1 2 56 89
5 2 56 90
3 4 58 94
5 3 58 100
6 3 59 20
8 2 59 23
6 14 59 58
7 2 54 56
3 2 59 59
2 2 57 60
7 2 59 61
3 2 56 62
2 2 56 63
5 13 59 94
2 2 53 92
8 2 57 92
1 2 59 101
7 4 59 106
2 2 60 18
4 2 47 17
4 2 60 20
2 13 60 71
1 2 56 69
3 2 56 74
7 2 54 75
6 2 55 75
5 2 56 75
2 2 55 75
8 2 57 75
6 2 56 76
3 2 53 77
8 2 53 78
5 2 53 79
2 2 46 79
7 2 46 79
4 2 46 80
6 3 53 78
1 2 48 80
7 2 53 79
2 2 50 79
5 2 48 80
4 2 49 80
2 2 53 78
4 2 54 77
3 2 54 78
1 3 57 75
7 2 57 76
8 2 60 91
6 2 60 107
8 2 60 108
5 3 60 108
3 2 61 18
7 2 49 17
6 3 49 18
3 2 49 16
5 2 50 18
4 2 61 18
1 2 56 17
8 2 52 16
8 2 50 15
5 3 50 16
4 2 52 16
4 2 56 18
8 10 61 34
2 2 52 32
1 2 52 31
5 2 53 33
3 2 54 35
6 2 54 35
8 3 59 34
8 2 55 36
6 2 50 37
1 2 56 36
5 2 56 36
2 2 58 33
3 2 58 34
1 2 56 33
6 2 56 33
6 2 61 32
7 2 54 31
8 2 61 34
3 2 61 35
2 2 56 36
5 3 61 35
6 2 61 36
3 2 61 70
2 2 60 69
4 2 61 70
8 2 61 93
7 2 59 94
5 2 59 94
6 12 61 97
7 2 58 99
4 2 58 99
4 14 62 6
4 2 54 3
8 2 54 4
7 2 61 3
2 2 57 4
2 2 60 4
5 2 60 3
1 2 59 2
4 2 57 1
8 2 59 3
7 2 60 2
5 2 59 1
4 3 60 4
1 2 61 5
7 2 61 5
8 3 61 6
5 2 61 9
6 3 62 68
5 2 54 67
6 3 54 68
3 2 54 67
2 2 55 67
5 2 55 68
8 2 59 67
1 2 57 66
4 2 59 66
5 3 61 67
8 2 60 66
4 2 57 65
6 2 60 66
2 2 60 67
6 2 60 68
1 3 61 67
8 2 62 100
8 2 60 99
6 2 53 98
8 2 53 99
5 2 57 98
8 3 57 98
4 2 58 99
6 2 59 98
1 2 59 97
2 2 59 97
3 2 59 97
5 2 57 96
6 3 59 96
8 2 56 96
3 3 60 99
1 2 62 99
5 2 62 106
3 2 63 6
2 2 63 7
7 2 63 62
8 2 63 63
8 3 63 68
2 2 62 70
4 2 63 68
7 2 63 70
4 2 63 107
3 2 64 7
1 12 64 12
5 2 55 14
1 2 53 15
5 2 59 13
4 2 60 13
7 2 54 12
6 2 55 12
1 2 55 11
2 2 54 10
3 2 56 14
4 2 57 14
7 2 56 15
5 2 53 16
2 2 57 13
8 2 57 12
5 2 57 12
1 2 57 15
3 2 60 12
8 2 61 13
6 2 61 14
3 2 59 14
5 2 59 14
2 2 62 13
2 2 61 14
3 2 61 13
4 3 64 57
3 2 52 56
3 2 54 56
8 2 54 55
2 2 56 56
6 2 56 56
1 2 61 56
8 2 64 57
1 2 60 56
7 3 64 67
5 2 64 67
4 12 64 86
8 2 52 85
4 2 52 85
7 2 52 86
3 2 54 84
7 2 53 83
2 2 54 83
7 2 57 86
2 2 59 84
1 2 56 83
4 3 59 85
2 2 59 86
3 2 60 84
7 2 60 83
6 2 56 82
8 3 56 81
7 2 52 81
3 2 54 81
5 2 56 81
1 2 54 80
2 2 58 82
1 2 60 84
7 2 60 86
1 3 61 86
8 2 61 85
5 2 61 86
4 2 64 84
4 2 59 83
3 2 59 83
3 8 64 95
3 2 58 94
8 2 59 94
2 2 58 93
3 2 58 92
7 2 58 92
4 2 61 96
8 2 63 96
7 11 64 99
3 2 63 102
4 2 61 103
6 2 61 104
1 2 64 107
7 2 65 14
2 12 65 16
7 2 62 17
7 2 63 15
2 2 65 21
2 2 65 34
1 2 65 33
5 2 62 32
4 2 62 32
8 2 62 34
5 2 62 34
4 2 64 34
6 2 62 33
5 2 62 34
7 11 65 53
3 2 55 53
7 2 55 53
6 2 55 54
8 2 58 53
2 2 59 51
7 2 56 50
1 2 61 49
7 2 61 49
7 2 62 51
5 2 62 51
6 2 56 50
4 4 62 50
2 2 62 55
1 2 56 56
4 2 60 56
7 2 60 56
7 2 63 50
1 2 63 53
1 2 65 51
5 2 64 50
2 2 64 49
3 2 60 48
1 2 59 47
4 3 59 47
6 2 64 52
7 2 64 52
8 2 65 51
3 4 65 56
5 2 63 55
3 2 63 55
8 2 63 54
1 2 63 59
2 2 63 59
6 2 65 85
7 13 65 88
3 2 60 88
8 2 60 88
3 2 62 87
5 2 62 88
4 2 63 87
5 2 64 87
1 2 64 88
4 2 64 90
2 3 65 90
4 2 61 92
1 2 59 93
3 2 65 90
7 2 65 107
6 2 66 14
7 11 66 16
4 2 62 16
3 2 62 16
1 2 65 15
4 2 65 16
5 2 66 17
8 3 66 16
3 13 66 24
7 2 54 25
1 2 56 25
8 2 58 26
1 2 60 26
2 2 58 25
3 2 60 26
6 2 60 27
2 2 62 26
8 2 58 25
6 2 58 25
5 2 58 26
5 3 62 25
4 2 62 25
8 2 62 24
3 2 63 23
1 2 64 26
6 2 66 22
5 2 64 23
6 2 64 24
8 2 65 21
7 2 64 20
1 2 65 22
2 11 66 44
1 2 56 43
2 2 48 44
1 2 58 41
6 2 53 40
2 2 47 39
4 2 55 40
5 2 48 41
2 2 51 41
7 2 49 40
3 2 53 41
4 2 53 40
2 2 49 39
1 2 51 41
8 2 50 42
3 2 51 42
5 2 51 42
8 2 52 42
6 2 56 40
5 2 56 40
8 3 57 39
4 3 58 41
5 2 54 42
6 2 56 41
2 2 58 43
3 2 55 44
8 2 58 43
6 2 58 46
3 2 59 41
1 2 59 40
7 2 59 39
4 2 56 38
2 2 57 38
3 2 57 39
4 2 55 38
2 2 61 44
6 2 57 43
3 2 51 44
5 2 51 45
7 2 60 43
5 2 62 41
2 2 61 40
4 2 62 40
7 2 62 42
6 2 63 45
2 2 63 46
7 2 59 47
2 2 61 47
3 2 64 46
6 2 65 40
4 2 65 43
8 2 66 40
1 2 66 39
2 2 59 38
5 2 66 39
6 2 65 38
8 2 62 37
7 2 63 37
8 2 64 37
6 2 63 36
5 2 64 38
6 2 66 40
7 2 65 40
5 2 65 40
3 2 65 41
8 2 66 40
4 2 66 51
7 2 65 50
6 2 63 49
2 3 65 51
1 3 66 52
2 2 66 55
4 9 66 94
5 5 66 101
2 2 66 105
7 2 67 11
7 2 61 10
2 2 59 9
1 2 61 10
5 2 60 9
3 2 60 9
6 2 60 10
8 2 62 10
1 4 67 17
3 2 67 43
1 2 55 44
4 2 60 44
2 2 66 44
5 2 67 49
4 2 65 48
5 12 67 52
4 2 65 53
5 2 66 55
3 2 67 52
8 2 67 88
2 2 64 87
6 2 66 89
2 2 66 89
6 2 67 87
5 3 67 88
6 2 67 91
7 2 62 92
3 2 66 92
8 2 67 92
7 2 68 42
4 2 64 42
4 2 67 41
1 2 66 42
7 2 68 45
6 2 67 46
3 2 68 49
8 2 65 48
5 26 68 83
2 2 64 81
5 2 68 82
5 2 59 81
2 3 68 82
4 2 61 80
1 2 62 80
8 2 56 79
4 2 57 79
5 2 64 80
1 2 61 79
4 2 60 78
1 2 57 77
3 2 65 80
8 2 63 81
2 2 63 82
6 2 65 81
5 2 68 91
7 2 65 92
1 2 64 93
5 2 67 92
6 2 67 93
2 2 64 94
5 11 69 4
3 2 62 2
8 2 60 1
8 2 63 2
5 2 69 4
1 2 68 5
7 2 67 4
3 2 68 4
6 2 68 3
2 2 69 4
6 2 69 5
8 2 69 6
2 2 69 7
8 11 69 20
2 2 68 16
3 2 69 18
6 2 69 17
7 2 69 18
1 2 68 18
5 2 69 26
4 2 68 25
1 6 69 57
2 2 66 57
5 2 67 57
7 2 68 57
6 3 68 57
8 2 67 57
4 2 66 56
7 2 66 56
1 2 68 58
5 2 67 59
5 2 66 60
5 2 64 61
2 2 64 62
1 2 61 63
6 2 64 63
8 3 65 62
3 3 65 62
4 2 66 60
7 3 67 59
4 3 68 58
1 2 69 80
7 2 67 81
8 2 69 82
6 2 69 88
5 10 69 106
2 2 66 105
1 2 66 104
5 2 62 103
1 2 65 105
6 2 67 105
4 10 70 13
4 2 70 17
7 11 70 22
7 2 70 25
8 2 69 26
3 2 64 27
6 2 59 28
5 2 62 28
1 2 57 29
8 2 55 30
2 2 60 29
7 2 57 30
5 2 58 30
2 2 55 29
6 2 58 29
4 2 54 30
4 2 59 30
1 2 59 31
5 2 60 30
7 2 57 29
5 3 57 30
4 2 60 31
1 2 59 30
5 2 64 28
4 2 68 27
7 2 62 28
8 2 61 29
7 2 65 28
1 3 68 27
3 3 69 26
6 3 69 28
2 2 65 28
1 3 70 53
8 2 69 52
1 2 69 51
6 2 69 51
5 2 69 53
2 3 70 76
8 2 59 77
6 2 60 77
5 2 61 75
6 2 70 83
3 2 70 83
6 7 71 2
6 2 66 1
1 2 61 0
2 3 66 1
3 2 66 0
7 3 67 1
4 2 68 2
4 2 71 19
8 2 71 18
2 2 71 51
8 2 71 50
7 3 71 56
6 11 71 76
2 2 65 75
5 2 67 74
3 2 65 73
3 2 67 74
5 3 66 73
1 2 67 74
6 3 67 74
4 2 68 74
2 2 67 73
3 2 64 72
8 2 67 73
3 2 67 75
6 2 68 73
3 2 67 72
4 2 66 71
8 2 68 75
6 3 68 76
8 3 68 77
6 2 71 105
1 2 72 4
6 2 72 19
3 8 72 48
5 3 67 46
5 2 64 45
1 2 64 46
6 2 63 45
4 2 63 46
7 2 66 45
3 2 65 46
1 2 67 45
4 2 66 46
4 2 67 45
2 2 68 46
8 2 68 45
6 2 68 46
5 11 72 51
8 2 72 55
1 2 72 56
3 2 72 77
7 2 69 78
6 2 68 79
2 2 69 79
7 2 65 78
8 2 67 78
4 3 69 80
2 2 70 76
8 2 72 76
1 2 71 77
5 2 72 78
6 2 71 79
2 2 69 80
3 2 69 80
6 2 69 81
8 5 72 85
2 2 70 84
1 2 70 84
6 2 71 84
7 2 72 85
2 4 72 86
2 2 72 88
4 2 67 89
7 2 67 89
4 2 70 89
2 12 72 107
8 2 64 108
2 2 70 104
7 2 64 103
4 2 71 108
5 2 73 12
6 2 72 12
1 2 68 13
7 3 72 13
8 2 69 13
4 2 69 13
2 2 69 14
6 2 71 13
1 5 73 19
2 2 70 16
1 5 73 21
3 2 73 48
4 2 73 52
2 2 73 55
2 2 73 75
2 2 71 74
3 2 71 74
5 2 73 74
8 2 74 2
7 4 74 4
3 2 74 18
4 2 74 23
2 2 74 49
3 2 74 55
2 2 71 56
3 2 71 57
8 3 71 58
5 2 70 59
6 3 70 59
2 2 73 56
3 2 74 87
3 2 74 105
6 12 75 5
3 2 73 6
6 2 73 7
2 2 67 8
3 2 71 8
6 2 67 9
3 2 68 9
8 2 71 9
4 2 67 9
8 2 65 8
2 2 68 9
4 2 66 8
3 2 66 9
8 2 67 9
7 2 68 10
5 3 71 8
4 2 71 8
8 2 75 6
5 2 73 5
1 2 73 6
4 2 74 6
2 2 75 19
4 2 74 20
1 2 74 21
8 2 75 19
1 12 75 49
4 2 75 77
7 2 72 76
4 2 73 76
2 2 76 21
7 2 76 20
5 2 76 20
2 10 76 35
5 2 69 35
5 2 70 37
3 2 68 38
8 2 68 38
7 3 69 38
2 2 70 36
6 3 70 38
4 2 74 34
1 2 67 33
7 2 67 32
2 2 68 33
6 3 74 35
2 2 73 36
3 2 73 37
1 2 73 37
8 2 74 35
1 2 68 36
3 2 71 36
1 2 71 36
7 2 73 34
1 2 74 34
8 2 70 33
3 2 67 32
6 2 67 32
7 2 67 33
5 2 69 32
6 2 70 34
1 2 70 33
5 4 74 36
2 2 73 36
3 2 72 37
8 2 72 37
2 2 75 37
7 2 75 38
6 8 76 69
1 2 67 69
8 2 71 72
7 2 74 68
2 2 70 67
1 2 69 66
7 2 61 65
8 2 61 66
4 2 63 65
3 2 69 67
4 2 70 68
3 2 74 68
8 2 70 68
8 2 73 67
6 2 72 66
8 2 68 65
6 2 69 65
2 2 64 64
3 2 66 64
6 2 73 68
4 2 75 68
2 2 74 67
1 2 73 66
2 2 76 69
5 2 76 69
8 12 76 73
5 2 70 72
5 2 76 76
7 5 76 98
2 2 67 97
4 2 69 100
4 2 66 101
6 2 66 101
3 2 66 102
4 2 71 98
2 2 71 97
5 2 70 96
7 2 65 95
1 2 66 95
7 2 67 95
2 2 70 95
3 2 70 95
1 2 71 94
6 2 71 96
8 2 71 96
8 2 71 98
1 2 76 106
8 2 74 105
3 10 76 108
4 2 77 6
7 2 77 37
8 8 77 52
3 2 77 72
4 2 77 76
5 3 77 96
6 2 72 97
2 2 74 95
3 2 72 94
5 2 69 93
7 2 70 93
6 2 68 92
3 2 76 97
3 2 73 98
1 2 76 98
8 2 75 99
3 2 75 100
7 2 76 99
5 2 72 100
1 2 75 100
1 2 72 101
8 2 72 102
5 2 75 101
3 2 72 102
4 2 72 103
5 2 72 104
4 2 77 98
7 2 74 97
5 2 77 97
3 2 77 108
4 2 78 2
5 2 78 5
7 2 77 5
7 11 78 10
3 2 76 9
2 2 73 8
4 2 77 9
4 2 75 8
8 2 77 8
7 2 74 7
6 2 77 9
1 2 77 10
8 2 76 11
7 2 77 10
6 2 77 11
7 2 77 12
6 4 78 34
1 2 78 37
4 2 68 38
4 2 70 38
3 2 78 51
7 3 78 59
3 2 76 59
4 2 69 60
2 2 69 61
3 2 73 60
8 2 69 61
4 2 69 62
4 2 72 61
7 3 72 61
8 2 72 60
1 2 72 61
2 3 72 62
2 2 69 63
1 2 70 63
2 2 71 63
3 2 71 62
4 3 71 63
6 2 67 64
5 2 69 64
2 2 69 65
1 2 70 65
3 2 70 65
6 2 72 63
2 2 76 60
8 2 76 61
7 2 77 59
4 2 78 68
3 2 76 69
6 2 70 70
1 2 78 68
1 3 78 71
1 2 73 72
2 2 73 73
2 2 78 76
1 2 76 77
4 2 70 78
2 2 76 78
8 12 78 98
8 11 79 1
2 2 75 0
5 2 75 1
3 2 75 0
7 2 79 2
4 12 79 41
6 2 69 43
2 2 69 43
8 2 70 42
1 2 70 43
3 2 69 44
1 2 74 44
5 2 71 43
8 2 74 45
4 2 70 46
2 2 71 46
8 2 73 44
6 2 72 43
7 2 71 42
5 3 71 41
2 2 71 41
4 2 72 42
7 2 72 45
5 3 74 46
5 2 76 43
1 2 74 42
7 2 74 44
4 2 74 45
6 2 75 42
4 2 76 42
7 2 76 44
5 2 78 40
1 2 73 39
8 2 73 39
2 3 78 41
8 3 78 43
2 2 75 45
5 2 78 44
3 2 79 39
8 2 79 48
8 2 77 47
2 2 79 47
7 2 77 46
6 2 77 47
7 2 79 46
3 2 79 47
7 2 79 49
4 2 79 50
1 2 79 52
4 9 79 60
2 3 79 62
8 2 74 64
1 3 74 64
2 2 73 65
8 2 74 64
7 4 74 64
3 2 74 65
7 20 79 62
8 2 79 64
8 2 79 68
2 2 79 71
7 2 73 70
5 2 73 70
7 2 78 70
4 3 78 71
2 2 78 70
8 4 79 70
6 2 77 72
4 2 77 73
2 3 79 100
1 2 78 102
7 2 78 103
4 2 77 104
3 2 77 104
8 2 77 105
1 2 80 0
6 2 80 1
5 3 80 3
5 2 80 11
2 2 73 11
6 2 74 11
1 2 76 11
5 2 77 11
4 3 80 10
6 2 80 10
3 2 80 11
5 2 80 13
5 2 72 14
1 2 73 14
1 2 70 15
3 2 70 15
8 2 76 14
4 2 77 14
2 4 80 13
1 2 80 14
7 2 78 15
2 2 79 15
1 2 80 43
2 3 80 50
1 2 79 50
3 2 80 49
6 2 80 51
2 2 80 59
1 2 80 67
6 2 80 109
8 2 77 108
1 2 81 9
5 2 81 9
3 2 81 13
4 2 81 14
5 4 81 63
1 2 81 63
4 8 81 73
3 2 81 73
5 2 80 72
7 2 80 74
8 4 81 74
1 12 81 80
5 2 69 79
8 2 69 80
8 2 76 79
1 2 76 79
7 2 76 80
1 2 76 79
5 2 75 78
3 2 75 78
3 2 76 80
5 2 78 82
6 2 81 78
7 2 78 77
6 2 78 77
7 2 81 79
2 2 80 79
8 2 77 80
8 2 81 79
5 14 81 84
6 3 75 82
5 2 75 84
3 2 79 84
1 2 80 88
3 2 71 89
1 2 70 90
7 2 79 89
3 2 74 90
5 3 80 89
7 2 76 88
4 2 75 89
1 2 76 89
6 2 80 90
7 2 71 91
4 3 71 92
3 2 71 92
3 2 77 91
8 2 78 91
5 2 78 91
8 2 76 91
7 2 79 91
6 2 79 92
5 2 76 93
3 2 76 94
3 2 79 91
3 2 81 85
1 2 81 89
5 2 79 88
2 2 80 90
8 5 81 102
7 2 72 103
8 2 75 103
3 2 75 104
6 2 76 101
5 2 76 102
8 2 77 103
2 2 77 103
3 2 80 102
6 3 81 102
6 2 78 104
3 2 82 2
7 2 81 1
2 2 81 1
8 2 82 12
5 3 82 13
6 2 82 41
6 2 80 40
6 2 79 39
8 2 82 40
7 2 82 62
6 3 82 98
7 2 77 97
6 8 82 101
3 2 80 104
1 2 80 105
8 2 80 106
6 2 80 106
2 2 80 107
5 2 81 105
4 2 81 106
7 12 83 38
3 2 79 36
5 2 80 40
8 2 80 41
6 2 80 42
5 3 83 59
3 3 81 58
1 2 75 57
4 2 74 56
5 3 74 57
6 2 75 55
4 2 83 58
6 2 76 57
5 2 78 57
1 3 83 81
5 4 83 82
1 2 79 82
2 2 78 83
7 2 78 84
3 13 83 89
2 2 80 87
7 2 80 87
4 2 83 98
1 2 79 97
1 2 83 98
3 2 83 101
8 2 82 100
7 10 84 17
2 2 83 14
4 2 83 19
5 2 83 20
6 2 84 20
8 2 78 21
7 2 78 22
1 2 69 23
7 2 69 23
6 2 70 23
3 2 74 23
8 2 70 24
8 2 75 23
6 2 75 24
5 2 78 23
3 2 81 21
5 2 77 22
7 2 77 23
6 2 80 22
5 2 81 22
3 2 80 23
8 2 76 24
5 2 70 25
6 2 71 25
1 2 76 25
3 2 76 26
1 3 80 23
6 3 80 22
8 2 81 24
2 2 82 21
1 2 82 21
7 2 83 19
4 14 84 20
2 2 78 16
7 2 81 17
6 2 77 16
8 2 77 17
5 2 80 16
8 2 80 16
5 11 84 47
3 2 82 51
5 2 83 49
1 2 84 49
4 2 84 50
8 4 84 64
6 2 79 65
5 3 84 79
6 2 83 79
4 2 81 80
7 2 84 80
3 4 84 80
6 2 84 84
8 3 84 104
8 3 85 14
6 2 84 13
5 2 85 14
5 2 85 33
3 2 76 32
6 2 64 31
7 2 64 30
5 2 66 31
8 2 79 32
2 2 67 31
8 2 64 30
4 2 67 31
3 2 69 31
2 2 69 30
8 3 69 32
7 2 70 30
3 2 65 29
6 2 65 29
5 2 67 29
5 2 73 31
7 2 75 31
3 2 74 32
6 2 75 33
1 2 76 31
3 2 76 30
8 2 73 29
7 2 70 28
6 2 73 29
5 2 74 28
2 4 76 32
4 3 77 30
6 2 78 31
3 2 79 33
2 2 83 34
7 2 79 33
4 2 79 34
7 2 81 33
8 2 83 33
3 2 83 33
6 3 83 34
8 2 80 35
3 2 82 35
5 2 83 35
2 2 84 32
1 2 79 31
4 3 84 31
6 2 83 30
2 2 78 29
7 2 79 29
7 2 77 28
4 2 78 28
4 2 72 27
8 2 74 27
7 2 75 27
6 2 79 29
8 2 84 31
6 2 84 35
1 2 85 32
3 2 85 39
6 2 85 38
6 2 82 37
1 2 85 37
3 2 85 37
1 2 85 47
7 2 85 64
3 2 85 65
7 2 75 66
2 2 78 66
1 2 85 66
5 2 81 65
3 11 85 106
7 2 81 105
4 2 81 106
6 2 86 14
3 2 86 13
2 2 86 37
4 2 86 37
1 11 86 43
6 2 78 44
3 2 83 45
6 2 86 45
1 2 84 44
8 6 86 48
5 2 85 47
7 2 86 51
8 4 86 62
8 2 85 63
8 2 86 80
1 2 86 79
2 2 84 78
7 2 86 81
4 2 86 82
3 2 86 85
2 12 87 33
1 2 87 35
4 2 87 36
3 2 87 43
3 2 86 42
7 2 87 48
6 2 87 49
4 10 87 65
1 10 87 70
1 2 82 69
7 2 85 72
3 2 82 71
2 2 86 72
8 2 86 71
5 2 83 70
1 2 86 72
4 2 87 88
8 2 83 87
1 2 86 89
3 2 85 90
7 2 86 88
4 2 84 87
5 3 86 90
3 2 86 88
6 3 87 108
6 2 88 31
3 4 88 32
5 3 88 37
8 2 88 36
7 3 88 36
6 3 88 39
2 5 88 41
4 2 87 44
2 2 87 45
7 2 87 45
6 2 87 45
8 2 87 46
2 3 88 48
7 2 88 49
1 61 54 49
2 110 55 0
3 110 56 0
7 110 57 0
1 110 58 0
6 110 59 0
8 110 60 0
6 110 61 0
7 110 62 0
8 110 63 0
1 110 64 0
7 110 65 0
3 110 66 0
8 110 67 0
4 110 68 0
3 110 69 0
4 110 70 0
3 110 71 0
6 110 72 0
3 110 73 0
1 110 74 0
2 110 75 0
5 110 76 0
2 110 77 0
7 110 78 0
8 110 79 0
7 110 80 0
1 110 81 0
7 110 82 0
5 110 83 0
6 110 84 0
2 110 85 0
3 110 86 0
2 110 87 0
5 110 88 0
