288345
2484
6 19 0 0
2 5 0 10
6 78 0 12
6 60 0 46
6 4 0 67
6 26 0 72
8 2 0 87
6 3 0 88
2 5 0 90
6 12 0 92
2 3 1 5
1 2 1 6
7 3 1 8
2 3 1 13
5 2 1 26
4 2 1 27
6 5 1 28
6 7 1 34
6 3 1 43
2 2 1 50
6 3 1 51
7 5 1 69
6 2 1 84
5 3 1 86
2 3 1 93
3 2 2 10
1 2 2 12
4 3 2 35
2 3 2 45
5 2 2 46
8 2 2 63
4 3 2 88
8 2 2 89
1 2 2 92
1 4 3 7
6 4 3 9
6 2 3 11
3 2 3 12
4 5 3 28
1 2 3 52
6 2 3 53
6 2 3 71
7 2 3 72
6 2 3 73
8 3 3 91
2 2 3 98
2 2 4 6
8 3 4 7
8 2 4 14
2 4 4 15
4 3 4 31
1 2 4 40
1 2 4 47
5 2 4 48
7 5 4 73
6 4 4 89
2 6 4 90
6 2 4 93
4 2 3 94
8 2 2 95
2 5 3 95
3 6 5 8
5 2 5 13
3 2 5 30
8 2 5 31
2 2 5 46
8 3 5 54
4 2 4 54
8 2 3 55
7 2 3 56
6 2 5 55
3 7 5 64
5 3 5 73
2 3 5 77
2 3 4 76
8 2 3 75
4 2 3 78
8 2 2 79
1 2 5 78
7 2 5 92
3 2 5 92
8 3 5 94
2 3 5 97
1 2 5 98
3 2 6 14
4 5 6 14
3 3 6 16
2 3 6 31
7 6 6 36
2 2 5 37
4 2 4 38
6 2 5 37
2 3 6 37
5 2 6 38
2 2 6 55
7 4 6 56
2 2 6 61
4 2 5 62
6 2 6 61
7 2 6 96
2 11 7 2
4 2 6 3
2 2 5 4
6 2 5 5
8 2 7 15
4 2 7 59
4 2 4 58
2 3 7 61
4 3 7 75
7 2 7 76
6 2 7 77
3 2 7 78
1 5 7 78
3 2 7 96
1 2 7 99
6 9 8 9
2 2 8 13
2 2 8 29
5 2 8 40
4 2 8 46
3 2 6 47
2 2 8 53
2 2 8 63
8 3 8 62
6 30 8 65
2 2 8 69
8 2 8 82
4 2 7 83
2 2 6 84
2 2 5 85
6 3 5 85
2 2 7 85
3 8 8 86
2 2 5 87
8 2 6 83
4 2 5 82
1 6 8 94
7 2 8 93
6 4 8 97
2 3 8 99
2 10 9 8
6 2 9 13
3 5 9 17
4 2 6 18
2 2 9 27
2 3 5 26
6 3 9 29
4 2 8 27
8 2 7 26
2 3 9 32
1 2 9 34
4 2 9 35
8 2 7 35
6 2 9 37
4 2 9 43
4 2 4 42
2 2 5 43
6 2 9 44
4 2 8 43
2 2 9 45
6 3 9 53
3 3 9 52
4 2 8 54
2 3 9 53
6 4 9 61
6 2 9 69
4 3 9 74
7 4 9 78
5 2 10 0
8 2 10 1
5 7 10 5
5 10 10 11
2 4 10 19
2 4 10 23
8 2 7 22
2 2 6 21
2 2 5 20
6 3 5 21
2 2 8 23
4 4 10 24
8 2 10 27
2 2 10 29
7 2 10 30
6 7 10 33
2 2 10 35
6 11 10 41
2 2 10 43
6 2 10 45
4 2 10 49
8 2 8 50
2 2 10 58
7 2 7 59
2 2 7 58
8 3 10 59
2 4 10 63
8 2 10 65
2 2 10 69
2 2 10 75
3 3 10 76
1 2 10 82
2 3 10 83
2 2 9 82
8 2 10 85
6 4 10 89
4 6 10 90
7 2 9 91
8 2 10 92
5 2 10 92
4 2 10 98
7 3 11 7
6 5 11 17
8 2 11 18
4 2 7 19
3 2 11 20
4 2 11 34
5 2 11 42
2 3 11 45
8 2 9 46
2 2 9 47
8 2 10 47
4 2 11 46
6 7 11 49
2 2 8 50
4 3 8 51
2 2 7 51
8 3 11 67
8 2 7 66
5 2 11 68
2 2 7 67
4 2 9 67
6 2 11 69
8 3 11 76
2 2 11 77
2 4 11 79
8 4 11 79
7 3 11 80
7 3 11 82
1 2 11 84
2 4 11 91
6 2 11 93
6 24 11 97
7 5 12 3
2 2 12 6
4 2 12 19
2 2 10 18
6 16 12 25
8 3 12 32
7 3 12 42
8 2 12 42
5 2 12 44
6 4 12 45
2 3 12 60
4 2 12 62
6 2 12 63
6 41 12 65
2 2 10 55
6 2 12 75
4 2 12 74
6 2 12 77
4 2 12 83
1 2 11 82
3 2 11 82
1 8 12 86
8 3 12 86
2 2 12 87
4 3 12 87
5 6 13 1
2 2 12 2
8 8 13 7
2 3 13 11
2 2 12 13
4 2 11 14
8 2 10 15
2 2 10 15
6 2 13 13
8 2 13 14
2 2 13 19
8 2 13 19
8 2 9 20
2 2 9 21
1 2 13 26
5 2 13 46
4 3 13 51
8 2 12 51
1 2 9 50
2 2 13 69
5 2 13 70
8 2 9 70
7 2 4 71
8 2 5 71
2 2 13 75
7 2 13 76
8 2 13 79
6 2 13 83
2 2 13 87
2 3 13 94
3 2 14 4
1 2 14 21
3 3 14 22
1 5 14 29
2 2 14 28
2 2 14 31
2 2 14 51
2 2 13 50
6 2 13 51
2 4 14 70
8 2 10 71
2 2 10 71
4 2 14 71
4 2 13 70
2 2 14 79
7 3 14 82
8 6 14 87
3 2 14 95
4 2 13 94
8 2 12 95
6 11 15 1
2 7 15 6
3 2 15 12
8 2 14 11
4 3 14 10
8 15 15 14
4 3 15 31
5 4 15 47
5 2 15 56
8 2 13 55
3 3 15 64
1 2 15 66
4 2 15 66
8 5 15 67
2 3 15 67
7 3 15 72
1 3 15 81
6 4 15 85
3 2 15 83
5 2 15 87
7 4 15 89
8 3 15 91
6 2 16 9
5 4 16 9
3 8 16 11
3 11 16 17
2 3 16 21
4 2 10 22
8 2 16 27
8 2 15 26
7 2 16 30
5 2 16 31
4 2 16 33
2 2 16 37
2 2 16 45
2 2 16 51
8 2 15 50
6 2 16 53
2 2 16 61
7 2 16 70
8 2 16 71
2 2 16 71
8 3 16 73
4 2 15 75
2 2 16 77
3 2 16 78
4 2 16 83
2 2 16 93
2 4 17 9
6 2 17 21
6 2 17 37
4 3 17 49
5 2 17 50
1 2 17 53
7 3 17 54
2 2 16 53
6 2 16 53
6 2 17 61
7 2 17 64
6 3 17 67
1 2 17 73
7 2 17 74
6 2 17 77
8 2 17 78
5 2 17 81
2 3 17 82
4 2 17 89
2 2 17 91
3 2 17 92
4 3 18 6
7 2 17 5
6 2 17 5
2 2 18 5
2 2 18 21
6 2 18 32
3 2 18 32
7 2 18 32
8 3 18 35
2 2 14 36
4 2 16 35
8 2 15 34
6 2 15 35
2 2 18 37
2 2 18 53
5 3 18 57
6 2 18 72
2 2 18 77
6 2 18 81
6 25 18 89
7 2 15 94
2 2 14 95
4 2 16 94
4 2 15 95
3 2 16 94
1 2 17 94
6 17 19 9
7 2 19 14
6 2 19 21
2 7 19 25
4 2 16 23
4 3 19 35
6 2 19 37
4 2 19 39
8 3 19 40
4 2 13 39
1 2 10 38
2 2 13 38
8 2 10 39
4 2 17 39
7 2 13 38
3 3 19 50
1 2 18 50
7 8 19 50
8 3 19 55
2 2 19 66
6 2 19 67
1 2 19 68
6 3 19 69
7 3 19 76
6 2 19 79
6 3 19 91
8 2 19 93
4 2 19 94
8 2 18 95
7 2 20 10
5 2 20 15
6 3 20 15
3 16 20 22
2 3 20 28
5 2 17 28
2 2 20 29
4 2 19 30
6 3 20 29
5 2 20 30
2 2 19 30
6 2 19 31
8 2 20 31
6 13 20 33
2 6 20 35
6 2 20 39
5 2 20 52
2 2 20 58
2 2 15 58
4 2 15 59
6 2 20 59
8 2 18 59
2 2 20 62
2 2 19 61
4 2 19 63
1 2 19 64
6 2 20 73
5 2 20 74
8 3 20 75
3 12 20 78
3 4 20 90
1 2 20 92
4 2 21 16
2 3 21 18
5 2 21 34
2 2 21 39
4 2 20 38
2 2 16 39
4 4 21 43
4 2 16 43
2 2 20 42
8 2 19 43
2 2 20 45
4 2 19 46
8 2 18 47
2 2 18 47
6 2 20 45
4 2 21 48
6 21 21 49
5 2 21 54
8 2 20 54
2 7 21 55
7 4 21 57
2 4 21 67
8 3 21 67
2 3 21 79
1 2 21 90
2 4 21 94
8 2 21 95
2 5 21 98
4 2 21 98
2 2 22 1
2 4 22 13
5 2 19 12
2 2 21 12
8 3 21 13
6 2 22 13
4 2 22 18
8 2 21 19
6 4 22 19
2 2 22 29
4 4 22 36
8 2 22 38
1 3 22 40
2 2 22 39
6 2 22 39
3 2 22 54
4 2 22 55
1 2 22 60
2 2 22 59
5 2 21 58
6 3 22 61
4 2 22 76
4 2 22 79
6 3 22 79
1 2 22 82
5 2 23 18
6 2 23 17
8 2 22 18
7 2 23 18
2 3 23 19
5 2 23 20
1 5 23 28
8 2 23 34
6 3 23 37
2 4 23 45
2 2 23 51
5 2 23 54
1 3 23 54
7 2 23 54
5 2 23 56
6 9 23 57
7 2 23 60
6 9 23 73
8 2 22 70
7 3 23 80
1 4 23 94
2 2 22 95
3 5 23 95
8 3 23 98
4 2 15 98
6 5 24 0
8 2 24 2
2 2 22 2
4 2 22 3
4 2 15 2
8 2 18 2
2 3 24 3
8 2 24 2
2 2 24 13
6 2 24 15
4 3 24 27
4 2 19 26
2 2 19 27
4 2 24 39
6 3 24 40
8 4 24 42
2 2 22 43
8 2 24 42
3 2 24 46
1 2 24 54
8 2 24 62
2 2 24 69
4 2 24 70
2 2 21 71
3 2 24 70
4 2 22 70
6 2 22 71
2 2 24 70
6 3 24 75
2 2 19 74
8 2 24 74
1 2 24 76
7 3 24 82
3 2 24 81
3 2 24 84
8 2 21 83
2 2 23 83
2 4 24 85
6 2 25 17
4 2 25 19
5 2 25 21
4 3 25 25
5 2 25 26
8 2 25 46
2 2 24 47
5 2 25 46
6 2 25 53
5 2 25 61
7 4 25 64
6 2 25 69
5 2 25 81
1 2 25 86
2 2 23 86
8 2 25 86
5 2 25 97
8 2 26 3
2 2 21 3
5 2 21 4
6 2 21 5
6 2 24 3
4 2 22 2
7 2 26 4
8 2 24 3
2 2 26 21
7 2 26 22
4 2 24 22
2 2 26 23
2 4 26 39
4 3 26 41
7 2 26 44
7 2 26 46
2 6 26 61
8 2 20 62
8 2 26 67
2 4 26 67
4 2 26 78
7 2 26 78
2 3 26 80
4 2 26 97
6 2 27 3
6 4 27 5
2 2 23 6
2 2 21 7
6 2 21 7
8 2 25 6
5 6 27 15
6 2 27 21
4 3 27 22
8 2 14 23
3 3 27 24
1 2 27 27
8 2 23 27
5 2 27 28
3 2 27 28
6 2 27 29
6 29 27 41
8 2 27 35
4 2 26 34
8 2 27 59
4 2 24 58
4 2 26 58
7 2 27 62
5 2 19 62
4 2 21 62
4 2 27 63
5 6 27 71
8 2 27 80
6 17 27 81
6 2 27 85
1 3 27 88
3 2 21 86
4 2 23 86
2 3 28 2
4 2 28 3
3 2 28 4
2 2 28 5
2 4 28 7
8 2 27 7
4 2 28 6
2 2 28 7
6 42 28 17
3 2 27 35
2 2 27 35
8 2 28 15
4 2 28 14
1 6 28 43
6 2 28 45
1 2 28 46
2 3 28 47
5 2 28 48
4 2 28 66
8 3 28 83
2 4 28 85
8 2 28 83
5 2 28 84
3 2 29 8
5 3 29 8
2 2 29 15
8 2 29 23
4 2 28 23
2 2 29 29
8 2 26 30
3 2 26 30
4 2 28 30
7 2 28 30
4 2 29 46
8 2 29 47
6 3 29 47
5 2 29 50
3 2 29 56
6 2 29 61
3 4 29 64
2 2 26 63
2 2 28 63
8 2 27 62
2 4 29 71
2 2 29 77
2 2 28 76
8 2 27 75
4 2 26 74
2 2 26 75
5 2 27 76
6 3 28 77
1 2 29 82
7 2 29 84
6 2 29 85
8 2 29 89
1 2 29 90
6 10 29 97
6 18 30 1
2 3 30 11
4 2 26 10
8 2 28 11
2 2 28 10
4 2 30 13
4 2 30 16
5 2 30 21
2 2 30 22
8 2 30 29
5 2 30 30
2 2 30 43
2 2 30 50
8 2 26 51
4 2 30 51
2 2 29 52
2 2 28 53
4 2 27 54
6 2 29 53
2 2 30 55
2 2 29 55
6 16 30 57
7 2 30 66
8 2 29 66
2 3 30 67
5 2 30 68
6 3 30 69
8 2 30 70
8 3 30 73
2 2 30 77
2 2 30 83
2 2 30 85
2 2 30 90
4 2 23 91
4 2 30 91
8 2 26 90
2 2 29 92
2 2 28 93
6 3 28 93
8 2 30 94
8 2 27 95
2 2 31 3
4 2 31 7
3 2 31 26
8 2 28 26
2 2 28 27
4 2 29 27
2 4 31 27
2 3 31 31
5 2 31 48
7 3 31 50
5 2 31 52
6 6 31 65
7 2 31 68
8 3 31 75
2 2 29 74
4 3 29 75
8 2 31 77
4 2 31 83
6 13 31 89
7 3 31 91
1 2 31 92
2 2 32 5
7 8 32 8
4 3 32 10
8 2 28 10
2 3 32 11
6 3 32 11
2 4 32 13
8 2 31 14
4 2 32 15
5 2 32 16
3 2 32 17
2 2 32 21
3 3 32 28
7 2 32 31
2 2 31 31
2 2 32 37
3 2 32 37
4 2 28 38
2 2 29 36
6 2 32 37
2 2 32 45
4 3 32 50
6 2 32 51
8 3 32 54
5 3 32 54
6 5 32 59
2 2 28 58
7 2 31 58
4 2 31 59
2 2 28 58
3 2 28 58
6 2 28 59
2 2 31 63
8 2 31 62
4 3 31 63
5 2 31 64
2 2 32 61
5 2 32 66
4 2 32 67
4 2 32 70
4 2 31 70
6 11 32 71
1 2 32 74
6 3 32 93
4 2 32 94
2 2 29 95
6 2 33 5
3 3 33 12
6 2 33 21
6 2 33 29
3 3 33 30
8 3 33 30
1 2 33 34
2 2 31 34
4 2 31 35
4 2 33 35
3 7 33 36
6 2 33 45
8 2 33 46
3 3 33 52
4 2 31 51
7 6 33 64
1 2 33 69
2 2 33 75
5 2 33 90
4 2 29 90
2 2 29 91
8 3 30 91
6 2 31 91
4 2 33 90
3 8 33 92
1 2 33 94
2 2 34 9
8 2 34 11
8 2 34 16
4 3 34 17
8 2 32 18
4 2 31 19
2 3 34 19
4 2 34 27
1 3 34 29
2 2 34 45
3 2 34 50
7 2 34 54
2 5 34 58
8 2 33 58
1 2 33 58
2 2 34 69
7 2 34 70
4 2 34 74
6 3 34 75
8 4 34 76
2 4 34 99
2 2 30 98
3 2 35 20
2 2 32 19
2 2 35 29
7 4 35 38
8 2 34 39
2 2 33 38
8 2 35 49
5 4 35 55
7 3 35 60
3 2 35 66
6 2 35 69
3 2 35 74
7 3 35 78
4 2 35 87
8 2 31 86
3 2 31 87
2 2 31 87
4 4 31 88
8 2 33 87
5 2 35 95
1 2 35 96
6 13 36 9
4 2 35 14
2 8 35 15
2 2 35 12
6 2 35 13
6 2 36 17
7 2 36 18
4 2 36 19
4 7 36 39
8 2 34 34
5 3 35 36
7 2 35 36
2 6 36 52
6 2 36 55
4 2 33 55
4 2 36 59
1 3 36 61
6 7 36 65
1 9 36 67
2 4 36 69
8 2 36 79
2 2 36 79
7 2 36 92
2 2 36 94
4 2 33 95
6 2 33 95
8 3 36 95
4 2 36 99
2 2 23 98
4 2 35 98
7 2 34 97
8 2 27 98
6 2 27 99
8 2 34 98
1 2 37 1
3 2 37 2
2 2 37 19
1 2 37 21
3 3 37 22
2 2 37 34
2 2 37 39
3 10 37 42
6 2 37 45
6 17 37 52
2 2 37 46
4 2 37 47
8 2 37 51
4 2 37 57
5 2 37 58
8 2 37 59
6 2 37 61
4 2 37 78
2 2 37 95
4 3 37 97
1 2 37 98
1 2 36 98
2 2 38 2
4 2 37 1
4 2 38 3
6 2 38 3
1 2 38 16
2 2 38 17
6 11 38 19
4 4 38 33
6 2 38 40
4 2 38 41
8 5 38 42
4 2 32 43
6 2 32 43
2 2 38 47
8 2 38 46
6 2 38 47
1 2 38 56
4 3 38 64
8 2 38 73
6 33 38 80
4 2 38 91
2 2 36 90
8 3 38 90
6 14 38 97
6 4 39 1
8 2 36 2
8 2 39 3
3 3 39 4
4 2 39 7
2 2 36 6
8 2 38 6
2 6 39 7
4 3 39 11
8 4 39 18
2 2 39 21
3 2 31 22
8 2 39 23
8 2 35 22
2 2 36 23
4 2 36 23
8 2 35 23
2 2 35 23
6 2 37 23
4 2 33 23
8 2 38 23
4 3 38 22
3 4 38 24
7 2 39 24
8 2 39 25
3 2 39 32
8 2 38 31
3 4 39 38
8 2 37 38
6 3 39 57
3 3 39 58
5 2 39 60
6 4 39 62
8 2 39 66
2 2 39 73
3 3 39 98
7 2 40 1
2 2 40 13
3 3 40 14
7 2 40 16
5 2 40 22
6 2 40 37
2 2 40 37
4 2 40 43
8 2 36 42
6 3 40 43
2 31 40 45
4 2 40 43
1 3 40 61
8 2 40 63
4 9 40 70
4 2 39 71
2 2 40 77
6 2 35 76
8 3 40 83
2 2 40 93
1 6 41 1
7 3 41 4
3 2 41 6
6 2 41 13
7 3 41 24
3 5 41 26
7 2 39 26
3 2 39 26
4 2 39 27
2 2 38 28
5 2 38 28
4 2 41 26
8 2 39 27
5 5 41 29
3 2 41 29
2 2 39 30
6 2 41 29
8 2 41 30
6 3 41 33
6 2 41 37
1 2 41 38
1 5 41 57
8 2 41 55
6 2 41 72
6 2 41 77
6 5 41 84
8 2 36 83
2 2 38 83
6 2 41 93
4 2 41 94
8 2 41 94
2 2 42 2
3 2 42 2
6 3 42 7
1 2 42 8
4 5 42 24
4 2 42 22
7 2 42 22
2 2 42 23
3 3 42 28
4 2 42 47
1 5 42 49
4 3 42 52
8 2 42 60
4 2 41 59
2 2 41 59
3 2 41 60
2 2 42 61
4 6 42 64
7 8 42 67
1 2 42 68
6 2 42 69
7 12 42 72
4 2 39 75
2 2 38 76
7 2 39 76
2 26 42 77
2 2 42 83
4 2 40 83
5 5 42 85
4 2 37 85
2 2 42 93
1 4 43 3
1 2 43 16
6 12 43 17
6 2 43 23
6 2 43 27
6 2 43 41
8 4 43 42
4 2 43 44
2 2 41 43
3 2 43 58
6 2 43 59
1 2 43 65
8 2 43 70
2 2 41 71
4 2 43 79
4 2 39 78
5 2 39 78
8 3 43 78
4 2 43 82
1 2 43 88
8 2 39 87
2 2 40 87
2 2 39 86
6 2 39 87
6 5 43 93
3 2 43 97
6 20 44 1
2 4 44 11
5 4 44 20
8 2 44 19
4 2 43 18
6 2 44 21
8 2 44 23
2 2 44 23
6 16 44 25
2 2 44 29
2 7 44 43
6 3 44 50
2 2 39 50
4 2 43 50
4 2 44 54
6 13 44 65
5 2 44 69
6 2 44 69
8 3 44 90
2 4 44 91
2 2 44 95
4 2 44 95
4 2 45 3
8 2 45 7
3 2 45 8
8 3 45 10
7 3 45 12
2 3 45 13
8 2 45 15
2 3 45 20
3 3 45 30
2 2 45 33
5 2 45 34
1 2 40 34
4 2 45 42
2 15 45 50
8 2 44 50
2 2 44 51
2 5 45 53
4 4 45 68
2 5 45 70
3 2 45 86
7 3 45 92
5 2 43 91
2 3 45 93
1 2 45 94
6 6 45 97
2 2 46 3
5 2 46 29
2 2 46 34
3 2 46 33
4 3 46 34
2 2 45 36
2 2 44 37
6 2 45 37
2 2 46 43
1 2 46 47
8 2 46 51
6 3 46 52
4 2 45 53
8 2 46 51
1 9 46 57
1 3 46 66
4 3 46 71
2 6 46 87
8 4 46 91
4 2 47 3
4 3 47 11
4 2 45 10
6 4 47 13
8 2 42 14
2 2 46 14
5 2 47 12
4 3 47 14
2 3 47 27
8 2 45 27
2 2 44 26
6 2 44 27
4 3 47 31
4 2 46 31
3 2 47 32
6 2 47 33
1 2 47 35
5 2 43 34
5 2 47 36
1 2 47 41
1 15 47 44
8 2 45 43
4 3 47 48
4 7 47 51
2 2 47 53
4 3 47 54
3 2 47 62
8 2 47 66
4 2 47 79
8 2 47 86
4 2 44 87
7 2 47 85
2 2 45 84
6 2 45 85
8 2 45 86
2 2 45 87
2 4 46 85
4 3 47 87
1 4 47 95
2 2 48 5
4 2 48 6
2 2 46 5
6 2 46 5
2 2 47 5
5 2 44 4
2 2 44 5
6 3 48 5
3 6 48 12
2 6 48 15
7 7 48 22
4 2 47 20
1 2 48 30
6 2 48 37
8 2 47 38
4 2 48 39
6 2 48 39
6 3 48 41
6 3 48 49
3 9 48 50
6 2 48 55
2 2 48 61
6 2 48 68
7 4 48 72
5 3 48 72
1 2 47 71
5 3 48 78
8 5 48 81
8 2 48 82
4 2 47 83
1 2 48 90
4 2 47 90
6 4 48 92
2 3 48 95
4 2 48 96
5 2 49 1
5 2 49 9
2 2 49 9
2 2 49 11
8 4 49 12
4 2 49 14
2 2 49 31
3 5 49 33
8 2 47 34
7 2 47 34
3 2 47 34
8 3 49 37
5 2 49 38
1 4 49 49
6 7 49 54
2 8 49 69
6 3 49 77
7 2 49 79
6 2 49 85
6 3 49 89
8 2 49 97
1 2 49 98
4 2 46 98
2 2 47 98
6 5 50 1
8 3 50 4
4 2 50 2
2 4 50 5
8 2 50 7
2 2 50 13
5 2 50 16
3 2 49 16
2 2 50 17
2 7 50 19
4 2 50 18
4 2 50 21
8 2 50 31
2 5 50 35
3 3 50 36
2 2 50 37
2 2 50 51
5 2 50 56
6 42 50 65
5 2 50 76
5 5 50 79
2 2 48 79
1 2 46 78
8 3 48 79
2 3 50 79
2 2 50 85
5 2 50 96
6 2 51 5
5 2 51 9
8 2 51 14
7 2 51 14
4 3 51 23
6 17 51 33
8 2 51 27
4 2 50 26
7 2 51 39
3 4 51 41
1 2 51 40
4 2 51 41
6 2 51 41
2 2 51 42
3 2 50 42
3 2 51 46
7 2 51 46
4 2 51 48
3 2 51 53
4 2 51 71
6 2 51 74
7 6 51 78
8 3 51 83
6 2 51 85
7 2 51 99
2 2 52 0
3 2 52 16
4 3 52 18
1 2 52 22
4 2 52 35
8 2 50 35
7 2 52 36
8 2 52 39
6 2 52 50
4 3 52 57
6 3 52 58
2 2 49 58
8 3 50 58
4 2 50 59
2 2 52 59
6 2 52 69
1 2 52 74
4 2 52 75
8 2 52 75
4 2 51 74
6 25 52 81
4 2 52 82
8 2 50 83
6 2 50 83
2 6 52 83
5 2 52 86
8 4 52 89
6 25 52 97
4 2 51 93
2 2 51 93
6 2 52 93
1 2 53 2
1 2 53 17
3 2 53 18
2 2 50 18
6 2 50 19
8 3 53 19
2 3 53 21
2 2 53 23
1 2 53 37
2 2 52 37
3 3 53 38
3 4 53 41
3 7 53 46
6 21 53 47
2 18 53 53
2 2 53 74
4 2 53 98
2 3 53 99
8 2 52 98
3 2 54 0
2 2 54 2
3 2 51 3
2 2 52 3
6 2 52 3
4 2 54 3
2 3 54 7
4 3 54 7
2 2 54 7
6 5 54 9
2 2 52 11
6 2 52 11
4 2 54 11
6 17 54 17
4 2 54 23
8 2 54 24
4 3 54 25
2 4 54 41
3 2 54 55
4 6 54 55
8 2 42 55
5 2 49 55
2 2 50 55
4 2 50 55
3 2 54 60
6 7 54 61
2 2 44 62
6 2 44 63
8 2 45 63
4 2 51 62
8 2 50 63
2 2 54 76
1 3 54 82
8 4 54 83
1 2 55 4
3 2 55 8
1 6 55 15
3 3 55 20
7 3 55 26
8 2 55 34
6 7 55 41
5 7 55 43
6 2 55 43
1 3 55 57
5 2 55 64
2 2 54 63
2 3 55 67
8 2 55 66
1 3 55 77
5 2 55 83
7 2 55 84
6 2 55 85
4 2 55 87
4 2 52 86
8 2 54 86
6 6 56 0
2 4 56 2
6 2 56 5
8 2 56 7
8 2 56 14
2 5 56 21
7 2 56 24
2 2 56 23
6 2 56 25
4 2 56 27
8 2 52 26
7 2 52 26
2 2 53 27
4 2 55 27
2 5 56 26
4 2 51 29
7 2 51 30
2 2 56 37
1 2 56 38
8 3 56 46
6 4 56 55
2 2 56 55
2 4 56 61
6 2 56 63
7 3 56 66
7 2 56 68
1 5 56 71
3 2 56 78
7 2 56 86
8 2 56 87
2 2 56 93
4 2 57 5
1 2 57 6
3 3 57 10
2 2 56 9
2 2 57 15
6 2 57 21
8 2 57 27
6 2 57 37
6 2 57 61
2 2 55 61
4 2 57 67
4 2 55 66
2 2 55 67
2 2 57 77
4 2 57 85
2 2 57 87
5 2 57 89
2 2 55 90
4 2 55 91
6 2 57 93
3 2 57 98
8 2 58 3
1 2 58 4
2 4 58 5
1 2 58 24
2 2 58 25
6 3 58 27
4 2 58 26
4 3 58 29
2 2 54 29
6 2 54 29
4 2 58 37
6 35 58 41
5 2 58 50
7 2 58 50
2 3 58 55
8 2 56 54
1 2 57 54
2 2 58 61
8 2 58 60
6 3 58 61
1 2 58 64
1 2 58 69
7 3 58 70
7 2 55 70
2 2 55 71
6 2 55 71
2 2 58 71
2 2 58 85
6 3 58 87
8 2 58 89
2 2 58 93
6 2 59 5
3 3 59 7
1 2 59 8
1 2 58 8
7 4 58 8
8 3 59 10
8 2 58 11
2 2 57 12
6 2 57 13
3 3 58 12
2 2 58 13
6 2 59 13
6 2 59 29
4 3 59 31
2 2 49 31
1 2 49 32
2 2 53 31
4 2 59 46
6 3 59 53
1 2 59 56
6 5 59 57
6 3 59 68
2 2 59 69
8 6 59 70
3 2 59 74
8 2 59 80
3 2 59 87
8 3 59 91
2 2 54 91
2 3 60 0
2 3 60 4
2 2 60 10
1 3 60 10
4 3 60 11
2 2 60 13
2 3 60 28
7 2 59 27
2 2 60 36
1 2 57 35
5 2 57 34
2 2 57 35
4 2 57 35
8 2 59 35
6 2 59 35
2 2 60 34
3 2 60 47
5 2 60 48
6 2 60 55
6 2 60 69
7 3 60 72
2 2 60 76
4 2 57 75
8 2 57 74
7 2 57 74
2 2 57 75
3 2 57 76
8 2 59 75
6 3 59 74
2 2 60 86
8 2 60 87
5 2 60 90
4 2 60 90
8 2 58 91
4 2 57 90
2 6 60 94
8 2 59 95
8 2 57 94
3 2 61 0
3 7 61 8
2 2 61 11
7 4 61 12
3 3 61 14
7 2 61 28
6 2 61 29
2 2 61 31
2 2 60 31
4 2 61 35
2 3 61 38
1 2 61 46
3 2 61 53
8 2 61 52
6 7 61 53
2 2 61 63
2 3 60 62
4 2 60 63
3 5 61 64
4 2 59 62
2 2 59 63
6 2 60 63
2 3 61 68
3 2 61 68
5 2 61 70
2 2 61 89
2 2 61 91
2 2 60 91
7 5 61 92
2 3 61 97
6 2 62 1
2 2 62 9
4 2 62 8
1 5 62 12
6 21 62 25
7 6 62 36
8 2 62 62
5 4 62 72
4 2 62 71
3 2 62 72
7 3 62 74
6 12 62 89
1 2 62 96
4 2 59 95
2 2 59 95
6 6 63 9
6 4 63 15
3 2 61 15
6 2 61 15
3 2 63 16
8 2 63 18
4 2 62 19
2 2 61 20
2 2 60 21
4 2 59 22
7 2 62 20
8 2 61 19
4 2 60 18
2 2 60 19
4 2 63 23
8 2 62 22
1 2 60 23
3 2 60 24
2 3 63 29
8 2 63 30
4 4 63 31
1 2 63 51
5 2 63 52
6 6 63 62
6 2 63 75
7 2 63 76
8 2 63 82
4 2 62 83
2 2 61 84
6 2 61 85
5 2 63 92
3 3 63 94
4 2 63 94
7 3 63 96
6 3 63 97
6 3 64 2
1 2 64 4
2 2 64 5
6 2 64 6
2 2 64 13
4 2 64 19
6 4 64 19
2 5 64 21
8 2 64 26
8 7 64 31
3 2 64 34
4 3 64 35
2 5 64 41
7 2 59 42
8 2 57 43
8 2 64 42
4 2 63 43
2 2 62 44
6 2 62 45
2 5 63 45
5 2 64 50
2 2 64 53
7 2 64 56
2 2 64 61
2 2 64 69
4 3 64 71
6 6 64 73
2 2 64 74
4 2 64 75
1 2 60 76
8 2 64 75
5 2 64 90
3 2 64 92
8 3 64 95
8 2 64 98
2 2 62 98
4 2 62 99
2 3 64 99
7 3 65 0
1 2 64 0
6 2 65 5
6 2 65 13
7 2 65 15
2 3 65 15
5 2 65 17
3 3 65 18
6 2 65 21
4 2 65 33
2 2 65 35
5 2 65 42
8 2 65 55
8 2 63 54
2 2 65 55
4 2 63 54
5 2 65 57
6 2 65 61
8 3 65 63
2 2 65 63
6 2 65 69
3 2 65 74
2 5 65 75
5 3 65 77
7 3 65 78
2 2 64 77
4 2 60 78
4 2 58 79
6 2 64 77
1 2 65 82
2 2 66 1
8 2 66 15
8 13 66 36
5 2 65 38
8 2 60 39
4 3 66 54
7 4 66 60
2 2 66 61
2 2 66 83
2 2 64 82
1 2 65 82
6 2 65 83
8 2 66 97
6 5 67 0
4 2 62 2
7 2 67 5
8 2 63 6
5 2 63 6
2 3 63 7
8 2 65 6
4 2 67 6
8 2 67 10
6 4 67 17
7 2 67 18
4 3 67 19
3 8 67 20
8 2 61 22
6 2 61 23
5 2 67 33
4 2 67 37
1 2 67 43
5 2 67 44
6 2 67 55
6 2 67 57
3 2 67 58
3 2 61 58
2 2 56 59
8 2 56 59
4 2 58 59
2 2 62 58
4 3 67 59
4 2 67 79
7 2 67 80
4 2 65 80
6 2 67 81
1 4 67 83
8 2 64 84
2 2 64 85
2 2 67 96
8 3 67 99
8 2 59 98
4 2 61 98
2 2 61 99
6 2 62 99
8 2 64 98
4 2 64 99
2 4 68 3
8 2 67 3
4 2 68 2
2 2 68 3
5 3 68 2
1 2 68 18
3 2 68 33
3 9 68 39
6 24 68 41
8 2 63 39
4 2 63 39
2 2 62 39
6 2 62 39
8 2 63 39
5 2 63 40
7 2 64 40
4 2 68 39
2 2 68 46
8 2 65 46
2 2 68 48
8 2 63 47
4 2 65 47
2 3 68 54
6 5 68 61
6 2 68 75
1 2 68 78
2 2 68 81
4 2 65 82
4 2 68 83
6 33 68 97
5 6 69 1
2 3 69 5
6 26 69 9
2 2 67 15
4 2 68 15
1 2 68 16
1 5 69 29
8 2 67 27
5 2 69 30
5 2 68 31
4 2 69 42
2 2 69 43
8 4 69 43
6 2 69 43
5 7 69 57
3 3 69 60
7 2 69 62
2 2 69 72
8 2 69 71
3 2 69 81
7 3 69 82
1 6 69 85
8 2 65 86
4 2 69 95
4 2 67 94
7 2 67 94
6 2 67 95
2 2 69 94
2 2 66 93
6 2 66 93
8 2 67 92
8 2 64 91
7 3 70 12
2 4 70 23
7 2 67 22
4 2 70 23
3 3 70 24
5 2 70 32
3 7 70 33
5 3 70 34
6 14 70 35
7 2 70 43
6 2 70 45
3 2 70 46
2 2 70 50
4 2 64 51
4 2 62 50
5 2 62 50
8 2 62 51
4 2 70 51
2 2 69 52
6 2 69 53
2 2 70 53
2 3 70 63
2 3 70 67
8 2 61 67
2 2 61 66
4 2 66 66
8 2 68 67
2 2 68 66
4 2 66 67
8 2 65 66
6 2 65 67
8 3 70 69
2 2 69 69
4 2 68 70
8 2 67 71
2 2 67 71
6 2 68 71
1 2 70 71
4 3 70 71
7 5 70 73
2 5 70 74
2 2 70 83
7 3 70 84
2 3 70 85
6 4 70 85
5 2 70 94
6 21 71 5
4 3 71 15
6 6 71 29
4 3 71 31
5 3 71 44
7 3 71 46
4 4 71 46
5 2 71 48
8 2 71 50
6 5 71 53
6 2 69 55
1 2 69 56
3 2 70 56
7 2 71 65
8 2 71 66
6 20 71 81
8 2 56 79
2 2 66 79
8 2 70 79
8 2 69 78
2 2 70 79
4 2 71 79
7 2 71 87
4 3 70 86
1 2 70 86
3 2 71 86
1 2 71 88
8 2 71 94
4 2 71 95
1 2 71 98
4 2 72 3
4 3 72 6
2 3 72 12
8 3 72 15
7 2 72 21
8 2 72 23
2 2 72 23
2 3 72 28
2 2 71 27
2 2 64 26
2 2 69 26
1 2 72 30
6 2 72 31
2 3 72 31
5 3 72 34
2 2 72 37
3 2 72 44
6 8 72 57
2 2 72 61
7 2 72 64
4 2 72 66
7 2 70 66
3 2 72 65
6 3 72 67
2 3 71 67
1 2 72 70
8 2 72 71
2 2 72 77
8 2 72 79
4 2 67 78
8 2 71 78
3 2 71 78
2 2 71 79
8 2 72 83
3 2 72 84
8 2 72 87
2 2 72 93
2 2 73 7
2 2 69 7
6 2 69 7
7 2 73 8
6 2 73 13
7 2 73 24
1 4 73 25
2 2 71 23
3 3 73 26
7 2 70 26
4 2 70 27
6 2 73 29
6 2 73 49
5 2 73 50
2 2 67 50
3 2 67 50
1 3 73 65
3 2 73 68
3 2 72 68
3 7 73 70
8 6 73 75
1 5 73 78
7 3 73 86
1 2 73 90
1 2 65 90
2 2 71 90
4 2 71 91
2 2 70 92
6 2 70 93
6 2 73 93
3 2 74 2
3 2 74 8
8 2 71 7
1 2 74 7
4 2 74 7
2 2 74 9
2 9 74 13
4 2 70 10
2 2 71 10
7 2 74 15
8 2 74 25
7 2 74 24
6 16 74 25
7 2 74 32
1 4 74 39
8 2 73 38
2 3 73 39
4 3 74 39
1 16 74 45
3 2 74 48
8 2 72 47
2 4 74 49
2 4 74 55
4 2 74 57
8 2 67 58
6 2 69 58
7 2 74 66
6 3 74 69
1 2 74 74
2 2 74 93
3 3 75 16
8 2 75 15
8 2 75 32
3 4 75 37
2 2 75 39
5 4 75 51
6 2 69 50
4 2 75 54
8 2 74 55
2 2 74 55
7 4 74 56
6 37 75 65
1 2 75 80
5 2 75 91
4 2 70 90
8 2 74 91
8 2 73 90
1 2 75 92
6 13 76 9
6 2 72 3
8 2 75 3
2 3 76 14
3 5 76 22
2 2 76 20
8 2 75 19
6 3 76 21
4 2 76 22
7 2 76 34
4 3 76 34
6 2 76 33
4 3 76 33
8 3 76 42
7 8 76 50
8 3 76 55
2 2 76 60
8 2 75 59
6 2 76 61
8 2 76 67
4 6 76 75
3 6 76 78
2 2 76 90
4 2 76 91
4 2 77 10
8 2 77 11
2 2 77 11
2 3 77 13
1 2 77 17
3 2 77 18
2 2 72 18
8 2 73 18
7 2 73 18
5 2 74 18
4 3 77 42
2 2 74 42
2 2 77 42
4 8 77 48
8 2 77 52
8 2 74 51
4 2 77 53
5 2 77 54
1 2 77 57
7 2 77 58
7 5 77 60
2 5 77 68
7 2 77 68
6 2 77 71
2 2 77 71
4 3 77 93
1 2 77 94
7 2 78 18
2 4 78 21
2 2 77 23
6 2 77 23
4 2 78 37
8 2 78 37
5 2 78 38
6 83 78 49
6 2 78 69
4 2 78 83
1 2 74 84
2 2 77 84
5 2 75 85
6 2 77 85
2 2 78 85
6 14 78 89
2 2 72 87
8 3 79 10
1 3 79 12
6 30 79 17
1 2 79 72
8 2 79 77
2 2 79 76
4 2 79 79
4 2 79 87
8 2 78 86
3 3 79 95
2 2 76 95
4 2 76 95
1 2 79 96
2 5 80 2
2 2 78 2
2 2 80 5
4 2 80 11
3 3 80 20
1 2 78 19
6 2 80 21
5 2 80 24
2 2 80 29
3 3 80 35
5 2 80 36
1 2 80 39
3 2 80 55
5 2 80 56
2 2 80 69
5 2 80 78
8 2 80 79
8 2 80 83
2 2 77 82
6 2 80 85
8 2 80 87
2 2 78 87
2 4 80 93
8 2 80 95
4 2 80 96
5 2 81 16
6 2 81 29
5 3 81 38
4 3 81 39
6 3 81 44
6 2 81 43
1 2 78 42
3 2 78 42
2 2 81 46
6 2 81 57
5 2 81 58
4 2 71 58
8 2 74 58
7 2 74 58
1 2 75 58
7 7 81 61
2 3 80 61
2 2 72 63
6 2 72 63
8 2 76 63
4 2 76 62
2 2 81 79
2 2 78 79
2 2 81 87
6 2 81 93
6 2 81 95
2 2 81 97
1 2 81 98
4 2 78 98
8 2 82 3
8 2 80 2
4 2 82 2
1 3 82 4
2 2 77 5
2 2 79 4
6 2 79 5
6 4 82 9
4 4 82 19
7 3 82 20
3 2 82 22
2 2 82 29
2 3 82 37
4 4 82 42
1 2 82 43
2 2 82 53
2 2 82 61
4 2 82 80
8 2 82 81
8 5 82 84
6 3 82 85
4 2 82 87
5 2 83 18
3 2 83 18
8 3 83 19
4 2 81 19
5 2 83 20
2 2 83 21
5 2 83 27
4 2 82 26
5 2 77 27
4 2 80 27
1 2 80 28
2 2 81 27
8 2 80 26
6 2 83 29
4 2 83 31
4 2 82 30
4 2 83 40
3 2 83 46
6 2 83 53
8 2 83 56
3 2 83 58
1 3 83 58
4 2 77 59
1 2 77 60
8 2 82 59
5 2 83 60
6 2 83 61
6 2 83 63
4 2 80 63
8 3 82 62
7 2 83 64
4 2 83 72
3 3 83 82
6 2 83 87
1 2 83 88
6 11 83 97
7 2 75 98
4 2 84 3
8 3 84 6
2 2 76 6
8 2 78 6
2 4 84 7
2 9 84 10
2 2 84 11
5 6 84 15
8 2 82 14
6 2 84 23
3 3 84 24
2 8 84 28
8 2 82 27
2 2 79 26
3 2 82 28
8 2 84 31
6 2 84 35
6 2 84 37
1 2 84 39
1 7 84 44
6 3 84 45
7 2 84 48
2 2 84 53
2 3 84 57
3 2 84 59
2 2 83 58
2 2 81 59
8 2 78 58
6 2 81 59
4 2 83 59
2 3 84 59
2 2 84 62
2 2 82 63
7 4 84 66
8 2 83 66
4 2 79 67
5 4 84 70
6 26 84 81
2 2 84 68
6 2 84 69
2 2 84 83
1 2 82 82
8 2 83 82
1 2 84 99
8 2 78 98
8 2 83 98
2 2 85 3
3 2 85 22
3 2 85 26
5 2 85 30
2 6 85 34
4 2 85 35
8 3 85 46
6 2 85 47
5 3 85 65
2 2 83 66
1 2 85 90
4 2 86 7
4 2 85 6
7 2 86 8
2 2 86 15
2 2 86 26
4 4 86 27
4 2 86 31
4 2 79 30
6 2 79 31
4 2 80 31
2 2 79 31
4 2 79 31
6 2 81 31
2 2 86 35
7 2 86 36
6 2 86 37
2 2 86 45
2 2 86 47
1 2 86 74
2 4 86 83
5 2 83 84
8 2 86 85
2 2 86 90
4 2 86 91
8 2 82 90
2 2 85 92
2 2 84 93
4 2 83 94
6 2 85 93
6 10 87 1
4 2 87 10
8 2 87 14
4 3 87 15
2 2 87 23
4 2 87 23
8 2 84 23
4 2 85 23
8 3 87 22
1 2 87 31
5 3 87 32
8 3 87 34
4 2 87 35
2 3 87 37
2 4 87 43
7 2 87 48
7 2 87 57
6 23 87 57
2 2 79 66
4 4 87 66
4 2 82 66
4 2 86 67
7 3 86 68
2 2 87 74
4 2 87 75
2 2 86 76
2 2 85 77
6 3 85 77
2 3 87 77
8 2 85 76
1 4 87 91
4 2 85 90
2 2 85 91
4 3 87 95
2 2 85 95
6 5 88 5
2 2 84 4
6 2 84 5
2 2 85 5
3 8 88 6
8 2 88 7
2 3 88 7
2 2 88 21
5 4 88 24
1 3 88 26
2 2 88 27
6 2 88 27
3 5 88 28
2 6 88 31
3 2 88 32
4 2 88 45
4 3 88 47
4 2 87 47
4 2 88 51
4 2 85 50
8 2 85 51
2 2 85 51
2 2 87 52
6 2 87 53
8 2 88 58
2 2 88 61
4 2 88 73
7 2 88 82
1 2 88 86
2 2 86 86
2 2 84 87
8 2 84 88
8 2 88 87
6 35 88 88
2 2 87 98
4 2 88 87
8 2 88 98
4 2 88 99
4 2 89 3
1 2 89 8
7 7 89 8
1 5 89 11
8 2 89 10
6 2 89 11
2 4 89 15
6 2 89 21
8 3 89 33
5 2 89 34
3 5 89 36
1 2 89 46
2 2 89 53
6 2 89 61
7 5 89 64
8 2 88 62
5 2 89 66
2 2 89 67
3 3 89 68
8 2 88 67
4 3 89 75
1 2 89 77
4 2 89 83
8 2 89 82
4 2 89 82
6 2 89 93
8 2 88 94
2 2 89 99
2 3 90 11
5 2 90 12
2 2 90 13
4 3 90 17
1 2 87 18
2 2 85 19
6 2 85 19
8 2 88 18
2 2 90 21
6 3 90 33
7 2 90 50
2 2 90 51
2 2 88 50
8 2 90 50
2 2 90 61
3 2 90 66
4 2 90 67
5 2 90 68
2 2 90 69
7 2 90 70
8 2 84 70
1 2 86 70
2 2 86 71
4 4 87 70
8 2 89 70
2 5 89 71
8 2 90 75
2 3 90 76
8 2 90 77
3 7 90 92
1 2 90 94
6 2 91 7
6 14 91 9
8 91 77 9
4 100 78 0
2 100 79 0
8 100 80 0
2 100 81 0
8 100 82 0
2 100 83 0
8 100 84 0
6 100 85 0
4 100 86 0
2 100 87 0
8 100 88 0
2 100 89 0
4 100 90 0
8 100 91 0
6 100 92 0
4 100 93 0
2 100 94 0
5 200 95 0
4 100 97 0
2 100 98 0
