215266
2297
3 2 0 0
6 6 0 3
1 11 0 4
3 4 0 8
4 2 0 10
7 3 0 15
5 2 0 16
8 6 0 19
5 2 0 23
1 2 0 25
2 3 0 26
4 7 0 32
6 4 0 39
7 4 0 41
1 5 0 47
1 2 0 49
1 2 1 2
2 3 1 5
7 8 1 17
3 2 1 27
2 2 1 29
5 2 1 30
6 2 1 33
4 2 1 35
5 5 1 38
6 4 1 42
1 2 2 0
2 16 2 7
5 4 2 10
5 2 1 12
5 3 2 14
6 2 2 13
5 7 2 20
1 2 2 22
7 2 2 26
6 2 2 35
2 13 3 2
4 2 3 8
7 2 3 14
8 4 3 17
8 4 3 22
4 3 3 26
8 2 3 29
3 2 3 35
5 5 3 36
7 4 3 37
6 5 3 41
8 6 3 43
7 2 3 42
3 2 4 1
8 12 4 5
1 2 4 20
2 3 4 25
6 4 4 24
3 3 4 28
4 13 4 43
7 2 4 46
3 2 4 46
7 2 5 13
2 2 5 20
2 2 5 22
8 6 5 26
5 4 5 27
2 3 5 45
5 2 6 1
6 2 6 11
5 2 6 12
7 5 6 19
1 2 6 22
2 2 6 28
4 6 6 29
8 4 6 30
6 3 6 34
1 2 5 33
3 3 5 33
4 2 6 34
1 3 6 42
1 3 6 44
6 6 6 46
3 11 6 47
4 3 7 9
1 2 5 8
8 2 7 11
6 2 6 10
4 2 6 9
3 2 6 8
3 2 7 10
7 2 7 12
8 4 7 15
6 2 6 15
8 2 7 13
1 3 7 14
5 2 7 15
7 2 7 16
4 2 7 22
3 5 7 25
7 2 6 23
8 2 7 32
4 4 7 33
6 17 8 15
3 2 8 22
7 4 8 23
2 36 8 36
3 3 8 44
4 4 8 49
5 4 9 0
8 2 9 9
1 2 8 10
3 2 9 8
7 13 9 9
5 2 9 21
5 3 9 25
6 2 9 27
7 3 9 29
3 2 10 0
1 2 10 0
4 3 10 1
6 2 10 6
8 3 10 11
2 4 10 16
7 7 10 18
4 2 10 22
8 3 10 34
8 2 10 41
8 2 5 40
7 2 5 40
8 2 8 41
5 2 8 40
7 2 9 41
8 6 11 0
3 2 11 19
2 2 11 20
4 4 11 24
8 3 11 26
5 2 11 27
1 3 11 35
7 2 11 36
2 2 10 37
8 4 11 39
2 2 11 40
6 2 10 40
4 2 10 41
1 3 11 42
4 3 11 45
3 2 11 44
6 4 11 44
1 2 12 4
2 24 12 13
5 3 12 21
5 2 12 25
7 6 12 27
5 2 12 28
8 3 12 30
6 2 12 46
5 2 12 49
6 3 13 1
6 2 13 4
6 2 13 8
5 2 13 8
8 2 13 16
3 3 13 17
4 58 13 40
2 2 14 1
5 15 14 4
1 10 14 20
6 39 14 22
8 22 14 29
6 13 14 36
6 3 14 47
7 2 15 0
6 2 15 2
7 9 15 3
8 2 15 9
4 2 15 8
5 2 15 11
5 2 15 47
8 2 12 48
2 2 12 49
1 2 13 48
4 2 15 48
6 4 15 49
8 2 16 13
1 2 16 15
6 2 15 16
1 2 15 17
2 2 16 19
5 3 16 21
5 2 16 28
2 4 16 37
8 2 16 47
8 2 17 5
4 2 17 6
6 3 17 13
5 2 17 15
3 2 17 19
6 5 17 31
3 2 17 32
7 11 17 47
3 2 18 1
4 2 17 0
5 2 18 2
7 2 18 5
2 3 18 6
6 11 18 8
1 2 18 16
2 2 18 17
3 7 18 21
1 2 18 27
7 2 18 28
5 2 18 31
5 2 18 33
4 2 18 36
7 2 15 37
5 2 17 37
8 3 19 0
8 4 19 6
7 2 19 11
3 28 19 14
2 2 19 29
4 38 19 30
2 9 19 37
8 4 20 27
7 3 20 38
1 2 21 1
6 4 21 17
5 15 21 19
7 3 21 22
4 35 21 25
3 2 21 42
2 2 20 41
1 2 22 9
4 30 22 10
8 4 22 49
8 9 23 0
2 2 21 1
8 2 22 1
6 2 22 2
7 2 23 3
1 2 23 18
5 2 23 17
4 3 23 37
4 3 22 36
6 2 23 38
7 13 23 40
2 18 23 44
6 13 23 48
1 2 24 2
1 2 24 11
8 2 24 11
2 3 24 18
3 3 24 27
2 2 24 30
5 3 24 31
2 2 25 1
7 10 25 12
1 2 25 20
1 21 25 25
1 2 21 28
2 2 23 28
7 2 25 28
1 2 25 29
3 2 25 30
1 2 25 49
2 4 26 3
6 6 26 13
4 2 26 19
2 2 26 24
6 2 26 34
5 2 26 38
3 4 27 1
6 12 27 4
5 3 27 10
1 3 27 12
3 2 27 15
5 2 27 15
8 15 27 16
3 6 27 20
2 30 27 29
2 2 27 38
4 12 27 41
6 2 27 44
1 5 27 45
3 4 28 5
7 2 28 14
8 2 28 17
5 2 26 18
4 2 28 18
1 2 28 19
7 18 28 29
6 3 28 36
2 2 28 36
1 2 28 38
1 2 28 43
3 3 28 45
5 2 29 1
2 2 29 0
3 2 29 3
2 2 29 6
3 10 29 8
6 4 29 10
8 4 29 12
8 2 29 14
3 2 29 23
8 10 29 40
2 3 29 42
6 2 29 42
4 5 30 1
5 2 30 11
8 2 30 11
1 2 30 13
7 3 30 15
3 2 30 25
1 2 30 36
5 2 30 36
1 8 30 44
2 2 30 45
7 2 30 46
2 2 30 46
3 3 31 2
5 4 31 7
6 2 30 6
7 2 31 10
2 2 31 11
3 3 31 12
3 2 31 34
7 2 31 35
4 3 31 47
4 20 32 3
7 2 32 12
1 5 32 18
3 3 32 20
8 3 32 21
2 2 32 23
7 4 32 38
8 2 32 39
3 4 32 49
6 4 33 8
2 3 33 9
7 5 33 11
1 5 33 14
4 2 33 14
7 3 33 23
4 3 33 27
8 21 33 32
6 3 33 37
1 2 33 40
2 4 33 42
8 3 34 6
7 2 34 15
3 2 34 15
7 3 34 20
6 2 33 19
2 2 33 18
6 2 32 17
7 2 32 18
5 2 34 21
3 3 34 23
5 4 34 26
2 2 34 40
3 5 34 43
6 2 34 47
7 21 34 48
4 3 35 0
1 2 34 0
4 2 35 5
7 3 35 7
5 2 35 7
1 2 35 10
8 4 35 12
2 2 35 13
8 7 35 14
3 8 35 19
7 2 35 25
6 4 35 29
6 2 35 27
3 3 35 31
8 3 35 36
8 2 34 36
1 3 34 36
4 2 35 44
2 2 34 45
6 3 36 1
5 2 36 5
1 3 36 4
6 2 36 6
3 2 36 17
2 2 36 16
4 2 35 17
1 20 36 16
8 28 36 21
6 2 36 31
4 3 36 43
3 2 36 44
7 2 37 6
8 9 37 7
4 2 37 5
2 8 37 5
2 2 37 11
5 2 37 25
7 2 37 28
8 2 34 27
4 2 37 31
7 2 37 37
7 2 35 37
1 2 35 38
4 2 37 36
1 3 37 38
8 2 37 40
6 9 37 42
2 2 37 44
1 2 37 45
1 2 35 46
7 2 37 44
4 13 37 46
5 4 38 0
1 2 38 5
7 2 38 8
1 3 38 10
4 12 38 17
1 6 38 20
6 4 38 28
2 3 38 36
3 2 38 40
3 2 38 44
7 2 39 6
1 2 39 7
6 6 39 32
1 4 39 34
5 2 39 40
5 5 39 43
8 2 39 45
1 47 40 26
3 26 40 36
7 7 41 1
2 4 41 9
8 24 41 15
1 2 41 22
6 3 41 22
3 2 41 39
3 3 41 45
1 3 42 5
8 3 42 12
3 2 42 18
4 4 42 21
2 3 42 34
7 2 42 40
8 3 43 1
1 2 43 8
4 2 42 9
6 2 43 34
4 4 43 39
5 13 44 24
2 2 44 31
7 3 44 31
2 5 44 39
5 9 44 38
5 4 44 42
6 3 44 44
6 3 44 49
1 4 45 0
1 13 45 5
7 2 45 4
5 16 45 10
1 22 45 18
6 2 45 26
7 2 45 27
5 2 45 30
8 3 45 30
2 2 45 33
1 4 45 34
4 3 45 36
1 7 45 44
7 3 46 0
8 3 46 2
5 3 46 4
6 2 46 4
8 3 46 5
3 2 46 6
2 2 46 9
4 3 46 13
5 6 46 17
4 2 46 24
2 2 46 23
8 3 46 25
5 2 46 25
3 24 46 25
6 8 46 32
7 2 46 34
3 2 46 35
1 2 46 38
4 2 46 41
7 2 46 43
8 3 46 47
7 2 43 45
1 2 43 45
3 2 47 3
6 2 47 5
5 11 47 6
7 2 47 6
2 2 47 35
6 2 47 42
7 2 47 46
8 2 47 49
5 2 48 0
6 2 48 0
1 2 48 6
3 2 48 5
7 2 48 22
4 5 48 35
4 2 48 37
1 2 48 43
6 2 48 45
2 2 48 47
5 2 49 0
7 2 49 1
1 5 49 2
5 35 49 5
7 4 49 10
2 2 49 18
8 2 49 24
5 2 49 23
6 2 49 36
3 3 49 37
5 4 49 36
7 2 49 40
5 2 49 41
3 2 49 42
3 2 48 43
5 2 49 44
8 2 49 46
1 2 49 48
2 2 50 9
4 2 50 11
8 2 50 10
8 2 50 18
5 4 50 20
4 12 50 29
3 2 50 33
7 2 50 37
2 2 50 38
6 2 50 40
6 2 51 15
7 3 51 19
8 3 51 21
2 2 51 22
1 3 51 24
6 5 51 26
8 2 50 27
2 2 51 36
8 2 51 38
7 2 51 39
3 2 51 41
1 17 51 43
1 2 51 48
8 2 51 47
2 6 51 49
3 3 52 1
3 2 52 10
6 2 52 12
7 2 51 13
6 2 51 14
1 2 52 16
4 12 52 27
4 2 52 33
2 2 52 41
2 2 52 46
6 2 52 46
3 5 52 46
2 2 53 0
8 2 52 0
2 2 52 0
1 9 53 3
8 3 53 7
7 3 53 9
5 18 53 13
8 2 53 17
5 8 53 21
3 20 53 22
2 4 53 30
2 35 53 34
2 2 52 33
6 2 52 34
3 26 53 34
8 2 53 42
4 5 54 1
4 3 54 6
5 8 54 10
7 3 54 12
1 4 54 19
2 2 54 26
1 2 54 42
2 2 54 46
3 2 54 49
3 2 55 2
2 2 55 6
3 2 55 11
1 2 55 12
4 2 55 17
5 2 55 26
1 2 55 27
7 3 55 42
5 2 56 0
1 2 56 5
6 3 56 9
4 2 56 12
8 2 56 16
2 2 56 19
8 2 56 41
2 6 56 44
6 2 56 46
4 2 57 2
2 2 57 1
1 6 57 14
2 2 57 17
1 2 55 16
6 2 55 16
1 4 57 19
7 3 57 26
3 3 57 46
2 9 58 11
8 8 58 15
3 2 58 17
2 2 58 23
4 2 58 24
4 2 57 23
6 2 58 27
8 3 58 31
8 2 58 35
8 3 58 40
3 3 58 41
4 2 58 45
4 3 59 4
1 2 59 5
7 2 59 12
5 2 59 19
7 3 59 21
6 7 59 22
7 10 59 23
5 2 59 30
6 2 59 37
3 2 59 37
1 4 59 41
8 2 59 43
5 2 59 45
6 2 60 9
7 2 58 8
6 2 58 9
4 2 60 8
2 2 60 7
5 4 60 12
2 2 60 13
7 11 60 15
2 2 58 17
2 4 60 18
5 2 58 19
7 4 60 42
4 3 60 43
6 2 59 43
3 2 60 44
3 2 60 48
6 2 61 4
7 4 61 5
8 2 61 5
3 2 61 7
7 2 61 9
2 5 61 20
5 2 61 25
8 2 61 29
5 2 58 29
4 2 59 28
1 2 61 31
6 2 60 30
7 3 61 32
6 2 61 33
4 2 61 37
6 2 61 38
6 3 61 40
5 2 61 46
5 2 59 47
3 3 59 48
5 2 61 49
8 5 62 9
5 2 62 10
2 2 62 13
3 2 62 17
4 2 62 23
5 2 62 23
4 47 62 29
8 3 62 36
4 3 62 44
4 2 62 45
1 2 61 46
3 3 62 46
4 2 62 48
1 2 63 3
7 18 63 4
1 2 63 7
3 2 63 9
1 2 63 12
5 2 63 17
3 2 63 19
8 2 63 20
7 2 63 20
6 2 62 19
6 6 63 24
6 2 63 35
3 43 63 40
5 2 63 48
7 2 63 48
3 2 64 13
1 3 64 14
3 3 64 18
1 2 64 19
4 2 64 20
4 2 64 23
7 3 64 36
1 15 65 0
6 2 63 0
3 2 62 1
5 2 64 1
6 2 65 1
5 2 65 8
5 74 65 10
5 3 65 23
8 6 65 33
1 2 64 34
2 2 65 33
6 2 65 48
8 2 66 3
7 2 66 23
1 2 66 33
5 9 66 37
1 2 67 0
3 2 67 0
7 3 67 0
8 2 67 6
1 5 67 7
6 2 65 6
4 2 63 5
7 2 65 6
5 2 67 33
5 4 67 47
6 3 67 47
7 3 67 49
1 2 68 1
3 2 67 2
2 11 68 2
2 25 68 23
8 2 68 26
2 2 68 27
1 2 68 29
4 2 68 34
7 2 68 33
4 2 68 39
5 13 69 6
3 2 69 15
1 2 69 27
8 6 69 33
3 2 69 33
4 48 70 11
1 2 70 14
4 2 70 19
7 2 70 28
1 2 70 30
6 37 70 37
2 2 69 38
5 2 69 39
1 2 69 38
4 2 69 39
1 24 70 41
7 3 71 16
7 2 71 25
6 6 71 28
8 6 71 29
3 5 71 31
7 60 71 40
1 2 72 2
2 2 71 1
4 2 69 0
7 2 71 2
2 6 72 16
2 2 72 19
8 2 72 20
2 2 73 1
6 2 73 2
1 8 73 14
6 2 73 16
4 5 73 21
7 4 73 26
2 2 73 27
5 4 73 30
8 3 73 48
7 2 73 48
6 2 73 48
8 3 74 22
1 2 74 48
8 2 75 13
6 3 75 15
1 3 75 24
8 2 75 27
4 2 75 32
5 10 75 47
2 2 75 48
6 3 76 1
8 3 76 5
3 2 76 7
8 2 76 7
3 2 76 13
2 2 76 19
6 2 74 18
1 2 76 20
7 4 76 21
1 2 74 24
1 14 76 27
3 2 76 31
1 4 77 0
8 2 73 0
4 2 75 0
7 2 77 1
3 2 76 0
1 10 77 2
4 2 77 2
4 2 77 5
2 2 77 4
3 2 75 5
2 2 77 7
1 2 77 9
2 16 77 15
7 52 77 18
6 2 77 30
1 20 77 31
5 6 77 35
8 2 77 46
2 2 77 48
2 8 78 2
4 3 78 4
3 2 78 6
1 2 78 7
8 2 78 9
2 2 78 24
3 2 78 24
2 2 78 35
6 2 78 35
5 2 78 37
6 2 78 37
5 2 78 42
2 2 78 46
3 2 78 48
3 4 79 5
5 2 76 5
5 3 79 6
1 3 79 10
8 2 79 36
2 2 79 37
8 2 80 1
6 5 80 9
7 3 80 35
8 2 80 43
1 2 80 46
3 2 80 48
2 2 80 49
4 7 81 5
3 3 81 7
2 18 81 31
6 5 81 38
5 2 82 1
1 5 82 7
3 10 82 11
1 5 82 16
4 3 82 28
8 3 82 31
1 3 82 36
8 3 82 37
8 2 82 39
8 2 82 45
4 5 82 45
4 3 83 0
7 5 83 9
8 3 83 15
3 3 83 46
4 4 83 47
7 2 82 48
5 2 83 47
5 2 83 49
8 19 84 3
6 3 84 11
1 4 84 11
6 2 84 11
7 2 84 10
7 2 84 15
5 2 82 14
4 2 82 14
3 2 84 18
6 6 84 21
2 2 84 23
6 2 80 24
5 5 84 24
5 2 82 25
3 2 82 26
6 2 84 30
7 2 84 33
3 2 84 35
7 3 84 48
6 2 85 1
5 3 85 0
2 3 85 15
1 2 85 23
4 2 85 25
6 2 85 26
5 2 85 29
8 9 85 32
2 2 85 36
5 2 85 37
7 2 84 38
2 2 79 39
1 2 80 39
8 2 80 39
2 2 83 39
6 7 85 37
6 2 85 44
1 2 85 48
7 19 86 0
6 16 86 5
8 2 86 7
8 2 86 9
8 2 84 9
5 2 84 10
6 9 86 16
4 2 86 23
5 3 86 25
4 7 86 27
8 11 86 30
2 44 86 31
5 9 86 34
4 2 86 43
4 2 81 42
3 2 81 43
5 2 86 47
6 2 86 49
7 9 87 6
3 2 87 14
4 23 87 21
7 2 82 19
5 2 82 19
3 2 83 19
3 2 87 37
5 2 87 43
2 2 80 42
2 2 82 42
1 2 83 42
4 2 83 43
8 2 84 42
6 2 84 41
6 2 88 11
1 3 88 13
3 2 88 16
4 2 88 16
2 22 88 17
6 2 88 22
5 2 88 36
1 3 88 35
2 2 88 35
2 46 88 39
8 39 89 8
7 2 88 14
1 3 89 33
3 2 89 36
8 5 90 1
3 2 90 2
2 2 90 13
4 4 90 14
4 2 90 36
4 10 91 3
3 2 91 15
6 3 91 20
5 4 91 22
2 2 90 23
3 3 90 24
7 20 91 36
1 2 91 41
4 3 91 43
4 2 90 45
5 3 90 46
2 2 92 19
2 2 92 25
7 2 92 25
3 3 92 40
6 2 92 42
5 6 92 44
6 2 92 47
3 2 93 0
7 28 93 13
8 2 93 18
7 2 93 20
4 2 93 24
1 2 93 23
6 8 93 25
1 7 93 33
3 3 93 35
8 2 93 39
4 3 93 42
1 2 94 1
1 2 94 7
4 2 94 19
8 2 94 26
6 4 94 43
8 4 94 46
8 3 95 0
1 2 95 9
2 5 95 10
7 2 95 12
3 2 95 13
6 2 95 19
8 5 95 19
7 4 95 29
2 2 92 28
6 2 94 28
7 3 94 29
8 3 95 28
1 2 95 29
8 5 95 32
4 3 95 38
5 3 95 39
1 2 95 44
5 2 95 47
6 2 95 48
3 2 95 48
7 2 95 49
7 4 96 6
4 3 96 11
1 3 96 19
2 2 96 22
8 2 96 23
7 2 96 26
8 6 96 30
4 4 96 34
1 2 96 38
3 2 96 39
2 2 94 40
4 3 96 40
8 2 96 43
3 2 94 42
7 3 96 44
4 4 97 9
5 2 97 7
3 3 97 7
6 2 97 9
5 2 97 9
1 2 97 9
3 7 97 27
3 2 97 27
5 2 97 28
6 2 97 42
7 3 97 43
8 4 97 49
1 2 98 0
2 2 98 0
6 3 98 2
5 2 97 1
2 3 98 8
3 3 98 11
3 2 98 11
2 3 98 14
4 3 98 15
3 2 98 15
1 59 98 22
4 2 98 33
5 2 98 34
6 43 98 37
2 4 99 3
8 4 99 5
5 15 99 6
4 7 99 27
8 2 99 46
1 4 99 47
8 2 100 1
4 2 100 0
3 2 100 2
7 2 100 2
5 2 100 4
4 16 100 31
5 6 100 35
6 2 101 1
4 2 101 3
7 25 101 7
6 2 101 13
1 2 101 12
7 2 101 15
3 2 101 25
1 2 101 33
2 2 101 33
6 2 101 33
4 2 101 44
3 8 101 46
4 2 102 0
2 3 102 2
5 9 102 11
7 13 102 28
2 18 102 44
5 4 103 3
4 4 103 4
6 4 103 14
7 2 103 15
3 3 103 24
2 2 103 24
5 4 103 40
7 2 103 43
6 7 103 49
5 2 100 48
8 2 100 49
7 2 101 47
6 2 101 47
7 2 103 47
3 2 104 0
7 2 104 2
3 2 104 16
5 2 101 17
4 2 103 15
7 7 104 24
4 2 103 22
1 2 103 22
4 2 104 29
3 2 104 30
5 3 104 32
7 4 104 36
2 2 104 37
7 2 104 38
8 2 105 4
2 2 105 5
5 4 105 6
8 3 105 29
3 17 105 38
1 2 105 43
2 2 106 2
4 34 106 4
1 3 106 10
7 2 105 9
2 4 106 17
1 2 104 15
8 2 104 15
5 2 106 19
2 2 106 25
2 2 106 28
1 2 106 27
5 6 106 32
6 2 104 33
7 2 104 34
8 2 106 35
3 2 105 34
2 11 106 36
4 18 106 41
7 2 106 45
7 6 107 19
6 2 104 17
8 2 107 17
8 2 106 16
5 2 107 16
3 4 107 24
7 3 107 34
8 2 107 45
5 2 107 45
3 2 107 46
1 2 102 47
2 2 102 48
3 2 108 0
3 2 108 5
3 6 108 11
3 2 108 26
5 3 108 25
6 6 108 27
6 6 108 33
5 3 109 0
7 2 107 0
6 2 107 0
3 2 105 0
1 2 106 0
5 2 107 1
7 2 108 0
6 3 109 0
7 2 109 5
6 2 109 6
7 3 109 7
8 2 109 10
2 15 109 13
3 2 109 13
5 3 109 21
5 2 106 22
8 2 106 23
4 2 109 23
8 11 109 31
1 2 109 41
1 25 110 7
4 2 110 39
3 2 110 48
1 2 106 48
7 12 111 1
7 2 111 12
6 2 109 11
3 2 111 13
8 2 111 13
1 2 111 12
5 2 111 14
8 7 111 21
3 2 111 23
7 2 111 22
6 2 111 27
7 3 111 27
7 2 111 30
1 2 110 29
3 13 111 36
1 9 111 38
2 2 111 41
7 9 111 48
2 2 108 48
3 2 108 48
3 8 112 5
2 2 112 10
4 13 112 10
7 7 112 25
5 2 112 28
3 2 112 29
4 2 112 29
7 7 112 32
2 2 112 39
4 3 112 40
7 3 112 41
8 2 112 41
5 2 112 42
3 2 112 42
7 2 112 43
6 2 112 43
3 6 113 19
7 4 113 29
2 6 113 34
1 2 113 40
5 2 113 45
8 2 111 45
5 2 112 44
6 5 113 45
2 2 114 22
5 6 114 42
2 2 114 44
2 2 115 0
5 2 115 2
4 5 115 14
5 2 115 14
6 2 115 20
4 38 115 25
8 2 114 27
3 2 114 28
6 3 115 29
1 2 115 34
7 2 115 47
2 4 116 10
7 2 116 12
7 2 116 16
4 2 111 17
4 2 113 17
5 2 114 17
6 2 114 17
5 2 116 17
1 3 116 18
3 2 116 17
2 2 116 29
4 2 116 34
4 5 116 41
3 2 115 39
6 4 116 42
8 2 116 43
1 2 115 43
4 2 116 43
8 3 116 47
4 2 111 48
6 2 114 47
3 2 113 48
5 3 114 47
7 2 113 46
6 4 115 47
6 2 117 2
3 10 117 11
5 3 117 12
6 2 117 17
5 2 117 23
6 2 117 22
1 2 117 31
6 3 117 43
4 2 118 16
1 34 118 20
2 2 118 19
4 2 117 18
5 2 117 18
1 2 118 28
8 2 116 27
5 8 118 31
6 54 118 36
2 2 118 42
3 4 118 44
2 2 118 46
4 2 118 45
8 5 118 48
8 3 119 0
6 2 119 0
8 14 119 4
6 2 119 8
5 15 119 15
7 8 119 27
4 8 119 32
8 2 119 42
3 2 119 46
2 2 119 49
3 3 120 6
2 2 119 6
8 2 118 5
1 2 119 5
7 2 119 6
4 2 119 6
5 2 119 5
2 2 120 5
4 5 120 8
7 6 120 42
2 2 120 44
1 2 120 45
3 2 121 0
1 2 120 1
8 2 121 2
4 3 121 12
7 3 121 12
8 2 121 16
6 2 121 18
2 3 121 46
2 4 122 6
6 2 122 5
6 2 122 13
2 2 119 12
1 2 119 13
6 2 122 16
7 4 122 18
8 2 121 18
6 2 121 18
3 3 121 18
4 2 121 18
8 3 122 43
1 5 122 44
4 2 122 46
2 2 121 47
1 2 122 47
4 12 123 8
3 2 123 9
7 2 123 13
8 4 123 18
5 2 123 19
8 4 123 28
3 2 123 45
8 2 123 47
6 4 124 5
6 2 124 7
4 2 124 8
2 2 124 11
8 2 124 35
7 4 124 34
3 26 124 39
6 2 124 45
2 15 124 48
6 2 125 18
3 2 125 29
1 2 118 28
5 2 119 28
3 2 119 28
1 2 125 33
6 4 126 3
5 3 126 7
7 2 126 12
4 2 123 13
5 2 123 13
8 6 126 13
1 3 126 17
6 2 126 20
6 2 126 22
6 2 126 24
6 2 125 24
5 2 126 34
3 2 126 49
6 2 127 11
8 2 127 16
8 3 127 24
7 2 127 25
4 2 123 25
5 8 127 27
1 2 126 29
4 2 127 29
6 2 127 31
5 2 127 31
3 2 127 32
4 3 127 35
8 4 127 35
5 2 127 39
4 2 127 39
6 2 127 40
8 2 127 43
1 2 127 44
3 4 127 47
6 2 128 7
4 5 128 11
8 2 127 13
5 3 127 13
1 2 128 12
8 2 128 11
6 3 128 16
1 2 128 17
5 3 128 17
2 3 128 20
7 2 128 38
4 4 129 2
7 2 125 1
5 2 129 5
7 3 129 11
5 2 129 22
3 2 129 22
6 35 129 26
1 2 128 22
2 2 128 23
4 2 128 28
6 2 129 23
4 7 129 31
6 2 129 32
1 7 129 39
2 6 129 42
8 2 128 44
5 2 129 43
5 2 128 44
5 2 129 47
5 6 130 0
1 2 128 1
2 2 126 0
7 2 126 1
8 2 128 0
3 2 129 0
4 4 130 0
3 2 130 2
3 2 130 7
7 2 125 8
1 2 130 10
2 2 130 9
3 2 130 20
8 2 130 20
2 2 126 19
6 2 126 20
7 2 128 19
6 2 129 19
7 2 130 20
2 2 130 19
7 2 130 22
3 5 130 32
3 2 126 33
7 2 130 34
7 2 129 34
6 2 130 47
6 2 131 2
5 5 131 2
6 2 131 6
1 2 131 7
6 16 131 9
1 2 131 16
3 2 130 17
2 12 130 18
7 2 131 15
1 2 131 14
3 3 131 14
1 2 129 14
3 2 130 14
8 2 131 36
3 2 131 37
2 13 131 48
6 2 132 1
7 3 132 5
4 2 129 5
7 2 130 5
3 2 131 5
3 2 132 7
5 11 132 21
4 3 132 22
5 2 132 25
1 4 132 34
2 5 132 39
6 2 132 41
8 2 132 41
3 2 132 44
4 3 130 43
3 2 130 45
4 10 132 45
8 2 133 0
2 2 133 1
1 7 133 4
4 4 133 6
4 35 133 14
8 2 133 33
1 5 133 36
8 2 133 37
3 2 133 40
5 25 133 41
5 3 133 49
8 7 134 1
3 2 134 3
7 2 134 8
6 2 132 9
3 2 131 8
7 4 134 22
4 2 134 23
2 2 134 23
5 2 134 29
6 2 134 32
2 5 134 35
5 3 134 47
6 2 135 5
6 3 135 7
5 2 133 8
4 2 131 9
2 2 133 9
2 2 135 9
6 56 135 9
3 3 135 22
1 2 135 25
2 2 135 27
6 2 134 28
7 2 135 27
1 2 135 28
8 2 134 29
7 4 134 29
3 2 136 13
6 2 136 23
4 2 136 26
1 4 136 27
6 2 136 30
3 18 136 34
5 2 136 37
4 2 136 38
2 3 136 43
6 2 136 49
1 2 137 0
3 18 137 3
7 3 137 13
2 2 137 14
5 2 137 17
8 2 137 23
3 2 137 28
2 2 137 29
1 2 133 30
4 26 137 31
6 2 137 46
8 2 137 45
7 4 137 47
6 2 138 0
7 2 138 2
6 2 138 13
6 10 138 24
3 2 138 38
8 4 138 39
3 33 138 41
2 3 139 12
5 5 139 14
7 2 139 17
8 4 139 26
6 3 139 29
5 2 139 35
6 2 137 36
7 2 139 35
4 2 139 37
7 3 139 40
4 9 139 46
8 4 140 2
3 2 140 12
8 3 140 18
2 2 140 21
2 4 140 26
4 2 140 36
7 4 140 37
1 2 140 48
7 7 140 49
2 3 141 6
4 2 141 13
6 2 141 18
5 2 141 21
5 2 141 27
8 3 141 28
8 2 141 34
1 2 141 34
5 2 141 40
3 7 141 47
7 2 141 47
8 2 142 0
1 2 142 1
8 4 142 8
7 6 142 18
3 2 141 16
6 2 141 16
2 2 142 16
4 2 142 21
1 3 142 28
2 5 143 1
3 2 143 10
5 2 143 13
6 2 143 14
5 14 143 15
5 3 143 19
8 2 143 20
8 33 143 25
5 2 143 31
7 2 143 32
3 2 143 33
5 2 143 38
4 3 143 37
1 2 144 4
4 2 144 7
3 2 144 12
6 2 144 17
6 14 144 21
7 2 144 23
1 15 144 33
4 2 140 35
4 3 144 43
6 5 145 1
1 2 145 8
6 2 145 13
3 2 145 16
1 2 145 17
3 5 145 31
1 2 145 47
5 31 146 8
5 2 146 4
2 6 146 13
4 3 146 18
7 3 146 22
4 3 146 24
6 7 146 36
3 2 144 35
6 3 146 38
5 2 146 38
2 2 146 39
4 2 146 40
5 2 146 47
2 2 147 1
2 2 147 16
5 3 147 23
3 2 147 22
6 2 147 26
2 2 147 28
2 7 147 30
7 2 147 40
2 2 147 41
8 3 147 44
1 2 147 46
2 3 147 47
2 3 148 0
2 7 148 3
4 2 148 14
7 3 148 16
5 2 148 37
4 3 148 38
6 2 148 40
1 2 147 41
8 3 148 42
7 4 148 45
7 4 148 49
5 2 149 2
4 5 149 11
7 3 149 13
2 4 149 17
3 2 149 22
6 2 149 24
3 2 149 28
1 2 149 29
6 33 149 32
5 2 147 35
5 2 146 36
7 2 149 36
6 2 149 36
8 2 149 37
3 3 149 43
1 7 149 44
4 11 149 46
1 5 150 3
4 4 150 5
8 2 150 18
3 3 150 20
1 2 150 23
2 2 150 24
4 4 150 37
8 2 150 48
3 4 151 0
5 2 151 1
6 2 151 0
3 2 151 1
7 3 151 0
7 2 151 12
5 2 151 12
1 2 151 14
8 3 151 16
7 2 151 17
4 2 151 22
2 8 151 23
3 4 151 24
5 2 151 35
2 3 151 35
3 6 151 48
6 2 152 4
8 2 152 10
2 5 152 10
1 2 152 12
6 5 152 18
1 3 152 20
8 2 152 22
7 2 152 38
3 2 152 44
4 2 152 49
5 3 153 1
8 34 153 13
2 2 153 16
8 2 153 15
6 3 153 21
3 2 153 24
5 40 153 26
1 2 153 27
4 2 153 27
2 2 153 28
4 27 153 33
2 3 153 43
4 3 154 4
5 2 154 6
1 2 154 18
8 2 154 19
2 7 154 36
4 15 154 37
3 2 150 39
7 2 150 40
8 3 154 40
2 2 151 39
2 2 153 41
4 2 153 40
8 2 153 41
7 2 154 44
6 2 152 43
1 2 152 44
1 3 154 47
6 3 154 48
5 2 155 0
1 6 155 3
5 6 155 15
6 2 155 16
3 16 155 17
1 2 155 38
1 2 155 42
2 2 155 46
5 2 155 47
1 2 156 0
6 12 156 4
7 8 156 6
4 2 153 5
8 2 153 5
1 10 156 27
2 2 156 39
3 2 156 41
6 2 156 43
4 2 155 44
2 2 156 44
6 2 157 1
2 2 157 14
1 2 157 16
6 2 157 25
7 2 157 34
8 2 157 39
3 2 157 48
4 6 157 48
5 2 158 11
4 3 158 14
4 4 158 25
1 2 158 30
3 4 158 30
5 2 158 33
6 2 158 33
2 8 158 39
5 2 156 39
4 2 158 41
5 4 158 43
4 6 158 44
8 3 159 5
7 2 157 6
1 2 157 7
4 2 159 7
3 3 159 10
7 2 159 15
2 11 159 18
2 6 159 29
1 2 159 41
8 2 158 41
2 33 160 11
1 5 160 16
2 2 160 24
5 9 160 26
6 6 160 28
8 3 160 30
2 4 160 31
4 3 160 32
7 4 160 33
1 2 159 33
5 2 160 33
8 2 160 33
1 2 160 35
8 2 160 38
1 6 160 38
1 2 160 44
5 2 160 48
3 5 160 47
2 2 161 0
8 2 160 1
7 2 160 1
2 2 160 2
4 2 161 2
7 2 161 5
5 2 161 5
2 3 161 6
7 2 161 10
6 5 161 21
2 2 161 33
2 5 161 36
6 2 162 0
8 2 162 1
1 2 162 3
7 5 162 22
3 2 162 41
6 7 162 42
5 2 162 44
2 5 162 49
3 9 163 8
7 2 163 7
1 3 163 7
5 18 163 18
7 2 163 25
8 2 163 27
7 2 163 30
3 27 163 35
7 2 163 40
8 2 163 43
6 3 163 46
4 2 160 45
7 7 164 2
8 2 164 5
1 2 164 30
5 3 164 39
6 2 164 40
2 2 163 40
4 35 164 44
6 2 164 47
7 2 165 0
2 8 165 5
5 2 165 8
2 3 165 9
8 3 165 20
4 2 165 22
1 2 165 21
1 3 165 28
5 2 164 28
1 2 164 27
2 2 165 30
3 3 166 2
5 2 166 1
6 2 166 0
2 3 166 1
8 2 166 3
1 2 166 5
3 2 166 9
3 3 166 14
6 2 166 13
8 2 166 15
4 12 166 16
3 2 166 27
1 7 166 30
7 6 166 39
8 4 166 48
5 17 167 8
2 9 167 24
6 2 167 24
4 5 167 26
1 2 167 47
8 2 168 0
1 22 168 3
3 3 168 5
6 2 168 9
6 2 168 12
3 9 168 21
7 4 168 22
2 2 168 24
8 3 168 24
8 3 168 34
4 3 168 38
5 2 168 40
2 10 168 49
2 2 169 1
7 2 169 14
6 2 169 19
5 2 169 18
7 2 169 19
3 3 169 27
1 2 169 28
3 4 169 29
8 2 168 29
8 4 169 32
7 7 169 33
1 2 169 35
6 2 169 37
3 3 169 41
7 2 169 45
4 2 170 2
5 2 170 9
4 3 170 12
1 5 170 16
1 2 170 18
2 2 170 24
5 2 170 25
4 2 170 28
2 3 170 30
6 2 170 29
6 2 170 34
2 2 170 36
1 69 170 37
6 7 170 45
8 2 170 47
3 2 171 8
8 2 170 7
8 6 171 15
6 2 171 17
6 2 171 19
7 3 171 25
1 2 171 25
5 4 171 34
4 2 172 1
3 4 172 2
4 4 172 6
6 2 172 12
4 2 171 11
7 2 169 12
3 9 172 11
8 4 172 18
3 2 172 23
4 3 172 22
6 10 172 26
3 2 172 28
4 6 172 30
2 2 170 29
3 2 172 47
7 2 172 47
2 3 173 0
1 4 173 6
2 2 172 8
6 2 173 9
3 3 173 17
6 2 173 16
2 2 173 16
5 2 173 17
2 2 173 20
1 3 173 23
1 4 173 48
2 6 174 5
5 2 174 8
7 2 174 10
1 2 174 14
6 9 174 19
5 2 174 20
1 2 174 20
6 3 174 21
5 2 174 32
6 4 174 34
3 2 174 49
3 3 175 1
1 2 175 16
4 3 175 20
1 3 175 23
4 2 175 25
8 2 175 39
3 3 175 45
2 2 175 45
8 2 175 46
5 4 176 0
4 2 176 0
1 10 176 6
5 3 176 9
8 3 176 13
6 3 176 15
1 4 176 21
2 2 176 23
5 2 176 22
4 7 176 30
5 2 176 29
5 2 173 28
1 2 173 29
8 2 176 30
4 2 176 29
3 10 176 32
7 2 176 34
7 2 177 7
6 4 177 7
6 2 177 8
8 3 177 11
1 2 177 14
5 2 177 17
3 3 177 20
3 2 177 22
6 8 177 28
5 2 177 33
5 6 177 36
4 4 177 45
4 2 177 49
4 2 176 48
8 2 176 49
3 8 178 0
4 7 178 2
4 2 178 9
8 4 178 9
7 2 178 13
4 4 178 22
8 2 178 34
7 11 178 36
8 4 178 41
3 2 176 41
1 3 178 47
2 2 177 46
5 3 179 10
5 2 174 10
6 2 175 10
7 2 175 10
7 2 179 11
7 2 178 10
2 2 179 14
1 3 179 16
2 5 179 16
3 5 179 23
5 4 179 26
5 2 179 40
4 2 179 48
5 3 179 49
3 3 180 5
7 3 180 7
6 2 180 6
1 2 180 12
8 2 180 11
3 2 180 10
5 2 180 12
3 2 179 12
3 3 180 17
2 2 177 18
1 5 180 39
7 2 180 38
4 2 180 39
2 3 180 40
8 2 180 47
3 2 180 48
6 9 181 3
3 2 181 7
1 3 181 10
7 3 181 11
6 2 179 12
3 27 181 13
1 5 181 14
7 3 181 17
2 2 181 18
7 2 181 18
5 26 181 19
5 2 181 22
3 2 181 28
7 3 181 29
6 2 181 29
5 2 182 0
2 32 182 2
2 2 182 6
8 20 182 22
8 2 182 35
8 4 182 40
2 3 182 42
6 2 180 42
4 2 180 43
3 2 181 42
2 2 181 42
8 2 181 43
1 6 182 44
4 2 183 7
3 5 183 15
5 2 183 23
6 2 183 25
2 9 183 26
4 2 181 27
7 2 183 28
1 2 182 27
4 2 183 30
2 2 183 37
1 5 183 41
2 2 184 14
8 2 184 15
7 16 184 22
4 2 184 24
5 2 184 28
3 2 184 29
6 2 184 30
8 25 184 31
6 2 184 33
4 2 181 34
1 2 184 35
5 5 184 38
3 2 183 38
2 2 183 39
6 3 184 43
1 3 185 8
7 2 183 8
8 2 184 9
2 3 184 10
1 3 185 10
7 2 185 9
6 2 185 8
5 2 184 7
7 15 185 34
3 3 185 37
4 2 185 39
3 2 185 41
6 3 185 45
6 2 182 46
7 2 182 45
5 2 182 46
2 2 182 47
4 2 183 46
3 2 183 46
8 2 183 47
4 2 183 48
7 7 185 47
8 2 186 5
4 2 186 7
8 3 186 8
5 3 186 9
7 2 186 41
5 6 186 42
5 2 185 45
4 3 185 45
2 3 186 45
6 2 186 48
7 2 187 5
3 2 187 10
3 5 187 16
5 2 187 22
3 7 187 24
6 3 187 25
2 2 187 37
8 13 187 39
4 3 187 41
4 6 188 0
2 2 188 8
5 3 188 17
7 3 188 27
6 3 188 29
6 2 188 43
8 2 189 0
4 5 189 7
1 2 189 9
4 2 189 15
4 2 189 18
4 2 189 20
1 3 189 27
8 2 188 26
1 2 189 35
4 2 189 36
4 2 188 35
4 3 190 2
1 3 190 5
8 3 190 5
2 2 190 8
2 2 190 20
8 2 190 26
1 4 190 29
4 2 190 33
5 4 190 38
3 2 190 41
4 2 191 5
1 2 189 5
7 2 191 4
6 2 191 8
4 2 191 10
3 2 191 10
6 4 191 14
1 2 189 14
4 3 189 13
7 2 191 16
4 2 189 17
3 2 189 18
1 2 190 17
1 2 191 15
5 3 191 14
6 5 191 16
5 11 191 30
2 2 191 33
4 2 191 36
5 2 191 36
3 4 191 37
8 5 191 49
8 2 192 3
2 3 192 9
7 2 192 11
1 2 192 17
1 2 192 22
6 2 192 26
3 2 192 27
8 2 192 30
8 4 192 43
7 3 192 42
6 3 192 44
5 2 192 47
1 2 193 1
8 2 193 0
6 2 193 1
5 5 193 10
4 2 193 13
5 2 193 25
1 2 188 24
4 2 188 24
2 10 193 27
4 2 189 27
2 2 189 28
5 2 193 24
1 2 193 30
1 9 193 45
5 2 192 47
3 2 194 3
1 3 194 4
3 4 194 5
2 2 194 5
5 2 194 6
5 2 194 15
6 2 194 14
1 6 194 20
5 2 194 38
7 2 194 39
2 2 194 47
6 2 190 46
2 2 193 46
7 2 194 46
8 3 194 47
1 2 194 47
4 5 195 6
7 8 195 14
8 4 195 17
4 4 195 22
5 4 195 26
2 2 195 30
5 4 195 34
3 2 193 34
6 2 194 36
6 2 195 41
5 2 195 41
1 5 195 42
7 2 195 44
5 2 195 46
1 4 196 1
5 7 196 3
8 47 159 3
1 50 160 0
4 50 161 0
3 50 162 0
2 50 163 0
3 50 164 0
2 50 165 0
3 50 166 0
2 50 167 0
4 50 168 0
8 50 169 0
6 50 170 0
5 50 171 0
4 50 172 0
8 50 173 0
6 50 174 0
8 50 175 0
3 50 176 0
7 50 177 0
5 50 178 0
4 50 179 0
1 50 180 0
7 50 181 0
2 50 182 0
6 50 183 0
4 50 184 0
1 50 185 0
8 50 186 0
6 50 187 0
8 50 188 0
6 50 189 0
7 50 190 0
5 50 191 0
6 50 192 0
2 50 193 0
7 50 194 0
5 50 195 0
2 100 196 0
3 50 198 0
