315316
4044
1 2 0 0
8 2 0 1
3 3 0 5
8 2 0 18
8 2 0 22
4 3 0 26
4 2 0 33
8 2 0 39
6 2 0 41
5 5 0 43
3 2 0 46
8 2 0 52
6 4 0 58
2 3 0 60
2 2 0 70
6 2 0 72
5 2 0 75
4 2 1 5
5 2 1 16
6 2 1 19
3 3 1 20
2 2 1 28
6 2 1 32
2 3 1 48
8 2 1 67
8 2 1 79
2 2 2 3
5 2 2 9
1 2 2 11
7 3 2 13
3 2 2 13
5 2 2 15
1 3 2 15
2 4 2 17
4 2 2 19
7 2 2 26
8 5 2 31
7 2 2 33
6 2 2 35
4 2 2 37
3 2 2 38
7 2 2 68
4 2 2 72
8 5 2 71
7 3 3 1
3 3 3 1
8 3 3 3
6 2 3 9
1 2 3 8
7 2 1 7
6 2 1 7
2 2 3 8
3 2 3 9
8 4 3 12
8 2 3 15
2 2 3 23
5 2 3 32
5 3 3 40
3 5 3 42
3 3 3 45
6 4 3 46
6 2 3 48
3 2 3 52
6 2 3 56
3 2 3 56
7 2 3 60
8 2 3 59
8 2 3 69
3 2 3 73
7 2 3 76
4 2 3 76
3 2 3 77
5 3 4 6
1 3 4 13
5 2 4 14
8 2 4 17
5 2 4 23
1 2 3 22
4 3 3 21
6 2 4 29
7 2 3 30
5 2 3 29
1 2 4 29
3 2 4 30
3 2 4 33
7 2 4 51
6 6 4 50
5 2 4 52
4 2 4 62
2 4 4 62
2 2 3 62
6 3 4 65
7 3 4 65
6 2 4 74
7 2 5 0
2 2 5 2
5 2 5 3
3 2 5 5
2 3 5 6
6 2 5 14
6 3 5 20
5 2 5 21
7 2 5 23
4 2 5 24
1 2 5 25
1 5 5 31
2 2 3 34
5 2 4 34
5 2 3 35
8 2 3 36
6 3 4 36
7 4 5 32
4 3 5 37
5 2 5 43
3 2 5 44
2 2 5 44
1 2 5 45
3 2 5 57
4 2 4 58
7 2 5 56
8 2 5 61
5 2 5 62
3 2 5 64
1 2 5 73
7 2 2 74
6 2 6 6
2 2 6 11
8 2 6 12
3 2 6 22
8 3 6 23
8 4 6 27
4 2 5 26
8 2 4 27
8 2 6 27
3 2 6 28
3 2 6 39
1 2 4 38
5 2 4 38
8 2 6 44
6 2 6 44
3 2 6 45
6 4 6 56
7 4 6 59
1 2 7 3
4 2 7 5
7 2 7 8
8 2 7 9
2 4 7 9
5 2 7 12
8 3 7 16
8 2 7 20
1 2 7 21
3 2 7 25
3 2 6 24
7 2 7 24
5 2 7 33
6 6 7 36
1 2 7 40
5 2 6 40
2 2 6 40
1 2 7 43
6 2 7 47
2 2 7 46
3 2 7 52
1 2 7 59
6 2 7 60
8 2 7 62
6 3 7 66
3 2 5 67
8 2 5 68
5 3 6 67
4 2 6 69
5 2 5 70
3 2 6 70
7 2 7 67
1 2 7 72
8 2 7 75
8 2 8 4
5 2 8 7
8 2 8 7
7 2 8 10
4 2 8 11
7 2 8 17
3 2 8 23
8 2 8 31
3 2 8 34
6 2 8 40
2 2 8 41
7 3 8 45
7 2 8 55
4 2 3 54
5 2 8 54
3 2 5 53
2 2 8 53
3 3 8 66
8 3 8 69
8 2 8 72
5 2 8 73
8 2 9 2
4 3 9 2
2 4 9 4
1 2 9 4
4 2 9 8
3 2 9 11
5 2 9 11
6 3 9 12
1 5 9 16
4 2 6 15
6 2 8 15
2 2 8 16
2 2 8 19
4 2 7 18
7 2 7 19
5 2 8 18
8 2 9 29
3 2 9 33
8 3 9 35
8 2 9 37
4 2 9 41
5 2 9 42
3 2 9 43
4 2 9 44
1 2 9 56
6 2 9 61
4 3 9 62
8 3 9 65
4 2 7 64
5 2 9 64
7 2 9 64
4 2 8 63
6 2 8 63
3 2 8 64
3 2 9 63
8 2 9 63
5 2 9 67
6 4 9 68
1 2 9 73
3 2 9 74
2 2 8 75
7 2 9 75
3 2 8 74
2 2 10 1
3 2 7 0
5 2 10 5
7 2 10 13
2 2 10 14
3 2 10 18
8 6 10 19
5 7 10 20
3 2 10 29
6 2 10 29
4 2 10 30
3 2 10 37
2 2 10 46
8 3 10 48
4 3 8 47
1 3 10 52
7 3 10 51
2 2 6 50
8 2 7 53
5 2 5 54
8 2 10 52
2 4 10 55
1 2 6 57
3 2 8 57
8 2 9 54
3 2 10 55
4 2 10 54
1 4 10 61
1 2 9 60
7 2 10 62
4 4 10 64
8 4 10 73
1 2 11 12
8 2 11 14
7 3 11 15
1 2 11 14
2 3 11 22
8 2 11 39
3 2 11 44
4 2 11 51
5 2 11 50
6 2 9 49
2 2 11 49
1 2 11 48
3 2 11 49
8 3 11 50
5 2 11 56
8 2 8 57
5 2 8 58
2 2 9 57
8 3 11 60
7 2 10 58
2 2 11 65
6 3 11 64
1 2 10 66
6 2 11 70
1 2 11 72
6 3 11 74
5 2 7 76
6 2 4 77
8 2 5 77
2 2 6 77
2 2 12 1
4 2 12 1
2 3 12 12
6 2 12 18
5 2 12 17
7 2 12 20
7 3 12 24
6 2 8 26
2 2 8 27
2 3 12 29
6 3 12 37
1 2 12 42
1 3 12 45
4 4 12 47
1 3 12 54
6 2 11 53
7 2 12 65
2 2 12 73
7 3 13 0
5 2 13 5
3 2 13 6
7 2 13 5
6 3 13 15
6 2 13 26
8 2 11 25
1 2 10 24
7 2 11 26
1 2 10 27
6 2 10 28
5 2 12 25
5 2 11 24
6 2 12 24
4 2 11 23
8 3 12 23
7 3 13 42
3 2 12 41
4 2 13 55
3 2 13 60
1 3 13 67
6 2 13 68
6 4 13 74
4 2 9 76
6 2 9 77
1 2 13 73
2 2 14 5
1 3 14 8
5 2 13 8
7 2 12 9
8 2 10 10
7 2 10 11
8 2 12 9
8 2 14 10
5 2 14 11
2 2 14 19
7 2 14 20
3 2 14 19
4 2 14 20
5 4 14 21
1 6 14 26
5 2 12 28
7 2 14 30
5 2 11 31
8 2 14 30
6 2 14 39
5 2 14 43
2 2 13 42
4 2 14 42
7 3 14 44
4 2 14 48
3 2 13 49
4 2 14 52
5 2 13 51
5 2 14 55
6 2 14 56
8 2 13 57
3 3 14 57
5 2 14 60
3 2 14 66
5 2 13 65
2 4 14 67
5 3 14 75
3 2 13 77
1 2 6 78
5 3 6 78
3 2 12 78
8 2 14 75
7 2 14 76
2 2 14 78
7 2 13 77
1 2 13 77
4 3 14 78
6 2 15 0
4 2 14 1
3 2 11 2
5 2 11 2
7 2 11 3
1 2 15 0
5 2 15 0
4 2 15 5
3 2 15 9
8 2 15 11
4 2 14 12
1 2 15 13
5 2 15 29
5 2 15 33
4 2 15 32
8 2 15 38
2 2 13 39
7 2 12 38
1 2 12 37
2 2 12 37
5 2 15 37
5 2 15 40
8 3 15 42
6 2 15 48
3 2 15 54
5 2 15 58
1 2 15 64
8 2 13 63
3 2 13 62
1 2 13 62
6 2 15 65
1 2 15 70
8 2 15 72
2 2 12 71
6 3 16 0
2 2 16 7
2 4 16 24
6 2 16 22
8 3 16 34
4 2 10 34
5 2 16 35
3 3 15 34
1 5 15 36
3 2 13 38
7 2 16 34
6 6 16 34
4 2 16 38
6 2 16 38
2 4 16 48
5 2 12 49
3 2 12 49
1 4 16 49
3 2 14 51
1 2 15 51
8 2 16 48
4 3 16 49
5 2 16 50
4 2 16 57
7 2 16 58
6 4 16 57
7 2 16 61
8 2 16 63
1 2 16 67
8 2 14 68
4 2 14 68
4 2 16 70
2 3 16 69
5 2 16 73
8 2 17 3
1 2 15 2
3 2 15 2
6 9 17 6
3 2 17 7
6 2 17 8
7 2 17 11
2 2 17 12
1 2 17 13
5 3 17 15
4 2 14 17
5 2 16 14
7 2 16 15
6 2 17 17
8 2 16 18
1 4 17 16
7 3 17 22
1 2 15 22
5 2 17 23
2 3 17 28
3 2 17 29
8 2 13 30
2 2 17 30
1 2 17 29
7 2 17 32
2 2 17 35
2 2 17 42
7 2 17 45
2 2 16 45
5 2 16 46
1 4 17 46
6 4 17 51
7 2 17 50
4 2 17 54
2 2 17 54
2 2 15 53
7 2 17 65
5 2 17 68
8 2 17 67
2 5 17 76
3 2 17 76
2 2 17 76
8 2 18 21
5 2 18 25
7 4 18 28
3 3 18 33
4 2 18 45
3 2 18 44
3 2 18 47
7 2 18 49
8 4 18 54
3 2 17 53
5 3 17 53
2 2 18 55
5 2 18 58
3 2 18 58
4 3 18 59
7 2 18 67
4 3 18 67
8 2 18 73
3 2 16 74
4 2 17 74
7 3 17 73
3 2 18 75
8 3 18 78
6 2 17 78
6 2 19 2
8 2 19 9
5 2 19 18
1 5 19 18
6 2 19 21
4 2 19 22
1 3 19 30
2 2 19 32
6 2 19 31
3 2 19 36
8 2 19 44
8 2 19 47
6 2 19 54
5 4 19 71
5 2 19 77
1 4 19 77
6 2 20 1
3 2 20 2
2 3 20 3
6 2 18 3
1 2 20 2
7 3 20 3
7 2 20 10
4 2 19 11
1 2 20 12
6 2 20 14
1 2 20 21
3 2 20 22
6 2 20 28
2 2 20 43
3 2 20 44
1 3 20 47
7 2 20 65
8 3 20 68
7 2 21 6
7 2 18 7
1 2 20 5
7 3 21 12
8 2 21 10
4 2 21 9
1 2 21 15
7 2 21 19
5 2 21 25
3 2 16 26
4 2 17 26
4 4 21 31
3 2 21 29
4 2 21 36
1 3 21 43
7 2 19 44
6 2 21 44
6 2 21 48
8 2 21 52
6 2 21 59
5 2 20 59
8 2 18 60
2 2 17 61
6 2 18 61
4 3 19 60
8 2 21 60
3 2 21 60
4 2 18 61
3 2 18 62
5 2 16 63
3 2 16 64
6 2 21 61
7 3 21 69
2 2 21 72
3 2 21 75
4 2 21 78
3 3 21 79
3 2 22 8
8 2 22 16
7 2 22 16
2 3 22 19
6 2 22 24
2 2 19 25
8 2 18 26
1 2 20 23
3 2 22 27
5 5 22 28
8 2 22 31
4 2 22 34
1 2 19 33
6 4 22 35
7 2 22 34
7 2 21 33
8 2 21 33
5 2 21 34
6 2 22 42
2 2 22 46
5 5 22 47
4 2 21 49
1 2 22 51
7 2 21 50
5 2 21 51
8 2 22 55
7 2 21 55
2 2 21 56
1 2 22 55
8 2 22 56
5 2 21 57
6 2 21 58
7 2 22 56
3 2 22 57
6 2 22 68
5 2 20 69
4 2 20 70
1 2 22 79
7 2 22 78
1 3 23 3
7 3 23 6
6 2 23 5
2 2 20 4
4 2 23 4
3 3 23 5
1 3 23 14
8 2 20 13
3 2 20 14
5 2 22 13
5 2 23 16
4 2 22 15
3 2 20 16
6 3 23 18
7 2 23 25
5 3 23 35
6 2 23 38
8 2 23 40
7 2 21 40
8 2 21 40
4 2 20 39
7 2 18 38
1 3 20 40
5 2 21 39
7 2 20 38
4 2 20 38
6 2 21 41
1 2 21 42
2 2 23 40
3 2 23 40
1 2 23 49
2 3 23 51
1 2 23 57
8 2 23 70
5 2 23 71
3 2 22 71
8 2 22 70
1 2 22 72
4 3 23 72
4 2 23 74
6 2 19 73
7 2 23 73
1 4 23 76
6 2 22 75
5 2 23 78
8 2 24 4
5 2 24 3
7 4 24 9
4 2 24 13
4 4 24 16
4 2 24 18
5 4 24 45
2 2 24 44
4 4 24 46
8 4 24 49
6 2 24 58
2 3 24 66
2 2 20 66
6 2 20 66
5 2 22 66
3 4 23 65
1 2 22 64
6 2 19 63
2 2 19 64
5 2 22 64
4 2 23 65
8 2 24 74
4 2 23 73
5 2 24 76
3 2 25 0
4 3 25 2
1 3 25 2
1 3 25 6
7 2 25 5
2 2 22 6
5 2 22 7
8 2 25 13
7 2 25 13
2 3 25 16
3 3 25 19
5 2 25 28
7 2 21 27
1 2 20 26
6 2 21 27
3 2 25 28
4 2 24 27
7 2 25 34
8 2 23 35
5 2 21 36
1 2 22 36
2 2 25 36
3 2 25 38
2 2 24 37
4 3 25 39
6 2 25 47
2 2 25 54
8 3 25 53
4 3 25 56
4 2 25 61
5 2 23 60
2 2 23 59
7 2 24 60
2 2 25 60
6 3 25 64
3 3 25 69
3 2 26 8
6 2 26 7
5 2 26 13
1 2 26 17
6 3 26 20
4 2 26 20
5 2 25 21
5 3 26 24
8 2 22 23
8 3 26 27
3 2 26 26
7 2 26 25
2 2 26 29
7 5 26 32
7 2 26 37
1 2 26 39
4 3 26 42
2 2 26 43
5 2 24 42
8 2 26 43
7 2 26 53
2 3 26 56
5 2 26 72
6 2 24 72
2 2 25 72
3 2 26 72
7 3 26 74
8 2 26 77
6 4 27 1
4 2 27 4
4 2 26 4
4 3 27 6
1 3 27 7
8 2 24 6
4 2 27 7
7 2 27 12
1 2 27 20
3 2 27 20
5 3 27 26
4 2 27 68
3 2 24 69
2 3 27 69
7 4 27 78
7 2 28 1
8 8 28 2
3 2 28 12
1 2 28 12
2 4 28 14
1 2 28 15
8 2 28 15
5 2 28 17
4 2 28 18
8 2 28 19
4 2 28 23
8 2 26 22
7 2 26 22
5 2 26 22
2 2 28 28
1 2 28 28
2 2 28 35
2 2 25 34
5 2 27 34
8 2 28 36
7 2 28 36
4 3 28 40
5 2 28 48
1 3 28 48
4 2 25 50
5 3 28 55
7 2 26 57
1 2 27 54
8 3 28 57
4 3 28 58
6 2 28 60
2 2 28 61
5 2 28 63
4 6 28 65
5 6 28 68
7 4 28 74
3 2 27 74
2 2 29 1
6 3 29 6
7 2 29 13
8 2 29 12
3 2 29 17
7 2 29 28
4 2 29 32
1 2 29 33
5 4 29 37
5 2 29 50
5 2 28 49
3 3 29 51
1 2 28 52
2 2 28 53
7 2 24 52
5 2 28 52
1 2 29 53
5 2 29 60
1 2 29 59
8 4 29 59
8 2 29 61
8 3 29 64
3 3 29 66
1 3 30 2
5 2 30 2
2 2 30 6
6 3 30 17
6 2 30 22
6 2 29 21
2 3 29 22
8 3 30 21
8 2 30 27
6 2 29 26
2 2 30 29
2 4 30 40
3 2 28 43
7 3 28 42
6 2 28 44
4 2 30 43
2 2 30 45
8 2 30 47
5 2 29 46
6 2 28 45
3 2 29 47
6 2 30 46
1 4 30 48
2 2 30 51
6 2 30 51
5 2 30 65
1 2 30 71
3 3 30 72
8 2 29 73
1 2 29 73
6 2 29 74
5 3 30 75
1 2 29 76
7 3 30 75
4 2 31 7
6 2 31 11
3 2 24 10
6 2 28 11
4 2 31 10
2 2 31 13
8 3 31 18
6 2 31 19
1 2 31 22
2 2 28 23
3 2 25 24
5 2 31 24
5 2 30 25
8 2 31 25
3 3 31 36
4 2 28 35
1 2 31 36
6 2 31 36
3 2 31 44
2 2 31 53
7 2 28 54
3 2 28 54
8 2 30 54
6 3 30 55
4 2 31 54
4 2 31 58
7 5 31 62
7 2 31 61
2 2 31 68
4 2 28 67
7 2 28 69
3 3 31 70
4 4 31 73
4 2 31 71
4 2 31 74
6 4 31 76
3 2 25 78
8 2 26 78
2 2 26 78
6 2 26 79
5 2 29 78
8 2 31 76
5 4 32 4
6 2 32 4
3 2 31 4
1 3 32 8
7 2 32 7
8 2 32 10
3 2 28 9
7 2 30 11
5 2 29 10
3 2 30 12
7 2 31 9
1 2 30 10
2 2 27 9
6 2 29 9
4 4 32 12
8 3 32 23
6 2 30 22
5 2 31 23
7 2 31 23
6 4 32 29
4 2 32 45
1 2 32 44
5 2 32 43
7 2 32 45
7 2 32 56
6 4 32 61
1 2 30 62
2 2 30 62
4 2 32 65
2 2 32 70
6 3 32 74
1 2 32 75
2 2 32 78
8 2 33 4
4 2 32 4
7 2 32 5
2 2 33 5
3 5 33 6
3 2 33 6
5 3 33 9
8 3 33 16
6 2 31 15
4 3 33 17
1 3 33 20
6 4 33 24
8 2 30 25
2 2 33 32
7 2 24 31
4 2 24 31
6 2 24 32
3 2 29 33
5 2 29 33
7 2 33 33
4 3 33 36
3 3 33 40
2 2 33 43
2 2 33 65
5 2 33 72
2 4 33 74
5 2 33 75
6 2 34 13
1 3 34 15
3 2 34 13
1 2 34 22
7 2 34 25
2 2 29 25
6 2 33 25
7 2 33 25
1 3 34 32
3 2 29 31
5 2 29 31
3 2 26 30
2 2 29 32
1 2 32 33
7 2 34 36
8 3 34 41
3 2 26 41
2 2 27 41
1 2 28 41
7 4 34 44
1 4 34 48
6 4 34 52
7 2 32 52
4 2 34 53
6 4 34 54
1 6 35 2
5 2 35 6
8 3 35 7
1 2 35 7
4 2 35 8
8 2 35 9
6 2 35 10
4 4 35 23
3 2 35 27
3 2 34 26
5 2 34 26
5 2 34 28
2 2 35 26
4 2 35 28
6 6 35 31
4 2 28 30
8 2 32 30
3 2 33 30
8 2 34 30
6 2 35 40
5 2 35 41
7 2 33 41
3 2 35 43
8 4 35 45
6 2 35 46
1 2 35 45
8 2 35 51
4 2 35 67
1 2 33 66
7 4 33 67
7 2 30 66
1 2 33 66
2 5 35 68
3 2 35 72
2 3 36 0
4 2 30 0
8 2 30 1
8 2 36 1
6 2 34 1
4 2 36 0
7 2 36 1
5 2 36 7
6 2 36 9
4 2 34 9
2 3 36 15
5 2 36 14
3 2 36 15
7 2 36 16
6 2 35 17
5 2 35 18
4 3 36 18
4 3 36 21
1 2 33 20
5 2 36 29
6 3 36 34
1 5 36 40
2 2 36 47
7 2 33 48
8 2 33 48
7 2 36 52
3 2 34 52
4 2 34 52
8 3 36 58
7 2 34 57
8 2 36 62
5 2 32 63
4 2 32 63
3 2 32 64
1 2 33 63
7 2 36 71
6 3 36 72
6 2 36 70
7 2 35 69
3 2 36 74
4 2 37 1
7 3 37 3
2 2 36 3
8 2 35 4
6 2 37 4
3 4 37 8
4 2 37 15
2 2 36 16
8 3 37 24
5 2 35 23
1 2 37 29
2 2 37 29
3 2 37 30
7 2 37 32
4 3 37 33
1 2 35 34
2 3 37 35
1 2 37 43
2 3 37 49
8 2 36 49
1 3 37 53
5 2 35 53
5 2 37 55
7 2 37 54
1 2 36 55
8 2 37 53
6 2 37 58
1 3 37 62
1 2 36 64
6 2 35 63
8 2 36 65
7 3 37 67
3 2 36 66
7 2 37 69
2 2 33 69
4 2 34 69
8 2 35 68
5 2 35 69
6 2 37 68
5 6 37 76
8 2 34 77
5 2 34 78
6 2 34 78
3 2 34 77
2 2 34 77
1 2 35 78
3 2 36 76
5 2 38 3
3 2 37 4
4 2 38 8
2 2 38 12
4 2 37 12
1 2 37 13
7 2 38 11
1 2 38 18
8 2 38 35
6 2 34 34
5 2 38 35
3 2 37 34
6 2 37 34
4 2 38 36
8 2 34 37
1 2 30 38
4 2 36 37
6 2 31 38
5 2 34 38
7 2 38 38
2 2 35 38
3 3 38 41
6 2 38 41
5 4 38 42
6 3 38 45
5 2 38 49
6 3 38 50
2 2 38 52
6 2 38 53
3 2 38 55
4 2 38 58
1 3 38 67
5 2 38 66
7 2 38 68
3 2 38 72
7 2 38 78
1 2 39 0
5 2 39 1
6 2 39 2
2 2 39 4
1 2 37 5
5 2 39 6
3 4 39 15
1 2 38 16
2 2 39 17
7 2 39 18
4 2 39 19
7 2 34 20
6 2 38 20
1 2 38 20
2 2 35 20
6 2 37 20
3 2 39 19
1 2 39 22
2 2 39 21
7 2 39 25
2 2 39 24
3 4 39 24
6 2 39 25
1 2 39 25
3 2 39 30
4 2 39 33
7 3 39 42
6 2 36 41
3 2 36 42
2 3 39 42
6 2 39 43
2 3 39 45
8 2 39 51
4 10 39 51
6 2 39 62
4 3 39 67
8 2 39 71
3 2 35 70
8 3 39 75
2 3 39 75
7 2 39 76
3 2 39 77
7 4 40 0
3 2 40 0
5 2 40 3
1 2 40 6
4 2 40 11
3 2 40 11
2 2 40 10
8 2 39 9
6 3 39 9
1 2 40 14
8 3 40 20
4 3 40 26
8 2 40 26
7 2 40 26
5 2 40 29
7 2 40 30
8 3 40 31
2 2 40 31
3 2 37 30
4 2 37 31
6 2 40 34
8 3 40 40
6 2 40 41
8 3 40 46
1 2 34 47
4 2 36 46
8 2 37 46
7 2 36 47
3 2 36 47
2 2 36 47
7 3 40 46
8 3 40 49
3 2 40 49
3 2 40 63
4 2 40 63
5 3 40 69
2 2 40 71
5 2 40 73
4 2 39 73
8 2 40 76
2 3 41 1
4 2 41 4
7 2 41 5
1 3 41 10
5 2 41 15
7 2 41 16
6 2 41 23
8 2 39 22
1 4 41 27
3 3 41 35
1 2 41 37
3 2 39 36
4 2 37 37
7 2 37 38
5 2 39 37
8 3 41 36
1 2 41 46
6 3 41 48
1 2 41 49
4 3 41 49
6 4 41 50
1 3 41 52
2 2 41 53
5 2 41 63
8 2 36 62
4 3 41 65
1 2 41 69
8 2 39 70
7 2 39 71
6 2 39 71
1 2 40 71
4 2 40 72
7 2 41 70
3 2 41 74
7 2 41 78
1 2 41 77
1 2 42 2
5 2 42 19
5 2 41 18
3 2 42 18
2 2 42 20
2 2 42 26
7 2 38 27
1 2 38 27
3 2 38 28
3 2 42 27
4 3 42 32
1 2 42 31
5 2 40 30
5 2 42 31
8 2 42 30
7 2 41 29
6 2 41 29
3 2 42 30
6 2 42 32
4 2 42 35
7 4 42 36
3 3 42 37
7 2 42 44
6 3 42 45
3 2 42 52
5 2 42 55
3 2 42 59
8 2 40 59
2 2 40 58
1 2 40 59
2 2 37 59
1 2 34 60
3 2 38 59
8 2 38 60
3 2 37 59
5 2 37 60
6 2 40 58
5 2 40 59
7 2 42 64
4 2 39 63
5 2 37 62
7 2 37 63
3 2 39 62
2 2 39 62
8 2 42 69
5 2 42 71
7 2 42 75
3 3 43 7
4 3 43 9
2 2 41 8
7 2 42 8
7 3 43 12
4 3 43 13
3 2 43 15
4 3 43 20
2 2 42 18
7 2 42 19
1 4 43 23
1 2 42 22
3 2 41 21
7 2 42 21
6 2 42 23
1 2 43 26
2 2 43 27
6 3 43 27
8 3 43 33
2 2 43 33
1 2 43 48
4 2 43 51
8 2 43 53
2 2 43 53
1 2 43 54
8 2 43 53
8 2 43 56
2 2 43 67
4 2 43 68
8 2 43 75
8 5 44 17
1 4 44 19
1 4 44 29
3 6 44 33
2 2 44 37
8 2 44 37
6 2 43 38
2 2 43 38
2 3 44 45
5 2 43 47
5 2 44 45
8 2 44 49
7 2 44 52
3 2 44 54
2 3 44 55
8 2 41 57
4 4 44 57
4 2 43 56
7 2 43 58
6 2 39 59
5 2 44 57
6 2 38 56
8 2 41 56
4 2 41 57
3 2 42 57
1 2 43 56
5 2 44 62
8 4 44 63
4 2 44 64
1 2 42 65
8 2 42 66
3 2 43 66
2 2 44 64
5 2 44 71
3 2 42 70
5 2 42 71
7 2 42 71
8 2 43 71
2 3 43 70
6 2 44 72
4 2 44 75
5 2 44 78
6 2 45 2
6 2 45 6
4 2 45 7
3 2 43 8
5 2 43 9
8 4 45 14
8 2 43 14
7 2 43 14
4 6 45 15
5 2 44 14
2 2 42 13
4 2 43 13
2 2 44 14
6 2 45 20
4 2 43 21
7 2 45 22
5 3 45 33
7 2 45 46
4 2 45 46
3 2 45 49
7 7 45 50
1 2 45 51
2 2 45 52
3 2 45 63
8 2 45 64
5 2 45 66
6 2 45 67
4 3 45 71
1 6 45 73
5 3 45 74
1 6 46 4
1 2 43 4
6 2 46 1
2 3 46 4
7 2 46 5
3 2 46 10
3 2 45 9
5 2 46 11
7 3 46 14
8 2 45 16
3 2 46 21
1 2 46 31
7 2 46 32
4 4 46 36
5 2 46 40
2 2 43 41
8 2 43 42
4 3 46 42
2 4 46 45
4 2 46 52
1 4 46 53
6 3 46 60
5 2 46 60
3 3 43 59
5 2 43 61
4 2 46 65
4 2 47 3
8 2 47 10
1 2 47 11
3 4 47 11
4 2 47 9
6 2 47 15
5 2 47 16
6 2 47 20
3 3 47 24
5 2 46 26
5 2 45 25
2 3 47 25
2 2 45 23
6 3 47 29
4 2 47 35
3 2 47 56
7 2 47 60
5 2 47 63
1 3 47 63
1 2 47 68
7 4 48 3
3 2 48 2
4 2 48 5
7 2 48 13
1 2 48 15
3 2 48 16
7 2 48 19
5 2 46 18
6 2 48 32
8 2 48 33
6 4 48 40
7 2 43 40
4 2 45 38
5 3 45 39
8 2 48 41
2 2 44 40
5 2 44 41
8 2 48 50
8 2 48 55
4 2 48 57
4 2 48 59
7 2 45 58
3 2 48 64
6 4 48 65
7 2 48 68
8 3 48 67
2 2 46 69
4 2 48 73
3 2 48 75
4 3 49 16
3 2 49 22
8 2 47 21
3 2 47 22
8 2 47 23
4 2 47 24
2 2 49 22
5 2 47 21
6 2 49 24
7 3 49 25
8 2 49 27
4 3 49 26
6 2 49 26
5 2 49 34
8 2 48 33
2 2 48 34
8 3 49 37
6 2 49 50
2 2 48 49
4 2 48 49
8 2 48 50
8 4 49 52
1 3 49 56
2 2 49 55
7 2 49 55
4 2 49 63
8 2 49 65
2 2 49 66
4 3 49 68
1 5 49 68
3 2 49 70
4 2 49 69
6 2 49 70
8 2 49 71
5 2 49 74
1 2 49 75
7 2 48 76
7 2 46 77
8 2 46 78
1 2 47 77
7 2 46 78
2 2 48 76
8 2 48 77
6 2 49 77
4 2 47 77
6 2 47 77
2 2 49 77
5 2 49 77
3 2 49 78
8 2 49 79
1 3 50 0
5 2 50 1
2 2 50 4
6 2 50 4
3 2 50 4
4 3 50 6
8 2 45 7
2 2 50 8
5 2 50 9
8 4 50 10
6 2 50 10
1 2 50 10
7 2 50 16
8 3 50 18
2 3 50 20
3 2 50 24
2 2 50 32
7 2 50 39
6 2 50 43
2 2 50 45
1 2 50 46
1 2 50 48
3 2 50 50
5 2 50 54
6 2 50 58
1 2 50 63
7 6 50 68
1 2 50 70
4 4 50 75
1 7 51 6
1 3 51 9
8 2 51 17
8 3 51 22
4 2 51 31
8 2 48 30
2 3 48 30
1 2 51 42
7 3 51 43
1 2 51 50
8 2 50 49
1 2 51 54
5 2 51 56
8 2 51 58
8 2 49 59
5 3 51 58
6 2 51 61
3 2 47 61
2 2 48 60
7 2 47 61
4 3 47 61
6 2 48 60
2 3 51 62
5 2 51 63
3 2 51 69
5 3 51 71
3 4 51 71
6 2 51 73
7 3 51 74
1 3 51 73
2 2 50 72
8 2 51 73
8 3 51 77
6 2 52 1
6 2 52 4
2 2 52 3
7 2 51 4
4 2 50 5
6 2 49 6
1 2 48 7
2 2 48 8
6 2 51 4
8 2 51 4
3 2 52 4
6 2 52 17
7 2 52 18
6 2 49 18
3 2 49 19
8 2 52 20
8 2 52 29
2 2 52 36
3 3 52 42
4 3 48 41
7 2 47 40
1 2 48 41
3 2 49 41
7 2 49 41
2 3 51 40
8 2 51 42
5 2 50 43
3 2 52 41
5 2 52 46
7 2 52 50
8 3 52 53
8 5 52 57
1 3 52 62
6 4 52 65
3 3 52 66
3 2 52 76
4 3 53 1
3 2 53 2
7 2 53 7
3 2 53 12
7 2 52 11
5 2 53 14
5 2 53 18
5 2 53 25
2 2 52 24
4 2 53 47
6 3 53 47
5 2 53 61
3 2 53 63
6 2 53 62
4 2 53 71
4 3 53 75
2 2 53 78
6 2 54 3
3 2 54 4
5 2 54 5
2 3 54 5
6 3 54 7
1 2 54 9
7 3 54 17
4 2 54 25
3 2 54 26
2 2 54 28
2 2 54 31
1 2 54 36
7 2 51 35
6 3 51 36
1 2 51 35
3 3 52 35
7 2 51 37
5 2 54 43
1 2 53 43
4 2 52 44
5 2 54 51
4 2 54 50
3 2 54 49
3 2 54 52
3 2 54 55
4 2 54 65
2 2 54 69
8 2 54 77
5 2 54 79
3 2 55 0
7 4 55 2
3 2 52 0
8 2 54 0
4 2 54 1
8 2 55 1
5 2 55 3
1 2 55 18
5 2 55 21
2 2 53 22
3 2 55 24
6 2 55 27
5 2 54 28
1 2 53 29
8 2 54 28
5 2 55 30
4 2 51 30
8 2 52 30
6 2 52 31
3 3 55 31
4 2 51 33
8 2 52 33
4 2 55 39
7 2 55 47
6 3 55 49
5 2 55 67
2 2 55 67
8 2 56 3
3 2 56 12
1 2 56 13
3 2 51 13
6 3 51 13
2 3 56 13
6 2 51 15
3 2 55 15
8 2 53 14
6 3 56 12
7 3 56 15
6 4 56 17
6 2 56 20
2 2 55 21
3 2 54 22
2 2 56 23
1 2 55 24
2 2 56 32
5 2 56 33
7 5 56 35
7 4 56 39
6 2 50 40
3 3 51 38
6 2 53 38
6 2 54 40
3 5 56 43
3 2 55 44
1 3 55 45
3 2 52 46
7 4 56 51
3 2 56 49
2 2 56 50
7 2 56 49
5 3 56 48
4 2 56 57
4 2 55 56
8 3 56 59
1 2 55 58
4 2 52 59
2 2 52 60
6 2 54 59
5 2 55 58
7 2 55 59
7 3 56 64
5 2 55 63
4 2 55 63
3 2 56 64
4 2 56 71
8 2 56 75
3 3 56 79
1 2 57 6
5 3 57 7
8 3 57 9
5 2 56 9
4 2 52 10
7 2 56 10
3 2 55 10
8 2 57 10
6 2 55 11
4 2 57 14
5 2 57 28
7 3 57 29
3 4 57 31
5 2 57 38
8 2 57 39
1 2 56 38
2 2 57 39
5 3 56 38
7 2 56 38
1 2 57 39
2 2 56 40
6 2 57 43
7 2 57 45
6 2 57 46
4 2 57 48
8 2 57 50
1 3 57 52
4 2 55 53
1 2 56 53
5 2 56 53
8 2 56 54
7 2 57 55
6 2 56 54
7 4 57 59
6 2 57 69
2 2 57 77
8 2 58 0
4 2 58 7
4 2 55 7
3 2 55 8
7 2 57 7
5 2 57 7
3 6 58 11
4 2 58 10
4 4 58 27
3 2 58 33
3 3 58 37
2 2 56 36
4 2 57 35
6 2 57 36
5 2 58 40
1 2 54 41
8 2 57 41
4 2 58 43
7 2 58 42
1 2 58 49
4 3 58 51
6 2 58 52
2 3 58 53
5 3 58 63
6 2 57 65
8 2 57 66
8 2 58 62
2 2 56 61
3 3 56 62
1 2 58 65
1 2 58 69
4 2 56 68
5 2 56 69
3 2 56 69
1 2 54 69
8 2 56 70
7 3 58 70
7 2 57 68
6 3 58 72
3 2 58 76
7 3 58 77
4 2 58 78
6 2 58 79
8 3 59 7
6 6 59 13
7 2 59 15
8 4 59 16
3 2 59 18
8 2 59 18
2 2 59 17
5 2 59 25
7 2 57 24
2 2 59 27
5 2 59 28
7 2 59 34
1 2 59 37
4 2 59 45
2 2 57 46
3 2 59 49
3 3 59 52
1 2 59 53
6 3 59 57
2 2 58 56
8 2 59 59
1 2 59 59
4 2 59 68
4 2 57 68
8 2 57 68
6 2 59 76
1 4 59 78
7 3 60 10
5 2 60 9
2 2 59 10
1 3 60 10
6 2 59 9
4 3 60 10
5 2 60 12
1 2 60 16
5 2 59 16
6 4 60 17
8 2 60 21
1 2 58 20
5 2 55 21
5 2 57 21
4 2 58 21
6 3 59 21
4 3 60 21
3 2 57 19
5 2 57 19
2 2 60 19
3 3 60 19
7 2 60 22
4 2 60 26
1 2 60 29
7 7 60 28
3 2 60 33
2 3 60 34
3 2 58 34
7 2 58 34
4 2 58 34
2 2 59 34
1 2 60 32
4 2 60 33
8 3 60 39
4 2 60 39
6 3 60 39
4 2 60 43
7 2 60 52
8 2 60 55
4 2 59 55
3 3 60 59
7 2 60 59
7 3 60 62
2 2 60 62
6 2 60 65
4 2 60 64
2 3 60 69
4 2 60 70
8 2 59 71
2 2 56 72
6 2 56 72
4 4 56 73
6 2 60 72
7 2 59 72
3 2 59 73
3 2 61 2
6 2 59 1
2 2 59 2
5 2 58 3
8 2 59 3
4 2 60 3
6 2 60 4
2 2 60 4
5 4 61 41
7 2 61 41
4 2 61 41
1 4 61 44
6 2 56 46
3 2 61 44
7 2 61 56
6 2 61 55
4 2 61 60
1 2 61 61
4 2 61 62
5 3 61 74
5 2 61 72
4 2 61 75
3 2 61 76
6 2 62 2
7 2 62 1
7 2 61 0
5 2 62 3
7 2 62 16
7 2 60 15
8 2 62 25
8 2 62 42
6 2 62 43
4 2 62 51
8 2 60 50
4 2 60 50
1 2 62 56
3 2 61 55
6 2 58 56
2 5 61 56
7 2 60 56
3 2 60 56
5 3 62 56
6 3 62 59
5 2 62 71
7 4 62 73
1 2 63 2
6 2 63 1
2 3 63 2
1 4 63 9
3 4 63 18
6 2 62 19
8 2 63 24
5 3 63 43
6 2 63 45
7 2 63 49
3 2 63 52
7 3 63 55
1 2 63 58
6 2 63 72
8 3 63 74
2 2 63 75
7 2 62 74
6 2 62 74
1 2 63 78
4 2 64 0
2 3 64 0
3 2 64 2
3 2 64 5
3 2 64 8
6 2 62 7
5 2 64 13
3 2 64 14
4 2 62 15
3 2 62 16
4 4 64 16
7 2 64 25
7 2 64 29
6 4 64 30
2 2 62 30
5 2 62 31
3 3 64 31
1 2 64 31
6 2 62 32
5 2 62 33
6 2 62 34
4 2 64 30
8 2 64 45
4 2 64 53
5 3 64 59
8 2 64 61
1 2 64 63
5 2 62 64
4 2 64 66
8 2 59 66
7 2 59 66
5 2 61 66
1 2 60 67
3 2 64 72
2 2 64 73
1 2 61 74
6 2 61 74
3 2 64 77
4 2 64 78
4 4 65 3
8 3 65 9
3 3 65 11
7 2 65 13
4 2 63 12
3 2 63 13
6 2 64 12
1 2 65 21
3 2 64 21
1 2 62 22
5 5 65 26
4 2 59 26
5 2 60 25
3 2 64 26
3 4 65 28
6 3 65 27
6 2 64 27
3 2 65 39
2 2 63 40
3 2 63 40
1 2 65 41
2 4 65 42
8 2 65 47
2 2 65 51
3 2 65 54
6 2 65 53
2 4 65 56
3 2 65 56
6 3 65 61
2 3 65 60
5 2 65 67
3 2 62 66
8 2 62 66
2 2 63 66
6 2 63 65
1 2 65 71
1 2 65 79
6 2 65 78
7 2 66 7
7 2 66 10
2 2 66 11
5 3 66 14
6 3 66 16
6 3 66 21
5 2 66 23
2 2 65 24
5 2 66 28
6 2 66 32
6 2 65 33
5 2 66 33
4 3 66 34
6 2 66 37
2 2 61 37
6 2 65 37
5 2 59 36
4 2 60 36
8 2 61 38
4 8 66 38
3 2 64 38
5 2 66 38
4 2 66 39
7 3 66 39
3 2 66 42
7 2 66 46
7 2 54 47
8 2 56 47
2 2 56 48
4 2 65 45
3 2 66 45
8 2 65 46
6 2 62 47
3 2 62 47
7 2 62 48
2 2 62 48
1 3 62 48
7 2 65 46
2 2 66 48
1 2 66 49
3 5 66 50
5 2 65 51
8 2 66 50
5 2 66 53
8 2 66 54
8 4 66 56
1 2 66 59
2 2 66 63
5 2 65 64
8 2 65 65
7 2 66 62
8 2 66 61
4 2 66 63
8 3 66 75
2 2 66 78
7 3 66 79
6 2 67 0
3 2 66 0
5 2 66 1
8 2 67 0
4 3 67 1
5 3 67 6
7 2 65 4
3 2 66 5
2 2 66 6
1 3 66 7
2 3 67 9
5 2 67 11
4 2 67 12
2 2 67 13
2 2 64 14
1 2 66 14
6 3 66 15
3 2 67 17
4 3 67 18
8 3 67 23
1 2 67 28
6 2 67 30
8 2 67 38
8 2 67 40
4 2 67 43
6 3 67 44
3 2 67 49
3 2 67 60
5 2 67 61
6 3 67 63
3 2 67 63
2 2 66 64
4 2 67 67
4 2 66 67
8 2 64 68
7 3 64 69
6 2 67 66
5 2 67 71
3 2 67 70
7 2 67 69
5 2 65 68
1 2 67 68
5 3 67 75
8 2 65 75
3 3 67 75
3 2 68 2
2 2 68 3
1 3 68 4
4 2 68 4
2 2 68 5
8 6 68 13
7 3 68 14
8 2 68 19
7 4 68 19
2 4 68 20
8 2 67 20
4 3 68 20
3 3 68 20
6 2 68 23
6 2 61 23
4 3 61 23
8 2 64 23
3 4 68 24
1 2 66 26
7 2 64 27
3 3 68 28
7 2 68 31
7 2 68 39
6 4 68 41
1 2 68 48
6 2 68 49
5 2 68 51
6 4 68 51
2 2 68 58
3 2 68 68
4 2 68 69
5 2 68 78
5 2 69 8
6 2 68 7
8 2 69 8
3 2 69 22
7 2 69 24
2 2 69 30
5 4 69 36
5 2 64 36
5 2 68 36
1 3 68 37
8 2 67 36
3 2 69 37
1 2 69 39
1 4 69 42
6 2 69 57
4 3 69 58
2 3 69 60
3 2 69 62
3 2 69 65
8 2 69 69
2 2 69 71
4 2 69 72
2 2 69 74
7 2 65 73
4 2 65 74
8 3 70 0
3 2 70 1
5 3 70 8
5 2 70 11
8 3 70 18
4 2 70 23
3 3 70 24
8 2 70 25
4 3 70 26
2 2 67 26
4 2 67 27
8 2 69 25
5 2 69 26
7 2 70 27
2 2 70 32
8 2 70 35
5 2 70 55
1 2 68 54
2 2 67 53
7 3 67 54
8 2 70 54
3 2 70 56
6 2 70 60
1 3 70 63
7 3 70 64
8 2 70 66
6 2 70 72
8 2 69 71
5 4 71 3
6 3 71 4
8 3 71 6
7 2 71 10
3 2 71 17
5 2 71 21
1 2 71 23
7 2 67 22
5 2 70 22
3 2 70 23
2 2 70 23
5 6 71 29
6 2 71 31
7 2 66 32
2 2 67 32
1 2 69 30
2 2 70 30
5 2 71 32
4 3 71 38
8 4 71 39
5 3 71 38
6 3 71 39
5 2 71 44
1 2 71 55
5 2 71 60
5 2 71 63
8 2 71 68
4 3 71 69
4 2 71 67
2 3 71 73
3 2 72 3
4 5 72 7
6 2 72 26
1 3 72 31
8 2 72 36
7 2 72 48
4 3 69 47
8 7 72 53
5 2 72 55
1 2 72 66
5 2 72 66
2 2 71 65
3 2 72 65
4 2 72 64
7 2 72 63
8 2 72 62
2 2 72 62
1 2 72 66
7 3 72 67
2 4 72 71
7 3 73 2
7 2 73 8
6 4 73 9
4 4 73 11
1 2 71 12
1 2 73 16
2 2 73 16
1 4 73 19
6 2 73 18
5 2 73 17
4 2 73 24
5 2 73 30
8 2 71 29
8 2 73 29
1 2 73 28
4 2 73 30
7 2 73 43
1 2 69 44
8 2 73 43
2 2 73 47
2 2 73 59
7 2 69 58
5 2 70 58
3 2 73 63
3 2 73 68
5 4 73 69
1 3 73 70
2 2 73 77
4 2 68 76
8 2 69 78
6 2 72 78
4 2 72 79
6 2 74 2
4 2 74 1
1 2 71 0
3 2 74 4
6 2 74 13
8 2 70 14
4 2 74 19
6 2 74 22
8 4 74 32
3 3 74 30
8 2 74 32
6 3 74 33
7 2 71 34
6 2 69 35
2 2 74 34
4 2 74 36
6 3 74 47
1 2 68 46
1 2 74 51
3 2 71 50
4 3 74 51
2 2 74 55
2 2 74 57
1 3 74 62
5 2 74 66
6 2 74 72
8 5 74 76
8 2 71 75
7 2 70 74
8 2 75 4
1 2 75 8
8 3 75 13
2 2 73 11
7 2 74 11
8 3 74 12
7 2 75 12
3 2 75 14
4 2 69 14
5 2 70 14
4 2 73 14
3 2 72 15
6 2 72 16
7 2 75 20
8 2 72 21
2 2 72 22
3 2 75 19
2 2 75 21
8 2 75 24
5 2 75 27
2 2 74 28
3 2 73 27
2 2 75 26
4 4 75 27
7 3 75 29
1 2 75 37
7 2 73 38
5 2 75 42
3 2 74 41
4 3 75 46
6 2 75 50
7 2 75 52
4 2 72 53
5 2 73 53
6 3 75 53
3 2 75 53
3 3 75 56
6 2 75 57
3 2 74 58
1 2 73 57
8 2 74 58
6 2 73 58
7 2 74 59
4 2 75 58
3 2 75 59
8 2 75 61
2 2 75 68
4 5 75 74
4 2 74 71
4 2 76 3
6 2 74 4
3 2 70 5
2 2 74 5
1 2 76 10
1 2 75 10
4 3 75 9
3 2 75 11
6 2 76 10
5 2 76 13
6 2 76 15
6 2 76 17
3 2 76 21
6 2 75 21
2 2 76 38
6 2 73 39
6 2 76 38
7 2 76 39
4 2 76 44
5 2 68 44
8 2 68 44
1 2 76 60
3 4 76 62
7 2 76 62
6 2 76 64
2 2 76 65
6 2 75 66
3 3 77 1
3 2 74 0
4 2 77 0
1 2 76 1
7 2 76 0
8 2 77 1
2 2 77 5
2 2 73 6
3 2 74 6
8 2 74 5
1 2 74 5
7 2 75 6
2 2 77 11
2 2 77 18
7 2 76 18
8 2 77 21
1 2 77 25
1 2 75 25
4 3 77 33
8 3 77 35
1 2 77 44
6 4 77 51
4 2 77 52
4 2 75 53
8 2 77 52
1 2 77 53
7 3 77 54
5 3 77 63
6 6 77 69
6 2 77 75
3 2 77 78
1 2 76 77
3 2 76 78
5 2 77 79
8 2 78 6
2 2 78 8
5 2 78 9
3 2 78 14
5 2 76 15
2 2 78 15
6 2 78 21
7 2 78 25
6 2 76 24
7 3 76 24
2 2 78 26
6 2 78 36
1 2 78 39
8 3 77 38
4 2 78 45
5 2 77 45
8 2 77 46
4 2 76 45
3 2 76 45
7 2 76 46
8 2 74 46
6 3 77 46
3 3 78 47
2 2 76 46
3 2 76 47
2 2 78 48
5 2 78 47
7 4 78 48
1 2 78 50
4 2 78 52
3 2 78 56
7 2 78 57
8 2 76 56
7 2 76 55
6 2 76 55
1 2 78 61
3 4 78 64
2 2 78 72
1 2 79 0
4 2 79 6
7 2 76 5
7 3 79 7
8 2 79 9
1 3 79 11
8 2 79 12
7 2 79 13
6 2 79 16
5 3 79 16
8 2 78 16
6 3 79 19
8 2 79 24
1 4 79 27
7 3 79 31
5 2 78 30
2 2 78 31
3 2 78 32
4 2 76 33
3 3 76 34
2 2 78 33
8 2 79 52
4 2 79 55
1 3 79 68
5 3 79 69
5 2 79 71
8 2 79 71
8 2 79 73
3 2 76 73
8 2 76 74
6 2 76 74
2 2 73 75
3 2 75 75
5 2 77 74
5 2 76 75
6 2 75 76
4 2 77 75
3 2 80 13
2 4 80 20
7 2 80 25
4 2 80 24
5 2 80 26
8 3 80 26
3 2 80 27
8 2 78 28
4 2 80 29
8 2 80 30
6 2 79 29
1 2 79 30
5 2 80 29
2 3 80 30
5 3 80 32
2 2 80 35
7 2 80 39
1 2 78 40
1 2 75 41
6 2 78 39
4 2 77 40
2 2 75 41
7 2 77 41
6 2 77 42
2 2 80 38
6 3 80 38
8 2 80 40
7 3 80 44
7 2 80 55
8 2 80 56
3 2 78 56
4 2 80 59
1 2 80 59
8 2 78 58
2 3 79 58
5 2 78 57
5 2 80 61
4 2 80 74
6 2 80 73
1 2 79 74
1 2 80 72
2 4 80 75
1 2 81 5
5 2 79 6
3 2 80 4
7 2 81 8
4 3 81 7
5 2 81 23
4 2 81 22
2 2 81 23
1 2 81 22
3 5 81 21
2 2 81 26
6 2 81 27
2 2 81 37
4 2 79 36
1 2 81 44
8 2 80 45
3 2 80 45
4 2 81 48
4 2 79 49
8 2 79 49
6 2 78 49
5 2 78 50
1 2 80 49
2 2 81 47
2 4 81 62
3 4 81 65
7 2 81 66
6 2 81 72
3 2 81 71
2 2 81 70
4 3 81 70
7 2 81 72
3 2 81 78
3 5 82 5
3 2 82 10
2 3 82 11
7 3 82 24
4 2 82 36
4 3 82 42
6 2 80 41
5 2 79 42
4 2 81 42
7 2 76 43
5 2 82 44
2 2 82 43
6 3 82 44
3 2 82 46
6 3 82 48
4 2 82 50
4 2 82 55
2 4 82 56
5 2 82 64
4 2 82 72
2 2 82 73
4 3 83 4
1 2 82 3
7 2 82 3
2 2 83 3
2 2 82 2
4 2 83 15
5 3 83 18
5 2 83 23
8 4 83 45
3 2 83 49
3 2 83 51
7 2 83 50
1 3 83 64
2 2 83 67
3 2 80 67
2 2 80 66
4 2 80 67
7 2 82 67
2 2 82 68
4 2 83 67
3 3 83 71
6 3 84 1
3 2 84 3
7 2 84 11
4 2 84 13
1 2 84 12
2 2 84 14
7 2 84 15
2 4 84 20
3 2 84 20
8 5 84 26
3 2 84 28
7 2 84 33
5 2 80 33
6 3 80 33
7 2 81 32
7 3 84 41
3 2 82 40
1 2 84 47
4 2 81 46
5 2 81 47
6 2 83 46
5 2 84 48
6 2 84 52
8 2 84 54
3 2 82 53
7 2 84 54
1 3 84 67
5 4 84 73
3 2 82 74
6 2 84 74
4 2 84 77
7 2 81 76
4 2 80 77
2 2 85 11
2 3 85 16
6 2 83 16
4 2 83 17
2 2 84 16
1 2 85 17
3 3 85 17
2 2 85 17
8 2 84 18
4 2 82 19
1 4 84 19
5 2 84 18
7 3 85 18
3 2 85 23
4 2 85 31
4 3 85 46
8 2 85 52
7 2 85 52
4 2 85 53
8 2 85 56
5 2 85 55
1 2 85 56
8 2 85 58
3 2 81 57
7 2 82 58
3 2 85 62
6 2 84 63
7 2 85 61
3 3 85 60
3 2 81 60
2 2 82 60
4 2 83 60
2 3 85 59
6 2 84 58
8 2 84 57
1 2 84 56
2 2 85 63
3 3 85 65
3 2 85 68
7 2 85 77
7 2 82 77
5 3 82 77
6 2 82 76
1 2 83 77
7 2 84 76
1 2 86 6
1 2 83 5
2 2 82 6
4 2 82 6
4 2 85 5
6 2 82 6
3 2 86 13
4 2 86 15
8 2 86 21
3 2 86 47
1 2 86 47
5 2 85 46
7 2 86 48
2 2 86 55
5 3 86 58
4 2 86 61
3 3 86 72
7 2 85 74
3 2 86 78
6 2 85 77
6 8 87 20
5 2 87 25
4 2 87 28
6 2 87 41
8 2 87 50
5 2 87 52
2 2 87 57
6 2 87 57
4 2 87 56
1 2 87 59
4 2 87 64
1 2 83 65
1 2 85 65
6 2 86 65
3 4 87 70
1 2 85 70
6 2 84 69
7 2 84 69
8 3 86 68
7 2 87 68
2 5 87 72
2 2 87 76
6 2 87 78
4 2 87 77
5 2 87 77
2 2 87 78
2 2 88 1
4 2 85 0
6 2 85 1
7 2 87 1
6 3 88 2
2 4 88 4
2 3 88 6
6 2 85 5
5 2 86 5
3 2 86 6
7 2 86 7
2 2 87 5
6 3 88 9
5 2 86 9
2 2 86 9
1 3 87 9
3 4 87 11
2 2 88 13
7 3 88 13
7 2 88 24
7 2 88 34
5 2 87 35
7 2 79 36
6 2 85 34
8 2 88 34
7 2 85 34
1 2 88 34
3 2 80 35
6 2 83 35
8 2 82 36
5 2 83 35
4 2 87 35
3 2 88 40
2 2 88 44
4 2 86 43
8 2 85 42
6 2 86 42
5 2 86 41
7 4 88 45
6 2 88 51
4 3 88 52
1 2 86 53
5 2 88 55
2 2 88 56
4 3 88 58
7 2 88 73
6 3 88 75
4 2 89 0
1 2 89 13
5 2 89 16
3 2 88 15
4 2 89 19
5 2 89 25
2 2 86 24
6 2 86 25
4 2 88 24
1 2 87 25
1 2 89 24
8 2 89 24
8 2 89 27
6 3 89 28
8 2 84 28
1 2 85 28
2 2 87 28
3 2 86 29
1 2 84 30
5 2 87 28
8 2 87 29
3 2 88 29
4 3 89 30
2 2 88 31
1 2 84 32
4 2 88 32
6 4 89 31
4 3 89 34
7 2 82 35
4 2 83 35
2 2 86 35
1 2 86 35
8 4 86 36
2 2 87 36
6 2 89 33
2 2 86 32
7 3 89 40
8 2 83 39
2 3 89 43
3 2 87 42
3 2 89 42
1 2 89 46
7 2 89 58
5 2 89 59
5 2 89 62
1 2 89 63
7 2 88 62
8 2 89 68
3 2 88 67
6 2 89 69
6 2 83 70
5 2 83 71
2 2 84 71
8 4 89 73
8 2 87 75
3 2 88 75
5 2 89 72
4 2 89 75
4 3 90 2
8 2 88 4
8 2 90 4
8 2 90 8
6 2 90 11
8 2 90 12
1 2 90 15
3 2 90 18
7 2 90 23
1 2 90 22
7 3 90 27
6 2 89 26
5 2 90 29
6 3 90 39
1 2 85 38
6 3 85 38
5 2 88 38
1 4 90 40
2 2 88 39
8 2 88 42
3 2 88 43
6 3 88 44
7 2 89 43
5 3 90 42
8 2 90 46
8 3 90 51
1 2 90 53
6 2 90 54
8 2 89 53
7 2 90 55
8 2 90 63
7 2 90 64
7 2 87 65
5 2 87 65
8 2 89 65
1 2 89 66
3 2 90 64
2 2 90 68
2 3 90 77
1 2 90 78
5 2 91 6
6 2 90 6
5 2 90 7
1 2 91 17
2 2 91 30
7 2 91 32
2 2 91 33
6 4 91 35
5 2 90 34
7 3 91 46
2 2 91 50
1 2 86 49
4 2 89 49
5 2 89 50
8 3 90 49
4 2 91 70
4 2 90 71
2 3 91 73
4 3 92 3
6 2 91 2
5 2 89 1
1 2 91 3
2 2 92 19
5 2 92 20
1 2 92 19
1 2 90 20
6 2 90 20
7 2 90 20
5 2 89 21
3 2 92 24
8 3 92 29
1 3 92 31
8 2 92 34
8 2 90 35
2 3 92 36
4 2 87 37
5 3 92 39
3 2 92 43
1 2 92 43
3 2 92 46
2 2 92 45
1 2 92 45
8 2 92 54
7 2 90 53
5 2 90 53
6 4 91 52
3 2 92 55
1 2 92 61
5 2 87 60
8 2 89 60
2 2 89 60
8 3 92 62
4 3 92 65
8 2 86 66
8 2 88 66
6 2 92 65
2 2 88 66
5 2 93 0
6 2 93 4
2 2 93 6
1 2 93 10
8 2 93 12
1 2 93 13
4 2 93 14
4 2 91 15
5 2 91 16
8 2 93 20
1 2 93 20
4 2 92 21
8 2 93 22
6 2 93 23
4 2 92 22
5 2 92 23
4 3 93 25
7 2 93 27
1 2 93 28
3 2 92 27
6 2 93 29
3 2 93 30
3 2 93 35
1 2 92 34
1 4 93 40
2 2 91 40
8 3 93 40
5 2 93 44
6 4 93 48
7 2 92 49
3 2 90 48
2 2 93 51
2 2 92 51
2 2 93 60
2 2 92 61
1 2 92 60
6 2 93 61
3 2 92 60
1 4 92 61
4 2 93 61
2 2 93 67
7 2 93 69
3 4 93 72
8 2 93 74
6 2 92 75
7 2 91 76
5 2 93 79
7 2 94 8
7 4 94 13
8 2 89 16
2 2 89 17
4 2 90 17
5 2 90 18
6 3 91 16
3 2 92 16
7 2 92 16
1 2 92 15
5 2 92 16
5 4 94 13
7 2 93 11
2 2 94 11
6 2 94 17
3 2 94 18
5 4 94 20
2 2 94 23
2 2 94 27
4 3 94 27
8 3 94 39
8 2 94 38
3 2 94 42
8 2 94 47
4 3 94 50
4 4 94 58
2 2 92 56
4 2 92 56
1 3 94 57
8 3 94 59
2 2 94 62
1 2 92 63
8 2 92 63
5 6 94 62
5 2 94 65
5 2 94 73
3 2 92 73
6 3 94 74
7 2 94 75
4 2 94 76
3 2 94 75
7 3 94 78
6 4 95 3
5 2 95 16
8 4 95 18
3 3 95 29
6 4 95 35
5 2 94 34
4 4 95 36
2 2 95 41
2 2 95 43
4 2 95 42
1 2 95 49
4 2 94 48
5 2 93 47
1 2 95 51
7 2 95 57
5 2 94 56
3 2 94 57
6 4 95 69
8 2 95 72
4 3 95 74
2 3 95 75
6 2 95 78
2 2 95 78
8 2 96 10
8 2 94 9
4 2 89 8
8 2 89 8
5 2 90 8
1 2 93 8
2 2 94 10
4 2 92 9
1 3 96 15
4 2 96 18
6 2 96 19
2 2 96 20
2 3 96 28
4 2 96 29
5 2 96 34
7 3 96 35
2 2 96 38
7 2 96 42
6 3 96 45
4 2 96 52
7 2 96 59
1 3 96 61
7 2 96 61
7 3 96 66
1 2 96 71
1 2 90 70
5 2 92 70
3 2 92 70
7 2 92 70
2 2 96 70
5 2 96 73
1 5 96 74
5 2 96 75
4 6 97 3
5 2 97 6
1 2 95 7
7 2 94 6
1 2 93 5
3 2 93 4
4 2 93 5
3 2 95 6
8 3 95 6
6 4 97 30
2 3 97 32
8 2 92 32
3 2 93 32
6 2 96 32
5 3 97 40
3 4 97 42
2 2 97 42
1 2 97 48
3 2 97 47
2 2 94 46
7 2 96 46
1 2 96 47
6 3 97 48
4 2 97 49
5 2 96 50
2 2 97 51
8 2 97 53
7 2 97 54
8 2 97 56
1 2 95 55
8 3 95 56
6 2 97 63
2 4 97 67
4 2 95 66
3 2 97 68
7 2 97 71
4 2 97 70
8 2 97 76
2 4 97 76
7 3 97 77
1 2 98 10
3 3 98 15
6 2 98 17
2 2 98 23
2 2 93 22
3 2 93 23
8 2 97 22
1 2 97 23
3 2 96 24
3 2 89 25
8 2 94 25
2 2 97 24
3 2 98 22
4 2 98 21
1 2 98 20
3 2 98 25
5 2 98 26
8 2 98 30
5 2 98 31
3 2 98 35
1 3 98 36
3 2 98 38
4 2 98 39
3 2 98 55
2 2 98 54
6 2 97 55
4 2 98 59
1 2 98 79
8 2 99 1
4 2 94 0
7 2 92 1
1 2 99 5
2 2 97 6
4 2 98 4
3 2 98 3
1 2 98 6
5 2 98 7
3 3 99 14
2 2 99 15
6 3 99 15
5 2 99 18
7 2 99 17
4 3 99 17
8 2 99 20
7 2 99 22
2 4 99 28
8 3 99 35
4 2 98 33
6 2 99 39
8 2 99 41
3 3 99 43
6 2 99 46
7 2 99 55
5 3 99 56
4 2 99 56
7 4 99 57
1 2 99 60
4 2 99 63
3 2 99 65
5 2 97 64
3 2 97 65
5 2 99 66
7 2 96 66
1 2 99 65
8 2 97 66
3 2 98 66
6 2 99 66
5 2 100 3
6 2 100 4
6 2 99 5
3 3 100 5
2 2 100 8
3 2 100 9
3 2 98 9
6 2 99 8
7 2 100 10
6 2 97 11
6 2 96 12
5 2 99 11
8 3 99 12
3 2 100 26
1 3 100 27
3 2 100 26
4 3 100 25
2 2 100 25
8 3 100 25
7 2 100 26
8 2 100 31
2 2 100 33
7 3 100 44
8 2 97 45
2 3 100 45
5 7 100 55
3 2 98 52
5 2 97 53
1 2 98 53
6 2 98 52
2 2 100 57
7 2 100 64
4 3 100 65
2 3 100 70
7 2 98 69
5 2 98 68
8 4 98 69
3 2 99 70
8 2 100 70
5 2 100 79
3 3 101 1
8 2 98 0
4 2 98 0
3 2 97 0
3 2 100 1
6 2 100 0
1 2 100 1
7 3 100 2
8 2 101 2
2 2 101 2
4 3 101 6
5 3 101 19
3 2 101 23
5 2 101 25
3 2 100 24
7 2 100 24
6 4 101 25
8 2 101 27
3 2 101 27
5 3 101 28
3 4 101 29
3 2 101 40
2 3 101 42
8 3 101 44
3 2 100 44
4 3 100 44
5 2 101 46
4 2 101 48
8 2 100 49
7 4 101 49
2 3 101 49
7 3 101 51
1 3 101 51
2 2 101 61
7 2 101 61
6 4 101 64
2 3 101 65
8 3 101 67
4 2 100 68
4 2 101 70
6 5 101 74
7 2 101 77
4 2 99 76
3 3 99 76
3 2 99 78
4 3 101 78
7 2 102 0
5 2 101 0
2 2 102 5
7 2 102 8
2 2 100 7
8 2 100 8
1 2 101 8
8 5 102 12
2 2 99 11
2 2 102 14
4 3 102 14
1 2 102 20
3 2 102 21
8 2 100 21
6 3 102 36
7 2 100 37
7 3 102 40
7 2 102 44
6 2 101 43
5 2 101 43
2 2 102 44
6 2 102 46
4 3 102 50
6 4 102 57
8 2 102 64
5 2 100 63
7 3 102 67
6 2 99 68
2 3 102 73
3 2 103 6
6 2 103 6
2 2 103 16
4 2 103 18
1 2 103 17
6 4 103 20
7 2 103 24
7 2 103 27
6 5 103 27
6 2 103 29
4 2 101 30
7 2 103 37
5 2 103 37
3 2 103 42
6 2 103 54
7 2 103 54
8 2 103 60
2 2 103 62
5 2 103 65
2 2 103 68
6 2 103 70
4 5 103 73
7 2 103 77
3 2 104 3
5 3 104 2
3 2 104 8
3 3 104 15
6 2 104 22
8 5 104 29
8 2 103 30
3 4 104 35
2 2 103 35
1 3 103 35
4 2 104 33
3 2 99 32
2 2 99 33
6 2 104 32
7 4 104 33
4 3 104 36
5 3 104 40
4 2 102 39
2 4 104 42
4 2 104 44
1 2 102 44
2 2 102 44
1 2 104 48
2 2 104 48
2 2 104 50
5 2 104 56
4 2 104 57
6 3 104 67
8 2 104 70
3 2 100 71
6 2 100 72
2 2 105 4
2 2 104 4
4 4 105 5
8 2 105 14
3 2 105 49
8 2 104 50
6 2 104 50
8 3 105 53
4 3 102 52
8 2 105 53
4 2 100 52
1 2 105 55
3 2 105 56
5 2 105 57
7 3 105 65
6 3 105 70
5 2 102 71
7 2 105 74
1 2 105 77
4 2 102 76
3 3 106 14
1 3 106 16
1 2 106 18
4 2 104 19
2 2 106 23
4 2 106 24
4 2 103 25
8 2 104 25
5 2 106 31
4 2 106 35
6 3 106 35
7 4 106 37
5 2 103 38
8 2 106 60
2 2 106 61
4 2 105 62
5 2 106 74
2 2 106 74
6 2 106 77
5 2 106 77
2 2 106 76
8 2 106 76
6 2 107 4
2 2 107 5
5 3 107 7
8 3 107 10
4 4 107 15
2 3 107 18
3 2 106 20
5 2 105 21
4 2 103 22
1 2 105 22
4 2 107 20
1 2 107 22
8 2 106 21
5 2 107 23
4 2 107 31
3 2 107 32
6 2 105 32
3 2 105 32
5 2 107 41
2 3 107 46
1 2 107 47
8 2 106 46
3 3 107 47
5 5 107 52
2 2 107 51
7 2 107 55
1 2 106 56
3 2 107 59
7 2 107 58
3 2 106 59
4 2 107 59
4 3 107 61
1 2 103 61
8 3 103 61
7 2 104 61
3 2 104 62
5 2 107 60
2 2 105 61
6 2 106 61
8 2 107 63
1 2 107 63
6 2 107 66
3 2 107 66
8 2 107 67
1 2 103 68
6 3 107 73
1 2 107 75
3 2 107 77
5 2 107 79
6 2 108 6
1 5 108 8
5 2 107 9
7 2 103 10
1 2 107 9
2 3 107 8
8 2 104 10
5 2 104 10
5 5 108 18
6 2 108 23
7 2 107 22
1 3 108 25
8 5 108 29
8 2 108 32
4 4 108 34
7 3 108 44
5 2 108 50
1 2 108 51
7 3 108 52
8 2 108 54
4 2 107 55
6 4 108 60
6 2 108 64
7 2 105 63
3 2 106 63
7 3 108 70
7 2 106 71
2 2 106 71
6 2 106 72
5 2 106 72
3 3 107 72
5 2 108 73
7 2 108 74
4 2 109 6
8 2 109 6
2 2 109 10
7 2 106 11
6 2 100 12
2 2 103 12
4 2 100 13
7 2 102 13
4 3 103 12
5 2 104 13
8 2 104 14
1 2 108 11
6 2 107 12
5 4 107 12
8 3 109 12
3 2 107 11
1 2 107 12
6 3 109 19
6 3 109 22
3 2 109 24
7 3 109 29
7 3 109 32
1 4 109 31
3 2 109 35
6 2 109 37
1 2 101 37
5 3 101 37
8 2 102 38
3 2 109 39
6 2 105 40
3 3 105 39
2 2 108 38
4 2 108 40
7 2 106 41
2 2 108 40
8 2 108 41
7 2 109 39
2 2 105 38
7 2 109 41
2 2 109 42
5 2 109 44
8 3 109 50
5 2 109 54
2 2 109 55
1 3 109 57
3 2 109 58
7 2 109 61
4 4 109 64
1 2 109 67
5 2 106 68
3 2 106 69
3 2 109 68
7 2 109 67
4 2 109 74
7 2 109 76
5 2 105 77
4 2 109 77
6 3 109 76
3 2 110 0
7 2 104 0
5 2 104 1
8 2 110 1
5 2 110 3
4 2 110 2
1 2 109 3
5 2 110 11
1 2 107 10
4 2 109 12
8 3 109 11
7 2 110 10
5 2 109 9
7 2 110 16
8 3 110 15
5 2 110 25
1 4 110 26
5 2 108 27
3 3 110 28
6 2 110 30
8 4 110 36
3 2 110 39
2 2 110 41
7 3 110 44
3 2 108 43
4 2 110 43
4 2 107 44
8 2 110 43
1 4 110 44
6 2 110 52
4 2 110 56
3 2 110 64
6 2 110 68
1 2 110 68
8 3 110 69
2 2 110 70
3 3 110 73
2 2 111 1
3 2 110 2
1 2 111 2
5 2 111 7
4 2 110 8
7 2 111 8
1 2 109 7
6 2 111 7
3 2 110 6
2 4 111 10
3 3 111 15
2 2 110 14
7 2 111 19
1 2 111 33
5 2 111 32
4 4 111 39
4 2 111 37
8 3 111 38
5 2 111 40
5 3 111 44
7 2 108 45
4 3 111 45
8 2 111 46
5 2 109 47
3 3 111 52
8 2 111 52
6 3 111 72
8 4 111 73
5 2 112 4
6 3 112 5
7 2 112 3
5 4 112 6
6 2 112 17
2 4 112 18
1 2 111 20
6 2 109 21
2 2 111 19
7 2 111 19
8 3 111 21
3 2 112 18
5 2 112 17
8 2 112 18
7 3 112 21
5 2 112 20
7 2 112 21
2 2 112 29
4 2 111 30
3 2 112 31
6 2 112 36
5 2 112 38
6 2 112 52
5 2 108 53
1 2 112 54
7 2 112 59
1 2 110 59
4 2 106 58
8 2 108 58
5 4 112 67
5 2 112 75
2 2 112 76
7 2 109 77
2 2 113 2
3 2 113 3
2 2 113 4
5 2 113 13
4 2 113 16
8 2 113 15
6 2 113 15
8 2 113 22
4 2 111 23
2 2 111 23
1 2 112 23
1 3 113 28
4 2 113 35
2 2 113 40
6 3 113 42
6 2 113 42
3 2 113 41
6 2 113 46
5 2 108 47
8 2 109 47
7 4 113 52
3 2 110 49
2 2 110 48
2 2 113 64
7 2 113 68
1 2 113 71
3 2 111 70
2 2 113 73
8 2 113 75
1 2 114 12
1 3 114 14
2 2 114 29
5 3 114 31
2 2 114 34
7 2 114 36
1 3 114 35
3 2 114 35
7 5 114 40
3 2 114 43
7 2 114 44
1 3 114 49
6 2 114 51
6 2 114 53
8 4 114 57
5 2 112 56
2 3 112 57
8 3 113 56
6 2 113 55
6 2 113 58
1 3 114 57
4 2 114 57
5 2 114 59
4 2 114 63
6 2 114 63
3 2 114 71
6 2 114 73
4 2 114 75
4 2 113 76
7 2 112 77
3 2 114 75
1 3 114 76
6 6 115 2
6 2 109 0
4 2 111 0
8 2 111 1
7 2 115 1
5 2 115 0
7 2 114 1
5 2 115 4
8 2 115 12
8 3 115 16
7 2 115 17
6 2 114 17
4 2 115 23
7 2 115 26
3 2 113 25
7 5 115 31
5 3 115 37
1 2 115 40
6 2 115 47
7 2 115 47
8 2 115 48
4 2 113 47
3 2 115 47
2 2 115 52
8 2 115 55
2 2 114 54
5 2 114 54
1 2 114 55
8 2 115 53
3 4 115 56
1 2 115 59
6 2 115 61
6 2 112 60
5 2 115 63
6 2 111 62
8 2 113 62
3 3 113 61
5 2 115 66
6 2 114 65
4 2 114 65
8 5 114 66
4 2 114 66
1 2 114 66
3 4 114 66
5 2 115 69
3 4 115 73
7 3 115 77
2 2 112 78
3 2 114 78
2 2 115 79
8 2 116 10
2 5 116 12
4 2 116 19
5 3 116 19
2 3 116 26
1 2 115 25
4 2 116 25
3 4 116 31
4 2 114 32
3 2 116 36
7 5 116 37
6 3 116 42
2 2 116 47
5 4 116 48
5 3 116 61
7 2 116 61
2 2 116 61
7 2 116 66
5 2 116 67
8 2 116 69
6 2 116 74
4 2 116 76
5 2 116 77
4 4 117 7
2 2 116 6
5 2 117 14
7 4 117 15
7 3 117 18
3 5 117 28
8 2 116 27
6 2 115 28
8 2 117 38
7 8 117 39
7 2 117 44
2 2 115 45
2 2 117 46
1 2 117 55
6 2 117 69
3 4 117 70
1 2 114 70
2 2 115 69
4 2 117 73
7 2 117 72
8 2 117 73
2 2 117 74
8 2 117 75
1 2 118 2
1 2 116 1
7 3 118 3
5 3 118 9
1 2 114 8
8 2 115 10
6 2 117 10
7 2 118 12
3 2 118 17
6 4 118 22
1 2 116 21
7 2 117 21
8 3 118 23
1 2 118 24
8 2 117 24
5 3 118 25
1 2 118 27
3 2 118 30
5 4 118 29
6 4 118 36
1 2 118 38
3 2 118 42
5 2 118 43
1 2 117 44
8 2 117 45
5 2 117 45
6 2 117 45
2 3 118 57
8 2 118 61
6 3 119 7
8 2 119 16
8 2 119 22
7 2 119 25
6 2 119 24
3 2 118 23
5 2 119 36
6 3 119 39
2 2 119 43
5 2 119 49
5 2 115 50
4 2 115 50
8 2 115 49
6 2 116 49
3 2 119 57
5 2 119 57
6 2 119 60
4 4 119 61
2 2 119 64
5 2 114 63
1 3 114 64
4 2 115 63
7 2 119 66
7 2 119 70
4 2 118 69
5 3 118 68
2 3 119 70
1 4 119 72
5 3 119 73
5 2 120 0
4 2 117 1
7 2 119 1
2 2 118 2
5 2 119 2
3 2 120 2
8 3 119 1
2 2 120 3
1 4 120 7
1 2 117 5
6 3 117 6
3 2 118 5
4 2 119 4
1 3 119 5
1 2 120 10
5 2 120 11
6 3 120 14
4 2 119 14
1 2 120 14
7 4 120 13
4 2 120 19
1 2 120 19
7 3 120 20
2 2 120 22
1 2 120 22
3 2 120 21
5 5 120 23
1 2 120 25
5 2 119 26
6 2 119 27
2 2 120 38
5 2 120 39
8 2 120 51
1 2 120 50
6 3 120 51
5 2 119 51
2 2 119 52
1 2 119 51
4 2 120 56
5 2 120 66
4 2 120 68
3 2 119 67
1 2 120 74
3 2 120 77
4 3 121 1
3 3 121 11
6 2 120 11
7 3 121 11
5 6 121 16
6 4 121 26
1 2 121 30
7 2 116 29
5 2 116 30
1 2 119 29
3 2 118 28
8 2 119 30
6 2 121 31
8 2 118 32
1 2 119 32
2 3 119 33
4 5 120 32
3 4 121 35
6 2 120 34
8 2 121 37
3 2 121 48
8 2 120 47
6 3 121 54
6 2 121 57
3 4 121 61
4 2 119 59
1 2 121 62
6 4 121 63
4 2 121 72
7 8 121 74
7 7 74 73
3 80 75 0
8 80 76 0
4 80 77 0
6 80 78 0
4 80 79 0
1 80 80 0
4 80 81 0
7 80 82 0
4 80 83 0
2 80 84 0
7 80 85 0
2 80 86 0
3 80 87 0
6 80 88 0
3 80 89 0
8 80 90 0
4 80 91 0
1 80 92 0
2 80 93 0
4 80 94 0
2 80 95 0
5 80 96 0
7 80 97 0
1 80 98 0
8 80 99 0
6 80 100 0
5 80 101 0
6 80 102 0
5 80 103 0
4 80 104 0
5 80 105 0
4 80 106 0
7 80 107 0
2 80 108 0
6 80 109 0
4 80 110 0
7 80 111 0
6 80 112 0
3 80 113 0
4 80 114 0
5 80 115 0
6 80 116 0
1 80 117 0
7 80 118 0
8 80 119 0
7 80 120 0
5 80 121 0
8 80 122 0
2 80 123 0
