8349
3403
5 2 100 1
8 2 100 14
8 2 100 56
5 2 99 12
8 2 99 67
5 2 98 23
8 2 98 78
5 2 97 34
8 2 97 89
5 2 96 45
8 2 96 100
8 2 93 1
2 8 93 27
2 2 99 25
1 2 99 24
3 2 98 25
4 2 97 25
1 2 96 25
2 2 95 25
3 2 94 25
4 2 93 25
4 6 93 45
3 2 99 42
2 2 99 41
1 2 99 40
4 2 99 39
3 2 99 38
2 2 99 37
1 2 99 36
4 2 99 35
4 3 98 42
1 3 97 42
2 3 96 42
3 3 95 42
4 3 94 42
1 3 93 42
7 2 93 56
2 8 93 95
2 2 99 93
1 2 99 92
4 2 99 91
3 2 99 90
3 2 98 93
4 2 97 93
1 2 96 93
2 2 95 93
3 2 94 93
4 2 93 93
4 5 92 10
8 2 92 12
1 2 92 25
2 3 92 42
2 4 92 61
7 2 92 67
4 5 92 78
1 2 92 93
8 2 91 23
1 2 91 27
3 2 91 26
3 2 94 27
4 2 96 28
1 2 95 28
1 2 97 29
2 2 96 29
3 2 95 29
2 2 97 30
3 2 96 30
4 3 95 30
3 2 97 31
4 2 96 31
1 3 95 31
4 2 97 32
2 2 98 33
3 2 97 33
1 3 97 33
2 3 95 32
2 2 94 28
4 2 93 27
1 2 92 27
2 2 91 27
3 6 91 42
1 2 91 95
3 2 91 94
3 2 94 95
4 2 96 96
1 2 95 96
1 2 97 97
2 2 96 97
3 2 95 97
2 2 97 98
4 2 98 99
1 2 97 99
3 3 97 99
4 3 95 98
2 2 94 96
4 2 93 95
1 2 92 95
2 2 91 95
1 3 90 10
4 2 96 11
2 2 95 9
1 2 99 8
4 2 99 7
3 2 99 6
2 2 99 5
1 2 99 4
4 2 99 3
3 2 99 2
2 2 98 8
3 2 97 8
4 2 96 8
1 2 95 8
3 2 94 9
4 2 93 9
1 2 92 9
2 2 91 9
3 2 90 9
2 3 90 11
3 3 94 11
4 2 93 12
1 2 92 12
1 2 97 13
2 2 96 13
3 2 95 13
4 4 95 14
1 2 93 13
2 4 92 13
3 3 90 12
4 2 90 26
3 3 90 28
8 2 90 34
4 2 90 45
7 2 90 89
4 2 90 94
3 3 90 96
4 2 89 9
8 2 89 45
7 2 89 100
8 2 88 38
7 2 86 1
6 2 86 56
7 2 85 12
6 2 85 67
7 2 84 23
6 2 84 78
7 2 83 34
6 2 83 89
7 2 82 45
6 2 82 100
6 2 79 1
5 2 79 56
6 2 78 12
5 2 78 67
6 2 77 23
5 2 77 78
2 8 76 10
1 2 87 8
2 2 93 7
1 2 97 6
4 2 97 5
3 2 97 4
2 2 97 3
1 2 97 2
2 2 96 6
3 2 95 6
4 2 94 6
1 2 93 6
3 2 92 7
4 2 91 7
1 2 90 7
2 2 89 7
3 2 88 7
4 2 87 7
2 2 86 8
3 2 85 8
4 2 84 8
1 2 83 8
2 2 82 8
3 2 81 8
4 2 80 8
1 2 80 12
2 3 80 12
4 2 80 11
3 2 84 10
4 2 83 10
1 3 83 11
2 3 82 10
3 2 80 10
1 2 79 8
1 2 79 11
4 2 79 10
2 2 78 8
3 2 78 12
4 2 86 13
1 2 85 13
2 2 84 13
3 2 88 14
4 2 87 14
3 2 97 15
4 2 96 15
1 2 95 15
4 2 97 16
1 2 96 16
2 4 95 16
1 2 97 17
2 2 96 17
3 3 95 17
2 2 97 18
3 2 96 18
4 3 95 18
3 2 97 19
4 2 96 19
1 3 95 19
4 2 97 20
1 2 96 20
2 3 95 20
1 2 97 21
2 2 96 21
3 3 95 21
4 2 95 22
3 2 93 15
1 2 86 14
1 2 91 15
2 2 90 15
3 2 89 15
4 4 89 16
1 2 87 15
2 4 86 15
3 4 84 14
4 2 82 13
1 2 81 13
2 2 80 13
3 2 79 13
4 4 78 13
3 2 77 8
4 2 76 8
1 2 76 12
4 6 76 28
1 2 88 25
2 2 90 24
3 2 92 23
4 2 91 23
3 2 89 24
4 2 88 24
1 3 88 23
2 6 87 23
3 2 88 23
4 2 87 23
3 3 86 25
4 5 85 25
3 2 91 29
4 2 90 29
1 2 89 29
1 2 90 30
2 3 89 30
1 5 84 25
2 5 83 25
4 2 86 29
1 2 85 29
2 2 84 29
3 9 84 30
2 2 90 31
3 2 89 31
4 2 88 31
3 2 90 32
4 2 92 33
4 2 89 32
3 2 91 33
1 3 88 32
1 2 89 33
2 3 88 33
4 5 81 25
1 5 80 25
2 5 79 25
3 5 78 25
4 5 77 25
1 5 76 25
6 2 76 34
8 2 76 62
5 2 76 89
4 6 76 96
1 2 88 93
2 2 90 92
2 2 97 91
1 2 97 90
3 2 96 91
4 2 95 91
1 2 94 91
2 2 93 91
3 2 92 91
4 2 91 91
1 2 90 91
3 2 89 92
4 2 88 92
2 3 87 93
3 3 86 93
4 5 85 93
3 2 91 97
4 2 90 97
1 2 89 97
1 2 90 98
2 2 92 99
3 2 91 99
2 3 89 98
1 5 84 93
2 5 83 93
4 2 86 97
1 2 85 97
2 2 84 97
3 9 84 98
4 2 88 99
1 2 85 99
2 3 85 100
3 2 85 99
4 2 84 99
1 2 83 99
4 5 81 93
1 5 80 93
2 5 79 93
3 5 78 93
4 5 77 93
1 5 76 93
1 2 75 8
2 5 75 25
2 4 75 44
4 4 75 61
1 2 95 60
4 2 99 59
3 2 99 58
2 2 99 57
1 2 98 59
2 2 97 59
3 2 96 59
4 2 95 59
2 2 94 60
3 2 93 60
4 2 92 60
1 2 91 60
2 2 90 60
3 2 89 60
4 2 88 60
4 2 87 62
1 3 87 62
3 2 87 61
2 2 91 62
3 2 97 63
4 2 96 63
1 2 95 63
4 2 97 64
1 2 96 64
2 4 95 64
1 2 97 65
2 2 96 65
3 3 95 65
4 2 95 66
3 2 93 63
4 2 92 63
1 2 91 63
3 2 90 62
4 2 89 62
1 2 88 62
2 2 87 62
4 2 86 61
2 2 85 62
3 4 85 63
4 2 83 62
1 2 82 62
2 2 81 62
3 2 80 62
4 2 79 62
1 2 78 62
2 2 77 62
3 2 76 62
4 2 75 62
2 7 75 77
1 2 99 76
4 2 99 75
3 2 99 74
2 2 99 73
1 2 99 72
4 2 99 71
3 2 99 70
2 2 99 69
1 2 99 68
2 2 98 76
3 2 97 76
4 2 96 76
1 2 95 76
3 2 95 79
4 2 97 80
1 2 96 80
2 2 95 80
1 2 97 81
2 2 96 81
3 3 95 81
2 2 97 82
3 2 96 82
4 3 95 82
3 2 97 83
4 2 96 83
1 3 95 83
4 2 97 84
1 2 96 84
2 3 95 84
1 2 97 85
2 2 96 85
3 3 95 85
2 2 97 86
3 2 96 86
4 3 95 86
3 2 97 87
4 2 96 87
1 3 95 87
2 2 95 88
2 2 94 76
4 2 94 79
3 2 93 76
1 2 93 79
4 2 92 76
2 2 92 79
1 2 91 76
3 2 91 79
2 3 90 76
3 3 89 76
4 2 88 76
2 2 88 78
1 2 88 79
1 2 87 76
4 2 87 79
2 2 86 76
3 2 85 76
4 2 84 76
1 4 83 76
2 2 85 79
1 2 88 80
2 2 87 80
3 2 86 80
4 2 90 81
1 2 89 81
2 2 88 81
1 2 90 82
2 2 89 82
3 4 88 82
2 2 90 83
3 2 89 83
4 3 88 83
3 2 90 84
4 2 89 84
1 3 88 84
4 2 90 85
1 2 89 85
2 3 88 85
1 2 90 86
2 2 89 86
3 3 88 86
2 2 90 87
3 2 89 87
1 2 92 88
4 3 88 87
3 2 90 88
4 2 90 88
2 2 90 89
1 2 88 88
4 3 86 81
3 2 84 79
1 2 84 80
4 2 83 79
2 4 82 76
3 4 81 76
4 4 80 76
1 4 79 76
2 2 78 76
3 2 77 76
4 2 76 76
1 2 75 76
2 5 75 93
5 2 75 100
1 2 74 10
3 2 74 9
1 2 75 10
4 2 75 11
2 2 74 10
3 4 74 11
3 6 74 25
1 5 74 62
1 2 83 60
1 2 86 59
1 2 93 58
4 2 97 57
1 2 96 57
2 2 95 57
3 3 95 57
4 2 93 57
1 2 93 57
2 2 92 58
3 2 91 58
4 2 90 58
1 2 89 58
2 2 88 58
3 2 87 58
4 2 86 58
2 2 85 59
3 2 84 59
4 2 83 59
2 2 82 60
3 2 81 60
4 2 80 60
1 2 79 60
2 2 78 60
3 2 77 60
4 2 76 60
1 2 75 60
2 2 74 60
3 6 74 93
4 2 73 9
3 2 73 60
3 3 73 79
2 3 76 78
1 2 80 80
2 2 79 80
3 2 78 80
2 2 80 81
3 2 79 81
4 4 78 81
1 2 82 82
2 2 81 82
3 2 80 82
1 2 83 83
2 2 82 83
3 2 81 83
2 2 83 84
3 2 82 84
4 6 81 84
3 2 83 85
4 2 82 85
1 3 81 85
4 2 83 86
1 2 82 86
2 3 81 86
1 2 83 87
2 2 85 88
3 2 87 89
4 2 86 89
1 3 85 89
2 2 89 90
3 2 88 90
4 2 87 90
1 3 87 90
2 3 85 90
2 2 82 87
3 3 81 87
3 2 82 88
4 3 81 88
1 3 78 82
1 2 76 80
3 3 75 78
4 3 74 78
1 4 74 78
4 2 73 77
3 2 73 76
2 2 73 75
1 2 97 74
4 2 97 73
3 2 97 72
2 2 97 71
1 2 97 70
4 2 97 69
3 2 97 68
2 2 96 74
3 2 95 74
4 2 94 74
1 2 93 74
2 2 92 74
3 2 91 74
4 2 90 74
1 2 89 74
2 2 88 74
3 2 87 74
4 2 86 74
1 2 85 74
2 2 84 74
3 2 83 74
4 2 82 74
1 2 81 74
2 2 80 74
3 2 79 74
4 2 78 74
1 2 77 74
2 2 76 74
3 2 75 74
4 2 74 74
1 2 73 74
5 2 72 1
2 2 72 10
8 2 72 56
4 2 72 60
2 2 72 78
5 2 71 12
8 2 71 67
5 2 70 23
8 2 70 78
5 2 69 34
8 2 69 89
5 2 68 45
8 2 68 100
2 2 81 99
8 2 65 1
7 2 65 56
8 2 64 12
7 2 64 67
8 2 64 86
8 2 63 23
7 2 63 78
8 2 62 34
7 2 62 89
8 2 61 45
7 2 61 100
1 2 78 99
3 2 79 98
4 2 78 98
4 6 59 11
1 2 71 8
2 2 73 7
1 2 85 6
2 2 91 5
1 2 95 4
4 2 95 3
3 2 95 2
2 2 94 4
3 2 93 4
4 2 92 4
1 2 91 4
3 2 90 5
4 2 89 5
1 2 88 5
2 2 87 5
3 2 86 5
4 2 85 5
2 2 84 6
3 2 83 6
4 2 82 6
1 2 81 6
2 2 80 6
3 2 79 6
4 2 78 6
1 2 77 6
2 2 76 6
3 2 75 6
4 2 74 6
1 2 73 6
3 2 72 7
4 2 71 7
2 2 70 8
3 4 69 8
4 5 68 8
1 2 68 12
1 4 67 8
2 5 67 11
3 4 65 8
1 2 65 11
3 2 66 12
4 2 65 12
2 2 72 13
3 2 71 13
4 2 70 13
1 2 74 14
2 2 73 14
3 2 72 14
4 2 80 15
1 2 79 15
2 2 78 15
3 2 82 16
4 2 81 16
4 2 90 17
1 2 89 17
2 2 88 17
1 2 90 18
2 2 89 18
3 4 88 18
2 2 90 19
3 2 89 19
4 3 88 19
3 2 90 20
4 2 89 20
1 3 88 20
4 2 90 21
1 2 89 21
2 3 88 21
3 2 88 22
1 2 80 16
1 2 85 17
2 2 84 17
3 2 83 17
4 4 83 18
1 2 81 17
2 4 80 17
3 4 78 16
4 2 76 15
1 2 75 15
2 2 74 15
3 2 73 15
4 4 72 15
1 4 70 14
2 2 68 13
3 2 67 13
4 2 66 13
4 4 64 8
1 4 63 8
2 5 62 8
2 2 63 12
2 2 64 13
3 7 62 12
4 5 60 8
1 5 59 8
2 8 59 61
1 2 70 59
1 2 81 58
1 2 84 57
2 2 83 57
3 2 82 57
2 2 88 56
3 2 87 56
4 2 86 56
1 2 85 56
2 2 84 56
4 3 82 57
3 2 81 56
1 2 82 55
3 2 99 54
2 2 99 53
1 2 99 52
4 2 99 51
3 2 99 50
2 2 99 49
1 2 99 48
4 2 99 47
4 2 98 54
1 2 97 54
2 2 96 54
3 2 95 54
4 2 94 54
1 2 93 54
2 2 92 54
3 2 91 54
4 2 90 54
1 2 89 54
2 2 88 54
3 2 87 54
4 2 86 54
1 2 85 54
2 2 84 54
3 2 83 54
4 2 82 54
2 2 81 55
2 2 80 58
3 2 79 58
4 2 78 58
1 2 77 58
2 2 76 58
3 2 75 58
4 2 74 58
1 2 73 58
2 2 72 58
3 2 71 58
4 2 70 58
2 2 69 59
3 2 68 59
4 2 67 59
1 2 66 59
2 2 65 59
3 2 64 59
4 2 63 59
1 2 62 59
2 2 61 59
3 2 60 59
4 2 59 59
4 6 59 79
1 2 71 76
4 2 71 75
3 2 71 74
2 2 71 73
1 2 95 72
4 2 95 71
3 2 95 70
2 2 95 69
1 2 95 68
2 2 94 72
3 2 93 72
4 2 92 72
1 2 91 72
2 2 90 72
3 2 89 72
4 2 88 72
1 2 87 72
2 2 86 72
3 2 85 72
4 2 84 72
1 2 83 72
2 2 82 72
3 2 81 72
4 2 80 72
1 2 79 72
2 2 78 72
3 2 77 72
4 2 76 72
1 2 75 72
2 2 74 72
3 2 73 72
4 2 72 72
1 2 71 72
2 2 70 76
3 3 69 76
4 5 68 76
1 5 67 76
2 2 66 76
2 2 66 79
4 2 69 80
1 2 68 80
2 2 67 80
2 2 72 81
3 2 71 81
4 2 70 81
2 2 73 82
3 2 72 82
4 2 71 82
2 2 74 83
3 2 73 83
4 2 72 83
1 2 76 84
3 2 77 85
4 2 76 85
2 3 76 85
3 2 74 84
4 2 73 84
1 8 72 84
2 2 68 81
3 9 67 81
4 2 64 76
4 2 64 79
1 2 63 76
1 2 63 79
2 2 62 76
2 2 62 79
3 2 61 76
3 2 61 79
4 2 60 76
4 2 60 79
1 5 59 76
2 6 59 78
7 2 58 1
2 5 58 8
2 4 58 27
4 6 58 44
2 2 97 46
3 2 96 46
3 2 97 47
4 2 95 46
1 4 95 47
2 2 93 46
3 2 92 46
4 2 91 46
1 2 90 46
2 2 89 46
2 2 85 43
1 2 89 42
4 2 89 41
3 2 97 40
2 2 97 39
4 2 96 40
1 2 95 40
2 2 94 40
3 2 93 40
4 2 92 40
1 2 91 40
2 2 90 40
3 2 89 40
2 2 88 42
3 2 87 42
4 2 86 42
1 2 85 42
3 2 84 43
4 2 83 43
1 2 82 43
2 2 81 43
3 2 80 43
1 2 80 45
4 2 79 43
2 2 79 45
1 2 86 46
2 2 85 46
3 2 84 46
3 2 85 47
2 2 95 48
4 4 84 47
4 2 93 48
1 2 82 46
2 2 81 46
3 2 80 46
4 2 79 46
1 2 78 43
3 2 78 45
2 3 77 43
3 3 76 43
4 3 75 43
1 3 74 43
2 3 73 43
3 2 72 43
1 2 72 45
4 2 71 43
2 2 71 45
4 2 75 46
1 2 74 46
2 2 73 46
1 2 75 47
2 2 91 48
3 2 95 49
4 2 94 49
1 2 93 49
4 2 95 50
1 2 94 50
2 3 93 50
1 2 95 51
2 2 94 51
3 3 93 51
2 2 95 52
3 2 94 52
4 3 93 52
1 2 93 53
3 2 90 48
3 2 91 49
4 2 89 48
1 4 89 49
2 2 87 48
3 2 86 48
4 2 85 48
1 2 84 48
2 2 83 48
2 2 74 47
3 4 73 47
1 2 80 48
2 2 79 48
3 2 78 48
3 2 79 49
4 4 78 49
4 2 87 50
1 2 76 48
2 2 75 48
3 2 74 48
4 3 73 48
4 2 71 46
3 3 70 44
4 3 69 44
1 3 68 44
3 3 62 44
4 4 62 45
2 2 65 43
1 2 69 42
2 2 83 41
1 2 87 40
4 2 87 39
2 2 86 40
3 2 85 40
4 2 84 40
1 2 83 40
3 2 82 41
4 2 81 41
1 2 80 41
2 2 79 41
3 2 78 41
4 2 77 41
1 2 76 41
2 2 75 41
3 2 74 41
4 2 73 41
1 2 72 41
2 2 71 41
3 2 70 41
4 2 69 41
2 2 68 42
3 2 67 42
4 2 66 42
1 2 65 42
2 2 65 46
3 2 64 43
3 2 64 46
4 2 63 43
4 2 63 46
1 2 67 47
2 2 66 47
3 2 65 47
1 2 68 48
2 2 67 48
3 2 66 48
1 2 69 49
2 2 85 50
3 2 84 50
4 2 88 51
1 2 87 51
2 2 86 51
1 2 88 52
2 2 87 52
3 4 86 52
4 2 86 53
4 2 83 50
1 4 83 51
2 2 81 50
3 2 80 50
4 2 79 50
1 2 78 50
2 2 77 50
2 2 68 49
3 2 67 49
1 2 74 50
2 2 73 50
3 2 72 50
3 2 73 51
4 4 72 51
4 2 81 52
1 2 70 50
2 2 69 50
3 2 68 50
4 8 67 50
1 4 63 47
1 2 62 43
2 2 61 43
2 2 61 46
1 3 60 44
2 3 59 44
3 4 59 45
2 2 58 45
6 2 58 56
1 2 58 59
2 4 58 95
3 5 57 8
7 2 57 12
1 5 57 45
1 2 57 61
3 2 57 60
2 2 65 61
2 2 68 62
3 2 67 62
2 2 70 63
3 2 69 63
2 2 87 64
3 2 86 64
4 2 85 64
4 2 90 65
1 2 89 65
2 2 88 65
3 4 88 66
2 2 87 66
4 2 86 65
1 5 86 66
2 2 83 64
4 2 68 63
4 2 81 64
1 2 80 64
2 2 79 64
3 4 79 65
2 2 83 66
3 2 85 67
4 2 84 67
4 2 93 68
2 2 93 68
3 2 83 66
1 3 83 67
3 2 90 68
4 3 90 68
3 2 91 69
1 2 88 68
1 2 89 69
2 4 88 69
4 2 91 70
1 2 90 70
2 2 89 70
3 2 89 71
3 2 86 68
4 2 85 68
1 2 84 68
2 3 83 68
4 2 77 64
1 2 76 64
2 2 75 64
3 2 74 64
4 2 73 64
1 2 72 64
2 2 71 64
3 2 70 64
4 2 69 64
1 4 68 64
4 2 66 62
1 2 65 62
3 2 64 61
4 2 63 61
1 2 62 61
2 2 61 61
3 2 60 61
4 2 59 61
1 2 58 61
2 2 57 61
6 2 57 67
2 2 79 66
3 6 57 76
7 2 56 23
4 2 56 60
3 3 56 62
6 2 56 78
7 2 55 34
4 2 55 43
3 2 59 42
2 2 63 41
1 2 67 40
2 2 81 39
1 2 95 38
1 2 85 38
4 2 85 37
3 2 97 36
2 2 97 35
4 2 96 36
1 2 95 36
2 2 94 36
3 2 93 36
4 2 92 36
1 2 91 36
2 2 90 36
3 2 89 36
4 2 88 36
1 2 87 36
2 2 86 36
3 2 85 36
2 2 84 38
1 2 84 37
4 2 91 38
3 3 84 39
4 3 83 38
2 2 83 37
2 2 86 38
3 2 85 38
4 2 84 38
1 3 84 39
3 2 82 37
1 2 81 38
3 2 80 39
2 2 80 38
4 2 79 39
3 2 79 38
1 2 78 39
2 2 77 39
3 2 76 39
4 2 75 39
1 2 74 39
2 2 73 39
3 2 72 39
4 2 71 39
1 2 70 39
2 2 69 39
3 2 68 39
4 2 67 39
2 2 66 40
3 2 65 40
4 2 64 40
1 2 63 40
3 2 62 41
4 2 61 41
1 2 60 41
2 2 59 41
4 2 58 42
1 2 57 42
2 2 56 42
3 2 55 42
6 2 55 89
7 2 54 45
4 2 54 45
6 2 54 100
8 2 52 10
6 2 51 1
5 2 51 56
6 2 50 12
5 2 50 67
6 2 49 23
5 2 49 78
6 2 48 34
5 2 48 89
6 2 47 45
5 2 47 100
5 2 44 1
8 2 44 56
5 2 43 12
8 2 43 67
5 2 42 23
2 7 42 44
1 2 53 42
4 2 53 41
3 2 57 40
2 2 61 39
1 2 65 38
4 2 77 37
4 2 80 36
4 2 83 35
1 2 82 35
2 2 81 35
3 3 81 35
1 2 79 36
2 2 78 36
3 2 77 36
1 2 76 37
2 2 75 37
3 2 74 37
4 2 73 37
1 2 72 37
2 2 71 37
3 2 70 37
4 2 69 37
1 2 68 37
2 2 67 37
3 2 66 37
4 2 65 37
2 2 64 38
3 2 63 38
4 2 62 38
1 2 61 38
3 2 60 39
4 2 59 39
1 2 58 39
2 2 57 39
4 2 56 40
1 2 55 40
2 2 54 40
3 2 53 40
2 2 52 42
3 2 51 42
4 2 50 42
1 2 49 42
2 2 48 42
1 3 48 44
2 2 53 46
3 2 52 46
2 4 48 45
1 2 50 46
3 2 57 47
4 2 56 47
1 2 55 47
2 2 59 48
3 2 58 48
4 2 57 48
1 2 61 49
2 2 60 49
3 2 59 49
1 2 62 50
2 2 61 50
3 2 60 50
1 2 63 51
2 2 79 52
3 2 78 52
1 2 81 53
2 2 80 53
3 3 80 53
4 2 77 52
1 4 77 53
4 2 77 53
2 4 76 53
3 4 75 53
4 2 73 52
1 2 72 52
2 2 71 52
2 2 62 51
3 2 61 51
1 2 68 52
2 2 67 52
3 2 66 52
3 2 67 53
4 4 66 53
1 2 64 52
2 2 63 52
3 2 62 52
4 8 61 52
1 4 57 49
2 4 55 48
3 2 53 47
4 2 52 47
1 2 51 47
2 2 49 46
3 2 48 46
4 4 48 47
3 2 47 42
4 2 46 42
3 3 46 44
4 4 46 44
1 2 45 42
2 2 44 42
1 3 44 44
3 2 43 42
4 2 42 42
4 6 42 62
1 2 54 59
2 2 56 58
1 2 68 57
4 2 72 56
1 3 72 56
4 2 71 55
2 2 70 56
3 3 70 57
4 2 68 56
2 3 68 57
3 2 66 57
4 2 65 57
3 2 67 56
4 2 66 56
1 4 65 56
2 4 64 56
3 2 62 57
4 2 61 57
1 3 61 57
2 2 59 57
3 2 58 57
4 2 57 57
1 2 56 57
3 2 55 58
4 2 54 58
2 3 53 59
3 3 52 59
4 5 51 59
2 2 62 63
3 2 61 63
4 2 60 63
2 2 63 64
3 2 62 64
4 2 61 64
2 2 64 65
3 2 74 66
4 2 73 66
1 2 72 66
2 2 72 66
3 2 66 66
4 3 66 67
4 2 68 67
1 2 67 67
2 2 66 67
3 2 78 68
4 2 77 68
1 2 76 68
3 2 79 69
4 2 87 70
4 2 78 69
1 2 77 69
3 2 84 70
4 2 83 70
1 2 82 70
2 3 82 71
3 2 80 70
4 2 79 70
1 3 79 71
2 7 78 71
3 2 74 68
4 2 73 68
1 2 72 68
2 2 71 68
3 2 70 68
4 2 69 68
1 2 68 68
2 2 67 68
3 4 66 68
1 2 64 66
3 2 63 65
2 2 63 66
4 2 62 65
1 7 62 66
3 2 62 66
2 2 58 63
3 2 57 63
4 2 56 63
1 2 55 63
1 5 50 59
2 5 49 59
4 2 52 63
1 2 51 63
2 2 50 63
2 2 51 64
3 9 50 64
4 5 47 59
1 5 46 59
2 5 45 59
3 5 44 59
4 5 43 59
1 5 42 59
2 4 41 10
4 6 41 27
2 2 68 26
1 2 72 25
4 2 72 24
3 2 76 23
2 2 71 25
3 2 70 25
4 2 69 25
1 2 68 25
4 2 68 28
3 2 67 26
1 2 67 28
4 2 70 29
1 2 69 29
2 2 68 29
4 2 79 30
1 2 78 30
3 2 85 31
4 2 84 31
1 2 83 31
2 4 83 32
2 2 77 30
4 2 80 31
1 2 79 31
2 2 78 31
3 6 78 32
4 2 75 30
1 2 74 30
2 2 73 30
3 2 72 30
4 2 71 30
1 2 70 30
2 2 69 30
3 4 68 30
4 2 66 26
2 2 66 28
1 2 65 26
3 2 65 28
2 2 64 26
4 2 64 28
3 2 63 26
1 2 63 28
4 2 62 26
2 2 62 28
1 2 61 26
3 2 61 28
2 2 60 26
4 2 60 28
3 2 59 26
1 2 59 28
4 2 58 26
2 2 58 28
1 2 57 26
3 2 57 28
2 2 56 26
4 2 56 28
3 2 55 26
1 2 55 28
4 3 54 26
1 2 41 42
2 5 41 59
2 4 41 78
8 2 41 89
4 6 41 95
2 2 68 94
1 2 72 93
4 2 72 92
3 2 84 91
4 2 83 91
1 2 82 91
2 3 82 92
3 2 80 91
4 2 79 91
1 3 79 92
2 2 77 91
3 2 76 91
4 2 75 91
1 2 74 91
2 2 73 91
3 2 72 91
2 2 71 93
3 2 70 93
4 2 69 93
1 2 68 93
4 2 68 96
3 2 67 94
1 2 67 96
4 2 70 97
2 2 77 98
1 2 77 98
1 2 69 97
4 2 75 98
2 2 68 97
2 2 73 98
3 2 72 98
3 2 73 99
4 2 71 98
1 4 71 99
4 2 71 100
2 2 69 98
3 4 68 98
4 2 66 94
2 2 66 96
1 2 65 94
3 2 65 96
2 2 64 94
4 2 64 96
3 2 63 94
1 2 63 96
4 2 62 94
2 2 62 96
1 2 61 94
3 2 61 96
2 2 60 94
4 2 60 96
3 2 59 94
1 2 59 96
4 2 58 94
2 2 58 96
1 2 57 94
3 2 57 96
2 2 56 94
4 2 56 96
3 2 55 94
1 2 55 96
4 3 54 94
8 2 40 34
1 2 40 44
2 2 41 44
3 4 41 44
4 2 41 45
1 2 40 45
2 2 41 46
3 3 40 46
3 6 40 59
8 2 40 100
1 3 39 27
3 2 51 26
1 2 52 25
2 2 66 24
2 2 75 23
1 2 70 23
2 3 70 23
3 2 71 22
4 2 85 21
3 2 85 20
1 2 84 21
2 3 84 22
3 2 82 21
4 2 81 21
1 3 81 22
2 2 79 21
3 3 79 22
4 2 77 21
1 2 76 21
2 3 76 22
3 2 74 21
4 2 73 21
1 2 72 21
2 2 71 21
4 2 70 22
1 2 69 22
3 3 69 24
4 2 67 23
1 2 66 23
3 2 65 24
4 2 64 24
1 2 63 24
4 2 65 23
1 3 65 24
2 4 63 23
3 2 61 24
3 2 62 23
4 4 61 23
1 2 59 24
2 3 59 24
3 2 60 23
4 2 59 23
1 3 59 24
3 2 57 24
2 2 57 23
4 3 57 24
1 2 55 24
2 2 54 24
3 2 53 24
4 2 52 24
2 2 51 25
4 2 50 26
1 2 49 26
2 2 48 26
3 2 47 26
4 2 46 26
1 2 45 26
2 2 44 26
3 2 43 26
4 2 42 26
1 2 41 26
2 2 40 26
1 2 40 28
3 2 39 26
2 3 39 28
2 2 52 29
3 2 51 29
4 2 50 29
4 2 63 30
1 2 62 30
2 2 61 30
4 2 64 31
1 2 63 31
2 2 62 31
4 2 73 32
4 2 76 33
2 2 74 33
3 3 74 34
1 3 73 33
2 3 72 33
4 2 72 33
1 2 71 33
3 3 71 33
4 2 69 32
1 4 69 33
2 3 69 34
2 2 67 32
3 2 66 32
3 2 67 33
4 4 66 33
1 2 64 32
2 2 63 32
3 6 62 32
4 2 59 30
1 2 58 30
2 2 57 30
3 2 56 30
4 2 55 30
1 2 54 30
2 2 53 30
3 2 52 30
4 2 51 30
1 5 50 30
2 3 48 28
3 3 47 28
4 3 46 28
1 3 45 28
2 3 44 28
3 3 43 28
4 3 42 28
1 3 41 28
2 3 40 28
3 4 39 28
4 2 39 43
2 2 39 44
1 3 39 95
3 2 51 94
1 2 52 93
2 2 66 92
1 2 70 91
4 2 70 90
2 2 71 89
2 2 69 91
3 2 68 91
4 2 67 91
1 2 66 91
3 2 65 92
4 2 64 92
1 2 63 92
2 2 62 92
3 2 61 92
4 2 60 92
1 2 59 92
2 2 58 92
3 2 57 92
4 2 56 92
1 2 55 92
2 2 54 92
3 2 53 92
4 2 52 92
2 2 51 93
4 2 50 94
1 2 49 94
2 2 48 94
3 2 47 94
4 2 46 94
1 2 45 94
2 2 44 94
3 2 43 94
4 2 42 94
1 2 41 94
2 2 40 94
1 2 40 96
3 2 39 94
2 3 39 96
2 2 52 97
3 2 51 97
4 2 50 97
4 2 63 98
3 2 63 99
4 2 63 100
1 2 64 99
2 2 63 99
1 2 62 98
2 2 61 98
3 2 60 98
4 3 60 99
1 2 58 98
2 2 57 98
3 2 56 98
4 2 55 98
1 2 54 98
2 2 53 98
3 2 52 98
4 2 51 98
1 5 50 98
2 3 48 96
3 3 47 96
4 3 46 96
1 3 45 96
2 3 44 96
3 3 43 96
4 3 42 96
1 3 41 96
2 3 40 96
3 4 39 96
4 3 38 26
4 3 38 94
8 2 37 1
7 2 37 56
8 2 36 12
7 2 36 67
8 2 35 23
7 2 35 78
8 2 34 34
7 2 34 89
8 2 33 45
7 2 33 100
7 2 30 1
6 2 30 56
7 2 29 12
6 2 29 67
7 2 28 23
8 2 28 58
6 2 28 78
7 2 27 34
6 2 27 89
7 2 26 45
6 2 26 100
2 8 25 27
1 2 36 25
3 2 49 24
4 2 48 24
1 2 47 24
1 2 48 23
3 2 51 22
2 2 67 21
3 2 69 20
2 2 84 19
1 2 82 19
2 2 81 19
3 3 81 19
4 3 80 20
1 3 79 19
2 2 77 19
3 2 76 19
4 2 75 19
1 2 74 19
2 2 73 19
3 2 72 19
4 2 71 19
1 2 70 19
2 2 69 19
4 2 68 20
1 2 67 20
3 2 66 21
4 2 65 21
1 2 64 21
2 2 63 21
3 2 62 21
4 2 61 21
1 2 60 21
2 2 59 21
3 2 58 21
4 2 57 21
1 2 56 21
2 2 55 21
3 2 54 21
4 2 53 21
1 2 52 21
2 2 51 21
2 4 47 23
3 2 45 24
4 2 44 24
1 2 43 24
2 2 42 24
3 2 41 24
4 2 40 24
1 2 39 24
2 2 38 24
3 2 37 24
4 2 36 24
2 2 35 25
3 2 34 25
4 2 33 25
1 2 32 25
2 2 31 25
3 2 30 25
4 2 29 25
1 2 28 25
2 2 27 25
3 2 26 25
4 2 25 25
2 8 25 95
1 2 36 93
3 2 49 92
1 2 50 91
2 2 64 90
4 2 65 89
1 3 65 89
3 3 64 90
2 2 63 89
4 2 62 90
1 3 62 90
2 2 60 90
3 4 60 89
3 3 61 88
1 2 78 87
2 2 77 87
3 2 76 87
4 3 76 87
1 2 74 87
2 2 73 87
3 2 72 87
4 2 71 87
1 2 70 87
2 2 69 87
3 2 68 87
4 2 67 87
1 2 66 87
2 2 65 87
3 2 64 87
4 2 63 87
1 2 62 87
2 2 61 87
4 4 60 88
4 2 58 90
1 4 58 89
2 4 57 89
3 2 55 90
4 2 54 90
3 2 56 89
1 3 54 90
4 2 53 89
2 2 54 88
1 2 58 87
3 2 59 86
4 2 61 85
2 2 70 84
3 2 69 84
4 2 68 84
1 2 67 84
2 2 66 84
3 2 65 84
4 2 64 84
1 2 63 84
2 2 62 84
3 2 61 84
1 3 61 86
2 2 59 85
4 3 59 86
3 2 58 85
2 2 57 87
3 2 56 87
4 2 55 87
1 2 54 87
3 2 53 88
2 3 53 90
1 2 52 89
3 2 51 90
4 3 51 90
2 2 49 91
4 2 48 92
1 2 47 92
2 2 46 92
3 2 45 92
4 2 44 92
1 2 43 92
2 2 42 92
3 2 41 92
4 2 40 92
1 2 39 92
2 2 38 92
3 2 37 92
4 2 36 92
2 2 35 93
3 2 34 93
4 2 33 93
1 2 32 93
2 2 31 93
3 2 30 93
4 2 29 93
1 2 28 93
2 2 27 93
3 2 26 93
4 2 25 93
4 6 24 10
2 2 49 10
3 2 48 10
4 2 47 10
1 4 47 11
4 2 45 9
1 2 55 8
4 2 55 7
1 2 69 6
2 2 71 5
1 2 83 4
2 2 89 3
1 2 93 2
2 2 92 2
3 2 91 2
4 3 91 2
1 2 89 2
2 2 89 2
3 2 88 3
4 2 87 3
1 2 86 3
2 2 85 3
3 2 84 3
4 2 83 3
2 2 82 4
3 2 81 4
4 2 80 4
1 2 79 4
2 2 78 4
3 2 77 4
4 2 76 4
1 2 75 4
2 2 74 4
3 2 73 4
4 2 72 4
1 2 71 4
3 2 70 5
4 2 69 5
2 2 68 6
3 2 67 6
4 2 66 6
1 2 65 6
2 2 64 6
3 2 63 6
4 2 62 6
1 2 61 6
2 2 60 6
3 2 59 6
4 2 58 6
1 2 57 6
2 2 56 6
3 2 55 6
2 2 54 8
3 2 53 8
4 2 52 8
1 2 51 8
2 2 50 8
3 2 49 8
4 2 48 8
1 2 47 8
2 2 46 8
3 2 45 8
2 2 45 11
1 2 44 9
3 2 44 11
4 3 44 11
2 2 43 9
3 2 42 9
1 2 42 11
4 2 41 9
4 2 41 12
1 2 61 13
1 2 40 9
1 2 40 12
2 2 39 9
2 2 39 12
4 2 58 13
1 2 62 14
1 2 57 13
3 2 60 14
4 2 59 14
2 2 66 15
3 2 65 15
4 2 64 15
1 2 68 16
2 2 67 16
3 2 66 16
4 2 74 17
1 2 73 17
2 2 72 17
3 3 72 18
4 2 70 17
1 2 69 17
2 3 69 18
3 2 67 17
4 4 66 17
3 2 68 18
4 2 67 18
1 3 66 18
1 4 64 16
2 2 62 15
3 2 61 15
4 2 60 15
2 2 56 13
2 2 57 14
2 2 58 15
3 4 56 14
4 2 54 13
1 2 53 13
2 2 52 13
3 2 51 13
4 2 50 13
1 2 49 13
2 2 48 13
3 2 47 13
4 2 46 13
1 2 45 13
2 2 44 13
3 2 43 13
4 2 42 13
1 2 41 13
2 2 40 13
3 4 39 13
3 2 38 9
4 5 37 9
1 2 37 11
2 3 31 11
3 2 36 10
4 2 35 10
2 2 35 11
3 4 31 12
3 2 32 10
4 2 31 10
1 2 32 9
1 2 35 8
4 2 43 7
1 2 53 6
4 2 53 5
1 2 67 4
2 2 69 3
1 2 81 2
2 2 80 2
3 2 79 2
4 3 79 2
3 2 78 1
1 2 77 2
2 3 77 2
4 2 77 1
1 2 76 1
3 3 76 2
4 3 75 2
1 2 73 2
2 4 73 1
3 2 73 1
3 2 71 2
4 2 70 2
1 2 69 2
3 2 68 3
4 2 67 3
2 2 66 4
3 2 65 4
4 2 64 4
1 2 63 4
2 2 62 4
3 2 61 4
4 2 60 4
1 2 59 4
2 2 58 4
3 2 57 4
4 2 56 4
1 2 55 4
2 2 54 4
3 2 53 4
2 2 52 6
3 2 51 6
4 2 50 6
1 2 49 6
2 2 48 6
3 2 47 6
4 2 46 6
1 2 45 6
2 2 44 6
3 2 43 6
1 2 42 7
2 2 41 7
3 2 40 7
4 2 39 7
1 2 38 7
2 2 37 7
3 2 36 7
4 2 35 7
2 2 34 8
3 2 33 8
4 2 32 8
2 2 31 9
1 2 30 10
4 3 29 11
1 2 33 13
2 2 32 13
3 2 31 13
4 2 35 14
1 2 55 15
1 2 34 14
2 2 33 14
4 2 52 15
1 2 56 16
1 2 51 15
3 2 54 16
4 2 53 16
2 2 60 17
3 2 59 17
4 2 58 17
2 2 61 18
3 2 60 18
4 2 59 18
2 2 62 19
3 2 61 19
4 2 60 19
1 7 60 20
2 2 56 17
3 2 55 17
4 2 54 17
2 2 50 15
2 2 51 16
2 2 52 17
3 4 50 16
4 2 48 15
1 2 47 15
2 2 46 15
3 2 45 15
4 2 44 15
1 2 43 15
2 2 42 15
3 2 41 15
4 2 40 15
1 2 39 15
2 2 38 15
3 2 37 15
4 2 36 15
1 2 35 15
2 2 34 15
3 4 33 15
4 4 31 14
1 5 29 13
2 4 28 12
1 2 27 12
1 2 24 25
4 5 24 44
1 2 37 42
2 2 39 41
1 2 51 40
4 2 51 39
3 2 55 38
2 2 59 37
1 2 63 36
3 2 68 35
4 2 67 35
1 3 67 35
2 3 66 36
3 2 64 35
4 3 64 35
2 2 62 36
1 2 62 35
3 2 61 36
4 2 65 35
1 2 64 35
2 2 63 35
3 3 63 35
2 2 62 35
1 2 61 34
4 4 61 35
1 2 59 36
3 2 58 37
4 2 57 37
1 2 56 37
2 2 55 37
4 2 54 38
1 2 53 38
2 2 52 38
3 2 51 38
2 2 50 40
3 2 49 40
4 2 48 40
1 2 47 40
2 2 46 40
3 2 45 40
4 2 44 40
1 2 43 40
2 2 42 40
3 2 41 40
4 2 40 40
1 2 39 40
3 2 38 41
4 2 37 41
2 2 36 42
3 3 35 42
4 3 34 42
1 3 33 42
2 3 32 42
3 3 31 42
4 3 30 42
1 3 29 42
2 3 28 42
3 3 27 42
4 3 26 42
1 3 25 42
2 3 24 42
2 4 24 61
4 6 24 78
4 2 51 79
1 2 50 79
4 2 53 80
1 2 52 80
2 2 51 80
4 2 62 81
1 2 61 81
2 2 60 81
4 2 63 82
1 2 62 82
2 2 61 82
3 5 61 83
4 2 58 81
1 2 57 81
2 2 56 81
3 2 55 81
4 2 54 81
1 2 53 81
2 2 52 81
3 4 51 81
2 2 49 79
3 2 48 79
2 2 47 77
1 2 55 76
4 2 55 75
1 2 69 74
4 2 69 73
3 2 69 72
2 2 69 71
3 2 75 70
4 2 74 70
1 3 74 71
2 2 72 70
3 2 71 70
4 2 70 70
1 2 69 70
2 2 68 74
3 2 67 74
4 2 66 74
1 2 65 74
2 2 64 74
3 2 63 74
4 2 62 74
1 2 61 74
2 2 60 74
3 2 59 74
4 2 58 74
1 2 57 74
2 2 56 74
3 2 55 74
2 2 54 76
3 2 53 76
4 2 52 76
1 2 51 76
2 2 50 76
3 2 49 76
4 2 48 76
1 2 47 76
4 2 47 79
3 2 46 77
1 2 46 79
4 2 45 77
2 2 45 79
1 2 44 77
3 2 44 79
4 3 43 78
1 3 42 78
2 3 41 78
3 3 40 78
4 3 39 78
3 2 38 77
2 2 42 76
2 2 45 75
1 2 53 74
4 2 53 73
1 2 67 72
4 2 67 71
3 2 67 70
2 2 66 72
3 2 65 72
4 2 64 72
1 2 63 72
2 2 62 72
3 2 61 72
4 2 60 72
1 2 59 72
2 2 58 72
3 2 57 72
4 2 56 72
1 2 55 72
2 2 54 72
3 2 53 72
2 2 52 74
3 2 51 74
4 2 50 74
1 2 49 74
2 2 48 74
3 2 47 74
4 2 46 74
1 2 45 74
3 2 44 75
4 2 43 75
1 2 42 75
3 2 41 76
4 2 40 76
1 2 39 76
2 2 38 76
1 2 38 79
4 3 37 77
1 3 36 77
2 3 35 77
3 3 34 77
1 3 28 77
4 2 32 76
3 2 36 75
2 2 40 74
2 2 43 73
1 2 51 72
4 2 51 71
1 2 65 70
4 2 65 69
2 3 65 70
3 2 63 70
4 2 62 70
1 2 61 70
2 2 60 70
3 2 59 70
4 2 58 70
1 2 57 70
2 2 56 70
3 2 55 70
4 2 54 70
1 2 53 70
2 2 52 70
3 2 51 70
2 2 50 72
3 2 49 72
4 2 48 72
1 2 47 72
2 2 46 72
3 2 45 72
4 2 44 72
1 2 43 72
3 2 42 73
4 2 41 73
1 2 40 73
3 2 39 74
4 2 38 74
1 2 37 74
2 2 36 74
4 2 35 75
1 2 34 75
2 2 33 75
3 2 32 75
1 2 31 76
2 2 30 76
3 2 29 76
4 2 28 76
2 4 28 78
4 2 31 79
1 2 30 79
2 2 35 80
3 2 34 80
4 2 33 80
4 2 46 81
1 2 45 81
2 2 44 81
4 2 47 82
1 2 46 82
4 2 60 83
1 2 59 83
2 2 58 83
2 2 45 82
3 2 57 83
4 2 56 83
1 2 55 83
2 3 55 83
3 2 53 83
4 2 52 83
1 2 51 83
2 2 50 83
3 2 49 83
4 2 48 83
1 2 47 83
2 2 46 83
3 6 45 83
4 2 42 81
1 2 41 81
2 2 40 81
3 2 39 81
4 2 38 81
1 2 37 81
2 2 36 81
3 2 35 81
4 2 34 81
1 4 33 81
2 2 31 80
3 2 30 80
2 2 29 79
3 2 28 79
4 2 27 79
3 3 26 77
4 3 25 77
1 4 25 78
4 2 24 78
1 2 24 93
6 2 23 1
1 2 23 27
3 2 23 26
2 2 31 27
3 2 33 28
4 2 32 28
4 2 34 29
1 2 33 29
2 2 32 29
4 2 35 30
1 2 34 30
2 2 33 30
2 2 46 31
3 2 45 31
4 2 44 31
4 2 57 32
4 2 60 33
1 2 59 33
2 2 58 33
3 2 57 33
1 2 56 32
2 2 55 32
3 2 54 32
4 2 53 32
1 2 52 32
2 2 51 32
3 2 50 32
4 2 49 32
1 2 48 32
2 2 47 32
3 2 46 32
4 2 45 32
1 4 44 32
2 2 42 31
3 2 41 31
4 2 40 31
1 2 39 31
2 2 38 31
3 2 37 31
4 2 36 31
1 2 35 31
2 2 34 31
3 5 33 31
1 2 31 28
3 2 30 27
4 2 29 27
1 2 28 27
2 2 27 27
3 2 26 27
4 2 25 27
1 2 24 27
2 2 23 27
3 3 23 42
5 2 23 56
1 2 23 95
3 2 23 94
2 2 31 95
3 2 33 96
4 2 32 96
4 2 34 97
1 2 33 97
2 2 32 97
4 2 35 98
2 2 48 99
3 2 47 99
4 2 46 99
1 3 46 100
3 2 39 99
4 3 39 100
2 2 42 99
1 2 37 99
2 3 37 99
3 3 36 100
1 3 35 99
2 2 35 100
2 2 33 98
3 3 32 98
3 2 33 99
4 3 32 99
1 2 32 100
1 2 31 96
3 2 30 95
4 2 29 95
1 2 28 95
2 2 27 95
3 2 26 95
4 2 25 95
1 2 24 95
2 2 23 95
1 3 22 10
2 2 27 9
3 2 29 8
1 2 30 7
1 2 33 6
4 2 41 5
1 2 51 4
4 2 51 3
1 2 65 2
2 2 67 1
1 2 67 1
2 2 64 2
3 2 63 2
3 2 64 1
4 4 63 1
1 2 61 2
2 2 60 2
3 2 59 2
4 2 58 2
1 2 57 2
2 2 56 2
3 2 55 2
4 2 54 2
1 2 53 2
2 2 52 2
3 2 51 2
2 2 50 4
3 2 49 4
4 2 48 4
1 2 47 4
2 2 46 4
3 2 45 4
4 2 44 4
1 2 43 4
2 2 42 4
3 2 41 4
1 2 40 5
2 2 39 5
3 2 38 5
4 2 37 5
1 2 36 5
2 2 35 5
3 2 34 5
4 2 33 5
2 2 32 6
3 2 31 6
4 2 30 6
2 2 29 7
4 2 28 8
1 2 27 8
3 2 26 9
4 2 25 9
1 2 24 9
2 2 23 9
1 2 23 11
3 2 26 12
4 2 25 12
3 2 22 9
2 2 22 11
6 2 22 12
4 2 22 26
3 3 22 28
5 2 22 67
1 2 22 78
3 2 22 77
2 2 22 76
1 2 26 75
4 2 30 74
3 2 34 73
2 2 38 72
2 2 41 71
1 2 49 70
4 2 49 69
1 2 63 68
2 2 62 68
3 2 61 68
4 3 61 68
1 2 59 68
2 2 58 68
3 2 57 68
4 2 56 68
1 2 55 68
2 2 54 68
3 2 53 68
4 2 52 68
1 2 51 68
2 2 50 68
3 2 49 68
2 2 48 70
3 2 47 70
4 2 46 70
1 2 45 70
2 2 44 70
3 2 43 70
4 2 42 70
1 2 41 70
3 2 40 71
4 2 39 71
1 2 38 71
3 2 37 72
4 2 36 72
1 2 35 72
2 2 34 72
4 2 33 73
1 2 32 73
2 2 31 73
3 2 30 73
1 2 29 74
2 2 28 74
3 2 27 74
4 2 26 74
2 2 25 75
3 2 24 75
4 2 23 75
1 2 22 75
2 3 22 79
4 2 22 94
3 3 22 96
4 3 21 9
3 3 21 11
6 2 21 23
5 2 21 78
6 2 20 34
5 2 20 89
6 2 19 45
5 2 19 100
1 2 30 99
4 2 30 100
5 2 16 1
8 2 16 56
8 2 16 82
5 2 15 12
2 2 19 12
8 2 15 67
5 2 14 23
8 2 14 78
5 2 13 34
8 2 13 89
5 2 12 45
8 2 12 100
8 2 9 1
7 2 9 56
2 8 8 10
1 2 19 8
2 2 25 7
3 2 27 6
1 2 28 5
1 2 31 4
4 2 39 3
1 2 49 2
2 2 48 2
3 2 47 2
4 3 47 2
1 2 45 2
2 2 44 2
3 2 43 2
4 2 42 2
1 2 41 2
2 2 40 2
3 2 39 2
1 2 38 3
2 2 37 3
3 2 36 3
4 2 35 3
1 2 34 3
2 2 33 3
3 2 32 3
4 2 31 3
2 2 30 4
3 2 29 4
4 2 28 4
2 2 27 5
4 2 26 6
1 2 25 6
3 2 24 7
4 2 23 7
1 2 22 7
2 2 21 7
3 2 20 7
4 2 19 7
2 2 18 8
3 2 17 8
4 2 17 12
4 2 16 8
1 2 16 12
1 2 21 13
2 2 20 13
3 2 19 13
2 2 25 14
3 2 24 14
4 2 23 14
1 2 27 15
2 2 26 15
3 2 25 15
4 2 29 16
1 2 49 17
1 2 28 16
2 2 27 16
4 2 46 17
1 2 50 18
1 2 45 17
3 2 48 18
4 2 47 18
2 2 54 19
3 2 53 19
4 2 52 19
1 3 52 20
2 2 50 19
3 2 49 19
3 2 50 20
4 4 49 20
2 2 44 17
2 2 45 18
2 2 46 19
2 2 47 20
3 4 44 18
4 2 42 17
1 2 41 17
2 2 40 17
3 2 39 17
4 2 38 17
1 2 37 17
2 2 36 17
3 2 35 17
4 2 34 17
1 2 33 17
2 2 32 17
3 2 31 17
4 2 30 17
1 2 29 17
2 2 28 17
3 4 27 17
4 4 25 16
1 4 23 15
2 2 21 14
3 2 20 14
4 4 19 14
1 2 17 13
1 2 15 8
2 2 15 12
3 4 15 13
2 2 14 8
3 2 13 8
4 2 13 12
4 2 12 8
1 2 11 8
2 2 10 8
3 2 9 8
4 2 8 8
4 6 8 28
1 2 20 25
2 2 22 24
3 2 32 23
2 2 44 22
3 2 46 21
1 2 46 20
4 2 45 21
1 2 44 21
3 2 43 22
2 2 43 21
4 2 42 22
1 3 42 22
4 2 41 21
3 2 41 20
4 2 43 19
1 3 43 19
2 2 41 19
2 2 40 22
3 2 39 22
4 2 38 22
1 2 37 22
4 3 32 23
4 2 34 22
2 2 35 21
1 2 39 20
3 2 40 19
4 3 40 20
2 2 38 20
3 3 38 20
2 2 37 19
4 2 36 20
1 2 35 20
3 2 34 21
1 2 33 22
2 2 32 22
3 2 31 22
1 2 30 23
2 3 30 24
3 2 28 23
1 2 22 23
2 2 22 23
2 3 24 22
4 2 29 21
4 2 32 20
2 2 33 19
3 2 32 19
1 2 31 20
2 2 30 20
3 2 29 20
1 2 28 21
2 2 27 21
3 2 26 21
4 2 25 21
1 2 24 21
3 3 23 22
4 3 22 22
1 2 21 22
3 2 21 24
4 2 20 24
1 2 20 24
4 2 19 23
3 2 19 22
2 2 19 21
2 2 22 20
4 2 27 19
1 2 26 19
2 2 25 19
3 3 25 19
4 2 26 18
1 3 26 19
2 2 24 18
4 3 24 19
3 2 23 18
1 3 23 19
3 2 21 20
4 2 20 20
1 2 19 20
2 3 19 25
3 3 18 25
4 5 17 25
2 2 28 29
3 2 27 29
4 2 26 29
4 2 27 30
1 4 26 30
2 2 24 29
3 2 23 29
4 2 22 29
1 2 21 29
1 5 16 25
2 5 15 25
4 2 18 29
1 2 17 29
2 2 16 29
2 2 17 30
4 2 28 31
1 2 27 31
2 2 26 31
4 2 29 32
2 2 42 33
4 2 51 34
2 2 45 34
3 3 45 34
2 2 58 35
3 2 57 35
4 2 56 35
1 3 56 35
2 2 54 35
3 2 53 35
4 3 53 35
1 2 51 35
2 2 50 35
3 3 50 35
4 2 43 34
1 2 47 35
2 3 47 35
3 2 45 35
4 4 45 36
3 2 46 34
4 2 45 34
1 7 44 34
2 5 42 35
4 2 36 33
1 3 36 34
3 2 36 34
4 2 35 34
3 2 41 35
4 2 40 35
1 3 40 35
3 2 39 35
2 2 34 33
3 3 34 33
4 2 32 33
1 2 28 32
2 2 27 32
1 2 29 33
2 3 29 33
3 6 27 33
4 3 27 33
4 2 36 35
1 2 35 35
2 2 34 35
2 2 35 36
3 3 34 36
4 2 50 37
1 2 49 37
2 2 48 37
3 3 48 37
4 2 46 37
1 2 45 37
2 2 44 37
3 2 43 37
3 9 16 30
4 5 13 25
1 5 12 25
2 5 11 25
3 5 10 25
4 5 9 25
1 5 8 25
7 2 8 67
2 8 8 78
1 2 24 80
4 2 28 81
2 2 29 82
3 2 28 82
1 2 27 81
2 2 26 81
3 2 25 81
4 2 24 81
2 2 23 80
3 2 22 80
4 2 20 76
3 2 20 75
2 2 20 74
1 2 24 73
4 2 28 72
3 2 32 71
2 2 36 70
2 2 39 69
1 2 47 68
2 2 46 68
3 2 45 68
4 3 45 68
1 2 43 68
2 2 42 68
3 2 41 68
4 2 40 68
1 2 39 68
3 2 38 69
4 2 37 69
1 2 36 69
3 2 35 70
4 2 34 70
1 2 33 70
2 2 32 70
4 2 31 71
1 2 30 71
2 2 29 71
3 2 28 71
1 2 27 72
2 2 26 72
3 2 25 72
4 2 24 72
2 2 23 73
3 2 22 73
4 2 21 73
1 2 20 73
1 2 19 76
2 2 18 76
3 2 17 76
4 2 16 76
1 2 15 76
2 2 14 76
3 2 13 76
4 2 12 76
1 2 11 76
2 2 10 76
3 2 9 76
4 2 8 76
4 6 8 96
1 2 20 93
2 2 22 92
1 2 34 91
3 2 47 90
2 2 47 89
4 2 46 90
1 4 46 89
2 2 44 90
3 4 44 89
4 4 43 89
2 2 43 89
1 2 41 90
2 2 40 90
4 2 41 89
1 2 41 89
3 3 40 90
2 2 39 89
4 2 38 90
1 2 37 90
2 2 36 90
3 2 35 90
4 2 34 90
2 2 33 91
3 2 32 91
4 2 31 91
1 2 30 91
2 2 29 91
3 2 28 91
4 2 27 91
1 2 26 91
2 2 25 91
3 2 24 91
4 2 23 91
1 2 22 91
3 2 21 92
4 2 20 92
2 3 19 93
3 3 18 93
4 5 17 93
2 2 28 97
3 2 27 97
4 2 26 97
4 2 27 98
2 2 28 99
3 3 28 100
2 2 27 100
1 6 26 98
2 2 24 97
3 2 23 97
4 2 22 97
1 2 21 97
1 5 16 93
2 5 15 93
4 2 18 97
1 2 17 97
2 2 16 97
2 2 17 98
2 2 24 99
3 3 24 100
4 2 22 99
1 2 21 99
3 9 16 98
4 5 13 93
1 5 12 93
2 5 11 93
3 5 10 93
4 5 9 93
1 5 8 93
1 2 7 8
8 2 7 12
3 2 10 12
4 2 9 12
1 2 8 12
1 2 9 13
2 4 8 13
2 2 13 14
8 2 7 23
2 5 7 25
2 4 7 44
4 6 7 61
2 2 34 60
1 2 38 59
2 2 37 59
3 2 36 59
4 4 36 58
1 2 34 59
4 2 34 62
3 2 33 60
1 2 33 62
4 2 36 63
1 2 35 63
2 2 34 63
4 2 45 64
2 2 56 65
3 2 55 65
4 2 54 65
1 3 54 66
2 2 52 65
3 2 51 65
4 3 51 66
2 2 51 66
3 2 50 66
1 2 49 65
4 2 49 66
1 2 44 64
2 2 43 64
4 2 46 65
1 2 48 66
2 2 47 66
1 2 45 65
2 2 44 65
1 2 46 66
4 2 46 66
2 2 45 66
3 6 44 66
4 2 41 64
1 2 40 64
2 2 39 64
3 2 38 64
4 2 37 64
1 2 36 64
2 2 35 64
3 4 34 64
4 2 32 60
2 2 32 62
1 2 31 60
3 2 31 62
2 2 30 60
4 2 30 62
3 2 29 60
1 2 29 62
4 2 28 60
2 2 28 62
1 2 27 60
3 2 27 62
2 2 26 60
4 2 26 62
3 2 25 60
1 2 25 62
4 2 24 60
2 2 24 62
1 2 23 60
3 2 23 62
2 2 22 60
4 2 22 62
3 2 21 60
1 2 21 62
4 3 20 60
1 2 7 76
2 5 7 93
1 2 6 10
3 2 6 9
2 2 14 10
3 2 13 10
4 2 12 10
1 3 12 11
2 2 10 10
3 2 9 10
4 3 9 11
1 2 7 10
2 2 6 10
3 5 6 12
3 6 6 25
8 2 6 34
1 2 6 78
3 2 6 77
2 2 6 78
3 2 16 79
1 2 20 80
4 2 20 81
1 2 22 82
4 2 40 83
1 2 39 83
2 2 38 83
4 2 41 84
1 2 40 84
2 2 39 84
4 2 54 85
1 2 53 85
2 2 52 85
2 2 53 86
3 4 52 86
4 2 50 85
1 4 50 86
2 4 49 86
4 2 49 86
3 2 47 85
3 2 48 86
4 2 46 85
1 4 46 86
2 4 45 86
4 2 45 86
3 2 43 85
3 2 44 86
4 2 42 85
1 4 42 86
2 4 41 86
3 6 39 85
4 2 36 83
1 2 35 83
2 2 34 83
3 2 33 83
4 2 32 83
1 2 31 83
2 2 30 83
3 2 29 83
4 2 28 83
1 2 27 83
2 2 21 82
3 2 20 82
4 2 24 83
1 2 23 83
2 2 22 83
2 2 23 84
3 4 22 84
4 3 20 83
4 2 15 79
3 2 18 80
2 2 18 81
1 2 18 82
4 2 17 80
1 2 16 80
2 2 15 80
1 2 14 79
2 2 13 79
3 2 12 79
4 2 11 79
1 2 10 79
2 2 9 79
3 2 8 79
4 2 7 79
1 2 6 79
7 2 6 89
3 6 6 93
4 2 5 9
8 2 5 45
1 3 5 61
3 2 17 60
1 2 18 59
4 2 26 58
1 3 26 58
1 2 32 57
3 2 53 56
1 2 47 56
2 3 47 56
2 2 49 55
1 2 65 54
2 3 65 54
3 2 63 54
4 3 63 55
1 3 62 54
2 2 60 54
3 3 60 55
4 3 59 54
1 2 60 53
2 2 59 53
3 2 58 53
1 2 57 54
4 2 57 53
2 3 57 55
3 2 55 54
4 2 54 54
1 3 54 55
2 2 52 54
3 3 52 55
4 2 50 54
1 2 49 54
3 2 48 55
2 2 48 54
4 2 47 55
1 3 47 55
3 2 47 54
4 2 46 54
2 2 46 55
1 2 45 54
3 2 45 56
4 3 45 57
1 2 46 57
2 2 45 57
3 2 44 57
1 2 43 56
4 2 43 57
2 2 43 57
3 2 37 56
3 2 40 57
4 2 39 57
1 2 38 57
2 3 38 58
4 3 37 56
4 2 39 55
3 2 43 54
2 2 43 53
1 2 55 52
1 2 58 51
2 2 57 51
3 2 56 51
4 2 55 51
2 2 54 52
3 2 53 52
4 2 52 52
1 2 51 52
2 2 50 52
3 2 49 52
4 2 48 52
1 2 47 52
2 2 46 52
3 2 45 52
4 2 44 52
1 2 43 52
4 3 43 55
1 2 41 54
2 2 40 54
3 3 40 55
1 2 38 55
2 2 37 55
3 2 36 55
1 2 35 56
2 2 34 56
3 2 33 56
2 2 31 57
3 3 31 58
4 4 30 56
1 2 28 57
2 3 28 58
3 2 29 58
4 2 28 58
1 3 28 58
2 2 27 59
3 2 26 57
4 2 25 57
2 2 24 58
3 3 24 59
4 2 22 58
1 2 21 58
2 2 20 58
3 2 19 58
4 2 18 58
2 2 17 59
4 2 16 60
1 2 15 60
2 2 14 60
3 2 13 60
4 2 12 60
1 2 11 60
2 2 10 60
3 2 9 60
4 2 8 60
1 2 7 60
2 2 6 60
1 2 6 62
3 2 5 60
2 3 5 62
2 2 18 63
3 2 17 63
4 2 16 63
4 2 29 64
1 2 28 64
2 2 27 64
4 2 30 65
4 2 41 66
1 3 41 67
2 2 39 66
3 2 38 66
4 3 38 67
2 2 31 66
3 3 31 67
3 2 33 67
4 2 32 67
1 2 31 67
2 2 35 68
3 2 34 68
4 2 33 68
1 2 32 68
2 4 31 68
1 3 30 66
4 2 29 66
2 2 28 65
3 5 28 66
1 2 28 66
2 2 27 66
4 2 25 64
1 2 24 64
2 2 23 64
3 2 22 64
4 2 21 64
1 2 20 64
2 2 19 64
3 2 18 64
4 2 17 64
1 5 16 64
2 3 14 62
3 3 13 62
4 3 12 62
1 3 11 62
2 3 10 62
3 3 9 62
4 3 8 62
1 3 7 62
2 3 6 62
3 4 5 62
4 2 5 77
3 4 5 78
2 2 5 78
7 2 5 100
4 3 4 60
1 2 4 77
7 2 2 1
6 2 2 56
2 2 29 55
4 2 34 54
4 2 37 53
3 2 41 52
2 2 41 51
1 2 53 50
3 2 54 49
4 2 53 49
2 3 53 50
3 2 51 50
4 2 50 50
1 2 49 50
2 2 48 50
3 2 47 50
4 2 46 50
1 2 45 50
2 2 44 50
3 2 43 50
4 2 42 50
1 2 41 50
4 2 40 52
1 2 39 52
2 2 38 52
3 2 37 52
1 2 36 53
2 2 35 53
3 2 34 53
1 2 33 54
2 2 32 54
3 2 31 54
4 2 30 54
1 2 29 54
3 2 28 55
