22308
2373
3 3 32 97
4 2 79 7
1 5 96 9
2 5 24 97
2 2 44 59
1 2 35 2
2 5 63 55
1 2 36 95
1 2 82 71
2 2 22 74
2 6 72 45
3 2 95 53
2 6 14 32
1 4 54 9
1 2 8 47
1 12 65 57
1 3 44 69
2 4 25 73
3 2 17 24
3 3 33 76
2 3 78 18
1 3 93 11
2 6 76 37
4 3 37 95
2 2 100 28
2 3 33 8
4 2 7 79
2 2 99 17
3 2 46 52
2 3 59 66
1 6 83 31
1 2 85 71
3 2 33 66
3 3 84 76
3 3 94 12
3 3 55 18
1 4 53 94
4 10 44 73
3 4 56 8
2 3 94 57
2 4 93 45
4 4 36 42
2 3 12 82
3 4 83 46
2 4 43 16
2 3 74 76
4 2 17 56
1 4 26 92
1 4 78 26
3 2 18 95
3 7 57 88
2 2 86 55
3 3 75 26
1 2 24 48
4 4 2 31
2 4 36 63
3 3 50 73
2 2 84 1
2 2 56 51
4 5 62 62
2 4 17 18
2 3 27 78
4 3 10 42
2 10 47 87
2 2 88 55
3 3 38 23
4 5 5 47
2 2 83 87
3 5 85 8
4 6 43 57
2 5 22 34
3 11 55 5
2 3 95 98
4 4 46 7
1 2 63 1
4 5 51 18
4 3 85 46
4 7 35 12
3 3 77 3
2 2 32 59
1 2 14 45
1 2 27 21
2 9 35 96
3 2 100 64
3 2 33 79
4 5 65 87
1 2 15 52
2 11 34 45
4 2 37 94
4 2 32 96
4 11 13 45
1 3 41 93
4 3 35 88
3 5 9 1
4 4 39 46
3 3 18 44
1 3 23 81
2 2 60 38
3 4 72 94
4 6 46 46
1 3 5 13
4 4 65 89
2 5 56 92
1 7 16 91
2 3 92 29
4 4 71 75
4 2 74 86
3 5 64 63
2 2 74 14
3 2 6 39
2 4 73 68
3 6 54 85
2 2 4 82
4 3 88 63
3 2 40 12
4 3 42 11
1 4 12 38
4 3 68 88
3 2 99 22
4 5 62 9
2 4 12 75
1 2 26 39
4 9 14 85
3 2 53 79
4 4 6 26
2 2 17 4
3 6 14 93
3 2 85 76
2 5 16 91
1 7 50 35
4 4 33 9
3 2 44 5
2 3 16 57
2 8 62 11
3 4 32 73
1 4 91 14
4 4 52 99
3 12 59 7
3 3 5 94
2 7 51 62
4 5 68 91
3 2 71 74
4 2 18 45
3 9 35 88
1 2 37 88
2 2 84 1
1 3 16 4
2 8 13 36
3 3 15 83
1 6 67 16
3 2 94 57
1 7 46 39
1 4 70 89
3 5 4 26
4 6 28 18
4 3 70 82
1 2 97 24
3 2 10 1
2 2 84 23
4 3 12 11
3 7 50 95
4 3 84 9
2 2 42 66
2 2 89 54
1 2 64 26
1 5 67 53
4 3 68 58
2 6 84 95
1 7 8 28
4 2 44 13
1 5 26 46
2 2 14 49
3 15 43 36
3 3 5 61
2 5 4 42
2 4 10 79
1 2 83 34
2 3 10 52
1 7 87 33
4 2 25 28
4 5 96 22
3 10 38 42
2 12 71 83
4 5 53 95
4 4 82 41
2 5 48 25
4 2 34 92
4 4 16 66
4 4 24 74
3 2 42 61
4 3 81 61
2 3 5 62
1 9 33 13
2 2 55 32
1 2 56 85
2 2 16 28
3 10 14 5
2 5 67 75
1 2 91 84
4 3 26 33
3 7 41 17
2 5 64 37
1 10 7 63
1 3 65 19
4 4 29 4
1 2 22 22
1 3 83 15
4 2 44 54
3 6 75 45
1 3 91 97
4 4 60 8
2 8 8 16
1 2 81 22
1 3 45 84
3 4 68 34
4 2 86 75
3 2 31 34
2 3 58 37
3 2 44 75
4 2 78 83
4 8 57 72
3 3 55 3
1 6 78 74
1 2 18 77
4 4 14 91
1 3 70 3
3 2 24 68
3 4 58 65
1 3 46 94
3 7 75 71
2 3 85 6
1 2 97 77
3 3 92 25
2 2 64 87
4 2 17 58
4 3 35 85
1 2 22 6
3 7 45 57
2 4 6 1
4 9 30 33
3 4 8 18
1 7 2 36
4 19 50 6
4 6 37 35
4 2 23 37
1 2 37 55
4 2 28 63
3 2 54 15
1 2 27 5
4 3 3 79
4 3 48 33
2 3 67 89
3 5 71 69
4 2 17 21
2 4 73 96
3 3 30 28
3 2 65 54
4 3 91 85
3 6 61 57
2 8 19 26
2 2 17 65
4 2 23 19
4 2 46 95
1 2 24 24
4 5 44 26
4 2 55 86
2 4 48 93
1 5 82 62
4 3 71 69
1 6 79 44
3 3 34 26
2 4 19 7
2 10 50 5
4 2 20 18
1 3 78 42
4 2 9 95
2 6 49 84
2 4 36 77
2 2 6 89
3 6 13 89
4 5 9 84
3 3 36 45
3 3 22 48
4 4 37 52
1 9 55 37
3 5 79 33
1 7 38 32
1 4 77 96
1 2 24 8
4 2 8 45
2 5 69 38
2 3 38 59
2 2 68 65
3 12 77 26
1 5 14 76
1 2 80 35
3 4 22 38
3 4 39 64
2 3 3 25
3 7 70 26
2 4 80 59
3 2 84 29
1 2 50 87
4 4 13 22
4 3 28 73
4 3 4 14
4 2 10 96
6 2 30 88
1 3 31 37
4 5 67 31
4 5 77 48
2 4 57 74
1 4 5 35
2 3 72 17
1 2 81 79
2 6 53 45
1 2 37 5
1 3 21 36
4 3 61 4
1 5 5 13
3 4 28 81
2 2 26 64
3 3 69 58
1 5 72 11
1 2 56 38
4 9 68 75
4 2 18 74
4 2 80 37
1 4 51 63
4 5 79 67
4 2 54 12
4 2 18 25
1 5 4 81
1 11 41 57
4 12 2 8
1 7 13 36
2 2 12 39
4 4 57 36
1 2 36 83
1 5 44 68
2 6 38 93
2 4 18 53
3 2 7 75
3 3 55 45
1 5 33 43
2 2 41 64
4 4 45 4
3 3 84 16
5 2 41 4
1 3 63 93
2 13 58 4
3 2 83 23
2 4 37 74
3 5 22 52
2 3 29 2
2 2 78 99
3 3 36 26
4 4 82 2
4 4 22 63
4 2 10 59
2 2 53 29
1 4 20 15
1 8 39 6
2 3 82 43
1 3 2 56
1 7 45 93
3 2 3 64
3 4 11 13
4 2 36 21
3 6 51 18
4 2 5 95
2 6 13 94
1 2 26 62
3 5 46 24
3 2 12 84
3 2 43 22
2 3 31 31
1 2 2 7
2 7 37 6
4 4 35 26
1 5 2 44
4 3 18 55
2 5 35 35
3 6 24 78
1 2 40 74
3 2 77 21
4 3 34 57
3 3 71 54
1 6 28 35
4 6 4 31
3 6 82 3
3 3 5 75
4 2 72 43
4 3 46 99
3 9 19 26
2 3 72 88
3 5 14 57
2 4 36 82
1 3 66 17
2 3 61 58
1 3 4 67
1 9 14 25
3 3 34 9
3 2 60 75
4 2 19 74
4 4 40 58
3 3 66 29
4 4 39 33
3 4 44 88
4 4 30 65
2 2 53 36
1 5 22 34
4 7 41 68
3 5 74 39
2 11 24 36
3 12 41 67
4 2 4 35
3 6 47 19
1 2 72 37
4 2 75 85
1 4 26 79
3 2 56 49
2 6 67 2
2 3 37 54
1 8 41 23
1 3 18 84
2 4 28 65
4 5 81 41
4 4 38 9
2 9 19 28
3 2 8 81
2 4 25 52
1 2 51 38
1 3 81 47
4 4 33 58
2 3 78 62
2 3 30 83
3 8 14 5
2 4 18 37
1 2 40 26
2 3 58 49
2 8 75 49
4 2 45 13
4 4 53 97
3 6 26 62
2 2 56 59
6 2 49 56
1 3 43 37
1 5 89 68
3 2 36 58
2 8 3 35
1 2 53 53
2 3 66 51
2 2 71 59
3 2 10 73
4 8 59 62
4 3 83 65
1 3 15 19
1 2 34 62
3 2 15 37
1 2 32 92
2 15 63 26
1 6 47 3
2 4 58 2
4 6 4 75
4 4 51 86
2 2 28 41
2 2 41 68
1 4 21 85
2 3 56 37
3 3 68 86
4 2 42 46
1 4 41 64
3 2 47 62
2 7 43 18
1 4 8 61
4 3 92 49
1 10 15 85
1 9 51 45
4 2 64 29
2 4 15 21
1 4 50 84
1 2 24 11
3 2 62 1
1 4 17 45
1 4 4 94
3 11 49 75
4 2 83 82
4 6 21 51
3 2 66 16
2 5 48 38
3 3 38 91
1 2 74 65
4 4 4 46
3 3 23 54
1 3 71 42
1 3 45 76
3 2 18 67
4 2 42 57
1 2 59 85
4 4 38 91
3 2 64 28
4 2 26 77
1 2 37 9
2 4 46 86
3 3 39 78
4 10 74 78
4 8 47 2
1 4 65 27
3 3 7 88
1 4 64 43
2 2 75 69
2 4 46 43
1 2 50 88
2 5 52 97
2 2 4 38
3 2 47 2
1 2 13 66
2 2 10 94
4 3 21 11
1 2 61 77
3 5 5 94
1 7 59 21
3 6 41 58
1 2 60 16
2 4 64 93
3 2 63 42
2 4 3 93
4 6 22 43
2 6 49 45
3 3 66 42
1 2 52 79
2 2 18 93
3 9 25 97
1 5 76 91
4 9 69 54
2 8 85 71
4 7 19 84
3 2 25 51
4 2 56 88
3 3 79 89
1 5 14 49
1 8 70 69
3 4 44 49
4 3 52 41
4 3 56 5
2 7 16 33
1 4 9 98
4 7 34 85
3 2 14 98
1 6 59 11
3 2 24 13
3 2 7 17
4 8 12 5
3 4 65 77
2 3 48 95
2 3 59 46
1 2 17 6
3 3 7 7
1 2 68 48
3 4 37 25
3 3 44 31
3 4 46 48
3 2 27 67
3 5 2 6
4 2 34 27
6 2 39 65
1 4 19 1
2 11 4 27
3 6 3 14
3 6 36 11
3 3 46 23
4 6 42 92
1 4 2 76
4 2 14 41
2 5 54 78
3 3 4 41
2 4 33 97
2 8 7 65
4 5 28 36
3 4 14 2
1 2 66 47
2 4 27 78
4 9 38 62
4 2 8 35
3 6 24 16
1 2 25 64
4 3 67 27
1 8 67 85
3 4 3 59
3 5 50 82
4 4 17 83
4 3 65 79
4 9 34 18
2 3 42 19
3 3 14 88
1 4 71 21
3 2 48 34
2 2 34 73
5 2 38 22
1 4 4 16
3 3 24 31
2 5 4 78
2 2 29 48
4 3 21 88
4 2 14 39
1 4 15 96
4 2 44 29
3 4 50 35
3 6 19 14
3 4 3 55
3 5 71 52
2 4 22 27
2 2 15 93
2 6 34 97
2 6 65 78
2 3 68 31
1 4 63 78
2 7 16 45
1 3 8 47
4 6 2 26
2 2 64 27
4 2 30 15
2 4 19 53
3 3 46 53
1 2 42 29
3 4 7 22
4 11 69 24
2 4 24 5
3 2 63 65
4 2 56 84
1 5 47 69
3 6 15 65
3 2 52 58
4 2 7 14
3 6 36 3
4 2 30 61
2 2 22 63
4 2 3 19
1 4 26 97
2 7 24 36
2 7 65 66
2 2 45 33
4 3 18 77
4 2 60 6
1 4 5 12
6 2 38 17
1 3 8 53
2 2 19 88
2 4 21 81
2 4 14 55
1 4 49 19
4 5 9 77
2 7 32 44
3 3 23 41
1 7 55 89
3 10 66 97
2 5 6 23
5 2 57 26
4 2 71 41
1 2 41 84
2 6 2 47
4 9 22 14
1 2 15 52
3 3 54 23
4 4 41 36
5 2 32 33
4 5 58 41
3 11 4 48
4 7 6 18
1 2 44 99
2 4 17 75
3 8 32 98
2 5 20 11
2 4 33 91
1 8 6 21
3 2 43 65
4 6 5 86
4 2 37 49
4 2 76 56
2 4 4 67
6 2 24 43
3 3 11 54
4 3 66 32
1 2 48 71
1 7 17 14
4 8 56 76
1 3 56 17
5 2 58 3
3 3 6 42
4 3 49 41
1 3 15 72
4 3 21 57
2 2 26 2
1 4 57 28
4 4 46 37
2 4 10 82
3 3 9 28
2 4 27 73
3 4 56 19
4 14 18 4
3 2 49 9
2 2 55 55
3 3 37 64
4 2 12 86
2 3 35 52
3 2 24 6
4 6 39 72
1 2 73 72
3 2 40 69
4 6 56 66
2 3 11 66
2 5 74 39
1 2 6 71
4 3 69 17
1 3 68 78
1 2 52 28
3 2 44 8
2 2 32 65
4 3 4 62
4 3 19 12
4 3 7 2
2 3 38 66
2 3 68 99
3 2 57 79
3 4 54 32
5 3 28 85
3 3 66 61
2 3 29 31
2 4 53 97
3 2 39 2
1 7 24 58
4 3 69 55
1 3 5 26
1 3 44 94
2 4 51 58
1 3 61 16
3 2 41 96
3 3 50 24
3 2 54 79
2 2 29 35
2 2 40 28
4 3 55 49
4 3 58 73
1 3 45 36
4 3 36 86
1 3 52 97
2 7 3 56
3 3 52 97
1 2 43 24
4 2 44 42
4 4 45 97
2 10 14 94
1 2 27 29
1 5 55 91
1 3 19 64
3 2 49 27
3 6 47 66
1 2 52 85
1 3 35 92
1 2 17 41
3 2 3 38
4 6 3 49
3 3 56 22
2 2 59 43
1 4 21 45
1 6 41 37
1 2 17 2
1 3 25 5
2 2 29 37
1 4 3 69
1 3 3 38
3 3 55 28
4 8 48 2
4 2 72 52
4 4 29 36
1 4 20 96
4 3 68 54
2 3 44 73
4 2 60 49
6 2 53 76
4 2 10 58
4 6 48 34
1 2 49 64
2 2 56 8
1 4 3 3
1 4 19 49
4 3 41 71
1 5 23 73
3 2 2 43
2 3 16 8
2 4 33 8
4 10 47 13
1 5 50 71
2 2 5 74
1 2 49 97
3 2 56 54
3 2 11 98
1 2 37 95
4 3 60 59
1 5 26 51
4 2 21 58
2 2 16 65
1 2 30 99
3 13 12 31
1 3 26 98
2 4 60 85
1 3 61 56
4 2 50 63
1 3 5 73
1 2 35 74
2 3 63 61
4 2 15 81
3 4 66 99
4 3 48 21
1 4 43 54
1 8 3 55
1 9 46 47
1 7 27 45
3 2 49 65
4 2 62 24
2 2 41 56
3 4 26 58
2 2 10 89
3 2 19 29
2 4 38 45
2 2 58 75
3 6 5 25
1 2 15 32
1 5 7 59
3 2 60 78
2 4 48 22
2 2 37 26
3 2 12 62
1 2 27 12
1 3 63 75
4 4 9 4
3 3 20 11
4 2 47 72
2 2 59 4
3 2 14 28
2 4 53 61
2 2 14 73
2 3 13 16
3 4 49 76
2 4 12 12
2 2 18 61
3 3 44 47
6 2 9 83
4 5 3 42
4 3 7 99
1 3 48 33
3 2 27 32
4 3 67 98
3 4 16 24
1 3 44 52
4 7 45 28
3 5 25 53
1 5 14 83
4 3 52 96
1 3 28 29
3 2 61 31
4 2 35 69
1 2 38 7
1 5 48 75
1 2 12 32
1 8 39 57
2 4 11 77
4 2 20 61
4 3 22 88
3 2 3 27
3 9 48 16
3 5 11 66
2 5 40 93
3 2 8 99
2 2 62 41
1 2 18 2
2 2 6 14
2 3 57 48
3 3 24 21
3 2 41 24
3 3 40 68
2 2 54 22
3 4 31 12
3 2 30 32
1 3 21 43
1 2 62 43
4 2 41 89
5 4 41 75
4 2 57 68
3 4 35 61
1 2 25 34
4 2 7 46
3 2 60 89
4 2 24 18
4 7 23 23
1 7 19 87
2 2 20 57
3 5 56 82
3 2 44 5
4 2 64 67
4 4 26 41
1 2 23 3
4 3 4 67
4 2 11 1
4 2 14 33
4 4 6 48
2 10 52 84
3 3 16 33
4 4 17 33
2 2 53 9
2 2 41 28
4 2 61 49
2 9 31 62
3 3 52 18
2 2 28 95
4 3 19 81
3 3 39 55
3 7 54 75
2 6 4 86
3 2 24 22
4 5 45 78
1 2 9 78
4 5 26 73
1 2 45 56
1 10 31 15
1 6 25 76
1 8 22 36
3 6 18 37
3 2 24 39
5 2 25 35
1 6 49 54
3 6 5 63
4 2 6 26
1 2 46 76
1 14 22 25
1 6 13 77
1 2 14 95
3 2 6 15
2 2 5 37
1 2 2 37
2 2 24 79
2 5 52 19
3 2 28 51
4 3 19 27
4 3 29 89
2 2 49 31
3 4 50 66
2 2 25 83
2 5 12 48
4 2 17 13
2 5 34 96
4 5 48 17
5 2 35 97
2 2 18 58
6 2 37 93
1 3 58 82
1 2 56 82
2 2 11 25
3 3 59 42
4 3 31 53
2 2 29 44
1 2 51 54
2 10 34 83
3 2 28 61
1 2 5 6
4 5 15 47
2 2 12 43
3 3 47 4
1 2 5 14
2 2 41 8
3 11 33 14
3 3 12 73
2 3 29 9
2 5 55 56
4 2 41 4
2 4 34 34
1 3 54 52
6 2 17 14
1 2 27 35
2 6 59 67
1 3 8 35
2 6 11 85
1 7 42 8
1 2 49 62
2 2 34 65
4 2 10 38
4 4 6 28
4 7 15 56
3 2 26 81
1 2 36 54
4 2 60 99
4 4 45 33
4 5 35 54
2 6 5 3
1 3 7 13
2 4 35 95
1 2 10 6
2 4 21 59
3 5 37 57
1 2 25 83
2 6 38 72
2 2 34 16
3 2 61 63
4 6 43 57
3 3 57 91
2 3 8 13
3 2 46 27
3 2 16 81
3 5 13 65
2 3 44 55
2 3 60 15
1 3 51 48
4 5 13 23
1 8 42 3
2 4 7 86
3 5 13 7
2 2 23 2
1 3 44 57
6 2 20 37
3 3 29 44
1 2 8 84
2 2 2 5
4 2 16 49
3 3 46 9
1 2 50 79
3 2 31 93
4 2 36 57
3 3 56 98
3 2 7 12
1 2 63 86
3 2 18 96
4 7 46 23
4 2 19 43
4 7 31 59
2 2 52 43
4 5 26 26
1 10 34 31
4 9 39 45
3 3 51 81
1 4 4 88
2 4 61 66
1 5 24 26
3 6 20 43
1 4 20 66
4 2 51 22
1 2 7 85
1 2 28 83
4 3 42 23
4 2 30 96
1 4 28 57
4 2 29 69
1 2 53 98
3 2 21 5
1 2 49 95
1 2 11 5
4 2 13 4
3 2 53 39
1 4 30 52
4 4 37 83
1 2 13 61
3 3 20 84
2 4 44 72
1 2 48 54
4 3 32 71
3 5 34 93
3 2 39 85
4 4 4 87
2 8 19 12
3 3 12 2
2 9 52 52
1 3 6 16
1 3 21 2
1 4 44 29
1 4 11 46
2 2 21 19
1 5 42 24
2 5 39 31
3 2 44 62
4 6 52 53
3 2 38 11
1 2 49 77
1 2 26 76
5 2 33 16
1 4 22 47
2 4 40 17
2 3 3 53
3 3 51 91
1 12 33 98
2 2 50 79
3 2 33 85
2 5 6 63
4 3 12 92
2 6 32 92
2 2 18 33
3 8 42 86
4 2 5 14
3 2 26 42
1 3 19 98
3 4 19 7
4 3 31 3
4 2 18 98
1 4 38 4
2 6 39 45
3 9 25 91
4 13 37 54
1 2 3 78
3 3 7 41
2 3 35 93
2 3 17 94
4 5 40 3
3 2 15 73
1 3 31 57
4 4 35 93
1 2 21 18
2 2 4 45
3 6 5 72
3 2 13 3
2 3 2 88
2 2 10 69
3 3 46 59
1 2 30 41
3 2 52 21
3 3 37 7
1 2 24 13
2 3 26 13
4 4 11 17
5 2 43 77
1 3 10 68
4 8 3 71
2 3 32 38
3 3 31 81
1 5 23 67
2 6 22 85
4 4 47 84
1 4 8 88
2 3 20 75
2 3 15 66
4 3 31 52
2 2 56 71
1 2 44 71
2 2 9 13
2 5 37 82
4 2 30 73
1 8 6 5
1 5 9 27
4 2 32 63
4 4 36 24
3 2 32 87
3 6 35 39
3 3 2 31
3 12 34 45
1 5 3 24
4 2 13 54
3 2 3 81
1 4 12 92
1 4 19 6
2 3 41 18
1 5 45 9
2 2 13 54
4 3 45 62
2 2 19 24
3 2 47 63
3 2 32 52
2 5 15 28
2 6 49 97
4 2 39 77
3 2 56 79
2 4 2 21
1 2 43 82
1 5 37 66
1 3 15 28
2 2 10 55
1 4 9 86
2 4 44 14
3 2 14 91
3 6 38 76
3 3 59 51
4 2 24 45
2 2 52 86
4 2 20 76
2 2 46 47
4 9 3 11
4 2 23 49
2 3 43 31
1 2 66 1
2 2 16 24
2 2 20 11
4 2 35 82
4 2 32 34
4 2 37 6
3 6 13 19
1 3 17 25
3 4 27 55
1 7 21 59
3 6 14 87
1 3 40 42
2 2 38 49
2 3 10 7
3 2 20 27
1 3 30 66
4 7 25 77
4 2 33 2
2 4 20 33
2 2 45 97
2 4 22 17
3 2 36 28
2 2 4 39
3 9 2 87
2 3 24 31
1 4 3 73
1 2 19 89
1 2 51 92
4 2 28 59
3 3 10 35
1 2 45 65
4 7 11 97
1 2 20 82
2 3 16 7
1 6 28 11
4 3 35 84
2 3 46 41
3 2 47 29
2 5 40 84
1 3 3 41
4 4 20 44
4 3 27 43
3 2 3 46
2 3 10 4
4 4 49 82
2 4 43 72
1 3 29 58
4 2 19 2
4 3 14 91
1 4 26 16
4 2 11 49
1 4 5 34
2 4 34 89
2 4 29 28
3 5 11 94
6 2 12 36
1 9 10 54
4 2 45 83
3 2 15 11
1 4 25 68
4 4 24 25
1 3 33 2
3 3 17 92
4 7 8 33
4 2 41 31
3 3 45 14
4 3 20 64
3 2 36 16
4 4 32 39
1 3 7 21
4 2 28 18
3 3 9 57
2 4 10 86
3 3 20 88
3 10 21 46
2 3 16 19
6 2 32 27
3 2 17 99
3 2 26 28
4 3 10 79
3 3 33 71
6 4 21 45
2 4 22 26
3 3 40 24
3 3 33 16
1 4 14 18
2 2 50 41
2 2 32 69
3 12 13 83
4 2 34 46
1 2 24 51
2 2 31 63
4 3 15 96
4 8 12 85
2 2 7 71
4 2 4 39
4 4 29 45
1 5 44 62
2 2 17 41
4 8 15 28
4 7 5 73
4 2 3 69
2 3 34 78
1 3 6 27
1 2 37 84
3 8 5 87
4 2 31 39
4 2 42 56
5 2 8 36
6 2 13 15
1 6 7 41
3 2 2 99
6 2 27 98
3 2 20 52
1 4 35 94
3 2 13 19
1 3 47 82
2 3 21 56
1 3 19 27
4 3 16 83
4 5 10 67
4 10 7 64
3 4 40 6
1 7 29 81
3 9 30 3
1 3 44 78
3 4 16 35
3 4 24 83
1 2 42 39
2 3 34 24
3 3 8 85
2 9 24 75
1 3 14 63
1 3 23 49
3 4 26 45
4 5 10 82
3 5 42 79
1 4 27 95
4 6 24 4
3 2 12 23
1 3 27 43
2 5 23 47
3 2 36 92
3 3 10 31
4 6 14 64
3 2 33 38
1 5 13 6
1 3 40 17
2 4 6 34
2 2 12 81
3 2 33 98
4 4 15 38
1 2 55 71
4 3 44 38
2 3 13 18
1 6 19 15
6 3 11 95
3 9 8 64
6 2 31 14
2 3 4 58
3 3 22 85
2 3 27 15
2 3 11 16
3 4 4 35
1 2 20 47
3 2 18 66
3 2 21 33
4 3 25 83
3 2 33 38
4 6 4 92
4 2 17 91
2 3 26 85
3 3 28 13
6 2 7 86
4 10 2 24
4 3 31 68
4 3 19 94
3 3 11 63
3 2 29 42
1 2 20 92
3 5 2 55
2 5 28 61
4 7 4 52
5 2 27 55
3 2 40 77
4 5 19 27
4 4 24 15
2 3 22 16
5 2 22 83
2 2 20 42
2 3 7 2
3 2 31 4
3 2 55 99
2 2 35 95
4 2 19 16
2 3 11 19
4 2 51 29
2 3 15 67
1 3 34 39
1 3 15 76
1 2 33 25
3 5 12 47
2 2 12 69
4 7 15 63
3 3 6 13
6 2 25 45
4 2 12 44
4 2 9 41
3 3 17 56
3 10 19 74
3 5 26 38
3 3 50 72
2 3 29 59
3 3 17 86
4 3 9 56
4 2 37 48
4 4 19 41
2 3 32 77
4 2 49 79
3 2 28 23
2 2 16 19
2 2 12 13
1 3 29 74
1 2 36 13
3 3 38 41
4 2 13 26
2 5 4 28
1 2 11 68
2 4 34 7
4 2 34 7
3 4 9 43
3 3 13 16
2 2 13 44
3 3 3 23
6 2 16 54
2 2 29 53
1 2 40 51
2 6 14 53
5 3 13 65
1 2 25 2
2 3 8 67
2 3 7 97
1 2 14 14
1 2 27 18
5 2 29 76
2 2 7 18
1 2 21 42
2 2 8 21
5 2 21 94
4 5 8 7
2 4 4 47
4 2 12 55
3 3 27 91
1 2 25 4
4 3 19 87
5 2 13 96
3 5 12 26
3 3 30 83
4 4 17 74
1 2 11 85
6 3 27 4
2 2 8 97
5 3 24 52
3 4 24 34
1 2 29 17
3 4 17 17
2 2 8 32
3 2 21 64
3 6 33 13
4 2 17 8
2 4 18 68
1 3 17 37
6 2 19 94
4 9 18 46
2 4 16 78
4 2 33 43
2 2 29 52
6 2 25 32
2 4 23 97
4 2 22 88
3 3 11 62
3 2 29 6
5 2 11 17
3 2 5 49
4 2 35 9
1 5 21 3
6 4 17 5
1 3 21 6
3 2 17 72
1 2 9 71
4 7 5 14
3 2 21 1
2 4 2 77
2 10 16 46
3 2 27 43
4 2 44 66
4 8 15 33
2 2 21 6
2 2 16 89
5 2 18 14
2 6 28 62
3 2 13 94
1 3 38 56
3 2 19 96
2 2 19 33
3 4 3 78
2 2 2 55
4 2 32 33
1 3 25 84
1 3 19 79
2 2 14 97
1 2 9 42
3 2 20 15
4 2 25 87
1 2 34 8
1 2 21 76
2 2 40 12
2 3 33 51
3 2 27 89
4 4 24 95
1 6 14 62
1 3 13 46
2 3 26 94
3 2 10 28
1 7 19 75
2 3 15 53
4 3 12 54
4 3 25 79
3 3 38 22
3 2 29 21
3 2 31 11
2 2 37 21
2 3 30 51
4 2 29 97
3 2 14 72
3 2 4 83
1 2 33 72
3 13 17 37
2 2 8 83
4 2 13 89
1 2 31 66
3 3 11 36
3 2 4 46
3 2 10 71
2 2 32 47
3 3 27 18
4 2 14 8
1 2 23 53
4 4 10 31
3 3 29 19
4 3 31 93
3 5 2 68
4 3 35 72
2 2 20 5
2 2 12 21
5 2 21 37
1 2 10 76
2 2 38 92
1 2 13 49
2 2 10 42
2 2 34 8
4 2 8 52
1 2 18 35
1 9 21 14
1 2 27 46
4 5 7 71
3 5 20 92
1 2 12 96
3 4 30 52
1 4 3 65
4 3 18 94
1 7 26 9
3 2 33 71
1 5 8 98
4 4 18 33
2 2 22 68
3 2 58 1
4 5 13 4
4 2 30 14
4 2 32 54
6 2 15 26
4 2 40 25
3 3 10 12
4 4 20 71
1 6 8 82
4 14 25 75
2 4 8 44
1 4 6 23
5 2 42 68
1 2 25 38
4 4 8 66
6 2 15 13
1 2 11 55
4 4 25 49
2 2 6 42
3 3 29 68
1 4 32 99
2 5 17 5
1 5 16 56
4 3 21 17
1 5 19 72
1 2 29 11
1 2 16 22
4 4 22 37
1 2 45 39
1 2 21 99
1 3 49 51
3 3 25 63
3 5 3 53
4 7 27 68
3 2 15 74
1 2 18 33
6 2 8 5
4 2 21 99
2 2 25 92
5 2 4 65
4 3 18 49
4 2 15 51
5 2 25 58
1 3 31 92
1 3 8 2
4 5 25 95
4 2 29 96
3 2 12 63
4 2 27 77
6 2 16 56
1 2 3 36
3 2 40 31
4 2 23 42
1 2 32 72
4 5 18 81
5 2 22 63
5 4 13 45
1 2 13 43
3 2 5 76
1 5 13 22
4 4 20 52
4 2 24 78
2 2 7 13
4 3 2 75
3 3 7 17
3 2 31 96
2 2 19 57
3 5 20 86
3 2 10 52
1 3 14 43
4 2 30 67
6 2 18 86
3 2 8 42
1 4 15 93
2 3 23 99
4 2 6 11
3 2 11 14
2 3 17 42
1 2 27 68
6 2 12 76
2 3 15 98
2 2 20 16
4 2 15 92
3 4 6 33
2 2 23 2
3 2 6 13
1 2 39 68
1 4 17 12
2 2 24 89
3 5 17 98
3 2 8 8
2 2 8 89
4 2 15 76
1 2 27 8
3 9 14 6
5 2 3 26
5 2 6 32
1 2 4 9
4 2 11 69
4 2 23 31
2 2 32 55
4 2 17 82
4 4 25 19
3 2 2 95
1 3 22 56
4 4 16 59
4 2 3 69
6 3 9 75
2 2 23 35
5 2 5 14
2 4 9 64
4 3 26 17
5 2 20 46
2 7 22 84
2 2 12 28
4 3 9 29
3 3 26 9
3 2 4 59
1 3 28 6
2 2 20 78
5 2 14 47
3 2 4 72
4 2 10 8
4 2 25 21
3 2 7 88
4 2 20 75
5 2 5 24
2 2 8 71
1 2 18 49
1 3 11 72
4 4 8 14
2 2 24 1
1 3 37 56
3 2 23 43
2 2 8 3
4 3 24 51
6 2 14 35
4 2 32 52
5 2 9 15
2 8 2 71
4 2 3 98
6 2 20 37
4 8 14 6
2 2 27 72
4 2 8 2
3 3 3 17
2 3 3 18
3 3 20 97
1 8 12 63
2 2 21 65
3 5 13 85
3 2 26 25
2 2 16 27
4 2 2 52
5 2 16 36
2 2 25 57
1 3 31 67
2 10 13 35
1 4 35 67
2 3 13 47
4 3 4 82
2 3 11 88
3 3 12 36
2 3 18 49
4 2 18 64
3 2 15 88
3 2 18 22
1 5 5 14
4 2 14 96
4 6 17 32
2 2 15 39
1 2 4 91
3 2 23 49
6 2 16 73
1 4 14 38
3 2 10 71
2 4 2 83
2 4 20 6
4 2 30 1
2 4 5 25
1 4 26 31
1 2 10 88
2 2 5 96
1 3 4 26
3 5 13 77
3 2 23 55
3 4 19 95
3 2 33 61
2 2 3 99
4 2 21 4
3 2 23 89
1 2 20 82
4 2 2 97
4 3 31 25
2 2 2 96
2 3 16 64
4 5 2 57
3 4 33 68
4 2 11 16
6 2 4 45
1 2 6 53
2 2 2 56
6 2 3 55
2 3 14 37
1 3 9 99
3 2 38 1
1 4 6 1
2 2 12 1
1 2 11 94
3 3 34 41
2 5 5 52
4 2 26 87
2 2 24 81
2 2 7 78
2 6 15 96
3 2 15 9
2 5 19 58
1 4 2 99
3 3 27 54
1 2 39 81
1 4 29 79
1 3 12 84
1 3 19 32
2 3 13 52
4 3 12 89
3 2 16 53
2 5 16 57
1 3 23 43
4 2 6 74
3 3 22 68
1 2 4 38
1 2 9 45
1 2 3 94
3 2 20 33
4 5 23 7
5 4 11 25
3 2 23 34
3 2 5 74
1 2 13 1
2 2 13 33
2 2 21 22
1 2 14 77
2 2 10 15
3 4 9 54
5 2 22 92
3 3 17 75
2 4 3 67
4 4 10 24
2 3 9 86
1 2 27 66
3 5 13 67
4 2 12 18
3 2 14 59
4 3 17 22
3 2 15 56
2 3 7 74
6 2 13 3
3 3 5 96
3 2 4 18
4 2 12 56
2 2 32 71
1 6 19 95
3 2 2 12
3 2 2 35
1 3 7 37
4 2 2 63
6 2 12 26
1 5 12 6
2 2 25 23
2 2 22 79
3 2 23 17
1 2 42 51
1 2 27 9
2 2 13 14
6 2 4 64
4 2 9 86
3 2 21 62
4 3 14 23
4 3 11 79
6 2 14 54
4 4 31 67
2 3 3 44
6 2 19 68
2 2 17 18
4 3 3 37
3 3 14 17
6 2 18 58
1 2 15 29
1 3 6 93
3 2 20 55
4 4 17 15
4 4 4 67
3 6 16 25
1 2 4 31
1 3 13 9
2 4 14 6
4 4 3 5
2 2 10 56
4 6 10 67
3 3 17 57
3 2 15 15
3 2 9 42
4 3 16 27
1 2 8 74
1 3 23 25
3 4 29 91
3 4 3 92
2 2 27 51
4 4 21 63
2 2 8 68
2 2 20 24
2 2 28 9
1 5 22 54
1 2 11 97
4 5 14 28
4 2 34 49
1 2 23 98
4 2 35 41
6 2 9 12
3 3 8 47
3 2 6 81
3 5 4 24
2 3 29 23
4 3 4 7
5 2 6 6
1 3 5 39
1 5 12 19
6 2 8 25
3 2 8 55
2 2 10 92
2 3 18 39
6 2 12 76
2 2 10 51
6 2 14 93
4 2 3 42
4 6 18 98
2 4 15 87
2 2 17 87
2 2 20 99
5 3 4 5
6 3 3 24
1 2 20 74
1 2 27 61
3 3 18 93
1 2 28 23
2 3 15 12
2 2 25 81
5 2 11 76
4 2 6 85
3 2 5 67
6 2 19 33
1 2 14 54
1 2 24 52
2 2 19 22
2 2 6 86
2 2 8 33
1 2 15 74
1 3 20 22
2 3 9 12
4 2 16 82
1 2 5 67
2 3 11 9
3 2 15 67
1 2 3 93
6 2 5 24
1 4 6 9
6 2 17 3
2 3 15 92
3 2 8 59
1 3 15 28
1 2 10 48
1 2 8 26
3 3 10 45
2 2 6 15
3 2 25 62
3 3 10 14
1 2 3 45
1 3 2 32
4 2 29 91
6 3 7 96
1 2 37 19
4 4 11 29
2 2 14 32
6 2 14 63
2 2 5 55
2 2 5 49
6 5 4 12
3 2 19 41
1 5 4 77
1 3 9 24
1 2 12 63
6 2 15 93
6 2 14 74
1 8 16 55
4 4 16 54
5 3 3 67
2 2 8 41
3 2 11 91
2 2 15 23
5 2 13 18
5 3 3 35
4 2 16 32
3 3 10 59
1 3 19 34
1 2 6 11
6 2 3 67
4 2 25 17
5 3 10 87
5 2 14 24
4 2 2 84
1 2 9 85
5 2 3 75
2 2 3 58
2 2 2 91
1 3 4 23
1 2 14 89
4 2 2 26
5 2 16 54
1 2 7 87
5 2 12 87
6 2 5 3
3 3 2 97
3 3 15 61
1 2 18 71
4 5 4 77
1 2 12 49
6 2 11 57
5 2 15 82
3 2 35 39
6 2 3 35
4 2 8 86
2 2 18 71
5 3 12 34
2 4 5 26
4 2 22 41
2 4 18 75
1 3 16 46
4 3 14 1
1 2 19 91
1 2 17 4
5 2 15 7
3 2 12 41
2 2 5 32
4 3 6 89
1 5 13 53
3 2 3 3
4 5 6 12
4 2 12 66
4 2 21 61
1 3 19 63
1 2 6 71
5 2 3 53
3 2 2 26
1 2 25 49
6 2 14 83
2 2 7 3
2 2 2 51
1 3 10 57
3 2 38 1
6 3 15 83
4 2 13 88
1 2 6 82
2 2 22 11
2 4 16 33
1 2 18 42
5 2 7 55
5 4 5 12
4 3 9 59
2 2 11 29
2 2 12 67
3 4 5 97
3 2 12 32
4 2 19 11
3 2 22 74
5 2 14 17
5 2 11 95
3 2 8 23
5 3 9 57
1 5 11 54
6 2 8 58
2 3 7 82
6 2 7 7
2 2 14 77
2 3 12 94
4 2 18 38
6 2 11 88
1 5 8 32
3 2 12 51
6 2 10 63
4 2 11 25
6 2 4 27
4 3 11 56
1 3 3 66
2 3 14 74
1 4 2 81
4 2 15 4
1 3 10 96
4 2 8 13
1 2 10 5
1 2 25 59
4 2 11 14
4 3 13 92
1 2 9 11
4 2 6 75
5 2 14 2
4 2 16 81
1 6 8 86
5 2 10 4
3 3 10 4
6 2 3 53
4 3 8 44
3 2 20 95
4 2 11 61
1 2 8 1
6 2 13 8
2 2 13 22
4 4 23 47
1 2 7 19
6 4 7 85
6 2 14 55
3 4 5 77
4 2 15 25
2 3 17 48
3 2 35 69
2 2 2 84
3 3 8 31
4 2 7 95
3 4 5 66
3 6 8 83
1 2 12 46
4 2 15 66
3 2 6 15
6 2 12 77
1 3 12 78
6 2 7 75
6 2 4 33
5 2 4 86
3 3 18 22
2 3 2 32
4 2 2 86
6 2 5 32
3 3 13 71
1 2 17 12
4 4 14 8
6 2 3 77
1 3 17 73
2 3 24 69
4 4 9 94
2 7 9 95
2 2 8 79
1 3 11 4
5 3 4 85
1 4 3 73
1 2 18 1
3 2 2 6
1 2 6 69
1 2 3 86
6 2 10 97
2 2 6 29
3 2 17 25
5 2 10 97
6 2 4 84
6 2 9 15
5 3 6 74
4 4 11 46
2 3 13 18
1 3 4 5
2 5 6 23
3 2 4 14
4 2 25 39
3 3 15 47
2 4 8 55
5 2 9 45
4 3 4 13
5 2 11 65
4 2 6 7
4 2 10 44
1 3 6 77
3 2 13 73
3 2 5 37
1 2 6 11
5 4 8 93
5 2 8 85
2 2 10 65
2 2 19 22
4 3 5 84
6 2 10 34
3 2 8 9
2 3 6 83
1 2 17 79
4 2 5 81
6 2 5 83
3 2 9 43
3 2 10 34
3 2 7 18
4 2 12 78
2 2 4 97
6 2 12 42
1 2 13 31
4 2 10 98
3 2 19 38
1 2 11 17
3 2 10 16
3 2 14 78
5 4 3 83
3 2 31 91
3 2 8 96
2 3 3 6
2 2 14 8
3 3 7 57
2 2 18 1
2 2 5 99
5 2 13 44
3 2 15 99
2 2 11 25
1 3 8 92
3 3 5 13
2 4 5 75
2 2 11 13
6 2 10 48
3 2 17 71
1 2 12 42
5 3 5 77
2 2 5 97
5 2 14 34
5 3 12 28
5 2 11 23
3 3 10 3
4 2 7 93
4 2 10 93
4 4 11 16
2 2 20 39
2 2 21 59
4 3 12 43
4 3 12 74
1 2 6 62
2 2 11 56
1 4 12 62
1 5 8 85
2 4 3 84
2 2 5 18
3 2 4 74
4 2 12 63
5 3 7 57
4 2 14 34
3 3 3 45
4 2 4 95
6 3 11 63
1 2 13 23
3 2 6 91
1 2 14 34
4 4 2 34
3 2 3 37
6 2 3 6
6 2 6 13
3 2 5 44
1 3 5 63
2 2 12 12
4 3 7 68
6 3 10 67
2 2 10 48
6 2 10 16
4 3 7 54
5 6 4 3
6 2 11 25
5 2 3 46
2 2 13 9
2 2 2 11
1 3 11 25
5 4 6 4
2 3 7 33
6 3 7 56
5 3 7 6
1 2 4 6
4 2 8 13
2 2 16 11
5 2 5 27
5 2 10 17
4 2 10 48
2 2 8 92
2 2 6 44
5 2 7 35
2 3 7 1
1 2 8 79
4 2 10 34
5 2 8 48
6 2 5 65
3 2 2 61
3 2 2 16
4 2 5 65
1 2 11 1
3 2 9 49
3 2 16 69
3 2 9 35
2 3 4 46
3 2 10 87
4 2 9 87
3 5 4 5
1 2 7 59
3 2 6 2
2 2 6 65
5 2 3 8
3 2 10 1
4 2 16 69
6 2 5 35
5 4 4 65
4 2 6 3
3 2 19 68
3 2 18 99
1 2 9 74
2 2 7 43
3 2 5 29
3 2 9 11
6 3 6 48
2 2 14 41
4 2 5 1
6 2 3 7
6 2 10 46
1 4 6 33
5 2 2 67
3 3 11 12
1 2 3 16
3 2 11 82
2 3 3 15
2 4 4 8
4 2 9 13
1 2 14 81
5 3 5 66
2 2 3 74
5 5 3 16
6 2 5 18
6 4 6 2
2 2 4 67
4 2 2 6
4 2 4 64
6 2 4 34
2 2 6 94
1 2 4 65
1 3 3 16
3 2 6 69
3 3 4 66
4 2 2 17
1 2 5 7
1 3 5 45
5 2 7 93
1 2 8 52
2 4 3 33
4 2 3 46
6 2 3 93
1 2 12 51
5 2 8 88
3 2 3 95
1 2 8 92
5 3 8 46
4 2 3 94
6 2 6 92
4 2 5 74
6 2 9 52
1 2 2 34
6 2 4 68
1 3 9 13
5 2 3 93
2 2 9 39
4 4 6 75
4 2 10 38
4 2 9 72
2 2 15 21
4 2 4 36
5 2 1 35
3 2 8 47
4 3 7 46
1 2 6 46
2 2 10 96
2 2 9 71
4 2 8 39
1 2 2 7
2 2 6 47
3 2 1 35
6 2 12 23
4 2 11 41
4 2 12 72
3 2 17 21
2 2 7 63
4 2 8 2
1 2 3 96
3 2 5 45
5 2 5 36
4 2 4 95
2 2 11 42
2 2 4 58
4 3 12 22
5 2 9 42
4 2 3 9
3 2 9 38
1 2 4 48
2 2 8 87
1 2 5 37
6 2 3 7
6 2 8 42
4 2 8 23
4 2 13 23
1 2 4 58
4 2 4 37
1 2 10 23
5 2 5 47
5 2 4 56
3 2 10 23
1 3 4 56
5 2 7 96
6 2 7 95
5 2 8 43
6 2 5 48
