7129
2957
5 4 56 31
1 2 15 57
5 4 56 55
6 2 46 11
7 2 42 61
7 4 62 37
6 3 42 31
3 4 43 73
4 3 33 14
6 3 90 65
5 2 32 78
7 3 36 37
5 2 20 10
7 2 68 45
1 4 55 84
3 3 69 3
2 3 47 15
8 3 8 15
7 2 20 83
2 2 73 5
2 2 37 28
3 2 71 49
1 3 77 89
6 2 56 44
6 2 58 63
7 3 26 27
3 2 61 23
8 3 66 7
5 4 36 65
1 2 23 85
8 3 63 72
5 3 30 76
1 2 62 55
8 2 57 72
3 3 37 63
7 2 16 42
6 2 64 15
7 2 58 82
6 2 60 20
4 2 72 16
7 2 28 62
6 2 42 3
5 2 61 33
4 2 80 86
8 2 20 33
7 2 40 88
7 2 14 29
6 3 10 34
8 3 46 79
6 2 16 25
5 3 79 66
8 3 8 11
4 4 65 9
3 2 60 87
3 2 45 20
4 2 60 32
1 2 33 87
2 2 7 9
4 2 82 73
7 2 61 65
7 2 52 15
4 4 25 68
3 2 88 80
3 2 13 78
3 2 22 9
2 2 31 17
5 2 36 45
7 2 4 20
7 2 82 67
4 2 30 27
7 2 60 50
6 2 52 28
2 2 21 30
7 2 49 73
5 2 31 15
2 2 19 49
7 3 21 31
7 2 60 40
8 2 31 36
2 2 16 14
3 2 75 51
3 2 25 47
2 2 51 88
3 2 85 31
3 2 66 9
5 2 55 13
1 2 3 57
2 2 1 20
1 2 77 31
6 2 30 38
6 2 14 45
8 2 58 15
4 2 34 85
6 2 4 14
1 2 70 62
6 4 45 33
7 2 12 24
6 2 16 2
5 2 28 72
2 2 54 80
6 4 8 39
6 2 18 13
3 2 78 65
4 3 35 65
1 2 79 3
7 4 16 25
6 2 82 55
5 2 37 49
3 2 9 87
5 2 10 45
3 3 21 88
7 2 50 77
7 2 78 38
1 2 29 60
5 2 80 60
8 2 29 39
5 3 76 3
6 3 40 7
3 3 72 8
2 3 29 40
1 2 15 68
2 2 14 25
4 2 39 52
3 3 68 43
2 3 40 32
5 2 29 69
5 2 65 44
7 2 46 30
6 2 61 77
2 2 12 24
6 2 30 17
2 3 26 50
1 2 9 77
6 2 18 83
1 2 30 18
1 2 33 23
4 2 50 18
6 2 38 82
8 2 42 34
4 2 48 67
3 2 53 69
6 2 84 78
7 2 47 22
4 2 24 50
7 2 50 28
1 2 5 87
1 2 33 36
4 3 51 11
1 4 16 43
6 4 2 14
1 2 78 85
8 3 14 67
6 2 14 5
8 2 58 71
2 2 82 73
2 3 7 43
7 3 17 37
7 2 14 66
1 2 70 66
8 2 63 50
8 3 71 85
1 2 41 62
5 2 46 68
4 2 69 31
6 2 76 39
4 3 42 46
4 2 16 36
5 2 72 2
6 2 10 71
2 4 59 80
5 3 24 48
5 5 76 32
7 2 30 53
4 2 1 17
4 2 57 81
8 2 78 24
7 2 72 80
4 2 20 38
3 3 32 67
1 4 75 6
7 2 32 83
3 2 45 54
5 2 85 81
4 2 9 47
3 2 39 39
5 2 63 2
2 2 30 62
5 2 33 89
5 3 75 78
8 2 14 22
8 2 10 80
5 2 2 28
6 2 32 72
5 2 76 17
5 2 46 79
5 3 2 49
8 2 62 83
5 2 31 48
6 2 9 39
2 3 54 44
3 4 55 73
5 3 27 80
8 2 10 7
5 2 81 25
3 2 41 72
2 2 81 2
8 4 4 71
1 2 41 49
5 2 33 17
7 2 65 87
5 2 24 51
8 2 65 83
1 3 79 60
4 3 71 61
8 2 85 58
7 2 78 48
7 2 16 31
1 2 56 8
1 2 69 35
4 2 8 43
7 2 83 26
1 2 1 89
6 3 73 32
8 2 68 51
3 2 63 61
6 2 43 47
7 2 32 65
5 2 77 89
2 2 45 64
5 2 65 19
1 2 38 6
4 3 24 13
1 2 7 7
5 3 75 81
8 2 64 88
1 2 60 75
1 2 26 38
8 3 77 59
7 2 74 56
3 2 17 71
3 2 14 68
3 3 49 31
4 3 1 80
1 4 5 67
3 2 3 53
7 2 77 44
2 3 3 38
2 3 26 52
5 2 59 22
7 2 17 77
8 2 40 23
5 2 46 67
7 4 4 84
6 2 66 25
3 2 5 62
7 2 52 51
1 2 82 23
2 3 38 37
7 4 45 10
6 2 74 20
6 3 22 8
4 2 65 35
1 2 1 62
8 2 21 4
2 2 58 40
5 3 57 74
4 3 32 58
3 2 4 85
6 2 7 66
5 2 24 11
1 2 27 59
6 2 55 36
5 2 59 52
2 2 1 9
1 3 32 78
7 2 66 50
4 2 27 81
5 3 17 73
2 2 3 42
6 3 12 62
1 3 10 43
7 2 65 90
8 2 54 86
7 2 85 56
2 2 82 26
5 3 35 36
4 2 75 7
1 2 65 77
4 2 42 48
1 2 49 44
8 3 24 14
1 3 22 62
4 2 33 6
3 3 4 48
7 2 22 80
7 2 4 25
4 4 85 56
4 3 39 5
1 2 62 60
8 2 75 39
5 2 20 64
3 2 78 44
2 2 80 24
2 2 11 1
3 2 1 23
1 2 50 31
6 2 5 73
8 3 25 54
8 3 50 80
7 3 52 84
3 2 77 63
3 2 5 59
6 2 45 33
2 2 26 25
7 3 27 14
6 2 82 2
3 2 47 77
2 3 1 47
4 3 9 35
8 2 36 6
3 3 71 73
2 3 11 50
6 2 60 76
8 2 8 83
3 2 70 37
2 3 34 37
8 4 10 2
2 2 34 27
8 2 18 6
3 2 64 75
1 2 34 89
1 2 1 6
5 2 48 59
4 2 40 35
6 2 40 33
4 2 64 37
4 4 50 29
5 3 60 8
5 2 82 54
3 3 56 81
5 2 32 48
8 2 44 65
3 2 57 76
7 2 14 70
3 3 15 26
6 2 40 38
7 2 5 6
6 4 71 73
3 2 47 8
6 2 66 23
2 2 3 66
6 2 43 75
1 2 57 4
3 4 37 30
3 2 59 83
6 2 61 66
7 2 47 37
8 4 66 65
7 2 54 13
2 2 20 32
8 2 4 61
6 2 19 83
2 3 72 54
4 3 37 34
3 4 1 68
2 2 55 15
3 2 40 38
7 2 69 71
6 2 10 7
2 2 37 69
2 2 73 21
7 4 2 58
6 2 2 42
8 2 25 49
7 2 3 28
6 2 27 26
2 2 33 57
8 2 17 29
4 2 50 72
5 2 39 73
8 2 58 87
8 2 26 66
5 2 11 40
8 2 28 87
7 2 77 69
4 2 1 66
3 2 53 13
8 2 15 59
3 4 44 33
5 2 38 40
2 2 9 81
4 2 25 76
5 2 15 54
3 2 53 83
8 2 65 76
6 2 15 29
8 2 1 20
8 2 59 20
6 2 78 24
1 4 43 48
8 2 74 3
6 2 27 61
7 2 46 85
3 2 56 42
7 4 63 27
8 2 2 86
2 2 32 18
1 2 6 14
5 2 51 42
6 3 16 63
3 2 20 15
6 2 39 54
4 2 17 74
1 2 57 51
6 2 15 7
2 2 31 25
2 2 56 73
6 3 33 30
7 2 76 61
6 2 28 90
4 5 63 89
4 2 29 83
2 2 28 72
2 2 54 65
8 2 79 22
6 2 15 90
8 2 2 47
7 2 21 81
8 3 36 71
7 2 36 89
2 3 10 7
7 2 64 79
7 2 16 53
4 2 60 81
8 2 62 89
8 2 1 90
1 2 72 5
2 3 22 31
4 2 61 70
2 2 49 20
5 3 58 75
5 3 48 20
2 2 52 66
2 2 53 71
1 2 14 27
8 3 57 9
3 2 29 57
4 2 31 7
7 2 64 14
1 3 28 48
7 3 73 20
1 3 40 26
4 2 43 48
3 2 27 45
2 4 1 2
7 3 23 88
5 2 15 89
8 2 57 1
1 4 61 48
1 2 69 78
6 5 30 87
8 3 30 33
1 2 5 33
8 2 19 53
7 3 39 49
2 2 33 21
5 2 72 6
2 3 19 57
1 3 48 40
6 2 4 82
5 2 59 85
4 2 9 22
1 3 35 29
1 6 23 87
7 2 63 81
2 2 58 44
2 2 53 73
6 2 20 41
7 3 43 15
2 3 56 18
2 2 71 40
2 3 25 80
8 3 49 1
7 2 67 4
3 2 48 39
7 2 29 78
1 2 38 1
5 4 26 44
5 3 21 89
3 2 54 74
7 2 28 49
1 2 31 45
2 2 44 89
8 2 47 57
4 3 62 79
5 3 25 39
1 2 64 27
2 5 34 55
4 3 21 44
5 2 34 16
1 2 62 54
7 4 47 6
3 3 35 54
8 2 58 27
1 2 60 9
5 2 59 51
8 3 71 44
7 2 1 24
1 2 50 65
4 2 9 85
8 2 69 63
4 2 30 52
6 2 11 65
3 2 60 47
6 2 5 78
1 2 69 37
7 3 41 49
8 3 53 76
5 2 46 41
5 2 2 19
2 3 44 36
8 2 83 11
3 4 27 79
3 2 7 21
3 2 58 58
1 3 76 59
2 2 3 11
4 4 9 4
1 3 1 26
7 2 52 9
7 4 48 46
5 3 6 30
3 2 5 51
4 2 42 43
4 3 15 50
8 2 48 74
2 2 60 82
7 2 72 51
7 2 35 41
6 2 53 38
8 2 33 43
6 3 21 31
2 2 6 32
6 2 4 76
1 2 21 59
1 2 15 36
8 3 50 8
2 2 45 25
5 2 8 27
4 4 20 51
5 3 37 70
4 4 7 73
1 2 53 88
8 2 34 57
8 2 4 31
2 2 18 27
3 2 21 10
4 3 52 20
1 3 42 72
8 2 51 19
1 2 63 46
3 2 16 62
8 2 60 47
5 3 28 28
4 2 8 38
3 2 37 43
1 2 12 7
6 3 68 32
7 3 52 4
3 2 64 26
7 2 43 62
3 2 69 19
6 2 39 45
2 2 19 10
2 2 65 9
7 2 63 75
3 3 22 57
6 2 69 79
1 2 15 45
6 2 39 6
6 3 72 36
5 2 16 3
2 2 12 5
7 4 40 27
5 2 32 88
5 2 36 36
1 2 63 19
8 2 28 62
1 3 45 76
2 2 1 24
3 2 38 76
3 3 13 89
6 3 23 80
2 2 2 80
1 2 70 64
5 2 60 56
5 2 3 2
2 2 70 12
3 2 38 72
8 2 8 28
6 2 17 60
2 2 38 20
5 2 42 38
4 7 14 31
7 2 14 25
2 2 60 76
1 3 4 73
2 3 45 55
5 2 68 22
3 2 46 86
8 3 15 86
1 5 70 19
7 2 16 13
7 2 60 28
4 2 54 43
1 3 60 14
2 3 5 27
6 2 42 3
2 4 23 53
3 3 46 56
8 2 68 41
7 3 64 66
1 2 18 90
3 2 45 86
1 2 53 29
1 4 36 36
8 2 29 72
3 3 4 78
6 2 21 41
1 2 57 34
4 3 23 84
8 2 12 88
8 3 35 63
4 2 7 42
7 2 62 54
4 4 46 41
2 2 47 36
8 2 28 51
8 2 11 54
7 2 8 77
8 2 23 72
4 2 8 80
2 2 8 17
6 4 62 7
3 2 31 68
5 2 20 85
2 2 42 3
4 2 59 30
1 2 11 40
2 2 54 41
3 4 37 49
2 2 5 72
5 2 14 4
4 2 51 7
3 2 23 29
2 5 13 29
1 2 4 79
4 2 65 2
3 2 66 86
5 3 32 28
5 2 45 69
6 2 1 5
7 4 63 61
3 5 5 31
8 3 28 15
5 2 2 39
4 4 66 46
7 2 51 14
4 2 59 80
1 3 67 33
6 3 4 26
4 3 6 6
5 3 55 21
5 2 47 42
4 4 53 20
7 2 33 44
4 2 60 63
4 3 31 80
8 2 3 67
8 2 22 79
2 4 64 66
3 2 45 72
5 2 27 53
2 2 55 64
2 3 27 15
3 2 12 45
2 4 57 84
3 2 53 33
3 3 45 58
8 2 12 7
6 2 50 65
4 2 21 79
4 2 65 42
2 3 50 19
1 3 24 62
1 2 36 7
5 2 14 51
3 2 27 39
8 3 58 62
6 2 46 5
8 2 26 52
4 3 59 4
7 3 64 73
8 3 65 59
7 2 7 22
6 2 4 35
6 2 46 50
6 3 65 46
5 3 59 7
4 3 41 17
1 2 50 71
5 2 20 33
5 2 30 52
4 3 46 82
7 2 54 61
2 2 3 45
5 3 62 9
7 2 2 83
7 4 57 61
8 2 64 28
6 2 56 40
7 2 36 1
7 2 36 70
8 3 64 71
3 2 50 14
7 2 26 37
2 2 28 84
2 2 26 90
6 2 56 75
2 4 64 55
7 2 3 38
5 2 73 58
8 2 53 84
8 2 30 89
5 3 47 57
5 2 64 66
7 2 23 29
8 2 63 21
7 2 2 66
1 2 26 36
1 4 16 15
5 2 54 34
4 2 4 74
5 2 33 37
4 2 6 40
5 2 13 28
2 2 58 73
5 2 12 54
6 2 62 46
6 2 64 84
4 4 62 67
4 2 57 36
5 3 12 44
8 2 15 74
4 2 50 84
6 2 33 35
8 2 20 19
8 2 33 17
6 2 8 24
4 2 63 71
1 2 10 78
6 3 32 30
2 2 28 64
5 2 33 73
6 2 21 49
4 2 41 11
8 2 41 16
5 2 16 24
4 2 16 48
8 2 34 55
7 2 43 38
4 2 45 50
8 2 67 18
7 2 13 44
1 5 7 13
4 2 41 54
1 2 59 59
1 2 1 32
5 2 33 20
6 3 28 16
5 2 38 71
5 2 56 47
8 4 59 28
8 2 49 71
8 2 13 89
4 2 50 5
1 2 34 66
2 3 37 39
6 2 25 22
3 2 26 34
7 2 31 20
6 2 35 74
1 2 50 40
2 2 7 85
8 2 63 9
3 2 22 66
1 2 51 68
3 2 54 3
6 2 55 34
8 2 51 24
4 2 39 63
8 2 40 24
5 2 44 22
5 2 41 28
5 2 48 61
8 2 3 78
4 3 32 51
1 2 60 61
8 4 8 44
1 3 35 34
3 2 62 63
3 2 9 67
6 2 34 59
3 2 56 38
1 2 24 70
7 3 5 38
1 3 58 29
3 2 7 1
2 3 53 34
3 2 61 23
2 2 23 11
2 2 34 74
7 3 54 2
5 2 21 53
7 2 10 2
6 3 9 81
5 3 39 46
5 2 59 68
2 2 37 26
1 2 52 4
7 2 14 19
7 3 41 68
4 4 46 15
3 2 46 52
3 3 3 74
8 2 10 71
8 2 18 49
1 2 41 28
5 2 47 70
2 2 20 90
8 2 55 71
8 3 41 44
7 3 66 82
1 2 49 44
4 2 14 48
7 3 51 24
1 2 65 19
7 3 46 68
3 2 42 83
5 2 55 38
1 2 55 47
7 2 57 8
2 3 46 59
8 2 55 37
4 4 19 14
4 2 57 44
8 3 50 88
3 2 70 4
4 3 2 14
7 2 26 24
2 2 44 14
8 2 20 87
1 2 51 71
8 2 39 48
3 2 16 84
4 2 33 56
5 2 51 90
8 2 8 78
6 4 29 7
5 3 50 34
5 2 18 56
3 4 52 63
6 2 42 51
1 3 60 43
3 4 46 72
4 3 17 2
1 4 32 73
7 2 2 22
4 3 24 11
7 2 66 77
4 2 60 57
3 3 6 40
5 2 2 48
6 2 46 47
8 2 27 14
2 3 8 78
5 2 3 86
1 2 42 29
5 2 8 34
6 2 17 80
3 6 48 23
4 2 44 87
4 2 15 53
4 2 35 32
2 2 53 12
4 2 62 88
8 2 27 81
2 2 12 86
1 2 24 33
4 2 36 84
1 7 3 30
7 2 56 82
1 3 45 7
6 2 31 56
1 2 31 29
6 2 29 55
7 2 35 73
2 2 3 2
7 4 19 76
8 2 18 16
3 2 60 50
2 2 28 51
5 2 49 47
8 2 52 13
7 2 7 79
2 3 23 22
7 3 21 12
7 2 49 67
8 2 55 21
3 2 60 68
1 3 57 55
7 4 63 18
7 2 28 64
1 2 21 19
3 2 8 41
5 3 32 59
5 2 10 38
2 2 11 54
5 2 36 63
4 2 61 82
8 3 60 17
5 3 6 13
1 4 39 40
3 3 50 18
7 2 45 67
1 2 1 37
7 2 15 80
8 2 55 54
8 3 32 66
8 2 11 86
6 2 46 79
2 2 37 52
1 2 8 81
2 2 42 33
7 2 12 4
3 2 56 63
4 2 56 47
1 2 14 48
7 3 20 3
1 2 50 82
4 2 9 88
3 2 21 75
8 2 7 22
5 2 47 21
7 3 32 71
8 2 23 76
3 2 22 5
4 3 3 82
5 3 48 64
3 3 16 32
8 2 55 46
5 5 45 73
1 3 39 53
8 3 22 22
1 2 55 29
1 2 41 10
1 2 63 21
3 2 5 73
5 2 45 65
7 4 22 21
5 2 36 46
6 2 14 44
6 2 21 64
5 2 17 26
3 2 23 37
7 2 54 24
4 3 22 24
2 2 59 31
1 2 51 88
3 3 50 83
6 2 20 42
1 2 37 32
3 2 30 35
1 2 54 19
3 3 32 73
8 2 60 22
3 2 29 6
1 2 50 25
5 2 57 9
6 2 22 36
5 2 50 66
2 5 18 41
7 2 4 42
4 2 48 41
6 2 49 60
1 2 24 71
6 2 63 60
4 2 28 2
5 7 52 63
6 3 14 48
4 2 19 63
2 2 16 15
2 2 50 71
8 2 27 60
4 2 42 46
4 3 10 61
8 2 20 69
6 4 57 63
2 2 30 16
3 2 45 80
7 2 42 43
4 2 8 73
7 2 4 86
7 2 45 44
6 3 16 15
6 2 19 57
6 3 35 73
2 2 16 7
4 3 32 39
1 3 16 4
2 3 27 64
3 2 22 53
8 2 32 56
2 2 12 46
7 2 3 16
5 2 20 67
3 2 37 35
6 2 51 61
3 2 21 27
2 2 44 3
4 2 35 8
4 4 9 28
5 2 31 2
3 6 48 62
8 2 60 42
5 2 51 33
6 2 62 87
1 3 58 9
4 3 9 30
8 3 41 30
1 2 21 8
2 2 49 30
2 2 37 24
7 3 12 64
8 2 48 39
8 2 43 68
6 2 22 53
1 2 25 83
8 2 24 31
4 2 20 15
7 3 20 50
7 2 36 55
7 2 43 12
8 4 43 79
3 2 51 34
7 2 64 12
4 4 26 31
8 2 6 27
1 3 37 63
7 2 48 52
2 2 34 54
4 2 7 24
2 2 45 12
7 2 28 54
5 2 16 38
6 2 58 22
4 2 62 10
4 2 11 75
5 3 22 11
3 2 20 37
4 2 9 7
6 2 43 14
7 3 1 69
2 2 36 38
5 2 46 74
5 2 25 83
3 4 15 80
1 2 3 84
1 2 49 66
3 2 7 36
1 2 21 89
5 2 22 17
5 2 56 9
8 2 61 76
8 2 18 35
2 4 54 6
8 2 33 66
4 2 8 10
2 2 16 37
3 2 53 86
3 3 20 21
5 2 9 42
5 2 41 33
1 2 58 75
7 3 40 46
8 2 50 83
2 2 45 26
8 3 47 42
7 2 60 87
4 2 22 31
4 2 34 71
7 4 15 45
4 4 33 67
3 2 29 45
3 2 12 70
8 2 16 14
3 2 57 1
4 2 24 78
4 4 46 74
4 3 6 11
5 2 14 72
2 4 21 48
3 2 50 66
8 4 42 18
5 3 37 79
6 3 27 52
4 2 37 54
6 2 32 32
8 2 37 51
7 2 3 29
5 2 24 51
6 3 52 58
2 3 11 44
8 2 15 47
3 2 12 33
4 3 30 62
3 2 59 17
7 2 36 14
6 2 16 14
7 3 50 65
4 2 15 79
1 2 38 14
2 5 22 77
1 3 18 65
8 3 5 43
7 2 48 55
6 2 24 41
4 2 30 1
6 2 49 1
6 3 20 49
7 3 25 16
2 2 55 54
6 2 53 62
2 2 13 6
7 2 45 15
1 4 25 34
3 2 46 2
3 2 14 46
3 2 10 23
7 3 33 7
4 2 48 27
5 3 27 27
1 2 65 70
6 2 16 37
7 2 36 67
3 2 42 3
1 2 18 41
6 2 40 35
2 2 54 20
6 3 17 65
7 3 9 21
2 3 38 13
4 2 32 56
4 3 45 76
1 2 15 54
7 3 6 87
3 2 56 51
4 2 58 76
8 5 20 8
3 2 28 19
8 2 4 32
6 2 16 69
6 2 17 63
2 3 38 49
5 2 29 65
1 3 19 2
3 6 8 44
5 2 7 28
7 2 14 23
2 3 18 46
1 2 33 22
5 2 20 4
5 2 10 12
2 2 18 8
2 2 26 89
4 2 64 76
8 3 30 9
8 4 20 26
7 3 50 35
6 3 46 26
4 2 66 12
1 2 25 45
4 2 32 18
2 2 35 72
7 2 35 54
4 2 19 27
6 2 21 7
3 4 57 61
3 3 35 48
8 2 38 89
8 3 51 4
7 2 47 8
5 3 66 11
6 2 34 57
2 2 45 26
3 2 32 10
1 2 45 44
8 3 40 27
2 2 19 26
4 2 45 45
2 2 27 50
6 2 7 42
7 2 47 1
2 2 32 81
6 2 20 59
8 3 2 43
5 3 35 86
1 3 46 8
8 2 55 81
4 4 48 85
4 3 42 61
1 2 50 22
8 2 26 37
7 2 19 30
1 2 38 15
2 2 6 22
3 2 55 58
1 4 19 29
4 2 20 55
1 4 44 60
5 2 23 29
6 2 44 36
7 5 20 28
3 2 54 4
4 2 4 86
2 4 6 87
4 3 27 17
6 3 26 49
6 2 27 47
1 2 36 26
2 2 35 53
8 2 1 3
7 2 49 12
3 2 8 32
8 2 64 69
4 3 25 15
2 2 41 15
5 2 13 59
2 2 41 8
1 2 11 3
3 2 29 59
7 3 43 74
8 2 40 47
4 2 2 31
7 4 29 39
4 4 42 68
2 4 21 15
7 2 3 78
4 3 35 87
8 2 26 76
4 3 2 19
1 3 12 25
8 3 29 87
1 2 9 69
5 3 41 87
7 2 14 29
7 2 39 28
5 2 31 73
5 2 11 75
7 3 30 16
8 4 47 18
7 2 5 71
3 2 47 24
2 5 11 63
8 2 5 45
4 3 16 68
4 2 49 20
6 2 16 2
1 2 29 60
1 2 6 6
7 2 42 86
6 2 40 61
8 2 18 79
5 2 12 29
2 2 45 52
6 3 55 20
2 2 37 36
2 2 21 8
5 2 34 26
5 2 49 54
7 4 30 18
8 2 7 9
7 2 40 35
2 2 4 13
8 3 14 38
5 2 35 17
1 5 5 39
1 2 41 33
8 2 25 21
3 4 38 22
6 4 44 40
8 2 52 77
4 2 44 52
5 2 34 39
3 2 20 15
6 3 28 1
1 2 42 52
4 3 45 84
2 3 48 64
2 3 16 28
4 2 18 36
4 2 46 3
8 2 54 36
5 2 4 79
1 4 16 69
8 3 3 14
6 2 23 45
7 3 47 19
4 3 34 38
4 2 5 43
4 2 47 88
3 4 37 27
8 2 2 29
3 2 6 51
8 2 53 33
2 2 24 52
4 2 53 35
4 2 15 37
5 2 24 60
2 2 47 16
5 2 49 85
7 2 1 31
8 2 8 29
4 2 16 78
2 3 44 66
3 2 29 68
1 3 41 57
3 4 35 56
1 2 29 16
2 3 38 77
1 3 13 90
5 2 41 3
5 3 5 71
3 2 14 44
3 2 38 59
4 2 15 28
3 2 52 76
5 3 55 75
4 2 23 81
8 3 28 34
1 2 14 14
5 4 4 42
6 2 4 14
3 4 22 16
5 2 15 80
7 2 16 67
7 2 11 13
5 3 25 42
1 3 7 32
8 2 38 45
4 2 25 27
4 3 17 83
1 2 49 87
7 2 32 24
8 2 21 19
8 3 59 11
2 2 43 87
1 2 12 68
3 2 36 55
4 2 42 18
8 5 4 84
8 2 39 71
6 2 49 4
8 2 6 50
3 2 8 83
4 4 1 29
6 2 25 89
3 2 26 87
1 3 12 38
2 2 24 20
2 2 5 90
6 3 39 35
1 2 12 64
4 2 1 47
4 2 5 50
3 2 49 75
5 2 53 74
4 2 16 32
1 3 3 52
2 2 53 74
3 2 45 10
6 2 19 19
4 2 33 3
6 2 34 23
7 2 28 2
6 2 38 5
6 3 20 83
5 3 44 44
3 4 16 29
7 2 36 10
6 2 5 79
8 2 5 32
6 3 7 17
7 2 38 57
2 3 3 27
2 4 38 49
3 2 26 64
3 2 4 4
5 2 29 4
1 2 15 47
2 2 20 36
2 3 15 43
7 2 5 31
5 2 2 66
7 2 31 63
4 2 50 51
7 2 34 88
1 2 51 51
5 2 6 41
1 2 37 74
3 3 4 85
6 4 29 13
3 2 10 52
7 4 5 40
3 3 20 2
3 2 13 64
6 2 14 18
5 2 50 16
3 2 4 82
1 2 48 9
4 2 33 51
7 2 12 84
8 2 21 85
4 2 39 55
6 2 42 81
3 3 14 67
1 2 52 41
3 2 53 55
8 2 21 52
3 2 44 59
4 2 44 47
8 2 30 74
8 2 41 65
6 2 53 59
8 2 25 35
1 2 21 5
4 2 28 6
5 2 29 29
2 2 47 10
5 3 30 54
4 3 11 28
3 2 52 23
7 2 22 15
5 2 19 1
3 2 33 88
2 2 44 70
7 2 50 13
2 2 9 74
1 2 29 55
1 2 31 36
7 2 6 85
5 2 28 17
8 2 8 78
4 2 14 40
6 2 2 2
5 2 4 39
7 2 36 84
3 2 17 72
6 2 13 4
5 2 2 27
4 2 17 17
2 2 4 66
2 3 23 12
7 2 38 18
7 2 13 78
5 3 8 43
4 3 37 40
3 2 6 73
6 4 32 52
6 2 39 35
3 2 17 25
2 2 8 38
6 2 17 31
1 2 11 56
1 3 43 75
1 2 31 44
3 2 29 85
3 2 42 77
4 4 37 34
2 2 21 25
6 2 8 77
7 2 12 75
4 2 13 23
1 2 17 20
3 2 29 10
5 2 42 46
8 3 42 16
4 3 11 44
1 2 13 50
8 2 34 50
5 2 11 61
2 2 29 32
5 2 46 75
3 2 13 12
2 2 27 73
6 3 40 55
1 2 38 24
2 3 18 29
6 2 37 43
5 2 26 35
5 2 48 3
2 2 44 67
4 2 45 16
2 4 9 21
3 2 22 64
1 2 31 5
7 2 33 61
7 3 42 36
1 2 33 45
7 2 37 7
4 3 50 59
1 3 49 22
2 2 41 85
8 2 22 11
7 2 8 65
7 3 29 86
2 4 22 14
2 2 47 82
4 2 11 65
7 2 47 85
1 2 6 51
3 3 32 41
6 2 13 55
6 3 4 6
1 3 26 85
5 2 19 79
8 2 14 39
7 2 7 33
5 2 9 23
4 2 5 42
8 2 32 87
3 2 30 60
5 2 18 6
5 2 40 10
5 2 37 31
6 2 50 57
8 4 16 14
3 2 11 51
1 2 13 15
3 3 12 53
4 2 11 25
3 2 22 54
1 2 27 9
7 2 15 73
7 2 30 60
6 2 19 67
6 2 37 60
5 2 38 56
8 3 28 39
3 2 37 36
4 2 48 33
3 2 30 22
3 2 26 24
7 3 28 27
6 2 37 7
8 3 42 34
4 2 29 39
7 2 44 16
5 2 17 55
2 2 26 7
8 3 31 40
5 2 28 9
2 2 8 78
7 2 9 69
2 3 22 62
6 3 34 70
3 2 50 68
8 2 5 8
5 3 4 85
5 4 46 50
7 3 29 72
5 3 38 8
3 2 22 10
6 3 31 65
2 2 46 77
5 2 53 10
1 2 38 23
7 2 27 34
3 2 34 49
2 3 38 56
2 3 53 69
3 3 9 8
8 3 39 30
7 2 41 17
6 2 41 24
2 2 51 4
8 2 38 60
1 4 14 80
2 2 25 9
1 2 46 78
7 2 50 77
6 2 8 85
6 3 40 49
5 3 13 73
6 4 28 39
4 2 25 59
5 3 12 30
4 2 53 1
3 2 43 32
6 4 29 21
7 4 19 18
2 2 31 63
5 4 18 24
4 2 11 61
7 2 28 40
6 2 16 52
1 2 35 12
3 3 31 80
3 2 16 82
5 3 51 1
4 2 16 64
4 2 26 85
2 3 17 7
3 2 6 76
4 2 12 32
2 2 35 33
4 2 46 6
1 2 25 7
6 2 33 43
2 2 14 2
6 2 1 32
1 3 18 45
6 4 31 53
1 3 32 21
8 2 27 12
2 2 22 8
4 2 37 25
6 2 50 68
4 3 40 17
5 2 13 20
3 2 12 56
2 3 19 29
6 3 18 39
2 2 13 71
2 3 33 68
6 2 41 79
2 5 12 73
7 2 7 29
5 3 8 8
6 4 3 67
4 2 7 75
1 3 10 10
6 2 42 22
2 2 38 3
8 2 34 44
7 2 31 63
1 2 33 35
5 2 23 62
6 3 12 61
4 2 28 23
1 2 38 82
7 2 2 51
2 3 38 89
1 2 43 5
7 4 44 74
2 2 17 85
6 3 19 5
4 3 7 65
2 4 2 30
1 3 16 39
5 3 38 30
4 2 15 61
3 2 37 86
5 3 14 66
7 3 49 58
3 2 18 66
8 2 30 8
1 3 34 46
7 2 36 85
6 2 19 16
6 2 12 2
7 2 32 35
7 4 2 47
5 2 35 23
4 2 8 77
8 3 30 35
6 2 15 75
3 2 20 56
6 2 13 46
7 2 24 24
7 2 36 63
4 2 42 12
8 2 31 54
2 2 14 83
6 2 42 54
7 2 6 73
8 2 6 18
5 2 38 81
6 2 36 74
7 2 14 80
1 3 34 39
7 2 29 79
3 2 14 67
1 3 7 66
8 4 11 65
8 3 33 56
6 4 23 51
2 3 26 34
6 2 25 68
4 2 39 41
1 2 36 80
3 3 29 84
6 2 21 11
4 4 26 39
4 2 45 68
3 3 27 48
2 2 47 57
7 2 30 42
1 4 18 66
6 2 20 81
4 3 28 27
1 2 24 69
6 2 46 21
8 2 28 14
8 5 7 32
4 2 18 54
5 2 30 36
2 2 28 16
6 3 32 25
6 2 34 87
6 2 39 18
5 2 18 35
3 4 15 49
7 3 13 26
2 2 7 13
4 3 22 24
2 2 15 76
5 4 6 21
5 2 35 17
1 3 21 40
4 2 17 69
1 3 28 78
7 3 26 21
1 3 12 77
2 2 30 81
4 2 35 81
7 2 14 31
4 2 8 69
7 4 34 49
8 2 7 74
4 2 17 76
4 2 1 22
5 3 8 40
3 3 29 68
6 3 6 64
2 2 8 7
1 2 10 74
2 3 27 84
1 2 12 72
6 2 10 26
4 2 41 51
3 2 10 9
8 5 19 54
1 2 42 84
7 3 9 10
6 2 49 4
7 4 28 27
1 2 12 35
8 2 17 29
6 2 10 52
4 2 16 38
2 2 45 76
2 2 24 22
1 2 38 33
6 4 34 82
4 3 30 86
3 2 18 33
4 2 17 55
1 3 16 77
2 3 25 12
2 2 6 72
7 4 27 82
6 3 13 41
1 2 4 85
8 2 14 74
6 4 17 38
3 2 32 20
4 2 7 41
1 2 9 40
2 2 46 11
2 2 1 86
5 2 40 12
4 2 15 15
6 2 16 6
2 3 12 53
1 2 11 71
5 2 26 76
1 4 3 16
7 2 25 86
5 2 12 70
5 6 12 31
7 2 17 23
8 2 7 11
8 2 29 5
4 2 35 44
4 2 40 89
7 3 20 86
7 2 31 59
3 2 37 24
1 2 15 7
1 2 9 88
6 2 19 16
7 4 16 56
7 2 28 47
3 2 29 30
3 2 20 61
8 2 16 18
4 2 35 23
7 2 49 4
6 2 7 83
5 2 44 58
5 2 32 60
8 2 30 34
2 2 16 72
1 2 32 49
5 2 45 5
8 3 39 63
4 2 36 88
2 2 40 75
6 2 10 72
8 2 40 37
8 2 18 69
1 2 33 56
7 2 15 20
8 2 26 9
5 3 16 45
7 2 34 58
3 2 37 54
6 2 6 39
3 2 18 15
8 3 36 64
2 2 13 18
8 2 17 6
5 2 36 10
3 2 21 64
4 2 3 78
5 2 42 3
7 2 18 43
1 2 14 12
8 2 8 81
2 4 1 14
7 3 30 4
8 2 1 27
6 2 7 75
5 2 27 78
4 2 26 6
3 2 30 58
1 2 24 8
5 2 29 85
5 2 25 66
4 2 35 70
7 3 13 1
6 2 10 76
2 2 7 40
5 2 11 65
3 2 20 66
3 2 31 74
7 2 23 70
5 2 14 19
8 4 17 45
8 2 25 4
5 2 14 85
3 2 17 24
8 2 6 64
3 2 24 34
5 2 25 57
6 2 38 17
8 2 39 84
6 9 26 83
2 2 19 12
4 3 27 5
5 2 27 21
6 3 6 41
1 2 17 76
6 2 17 42
2 2 30 90
3 2 7 12
3 4 9 72
1 2 16 6
1 4 29 43
1 2 29 67
8 4 20 60
4 5 23 78
5 2 1 16
6 3 35 58
4 2 10 3
8 2 36 2
6 2 11 37
6 10 15 65
4 2 19 76
3 4 16 43
7 5 22 39
1 2 38 12
7 2 37 89
4 3 2 65
8 2 14 6
6 2 29 23
7 2 19 33
5 2 45 10
8 3 8 38
7 3 28 12
2 4 33 64
2 5 38 18
8 2 7 36
5 2 17 49
3 2 11 77
5 2 3 58
3 3 12 1
7 4 28 82
2 2 34 60
8 2 37 12
7 2 25 39
2 3 27 36
6 2 26 30
1 3 19 67
1 3 30 74
7 4 15 70
3 3 12 15
8 2 15 8
7 3 9 72
4 4 7 32
6 2 8 18
3 3 3 79
6 2 7 13
3 2 22 79
8 2 11 83
2 2 8 82
5 2 8 70
2 2 26 67
2 2 28 89
2 3 34 52
1 3 7 75
6 2 31 20
8 3 36 81
7 2 21 26
8 2 28 44
8 4 14 64
2 2 13 65
8 2 36 57
4 3 27 63
3 2 24 23
1 2 47 59
1 2 18 82
1 2 28 35
6 2 21 77
6 2 2 11
3 3 38 53
3 2 27 40
2 2 13 79
2 3 9 15
6 3 42 57
5 2 30 49
7 5 8 14
6 2 18 36
8 5 25 78
8 2 40 4
5 2 30 45
5 2 22 39
1 2 27 65
2 2 3 58
1 2 23 58
2 2 2 66
4 2 12 26
6 2 22 44
1 2 27 28
2 2 39 6
6 2 21 63
3 2 10 40
8 2 17 39
7 2 10 37
7 3 29 89
7 2 25 17
1 2 27 17
5 3 12 33
5 3 23 24
3 2 8 70
7 2 19 50
2 3 33 77
3 2 35 21
4 2 35 36
6 2 37 46
2 4 29 60
8 2 26 65
7 2 32 41
3 4 20 39
2 2 16 44
1 3 13 85
7 2 22 57
8 3 15 15
5 3 21 20
5 4 10 14
7 2 31 58
3 2 27 88
6 2 23 15
1 2 2 4
3 2 22 26
8 2 23 35
7 5 28 70
3 2 36 17
2 2 34 46
4 3 21 39
5 3 17 81
6 3 21 33
2 2 15 18
5 3 3 51
7 2 6 36
7 2 4 66
8 3 17 12
3 4 12 20
2 2 17 70
4 2 18 57
4 4 28 2
6 9 7 69
2 2 32 1
6 2 4 27
1 2 7 13
4 2 25 60
8 2 16 61
4 2 5 17
3 2 13 11
1 3 28 1
2 2 16 65
3 2 16 70
1 2 4 14
7 2 21 67
5 3 22 67
6 2 15 13
4 2 22 19
2 4 5 39
2 2 29 53
4 2 1 15
8 5 19 39
6 2 35 53
4 2 21 64
4 3 15 41
5 3 18 13
3 3 13 59
5 2 17 3
3 2 16 26
5 2 20 40
2 2 25 46
5 2 22 44
2 2 29 42
1 2 1 10
4 2 31 33
4 2 17 14
3 2 16 19
3 3 6 64
5 2 28 88
4 2 30 2
5 2 21 27
3 2 14 36
8 2 23 81
7 2 24 26
1 3 10 30
2 2 12 21
8 2 26 16
3 5 22 14
8 2 19 41
1 2 15 65
4 2 26 55
8 3 15 26
7 2 13 64
5 2 28 47
8 3 8 12
3 4 12 78
6 2 18 89
1 2 12 25
5 2 6 73
4 2 26 41
6 4 27 81
5 2 20 19
5 2 6 62
3 2 21 87
1 2 21 16
1 2 11 80
2 2 14 30
3 2 11 59
7 2 26 33
6 2 22 11
4 3 23 87
2 2 17 80
3 2 11 36
4 3 20 44
7 2 28 19
5 3 21 13
1 2 4 9
1 2 14 36
3 2 37 4
2 4 15 40
7 2 8 51
7 2 20 11
1 3 19 67
3 2 17 49
4 2 26 78
3 2 1 82
4 2 9 10
7 5 9 40
4 3 7 67
4 2 42 59
7 2 8 12
3 2 16 11
3 4 22 53
7 3 13 18
6 2 9 30
6 2 20 53
2 4 25 69
4 4 29 51
2 2 12 86
4 2 15 49
7 2 26 43
4 2 11 66
5 3 26 78
8 3 15 42
7 2 31 84
1 6 6 36
8 2 4 42
6 2 17 86
2 2 3 85
3 2 15 87
7 2 7 67
8 2 10 25
1 3 21 76
5 2 25 89
3 2 3 46
1 2 26 56
6 2 22 54
6 2 7 86
2 2 10 40
4 2 36 58
5 2 13 17
7 2 14 46
1 2 13 18
3 2 9 29
1 2 23 3
5 2 28 30
2 2 24 54
3 2 14 6
6 3 7 49
1 4 24 23
6 2 11 23
8 2 15 20
7 4 19 48
1 2 31 2
8 2 11 21
1 2 26 75
2 2 15 43
3 2 22 13
4 3 13 12
2 2 20 30
3 2 16 53
4 2 3 19
6 2 2 84
5 2 5 5
6 2 22 80
7 2 20 83
4 3 15 81
7 2 11 83
4 2 1 42
3 2 2 85
2 2 11 59
6 2 12 61
7 4 31 51
8 2 31 23
4 2 24 10
4 2 9 73
2 2 7 37
6 2 17 79
2 3 18 51
5 2 12 6
2 2 17 84
8 2 16 79
2 2 15 39
5 4 21 25
7 2 5 24
7 2 9 67
1 2 13 13
6 2 29 32
4 3 27 47
6 2 4 22
8 3 4 67
8 3 24 52
1 3 29 82
8 4 27 52
7 2 14 43
6 3 29 10
3 2 8 23
6 3 12 15
7 2 20 33
3 2 10 51
4 2 17 32
4 4 25 36
7 2 13 20
2 3 9 29
8 5 24 55
8 5 23 69
4 2 6 2
1 2 7 82
5 2 23 46
3 3 15 65
5 4 27 35
3 2 1 67
3 2 15 28
8 2 16 57
4 2 10 84
1 2 19 28
7 2 21 88
7 2 4 9
3 2 24 8
6 3 22 63
2 3 12 17
4 2 20 71
4 2 8 8
2 2 27 34
7 3 5 76
3 5 15 47
4 2 31 45
2 2 8 58
4 2 22 76
5 2 13 9
3 3 32 75
8 2 4 45
5 2 10 73
1 3 23 71
4 2 7 39
3 2 35 10
2 2 30 49
6 2 29 80
6 2 4 84
4 3 14 8
5 2 7 37
2 3 3 85
5 2 22 17
7 2 16 46
1 2 15 3
2 2 29 21
1 2 20 70
1 2 4 47
4 2 9 41
3 3 18 25
8 4 15 2
4 2 6 85
7 3 7 69
5 2 16 32
5 2 21 84
3 4 20 68
1 3 23 62
5 2 15 28
1 2 12 64
1 2 14 69
3 3 7 78
3 2 23 59
1 2 19 10
2 2 15 1
7 2 18 31
1 2 17 31
5 3 7 80
1 4 18 12
5 2 7 46
1 2 19 48
1 2 15 64
3 3 5 37
6 2 15 47
5 2 20 52
8 3 6 77
4 2 17 28
8 3 23 88
7 2 3 50
1 2 9 47
5 4 8 50
5 2 6 26
1 2 12 80
3 2 25 71
6 2 3 10
5 2 16 60
4 2 9 16
4 3 3 84
7 3 18 64
2 4 18 26
2 2 19 25
6 2 28 90
4 2 23 63
7 3 14 79
6 2 8 86
7 2 7 79
6 2 25 89
8 2 17 69
8 2 12 10
7 2 10 52
4 3 3 45
1 2 23 49
1 2 25 46
5 2 1 15
2 2 13 2
7 2 23 48
1 2 27 49
3 2 22 2
4 3 30 59
4 2 26 30
7 2 3 13
1 2 11 62
5 4 28 20
2 2 10 64
7 2 2 85
4 2 12 47
5 2 24 2
8 3 9 30
6 2 9 28
1 2 5 25
1 2 20 54
5 3 30 10
3 2 5 15
1 2 11 21
7 2 23 53
5 2 17 64
7 2 8 30
6 3 18 78
7 3 8 66
7 4 16 77
6 2 34 6
3 2 21 19
8 4 9 80
7 2 23 30
1 3 11 51
4 2 4 22
2 2 8 69
1 2 20 60
5 2 23 12
5 2 21 63
6 4 26 83
4 2 5 69
6 3 7 7
3 2 8 14
4 2 12 74
7 2 8 48
3 2 1 20
5 2 26 6
6 2 10 8
1 3 16 61
3 3 7 46
8 2 24 24
4 2 17 85
6 2 17 46
8 4 10 49
1 2 24 53
6 2 2 78
5 3 19 56
4 2 4 9
6 2 6 12
2 3 19 83
5 2 21 23
2 2 16 78
7 3 29 58
1 2 17 73
4 2 10 51
4 2 7 82
2 2 13 64
4 3 11 18
4 2 19 64
1 3 25 58
1 2 21 9
3 2 9 14
5 2 15 42
2 2 3 82
2 2 4 79
1 4 3 64
6 2 19 71
5 2 16 9
6 3 17 24
3 2 25 3
7 2 1 80
1 2 20 52
6 2 20 85
1 2 23 82
2 3 13 80
1 2 10 78
3 2 10 14
2 2 15 56
3 3 10 20
7 2 3 82
2 2 19 54
7 2 11 36
8 4 21 61
3 3 22 18
7 2 23 55
2 2 23 56
1 2 12 68
5 5 7 78
8 5 16 85
5 2 9 80
8 5 20 50
6 3 5 78
4 2 25 59
3 2 21 81
6 2 17 7
2 3 5 24
2 2 8 41
6 2 6 74
7 2 14 32
6 3 15 57
8 2 30 76
5 2 5 44
3 3 4 21
1 2 14 11
4 2 24 61
5 3 18 7
8 2 26 34
1 2 10 2
5 2 17 70
4 2 29 10
7 2 12 11
2 2 9 83
6 2 14 62
8 2 16 34
3 3 24 33
4 6 12 63
1 2 28 3
5 4 2 84
1 3 20 20
8 3 18 29
4 3 9 18
6 2 3 18
1 2 18 18
1 3 4 43
6 2 12 73
6 2 7 18
6 2 16 20
5 2 22 24
8 2 19 21
2 2 13 40
4 3 14 77
2 2 17 74
4 2 18 75
3 2 15 24
2 2 17 9
3 3 6 29
7 2 8 43
3 2 8 9
8 2 10 85
7 3 16 7
7 2 6 43
3 2 12 73
2 2 22 88
7 2 12 74
7 2 29 56
6 2 13 28
8 3 26 5
5 2 5 85
5 2 5 74
4 2 26 5
4 3 29 56
7 2 2 11
2 2 29 23
5 2 20 28
4 2 1 15
6 2 6 16
2 2 14 8
7 2 27 22
2 2 26 22
7 2 16 60
3 2 5 5
4 2 5 22
7 3 13 68
3 2 6 76
2 2 9 32
3 3 22 89
6 2 10 56
2 2 21 44
8 2 4 23
8 2 15 69
4 2 15 10
7 3 20 56
2 3 5 39
5 2 3 21
6 2 16 73
4 2 17 57
2 3 1 18
3 2 5 81
2 2 14 26
1 2 9 10
3 5 16 6
3 2 16 30
1 2 7 20
6 2 9 66
6 2 10 74
1 3 10 24
6 2 20 32
3 2 26 10
2 3 5 63
6 2 1 80
2 2 16 33
6 2 8 44
3 2 20 54
6 4 7 83
2 3 17 88
8 3 8 63
7 2 21 61
8 2 7 15
5 2 30 58
1 4 1 86
7 2 6 75
3 2 11 28
1 2 23 32
6 2 6 62
8 2 21 53
1 2 16 87
3 2 10 85
7 2 20 34
5 2 18 51
6 2 13 10
8 2 13 47
2 2 9 67
4 2 24 22
7 2 12 26
1 2 5 30
1 2 20 31
5 4 11 77
4 2 5 76
5 3 8 42
5 2 30 5
6 3 19 44
7 2 3 78
6 2 5 81
5 2 7 47
7 2 22 76
7 2 4 43
1 2 11 14
7 2 6 23
8 2 16 57
7 2 12 35
8 2 15 31
7 3 9 9
6 2 20 48
4 2 17 89
8 2 3 38
4 3 8 39
6 2 20 22
8 2 21 6
5 3 17 26
3 2 12 3
4 2 8 88
2 2 13 47
1 3 6 13
8 2 16 83
2 3 17 48
6 2 10 81
6 2 1 85
6 2 14 6
2 2 20 70
2 2 21 49
4 2 11 83
4 2 10 11
3 2 14 48
8 2 19 2
8 2 14 42
4 3 3 79
2 2 17 50
1 4 14 28
5 2 20 54
3 2 2 79
7 2 9 13
4 2 17 6
4 2 10 3
5 3 12 58
8 3 26 58
4 2 18 45
7 2 15 52
2 2 5 43
7 2 1 19
3 2 17 21
2 2 18 22
7 2 11 8
3 6 24 58
5 3 11 28
4 2 9 22
1 2 21 11
3 3 6 41
1 2 5 23
1 2 11 88
3 2 5 23
6 2 11 89
8 2 26 56
3 3 8 81
2 2 9 11
6 2 8 63
4 3 15 35
1 2 15 3
2 2 6 2
2 2 10 80
8 2 6 85
5 2 14 49
3 2 7 18
1 2 13 35
4 2 7 49
8 2 1 13
8 2 8 82
2 2 13 28
5 2 19 71
3 2 5 79
6 2 4 29
1 3 4 76
3 2 5 84
6 2 15 50
4 2 5 79
5 2 9 25
4 2 17 72
5 2 3 66
3 2 3 42
7 2 15 57
7 3 12 77
6 2 23 58
4 2 13 45
2 2 2 15
8 2 9 32
8 2 13 10
2 3 2 78
4 2 14 11
2 2 14 59
6 2 15 3
1 2 18 17
7 2 14 68
6 2 21 59
3 2 10 43
8 2 3 79
5 2 16 6
7 2 13 19
7 2 14 12
6 2 8 11
7 2 1 15
6 2 3 25
2 2 17 24
4 2 11 30
8 3 10 10
4 3 12 18
5 2 13 57
3 2 17 32
1 2 6 29
2 2 10 69
2 2 12 35
6 2 9 41
7 4 5 30
2 2 1 88
1 2 5 85
5 2 7 66
6 2 5 39
7 2 7 81
7 3 17 22
6 2 7 58
3 2 14 82
4 2 15 16
1 2 13 46
2 3 11 28
2 2 15 32
4 2 20 46
2 2 6 25
6 3 11 30
2 2 11 30
4 3 7 23
5 2 12 44
4 2 15 6
7 2 15 17
4 2 7 63
4 2 13 11
1 3 9 37
2 2 11 57
3 2 8 63
8 2 8 64
2 3 22 57
8 2 7 40
8 2 7 86
6 2 26 88
8 2 6 46
8 2 8 12
6 2 8 39
1 2 7 86
6 2 3 49
8 4 3 51
1 2 1 21
8 3 8 82
5 2 9 38
5 2 6 17
1 2 10 47
2 2 6 67
4 2 15 21
5 2 8 12
3 2 9 11
4 2 12 81
7 2 9 62
6 2 5 88
7 2 7 51
7 2 24 4
5 2 3 29
6 3 17 2
1 2 19 56
3 2 1 17
2 2 4 49
7 3 15 75
1 2 15 22
5 2 8 87
6 2 21 57
2 2 9 89
8 2 14 10
8 2 6 52
3 2 4 67
2 2 10 43
8 2 9 49
7 2 6 43
5 2 22 59
6 2 19 36
5 3 12 90
7 2 14 3
5 2 13 83
4 2 21 3
5 2 17 47
3 2 5 17
4 2 8 53
6 2 8 15
7 2 12 88
1 2 3 84
8 2 13 48
2 2 19 3
2 2 11 80
3 2 6 87
7 4 4 49
8 2 2 84
4 2 8 50
1 2 3 21
6 3 15 34
3 2 21 56
1 2 12 36
7 2 19 7
2 2 14 3
4 2 22 53
8 2 9 12
2 2 20 54
5 2 16 53
3 2 16 89
3 2 7 49
1 2 7 12
3 2 17 27
7 2 21 61
6 2 8 65
6 3 3 21
6 2 7 52
5 2 6 22
5 3 7 53
2 2 9 58
3 2 5 69
8 2 19 74
6 2 15 54
3 2 21 4
5 2 11 50
1 2 3 43
7 2 12 12
6 2 11 58
5 2 6 64
3 2 17 57
4 4 11 88
8 2 10 58
3 2 13 47
2 2 3 43
5 2 9 49
3 2 11 75
6 4 19 55
8 3 13 4
7 2 11 58
5 3 17 59
5 2 10 31
6 2 20 75
5 2 3 50
7 2 5 39
1 2 20 5
2 2 3 84
5 3 9 62
2 3 1 22
3 2 7 84
1 2 13 9
2 3 11 10
4 2 17 54
3 2 16 45
5 2 12 53
3 2 11 82
4 2 11 51
1 2 2 49
8 2 15 32
2 2 15 57
5 2 7 25
7 2 13 3
7 2 3 82
2 2 7 50
1 2 13 60
2 2 3 52
6 3 7 11
3 2 4 53
8 3 6 63
2 2 5 41
4 2 4 43
1 2 11 44
5 2 9 24
1 2 13 54
3 3 12 12
6 2 14 53
7 2 24 4
8 3 13 54
8 2 2 52
5 2 12 60
5 3 16 56
7 2 9 10
1 2 10 81
6 2 6 30
6 2 12 2
1 2 8 9
6 2 3 53
6 2 3 50
3 2 6 52
6 2 12 60
8 2 6 48
8 2 12 89
5 2 12 18
2 2 9 9
2 2 16 61
8 2 2 29
4 2 7 45
5 2 19 56
5 5 7 10
3 2 7 9
4 2 6 58
8 2 22 4
8 2 6 4
8 2 7 44
3 2 10 48
1 2 9 22
4 2 2 29
4 2 4 53
4 2 9 11
1 2 11 57
4 2 6 44
1 2 4 51
8 2 9 87
7 2 7 65
1 2 8 21
4 3 12 4
7 2 16 55
4 2 10 24
2 2 6 53
5 2 11 3
3 2 6 49
6 2 6 64
1 2 7 87
7 2 11 90
3 2 3 43
3 2 11 37
4 2 13 35
6 2 17 75
3 2 8 53
5 2 13 5
3 2 5 65
2 2 14 32
5 3 10 57
3 2 8 87
5 2 2 84
6 3 6 48
6 2 1 21
5 2 8 86
8 2 10 45
7 3 4 83
6 2 11 31
2 3 20 4
2 2 11 12
3 2 12 4
2 3 8 87
5 2 6 47
7 2 6 21
3 2 8 76
6 2 16 35
3 2 15 37
6 2 9 24
1 2 9 59
1 2 7 54
1 2 16 35
4 2 4 50
2 2 14 4
7 2 7 30
7 2 12 45
8 2 13 45
7 2 7 88
6 2 11 37
1 2 11 75
4 3 17 74
7 2 12 37
2 2 6 84
7 3 7 82
6 3 16 5
2 2 2 21
6 2 9 58
6 2 11 76
6 2 4 42
8 2 7 26
3 2 15 88
7 2 11 58
7 3 5 58
1 2 13 5
1 2 8 58
2 2 3 22
2 2 3 30
5 2 2 22
8 2 15 88
1 2 6 52
8 2 6 24
7 2 15 59
5 2 8 75
8 2 9 26
8 2 7 58
1 2 12 76
7 2 3 23
8 2 2 20
3 2 15 60
7 2 13 4
6 2 3 22
5 2 12 4
1 2 3 24
7 2 8 57
5 2 11 77
6 2 5 25
5 2 8 27
5 2 9 75
6 2 3 31
1 2 4 25
3 2 1 22
8 2 7 31
2 2 12 20
7 3 11 20
7 2 13 46
2 2 5 26
1 2 5 24
7 2 4 24
3 2 4 26
3 2 12 46
3 2 6 30
4 2 4 25
2 2 11 20
6 2 15 5
8 2 4 20
3 2 13 4
8 2 4 27
2 2 3 26
7 2 6 27
