11703
3404
2 5 40 10
5 3 53 75
5 5 15 9
3 2 3 4
7 2 96 35
2 4 91 94
7 2 33 90
6 2 11 98
4 3 19 8
6 2 28 16
2 3 10 43
6 3 39 68
8 2 75 93
8 5 89 31
2 2 18 72
1 2 48 95
8 2 47 96
6 3 89 21
3 2 55 48
5 3 95 1
5 3 30 52
5 2 98 64
7 7 76 34
1 2 74 19
5 7 23 2
6 2 38 99
4 4 31 91
6 3 27 69
7 3 68 17
7 2 33 1
3 3 72 93
1 2 84 21
5 2 91 24
4 3 76 61
3 2 61 19
7 3 89 26
2 2 20 70
7 6 89 55
7 4 8 93
7 5 84 67
2 2 16 31
1 2 33 76
2 2 85 100
7 2 84 4
2 3 39 30
5 3 25 43
4 3 93 56
8 4 49 61
7 5 16 70
4 2 6 90
7 2 65 26
8 3 41 86
5 2 63 48
6 4 4 83
7 3 57 90
1 2 93 74
2 5 11 32
1 2 88 39
1 2 10 59
2 2 71 70
2 5 24 46
6 2 24 25
1 4 40 25
4 6 68 8
3 2 50 84
8 2 61 26
1 2 85 13
1 3 49 75
3 3 92 40
3 2 54 65
6 2 98 85
8 2 23 3
1 3 63 4
6 6 32 44
4 3 41 6
1 2 86 18
7 2 11 81
3 3 45 87
4 2 53 6
7 2 42 59
4 2 16 91
6 3 26 84
4 2 78 22
1 2 14 57
5 2 11 30
2 2 37 83
4 2 89 90
1 2 70 53
4 2 16 33
4 3 31 62
4 4 8 33
1 2 1 89
8 4 5 82
8 2 92 85
4 5 27 23
5 3 47 62
6 3 21 87
2 4 8 66
1 3 3 71
4 2 1 23
5 2 76 45
2 2 53 92
5 4 71 58
1 3 24 59
6 3 73 68
2 2 10 26
5 2 97 41
5 7 13 48
2 4 4 1
7 7 83 91
6 2 9 71
7 2 21 54
1 2 17 49
6 3 86 72
4 2 23 94
8 2 6 9
3 2 88 89
2 5 75 29
4 2 84 93
6 4 21 76
8 4 15 92
4 2 91 24
6 3 40 63
1 2 19 27
6 9 14 87
3 2 71 2
4 6 6 73
6 5 8 76
2 2 52 56
1 7 80 86
7 2 9 98
8 2 21 8
7 3 74 25
4 2 29 83
1 6 3 56
2 4 38 59
3 3 73 46
5 4 64 14
5 3 1 11
2 4 16 44
2 3 39 84
4 3 81 2
1 2 24 85
7 2 24 22
1 2 13 43
6 4 15 57
8 3 70 100
7 5 39 12
2 2 58 58
4 3 37 79
7 2 77 17
2 2 50 38
2 3 23 27
1 4 90 92
6 5 72 59
5 5 93 96
6 3 32 35
8 2 72 35
4 2 40 41
3 5 41 40
6 6 37 37
3 3 34 70
7 2 74 28
2 2 4 16
4 2 13 92
2 3 26 60
1 2 79 90
4 7 23 62
6 2 21 12
3 2 29 8
5 2 71 28
4 6 16 14
7 2 74 90
7 2 2 37
1 2 25 14
1 4 33 55
2 3 18 21
3 2 73 55
5 2 82 15
8 3 38 16
2 2 12 43
6 2 89 39
1 6 31 72
6 2 80 81
5 3 71 55
4 2 43 94
7 4 84 35
6 2 72 27
5 2 57 48
8 2 43 82
7 2 16 56
3 2 35 98
1 3 83 22
7 3 32 79
8 4 76 89
2 3 44 62
6 2 23 53
5 2 83 15
6 4 75 54
3 5 70 99
7 2 2 94
6 2 56 84
4 5 45 61
2 6 39 81
8 2 63 54
3 4 60 58
5 2 88 17
1 4 12 90
3 5 89 26
8 2 23 11
6 2 76 55
2 2 87 28
1 4 5 69
8 3 49 87
6 2 18 32
1 7 48 14
5 2 43 55
8 2 19 13
3 2 3 88
8 2 62 73
4 2 85 50
4 3 21 77
2 2 83 22
3 3 55 34
7 3 56 1
1 2 90 30
2 2 60 6
3 2 82 63
5 3 38 20
6 2 64 98
3 2 4 61
1 4 41 72
2 3 24 50
1 2 25 53
4 3 77 89
1 2 88 20
4 2 40 72
1 2 82 11
8 2 15 15
4 3 86 7
6 4 22 98
4 3 88 93
5 2 93 31
7 4 43 6
3 2 59 50
1 4 68 35
2 4 59 4
6 5 47 44
7 2 32 90
7 3 84 93
8 2 1 78
7 2 68 76
1 2 31 5
6 2 33 34
7 2 1 88
6 3 30 82
5 2 49 95
6 6 57 64
4 2 22 70
8 3 47 76
6 3 47 59
2 2 57 73
4 2 33 71
2 2 13 39
1 2 74 60
2 2 64 88
6 2 53 84
5 2 87 57
8 2 58 60
4 2 79 52
6 3 66 20
8 2 53 88
5 3 88 25
2 4 29 50
3 3 40 56
7 2 84 57
7 2 76 2
3 2 11 56
5 2 27 15
4 4 82 81
5 4 62 71
5 2 33 50
7 3 63 82
2 2 26 40
4 2 39 14
8 2 52 8
6 3 19 53
7 2 55 35
1 3 15 94
5 2 82 59
2 5 46 97
3 3 66 46
6 3 46 67
7 3 31 38
7 4 38 19
6 2 12 49
1 2 65 2
1 3 54 48
5 2 20 26
4 2 50 89
5 2 40 77
1 2 74 84
8 2 40 89
3 2 49 89
3 3 43 13
8 2 8 43
4 3 35 34
4 2 31 91
1 2 46 51
6 3 18 94
2 3 43 89
4 4 10 11
1 6 37 90
6 4 87 8
6 2 25 12
6 2 24 57
8 2 12 27
8 2 9 39
8 2 20 95
8 2 90 29
7 2 36 25
6 3 20 25
1 3 55 79
6 2 32 69
6 2 66 9
7 2 74 67
3 2 28 59
5 2 49 52
6 2 82 65
3 6 12 82
4 2 48 47
2 3 52 15
2 4 13 28
8 2 29 29
6 2 18 70
7 2 59 34
4 3 47 24
1 2 36 39
6 4 29 19
3 2 25 30
4 2 64 65
2 3 13 81
5 5 10 74
7 2 20 50
6 2 31 51
7 2 33 99
2 4 80 74
3 5 59 72
6 3 3 15
2 4 29 77
7 3 29 57
7 3 9 15
1 4 5 75
6 3 54 71
1 2 83 28
1 3 38 79
7 2 9 63
6 2 16 13
4 3 55 83
1 2 44 19
2 2 70 35
1 2 58 35
8 2 74 21
6 5 52 56
7 2 44 36
7 3 34 86
5 2 56 96
5 2 48 10
3 3 22 35
1 3 43 73
5 3 7 90
8 2 53 54
6 2 68 95
8 2 31 19
3 3 70 8
8 3 26 78
4 4 81 32
3 5 25 81
3 2 49 96
8 4 79 85
8 2 5 61
7 3 38 12
3 2 79 35
7 3 62 25
8 3 15 63
4 3 6 6
8 3 17 41
3 2 1 27
5 2 36 99
8 2 35 44
7 2 75 60
2 2 72 43
2 4 50 55
7 3 33 22
3 6 27 50
5 2 53 26
3 2 24 54
1 2 7 90
6 4 82 48
3 2 25 50
7 2 87 65
2 2 21 60
7 2 57 100
3 2 62 33
5 2 33 27
4 3 33 19
4 2 77 12
4 3 28 69
5 2 7 31
3 2 50 44
7 3 17 34
2 3 6 88
5 2 42 25
7 2 15 51
2 2 71 52
6 8 27 7
7 3 44 95
1 4 29 12
3 2 28 32
3 2 90 67
4 2 11 43
6 10 85 80
2 2 86 5
1 2 63 65
5 2 33 62
6 2 89 47
4 2 19 69
4 3 60 17
1 2 84 99
1 2 70 75
2 2 50 89
1 2 43 59
1 2 46 13
4 2 25 14
3 2 15 57
6 2 79 93
4 3 34 84
4 3 76 85
6 2 68 73
2 4 80 47
3 2 53 5
3 2 53 85
4 3 77 6
2 3 86 45
8 2 37 48
3 3 87 28
6 2 46 90
4 2 3 46
6 2 70 14
3 2 6 7
2 4 79 54
3 2 7 48
3 4 3 2
5 2 21 47
5 2 5 38
4 2 16 1
2 2 35 90
5 2 22 56
2 2 19 100
4 2 72 76
5 4 2 89
4 3 56 31
8 2 43 9
6 2 62 3
5 2 23 1
8 2 17 77
3 2 87 69
3 5 51 2
7 6 5 7
4 5 67 42
5 2 22 45
3 2 16 12
1 2 71 95
3 2 8 56
8 3 37 79
3 2 27 2
8 3 31 66
3 2 45 21
3 2 43 1
4 3 16 21
8 5 76 73
3 3 59 47
1 2 75 17
1 3 9 56
7 6 4 20
2 2 11 87
3 3 85 81
6 3 30 11
3 4 43 4
3 4 15 41
4 2 6 28
6 2 8 97
5 2 68 24
3 4 40 26
7 4 55 99
6 2 72 54
2 3 26 74
8 4 34 14
5 4 19 49
6 2 56 26
6 3 37 30
3 4 25 19
3 2 4 69
4 2 60 100
8 3 73 4
7 4 38 92
3 2 18 84
1 3 51 83
1 3 14 15
5 4 15 11
6 5 2 86
4 5 53 50
5 3 72 37
6 3 74 59
1 3 15 69
7 3 17 70
4 5 16 28
8 2 76 16
5 3 40 8
1 3 50 50
7 2 58 100
6 3 5 19
8 2 5 48
3 4 79 31
2 2 55 25
3 2 9 23
3 2 33 66
2 3 41 64
8 3 70 30
8 7 43 89
7 2 84 29
1 3 65 54
6 5 63 99
6 2 17 8
4 4 52 19
5 3 1 98
7 2 32 61
8 2 40 33
7 3 67 62
5 2 22 61
4 3 21 1
4 2 42 98
7 4 21 82
8 3 4 76
6 2 57 68
3 2 20 89
4 3 14 30
5 2 6 95
4 2 79 48
8 2 5 36
1 2 43 38
5 4 25 49
3 3 24 95
6 2 4 22
4 2 30 47
2 2 15 28
1 3 10 87
2 2 35 61
3 2 36 96
7 2 48 49
1 2 20 43
3 2 44 70
6 2 52 83
7 2 12 31
8 3 30 45
1 2 28 81
3 2 57 60
4 2 69 45
5 2 56 58
7 2 20 61
6 3 78 86
7 2 43 24
4 3 69 93
2 2 24 37
7 2 65 6
4 2 33 8
5 2 1 41
5 2 80 38
5 3 80 66
7 2 65 22
2 3 82 78
2 2 41 8
1 2 79 56
7 2 62 45
2 2 34 10
6 5 47 76
1 3 36 11
5 2 58 29
8 2 10 56
7 2 68 9
4 3 40 19
7 2 65 81
8 3 39 86
8 7 73 91
2 2 30 51
2 3 25 14
2 4 42 95
7 2 65 95
5 2 20 96
7 2 6 27
6 6 54 30
1 2 79 34
8 3 46 72
7 2 14 47
8 2 47 91
6 4 17 63
5 4 48 87
3 4 56 79
5 2 77 86
5 2 26 65
5 2 87 78
8 4 51 86
8 2 24 83
2 3 68 69
6 2 6 50
7 2 23 27
4 3 26 86
5 5 82 45
8 3 28 39
7 2 44 41
6 2 13 19
7 2 66 14
7 4 37 17
1 2 9 15
1 2 37 29
4 12 74 35
1 2 5 8
6 2 18 98
5 3 30 45
5 2 73 26
1 2 7 56
1 2 54 100
1 4 47 89
3 2 52 32
6 3 26 59
1 2 40 37
6 3 11 44
3 2 52 78
4 3 22 43
2 2 39 76
1 2 50 65
4 6 14 64
3 2 65 12
1 2 65 72
8 4 71 15
6 2 50 90
1 2 85 78
6 2 69 62
3 3 36 64
8 2 3 2
5 2 64 56
5 2 60 65
8 2 23 69
6 2 59 18
6 2 64 3
3 2 38 43
6 2 48 57
4 3 72 34
2 4 46 73
7 2 76 2
1 2 69 31
2 2 11 27
4 2 48 14
7 2 11 29
5 2 77 22
3 5 68 84
5 5 30 74
1 2 72 44
8 2 61 54
4 2 23 32
6 3 31 91
4 3 67 70
6 2 45 61
3 3 54 25
5 4 15 33
1 2 19 14
4 4 78 95
2 2 77 57
6 2 89 23
1 2 16 20
2 2 41 57
2 2 34 56
8 2 53 9
6 2 20 61
3 3 38 33
7 3 67 64
8 2 47 43
6 3 74 58
5 2 67 54
2 3 4 69
8 2 82 17
8 2 8 49
2 2 76 7
1 5 31 78
4 2 40 45
5 2 38 42
6 5 33 38
5 2 34 65
2 2 59 5
4 2 11 100
6 2 39 7
6 2 38 32
4 3 70 10
8 3 6 57
3 2 55 33
7 4 16 45
2 2 48 44
2 2 40 27
7 3 19 55
3 2 48 67
7 2 4 73
3 2 56 90
1 7 48 58
1 2 19 71
8 3 51 48
1 2 64 26
8 4 76 2
3 2 25 29
8 3 12 31
8 3 44 57
5 2 65 98
6 2 41 52
4 2 67 21
8 2 25 66
4 10 4 93
4 3 15 96
6 2 34 96
3 3 29 11
3 4 70 85
2 2 45 87
4 2 21 92
6 2 77 38
6 2 18 85
8 2 60 79
1 4 24 73
6 2 45 48
6 3 51 10
1 2 64 78
2 2 48 77
5 2 66 21
7 3 25 6
7 3 56 62
5 3 60 46
3 2 70 77
5 2 51 89
3 2 4 54
2 4 39 5
6 2 8 92
8 2 32 92
5 2 51 16
1 2 57 59
5 2 15 64
8 2 26 85
3 2 73 97
3 2 41 99
4 6 6 38
6 5 17 72
5 2 41 64
1 2 18 4
5 2 60 54
8 3 11 44
7 3 34 19
8 3 31 7
1 2 23 71
4 2 39 72
6 6 35 48
4 3 43 42
7 2 27 48
8 2 77 69
6 3 75 50
2 2 44 71
1 4 40 41
4 3 52 93
6 2 1 75
5 2 24 98
2 2 7 3
4 2 34 54
5 3 39 87
2 3 57 11
3 4 49 4
8 2 24 57
6 2 3 69
5 2 23 32
4 2 24 79
4 2 75 45
3 5 70 42
1 3 67 81
2 3 23 63
2 3 28 5
2 3 63 51
1 2 44 77
1 2 7 73
6 5 17 95
3 2 47 15
7 4 34 73
1 2 52 38
7 4 45 5
5 2 58 19
4 2 12 22
2 2 39 58
4 2 75 6
1 2 9 70
3 2 21 96
1 3 56 62
3 2 18 25
5 2 26 76
6 3 25 93
3 3 75 67
1 3 47 74
1 4 45 63
8 2 18 75
8 4 13 34
3 2 18 42
4 3 68 61
6 2 28 46
3 3 10 35
2 2 18 39
7 2 64 37
4 3 23 97
6 2 69 82
8 3 75 43
1 3 67 31
8 2 23 35
5 2 50 72
4 2 35 39
1 2 68 75
5 2 63 50
4 2 71 97
6 4 36 76
5 3 29 51
5 2 4 73
5 2 17 64
5 2 32 7
3 2 28 94
5 2 15 3
4 3 48 47
4 3 9 92
2 2 74 2
2 2 40 43
5 3 13 76
8 4 58 96
5 2 78 36
8 2 35 9
1 2 22 66
4 6 50 36
4 2 42 93
4 2 9 86
4 7 23 66
2 3 69 97
1 2 19 23
5 2 61 100
6 2 63 22
3 4 32 85
8 2 55 67
3 2 51 88
3 3 11 14
6 2 59 94
5 3 4 43
4 4 67 98
6 2 27 27
5 2 17 18
8 2 58 70
5 2 68 74
7 5 51 83
2 2 32 77
7 3 15 27
7 2 17 84
3 2 58 90
1 3 39 28
3 3 2 15
5 2 1 94
2 4 15 62
7 2 17 13
1 2 64 37
5 3 59 16
2 2 3 34
8 2 20 68
2 3 14 17
8 2 28 24
6 2 49 40
4 2 62 73
2 2 34 47
3 3 38 81
8 3 32 10
6 2 47 37
7 2 34 1
3 4 15 41
5 3 68 22
7 5 43 76
6 5 41 38
3 3 31 57
3 6 42 40
2 3 49 44
1 3 58 23
8 2 70 24
1 2 62 42
4 3 39 69
8 4 70 7
2 3 60 19
1 2 1 77
1 2 50 79
3 3 65 15
6 2 51 85
7 4 3 22
3 2 60 39
1 2 38 88
8 4 1 83
7 2 37 93
5 2 29 65
7 2 38 49
7 2 79 37
7 5 21 21
2 2 81 65
8 7 5 66
8 3 20 96
3 2 29 73
2 3 49 10
1 2 30 42
1 2 22 97
4 3 75 10
4 3 64 25
1 2 19 39
2 3 74 40
3 4 37 55
3 2 41 73
8 2 54 90
5 5 56 88
6 2 15 100
6 2 47 93
4 3 59 25
5 3 36 52
8 2 41 54
5 2 47 19
5 3 30 16
3 4 11 34
1 2 65 48
5 2 11 57
4 3 62 39
6 2 41 51
3 3 7 32
8 4 3 71
4 2 72 60
2 2 44 81
8 4 25 33
8 2 11 39
5 4 40 41
8 6 66 21
5 3 26 39
4 2 59 20
5 3 13 84
3 2 72 99
1 3 21 20
4 2 18 7
1 2 52 86
7 2 5 50
6 3 31 88
1 2 24 97
7 2 36 1
4 2 32 88
7 3 40 26
6 2 56 38
2 2 69 41
5 3 51 9
2 5 39 53
7 3 37 57
7 2 53 28
1 2 39 45
8 4 44 30
3 2 3 72
5 2 20 56
4 2 8 69
7 3 6 42
2 2 20 25
7 3 22 8
6 5 56 40
1 2 8 81
2 2 41 26
7 2 39 40
7 2 36 44
8 4 13 19
4 2 56 95
3 2 75 11
4 3 27 38
2 3 12 6
3 6 35 93
4 2 1 77
6 2 28 87
2 2 1 86
4 2 34 17
2 3 24 67
7 2 62 87
2 4 45 87
2 3 34 7
7 2 33 39
2 2 36 63
7 5 46 81
7 3 21 56
3 7 19 59
1 2 33 5
3 4 18 40
8 3 67 29
8 3 68 47
3 2 19 78
2 2 5 35
1 2 37 55
1 3 18 96
6 4 1 78
2 2 11 22
5 2 65 78
3 5 59 95
8 3 23 6
7 2 7 67
8 5 2 21
5 2 54 81
6 2 44 45
5 6 22 96
2 2 16 78
2 2 31 92
5 2 19 54
6 2 22 77
2 2 77 52
2 3 16 42
2 2 39 25
7 3 15 58
4 2 21 7
7 2 13 62
3 2 66 30
7 2 23 92
6 2 43 54
5 2 31 15
2 2 23 39
5 2 27 74
4 3 34 12
8 3 49 87
3 3 24 15
1 2 23 59
5 2 75 10
6 2 22 55
3 2 65 32
7 2 3 83
5 3 77 5
8 2 56 55
5 3 64 70
1 3 63 83
4 2 48 57
2 4 29 16
7 2 11 83
6 2 40 100
4 3 53 85
5 2 32 79
3 2 34 98
6 2 56 90
5 4 5 18
6 4 26 36
3 2 43 60
2 2 63 12
6 2 54 66
5 2 5 15
4 2 18 44
6 3 15 3
6 2 56 6
5 2 12 13
2 3 25 98
7 2 43 22
2 3 18 95
5 2 49 30
5 3 60 69
3 2 10 64
7 2 11 57
4 4 61 48
8 2 68 79
3 4 11 57
8 2 40 97
4 2 47 82
3 3 17 22
7 4 7 58
6 3 63 95
6 2 4 29
7 2 50 84
5 2 20 29
5 4 35 96
3 3 68 45
5 2 16 90
2 2 22 45
8 2 23 47
3 3 21 37
6 2 26 96
7 5 31 67
4 2 15 64
5 3 37 100
6 2 4 74
3 2 23 72
6 2 9 21
3 2 10 40
3 3 12 46
8 2 57 100
2 3 56 93
5 2 51 34
4 2 5 46
6 2 30 97
2 2 41 11
3 3 54 76
6 4 13 91
6 6 16 50
6 3 8 2
4 2 1 50
2 2 39 71
3 4 28 61
4 3 26 55
2 7 10 35
5 3 11 24
7 2 66 23
3 6 24 98
5 3 54 72
5 3 26 11
1 3 33 79
2 2 48 29
2 2 16 58
2 3 34 92
2 2 47 13
7 5 41 41
8 2 54 79
7 2 77 3
4 5 23 4
8 4 44 65
4 2 15 86
4 6 8 57
5 2 26 87
6 4 26 81
2 2 41 92
2 3 63 67
2 3 39 19
6 3 3 56
5 2 24 25
2 2 9 68
6 3 62 23
3 3 7 81
2 2 64 78
6 6 16 35
6 3 21 15
5 3 17 90
3 2 21 56
1 2 44 11
8 2 21 76
8 3 47 64
6 3 70 27
8 2 40 98
4 2 7 43
6 3 32 85
1 2 71 37
5 2 20 63
5 3 26 23
4 3 19 17
7 2 58 29
4 2 56 67
7 3 3 37
5 2 61 23
2 2 34 81
1 2 47 28
4 2 40 100
5 2 29 10
8 2 41 56
5 2 36 35
1 2 58 2
7 2 42 75
7 5 16 39
7 3 28 43
3 2 10 19
5 3 67 18
5 3 57 7
3 2 62 31
3 2 11 75
5 2 34 86
2 2 58 53
1 8 47 53
6 2 5 39
7 2 52 62
8 2 70 9
8 4 16 10
3 2 5 5
2 2 68 29
3 3 20 47
1 2 32 16
4 3 4 59
3 2 52 18
8 2 42 20
8 2 49 31
1 2 6 50
4 3 13 100
7 2 48 43
7 2 1 20
7 3 47 64
7 2 19 6
8 2 18 66
4 3 61 43
8 3 65 27
4 2 34 91
2 2 37 4
2 3 50 55
4 5 47 20
1 2 74 36
8 2 5 50
3 2 28 8
3 3 23 47
8 2 71 23
8 3 42 99
2 3 19 9
6 2 66 11
8 2 5 70
4 2 12 92
2 4 54 86
4 2 55 60
5 4 44 85
7 3 12 44
8 2 30 39
7 2 22 71
2 4 30 88
7 2 40 12
4 2 23 14
4 3 41 62
1 2 10 28
1 2 7 72
2 3 20 22
2 5 7 93
1 2 18 45
1 3 13 81
1 3 36 78
8 2 6 23
4 3 17 100
1 3 5 64
1 2 29 24
8 4 37 57
1 2 29 35
7 3 61 7
6 2 69 79
7 2 67 9
8 2 65 37
6 2 42 89
7 5 36 93
2 2 16 94
4 4 17 70
8 5 58 81
3 2 35 56
1 5 59 65
6 3 4 7
2 3 62 30
2 4 52 77
8 2 58 63
6 2 25 74
4 2 10 29
6 2 1 59
7 2 48 71
5 2 20 67
7 2 17 61
7 2 58 13
4 3 26 67
4 3 51 76
1 2 51 54
5 2 27 94
4 2 32 60
3 2 54 87
2 2 41 96
7 2 11 7
7 3 61 98
3 2 11 63
7 4 12 90
3 4 8 69
7 3 24 15
6 2 37 48
7 3 36 2
6 2 52 63
8 2 7 32
7 2 35 41
1 3 3 48
3 3 10 31
7 3 7 83
8 4 46 75
1 2 29 30
8 2 52 54
7 2 40 16
7 3 61 70
8 2 64 67
1 2 36 7
8 5 48 26
7 2 28 55
2 4 23 4
3 2 37 22
8 2 41 84
2 2 65 21
5 3 44 58
1 2 68 65
4 8 40 53
2 3 45 37
2 2 53 46
4 2 62 32
1 2 40 70
5 3 44 81
1 3 45 21
2 3 49 88
7 2 11 60
5 2 67 24
3 2 15 50
7 2 42 42
1 4 36 4
5 2 36 17
6 3 61 3
5 2 18 11
2 2 5 69
2 3 61 82
6 5 28 92
3 2 54 46
8 2 30 44
6 2 22 86
6 4 13 88
2 2 4 5
2 2 26 15
6 7 32 13
3 2 19 3
1 2 26 86
7 2 8 35
5 2 10 62
3 3 60 6
6 3 46 6
3 3 24 81
4 3 45 45
8 3 42 59
1 3 40 56
3 2 26 43
8 2 49 2
5 4 42 95
1 2 15 73
6 2 32 88
6 2 3 1
4 2 54 76
7 5 29 53
6 2 15 6
6 2 18 17
8 2 48 37
1 2 16 34
6 2 12 76
6 2 33 78
7 3 6 75
5 4 50 36
5 2 29 65
5 2 16 46
6 3 20 61
5 2 31 71
4 2 53 94
4 3 57 99
4 2 55 15
7 3 60 23
3 7 10 11
5 2 17 24
4 3 20 41
8 3 5 69
1 2 10 78
3 3 11 87
7 2 60 43
7 2 31 15
2 2 21 93
6 2 25 14
7 2 25 22
4 2 41 30
1 2 4 36
7 2 57 36
6 2 13 97
4 3 16 59
7 2 55 73
8 2 57 4
7 4 36 46
8 2 61 31
1 3 44 15
6 2 24 59
3 2 36 64
4 3 47 35
3 2 49 26
8 2 18 50
6 2 68 12
8 2 14 26
6 3 45 31
5 2 15 35
8 2 10 92
2 3 18 13
7 2 38 17
2 2 65 27
5 3 8 12
4 3 22 23
7 3 32 71
6 2 49 41
3 3 38 44
6 2 19 10
4 2 40 54
7 2 21 75
7 2 8 94
8 2 31 38
8 2 41 62
7 5 39 85
1 2 45 13
6 2 60 30
7 5 25 61
5 2 22 4
3 4 32 75
8 4 40 92
6 3 17 3
4 3 33 37
4 2 42 62
1 2 13 39
5 2 50 53
5 2 53 47
3 2 41 81
2 3 24 87
5 3 44 99
5 2 56 97
2 2 46 27
1 4 40 50
2 2 52 15
3 3 31 78
5 6 34 76
8 2 13 22
8 2 21 71
2 3 23 74
4 2 27 100
3 2 25 10
1 7 31 6
1 4 8 29
1 3 48 17
8 2 43 24
5 2 39 2
3 2 40 13
8 3 46 33
4 2 25 96
5 2 52 19
4 3 31 82
5 2 43 70
3 3 12 70
2 2 49 49
1 3 40 17
1 2 3 73
5 2 7 61
5 2 5 29
3 2 12 56
3 3 8 26
6 2 17 82
2 2 38 43
6 3 34 6
5 2 46 49
3 2 28 31
3 2 10 39
4 2 47 75
5 3 45 85
6 4 20 45
4 3 60 13
8 2 25 30
2 2 10 58
2 3 12 9
3 2 46 94
2 3 22 45
4 5 17 2
7 2 47 40
6 3 51 9
8 4 20 47
4 2 30 74
3 3 4 83
1 2 53 63
6 2 29 8
4 2 1 47
6 2 44 12
2 2 30 74
1 2 51 16
1 3 13 31
8 2 51 72
5 3 9 72
3 3 23 23
3 7 15 72
7 2 44 53
5 3 7 77
1 2 40 44
4 2 14 25
2 3 55 12
7 4 30 27
8 3 56 21
2 2 52 24
3 2 10 23
1 2 9 84
8 5 33 45
7 5 13 95
3 2 28 74
6 2 2 90
3 3 56 30
7 2 7 11
3 2 54 22
7 2 20 19
4 4 11 62
2 2 18 56
7 2 2 75
1 4 10 55
8 3 31 15
6 5 61 10
3 2 56 79
8 2 42 68
7 3 52 10
2 3 36 86
2 2 31 80
5 2 50 28
4 2 61 36
4 3 39 15
2 2 44 14
4 2 3 35
3 2 21 31
1 4 27 99
2 3 10 71
3 3 40 91
8 3 56 37
1 2 10 18
3 3 24 33
7 2 41 69
5 2 46 51
1 3 52 66
4 3 39 93
4 2 49 90
4 4 18 53
2 2 20 24
7 3 45 19
2 2 10 43
1 2 8 64
7 2 38 13
3 2 42 6
3 2 4 40
1 2 7 98
5 2 37 30
3 2 25 92
3 2 38 36
5 2 21 99
3 2 37 58
8 2 24 51
2 3 28 53
1 4 39 84
5 2 23 80
7 4 37 46
8 2 31 5
1 2 34 28
2 2 21 18
7 3 12 100
6 7 36 19
4 2 7 62
2 2 45 80
7 2 22 53
2 2 4 48
5 3 26 51
4 2 39 69
2 2 23 18
5 3 34 97
8 2 26 74
1 2 59 33
8 2 40 69
3 2 59 52
7 2 8 84
5 3 56 36
7 2 38 2
4 2 23 93
8 2 11 81
3 2 12 6
1 2 26 57
6 5 11 80
8 2 14 12
3 2 2 58
4 3 44 16
3 2 29 53
4 2 39 55
3 4 49 19
7 2 4 97
8 2 31 40
8 2 31 61
4 3 8 83
2 2 28 80
6 2 9 18
2 2 30 21
6 2 12 8
7 2 29 85
2 2 56 13
4 2 52 25
5 4 35 45
6 3 32 94
7 3 37 61
7 3 32 44
8 2 15 92
1 3 20 45
4 3 61 65
5 4 20 43
8 2 56 51
7 2 4 86
4 3 41 88
7 2 27 4
1 2 31 19
4 2 49 47
7 3 57 98
4 4 36 29
7 2 40 73
3 4 54 17
8 2 30 46
7 3 12 76
2 2 26 12
4 2 13 46
1 2 56 98
5 3 6 70
1 2 48 2
7 3 49 67
5 2 46 60
4 4 16 64
5 2 29 28
7 2 46 84
2 4 34 70
5 2 13 26
6 2 4 36
5 2 41 34
8 2 34 13
7 3 25 26
8 2 4 29
3 2 25 56
7 2 27 74
1 2 31 85
3 5 31 4
6 2 12 59
2 2 28 47
2 2 15 72
6 3 37 62
6 3 46 70
4 2 39 81
8 2 34 30
4 6 23 58
4 2 39 64
1 2 15 71
3 5 5 87
1 3 41 21
4 2 10 38
8 9 14 60
6 7 21 68
2 2 11 64
8 2 25 33
8 2 19 7
3 2 39 43
3 5 17 44
2 2 66 83
3 2 12 43
1 2 50 23
5 2 2 6
6 2 34 1
7 2 40 34
5 2 41 31
1 3 36 70
3 3 45 51
2 4 34 66
5 2 26 43
6 2 48 69
3 2 34 31
1 2 11 65
4 4 7 71
4 3 49 13
2 2 45 34
2 2 9 24
7 2 36 8
3 4 35 73
4 3 21 76
8 2 40 27
5 2 12 42
4 2 36 7
6 3 18 97
2 2 33 79
8 2 54 18
6 3 39 25
1 2 11 46
4 3 19 62
8 2 33 50
5 2 23 52
4 2 47 22
7 2 29 43
2 2 40 28
2 2 2 22
7 2 35 100
1 2 13 34
8 3 32 40
8 2 18 5
6 2 18 57
7 3 39 20
8 5 1 14
1 6 28 72
6 4 10 64
2 2 46 38
2 2 50 92
6 3 47 28
3 5 44 7
2 2 46 8
1 2 11 26
2 2 35 79
3 2 3 37
7 3 41 43
5 2 14 7
8 2 30 70
6 2 34 71
6 3 38 68
4 5 49 22
6 2 36 75
7 2 45 22
3 2 23 28
4 2 57 3
2 4 11 77
3 2 28 13
5 3 26 98
5 2 63 83
4 2 38 59
1 3 30 37
7 4 16 97
5 2 42 40
5 2 44 9
8 4 39 3
4 5 39 40
8 4 42 13
1 3 1 100
5 2 23 50
3 3 41 22
2 2 25 27
5 2 22 57
4 2 2 98
5 2 20 36
7 2 37 15
7 2 10 31
5 4 52 41
4 2 28 13
8 3 9 12
7 2 19 77
3 2 22 38
3 2 13 1
3 8 31 92
3 2 11 75
5 2 31 28
3 2 38 22
5 2 9 24
5 3 34 14
4 2 34 26
4 2 41 81
7 5 24 29
2 5 54 48
4 2 7 90
5 4 37 75
1 2 33 66
8 3 42 13
3 2 29 60
6 2 8 84
8 2 26 30
4 2 9 75
8 2 43 100
4 2 43 30
4 3 22 28
5 4 31 90
3 2 29 93
4 2 49 91
8 2 52 16
4 2 35 10
6 2 23 37
6 3 27 42
8 2 32 82
4 2 31 56
2 2 39 79
3 2 38 67
6 3 43 39
5 2 25 34
8 2 39 70
8 2 32 85
1 3 23 44
2 3 6 90
3 2 36 49
5 4 28 80
1 2 23 56
4 2 22 39
2 2 24 72
5 2 21 29
2 2 15 5
3 3 55 99
8 2 49 78
2 2 17 78
3 2 19 90
4 2 25 94
7 3 26 72
1 6 5 21
6 3 16 24
8 3 50 27
7 4 13 26
8 2 9 69
1 3 7 67
5 2 6 80
7 2 35 22
1 2 46 27
2 3 14 80
7 6 25 48
1 3 26 58
8 3 17 64
1 2 11 37
3 7 37 6
6 2 34 84
7 2 39 79
5 2 32 85
3 2 35 31
3 3 24 33
4 2 34 73
7 3 17 16
1 4 3 85
1 3 14 60
8 2 8 100
4 3 47 98
6 2 45 3
6 2 34 46
8 2 38 99
2 2 10 98
4 3 41 26
4 5 5 52
7 3 9 47
4 2 4 80
4 2 39 53
2 2 19 2
5 2 42 61
5 2 27 73
4 2 15 35
2 2 32 71
8 2 17 93
6 2 13 39
6 2 56 52
5 2 7 97
6 2 12 66
8 2 35 23
7 2 12 66
5 3 35 39
3 2 30 33
4 2 27 85
1 3 2 68
4 3 33 96
2 2 38 55
7 2 9 38
1 2 26 74
7 4 14 51
3 3 18 74
4 3 34 98
7 2 5 95
3 2 2 78
4 3 44 3
5 3 27 2
1 2 44 59
3 3 17 7
3 2 18 66
5 2 58 18
4 2 12 54
4 2 23 75
4 2 48 58
8 2 23 8
1 3 39 90
8 2 30 34
8 2 29 43
5 2 1 54
3 3 7 92
2 2 1 53
8 3 8 82
4 2 30 25
8 3 16 13
6 3 31 88
1 3 18 82
8 3 29 57
5 2 42 98
1 3 26 90
4 2 32 89
1 3 38 26
8 2 26 89
8 3 12 74
7 3 9 88
3 3 19 46
8 5 12 98
5 2 22 62
8 2 17 8
2 2 44 58
6 2 12 20
7 2 8 97
7 2 17 28
2 4 28 44
1 2 13 24
1 3 3 3
1 2 15 52
8 2 19 93
5 5 25 5
2 2 37 72
5 3 28 20
3 2 58 18
6 3 1 28
5 2 46 27
1 2 13 36
5 2 8 20
7 3 36 91
3 4 33 19
6 2 36 10
2 4 19 66
2 2 5 15
5 3 1 22
5 3 21 93
4 2 3 41
1 2 6 15
7 2 31 16
8 2 32 90
7 2 32 5
4 2 6 81
3 2 32 27
7 3 24 89
5 2 33 17
5 2 18 95
2 2 10 7
1 2 35 20
7 3 14 100
5 2 10 70
1 2 17 42
8 2 26 21
3 2 19 74
8 3 14 73
5 2 36 19
6 2 33 24
8 3 21 75
8 7 18 24
7 2 46 82
8 2 6 69
2 2 17 78
7 2 39 54
2 2 53 50
7 4 34 71
1 3 44 12
7 4 20 6
8 3 32 79
1 3 21 18
3 2 61 52
8 2 4 12
5 2 26 42
2 2 30 2
5 4 35 69
5 2 23 92
8 3 7 5
7 2 5 85
3 3 1 22
8 2 10 22
4 2 50 32
1 2 9 34
2 6 6 21
6 2 44 78
3 4 6 30
1 2 17 50
5 3 8 35
3 3 23 90
6 2 20 39
7 2 29 50
7 2 21 2
1 2 23 9
5 2 45 41
7 2 6 69
3 4 40 60
6 2 13 15
1 2 39 9
6 3 28 42
8 2 33 42
5 2 2 3
3 4 8 6
1 2 21 31
5 4 9 81
8 2 23 5
8 3 8 91
6 2 3 22
7 2 18 30
5 2 32 86
7 2 40 8
5 3 3 48
2 2 40 11
2 2 39 99
8 3 20 48
3 2 17 9
8 2 6 43
3 3 26 58
3 5 42 45
4 3 28 19
8 2 24 18
4 2 47 37
4 4 18 7
5 4 45 9
6 2 7 77
6 2 37 78
1 2 38 61
1 3 33 62
2 3 9 40
3 2 10 63
5 2 23 71
8 2 8 13
2 2 55 36
4 2 23 90
5 3 27 17
3 3 20 50
5 2 8 48
4 2 4 87
3 5 42 60
5 2 20 44
5 2 40 13
1 2 38 83
2 2 11 62
8 3 42 38
1 2 18 96
7 3 17 82
4 3 17 12
7 2 42 2
2 2 4 19
6 2 3 25
1 2 29 95
4 2 2 14
8 3 5 24
3 2 12 25
5 3 31 80
1 2 40 9
5 4 2 31
2 2 37 5
2 2 37 98
4 2 25 17
5 2 24 63
7 2 21 35
6 3 17 51
8 3 7 26
2 2 22 3
6 2 22 19
3 2 23 48
6 4 29 14
7 2 37 87
1 3 30 37
5 3 15 54
7 2 13 71
7 3 13 82
3 3 6 72
3 2 25 68
2 2 33 83
3 2 21 86
5 4 16 4
8 2 30 32
3 2 4 46
7 2 29 86
6 4 32 41
7 2 31 49
3 2 46 83
1 2 9 50
6 2 34 100
5 3 7 92
6 2 18 88
8 2 18 97
6 2 44 37
4 2 10 19
6 2 5 20
1 2 3 53
6 3 24 1
6 5 39 59
6 2 8 14
5 2 15 73
3 2 40 95
5 2 35 72
6 2 14 66
4 2 40 75
5 2 10 30
7 2 38 50
6 2 42 59
2 3 12 66
4 2 19 47
7 2 48 68
6 3 18 70
3 2 30 58
5 3 23 56
6 2 21 74
7 2 3 11
8 5 9 62
5 2 2 78
3 2 6 68
2 2 18 8
1 2 15 99
8 2 9 34
3 2 5 21
6 2 6 73
8 2 10 92
6 2 9 39
8 4 21 55
8 5 26 7
7 2 39 16
6 2 20 28
1 2 12 93
1 3 28 2
2 2 49 68
5 2 6 31
2 9 2 29
7 2 31 53
1 3 37 20
5 2 16 25
2 3 2 20
5 2 27 44
7 5 39 12
3 2 27 76
1 2 34 19
2 3 34 86
1 3 11 83
4 2 25 6
7 2 14 7
7 3 10 43
2 2 11 96
3 3 8 18
5 2 47 78
2 3 38 27
4 2 30 100
4 2 39 78
5 2 45 82
1 2 35 47
2 3 19 38
6 2 6 13
6 2 7 71
1 2 38 49
4 2 37 86
7 3 41 50
2 4 32 78
4 2 31 73
3 2 16 68
1 2 31 37
1 3 35 26
1 2 13 98
4 2 22 15
3 2 4 74
5 2 27 39
1 2 12 76
6 2 4 2
8 2 34 63
3 2 19 4
7 2 9 21
2 2 12 76
1 2 40 38
4 2 6 86
8 2 16 41
5 3 40 78
2 3 8 89
5 2 21 14
4 2 15 25
3 2 23 86
4 3 42 68
2 5 25 12
8 2 28 72
2 2 36 46
7 4 34 96
5 2 30 12
1 3 16 18
1 2 27 53
3 3 35 97
2 2 18 60
4 2 5 73
5 2 4 85
3 4 36 9
6 2 19 95
1 3 28 8
8 4 38 66
3 2 29 18
7 2 43 52
4 3 33 84
8 2 5 35
7 2 17 65
7 2 40 60
5 5 37 44
3 2 7 57
4 3 29 12
5 2 44 41
8 3 13 67
7 2 13 62
5 2 37 99
6 2 19 89
8 2 10 7
5 2 25 1
8 2 3 41
4 5 28 17
3 4 36 85
8 2 7 62
6 2 29 50
6 3 39 4
2 3 30 48
2 3 5 75
1 3 36 77
2 2 18 2
6 2 23 53
3 2 25 47
1 2 33 53
5 2 8 100
2 2 25 61
1 3 5 83
1 2 6 79
3 3 31 3
2 4 33 66
3 2 24 24
7 2 26 32
4 2 1 26
6 5 31 62
1 2 7 75
7 2 39 30
6 2 3 47
7 3 21 63
8 3 4 19
6 2 34 63
2 2 17 41
2 3 8 95
7 2 26 24
5 2 35 68
4 2 3 69
7 4 32 2
1 3 15 39
5 2 8 64
5 2 18 3
1 2 38 83
2 3 4 11
7 3 49 52
5 2 36 42
3 2 11 100
8 5 3 36
6 2 5 27
8 2 21 68
3 2 4 7
1 2 30 43
6 5 23 58
7 2 23 61
7 3 21 95
1 3 22 33
2 3 38 68
3 2 23 7
7 2 17 80
1 2 52 52
5 2 48 17
2 3 22 52
6 2 8 100
8 2 18 92
6 2 12 49
7 3 28 80
4 2 10 3
7 2 13 64
7 2 37 4
2 2 18 12
4 2 12 61
3 3 2 22
8 2 13 38
4 3 20 11
3 2 8 24
3 3 16 53
1 2 19 87
4 3 17 86
1 2 5 18
7 2 2 23
3 2 13 15
8 3 28 28
3 3 36 83
2 2 21 14
1 2 4 73
5 2 12 15
1 2 43 9
6 3 23 29
5 6 14 19
5 2 25 59
4 4 23 3
6 2 29 70
5 2 12 45
5 2 19 58
5 3 11 79
7 2 13 85
2 3 29 8
3 3 16 28
8 2 26 75
5 2 7 21
3 2 27 63
6 2 26 1
4 3 10 77
8 2 31 91
1 2 36 40
1 2 37 33
5 2 33 6
7 2 26 59
6 3 24 10
7 2 26 32
1 2 2 37
5 2 30 91
8 2 35 49
4 2 9 63
1 2 21 28
6 4 20 3
5 3 30 28
4 2 19 41
5 2 22 81
5 2 14 43
7 2 4 17
5 2 32 17
8 3 16 66
7 3 4 98
2 2 32 35
6 2 39 42
2 2 13 27
3 4 22 3
3 2 4 27
2 2 32 79
1 2 13 24
6 3 20 44
2 3 10 87
5 2 15 40
8 2 3 88
1 2 16 80
7 2 6 54
8 3 26 80
1 2 27 95
4 2 37 26
5 2 13 23
7 4 18 98
8 2 23 78
1 2 21 97
3 2 9 21
3 2 7 3
5 2 15 38
8 3 10 84
4 2 34 40
3 2 32 65
5 2 27 52
3 3 26 67
4 2 2 8
6 4 23 78
1 2 14 96
5 2 32 85
1 4 32 66
8 6 34 54
4 2 15 30
4 2 5 17
2 2 4 83
3 3 13 20
4 2 21 3
7 2 18 32
2 3 23 36
5 2 14 33
3 3 4 94
8 2 16 31
1 2 44 53
3 2 29 80
1 2 24 82
1 2 2 8
6 2 1 89
1 3 18 97
7 4 4 26
1 2 30 88
4 2 48 65
1 3 20 68
1 2 28 98
6 2 10 37
4 2 30 64
4 2 27 42
6 2 23 14
3 2 3 98
5 3 34 39
7 5 1 9
8 2 17 17
2 2 16 45
3 2 12 11
7 2 29 52
8 3 22 62
2 2 7 66
5 2 40 68
2 2 11 1
2 2 8 26
1 3 17 23
1 2 26 60
6 2 21 81
5 2 11 7
7 2 18 78
3 4 7 61
8 2 12 73
8 3 8 22
1 2 34 4
2 2 8 85
5 2 28 43
4 2 14 77
2 2 30 64
4 2 19 67
1 2 9 91
1 2 11 75
1 5 17 40
5 2 17 48
4 3 32 44
1 2 5 77
3 2 44 97
3 2 14 77
3 2 2 85
1 2 26 64
3 2 31 71
8 2 41 32
5 2 11 28
4 2 34 50
4 2 11 65
1 2 19 82
7 2 32 6
3 2 19 62
7 2 35 91
6 2 13 54
3 4 16 24
5 2 34 32
4 2 26 71
5 4 28 4
8 2 7 66
8 2 29 97
7 2 11 93
1 2 15 4
3 2 39 25
2 5 25 41
5 2 29 25
2 2 15 65
4 2 20 51
3 2 29 12
1 2 4 98
5 4 17 12
2 2 8 35
5 2 1 54
7 2 8 21
6 3 9 75
7 2 30 40
6 2 20 34
4 3 9 5
4 2 12 56
5 4 23 21
8 2 9 54
4 4 22 68
4 2 47 53
7 2 18 47
6 2 22 19
1 2 14 78
7 2 27 34
4 2 17 75
3 2 16 59
4 2 24 33
5 2 9 49
3 2 29 40
7 2 15 24
6 4 38 18
5 2 7 34
5 4 15 58
1 3 13 18
2 2 26 58
2 2 46 32
8 2 33 68
8 2 18 34
4 2 12 4
1 2 9 47
6 2 30 45
7 2 21 59
2 5 21 65
7 2 34 83
8 3 32 58
2 2 37 55
8 2 15 3
4 3 37 9
8 2 15 16
2 2 7 10
1 3 20 14
7 2 6 40
5 3 15 75
8 2 38 79
2 2 26 51
6 5 13 45
1 2 1 30
6 2 15 11
4 2 18 2
3 2 24 39
1 2 4 30
5 3 33 68
6 4 6 67
7 3 21 37
5 2 27 79
7 2 22 64
8 3 17 57
2 2 34 27
5 2 1 84
6 2 18 87
2 2 26 38
6 2 17 63
5 2 15 86
5 2 6 1
6 2 27 36
8 3 23 47
6 2 5 92
2 2 17 97
6 2 9 9
1 2 3 84
7 2 5 85
1 2 10 49
4 2 21 99
8 2 21 17
5 2 9 95
1 3 23 87
3 2 8 92
5 6 22 65
6 2 28 39
8 2 45 52
3 2 29 44
4 3 23 24
4 2 22 51
6 4 5 69
7 3 31 48
8 6 17 1
4 2 39 82
4 4 18 62
6 3 28 100
4 2 25 3
3 2 8 18
7 2 25 72
4 2 3 64
6 3 17 97
1 2 11 61
2 2 4 73
6 3 31 26
2 3 17 91
2 2 31 95
6 2 27 53
6 4 12 18
7 2 37 55
7 3 5 64
8 2 5 76
7 2 24 77
6 2 21 83
2 2 29 56
8 2 29 88
6 3 20 72
5 6 4 37
8 2 24 31
8 2 1 78
5 2 37 48
4 2 17 85
5 2 2 97
3 4 5 91
5 2 3 8
7 2 13 11
3 2 4 67
7 2 12 87
1 2 20 76
5 2 22 59
2 2 23 60
3 2 45 52
2 3 25 98
4 2 7 71
1 2 23 46
5 2 23 63
7 3 11 2
2 2 8 19
4 3 28 71
3 2 23 54
5 2 40 32
2 3 4 81
3 2 19 41
1 2 24 100
8 2 4 51
8 2 26 100
4 2 28 47
7 2 12 34
6 2 15 5
8 2 5 30
6 2 11 75
5 3 17 93
1 2 30 96
2 2 23 77
4 3 32 29
8 2 15 70
8 2 9 16
1 2 20 11
8 2 11 100
5 2 19 49
3 5 24 70
6 2 12 92
1 4 24 70
4 2 2 67
8 2 11 76
7 3 27 63
1 3 5 85
2 3 19 95
3 3 1 77
8 2 16 91
1 2 23 68
2 3 3 52
2 2 23 33
1 4 27 79
1 4 23 42
8 2 6 21
5 2 20 6
2 2 11 76
4 2 13 62
7 2 24 99
4 2 9 22
2 2 38 83
8 3 20 45
8 2 33 10
8 3 14 80
2 2 1 79
3 3 16 81
7 4 15 39
5 3 11 3
2 3 22 65
1 2 37 83
4 4 9 39
6 2 19 33
6 3 10 72
1 3 30 6
5 4 21 31
1 2 20 5
6 2 25 32
1 2 18 41
3 3 19 41
8 2 19 85
2 2 25 13
1 2 24 3
3 2 29 60
6 4 8 19
7 2 19 32
3 2 9 27
7 2 2 68
8 3 23 69
6 2 27 44
2 2 32 31
6 3 26 51
1 4 4 91
8 3 16 34
1 4 13 13
1 3 12 68
7 2 25 17
3 2 35 52
8 2 23 50
1 3 20 32
8 2 19 22
3 3 21 77
2 2 8 48
7 2 14 64
2 3 13 72
7 2 11 46
3 2 28 29
5 4 20 33
1 2 7 18
3 2 5 78
7 2 8 62
6 2 12 77
5 2 9 20
2 2 16 53
3 2 21 15
3 4 8 62
1 3 3 12
6 2 31 82
7 2 20 48
4 2 2 11
8 3 3 54
6 3 11 60
7 2 19 10
2 2 4 87
3 2 16 31
4 2 16 78
3 3 6 83
6 3 15 23
4 3 17 37
7 2 18 8
6 2 19 30
7 3 7 76
6 2 26 56
7 2 28 10
4 2 40 53
5 6 10 85
4 2 16 97
2 3 13 79
2 3 15 49
1 2 9 70
3 3 11 68
2 3 9 82
1 3 13 77
3 2 22 79
3 2 22 25
2 4 18 42
6 3 14 42
3 2 30 49
7 3 17 65
7 3 18 34
5 2 9 76
3 2 1 25
8 3 18 31
5 2 11 83
6 2 3 96
8 2 23 44
1 2 17 28
2 2 23 18
2 2 12 48
8 2 19 23
1 4 10 70
5 2 7 62
3 2 17 25
7 2 4 26
1 2 13 80
7 3 12 41
5 2 17 68
8 2 16 89
4 3 10 49
2 2 19 2
3 2 11 19
2 2 16 49
6 2 8 18
2 2 12 33
3 3 8 50
7 2 27 5
1 2 14 12
2 3 10 62
1 4 22 16
4 2 19 50
8 2 23 9
8 2 19 95
5 3 20 14
2 2 20 80
2 2 3 85
7 2 31 27
6 2 9 81
8 2 6 54
1 2 3 67
4 3 3 8
1 2 25 100
8 2 31 52
7 2 13 7
3 5 4 30
2 2 26 51
8 2 9 55
2 2 20 69
6 3 21 11
3 2 8 73
7 2 5 8
6 3 5 78
8 2 29 29
3 2 10 74
5 2 32 82
7 2 21 95
6 2 3 60
7 2 13 12
1 2 3 54
4 3 22 91
7 3 5 80
2 2 20 97
2 3 23 4
4 2 21 17
4 2 18 29
3 3 18 13
7 3 14 75
3 3 18 17
3 2 16 51
7 2 12 90
3 5 13 90
3 3 18 52
6 2 16 92
8 4 20 35
4 2 5 65
6 3 9 25
7 3 3 77
1 2 12 90
8 2 12 63
2 3 23 48
3 2 27 41
4 3 22 68
4 2 16 12
7 4 10 66
5 2 8 58
7 2 17 15
4 2 27 52
2 2 8 100
4 2 24 30
2 2 15 89
7 3 10 74
4 2 26 10
4 2 20 47
8 4 8 48
2 2 14 38
8 2 14 47
5 4 4 82
3 2 28 97
3 2 3 92
6 3 24 94
6 2 9 54
4 2 15 8
5 2 15 6
5 4 16 12
6 2 13 81
5 2 2 26
4 2 3 25
2 2 3 96
8 5 15 39
2 2 7 26
6 2 21 17
1 2 7 67
1 2 23 94
8 3 9 60
6 3 12 90
8 2 10 54
4 3 12 92
2 2 6 29
8 2 14 97
6 4 13 47
4 2 9 48
7 2 26 31
1 2 4 82
8 2 5 37
6 2 18 14
7 3 22 59
6 2 15 90
6 3 21 72
5 2 10 39
4 2 3 78
4 2 20 27
6 2 16 96
3 2 18 31
4 2 13 53
3 2 10 70
2 2 13 81
3 2 11 58
6 2 9 40
7 2 10 81
6 2 6 95
5 2 6 63
5 2 5 55
3 3 13 65
3 2 8 65
1 3 3 95
6 5 17 29
7 2 2 33
5 2 14 49
1 2 9 21
4 2 26 94
8 2 16 66
4 3 17 22
4 2 19 30
4 2 11 80
4 2 8 58
7 3 9 61
5 2 2 22
2 2 3 60
1 2 25 11
1 2 16 27
5 2 9 16
7 2 12 56
8 3 15 52
7 2 23 43
2 2 5 14
6 2 21 23
3 2 8 55
1 2 9 62
4 2 28 32
2 2 12 16
8 2 16 14
3 2 9 11
7 2 28 36
7 2 7 69
8 2 12 49
1 3 10 87
1 2 14 24
6 2 9 97
5 2 32 18
6 4 16 66
7 2 14 91
7 2 15 89
3 2 22 88
2 3 14 47
2 2 25 9
5 2 15 22
4 3 10 62
6 2 18 33
1 5 21 6
3 2 3 97
5 2 13 18
3 3 20 17
3 2 26 10
7 2 7 72
7 2 15 24
1 2 12 10
3 2 8 15
1 2 10 92
7 2 1 79
5 2 16 36
6 5 6 63
1 3 8 27
5 2 11 51
8 2 10 61
4 3 17 39
3 3 7 66
6 2 12 5
2 3 3 63
8 2 22 83
1 2 6 82
3 2 6 95
1 2 8 64
7 2 1 96
6 2 13 6
3 2 12 47
8 3 8 65
3 2 15 14
4 3 5 55
3 2 6 21
8 2 16 7
8 2 12 89
5 2 20 82
1 3 6 56
3 2 24 26
2 3 15 56
3 2 14 91
4 2 8 64
6 2 6 21
8 2 5 76
5 3 16 24
6 2 27 52
2 2 26 9
3 2 4 65
6 4 6 56
7 3 9 14
6 3 3 82
2 2 6 58
6 2 13 93
1 3 13 33
1 2 14 90
3 2 9 96
7 2 11 50
5 3 8 76
1 5 2 25
8 2 1 30
4 2 6 84
3 3 13 89
4 2 10 13
2 2 15 95
1 2 13 53
7 2 16 88
8 2 12 57
5 3 14 28
6 2 12 54
2 3 10 49
2 2 14 89
6 2 3 76
3 2 5 93
1 2 9 6
2 3 9 63
3 2 17 77
4 2 21 58
2 3 19 6
2 3 15 67
2 2 27 53
1 3 11 20
3 2 11 52
4 2 25 35
6 2 29 46
5 2 13 96
5 2 2 67
7 3 12 4
5 2 3 65
4 2 8 91
4 2 8 82
3 2 14 82
8 3 21 40
4 3 7 27
8 3 9 39
5 2 26 46
4 2 10 78
5 2 10 30
8 5 4 27
1 2 17 84
2 2 17 41
5 3 10 63
3 2 4 99
3 2 2 35
3 2 13 38
3 3 10 96
1 2 27 18
8 2 11 34
6 2 20 6
3 2 10 67
8 3 8 91
5 2 8 23
5 2 16 33
6 2 14 39
5 2 1 25
8 2 7 84
1 3 17 99
7 2 13 78
6 2 10 88
8 3 11 12
4 2 16 32
1 2 23 59
1 2 10 49
3 2 14 79
2 2 15 25
4 3 20 45
6 3 21 32
4 2 20 48
7 3 10 67
6 3 13 14
2 2 14 10
4 2 5 67
6 2 12 51
5 2 16 10
8 2 19 58
2 3 15 35
5 3 13 88
2 2 7 35
6 2 19 84
7 2 19 86
1 2 14 91
5 2 2 78
6 2 21 35
1 2 19 44
3 3 17 6
3 2 13 32
4 2 9 41
7 2 3 66
6 2 3 66
4 4 13 16
8 2 7 15
8 2 11 41
4 3 14 68
2 2 9 36
6 2 2 28
8 2 10 48
3 4 6 77
1 3 6 23
4 3 14 34
7 2 24 17
2 2 5 92
3 2 18 52
8 2 1 66
1 2 8 83
2 2 15 61
6 4 12 24
2 5 17 30
5 2 10 83
8 3 15 79
6 2 6 22
8 2 8 19
6 2 7 83
7 2 17 46
7 2 11 69
4 2 21 41
3 2 11 15
3 2 10 50
1 3 12 36
4 2 10 50
4 2 5 67
6 2 19 44
6 3 13 19
3 3 17 38
8 2 12 48
8 2 4 68
4 2 8 82
1 3 12 56
5 2 4 25
6 2 20 16
1 2 11 42
8 2 20 10
6 2 1 31
6 2 10 54
5 4 14 50
3 2 6 72
1 2 14 5
3 2 14 91
2 2 7 60
2 2 16 84
1 2 1 11
4 2 8 23
2 2 15 16
1 2 10 52
4 2 17 17
4 3 5 22
4 2 15 71
5 2 21 53
8 2 9 14
2 2 20 3
2 2 12 83
4 2 2 55
8 2 15 73
1 2 11 47
8 2 4 76
8 2 15 68
1 3 14 43
6 2 7 79
7 2 12 58
5 2 17 46
3 3 20 53
7 2 20 45
7 2 8 37
3 3 18 9
5 3 11 90
6 2 19 59
7 2 4 28
7 2 14 11
7 2 10 51
7 4 5 24
3 2 18 44
3 2 17 51
8 5 10 49
7 4 13 39
4 2 12 88
4 2 9 53
5 3 8 78
7 2 10 31
4 2 10 31
7 3 15 72
7 4 12 33
5 2 13 36
2 2 12 4
8 2 12 15
8 3 14 11
3 3 11 8
4 2 8 51
6 3 9 49
3 2 12 31
2 2 18 59
2 2 5 72
4 2 14 84
8 2 11 51
7 2 15 95
7 3 13 55
3 2 11 74
3 2 3 59
4 2 15 44
8 2 12 79
3 2 4 27
4 2 4 69
8 2 9 25
5 2 14 21
4 3 6 55
5 3 16 11
6 2 11 47
7 2 12 78
4 5 12 79
1 2 8 9
4 2 12 3
1 2 14 95
7 2 18 40
3 2 20 9
3 2 5 36
5 3 4 67
7 2 9 80
2 2 21 17
4 2 9 57
5 2 17 58
1 2 6 61
3 2 9 63
5 3 6 54
5 2 18 36
8 2 6 69
8 2 10 32
4 2 12 37
3 3 11 51
2 2 4 44
5 2 4 78
8 2 8 71
7 2 12 95
3 2 13 42
5 2 14 43
6 2 7 15
7 2 13 69
3 3 14 45
4 3 11 56
2 2 14 19
7 3 15 10
6 2 9 79
5 2 10 47
3 2 11 12
3 2 11 48
4 3 17 6
4 2 8 70
1 2 8 14
5 2 6 31
5 3 12 50
3 2 12 69
5 2 15 36
6 2 14 40
1 4 16 42
8 2 12 84
4 2 11 99
1 3 20 17
5 2 17 33
4 2 14 43
1 2 6 21
7 2 5 58
2 2 9 84
8 2 5 26
1 2 14 10
6 2 12 37
2 3 14 41
5 3 3 60
3 3 7 36
8 2 9 41
4 2 10 63
4 2 10 89
6 2 9 35
1 2 8 48
3 2 21 36
6 3 9 39
6 2 15 55
8 5 5 59
6 2 11 89
8 2 10 75
7 2 9 70
6 2 11 79
7 2 10 15
1 2 4 36
5 2 7 90
8 2 13 99
5 2 13 3
6 2 6 43
6 2 19 86
3 2 15 16
7 2 9 41
7 2 2 82
7 2 6 97
8 2 11 36
1 2 19 45
2 2 11 33
5 2 8 25
2 2 14 88
6 2 7 31
4 2 9 19
7 2 16 18
4 2 8 96
8 2 4 83
6 2 2 34
7 2 17 35
3 2 16 35
3 2 5 7
5 2 14 5
1 2 10 74
1 2 7 57
7 2 3 33
2 2 10 22
8 2 13 21
7 2 1 29
4 2 6 69
1 4 10 81
5 2 5 84
1 3 2 33
2 3 8 79
2 2 18 53
5 2 15 17
2 2 13 20
4 2 17 52
6 2 9 27
4 2 1 29
5 4 14 89
7 2 5 78
6 2 8 84
3 2 8 79
5 2 22 94
1 3 15 46
8 3 8 94
1 3 11 26
3 2 2 76
6 2 3 44
3 2 9 85
8 2 8 44
1 2 12 30
2 2 7 25
5 2 13 38
7 2 4 30
4 2 3 78
2 4 13 44
3 2 7 90
6 3 6 68
3 4 8 42
4 2 5 80
1 3 2 78
2 2 8 30
1 2 15 2
8 2 6 21
4 2 9 59
7 2 15 60
3 2 4 83
2 2 10 87
3 2 8 60
4 2 12 45
5 2 7 79
5 2 4 83
2 2 3 58
8 2 12 33
4 2 6 32
7 2 11 42
5 2 10 40
5 2 2 95
8 2 7 28
6 2 6 99
1 2 16 52
1 2 5 64
5 2 9 30
7 2 7 25
3 3 5 20
1 2 11 49
7 4 6 56
1 2 7 30
8 2 5 58
1 2 11 68
8 2 6 80
2 2 5 30
4 2 5 28
7 2 10 86
7 2 12 89
2 2 6 20
3 2 5 28
8 2 7 8
7 2 9 44
1 2 11 33
1 2 15 8
1 2 9 44
4 2 3 58
6 2 9 42
7 2 10 19
3 2 11 86
2 2 12 7
6 2 3 57
2 2 11 44
5 2 10 61
2 2 8 7
3 2 3 58
1 2 12 61
3 2 12 6
8 2 10 74
8 2 19 97
3 2 7 84
3 2 12 10
8 2 14 100
2 2 4 96
8 2 8 31
5 2 18 99
8 2 9 64
5 3 6 70
3 2 12 99
1 2 8 9
7 2 8 55
7 4 6 21
4 2 3 97
8 3 9 86
6 2 6 33
6 2 16 53
5 2 5 56
2 4 4 28
3 2 15 100
4 2 12 5
1 3 10 5
6 2 7 70
2 2 13 71
3 2 5 55
6 2 9 26
2 2 8 20
6 2 13 99
6 2 6 56
5 2 13 73
8 2 3 94
2 2 12 10
2 2 2 57
7 2 2 78
7 2 12 73
8 2 5 69
2 2 8 43
2 2 2 96
2 2 5 22
6 2 10 81
4 2 5 98
1 3 1 96
6 2 10 9
4 2 15 53
3 2 4 70
7 2 11 94
6 2 2 33
1 2 4 70
3 2 9 32
8 2 10 72
2 2 6 71
3 2 3 79
4 2 3 71
8 2 9 45
6 3 4 84
2 2 11 86
8 3 4 71
7 2 3 70
3 2 8 25
6 2 1 97
3 2 5 71
6 4 2 71
2 2 8 73
3 2 11 74
6 2 9 73
2 2 3 97
1 2 8 72
1 3 6 96
6 2 4 81
8 2 14 53
3 2 7 95
2 2 8 97
8 2 7 95
7 2 12 40
5 2 11 99
7 2 8 98
1 2 14 53
5 2 15 52
7 2 13 53
6 2 7 96
3 2 6 96
4 2 6 96
4 2 7 96
2 2 8 97
5 3 6 96
