17965
1467
1 2 53 30
8 3 41 16
2 3 66 29
3 2 4 4
6 75 53 4
8 2 19 24
7 91 66 52
1 2 36 10
3 2 45 35
1 3 24 27
3 2 36 1
8 2 53 50
8 8 59 61
2 2 61 66
8 2 6 56
4 3 38 30
7 2 20 61
7 5 39 55
2 2 30 64
3 2 32 42
4 7 20 45
2 2 15 66
3 3 15 66
3 3 48 19
8 2 53 17
3 2 41 33
2 2 13 42
2 4 33 12
5 2 61 55
2 3 29 36
3 4 44 11
1 3 53 56
5 3 53 14
8 3 3 51
2 3 51 61
7 2 6 56
8 4 17 34
5 3 20 39
5 3 8 45
6 3 41 34
3 3 46 37
3 2 26 1
1 3 4 55
8 2 30 17
1 4 17 8
3 3 42 61
5 3 42 35
3 2 21 39
8 6 57 46
3 2 3 46
6 4 32 13
8 3 36 24
7 3 20 9
3 2 39 7
1 2 10 46
3 3 14 8
2 2 32 26
2 3 4 35
4 2 18 41
4 5 15 61
6 2 53 35
5 2 53 54
8 3 4 64
6 5 5 13
6 3 25 58
3 2 3 13
8 3 9 38
6 5 23 56
4 2 61 49
4 3 39 2
2 2 40 16
6 2 37 36
2 2 61 54
7 5 46 67
2 2 32 35
2 2 52 55
1 2 43 34
7 2 18 34
7 2 16 24
4 2 58 59
5 2 16 23
1 3 57 19
7 2 43 51
7 3 47 22
6 2 49 67
8 4 31 11
7 2 60 15
3 3 48 48
7 2 9 11
2 4 46 52
5 2 26 18
6 2 37 63
8 2 12 13
5 4 4 42
6 3 7 47
2 2 59 8
5 2 28 60
6 3 45 33
2 2 14 39
1 4 12 2
6 3 45 23
7 4 59 49
4 5 6 23
4 2 58 21
3 4 20 11
3 4 44 59
3 2 28 44
6 2 32 8
3 4 10 27
8 4 38 30
5 2 50 23
5 2 59 43
1 3 16 50
6 2 5 6
6 8 15 14
2 2 40 51
1 2 34 7
7 3 35 66
6 3 6 3
2 2 61 41
8 4 52 26
7 2 31 63
7 2 31 47
2 3 46 67
1 3 49 26
2 2 26 33
2 6 40 63
8 2 57 14
6 2 52 41
6 3 2 13
7 2 56 18
4 5 36 25
2 2 20 46
2 3 18 7
7 2 20 2
4 2 46 4
3 3 27 29
4 3 13 28
6 3 41 49
6 3 22 35
8 2 18 58
3 3 27 15
5 3 18 43
7 2 54 26
2 2 23 16
2 2 53 44
3 2 51 46
3 2 41 12
1 2 31 47
3 2 50 2
7 2 44 51
1 3 18 15
6 4 16 4
5 2 23 13
5 2 43 19
8 2 1 22
3 2 25 62
4 2 24 15
8 2 18 53
7 2 5 55
7 3 48 6
4 2 23 40
4 2 1 49
6 2 36 45
3 2 24 6
6 3 24 18
6 4 12 46
5 2 39 54
4 2 41 3
4 2 25 64
6 2 2 53
4 2 50 34
5 3 53 33
2 2 48 2
4 2 14 4
6 2 49 60
1 5 50 36
6 3 11 2
2 3 34 47
7 4 2 7
5 2 5 37
5 2 30 4
7 2 16 20
2 6 10 49
6 3 34 51
6 3 26 20
1 2 20 19
8 3 42 60
5 2 24 52
1 5 34 50
3 2 28 67
4 2 40 30
8 2 10 43
1 3 59 21
2 3 37 61
7 2 49 19
5 2 33 32
5 4 7 7
8 5 24 66
3 2 12 30
7 2 45 26
7 2 23 31
2 2 5 57
7 3 39 27
3 2 50 62
3 2 38 10
6 3 14 43
5 4 40 54
1 2 2 61
7 3 12 44
4 3 24 5
3 3 41 1
3 2 6 53
6 2 21 48
7 2 6 10
1 3 1 13
6 2 42 49
5 4 4 16
5 2 52 37
5 4 55 18
3 2 20 15
4 2 48 26
7 2 54 20
1 3 35 31
5 2 48 19
3 2 37 4
1 2 51 67
1 4 23 55
5 2 12 64
2 2 14 46
1 3 37 24
7 2 39 65
5 3 54 42
6 2 52 26
3 2 38 18
7 2 36 40
4 2 29 12
2 2 43 47
8 3 6 14
1 4 6 61
7 3 10 51
5 2 43 66
7 2 12 15
4 4 28 62
2 3 45 30
2 2 10 10
3 4 28 4
2 4 53 26
7 3 40 17
3 4 41 52
3 2 14 2
8 2 17 41
7 9 21 16
6 3 45 55
2 3 3 41
6 2 44 29
7 3 40 59
7 4 14 67
6 2 33 58
1 2 41 56
2 2 25 61
1 2 35 42
5 2 17 18
4 3 9 8
7 3 47 43
7 3 28 18
7 2 43 59
4 3 48 15
1 3 57 31
1 4 18 4
7 6 45 2
4 3 33 46
1 4 10 5
5 3 9 52
3 2 44 29
2 3 10 35
2 2 13 56
3 2 12 49
8 2 3 4
3 3 17 39
3 2 38 49
3 2 13 44
8 2 43 52
8 2 7 16
2 2 42 46
7 4 25 9
5 2 3 53
1 3 17 41
4 2 30 33
1 2 21 21
1 3 57 28
4 2 5 20
4 4 34 19
3 2 9 66
5 2 8 50
5 2 1 36
2 2 6 50
6 2 41 5
4 3 53 64
6 2 33 57
1 3 15 43
7 7 33 12
1 3 4 25
2 3 35 27
2 2 45 35
1 3 4 37
7 4 34 38
4 2 28 51
2 3 7 54
1 2 17 51
5 2 8 17
2 2 34 34
4 4 7 38
8 2 7 37
6 3 25 57
6 2 41 9
4 4 32 7
3 2 25 49
5 2 34 55
6 2 44 49
2 4 37 14
5 3 35 48
2 3 8 52
2 2 45 9
5 2 40 2
8 3 48 45
4 2 5 14
3 3 4 31
7 2 7 29
7 2 39 32
1 2 20 64
5 2 49 27
6 3 12 31
8 5 13 59
8 2 45 1
4 2 38 21
1 2 21 19
3 2 5 10
6 2 4 51
6 3 14 58
3 4 33 43
4 2 7 50
4 3 15 16
1 4 36 47
8 2 7 61
7 3 23 63
2 2 26 15
7 3 41 37
6 5 7 37
6 2 46 44
5 2 40 18
3 7 51 31
2 3 11 10
7 3 24 17
7 2 9 39
5 2 10 34
4 3 28 31
6 2 26 36
5 2 33 3
7 2 8 32
4 3 4 30
6 2 54 65
7 2 15 41
1 6 18 7
1 3 14 23
8 3 19 34
7 2 27 37
5 2 27 16
3 4 6 23
7 2 5 32
1 3 11 46
8 2 26 29
2 2 25 39
5 3 41 35
3 3 17 36
7 2 5 24
1 4 28 24
6 3 29 15
3 2 15 43
5 2 3 8
1 3 42 15
4 2 30 13
4 7 26 49
6 3 1 6
2 2 44 67
8 2 8 7
7 3 39 44
3 2 9 22
3 3 22 15
2 2 11 7
1 2 13 11
4 2 34 1
1 3 23 15
2 2 53 22
1 2 8 62
5 4 18 15
8 4 38 35
3 2 23 24
6 2 34 66
3 2 14 6
8 2 13 11
7 3 7 37
5 2 26 21
2 3 15 10
6 2 18 62
7 2 43 62
2 3 15 14
4 2 36 54
2 2 31 61
2 2 19 39
4 2 30 60
4 3 2 27
7 4 23 12
8 2 12 22
4 2 48 36
7 2 36 55
2 2 14 65
6 2 33 16
8 3 48 38
3 2 55 28
8 2 17 30
6 2 17 23
4 2 50 28
7 2 23 65
2 4 19 27
2 5 22 20
4 5 6 27
7 2 39 34
4 4 11 55
1 2 2 16
3 3 28 15
1 4 14 13
3 2 27 40
8 2 17 39
2 3 39 17
4 2 29 14
3 2 32 63
7 4 3 28
7 2 8 6
8 2 51 29
4 5 34 37
2 2 39 34
5 2 26 21
8 2 27 26
8 2 33 1
6 4 46 39
5 2 34 26
2 2 35 29
3 2 19 54
3 2 7 24
8 4 20 10
6 2 21 64
1 2 1 5
2 3 15 28
8 4 50 21
4 2 18 10
3 4 16 9
2 2 35 34
3 2 4 62
7 2 6 46
6 5 12 34
2 2 28 60
5 3 8 34
8 3 19 62
8 3 38 42
1 3 37 45
6 2 17 7
4 3 5 57
6 2 18 51
7 3 47 31
6 4 5 57
5 2 51 41
4 2 42 5
6 2 17 45
7 2 15 56
1 2 32 65
1 2 44 40
1 2 31 25
7 2 39 28
3 2 19 51
7 2 52 58
4 2 2 35
3 4 33 27
3 2 21 16
6 2 4 63
3 2 37 41
7 2 8 5
7 2 7 42
7 3 31 54
6 2 12 38
2 2 32 21
2 2 14 57
2 2 49 32
2 2 25 59
7 2 40 9
6 2 18 40
4 2 18 55
7 2 13 58
4 2 24 21
6 2 36 17
2 2 4 9
5 2 42 49
8 3 42 30
2 2 18 2
6 2 18 51
2 3 12 14
6 3 33 42
3 3 29 23
5 3 39 31
7 3 19 28
8 2 21 18
6 2 19 22
8 5 32 34
4 3 24 35
3 2 36 7
7 2 45 65
3 3 19 11
5 2 21 30
4 3 13 8
8 3 21 9
4 2 14 11
8 2 40 38
8 3 3 18
1 2 36 36
4 2 44 45
5 2 30 13
3 2 10 66
6 2 6 58
5 3 24 37
7 3 15 50
8 3 42 32
7 2 5 35
1 3 23 1
1 2 5 22
4 3 23 17
1 2 8 34
3 3 9 32
8 2 10 58
3 3 29 33
6 2 26 13
4 3 18 19
1 2 6 8
3 2 33 38
5 2 39 60
5 2 10 47
3 3 37 64
5 2 5 35
7 2 5 57
1 2 48 40
4 2 6 2
4 4 26 58
2 5 29 9
4 2 16 33
1 2 20 38
8 2 34 30
4 3 30 7
5 2 18 36
1 2 24 20
2 3 28 45
6 2 45 64
8 4 4 59
7 3 30 64
5 2 40 42
3 2 23 36
8 2 17 38
1 4 28 3
8 2 31 13
2 2 19 61
6 2 32 18
6 2 12 13
5 2 3 62
2 3 27 1
1 2 13 65
3 3 29 3
3 3 24 64
7 4 28 60
4 2 17 62
8 2 14 67
3 3 41 55
8 2 1 35
7 2 32 51
2 4 9 18
4 2 30 41
5 4 38 45
7 3 27 45
6 3 25 44
5 2 39 64
8 3 12 16
1 2 6 5
3 2 39 59
2 2 16 43
3 3 24 31
4 2 7 10
5 4 23 50
3 2 10 27
2 3 19 42
5 2 47 48
2 2 12 38
3 2 19 24
2 4 9 2
3 2 15 20
7 4 33 1
4 3 16 51
2 2 23 18
1 2 23 27
3 2 4 13
8 3 15 44
6 4 20 39
1 2 40 23
2 2 31 5
5 2 14 42
5 5 18 55
7 2 10 7
8 3 18 5
3 2 32 37
2 2 19 50
5 3 29 28
4 2 12 34
6 4 22 3
2 2 17 30
1 2 14 64
1 2 7 27
6 4 14 17
5 2 8 52
2 4 1 58
5 3 8 14
2 2 28 18
6 2 44 25
7 2 40 26
2 2 10 2
6 2 13 31
5 2 14 44
7 2 2 25
8 2 13 57
2 2 26 41
6 4 11 9
5 2 5 25
4 4 6 15
2 3 16 6
5 2 30 66
5 4 20 5
7 2 36 49
2 3 24 48
5 2 25 59
5 2 9 30
4 2 20 21
3 2 18 67
1 2 20 64
3 2 3 52
2 5 13 50
4 2 11 7
4 4 30 17
2 2 32 37
8 2 6 4
1 2 30 49
3 2 1 27
7 2 24 40
5 4 31 30
8 2 41 32
4 2 47 21
4 2 1 12
8 2 19 64
2 2 16 35
4 2 11 48
8 2 33 50
4 3 28 59
5 2 15 60
2 3 34 20
7 3 7 19
8 3 12 63
6 2 11 50
4 3 39 24
8 2 23 56
3 3 23 64
5 2 24 47
4 2 22 28
6 3 8 40
8 3 22 19
6 2 8 52
7 2 3 33
3 2 36 50
4 2 20 26
2 3 30 1
2 3 26 40
2 3 2 13
1 2 26 37
7 2 14 64
3 4 4 19
1 2 8 5
6 2 1 28
2 2 22 53
1 2 15 67
8 3 17 5
3 2 17 1
3 2 7 45
3 4 14 49
6 2 30 29
5 5 34 51
8 2 26 38
6 2 4 29
1 2 30 28
5 2 12 26
4 2 19 38
3 3 4 31
2 2 24 67
7 4 12 25
6 3 6 29
3 2 27 25
7 3 25 23
3 2 28 30
5 4 13 50
1 3 25 10
1 3 36 26
1 2 14 4
6 3 24 58
2 4 4 33
8 2 8 17
6 2 35 21
7 3 44 21
6 4 6 55
6 3 11 53
8 2 33 45
5 2 12 11
8 2 12 45
8 2 29 39
7 2 22 25
5 2 30 50
2 2 21 5
7 3 22 6
7 2 34 41
4 2 4 34
7 3 22 2
5 2 5 45
1 2 31 6
1 3 3 31
1 2 30 48
4 2 17 57
2 3 25 15
6 3 32 26
6 2 21 1
5 2 31 65
1 2 19 10
1 2 17 34
1 5 3 59
2 3 14 45
6 2 24 16
2 2 32 54
4 2 34 55
8 2 8 31
1 2 31 2
5 2 32 29
8 5 8 56
2 3 18 64
5 2 42 22
6 2 23 54
3 2 6 48
8 3 3 41
7 3 18 19
4 2 28 58
2 3 9 32
5 2 5 15
3 5 7 12
8 2 19 32
5 4 3 19
8 2 30 37
6 2 22 8
5 6 20 39
1 2 28 51
4 3 12 4
6 2 18 53
3 2 32 29
1 2 19 16
1 6 34 55
2 2 26 6
3 3 26 46
8 2 39 1
6 2 13 19
2 4 12 15
3 2 11 61
6 2 7 51
7 4 12 29
6 2 21 5
1 2 28 9
3 2 17 10
5 2 12 3
3 2 23 54
1 2 14 32
4 4 17 53
6 4 22 3
2 2 26 35
3 2 30 21
6 2 24 15
6 2 18 56
8 2 1 11
5 2 33 20
8 3 2 35
6 2 20 41
2 3 14 61
8 2 19 48
5 2 18 64
2 2 25 51
8 2 27 55
4 3 3 59
2 2 19 4
2 2 18 39
4 3 21 3
5 2 8 53
1 3 9 47
3 3 7 53
2 2 5 10
7 2 22 48
7 2 23 56
8 3 19 45
6 2 14 30
2 6 20 64
3 2 25 66
4 4 5 32
4 2 23 66
5 3 11 20
5 2 18 56
5 2 21 2
7 2 3 22
3 3 11 48
6 2 17 14
2 2 26 49
4 2 1 66
5 2 18 44
4 2 10 66
2 2 25 12
5 2 16 27
6 2 10 43
4 3 34 26
2 2 19 9
8 2 24 17
7 2 36 22
2 2 27 50
2 3 26 30
7 2 7 45
1 2 34 21
5 2 24 1
3 3 17 38
3 2 20 20
4 2 17 3
2 2 1 8
7 4 17 1
1 3 13 40
2 2 6 63
2 4 7 47
3 4 27 65
2 3 4 62
2 3 29 54
3 2 17 21
4 2 28 40
1 2 27 59
4 3 13 22
7 2 33 23
1 2 12 59
7 2 20 21
6 2 3 35
4 2 12 6
6 2 23 22
1 2 11 18
2 4 25 27
3 2 35 21
6 2 9 47
5 2 31 39
3 2 23 33
6 2 18 32
4 2 13 19
4 4 7 16
7 2 30 41
1 2 13 9
5 2 7 44
1 4 10 38
3 2 18 46
6 3 5 8
7 3 17 63
5 4 8 50
6 2 4 66
8 2 24 19
4 2 30 41
4 2 6 49
5 2 29 8
2 2 27 23
8 3 13 35
8 2 5 63
8 2 14 5
7 4 6 53
5 4 7 4
3 2 3 24
3 2 16 58
4 2 18 9
5 3 18 11
4 5 22 26
4 2 5 27
4 2 24 31
5 2 3 58
4 2 19 2
3 2 24 52
5 2 4 52
3 2 6 44
3 2 22 42
7 3 4 66
7 2 9 64
5 3 16 52
8 2 33 25
5 2 2 56
8 2 1 29
7 2 23 17
5 2 16 43
8 2 27 28
1 3 11 20
2 2 3 3
6 2 7 20
5 2 23 38
1 2 7 67
8 2 5 60
4 2 27 28
3 2 13 44
7 2 5 59
7 3 8 56
7 4 10 53
5 2 19 33
5 2 7 61
6 2 11 16
8 2 28 51
4 2 30 20
5 2 25 28
1 2 13 56
2 2 27 58
2 4 16 24
4 3 11 30
3 2 23 57
2 3 13 22
8 2 6 43
3 4 11 41
7 3 16 52
4 2 1 27
6 2 7 47
4 2 3 10
5 2 12 64
3 4 7 42
7 2 15 55
5 4 2 22
1 2 9 53
7 2 17 49
5 2 33 12
2 3 11 9
2 2 7 9
1 5 4 30
4 2 23 29
8 2 10 9
7 3 16 56
8 3 9 42
1 2 3 57
4 3 24 58
1 3 7 41
5 2 15 41
6 4 20 24
5 2 10 64
3 2 22 37
8 2 24 65
6 2 4 41
8 2 1 14
3 2 20 66
4 3 22 49
1 4 6 31
1 2 12 29
4 2 7 6
3 2 4 56
6 2 25 7
6 2 3 11
2 3 6 6
1 2 25 11
2 2 5 65
1 2 21 24
2 2 9 29
6 3 19 51
6 2 14 46
3 5 20 60
1 2 6 43
2 2 12 55
5 2 9 45
8 3 8 12
4 2 19 62
7 2 13 9
8 4 6 29
7 2 11 51
8 4 4 34
6 2 31 67
3 2 6 16
6 3 19 51
2 3 12 26
7 2 8 47
3 2 14 60
5 2 21 67
2 6 20 60
4 2 16 4
2 3 17 24
5 3 9 54
8 2 12 21
5 2 3 31
4 2 10 45
3 4 15 6
4 2 16 67
8 2 16 46
3 2 6 44
1 2 26 22
4 2 23 22
1 2 26 1
3 2 20 19
2 2 21 40
8 2 20 49
6 2 17 65
7 2 16 24
2 2 15 57
5 2 19 22
1 3 7 20
2 2 3 24
8 3 5 54
6 4 14 38
5 2 15 60
2 2 7 16
7 2 28 43
5 2 21 45
8 2 7 36
2 3 14 7
8 2 8 46
2 2 21 21
5 3 13 18
2 2 7 47
7 2 17 42
6 2 10 58
6 2 17 25
3 2 10 26
3 3 15 67
3 2 2 14
2 2 3 30
7 3 2 15
5 2 6 25
6 4 18 19
7 2 13 36
3 3 2 31
7 2 15 43
5 2 6 8
5 2 7 32
7 2 12 33
3 2 14 27
7 2 5 27
1 2 15 8
2 2 16 13
8 3 11 48
7 2 17 25
1 2 10 14
7 2 23 62
2 2 19 65
2 4 2 35
2 2 12 38
1 2 21 28
3 3 10 54
1 2 8 46
7 2 19 65
8 2 9 19
3 2 27 26
2 2 28 32
5 2 16 6
5 2 15 22
2 2 15 22
2 3 19 27
8 3 11 10
8 6 18 23
3 3 2 60
5 3 9 54
2 2 5 53
2 2 2 14
8 4 15 63
8 3 15 39
1 2 11 49
3 2 8 17
4 2 8 2
4 2 12 66
8 2 16 63
7 2 10 37
6 2 21 24
5 2 6 57
8 2 19 22
6 2 22 62
8 2 2 12
4 4 16 64
6 3 14 36
3 3 3 59
5 2 20 32
3 2 5 61
6 3 13 50
6 2 8 30
4 2 15 50
7 3 13 32
2 2 19 63
6 3 3 12
4 3 11 64
2 2 4 66
6 2 7 28
5 4 11 46
3 2 23 53
7 2 9 60
8 2 16 13
8 2 16 19
4 2 1 22
4 2 3 2
6 3 16 48
6 2 2 15
5 4 14 25
3 3 13 3
8 2 3 66
2 3 11 66
6 2 13 54
8 2 25 40
7 2 16 14
1 2 20 24
3 2 12 38
3 3 1 8
6 2 3 66
6 2 19 46
3 3 14 13
8 2 11 64
4 2 12 50
7 2 20 12
2 2 14 34
8 2 19 7
8 3 10 26
4 5 3 15
5 2 15 48
2 2 14 48
8 2 7 18
3 2 20 25
8 2 14 61
8 6 14 48
6 3 12 22
4 2 11 21
5 3 4 35
5 3 7 6
1 2 18 12
4 2 11 31
8 2 3 25
7 2 9 25
8 2 18 29
5 2 5 65
5 2 15 62
5 2 13 29
6 2 17 21
1 3 2 13
5 2 8 17
5 2 21 11
1 3 9 54
8 2 17 13
3 5 10 26
6 2 8 24
7 2 4 16
2 5 17 44
5 2 4 2
4 3 7 35
6 2 2 27
1 2 5 29
3 2 16 2
3 3 15 55
6 2 24 43
6 2 16 41
8 2 15 42
2 2 14 42
3 2 7 64
7 2 10 60
2 2 9 63
3 2 7 58
7 2 8 13
2 2 8 9
2 3 3 32
3 3 13 3
7 2 13 41
7 2 19 7
7 2 6 24
5 2 6 37
3 2 19 36
4 2 20 53
4 2 15 13
7 2 14 12
2 2 7 45
1 2 13 28
4 2 7 64
5 3 16 63
7 2 16 26
2 2 19 11
3 2 4 7
1 2 11 26
5 2 13 57
1 2 14 48
7 3 17 28
7 2 14 18
1 2 14 35
3 4 12 52
5 2 9 25
7 2 7 29
3 2 9 9
5 2 17 45
5 2 12 25
1 2 21 33
6 2 16 33
6 2 16 7
4 2 14 36
2 3 6 64
4 2 9 51
6 2 22 21
5 3 11 52
8 2 15 33
1 2 11 23
3 3 8 16
6 4 7 9
3 2 5 29
6 2 11 46
4 2 16 47
1 2 10 57
8 2 3 2
6 3 12 26
3 2 15 62
2 2 6 23
4 3 16 6
1 3 16 41
7 2 6 31
1 2 10 50
4 2 11 37
2 2 9 20
8 2 11 35
2 2 9 25
6 2 5 2
8 2 7 3
5 2 3 30
2 2 3 60
2 2 9 46
4 2 10 28
6 2 12 43
2 3 12 54
1 2 7 65
4 2 17 15
6 2 13 63
1 3 10 60
4 2 8 46
2 2 5 15
7 2 13 53
3 2 11 54
2 2 10 45
6 3 10 32
8 2 4 29
5 2 14 8
7 2 14 58
3 2 8 32
7 2 6 42
2 3 9 51
7 2 3 3
3 3 3 2
7 2 9 46
3 2 10 24
7 3 11 50
4 2 4 36
4 4 11 53
8 2 17 19
4 2 14 39
1 3 8 45
2 2 13 18
3 3 9 33
5 2 7 24
3 2 12 27
2 3 7 12
5 3 9 61
5 2 11 33
4 2 6 59
6 4 13 37
6 3 11 39
6 2 7 16
3 2 14 59
5 2 9 33
1 3 13 42
2 2 14 42
1 2 19 40
1 3 3 3
4 2 8 33
1 3 16 19
5 3 7 46
4 2 15 43
4 2 11 50
3 2 15 6
3 3 13 47
8 3 6 24
3 2 5 63
7 2 6 15
7 2 7 8
8 2 4 35
4 2 6 24
8 3 13 42
2 2 6 25
3 3 2 34
6 4 9 53
8 2 18 38
7 2 9 21
4 2 5 41
4 3 10 47
2 2 7 33
2 2 3 57
6 3 13 43
7 2 12 62
2 2 6 2
2 2 2 15
6 2 1 35
3 4 8 52
8 2 4 37
2 3 13 39
7 2 2 31
5 2 9 7
7 2 8 8
3 4 5 29
8 2 15 6
1 2 6 62
6 2 12 57
7 2 17 20
4 2 9 38
6 2 7 37
7 2 10 54
1 2 4 27
7 2 6 20
2 2 13 21
5 2 17 39
3 2 16 21
4 2 9 62
5 2 10 36
6 2 2 30
7 4 5 34
2 2 11 7
3 2 9 21
1 2 12 39
3 2 8 57
5 2 11 56
5 2 8 23
8 2 8 25
8 2 14 55
5 2 10 53
6 2 14 39
5 2 11 49
7 2 2 7
3 2 7 5
5 2 7 28
5 2 12 53
8 2 8 22
7 2 7 22
7 2 6 6
8 2 17 11
8 2 13 43
6 2 6 19
5 3 14 21
8 2 2 62
1 2 5 64
6 2 10 6
7 2 4 62
5 2 9 39
3 2 14 40
3 2 15 39
5 3 5 41
5 3 12 7
4 2 6 63
8 2 4 16
7 2 3 18
8 2 9 7
7 2 11 40
3 2 10 45
4 2 13 39
6 2 4 63
6 2 4 15
4 2 4 57
8 2 7 65
6 3 6 64
8 2 4 6
8 2 9 53
2 2 3 57
7 2 6 15
4 2 11 40
6 3 8 19
1 2 12 37
5 2 10 44
7 2 7 4
2 2 7 4
7 2 9 53
1 2 7 14
7 2 12 40
5 2 8 13
1 2 4 17
4 2 6 16
5 2 9 15
6 3 7 65
3 2 8 17
5 2 5 16
6 2 9 20
8 3 4 57
8 2 3 9
4 2 6 28
6 2 8 53
2 4 7 27
8 2 9 39
4 2 8 35
3 2 10 10
8 2 11 58
7 2 13 54
7 2 7 65
4 2 9 10
5 2 7 20
3 2 15 12
8 2 9 11
6 2 11 13
4 2 7 28
7 2 10 8
3 2 6 20
4 3 3 57
3 2 6 15
8 2 12 54
8 2 8 61
4 2 13 11
6 2 4 37
8 2 12 58
7 2 8 7
5 2 11 11
5 2 5 65
2 2 8 61
2 2 7 56
3 2 4 5
6 2 7 57
2 2 6 19
4 2 4 4
2 2 11 38
7 2 8 58
6 2 6 4
1 2 3 4
4 2 3 10
5 4 4 4
6 2 8 60
3 2 4 57
5 2 3 10
3 2 6 6
5 2 7 55
1 3 6 56
6 2 4 10
7 2 10 37
2 2 9 11
6 2 4 5
5 2 3 10
6 2 6 6
1 3 9 12
4 2 8 62
1 2 7 23
8 3 7 62
1 2 6 6
5 2 6 61
7 2 4 1
2 2 7 53
7 2 4 5
1 2 6 17
8 3 4 17
1 2 4 3
5 2 3 1
3 2 3 1
4 2 7 60
4 2 5 16
