7336
3511
2 2 54 35
4 2 57 78
3 2 56 53
6 2 88 6
3 2 5 54
6 2 55 5
5 2 87 44
4 2 59 75
2 2 40 69
5 2 31 99
8 2 42 22
5 2 69 22
6 2 10 82
2 2 3 44
6 2 91 74
8 2 12 21
6 2 35 33
6 2 76 11
7 2 90 52
3 2 85 35
5 2 87 79
3 2 10 76
2 2 22 39
4 2 57 42
8 2 1 75
4 2 91 82
5 2 92 54
4 3 86 42
8 2 41 78
4 2 81 83
5 2 79 99
5 2 17 70
6 2 45 51
8 2 22 49
6 3 59 55
1 2 88 4
1 2 28 58
3 2 24 98
1 2 60 37
7 3 41 69
4 2 17 15
5 2 67 89
3 2 44 84
6 2 51 66
7 3 9 23
3 2 55 35
7 2 25 83
6 2 15 70
5 2 65 8
6 2 35 51
8 2 21 26
4 2 47 51
6 2 64 57
5 2 24 71
5 2 21 79
1 2 37 38
4 2 31 57
7 2 31 61
3 2 23 22
7 3 10 77
4 4 10 56
2 2 10 100
7 2 75 69
6 2 18 79
3 2 78 87
5 2 35 8
4 3 30 38
3 2 61 2
1 2 7 94
5 3 11 40
7 2 34 49
1 2 62 1
8 2 82 3
6 2 75 56
4 2 49 30
2 2 44 90
2 2 74 17
4 2 17 41
8 2 87 47
2 4 34 81
4 3 94 43
4 3 29 10
1 2 90 73
6 2 22 82
2 2 64 49
6 2 63 98
5 3 51 84
7 2 15 30
7 2 73 59
1 2 91 19
5 2 83 9
6 2 94 57
5 2 67 49
8 2 64 76
4 3 36 15
6 2 83 59
6 2 56 52
8 3 11 95
6 2 34 37
3 2 37 27
3 2 24 92
4 2 27 32
5 4 71 67
4 3 75 15
3 2 59 94
8 2 66 21
6 2 28 6
6 2 85 42
8 2 60 88
4 2 66 31
3 2 54 68
7 2 68 70
4 3 51 47
2 2 37 25
4 3 10 11
7 3 52 70
3 2 5 90
5 2 6 16
8 3 89 98
5 2 28 17
7 3 36 10
8 2 35 99
8 3 71 24
3 2 3 83
1 2 72 80
1 2 74 37
3 2 44 67
1 2 41 80
6 2 70 81
1 2 40 28
6 4 9 75
1 2 95 73
7 2 54 5
3 2 82 30
2 2 49 94
2 2 73 8
3 3 54 79
8 2 27 2
4 2 38 93
6 4 95 98
2 4 8 95
5 2 66 90
3 2 43 29
1 3 76 9
7 3 88 60
6 2 25 98
8 3 11 26
6 2 35 87
5 2 27 79
7 2 78 16
4 2 85 30
8 2 31 49
8 2 56 2
2 2 56 1
4 4 40 30
1 2 86 28
5 2 47 47
5 3 89 3
4 2 97 87
5 2 93 97
4 3 75 58
8 2 42 67
1 2 7 49
3 2 71 72
7 3 93 92
4 2 72 68
2 3 29 59
4 2 89 7
4 2 67 1
8 2 1 66
7 2 42 50
1 2 27 29
5 4 58 75
4 3 55 14
8 2 30 79
6 2 17 16
8 2 67 51
6 2 25 6
8 2 69 35
1 2 71 2
6 2 8 90
8 3 9 80
1 4 65 27
7 2 67 73
6 3 34 96
1 2 48 3
4 2 57 53
6 2 44 56
3 2 60 76
2 2 64 70
6 2 74 97
6 2 33 15
8 3 45 95
6 2 31 95
2 3 73 45
2 4 11 24
6 3 34 56
2 2 84 13
7 2 35 79
8 3 75 14
8 2 29 53
8 2 56 12
8 2 47 8
5 2 84 87
7 2 31 57
5 2 48 93
6 3 67 30
3 2 84 71
7 2 56 76
7 4 46 93
7 2 84 97
6 2 82 13
6 2 78 35
4 3 62 70
5 2 30 25
7 2 4 29
6 3 52 58
4 2 50 11
8 3 31 66
2 3 66 23
7 3 24 76
3 2 83 27
8 3 10 87
5 2 47 18
2 2 50 7
5 3 72 93
7 2 44 6
4 2 75 48
7 2 62 100
7 2 64 67
2 2 52 11
6 2 60 23
6 2 10 96
6 2 87 80
6 4 57 37
8 2 46 87
2 2 89 4
3 2 74 44
2 2 69 33
6 2 25 76
2 2 1 98
1 2 24 27
5 3 9 85
2 2 63 85
3 3 88 56
3 3 14 38
5 2 38 26
2 2 93 24
7 3 82 40
4 6 9 29
6 3 17 75
6 3 61 65
1 2 47 8
7 2 32 97
3 2 81 93
1 3 74 27
8 2 89 56
4 2 87 39
7 2 20 24
1 2 33 21
8 3 86 5
1 2 83 82
2 2 72 96
6 2 55 20
7 2 87 70
6 4 9 29
7 3 58 52
2 2 51 52
8 2 58 32
5 2 89 57
7 2 54 61
2 4 11 78
5 2 36 26
7 2 3 68
5 2 31 87
4 6 10 82
2 3 48 60
7 2 26 41
2 2 48 80
7 4 68 34
7 2 54 38
4 2 8 90
8 3 85 51
4 5 57 92
6 2 7 79
7 2 76 88
3 2 54 24
3 4 69 25
2 2 31 40
8 3 79 98
6 2 75 7
4 2 6 15
1 2 67 97
6 2 87 73
8 2 54 30
5 2 54 2
3 2 55 82
5 2 68 82
8 2 63 69
7 2 63 31
5 2 81 92
8 2 47 2
2 2 32 29
7 3 65 22
6 2 4 24
2 2 49 32
1 2 39 11
6 2 29 38
7 3 28 26
8 2 25 66
4 2 30 62
6 2 14 51
1 2 20 37
4 3 16 82
8 2 58 7
4 2 42 75
3 2 52 38
3 2 81 20
7 2 33 83
4 3 36 97
6 2 50 16
4 4 9 98
6 3 35 30
2 2 49 100
2 2 55 98
5 2 80 44
4 3 27 5
6 2 24 9
1 2 45 37
7 2 77 13
7 3 77 23
2 2 82 72
7 3 85 23
6 2 23 99
3 2 76 66
5 3 84 79
1 3 67 36
2 2 52 60
5 2 68 76
2 2 71 94
1 2 71 46
2 3 45 95
7 2 21 43
1 2 47 18
7 4 38 25
6 2 66 57
4 2 77 1
8 3 64 73
6 2 65 46
1 2 83 53
1 2 26 90
6 2 60 72
4 3 83 93
2 2 54 52
2 5 15 79
7 2 79 35
6 2 34 74
4 4 6 77
2 2 28 14
8 2 79 69
5 2 72 35
1 2 62 82
3 2 26 62
4 4 12 78
5 3 22 78
3 2 62 31
2 2 47 4
4 2 60 65
4 2 47 5
2 3 10 41
1 2 72 14
8 2 33 10
5 4 29 57
1 2 73 43
2 3 38 31
6 2 13 83
2 2 79 40
7 2 42 25
6 2 14 16
4 2 54 40
1 3 76 2
7 2 64 83
7 2 32 70
4 2 50 87
3 2 46 81
3 2 60 100
6 2 12 79
8 2 6 12
6 2 87 54
5 4 47 58
4 2 29 87
8 2 21 80
2 2 44 78
5 3 10 57
6 2 8 83
8 2 78 53
1 2 85 12
2 2 55 50
7 2 34 52
4 2 46 91
4 2 36 86
6 2 71 51
4 2 60 99
7 2 9 58
2 2 76 8
1 3 11 81
1 5 44 81
2 2 16 100
2 2 38 28
6 2 76 24
8 2 10 33
1 2 29 54
7 2 79 80
3 2 85 41
6 2 11 74
1 2 51 10
4 2 36 31
8 3 54 50
7 2 46 15
4 3 10 39
3 2 86 62
5 5 81 25
7 2 38 6
8 2 10 60
7 2 66 30
6 2 40 17
5 2 73 27
2 3 59 95
4 3 68 29
4 2 51 69
4 2 55 62
6 2 4 78
7 2 86 76
5 2 16 40
1 2 20 27
4 2 89 12
3 2 55 29
5 2 79 34
6 2 39 20
2 2 75 12
2 2 60 100
5 3 41 34
6 2 81 25
5 4 48 32
6 2 75 75
3 3 28 39
4 2 70 41
7 2 27 99
6 2 18 74
1 2 67 68
5 2 87 60
5 2 63 29
7 2 47 20
6 2 39 48
1 2 13 51
3 2 37 9
5 2 92 62
3 2 11 76
1 3 59 72
1 2 78 55
1 3 63 90
5 3 40 3
1 2 22 42
4 2 16 98
4 2 39 65
4 2 35 37
3 2 8 12
1 2 61 28
7 2 53 31
6 2 10 60
3 2 21 46
4 2 6 42
4 2 37 69
1 2 77 29
1 2 76 99
6 2 29 48
2 2 15 77
6 2 72 98
7 2 28 50
2 2 3 90
1 2 9 37
2 2 7 14
4 2 24 30
8 2 72 77
8 4 69 95
5 2 35 54
2 3 13 43
7 3 45 79
7 2 55 49
6 2 69 30
7 2 49 94
6 2 59 57
1 3 70 20
8 2 18 73
8 2 24 85
2 3 25 23
2 2 42 51
8 2 61 81
4 2 13 24
2 2 79 87
4 2 78 14
6 4 9 20
5 2 50 33
4 2 74 88
8 2 26 60
8 3 58 47
6 3 23 74
7 3 81 48
6 2 69 14
8 3 76 29
4 2 16 39
4 2 83 11
1 3 36 54
7 3 46 42
7 4 83 85
6 2 27 42
2 3 88 44
7 5 70 96
4 2 8 24
3 2 68 26
5 2 36 66
8 2 62 93
3 2 53 97
6 2 10 11
5 2 4 54
1 2 57 45
7 3 30 34
6 2 78 87
6 2 85 44
4 3 58 59
8 2 9 10
7 3 13 69
6 2 39 11
3 2 29 61
7 2 58 9
4 2 37 99
2 2 24 35
8 2 45 55
2 2 69 15
8 4 18 42
1 2 28 18
2 4 78 50
6 2 80 33
7 3 30 87
5 2 62 9
3 2 39 59
4 2 64 78
2 2 70 14
7 3 12 77
4 2 9 21
3 2 78 81
3 2 40 50
2 2 42 62
8 2 20 94
4 3 70 66
6 3 77 30
6 2 40 93
4 2 6 50
5 2 6 71
7 2 54 33
3 2 63 6
5 2 68 14
3 2 62 2
8 2 46 59
3 2 62 12
2 2 17 94
1 2 63 72
4 2 33 5
6 3 31 28
4 3 18 21
6 2 41 86
5 2 70 25
4 2 13 94
3 2 27 29
4 3 82 96
7 3 78 75
1 2 56 96
7 2 59 59
7 2 10 83
7 2 15 40
7 2 41 83
6 2 16 83
6 3 47 32
1 3 57 64
8 2 62 47
1 3 27 72
8 2 70 42
7 2 3 77
4 2 28 28
1 2 19 54
1 2 84 6
4 4 21 93
2 2 75 22
3 2 23 59
6 2 63 26
8 2 37 53
4 3 73 29
5 2 25 64
6 3 48 64
2 2 55 14
1 2 66 96
8 2 57 71
5 2 68 81
7 2 31 93
6 3 28 99
8 2 36 93
1 4 45 60
3 2 79 5
4 2 74 95
3 2 28 2
5 2 86 72
1 2 18 81
8 2 44 80
8 2 50 14
4 3 15 78
2 2 78 76
5 2 78 41
8 3 69 92
2 2 65 86
2 3 46 77
3 2 55 9
2 2 53 74
5 2 76 8
6 3 34 97
6 2 67 20
1 3 37 17
3 2 59 19
7 3 45 85
6 2 78 68
6 2 53 80
1 2 41 61
2 3 14 23
2 2 7 50
6 2 65 74
6 2 27 17
6 2 62 77
4 2 59 33
1 2 24 67
6 2 13 37
2 2 63 32
5 2 62 48
7 2 76 69
2 2 40 48
5 2 69 90
6 2 39 26
7 2 45 32
1 2 90 91
8 2 66 84
5 2 41 46
5 2 41 29
2 2 44 43
8 2 30 96
3 2 30 84
6 2 44 49
1 2 16 73
3 2 36 23
2 2 49 72
8 4 68 16
6 2 74 47
6 2 42 3
7 2 64 13
4 2 71 91
3 2 49 64
7 2 79 100
6 2 73 84
2 3 72 32
1 2 20 9
6 2 21 17
6 2 50 57
2 2 12 28
2 2 16 51
7 3 56 85
4 2 32 75
4 2 75 90
2 3 74 70
8 2 78 3
8 2 1 22
5 2 26 22
8 2 11 66
4 2 68 44
1 2 66 78
1 2 47 75
5 2 54 49
2 2 73 74
6 2 82 92
4 2 54 22
7 2 49 88
6 2 43 26
4 2 36 94
1 3 10 27
5 3 39 14
7 4 70 92
8 2 80 16
4 2 65 70
1 2 48 78
7 3 65 25
6 4 37 66
4 4 67 99
2 2 61 59
1 2 33 78
2 2 7 30
5 2 53 60
2 2 24 99
3 2 45 17
3 2 17 12
1 2 63 4
3 2 11 22
2 3 29 21
8 2 35 5
6 2 59 34
5 3 17 84
6 2 53 41
3 2 72 87
7 2 39 3
4 4 13 31
2 3 28 2
5 3 11 99
7 3 26 88
5 2 30 34
8 2 27 28
5 2 11 95
6 2 69 40
4 2 69 42
2 4 57 59
4 3 79 55
5 2 12 60
6 3 83 67
7 2 44 61
6 2 75 32
6 2 71 48
1 3 9 84
4 2 41 66
1 2 45 45
1 2 30 62
2 3 45 85
3 3 74 7
1 2 45 13
3 2 14 45
5 3 38 52
2 2 74 3
2 3 10 86
2 2 22 74
4 4 46 19
4 2 60 24
1 2 8 29
1 2 8 55
6 2 57 22
4 2 47 32
5 3 36 70
6 3 42 99
4 2 40 10
1 2 7 85
5 2 11 50
2 2 23 28
5 3 73 90
1 2 6 83
5 4 21 76
4 2 71 17
6 2 19 60
5 3 67 50
6 2 52 64
4 2 52 21
2 2 74 71
2 2 55 80
5 3 18 40
2 3 24 51
8 2 39 53
7 3 11 43
2 3 41 29
5 2 34 34
5 3 55 5
7 2 73 38
5 2 86 19
2 2 57 27
4 3 62 25
4 2 23 83
1 2 41 54
7 2 33 31
6 4 17 54
7 2 50 60
7 2 66 66
1 4 58 68
4 2 22 46
7 2 11 34
4 3 46 78
5 2 37 60
3 2 82 12
2 3 29 51
2 2 67 82
6 2 33 52
8 3 65 87
8 2 10 29
7 2 16 59
5 3 45 15
1 2 63 81
7 3 8 78
4 2 28 27
4 2 28 85
4 2 36 17
6 2 8 45
1 2 18 60
1 2 18 12
6 2 78 19
1 3 12 83
2 2 32 67
7 3 59 58
6 4 7 54
6 3 71 43
8 2 68 38
5 3 75 48
1 2 64 63
7 2 70 3
4 3 73 7
8 2 52 41
7 2 83 37
7 5 52 93
5 4 44 71
4 3 22 74
6 2 36 75
6 2 15 10
6 4 39 61
6 4 44 80
8 2 63 22
4 4 54 54
6 2 27 62
8 2 24 74
2 3 31 94
3 2 9 22
7 2 53 77
7 2 10 61
4 2 72 73
2 3 76 11
2 2 31 29
7 2 45 86
1 3 81 65
5 4 36 53
5 2 56 58
8 2 58 69
8 2 43 11
8 4 14 52
3 2 72 85
2 2 49 77
8 2 14 89
7 2 17 49
1 2 83 64
6 5 43 11
6 2 73 25
6 3 46 91
3 2 11 9
6 2 22 39
4 3 17 46
6 2 4 84
6 2 63 51
3 2 44 20
1 2 23 100
2 2 41 69
1 2 58 38
6 2 12 100
2 2 8 14
7 2 31 68
1 2 26 83
2 3 8 97
3 2 47 21
3 2 75 53
4 2 43 95
1 4 10 96
8 2 40 82
1 3 31 28
1 2 71 63
1 2 81 34
2 2 46 97
2 3 12 39
4 2 51 75
3 2 28 98
1 2 68 90
4 2 73 24
8 2 35 26
2 2 68 1
6 2 29 60
7 3 41 60
3 2 58 77
3 2 58 39
4 2 11 51
4 3 20 51
2 2 23 84
1 2 33 7
1 2 14 98
7 3 26 100
1 2 69 80
3 2 48 54
1 3 56 90
5 2 42 55
4 2 12 50
1 2 41 20
7 2 37 66
1 2 75 37
5 2 23 82
8 2 29 12
5 2 30 22
7 2 30 59
3 2 52 72
2 2 24 10
4 2 54 15
5 3 25 99
4 2 27 81
3 4 35 61
2 3 43 9
4 2 17 60
4 2 38 45
6 2 17 35
2 2 15 31
5 2 63 85
7 2 84 4
1 2 58 48
6 2 33 83
2 2 70 81
3 4 42 64
4 2 71 58
1 2 45 33
5 2 24 29
7 2 27 19
8 2 67 58
7 2 29 15
3 2 28 26
5 2 31 46
1 2 56 59
3 2 53 68
2 3 66 42
6 2 36 38
8 2 53 76
5 2 47 18
1 2 77 38
8 2 24 76
1 2 64 73
2 2 63 37
5 3 20 25
2 2 45 29
4 2 22 48
8 2 34 56
4 2 22 16
6 3 45 38
7 2 21 49
1 3 56 67
8 2 42 33
8 2 49 37
6 2 26 100
1 2 82 18
8 2 45 47
1 2 71 61
8 2 79 92
6 2 24 25
4 2 52 87
3 2 37 26
5 3 41 62
6 2 31 70
8 2 59 62
1 2 29 19
6 3 48 59
6 2 45 46
8 2 69 6
2 4 66 96
5 2 71 14
3 2 45 40
6 2 35 78
8 2 28 26
1 3 35 90
5 2 16 58
2 3 46 67
8 5 70 8
6 2 47 4
6 2 59 5
7 3 14 60
7 2 67 68
6 2 67 38
6 3 69 89
2 2 81 16
2 2 38 42
3 5 31 11
8 2 26 56
1 2 20 64
6 3 29 19
6 2 51 29
4 2 25 25
2 2 48 6
2 2 53 89
4 3 61 52
6 2 74 17
8 2 69 90
8 2 57 54
4 2 46 33
3 3 54 55
7 3 50 13
6 4 17 46
5 3 78 88
4 2 25 9
7 2 25 29
6 2 32 70
2 3 24 100
8 2 38 63
6 4 43 69
7 2 36 29
6 2 63 72
8 2 49 91
3 2 53 26
1 2 52 47
2 3 45 48
6 2 27 29
2 2 60 97
2 2 72 95
4 3 39 9
7 3 59 6
2 2 17 83
5 5 8 24
5 2 57 63
5 2 67 52
1 2 18 75
4 2 30 28
2 2 75 64
2 2 76 17
6 2 30 8
5 2 61 8
7 3 9 88
1 3 47 72
1 2 36 8
2 2 43 39
3 2 52 69
3 2 47 1
6 3 14 21
6 3 43 15
5 2 30 61
7 2 75 64
6 2 33 97
4 2 9 65
6 2 66 60
5 3 48 61
8 2 61 19
5 2 34 49
6 2 77 37
4 2 18 53
1 2 23 48
1 2 44 86
8 4 46 49
2 2 45 40
5 4 66 12
6 2 14 50
2 2 62 53
1 2 45 65
1 2 12 53
4 2 71 57
3 2 57 46
8 2 19 26
7 3 60 93
1 3 12 44
4 2 59 62
4 3 39 69
3 2 49 48
5 2 73 36
7 2 72 6
4 2 72 47
2 2 59 74
4 2 49 73
8 2 70 74
8 2 57 100
1 2 29 8
8 2 20 82
6 6 41 39
8 2 14 12
8 2 56 48
3 3 55 30
4 3 57 60
2 2 58 20
4 2 17 91
6 2 10 33
7 2 27 85
1 2 73 71
4 2 53 18
1 2 27 63
8 2 66 52
4 2 51 30
3 3 52 89
7 3 43 68
4 2 70 74
4 2 72 3
7 2 7 24
2 2 12 85
5 2 11 90
4 2 21 100
5 2 60 35
3 3 59 56
1 2 29 45
5 2 37 79
4 2 42 55
6 2 14 89
2 3 41 21
4 2 15 68
3 3 38 12
4 2 42 32
5 2 14 45
3 3 65 81
2 2 20 46
5 2 43 81
1 2 11 74
2 2 39 88
5 2 50 16
6 3 16 25
3 2 71 11
1 2 59 93
1 2 13 41
6 2 30 33
5 3 24 40
7 2 50 90
4 5 37 84
3 3 42 10
6 2 73 64
2 2 52 87
4 2 45 11
2 4 62 93
2 6 61 86
5 2 27 16
5 2 48 65
7 2 13 15
2 3 53 57
2 2 47 42
2 3 55 91
2 2 71 79
8 2 48 5
2 2 66 61
8 3 50 69
6 2 59 36
7 2 15 88
6 3 24 74
5 2 60 55
1 2 57 73
1 2 10 64
8 2 33 85
8 2 75 38
6 2 36 84
4 2 20 81
6 2 69 43
7 2 57 50
8 3 47 65
3 2 65 37
2 4 52 68
5 2 62 42
3 3 50 93
3 3 61 74
3 2 27 93
1 2 39 66
3 3 64 16
6 2 60 69
2 2 23 62
2 2 16 73
1 3 35 64
4 2 28 91
4 2 11 76
3 2 79 18
3 2 62 32
8 2 39 61
1 2 71 31
8 2 46 22
2 2 52 85
7 2 42 99
1 4 54 8
8 2 40 20
8 2 71 44
7 2 50 49
8 3 25 28
3 2 59 98
4 2 33 57
7 2 28 61
1 3 39 54
7 3 54 85
4 2 43 99
7 4 74 3
4 2 10 24
5 2 61 63
7 2 18 21
8 2 60 66
7 4 33 12
5 3 65 71
6 4 62 61
4 3 52 3
5 3 30 90
4 3 53 11
8 2 14 39
4 2 11 43
1 4 42 56
4 2 69 79
2 2 1 57
5 2 57 99
2 3 40 13
7 2 61 15
2 4 17 75
5 4 7 79
1 2 44 46
6 3 38 76
4 2 8 54
4 2 76 47
8 3 7 83
8 2 53 24
3 2 31 65
4 2 18 65
4 2 6 87
7 2 45 96
7 3 24 51
1 2 13 45
1 2 65 48
5 2 47 80
2 2 34 55
8 3 32 41
6 2 13 64
5 2 25 46
7 2 40 14
4 3 29 74
7 2 24 91
8 2 24 92
6 2 57 92
4 3 17 76
5 2 61 95
1 2 65 90
8 2 29 15
7 3 36 58
1 5 64 41
8 2 71 44
4 2 8 45
6 2 52 93
1 3 20 84
1 2 40 91
7 2 4 78
2 2 47 19
6 2 8 66
7 3 63 44
7 4 9 99
2 3 10 59
1 3 44 80
3 2 77 72
5 3 64 30
1 2 53 95
8 2 51 59
1 4 35 29
8 2 17 34
6 2 62 21
8 2 36 85
5 2 51 53
1 2 21 39
4 2 32 62
3 2 65 71
5 3 41 89
3 2 45 8
1 2 34 32
8 2 49 12
7 2 15 23
8 3 48 65
2 4 15 41
4 3 46 5
6 3 49 87
8 2 47 71
5 3 25 64
6 2 9 23
5 2 4 78
1 2 39 7
7 2 70 31
5 3 20 14
7 2 29 88
4 3 47 38
4 2 11 63
6 2 48 8
1 2 36 51
2 2 25 90
4 3 71 36
1 2 60 90
8 2 51 88
6 2 65 86
5 2 44 90
5 5 48 71
7 2 14 85
7 2 59 60
3 2 59 36
2 2 50 97
8 2 53 26
2 2 52 20
6 2 65 71
6 2 10 86
7 2 73 6
8 4 64 63
7 3 49 25
6 2 38 62
7 2 63 53
8 2 54 26
7 2 19 95
7 3 51 56
3 2 32 62
6 2 13 74
7 2 74 34
5 2 56 73
5 2 21 28
5 4 57 33
8 2 71 71
7 2 57 77
7 2 48 14
5 2 26 82
5 3 11 45
5 2 38 25
8 3 8 76
2 2 3 53
3 2 16 73
1 2 51 16
1 2 24 90
4 4 59 60
3 2 42 97
1 2 34 63
8 3 53 6
4 4 40 91
1 2 29 82
4 2 30 8
7 2 64 66
6 3 22 48
2 2 45 30
5 2 37 64
3 2 20 85
8 2 18 28
2 2 65 15
1 3 36 72
7 2 55 61
3 3 32 84
4 3 58 83
6 2 59 39
5 2 62 62
4 2 49 4
2 2 64 49
5 2 47 72
2 2 46 82
2 2 14 77
3 2 15 63
4 6 26 94
5 2 14 16
6 3 21 65
8 2 38 30
8 2 47 50
6 2 30 15
6 2 55 53
6 2 25 45
7 2 50 76
8 2 32 96
3 2 71 4
7 2 32 43
4 2 24 64
7 3 55 52
3 2 31 49
2 2 9 10
5 4 30 51
4 2 11 37
1 2 26 59
6 2 67 36
7 2 45 56
7 2 23 47
7 3 47 86
6 2 46 25
6 2 17 84
8 2 11 77
5 2 54 14
8 2 61 93
1 2 28 66
6 2 55 79
1 3 23 29
3 2 21 89
2 3 19 86
6 2 33 77
6 2 27 56
2 2 40 77
8 2 43 17
4 4 22 51
8 2 11 82
7 3 45 15
2 2 24 12
6 3 47 36
6 2 37 50
7 3 63 31
8 2 51 9
5 2 20 80
1 2 63 14
1 2 59 83
5 2 26 89
5 2 8 55
1 2 23 81
2 2 36 93
3 2 35 51
5 2 42 72
5 3 32 19
2 2 53 56
6 2 53 80
5 2 11 9
2 2 62 52
2 3 50 4
1 2 49 24
8 3 17 46
7 3 62 10
3 2 15 75
7 2 32 79
2 2 21 49
3 2 13 43
8 3 29 64
1 2 51 22
1 2 15 25
2 2 60 20
3 2 38 48
3 3 59 43
6 4 40 85
2 2 28 43
2 2 46 37
6 2 6 16
2 2 49 30
7 2 35 70
4 2 49 77
4 2 57 98
2 3 15 86
8 2 65 31
2 2 51 99
5 3 50 28
3 3 24 29
1 2 59 5
1 2 17 20
4 2 51 87
7 2 68 19
8 2 32 29
8 3 21 91
1 2 63 10
1 4 27 96
1 2 43 39
5 2 57 67
6 2 39 43
4 2 43 48
6 2 49 55
8 2 14 76
5 2 13 90
4 2 50 26
1 2 24 41
1 3 39 90
6 2 24 25
6 2 25 11
1 2 34 99
2 3 21 92
5 2 58 18
7 2 12 75
3 2 3 38
1 3 46 20
4 2 58 69
3 2 39 2
4 2 50 7
6 2 38 94
5 2 24 18
4 3 13 55
8 2 53 87
3 2 54 93
6 2 11 41
4 3 29 96
5 2 28 2
4 3 22 13
1 2 52 96
4 2 53 52
4 3 28 85
5 2 39 8
2 3 11 32
8 2 29 49
6 3 53 13
2 2 19 65
3 2 52 96
4 2 27 60
4 2 29 24
3 2 54 20
3 2 51 54
8 2 58 35
3 2 19 14
7 2 37 68
2 2 8 50
6 2 41 95
4 2 60 79
1 2 38 15
1 2 10 87
3 2 31 43
4 2 42 46
4 3 47 39
2 2 48 28
7 2 64 58
2 2 28 66
1 2 42 24
1 2 59 49
7 2 45 61
1 2 48 54
1 2 6 28
4 2 38 96
4 2 16 57
5 2 57 39
7 2 14 25
8 4 10 43
6 3 56 99
3 3 11 92
4 2 57 37
4 2 6 94
8 2 37 12
8 3 41 27
1 2 40 69
3 2 38 45
3 2 45 4
3 2 8 54
2 2 69 35
1 2 65 63
4 2 45 81
1 3 57 16
2 3 22 92
7 2 47 2
4 4 44 46
2 2 28 84
3 2 16 54
1 2 55 46
4 2 10 61
5 2 68 71
8 3 13 86
6 2 46 65
5 3 20 53
1 3 57 27
3 3 51 52
6 3 23 84
3 2 64 37
4 2 32 45
5 2 30 79
4 2 27 91
3 2 56 15
6 2 59 18
7 2 38 52
5 2 34 36
3 2 15 50
2 2 29 65
7 2 57 16
2 4 30 82
6 2 52 98
2 2 39 25
1 3 51 89
1 2 55 33
1 2 22 46
7 3 48 43
7 2 51 71
3 2 65 56
1 2 63 57
6 2 56 67
4 3 60 65
5 2 65 11
4 3 37 12
8 2 59 36
1 2 41 74
4 5 30 60
2 2 62 20
4 2 28 55
4 2 55 18
3 2 51 21
5 2 27 94
5 3 52 26
1 2 59 8
7 2 65 22
5 2 28 99
3 2 63 22
5 2 75 35
4 2 46 42
7 2 37 87
1 3 16 24
7 2 20 58
4 2 15 73
1 2 22 78
1 2 47 37
2 2 58 23
6 2 33 52
6 3 7 24
4 2 17 42
3 3 12 66
4 3 50 66
7 5 19 41
3 2 22 53
2 2 52 67
4 2 60 63
8 2 46 85
6 2 43 86
8 3 56 71
2 2 10 43
6 2 39 90
7 2 45 58
3 2 9 37
5 2 64 44
7 6 11 54
2 2 63 21
7 3 14 35
7 2 46 25
8 2 60 79
5 3 46 45
1 2 63 45
4 2 18 91
8 2 37 77
5 2 36 7
6 2 58 74
2 2 18 34
7 4 44 5
2 2 58 46
2 3 54 87
3 2 44 43
6 2 37 76
6 2 39 17
7 2 14 42
6 2 53 60
4 2 25 19
4 3 18 40
4 3 7 96
2 2 27 19
1 2 27 84
4 2 51 97
6 2 52 1
5 2 50 97
8 2 50 19
4 2 43 29
5 3 11 52
7 2 12 66
2 4 53 98
1 2 30 88
8 2 57 49
6 4 35 70
6 2 36 7
1 2 46 90
7 2 25 41
5 2 29 30
7 2 13 48
6 2 50 73
7 2 26 99
8 2 18 80
5 2 5 39
2 3 38 83
4 2 28 18
1 3 20 19
8 2 48 75
8 2 18 17
8 2 37 24
5 2 25 58
6 2 37 19
5 2 56 63
1 2 39 20
5 2 43 60
7 2 25 94
7 2 42 88
7 2 16 14
1 3 18 72
4 2 49 89
4 3 60 32
5 2 14 95
3 2 22 13
5 3 11 31
8 2 66 35
5 5 46 21
4 3 21 78
5 2 32 67
5 2 27 7
4 2 26 25
6 2 26 54
7 2 59 7
8 2 14 22
8 2 24 20
6 2 53 16
4 2 37 73
2 3 19 17
3 2 19 99
7 2 3 23
6 2 51 46
3 2 23 90
7 2 36 77
4 4 23 42
6 2 19 36
4 2 51 35
2 2 37 16
4 3 41 60
6 2 43 39
3 2 36 62
3 2 24 21
5 3 49 81
8 2 23 22
5 2 63 3
5 2 40 73
2 2 51 95
2 2 28 14
6 2 15 94
3 2 35 6
5 2 43 41
7 2 35 14
6 2 45 29
4 2 30 64
5 2 23 42
2 2 34 67
7 2 38 97
3 3 26 53
1 2 36 31
5 2 24 35
6 2 22 90
1 2 49 28
5 3 44 24
7 2 27 67
5 2 15 11
2 2 26 32
7 2 38 10
8 2 30 60
1 2 48 65
5 2 32 4
4 3 25 20
8 2 36 31
4 3 35 75
4 3 32 15
2 3 45 76
5 3 41 13
2 2 33 26
2 2 49 16
7 3 10 31
2 3 37 33
3 2 50 14
6 2 46 30
8 2 33 25
4 2 15 32
6 2 65 47
5 2 45 77
5 2 55 3
2 2 28 24
5 2 11 39
1 2 40 93
1 2 29 60
6 4 15 84
5 2 16 24
4 3 24 83
2 2 36 65
2 2 25 49
7 2 20 83
7 2 29 50
4 2 53 48
2 3 31 15
1 2 24 41
2 2 26 96
8 4 20 99
8 2 39 31
5 5 32 54
6 2 4 69
1 2 51 30
1 2 24 9
6 2 4 16
3 2 15 36
4 2 15 88
1 2 42 87
8 3 44 55
6 2 46 27
6 4 49 9
4 2 53 53
8 2 24 82
6 3 43 24
3 2 14 84
5 2 55 46
7 2 45 86
2 2 43 57
6 2 28 13
6 2 58 63
6 2 49 18
6 3 47 67
4 2 11 60
2 3 58 58
4 3 41 35
3 5 20 47
6 3 45 66
2 4 47 24
8 2 12 74
4 2 40 62
4 2 55 22
5 3 59 6
7 3 8 50
4 3 31 68
1 2 15 82
7 2 2 47
5 2 13 62
7 2 24 32
8 2 18 40
7 2 54 3
6 2 14 70
2 2 31 52
7 2 17 66
3 2 25 10
4 2 32 82
7 2 43 39
6 5 21 78
5 2 43 45
1 5 23 36
8 5 29 15
1 3 12 31
8 4 45 67
8 2 38 59
2 2 26 41
6 2 34 22
6 5 37 60
8 2 22 90
6 2 23 21
3 2 45 67
7 2 20 93
8 2 64 34
3 4 21 82
3 2 37 59
3 2 25 66
4 2 50 62
4 3 36 46
4 3 44 24
8 2 21 13
6 2 18 62
6 2 34 69
4 2 18 54
3 2 45 96
5 3 41 8
6 2 37 88
5 2 29 50
5 2 47 69
4 2 43 81
8 2 18 64
6 2 18 30
8 2 52 97
4 2 54 8
6 2 43 53
4 2 52 6
2 6 10 54
6 3 42 29
1 2 23 10
2 3 32 62
3 2 6 95
6 2 60 4
8 2 59 10
3 2 45 80
6 2 45 34
5 2 19 82
7 3 35 60
4 2 39 8
4 2 33 60
4 2 8 74
3 3 32 12
5 2 25 17
5 2 39 71
8 2 7 95
3 2 14 75
1 2 30 35
2 2 38 11
5 2 23 12
5 2 53 57
6 2 40 18
1 2 26 91
8 2 13 94
8 2 8 38
2 2 15 56
7 2 47 82
1 2 36 12
4 2 37 13
4 2 41 26
3 2 40 81
8 3 48 11
7 2 19 37
6 2 35 21
6 2 29 32
3 2 44 9
1 3 27 86
2 3 30 17
1 2 39 83
6 2 28 13
8 2 32 76
3 3 32 89
3 3 48 8
4 2 5 69
7 2 47 61
3 2 52 17
7 2 9 39
5 2 23 40
6 3 51 9
7 2 44 68
4 2 13 96
8 4 49 26
1 2 10 54
5 2 39 6
6 4 57 57
8 2 38 10
5 4 8 93
6 2 33 60
5 3 27 86
6 2 25 93
8 2 8 74
4 3 22 93
4 2 8 73
7 2 7 14
3 3 8 72
5 2 24 13
5 2 47 35
7 4 13 76
6 2 44 92
8 2 28 35
6 2 32 4
2 2 10 37
5 3 30 76
1 2 21 12
5 2 16 26
8 2 39 29
1 2 26 25
4 2 43 93
6 2 44 94
2 2 37 74
2 2 45 47
2 3 7 57
8 2 39 52
6 3 22 35
8 2 34 7
1 4 8 38
1 3 31 79
7 2 20 31
6 2 27 51
5 2 35 85
1 2 27 92
8 2 14 17
2 2 13 48
5 2 57 45
8 2 38 13
8 2 41 44
6 3 21 92
3 2 29 27
8 2 18 29
3 3 28 38
5 3 13 16
2 2 59 5
8 3 21 82
4 3 25 33
8 2 24 89
7 2 21 30
4 2 40 14
3 2 27 17
1 2 44 4
6 2 39 38
5 2 18 32
3 2 33 36
5 3 9 87
6 2 37 48
8 2 38 7
2 2 14 66
6 3 24 71
5 2 56 36
2 2 18 77
4 3 43 64
3 2 33 77
4 2 13 10
1 2 48 19
5 3 20 76
3 2 25 20
3 2 36 30
1 3 38 9
2 2 55 10
6 2 40 78
7 2 39 80
5 3 37 36
1 2 23 21
1 2 19 94
3 2 37 18
1 2 7 58
7 3 48 86
4 3 49 47
8 2 18 82
5 2 36 88
5 2 44 96
1 2 19 32
5 2 30 52
2 2 41 93
3 2 41 2
4 2 33 34
4 2 43 67
3 2 29 68
8 2 8 51
1 3 37 50
2 4 37 51
4 2 37 23
5 2 49 53
6 2 11 97
6 2 20 47
1 2 24 44
3 2 63 5
1 2 20 57
7 3 19 16
4 2 8 74
4 3 27 29
7 3 45 20
6 3 13 25
7 3 38 23
7 2 13 57
3 2 52 18
2 2 20 39
4 2 26 50
2 2 35 79
3 2 15 27
1 2 60 46
8 2 35 19
1 2 44 49
4 3 41 88
3 2 18 10
7 2 22 68
7 2 24 21
6 2 24 81
8 2 44 46
8 3 23 58
7 4 29 21
6 2 35 81
6 2 10 44
6 2 46 49
5 2 24 96
7 2 7 93
5 2 31 54
2 3 28 75
4 2 14 62
2 2 24 99
7 2 32 74
3 3 29 55
8 3 39 76
2 2 18 12
8 2 28 95
6 2 35 46
4 2 47 72
6 2 28 54
6 2 36 79
2 3 28 29
8 3 26 25
8 2 29 73
6 2 32 29
8 2 35 14
5 3 29 17
7 2 39 73
6 2 44 88
1 2 36 11
5 4 37 89
5 2 35 42
6 2 50 20
5 2 24 54
4 2 48 63
2 2 25 62
7 2 9 15
8 2 50 62
4 2 32 78
2 3 37 48
8 2 39 82
4 2 48 28
7 2 30 48
2 3 28 23
7 2 14 11
4 2 32 3
2 3 32 23
1 2 40 65
1 2 20 70
4 2 40 71
8 2 48 3
3 3 50 58
5 2 14 93
1 2 33 52
2 2 44 30
8 2 35 31
5 2 48 68
6 3 47 45
4 2 24 53
2 2 21 33
8 4 21 33
3 4 42 35
7 2 26 100
2 2 46 64
1 2 12 74
3 2 43 53
3 2 24 68
7 2 25 65
4 2 37 73
7 2 15 95
6 3 25 93
3 2 39 61
4 2 34 67
2 2 33 6
3 3 37 14
1 3 24 52
8 2 47 59
1 2 43 81
7 3 27 52
7 2 7 86
1 3 38 87
6 3 35 43
4 2 55 18
8 3 44 96
4 2 37 13
4 2 10 34
2 2 39 60
8 2 17 57
5 2 21 82
5 2 33 24
4 2 37 53
7 2 16 23
4 4 29 51
7 5 40 98
3 3 42 91
7 2 8 23
3 2 36 71
5 2 33 31
1 2 41 39
4 3 34 6
4 3 38 23
5 2 14 99
6 2 42 53
2 2 44 73
7 2 45 100
2 4 54 4
6 3 31 90
8 2 32 3
6 2 10 62
1 2 34 4
6 2 10 30
2 2 31 46
6 2 57 71
3 3 40 94
3 5 30 85
2 3 23 75
6 2 54 35
6 2 34 14
7 2 13 74
4 4 28 25
2 2 12 63
2 3 22 65
8 2 43 3
6 2 5 69
4 2 28 64
5 2 34 93
8 2 47 55
8 3 23 53
2 2 18 86
4 2 26 43
3 2 41 63
2 2 44 68
4 2 46 16
8 2 22 72
7 2 8 51
7 2 28 23
6 2 29 72
5 2 39 99
6 2 24 87
6 2 38 86
1 2 27 24
7 2 39 99
7 2 53 41
6 3 28 35
3 2 43 40
5 2 33 31
6 3 41 63
5 2 39 25
1 2 33 30
7 2 18 81
4 3 34 94
6 2 7 96
1 2 21 33
8 2 37 40
3 3 35 53
8 2 32 17
1 2 38 76
4 2 48 47
7 2 12 92
2 2 20 10
7 2 31 38
2 2 29 36
2 2 10 95
8 2 16 93
2 2 42 75
2 2 25 71
2 3 43 91
8 3 34 71
1 2 36 49
2 2 48 6
2 2 23 54
3 2 22 22
3 2 51 80
4 2 8 58
1 2 43 98
2 2 11 16
8 3 40 44
3 3 39 99
8 2 14 98
5 2 26 34
7 2 34 51
6 3 13 75
7 2 37 37
8 3 31 89
4 2 14 26
2 4 36 39
2 2 43 34
2 2 13 14
2 2 7 73
8 2 38 7
3 3 14 88
7 2 25 77
7 2 37 3
1 2 30 83
4 2 11 73
4 2 20 38
5 2 56 70
6 2 36 90
8 2 24 89
6 2 7 14
5 2 20 9
5 2 22 85
8 2 31 73
8 2 39 82
8 3 24 61
1 4 21 81
2 2 42 11
3 2 34 27
4 2 9 72
3 2 21 93
5 2 44 36
3 2 35 49
8 2 38 64
6 2 18 91
1 2 25 37
6 2 53 70
7 2 44 86
3 2 24 75
8 2 47 39
5 2 24 26
8 2 34 95
2 5 35 1
1 2 37 33
7 3 11 38
3 2 21 89
1 3 31 31
1 2 35 72
1 2 25 43
1 2 31 69
4 2 33 99
8 3 20 29
1 2 32 75
6 2 16 13
7 2 38 25
3 2 28 27
3 2 44 3
7 2 50 5
5 2 14 49
4 2 23 51
4 2 32 75
1 2 40 18
6 2 33 72
1 3 44 97
8 2 36 79
8 2 25 73
7 3 17 92
1 2 44 72
4 3 30 90
3 2 56 34
6 2 16 54
5 2 30 37
6 2 22 42
8 2 35 33
6 3 41 3
4 2 24 38
7 2 26 70
6 2 18 59
7 2 29 29
8 2 26 45
6 2 27 56
5 2 32 78
6 3 23 30
2 2 42 39
5 2 14 31
2 3 33 22
4 2 21 33
1 2 12 84
2 2 28 41
5 2 30 52
3 2 44 67
7 2 49 11
3 2 11 77
5 2 27 25
5 2 40 32
6 3 13 52
2 2 17 69
2 2 48 37
5 2 46 58
1 2 25 26
2 2 21 33
8 2 35 96
1 2 21 97
3 2 50 45
3 4 16 91
1 2 22 15
4 2 51 6
7 3 32 99
4 2 30 17
8 2 29 62
6 2 29 53
1 2 38 62
6 3 37 21
1 2 55 71
2 2 7 14
4 2 33 49
1 2 23 57
5 2 37 59
8 2 32 91
3 2 29 31
2 5 38 66
1 3 34 36
1 2 22 54
5 2 29 28
5 2 12 22
5 3 17 93
4 2 36 79
7 2 24 47
5 2 26 99
7 2 11 69
2 3 40 2
4 2 19 15
5 2 27 74
5 2 7 21
5 3 7 72
4 4 18 64
3 2 47 7
4 2 12 43
2 2 43 92
3 4 42 98
4 2 34 66
7 2 25 50
7 3 35 24
4 2 15 73
7 2 18 79
6 3 7 89
6 4 38 83
7 2 30 52
3 3 29 18
5 2 20 90
6 2 33 17
8 3 34 4
2 2 9 21
6 2 20 77
2 2 31 77
3 2 10 99
8 2 41 45
3 2 51 8
2 2 40 37
8 3 7 73
3 2 38 64
3 2 9 22
5 2 11 76
6 4 13 73
3 2 34 12
2 2 30 32
3 2 24 71
4 2 53 20
3 2 35 84
7 2 37 13
3 2 9 57
5 2 28 13
3 2 33 62
4 3 17 39
7 2 39 48
7 2 20 32
8 2 19 40
4 2 45 10
7 2 24 41
7 2 43 1
1 2 39 46
5 2 12 37
5 2 17 68
4 2 23 54
8 2 39 19
7 2 33 75
4 2 29 79
6 2 31 10
3 2 51 45
2 2 23 44
6 2 36 38
8 2 27 79
4 2 29 20
5 2 26 62
2 3 26 38
5 2 22 90
5 2 39 89
7 2 32 70
2 2 33 60
2 2 40 47
3 3 50 3
2 2 44 68
3 2 37 5
2 5 18 84
2 3 29 69
7 2 16 11
3 2 26 62
8 2 21 99
1 2 43 58
8 2 43 1
6 2 43 84
1 2 31 74
6 2 21 65
8 2 14 31
6 4 26 24
4 2 46 67
4 4 33 19
8 2 45 37
3 2 23 41
4 2 29 67
4 7 34 37
8 2 45 18
7 3 32 77
1 2 31 69
5 2 18 84
8 2 10 100
2 2 23 84
6 3 29 68
4 2 27 30
2 2 50 3
6 2 42 92
3 2 13 11
3 2 16 87
8 2 23 92
7 2 7 57
1 4 28 35
1 2 24 98
1 2 14 10
1 3 26 96
8 2 24 66
5 2 25 44
6 2 36 39
7 2 21 86
5 2 27 69
5 2 36 19
1 2 18 97
5 2 42 72
6 3 13 58
8 2 14 50
6 2 25 52
1 2 12 78
6 2 16 15
2 3 24 91
6 5 33 91
6 2 8 94
6 3 26 59
8 2 13 37
5 2 20 53
8 3 10 59
2 2 8 69
4 3 17 22
7 3 26 65
1 2 13 93
3 2 19 39
3 2 23 90
5 2 21 25
8 2 19 97
5 2 8 15
7 4 28 94
3 2 13 72
5 2 22 72
1 3 18 55
8 3 33 37
2 4 36 9
3 2 11 57
6 3 29 77
8 2 20 96
2 4 19 67
7 2 37 10
7 3 22 64
4 3 10 24
1 3 44 18
3 3 27 90
8 2 10 33
7 2 19 50
3 2 36 48
3 3 32 7
4 3 36 9
7 3 25 34
7 2 25 40
8 2 21 40
4 2 20 54
6 2 21 20
3 3 16 65
6 2 36 44
8 2 39 62
1 3 26 21
8 2 26 38
1 2 38 67
2 3 29 78
5 2 29 75
1 3 10 90
4 2 18 48
3 2 16 17
2 2 50 45
5 2 33 64
1 2 22 50
5 2 31 22
3 4 19 32
1 2 35 88
8 2 24 78
1 3 30 39
1 2 41 11
6 2 16 52
6 2 40 5
6 2 16 22
1 3 19 8
4 2 30 55
8 2 26 34
5 3 25 22
3 2 23 84
6 2 24 81
5 2 31 50
8 2 27 68
4 2 5 23
3 3 20 32
5 2 21 66
8 2 10 91
4 2 25 69
8 2 31 83
2 2 44 46
2 2 17 55
8 3 40 7
6 3 24 12
6 2 32 8
1 2 31 19
4 2 23 95
8 4 43 18
6 2 42 6
1 2 10 57
2 2 23 79
4 2 19 23
4 2 27 64
7 2 8 25
7 3 29 43
8 6 18 11
2 2 38 10
5 2 22 95
4 4 17 12
4 2 48 3
6 2 46 19
4 2 37 76
5 2 14 87
7 2 17 76
5 2 25 61
4 2 32 80
5 2 38 34
6 2 16 74
4 2 32 85
1 2 39 37
1 2 17 75
2 3 23 50
7 2 29 34
2 2 15 13
5 2 12 71
1 3 26 11
6 2 20 33
2 2 16 73
7 3 25 18
5 3 22 49
8 2 22 93
5 2 28 62
3 2 25 52
6 2 30 61
3 2 21 71
3 2 22 8
8 3 17 38
6 3 31 18
4 2 11 9
4 3 27 32
6 2 32 98
8 2 10 84
7 3 8 22
7 2 29 67
1 3 7 72
3 2 26 13
3 2 28 59
8 2 23 41
7 3 24 89
7 3 36 97
7 2 35 79
3 2 26 82
2 2 28 59
6 4 35 12
2 2 25 75
2 2 20 54
2 2 29 61
1 2 14 45
8 2 10 55
2 2 34 84
4 3 38 1
4 2 31 52
4 2 15 55
4 2 7 12
3 4 10 76
2 2 28 53
4 2 40 85
4 2 24 37
6 2 25 13
8 2 21 78
2 5 9 23
1 2 30 37
8 2 21 30
3 2 6 56
8 2 15 89
2 2 36 63
4 3 31 99
6 2 29 36
6 2 34 64
3 4 22 77
5 3 24 11
7 2 15 68
5 2 26 51
3 2 9 65
3 2 19 8
5 2 32 83
4 2 29 81
2 2 16 14
1 2 26 46
1 2 17 99
2 2 12 59
3 2 16 100
4 2 8 15
2 3 10 57
4 3 22 41
6 2 35 34
7 2 37 4
4 2 12 100
6 2 24 11
2 3 23 47
6 4 25 74
1 2 24 16
6 2 8 58
7 2 38 57
8 2 14 55
3 3 7 51
5 2 21 90
3 2 13 57
4 2 8 22
6 2 22 67
4 2 49 4
4 2 35 6
3 2 25 37
2 2 10 75
1 4 13 51
8 2 23 63
2 2 34 81
5 2 14 64
8 2 26 66
5 2 21 16
5 2 30 62
5 2 12 65
3 2 21 100
4 2 32 9
4 2 15 99
4 3 9 57
8 2 21 13
6 2 10 54
4 2 16 28
1 2 43 34
8 3 26 58
7 2 12 23
8 3 31 82
1 2 27 28
5 2 34 61
4 2 14 13
7 2 18 69
4 2 45 44
2 2 18 96
5 2 31 13
2 3 18 93
4 2 30 20
1 2 33 3
1 2 9 14
1 3 25 15
8 2 23 26
7 2 30 59
8 2 30 48
4 2 21 48
3 2 29 65
1 3 12 75
6 3 22 24
8 3 20 7
1 2 28 65
6 2 11 93
1 3 13 91
3 2 27 21
1 3 27 53
2 2 7 73
6 3 7 25
5 2 40 18
3 2 37 63
6 2 24 99
4 2 39 19
6 3 24 65
2 3 10 92
4 2 29 48
1 2 7 55
3 3 22 44
6 2 16 24
4 3 19 89
5 2 8 55
3 3 21 76
6 2 31 95
3 2 26 58
6 2 40 70
5 2 32 31
2 2 19 92
5 2 14 21
2 3 25 13
7 4 20 23
3 2 38 86
3 2 31 71
6 2 32 48
7 2 26 78
1 3 21 15
2 2 19 65
7 2 37 47
2 2 9 72
6 2 7 52
3 2 30 38
6 2 31 84
5 3 20 11
1 3 19 90
1 2 23 89
3 2 15 76
8 2 19 76
3 2 22 71
7 2 40 17
1 2 16 76
1 3 21 27
5 2 9 54
4 4 22 77
5 2 9 63
1 2 39 8
1 2 25 59
4 3 18 13
4 5 9 86
2 3 31 13
1 2 14 52
6 2 14 23
3 2 21 22
5 2 36 7
8 2 27 21
2 2 11 69
7 2 25 31
3 2 20 27
8 2 20 22
2 2 6 68
7 2 28 7
2 3 17 88
3 2 23 35
7 2 24 99
6 2 6 57
3 2 15 69
8 2 18 85
2 2 31 3
2 2 9 65
4 3 23 67
5 2 30 39
8 2 19 68
5 2 28 28
4 3 31 97
3 2 29 8
7 2 20 77
8 2 32 33
6 2 16 84
5 2 7 57
6 2 8 44
7 3 11 98
8 2 12 46
7 2 4 24
6 2 24 68
7 2 23 5
2 2 28 9
3 2 17 65
4 3 24 36
5 2 12 44
3 2 16 8
2 2 28 59
7 2 24 5
1 2 12 68
7 2 11 56
7 2 26 82
5 2 10 79
8 3 10 67
2 2 22 55
5 3 24 71
1 3 28 61
2 2 31 19
3 2 11 46
6 3 13 89
3 2 10 60
4 2 35 19
7 2 39 20
5 3 21 75
4 2 11 34
5 2 30 86
4 2 14 67
6 2 40 18
4 2 10 85
7 2 19 25
5 2 4 24
8 3 27 62
1 2 10 62
1 2 13 47
8 3 7 14
3 2 30 12
6 2 11 20
7 3 26 61
1 2 23 12
5 2 14 44
4 2 17 76
3 2 24 45
5 2 30 37
6 3 35 44
4 2 17 57
2 2 30 64
7 3 18 50
2 2 11 66
2 3 37 18
1 2 31 86
1 2 7 78
8 2 24 57
6 2 24 45
4 3 15 70
1 2 22 48
3 2 21 59
8 2 23 46
5 2 13 35
3 2 21 100
4 2 17 79
8 2 24 47
5 2 50 5
4 3 21 91
5 2 22 13
8 3 4 24
4 2 29 72
6 2 10 36
3 2 16 12
2 2 17 57
6 2 28 63
8 2 14 85
2 2 24 31
1 3 13 89
4 2 32 3
4 2 9 24
4 2 6 56
1 2 32 11
5 2 14 69
2 2 30 46
3 2 20 81
6 3 25 96
1 2 20 78
1 2 24 47
6 2 15 44
6 3 7 77
6 3 10 59
3 3 15 15
5 2 25 62
6 3 24 62
2 3 21 27
3 2 16 33
2 2 26 83
3 2 23 93
5 2 7 25
5 2 11 72
1 2 8 15
6 2 14 79
3 2 26 59
6 5 21 45
6 2 11 44
2 2 25 94
4 2 18 49
1 4 27 43
2 2 45 34
1 2 19 22
6 4 14 69
7 3 15 14
7 2 27 44
1 2 15 62
2 3 12 57
6 2 9 24
6 2 26 80
4 2 14 45
7 2 17 77
1 2 9 88
6 2 16 85
1 3 13 17
2 4 8 88
6 2 10 69
2 3 18 41
8 2 6 55
3 2 16 14
3 2 10 72
8 2 22 37
4 3 13 69
7 2 13 85
2 2 28 96
4 2 19 97
5 2 27 46
6 2 33 33
6 3 27 94
6 2 30 6
5 2 30 16
6 2 25 18
8 4 26 72
7 2 10 16
2 2 12 54
7 2 27 83
5 2 24 96
8 3 19 17
4 2 13 87
8 2 42 4
4 2 22 84
6 2 11 91
3 2 16 86
7 2 20 59
2 2 11 47
7 2 25 50
4 2 25 50
2 5 12 24
6 2 41 44
2 2 25 36
6 2 18 95
7 2 13 77
3 2 25 50
4 2 17 79
2 2 32 97
1 2 13 14
8 2 29 70
8 2 16 77
8 3 6 57
6 3 8 77
3 2 16 91
3 2 19 47
7 2 47 3
6 2 17 62
7 2 14 86
3 3 30 4
3 2 14 73
7 3 19 64
4 2 31 71
7 2 17 79
1 3 23 92
5 2 13 77
6 2 21 66
5 2 11 70
3 2 24 10
4 4 24 26
5 2 11 90
8 2 22 17
3 3 18 16
3 2 29 66
8 2 23 62
6 2 24 76
6 3 43 2
4 2 12 77
4 5 12 51
5 2 15 49
7 2 19 94
8 3 25 67
4 2 20 59
6 3 6 22
5 2 34 3
3 2 23 75
4 2 22 55
2 2 26 37
5 2 26 6
2 3 12 79
4 2 9 38
4 2 12 36
3 2 23 32
3 2 4 45
8 2 30 20
3 2 15 22
1 2 23 61
5 3 28 19
8 3 9 65
2 2 6 55
3 3 12 45
2 2 24 32
5 3 32 19
1 2 30 7
8 2 28 86
3 2 10 85
2 2 10 51
8 2 35 8
7 2 24 32
8 2 15 40
6 2 21 84
7 2 13 20
7 2 23 79
6 3 23 83
6 2 44 5
7 2 12 44
4 2 24 86
5 2 18 91
6 5 22 32
8 2 23 82
4 2 13 17
7 3 21 46
4 2 6 15
6 2 13 19
2 2 37 2
5 3 41 4
5 2 36 44
8 3 23 28
4 2 18 53
8 2 15 13
8 2 14 64
7 3 28 67
2 2 10 98
2 2 36 40
4 2 37 7
3 2 21 17
5 3 24 85
5 2 35 7
6 2 8 74
6 2 13 84
3 5 20 45
4 2 29 43
6 2 38 4
7 2 19 90
7 2 21 26
8 2 17 62
8 2 20 38
2 2 7 58
7 2 10 96
8 3 11 71
2 2 14 97
5 3 20 52
7 2 23 11
6 2 37 81
6 3 16 28
6 5 14 89
7 2 30 7
8 2 12 71
4 2 23 75
4 2 23 45
5 2 16 54
4 2 39 34
6 2 24 35
6 2 34 7
5 2 15 44
7 2 19 80
2 2 27 68
8 2 19 91
2 2 19 88
8 2 9 44
3 2 22 97
5 2 32 9
5 2 23 49
7 2 21 42
3 2 26 27
3 5 10 53
7 2 12 71
2 2 17 9
8 2 15 53
2 2 23 61
6 2 19 27
6 2 10 44
6 2 9 87
8 2 20 43
5 2 22 95
1 2 8 72
1 2 19 41
2 2 19 11
3 2 17 83
1 2 10 66
3 2 12 77
5 2 19 42
3 2 29 48
7 2 14 16
4 2 22 41
3 2 38 3
7 2 7 68
1 3 9 72
8 2 10 40
5 2 12 46
8 3 16 53
7 2 27 3
6 3 9 66
1 2 25 97
1 2 21 49
2 3 12 45
4 2 19 12
5 2 26 9
5 2 10 88
5 4 20 40
7 2 9 70
3 2 12 38
3 3 26 18
8 2 11 44
6 3 20 49
7 3 26 71
1 3 9 60
8 2 17 47
5 3 8 70
8 2 18 80
2 2 17 47
8 2 17 93
2 2 11 75
1 3 15 54
6 2 12 15
7 2 33 43
4 2 10 75
8 2 13 96
1 2 17 95
8 3 26 33
6 2 22 19
4 2 8 69
6 2 29 20
3 3 19 67
7 2 27 29
8 2 14 71
8 2 27 6
7 3 11 64
5 2 14 16
1 2 10 73
7 2 29 20
5 3 7 75
7 2 11 52
8 2 32 2
8 2 12 15
8 2 10 50
6 2 6 68
1 2 34 2
4 2 21 33
5 2 15 96
5 2 20 37
8 2 23 39
7 2 19 62
2 2 15 75
2 2 5 23
1 2 13 56
6 2 12 54
5 2 34 2
7 4 8 77
5 2 19 83
1 2 21 32
1 2 7 20
3 2 10 57
6 3 14 40
8 2 15 47
1 3 8 64
8 4 7 75
5 2 10 86
5 2 21 36
4 2 9 20
7 2 24 47
8 2 8 57
3 2 19 98
2 2 12 19
7 2 20 32
4 2 7 58
7 2 8 59
4 2 17 85
2 2 22 26
1 3 18 55
3 3 7 60
6 2 15 38
3 2 9 65
5 3 8 60
7 2 11 46
7 2 10 58
7 3 10 89
3 4 13 77
1 2 6 55
3 2 15 56
2 2 15 38
7 4 15 38
6 2 30 4
3 2 15 90
6 2 12 96
5 2 16 18
1 2 18 49
2 2 18 19
4 3 15 46
3 2 22 48
2 3 12 60
4 2 16 18
5 2 20 26
8 3 8 65
8 2 23 42
6 2 19 81
7 2 8 64
3 3 6 54
1 2 22 63
5 3 14 45
2 2 13 62
6 2 17 68
8 2 10 63
2 3 26 6
2 2 12 96
7 2 26 56
8 2 19 21
4 2 18 61
3 2 21 85
7 3 19 41
7 3 21 21
4 3 16 60
3 3 8 63
2 2 25 34
7 2 19 97
1 2 10 51
2 2 12 14
5 2 23 27
7 2 23 16
4 2 37 34
5 2 13 60
4 2 18 67
7 2 12 14
8 2 21 47
1 2 20 55
5 2 15 63
7 2 15 47
2 2 14 44
7 2 12 61
7 2 19 50
7 3 6 79
4 2 11 85
1 2 20 20
1 4 9 18
3 3 8 20
8 2 16 49
2 2 15 86
5 2 13 71
5 2 9 78
3 2 12 62
4 3 16 57
1 2 14 38
7 2 19 37
5 2 16 42
3 2 9 23
1 2 9 39
6 2 8 79
1 2 18 47
6 3 26 6
8 2 20 19
7 2 7 55
7 2 8 79
4 2 23 87
8 2 11 84
4 2 35 3
7 2 19 11
5 2 17 93
8 2 25 81
8 2 25 40
7 2 17 68
1 3 8 76
7 3 17 83
3 2 16 80
5 2 14 22
7 3 20 42
2 2 10 50
5 2 20 21
6 2 12 51
1 2 42 5
3 3 12 48
4 2 8 56
8 2 17 53
5 2 18 67
1 2 8 64
6 2 17 93
8 2 13 87
5 2 7 67
8 2 7 69
1 2 15 56
4 2 16 21
1 2 19 47
4 2 24 31
4 2 14 20
3 2 20 29
1 3 20 26
7 2 12 17
2 2 15 28
7 2 20 13
2 2 13 68
2 3 15 14
8 2 24 31
7 2 6 21
6 2 10 59
1 2 37 6
6 2 24 17
4 2 7 76
7 2 33 1
7 2 12 67
6 2 12 48
2 2 37 6
5 2 22 16
1 3 17 18
4 3 21 18
6 2 23 30
3 2 16 95
7 2 16 89
8 2 11 51
7 2 20 29
8 2 6 20
2 2 16 67
1 2 15 12
4 2 5 22
3 2 24 97
8 2 11 60
7 2 6 59
4 2 17 95
2 2 7 21
4 2 13 18
1 2 16 80
2 3 10 20
2 2 10 61
6 2 7 56
4 2 19 97
1 2 10 22
7 2 22 30
6 2 7 65
4 2 6 60
3 2 8 59
4 2 36 6
8 2 18 14
2 2 10 85
8 3 12 17
7 2 17 56
2 3 14 63
4 2 20 26
7 2 4 22
5 2 26 80
1 2 8 80
1 2 20 12
8 2 22 91
6 2 19 27
2 2 12 39
3 2 7 68
8 2 7 22
1 2 17 18
8 2 10 61
1 2 10 37
3 2 14 20
5 3 15 87
5 2 23 72
7 2 14 88
1 2 7 75
8 2 14 89
4 2 14 80
8 3 14 19
8 2 15 83
5 2 9 58
3 2 7 22
3 3 19 41
3 2 8 80
1 3 20 29
2 2 20 56
7 2 7 75
8 2 21 80
8 2 9 57
8 2 15 12
6 3 19 41
2 2 17 18
3 2 13 67
8 2 19 56
5 2 16 45
6 2 17 53
3 4 15 41
8 2 10 37
7 2 8 24
8 4 6 60
1 2 16 82
3 2 19 30
1 2 18 20
4 2 7 66
4 2 17 39
1 2 9 87
1 2 9 60
4 2 11 81
8 2 7 55
5 2 22 43
6 2 11 46
3 2 14 84
6 2 11 55
2 2 11 54
5 2 7 67
7 3 8 56
5 2 13 85
1 2 19 42
7 2 21 43
2 2 8 82
1 2 7 23
3 2 19 26
6 3 22 27
1 2 14 39
5 2 14 63
7 2 29 4
2 2 13 81
7 2 8 86
5 5 12 82
4 2 15 28
8 2 12 86
1 2 12 87
2 2 20 48
4 4 12 82
5 3 8 37
1 2 21 27
2 2 6 68
1 2 11 20
8 2 17 19
4 2 14 36
2 2 19 42
2 3 30 5
7 2 11 20
3 2 30 4
4 3 19 29
2 2 15 57
6 2 16 95
5 2 16 40
1 3 10 46
8 2 16 28
1 2 15 45
6 2 10 86
4 2 15 80
3 2 15 20
2 3 12 46
4 3 10 88
1 3 34 4
5 4 30 5
7 2 30 4
3 3 12 80
5 3 19 30
7 2 20 47
5 2 14 81
8 2 14 86
5 2 9 21
3 4 11 45
7 2 18 41
1 2 19 96
7 2 11 57
8 3 20 97
6 2 14 95
2 2 16 94
8 2 19 42
1 2 17 52
8 2 12 47
4 3 20 97
4 2 8 53
5 2 10 84
2 2 36 6
6 2 14 83
2 2 12 20
6 2 29 3
2 2 22 27
4 2 9 83
4 2 31 1
2 2 13 12
7 2 16 52
5 2 13 36
8 2 10 80
7 2 18 95
4 2 19 42
2 2 9 88
3 2 17 94
1 2 6 59
5 2 11 19
7 2 7 58
8 2 9 87
1 3 9 75
5 2 9 76
3 2 10 81
1 2 14 35
4 2 9 77
1 2 31 1
6 2 15 47
4 2 21 71
8 2 16 47
3 2 15 47
7 2 13 86
4 2 22 70
8 2 18 31
6 2 11 45
3 2 14 85
2 2 15 52
8 2 30 4
1 2 35 1
6 2 4 59
8 2 11 36
7 2 36 35
7 2 16 29
8 2 21 71
6 2 16 29
7 2 18 34
4 3 12 20
2 3 16 30
2 2 19 28
4 2 16 34
1 2 12 19
7 2 13 35
8 2 9 74
6 2 38 5
6 2 10 74
2 2 19 31
7 2 9 74
4 2 7 67
2 2 12 86
3 2 7 74
7 2 6 66
5 2 29 3
8 2 10 74
2 2 16 34
8 3 14 35
5 2 16 31
1 2 21 33
1 2 11 48
7 2 23 34
8 2 6 74
7 2 7 74
4 2 21 33
5 2 25 34
7 2 21 34
3 2 20 32
4 2 6 74
1 2 11 86
8 2 25 35
