22626
2909
6 5 50 41
6 10 55 73
8 11 8 3
7 12 34 9
4 14 77 33
6 5 84 13
3 16 62 6
6 10 29 100
7 3 43 12
3 13 24 25
7 11 51 76
8 2 37 101
4 12 57 58
8 4 6 51
7 2 87 78
3 12 62 41
8 12 13 74
5 4 62 98
6 2 46 49
7 5 13 98
8 11 34 21
6 2 82 41
5 11 20 55
7 7 71 85
5 13 48 17
6 12 55 32
2 13 24 18
1 12 26 13
7 19 74 99
4 8 9 76
1 12 7 83
4 2 54 19
7 10 32 1
8 2 88 46
8 5 5 63
2 2 12 62
7 2 44 83
7 9 88 109
1 10 71 92
5 8 32 76
5 26 17 83
6 9 13 70
4 2 54 39
5 12 74 14
7 9 83 64
6 8 55 98
5 2 87 9
1 3 68 102
4 2 25 19
6 2 73 63
3 2 58 19
1 10 1 73
5 12 74 23
6 12 72 52
6 2 54 40
4 2 77 75
6 2 42 98
1 2 82 42
5 4 86 3
4 2 87 26
7 2 26 50
8 2 59 74
7 17 65 26
8 5 8 103
3 2 43 48
6 5 14 3
6 11 45 67
5 2 59 99
5 10 30 84
6 4 84 55
6 12 76 34
6 7 56 5
7 11 21 13
4 10 29 64
2 7 53 71
6 2 25 14
5 14 6 86
2 2 21 48
2 4 76 19
6 4 53 5
3 5 24 98
4 9 10 62
2 10 24 73
5 11 3 51
8 4 58 56
8 2 68 98
7 40 30 104
6 2 70 81
6 9 28 105
3 11 56 90
8 11 44 77
3 6 32 49
3 4 68 81
5 11 48 79
4 9 24 96
1 2 66 50
1 2 4 50
8 12 79 105
4 11 38 72
1 12 58 88
6 3 60 62
7 2 4 53
6 3 8 100
4 2 7 99
6 2 63 103
6 2 66 105
6 2 86 32
7 10 23 101
4 12 11 45
5 7 58 88
6 2 69 76
1 8 53 1
1 10 81 11
8 5 51 44
8 2 16 74
6 3 73 25
4 2 31 11
2 2 34 25
6 2 69 49
4 10 16 87
5 8 74 2
6 2 25 48
4 15 27 7
7 2 76 102
1 5 77 12
3 7 53 65
2 6 45 57
6 2 58 45
7 2 65 21
5 2 75 40
1 2 14 66
6 11 50 9
3 14 43 90
3 4 67 54
8 2 15 3
1 2 35 77
7 3 65 26
7 11 41 7
4 2 51 3
8 15 55 37
7 20 56 36
2 11 54 78
7 13 69 102
1 2 77 8
3 2 39 57
2 2 44 49
2 11 23 46
6 8 7 104
6 2 55 18
2 2 84 32
5 2 43 88
4 6 69 56
4 2 16 63
3 2 38 2
8 7 66 101
2 12 1 35
7 2 67 107
6 10 26 60
1 4 15 20
4 2 20 103
2 2 51 12
2 2 73 20
3 2 47 49
1 4 15 22
1 3 54 85
4 2 54 19
6 2 15 37
4 2 48 70
6 2 24 23
2 3 52 3
6 2 58 11
8 5 78 23
5 7 41 71
8 2 24 101
7 7 36 110
5 2 58 109
3 2 26 4
4 2 75 103
6 2 25 105
8 10 26 36
1 2 26 22
5 10 20 8
5 9 82 29
2 2 11 42
4 3 42 75
2 2 18 90
2 2 16 64
3 2 23 104
7 13 22 91
7 2 21 57
8 2 12 63
2 2 59 51
2 10 51 45
3 2 71 108
2 2 4 74
3 2 78 59
2 5 61 15
6 2 50 65
6 2 18 88
7 11 17 24
4 2 47 26
5 3 67 40
2 2 38 34
5 11 17 106
7 3 58 25
2 4 25 93
7 2 26 32
7 2 73 59
6 2 36 23
4 2 66 49
6 2 28 37
3 2 20 103
2 2 20 56
1 2 51 83
3 2 52 69
8 2 29 78
5 11 40 2
5 2 35 65
6 4 70 24
8 13 17 21
7 3 67 76
8 2 39 96
2 5 75 83
2 12 17 106
7 2 72 71
6 2 31 78
7 11 10 14
6 2 73 4
3 6 58 55
4 2 1 39
6 10 36 28
7 2 24 16
7 10 6 21
7 9 62 59
8 8 12 54
8 8 32 104
4 13 4 19
5 3 6 80
2 2 29 40
6 8 87 95
8 2 47 6
5 9 49 70
5 2 44 107
5 2 31 14
5 2 13 51
3 8 12 48
2 2 39 65
1 2 68 84
3 10 12 108
3 4 34 34
2 2 36 95
3 2 67 47
6 3 42 5
5 3 5 83
4 2 16 63
6 2 17 106
8 2 10 47
6 2 47 97
2 3 60 80
3 6 42 34
7 21 9 62
5 2 65 29
2 7 55 79
3 12 58 34
3 2 21 45
6 2 18 75
5 2 62 93
2 2 45 66
7 3 66 22
4 10 1 66
1 2 31 45
7 2 21 47
1 2 30 28
7 2 80 39
3 2 35 91
7 2 39 110
2 2 33 11
7 2 66 74
2 7 66 15
1 3 31 95
3 11 3 109
5 2 45 14
2 3 21 62
5 4 42 72
3 2 30 66
6 2 29 98
5 2 41 89
2 3 27 13
4 11 22 23
5 2 39 66
7 3 18 55
3 13 6 90
3 2 26 65
1 3 22 103
5 2 74 5
7 2 69 66
6 2 68 74
7 3 19 41
4 9 39 30
5 9 51 75
3 9 62 18
2 2 33 85
7 2 13 18
8 3 58 88
7 2 37 65
7 2 42 51
2 2 65 90
8 6 72 79
2 2 25 47
7 2 63 61
2 2 20 22
2 2 74 94
5 15 46 42
6 3 59 62
2 5 39 101
6 2 31 105
2 3 48 67
5 4 56 77
3 14 27 105
1 21 36 71
2 2 20 78
3 3 57 89
5 2 46 13
4 2 16 24
6 5 36 13
2 2 14 34
6 2 49 13
4 3 41 93
8 2 6 74
2 3 45 76
7 2 57 92
5 3 46 18
6 2 25 82
3 2 9 87
1 2 49 88
5 5 20 102
8 5 61 22
5 9 16 52
8 2 24 83
1 2 28 41
7 8 45 60
2 2 61 27
1 3 50 99
1 2 34 87
5 3 40 36
7 2 25 5
6 3 60 25
3 2 7 53
3 5 61 61
7 2 65 98
4 2 61 80
3 2 53 18
1 14 9 53
8 2 26 106
3 2 42 74
2 2 27 63
5 2 21 85
4 2 42 25
7 2 29 99
7 2 58 33
2 3 45 22
8 3 46 51
1 3 26 27
8 2 28 8
2 7 59 10
4 2 52 34
2 2 20 106
3 3 16 75
2 5 27 59
5 2 41 10
5 2 27 97
3 4 1 33
8 2 42 67
7 6 49 37
7 3 37 73
4 3 45 17
5 2 30 108
8 14 41 38
4 3 58 78
8 2 51 27
8 2 54 46
8 15 9 99
7 2 27 12
1 2 52 77
1 2 45 11
6 2 20 103
4 3 49 80
8 2 48 41
2 2 51 11
1 2 42 76
2 2 56 37
8 4 51 53
2 2 7 16
1 2 38 76
5 3 31 49
8 2 33 81
5 2 32 82
2 2 20 4
4 2 58 103
7 3 44 33
6 5 50 65
8 2 35 50
7 2 26 96
7 8 12 51
4 2 3 90
7 3 34 74
4 2 21 53
3 2 48 50
7 2 46 40
4 12 15 13
4 3 25 59
8 3 5 16
4 3 58 51
1 11 2 46
4 2 19 81
8 2 78 27
2 3 21 47
7 2 48 39
6 2 22 63
5 3 63 13
8 2 47 80
2 3 15 65
1 3 50 70
5 2 48 31
6 2 64 72
6 2 64 47
8 3 20 65
7 3 54 59
1 2 43 7
7 2 30 50
8 3 41 95
3 2 51 63
5 2 44 105
3 2 9 19
5 3 15 76
3 2 35 107
8 2 39 74
3 2 23 51
4 2 33 39
8 2 61 79
2 2 36 37
6 2 55 86
2 2 58 12
5 2 15 13
6 3 83 93
3 2 47 3
8 2 26 11
6 9 28 109
6 2 39 72
3 2 50 5
6 12 18 78
1 2 22 24
8 2 54 47
4 10 56 13
8 2 8 34
5 3 23 40
7 2 16 78
1 4 19 102
5 3 12 98
8 4 24 103
2 2 19 2
5 2 27 100
5 3 30 33
8 2 50 90
2 2 31 91
8 2 65 25
6 11 47 1
1 2 54 65
8 2 27 41
7 4 23 78
5 2 31 97
3 2 7 34
6 7 50 88
4 4 19 46
2 2 74 46
4 4 45 37
2 6 41 3
6 3 41 16
3 2 41 50
6 2 27 24
6 2 24 12
2 2 28 66
1 2 46 42
8 2 70 46
6 2 53 14
8 2 32 64
2 2 76 97
2 4 1 45
5 2 49 33
7 2 16 13
1 3 42 94
3 2 20 3
5 4 68 57
8 4 53 46
6 3 28 14
6 2 7 103
7 2 51 38
5 4 28 72
1 6 31 93
5 3 8 90
5 4 57 58
4 4 25 41
3 2 55 80
7 2 69 96
7 2 19 109
4 2 13 55
7 2 57 24
4 2 30 65
5 3 54 57
3 2 37 28
3 2 51 101
1 3 17 57
8 2 25 20
6 12 30 5
2 5 43 40
7 2 18 13
2 3 50 38
5 2 23 64
8 4 45 45
5 2 17 70
5 2 25 75
5 2 43 86
1 2 56 64
1 2 68 61
1 2 25 101
6 2 47 41
2 2 51 1
7 8 57 68
1 3 50 57
3 6 58 79
2 2 43 108
7 2 52 25
1 2 23 17
6 2 2 41
6 2 4 47
4 2 44 49
7 4 64 79
3 2 56 91
5 2 11 84
6 2 51 26
4 2 28 63
8 2 54 69
1 3 47 84
4 2 16 105
4 2 49 94
3 2 27 86
3 3 30 95
2 2 59 5
3 2 57 65
2 2 61 96
3 2 41 21
5 4 51 63
8 2 6 32
3 2 52 43
7 3 65 94
5 3 48 106
2 2 29 93
2 3 51 31
4 2 63 20
2 3 40 16
5 2 32 80
3 2 15 64
1 2 30 65
3 2 39 24
1 2 57 2
7 2 68 27
4 12 53 55
3 3 5 81
1 4 22 64
6 3 52 19
1 2 45 65
1 3 26 85
8 3 2 63
4 3 61 57
4 2 28 89
6 2 34 105
7 5 43 66
7 2 9 19
8 10 34 26
6 3 39 88
2 2 54 90
5 7 16 20
6 2 19 2
7 4 25 64
5 3 8 14
4 2 42 38
8 2 59 106
5 2 32 63
5 2 29 104
6 2 36 87
1 3 39 24
3 2 43 46
7 3 71 31
1 2 31 98
4 2 59 26
1 5 44 71
6 3 42 86
3 4 26 75
4 2 61 71
4 3 69 47
1 5 45 51
8 2 31 92
7 3 12 60
2 3 40 61
1 2 44 49
1 3 10 20
6 12 15 6
5 3 6 60
4 2 49 55
8 2 40 20
4 2 62 10
2 10 13 37
8 2 41 98
7 2 15 43
8 2 14 18
5 2 48 101
2 2 47 70
1 2 43 47
7 4 12 39
8 2 54 90
3 2 28 46
5 2 39 50
4 2 44 54
3 2 49 23
8 2 18 105
2 2 22 85
6 2 57 100
2 2 28 62
3 2 72 81
6 8 24 73
4 4 33 78
3 2 22 12
2 2 34 69
4 2 42 81
4 4 19 62
1 5 32 35
6 3 69 9
4 3 23 63
8 2 28 87
2 3 57 68
4 3 43 38
7 3 37 88
2 3 13 19
3 2 30 107
7 2 73 57
3 5 57 82
2 2 41 68
5 2 16 75
4 2 13 86
2 2 43 16
1 2 58 57
5 5 25 93
3 2 34 36
4 2 29 50
7 3 53 91
7 5 34 76
1 2 7 108
1 3 30 73
3 2 7 3
8 3 37 87
7 2 37 24
5 2 47 89
4 2 12 100
4 2 15 69
8 2 11 73
2 2 13 105
1 3 45 51
3 3 49 62
4 2 35 98
8 2 61 10
8 2 50 28
5 2 46 92
6 2 25 62
3 2 58 62
8 2 26 58
7 2 43 107
2 2 38 107
5 3 48 29
8 2 51 89
1 4 51 105
8 3 51 24
6 2 43 59
6 2 34 94
8 3 5 105
2 2 63 26
5 2 36 24
2 2 44 46
4 2 49 79
2 2 32 58
8 3 21 13
5 2 5 69
6 2 49 56
2 4 44 110
8 2 58 94
7 3 43 89
2 2 28 8
2 2 17 67
4 2 47 10
3 2 39 15
8 2 22 93
3 2 49 51
1 2 18 67
8 2 22 38
6 2 14 37
5 2 36 108
6 2 8 54
2 2 47 32
3 8 52 83
6 3 57 23
1 2 52 82
5 2 36 92
5 2 31 74
6 2 35 19
4 2 73 30
5 4 30 9
5 2 5 15
6 4 10 35
3 2 37 86
6 3 27 92
1 2 41 93
2 4 25 7
7 2 9 48
1 2 45 74
6 2 16 102
8 3 30 67
8 2 62 78
3 3 12 60
1 2 22 49
1 2 34 32
4 2 25 13
4 2 24 83
3 3 24 37
2 2 48 91
6 3 46 37
2 3 55 33
4 2 30 62
3 3 72 29
3 2 17 68
1 5 20 57
5 2 51 78
3 2 6 47
7 2 21 38
6 2 17 3
4 2 48 2
3 2 70 95
5 4 20 63
3 2 4 86
7 3 42 36
4 3 36 4
2 2 44 90
6 3 7 2
2 2 57 51
6 2 22 37
5 4 42 83
7 3 39 88
7 2 53 5
2 3 29 106
2 2 46 69
5 2 58 22
3 2 52 6
8 2 9 101
6 2 49 79
8 2 26 67
2 4 12 62
2 4 42 19
7 2 32 86
2 4 16 86
1 2 44 69
7 9 5 39
3 3 24 8
5 4 41 47
3 2 42 24
8 2 36 26
1 4 48 29
2 2 11 74
1 3 33 25
7 2 52 41
1 2 63 47
4 3 43 89
3 4 46 69
1 2 35 87
5 2 50 22
7 6 59 92
4 2 33 83
6 2 15 106
6 5 30 15
8 2 38 63
7 3 22 57
2 2 48 109
8 2 11 86
2 2 29 99
7 2 25 104
2 2 17 82
2 3 32 98
1 2 14 76
5 2 59 67
6 2 33 66
5 2 33 28
5 2 40 30
5 3 53 48
3 3 18 47
2 3 48 101
5 2 33 51
6 2 36 71
2 2 15 83
2 3 17 48
6 2 40 101
5 2 52 69
6 2 66 96
8 3 51 56
2 2 38 55
6 2 39 5
7 3 45 43
1 2 39 103
2 3 8 13
7 2 54 72
2 2 12 74
5 2 26 27
1 2 38 87
1 2 36 40
1 3 40 51
4 2 34 12
6 4 61 48
3 2 14 91
8 2 34 16
7 2 16 50
6 2 8 20
3 2 26 49
1 2 45 50
6 3 64 28
8 4 39 45
3 2 20 2
1 9 55 80
8 2 36 61
4 2 12 35
8 2 14 40
5 2 48 11
6 3 3 110
6 2 39 38
4 2 40 11
3 2 64 17
6 2 39 82
3 2 35 61
3 4 58 17
1 2 13 101
4 2 53 81
7 2 45 58
1 2 31 66
1 2 46 46
5 2 9 12
5 2 34 11
6 3 52 31
2 3 38 30
3 3 52 94
3 2 57 81
1 2 26 65
2 2 21 32
8 2 38 105
4 2 41 77
6 2 19 67
4 2 43 37
3 2 12 100
6 3 36 51
8 2 17 56
3 3 42 102
8 2 48 58
8 2 9 20
6 2 6 110
7 2 40 42
8 3 54 41
2 2 23 88
4 2 42 78
7 2 26 50
1 2 4 38
6 3 44 70
4 2 51 84
1 3 45 76
5 2 36 38
5 3 52 82
2 2 3 32
4 2 8 20
5 2 48 56
5 7 28 96
8 3 43 34
8 3 20 54
4 2 40 16
3 2 42 78
1 2 16 59
1 3 50 71
1 2 32 15
7 2 34 42
3 2 28 16
3 2 16 56
7 2 15 47
6 2 32 26
1 2 7 69
3 3 36 57
5 3 52 109
8 3 49 95
8 2 52 72
4 2 42 28
5 2 9 90
6 2 33 54
3 3 28 23
4 2 19 32
3 2 17 13
3 2 26 37
8 2 16 88
1 2 11 73
5 3 12 20
6 3 23 105
3 2 29 15
7 2 2 71
6 2 2 32
6 2 5 32
7 2 28 52
8 2 13 36
5 2 60 17
5 2 48 99
4 2 38 39
8 3 54 78
6 2 35 49
6 2 12 86
2 2 30 67
1 3 42 77
6 2 20 18
6 2 14 56
7 2 40 21
6 2 46 66
6 3 36 95
7 2 11 30
2 3 5 52
5 4 44 67
7 2 30 67
7 2 43 28
5 2 21 27
4 3 2 32
6 2 13 18
5 2 42 20
3 3 26 27
5 5 20 110
3 2 21 90
6 2 38 33
1 2 38 89
2 2 39 83
8 2 46 70
2 6 12 77
7 2 47 74
3 2 19 63
8 2 46 92
7 2 50 20
8 3 35 87
8 2 13 86
7 2 27 84
6 3 64 10
2 3 37 98
5 2 42 52
2 2 56 69
2 2 12 67
8 2 41 13
1 2 32 93
5 2 21 3
1 5 51 104
7 2 33 19
5 3 16 61
8 3 20 98
7 2 13 88
1 4 49 62
4 3 34 18
4 2 36 59
5 2 32 37
7 2 30 103
8 2 39 60
3 2 50 66
8 2 45 11
8 2 33 53
4 3 44 38
5 2 44 44
5 3 41 47
6 4 17 72
4 2 21 101
3 2 11 102
6 3 15 66
5 2 27 13
1 2 7 103
1 2 17 90
1 2 35 11
4 2 13 7
1 2 14 73
2 3 20 58
3 2 49 99
1 2 44 66
4 3 29 58
2 2 10 88
4 5 26 108
5 2 27 86
7 2 9 88
5 3 36 55
5 2 58 28
6 2 5 52
5 2 37 27
2 3 55 4
8 2 16 110
3 3 16 7
8 2 38 76
4 2 48 43
2 5 31 109
4 2 7 60
8 2 27 107
5 2 39 93
2 2 42 62
7 2 34 2
4 3 36 100
8 2 66 94
7 3 19 104
7 2 7 105
2 2 56 41
8 2 43 55
1 2 52 52
6 2 39 88
6 3 46 53
6 2 46 97
8 5 47 53
1 2 57 43
1 2 4 90
3 2 19 36
2 2 47 23
5 2 10 33
6 2 28 97
6 2 1 70
2 2 41 21
3 2 3 38
7 3 8 102
2 2 29 48
8 2 19 36
6 2 62 28
3 2 28 96
7 2 43 84
4 2 15 76
7 2 4 73
6 2 48 58
2 2 14 22
7 2 50 70
4 3 41 40
6 2 34 75
1 4 7 99
8 2 35 103
6 2 27 41
3 2 34 106
5 2 11 48
8 2 17 77
5 2 27 19
6 2 18 6
7 2 28 22
2 5 53 31
5 2 54 32
1 2 38 7
3 2 18 82
7 3 33 75
3 2 45 34
4 5 19 50
5 2 1 40
7 2 52 2
4 2 6 100
2 2 37 74
7 2 55 46
6 4 36 64
4 2 13 10
4 2 49 23
4 2 44 66
3 2 24 93
6 2 7 40
5 2 18 98
5 3 12 36
3 2 43 45
1 2 16 33
1 2 33 20
7 2 23 44
2 2 45 89
4 2 30 34
3 2 25 73
8 2 16 93
6 2 34 46
6 3 39 99
1 2 24 80
3 2 20 89
5 2 6 71
8 2 27 38
7 2 38 73
7 2 36 28
1 2 15 108
3 2 7 73
3 2 37 48
8 4 19 24
6 3 17 98
5 3 17 6
7 2 23 6
3 2 43 105
3 2 32 17
6 2 22 75
4 2 43 83
6 2 29 34
6 3 36 24
4 2 17 90
3 3 30 95
3 2 34 88
3 2 48 35
1 2 19 86
1 2 39 37
4 2 41 33
2 3 42 52
6 3 40 33
4 2 42 102
8 2 12 89
7 2 63 81
5 2 10 68
5 2 32 41
3 2 2 45
1 2 24 72
4 2 41 7
8 2 23 82
8 2 47 44
1 2 15 82
8 5 45 103
7 2 26 12
8 2 33 34
8 2 4 72
3 2 24 2
2 2 32 36
7 2 40 34
3 2 12 49
6 3 37 47
1 2 6 16
4 2 32 79
4 2 26 48
2 2 12 87
3 3 8 20
7 2 9 90
5 2 9 75
6 2 17 21
7 2 49 52
3 3 25 102
8 2 41 62
3 3 24 16
2 4 32 76
4 2 27 18
6 2 22 63
8 2 28 95
5 4 50 58
7 2 30 24
2 2 35 93
7 2 66 30
4 2 23 76
7 2 26 57
6 2 11 61
2 2 29 34
1 6 7 89
2 3 31 24
3 3 49 97
8 2 1 20
8 2 23 47
2 2 18 73
5 2 15 47
4 2 21 64
8 2 54 15
3 2 37 98
4 2 36 8
7 3 18 92
2 2 41 37
5 2 27 11
1 2 1 68
7 4 30 96
3 2 26 74
1 2 34 59
6 3 20 22
6 2 42 88
7 2 40 26
1 2 34 89
5 4 11 61
1 2 47 80
1 2 65 29
1 2 16 40
8 2 26 70
6 2 23 30
2 4 32 34
5 2 14 43
7 2 20 40
8 2 45 50
4 2 44 4
1 2 29 37
1 3 31 35
6 2 33 33
7 2 32 74
1 4 25 13
4 2 19 66
4 2 10 44
4 2 27 79
8 2 9 68
4 3 17 93
5 2 10 4
6 3 25 58
4 2 18 59
1 2 49 59
3 2 35 71
3 2 36 46
7 2 51 93
5 2 54 29
3 2 27 4
8 3 31 17
5 3 6 49
6 2 47 93
8 2 31 91
1 2 39 22
2 2 23 3
4 3 49 60
2 2 12 37
6 2 14 15
8 2 42 99
2 3 23 42
3 3 22 40
7 4 9 5
7 2 13 23
7 3 15 36
5 4 3 91
6 3 38 28
8 3 17 89
4 6 34 72
7 2 54 41
7 2 17 63
5 3 43 46
3 3 6 40
7 2 17 73
2 2 41 83
2 2 23 89
1 3 55 29
1 2 19 43
1 2 43 16
8 2 16 75
5 2 39 35
5 3 14 51
7 8 22 62
8 2 33 32
3 2 41 43
4 2 11 49
2 3 38 47
3 6 45 79
6 2 27 28
1 2 28 62
7 2 25 85
5 2 15 41
6 2 38 24
3 2 20 75
4 2 10 72
5 2 34 21
1 2 41 32
3 2 13 101
4 2 33 53
1 2 37 45
2 3 25 75
2 2 34 87
5 5 30 74
2 2 39 44
2 3 41 79
5 2 15 56
8 2 15 67
5 2 42 10
5 3 46 4
8 2 62 29
7 2 44 43
5 3 30 17
4 2 34 89
2 2 39 24
7 2 8 32
4 2 52 6
6 2 42 31
1 2 18 23
5 3 21 52
6 2 31 9
7 2 35 37
8 2 37 57
1 2 39 97
8 2 31 108
5 2 30 19
4 2 54 27
8 3 20 74
6 2 15 82
2 3 19 100
5 2 14 76
6 2 40 28
3 3 32 82
2 3 35 28
6 3 48 93
2 3 30 11
5 2 30 90
7 2 17 47
2 2 66 85
1 2 34 108
5 3 24 48
3 2 47 46
4 4 17 86
4 2 31 32
8 3 42 67
6 2 18 15
8 2 43 45
7 2 42 103
4 2 14 90
2 2 60 94
6 3 17 41
3 3 15 108
6 2 39 57
3 3 45 56
3 2 48 7
6 2 35 54
5 2 35 38
8 2 45 8
4 3 6 71
8 3 45 58
8 2 32 84
8 2 35 70
3 2 13 10
1 2 46 30
7 2 9 48
5 2 21 110
8 2 7 44
7 2 17 31
1 6 11 54
2 2 21 15
2 4 25 71
5 4 22 73
4 2 34 103
2 2 42 108
8 2 22 79
2 2 36 34
3 2 20 107
8 2 34 107
4 2 44 69
3 2 12 75
3 3 9 75
7 2 44 32
5 2 15 103
6 2 22 89
1 2 3 32
7 2 13 108
4 2 19 5
4 2 46 4
1 2 32 97
6 3 41 92
4 3 39 25
7 2 29 108
1 3 17 37
7 4 43 24
7 3 20 24
3 2 23 42
8 2 31 50
6 2 9 43
6 3 43 84
6 2 32 18
8 2 30 19
1 2 25 43
1 2 9 43
4 2 29 14
4 2 32 92
4 2 42 66
7 2 2 20
7 4 24 71
3 2 60 97
7 2 40 51
2 2 46 49
3 2 36 2
6 2 12 21
5 3 41 86
1 2 24 72
4 2 28 90
3 2 3 43
7 2 23 30
1 2 22 49
1 3 20 23
3 2 7 102
8 2 54 9
2 2 28 21
1 2 4 45
2 2 44 105
1 2 39 97
6 2 6 74
8 2 25 70
4 2 56 44
8 2 16 84
2 3 17 108
6 2 27 16
6 2 14 5
3 2 17 65
4 2 40 93
7 3 53 25
2 3 10 51
1 2 7 72
1 2 11 37
3 2 45 7
8 3 43 60
5 2 24 67
5 2 11 6
3 4 36 108
3 3 23 66
1 2 33 18
2 2 22 37
8 2 26 45
4 2 43 99
3 2 19 100
5 2 6 45
8 2 27 25
6 2 22 10
1 2 29 37
8 2 40 21
3 2 36 77
7 2 29 18
1 3 9 108
4 3 34 108
7 2 38 31
7 2 21 8
8 2 18 69
3 2 29 32
1 2 26 74
7 5 39 13
1 2 14 23
6 3 29 21
6 3 30 52
7 2 33 37
1 3 28 53
2 5 32 45
6 3 24 100
4 2 20 4
4 2 21 15
4 5 33 23
2 3 42 33
5 4 17 103
3 2 48 42
5 3 17 12
6 3 9 48
4 2 22 82
7 2 45 97
7 2 26 60
3 2 21 38
6 2 16 8
8 2 46 17
4 2 13 106
4 2 48 1
3 2 27 78
2 2 26 13
8 2 13 9
7 3 28 11
7 2 24 72
8 4 32 46
2 2 45 85
5 3 5 39
2 2 2 19
5 2 20 24
3 2 44 85
1 2 26 20
3 2 38 57
6 2 40 21
5 2 39 27
8 2 38 95
6 2 28 69
8 4 22 74
5 2 46 5
4 3 25 88
4 3 26 70
4 3 15 90
6 2 29 33
3 2 46 57
7 3 17 87
6 2 4 16
1 2 26 81
5 2 49 58
3 2 16 24
2 2 11 40
7 2 23 94
8 2 22 11
7 2 19 15
5 3 28 58
5 2 31 26
1 2 15 61
1 2 10 45
3 2 30 5
1 2 4 66
6 2 6 15
6 2 13 10
4 2 50 17
4 2 26 61
1 2 17 7
5 2 36 72
2 2 5 68
2 3 23 75
4 2 39 104
5 2 45 81
2 3 9 61
5 2 15 36
7 2 43 16
3 2 36 56
1 2 20 19
1 2 44 92
4 2 41 84
4 2 25 94
7 2 31 15
6 3 33 22
1 3 12 35
6 2 23 46
3 2 19 85
1 3 39 69
7 3 12 4
1 2 57 96
7 3 22 89
6 2 51 27
1 2 2 21
5 3 12 15
7 2 20 27
8 2 62 94
5 2 24 32
2 2 15 80
3 2 39 27
6 2 34 51
6 2 44 70
6 3 26 26
2 2 24 30
5 2 29 35
3 2 27 33
5 3 23 30
1 2 34 35
3 2 37 43
1 2 37 88
4 2 27 74
3 3 29 93
2 2 43 17
7 2 7 45
3 2 21 30
2 2 47 42
6 2 27 18
1 2 25 109
3 2 29 54
2 2 18 66
4 2 14 40
3 2 55 96
8 3 9 104
8 2 8 100
8 2 7 89
5 2 33 33
2 2 14 103
1 2 17 37
7 2 20 90
7 2 35 30
1 2 24 86
5 2 23 70
2 2 20 77
2 2 40 77
7 2 36 61
8 4 27 38
6 2 6 85
4 2 49 6
4 2 41 14
5 2 44 59
6 2 36 55
4 2 13 86
6 2 34 28
4 2 38 69
4 2 32 51
2 2 43 6
8 2 19 76
5 2 47 6
7 2 10 75
8 3 40 67
8 2 30 32
4 2 27 102
2 2 26 42
7 2 26 68
8 2 15 107
6 2 26 70
5 2 30 102
7 2 32 67
4 2 23 9
4 4 17 69
1 2 26 62
7 2 11 35
5 2 19 92
4 2 22 42
7 2 23 17
4 2 32 68
8 3 14 7
3 4 5 67
6 2 23 71
6 3 23 108
8 3 42 6
7 2 1 37
2 2 21 64
4 2 11 31
1 2 16 3
5 3 28 95
5 2 49 2
4 2 58 94
4 2 19 24
6 2 6 44
5 2 30 67
6 2 6 90
4 2 40 29
2 4 28 94
4 3 33 99
4 3 15 19
7 2 34 92
2 2 34 64
5 2 10 102
5 2 32 20
5 4 36 45
6 2 29 91
3 2 7 109
1 3 11 5
3 3 34 16
8 3 24 66
1 2 36 25
8 2 13 46
3 3 44 29
2 2 19 83
7 2 4 82
3 2 34 93
2 2 43 57
7 2 33 46
3 2 33 85
3 3 25 61
1 2 28 10
1 2 24 77
3 3 45 96
6 2 52 96
3 2 12 86
2 3 39 95
6 2 10 36
3 2 30 79
2 2 33 102
1 2 15 70
7 2 15 37
3 2 42 92
1 2 42 56
5 3 31 68
8 2 11 17
6 2 16 77
4 4 11 99
5 2 27 12
3 2 41 107
7 2 4 48
7 2 40 11
8 2 9 35
8 2 8 16
5 3 24 62
1 3 20 79
7 2 26 16
7 3 20 71
6 2 19 38
4 2 9 89
8 3 8 49
2 2 34 52
8 3 14 38
6 2 4 37
2 2 30 9
3 3 20 107
6 2 24 62
5 2 25 23
6 2 37 85
4 3 36 46
1 2 26 34
7 2 42 50
4 2 28 72
8 2 34 27
4 2 8 103
2 3 33 101
1 2 22 53
4 2 11 21
3 3 13 98
4 2 14 72
1 2 13 51
4 2 12 16
6 2 16 105
7 2 21 109
3 2 26 77
4 2 38 97
2 2 12 47
3 2 22 60
2 2 24 56
6 2 17 76
5 4 16 82
2 2 4 33
2 2 16 46
4 2 28 48
8 2 19 25
3 3 22 48
2 3 43 29
2 2 51 95
2 2 27 88
1 5 13 47
8 4 26 65
5 2 10 101
2 2 12 75
2 3 23 5
4 2 6 83
4 2 24 97
5 2 11 88
1 2 4 39
5 2 39 93
6 4 26 88
6 3 30 91
7 2 15 83
4 2 33 65
3 3 5 32
4 2 31 31
7 2 5 81
3 2 4 15
1 2 52 81
5 2 24 34
4 2 6 74
4 2 48 41
8 3 23 106
7 2 16 66
8 2 11 49
6 3 22 65
5 2 40 98
8 2 12 66
5 3 36 97
8 2 20 2
1 2 18 90
4 2 27 33
2 2 17 98
7 2 2 36
2 2 41 58
8 2 25 109
2 2 42 79
7 2 26 48
1 3 17 98
8 2 17 97
8 2 30 25
5 2 32 25
4 2 16 47
1 2 14 89
8 2 38 48
1 2 34 45
5 2 26 23
4 2 19 76
8 2 42 41
1 2 32 104
8 2 32 54
4 2 10 53
3 2 50 9
7 2 22 32
7 2 34 22
2 3 9 22
4 2 12 51
2 2 35 26
6 2 6 83
5 3 30 56
1 2 29 23
8 3 27 17
4 2 29 106
8 2 12 106
8 2 12 13
8 2 38 53
4 2 24 51
4 2 31 94
7 2 13 6
4 2 38 53
2 2 32 13
1 2 15 106
6 2 34 15
7 2 25 21
4 2 28 15
5 2 35 51
4 4 24 108
8 2 25 80
7 2 43 30
4 2 38 67
2 4 11 34
5 2 48 97
8 3 30 43
4 2 26 48
1 2 31 39
5 2 42 9
7 2 26 14
1 2 31 106
8 5 4 81
1 2 12 83
2 4 6 47
6 2 44 29
6 3 30 28
2 2 38 56
4 2 33 92
4 2 18 17
8 2 39 16
1 2 37 53
6 2 21 81
6 2 35 11
2 3 18 48
2 3 21 22
1 3 31 56
8 4 32 32
6 2 15 33
5 2 10 108
3 2 22 82
6 3 31 40
5 2 18 31
8 3 15 4
1 2 11 76
6 2 11 55
1 3 29 27
1 2 22 66
8 3 7 74
5 2 29 100
4 2 19 104
4 5 14 105
1 3 13 19
8 2 46 95
7 2 13 100
2 2 12 16
1 2 22 50
5 2 40 59
8 2 29 83
8 2 22 22
6 2 17 91
2 3 32 92
2 5 26 50
5 2 30 84
6 2 26 110
4 3 8 35
3 3 16 76
2 2 23 52
8 2 38 27
8 2 13 23
1 2 23 107
7 2 20 30
7 2 45 26
3 2 27 107
7 2 30 40
1 3 16 17
8 2 30 40
2 2 15 10
6 2 19 19
6 5 12 45
4 2 19 35
3 2 38 57
4 2 5 51
1 2 24 36
7 2 33 106
4 2 10 5
7 2 8 21
6 2 21 66
3 2 29 8
7 3 13 3
6 2 30 22
2 2 15 56
3 2 9 73
1 2 20 13
3 2 44 94
8 2 29 93
7 3 7 61
1 2 14 22
8 2 15 25
6 4 14 106
8 2 22 36
2 3 28 55
5 2 30 7
6 2 24 99
6 2 24 102
3 2 31 56
2 2 20 109
2 3 17 102
5 2 27 17
2 2 6 83
4 2 10 102
5 2 12 42
4 2 26 86
2 3 2 38
1 3 19 82
6 2 37 98
4 2 14 9
8 3 17 14
1 3 45 8
1 2 7 82
8 2 27 100
7 3 26 86
1 2 30 107
8 2 30 107
1 2 15 6
7 2 9 15
5 2 22 103
8 2 46 84
7 2 47 2
1 3 2 38
7 2 26 25
8 2 10 73
3 3 6 100
7 2 7 14
3 4 29 25
5 2 36 58
3 3 23 49
8 2 20 88
6 2 4 36
3 3 14 34
7 2 39 43
8 2 21 100
1 2 11 106
6 2 17 68
7 3 27 92
2 2 27 69
3 5 7 50
8 2 24 85
7 2 13 19
4 2 26 12
1 4 11 53
2 2 37 16
3 2 19 83
4 2 6 88
2 2 40 17
2 2 35 40
8 6 30 10
8 2 24 56
2 3 14 104
3 2 37 9
1 2 22 30
1 2 26 87
5 2 23 109
2 2 20 59
2 2 5 81
7 2 31 82
7 2 11 66
7 2 32 80
1 2 21 22
2 2 16 79
5 2 2 19
7 2 24 44
6 2 34 95
7 4 10 82
3 2 13 92
2 2 25 56
8 2 31 30
4 2 23 64
8 2 25 106
2 2 16 2
6 2 27 78
6 2 14 48
5 2 21 51
5 2 45 30
4 2 13 21
1 3 39 27
5 3 22 86
1 2 23 110
6 3 7 75
3 2 42 81
7 2 26 61
4 2 14 101
5 3 13 38
1 2 25 78
1 2 20 92
6 2 41 9
5 3 15 9
6 2 22 50
5 2 8 88
7 2 34 40
1 2 8 51
8 2 22 51
1 3 32 29
2 2 6 38
1 2 12 80
1 2 35 10
2 4 24 61
1 2 27 77
2 2 24 105
7 2 16 101
3 3 9 104
1 2 25 81
6 2 37 67
6 2 30 83
4 2 19 21
3 2 4 17
1 4 28 21
3 2 20 93
6 2 31 41
1 2 4 18
5 2 28 9
5 3 14 15
6 3 41 59
4 2 20 45
2 2 42 95
1 2 39 29
1 2 19 15
8 3 9 62
3 3 24 58
6 2 21 84
5 2 14 34
6 2 24 56
5 2 7 74
4 2 20 23
2 2 25 22
6 2 26 57
5 2 19 13
2 2 7 72
1 5 20 62
2 2 27 85
3 2 40 2
3 2 18 74
3 2 30 79
5 2 2 36
6 3 19 45
2 3 27 22
8 2 10 66
3 2 26 31
8 2 20 56
3 2 10 48
1 3 39 1
3 2 5 81
5 2 14 108
4 2 20 14
2 2 31 61
5 2 32 49
6 2 36 81
7 2 21 51
5 2 8 42
3 2 13 100
5 2 27 42
6 2 15 84
6 2 8 73
3 2 8 88
1 2 9 89
5 3 43 27
1 2 8 103
1 2 23 50
4 3 25 5
1 3 21 64
4 2 30 31
4 3 12 64
5 2 40 94
3 3 6 73
3 2 22 97
2 2 20 85
4 4 20 9
1 2 24 66
6 2 11 85
6 2 14 67
7 3 38 5
2 2 32 99
3 2 7 83
7 2 8 102
5 2 25 12
5 2 13 20
7 3 25 40
7 2 14 86
7 3 37 96
1 4 36 5
2 2 33 29
2 2 22 25
7 2 10 81
4 2 22 62
3 2 25 64
1 3 24 32
1 2 31 60
6 2 15 85
1 2 28 8
3 2 37 60
7 2 33 5
2 3 17 83
3 2 18 67
2 2 7 64
8 2 17 33
7 3 11 53
5 3 27 30
3 4 14 15
5 2 21 33
6 2 21 30
3 3 29 10
2 2 16 19
6 2 12 41
4 2 21 87
7 4 26 54
1 3 22 17
7 2 9 61
3 2 23 12
2 2 33 29
3 2 30 52
6 2 7 81
8 2 15 17
3 2 21 71
8 2 27 95
3 3 22 105
3 2 13 56
6 2 14 101
6 2 25 107
1 3 11 64
2 2 19 33
6 2 29 105
3 2 4 36
3 2 13 40
4 2 12 3
4 2 1 37
4 2 20 17
1 2 21 24
8 3 26 85
1 2 13 67
7 3 29 27
8 2 42 7
3 2 30 12
8 2 21 56
6 2 37 28
4 2 15 99
2 2 11 30
8 2 16 50
2 4 9 100
2 3 14 109
1 2 22 58
4 2 3 33
3 2 21 23
8 3 21 103
6 2 17 106
8 3 29 97
3 2 5 89
4 2 6 99
8 2 37 97
2 3 7 75
7 2 15 55
1 2 30 91
6 2 40 96
1 2 9 20
1 2 34 28
1 2 41 96
1 2 7 15
3 3 11 105
1 2 14 16
2 2 19 11
1 2 29 56
8 3 20 65
5 4 17 56
3 2 28 28
2 3 14 72
1 2 31 55
3 2 19 23
2 2 22 22
3 2 9 86
4 2 20 105
5 3 19 94
7 2 28 53
7 3 39 58
5 3 26 87
1 3 24 96
4 3 9 19
2 2 5 73
3 3 17 85
4 3 27 9
8 2 2 19
7 2 16 2
5 2 19 65
8 2 29 53
1 2 34 43
2 2 30 59
1 2 16 14
8 2 15 30
1 2 25 94
2 2 14 17
4 2 18 1
1 2 16 46
2 2 22 86
3 2 16 72
3 2 8 89
5 2 13 23
2 3 24 41
2 2 15 45
5 2 11 47
7 2 23 80
2 2 32 91
5 2 38 97
8 2 14 70
7 2 7 19
2 2 29 4
3 2 35 41
7 4 26 54
5 2 23 47
8 4 20 33
8 3 20 63
4 2 4 70
8 2 23 93
5 2 14 60
8 2 35 69
3 2 30 110
6 2 25 44
8 2 8 98
4 2 28 18
4 3 37 43
4 3 21 60
5 4 29 27
1 2 36 26
7 2 23 26
2 3 9 18
5 2 27 10
3 2 9 22
6 2 9 65
5 3 37 42
2 2 28 28
4 2 30 55
1 2 20 108
3 2 32 94
6 2 27 79
7 2 36 95
4 2 31 17
4 3 27 52
2 2 20 96
1 3 20 3
5 2 4 73
2 2 19 99
5 2 35 26
3 2 12 16
2 3 14 100
7 4 23 101
6 3 10 23
6 2 18 6
7 2 20 7
2 2 29 91
7 2 29 43
5 3 11 17
5 2 16 44
2 2 24 104
7 3 12 24
5 2 5 50
1 2 15 99
6 2 7 52
7 3 19 106
5 4 21 103
3 2 12 47
1 2 21 15
4 3 30 30
5 4 9 24
7 2 21 13
4 3 12 47
2 2 5 51
7 2 23 85
5 2 3 18
4 2 13 37
7 2 14 76
7 2 15 57
4 2 12 29
6 2 18 21
3 2 18 36
6 2 24 65
4 2 15 71
1 2 9 101
7 2 28 5
4 2 29 110
2 2 8 99
4 2 28 28
5 2 11 89
7 2 32 8
7 2 4 89
2 2 8 23
7 2 10 73
7 2 26 67
5 2 21 64
7 2 33 2
1 2 2 33
8 3 22 25
7 3 16 14
6 2 12 47
7 2 20 34
7 2 27 42
6 3 17 24
7 3 15 107
8 2 12 102
1 2 33 98
1 2 23 4
2 2 22 106
3 2 20 39
6 2 11 39
3 3 13 100
5 2 29 58
1 2 33 95
6 2 31 8
8 2 30 2
1 2 12 101
6 2 11 30
5 2 25 61
4 2 4 16
8 3 22 13
5 2 23 5
8 2 21 108
6 2 18 78
3 2 25 9
6 2 15 13
2 2 18 70
5 2 17 97
8 2 31 91
3 2 18 66
3 2 22 20
2 2 33 1
1 3 9 23
3 2 35 1
8 2 4 68
4 2 32 2
4 5 19 31
5 2 20 79
5 2 10 102
2 2 11 65
7 5 16 32
4 2 10 38
1 2 15 82
8 3 22 6
1 3 16 48
8 2 8 82
5 2 22 69
7 3 11 104
5 3 5 82
6 2 6 35
8 2 11 43
5 3 21 15
1 2 23 46
4 2 13 81
6 2 26 4
2 3 25 7
7 2 16 29
4 2 26 97
3 2 19 79
1 3 34 79
3 2 16 47
3 5 12 102
6 2 13 24
2 2 28 68
6 3 18 67
8 3 8 23
8 2 9 84
6 2 33 7
2 2 16 25
5 5 21 61
4 2 3 46
3 2 15 57
4 2 17 84
8 2 24 81
6 3 20 32
7 2 10 45
3 2 14 61
3 2 35 40
4 2 10 33
8 2 9 107
4 2 21 47
7 2 18 108
8 2 32 60
3 2 27 54
8 2 15 15
5 2 10 105
7 2 21 79
7 3 13 99
1 2 19 64
2 2 20 93
6 2 17 104
8 2 10 74
2 2 20 64
4 2 33 27
5 2 5 89
7 2 24 58
8 2 14 102
6 2 8 107
4 2 10 53
2 2 28 10
8 2 7 65
2 2 17 44
5 2 17 108
2 2 22 58
6 4 21 48
6 3 31 96
7 2 22 61
8 3 13 42
2 3 31 39
5 2 12 66
3 2 1 18
3 3 33 79
1 2 5 83
3 2 22 68
4 2 12 70
6 3 19 60
8 2 15 56
2 2 8 71
5 2 7 83
3 3 30 69
3 2 12 21
4 3 26 42
7 3 29 98
5 2 31 97
4 2 30 80
7 2 21 48
7 3 19 105
4 2 14 109
7 2 31 54
5 2 11 103
7 2 20 11
2 2 32 4
8 3 14 45
7 2 16 45
7 2 11 99
5 2 19 109
6 2 10 83
4 2 19 67
7 2 29 81
6 2 24 97
3 4 19 64
6 3 33 2
7 2 20 4
6 2 24 68
4 2 22 2
4 2 23 42
4 2 15 107
3 2 19 68
8 2 17 32
5 2 25 52
3 2 9 24
6 2 14 25
8 2 8 15
1 2 18 13
8 2 17 70
8 3 10 101
7 2 14 60
4 3 9 74
4 4 16 42
4 2 32 78
3 2 32 97
6 2 20 16
3 2 19 10
1 3 6 82
1 2 15 58
3 2 20 49
6 2 33 58
3 3 17 104
8 2 24 109
4 2 7 82
2 2 20 45
4 2 27 53
5 2 4 36
7 2 10 30
4 2 22 79
6 2 18 58
2 3 17 69
8 2 3 37
2 2 10 23
4 2 19 42
5 2 6 64
6 3 15 108
2 4 8 83
4 2 18 87
2 2 13 70
6 2 29 43
1 2 26 41
5 4 19 49
1 2 10 105
7 2 13 46
7 2 24 10
1 2 12 85
5 3 9 74
6 2 25 17
5 2 10 45
5 2 6 14
4 2 24 68
7 2 25 96
5 2 31 6
2 2 12 85
1 2 23 85
4 2 29 97
2 3 19 86
2 3 31 6
6 2 13 70
5 3 22 78
8 2 15 82
8 3 16 29
8 2 14 65
8 4 10 33
2 3 13 82
8 4 24 41
4 3 12 105
7 2 19 31
7 2 10 52
1 3 18 61
3 2 29 44
2 2 29 9
4 2 21 70
4 3 15 64
4 2 10 43
4 2 17 85
7 2 28 41
3 3 3 36
5 2 18 43
4 2 31 7
4 2 23 78
4 2 21 97
6 3 12 60
1 3 14 14
2 2 22 58
1 2 29 3
3 2 16 14
1 2 14 69
7 2 11 50
5 2 11 68
1 2 16 56
8 2 24 30
3 2 9 75
1 2 26 11
1 3 18 87
7 2 21 20
8 2 7 52
6 2 5 50
3 2 34 27
1 2 25 93
3 2 26 28
2 4 12 16
2 2 14 107
1 2 8 75
5 2 21 97
7 2 12 34
5 2 12 104
8 2 25 78
5 2 22 40
2 2 33 26
6 2 4 84
3 2 7 61
6 2 23 71
4 2 28 84
2 3 13 50
3 3 9 61
6 5 13 51
3 2 19 69
6 2 9 30
3 2 22 5
5 2 17 87
7 3 21 68
1 2 25 80
2 2 17 34
2 2 20 68
8 2 4 39
5 2 17 41
2 2 17 63
8 3 30 3
1 2 15 109
4 3 8 61
3 2 12 45
1 2 19 25
5 2 22 9
4 2 21 28
5 2 6 51
5 2 10 51
6 2 9 36
3 4 19 97
5 2 26 53
2 2 23 70
6 2 15 69
8 2 13 110
3 2 16 21
4 3 9 52
3 2 21 96
8 2 23 77
3 3 20 110
3 3 4 38
3 3 12 52
5 3 13 16
5 4 12 53
2 2 24 26
8 2 24 28
6 2 14 13
4 2 5 81
3 2 11 82
7 2 14 70
7 2 29 4
5 2 8 31
5 2 12 2
3 2 20 56
2 2 19 84
1 3 17 110
7 2 4 50
8 2 19 12
7 6 6 82
7 2 20 96
7 2 13 103
7 2 11 89
5 2 24 12
1 2 22 42
8 2 9 104
4 2 20 35
2 2 9 30
3 2 8 66
8 2 29 54
1 2 20 58
5 2 18 45
7 2 6 76
8 7 22 60
4 2 8 49
6 2 26 8
7 3 17 57
3 2 17 58
2 2 7 20
7 2 21 78
4 2 19 41
1 2 5 47
8 3 19 97
2 3 18 98
4 3 17 28
7 3 12 65
6 2 21 77
3 2 17 28
2 2 12 22
1 2 30 7
6 2 7 61
3 2 20 43
8 2 7 62
2 2 7 18
3 2 21 54
4 2 14 103
8 2 13 31
2 2 9 20
7 3 6 17
6 2 4 46
5 2 15 57
8 2 11 81
6 3 16 35
4 2 15 80
2 2 16 9
7 4 25 8
3 2 2 19
8 3 25 8
8 2 31 96
4 2 16 46
2 3 12 68
5 2 14 22
2 2 21 11
6 2 19 27
4 2 23 97
7 2 15 80
7 2 25 77
3 3 7 50
2 2 9 71
5 2 22 8
8 2 19 85
1 2 12 104
1 2 4 70
1 2 26 6
4 2 22 79
8 2 4 46
8 2 11 17
6 2 15 47
6 3 27 8
4 2 7 81
2 2 12 16
4 2 13 14
6 2 9 33
6 2 11 45
2 2 20 80
2 2 4 83
8 2 5 40
7 2 18 99
2 2 12 103
8 2 16 30
8 3 15 8
6 2 18 91
2 3 3 46
2 2 20 77
4 2 13 77
7 2 20 98
6 2 4 71
1 3 21 79
3 3 11 17
2 2 9 52
3 2 6 61
2 2 11 18
1 2 14 41
4 3 23 9
5 2 12 71
8 3 26 6
5 3 24 7
4 2 9 72
8 2 11 20
3 2 19 40
1 2 14 21
1 2 15 20
1 2 8 15
1 2 9 62
6 2 6 80
1 2 24 54
5 2 7 50
8 2 7 40
8 3 20 80
8 2 15 104
7 3 6 70
2 2 21 39
4 2 20 85
2 2 11 52
8 2 23 40
5 2 19 27
7 2 9 52
7 2 7 39
6 2 10 53
5 2 13 13
3 2 22 97
3 2 6 69
6 3 21 60
4 2 5 47
7 2 13 44
7 2 7 72
3 3 7 70
1 2 6 49
5 2 14 31
5 2 21 26
2 2 17 49
4 2 28 95
8 2 8 62
4 2 21 40
2 2 15 1
8 2 9 53
1 3 13 31
6 2 18 98
7 2 22 59
2 2 11 45
6 2 13 41
3 2 5 47
1 2 19 59
5 2 8 69
8 2 6 69
5 3 20 78
6 2 28 96
4 2 21 7
2 2 7 82
4 2 8 17
8 2 12 81
1 4 17 29
8 2 10 48
4 2 6 16
2 2 19 2
6 3 21 25
5 2 16 41
7 2 6 15
5 2 15 17
4 2 22 60
3 2 8 53
6 2 17 57
7 2 22 53
4 2 10 48
5 2 11 45
4 2 12 42
4 2 8 15
3 2 3 74
8 3 11 65
7 4 10 49
1 2 19 96
7 2 9 15
4 2 13 17
1 2 12 68
5 2 14 70
3 2 23 54
5 3 20 95
1 2 12 53
8 2 7 18
8 3 21 25
1 2 8 51
1 2 21 12
1 2 9 80
2 2 12 55
5 2 14 53
1 2 21 26
5 2 16 79
1 2 11 18
3 3 8 33
7 3 12 68
2 2 12 42
2 2 18 42
4 2 11 67
7 2 19 59
5 2 18 99
1 2 14 56
3 4 19 87
2 2 20 60
2 2 8 15
8 2 18 42
8 2 8 80
5 2 7 80
6 2 12 80
7 2 17 80
1 2 8 16
6 2 19 95
1 2 12 44
3 2 6 81
2 2 17 80
8 3 14 53
1 2 12 55
8 2 19 2
8 2 6 46
2 2 11 56
8 2 16 59
4 2 18 2
7 2 8 54
1 2 23 4
3 2 14 79
5 2 12 42
8 2 9 45
1 2 13 80
6 2 12 42
4 2 23 27
4 2 15 35
4 2 8 14
1 2 18 1
3 2 26 5
8 4 12 18
7 3 7 80
5 2 23 26
4 2 6 81
8 2 11 80
6 2 15 48
4 2 10 80
5 2 16 54
2 2 17 28
8 2 25 4
5 2 16 58
3 2 18 95
4 2 13 55
5 2 8 45
6 2 8 79
8 2 6 72
8 2 11 44
5 2 12 79
5 2 7 78
4 2 8 33
6 2 18 78
8 2 8 13
4 3 16 58
5 2 10 33
6 3 15 59
1 2 12 18
3 2 23 5
6 2 18 58
3 2 20 12
2 2 11 35
5 2 24 9
6 2 10 12
4 2 17 57
8 2 19 26
3 2 19 76
4 2 25 8
6 2 11 11
4 3 10 77
5 2 11 68
5 2 17 29
3 2 16 10
6 2 10 34
5 2 17 10
2 2 19 27
3 2 19 59
6 2 16 11
8 2 12 77
6 2 9 78
6 2 9 44
6 2 18 12
1 4 9 68
4 2 17 11
7 3 10 67
2 2 9 78
1 2 10 34
3 2 24 9
7 2 10 43
3 2 8 79
5 2 12 77
3 2 14 71
4 2 8 44
4 2 9 78
2 2 16 44
1 2 10 13
8 2 17 10
5 2 15 43
4 2 9 68
7 2 8 34
6 2 12 77
1 2 25 8
8 2 17 58
3 3 8 34
2 2 8 44
6 2 13 71
2 2 9 35
4 4 9 34
1 3 13 72
1 2 14 11
2 2 9 13
1 2 14 44
7 2 13 55
8 2 8 35
7 2 7 34
3 3 10 44
7 2 8 78
7 2 13 11
3 2 15 54
6 2 10 69
4 2 13 12
3 2 10 76
5 2 14 77
1 2 7 78
7 2 9 13
5 2 8 35
2 2 13 12
6 2 12 55
1 2 17 9
8 2 14 54
2 2 22 8
6 2 13 44
7 2 7 45
4 2 7 43
7 2 6 43
8 2 6 42
7 2 15 41
7 2 10 41
8 2 13 41
6 2 14 42
1 3 10 42
3 2 9 42
