Iter 0
Iter 1
Iter 2
Iter 3
Iter 4
Iter 5
Iter 6
Iter 7
Iter 8
Iter 9
Iter 10
Iter 11
Iter 12
Iter 13
Iter 14
Iter 15
Iter 16
Iter 17
Iter 18
Iter 19
Iter 20
Iter 21
Iter 22
Iter 23
Iter 24
Iter 25
Iter 26
Iter 27
Iter 28
Iter 29
Iter 30
Iter 31
Iter 32
Iter 33
Iter 34
Iter 35
Iter 36
Iter 37
Iter 38
Iter 39
Iter 40
Iter 41
Iter 42
Iter 43
Iter 44
Iter 45
Iter 46
Iter 47
Iter 48
Iter 49
11505
3534
1 3 12 30
7 3 25 45
2 2 86 5
1 3 113 47
3 2 22 7
3 3 119 46
6 8 37 21
6 2 76 51
4 6 27 4
4 2 66 22
8 3 106 57
5 2 13 76
4 3 32 66
7 3 19 66
3 3 14 53
6 2 38 29
5 3 97 25
2 2 30 77
5 2 32 2
1 2 83 38
1 2 114 57
4 2 85 12
7 2 4 13
3 2 118 53
5 2 12 5
6 2 116 14
1 3 108 47
8 3 107 79
3 5 58 52
2 2 94 67
6 2 93 12
2 6 78 47
6 2 61 46
2 4 21 43
7 2 28 73
7 2 122 76
8 2 105 10
5 4 104 73
6 3 19 71
6 3 4 15
3 2 4 78
1 2 14 35
8 4 19 30
5 3 97 58
2 2 20 51
2 3 109 20
6 2 93 3
4 2 110 3
5 2 33 21
5 2 107 26
4 2 22 19
8 5 1 11
8 3 32 14
5 3 5 74
6 2 18 67
7 2 120 4
8 2 44 53
2 3 83 42
6 2 89 51
6 2 71 48
2 4 35 74
4 3 76 65
8 3 95 61
4 8 57 42
2 2 19 63
1 2 13 56
6 4 23 60
7 3 43 46
7 3 42 16
4 2 60 1
3 2 74 11
7 2 65 24
6 2 15 38
2 3 18 47
7 2 64 7
3 2 86 10
6 6 46 52
6 3 28 46
6 3 29 13
7 2 123 70
5 4 50 70
5 2 66 26
5 2 20 46
1 2 63 50
3 3 95 10
3 2 93 13
1 8 76 74
5 2 86 2
1 2 66 14
1 2 122 1
8 2 10 56
2 2 14 42
2 2 97 37
7 4 86 69
7 2 95 57
5 2 8 20
4 2 41 54
6 5 103 10
8 4 78 18
3 2 106 36
2 2 66 78
7 3 104 23
2 2 43 77
7 2 4 16
6 2 76 33
7 3 116 61
6 2 1 19
5 2 69 68
6 2 72 13
6 3 42 20
1 2 59 11
7 3 26 55
4 2 16 7
3 2 119 7
4 4 92 59
6 5 89 30
6 3 16 78
1 7 107 72
4 2 13 47
6 3 5 39
7 2 44 53
4 6 87 17
4 2 12 36
6 2 21 33
6 2 67 4
5 2 108 24
4 2 86 23
4 4 71 4
2 2 115 51
1 3 95 79
2 3 8 28
5 2 53 61
1 2 15 13
5 2 13 46
5 3 26 75
1 3 63 62
7 3 56 32
8 2 12 24
5 2 78 19
4 6 43 52
3 2 40 69
4 3 115 39
4 3 20 6
2 2 109 3
6 4 66 66
7 3 37 42
7 2 28 76
7 2 8 46
3 2 28 19
1 3 89 67
7 10 79 48
8 2 64 60
7 2 5 39
6 2 64 41
8 2 50 79
8 2 118 40
5 2 11 60
6 4 109 69
4 3 19 25
6 2 65 71
7 2 9 78
5 3 114 72
6 2 106 72
1 4 90 9
5 2 80 30
7 4 17 78
8 5 9 59
1 2 61 30
2 2 14 58
7 3 24 56
7 2 63 70
3 2 26 36
3 2 85 75
7 2 5 71
8 3 58 71
2 2 67 33
1 4 98 15
2 2 51 72
3 4 53 25
6 6 21 76
8 2 30 4
3 2 78 60
2 4 12 12
1 2 61 3
7 3 42 25
4 2 60 35
7 2 8 38
2 3 111 12
8 2 30 23
5 3 31 22
5 3 105 11
1 2 83 1
1 2 116 38
1 2 40 45
7 3 56 52
3 3 61 53
4 3 99 53
2 2 54 11
2 6 9 14
3 4 22 15
8 2 33 9
8 2 91 45
2 2 28 42
4 3 63 69
3 2 106 61
1 2 55 64
5 3 58 68
8 2 106 35
6 3 51 49
6 3 40 77
8 3 96 37
1 2 42 10
2 2 111 19
3 2 81 34
3 2 103 48
4 2 34 73
7 2 36 25
1 2 85 3
2 2 46 7
1 3 14 10
8 2 14 11
8 4 110 49
6 2 84 63
6 2 24 71
8 3 87 38
4 2 34 14
6 5 18 29
6 2 27 56
1 3 73 8
6 2 69 35
6 3 70 21
6 2 84 73
1 2 79 55
3 3 20 43
8 4 21 16
6 4 99 2
2 2 54 33
3 2 109 74
2 2 58 25
4 2 114 37
2 4 33 5
3 2 69 51
3 2 73 33
1 3 70 1
1 3 4 7
4 5 93 40
5 5 16 19
4 3 83 65
2 2 25 24
2 2 96 44
1 5 76 25
1 2 81 57
5 2 53 39
8 2 53 36
3 2 108 70
4 2 73 6
4 3 82 35
3 2 41 52
6 2 76 73
7 6 3 74
1 2 26 80
6 4 90 19
3 3 57 32
6 2 18 20
1 2 27 11
6 3 70 30
3 2 110 78
8 2 60 37
8 2 77 70
6 2 58 54
1 2 92 73
8 2 8 12
6 3 89 63
7 2 104 1
8 2 96 41
1 2 101 13
2 3 21 72
3 3 65 31
4 2 55 4
7 2 69 38
4 5 39 31
6 3 86 75
5 3 17 79
6 2 67 52
8 2 59 51
5 2 17 75
4 2 1 72
3 2 81 42
4 2 112 50
2 7 18 6
5 2 34 44
4 2 26 6
5 2 17 51
4 7 73 18
6 2 34 79
8 2 58 5
5 2 49 72
2 2 40 37
6 2 57 31
4 2 43 8
7 2 91 33
5 2 5 1
4 3 56 68
1 5 50 44
8 2 7 62
1 2 98 31
4 3 81 9
2 5 99 77
1 2 32 7
7 2 12 45
3 2 39 79
8 2 61 8
8 2 95 19
6 5 25 6
2 2 38 57
6 4 32 49
7 2 104 63
3 4 77 12
7 2 79 37
7 2 31 47
6 3 105 47
7 3 27 68
6 3 4 55
5 2 26 17
3 3 63 34
8 4 19 44
7 5 87 33
4 3 71 36
6 2 92 36
7 2 35 41
6 2 28 12
8 4 113 31
5 3 19 56
3 2 6 18
6 3 34 32
2 2 2 41
4 3 24 50
8 4 104 61
2 4 29 21
4 2 56 35
8 4 88 3
4 3 82 25
6 3 57 34
8 4 42 53
8 2 58 62
4 2 53 6
7 2 96 41
6 2 107 33
4 4 89 47
3 2 16 59
6 2 55 68
3 3 60 13
7 2 69 69
6 2 55 22
2 2 79 15
8 2 99 20
2 5 65 21
4 3 101 8
8 3 57 23
3 2 6 71
6 2 113 50
1 2 101 73
4 7 14 62
7 2 7 43
2 2 21 29
8 3 99 43
2 3 82 31
3 5 58 44
3 2 76 51
3 3 91 69
4 2 50 39
1 2 106 55
4 2 58 29
1 4 41 20
4 2 66 66
5 4 66 17
6 3 76 27
5 4 4 25
3 3 63 68
4 2 33 53
6 2 83 59
4 2 27 34
1 2 19 19
2 2 23 29
1 3 96 9
2 4 112 49
6 2 3 14
8 3 26 73
7 2 13 10
4 2 120 27
7 2 45 26
8 2 74 80
2 3 18 74
5 2 114 16
4 2 51 28
5 5 56 27
2 2 85 45
5 6 2 16
7 2 94 26
6 2 86 56
5 3 32 58
3 2 6 58
2 2 90 24
1 4 72 64
4 2 45 20
7 3 88 64
5 3 22 80
7 2 22 39
7 5 80 4
8 2 51 39
4 3 49 8
3 5 73 24
3 2 27 12
2 2 10 80
1 2 102 47
6 5 10 3
6 2 52 19
5 4 84 39
5 2 28 35
3 2 106 44
2 3 79 69
5 2 81 67
4 2 78 22
3 2 19 57
3 3 51 29
3 2 100 53
7 2 108 77
7 2 75 33
5 2 13 26
1 2 37 38
8 2 52 24
8 4 16 30
5 2 35 46
5 3 58 44
7 3 2 23
3 4 52 3
8 7 104 15
8 2 59 76
8 3 80 4
7 2 2 55
5 2 14 4
7 3 70 78
4 2 76 68
3 2 68 17
1 5 13 26
8 2 107 8
7 5 15 39
1 5 40 53
1 2 75 23
8 2 19 29
7 2 55 57
3 3 73 75
4 4 41 12
1 3 97 18
2 2 54 28
2 2 107 71
7 2 70 41
4 2 44 60
6 3 57 22
8 2 28 27
8 2 79 60
2 2 25 78
4 2 99 61
2 3 89 57
8 3 18 14
2 6 80 17
8 2 78 17
2 2 95 26
8 3 98 73
6 2 31 66
7 2 68 48
6 2 32 42
3 3 101 38
3 4 20 27
1 2 70 49
1 3 49 67
8 3 27 40
7 3 58 78
6 3 72 5
5 3 92 70
2 3 48 4
5 2 94 15
2 2 102 49
3 2 5 3
1 2 28 60
6 2 38 35
8 2 83 49
6 2 57 5
8 5 13 39
8 2 102 18
7 3 62 66
5 3 48 75
5 2 36 76
3 2 72 42
8 3 12 55
7 3 69 24
4 4 49 44
4 4 92 5
7 2 103 12
6 4 47 38
5 2 50 72
2 4 33 18
4 2 34 59
1 2 72 49
2 3 31 12
2 4 42 63
2 2 17 24
5 3 28 26
7 3 10 42
8 2 92 25
4 3 19 51
1 3 102 42
8 7 32 28
5 2 61 62
8 2 82 77
1 2 18 65
1 2 21 21
4 2 50 48
8 2 38 7
3 2 50 63
7 2 55 71
4 2 50 28
3 3 104 34
2 2 29 9
4 3 51 51
3 3 93 46
5 3 53 35
7 2 85 24
3 5 74 56
3 5 28 74
7 2 88 57
4 2 23 59
4 5 82 18
7 2 99 56
5 2 6 71
3 3 30 19
1 2 106 34
4 4 42 38
8 2 11 28
1 2 56 79
3 2 21 28
1 2 44 38
8 2 92 41
6 2 79 55
3 4 43 66
8 4 69 22
5 2 53 60
5 2 85 11
8 2 22 21
2 2 52 31
3 2 37 66
1 4 29 10
8 3 97 71
5 2 51 52
5 4 25 57
3 2 13 32
1 3 14 28
4 2 44 11
3 2 63 34
7 3 4 13
7 2 77 63
6 6 97 57
5 2 67 79
5 2 93 19
1 6 71 3
4 2 109 6
2 3 66 7
4 3 42 60
5 6 60 27
8 3 25 55
5 7 100 44
1 4 66 63
7 2 36 13
3 2 41 15
5 3 97 34
5 3 49 35
6 3 13 20
1 2 68 55
2 2 45 58
6 3 36 40
6 2 52 51
8 4 78 26
6 2 75 33
6 4 68 42
2 3 103 77
7 3 19 34
8 2 65 68
8 2 11 38
1 2 67 78
1 2 86 39
6 3 61 9
2 2 65 13
4 2 42 54
4 2 14 75
6 5 53 62
2 3 44 38
8 2 63 1
3 2 44 12
6 2 52 73
8 2 112 80
1 2 24 37
8 2 94 36
1 2 44 28
6 2 46 70
2 2 38 8
1 3 72 68
2 2 7 3
6 5 65 66
4 3 28 5
6 3 77 32
2 5 85 15
8 4 22 19
1 3 95 13
3 3 53 50
5 2 10 67
6 4 89 60
2 2 82 70
3 2 4 50
8 3 88 51
7 3 40 8
3 2 29 29
1 3 14 20
8 2 26 73
5 2 19 27
5 3 39 57
4 2 92 44
6 2 88 55
6 2 20 45
4 2 31 35
5 2 22 4
2 3 10 54
2 2 59 79
2 2 19 26
3 3 102 6
6 2 40 37
7 3 61 14
8 2 8 1
6 2 12 47
6 4 29 36
1 10 3 15
7 2 49 53
4 2 43 34
7 6 7 40
6 2 35 17
8 2 66 6
5 2 16 54
8 3 74 46
4 2 57 11
5 3 98 34
4 3 71 5
8 2 46 50
5 3 66 72
2 2 53 62
8 4 65 33
1 3 67 53
7 3 38 32
3 4 68 17
8 2 57 39
1 2 20 49
1 2 26 53
2 3 20 75
7 5 87 46
1 3 92 25
7 5 88 9
6 3 20 68
3 2 40 64
6 2 43 45
2 2 61 46
6 3 39 9
5 2 65 59
2 2 42 62
6 2 98 21
4 3 65 77
3 5 27 71
4 2 60 7
1 3 64 57
1 2 101 43
8 2 63 35
1 2 60 5
1 3 77 49
8 2 59 51
4 2 49 68
2 3 50 58
5 2 89 49
3 3 10 74
8 3 81 58
3 5 61 8
8 2 7 70
1 2 32 60
5 2 36 3
7 2 84 7
5 3 65 4
2 2 6 66
4 3 73 9
8 4 59 79
3 3 81 44
3 3 64 22
4 2 37 4
1 4 60 28
4 2 100 48
6 3 38 6
5 5 63 76
6 3 39 53
7 2 17 73
2 2 91 47
8 3 62 23
8 2 62 76
6 3 47 32
6 2 68 3
8 4 51 10
7 5 10 53
2 2 22 32
1 2 26 62
1 3 69 31
6 2 54 62
8 3 14 51
7 2 26 9
5 2 16 11
6 6 97 37
3 3 2 71
1 2 85 14
3 2 100 76
6 2 65 44
1 5 49 51
2 2 34 76
6 4 104 59
2 3 43 68
5 2 101 15
1 3 42 69
7 2 78 48
3 2 55 22
8 2 81 78
6 3 43 13
1 2 87 27
1 3 82 49
1 3 61 3
7 5 4 18
6 3 8 43
6 2 30 10
2 2 75 13
8 3 68 9
8 2 72 12
5 2 82 26
1 2 52 52
6 2 69 48
4 4 11 38
7 2 35 34
3 3 88 78
6 2 4 9
8 3 81 19
6 3 3 64
8 2 32 57
2 2 59 39
8 3 86 52
5 3 60 34
2 4 85 3
6 2 68 46
8 4 60 59
4 4 15 44
8 3 22 11
8 3 75 25
3 3 59 72
8 2 23 21
7 2 85 75
3 2 2 52
6 4 62 7
3 3 5 74
8 2 18 51
6 3 6 23
8 2 95 32
7 2 55 76
6 3 24 39
3 3 108 64
1 2 76 15
4 2 65 66
2 2 67 64
2 4 65 54
6 2 80 59
7 2 95 22
5 2 25 66
8 3 29 67
6 2 83 52
8 4 66 66
8 3 29 64
4 4 17 21
7 3 84 50
7 2 29 77
7 2 51 36
6 3 15 6
3 2 51 54
1 4 80 20
1 2 37 69
5 2 43 37
1 2 4 75
3 3 10 3
1 2 32 28
1 2 32 12
2 3 35 23
2 4 42 74
7 2 35 63
1 2 66 23
1 2 25 54
8 2 41 37
7 2 51 26
7 2 8 67
1 2 64 4
6 2 73 27
5 2 66 76
4 3 37 76
5 3 13 69
1 3 10 50
2 2 37 25
4 3 69 12
6 4 7 75
7 2 32 36
3 2 71 45
5 6 79 49
5 6 74 28
4 2 4 15
2 4 80 42
1 3 7 10
1 2 67 45
4 4 67 76
1 2 59 27
3 2 58 45
4 2 92 2
1 3 84 29
7 3 70 72
7 2 55 49
7 2 29 3
3 2 68 18
5 2 62 10
4 2 71 73
6 6 31 52
4 5 5 8
8 3 92 48
7 3 95 32
7 2 7 22
4 5 24 57
5 2 40 67
4 4 16 7
5 3 53 27
2 2 37 56
5 5 48 41
8 3 53 25
2 2 45 44
3 4 75 75
3 3 67 74
7 2 42 71
5 10 6 13
6 7 24 31
1 2 78 58
3 2 53 5
2 4 56 37
8 3 77 71
1 2 34 45
4 2 22 30
4 2 11 16
6 2 94 42
8 3 23 35
3 2 18 18
4 2 65 55
8 3 21 78
7 3 9 27
3 3 61 36
3 3 29 43
5 2 55 61
4 3 56 22
8 2 15 54
3 3 1 43
4 2 78 68
5 2 41 70
7 5 55 40
7 3 63 79
5 2 37 34
6 3 20 38
3 2 34 50
5 2 4 79
1 3 77 4
3 3 42 38
8 2 74 17
8 4 48 53
1 5 58 7
5 3 70 77
8 2 28 39
2 2 31 27
4 5 64 50
3 2 82 67
7 2 59 39
5 2 77 17
1 3 26 67
1 2 17 16
1 2 63 13
7 2 37 73
7 2 6 67
6 3 84 49
1 2 44 61
2 3 63 36
1 2 3 63
1 2 78 16
3 3 45 3
6 2 43 29
1 3 39 41
6 2 30 71
2 2 79 57
2 3 80 29
8 2 47 58
8 5 53 43
4 3 15 18
7 2 18 68
3 3 20 2
8 2 81 74
2 5 46 59
8 2 40 16
1 2 38 18
3 3 20 42
2 3 49 70
4 5 87 33
7 4 79 30
7 5 9 33
7 2 52 46
6 2 8 52
4 5 51 26
6 2 44 72
3 2 61 77
2 2 65 38
7 2 61 33
7 2 78 54
1 2 4 32
8 3 88 28
4 3 75 32
2 3 51 48
2 2 76 62
7 3 53 31
7 2 55 69
5 2 75 49
7 3 16 3
2 2 70 26
4 2 3 68
2 2 51 5
7 2 38 30
4 2 4 54
2 2 80 31
3 2 84 2
6 4 13 62
8 4 65 16
3 2 17 37
4 3 60 12
5 3 39 39
8 6 3 17
3 3 49 61
1 2 48 69
1 2 3 25
2 3 52 25
8 3 33 37
4 3 58 37
6 3 80 7
2 2 63 58
5 3 39 56
6 3 50 14
1 2 12 22
8 2 51 52
8 4 40 78
7 2 40 8
6 2 43 30
5 3 17 29
6 2 47 18
2 2 81 4
7 2 56 45
5 3 83 70
2 2 19 28
8 3 4 13
6 5 81 37
5 4 29 61
3 3 29 14
3 14 37 18
8 2 65 42
2 2 70 71
8 5 20 32
5 3 77 10
8 4 23 74
4 2 32 28
5 9 86 22
1 2 11 52
8 2 47 56
3 2 34 23
3 2 38 79
1 2 4 25
8 2 51 14
1 3 5 2
6 4 4 27
7 2 16 45
4 3 22 53
5 2 72 14
3 4 36 57
5 3 55 8
8 2 61 62
6 3 42 78
2 4 16 74
6 2 23 4
5 3 45 30
7 2 59 2
8 3 90 68
5 2 43 54
7 5 35 55
1 2 27 44
4 4 14 36
3 2 27 48
7 3 89 34
7 3 15 17
7 4 51 60
3 2 49 61
6 2 38 19
2 2 24 58
5 2 70 30
6 4 25 75
3 3 71 69
7 5 63 75
4 2 54 58
3 6 33 5
5 2 61 80
3 2 34 27
7 3 77 66
6 2 72 23
7 2 32 20
3 2 28 25
6 2 53 73
1 3 73 6
4 3 16 36
8 2 50 60
4 2 25 77
5 2 36 12
3 2 64 18
1 2 57 45
4 2 85 35
8 4 29 13
6 4 32 18
8 2 29 30
8 5 23 52
6 2 66 63
2 2 66 80
2 2 38 45
5 2 79 72
1 5 24 49
5 2 84 78
4 3 48 44
5 3 63 64
8 2 45 67
5 2 73 42
6 2 11 73
7 2 60 79
3 2 69 79
4 4 59 69
6 4 83 34
8 2 25 35
7 3 13 30
5 2 19 8
1 2 22 73
2 2 19 74
7 2 33 59
5 2 61 30
7 2 7 5
8 2 86 11
3 3 13 36
8 2 41 47
6 3 67 39
2 2 27 36
2 2 91 61
8 2 29 59
2 2 26 12
6 2 79 2
2 2 81 71
4 2 15 71
2 3 49 68
7 2 39 75
8 3 66 54
6 2 25 79
1 2 74 65
4 2 93 80
4 2 71 51
1 4 44 10
7 2 20 71
5 2 3 67
6 2 70 26
8 2 99 2
3 2 24 75
4 2 73 13
8 2 11 54
3 2 49 72
6 2 7 7
5 3 39 74
4 3 61 72
4 2 18 29
7 2 26 24
4 2 76 64
6 6 9 54
4 4 53 13
3 2 12 67
7 3 12 45
2 3 13 67
1 3 83 44
2 2 16 36
7 2 12 20
3 4 43 64
3 3 13 29
2 2 89 62
8 3 43 20
6 2 11 43
3 3 46 67
3 3 27 13
7 2 51 17
5 2 91 55
5 3 32 24
6 2 63 42
5 2 90 41
7 2 51 3
6 2 81 41
1 3 59 51
6 2 18 18
3 4 48 11
8 2 60 72
4 2 78 79
3 2 58 4
8 2 44 13
4 2 68 44
1 3 7 2
7 2 83 21
4 3 4 36
6 2 9 48
7 2 16 25
6 3 73 66
6 2 38 10
6 2 14 61
3 2 36 38
8 2 75 36
3 2 30 79
8 2 49 21
8 4 70 3
5 2 43 39
4 2 62 75
5 4 21 59
8 3 62 28
2 2 53 10
8 2 32 14
8 2 36 55
2 3 30 69
5 2 31 72
2 2 50 42
8 2 37 47
3 2 84 65
2 3 31 16
5 2 53 55
4 2 53 20
1 2 3 30
5 2 71 13
6 2 67 7
2 5 9 12
1 2 14 52
8 3 77 38
7 2 76 40
3 4 14 6
6 3 82 65
7 3 20 59
4 2 25 68
3 2 6 29
1 2 79 49
7 2 80 10
2 3 24 7
4 2 7 40
4 2 70 10
2 2 61 22
4 2 50 80
7 3 65 77
6 3 55 2
1 2 21 29
6 3 39 42
4 2 22 53
1 2 39 78
6 2 70 39
2 2 36 61
8 2 49 63
7 2 56 56
1 3 8 17
4 2 37 25
1 2 77 47
8 3 84 64
6 4 72 49
6 2 24 49
5 3 73 8
6 2 4 52
8 2 75 76
7 3 41 15
3 2 44 10
8 2 62 74
7 3 61 19
2 2 60 54
3 2 28 29
7 2 17 42
7 2 62 53
3 4 7 32
8 2 51 47
1 3 65 24
8 4 38 41
2 2 58 49
2 3 4 9
7 3 12 34
3 2 13 33
8 3 16 68
8 2 12 51
4 2 2 50
1 2 65 18
5 2 11 42
4 2 40 52
3 3 21 33
8 2 66 31
2 3 76 10
3 4 2 35
8 2 24 19
2 2 82 24
5 3 8 37
2 3 54 23
3 2 26 31
3 3 94 48
4 4 28 37
1 2 26 18
8 5 44 20
3 2 16 21
1 4 49 80
5 2 17 44
5 2 40 4
7 3 40 19
7 3 15 28
1 2 24 22
4 3 3 37
7 3 91 47
7 2 72 1
4 2 45 61
8 3 79 2
3 7 45 5
1 2 44 40
6 2 8 36
1 6 37 63
1 3 67 50
1 5 42 33
2 4 52 18
3 2 48 27
7 2 78 27
3 3 62 31
2 2 54 33
8 2 50 19
7 3 58 14
5 3 73 64
6 6 56 45
3 2 12 17
7 3 44 3
5 10 11 53
5 4 30 16
3 2 79 69
7 2 20 49
8 2 46 37
3 2 60 60
6 3 20 41
3 2 68 28
3 2 76 58
5 2 69 63
2 2 61 4
2 2 79 35
7 2 66 20
7 2 74 70
1 2 66 53
4 2 80 77
7 3 28 28
4 2 45 2
7 2 56 39
8 2 30 64
7 2 37 43
8 2 12 22
8 2 39 42
8 3 11 1
5 3 22 62
1 5 47 46
6 2 44 73
2 2 68 10
5 2 39 19
3 2 59 44
5 2 72 58
8 2 57 64
6 2 4 58
8 2 27 53
5 3 48 22
3 2 12 25
8 3 50 55
7 4 39 56
3 2 67 75
8 2 12 33
1 2 11 71
6 2 6 61
5 2 55 2
6 2 47 3
6 2 68 45
2 5 45 7
3 2 16 22
4 2 52 68
5 2 11 27
4 3 50 44
7 2 38 30
6 2 66 8
4 3 30 43
1 3 58 21
6 5 41 18
4 2 55 24
5 2 19 15
2 2 25 19
4 7 46 75
8 2 39 57
3 2 41 28
5 5 60 32
4 2 57 6
6 3 20 48
3 3 91 43
5 2 2 53
3 2 72 64
8 2 21 31
6 2 6 18
6 3 61 25
6 2 31 53
4 2 68 17
7 2 83 43
7 2 50 68
3 2 50 12
2 5 11 30
4 2 49 39
8 2 79 66
5 4 18 42
6 2 34 43
8 3 59 19
1 2 45 72
4 2 21 26
2 2 50 24
7 2 1 17
1 4 62 28
7 2 77 69
2 3 29 61
4 2 54 76
7 3 11 29
8 2 53 5
3 4 39 12
8 2 16 33
4 2 27 2
4 3 32 78
7 7 71 66
4 3 74 71
5 2 74 6
7 3 25 8
8 3 29 59
3 2 38 69
8 3 4 23
8 2 26 15
6 4 4 69
5 2 66 24
4 2 11 76
3 2 47 48
8 3 56 79
5 4 5 9
8 2 34 55
4 2 51 24
7 3 30 78
6 2 36 47
7 2 38 49
2 2 66 49
4 2 70 70
2 4 18 34
7 2 40 19
3 2 34 72
4 3 16 75
8 4 21 37
3 3 52 27
6 3 62 77
2 3 51 26
7 2 32 55
4 2 48 15
7 4 25 47
6 2 53 22
3 3 60 64
4 2 4 70
2 5 61 2
2 2 55 46
6 2 35 59
4 2 52 80
4 5 52 60
2 4 75 7
2 2 67 45
4 3 62 32
8 4 34 29
2 2 37 18
2 2 66 75
2 3 54 67
7 2 40 40
7 2 40 11
6 3 12 36
6 4 45 60
2 3 73 71
1 5 47 69
4 2 33 67
8 2 58 72
2 2 47 66
4 3 34 54
5 2 74 64
5 2 64 74
4 2 56 13
8 2 45 48
4 3 46 8
5 2 11 45
3 2 35 60
6 2 66 16
4 2 45 27
1 3 49 12
4 2 50 34
7 2 59 79
5 2 21 17
2 2 45 58
5 4 63 72
6 2 41 59
6 3 46 53
6 2 45 48
2 2 45 34
4 2 57 50
5 5 14 73
6 2 5 12
4 3 40 70
4 2 7 64
8 3 41 79
8 2 64 12
5 2 14 17
6 2 57 41
5 4 28 29
4 2 45 46
3 3 62 71
8 2 29 8
5 2 47 15
4 2 26 45
5 2 40 32
4 2 46 54
7 4 47 6
1 3 20 12
8 3 53 57
6 3 50 4
3 5 29 66
8 3 26 70
8 3 74 72
7 2 20 43
2 2 27 61
4 2 65 6
5 2 39 72
7 2 10 60
8 3 37 33
1 4 12 9
3 3 23 67
4 2 61 79
1 2 2 36
4 2 5 62
2 2 2 54
8 2 56 36
6 2 39 14
5 2 3 55
7 3 64 2
8 2 37 11
8 2 53 31
2 2 11 46
4 4 20 33
1 3 39 59
1 2 69 75
6 4 18 34
5 4 9 8
5 2 51 47
1 7 45 18
4 3 20 77
8 2 2 77
3 2 12 47
6 2 50 75
4 4 14 35
4 3 7 77
8 3 28 54
2 2 60 51
7 3 21 68
5 2 46 8
4 3 53 63
3 2 24 43
3 2 72 44
6 2 56 36
6 2 44 59
3 6 15 30
7 2 42 70
8 2 21 6
4 2 16 27
5 3 3 32
2 2 14 63
1 2 13 4
5 2 49 64
2 2 20 36
4 2 53 47
6 2 15 46
1 3 12 35
3 3 30 61
6 2 3 36
4 2 14 28
6 3 44 36
6 2 50 67
1 3 59 17
1 3 4 55
5 3 34 36
7 2 32 63
2 2 23 35
5 5 4 32
6 3 10 8
1 4 46 54
2 2 7 7
3 2 28 11
8 2 12 15
6 2 65 11
1 3 15 78
4 2 56 35
1 2 25 24
2 4 11 21
6 3 9 23
3 2 42 37
6 4 55 23
4 2 37 29
4 2 21 7
4 2 28 38
1 2 35 39
5 2 24 54
7 2 13 46
4 4 19 4
6 2 75 62
6 2 77 48
6 3 68 16
2 2 31 41
8 4 38 69
8 2 46 40
4 3 54 26
2 3 34 35
2 2 41 68
5 3 15 22
7 4 32 30
6 2 45 61
1 3 10 60
3 4 8 42
1 2 71 48
4 2 15 29
8 2 51 77
3 5 29 23
6 2 49 61
3 3 46 31
3 2 62 4
2 2 7 35
1 2 21 41
1 2 61 22
3 2 22 73
3 2 44 24
8 2 65 58
1 3 7 22
2 2 26 57
1 2 31 71
1 2 31 26
2 2 69 63
4 4 39 38
1 2 51 33
8 2 76 62
3 5 36 20
7 4 9 22
1 5 35 29
8 3 48 56
5 4 54 46
2 3 23 44
3 3 42 56
2 3 51 38
5 4 55 22
3 2 48 38
6 3 27 40
7 3 51 69
8 2 45 39
4 2 39 30
8 4 2 54
4 4 19 38
7 2 52 26
5 3 13 19
3 5 50 40
1 2 26 23
7 7 43 63
8 2 36 76
5 2 23 80
6 2 50 16
5 4 51 31
7 2 28 19
1 2 72 63
6 2 39 7
8 3 16 48
3 2 59 45
6 2 14 25
7 2 60 46
1 3 31 56
3 2 46 50
6 2 22 54
8 4 57 50
1 3 44 65
7 2 55 12
5 2 40 38
3 2 22 20
7 4 43 75
1 2 5 66
7 2 13 62
3 5 45 24
5 2 1 13
3 2 57 5
6 2 72 56
4 2 20 4
8 2 16 63
7 2 65 78
5 3 23 64
1 2 62 69
8 2 21 36
5 2 9 22
4 4 55 66
8 2 64 48
1 2 15 21
1 2 59 35
2 4 17 44
6 2 22 40
3 2 25 5
4 2 35 59
7 4 71 62
3 2 47 35
6 2 52 28
5 2 15 7
3 3 28 74
2 2 14 15
7 2 70 57
5 2 1 16
4 2 35 21
8 2 52 30
1 4 45 51
8 2 4 67
1 2 30 72
2 2 2 69
1 2 51 3
8 2 7 55
5 3 43 22
3 3 12 3
1 2 1 68
1 2 53 4
3 2 37 43
7 2 11 63
4 3 9 14
4 2 25 21
1 2 46 6
3 2 46 20
5 2 22 73
4 3 12 21
5 5 8 32
6 2 7 9
6 2 63 27
2 2 32 32
5 2 10 20
4 3 45 72
2 2 47 51
7 2 4 55
7 3 35 11
1 2 14 30
3 4 18 44
5 2 29 69
7 4 56 26
4 3 55 56
3 6 46 7
6 6 54 53
4 2 29 8
5 6 25 29
1 2 62 23
5 2 52 65
2 3 54 65
6 2 45 25
5 2 61 15
5 2 60 40
7 3 25 35
2 2 49 67
6 2 48 71
2 2 25 15
4 3 45 40
2 4 44 56
7 2 69 10
8 2 33 32
4 2 18 43
6 3 29 33
6 2 24 14
2 4 40 30
3 2 59 3
3 2 45 25
6 2 3 16
4 2 12 39
2 2 50 42
7 3 32 19
8 3 36 44
1 2 31 48
6 2 48 67
4 3 22 78
3 2 30 77
3 2 3 36
1 5 16 40
3 2 54 3
2 2 42 63
5 2 2 7
8 3 32 41
7 5 22 79
2 2 57 18
6 3 10 54
8 3 25 47
2 2 7 47
5 3 26 7
6 2 30 22
7 4 59 14
8 4 20 50
7 2 13 54
2 2 50 75
8 3 60 60
3 2 16 39
3 3 30 29
2 2 44 2
8 2 50 28
2 3 69 57
4 2 41 46
6 2 33 74
7 2 8 55
6 2 41 50
8 2 61 69
2 2 43 52
3 4 14 44
6 4 12 21
4 2 27 69
8 4 70 10
2 2 7 59
3 2 36 29
5 4 27 9
4 2 11 32
4 4 40 33
6 5 46 52
2 2 29 39
8 2 28 21
6 4 16 75
2 2 42 73
1 2 35 12
1 4 44 42
4 2 59 59
4 2 5 57
7 2 61 25
3 3 39 37
8 2 2 56
2 2 17 63
8 2 69 63
3 2 16 65
3 2 1 10
6 2 26 60
2 2 8 19
5 2 38 24
4 5 9 55
5 2 8 38
5 2 11 42
2 3 36 30
6 2 52 79
5 3 22 38
4 3 44 38
1 2 23 50
2 2 40 72
1 4 40 40
7 2 33 49
5 3 19 54
5 4 49 50
3 3 41 62
2 2 62 58
4 2 3 2
2 3 21 25
3 2 65 59
8 2 53 2
5 2 46 42
5 3 4 50
1 2 25 64
2 4 14 46
2 2 66 80
2 4 24 4
6 2 26 30
2 2 53 38
3 4 30 49
5 3 13 58
7 3 2 2
7 2 2 70
2 5 13 69
3 2 1 69
2 2 12 45
7 2 55 33
6 2 22 70
8 4 24 13
8 2 14 25
8 3 29 30
6 2 27 43
4 3 42 70
2 3 11 20
3 3 39 29
2 2 17 49
3 4 45 21
4 2 28 19
5 2 33 77
8 2 57 13
8 4 8 75
4 2 63 6
3 2 17 37
5 2 18 40
7 2 16 12
7 2 17 33
1 3 21 40
4 3 1 14
7 3 27 69
7 2 26 37
6 2 33 65
8 2 39 67
5 2 19 29
1 3 31 21
5 2 11 22
1 3 42 2
8 2 58 33
2 2 53 25
5 2 39 40
6 2 26 74
1 2 21 43
6 2 21 64
5 3 37 39
5 3 29 10
4 2 59 63
5 2 64 59
5 2 47 9
3 2 3 69
4 4 38 62
6 2 31 3
8 3 19 41
3 3 10 32
1 2 72 60
8 2 28 54
3 4 34 25
2 3 22 55
1 2 12 61
1 2 7 6
7 3 3 4
4 2 14 37
5 2 10 58
6 2 23 46
5 3 25 44
4 2 27 32
5 2 45 76
3 3 21 73
3 3 63 58
2 3 41 23
1 2 25 12
5 2 58 61
8 2 44 28
1 2 35 22
2 3 18 31
4 2 26 53
8 2 42 40
8 2 30 2
5 3 30 44
4 3 43 57
8 2 18 31
6 2 56 20
8 2 2 52
8 2 17 33
5 2 41 36
2 3 4 4
4 2 55 65
4 6 56 20
5 6 41 60
8 3 52 14
8 2 7 35
3 2 46 58
3 2 40 44
1 2 56 80
4 3 25 72
1 3 17 21
6 2 2 3
6 2 45 56
8 3 29 63
6 2 17 67
7 2 16 38
6 2 30 55
7 2 39 53
2 3 24 26
4 2 45 22
7 2 46 16
7 2 24 45
3 2 18 77
5 3 45 17
2 2 40 33
4 2 17 38
8 2 6 31
1 2 34 44
7 3 16 15
8 2 51 65
8 2 43 66
3 3 11 15
5 5 52 80
7 2 26 2
5 2 39 34
7 2 17 65
7 2 46 66
8 3 50 58
7 2 53 46
3 5 5 67
1 4 48 79
3 2 15 79
4 2 24 46
1 3 25 7
4 2 21 42
8 2 50 24
4 2 35 56
5 2 5 67
5 2 35 59
2 3 20 77
5 2 36 79
3 2 58 10
5 4 32 30
4 3 31 74
7 3 34 16
3 2 10 63
4 2 22 56
1 2 11 36
2 3 40 54
3 2 29 1
3 3 37 30
3 2 50 10
8 2 43 1
5 2 20 9
1 2 9 28
6 2 50 33
5 3 41 39
8 2 47 26
4 2 9 41
3 2 7 70
6 3 42 38
2 2 32 16
3 2 6 6
7 4 7 36
4 2 2 4
2 2 10 40
8 3 30 17
8 2 33 16
7 2 47 14
6 2 48 76
3 3 5 28
6 6 10 33
2 2 55 47
2 2 29 66
1 4 14 63
5 2 19 17
7 2 11 75
1 2 22 42
3 3 27 46
2 2 40 18
8 2 22 31
8 2 52 10
2 3 13 37
3 2 23 70
1 2 8 78
4 2 26 45
6 2 19 37
8 2 41 23
2 2 21 45
4 5 31 17
2 2 34 63
8 2 32 73
2 2 1 51
6 3 49 23
2 2 16 63
2 3 44 8
3 2 31 79
2 7 15 52
1 3 25 53
1 2 44 71
5 2 49 76
4 3 24 18
3 4 44 52
6 2 43 27
6 2 17 21
3 2 31 3
6 2 18 74
5 2 73 1
2 2 12 52
5 2 18 75
7 3 31 9
2 3 23 12
2 2 20 39
6 2 11 27
6 3 9 5
6 2 19 68
2 2 50 21
3 2 42 65
2 2 25 10
5 2 44 3
6 2 43 19
3 2 14 41
5 2 37 13
7 2 53 10
4 5 16 16
1 3 34 43
8 4 47 55
5 2 50 33
4 2 38 58
7 2 39 2
6 3 15 3
8 2 12 23
7 2 36 44
6 3 41 30
7 2 39 27
3 2 14 1
5 3 12 28
2 2 24 20
2 2 50 13
3 2 24 2
3 2 4 31
4 6 27 52
6 2 24 66
8 2 9 77
2 4 16 41
7 3 15 36
2 3 31 33
3 2 56 80
4 2 11 15
2 2 47 47
5 2 31 8
5 3 46 2
4 2 59 56
1 3 37 34
8 3 53 4
8 4 48 76
1 2 5 30
4 2 57 49
5 6 2 3
7 2 12 72
2 2 6 5
7 2 25 29
1 3 39 24
1 2 40 19
5 2 8 4
4 3 23 2
1 3 38 48
6 2 15 77
8 2 25 70
1 5 34 37
5 2 36 68
2 2 26 79
4 2 63 11
5 2 56 62
4 2 38 33
5 2 44 27
5 2 49 41
2 2 10 65
8 3 25 44
4 2 2 55
7 2 36 46
3 2 46 78
4 4 41 21
7 3 35 17
5 2 23 48
7 2 50 8
3 2 17 10
6 2 21 23
1 2 18 38
3 2 58 6
3 2 13 55
2 3 44 72
7 2 41 4
4 3 38 73
6 2 28 45
4 2 11 57
6 2 8 4
3 3 50 9
1 3 56 78
8 3 10 71
5 2 26 61
8 2 46 22
6 2 50 35
1 2 48 60
1 2 35 12
3 3 22 31
8 2 32 64
3 2 24 46
3 2 22 46
6 3 19 73
1 3 38 9
8 2 23 2
5 2 31 65
8 2 40 43
3 2 9 76
1 4 13 32
7 4 20 68
4 2 7 21
3 2 19 24
3 3 14 51
5 2 9 31
7 3 11 22
5 3 25 54
3 2 16 41
8 3 53 48
7 2 42 43
8 2 42 56
8 3 47 13
2 3 41 48
4 2 29 48
1 2 42 35
8 2 19 31
2 2 46 62
1 2 44 22
5 2 54 66
8 3 53 24
6 2 19 18
2 2 34 27
3 3 51 48
7 2 25 38
5 5 10 36
6 2 2 20
5 2 29 45
1 2 4 7
1 2 17 60
3 2 33 54
7 2 49 43
7 3 21 40
6 2 55 79
6 3 43 67
2 2 32 62
6 2 53 58
5 2 9 39
7 2 10 52
8 2 38 61
5 2 40 35
8 2 36 42
3 2 7 4
7 2 20 20
1 2 19 61
2 2 51 5
6 2 32 19
1 2 24 68
2 2 25 61
2 2 3 46
2 2 42 35
7 2 43 4
5 2 39 58
3 3 15 24
1 2 44 8
4 2 43 46
1 2 11 29
7 4 31 35
2 3 20 31
8 2 43 46
2 5 14 21
3 2 3 62
2 2 9 8
6 4 22 23
3 4 11 40
2 2 21 34
7 4 27 29
2 2 51 66
6 3 5 7
6 2 3 33
1 2 5 28
8 2 5 11
1 2 4 7
6 2 11 3
6 2 47 12
1 2 27 59
6 3 24 56
2 2 3 1
1 3 41 44
3 4 3 45
1 2 8 56
6 2 25 37
7 4 39 13
4 2 6 32
2 2 57 80
4 2 6 61
7 2 19 8
6 3 15 65
7 2 32 61
4 2 18 1
7 2 32 65
5 3 22 62
6 2 31 35
6 2 57 73
4 3 4 5
7 2 51 71
4 2 48 15
5 3 15 69
6 2 29 3
2 2 34 30
5 2 6 26
6 4 35 20
1 3 9 59
3 2 25 57
7 2 23 17
1 2 40 65
4 2 41 48
5 4 17 4
7 3 42 70
2 2 10 28
8 2 13 53
4 4 9 74
3 2 42 78
8 4 22 62
1 2 42 14
4 3 2 32
6 2 26 3
5 2 37 65
8 2 34 12
7 2 3 7
5 3 19 66
7 2 32 39
8 3 11 69
6 2 29 40
2 2 10 76
1 2 17 54
2 2 41 78
8 2 38 71
4 2 19 23
3 2 10 1
7 4 35 8
8 2 18 5
6 2 40 47
7 3 16 42
8 2 42 75
2 3 31 69
5 4 16 50
7 2 32 37
2 2 26 23
5 3 49 59
7 2 13 56
1 2 3 6
8 3 24 27
6 2 28 72
8 2 22 55
5 3 37 20
5 2 3 46
6 2 24 18
6 4 30 12
1 3 25 7
3 2 20 32
2 2 37 56
2 2 7 52
6 3 48 61
1 2 38 12
6 2 4 62
8 2 36 74
1 2 23 5
3 2 32 70
1 3 11 57
7 3 41 79
5 2 41 21
5 3 37 54
1 3 21 37
5 3 8 14
8 2 33 64
8 4 50 80
7 2 12 27
5 3 33 52
5 2 41 69
2 2 27 63
6 4 48 10
3 2 7 29
2 2 22 47
6 2 29 26
1 2 40 46
8 2 33 16
1 2 1 18
6 2 31 62
7 3 8 20
5 2 11 9
5 4 24 65
5 2 31 27
8 2 12 6
7 2 1 13
4 2 44 10
3 2 30 17
8 2 18 67
3 2 25 16
1 2 33 19
7 2 9 66
8 5 15 41
8 2 53 16
1 2 15 6
3 2 11 6
7 3 34 13
1 2 5 32
4 3 7 68
8 2 9 29
2 2 17 67
6 2 47 75
7 2 52 16
1 2 6 60
4 2 22 15
5 2 3 14
5 2 38 48
7 3 29 62
1 3 36 47
7 2 41 35
4 2 14 51
8 2 33 61
2 2 57 1
7 2 15 1
3 3 43 57
4 2 22 40
5 4 29 37
2 2 23 76
4 2 25 35
5 2 14 39
3 2 39 11
3 2 8 4
8 4 13 42
6 2 45 72
5 2 40 10
2 2 44 47
6 2 8 50
5 3 51 79
3 3 16 42
8 2 36 63
3 2 14 16
2 3 10 8
2 2 34 34
8 2 7 65
5 2 5 39
2 2 8 17
2 4 16 69
2 2 32 2
1 4 34 14
1 2 19 12
2 2 30 49
7 2 25 38
3 2 18 38
2 2 29 36
4 2 35 69
4 2 20 9
1 2 26 19
4 2 46 43
6 3 40 8
3 3 38 68
3 2 39 79
8 2 20 75
6 4 40 71
7 3 42 57
5 2 2 69
7 3 19 12
1 2 49 16
3 2 10 50
2 2 32 76
1 2 18 65
3 2 31 41
4 2 16 15
8 2 19 57
4 3 21 9
2 2 10 4
8 2 7 71
2 2 8 52
2 2 26 71
4 2 21 5
6 3 37 22
7 2 47 24
3 2 4 9
4 2 15 52
3 4 46 79
5 2 19 24
3 3 22 63
2 3 16 11
7 2 27 44
4 2 28 51
3 2 9 70
6 3 16 40
7 3 30 52
1 2 14 48
8 2 29 73
8 2 8 61
7 2 14 67
3 3 27 74
7 2 19 79
2 3 28 74
2 2 6 75
3 2 30 43
5 2 1 50
5 4 38 71
7 3 17 56
6 3 39 47
2 2 34 21
5 2 30 5
8 4 33 59
2 2 34 46
4 2 10 75
6 3 18 26
8 2 3 16
6 3 5 38
2 2 50 1
2 2 34 9
7 2 48 25
7 3 10 50
3 2 3 12
6 2 14 72
3 2 12 77
1 2 5 53
4 2 50 70
8 2 30 20
4 2 38 11
2 2 36 16
7 2 34 60
8 2 8 61
4 2 34 6
3 2 37 76
8 2 6 50
7 2 37 9
4 2 22 8
1 2 14 51
4 2 41 66
4 2 24 65
6 3 13 53
1 3 44 15
6 2 24 75
6 2 39 55
1 2 29 64
2 2 25 77
1 2 8 7
1 2 8 31
5 2 7 75
3 3 40 23
5 2 33 17
7 3 23 56
1 3 40 27
3 2 28 77
3 2 7 57
2 2 26 39
6 2 26 34
4 2 6 26
6 4 31 18
3 2 2 76
4 2 31 15
5 2 18 46
2 3 40 6
4 4 25 53
1 3 40 56
1 2 18 9
2 2 33 36
8 2 17 25
6 2 39 65
8 2 14 74
8 2 16 3
3 2 40 72
1 3 27 11
7 2 22 73
1 2 42 12
7 2 23 49
1 2 18 14
1 2 40 50
5 2 21 77
4 2 22 73
7 2 37 49
6 3 27 33
5 3 26 64
2 3 50 47
4 2 8 65
1 2 16 67
4 2 11 50
8 2 37 47
2 2 17 68
3 2 35 14
3 3 46 24
6 2 17 2
2 2 34 67
6 4 15 45
5 2 26 66
8 2 7 26
2 3 25 14
2 2 8 66
4 4 2 3
8 4 35 14
1 3 30 28
2 3 18 15
2 2 29 62
1 2 15 3
6 2 5 11
7 2 21 75
6 3 13 17
6 5 8 65
3 2 32 72
1 3 38 32
8 3 11 58
4 5 20 75
6 4 9 44
2 3 18 42
8 2 31 13
8 3 27 32
2 2 38 10
5 2 29 17
2 3 17 7
3 3 39 72
6 2 7 15
5 3 17 52
7 4 26 16
2 2 30 67
6 2 18 26
8 2 32 9
3 2 34 15
2 2 24 41
8 2 5 74
8 2 39 28
5 2 8 44
2 2 41 73
6 3 10 63
4 2 30 56
4 2 38 72
7 2 8 11
2 2 15 47
6 2 24 66
5 2 7 2
2 2 20 53
1 2 12 58
5 2 26 27
1 2 25 9
5 2 8 51
7 2 30 49
3 2 39 50
5 2 24 37
2 2 32 54
4 2 11 62
4 2 17 32
4 2 24 24
4 2 30 48
3 2 10 68
4 2 12 6
7 2 13 15
7 2 28 26
4 2 26 18
6 3 15 70
5 2 22 42
3 3 33 21
5 2 15 68
8 2 31 49
1 3 36 48
8 2 17 5
7 2 31 22
1 2 14 76
8 3 18 31
7 2 28 23
5 2 44 47
3 2 31 78
1 2 7 18
3 3 23 29
3 3 39 63
3 3 33 74
5 2 16 4
1 2 19 54
3 3 44 59
7 2 16 66
8 2 3 66
4 2 18 28
6 4 25 24
7 4 9 3
3 2 33 48
3 2 4 37
7 2 6 14
4 2 34 63
3 2 11 38
2 2 29 25
1 3 12 36
1 2 9 20
4 2 47 65
3 2 24 46
5 4 26 56
3 3 11 61
4 2 5 16
6 2 6 7
2 2 20 71
4 3 22 74
1 2 19 63
2 2 17 18
8 2 35 10
1 3 24 68
5 3 25 45
2 2 38 40
5 2 39 22
3 3 16 43
2 3 41 79
7 2 3 46
6 2 10 53
2 3 26 57
8 3 2 2
8 2 8 65
1 2 28 56
8 3 20 45
8 2 9 61
3 3 28 29
3 2 5 66
4 5 7 47
6 2 14 28
2 2 12 38
1 5 34 9
5 2 29 67
7 2 16 70
7 2 13 52
4 2 16 1
7 2 33 26
6 4 10 26
3 4 12 17
2 2 28 79
7 2 18 75
7 2 31 78
2 2 14 4
1 2 18 76
7 2 18 45
4 2 8 77
5 2 37 51
7 2 28 57
8 3 7 13
5 3 33 59
7 3 35 32
4 2 10 77
6 2 3 49
3 2 9 10
7 2 27 56
2 2 24 5
2 2 35 57
4 3 42 64
3 2 18 77
1 2 19 46
6 2 13 40
8 2 14 67
7 2 31 43
5 2 10 32
5 2 10 51
5 2 32 80
4 3 20 61
2 2 1 1
3 3 23 65
7 2 2 3
3 4 19 35
4 2 13 64
3 4 14 66
3 4 7 46
1 2 38 63
5 3 28 13
8 3 18 23
1 4 27 40
1 2 20 70
7 2 26 51
7 2 27 2
3 2 2 67
8 2 22 26
1 2 16 17
5 2 28 4
4 2 39 24
5 2 47 48
7 2 24 77
1 2 31 54
2 3 9 61
7 2 14 40
5 2 22 61
7 2 9 69
1 2 7 46
3 2 22 24
8 2 36 22
7 3 12 3
1 3 14 61
3 2 28 35
5 3 15 45
6 3 8 3
2 2 4 23
4 3 35 50
7 2 40 79
8 2 2 24
2 2 9 56
3 3 11 26
5 2 36 79
4 2 26 36
7 2 22 58
7 3 26 71
6 2 39 64
2 3 13 38
6 3 34 26
3 2 20 61
4 2 14 31
8 2 36 72
4 3 23 71
1 2 41 64
4 3 14 76
3 2 28 23
1 2 27 19
1 2 13 14
2 3 17 22
8 2 41 65
3 2 17 67
5 3 30 19
8 2 5 34
7 3 6 74
5 2 20 76
3 2 41 1
7 2 11 25
6 2 36 43
7 2 13 70
1 2 29 77
5 3 25 9
1 2 18 51
4 2 17 65
2 3 5 32
8 3 16 25
1 3 6 56
1 2 20 79
2 2 11 17
8 2 21 56
1 2 38 6
3 2 38 71
8 3 4 2
4 2 6 50
1 3 28 64
3 3 36 21
5 4 5 65
8 3 2 5
1 3 14 29
3 2 4 7
3 2 25 35
3 4 31 56
6 3 33 78
7 2 22 13
4 2 18 41
1 2 30 21
3 2 24 55
1 2 14 66
7 2 41 42
6 3 34 11
4 4 11 1
2 3 5 50
4 4 33 59
7 3 28 8
3 2 11 47
4 2 35 62
8 2 27 65
2 3 19 61
1 3 4 38
6 2 12 45
1 2 26 3
8 2 13 51
1 2 13 32
8 2 25 33
5 2 16 17
4 2 35 57
3 2 8 8
7 2 9 45
2 3 5 55
8 4 11 76
4 4 22 11
3 3 9 76
3 4 23 64
2 2 9 73
7 2 21 74
8 2 20 44
1 2 26 30
3 2 21 41
5 3 32 5
6 2 38 40
8 3 39 72
3 4 3 16
1 2 15 54
7 2 18 5
4 3 18 4
5 2 23 17
6 3 20 44
5 3 9 65
6 2 5 70
3 2 25 2
1 8 9 46
2 3 8 78
2 2 18 77
5 2 20 78
4 2 11 70
7 2 19 77
3 2 7 34
8 2 12 77
6 2 5 55
1 2 3 3
7 2 29 12
7 2 6 30
6 2 12 16
4 2 22 54
4 4 16 23
5 2 5 70
7 2 21 6
3 2 17 64
5 2 23 35
7 2 15 49
7 3 6 49
6 3 8 5
4 8 13 70
4 2 29 51
3 2 17 38
5 2 13 37
6 2 23 63
7 2 8 9
1 3 22 49
4 2 33 80
4 3 12 44
7 2 8 13
6 2 24 79
3 2 5 66
6 2 27 13
7 2 25 36
8 2 15 18
5 3 16 47
8 2 25 11
1 3 14 15
3 2 4 1
2 2 6 71
4 2 34 59
4 2 25 32
5 3 26 15
4 2 25 14
8 3 26 19
8 2 15 10
3 2 32 43
3 3 32 64
2 2 15 2
2 2 12 34
7 3 8 36
4 2 32 71
7 2 29 64
2 2 18 72
4 2 7 17
4 2 22 36
3 4 12 48
5 2 24 7
2 2 31 24
1 2 18 16
1 2 17 72
8 2 13 72
3 2 16 45
1 2 5 33
4 3 16 2
5 2 21 73
3 2 10 52
7 3 8 42
6 2 28 75
2 2 11 45
5 2 17 10
5 2 11 21
8 2 36 25
3 2 6 70
2 3 26 51
4 3 15 37
8 2 22 67
7 2 22 62
1 2 1 11
7 2 38 59
3 3 23 11
2 2 20 44
8 3 16 69
1 2 3 32
2 2 18 54
6 2 24 25
6 2 7 60
7 3 26 18
3 3 11 71
5 2 20 19
6 2 17 6
8 3 26 15
1 2 4 5
5 3 23 19
2 2 21 61
6 2 17 35
7 2 22 71
3 2 30 78
6 3 25 34
7 2 27 59
1 2 21 53
8 2 19 71
5 2 22 21
7 3 21 20
2 4 8 41
5 2 22 65
7 2 11 48
4 2 11 60
2 2 6 11
6 2 19 10
3 2 30 71
8 2 4 11
7 2 15 40
2 2 26 23
3 3 24 57
3 2 19 20
5 2 4 55
7 3 10 61
5 2 7 10
6 2 33 79
1 2 9 54
6 4 24 30
8 2 22 59
1 3 16 70
6 2 18 11
1 2 19 24
1 2 4 36
8 2 9 36
6 3 14 65
6 2 7 18
7 2 14 60
4 2 26 28
3 3 19 10
6 2 18 39
2 2 4 3
1 2 12 67
2 2 23 6
4 2 11 35
6 2 24 10
1 2 8 4
6 2 6 36
5 2 20 55
2 2 32 42
2 2 17 48
5 2 4 62
7 2 28 28
8 4 14 59
3 2 12 71
4 2 13 35
7 2 28 51
5 2 7 48
8 2 14 27
3 2 6 61
6 2 15 58
8 2 11 27
4 2 27 65
3 3 21 58
8 2 8 2
8 2 13 21
1 4 8 65
4 2 22 55
7 3 6 65
4 2 23 10
1 6 5 66
7 2 13 60
5 2 5 7
7 2 16 11
6 2 15 66
7 2 4 62
3 2 12 55
5 2 12 55
3 2 30 25
5 2 7 29
8 3 17 9
1 2 7 52
6 3 37 80
6 3 14 64
3 2 17 50
3 2 7 55
8 2 28 71
4 3 4 66
5 2 22 13
5 2 9 20
3 2 6 43
4 2 34 25
7 2 15 76
5 2 17 70
1 2 22 35
7 4 3 2
8 2 3 13
8 2 3 3
2 3 13 63
2 2 7 31
5 2 19 6
4 4 6 34
2 2 7 33
5 2 8 74
7 2 13 42
5 2 3 13
7 2 26 34
1 2 19 53
4 2 33 63
6 2 38 60
4 2 16 43
5 2 19 62
6 2 4 70
1 2 12 26
5 3 6 66
8 3 27 23
3 2 16 68
7 2 5 46
2 2 23 10
3 2 14 58
2 2 10 58
5 2 8 47
3 2 15 56
1 2 14 61
8 2 21 63
2 2 24 15
6 2 14 49
1 2 23 7
8 2 13 65
3 2 9 28
7 3 11 67
7 2 32 80
6 2 21 12
5 2 23 78
8 2 22 58
7 4 5 61
7 3 12 65
3 3 15 33
6 2 26 21
3 2 25 7
4 2 35 73
5 3 11 62
5 2 4 63
3 2 27 10
3 2 5 54
2 3 15 5
6 2 8 66
4 2 23 40
5 4 11 29
7 2 27 54
8 2 24 50
4 2 14 9
4 4 10 56
6 2 23 14
5 2 18 11
8 3 12 13
2 3 14 53
8 3 19 34
2 2 20 72
6 2 30 22
5 2 5 35
8 2 8 67
5 4 14 19
5 3 17 70
2 2 22 63
2 2 9 14
2 2 12 56
1 3 18 71
2 2 20 79
8 3 20 26
4 3 15 57
8 3 4 47
7 2 8 73
5 2 21 48
3 4 21 10
5 2 3 32
1 2 19 60
2 2 3 65
6 2 22 70
8 3 13 11
2 4 7 61
4 4 1 67
8 3 20 69
2 3 22 73
8 2 2 68
1 4 28 58
3 3 25 50
4 3 12 60
5 4 3 2
1 2 13 37
8 3 13 55
1 2 24 51
6 2 12 33
8 2 20 22
8 2 22 51
7 2 7 29
3 2 23 39
5 2 17 50
6 2 15 40
4 2 10 26
3 2 12 34
5 2 12 12
8 3 17 49
4 2 11 78
3 2 11 8
1 2 12 33
7 2 6 53
2 2 18 49
8 2 7 67
6 2 23 58
7 3 23 40
2 4 12 12
7 3 16 16
2 2 6 46
3 2 20 48
5 3 20 25
2 3 12 35
4 4 10 69
3 2 28 40
3 2 21 31
7 2 19 13
5 2 8 44
4 2 13 49
1 2 17 40
6 3 28 80
8 3 3 49
5 3 7 41
7 3 10 78
3 4 8 72
8 2 19 28
5 3 22 30
6 2 13 52
1 2 11 78
4 2 5 6
2 2 6 68
7 2 3 12
7 2 11 35
5 2 21 35
5 2 26 25
1 3 20 73
6 2 21 7
2 2 7 3
8 2 9 62
8 2 10 59
6 2 13 56
4 2 18 40
8 2 9 56
4 2 17 64
2 2 30 25
6 2 17 27
7 2 8 53
5 3 12 52
6 2 1 43
3 3 20 35
4 2 8 52
8 2 13 8
3 2 20 23
7 2 14 19
5 2 16 43
5 2 12 74
2 2 18 28
6 2 7 61
1 2 9 34
7 2 11 53
1 2 24 42
1 2 1 67
6 4 8 51
4 3 17 43
4 2 20 27
6 2 6 46
2 3 5 45
8 2 27 58
6 2 24 16
2 2 10 50
3 4 17 43
3 2 7 3
7 2 23 58
2 3 5 34
4 2 9 8
3 2 26 26
4 2 12 79
2 2 23 25
7 2 10 4
3 2 5 63
6 2 4 68
7 2 7 18
7 2 10 14
2 3 24 41
7 2 9 60
6 4 17 17
8 2 4 48
3 2 3 36
8 2 21 20
6 2 12 29
3 2 15 15
3 3 16 51
3 2 21 15
4 4 9 65
7 2 22 15
2 3 10 30
3 2 7 69
7 3 3 68
6 2 4 37
4 2 19 23
2 2 19 8
2 2 1 25
2 2 6 19
6 2 10 8
7 2 19 6
5 2 14 60
1 2 9 4
2 2 25 58
6 2 7 61
6 2 12 77
7 3 10 63
8 2 5 19
5 2 16 57
6 3 8 59
5 5 18 40
1 2 3 44
3 2 6 60
4 2 15 28
4 2 6 49
4 2 17 25
3 2 17 15
4 3 15 80
6 3 14 9
5 3 12 15
8 2 11 47
7 2 6 45
3 2 7 50
5 2 9 12
1 4 14 8
2 2 19 11
1 2 6 26
3 2 7 62
2 2 11 63
4 2 22 58
8 3 5 43
1 3 10 48
7 3 14 9
6 2 17 74
4 2 10 12
4 2 5 25
4 2 21 76
5 2 22 53
8 2 24 78
7 2 19 53
7 2 3 35
5 3 13 7
6 2 2 43
7 2 16 27
7 2 13 50
1 2 17 76
8 3 3 30
5 2 19 70
8 2 5 25
1 2 27 40
8 2 12 43
3 2 8 63
8 2 24 54
5 2 20 9
7 2 15 71
2 2 1 67
8 2 10 48
2 2 16 71
5 2 4 4
8 2 18 33
4 2 12 69
6 3 10 43
2 2 2 67
3 2 13 71
3 2 5 26
1 2 13 40
5 2 7 46
4 2 7 24
1 2 20 11
2 2 13 70
7 3 2 44
3 2 5 33
5 4 10 42
4 2 16 40
3 2 19 29
3 4 15 29
5 2 14 12
6 2 17 42
2 3 9 44
8 2 4 63
8 2 23 76
2 2 18 32
6 2 15 19
7 2 17 39
6 2 7 34
6 2 18 42
2 2 11 30
3 3 19 58
7 3 18 31
1 2 12 19
3 2 11 73
3 2 8 26
7 2 11 41
5 2 7 4
1 2 19 58
4 2 12 59
2 3 7 24
4 2 16 58
3 2 11 63
5 2 6 64
6 2 11 6
5 2 3 49
7 2 4 5
6 2 14 22
6 2 13 16
3 2 11 6
4 2 19 41
4 2 2 2
8 2 7 51
4 2 10 18
6 2 16 78
3 2 4 45
4 2 9 28
3 2 15 18
2 2 6 43
3 3 8 50
5 3 5 49
1 2 16 35
5 2 8 65
3 2 5 46
7 2 20 75
1 2 5 69
1 2 9 26
8 2 6 26
5 2 12 41
2 3 13 58
2 2 9 72
4 2 12 31
2 2 6 50
1 2 20 23
6 2 13 59
8 2 20 53
8 2 12 63
5 2 9 71
6 3 4 46
8 2 5 8
5 2 9 34
3 2 18 42
8 3 8 35
6 2 12 28
3 2 20 23
1 4 9 65
2 2 16 29
5 2 7 37
3 2 12 23
6 2 14 75
3 4 7 65
6 2 1 11
7 2 11 14
6 2 13 13
7 2 13 38
2 2 17 15
4 2 8 47
7 2 9 33
7 2 5 3
6 2 7 3
6 4 4 4
6 2 16 39
3 2 4 47
1 2 4 10
4 3 16 12
4 2 9 72
3 2 9 30
5 2 18 72
4 3 5 2
8 2 4 2
7 6 7 26
6 2 20 75
8 2 15 24
4 2 11 23
4 2 2 10
2 2 7 10
7 2 12 54
2 2 4 5
1 2 8 18
4 2 11 7
4 2 14 70
1 2 4 47
1 2 17 41
3 2 14 12
4 2 21 20
8 2 17 5
5 2 5 31
6 2 13 26
7 2 5 49
3 2 20 48
6 2 6 4
8 2 14 31
2 2 6 6
7 2 12 59
5 2 17 75
3 2 12 14
6 2 6 31
4 2 11 14
2 2 5 64
4 2 6 64
4 2 5 59
3 3 9 60
3 3 4 3
8 3 15 41
4 2 17 75
7 2 6 1
8 2 6 26
8 2 8 53
7 3 2 9
8 2 18 72
3 2 5 10
6 2 12 41
8 2 10 13
5 2 3 5
5 2 4 59
3 3 7 35
7 3 9 30
2 3 14 41
1 2 8 32
8 2 7 43
6 2 18 15
2 2 9 42
3 2 16 41
1 2 9 42
3 2 10 58
4 2 11 34
5 2 12 35
1 2 5 31
3 2 15 58
6 2 14 77
1 2 10 13
5 2 17 41
1 3 12 27
6 2 9 17
8 2 8 58
1 2 5 26
6 3 15 40
6 2 10 47
5 2 13 72
4 2 4 63
2 2 14 17
7 2 15 53
5 2 10 54
5 2 9 42
3 2 3 59
7 2 10 26
5 2 6 35
1 2 8 72
8 2 13 72
4 2 22 80
5 2 8 19
5 2 6 9
5 2 5 26
7 2 11 28
4 2 8 53
7 2 8 11
4 2 1 9
4 2 10 57
8 3 4 59
8 2 9 8
4 2 13 41
3 2 3 63
8 2 10 60
6 2 11 31
5 3 11 27
1 2 5 60
1 2 14 78
3 2 8 12
4 2 10 41
7 2 14 77
2 2 16 79
2 2 9 18
6 2 11 28
6 2 8 66
2 2 6 66
4 2 10 28
1 2 1 54
4 3 8 42
2 2 16 76
7 2 16 48
5 2 7 65
8 2 11 41
8 2 13 39
7 2 10 47
7 2 8 42
2 3 6 32
6 2 6 63
5 2 10 31
7 2 5 60
1 2 16 79
5 2 7 33
5 2 15 16
6 3 5 33
1 2 5 7
7 2 10 41
8 2 4 9
7 2 6 8
5 2 14 77
1 3 6 62
7 3 5 33
3 3 8 42
2 2 9 55
2 3 5 61
7 2 8 72
5 2 13 72
8 2 2 62
8 2 8 72
5 2 13 38
7 2 20 75
6 2 5 10
1 2 5 9
4 2 14 57
1 2 3 61
2 2 11 41
4 2 5 58
6 2 1 55
2 2 13 57
6 2 14 15
8 2 13 47
4 2 5 55
7 2 16 79
6 2 20 47
4 2 3 55
5 3 3 54
6 2 15 48
2 2 3 53
5 2 15 47
4 2 14 47
4 3 17 47
6 2 4 53
5 2 21 80
6 2 5 53
3 2 9 31
7 2 2 63
2 3 2 63
3 3 5 5
8 2 3 53
3 2 3 53
6 2 12 70
8 2 4 65
1 2 13 48
1 2 10 56
3 2 4 53
2 2 6 7
1 2 3 63
7 2 13 48
2 2 12 70
1 2 10 5
1 2 3 56
3 2 7 5
6 2 6 5
7 2 11 71
7 2 9 56
4 2 6 6
8 2 9 57
6 2 9 58
3 2 4 56
7 2 6 58
3 2 6 6
