18849
3130
4 5 4 44
5 4 23 73
1 9 91 5
4 2 96 66
4 6 100 76
3 2 92 39
1 2 10 71
6 3 46 21
2 2 41 16
2 5 14 21
2 2 27 42
5 3 72 98
5 3 30 3
4 2 12 44
2 3 60 49
4 3 28 2
2 2 19 57
1 3 84 5
2 3 25 37
4 2 66 76
6 4 17 89
1 2 6 58
4 2 91 2
1 2 83 77
6 3 6 82
6 2 42 55
3 2 65 63
6 2 50 5
2 2 35 42
5 9 83 23
4 3 4 34
6 2 21 93
4 2 63 61
6 2 23 96
3 2 22 35
5 2 11 5
3 3 62 21
4 2 54 61
4 2 43 77
2 3 37 30
6 3 23 72
4 2 92 40
1 6 88 26
4 2 30 82
5 2 23 66
3 3 9 2
3 5 37 29
4 6 75 6
4 4 68 40
5 3 60 27
2 2 61 72
6 9 30 74
3 2 8 13
3 2 7 100
6 4 89 20
2 2 15 24
5 5 30 70
2 2 18 94
2 2 88 53
5 2 74 97
6 2 79 96
2 2 48 67
1 2 31 4
4 3 97 90
4 3 9 43
4 2 44 18
6 2 22 100
6 2 47 10
2 2 43 11
2 2 69 71
2 4 29 17
1 4 87 46
5 3 71 36
4 2 50 94
1 2 30 23
6 3 67 31
4 3 89 74
1 3 79 72
6 2 64 22
5 5 25 90
4 2 92 7
3 6 79 60
5 2 36 6
6 4 49 93
4 2 39 47
6 2 62 88
4 2 59 73
6 6 81 33
5 5 5 17
2 4 18 90
2 2 6 81
6 2 35 37
2 3 43 21
2 3 94 41
1 3 55 68
6 3 31 21
2 3 23 76
5 2 13 21
2 2 48 48
4 2 7 54
2 3 40 89
3 6 32 77
6 3 51 35
6 3 79 99
3 3 37 25
5 3 63 98
3 5 37 18
5 3 9 27
2 4 14 74
5 2 11 16
5 7 47 53
5 7 19 21
5 3 55 82
3 3 54 45
6 3 64 29
4 2 17 49
6 3 15 59
4 2 8 51
1 2 40 29
1 2 50 43
1 2 70 65
3 4 2 93
3 4 34 13
3 3 72 99
4 3 38 42
3 2 19 11
6 7 65 16
1 3 64 41
3 3 19 45
3 3 95 69
4 4 19 46
1 3 8 97
1 5 23 12
2 3 62 68
3 2 80 65
2 2 28 68
1 4 8 20
6 3 53 35
5 2 89 71
4 4 73 42
2 2 35 49
4 2 90 26
4 3 23 81
4 3 24 98
4 2 20 9
6 3 55 15
6 4 54 32
2 3 30 74
1 5 23 98
1 2 50 80
1 2 69 85
5 3 5 33
5 2 32 4
3 5 38 73
1 3 72 87
4 8 28 36
1 3 38 63
2 2 51 35
2 2 2 13
3 3 80 13
6 4 40 53
1 3 10 88
2 2 24 11
2 2 51 64
1 2 92 97
2 3 51 10
1 2 22 49
6 2 72 41
3 3 89 76
5 2 14 59
3 3 53 20
3 2 85 51
3 4 83 93
5 2 60 99
6 2 47 56
4 5 36 4
2 2 19 46
5 2 40 68
1 4 83 86
1 2 46 38
6 3 82 39
3 3 40 67
6 3 50 68
6 6 8 39
2 2 86 15
1 3 10 13
4 2 72 73
1 2 82 74
1 3 92 28
5 5 23 11
5 2 52 51
3 3 60 58
3 3 6 75
6 6 76 12
5 2 21 29
1 2 35 62
1 2 58 98
5 5 92 47
6 2 37 99
4 4 53 59
5 3 76 27
5 2 60 39
4 8 59 97
5 9 22 47
5 2 27 53
1 3 84 94
6 4 32 42
3 3 58 80
4 3 62 29
4 2 56 18
4 2 50 94
2 3 18 40
2 2 74 71
6 2 76 7
1 2 82 82
6 2 90 59
3 3 31 69
4 2 85 29
4 8 32 55
5 2 88 81
6 4 19 60
4 2 18 35
5 2 16 95
4 2 60 90
2 2 11 77
2 2 46 61
5 2 10 92
5 3 63 61
3 4 21 24
1 5 21 19
5 2 86 64
1 7 39 96
6 3 32 3
6 2 71 68
4 2 83 64
3 3 86 65
3 6 11 86
3 4 77 27
3 2 96 56
5 2 11 32
5 2 48 95
2 3 69 96
6 2 50 36
2 7 31 9
5 5 60 60
1 3 14 57
1 2 68 73
5 2 35 45
5 2 65 22
1 2 8 66
1 2 32 2
2 2 62 68
1 4 85 14
2 2 6 29
2 2 24 83
2 2 28 4
5 4 36 30
6 4 26 58
2 4 37 49
3 3 39 31
4 2 27 67
4 2 93 88
2 2 51 11
4 2 9 82
6 2 41 85
2 2 43 8
5 2 75 36
2 2 26 32
4 2 82 37
6 2 24 64
5 6 70 59
1 4 13 47
1 7 39 54
2 4 76 35
6 2 74 45
5 6 26 20
3 5 84 82
1 2 53 73
3 7 83 35
3 7 74 12
2 4 28 62
3 3 77 51
6 2 73 79
6 3 80 47
1 3 75 21
4 3 88 57
5 2 25 52
3 3 87 91
3 2 69 2
4 2 20 77
4 3 76 13
4 2 45 93
4 2 19 68
6 2 25 11
3 2 53 45
5 3 5 77
6 2 13 76
4 2 14 35
4 6 42 53
4 2 45 45
3 2 74 21
4 2 29 21
4 3 27 76
1 2 15 10
4 2 32 6
4 2 28 85
6 2 30 61
3 2 64 21
6 5 3 95
3 2 55 57
5 2 37 62
5 2 61 24
5 4 58 24
2 4 1 26
3 4 44 15
5 3 33 53
5 5 92 80
3 2 56 88
1 3 60 58
2 4 29 21
1 2 16 36
5 2 44 97
6 4 48 26
2 2 35 83
5 2 62 81
2 3 19 93
4 4 20 23
1 2 79 27
5 4 13 48
5 4 51 100
6 5 43 62
5 4 66 85
6 3 56 30
3 3 41 30
1 2 42 18
1 2 30 74
1 2 12 5
5 2 4 83
6 2 72 20
4 2 9 60
2 3 70 65
5 3 35 5
3 2 32 37
6 2 63 78
4 4 6 79
4 2 69 1
1 4 71 72
3 4 32 54
3 2 71 5
1 2 7 14
3 6 44 71
5 6 63 68
3 5 62 73
4 2 62 18
6 2 18 39
3 2 50 84
2 3 36 81
2 4 64 60
1 4 51 37
3 4 82 49
6 6 78 67
3 3 65 40
6 3 64 40
2 3 19 69
2 3 19 34
5 3 83 39
5 2 64 1
6 2 2 76
2 3 73 56
5 3 52 41
5 2 31 29
3 2 8 13
5 2 71 100
2 6 71 68
3 2 15 9
2 3 47 6
6 3 12 10
1 3 90 55
6 4 30 94
5 2 29 83
6 2 67 57
6 2 88 55
3 2 29 37
5 5 60 26
4 2 83 14
1 9 8 43
5 4 56 11
4 2 36 11
1 9 54 60
4 2 58 67
1 5 79 93
5 3 31 79
4 5 22 49
4 2 17 73
4 3 28 25
1 2 28 69
5 3 2 11
1 4 17 3
3 3 19 52
4 2 7 84
1 4 58 77
3 5 76 73
4 2 49 55
4 2 88 30
4 4 65 83
6 4 8 70
5 2 26 72
2 4 43 80
2 11 67 87
2 2 58 60
5 4 78 55
2 4 54 86
2 2 57 31
1 4 67 70
1 5 31 78
3 2 83 95
6 2 38 40
6 3 54 53
6 2 35 75
5 2 53 63
1 2 57 23
1 2 34 31
3 2 79 5
5 10 31 39
4 5 51 12
6 5 11 57
5 2 76 48
3 6 70 72
2 2 80 60
5 3 59 9
1 2 11 93
6 2 61 69
4 2 19 74
3 4 29 9
5 2 89 1
2 2 32 76
6 2 75 95
4 2 66 75
3 4 66 92
1 3 63 15
2 3 29 28
4 3 3 93
2 5 61 39
5 4 36 97
1 2 77 41
4 2 66 64
3 4 24 58
1 2 14 42
5 3 29 19
5 2 78 13
4 2 59 39
5 4 59 46
1 4 30 96
1 4 23 52
5 2 24 80
5 11 13 61
4 2 36 1
1 6 40 94
6 7 46 54
2 9 5 53
2 3 53 59
1 2 27 84
3 4 26 47
6 6 19 12
3 2 71 30
3 4 7 31
1 2 38 14
5 2 5 25
5 8 42 24
6 2 9 83
1 2 15 78
2 2 16 83
6 4 15 74
6 8 4 58
6 2 65 3
3 4 79 44
2 3 60 21
6 2 8 28
4 3 68 53
5 2 81 34
3 2 11 34
5 5 17 33
3 2 76 38
2 2 24 95
6 3 65 69
5 2 37 80
3 3 6 98
3 2 3 27
5 2 64 28
2 3 16 26
4 5 46 15
5 3 74 95
4 3 47 33
5 2 63 75
3 2 21 37
2 3 30 25
6 4 76 91
3 3 42 80
2 2 50 84
3 5 28 66
2 3 14 59
4 2 19 12
3 2 60 32
6 4 65 86
6 2 15 17
2 2 68 87
4 6 2 9
1 3 3 1
6 3 65 26
5 2 78 82
5 2 17 90
2 4 15 99
2 3 60 87
5 4 10 44
4 4 56 48
5 2 79 22
3 2 25 61
5 2 69 40
1 5 74 37
5 2 45 17
5 2 40 54
1 3 22 29
4 2 34 40
6 4 7 2
3 2 45 11
5 7 59 89
3 2 42 82
4 3 38 13
1 8 59 48
5 3 33 14
1 2 65 21
3 2 9 22
4 3 14 23
4 2 35 20
2 2 51 5
5 2 31 49
4 10 56 93
3 2 17 30
3 3 84 23
4 2 70 53
5 2 41 42
1 2 32 14
3 2 40 52
1 2 17 88
2 4 56 83
1 2 53 51
5 3 16 78
6 2 30 83
6 2 41 14
3 4 44 44
6 2 22 1
2 4 14 14
1 4 38 37
1 8 7 39
5 3 79 90
2 2 34 58
6 2 63 65
2 4 73 37
3 2 81 17
2 2 3 91
4 9 9 29
4 4 28 89
1 3 59 24
5 2 32 53
2 2 70 39
1 3 36 92
6 3 68 26
3 3 85 78
2 2 39 48
4 5 32 92
1 3 2 13
2 3 46 46
4 3 14 80
3 3 24 19
3 3 51 59
5 3 11 67
2 2 1 40
2 3 81 17
2 2 57 7
5 3 39 86
2 2 76 3
3 7 35 69
6 4 12 28
2 3 2 7
2 7 41 71
6 3 65 93
5 4 30 54
4 3 6 96
1 3 9 69
1 2 40 81
3 2 80 63
6 2 15 69
4 2 31 58
3 4 24 53
5 2 42 60
2 2 13 67
4 5 37 59
1 4 50 25
4 5 73 23
5 5 64 5
1 2 13 17
5 3 71 36
4 3 47 1
3 3 57 88
2 3 70 57
4 2 54 41
3 2 67 55
1 4 8 33
2 2 70 92
6 7 51 78
5 2 67 86
5 5 77 40
3 5 32 56
3 3 16 30
5 2 20 78
5 3 44 29
6 2 55 5
5 3 46 25
6 3 12 37
3 3 9 58
1 5 60 91
2 3 17 8
1 5 49 3
5 2 37 58
3 3 78 99
5 2 35 91
5 2 39 57
2 3 60 23
4 2 18 24
2 4 72 87
4 3 18 41
4 5 36 23
6 4 49 28
3 2 20 33
6 2 56 3
5 7 15 13
5 9 73 16
3 2 7 79
1 4 51 90
2 3 66 41
4 3 59 55
3 6 30 65
3 3 45 5
1 4 6 86
6 2 56 67
2 4 32 83
3 2 74 66
1 2 3 92
1 2 63 4
1 5 64 27
1 2 20 80
1 2 78 79
5 2 21 36
6 4 18 88
4 2 44 44
2 11 70 45
3 4 59 43
1 2 31 41
5 2 20 83
5 4 15 72
6 3 39 87
2 2 33 20
6 3 66 61
5 3 39 84
1 2 25 42
2 3 9 80
6 4 5 8
5 3 9 18
2 2 57 63
1 3 20 39
3 2 29 7
1 2 47 46
1 3 30 65
3 3 69 67
3 2 2 68
4 5 56 9
1 2 66 100
3 4 8 62
1 3 24 27
5 2 20 24
6 3 28 8
5 3 27 18
6 3 36 8
4 2 17 25
4 2 66 80
3 5 8 13
6 2 57 6
4 2 36 94
6 2 32 63
1 3 8 56
6 5 47 12
1 3 66 78
2 3 8 13
3 3 50 92
4 4 8 72
3 2 14 88
2 4 14 28
5 4 43 68
1 3 70 31
5 2 12 67
3 2 74 69
3 2 38 37
5 3 19 85
1 5 26 45
3 5 8 81
4 3 52 84
5 3 48 92
3 2 31 84
3 2 55 24
6 6 12 94
3 3 55 97
5 3 69 9
6 4 12 80
1 2 72 35
1 3 17 25
1 6 35 57
3 2 27 26
1 2 42 27
5 3 26 88
4 2 66 73
1 2 56 9
5 7 68 19
4 2 25 30
6 5 80 1
1 3 59 47
5 2 42 96
1 3 24 2
1 2 68 42
3 3 29 86
4 2 64 69
1 3 16 12
6 4 22 23
4 2 26 42
2 2 61 98
6 3 75 96
2 2 59 4
3 2 10 67
3 4 8 53
5 3 6 67
3 3 1 4
1 2 14 25
6 3 24 78
1 6 48 59
6 5 64 21
4 3 53 78
1 2 22 46
5 6 6 70
3 3 43 80
2 2 24 30
5 2 17 46
6 3 28 3
2 2 36 23
5 2 5 86
1 6 44 11
1 3 35 42
3 2 30 69
4 2 38 5
4 4 65 76
6 3 56 21
1 2 52 40
2 4 36 68
5 5 16 37
6 2 16 78
3 6 59 25
4 3 64 51
1 2 2 49
3 2 23 79
6 5 36 83
4 4 36 48
3 2 32 19
4 2 75 19
6 3 58 74
6 2 27 96
1 4 6 25
4 3 41 53
1 3 30 78
4 3 8 17
4 2 7 88
6 4 38 48
2 2 23 23
6 2 22 27
3 3 5 29
6 5 56 41
5 2 1 42
5 3 66 80
6 4 50 72
2 3 59 33
3 4 64 13
5 3 8 56
1 2 7 95
6 5 39 81
5 7 46 73
2 2 81 8
5 2 32 82
6 3 14 66
6 5 38 61
3 2 27 41
6 2 48 42
6 3 24 8
2 5 12 18
5 2 12 19
2 3 30 99
5 2 74 7
1 3 26 93
3 3 69 81
1 3 42 98
3 6 39 88
4 4 13 51
3 2 37 81
6 8 16 46
5 6 51 2
2 2 51 15
5 2 36 4
1 2 47 99
2 4 45 79
2 3 42 42
2 4 7 28
1 6 76 33
1 2 5 90
6 2 54 67
2 2 69 60
3 7 8 18
5 6 5 6
3 2 60 43
5 2 60 34
2 6 23 55
6 3 25 67
5 2 58 64
3 3 32 88
2 3 64 51
5 2 79 100
3 4 44 79
1 3 4 14
6 2 20 25
3 2 7 70
2 4 36 84
6 3 21 97
1 2 13 76
4 3 6 33
3 2 16 16
5 5 66 71
5 2 70 55
3 2 28 94
3 2 19 35
5 2 56 73
1 3 30 82
1 2 63 67
1 2 44 27
2 2 15 78
3 2 80 89
2 5 9 68
3 2 49 8
5 2 2 49
3 3 5 92
3 2 40 69
2 2 37 63
2 2 26 38
4 3 67 89
5 5 9 57
6 8 9 72
3 2 74 31
3 3 33 40
4 2 65 92
1 2 35 23
1 2 56 67
5 7 32 95
4 2 15 66
5 2 31 16
2 3 77 100
1 3 55 14
2 6 5 75
4 4 26 45
5 2 68 43
5 3 45 63
4 2 5 71
6 3 59 26
4 3 47 95
6 3 35 23
1 2 7 3
1 2 40 16
5 3 26 25
5 2 61 4
6 5 64 84
5 2 32 65
2 4 49 5
6 3 62 13
6 4 68 17
2 2 8 62
5 2 26 64
5 3 57 95
6 4 5 56
1 3 16 54
6 2 21 19
3 4 61 12
4 6 8 11
5 5 2 1
4 4 60 18
2 2 66 47
5 2 7 85
3 9 48 5
2 2 10 93
4 4 10 7
1 10 38 77
2 5 60 71
6 2 27 77
4 3 54 7
5 2 75 32
5 3 37 91
1 2 8 74
4 3 56 5
4 5 34 2
1 3 38 54
1 3 28 67
6 2 22 86
2 3 52 14
6 4 30 79
2 2 24 64
3 2 32 30
4 3 13 58
6 3 46 6
2 2 41 60
4 5 55 36
1 7 60 21
3 2 7 55
3 4 44 27
3 2 18 8
4 3 64 6
1 2 36 32
4 2 37 54
4 2 75 34
1 2 36 18
2 3 16 33
6 2 71 85
4 2 13 87
4 2 48 46
5 2 73 16
5 2 9 100
5 2 34 94
1 2 44 96
2 2 60 37
2 2 3 55
5 2 4 3
4 3 57 16
2 2 69 15
4 7 26 63
2 2 40 38
3 3 11 26
3 2 50 35
1 5 52 4
3 3 38 48
5 2 29 2
2 5 45 44
3 2 15 70
6 2 22 88
1 6 14 94
1 2 66 16
1 3 27 28
3 2 21 28
1 3 70 99
4 11 10 19
2 4 41 38
6 2 22 6
3 2 60 29
5 2 54 41
4 3 38 32
6 6 8 44
3 6 15 76
4 2 19 17
2 7 66 86
4 2 71 65
4 6 9 99
2 6 56 83
5 3 50 54
1 2 15 39
4 4 62 94
3 2 10 47
5 6 62 29
3 2 49 69
5 3 25 81
6 2 13 29
6 4 22 73
6 2 38 20
6 5 57 55
4 2 58 10
4 4 56 99
5 2 67 51
4 3 24 67
6 2 25 24
4 5 44 100
6 2 49 5
2 2 47 53
4 2 45 71
1 5 7 62
3 2 52 86
1 2 54 31
1 2 66 56
4 2 8 21
5 2 25 48
1 2 46 84
2 2 39 25
4 2 11 60
1 2 3 81
6 2 23 69
3 2 69 44
4 3 59 9
3 3 62 89
4 8 6 56
4 4 19 69
1 2 11 87
3 4 65 76
3 4 20 3
1 8 40 39
1 3 38 86
5 2 16 32
5 2 45 18
4 2 37 80
4 9 63 4
1 2 45 51
3 5 38 25
2 4 40 14
3 4 42 18
2 9 22 79
4 2 13 59
3 2 17 97
5 2 65 93
6 4 14 61
2 3 54 2
4 2 16 51
5 2 50 23
5 3 29 24
2 2 39 28
3 4 53 82
2 2 59 38
6 5 15 25
3 3 17 92
1 2 21 40
5 9 45 38
3 2 23 15
6 4 12 84
3 3 10 19
2 2 51 94
4 3 48 100
4 3 65 98
1 4 55 36
6 3 49 78
1 2 17 8
4 3 55 80
2 3 42 35
2 2 67 76
1 2 56 95
1 3 28 21
4 2 64 64
1 2 22 48
1 3 42 93
1 2 17 51
6 2 38 60
2 5 25 64
1 3 52 51
2 2 44 35
6 7 41 46
3 4 53 66
3 2 3 51
3 2 42 26
1 2 19 82
2 4 13 12
2 2 50 80
3 7 15 96
4 3 58 3
3 2 20 78
5 3 5 100
5 3 13 85
4 2 30 8
3 2 49 30
1 5 45 21
5 3 35 10
3 2 20 39
5 2 22 2
3 3 39 98
3 3 48 1
2 4 14 66
6 6 34 74
5 3 47 30
4 2 2 64
2 2 28 85
6 2 36 87
2 2 64 22
2 2 17 91
1 2 17 65
4 2 62 84
4 2 47 53
4 3 45 43
2 2 32 19
1 3 58 72
4 2 34 21
4 4 5 30
1 3 36 90
5 2 70 9
5 5 22 73
1 7 21 92
5 5 8 96
4 4 17 28
2 4 11 76
1 3 28 6
5 5 52 97
6 2 20 38
5 3 46 53
3 2 38 67
6 5 5 86
1 3 13 74
4 2 29 7
3 4 1 36
3 2 41 48
4 4 33 59
1 2 57 12
6 2 14 17
3 3 11 13
6 2 52 52
4 2 65 65
5 2 29 72
2 5 38 75
6 3 39 57
3 3 53 76
2 2 22 76
1 2 30 83
6 2 29 77
3 5 52 93
1 2 8 23
2 2 5 57
5 2 54 16
3 2 23 63
1 5 38 64
2 3 29 19
2 3 31 69
1 5 39 76
3 2 73 70
1 3 21 64
3 3 28 62
6 3 42 88
1 8 21 54
1 3 35 14
1 4 22 79
4 2 13 14
5 3 38 5
4 2 5 56
6 2 34 2
2 4 3 43
2 3 26 31
5 2 11 99
5 4 6 44
6 2 3 81
4 3 19 4
4 2 19 32
1 3 56 64
3 7 25 45
4 3 45 25
1 5 3 61
4 2 59 10
3 4 17 41
2 2 45 18
6 2 52 98
2 2 51 93
2 3 24 67
4 2 16 25
1 3 29 81
1 2 45 30
5 2 24 4
2 3 44 80
1 2 48 90
4 3 22 76
2 2 66 34
2 2 44 37
5 2 49 66
6 3 22 19
2 4 60 66
3 2 60 9
2 2 65 75
4 7 39 72
4 2 57 17
5 2 25 53
2 2 32 75
4 3 27 77
5 2 36 58
4 3 38 69
3 2 32 12
1 3 26 61
4 3 10 25
5 2 10 2
6 4 26 19
6 2 25 43
6 2 17 91
6 2 53 80
5 2 14 19
4 3 26 67
3 4 57 85
1 4 40 27
1 2 46 86
6 4 52 46
1 2 5 81
4 2 59 79
4 3 37 60
6 3 12 41
5 3 53 75
6 2 39 26
5 4 17 43
4 4 30 83
5 2 51 64
3 3 36 76
6 7 30 49
2 3 4 100
5 2 41 72
4 2 11 66
5 2 52 69
2 2 15 10
1 2 49 93
5 3 21 80
4 3 25 17
4 3 67 89
6 3 27 6
4 2 46 97
5 3 23 100
2 2 28 30
5 4 41 59
4 3 55 48
3 2 42 16
6 2 16 42
5 3 18 77
4 2 31 61
4 6 43 56
3 4 40 45
3 3 33 90
3 2 58 90
5 3 40 21
1 2 10 97
2 13 10 8
3 4 54 59
3 8 12 41
6 2 56 35
4 2 29 28
2 4 5 45
5 7 32 22
2 2 6 15
2 3 37 85
5 2 57 83
2 4 50 95
3 6 17 96
4 4 41 49
5 4 22 64
2 3 42 25
1 2 30 7
1 2 24 96
1 5 15 86
4 3 29 72
2 5 30 97
3 7 7 71
5 2 36 32
5 9 43 42
5 3 23 22
6 2 31 44
2 3 47 62
6 7 2 91
5 3 14 62
6 6 37 4
1 3 47 43
3 2 34 83
3 3 19 18
6 5 20 87
1 4 41 94
6 3 55 78
5 2 48 70
6 3 28 42
2 3 9 71
3 3 22 96
5 3 64 36
2 2 48 76
4 4 36 20
4 3 35 39
5 2 51 60
6 2 31 33
2 2 19 92
1 12 27 30
6 8 52 35
6 2 48 47
4 2 65 62
3 2 7 12
2 2 53 75
5 2 17 8
4 3 41 30
5 3 11 14
3 2 63 8
6 2 35 48
6 3 64 8
1 3 22 61
5 3 43 25
6 2 40 48
6 2 50 14
4 3 22 46
5 2 49 9
1 2 9 8
6 3 9 87
3 2 54 92
3 2 27 100
4 2 20 86
3 2 36 72
3 4 7 22
3 5 31 97
4 4 60 8
2 2 37 30
2 2 56 35
4 2 30 95
6 2 22 72
1 3 35 98
6 3 56 37
2 3 29 22
2 2 40 82
5 2 22 74
5 5 13 75
2 3 34 73
2 3 21 45
4 9 27 84
3 3 59 36
2 5 23 88
1 2 15 28
3 3 14 84
4 8 44 92
1 5 48 89
4 2 58 63
4 8 9 46
2 6 53 63
5 3 35 84
6 2 32 76
3 4 46 78
5 3 9 65
6 5 49 54
4 2 45 86
3 2 4 39
1 4 41 34
4 5 37 23
2 2 21 2
3 2 39 55
4 5 11 38
6 2 39 9
4 3 44 58
2 3 9 89
6 4 6 98
6 4 18 55
5 4 54 100
1 2 34 33
3 4 20 38
4 2 2 53
6 3 17 12
6 3 57 44
2 3 31 52
3 2 35 34
3 3 23 55
3 2 43 91
4 3 36 4
3 2 58 6
5 3 21 55
3 10 49 34
3 4 52 70
4 2 24 37
3 2 18 91
6 2 53 100
4 2 15 36
5 2 48 38
1 2 5 79
5 4 45 68
6 3 48 30
3 3 3 62
5 2 7 57
4 5 3 38
5 4 41 20
1 2 35 91
1 2 3 41
3 2 49 17
1 3 57 65
3 5 4 97
1 3 46 10
3 2 6 47
1 2 8 70
3 2 37 11
5 2 45 5
1 2 31 47
5 2 52 56
1 2 49 91
6 2 6 32
1 2 57 89
3 3 35 19
1 2 28 3
2 3 19 65
3 2 22 59
1 2 28 62
6 2 54 66
6 2 8 68
6 3 22 28
6 4 32 46
3 2 46 97
2 4 33 67
3 3 45 38
6 4 39 52
2 2 39 5
6 3 18 65
3 4 9 77
2 2 15 84
1 3 47 95
5 3 15 24
5 2 46 92
1 4 27 60
5 4 26 9
5 2 57 32
5 3 28 28
3 2 33 84
6 2 42 64
4 2 37 11
5 2 36 66
2 4 43 53
5 2 32 47
2 2 21 73
5 3 34 94
3 2 7 49
6 3 29 89
3 4 26 76
1 14 8 29
4 2 7 14
5 2 24 40
2 2 1 44
1 4 22 47
5 2 20 9
2 3 39 97
3 4 32 32
5 3 28 13
2 2 33 22
6 3 35 100
3 2 18 86
3 2 25 26
3 2 2 72
1 2 44 47
3 2 8 70
6 3 33 7
6 4 55 1
2 5 10 53
4 2 20 63
6 2 41 25
4 2 29 46
3 5 23 67
6 4 45 63
1 3 38 45
6 2 8 85
2 5 35 33
2 5 3 77
4 3 40 24
1 4 13 43
1 5 43 100
4 2 15 55
3 4 17 27
5 6 28 46
4 2 34 98
2 3 36 11
3 4 31 4
4 2 15 86
2 3 18 32
6 3 45 73
5 2 37 45
5 2 2 11
2 2 3 26
4 3 21 14
2 2 35 55
1 2 14 86
4 4 16 79
6 2 8 19
2 4 6 47
4 4 40 37
5 2 17 78
4 2 47 84
3 2 57 36
6 5 17 54
6 2 35 77
1 2 7 27
3 3 12 2
3 2 7 36
5 2 47 75
2 4 12 43
2 7 32 96
4 3 27 99
6 4 33 21
2 4 20 63
5 2 38 48
5 3 42 49
2 5 34 40
2 4 35 92
4 4 6 69
3 5 3 4
4 2 9 85
2 3 15 96
2 2 9 77
6 2 39 42
2 2 4 94
4 3 4 52
5 2 56 17
1 3 31 18
5 2 47 2
1 2 53 1
5 2 33 14
2 2 23 53
1 2 36 66
5 2 39 56
2 3 42 78
5 2 41 78
4 4 19 55
2 3 31 37
1 4 25 70
6 2 27 98
5 2 46 43
5 2 25 100
1 2 33 70
3 2 6 88
2 5 6 59
4 2 22 19
4 4 10 72
6 5 8 58
1 3 7 90
1 2 52 70
1 3 29 78
1 2 16 87
6 2 13 32
2 2 40 13
6 5 47 70
4 2 24 64
6 2 39 34
1 2 49 81
5 3 34 77
4 5 18 73
4 3 11 85
3 2 3 74
6 2 31 47
2 5 25 8
2 3 42 9
2 3 51 23
6 2 40 55
6 3 17 6
4 3 39 43
5 5 18 20
2 3 39 94
4 2 25 34
2 2 7 37
4 2 8 40
6 3 33 55
4 3 22 61
1 2 1 47
1 2 26 36
6 3 25 37
6 2 15 51
6 2 19 96
4 2 12 53
3 2 2 42
6 2 8 63
1 9 19 19
2 2 9 86
6 2 18 82
2 2 15 60
1 2 18 46
6 2 5 74
3 3 27 43
6 4 12 47
1 3 25 1
6 3 21 55
6 4 10 55
1 4 33 76
6 3 29 97
2 4 16 18
6 2 44 41
6 4 22 67
3 3 4 33
3 2 43 27
6 2 27 32
2 3 40 32
1 2 32 71
3 7 25 17
4 2 6 98
5 2 16 52
4 2 14 39
5 2 40 88
5 2 15 64
3 3 34 92
6 4 21 64
4 3 37 87
6 4 12 65
5 7 17 39
1 3 40 29
4 2 10 43
4 2 2 41
3 3 15 11
5 2 32 92
3 3 26 54
4 4 32 48
6 3 53 8
2 2 60 89
2 2 12 40
4 2 33 5
6 2 17 62
2 2 35 16
5 2 21 27
3 3 14 23
1 2 42 37
6 2 23 16
4 4 11 5
1 5 42 6
2 3 15 58
5 2 33 66
5 7 40 37
4 2 39 64
3 12 39 11
5 4 47 52
6 2 15 84
4 2 7 85
4 3 36 47
6 3 40 80
1 2 52 14
5 2 46 85
4 10 40 13
6 3 30 78
1 2 1 37
6 2 50 69
1 2 12 60
1 3 38 22
4 2 25 43
1 6 2 43
4 4 40 52
5 2 58 88
2 5 5 16
2 3 53 57
4 2 35 45
3 7 31 94
2 2 40 23
5 2 48 65
3 9 22 60
2 3 17 20
4 3 27 65
1 2 14 63
4 4 44 88
1 2 43 1
3 4 19 4
1 3 43 82
1 3 41 33
5 2 13 59
1 2 21 41
2 3 38 23
6 6 33 66
3 4 5 57
4 2 17 97
3 5 17 73
3 2 35 73
3 3 7 100
3 2 11 63
2 2 26 100
6 2 19 27
2 4 40 40
6 4 23 34
6 2 46 91
6 2 35 47
3 6 44 34
5 7 6 35
5 2 2 79
2 2 23 63
2 2 17 84
2 4 10 55
2 5 36 99
6 3 47 2
4 2 11 34
4 2 30 39
6 2 6 41
1 16 18 30
2 2 51 31
5 2 23 57
6 4 42 90
5 2 7 40
2 2 22 75
4 3 33 65
2 3 38 99
5 2 6 22
1 3 31 97
5 3 18 11
6 2 19 33
2 2 21 44
4 2 39 31
3 2 37 69
5 3 41 31
2 2 28 76
6 2 12 56
1 5 38 31
2 2 37 21
1 4 7 14
6 2 45 84
4 3 9 9
3 6 38 75
4 3 33 26
3 2 26 21
2 2 25 20
2 2 3 35
4 2 14 33
2 2 51 24
1 2 39 94
2 2 22 15
5 2 22 83
4 2 7 88
1 2 30 99
5 2 22 44
3 5 9 85
2 4 21 46
1 3 8 81
3 3 23 19
5 3 40 14
6 2 9 32
5 2 49 7
1 3 29 91
1 2 18 88
2 2 6 54
4 2 30 48
5 2 27 7
6 2 19 90
2 2 27 8
2 6 6 73
3 2 16 27
3 2 45 12
3 2 37 14
6 4 17 42
6 4 4 56
1 3 34 42
6 3 20 81
6 2 18 41
6 2 13 4
1 2 12 96
6 4 17 87
3 2 25 41
6 2 12 15
4 4 5 18
5 2 1 31
3 2 14 20
1 2 1 10
2 5 13 62
4 3 46 70
5 3 29 37
5 10 26 79
4 2 24 48
6 2 41 51
5 2 29 83
4 4 21 85
6 2 38 95
2 2 47 2
3 4 39 36
3 4 44 1
1 2 16 44
4 2 23 25
5 2 45 58
2 2 20 15
6 4 37 10
2 2 41 56
3 3 35 33
2 3 5 81
3 5 32 95
6 4 28 70
5 2 17 29
2 2 25 98
1 2 19 80
5 2 12 49
2 2 14 97
2 2 23 28
2 2 33 100
6 2 23 7
2 2 6 23
6 4 11 91
3 3 18 26
4 2 31 18
2 2 48 33
1 2 7 44
4 5 42 79
5 3 18 66
4 2 25 92
5 2 27 58
5 2 17 15
4 9 30 93
6 2 37 20
6 2 5 35
2 2 45 88
3 2 5 8
6 2 6 21
3 2 7 31
4 2 22 47
2 4 32 33
1 3 8 88
6 3 19 73
3 3 8 64
1 2 31 88
3 2 32 79
5 2 18 3
6 2 19 45
4 4 5 53
6 4 21 21
1 4 18 23
1 3 6 40
5 6 22 39
3 2 14 71
1 2 43 62
4 4 16 29
5 3 24 84
5 4 9 53
5 2 25 9
1 2 47 24
4 3 6 38
3 3 28 63
6 2 14 18
3 2 4 51
3 7 16 53
3 2 9 7
1 2 16 66
6 2 18 49
6 3 36 85
6 4 3 34
6 2 31 29
5 3 25 79
3 4 40 57
1 3 31 7
4 2 21 69
4 3 30 8
3 4 36 61
4 2 8 94
5 2 22 54
2 3 1 49
1 5 4 33
4 3 40 62
2 2 34 26
3 3 30 35
6 2 7 22
2 3 28 28
4 2 39 36
4 3 41 68
2 2 17 90
6 2 18 65
3 2 30 3
3 2 41 11
6 2 32 13
1 2 4 18
3 2 32 83
6 2 41 62
4 5 6 7
5 3 5 37
1 2 12 52
2 2 38 51
2 2 15 13
6 3 5 15
6 2 34 83
1 5 2 96
6 3 39 52
3 2 15 41
6 2 47 90
6 5 33 24
5 2 35 27
1 6 30 52
5 6 23 96
4 2 10 37
4 3 10 97
3 4 2 41
5 3 27 34
3 3 28 29
4 3 3 42
3 2 13 7
3 2 26 33
6 3 7 52
5 3 17 30
2 3 39 81
2 2 21 59
2 3 27 84
4 5 7 28
4 4 21 18
5 2 37 54
2 2 18 41
3 2 34 25
4 4 24 20
1 9 11 37
6 4 5 38
5 2 16 75
6 5 26 91
6 2 15 67
4 2 5 74
6 2 12 90
4 3 23 43
2 2 38 85
2 2 4 90
3 2 2 79
2 2 37 75
6 3 19 71
1 2 5 1
1 2 37 84
6 2 31 84
1 3 27 8
6 2 21 2
3 3 17 90
6 3 42 58
4 6 32 1
2 3 14 93
6 2 29 25
4 2 15 43
4 3 33 67
4 2 36 56
6 3 25 80
6 2 5 76
2 2 22 19
1 3 7 83
1 4 3 9
5 3 10 61
6 3 27 77
1 2 10 85
1 2 8 26
6 5 33 72
3 8 20 7
6 3 11 17
1 3 31 60
3 2 20 82
6 3 21 88
6 2 5 4
3 3 24 30
5 4 26 46
1 5 5 21
6 4 31 17
1 2 7 30
4 4 24 9
3 2 19 40
5 2 13 26
3 2 24 14
4 2 18 7
3 3 29 88
5 2 18 46
5 2 1 23
1 4 39 83
1 3 33 56
5 2 21 79
2 3 23 53
2 2 24 93
2 3 13 33
6 2 34 59
4 2 18 10
3 2 17 32
6 2 13 38
1 2 7 15
6 2 41 6
6 3 9 46
4 2 41 23
6 2 38 98
5 3 33 95
2 2 45 6
6 2 29 5
2 2 35 35
4 2 24 88
1 3 15 55
1 4 39 14
1 3 38 56
3 3 1 31
2 6 25 27
1 2 32 60
4 3 26 77
5 2 25 99
6 2 11 16
1 5 31 7
1 3 25 21
3 2 21 91
1 8 25 31
3 2 25 42
3 3 26 62
2 2 33 7
1 5 34 62
5 2 12 84
2 3 15 38
4 3 34 89
5 3 16 24
4 2 12 89
4 2 14 45
4 2 18 33
1 2 18 66
4 2 12 34
4 3 12 65
4 3 13 64
5 2 20 5
3 3 7 96
1 2 17 84
6 2 2 51
2 2 26 99
3 2 11 4
2 3 25 8
1 2 25 38
5 3 28 80
6 2 1 30
2 7 22 61
6 2 31 15
6 2 5 66
6 2 3 22
2 2 18 86
3 6 9 60
4 2 10 35
6 5 2 5
3 3 15 81
1 2 20 48
1 2 23 44
1 3 27 18
3 4 29 80
1 4 24 9
6 2 18 34
1 5 20 22
5 2 29 82
5 3 42 70
6 5 28 68
6 2 30 33
5 2 6 16
6 2 39 24
3 2 10 92
4 2 16 96
5 4 26 15
2 3 7 58
2 4 8 26
6 2 8 36
2 2 16 32
3 2 28 4
6 5 19 42
3 2 30 88
1 5 15 91
3 2 10 79
3 3 6 6
5 6 17 84
5 2 27 31
6 2 36 71
4 3 21 27
3 2 30 22
6 4 24 58
1 2 20 54
4 2 25 14
6 4 5 70
5 2 24 71
1 5 6 100
1 2 21 85
6 3 21 16
5 3 23 43
5 2 34 81
6 2 6 2
5 2 14 51
1 3 27 78
4 2 21 41
4 3 7 42
5 2 37 7
6 3 27 37
3 2 23 9
2 2 22 12
3 3 6 17
1 2 12 58
4 5 19 46
1 2 36 1
4 3 31 71
1 4 18 10
3 6 26 13
1 2 13 61
2 2 29 90
1 3 27 38
5 5 20 67
5 6 27 77
2 5 10 41
4 2 7 42
3 2 14 66
4 2 19 22
2 2 39 12
2 2 23 92
6 2 41 20
6 4 6 43
1 2 28 15
3 2 27 79
5 2 27 2
5 5 5 16
4 2 25 16
6 5 24 62
3 2 17 15
2 4 1 31
5 2 21 88
5 2 28 45
1 2 23 57
1 5 22 38
5 2 6 7
5 3 5 29
3 2 3 33
2 2 22 40
4 2 21 78
2 2 23 30
2 4 22 25
4 2 20 85
4 3 32 88
5 4 10 59
1 2 4 26
2 2 5 6
4 3 16 2
6 3 10 97
3 3 27 24
5 3 33 83
2 2 32 4
6 3 42 74
5 2 34 2
3 2 29 71
6 3 33 10
6 2 26 31
6 2 11 3
6 2 46 89
3 2 26 19
2 2 33 74
2 2 31 62
3 3 3 4
4 3 33 70
1 2 7 16
2 2 28 49
5 2 4 24
5 2 18 40
5 2 36 35
2 3 27 9
2 2 21 37
4 6 25 79
5 3 26 69
1 2 23 76
2 2 2 31
6 3 22 82
4 2 22 62
1 3 22 93
4 2 13 86
3 3 11 99
2 2 6 64
3 2 23 39
5 3 33 94
1 4 24 1
1 2 14 39
2 3 32 15
4 2 9 8
6 2 11 13
2 10 11 23
6 2 9 94
5 2 9 20
6 2 30 69
3 2 17 11
4 4 14 96
5 3 12 86
4 2 35 1
1 2 25 79
6 2 38 100
4 2 18 96
1 2 31 34
3 2 10 49
3 4 26 49
5 2 4 98
6 2 22 35
4 3 30 59
2 2 3 41
6 2 8 32
5 2 12 94
3 3 25 83
2 2 6 88
6 2 17 32
2 2 12 86
4 4 19 87
5 2 4 76
4 2 4 8
2 2 13 74
1 2 26 1
5 2 26 88
2 2 12 44
4 3 21 21
5 2 19 30
2 2 3 46
1 2 3 66
3 2 25 1
6 3 16 8
6 3 32 100
5 2 6 29
2 2 19 27
3 7 17 25
1 2 3 23
4 2 2 33
5 4 15 39
5 3 20 63
6 3 9 24
3 4 4 82
2 6 9 9
3 2 16 77
5 2 9 16
4 6 7 61
3 6 16 2
5 2 7 4
2 4 27 92
1 2 25 36
2 2 23 52
2 2 17 48
2 2 9 26
4 3 30 51
3 3 22 19
4 5 20 7
4 3 11 33
2 2 12 96
2 10 17 81
3 2 19 94
3 2 27 2
6 3 22 79
6 2 29 59
4 3 6 79
4 2 35 12
2 2 12 60
5 3 18 34
5 2 36 19
5 4 28 11
6 4 4 27
3 4 22 7
4 2 12 18
3 3 26 55
3 2 18 31
5 2 4 73
5 2 15 78
4 2 30 84
3 3 12 21
4 6 13 37
1 2 2 88
3 2 19 7
3 2 19 15
6 2 18 8
4 6 7 16
2 5 14 42
5 4 8 56
4 3 19 100
1 2 5 62
5 3 13 31
5 3 8 31
2 3 11 31
5 8 26 65
4 2 24 75
2 3 24 31
3 2 35 70
3 3 23 74
3 5 13 13
3 6 28 51
4 2 11 99
5 2 3 71
6 2 16 26
5 6 8 79
2 2 10 70
6 6 10 26
6 2 3 75
3 3 19 48
2 3 31 14
1 3 8 56
6 3 7 61
2 3 8 45
3 3 11 31
2 2 18 56
2 2 6 14
3 2 11 53
3 4 26 99
6 3 23 20
4 2 6 4
6 2 15 91
4 2 2 3
6 3 15 42
4 3 8 61
2 2 6 45
2 3 12 4
2 2 23 65
1 3 6 40
4 4 23 39
3 4 6 92
1 3 25 63
4 4 14 66
3 2 30 88
3 4 2 55
2 3 27 88
2 4 12 27
1 3 10 63
3 2 23 67
5 3 24 53
4 3 4 59
5 2 15 30
4 2 9 68
6 2 5 63
2 5 3 8
2 3 17 43
6 2 16 11
4 5 4 5
2 3 7 19
1 2 16 4
6 2 5 90
3 3 18 61
6 5 18 48
4 2 23 52
3 2 24 57
3 7 8 15
5 5 11 11
5 4 8 90
6 2 31 19
1 2 25 67
1 3 8 93
3 4 6 42
5 5 5 90
1 3 16 45
2 2 26 59
4 4 23 15
1 3 9 7
1 3 9 61
2 3 24 68
6 4 12 3
5 3 2 33
3 2 1 43
3 3 17 38
1 2 9 3
5 3 13 73
3 2 19 77
2 2 18 92
1 5 7 69
6 3 9 19
3 4 21 81
1 2 10 94
6 3 14 47
6 3 2 26
1 2 21 71
5 4 17 71
1 2 16 74
2 3 11 14
5 4 28 58
4 2 18 30
2 3 19 5
1 2 17 26
4 3 2 35
1 2 9 81
5 2 5 63
6 2 12 48
1 4 18 70
6 3 27 74
2 4 4 36
6 2 20 90
5 2 22 96
2 2 12 48
6 4 9 30
6 2 20 92
5 5 19 27
6 3 10 81
1 2 2 75
1 2 10 78
3 3 6 68
4 2 19 60
3 3 19 57
1 7 5 5
1 2 5 2
4 2 14 88
4 3 5 2
2 2 7 39
2 2 25 100
4 2 4 90
2 4 3 4
4 3 12 9
1 2 16 48
4 2 8 90
5 4 12 96
4 4 7 98
3 2 19 93
1 2 4 70
2 2 8 33
5 2 6 34
3 3 12 16
5 2 11 12
2 5 12 54
4 3 15 49
5 2 15 95
1 4 26 58
1 3 11 15
5 2 8 13
1 2 21 68
3 2 5 9
3 3 16 83
2 2 5 54
5 3 15 93
1 4 17 84
1 2 6 95
4 3 8 38
1 2 14 25
3 2 24 51
6 2 8 15
1 2 15 38
4 2 32 35
5 3 10 42
5 2 27 46
2 3 7 80
4 3 7 5
1 2 19 99
3 2 19 93
2 2 15 69
3 2 6 81
5 2 24 14
2 6 14 8
4 3 16 44
3 4 12 24
5 2 27 59
1 2 12 53
4 3 16 7
6 2 8 79
4 3 16 53
3 2 12 41
1 3 19 84
6 3 18 9
5 2 24 58
1 2 3 45
2 2 10 36
5 3 6 9
4 2 13 97
6 2 21 31
6 2 21 94
4 6 2 76
4 2 27 19
2 2 7 59
6 2 7 10
3 3 6 72
3 2 8 82
2 2 19 14
2 7 10 2
4 2 12 64
2 2 3 62
3 2 3 62
4 3 25 85
4 2 4 41
4 2 29 51
2 2 18 23
5 5 18 23
1 3 21 74
3 3 19 81
5 3 12 11
6 5 3 4
4 2 20 33
2 2 14 34
4 2 10 20
1 2 7 15
2 2 24 58
6 4 5 10
2 2 27 65
1 2 12 7
4 8 19 55
5 2 25 89
4 3 6 14
5 2 18 62
2 2 6 55
6 2 7 28
3 2 4 95
6 2 9 4
1 3 4 92
5 2 11 90
1 2 17 32
5 2 11 2
5 4 20 87
4 2 8 58
2 6 21 71
4 2 19 89
3 3 7 4
2 2 13 100
2 5 23 70
6 2 3 79
2 2 15 83
4 2 15 84
4 2 19 83
5 3 29 51
1 2 23 65
1 2 13 45
2 2 3 69
3 7 19 52
6 3 14 3
5 2 4 44
3 2 16 95
3 2 6 66
2 2 6 30
5 2 19 20
5 2 15 6
5 2 14 2
6 2 27 64
6 3 21 100
4 2 5 91
3 2 18 86
3 2 3 74
5 2 15 64
6 3 7 65
6 3 20 72
1 3 13 53
6 2 5 38
1 4 25 23
1 2 18 94
2 2 16 100
4 4 5 32
6 3 19 33
1 2 26 12
3 3 19 71
5 2 13 74
6 2 15 98
1 2 19 92
2 2 18 80
3 2 27 85
6 3 12 85
4 2 15 39
1 3 7 21
3 2 8 5
4 3 16 96
4 2 5 52
2 2 24 69
5 2 22 72
4 2 8 76
3 9 4 40
4 2 2 89
2 2 4 3
4 4 8 25
6 4 10 89
3 3 16 65
3 3 9 96
5 4 14 86
6 3 13 7
2 2 17 27
3 2 14 43
4 4 6 64
4 3 19 73
1 7 14 51
2 7 14 1
5 2 18 82
1 2 13 9
2 3 13 25
6 4 5 75
1 2 19 32
3 2 15 9
1 3 13 12
1 2 21 51
2 3 16 65
4 3 2 39
6 2 17 86
4 3 13 11
3 2 1 8
2 2 8 78
3 2 7 93
6 3 16 53
3 2 11 53
4 2 23 95
3 3 4 100
1 4 12 72
3 3 17 68
1 3 17 59
5 2 16 91
3 3 18 64
4 2 14 23
4 2 26 98
6 3 14 10
5 2 14 23
1 2 9 37
6 2 24 87
5 4 4 27
3 2 18 44
2 4 18 59
1 6 5 32
5 2 4 76
5 2 18 47
4 2 19 71
3 2 10 88
6 2 9 14
5 2 24 98
6 2 16 72
5 5 5 59
2 2 23 95
6 2 8 75
6 3 14 13
6 4 21 23
5 2 10 36
1 4 3 37
6 2 17 45
1 2 18 88
5 2 7 63
3 4 13 66
4 3 10 53
3 2 16 99
5 4 4 53
2 3 2 98
6 2 4 54
5 2 15 14
6 2 2 64
2 2 13 51
1 2 16 14
3 3 8 9
4 3 17 21
2 2 12 6
4 3 8 14
2 2 15 94
6 3 12 58
1 4 3 58
6 5 11 75
1 2 9 3
6 2 13 93
6 4 7 34
2 2 4 63
5 4 16 56
2 2 8 56
6 3 17 24
3 2 4 3
6 2 18 51
1 2 13 14
1 4 2 2
6 2 6 41
4 2 13 33
5 3 19 11
4 2 7 78
4 6 14 92
6 2 1 35
6 2 19 27
2 2 4 67
3 2 8 72
2 3 7 17
2 2 16 1
5 3 10 60
6 6 7 56
6 3 12 45
3 8 3 37
5 3 2 41
1 2 2 55
2 3 6 29
3 3 2 89
5 2 26 11
5 5 18 99
2 2 11 24
3 3 21 18
1 2 10 28
5 2 13 64
5 2 17 69
6 10 17 68
5 2 16 66
3 3 6 57
3 3 17 11
4 2 4 74
2 2 4 36
3 4 12 14
3 2 15 16
1 2 14 46
6 3 13 51
3 2 22 89
4 3 26 82
2 2 8 35
4 3 5 96
1 2 9 35
6 4 3 6
3 2 1 36
5 3 1 37
4 3 17 70
6 4 11 94
3 3 11 98
1 2 5 34
4 2 21 89
3 5 6 28
1 2 7 82
6 2 16 63
1 3 4 16
4 2 6 88
1 2 4 26
6 2 3 90
2 3 7 72
4 3 4 94
2 3 8 18
4 3 15 70
4 3 8 60
3 2 13 89
2 3 7 17
3 2 15 95
3 2 18 91
2 4 17 84
3 2 5 22
5 4 5 93
3 7 3 70
5 2 11 71
6 3 2 37
5 2 7 99
5 2 3 35
5 4 2 70
2 2 3 96
1 5 8 74
6 2 6 4
2 4 11 10
6 2 3 40
6 4 15 19
1 6 9 11
5 2 18 23
6 4 14 84
4 2 8 52
3 4 12 77
4 2 9 77
4 2 13 62
4 3 6 92
3 3 12 44
2 2 16 65
6 2 5 95
4 3 5 47
4 2 13 51
5 2 12 73
5 2 2 5
5 4 6 66
5 10 5 5
6 2 12 75
3 2 10 58
6 3 3 72
4 3 9 10
5 6 8 54
1 2 4 97
1 2 4 76
2 4 2 40
5 4 7 15
2 4 7 90
4 2 5 23
6 2 12 1
4 3 6 27
6 2 12 89
5 3 6 82
3 4 18 82
3 8 5 77
2 2 14 88
6 4 5 18
4 2 7 68
5 3 17 85
2 3 8 88
5 3 4 77
4 2 13 54
2 3 12 73
1 5 11 73
1 3 9 26
5 2 12 44
1 2 7 21
3 2 4 34
5 3 4 97
4 4 5 71
3 3 11 45
2 2 21 47
4 5 11 30
4 5 3 4
2 5 2 2
3 2 17 99
6 4 9 30
3 5 6 63
3 2 8 75
5 4 3 74
1 3 5 89
2 2 14 7
1 3 6 17
1 2 4 46
1 2 11 43
2 3 5 9
5 2 2 2
4 3 8 11
1 6 10 65
6 2 3 35
4 3 14 99
3 3 4 47
5 2 2 9
4 2 6 27
1 2 1 40
6 2 3 39
1 2 10 81
3 3 13 79
1 2 17 85
5 2 7 28
1 2 5 63
6 2 4 88
3 2 9 74
1 2 13 99
3 2 10 67
1 2 18 36
6 3 3 97
3 2 13 62
3 2 7 72
2 4 10 47
6 2 3 69
1 5 7 75
2 2 5 40
3 3 17 32
4 2 13 45
5 2 9 99
5 4 4 68
5 2 6 8
6 2 12 47
4 2 3 40
1 2 12 67
6 3 4 13
1 3 10 70
4 3 5 75
1 2 5 67
2 4 6 72
6 2 3 74
5 2 3 47
5 2 10 82
1 2 7 1
5 3 6 30
5 2 6 23
3 4 3 5
6 3 9 60
5 2 8 15
6 2 10 11
2 2 5 52
4 2 13 62
3 3 2 45
1 2 4 70
2 2 11 26
1 3 2 69
2 3 10 47
2 2 13 92
6 2 7 52
1 2 14 6
4 2 2 2
6 4 1 43
5 5 6 71
6 10 9 23
3 3 15 86
2 2 4 99
5 2 3 35
6 2 2 53
3 3 11 19
2 3 8 67
4 2 9 25
1 2 7 89
6 4 8 15
3 2 10 74
3 4 6 18
4 2 9 11
3 2 11 84
3 2 4 47
1 4 11 19
4 2 11 48
3 2 1 25
3 2 10 7
4 2 14 55
4 2 5 70
6 3 14 32
4 3 3 74
3 2 6 91
6 2 9 15
6 2 7 68
5 2 14 31
3 2 8 100
2 2 10 19
2 3 10 56
6 2 16 57
5 2 5 21
6 3 12 56
3 3 11 30
6 3 3 67
1 2 9 39
2 2 9 33
3 4 10 56
2 2 7 20
4 3 6 55
6 2 18 82
4 2 11 79
5 2 9 62
5 6 6 21
3 4 12 83
3 3 3 35
1 5 6 14
1 2 18 100
2 3 9 62
1 3 7 94
3 2 2 97
4 2 13 56
5 3 8 39
3 3 8 60
4 3 2 38
6 2 7 36
3 4 2 55
2 2 17 49
5 2 5 62
6 4 4 71
4 5 9 23
4 4 6 21
5 3 10 29
6 2 12 51
2 2 1 24
1 3 7 56
2 2 2 1
6 3 4 62
2 2 9 11
4 2 1 42
2 4 3 56
2 2 7 51
1 4 1 35
1 6 2 71
6 3 6 81
6 3 8 26
6 3 6 95
1 7 10 90
1 2 3 97
3 3 3 5
4 2 2 45
2 2 10 95
5 2 8 34
5 2 8 66
2 2 9 90
6 2 10 88
5 4 7 26
4 2 6 80
3 3 7 21
5 3 6 23
6 2 2 34
3 2 5 8
3 2 10 54
3 2 3 29
3 2 12 47
1 2 12 80
5 2 5 80
5 2 7 48
6 2 3 94
5 3 9 95
2 2 4 66
2 3 4 13
6 2 11 91
3 2 3 66
5 4 10 17
6 2 3 53
6 5 9 80
1 3 11 85
4 3 6 36
4 2 4 99
6 5 9 47
2 2 2 72
2 3 5 28
5 2 7 8
4 2 8 43
4 4 2 72
3 2 6 64
4 2 5 13
6 5 8 100
6 4 7 60
2 2 18 82
3 6 5 61
5 2 5 75
5 2 6 43
4 2 3 83
2 2 2 78
2 2 5 75
2 3 4 60
2 2 12 20
5 3 1 47
2 2 7 79
3 5 12 57
3 2 6 51
5 2 12 84
4 2 5 75
6 2 4 26
2 3 3 95
5 2 2 88
6 2 2 14
5 2 17 49
6 2 4 79
2 2 3 84
5 2 3 66
1 2 7 20
5 3 7 79
6 2 6 93
5 2 9 10
3 2 5 81
2 3 9 45
5 3 2 73
3 2 5 29
3 2 3 68
6 2 3 57
4 3 2 35
4 2 3 65
3 3 2 14
1 2 16 48
4 3 3 94
4 2 11 86
2 4 11 83
1 2 11 20
2 2 1 38
4 2 5 31
3 3 3 56
4 2 5 95
5 4 4 36
1 3 6 78
3 4 6 46
2 2 3 56
1 2 3 74
4 2 9 31
6 2 8 85
1 2 6 80
1 2 5 29
5 2 4 83
3 2 1 36
1 2 12 33
1 3 2 64
3 2 2 45
5 2 6 52
2 3 5 55
5 2 7 100
2 2 13 86
2 2 4 30
5 2 10 91
6 2 4 44
1 2 7 56
6 2 11 83
4 2 14 82
5 2 1 27
4 2 14 100
4 3 8 91
4 4 4 63
3 2 15 20
3 2 5 56
4 3 5 64
5 2 8 18
6 6 4 30
5 2 2 97
3 2 2 88
5 2 6 20
4 2 5 80
5 3 5 32
1 2 5 80
5 2 3 28
5 2 2 90
3 2 5 84
5 2 4 89
1 5 14 87
2 2 11 20
3 2 5 65
3 2 2 96
4 2 6 56
2 2 2 14
5 2 13 100
6 2 7 7
1 3 6 44
1 2 4 97
3 3 3 90
4 3 11 87
6 2 3 25
3 2 6 85
4 2 13 58
4 2 4 45
2 2 3 77
6 2 2 45
5 2 7 7
3 2 4 86
3 2 3 26
4 2 2 11
5 2 7 82
1 2 8 15
4 4 2 24
5 2 4 11
6 2 9 19
4 2 9 17
6 2 9 85
1 3 6 9
1 3 2 27
6 2 4 22
1 2 4 10
5 2 1 23
6 2 7 19
2 2 7 80
1 2 4 36
2 2 2 26
1 2 3 47
3 2 13 48
3 3 2 24
2 2 8 17
2 3 4 80
6 3 3 92
1 2 3 26
2 2 5 16
3 2 7 85
3 3 4 79
5 3 13 49
5 2 3 45
4 2 3 9
1 2 5 80
2 2 5 51
3 2 4 90
6 2 8 16
6 2 6 36
3 2 3 97
5 2 4 79
6 2 9 16
1 4 7 98
2 2 6 17
3 2 9 87
4 2 7 20
2 3 3 11
3 2 5 12
4 2 5 98
3 2 2 75
3 3 6 35
6 2 2 12
3 2 7 99
3 2 11 49
2 3 4 97
3 2 1 12
4 2 9 82
1 2 8 99
3 2 8 34
5 2 5 58
4 2 5 47
5 3 2 13
1 2 5 12
1 2 5 58
6 2 4 13
3 3 4 58
6 2 13 49
4 3 7 99
4 2 7 39
1 2 9 39
5 2 8 32
5 2 9 87
5 2 6 57
3 2 10 39
6 2 8 33
1 2 8 86
2 2 8 39
3 2 5 93
4 2 3 86
2 2 4 13
6 2 6 99
2 2 4 57
2 3 7 32
5 3 3 85
4 2 3 75
1 2 4 84
2 2 2 87
5 2 3 88
2 2 3 89
4 2 2 88
5 2 8 91
5 2 7 33
1 2 3 87
5 2 3 90
3 2 8 92
4 2 3 12
